序号,发送->接收,接收->转发,转发->接收,接收->处理,总计
2,8,16,18,16,58
3,16,34,15,19,84
4,0,34,15,19,68
5,31,19,15,18,83
7,34,18,17,18,87
8,15,18,17,18,68
9,18,35,15,18,86
11,18,33,16,14,81
12,15,18,16,14,63
13,82,34,19,15,150
14,64,34,19,15,132
16,118,21,45,18,202
17,99,21,45,18,183
20,50,21,45,18,134
21,31,21,45,18,115
22,16,21,45,18,100
23,21,30,33,17,101
24,45,18,17,15,95
25,34,18,17,15,84
26,33,32,19,14,98
27,18,32,19,14,83
30,19,14,37,15,85
31,14,37,15,18,84
33,19,33,267,13,332
35,0,18,267,13,298
36,16,14,237,13,280
39,32,15,170,13,230
40,18,15,170,13,216
41,15,34,136,13,198
42,34,34,102,13,183
43,15,34,102,13,164
44,34,34,68,13,149
45,17,34,68,13,132
46,18,16,68,13,115
47,16,31,37,13,97
48,48,20,13,17,98
49,34,20,13,17,84
50,17,20,13,17,67
52,0,30,18,15,63
53,0,17,18,15,50
55,33,19,15,16,83
56,18,19,15,16,68
57,19,31,34,14,98
58,0,31,34,14,79
59,31,19,14,18,82
61,19,32,19,15,85
64,0,34,32,17,83
66,32,35,17,16,100
67,31,18,17,16,82
68,17,18,17,16,68
70,33,35,114,19,201
71,32,19,114,19,184
73,19,31,83,19,152
74,31,34,49,19,133
75,15,34,49,19,117
76,0,34,49,19,102
77,34,15,15,19,83
78,19,15,15,19,68
80,0,34,17,16,67
81,19,33,16,16,84
83,16,32,185,17,250
86,19,14,152,17,202
87,14,34,118,17,183
89,15,32,86,17,150
90,100,35,83,15,233
91,83,35,83,15,216
92,68,35,83,15,201
94,34,35,83,15,167
95,16,35,83,15,149
97,17,30,53,15,115
100,19,15,34,16,84
101,15,34,16,19,84
102,19,15,16,19,69
103,15,35,316,15,381
106,15,16,285,15,331
107,16,33,252,15,316
108,33,36,216,15,300
109,33,18,216,15,282
110,36,31,185,15,267
111,151,34,49,15,249
112,133,34,49,15,231
115,86,34,49,15,184
117,49,34,49,15,147
118,34,34,49,15,132
119,83,31,17,18,149
120,83,15,17,18,133
121,83,35,34,15,167
123,49,35,34,15,133
127,18,34,50,18,120
128,15,19,50,18,102
129,19,31,19,18,87
130,50,18,13,18,99
131,35,18,13,18,84
132,19,18,13,18,68
133,83,33,15,19,150
135,85,34,16,15,150
136,67,34,16,15,132
137,52,34,16,15,117
138,83,15,102,5,205
140,50,15,102,5,172
141,35,15,102,5,157
142,16,15,102,5,138
143,33,84,5,29,151
144,18,84,5,29,136
146,34,31,19,16,100
151,169,31,36,14,250
152,150,31,36,14,231
153,134,31,36,14,215
154,119,31,36,14,200
156,84,31,36,14,165
157,87,14,36,14,151
158,68,14,36,14,132
159,114,17,16,16,163
161,81,17,16,16,130
162,64,17,16,16,113
163,50,17,16,16,99
164,31,17,16,16,80
165,14,17,16,16,63
166,0,17,16,16,49
167,0,32,36,18,86
169,36,33,82,19,170
170,19,33,82,19,153
171,33,31,51,19,134
172,15,31,51,19,116
173,17,14,51,19,101
175,18,16,36,14,84
176,16,36,14,17,83
177,0,36,14,17,67
181,85,17,17,19,138
182,68,17,17,19,121
183,52,17,17,19,105
185,19,17,17,19,72
186,17,36,231,15,299
189,45,18,168,15,246
190,33,18,168,15,234
191,15,18,168,15,216
192,102,14,70,15,201
193,84,14,70,15,183
194,68,14,70,15,167
196,35,14,70,15,134
198,14,34,36,15,99
199,0,34,36,15,85
201,17,19,15,18,69
203,15,18,16,18,67
204,0,18,16,18,52
205,34,31,19,14,98
206,18,31,19,14,82
207,16,15,19,14,64
208,15,33,16,18,82
209,83,16,22,31,152
210,80,22,12,19,133
211,66,22,12,19,119
212,151,34,200,15,400
214,117,34,200,15,366
216,79,34,200,15,328
220,32,18,200,15,265
221,34,34,166,15,249
223,34,34,132,15,215
224,18,34,132,15,199
225,0,34,132,15,181
226,18,33,99,15,165
228,19,33,66,15,133
229,15,18,66,15,114
231,115,17,16,19,167
232,100,17,16,19,152
234,64,17,16,19,116
235,49,17,16,19,101
237,17,17,16,19,69
239,16,19,32,16,83
241,32,32,15,20,99
242,16,32,15,20,83
243,16,16,15,20,67
245,15,20,50,16,101
246,20,31,19,16,86
247,16,15,19,16,66
249,19,16,84,18,137
251,16,19,134,17,186
254,65,20,34,17,136
255,47,20,34,17,118
256,31,20,34,17,102
257,13,20,34,17,84
258,20,34,48,18,120
260,36,12,19,18,85
263,19,18,14,19,70
264,18,33,16,15,82
265,0,33,16,15,64
267,0,31,18,18,67
269,36,34,13,17,100
270,52,30,21,30,133
271,34,30,21,30,115
272,21,30,21,30,102
274,38,46,19,15,118
277,18,16,19,15,68
278,69,16,15,16,116
280,34,16,15,16,81
281,19,16,15,16,66
282,31,16,16,18,81
283,15,16,16,18,65
284,16,34,17,18,85
285,16,18,17,18,69
289,32,32,19,15,98
290,16,32,19,15,82
293,34,34,15,18,101
294,82,32,17,18,149
295,67,32,17,18,134
296,50,32,17,18,117
297,33,32,17,18,100
298,18,32,17,18,85
299,19,13,17,18,67
301,17,18,34,16,85
302,18,34,33,15,100
303,18,16,33,15,82
306,82,34,33,16,165
309,32,34,33,16,115
310,83,36,82,17,218
311,67,36,82,17,202
312,50,36,82,17,185
313,33,36,82,17,168
314,14,36,82,17,149
315,16,20,82,17,135
318,17,31,18,17,83
319,200,34,932,16,1182
320,184,34,932,16,1166
321,169,34,932,16,1151
322,151,34,932,16,1133
324,116,34,932,16,1098
325,120,17,932,16,1085
326,102,17,932,16,1067
327,86,17,932,16,1051
328,67,17,932,16,1032
329,53,17,932,16,1018
331,83,17,866,16,982
333,49,17,866,16,948
334,81,33,802,16,932
335,64,33,802,16,915
337,82,17,767,16,882
339,85,16,734,16,851
343,17,16,734,16,783
344,81,37,680,18,816
345,65,37,680,18,800
346,49,37,680,18,784
347,33,37,680,18,768
348,35,18,680,18,751
350,18,33,647,18,716
351,81,19,580,18,698
354,32,19,580,18,649
355,18,19,580,18,635
358,18,33,515,18,584
360,16,33,482,18,549
362,30,19,448,18,515
365,16,16,416,18,466
366,0,16,416,18,450
367,33,35,348,18,434
369,0,35,348,18,401
372,18,32,281,18,349
373,32,32,249,18,331
374,18,32,249,18,317
375,65,36,180,18,299
376,49,36,180,18,283
377,33,36,180,18,267
378,15,36,180,18,249
381,13,20,147,18,198
382,20,31,116,18,185
385,0,34,82,18,134
386,84,31,52,13,180
390,32,18,52,13,115
393,0,33,19,13,65
394,15,32,33,22,102
397,33,22,12,18,85
398,38,47,32,19,136
401,18,17,32,19,86
402,34,15,19,16,84
403,17,15,19,16,67
404,15,35,16,15,81
405,101,36,48,17,202
406,82,36,48,17,183
407,66,36,48,17,167
409,35,36,48,17,136
410,18,36,48,17,119
412,20,30,18,17,85
413,15,15,18,17,65
415,18,17,17,16,68
416,81,35,52,15,183
417,64,35,52,15,166
418,98,17,19,15,149
419,82,17,19,15,133
420,66,17,19,15,117
421,51,17,19,15,102
422,31,17,19,15,82
424,17,34,31,19,101
425,19,15,31,19,84
427,16,15,34,17,82
429,19,15,134,19,187
430,15,36,98,19,168
431,17,19,98,19,153
433,15,18,65,19,117
434,34,15,34,19,102
435,31,34,35,15,115
437,84,16,20,15,135
438,68,16,20,15,119
439,50,16,20,15,101
442,16,35,15,16,82
444,30,16,18,18,82
445,83,16,118,15,232
446,68,16,118,15,217
447,52,16,118,15,201
448,119,30,19,15,183
450,85,30,19,15,149
451,69,30,19,15,133
453,35,30,19,15,99
456,36,15,36,13,100
457,19,15,36,13,83
460,19,29,37,15,100
461,13,16,37,15,81
462,53,31,17,16,117
463,37,31,17,16,101
464,19,31,17,16,83
467,17,16,18,18,69
468,16,36,49,16,117
469,0,36,49,16,101
470,18,31,18,16,83
471,49,16,35,15,115
472,33,16,35,15,99
473,18,16,35,15,84
474,16,35,31,20,102
475,35,31,33,18,117
476,19,31,33,18,101
477,15,16,33,18,82
478,16,33,33,20,102
479,86,15,17,18,136
480,66,15,17,18,116
482,35,15,17,18,85
483,20,15,17,18,70
484,81,33,21,34,169
485,84,15,21,34,154
486,67,15,21,34,137
488,34,15,21,34,104
490,15,21,14,20,70
492,147,32,152,16,347
493,133,32,152,16,333
494,113,32,152,16,313
495,98,32,152,16,298
497,65,32,152,16,265
499,35,32,152,16,235
500,16,32,152,16,216
502,69,15,84,16,184
503,53,15,84,16,168
504,36,15,84,16,151
506,82,33,15,20,150
508,51,33,15,20,119
509,32,33,15,20,100
511,17,16,15,20,68
514,35,18,48,19,120
515,15,18,48,19,100
516,34,16,16,19,85
517,16,16,16,19,67
518,16,35,31,18,100
519,35,31,18,16,100
523,34,35,31,17,117
524,16,35,31,17,99
525,19,16,31,17,83
526,16,31,17,19,83
527,15,16,17,19,67
528,16,36,16,17,85
529,0,36,16,17,69
531,16,17,32,15,80
532,17,32,15,17,81
533,16,16,15,17,64
534,16,32,18,15,81
536,0,17,18,15,50
538,15,35,16,18,84
539,20,15,16,18,69
541,16,18,16,17,67
542,34,17,83,17,151
544,17,32,51,17,117
545,16,16,51,17,100
546,16,37,179,17,249
548,17,31,148,17,213
552,17,34,80,17,148
553,17,17,80,17,131
554,17,30,50,17,114
555,116,17,115,16,264
556,101,17,115,16,249
558,69,17,115,16,217
559,50,17,115,16,198
560,168,16,18,17,219
563,115,16,18,17,166
565,83,16,18,17,134
566,66,16,18,17,117
567,51,16,18,17,102
568,34,16,18,17,85
569,18,16,18,17,69
570,16,35,34,17,102
571,35,34,34,18,121
574,17,34,18,30,99
575,52,45,20,16,133
576,35,45,20,16,116
577,18,45,20,16,99
578,0,45,20,16,81
579,17,15,20,16,68
581,20,16,16,18,70
582,32,18,16,15,81
583,16,18,16,15,65
584,34,15,86,11,146
587,16,18,85,13,132
588,18,19,66,13,116
589,0,19,66,13,98
590,129,19,33,16,197
591,117,19,33,16,185
594,63,19,33,16,131
595,50,19,33,16,118
596,31,19,33,16,99
597,16,19,33,16,84
598,0,19,33,16,68
599,33,33,15,19,100
600,17,33,15,19,84
601,33,34,84,15,166
603,15,19,84,15,133
604,103,15,15,20,153
605,84,15,15,20,134
606,69,15,15,20,119
607,49,15,15,20,99
608,34,15,15,20,84
609,18,15,15,20,68
610,50,34,33,15,132
612,20,34,33,15,102
613,0,34,33,15,82
614,19,33,34,16,102
615,33,34,16,15,98
616,18,34,16,15,83
619,31,34,15,16,96
620,49,31,36,17,133
622,19,31,36,17,103
624,16,36,17,15,84
626,18,32,17,18,85
627,0,32,17,18,67
628,15,35,31,19,100
630,18,31,19,15,83
631,31,34,17,17,99
632,83,34,17,15,149
633,83,19,17,15,134
636,32,19,17,15,83
638,19,32,152,16,219
639,17,15,152,16,200
640,68,15,84,16,183
641,53,15,84,16,168
642,34,15,84,16,149
643,34,34,50,16,134
645,15,19,50,16,100
646,33,19,17,16,85
647,14,19,17,16,66
649,83,15,18,15,131
650,66,15,18,15,114
653,19,15,18,15,67
655,0,33,19,15,67
656,117,35,31,19,202
658,83,35,31,19,168
660,48,35,31,19,133
661,34,35,31,19,119
662,19,35,31,19,104
666,85,31,85,15,216
667,69,31,85,15,200
668,50,31,85,15,181
669,151,15,17,16,199
672,100,15,17,16,148
674,84,33,18,15,150
676,49,33,18,15,115
677,34,33,18,15,100
678,32,16,18,15,81
679,17,16,18,15,66
680,148,36,15,18,217
684,79,36,15,18,148
686,47,36,15,18,116
687,31,36,15,18,100
688,32,20,15,18,85
690,0,20,15,18,53
691,83,15,186,15,299
692,68,15,186,15,284
693,50,15,186,15,266
694,33,15,186,15,249
695,46,20,151,15,232
698,20,31,120,15,186
699,31,36,84,15,166
700,35,17,84,15,151
701,19,17,84,15,135
702,17,34,50,15,116
703,15,19,50,15,99
705,15,15,35,18,83
707,20,15,18,15,68
708,15,33,0,13,61
709,33,33,16,19,101
710,15,33,16,19,83
714,19,30,20,15,84
717,101,36,15,15,167
718,81,36,15,15,147
719,82,20,15,15,132
720,66,20,15,15,116
721,47,20,15,15,97
722,31,20,15,15,81
723,36,30,34,19,119
724,20,30,34,19,103
725,0,30,34,19,83
726,15,34,19,16,84
728,118,31,53,30,232
729,104,31,53,30,218
730,85,31,53,30,199
731,69,31,53,30,183
732,50,31,53,30,164
734,20,31,53,30,134
735,31,32,21,30,114
737,0,32,21,30,83
738,148,36,32,16,232
739,133,36,32,16,217
741,100,36,32,16,184
742,82,36,32,16,166
743,119,15,16,16,166
744,100,15,16,16,147
745,85,15,16,16,132
746,68,15,16,16,115
747,53,15,16,16,100
748,33,15,16,16,80
749,17,15,16,16,64
751,16,16,36,14,82
753,16,20,14,16,66
754,102,17,83,18,220
755,82,17,83,18,200
757,52,17,83,18,170
758,48,36,47,18,149
759,33,36,47,18,134
760,17,36,47,18,118
761,0,36,47,18,101
762,119,31,18,17,185
764,85,31,18,17,151
766,51,31,18,17,117
768,20,31,18,17,86
769,14,17,18,17,66
770,35,17,15,19,86
771,18,17,15,19,69
772,32,19,82,16,149
774,35,16,50,16,117
776,16,32,34,17,99
777,18,14,34,17,83
778,14,34,86,17,151
779,18,16,86,17,137
780,16,35,51,17,119
783,0,34,17,17,68
784,81,34,50,16,181
785,64,34,50,16,164
786,47,34,50,16,147
787,48,16,50,16,130
788,35,16,50,16,117
789,18,16,50,16,100
790,147,35,19,16,217
791,131,35,19,16,201
793,96,35,19,16,166
794,81,35,19,16,151
795,84,16,19,16,135
796,65,16,19,16,116
797,50,16,19,16,101
798,34,16,19,16,85
800,101,16,15,19,151
801,85,16,15,19,135
803,50,16,15,19,100
804,35,16,15,19,85
805,17,16,15,19,67
806,31,19,16,19,85
808,19,35,146,19,219
809,35,29,202,16,282
810,34,14,202,16,266
812,14,35,167,16,232
814,82,35,116,18,251
816,51,35,116,18,220
817,32,35,116,18,201
818,149,36,34,15,234
819,133,36,34,15,218
820,117,36,34,15,202
822,82,36,34,15,167
823,84,18,34,15,151
825,50,18,34,15,117
826,34,18,34,15,101
827,18,18,34,15,85
828,18,34,15,16,83
830,19,31,16,18,84
831,15,16,16,18,65
832,0,16,16,18,50
833,16,18,15,19,68
836,19,34,81,19,153
837,15,19,81,19,134
839,15,19,47,19,100
840,34,15,17,19,85
843,17,19,16,15,67
844,19,31,16,16,82
845,47,16,18,17,98
847,16,16,18,17,67
848,16,35,18,15,84
850,17,33,35,16,101
851,68,37,82,29,216
852,50,37,82,29,198
854,17,37,82,29,165
855,16,21,82,29,148
858,19,33,20,29,101
859,17,16,20,29,82
860,16,20,13,16,65
861,20,46,35,15,116
862,13,33,35,15,96
863,33,35,117,14,199
864,17,35,117,14,183
866,31,18,84,14,147
867,15,18,84,14,131
868,68,15,19,14,116
870,34,15,19,14,82
871,19,15,19,14,67
872,15,33,17,19,84
873,19,14,17,19,69
875,36,35,12,17,100
876,36,18,12,17,83
877,17,18,12,17,64
879,0,29,19,16,64
881,19,16,15,19,69
883,15,19,83,15,132
885,15,19,49,15,98
887,12,18,19,15,64
888,18,34,36,15,103
889,19,15,36,15,85
891,0,36,15,16,67
893,15,16,17,18,66
894,16,35,16,15,82
897,0,31,37,31,99
898,15,37,13,18,83
902,18,32,18,16,84
903,50,16,34,16,116
904,33,16,34,16,99
905,18,16,34,16,84
906,16,34,16,16,82
908,80,34,35,16,165
913,101,34,82,16,233
914,83,34,82,16,215
915,67,34,82,16,199
916,51,34,82,16,183
917,32,34,82,16,164
921,51,15,16,16,98
922,35,15,16,16,82
923,20,15,16,16,67
925,0,32,217,18,267
926,34,15,184,18,251
927,33,35,149,18,235
928,117,32,82,20,251
929,102,32,82,20,236
930,83,32,82,20,217
931,67,32,82,20,201
932,51,32,82,20,185
935,32,35,47,20,134
936,16,35,47,20,118
939,15,18,14,20,67
940,32,20,33,16,101
942,20,33,16,15,84
944,16,31,35,15,97
945,81,19,32,16,148
946,65,19,32,16,132
948,31,19,32,16,98
949,15,19,32,16,82
950,19,32,16,19,86
951,16,16,16,19,67
954,19,32,34,15,100
955,16,16,34,15,81
956,31,19,15,16,81
957,99,35,83,15,232
958,84,35,83,15,217
960,50,35,83,15,183
962,82,34,17,15,148
963,67,34,17,15,133
964,85,32,17,19,153
965,66,32,17,19,134
966,49,32,17,19,117
967,34,32,17,19,102
968,101,18,15,16,150
969,83,18,15,16,132
970,66,18,15,16,115
971,51,18,15,16,100
973,33,31,19,15,98
974,18,31,19,15,83
978,34,15,16,12,77
980,15,28,23,15,81
983,89,15,19,16,139
984,81,35,16,18,150
986,50,35,16,18,119
989,0,35,16,18,69
990,32,18,83,17,150
991,34,33,50,17,134
992,18,33,50,17,118
993,33,35,32,18,118
994,18,35,32,18,103
995,16,19,32,18,85
996,34,17,18,29,98
999,0,18,14,15,47
1001,15,20,16,16,67
1002,36,16,15,19,86
1003,16,16,15,19,66
1005,85,16,183,15,299
1006,70,16,183,15,284
1007,51,16,183,15,265
1008,35,16,183,15,249
1010,16,32,151,15,214
1012,17,34,117,15,183
1013,19,15,117,15,166
1014,15,33,84,15,147
1015,15,18,84,15,132
1016,36,16,50,15,117
1017,34,31,19,15,99
1018,16,31,19,15,81
1019,15,16,19,15,65
1020,83,36,32,16,167
1022,132,19,216,16,383
1023,117,19,216,16,368
1024,100,19,216,16,351
1025,84,19,216,16,335
1026,65,19,216,16,316
1027,48,19,216,16,299
1028,32,19,216,16,283
1029,16,19,216,16,267
1030,83,35,117,16,251
1031,64,35,117,16,232
1032,48,35,117,16,216
1033,32,35,117,16,200
1034,16,35,117,16,184
1035,86,16,50,16,168
1036,67,16,50,16,149
1037,51,16,50,16,133
1038,101,16,33,16,166
1039,85,16,33,16,150
1040,66,16,33,16,131
1041,50,16,33,16,115
1042,35,16,33,16,100
1043,84,16,118,18,236
1046,31,16,118,18,183
1048,16,35,83,18,152
1049,16,19,83,18,136
1051,17,16,50,18,101
1052,16,35,15,18,84
1053,15,20,15,18,68
1054,35,18,17,13,83
1055,33,30,17,17,97
1056,18,30,17,17,82
1057,47,17,33,18,115
1061,33,37,15,15,100
1062,17,37,15,15,84
1064,19,30,84,17,150
1066,15,37,47,17,116
1068,148,34,16,17,215
1069,129,34,16,17,196
1070,113,34,16,17,180
1071,99,34,16,17,166
1072,82,34,16,17,149
1074,47,34,16,17,114
1075,30,34,16,17,97
1076,13,34,16,17,80
1078,67,18,34,16,135
1079,50,18,34,16,118
1080,34,18,34,16,102
1082,18,34,16,18,86
1083,16,18,16,18,68
1084,34,18,48,19,119
1085,34,31,17,19,101
1086,32,17,17,19,85
1087,14,17,17,19,67
1088,17,36,33,16,102
1090,168,16,16,18,218
1094,100,16,16,18,150
1095,84,16,16,18,134
1096,67,16,16,18,117
1098,84,19,12,19,134
1101,34,19,12,19,84
1102,18,19,12,19,68
1103,100,33,34,17,184
1104,81,33,34,17,165
1105,69,33,34,17,153
1106,50,33,34,17,134
1107,34,33,34,17,118
1108,19,33,34,17,103
1109,17,16,34,17,84
1110,16,34,17,17,84
1113,34,30,17,16,97
1114,17,30,17,16,80
1115,30,33,18,17,98
1116,34,16,18,17,85
1117,17,16,18,17,68
1119,35,35,117,15,202
1120,33,19,117,15,184
1121,35,34,83,15,167
1122,19,34,83,15,151
1123,98,34,35,17,184
1124,82,34,35,17,168
1125,64,34,35,17,150
1126,85,35,80,19,219
1128,49,35,80,19,183
1129,34,35,80,19,168
1130,15,35,80,19,149
1133,17,13,50,19,99
1134,0,13,50,19,82
1135,0,35,15,19,69
1137,15,19,34,15,83
1139,0,34,15,16,65
1140,18,31,20,13,82
1142,36,13,18,17,84
1143,20,13,18,17,68
1144,13,35,17,15,80
1145,35,32,16,19,102
1146,34,15,16,19,84
1147,17,15,16,19,67
1154,15,32,34,16,97
1157,0,34,16,19,69
1158,16,35,17,15,83
1159,16,19,17,15,67
1160,36,15,19,16,86
1161,17,15,19,16,67
1164,16,32,38,27,113
1168,0,22,14,13,49
1171,19,14,52,16,101
1173,34,34,16,20,104
1176,16,36,13,19,84
1177,0,36,13,19,68
1178,86,32,34,15,167
1179,66,32,34,15,147
1180,53,32,34,15,134
1182,34,16,34,15,99
1183,16,16,34,15,81
1185,34,31,17,19,101
1187,15,16,17,19,67
1189,0,36,34,15,85
1191,16,18,15,15,64
1192,18,30,86,15,149
1193,15,15,86,15,131
1195,0,35,51,15,101
1196,15,35,16,15,81
1197,16,19,16,15,66
1198,19,31,15,19,84
1199,16,15,15,19,65
1201,117,16,19,14,166
1202,102,16,19,14,151
1203,83,16,19,14,132
1204,67,16,19,14,116
1205,48,16,19,14,97
1206,32,16,19,14,81
1208,16,33,36,16,101
1209,0,33,36,16,85
1210,14,36,31,19,100
1211,0,36,31,19,86
1213,16,15,19,15,65
1216,0,15,16,16,47
1217,16,16,86,15,133
1218,16,35,51,15,117
1219,20,15,51,15,101
1220,49,32,117,19,217
1221,34,32,117,19,202
1223,67,31,51,19,168
1224,50,31,51,19,151
1225,35,31,51,19,136
1226,16,31,51,19,117
1228,34,17,16,19,86
1229,18,17,16,19,70
1230,17,35,14,15,81
1231,16,19,14,15,64
1232,33,15,23,28,99
1233,14,15,23,28,80
1235,35,33,19,14,101
1236,147,31,20,16,214
1239,102,31,20,16,169
1240,83,31,20,16,150
1242,50,31,20,16,117
1243,34,31,20,16,101
1244,17,31,20,16,84
1245,16,15,20,16,67
1246,81,35,35,17,168
1247,66,35,35,17,153
1249,65,35,17,15,132
1250,50,35,17,15,117
1251,35,35,17,15,102
1252,15,35,17,15,82
1253,35,32,16,18,101
1257,16,18,34,15,83
1258,18,34,15,16,83
1259,87,47,17,15,166
1260,69,47,17,15,148
1263,22,47,17,15,101
1264,12,35,17,15,79
1265,16,19,17,15,67
1266,19,32,135,15,201
1267,17,15,135,15,182
1268,15,35,100,15,165
1269,15,20,100,15,150
1270,20,30,85,16,151
1273,0,35,50,16,101
1274,82,35,16,16,149
1277,31,35,16,16,98
1278,16,35,16,16,83
1281,16,16,16,18,66
1283,16,18,16,19,69
1284,18,35,16,16,85
1285,150,16,17,16,199
1286,134,16,17,16,183
1287,115,16,17,16,164
1288,99,16,17,16,148
1289,83,16,17,16,132
1293,15,16,17,16,64
1297,18,16,16,19,69
1298,83,32,19,16,150
1299,67,32,19,16,134
1300,102,16,84,15,217
1301,83,16,84,15,198
1302,67,16,84,15,182
1303,51,16,84,15,166
1304,36,16,84,15,151
1306,16,31,53,15,115
1307,132,34,68,15,249
1309,101,34,68,15,218
1310,83,34,68,15,200
1311,67,34,68,15,184
1316,16,33,35,15,99
1317,17,16,35,15,83
1318,16,35,15,19,85
1319,19,16,15,19,69
1322,0,19,82,15,116
1323,82,15,17,19,133
1325,51,15,17,19,102
1327,31,36,14,20,101
1328,15,36,14,20,85
1330,33,20,49,15,117
1331,34,29,20,15,98
1332,134,16,19,15,184
1335,85,16,19,15,135
1336,65,16,19,15,115
1337,50,16,19,15,100
1338,34,16,19,15,84
1339,16,16,19,15,66
1340,16,34,83,20,153
1341,34,35,48,20,137
1343,35,31,17,20,103
1344,35,15,17,20,87
1346,15,37,13,20,85
1347,17,20,13,20,70
1348,20,33,16,16,85
1349,13,20,16,16,65
1350,20,32,17,15,84
1352,16,32,184,18,250
1354,15,34,150,18,217
1355,82,17,85,18,202
1356,64,17,85,18,184
1357,48,17,85,18,168
1359,12,17,85,18,132
1360,37,15,50,18,120
1361,103,31,16,19,169
1362,83,31,16,19,149
1364,52,31,16,19,118
1366,34,15,16,19,84
1367,16,15,16,19,66
1368,82,32,17,18,149
1369,116,18,16,18,168
1371,81,18,16,18,133
1373,49,18,16,18,101
1374,119,31,16,19,185
1375,104,31,16,19,170
1376,87,31,16,19,153
1378,53,31,16,19,119
1379,35,31,16,19,101
1380,19,31,16,19,85
1381,12,19,16,19,66
1382,19,35,15,16,85
1384,118,33,83,17,251
1385,99,33,83,17,232
1386,84,33,83,17,217
1388,51,33,83,17,184
1389,33,33,83,17,166
1391,17,16,83,17,133
1392,16,32,51,17,116
1393,18,14,51,17,100
1394,14,33,35,16,98
1395,33,35,16,18,102
1396,14,35,16,18,83
1397,18,17,16,18,69
1398,17,34,16,18,85
1399,16,18,16,18,68
1400,18,34,13,19,84
1402,31,19,16,16,82
1403,83,15,16,22,136
1405,51,15,16,22,104
1407,19,15,16,22,72
1408,15,38,14,15,82
1409,0,38,14,15,67
1410,22,29,16,17,84
1411,14,15,16,17,62
1412,15,33,31,20,99
1413,16,17,31,20,84
1414,33,15,20,16,84
1415,16,15,20,16,67
1416,15,36,32,19,102
1418,32,16,35,16,99
1419,16,16,35,16,83
1421,35,35,130,19,219
1422,16,35,130,19,200
1423,16,19,130,19,184
1424,19,31,99,19,168
1428,19,31,33,19,102
1429,31,33,19,17,100
1430,84,32,83,17,216
1431,69,32,83,17,201
1432,52,32,83,17,184
1433,84,16,51,17,168
1434,65,16,51,17,149
1436,32,16,51,17,116
1438,35,15,82,20,152
1440,15,34,48,20,117
1441,17,17,48,20,102
1442,33,16,36,16,101
1443,84,16,16,19,135
1444,68,16,16,19,119
1446,36,16,16,19,87
1447,16,16,16,19,67
1448,16,35,16,15,82
1449,16,19,16,15,66
1451,83,15,17,16,131
1453,52,15,17,16,100
1454,35,15,17,16,83
1455,16,15,17,16,64
1456,15,33,16,16,80
1457,33,32,18,19,102
1460,16,37,50,15,118
1461,37,31,19,15,102
1462,19,31,19,15,84
1464,35,15,16,17,83
1465,19,15,16,17,67
1469,15,19,183,17,234
1471,16,16,151,17,200
1475,16,18,82,17,133
1477,0,31,51,17,99
1478,17,33,35,19,104
1480,16,35,19,15,85
1481,18,17,19,15,69
1482,17,34,16,17,84
1483,0,34,16,17,67
1484,81,32,16,20,149
1487,33,32,16,20,101
1488,100,15,34,16,165
1489,84,15,34,16,149
1490,67,15,34,16,132
1491,52,15,34,16,117
1492,36,15,34,16,101
1493,16,15,34,16,81
1494,15,34,16,20,85
1495,34,36,15,16,101
1496,15,36,15,16,82
1497,16,20,15,16,67
1499,15,16,17,15,63
1500,16,32,20,13,81
1501,82,19,16,17,134
1502,100,17,16,16,149
1503,85,17,16,16,134
1505,52,17,16,16,101
1507,16,17,16,16,65
1508,17,32,16,16,81
1509,197,36,48,20,301
1512,149,36,48,20,253
1513,133,36,48,20,237
1514,116,36,48,20,220
1515,97,36,48,20,201
1516,81,36,48,20,185
1518,49,36,48,20,153
1520,16,36,48,20,120
1521,36,32,16,20,104
1523,0,32,16,20,68
1524,15,36,49,15,115
1525,16,20,49,15,100
1526,33,20,16,15,84
1528,20,31,32,17,100
1529,16,15,32,17,80
1531,0,32,17,16,65
1533,17,16,35,18,86
1534,84,33,17,16,150
1535,68,33,17,16,134
1536,49,33,17,16,115
1538,32,16,17,16,81
1540,16,33,19,18,86
1542,53,30,118,16,217
1543,37,30,118,16,201
1544,18,30,118,16,182
1545,14,16,118,16,164
1546,16,34,84,16,150
1548,18,32,52,16,118
1549,16,16,52,16,100
1550,36,16,32,16,100
1552,16,32,16,19,83
1553,32,35,82,16,165
1554,67,16,50,16,149
1556,35,16,50,16,117
1557,16,16,50,16,98
1558,16,34,16,16,82
1560,32,16,42,24,114
1561,32,42,8,16,98
1563,234,34,16,19,303
1564,218,34,16,19,287
1565,192,34,16,19,261
1566,184,34,16,19,253
1568,151,34,16,19,220
1569,133,34,16,19,202
1570,116,34,16,19,185
1571,101,34,16,19,170
1572,83,34,16,19,152
1573,67,34,16,19,136
1576,16,34,16,19,85
1579,35,31,83,19,168
1582,19,35,48,19,121
1583,35,33,34,16,118
1585,0,33,34,16,83
1586,33,19,16,15,83
1590,15,32,17,17,81
1591,32,34,218,14,298
1592,15,34,218,14,281
1593,34,21,197,14,266
1596,16,31,150,14,211
1597,31,34,116,14,195
1600,19,32,84,14,149
1601,0,32,84,14,130
1603,16,16,52,14,98
1604,16,37,15,14,82
1606,48,34,20,16,118
1607,29,34,20,16,99
1608,14,34,20,16,84
1609,86,15,52,16,169
1611,52,15,52,16,135
1613,31,36,16,16,99
1615,20,16,16,16,68
1616,16,32,17,15,80
1617,16,16,17,15,64
1618,33,15,17,19,84
1619,17,15,17,19,68
1621,17,19,31,16,83
1623,31,35,83,15,164
1624,16,35,83,15,149
1625,16,19,83,15,133
1626,0,19,83,15,117
1629,16,17,17,15,65
1630,17,32,19,15,83
1632,15,34,86,15,150
1633,0,34,86,15,135
1634,15,33,53,15,116
1635,16,17,53,15,101
1636,17,34,34,16,101
1637,16,18,34,16,84
1639,19,15,115,20,169
1640,15,32,83,20,150
1641,32,36,47,20,135
1642,16,36,47,20,119
1643,0,36,47,20,103
1644,86,30,17,17,150
1645,67,30,17,17,131
1647,35,30,17,17,99
1648,20,30,17,17,84
1649,0,30,17,17,64
1653,18,17,31,20,86
1654,48,33,16,20,117
1655,31,33,16,20,100
1657,20,13,16,20,69
1658,13,36,32,16,97
1659,36,32,16,17,101
1660,85,35,32,16,168
1661,65,35,32,16,148
1662,132,20,17,15,184
1664,100,20,17,15,152
1665,83,20,17,15,135
1667,48,20,17,15,100
1668,32,20,17,15,84
1669,16,20,17,15,68
1670,37,15,33,16,101
1672,15,33,32,17,97
1674,16,32,33,16,97
1675,32,33,84,16,165
1677,33,36,48,16,133
1678,16,36,48,16,116
1679,16,20,48,16,100
1681,16,15,17,16,64
1683,83,18,68,17,186
1684,66,18,68,17,169
1685,50,18,68,17,153
1686,32,18,68,17,135
1689,148,20,16,16,200
1690,131,20,16,16,183
1692,95,20,16,16,147
1695,49,20,16,16,101
1696,30,20,16,16,82
1697,15,20,16,16,67
1698,0,20,16,16,52
1700,34,15,82,18,149
1701,18,15,82,18,133
1702,15,32,50,18,115
1703,66,34,16,18,134
1704,49,34,16,18,117
1705,34,34,16,18,102
1707,16,18,16,18,68
1708,34,18,15,19,86
1709,34,34,32,19,119
1710,33,19,32,19,103
1711,15,19,32,19,85
1712,19,32,19,16,86
1713,16,16,19,16,67
1714,16,35,81,16,148
1715,0,35,81,16,132
1716,16,32,49,16,113
1717,0,32,49,16,97
1718,16,33,16,16,81
1719,17,16,16,16,65
1720,16,32,21,16,85
1721,16,16,21,16,69
1722,37,16,16,17,86
1724,16,33,15,16,80
1726,32,16,33,18,99
1727,15,16,33,18,82
1728,16,33,35,15,99
1731,35,34,84,15,168
1732,17,34,84,15,150
1734,0,19,84,15,118
1737,35,33,50,16,134
1738,18,33,50,16,117
1739,67,32,82,20,201
1740,49,32,82,20,183
1741,34,32,82,20,168
1742,18,32,82,20,152
1743,32,35,80,20,167
1745,0,35,80,20,135
1746,35,16,48,20,119
1747,32,35,13,20,100
1748,16,35,13,20,84
1749,0,35,13,20,68
1751,0,33,33,17,83
1753,16,17,17,17,67
1754,34,17,34,15,100
1755,34,34,48,15,131
1756,17,34,48,15,114
1757,0,34,48,15,97
1758,0,20,48,15,83
1759,196,36,184,17,433
1760,181,36,184,17,418
1763,133,36,184,17,370
1764,113,36,184,17,350
1765,98,36,184,17,335
1766,82,36,184,17,319
1767,65,36,184,17,302
1768,46,36,184,17,283
1769,84,17,150,17,268
1770,68,17,150,17,252
1772,33,17,150,17,217
1774,83,32,52,17,184
1775,66,32,52,17,167
1777,35,32,52,17,136
1778,36,15,52,17,120
1779,65,36,17,13,131
1781,33,36,17,13,99
1782,16,36,17,13,82
1783,19,17,17,13,66
1785,0,30,18,15,63
1786,31,15,37,15,98
1787,33,37,48,17,135
1789,102,34,84,16,236
1791,65,34,84,16,199
1793,35,34,84,16,169
1794,17,34,84,16,151
1795,34,33,83,17,167
1797,33,32,51,17,133
1798,33,15,51,17,116
1799,32,35,16,17,100
1800,34,16,16,17,83
1801,119,15,16,19,169
1802,100,15,16,19,150
1803,84,15,16,19,134
1806,35,15,16,19,85
1807,20,15,16,19,70
1808,15,35,17,14,81
1810,19,31,19,16,85
1811,82,16,19,15,132
1812,81,34,17,16,148
1813,67,34,17,16,134
1814,82,33,51,15,181
1817,34,33,51,15,133
1818,15,33,51,15,114
1819,149,16,85,16,266
1823,85,16,85,16,202
1825,50,16,85,16,167
1826,46,35,50,16,147
1828,16,35,50,16,117
1829,0,35,50,16,101
1830,16,35,132,19,202
1832,35,16,101,19,171
1833,31,20,81,19,151
1834,16,20,81,19,136
1835,20,46,35,19,120
1838,51,19,80,20,170
1839,35,19,80,20,154
1840,15,19,80,20,134
1842,80,20,32,18,150
1843,65,20,32,18,135
1844,50,20,32,18,120
1847,33,37,46,20,136
1848,13,37,46,20,116
1850,31,16,17,20,84
1851,13,16,17,20,66
1852,16,37,16,14,83
1854,20,30,21,17,88
1855,0,30,21,17,68
1856,14,21,17,31,83
1857,0,21,17,31,69
1858,48,33,16,15,112
1859,31,33,16,15,95
1860,19,33,16,15,83
1861,18,15,16,15,64
1862,31,15,35,16,97
1863,16,15,35,16,82
1864,85,31,32,19,167
1865,70,31,32,19,152
1866,50,31,32,19,132
1867,35,31,32,19,117
1868,19,31,32,19,101
1869,16,15,32,19,82
1870,15,32,19,17,83
1872,16,36,16,15,83
1873,36,31,19,15,101
1875,0,31,19,15,65
1876,15,34,35,16,100
1878,66,19,16,15,116
1879,51,19,16,15,101
1880,32,19,16,15,82
1881,16,19,16,15,66
1882,19,31,18,14,82
1883,16,15,18,14,63
1884,33,14,20,32,99
1885,18,14,20,32,84
1886,14,20,32,15,81
1887,67,35,51,16,169
1888,47,35,51,16,149
1889,31,35,51,16,133
1890,15,35,51,16,117
1891,16,19,51,16,102
1892,19,31,20,16,86
1893,67,32,15,20,134
1894,51,32,15,20,118
1895,36,32,15,20,103
1896,16,32,15,20,83
1897,67,33,16,16,132
1899,35,33,16,16,100
1900,20,33,16,16,85
1901,16,17,16,16,65
1902,17,32,19,13,81
1904,16,32,37,30,115
1905,134,35,83,17,269
1906,115,35,83,17,250
1907,102,35,83,17,237
1908,86,35,83,17,221
1909,65,35,83,17,200
1911,35,35,83,17,170
1912,30,20,83,17,150
1913,15,20,83,17,135
1914,0,20,83,17,120
1915,0,31,52,17,100
1917,0,32,20,17,69
1918,17,37,80,19,153
1919,37,31,49,19,136
1923,16,16,86,16,134
1924,16,36,50,16,118
1926,19,31,19,16,85
1927,0,31,19,16,66
1928,15,35,16,16,82
1930,32,16,17,16,81
1932,16,33,17,19,85
1933,17,16,17,19,69
1934,16,36,15,17,84
1936,83,20,29,21,153
1938,49,20,29,21,119
1940,16,20,29,21,86
1944,34,17,16,20,87
1945,164,35,16,17,232
1946,151,35,16,17,219
1948,118,35,16,17,186
1949,98,35,16,17,166
1951,67,35,16,17,135
1955,19,16,16,17,68
1957,16,17,17,15,65
1958,17,32,35,17,101
1959,84,16,17,14,131
1960,67,16,17,14,114
1961,52,16,17,14,99
1962,83,33,36,16,168
1964,116,33,100,15,264
1965,100,33,100,15,248
1967,85,17,100,15,217
1969,106,28,35,15,184
1970,86,28,35,15,164
1971,70,28,35,15,148
1972,54,28,35,15,132
1974,20,28,35,15,98
1975,48,15,15,20,98
1976,36,15,15,20,86
1978,15,35,17,16,83
1980,0,20,17,16,53
1981,33,31,16,17,97
1982,16,31,16,17,80
1985,33,33,18,16,100
1986,17,33,18,16,84
1987,0,33,18,16,67
1988,33,16,32,20,101
1989,18,16,32,20,86
1990,16,32,20,16,84
1991,16,16,20,16,68
1992,16,36,16,16,84
1993,20,16,16,16,68
1994,32,16,20,31,99
1997,20,49,15,15,99
1999,33,30,17,20,100
2000,18,30,17,20,85
2001,30,37,30,14,111
2002,32,20,30,14,96
2003,17,20,30,14,81
2004,39,44,35,18,136
2005,19,44,35,18,116
2006,65,47,18,17,147
2007,54,47,18,17,136
2008,40,47,18,17,122
2009,21,47,18,17,103
2010,32,15,18,17,82
2011,18,15,18,17,68
2013,18,17,198,18,251
2014,17,32,166,18,233
2015,0,32,166,18,216
2016,18,33,133,18,202
2018,17,32,101,18,168
2025,34,35,48,16,133
2026,15,35,48,16,114
2027,18,17,48,16,99
2028,65,16,33,18,132
2029,48,16,33,18,115
2030,32,16,33,18,99
2031,16,16,33,18,83
2033,33,33,153,16,235
2034,34,15,153,16,218
2035,18,15,153,16,202
2036,15,36,117,16,184
2037,20,16,117,16,169
2039,33,34,50,16,133
2040,36,17,50,16,119
2043,16,17,33,17,83
2045,17,16,35,15,83
2046,33,18,15,16,82
2047,17,18,15,16,66
2049,80,17,16,20,133
2050,65,17,16,20,118
2052,33,17,16,20,86
2053,14,17,16,20,67
2054,17,36,33,16,102
2055,16,20,33,16,85
2056,118,36,16,16,186
2058,81,36,16,16,149
2059,65,36,16,16,133
2060,49,36,16,16,117
2061,33,36,16,16,101
2062,85,32,32,17,166
2063,85,15,32,17,149
2064,69,15,32,17,133
2067,17,15,32,17,81
2068,64,17,36,17,134
2069,49,17,36,17,119
2070,33,17,36,17,103
2071,17,17,36,17,87
2072,17,36,33,14,100
2073,16,20,33,14,83
2074,20,33,14,19,86
2075,17,16,14,19,66
2078,84,36,14,16,150
2080,49,36,14,16,115
2081,32,36,14,16,98
2082,15,36,14,16,81
2083,0,36,14,16,66
2084,19,30,35,17,101
2085,0,30,35,17,82
2086,16,35,17,18,86
2087,35,35,180,21,271
2088,83,31,116,21,251
2090,51,31,116,21,219
2092,16,31,116,21,184
2093,15,16,116,21,168
2094,16,35,149,15,215
2095,17,18,149,15,199
2096,18,31,133,20,202
2097,81,21,62,20,184
2098,63,21,62,20,166
2100,32,21,62,20,135
2102,21,29,33,20,103
2103,15,14,33,20,82
2104,47,36,16,15,114
2105,33,36,16,15,100
2106,15,36,16,15,82
2107,36,31,35,17,119
2108,16,31,35,17,99
2111,0,35,17,17,69
2112,19,34,17,15,85
2113,98,35,16,19,168
2114,81,35,16,19,151
2115,64,35,16,19,134
2116,47,35,16,19,117
2117,32,35,16,19,102
2119,0,35,16,19,70
2121,16,19,47,17,99
2122,19,32,15,17,83
2123,16,16,15,17,64
2124,16,32,19,16,83
2125,32,35,17,15,99
2127,84,18,21,28,151
2128,65,18,21,28,132
2130,32,18,21,28,99
2131,17,18,21,28,84
2132,18,21,12,16,67
2133,21,44,20,16,101
2134,44,36,148,16,244
2135,32,36,148,16,232
2137,36,32,116,16,200
2138,32,16,116,16,180
2139,32,31,117,20,200
2140,16,31,117,20,184
2141,31,36,81,20,168
2144,97,20,13,20,150
2145,81,20,13,20,134
2146,85,33,32,16,166
2148,101,16,16,16,149
2149,85,16,16,16,133
2151,49,16,16,16,97
2152,84,36,16,16,152
2154,48,36,16,16,116
2155,32,36,16,16,100
2156,16,36,16,16,84
2157,16,20,16,16,68
2160,82,22,11,16,131
2161,66,22,11,16,115
2162,49,22,11,16,98
2163,32,22,11,16,81
2164,16,22,11,16,65
2165,0,22,11,16,49
2166,44,34,35,15,128
2167,67,35,15,17,134
2169,34,35,15,17,101
2170,15,35,15,17,82
2171,35,32,16,18,101
2172,34,17,16,18,85
2173,15,17,16,18,66
2176,85,32,85,16,218
2177,67,32,85,16,200
2178,50,32,85,16,183
2179,35,32,85,16,168
2180,36,15,85,16,152
2181,17,15,85,16,133
2182,15,35,50,16,116
2183,101,32,16,19,168
2184,82,32,16,19,149
2185,149,16,39,28,232
2186,134,16,39,28,217
2187,115,16,39,28,198
2188,99,16,39,28,182
2190,67,16,39,28,150
2191,83,23,9,19,134
2192,67,23,9,19,118
2193,48,23,9,19,99
2194,32,23,9,19,83
2195,16,23,9,19,67
2197,80,16,32,17,145
2198,71,16,32,17,136
2199,84,16,85,15,200
2200,83,33,52,15,183
2202,48,33,52,15,148
2203,32,33,52,15,132
2204,16,33,52,15,116
2205,0,33,52,15,100
2206,0,16,52,15,83
2207,16,16,35,18,85
2208,36,15,34,16,101
2209,118,16,17,17,168
2211,83,16,17,17,133
2212,65,16,17,17,115
2213,49,16,17,17,99
2215,32,34,17,16,99
2216,16,34,17,16,83
2217,0,34,17,16,67
2220,16,33,17,17,83
2221,33,34,16,20,103
2222,101,17,11,21,150
2224,69,17,11,21,118
2225,52,17,11,21,101
2226,36,17,11,21,85
2227,16,17,11,21,65
2228,49,31,36,17,133
2230,88,32,18,16,154
2231,67,32,18,16,133
2232,51,32,18,16,117
2233,102,33,17,15,167
2234,85,33,17,15,150
2235,66,33,17,15,131
2237,34,33,17,15,99
2238,16,33,17,15,81
2239,16,17,17,15,65
2240,17,32,17,20,86
2242,15,37,13,16,81
2243,0,37,13,16,66
2248,16,31,17,20,84
2249,15,16,17,20,68
2250,16,37,48,17,118
2251,37,31,17,17,102
2252,20,31,17,17,85
2253,16,15,17,17,65
2254,15,34,17,16,82
2256,17,33,16,16,82
2257,0,33,16,16,65
2259,184,15,86,15,300
2260,168,15,86,15,284
2261,152,15,86,15,268
2262,132,15,86,15,248
2268,33,15,86,15,149
2269,17,15,86,15,133
2271,19,17,50,15,101
2272,17,31,19,15,82
2273,16,15,19,15,65
2274,316,19,49,16,400
2275,301,19,49,16,385
2276,282,19,49,16,366
2277,267,19,49,16,351
2278,249,19,49,16,333
2279,233,19,49,16,317
2280,217,19,49,16,301
2281,201,19,49,16,285
2284,152,19,49,16,236
2287,101,19,49,16,185
2288,85,19,49,16,169
2289,85,49,16,16,166
2290,68,49,16,16,149
2291,52,49,16,16,133
2292,35,49,16,16,116
2293,19,49,16,16,100
2294,16,33,16,16,81
2295,16,17,16,16,65
2296,33,16,17,15,81
2297,32,32,17,17,98
2298,16,32,17,17,82
2299,0,32,17,17,66
2300,15,34,18,16,83
2301,0,34,18,16,68
2302,35,16,34,16,101
2303,34,34,16,17,101
2308,182,35,16,16,249
2310,148,35,16,16,215
2311,133,35,16,16,200
2312,115,35,16,16,182
2313,98,35,16,16,165
2314,82,35,16,16,149
2315,86,16,16,16,134
2316,66,16,16,16,114
2317,50,16,16,16,98
2318,35,16,16,16,83
2319,35,32,17,18,102
2322,16,35,16,16,83
2323,0,35,16,16,67
2326,69,46,85,17,217
2327,53,46,85,17,201
2328,79,35,50,17,181
2329,65,35,50,17,167
2330,46,35,50,17,148
2331,32,35,50,17,134
2332,16,35,50,17,118
2333,85,17,34,17,153
2334,67,17,34,17,135
2335,134,32,16,17,199
2336,119,32,16,17,184
2339,67,32,16,17,132
2340,49,32,16,17,114
2341,49,16,16,17,98
2342,32,16,16,17,81
2343,16,16,16,17,65
2344,16,33,16,18,83
2346,17,34,16,17,84
2347,16,18,16,17,67
2348,34,17,34,15,100
2349,82,16,52,16,166
2352,31,16,52,16,115
2353,15,16,52,16,99
2354,0,16,52,16,84
2355,19,16,87,31,153
2356,16,33,54,31,134
2357,17,16,54,31,118
2358,16,36,33,16,101
2360,19,18,79,19,135
2363,33,31,19,18,101
2364,32,16,19,18,85
2365,116,16,33,18,183
2366,101,16,33,18,168
2367,85,16,33,18,152
2372,16,33,18,16,83
2373,17,16,18,16,67
2374,82,35,16,15,148
2375,66,35,16,15,132
2376,48,35,16,15,114
2377,32,35,16,15,98
2378,16,35,16,15,82
2379,16,19,16,15,66
2380,0,19,16,15,50
2381,31,35,16,19,101
2382,15,35,16,19,85
2384,16,35,15,16,82
2385,16,19,15,16,66
2387,15,16,33,18,82
2388,16,33,18,14,81
2390,17,32,18,18,85
2391,0,32,18,18,68
2392,14,36,17,15,82
2394,35,15,34,17,101
2395,32,34,34,17,117
2396,15,34,34,17,100
2397,17,17,34,17,85
2398,17,34,17,17,85
2399,84,16,150,18,268
2400,67,16,150,18,251
2401,50,16,150,18,234
2404,16,34,116,18,184
2405,18,16,116,18,168
2407,85,13,18,18,134
2408,68,13,18,18,117
2411,17,13,18,18,66
2412,49,33,17,16,115
2413,69,33,32,17,151
2414,51,33,32,17,133
2415,33,33,32,17,115
2417,17,16,32,17,82
2418,48,33,36,15,132
2419,32,33,36,15,116
2420,15,33,36,15,99
2421,17,16,36,15,84
2422,16,36,15,17,84
2423,0,36,15,17,68
2424,20,32,17,16,85
2425,15,17,17,16,65
2427,17,16,20,31,84
2428,36,48,15,16,115
2429,99,34,18,16,167
2430,79,34,18,16,147
2431,67,34,18,16,135
2432,48,34,18,16,116
2433,31,34,18,16,99
2434,16,34,18,16,84
2435,0,34,18,16,68
2436,17,34,116,19,186
2437,18,16,116,19,169
2438,34,16,82,19,151
2439,18,16,82,19,135
2440,16,32,50,19,117
2441,16,16,50,19,101
2443,16,19,214,17,266
2444,34,19,180,17,250
2445,15,19,180,17,231
2446,52,31,116,17,216
2447,33,31,116,17,197
2448,17,31,116,17,181
2449,31,36,80,17,164
2450,15,36,80,17,148
2451,0,36,80,17,133
2453,16,19,45,17,97
2454,19,28,17,17,81
2456,15,34,18,17,84
2457,17,17,18,17,69
2458,17,35,116,16,184
2459,35,33,83,16,167
2462,16,33,50,16,115
2463,16,17,50,16,99
2464,17,33,17,16,83
2465,33,33,102,16,184
2466,17,33,102,16,168
2468,16,33,69,16,134
2469,33,35,34,16,118
2471,153,15,33,18,219
2475,84,15,33,18,150
2476,68,15,33,18,134
2479,20,15,33,18,86
2481,17,16,18,16,67
2482,16,34,34,16,100
2483,34,34,16,16,100
2484,16,34,16,16,82
2485,0,34,16,16,66
2486,49,35,82,16,182
2487,32,35,82,16,165
2488,16,35,82,16,149
2489,16,19,82,16,133
2490,19,32,50,16,117
2492,16,34,32,17,99
2493,66,34,16,15,131
2494,48,34,16,15,113
2495,32,34,16,15,97
2496,33,17,16,15,81
2497,17,17,16,15,65
2498,33,15,87,16,151
2499,65,36,17,16,134
2500,49,36,17,16,118
2501,87,16,18,13,134
2502,70,16,18,13,117
2503,53,16,18,13,100
2504,36,16,18,13,83
2506,83,31,17,17,148
2508,80,34,17,16,147
2509,67,34,17,16,134
2510,101,16,16,20,153
2511,82,16,16,20,134
2512,116,33,47,19,215
2513,103,33,47,19,202
2516,52,33,47,19,151
2518,33,20,47,19,119
2520,34,19,14,19,86
2521,47,19,117,17,200
2522,33,19,117,17,186
2523,14,19,117,17,167
2524,33,20,83,17,153
2525,34,31,52,17,134
2526,20,31,52,17,120
2527,31,36,16,17,100
2529,36,33,83,16,168
2530,36,17,83,16,152
2533,0,31,52,16,99
2534,15,33,19,16,83
2535,18,15,19,16,68
2536,15,35,34,16,100
2537,19,16,34,16,85
2538,16,34,16,17,83
2539,0,34,16,17,67
2541,16,17,16,18,67
2542,33,18,17,16,84
2543,16,18,17,16,67
2544,35,16,83,16,150
2545,17,16,83,16,132
2548,16,37,31,17,101
2550,32,16,17,16,81
2552,16,33,16,16,81
2553,83,16,82,20,201
2554,82,34,48,20,184
2556,50,34,48,20,152
2557,34,34,48,20,136
2559,0,34,48,20,102
2561,48,20,16,16,100
2562,32,20,16,16,84
2563,17,20,16,16,69
2564,20,32,19,13,84
2566,35,13,17,19,84
2567,19,13,17,19,68
2568,13,36,15,16,80
2569,0,36,15,16,67
2570,34,16,36,16,102
2573,17,19,16,17,69
2574,19,33,16,17,85
2575,33,33,33,17,116
2577,16,17,33,17,83
2578,17,33,84,16,150
2580,16,34,50,16,116
2581,17,17,50,16,100
2582,17,33,33,17,100
2583,17,16,33,17,83
2584,16,33,17,17,83
2586,16,34,184,15,249
2587,0,34,184,15,233
2588,17,33,151,15,216
2589,33,31,120,15,199
2590,82,32,53,15,182
2591,66,32,53,15,166
2592,51,32,53,15,151
2593,35,32,53,15,135
2594,19,32,53,15,119
2595,16,16,53,15,100
2596,33,19,17,15,84
2597,17,19,17,15,68
2598,69,16,16,15,116
2599,50,16,16,15,97
2600,33,16,16,15,80
2601,18,16,16,15,65
2602,16,31,36,16,99
2603,16,15,36,16,83
2604,35,16,181,17,249
2606,32,16,149,17,214
2608,35,15,115,17,182
2609,19,15,115,17,166
2611,17,16,82,17,132
2612,16,35,82,16,149
2613,16,19,82,16,133
2614,19,31,51,16,117
2615,31,33,18,16,98
2617,0,33,18,16,67
2618,17,34,15,18,84
2619,18,16,15,18,67
2622,40,45,36,13,134
2623,22,45,36,13,116
2624,45,36,133,15,229
2625,34,36,133,15,218
2626,17,36,133,15,201
2627,100,33,51,17,201
2628,83,33,51,17,184
2629,64,33,51,17,165
2632,17,33,51,17,118
2633,33,36,32,17,118
2635,15,21,32,17,85
2637,82,15,33,19,149
2638,67,15,33,19,134
2639,50,15,33,19,117
2640,33,15,33,19,100
2641,32,33,35,15,115
2642,15,33,35,15,98
2644,16,35,15,18,84
2645,19,16,15,18,68
2647,33,33,115,20,201
2648,18,33,115,20,186
2649,17,16,115,20,168
2650,16,31,84,20,151
2651,49,18,48,20,135
2652,33,18,48,20,119
2654,34,15,151,19,219
2655,48,20,114,19,201
2656,83,34,85,15,217
2657,68,34,85,15,202
2658,118,35,17,15,185
2659,98,35,17,15,165
2661,83,19,17,15,134
2663,49,19,17,15,100
2664,32,19,17,15,83
2665,16,19,17,15,67
2666,19,32,17,16,84
2669,33,33,17,19,102
2671,33,36,16,17,102
2672,17,36,16,17,86
2673,0,36,16,17,69
2675,0,33,82,16,131
2678,32,19,32,19,102
2679,16,19,32,19,86
2680,35,16,83,16,150
2681,32,35,83,17,167
2683,0,35,83,17,135
2684,16,31,85,17,149
2685,16,15,85,17,133
2687,17,16,52,17,102
2688,16,36,16,17,85
2689,52,17,17,16,102
2690,33,17,17,16,83
2691,16,17,17,16,66
2692,17,33,16,16,82
2694,81,34,16,16,147
2695,65,34,16,16,131
2696,83,32,21,13,149
2697,83,16,21,13,133
2698,66,16,21,13,116
2700,82,35,16,16,149
2701,66,35,16,16,133
2702,50,35,16,16,117
2703,34,35,16,16,101
2704,13,35,16,16,80
2705,16,19,16,16,67
2706,35,16,85,16,152
2707,16,16,85,16,133
2710,17,34,50,17,118
2711,18,16,50,17,101
2712,16,33,17,17,83
2713,0,33,17,17,67
2714,16,34,17,14,81
2716,17,31,17,18,83
2717,31,35,18,17,101
2718,84,32,15,17,148
2719,70,32,15,17,134
2722,17,32,15,17,81
2723,14,18,15,17,64
2724,18,32,36,16,102
2726,17,36,47,17,117
2727,36,31,16,17,100
2729,16,15,16,17,64
2730,15,33,20,16,84
2731,33,36,17,13,99
2732,17,36,17,13,83
2734,81,32,20,15,148
2735,65,32,20,15,132
2736,48,32,20,15,115
2737,35,32,20,15,102
2738,18,32,20,15,85
2739,16,16,20,15,67
2741,20,15,15,18,68
2742,48,35,15,19,117
2743,33,35,15,19,102
2745,118,15,15,19,167
2746,102,15,15,19,151
2747,83,15,15,19,132
2749,49,15,15,19,98
2750,33,15,15,19,82
2751,33,34,16,18,101
2752,15,34,16,18,83
2754,35,18,81,18,152
2755,16,18,81,18,133
2756,34,16,49,18,117
2757,16,16,49,18,99
2758,16,33,34,16,99
2759,33,34,16,19,102
2760,65,19,15,15,114
2761,50,19,15,15,99
2763,16,19,15,15,65
2767,66,34,18,17,135
2768,47,34,18,17,116
2770,14,34,18,17,83
2771,34,35,17,15,101
2772,117,33,85,14,249
2774,84,33,85,14,216
2775,85,15,85,14,199
2776,68,15,85,14,182
2780,30,20,50,14,114
2782,41,43,18,16,118
2783,21,43,18,16,98
2784,43,34,16,16,109
2785,96,35,33,15,179
2786,80,35,33,15,163
2787,66,35,33,15,149
2788,48,35,33,15,131
2789,32,35,33,15,115
2790,16,35,33,15,99
2791,20,15,33,15,83
2792,15,33,15,20,83
2793,33,35,17,16,101
2794,16,35,17,16,84
2798,16,33,15,16,80
2799,17,16,15,16,64
2800,31,16,17,17,81
2802,16,34,87,17,154
2803,34,33,54,17,138
2804,33,17,54,17,121
2805,16,17,54,17,104
2806,17,35,19,17,88
2807,19,16,19,17,71
2808,16,36,14,17,83
2810,48,31,17,22,118
2811,31,31,17,22,101
2812,17,31,17,22,87
2813,0,31,17,22,70
2814,116,32,17,17,182
2815,103,32,17,17,169
2816,118,34,83,16,251
2817,96,34,83,16,229
2819,67,34,83,16,200
2821,32,34,83,16,165
2822,16,34,83,16,149
2823,17,17,83,16,133
2827,15,17,19,16,67
2828,17,35,17,16,85
2829,84,17,33,20,154
2830,82,33,20,13,148
2831,66,33,20,13,132
2832,49,33,20,13,115
2833,33,33,20,13,99
2834,33,17,20,13,83
2835,16,17,20,13,66
2836,100,20,13,20,153
2837,83,20,13,20,136
2838,63,20,13,20,116
2839,50,20,13,20,103
2841,33,33,13,20,99
2842,186,30,21,16,253
2844,153,30,21,16,220
2845,133,30,21,16,200
2849,67,30,21,16,134
2850,48,30,21,16,115
2851,31,30,21,16,98
2852,16,30,21,16,83
2855,21,16,16,16,69
2856,32,16,85,16,149
2857,16,16,85,16,133
2858,16,33,52,16,117
2859,85,16,14,17,132
2860,68,16,14,17,115
2861,52,16,14,17,99
2863,35,31,36,16,118
2865,31,36,16,17,100
2866,102,15,52,16,185
2867,85,15,52,16,168
2869,49,15,52,16,132
2870,33,15,52,16,116
2871,16,15,52,16,99
2872,31,20,82,16,149
2873,16,20,82,16,134
2874,20,32,50,16,118
2875,115,22,10,17,164
2876,99,22,10,17,148
2879,71,27,17,16,131
2880,55,27,17,16,115
2881,39,27,17,16,99
2882,22,27,17,16,82
2883,10,17,17,16,60
2885,84,16,84,17,201
2886,67,16,84,17,184
2887,51,16,84,17,168
2888,31,16,84,17,148
2889,15,16,84,17,132
2890,16,36,48,17,117
2891,17,19,48,17,101
2892,35,16,33,16,100
2893,32,33,16,16,97
2895,33,32,19,15,99
2896,17,32,19,15,83
2897,0,32,19,15,66
2899,0,34,17,16,67
2901,33,36,48,16,133
2903,18,18,48,16,100
2904,34,15,17,16,82
2905,16,15,17,16,64
2906,15,33,20,16,84
2907,17,16,20,16,69
2908,219,31,53,15,318
2909,203,31,53,15,302
2910,183,31,53,15,282
2911,167,31,53,15,266
2912,150,31,53,15,249
2913,134,31,53,15,233
2914,117,31,53,15,216
2916,485,31,18,17,551
2917,466,31,18,17,532
2918,453,31,18,17,519
2922,384,31,18,17,450
2924,352,31,18,17,418
2926,315,31,18,17,381
2927,300,31,18,17,366
2928,285,31,18,17,351
2930,249,31,18,17,315
2932,218,31,18,17,284
2934,186,31,18,17,252
2936,149,31,18,17,215
2937,134,31,18,17,200
2939,100,31,18,17,166
2942,234,15,70,16,335
2943,217,15,70,16,318
2945,183,15,70,16,284
2946,166,15,70,16,267
2947,152,15,70,16,253
2949,117,15,70,16,218
2951,81,15,70,16,182
2952,63,15,70,16,164
2954,33,15,70,16,134
2955,17,15,70,16,118
2957,18,15,37,16,86
2959,134,35,131,20,320
2960,113,35,131,20,299
2962,81,35,131,20,267
2963,63,35,131,20,249
2964,46,35,131,20,232
2967,16,19,131,20,186
2968,19,33,98,20,170
2972,16,36,50,17,119
2973,17,19,50,17,103
2975,50,17,17,15,99
2976,37,17,17,15,86
2977,37,32,16,16,101
2978,17,32,16,16,81
2979,0,32,16,16,64
2980,31,16,16,17,80
2981,16,16,16,17,65
2984,38,46,33,17,134
2987,17,17,33,17,84
2988,34,16,17,17,84
2989,17,16,17,17,67
2990,16,34,17,17,84
2993,0,34,16,17,67
2995,33,33,83,19,168
2996,17,33,83,19,152
2999,16,17,50,19,102
3000,17,33,36,17,103
3002,17,36,47,20,120
3003,36,31,16,20,103
3004,86,30,17,20,153
3005,67,30,17,20,134
3006,117,32,79,19,247
3008,87,32,79,19,217
3010,51,32,79,19,181
3011,37,32,79,19,167
3012,20,32,79,19,150
3014,0,16,79,19,114
3015,16,16,47,19,98
3016,32,19,12,19,82
3017,35,31,35,18,119
3018,19,31,35,18,103
3019,66,32,0,16,114
3021,35,32,0,16,83
3022,15,32,0,16,63
3023,18,14,0,16,48
3024,14,34,18,13,79
3027,31,34,87,17,169
3031,87,17,14,16,134
3032,68,17,14,16,115
3033,51,17,14,16,98
3034,37,17,14,16,84
3037,0,30,16,20,66
3039,0,36,17,15,68
3040,20,32,151,17,220
3042,49,34,83,17,183
3043,34,34,83,17,168
3044,17,34,83,17,151
3047,32,35,50,15,132
3051,16,17,17,15,65
3053,17,15,22,26,80
3054,81,33,19,17,150
3055,66,33,19,17,135
3056,44,33,19,17,113
3057,33,33,19,17,102
3060,18,36,13,19,86
3062,17,32,466,19,534
3063,13,19,466,19,517
3064,19,32,434,19,504
3065,17,15,434,19,485
3066,15,35,399,19,468
3067,35,32,367,19,453
3070,199,15,168,19,401
3071,184,15,168,19,386
3073,150,15,168,19,352
3074,131,15,168,19,333
3075,116,15,168,19,318
3077,82,15,168,19,284
3078,66,15,168,19,268
3080,32,15,168,19,234
3082,15,36,132,19,202
3083,20,16,132,19,187
3084,16,33,99,19,167
3085,17,16,99,19,151
3086,83,32,33,17,165
3089,35,32,33,17,117
3090,20,32,33,17,102
3091,32,33,17,16,98
3092,16,33,17,16,82
3093,19,14,17,16,66
3096,16,36,17,15,84
3097,36,32,17,15,100
3098,19,32,17,15,83
3099,17,15,17,15,64
3100,32,15,16,19,82
3103,16,19,17,15,67
3106,81,35,15,17,148
3108,49,35,15,17,116
3109,33,35,15,17,100
3110,16,35,15,17,83
3113,0,32,37,33,102
3116,21,33,13,16,83
3120,0,16,36,16,68
3121,20,16,32,13,81
3123,16,16,13,21,66
3124,16,34,34,17,101
3125,34,34,17,16,101
3126,21,34,17,16,88
3127,17,17,17,16,67
3129,17,16,84,14,131
3130,16,34,50,14,114
3131,0,34,50,14,98
3132,17,32,32,18,99
3134,0,16,32,18,66
3135,18,14,18,15,65
3136,83,32,16,19,150
3137,85,16,16,19,136
3138,67,16,16,19,118
3140,31,16,16,19,82
3141,32,35,13,21,101
3142,16,35,13,21,85
3143,16,19,13,21,69
3144,19,34,16,16,85
3145,0,34,16,16,66
3146,21,32,152,35,240
3147,97,36,51,35,219
3148,81,36,51,35,203
3149,65,36,51,35,187
3150,50,36,51,35,172
3151,33,36,51,35,155
3155,15,19,199,14,247
3156,82,39,97,14,232
3159,30,39,97,14,180
3160,11,39,97,14,161
3162,0,23,97,14,134
3164,33,16,35,14,98
3165,68,32,18,15,133
3166,51,32,18,15,116
3167,35,32,18,15,100
3168,19,32,18,15,84
3169,14,18,18,15,65
3170,36,15,118,17,186
3171,18,15,118,17,168
3172,15,32,86,17,150
3175,20,14,52,17,103
3177,33,36,32,16,117
3178,16,36,32,16,100
3179,19,17,32,16,84
3180,17,32,16,17,82
3181,0,32,16,17,65
3186,82,36,33,17,168
3187,65,36,33,17,151
3191,17,19,33,17,86
3193,19,48,16,15,98
3195,17,17,16,15,65
3197,16,15,16,20,67
3200,20,32,32,17,101
3202,16,32,84,15,147
3204,15,34,50,15,114
3205,17,17,50,15,99
3206,82,33,54,16,185
3207,65,33,54,16,168
3208,47,33,54,16,150
3211,20,13,54,16,103
3212,13,35,35,15,98
3213,35,35,15,17,102
3215,19,16,15,17,67
3217,32,33,20,30,115
3219,33,20,15,15,83
3220,16,20,15,15,66
3221,67,32,20,16,135
3222,47,32,20,16,115
3223,116,17,16,15,164
3224,101,17,16,15,149
3225,84,17,16,15,132
3226,68,17,16,15,116
3227,52,17,16,15,100
3228,32,17,16,15,80
3229,16,17,16,15,64
3230,17,31,18,16,82
3232,33,16,135,14,198
3234,33,19,99,14,165
3235,17,19,99,14,149
3236,19,32,67,14,132
3237,14,18,67,14,113
3238,18,32,35,14,99
3239,14,18,35,14,81
3240,18,35,30,21,104
3241,15,20,30,21,86
3244,0,16,21,17,54
3247,16,15,50,16,97
3248,81,34,37,16,168
3252,16,34,37,16,103
3253,0,34,37,16,87
3254,34,20,16,32,102
3256,20,16,13,19,68
3257,0,16,13,19,48
3258,32,17,182,16,247
3259,19,17,182,16,234
3260,17,31,151,16,215
3261,15,16,151,16,198
3263,34,34,83,16,167
3265,18,16,83,16,133
3267,16,19,48,16,99
3268,67,16,186,32,301
3269,48,16,186,32,282
3270,32,16,186,32,266
3272,16,34,152,32,234
3273,150,15,34,19,218
3277,81,15,34,19,149
3278,65,15,34,19,133
3279,49,15,34,19,117
3280,32,15,34,19,100
3281,16,15,34,19,84
3282,15,21,13,19,68
3283,119,17,50,16,202
3285,85,17,50,16,168
3286,66,17,50,16,149
3287,50,17,50,16,133
3288,35,17,50,16,118
3289,151,15,101,15,282
3296,33,15,101,15,164
3297,17,15,101,15,148
3298,15,32,69,15,131
3299,16,16,69,15,116
3300,16,35,34,15,100
3301,19,16,34,15,84
3302,16,34,15,18,83
3303,18,16,15,18,67
3304,16,33,16,16,81
3305,15,18,16,16,65
3306,0,18,16,16,50
3307,0,32,19,16,67
3308,16,35,18,17,86
3309,19,16,18,17,70
3310,82,34,34,16,166
3312,48,34,34,16,132
3313,31,34,34,16,115
3314,15,34,34,16,99
3315,0,34,34,16,84
3316,17,34,32,14,97
3317,17,17,32,14,80
3318,17,32,14,20,83
3319,32,34,17,15,98
3321,14,20,17,15,66
3322,0,20,17,15,52
3323,0,32,17,19,68
3324,15,36,132,15,198
3325,0,36,132,15,183
3326,19,34,98,15,166
3327,16,18,98,15,147
3328,33,16,67,15,131
3329,15,16,67,15,113
3330,35,48,15,17,115
3331,19,48,15,17,99
3332,15,33,15,17,80
3334,16,32,16,17,81
3337,0,33,35,17,85
3339,35,34,15,18,102
3341,0,34,15,18,67
3343,15,18,32,16,81
3344,18,32,16,17,83
3345,15,17,16,17,65
3346,33,17,17,15,82
3347,16,17,17,15,65
3351,34,31,37,16,118
3354,14,37,33,16,100
3356,33,17,85,17,152
3357,33,35,50,17,135
3358,17,35,50,17,119
3359,102,31,152,17,302
3360,86,31,152,17,286
3361,67,31,152,17,267
3362,51,31,152,17,251
3364,17,31,152,17,217
3366,16,33,119,17,185
3367,33,35,84,17,169
3369,0,35,84,17,136
3370,16,32,52,17,117
3372,32,18,35,13,98
3373,16,18,35,13,82
3375,18,17,13,20,68
3376,30,20,16,16,82
3378,20,32,16,16,84
3379,16,16,16,16,64
3380,16,32,17,19,84
3382,16,36,20,30,102
3384,19,20,30,17,86
3389,16,16,16,15,63
3390,117,33,15,17,182
3391,101,33,15,17,166
3392,85,33,15,17,150
3393,103,32,17,16,168
3395,66,32,17,16,131
3396,52,32,17,16,117
3397,33,32,17,16,98
3398,17,32,17,16,82
3399,15,17,17,16,65
3401,17,16,17,16,66
3403,0,33,85,16,134
3404,16,36,49,16,117
3406,19,32,33,17,101
3407,16,16,33,17,82
3410,33,16,18,17,84
3411,115,19,135,16,285
3412,98,19,135,16,268
3414,64,19,135,16,234
3415,47,19,135,16,217
3416,30,19,135,16,200
3418,19,29,106,16,170
3420,13,36,70,16,135
3421,21,15,70,16,122
3423,19,17,34,16,86
3424,17,34,49,17,117
3425,17,17,49,17,100
3426,17,29,20,17,83
3427,49,17,81,16,163
3428,33,17,81,16,147
3432,17,34,14,16,81
3433,34,30,17,19,100
3434,20,30,17,19,86
3435,14,16,17,19,66
3437,17,19,17,16,69
3439,17,16,16,15,64
3440,16,31,17,19,83
3441,0,31,17,19,67
3442,83,34,17,14,148
3445,32,34,17,14,97
3447,17,17,17,14,65
3448,0,17,17,14,48
3450,83,32,17,17,149
3451,69,32,17,17,135
3453,36,32,17,17,102
3454,30,17,17,17,81
3456,84,33,17,16,150
3457,67,33,17,16,133
3458,83,33,17,18,151
3459,66,33,17,18,134
3461,83,18,15,17,133
3462,67,18,15,17,117
3463,50,18,15,17,100
3464,33,18,15,17,83
3465,17,18,15,17,67
3466,33,17,17,15,82
3467,15,17,17,15,64
3468,17,32,37,17,103
3469,32,37,17,14,100
3470,15,37,17,14,83
3471,20,17,17,14,68
3472,17,31,16,19,83
3473,0,31,16,19,66
3474,114,36,82,16,248
3475,100,36,82,16,234
3476,84,36,82,16,218
3478,49,36,82,16,183
3480,16,36,82,16,150
3481,36,31,51,16,134
3482,20,31,51,16,118
3483,16,15,51,16,98
3486,20,29,83,15,147
3487,0,29,83,15,127
3488,134,17,16,17,184
3492,69,17,16,17,119
3493,49,17,16,17,99
3494,35,17,16,17,85
3495,20,17,16,17,70
3496,17,33,14,19,83
3497,16,17,14,19,66
3499,14,19,33,16,82
3500,19,33,84,17,153
3501,82,15,85,16,198
3502,65,15,85,16,181
3504,33,15,85,16,149
3505,17,15,85,16,133
3507,20,17,48,16,101
3508,17,32,16,16,81
3509,64,35,32,20,151
3510,48,35,32,20,135
3511,32,35,32,20,119
3512,16,35,32,20,103
3513,0,35,32,20,87
3517,0,35,16,16,67
3518,15,32,184,16,247
3522,16,33,118,16,183
3523,68,32,51,16,167
3525,35,32,51,16,134
3526,18,32,51,16,117
3527,16,16,51,16,99
3530,184,36,16,16,252
3531,165,36,16,16,233
3533,133,36,16,16,201
3537,65,36,16,16,133
3538,49,36,16,16,117
3539,33,36,16,16,101
3540,16,36,16,16,84
3541,17,19,16,16,68
3542,19,32,17,16,84
3543,0,32,17,16,65
3546,32,16,16,19,83
3547,84,15,33,17,149
3548,68,15,33,17,133
3549,52,15,33,17,117
3551,17,15,33,17,82
3553,33,35,83,15,166
3554,50,32,51,15,148
3555,35,32,51,15,133
3556,18,32,51,15,116
3559,16,19,31,20,86
3561,16,15,20,16,67
3562,15,36,16,16,83
3563,36,32,18,16,102
3564,48,34,16,16,114
3565,32,34,16,16,98
3566,16,34,16,16,82
3569,16,16,17,17,66
3571,17,17,18,14,66
3572,17,32,16,20,85
3573,18,14,16,20,68
3574,14,36,17,16,83
3575,16,20,17,16,69
3576,20,33,17,16,86
3577,17,16,17,16,66
3578,16,33,15,16,80
3582,16,34,17,16,83
3583,87,15,0,17,119
3584,70,15,0,17,102
3587,35,33,16,17,101
3588,15,33,16,17,81
3590,0,16,16,17,49
3591,16,17,17,17,67
3592,17,34,17,16,84
3593,34,33,34,14,115
3595,33,34,14,18,99
3596,16,34,14,18,82
3597,17,17,14,18,66
3598,82,33,36,17,168
3599,65,33,36,17,151
3602,33,16,36,17,102
3603,17,16,36,17,86
3604,0,16,36,17,69
3605,0,36,82,16,134
3606,20,34,48,16,118
3608,65,16,33,17,131
3609,48,16,33,17,114
3610,33,16,33,17,99
3611,16,16,33,17,82
3612,16,33,17,17,83
3614,16,34,16,20,86
3615,34,36,213,19,302
3616,33,20,213,19,285
3617,16,20,213,19,268
3618,33,20,180,19,252
3622,20,33,114,19,186
3623,13,20,114,19,166
3624,20,34,80,19,153
3626,17,32,48,19,116
3627,13,19,48,19,99
3629,15,19,14,19,67
3630,19,33,14,18,84
3631,14,19,14,18,65
3633,0,32,16,17,65
3635,16,17,34,19,86
3636,17,34,19,13,83
3637,83,17,33,17,150
3638,66,17,33,17,133
3639,49,17,33,17,116
3641,17,17,33,17,84
3642,152,32,36,14,234
3643,135,32,36,14,217
3644,119,32,36,14,201
3645,102,32,36,14,184
3646,85,32,36,14,167
3647,66,32,36,14,148
3648,69,15,36,14,134
3650,35,15,36,14,100
3651,17,15,36,14,82
3652,33,18,32,16,99
3653,36,32,16,19,103
3654,32,18,16,19,85
3658,0,19,32,14,65
3661,14,17,19,16,66
3664,50,32,119,16,217
3669,17,15,87,16,135
3672,149,33,16,17,215
3673,133,33,16,17,199
3674,116,33,16,17,182
3675,99,33,16,17,165
3676,81,33,16,17,147
3678,50,33,16,17,116
3682,49,34,17,15,115
3684,17,34,17,15,83
3685,0,34,17,15,66
3686,16,32,35,17,100
3688,15,35,17,20,87
3689,35,37,48,15,135
3691,17,20,48,15,100
3692,0,20,48,15,83
3693,48,15,49,17,129
3694,35,15,49,17,116
3697,100,33,34,16,183
3698,84,33,34,16,167
3699,67,33,34,16,150
3700,51,33,34,16,134
3702,17,33,34,16,100
3703,0,33,34,16,83
3705,82,18,50,16,166
3708,32,18,50,16,116
3709,34,33,17,16,100
3710,68,16,17,16,117
3711,50,16,17,16,99
3712,34,16,17,16,83
3713,17,16,17,16,66
3714,16,33,18,16,83
3715,33,34,16,17,100
3716,16,34,16,17,83
3717,0,34,16,17,67
3718,116,35,14,18,183
3719,100,35,14,18,167
3720,84,35,14,18,151
3722,49,35,14,18,116
3723,33,35,14,18,100
3724,16,35,14,18,83
3725,35,32,16,17,100
3726,33,18,16,17,84
3727,14,18,16,17,65
3728,18,33,16,17,84
3729,0,33,16,17,66
3731,134,34,15,16,199
3735,65,34,15,16,130
3736,51,34,15,16,116
3737,32,34,15,16,97
3739,18,16,15,16,65
3740,16,31,17,17,81
3741,83,16,50,17,166
3742,68,16,50,17,151
3744,35,16,50,17,118
3745,18,16,50,17,101
3746,16,34,16,17,83
3750,17,34,33,16,100
3751,83,16,16,20,135
3752,66,16,16,20,118
3753,49,16,16,20,101
3754,48,36,32,17,133
3755,32,36,32,17,117
3756,16,36,32,17,101
3757,16,20,32,17,85
3758,37,15,17,17,86
3760,15,34,17,14,80
3761,17,17,17,14,65
3762,17,31,34,16,98
3763,17,14,34,16,81
3766,16,33,17,18,84
3768,17,35,15,18,85
3769,17,18,15,18,68
3770,33,18,34,17,102
3771,15,18,34,17,84
3772,32,20,33,14,99
3774,20,33,14,20,87
3775,33,34,49,16,132
3777,0,34,49,16,99
3780,84,34,33,17,168
3781,67,34,33,17,151
3782,49,34,33,17,133
3783,67,33,116,18,234
3784,50,33,116,18,217
3785,67,33,83,18,201
3786,51,33,83,18,185
3788,16,33,83,18,150
3789,17,16,83,18,134
3791,0,34,49,18,101
3792,16,33,16,18,83
3793,0,33,16,18,67
3794,83,37,147,15,282
3795,67,37,147,15,266
3796,51,37,147,15,250
3797,33,37,147,15,232
3798,16,37,147,15,215
3800,68,16,83,15,182
3801,48,16,83,15,162
3802,31,16,83,15,145
3803,20,16,83,15,134
3804,0,16,83,15,114
3806,17,35,16,15,83
3807,66,34,17,16,133
3808,50,34,17,16,117
3809,31,34,17,16,98
3810,15,34,17,16,82
3811,67,35,17,16,135
3812,49,35,17,16,117
3814,16,35,17,16,84
3816,20,33,184,14,251
3817,51,16,150,14,231
3818,34,16,150,14,214
3819,18,16,150,14,198
3822,16,34,85,14,149
3827,16,19,31,18,84
3829,17,14,18,16,65
3830,32,16,17,16,81
3831,18,16,17,16,67
3832,0,16,17,16,49
3833,33,32,17,20,102
3834,33,15,17,20,85
3835,17,15,17,20,69
3836,15,37,49,18,119
3837,0,37,49,18,104
3838,20,18,31,18,87
3839,0,18,31,18,67
3841,19,18,16,17,70
3842,34,17,16,17,84
3843,16,17,16,17,66
3844,17,33,15,17,82
3845,0,33,15,17,65
3846,17,32,15,20,84
3847,15,17,15,20,67
3850,20,32,15,18,85
3851,32,33,15,18,98
3852,18,33,15,18,84
3853,33,33,19,14,99
3854,18,33,19,14,84
3855,0,33,19,14,66
3857,0,33,18,18,69
3860,18,33,34,14,99
3861,33,34,83,16,166
3864,18,30,53,16,117
3865,30,33,36,19,118
3866,115,34,21,29,199
3867,99,34,21,29,183
3868,82,34,21,29,166
3870,46,34,21,29,130
3871,30,34,21,29,114
3873,20,14,21,29,84
3874,0,14,21,29,64
3876,12,35,17,16,80
3878,51,32,52,17,152
3879,33,32,52,17,134
3880,16,32,52,17,117
3881,32,35,17,17,101
3882,68,17,83,17,185
3883,52,17,83,17,169
3885,17,17,83,17,134
3886,17,31,52,17,117
3888,13,36,16,17,82
3890,16,33,16,16,81
3892,98,17,17,17,149
3893,81,17,17,17,132
3894,65,17,17,17,116
3896,31,17,17,17,82
3897,16,17,17,17,67
3899,34,34,16,16,100
3900,67,16,20,14,117
3901,50,16,20,14,100
3903,16,16,20,14,66
3905,20,14,84,18,136
3907,33,36,15,18,102
3909,103,32,17,17,169
3910,87,32,17,17,153
3911,67,32,17,17,133
3912,52,32,17,17,118
3914,20,32,17,17,86
3915,0,32,17,17,66
3917,17,17,14,18,66
3918,66,17,32,16,131
3919,49,17,32,16,114
3920,35,17,32,16,100
3922,0,17,32,16,65
3923,0,32,16,17,65
3925,33,33,52,17,135
3926,34,16,52,17,119
3927,33,36,167,13,249
3928,16,36,167,13,232
3929,85,15,103,13,216
3930,65,15,103,13,196
3931,49,15,103,13,180
3932,33,15,103,13,164
3933,48,18,115,20,201
3935,17,18,115,20,170
3937,0,31,84,20,135
3939,37,31,36,14,118
3942,18,36,114,16,184
3943,36,31,83,16,166
3944,20,31,83,16,150
3945,0,31,83,16,130
3946,17,35,48,16,116
3947,16,19,48,16,99
3950,34,16,18,17,85
3951,34,35,34,14,117
3952,16,35,34,14,99
3953,0,35,34,14,83
3955,14,20,14,18,66
3956,34,18,15,18,85
3957,14,18,15,18,65
3958,0,18,15,18,51
3959,15,18,19,14,66
3960,0,18,19,14,51
3961,118,16,34,15,183
3962,99,16,34,15,164
3964,66,16,34,15,131
3966,34,16,34,15,99
3967,33,21,44,19,117
3970,13,31,19,17,80
3973,36,34,32,15,117
3974,35,16,32,15,98
3975,18,16,32,15,81
3976,16,32,31,17,96
3978,32,16,17,17,82
3980,16,34,18,16,84
3981,0,34,18,16,68
3983,0,34,16,16,66
3984,32,16,20,15,83
3986,16,35,17,17,85
3987,20,15,17,17,69
3988,15,34,17,15,81
3990,34,15,16,19,84
3991,17,15,16,19,67
3992,15,35,17,16,83
3993,16,19,17,16,68
3994,36,16,33,15,100
3995,17,16,33,15,81
3996,33,16,32,19,100
3997,33,32,19,14,98
3999,15,17,19,14,65
4000,36,14,16,17,83
4002,47,36,34,17,134
4005,0,36,34,17,87
4006,70,15,33,16,134
4007,51,15,33,16,115
4008,37,15,33,16,101
4010,32,16,16,16,80
4011,17,16,16,16,65
4012,16,32,17,17,82
4014,16,34,16,17,83
4016,17,33,85,17,152
4019,17,20,48,17,102
4020,33,17,18,17,85
4021,13,17,18,17,65
4022,35,17,83,16,151
4023,84,18,16,16,134
4024,66,18,16,16,116
4026,33,18,16,16,83
4027,66,35,82,17,200
4028,50,35,82,17,184
4029,32,35,82,17,166
4030,16,35,82,17,150
4031,17,18,82,17,134
4032,32,20,48,17,117
4033,34,31,17,17,99
4034,20,31,17,17,85
4035,16,15,17,17,65
4036,15,34,34,14,97
4037,34,34,14,17,99
4042,33,20,17,16,86
4043,16,20,17,16,69
4045,33,32,17,16,98
4046,16,32,17,16,81
4047,0,32,17,16,65
4048,16,33,16,19,84
4049,17,16,16,19,68
4051,35,32,16,17,100
4052,19,32,16,17,84
4053,16,16,16,17,65
4055,68,32,33,17,150
4057,35,32,33,17,117
4058,19,32,33,17,101
4060,15,33,17,16,81
4061,17,16,17,16,66
4062,33,16,184,17,250
4063,17,16,184,17,234
4064,32,20,148,17,217
4065,16,20,148,17,201
4066,20,33,115,17,185
4067,33,32,83,17,165
4068,16,32,83,17,148
4069,16,16,83,17,132
4070,16,34,49,17,116
4071,17,17,49,17,100
4072,17,33,16,17,83
4073,16,17,16,17,66
4074,99,16,18,16,149
4075,82,16,18,16,132
4076,66,16,18,16,116
4077,49,16,18,16,99
4081,0,34,17,17,68
4082,101,17,17,16,151
4083,85,17,17,16,135
4084,68,17,17,16,118
4085,51,17,17,16,101
4087,16,17,17,16,66
4089,116,15,150,20,301
4090,99,15,150,20,284
4093,48,15,150,20,233
4094,36,15,150,20,221
4095,15,15,150,20,200
4096,84,32,83,16,215
4098,51,32,83,16,182
4100,36,16,83,16,151
4101,16,16,83,16,131
4103,17,16,50,16,99
4104,16,36,49,16,117
4105,16,20,49,16,101
4106,20,30,19,16,85
4107,0,30,19,16,65
4108,16,35,17,17,85
4109,100,33,20,15,168
4110,81,33,20,15,149
4111,65,33,20,15,133
4112,48,33,20,15,116
4114,16,33,20,15,84
4115,17,16,20,15,68
4116,36,15,16,17,84
4117,20,15,16,17,68
4119,16,17,19,16,68
4120,200,16,16,17,249
4121,183,16,16,17,232
4122,164,16,16,17,213
4123,148,16,16,17,197
4124,132,16,16,17,181
4127,82,16,16,17,131
4128,65,16,16,17,114
4129,47,16,16,17,96
4130,31,16,16,17,80
4131,18,16,16,17,67
4133,16,17,17,20,70
4135,37,32,16,16,101
4137,32,32,18,17,99
4138,115,33,51,16,215
4139,99,33,51,16,199
4140,83,33,51,16,183
4142,82,34,33,16,165
4144,49,34,33,16,132
4146,35,15,33,16,99
4147,34,33,32,18,117
4148,48,32,34,16,130
4149,33,32,34,16,115
4150,16,32,34,16,98
4152,100,18,84,15,217
4153,84,18,84,15,201
4154,66,18,84,15,183
4155,50,18,84,15,167
4158,18,32,52,15,117
4161,0,34,18,15,67
4162,18,33,34,17,102
4164,15,34,17,16,82
4165,0,34,17,16,67
4166,17,33,17,16,83
4168,16,33,86,15,150
4169,17,16,86,15,134
4170,33,17,52,15,117
4173,16,17,19,15,67
4175,19,15,18,17,69
4177,0,35,48,16,99
4178,17,31,17,16,81
4179,64,33,116,19,232
4180,48,33,116,19,216
4181,33,33,116,19,201
4182,16,33,116,19,184
4183,0,33,116,19,168
4186,33,17,49,19,118
4187,14,17,49,19,99
4188,17,32,17,19,85
4189,0,32,17,19,68
4190,15,36,18,16,85
4191,17,19,18,16,70
4193,34,30,20,16,100
4195,50,16,81,16,163
4196,33,16,81,16,146
4197,20,16,81,16,133
4198,16,34,47,16,113
4199,0,34,47,16,97
4201,14,20,13,16,63
4202,20,29,21,13,83
4203,50,13,20,17,100
4204,37,13,20,17,87
4206,13,37,16,17,83
4207,37,33,83,16,169
4208,17,33,83,16,149
4209,16,17,83,16,132
4212,47,36,17,17,117
4213,31,36,17,17,101
4214,16,36,17,17,86
4216,33,17,17,16,83
4217,17,17,17,16,67
4218,17,33,16,17,83
4220,16,33,99,16,164
4223,68,31,33,16,148
4225,35,31,33,16,115
4226,16,31,33,16,96
4227,16,15,33,16,80
4228,31,17,16,18,82
4229,16,17,16,18,67
4231,0,34,34,16,84
4232,36,16,33,16,101
4233,34,33,16,19,102
4234,32,17,16,19,84
4235,16,17,16,19,68
4236,17,35,20,28,100
4237,16,19,20,28,83
4238,19,20,12,16,67
4239,32,32,16,16,96
4242,82,36,16,16,150
4244,50,36,16,16,118
4245,34,36,16,16,102
4247,20,16,16,16,68
4248,16,32,86,32,166
4249,98,20,16,16,150
4250,82,20,16,16,134
4251,66,20,16,16,118
4253,34,20,16,16,86
4255,85,16,16,17,134
4257,49,16,16,17,98
4259,16,16,16,17,65
4260,16,33,17,17,83
4263,34,34,35,30,133
4264,17,34,35,30,116
4265,0,34,35,30,99
4266,16,35,13,17,81
4268,18,30,83,14,145
4269,13,17,83,14,127
4270,35,17,48,14,114
4271,18,17,48,14,97
4273,0,18,44,19,81
4276,66,17,36,16,135
4277,52,17,36,16,121
4279,17,17,36,16,86
4282,19,34,47,18,118
4283,0,34,47,18,99
4285,0,30,17,18,65
4286,13,35,16,16,80
4287,35,32,34,17,118
4288,18,32,34,17,101
4290,16,34,17,16,83
4291,17,17,17,16,67
4292,34,16,84,16,150
4293,33,37,47,16,133
4296,21,33,14,16,84
4297,33,30,36,17,116
4298,35,16,36,17,104
4300,34,18,80,20,152
4301,18,18,80,20,136
4302,18,17,63,20,118
4305,15,16,16,20,67
4309,50,14,34,17,115
4310,33,14,34,17,98
4312,133,16,17,16,182
4314,105,16,17,16,154
4315,85,16,17,16,134
4317,51,16,17,16,100
4319,17,16,17,16,66
4320,16,33,18,13,80
4321,17,16,18,13,64
4322,16,31,35,15,97
4324,82,32,84,17,215
4326,50,32,84,17,183
4328,19,32,84,17,152
4330,15,33,51,17,116
4331,17,16,51,17,101
4332,16,33,83,21,153
4334,14,35,48,21,118
4336,17,32,16,21,86
4337,48,21,33,15,117
4338,32,21,33,15,101
4340,21,33,15,17,86
4341,98,33,15,18,164
4343,65,33,15,18,131
4344,50,33,15,18,116
4346,17,33,15,18,83
4349,15,18,17,16,66
4350,35,16,33,17,101
4351,17,16,33,17,83
4352,32,17,17,17,83
4353,67,33,82,18,200
4354,51,33,82,18,184
4355,34,33,82,18,167
4356,17,33,82,18,150
4359,0,34,48,18,100
4360,32,16,17,18,83
4361,31,35,18,15,99
4363,0,35,18,15,68
4364,18,33,85,17,153
4365,18,15,85,17,135
4367,17,15,86,15,133
4368,68,17,31,20,136
4369,53,17,31,20,121
4371,16,17,31,20,84
4376,0,46,36,16,98
4377,16,17,36,16,85
4378,17,36,16,17,86
4379,19,17,16,17,69
4381,33,34,13,21,101
4385,0,34,18,28,80
4386,21,18,45,17,101
4387,164,33,17,16,230
4388,179,33,17,16,245
4389,168,33,17,16,234
4390,151,33,17,16,217
4392,117,33,17,16,183
4393,100,33,17,16,166
4394,83,33,17,16,149
4395,67,33,17,16,133
4396,132,16,34,17,199
4397,116,16,34,17,183
4398,100,16,34,17,167
4399,83,16,34,17,150
4402,33,16,34,17,100
4404,16,34,17,17,84
4406,16,34,18,17,85
4408,0,17,18,17,52
4409,18,17,34,15,84
4410,17,34,48,16,115
4411,0,34,48,16,98
4412,20,32,16,16,84
4414,17,32,16,16,81
4419,34,33,24,17,108
4421,17,16,24,17,74
4422,0,16,24,17,57
4423,24,44,83,16,167
4424,17,27,83,16,143
4425,0,27,83,16,126
4427,83,16,34,18,151
4428,67,16,34,18,135
4429,50,16,34,18,118
4431,33,34,35,16,118
4432,149,34,87,12,282
4433,133,34,87,12,266
4434,116,34,87,12,249
4436,81,34,87,12,214
4437,64,34,87,12,197
4438,48,34,87,12,181
4440,13,34,87,12,146
4441,18,16,87,12,133
4442,0,16,87,12,115
4444,17,31,21,12,81
4445,14,17,21,12,64
4446,17,33,18,16,84
4447,21,12,18,16,67
4449,18,16,16,20,70
4450,52,33,15,16,116
4451,36,33,15,16,100
4452,20,33,15,16,84
4454,19,31,16,18,84
4455,0,31,16,18,65
4456,16,34,18,16,84
4457,83,22,11,19,135
4459,49,22,11,19,101
4460,53,30,19,31,133
4461,37,30,19,31,117
4462,22,30,19,31,102
4464,19,19,48,17,103
4466,14,34,17,17,82
4468,0,17,17,17,51
4470,0,17,16,16,49
4471,16,16,85,16,133
4472,16,34,51,16,117
4473,16,18,51,16,101
4474,18,32,19,16,85
4476,16,35,151,15,217
4477,19,16,151,15,201
4478,0,16,151,15,182
4480,16,32,86,15,149
4482,36,16,51,15,118
4483,19,16,51,15,101
4484,33,17,17,15,82
4486,84,31,17,16,148
4489,35,31,17,16,99
4490,17,31,17,16,81
4491,31,33,33,20,117
4493,86,14,20,29,149
4494,69,14,20,29,132
4495,53,14,20,29,116
4496,36,14,20,29,99
4497,34,20,13,16,83
4499,0,20,13,16,49
4500,13,33,20,13,79
4501,33,33,35,17,118
4502,17,33,35,17,102
4503,20,13,35,17,85
4504,13,35,17,17,82
4506,18,34,14,19,85
4507,34,33,18,14,99
4508,17,33,18,14,82
4510,19,32,33,17,101
4511,18,14,33,17,82
4512,14,33,34,16,97
4514,16,34,32,17,99
4515,17,17,32,17,83
4516,17,32,17,19,85
4517,32,36,17,16,101
4518,16,36,17,16,85
4519,87,17,15,18,137
4521,51,17,15,18,101
4523,18,17,15,18,68
4526,18,32,81,20,151
4528,34,15,49,20,118
4530,15,33,16,20,84
4532,17,36,33,18,104
4533,16,20,33,18,87
4534,20,33,47,16,116
4536,16,18,29,16,79
4538,13,32,18,17,80
4539,16,16,18,17,67
4540,34,17,17,17,85
4541,18,17,17,17,69
4542,17,34,17,14,82
4543,17,17,17,14,65
4544,17,31,86,16,150
4545,17,14,86,16,133
4547,0,37,49,16,102
4548,20,32,33,18,103
4549,83,18,48,16,165
4550,67,18,48,16,149
4552,34,18,48,16,116
4555,0,32,32,17,81
4556,19,32,17,18,86
4557,116,17,17,17,167
4559,84,17,17,17,135
4560,67,17,17,17,118
4561,49,17,17,17,100
4565,17,17,16,17,67
4566,17,33,16,16,82
4569,32,20,47,17,116
4572,13,34,34,17,98
4573,34,34,32,18,118
4574,19,34,32,18,103
4576,17,32,18,14,81
4577,17,15,18,14,64
4579,18,14,35,19,86
4580,0,14,35,19,68
4581,21,14,37,30,102
4582,14,37,13,17,81
4583,0,37,13,17,67
4584,18,30,16,16,80
4585,13,17,16,16,62
4586,17,32,19,16,84
4587,0,32,19,16,67
4589,19,16,16,16,67
4590,16,32,117,18,183
4591,16,16,117,18,167
4592,16,34,83,18,151
4593,34,33,50,18,135
4594,16,33,50,18,117
4597,22,46,49,15,132
4600,0,18,49,15,82
4601,19,45,86,16,166
4602,45,36,50,16,147
4603,32,36,50,16,134
4606,16,33,33,16,98
4607,14,19,33,16,82
4608,19,33,16,17,85
4609,0,33,16,17,66
4611,0,33,18,16,67
4612,17,34,33,16,100
4613,34,33,16,18,101
4615,17,16,16,18,67
4617,16,18,16,16,66
4618,18,32,17,17,84
4619,16,16,17,17,66
4621,0,34,16,17,67
4622,83,33,18,19,153
4624,50,33,18,19,120
4627,33,37,80,17,167
4628,116,34,16,20,186
4629,100,34,16,20,170
4633,33,34,16,20,103
4634,34,17,16,20,87
4636,17,36,17,30,100
4637,36,17,14,16,83
4638,81,37,101,16,235
4639,61,37,101,16,215
4640,44,37,101,16,198
4641,30,37,101,16,184
4645,17,16,68,16,117
4646,84,32,84,16,216
4647,68,32,84,16,200
4649,35,32,84,16,167
4650,33,16,84,16,149
4652,0,16,84,16,116
4653,33,33,18,16,100
4655,17,16,18,16,67
4657,0,34,49,17,100
4658,150,32,82,18,282
4660,117,32,82,18,249
4661,101,32,82,18,233
4663,84,16,82,18,200
4664,84,34,48,18,184
4665,65,34,48,18,165
4667,32,34,48,18,132
4669,149,17,33,18,217
4670,133,17,33,18,201
4676,432,16,17,18,483
4677,417,16,17,18,468
4678,402,16,17,18,453
4679,385,16,17,18,436
4682,334,16,17,18,385
4683,318,16,17,18,369
4684,302,16,17,18,353
4685,286,16,17,18,337
4686,264,16,17,18,315
4687,249,16,17,18,300
4688,233,16,17,18,284
4689,218,16,17,18,269
4691,185,16,17,18,236
4694,133,16,17,18,184
4695,115,16,17,18,166
4697,85,16,17,18,136
4700,34,16,17,18,85
4701,83,15,37,17,152
4702,66,15,37,17,135
4705,15,15,37,17,84
4707,0,37,34,19,90
4708,18,34,19,28,99
4709,17,17,19,28,81
4710,17,19,45,15,96
4711,19,45,116,18,198
4712,13,32,116,18,179
4713,98,33,17,18,166
4715,66,33,17,18,134
4716,51,33,17,18,119
4717,34,33,17,18,102
4720,82,32,36,15,165
4721,68,32,36,15,151
4722,51,32,36,15,134
4723,33,32,36,15,116
4725,16,16,36,15,83
4727,19,17,15,15,66
4728,0,17,15,15,47
4729,15,15,19,17,66
4730,34,17,17,15,83
4731,19,17,17,15,68
4732,49,34,51,17,151
4733,32,34,51,17,134
4734,15,34,51,17,117
4736,16,35,180,20,251
4738,17,33,147,20,217
4739,33,33,114,20,200
4741,15,18,114,20,167
4742,0,18,114,20,152
4745,16,16,49,20,101
4746,16,35,14,20,85
4747,16,19,14,20,69
4748,67,19,16,16,118
4749,48,19,16,16,99
4750,34,19,16,16,85
4751,14,19,16,16,65
4752,85,33,35,16,169
4753,66,33,35,16,150
4755,34,33,35,16,118
4756,16,33,35,16,100
4757,16,17,35,16,84
4758,17,35,16,17,85
4759,132,33,16,18,199
4762,81,33,16,18,148
4763,64,33,16,18,131
4765,33,33,16,18,100
4766,17,33,16,18,84
4767,0,33,16,18,67
4768,32,18,16,17,83
4769,34,33,86,15,168
4770,87,18,64,16,185
4772,53,18,64,16,151
4773,36,18,64,16,134
4774,17,18,64,16,115
4775,18,47,33,17,115
4777,31,33,33,18,115
4778,32,16,33,18,99
4779,84,17,83,16,200
4781,51,17,83,16,167
4782,34,17,83,16,150
4783,35,33,115,17,200
4785,17,16,115,17,165
4787,33,33,116,16,198
4788,16,33,116,16,181
4792,33,17,50,16,116
4793,81,16,17,16,130
4795,50,16,17,16,99
4797,17,16,17,16,66
4798,16,33,17,17,83
4799,167,35,18,16,236
4800,150,35,18,16,219
4801,134,35,18,16,203
4802,117,35,18,16,186
4803,100,35,18,16,169
4806,51,35,18,16,120
4808,13,35,18,16,82
4809,0,35,18,16,69
4810,18,34,16,16,84
4811,18,16,16,16,66
4812,16,32,17,16,81
4813,16,16,17,16,65
4814,16,33,82,17,148
4819,13,16,16,17,62
4820,16,33,18,16,83
4821,16,17,18,16,67
4822,35,16,83,16,150
4825,20,47,16,16,99
4826,97,17,32,16,162
4827,84,17,32,16,149
4828,67,17,32,16,132
4831,18,17,32,16,83
4832,17,32,16,17,82
4833,32,33,21,13,99
4834,16,33,21,13,83
4835,16,17,21,13,67
4836,88,29,217,17,351
4837,71,29,217,17,334
4839,37,29,217,17,300
4840,33,17,217,17,284
4842,186,20,129,17,352
4843,169,20,129,17,335
4844,152,20,129,17,318
4845,136,20,129,17,302
4846,118,20,129,17,284
4847,102,20,129,17,268
4849,67,20,129,17,233
4851,35,20,129,17,201
4854,12,33,84,17,146
4855,67,33,17,17,134
4856,51,33,17,17,118
4857,34,33,17,17,101
4858,16,33,17,17,83
4859,16,17,17,17,67
4860,83,36,50,14,183
4861,66,36,50,14,166
4862,67,18,50,14,149
4863,50,18,50,14,132
4864,33,18,50,14,115
4865,186,17,13,20,236
4866,168,17,13,20,218
4870,100,17,13,20,150
4871,86,17,13,20,136
4872,68,17,13,20,118
4874,51,33,17,14,115
4875,35,33,17,14,99
4876,17,33,17,14,81
4877,33,31,16,17,97
4878,20,31,16,17,84
4880,14,33,17,20,84
4881,16,17,17,20,70
4887,18,17,18,17,70
4888,17,35,15,18,85
4889,35,33,14,18,100
4891,15,18,14,18,65
4893,32,34,17,16,99
4894,18,34,17,16,85
4895,0,34,17,16,67
4898,16,34,84,15,149
4901,32,36,16,15,99
4902,16,36,16,15,83
4903,16,20,16,15,67
4904,20,31,18,17,86
4905,16,15,18,17,66
4906,83,33,17,17,150
4907,68,33,17,17,135
4908,50,33,17,17,117
4909,83,17,32,15,147
4910,67,17,32,15,131
4911,50,17,32,15,114
4914,17,32,32,17,98
4915,81,20,13,20,134
4916,64,20,13,20,117
4917,49,20,13,20,102
4918,34,20,13,20,87
4920,20,33,16,17,86
4922,0,20,16,17,53
4924,17,34,14,17,82
4925,0,34,14,17,65
4926,35,17,17,16,85
4927,331,33,17,16,397
4928,317,33,17,16,383
4929,300,33,17,16,366
4930,283,33,17,16,349
4931,267,33,17,16,333
4933,234,33,17,16,300
4934,216,33,17,16,282
4935,201,33,17,16,267
4936,185,33,17,16,251
4937,168,33,17,16,234
4938,151,33,17,16,217
4942,83,33,17,16,149
4943,66,33,17,16,132
4944,49,33,17,16,115
4945,33,33,17,16,99
4946,16,33,17,16,82
4947,17,16,17,16,66
4948,16,33,33,17,99
4950,66,17,17,15,115
4952,34,17,17,15,83
4953,17,17,17,15,66
4954,34,15,20,16,85
4956,35,16,18,28,97
4957,36,18,16,12,82
4958,16,18,16,12,62
4959,0,18,16,12,46
4960,47,33,17,17,114
4961,31,33,17,17,98
4962,19,33,17,17,86
4963,33,34,135,14,216
4964,16,34,135,14,199
4965,0,34,135,14,183
4966,17,36,99,14,166
4968,19,30,69,14,132
4969,13,17,69,14,113
4970,17,35,34,14,100
4971,35,34,32,17,118
4972,15,34,32,17,98
4974,34,18,17,17,86
4978,100,16,32,19,167
4979,83,16,32,19,150
4980,66,16,32,19,133
4981,50,16,32,19,117
4982,35,16,32,19,102
4985,16,16,19,16,67
4986,35,16,17,16,84
4987,35,33,16,17,101
4988,16,33,16,17,82
4989,17,16,16,17,66
4991,16,17,16,20,69
4992,17,36,16,16,85
4995,32,35,46,16,129
4997,35,17,29,16,97
4999,46,16,35,19,116
5000,29,16,35,19,99
5003,87,16,34,16,153
5004,69,16,34,16,135
5006,33,16,34,16,99
5007,17,16,34,16,83
5008,83,31,83,18,215
5010,53,31,83,18,185
5013,0,31,83,18,132
5014,14,34,49,18,115
5015,0,34,49,18,101
5016,83,36,48,17,184
5019,34,36,48,17,135
5020,34,20,48,17,119
5021,36,32,16,17,101
5022,20,32,16,17,85
5023,16,16,16,17,65
5024,16,33,182,18,249
5026,35,16,148,18,217
5027,18,16,148,18,200
5028,16,33,115,18,182
5029,16,17,115,18,166
5030,0,17,115,18,150
5032,33,16,49,18,116
5033,17,16,49,18,100
5034,65,18,51,15,149
5035,49,18,51,15,133
5036,32,18,51,15,116
5037,19,18,51,15,103
5040,20,32,34,17,103
5042,32,17,17,17,83
5044,17,34,14,19,84
5045,0,34,14,19,67
5046,81,36,147,18,282
5047,64,36,147,18,265
5049,31,36,147,18,232
5050,17,36,147,18,218
5052,33,16,117,18,184
5053,82,17,48,18,165
5055,85,16,16,18,135
5057,51,16,16,18,101
5058,33,16,16,18,83
5060,16,34,34,17,101
5061,16,18,34,17,85
5062,18,34,34,15,101
5064,33,17,32,16,98
5065,17,17,32,16,82
5066,17,32,33,17,99
5067,65,34,51,14,164
5068,50,34,51,14,149
5070,17,34,51,14,116
5071,34,34,51,14,133
5072,33,18,51,14,116
5075,17,14,20,14,65
5076,14,34,20,15,83
5077,0,34,20,15,69
5078,34,15,14,19,82
5079,20,15,14,19,68
5080,15,33,17,14,79
5081,33,31,19,19,102
5083,31,38,14,19,102
5084,33,19,14,19,85
5085,38,33,46,20,137
5088,85,32,17,17,151
5090,51,32,17,17,117
5091,37,32,17,17,103
5092,20,32,17,17,86
5093,16,16,17,17,66
5094,33,17,34,13,97
5095,17,17,34,13,81
5096,17,34,13,17,81
5097,0,34,13,17,64
5098,20,30,17,17,84
5100,86,35,13,16,150
5101,69,35,13,16,133
5102,151,22,13,15,201
5103,134,22,13,15,184
5105,99,22,13,15,149
5108,51,22,13,15,101
5109,35,22,13,15,85
5110,17,22,13,15,67
5111,85,16,17,17,135
5113,50,16,17,17,100
5114,35,16,17,17,85
5116,33,17,16,17,83
5117,34,33,34,14,115
5118,33,17,34,14,98
5119,16,17,34,14,81
5124,17,35,14,20,86
5125,49,20,49,17,135
5126,31,20,49,17,117
5127,14,20,49,17,100
5129,16,13,37,17,83
5130,13,37,33,16,99
5133,0,33,16,18,67
5134,16,34,14,19,83
5135,16,18,14,19,67
5136,101,16,17,17,151
5137,83,16,17,17,133
5138,69,16,17,17,119
5139,50,16,17,17,100
5141,97,40,45,17,199
5142,80,40,45,17,182
5143,64,40,45,17,166
5144,47,40,45,17,149
5145,30,40,45,17,132
5146,82,33,17,16,148
5147,69,33,17,16,135
5148,49,33,17,16,115
5149,62,33,16,19,130
5150,49,33,16,19,117
5152,17,33,16,19,85
5154,16,35,33,17,101
5155,0,35,33,17,85
5156,36,16,35,13,100
5158,33,18,13,17,81
5161,13,17,84,18,132
5162,34,16,51,18,119
5164,16,35,34,14,99
5165,103,33,14,16,166
5166,87,33,14,16,150
5167,68,33,14,16,131
5168,52,33,14,16,115
5169,34,33,14,16,97
5170,20,33,14,16,83
5171,13,20,14,16,63
5172,20,30,20,16,86
5175,20,16,83,16,135
5176,32,15,52,16,115
5177,31,36,16,16,99
5179,68,34,15,18,135
5181,32,34,15,18,99
5182,16,34,15,18,83
5183,34,33,16,16,99
5184,82,34,85,14,215
5185,65,34,85,14,198
5187,32,34,85,14,165
5188,16,34,85,14,149
5189,34,32,53,14,133
5190,187,29,51,17,284
5191,170,29,51,17,267
5192,154,29,51,17,251
5193,138,29,51,17,235
5194,121,29,51,17,218
5196,85,29,51,17,182
5197,71,29,51,17,168
5198,54,29,51,17,151
5201,47,18,15,17,97
5202,31,18,15,17,81
5203,18,18,15,17,68
5204,18,32,19,16,85
5205,32,35,16,16,99
5206,84,33,51,15,183
5207,67,33,51,15,166
5208,48,33,51,15,147
5209,82,16,18,15,131
5210,66,16,18,15,115
5211,50,16,18,15,99
5213,17,16,18,15,66
5215,0,33,17,20,70
5216,15,37,32,17,101
5218,20,32,33,12,97
5219,12,20,33,12,77
5220,20,33,12,22,87
5222,16,34,13,19,82
5223,34,32,150,17,233
5225,13,19,150,17,199
5229,83,16,17,17,133
5231,50,16,17,17,100
5232,33,16,17,17,83
5233,19,16,17,17,69
5234,33,17,17,17,84
5235,34,34,32,17,117
5236,152,32,117,16,317
5238,118,32,117,16,283
5239,101,32,117,16,266
5240,85,32,117,16,250
5241,69,32,117,16,234
5243,35,32,117,16,200
5244,18,32,117,16,183
5247,117,16,14,18,165
5248,101,16,14,18,149
5249,85,16,14,18,133
5250,68,16,14,18,116
5252,35,16,14,18,83
5253,18,16,14,18,66
5256,86,35,16,19,156
5257,68,35,16,19,138
5258,48,35,16,19,118
5260,17,35,16,19,87
5261,35,35,13,18,101
5262,21,35,13,18,87
5265,80,17,17,16,130
5266,67,17,17,16,117
5267,49,17,17,16,99
5268,35,17,17,16,85
5269,17,17,17,16,67
5271,17,16,19,30,82
5272,16,19,46,16,97
5273,0,19,46,16,81
5274,14,32,16,19,81
5275,16,16,16,19,67
5276,16,35,14,18,83
5278,19,32,16,20,87
5279,0,32,16,20,68
5282,83,36,33,18,170
5283,63,36,33,18,150
5284,47,36,33,18,134
5286,16,36,33,18,103
5289,33,32,17,16,98
5290,19,32,17,16,84
5293,17,16,84,17,134
5294,16,33,51,17,117
5297,16,23,47,17,103
5298,70,17,16,18,121
5299,47,17,16,18,98
5300,35,17,16,18,86
5301,18,17,16,18,69
5302,17,34,50,32,133
5303,34,30,20,32,116
5305,30,20,16,16,82
5306,37,50,16,16,119
5307,20,50,16,16,102
5308,16,34,16,16,82
5310,0,18,16,16,50
5312,34,16,17,13,80
5313,18,16,17,13,64
5315,65,33,85,14,197
5316,48,33,85,14,180
5317,35,33,85,14,167
5318,17,33,85,14,149
5322,34,16,33,18,101
5323,17,16,33,18,84
5324,16,33,34,17,100
5325,19,14,34,17,84
5326,32,16,17,17,82
5327,18,16,17,17,68
5328,33,17,16,19,85
5329,34,35,114,16,199
5330,17,35,114,16,182
5333,16,17,81,16,130
5335,32,33,16,16,97
5336,15,33,16,16,80
5337,0,33,16,16,65
5338,32,16,18,17,83
5339,32,35,16,16,99
5340,16,35,16,16,83
5341,0,35,16,16,67
5342,83,33,17,17,150
5343,66,33,17,17,133
5346,17,33,17,17,84
5347,0,33,17,17,67
5348,16,34,33,18,101
5349,17,17,33,18,85
5350,85,30,35,17,167
5351,68,30,35,17,150
5353,35,30,35,17,117
5355,16,14,35,17,82
5357,19,16,83,17,135
5358,16,34,49,17,116
5359,17,17,49,17,100
5361,16,16,17,17,66
5362,16,34,18,15,83
5364,17,33,33,18,101
5366,15,33,85,16,149
5367,17,16,85,16,134
5368,16,34,51,16,117
5369,34,34,17,16,101
5371,0,34,17,16,67
5372,17,33,18,16,84
5374,85,33,15,17,150
5375,69,33,15,17,134
5378,17,33,15,17,82
5380,0,18,15,17,50
5382,17,34,16,16,83
5385,16,16,17,16,65
5387,0,33,117,17,167
5388,16,34,83,17,150
5389,0,34,83,17,134
5390,32,17,50,17,116
5393,33,34,84,18,169
5394,16,34,84,18,152
5395,17,17,84,18,136
5397,18,17,49,18,102
5400,19,34,33,17,103
5401,16,18,33,17,84
5402,0,18,33,17,68
5403,14,19,17,17,67
5406,80,21,13,17,131
5407,63,21,13,17,114
5408,47,21,13,17,98
5411,21,47,16,16,100
5412,47,32,18,16,113
5413,66,34,17,16,133
5415,32,34,17,16,99
5416,16,34,17,16,83
5417,34,33,17,19,103
5418,16,33,17,19,85
5419,0,33,17,19,69
5421,0,36,14,17,67
5422,33,17,17,17,84
5425,34,33,15,20,102
5426,17,33,15,20,85
5427,17,16,15,20,68
5428,16,35,16,17,84
5429,68,33,56,27,184
5431,33,33,56,27,149
5432,17,33,56,27,133
5433,0,33,56,27,116
5434,17,37,19,27,100
5435,37,19,9,18,83
5436,20,19,9,18,66
5438,9,35,16,18,78
5440,151,34,15,17,217
5442,118,34,15,17,184
5444,83,34,15,17,149
5447,35,34,15,17,101
5448,34,18,15,17,84
5449,16,18,15,17,66
5450,81,36,17,16,150
5451,63,36,17,16,132
5453,31,36,17,16,100
5454,15,36,17,16,84
5455,20,16,17,16,69
5456,16,33,16,16,81
5457,17,16,16,16,65
5458,32,16,37,28,113
5459,16,16,37,28,97
5460,16,37,45,21,119
5461,82,21,16,15,134
5462,99,15,16,19,149
5464,69,15,16,19,119
5465,54,15,16,19,104
5466,37,15,16,19,87
5467,16,15,16,19,66
5468,15,35,13,21,84
5469,0,35,13,21,69
5470,19,34,16,17,86
5473,16,17,16,17,66
5474,33,17,17,14,81
5476,83,33,33,18,167
5479,35,33,33,18,119
5480,85,35,17,15,152
5481,66,35,17,15,133
5482,49,35,17,15,116
5483,33,35,17,15,100
5486,34,15,16,16,81
5487,81,15,17,20,133
5488,64,15,17,20,116
5489,49,15,17,20,101
5490,33,15,17,20,85
5492,15,37,81,16,149
5493,37,32,118,17,204
5494,101,16,53,17,187
5495,81,16,53,17,167
5497,49,16,53,17,135
5498,32,16,53,17,118
5499,14,16,53,17,100
5500,34,16,19,17,86
5501,18,16,19,17,70
5502,16,36,14,20,86
5504,17,34,20,28,99
5505,14,20,20,28,82
5506,118,34,15,17,184
5508,78,34,15,17,144
5509,68,34,15,17,134
5512,34,17,15,17,83
5513,17,17,15,17,66
5516,17,36,181,19,253
5519,16,13,152,19,200
5521,434,34,33,20,521
5522,417,34,33,20,504
5523,396,34,33,20,483
5524,384,34,33,20,471
5525,365,34,33,20,452
5528,315,34,33,20,402
5531,263,34,33,20,350
5534,216,34,33,20,303
5537,165,34,33,20,252
5538,149,34,33,20,236
5539,132,34,33,20,219
5541,97,34,33,20,184
5543,66,34,33,20,153
5544,50,34,33,20,137
5545,34,34,33,20,121
5546,37,14,33,20,104
5547,34,33,20,16,103
5548,100,16,14,20,150
5549,86,16,14,20,136
5550,70,16,14,20,120
5551,53,16,14,20,103
5553,33,34,17,33,117
5554,16,34,17,33,100
5555,0,34,17,33,84
5556,20,17,16,17,70
5557,17,49,16,17,99
5558,16,33,16,17,82
5561,16,17,14,16,63
5563,30,35,32,20,117
5564,170,16,82,16,284
5565,154,16,82,16,268
5567,119,16,82,16,233
5568,103,16,82,16,217
5569,87,16,82,16,201
5571,118,16,50,17,201
5572,99,16,50,17,182
5573,86,16,50,17,169
5574,66,16,50,17,149
5577,18,16,50,17,101
5578,16,32,119,15,182
5580,16,35,84,15,150
5582,17,33,51,15,116
5584,16,34,184,16,250
5587,17,15,152,16,200
5588,15,34,118,16,183
5589,34,32,86,16,168
5590,17,32,86,16,151
5593,16,20,84,17,137
5594,20,30,84,19,153
5595,50,16,48,19,133
5599,18,49,18,31,116
5600,49,18,149,17,233
5601,32,18,149,17,216
5602,19,18,149,17,203
5604,16,32,101,17,166
5605,15,17,101,17,150
5608,17,33,35,17,102
5610,16,35,17,16,84
5611,15,20,17,16,68
5613,17,16,34,16,83
5614,34,49,17,15,115
5615,18,49,17,15,99
5618,0,17,17,15,49
5620,33,14,17,16,80
5621,18,14,17,16,65
5622,0,14,17,16,47
5623,0,33,17,19,69
5625,0,36,33,17,86
5626,19,33,17,15,84
5629,0,32,32,16,80
5630,0,15,32,16,63
5631,32,37,82,16,167
5632,16,37,82,16,151
5633,16,21,82,16,135
5635,82,16,16,18,132
5637,134,34,16,15,199
5638,120,34,16,15,185
5640,84,34,16,15,149
5641,68,34,16,15,133
5642,52,34,16,15,117
5643,34,34,16,15,99
5644,17,34,16,15,82
5645,0,34,16,15,65
5646,18,31,16,17,82
5648,31,17,33,16,97
5652,12,34,233,17,296
5653,16,18,233,17,284
5654,18,36,197,17,268
5655,82,17,134,17,250
5657,46,17,134,17,214
5658,33,17,134,17,201
5661,84,17,33,17,151
5663,49,17,33,17,116
5664,33,17,33,17,100
5665,33,33,32,17,115
5666,33,17,32,17,99
5667,16,17,32,17,82
5668,17,32,17,17,83
5669,17,15,17,17,66
5671,88,46,17,17,168
5672,71,46,17,17,151
5673,54,46,17,17,134
5675,18,46,17,17,98
5677,48,17,17,16,98
5678,33,17,17,16,83
5679,17,17,17,16,67
5680,17,33,16,17,83
5681,17,16,16,17,66
5682,32,17,17,17,83
5684,17,34,19,18,88
5686,17,37,13,19,86
5687,19,18,13,19,69
5689,13,19,14,18,64
5690,19,32,14,20,85
5691,113,18,32,17,180
5693,81,18,32,17,148
5695,47,18,32,17,114
5697,15,18,32,17,82
5698,18,32,17,19,86
5699,19,13,17,19,68
5700,13,36,15,19,83
5703,0,34,31,16,81
5704,83,33,17,19,152
5705,64,33,17,19,133
5706,50,33,17,19,119
5707,33,33,17,19,102
5708,17,33,17,19,86
5709,69,33,17,16,135
5710,52,33,17,16,118
5712,19,33,17,16,85
5713,0,33,17,16,66
5715,0,33,18,17,68
5716,16,35,16,16,83
5717,103,31,15,18,167
5719,68,31,15,18,132
5721,36,31,15,18,100
5722,21,31,15,18,85
5723,0,31,15,18,64
5724,83,36,18,13,150
5729,67,37,115,17,236
5731,31,37,115,17,200
5732,13,37,115,17,182
5733,0,37,115,17,169
5736,15,35,49,17,116
5737,16,19,49,17,101
5738,34,17,83,17,151
5739,15,17,83,17,132
5741,17,17,49,17,100
5742,83,33,16,19,151
5743,66,33,16,19,134
5744,49,33,16,19,117
5746,35,15,16,19,85
5748,82,31,17,19,149
5751,32,31,17,19,99
5752,16,31,17,19,83
5753,31,36,81,22,170
5755,36,33,48,22,139
5756,19,33,48,22,122
5757,16,17,48,22,103
5758,17,32,16,22,87
5759,16,16,16,22,70
5760,16,38,11,20,85
5763,31,31,17,16,95
5765,0,31,17,16,64
5766,17,33,16,19,85
5767,33,35,118,13,199
5768,16,35,118,13,182
5769,0,35,118,13,166
5770,19,33,85,13,150
5773,16,17,52,13,98
5774,17,35,17,13,82
5778,13,36,16,16,81
5783,66,34,16,18,134
5784,50,34,16,18,118
5785,33,34,16,18,101
5786,17,34,16,18,85
5787,133,34,16,19,202
5788,115,34,16,19,184
5789,99,34,16,19,168
5791,65,34,16,19,134
5792,49,34,16,19,118
5793,33,34,16,19,102
5794,14,34,16,19,83
5795,34,35,17,21,107
5796,33,19,17,21,90
5797,16,19,17,21,73
5798,19,38,13,16,86
5799,184,13,17,20,234
5800,167,13,17,20,217
5801,146,13,17,20,196
5802,133,13,17,20,183
5803,117,13,17,20,167
5804,103,13,17,20,153
5805,84,13,17,20,134
5806,68,13,17,20,118
5807,52,13,17,20,102
5808,34,13,17,20,84
5809,30,37,33,16,116
5811,37,33,16,18,104
5813,17,16,16,18,67
5816,18,29,103,15,165
5817,0,29,103,15,147
5818,16,37,66,15,134
5819,19,18,66,15,118
5820,18,18,48,15,99
5821,18,48,15,18,99
5823,17,18,15,18,68
5824,119,31,17,16,183
5826,86,31,17,16,150
5827,68,31,17,16,132
5828,50,31,17,16,114
5829,34,31,17,16,98
5830,31,17,17,16,81
5831,14,17,17,16,64
5832,17,33,18,17,85
5834,16,35,14,17,82
5835,18,17,14,17,66
5836,17,31,17,17,82
5840,36,17,49,16,118
5842,17,31,18,16,82
5843,14,17,18,16,65
5844,17,34,116,18,185
5845,18,16,116,18,168
5846,16,34,82,18,150
5848,34,17,49,18,118
5849,16,17,49,18,100
5850,17,33,16,18,84
5854,18,33,51,16,118
5856,67,16,34,17,134
5857,51,16,34,17,118
5858,36,16,34,17,103
5859,20,16,34,17,87
5860,16,34,17,16,83
5861,67,35,13,20,135
5862,50,35,13,20,118
5863,33,35,13,20,101
5864,16,35,13,20,84
5865,17,18,13,20,68
5866,18,33,14,16,81
5867,13,20,14,16,63
5868,34,16,18,17,85
5869,30,35,17,14,96
5870,16,35,17,14,82
5871,0,35,17,14,66
5872,17,31,17,16,81
5874,14,33,86,18,151
5875,17,16,86,18,137
5876,16,34,52,18,120
5877,86,18,13,21,138
5880,35,18,13,21,87
5881,36,34,12,18,100
5882,18,34,12,18,82
5883,34,30,33,18,115
5884,33,18,33,18,102
5885,12,18,33,18,81
5886,18,33,34,16,101
5888,16,34,32,19,101
5889,85,17,17,16,135
5890,117,34,98,16,265
5891,101,34,98,16,249
5892,85,34,98,16,233
5893,69,34,98,16,217
5894,50,34,98,16,198
5896,16,34,98,16,164
5897,17,17,98,16,148
5898,17,31,67,16,131
5899,31,35,32,16,114
5900,83,34,83,18,218
5901,67,34,83,18,202
5902,49,34,83,18,184
5903,32,34,83,18,167
5904,133,18,17,16,184
5905,117,18,17,16,168
5906,101,18,17,16,152
5907,83,18,17,16,134
5909,50,18,17,16,101
5910,33,18,17,16,84
5911,35,33,31,20,119
5912,18,33,31,20,102
5914,33,14,83,20,150
5918,163,18,85,16,282
5919,149,18,85,16,268
5920,131,18,85,16,250
5922,100,18,85,16,219
5923,80,18,85,16,199
5924,66,18,85,16,185
5926,51,32,53,16,152
5927,31,32,53,16,132
5928,18,32,53,16,119
5930,16,36,81,20,153
5931,20,16,81,20,137
5935,0,35,67,14,116
5936,30,20,34,14,98
5937,13,20,34,14,81
5938,20,34,14,17,85
5941,31,33,18,16,98
5942,17,33,18,16,84
5945,18,16,14,20,68
5946,50,34,31,17,132
5947,34,34,31,17,116
5948,20,34,31,17,102
5949,34,31,17,17,99
5951,97,36,13,20,166
5952,81,36,13,20,150
5953,66,36,13,20,135
5954,49,36,13,20,118
5956,16,36,13,20,85
5957,0,36,13,20,69
5959,33,34,16,16,99
5960,20,34,16,16,86
5961,17,17,16,16,66
5962,33,16,83,17,149
5963,16,16,83,17,132
5964,34,17,48,17,116
5967,16,16,16,17,65
5970,82,36,47,20,185
5971,65,36,47,20,168
5973,33,36,47,20,136
5974,16,36,47,20,119
5976,19,33,34,14,100
5978,16,34,47,18,115
5979,34,31,16,18,99
5980,34,17,16,18,85
5981,14,17,16,18,65
5982,82,36,18,15,151
5983,65,36,18,15,134
5985,31,36,18,15,100
5986,31,18,18,15,82
5987,18,18,18,15,69
5988,18,33,32,18,101
5989,18,15,32,18,83
5990,15,32,35,16,98
5992,16,35,16,20,87
5993,84,19,18,31,152
5994,66,19,18,31,134
5995,86,47,182,17,332
5996,70,47,182,17,316
5997,50,47,182,17,296
