序号,发送->接收,接收->转发,转发->接收,接收->处理,总计
1,0,36,15,17,68
2,0,32,16,22,70
3,0,17,16,22,55
5,22,31,18,13,84
6,12,19,18,13,62
7,19,31,20,14,84
9,13,34,15,20,82
11,14,35,15,17,81
12,0,35,15,17,67
13,20,32,18,17,87
14,0,32,18,17,67
15,17,35,14,16,82
16,0,35,14,16,65
17,17,30,18,18,83
18,14,16,18,18,66
19,16,36,18,13,83
22,18,13,18,16,65
23,13,34,17,18,82
24,0,34,17,18,69
25,16,35,15,17,83
26,17,18,15,17,67
27,18,32,15,18,83
30,15,18,17,17,67
33,17,34,18,14,83
34,17,17,18,14,66
35,17,32,17,17,83
37,14,34,18,14,80
39,17,32,17,18,84
40,18,14,17,18,67
43,18,34,15,18,85
44,0,34,15,18,67
45,17,33,18,16,84
46,15,18,18,16,67
47,18,34,14,18,84
49,16,32,18,14,80
51,18,32,17,17,84
52,18,14,17,17,66
53,14,34,18,15,81
54,17,17,18,15,67
56,18,15,24,6,63
58,24,6,30,31,91
60,0,30,14,17,61
61,14,30,21,16,81
62,17,13,21,16,67
63,13,37,15,15,80
64,21,16,15,15,67
65,16,30,19,14,79
67,15,33,20,16,84
68,19,14,20,16,69
69,14,36,14,19,83
70,20,16,14,19,69
71,16,33,15,20,84
72,0,33,15,20,68
73,19,35,16,16,86
75,20,32,17,16,85
76,0,32,17,16,65
77,16,33,16,15,80
79,16,31,18,15,80
81,15,33,20,14,82
82,0,33,20,14,67
83,15,34,17,17,83
84,0,34,17,17,68
88,17,17,14,17,65
89,17,31,18,18,84
90,14,17,18,18,67
92,0,36,14,17,67
93,18,31,18,15,82
94,14,17,18,15,64
96,18,15,18,16,67
97,15,34,18,17,84
98,0,34,18,17,69
100,0,35,15,16,66
101,17,31,17,17,82
102,0,31,17,17,65
103,16,34,18,17,85
104,17,17,18,17,69
105,17,35,15,16,83
106,0,35,15,16,66
108,0,31,17,20,68
109,16,37,12,20,85
111,20,32,17,14,83
112,0,32,17,14,63
113,20,31,17,17,85
114,17,14,17,17,65
115,14,34,17,17,82
116,17,17,17,17,68
117,17,34,17,18,86
118,17,17,17,18,69
120,0,35,13,17,65
122,0,30,17,18,65
124,0,35,17,16,68
125,18,33,18,16,85
126,17,16,18,16,67
128,0,34,17,17,68
129,16,34,16,14,80
130,0,34,16,14,64
131,17,30,21,14,82
132,16,14,21,14,65
134,0,35,16,20,71
135,14,36,14,19,83
136,16,20,14,19,69
138,0,33,17,16,66
140,17,16,15,18,66
142,15,18,14,17,64
143,18,31,18,20,87
144,14,17,18,20,69
146,18,20,14,18,70
148,14,18,14,19,65
149,18,33,15,18,84
151,19,33,16,15,83
152,0,33,16,15,64
153,18,31,19,16,84
154,16,15,19,16,66
157,16,34,14,17,81
158,16,18,14,17,65
159,18,31,17,18,84
160,0,31,17,18,66
161,17,35,0,17,69
162,17,18,0,17,52
163,18,34,17,17,86
164,0,34,17,17,68
165,17,34,13,18,82
166,17,17,13,18,65
168,13,18,21,11,63
169,18,32,18,18,86
170,21,11,18,18,68
171,11,36,15,18,80
172,18,18,15,18,69
173,18,33,15,18,84
174,0,33,15,18,66
175,18,33,15,19,85
177,18,34,16,14,82
178,0,34,16,14,64
180,0,30,19,14,63
181,14,33,19,18,84
182,19,14,19,18,70
183,14,37,15,17,83
184,19,18,15,17,69
185,18,32,17,17,84
188,17,17,17,14,65
189,17,31,19,17,84
192,19,17,17,14,67
193,17,31,17,18,83
195,14,35,18,15,82
196,17,18,18,15,68
197,18,33,18,16,85
198,0,33,18,16,67
199,15,34,18,17,84
200,18,16,18,17,69
203,17,31,15,17,80
204,15,16,15,17,63
205,16,32,18,17,83
206,0,32,18,17,67
207,17,35,18,13,83
208,18,17,18,13,66
209,17,31,19,16,83
210,18,13,19,16,66
212,19,16,17,17,69
213,16,34,18,14,82
215,17,32,21,17,87
216,18,14,21,17,70
217,14,38,14,18,84
218,0,38,14,18,70
220,0,32,16,15,63
221,18,31,16,20,85
225,20,33,18,13,84
226,14,19,18,13,64
228,0,31,19,15,65
229,13,34,16,19,82
230,19,15,16,19,69
231,15,35,0,14,64
232,16,19,0,14,49
233,19,32,16,16,83
234,0,32,16,16,64
236,16,16,20,13,65
237,16,33,18,17,84
238,0,33,18,17,68
239,13,35,19,13,80
240,0,35,19,13,67
242,0,32,19,17,68
243,13,36,14,17,80
245,17,31,16,18,82
246,14,17,16,18,65
248,0,34,15,18,67
249,18,33,18,16,85
250,15,18,18,16,67
252,18,16,15,17,66
253,16,32,18,14,80
258,0,36,14,17,67
259,19,31,19,17,86
260,0,31,19,17,67
261,17,36,14,19,86
262,19,17,14,19,69
265,19,32,18,16,85
266,14,18,18,16,66
267,18,34,18,14,84
268,18,16,18,14,66
269,16,32,18,15,81
270,18,14,18,15,65
271,14,33,18,16,81
272,0,33,18,16,67
274,0,34,18,17,69
275,16,35,18,14,83
276,0,35,18,14,67
277,17,32,19,14,82
279,14,33,18,18,83
281,14,36,14,17,81
283,18,31,18,14,81
284,14,17,18,14,63
287,14,35,18,16,83
288,18,17,18,16,69
289,17,34,19,16,86
290,18,16,19,16,69
292,19,16,13,17,65
293,16,30,20,16,82
294,13,17,20,16,66
297,16,31,18,17,82
298,0,31,18,17,66
299,17,35,17,14,83
300,0,35,17,14,66
301,17,31,18,17,83
302,17,14,18,17,66
304,0,35,15,17,67
307,17,34,17,19,87
309,16,36,14,18,84
311,19,32,15,17,83
312,14,18,15,17,64
313,18,32,17,16,83
314,15,17,17,16,65
315,17,33,19,17,86
316,17,16,19,17,69
317,16,36,16,16,84
318,19,17,16,16,68
319,17,32,20,13,82
321,16,33,18,18,85
322,0,33,18,18,69
324,18,18,14,20,70
325,18,34,14,17,83
327,20,31,17,18,86
329,17,35,13,18,83
330,17,18,13,18,66
332,13,18,17,17,65
334,17,17,14,17,65
335,17,31,17,17,82
336,0,31,17,17,65
337,17,34,18,20,89
338,17,17,18,20,72
339,17,38,13,17,85
341,20,30,15,17,82
342,0,30,15,17,62
343,17,32,18,15,82
345,0,17,18,15,50
346,18,15,17,18,68
347,15,35,15,20,85
348,0,35,15,20,70
350,0,35,18,12,65
351,20,30,17,17,84
353,12,34,16,18,80
354,0,34,16,18,68
355,17,34,18,16,85
356,0,34,18,16,68
357,18,34,18,15,85
360,18,15,18,13,64
361,15,31,18,17,81
362,18,13,18,17,66
365,17,34,16,15,82
367,19,31,19,12,81
369,15,31,22,16,84
370,0,31,22,16,69
371,12,38,16,16,82
373,16,32,17,16,81
375,16,33,18,16,83
377,16,34,18,14,82
378,0,34,18,14,66
379,16,32,18,17,83
380,0,32,18,17,67
381,0,14,18,17,49
384,0,32,17,16,65
386,0,33,18,16,67
389,16,36,18,17,87
390,17,19,18,17,71
391,19,35,14,14,82
392,0,35,14,14,63
393,17,28,20,17,82
394,0,28,20,17,65
395,14,37,15,21,87
396,0,37,15,21,73
397,17,36,14,16,83
399,21,30,18,15,84
400,0,30,18,15,63
401,16,33,19,13,81
402,0,33,19,13,65
403,15,32,19,18,84
404,19,13,19,18,69
406,19,18,15,18,70
407,18,33,13,19,83
408,15,18,13,19,65
409,18,32,15,18,83
410,0,32,15,18,65
413,18,32,20,17,87
414,14,18,20,17,69
415,18,37,13,18,86
416,20,17,13,18,68
417,17,31,19,16,83
419,18,35,15,17,85
420,19,16,15,17,67
421,16,32,15,18,81
424,0,33,15,18,66
425,18,33,14,20,85
426,15,18,14,20,67
427,18,34,14,17,83
428,14,20,14,17,65
429,20,31,19,15,85
430,14,17,19,15,65
431,0,17,19,15,51
432,19,15,18,17,69
434,0,35,14,17,66
435,17,31,17,18,83
436,14,17,17,18,66
437,17,35,18,16,86
438,0,35,18,16,69
439,18,34,18,14,84
440,18,16,18,14,66
442,0,32,19,13,64
443,14,32,18,18,82
444,19,13,18,18,68
445,13,36,17,18,84
447,18,35,13,18,84
448,17,18,13,18,66
449,18,31,18,14,81
450,0,31,18,14,63
451,18,32,18,18,86
452,0,32,18,18,68
453,14,36,13,17,80
454,0,36,13,17,66
458,0,32,18,19,69
459,13,37,14,17,81
460,0,37,14,17,68
461,19,31,18,17,85
463,17,35,18,17,87
464,18,17,18,17,70
465,17,35,14,19,85
466,0,35,14,19,68
467,17,33,15,17,82
468,14,19,15,17,65
469,19,32,15,18,84
472,15,18,17,17,67
473,18,34,17,17,86
474,17,17,17,17,68
475,17,34,15,17,83
476,17,17,15,17,66
478,15,17,17,17,66
481,17,35,13,18,83
483,17,31,17,17,82
485,18,34,17,15,84
486,17,17,17,15,66
487,17,32,15,17,81
488,17,15,15,17,64
489,15,32,18,19,84
490,0,32,18,19,69
491,17,37,14,19,87
492,0,37,14,19,70
493,19,33,14,17,83
494,0,33,14,17,64
495,19,31,17,18,85
496,14,17,17,18,66
498,17,18,15,16,66
499,18,31,18,16,83
500,15,16,18,16,65
501,16,34,17,18,85
502,0,34,17,18,69
503,16,35,17,15,83
504,17,18,17,15,67
505,18,32,17,18,85
507,15,35,17,16,83
508,17,18,17,16,68
509,18,33,18,13,82
511,16,31,18,17,82
514,18,17,18,15,68
515,17,33,19,12,81
517,15,31,18,18,82
518,19,12,18,18,67
524,18,15,18,17,68
525,15,35,14,17,81
526,0,35,14,17,66
527,17,31,19,15,82
529,17,34,18,18,87
530,19,15,18,18,70
531,15,36,14,17,82
533,18,31,18,16,83
534,0,31,18,16,65
535,17,34,15,16,82
536,18,16,15,16,65
537,16,31,18,18,83
538,15,16,18,18,67
540,0,36,16,17,69
541,18,33,16,17,84
542,0,33,16,17,66
544,0,33,16,19,68
545,17,35,15,15,82
546,16,19,15,15,65
547,19,30,17,20,86
549,15,37,16,15,83
551,20,31,15,18,84
552,16,15,15,18,64
554,0,33,18,17,68
556,18,17,14,17,66
557,17,31,19,14,81
559,17,33,18,17,85
560,19,14,18,17,68
561,14,35,17,15,81
562,18,17,17,15,67
563,17,32,17,18,84
566,17,18,15,17,67
567,18,32,18,16,84
568,15,17,18,16,66
570,0,34,18,14,66
571,16,32,18,18,84
572,0,32,18,18,68
573,14,36,14,18,82
575,18,32,15,19,84
576,0,32,15,19,66
577,18,34,14,18,84
578,15,19,14,18,66
579,19,32,18,16,85
580,14,18,18,16,66
581,18,34,17,17,86
583,16,34,15,16,81
584,17,17,15,16,65
586,15,16,19,17,67
588,19,17,15,18,69
589,17,33,16,17,83
592,0,33,18,14,65
593,17,32,18,17,84
594,0,32,18,17,67
595,14,35,0,15,64
597,17,32,18,16,83
598,0,32,18,16,66
599,0,17,18,16,51
600,0,34,18,14,66
601,16,32,18,18,84
602,0,32,18,18,68
603,14,36,15,17,82
604,0,36,15,17,68
606,0,32,15,17,64
607,17,32,18,17,84
608,15,17,18,17,67
609,17,35,17,17,86
613,17,31,20,14,82
615,17,34,18,18,87
616,0,34,18,18,70
617,14,36,14,17,81
618,0,36,14,17,67
621,17,35,14,17,83
624,0,31,18,18,67
625,17,36,14,17,84
626,18,18,14,17,67
627,18,31,17,17,83
628,14,17,17,17,65
629,17,34,18,14,83
630,17,17,18,14,66
631,17,32,19,14,82
633,14,33,17,18,82
634,19,14,17,18,68
637,18,34,15,17,84
638,0,34,15,17,66
640,0,32,17,17,66
641,17,34,18,17,86
643,17,35,15,17,84
644,18,17,15,17,67
645,17,32,17,17,83
648,17,17,14,17,65
650,0,31,18,17,66
651,17,35,18,14,84
654,18,14,18,16,66
655,14,34,18,14,80
656,18,16,18,14,66
657,16,32,18,18,84
659,14,36,15,17,82
660,0,36,15,17,68
661,18,32,18,17,85
662,15,17,18,17,67
663,17,35,15,17,84
664,0,35,15,17,67
666,0,32,18,17,67
667,17,35,15,17,84
668,18,17,15,17,67
669,17,32,17,16,82
670,15,17,17,16,65
671,17,33,18,17,85
672,17,16,18,17,68
673,16,35,17,14,82
674,18,17,17,14,66
675,17,31,17,18,83
676,17,14,17,18,66
677,14,35,15,19,83
678,0,35,15,19,69
679,18,34,15,18,85
680,0,34,15,18,67
681,19,33,15,17,84
684,0,32,18,16,66
685,17,34,16,17,84
686,18,16,16,17,67
687,16,33,18,14,81
688,16,17,18,14,65
694,0,31,17,17,65
695,13,34,19,17,83
696,0,34,19,17,70
697,17,36,14,17,84
698,0,36,14,17,67
700,14,17,18,17,66
701,17,35,16,15,83
703,17,31,18,17,83
704,16,15,18,17,66
705,15,35,18,15,83
706,0,35,18,15,68
707,17,33,18,14,82
711,14,34,18,17,83
712,0,34,18,17,69
713,16,35,15,17,83
714,18,17,15,17,67
715,17,32,17,17,83
716,15,17,17,17,66
717,17,34,17,16,84
718,17,17,17,16,67
720,17,16,18,14,65
721,16,32,19,17,84
722,18,14,19,17,68
723,14,36,14,18,82
725,17,32,17,19,85
726,0,32,17,19,68
728,17,19,14,18,68
729,19,32,14,19,84
730,14,18,14,19,65
731,18,33,15,16,82
732,14,19,15,16,64
733,19,31,17,17,84
736,17,17,19,14,67
737,17,33,18,18,86
738,19,14,18,18,69
740,0,36,15,17,68
743,17,34,15,16,82
744,0,34,15,16,65
745,17,31,18,15,81
747,16,33,18,18,85
748,18,15,18,18,69
749,15,36,14,18,83
750,18,18,14,18,68
751,18,32,18,17,85
752,14,18,18,17,67
753,18,35,14,18,85
754,0,35,14,18,67
755,17,32,17,15,81
756,14,18,17,15,64
758,17,15,23,29,84
759,15,23,11,18,67
760,23,46,17,14,100
762,18,17,17,14,66
763,17,31,17,18,83
764,17,14,17,18,66
765,14,35,17,17,83
767,18,34,15,16,83
771,16,36,14,17,83
772,18,18,14,17,67
773,18,31,18,17,84
774,14,17,18,17,66
775,17,35,17,15,84
776,18,17,17,15,67
777,17,32,17,17,83
778,17,15,17,17,66
779,15,34,18,17,84
780,17,17,18,17,69
781,17,35,15,15,82
782,18,17,15,15,65
783,17,30,18,16,81
785,15,34,17,17,83
786,18,16,17,17,68
787,16,34,20,14,84
788,17,17,20,14,68
790,20,14,20,16,70
791,14,36,14,15,79
792,0,36,14,15,65
793,16,29,18,17,80
794,14,15,18,17,64
795,15,35,15,18,83
797,17,33,15,18,83
798,15,18,15,18,66
799,18,33,18,16,85
801,18,34,17,18,87
802,18,16,17,18,69
804,17,18,14,17,66
805,18,31,18,18,85
806,14,17,18,18,67
809,18,32,17,16,83
810,14,18,17,16,65
811,18,33,15,16,82
812,17,16,15,16,64
813,16,31,18,16,81
815,16,34,19,23,92
816,18,16,19,23,76
817,16,42,8,20,86
818,0,42,8,20,70
819,23,28,14,19,84
820,0,28,14,19,61
822,0,33,15,17,65
823,19,32,15,17,83
824,15,17,15,17,64
825,17,32,18,15,82
826,15,17,18,15,65
828,18,15,17,18,68
829,15,35,17,17,84
831,18,34,15,17,84
832,17,17,15,17,66
833,17,32,18,15,82
834,15,17,18,15,65
835,17,33,17,17,84
836,18,15,17,17,67
837,15,34,18,16,83
838,17,17,18,16,68
839,17,34,14,19,84
842,14,19,16,17,66
844,16,17,18,14,65
847,14,36,15,16,81
848,0,36,15,16,67
849,18,31,18,14,81
850,0,31,18,14,63
851,16,32,18,17,83
852,18,14,18,17,67
853,14,35,18,17,84
855,17,35,16,17,85
856,18,17,16,17,68
857,17,33,15,17,82
858,16,17,15,17,65
859,17,32,18,14,81
860,15,17,18,14,64
862,18,14,19,16,67
863,14,35,18,14,81
864,19,16,18,14,67
866,0,32,18,17,67
867,14,35,16,18,83
868,0,35,16,18,69
869,17,34,15,17,83
871,18,32,15,20,85
872,0,32,15,20,67
875,20,32,18,17,87
876,15,17,18,17,67
877,17,35,14,17,83
879,17,31,16,18,82
881,17,34,15,18,84
882,0,34,15,18,67
883,18,33,18,15,84
886,18,15,18,17,68
889,17,32,18,14,81
890,0,32,18,14,64
893,14,36,15,17,82
894,18,18,15,17,68
895,18,32,17,18,85
897,17,35,15,17,84
901,17,33,16,17,83
902,0,33,16,17,66
903,18,33,19,17,87
904,16,17,19,17,69
906,19,17,14,17,67
907,17,31,18,14,80
908,0,31,18,14,63
911,14,35,18,14,81
912,18,17,18,14,67
913,17,32,18,16,83
914,18,14,18,16,66
915,14,34,19,15,82
917,16,34,18,17,85
918,19,15,18,17,69
919,15,35,14,17,81
920,18,17,14,17,66
922,14,17,18,17,66
924,0,35,17,14,66
925,17,31,18,14,80
926,17,14,18,14,63
928,18,14,19,18,69
929,14,37,15,18,84
930,19,18,15,18,70
931,18,33,17,17,85
935,17,31,18,17,83
936,17,14,18,17,66
937,14,35,18,16,83
938,0,35,18,16,69
939,17,34,15,17,83
942,15,17,18,16,66
943,17,34,15,17,83
946,15,17,18,17,67
948,0,35,15,17,67
949,17,32,17,17,83
950,0,32,17,17,66
951,17,34,15,18,84
953,17,33,18,14,82
954,15,18,18,14,65
956,0,32,18,18,68
957,14,36,17,15,82
958,18,18,17,15,68
960,0,32,17,18,67
962,0,35,14,17,66
963,18,31,18,17,84
964,14,17,18,17,66
965,17,35,14,18,84
967,17,32,17,18,84
969,18,35,15,17,85
970,17,18,15,17,67
975,17,32,17,15,81
976,15,17,17,15,64
977,17,32,18,16,83
978,17,15,18,16,66
979,15,34,18,14,81
982,18,14,18,14,64
983,14,32,21,17,84
986,21,17,16,14,68
987,17,30,19,15,81
988,16,14,19,15,64
989,14,34,16,18,82
991,15,34,18,14,81
993,18,32,18,18,86
995,14,36,15,17,82
997,18,32,19,16,85
999,17,35,15,15,82
1000,19,16,15,15,65
1001,16,30,19,15,80
1002,0,30,19,15,64
1003,15,34,18,17,84
1004,19,15,18,17,69
1005,15,35,15,18,83
1006,18,17,15,18,68
1007,17,33,18,15,83
1008,15,18,18,15,66
1009,18,33,17,17,85
1011,15,34,18,15,82
1012,0,34,18,15,67
1013,17,33,16,17,83
1014,18,15,16,17,66
1017,17,32,18,16,83
1018,0,32,18,16,66
1019,14,34,18,16,82
1020,18,16,18,16,68
1021,16,34,16,17,83
1025,17,32,18,17,84
1026,18,14,18,17,67
1030,17,17,17,17,68
1031,17,34,15,18,84
1033,17,33,16,18,84
1034,0,33,16,18,67
1035,18,34,16,15,83
1036,0,34,16,15,65
1038,0,31,16,18,65
1039,15,34,19,14,82
1040,16,18,19,14,67
1042,19,14,15,19,67
1044,0,34,15,19,68
1046,15,19,16,18,68
1047,19,34,15,18,86
1048,0,34,15,18,67
1051,18,33,16,17,84
1052,15,18,16,17,66
1054,16,17,17,15,65
1055,17,32,19,17,85
1056,17,15,19,17,68
1057,15,36,14,18,83
1058,0,36,14,18,68
1059,17,32,18,14,81
1060,14,18,18,14,64
1061,18,32,18,17,85
1062,18,14,18,17,67
1063,14,35,15,17,81
1065,17,32,18,15,82
1066,15,17,18,15,65
1067,17,33,17,17,84
1069,15,34,18,14,81
1070,17,17,18,14,66
1071,17,32,16,18,83
1072,0,32,16,18,66
1073,14,34,16,17,81
1074,16,18,16,17,67
1075,18,33,17,16,84
1076,16,17,17,16,66
1077,17,33,18,16,84
1081,16,34,17,17,84
1082,17,17,17,17,68
1083,17,34,18,14,83
1084,0,34,18,14,66
1086,18,14,18,17,67
1087,14,35,15,18,82
1088,0,35,15,18,68
1089,17,33,16,17,83
1090,0,33,16,17,66
1095,17,34,15,18,84
1096,18,16,15,18,67
1097,16,33,16,16,81
1098,0,33,16,16,65
1100,16,16,18,17,67
1101,16,35,18,14,83
1102,18,17,18,14,67
1103,17,32,18,15,82
1105,14,33,18,17,82
1106,0,33,18,17,68
1109,17,32,16,18,83
1111,16,34,18,17,85
1112,16,18,18,17,69
1113,18,35,15,17,85
1114,18,17,15,17,67
1117,17,32,19,17,85
1118,18,14,19,17,68
1119,14,36,17,14,81
1120,0,36,17,14,67
1121,17,31,16,18,82
1122,0,31,16,18,65
1124,16,18,18,14,66
1125,18,32,18,17,85
1126,18,14,18,17,67
1129,17,34,15,18,84
1131,17,33,18,15,83
1132,0,33,18,15,66
1133,18,33,18,15,84
1134,0,33,18,15,66
1135,15,33,18,17,83
1136,18,15,18,17,68
1137,15,35,15,18,83
1138,0,35,15,18,68
1140,0,33,16,16,65
1141,18,32,18,17,85
1143,16,35,14,17,82
1144,18,17,14,17,66
1147,17,33,18,17,85
1148,16,17,18,17,68
1150,0,35,15,17,67
1151,17,32,19,15,83
1155,15,35,17,15,82
1156,17,18,17,15,67
1159,15,33,18,17,83
1160,0,33,18,17,68
1161,17,35,14,16,82
1162,0,35,14,16,65
1163,17,30,19,17,83
1166,0,36,15,17,68
1167,17,32,18,17,84
1168,15,17,18,17,67
1169,17,35,14,17,83
1170,18,17,14,17,66
1172,0,31,19,17,67
1173,17,36,16,17,86
1175,17,33,14,17,81
1176,0,33,14,17,64
1177,17,31,18,16,82
1178,0,31,18,16,65
1180,0,34,18,16,68
1182,0,34,19,13,66
1183,16,32,18,18,84
1186,18,18,15,17,68
1188,15,17,18,14,64
1189,17,32,16,18,83
1192,0,34,18,18,70
1193,18,36,16,14,84
1194,18,18,16,14,66
1196,16,14,19,17,66
1197,14,36,15,17,82
1198,19,17,15,17,68
1199,17,32,18,14,81
1200,15,17,18,14,64
1202,18,14,18,16,66
1204,18,16,18,17,69
1206,18,17,15,18,68
1207,17,33,15,17,82
1210,0,32,17,18,67
1212,0,35,15,18,68
1213,18,33,17,17,85
1214,0,33,17,17,67
1216,17,17,14,17,65
1218,14,17,18,15,64
1219,17,33,19,17,86
1220,0,33,19,17,69
1221,15,36,15,17,83
1222,19,17,15,17,68
1224,0,32,15,18,65
1225,17,33,18,17,85
1226,0,33,18,17,68
1227,18,35,14,18,85
1228,18,17,14,18,67
1229,17,32,18,14,81
1230,14,18,18,14,64
1233,14,35,18,13,80
1234,0,35,18,13,66
1236,0,31,18,18,67
1237,13,36,15,17,81
1238,0,36,15,17,68
1239,18,32,17,17,84
1241,17,34,17,15,83
1243,17,32,17,19,85
1245,15,36,15,18,84
1246,17,19,15,18,69
1247,19,33,15,17,84
1249,18,32,18,14,82
1250,0,32,18,14,64
1251,17,32,17,18,84
1254,17,18,18,14,67
1255,18,32,19,14,83
1256,0,32,19,14,65
1258,19,14,18,18,69
1260,0,36,14,18,68
1261,18,32,18,17,85
1263,18,35,15,18,86
1264,0,35,15,18,68
1266,15,18,15,17,65
1267,18,32,16,17,83
1269,17,33,18,17,85
1270,16,17,18,17,68
1273,17,31,18,17,83
1274,0,31,18,17,66
1275,16,35,18,14,83
1276,18,17,18,14,67
1277,17,32,19,15,83
1278,0,32,19,15,66
1279,14,34,17,18,83
1280,19,15,17,18,69
1282,17,18,14,17,66
1283,18,31,18,14,81
1284,14,17,18,14,63
1286,0,32,18,17,67
1289,17,35,14,18,84
1293,18,33,16,18,85
1294,18,15,16,18,67
1295,15,34,17,15,81
1296,0,34,17,15,66
1297,18,32,19,17,86
1298,0,32,19,17,68
1299,15,36,16,17,84
1301,17,33,14,20,84
1303,17,34,15,18,84
1305,20,33,14,17,84
1307,18,31,17,18,84
1308,0,31,17,18,66
1310,0,35,15,17,67
1313,17,34,15,20,86
1314,0,34,15,20,69
1315,17,35,20,28,100
1316,15,20,20,28,83
1317,20,20,11,17,68
1321,16,34,17,18,85
1322,17,17,17,18,69
1323,17,35,14,17,83
1324,17,18,14,17,66
1325,18,31,17,18,84
1327,17,35,15,17,84
1328,17,18,15,17,67
1329,18,32,16,20,86
1331,17,36,16,15,84
1332,0,36,16,15,67
1333,20,31,18,17,86
1334,16,15,18,17,66
1335,15,35,15,17,82
1336,18,17,15,17,67
1337,17,32,18,14,81
1338,0,32,18,14,64
1339,0,17,18,14,49
1340,18,14,18,17,67
1343,17,32,18,17,84
1344,16,16,18,17,67
1345,16,35,18,13,82
1346,18,17,18,13,66
1348,18,13,19,17,67
1349,13,36,15,17,81
1350,19,17,15,17,68
1351,17,32,16,17,82
1352,0,32,16,17,65
1353,17,33,19,14,83
1356,19,14,18,17,68
1357,14,35,15,18,82
1358,0,35,15,18,68
1359,17,33,18,17,85
1360,0,33,18,17,68
1361,18,35,14,17,84
1363,17,31,19,14,81
1364,14,17,19,14,64
1365,17,33,18,16,84
1366,0,33,18,16,67
1369,16,35,14,18,83
1370,18,17,14,18,67
1371,17,32,15,17,81
1372,14,18,15,17,64
1373,18,32,17,18,85
1375,17,35,15,17,84
1376,0,35,15,17,67
1379,17,34,19,13,83
1380,17,17,19,13,66
1381,0,17,19,13,49
1382,19,13,17,17,66
1384,0,34,17,17,68
1385,17,34,18,15,84
1386,0,34,18,15,67
1387,17,33,16,18,84
1388,18,15,16,18,67
1389,15,34,17,15,81
1390,0,34,17,15,66
1391,18,32,18,16,84
1392,0,32,18,16,66
1394,0,34,18,14,66
1395,16,32,17,18,83
1396,18,14,17,18,67
1397,14,35,17,17,83
1398,17,18,17,17,69
1400,17,17,16,17,67
1402,0,33,15,18,66
1404,15,18,15,18,66
1405,18,33,18,17,86
1406,0,33,18,17,68
1407,18,35,15,18,86
1409,17,33,15,18,83
1413,18,33,16,19,86
1414,16,17,16,19,68
1416,0,35,15,18,68
1417,19,33,15,18,85
1419,18,33,14,17,82
1420,15,18,14,17,64
1422,14,17,18,16,65
1423,17,34,18,17,86
1425,16,35,16,14,81
1426,0,35,16,14,65
1427,17,30,19,17,83
1430,0,36,15,17,68
1431,17,32,17,17,83
1434,17,17,18,14,66
1435,17,32,18,15,82
1436,0,32,18,15,65
1437,14,33,17,18,82
1438,18,15,17,18,68
1439,15,35,19,14,83
1440,17,18,19,14,68
1441,18,33,19,13,83
1442,0,33,19,13,65
1443,14,32,19,17,82
1446,19,17,15,17,68
1447,17,32,18,14,81
1448,0,32,18,14,64
1449,17,32,18,17,84
1451,14,35,18,14,81
1453,17,32,19,18,86
1456,0,37,15,17,69
1457,18,32,16,17,83
1458,15,17,16,17,65
1459,17,33,15,18,83
1460,16,17,15,18,66
1461,17,33,17,18,85
1462,0,33,17,18,68
1463,18,35,17,11,81
1465,18,28,21,14,81
1466,17,11,21,14,63
1467,11,35,18,17,81
1469,14,35,17,18,84
1471,17,35,15,18,85
1472,17,18,15,18,68
1476,15,16,20,15,66
1477,16,35,15,17,83
1479,15,32,19,14,80
1480,0,32,19,14,65
1481,17,33,19,17,86
1482,0,33,19,17,69
1483,14,36,15,18,83
1484,19,17,15,18,69
1486,15,18,15,18,66
1487,18,33,15,19,85
1488,0,33,15,19,67
1491,19,32,18,17,86
1492,14,18,18,17,67
1494,0,35,16,15,66
1495,17,31,19,14,81
1496,16,15,19,14,64
1498,0,33,19,14,66
1500,19,14,19,17,69
1501,14,36,15,16,81
1502,19,17,15,16,67
1504,15,16,18,17,66
1505,16,35,15,17,83
1508,0,32,18,18,68
1509,17,36,15,18,86
1510,0,36,15,18,69
1511,18,33,15,18,84
1512,15,18,15,18,66
1513,18,33,16,17,84
1514,15,18,16,17,66
1515,18,33,15,18,84
1516,16,17,15,18,66
1518,15,18,16,18,67
1519,18,34,14,20,86
1520,0,34,14,20,68
1521,18,34,13,17,82
1522,14,20,13,17,64
1525,17,33,18,18,86
1526,19,14,18,18,69
1527,14,36,15,16,81
1528,18,18,15,16,67
1529,18,31,20,13,82
1531,16,33,18,18,85
1532,20,13,18,18,69
1533,13,36,15,18,82
1535,18,33,15,17,83
1536,15,18,15,17,65
1538,0,32,18,18,68
1540,18,18,15,17,68
1541,18,32,15,18,83
1542,0,32,15,18,65
1543,17,33,16,18,84
1544,15,18,16,18,67
1545,18,34,16,18,86
1546,16,18,16,18,68
1547,18,34,15,17,84
1548,16,18,15,17,66
1549,18,32,14,18,82
1550,0,32,14,18,64
1552,0,32,20,13,65
1553,18,33,19,17,87
1554,20,13,19,17,69
1556,19,17,15,17,68
1557,17,32,15,18,82
1558,0,32,15,18,65
1559,17,33,17,17,84
1560,15,18,17,17,67
1561,18,34,18,17,87
1562,17,17,18,17,69
1564,0,35,14,18,67
1565,17,32,17,15,81
1567,18,32,18,16,84
1569,15,34,18,14,81
1570,18,16,18,14,66
1573,14,35,17,17,83
1574,0,35,17,17,69
1575,17,34,15,17,83
1576,17,17,15,17,66
1577,17,32,18,17,84
1578,0,32,18,17,67
1580,18,17,12,21,68
1581,17,33,16,17,83
1583,21,33,15,17,86
1586,15,17,18,17,67
1587,17,35,14,18,84
1588,18,17,14,18,67
1589,17,32,18,17,84
1590,0,32,18,17,67
1591,18,35,14,18,85
1592,18,17,14,18,67
1593,17,32,18,14,81
1594,14,18,18,14,64
1595,18,32,18,15,83
1596,18,14,18,15,65
1598,0,33,18,18,69
1599,15,36,15,19,85
1600,0,36,15,19,70
1602,0,34,15,15,64
1604,15,15,17,19,66
1607,19,34,15,14,82
1608,0,34,15,14,63
1609,19,29,20,18,86
1610,15,14,20,18,67
1611,14,38,15,17,84
1614,15,17,17,18,67
1616,0,35,15,17,67
1619,17,32,18,14,81
1621,18,32,18,18,86
1623,14,36,15,17,82
1624,0,36,15,17,68
1625,18,32,16,18,84
1626,15,17,16,18,66
1627,17,34,15,19,85
1629,18,34,16,16,84
1630,15,19,16,16,66
1632,0,32,19,17,68
1633,16,36,13,17,82
1634,0,36,13,17,66
1635,17,30,18,18,83
1636,13,17,18,18,66
1641,15,36,17,15,83
1642,0,36,17,15,68
1643,17,32,17,18,84
1644,17,15,17,18,67
1645,15,35,16,19,85
1646,0,35,16,19,70
1647,18,35,18,15,86
1648,0,35,18,15,68
1651,15,33,15,20,83
1652,0,33,15,20,68
1653,16,35,14,18,83
1654,15,20,14,18,67
1655,20,32,16,19,87
1657,18,35,15,17,85
1658,0,35,15,17,67
1659,19,32,18,13,82
1660,15,17,18,13,63
1661,17,31,18,18,84
1662,0,31,18,18,67
1664,18,18,14,18,68
1665,18,32,18,14,82
1667,18,32,19,14,83
1668,18,14,19,14,65
1670,0,33,19,14,66
1671,14,33,17,17,81
1672,0,33,17,17,67
1674,17,17,18,15,67
1675,17,33,19,17,86
1676,18,15,19,17,69
1677,15,36,15,18,84
1679,17,33,15,17,82
1680,0,33,15,17,65
1681,18,32,19,14,83
1682,0,32,19,14,65
1683,17,33,0,19,69
1684,19,14,0,19,52
1685,14,36,14,17,81
1686,0,36,14,17,67
1689,17,35,16,18,86
1691,17,34,14,17,82
1693,18,31,18,18,85
1694,14,17,18,18,67
1695,17,36,14,18,85
1696,18,18,14,18,68
1697,18,32,14,18,82
1698,0,32,14,18,64
1700,14,18,14,20,66
1701,18,34,15,18,85
1702,14,20,15,18,67
1703,20,33,16,17,86
1705,18,33,19,14,84
1707,17,33,18,18,86
1708,0,33,18,18,69
1709,14,36,15,17,82
1710,18,18,15,17,68
1711,18,32,17,16,83
1712,0,32,17,16,65
1713,17,33,18,15,83
1714,17,16,18,15,66
1715,16,33,17,15,81
1716,0,33,17,15,65
1718,0,32,18,18,68
1721,18,33,18,13,82
1722,0,33,18,13,64
1724,18,13,19,14,64
1727,14,36,15,18,83
1728,0,36,15,18,69
1729,17,33,16,16,82
1731,18,32,18,18,86
1732,16,16,18,18,68
1733,16,36,15,17,84
1734,0,36,15,17,68
1735,18,32,16,18,84
1736,15,17,16,18,66
1737,17,34,15,17,83
1738,0,34,15,17,66
1739,18,32,15,19,84
1740,15,17,15,19,66
1741,17,34,17,17,85
1742,15,19,17,17,68
1743,19,34,14,18,85
1744,0,34,14,18,66
1746,14,18,18,17,67
1748,18,17,15,17,67
1749,17,32,16,17,82
1751,17,33,18,14,82
1752,0,33,18,14,65
1753,17,32,19,15,83
1754,0,32,19,15,66
1756,19,15,17,18,69
1757,15,35,14,17,81
1758,0,35,14,17,66
1759,18,31,19,14,82
1760,0,31,19,14,64
1761,17,33,19,14,83
1764,19,14,19,17,69
1765,14,36,15,17,82
1766,0,36,15,17,68
1767,17,32,18,15,82
1768,0,32,18,15,65
1770,18,15,18,18,69
1771,15,36,14,17,82
1772,0,36,14,17,67
1774,0,31,19,17,67
1776,0,36,15,15,66
1777,17,30,19,15,81
1778,0,30,19,15,64
1779,15,34,18,15,82
1780,19,15,18,15,67
1781,15,33,17,17,82
1782,0,33,17,17,67
1783,15,34,19,14,82
1785,17,33,18,17,85
1788,18,17,15,16,66
1789,17,31,18,16,82
1790,15,16,18,16,65
1791,16,34,18,17,85
1794,0,35,15,17,67
1795,17,32,17,18,84
1796,15,17,17,18,67
1797,17,35,15,18,85
1798,17,18,15,18,68
1799,18,33,16,16,83
1800,15,18,16,16,65
1803,16,35,15,18,84
1804,19,16,15,18,68
1805,16,33,17,17,83
1807,18,34,15,17,84
1808,0,34,15,17,66
1810,15,17,17,17,66
1811,17,34,18,13,82
1812,0,34,18,13,65
1813,17,31,19,17,84
1814,18,13,19,17,67
1817,17,33,14,18,82
1819,17,32,20,16,85
1821,18,36,16,14,84
1822,0,36,16,14,66
1823,16,30,19,17,82
1825,14,36,15,18,83
1826,0,36,15,18,69
1827,17,33,15,17,82
1828,15,18,15,17,65
1829,18,32,17,17,84
1833,17,32,18,15,82
1834,15,17,18,15,65
1835,17,33,18,15,83
1837,15,33,18,18,84
1839,15,36,16,17,84
1840,18,18,16,17,69
1842,0,33,15,20,68
1845,20,32,14,17,83
1846,0,32,14,17,63
1847,18,31,18,17,84
1848,14,17,18,17,66
1849,17,35,16,17,85
1850,18,17,16,17,68
1851,17,33,18,15,83
1852,16,17,18,15,66
1853,17,33,21,14,85
1854,0,33,21,14,68
1857,14,30,19,15,78
1858,0,30,19,15,64
1860,19,15,18,15,67
1861,15,33,17,17,82
1862,18,15,17,17,67
1863,15,34,20,14,83
1864,17,17,20,14,68
1866,0,34,18,14,66
1867,14,32,18,18,82
1868,18,14,18,18,68
1869,14,36,15,18,83
1870,18,18,15,18,69
1873,18,32,18,14,82
1874,0,32,18,14,64
1876,18,14,18,17,67
1877,14,35,19,17,85
1878,0,35,19,17,71
1879,17,36,14,18,85
1880,19,17,14,18,68
1881,17,32,15,17,81
1882,0,32,15,17,64
1883,18,32,15,19,84
1885,17,34,15,18,84
1886,15,19,15,18,67
1887,19,33,15,17,84
1888,15,18,15,17,65
1891,17,35,15,19,86
1893,17,34,15,19,85
1894,15,19,15,19,68
1897,19,32,15,18,84
1898,14,18,15,18,65
1899,18,33,18,14,83
1900,0,33,18,14,65
1901,18,32,18,17,85
1902,0,32,18,17,67
1903,14,35,17,15,81
1904,0,35,17,15,67
1905,17,32,18,17,84
1906,17,15,18,17,67
1907,15,35,15,18,83
1911,18,34,16,15,83
1912,0,34,16,15,65
1913,18,31,17,16,82
1914,16,15,17,16,64
1915,15,33,19,21,88
1916,17,16,19,21,73
1919,21,27,19,14,81
1922,0,33,19,17,69
1923,14,36,16,18,84
1924,19,17,16,18,70
1925,17,34,0,14,65
1926,16,18,0,14,48
1927,18,32,15,19,84
1928,14,18,15,19,66
1929,18,34,15,19,86
1930,15,19,15,19,68
1932,15,19,15,17,66
1935,17,32,18,15,82
1936,15,17,18,15,65
1939,15,35,15,18,83
1940,18,17,15,18,68
1942,0,33,18,15,66
1943,18,33,18,15,84
1944,0,33,18,15,66
1946,18,15,18,14,65
1947,15,32,20,17,84
1948,18,14,20,17,69
1951,17,32,14,19,82
1954,14,19,18,14,65
1955,19,32,18,18,87
1956,18,14,18,18,68
1957,14,36,16,17,83
1958,0,36,16,17,69
1959,18,33,15,18,84
1960,0,33,15,18,66
1961,17,33,15,18,83
1963,18,33,17,15,83
1964,15,18,17,15,65
1966,17,15,18,15,65
1967,15,33,19,17,84
1968,18,15,19,17,69
1969,15,36,15,18,84
1973,18,33,15,16,82
1976,15,16,19,16,66
1978,19,16,15,17,67
1979,16,32,19,17,84
1980,15,17,19,17,68
1982,19,17,17,14,67
1983,17,31,17,18,83
1984,0,31,17,18,66
1985,14,35,15,18,82
1987,18,33,15,19,85
1989,18,34,15,17,84
1991,19,32,18,15,84
1992,15,17,18,15,65
1993,17,33,16,18,84
1994,0,33,16,18,67
1995,15,34,18,15,82
2000,0,34,15,18,67
2001,18,33,16,18,85
2002,0,33,16,18,67
2003,18,34,15,18,85
2005,18,33,16,17,84
2006,15,18,16,17,66
2007,18,33,18,14,83
2008,0,33,18,14,65
2013,17,34,16,17,84
2014,19,15,16,17,67
2015,15,33,15,17,80
2016,0,33,15,17,65
2018,15,17,18,14,64
2019,17,32,19,17,85
2020,0,32,19,17,68
2021,14,36,15,19,84
2022,19,17,15,19,70
2023,17,34,14,18,83
2025,19,32,15,17,83
2026,0,32,15,17,64
2027,18,32,19,14,83
2028,15,17,19,14,65
2029,17,33,18,18,86
2030,0,33,18,18,69
2031,14,36,14,19,83
2032,18,18,14,19,69
2033,18,33,14,18,83
2034,14,19,14,18,65
2035,19,32,19,13,83
2037,18,32,19,18,87
2039,13,37,14,18,82
2041,18,32,15,19,84
2042,14,18,15,19,66
2043,18,34,15,18,85
2044,15,19,15,18,67
2045,19,33,15,19,86
2046,15,18,15,19,67
2047,18,34,14,18,84
2048,15,19,14,18,66
2049,19,32,17,18,86
2050,0,32,17,18,67
2052,0,35,14,18,67
2054,0,32,15,17,64
2055,18,32,18,16,84
2056,15,17,18,16,66
2057,17,34,18,15,84
2058,0,34,18,15,67
2059,16,33,16,17,82
2060,18,15,16,17,66
2061,15,33,18,17,83
2062,16,17,18,17,68
2063,17,35,15,17,84
2065,17,32,19,13,81
2066,15,17,19,13,64
2068,19,13,20,14,66
2069,13,34,18,18,83
2070,0,34,18,18,70
2072,18,18,14,18,68
2074,0,32,18,14,64
2077,14,33,18,18,83
2079,14,36,14,18,82
2080,0,36,14,18,68
2081,18,32,18,14,82
2082,14,18,18,14,64
2083,18,32,18,17,85
2085,14,35,15,18,82
2086,18,17,15,18,68
2087,17,33,18,17,85
2088,15,18,18,17,68
2089,18,35,15,17,85
2091,17,32,15,18,82
2092,15,17,15,18,65
2093,17,33,17,18,85
2095,18,35,15,16,84
2098,15,16,22,11,64
2099,16,33,19,14,82
2100,22,11,19,14,66
2101,11,33,18,16,78
2102,0,33,18,16,67
2103,14,34,17,17,82
2104,0,34,17,17,68
2106,17,17,15,18,67
2108,0,33,17,17,67
2109,18,34,18,17,87
2110,17,17,18,17,69
2111,17,35,14,19,85
2112,18,17,14,19,68
2113,17,33,16,18,84
2114,14,19,16,18,67
2115,19,34,14,16,83
2116,16,18,14,16,64
2119,16,35,16,16,83
2120,18,17,16,16,67
2121,17,32,18,17,84
2122,16,16,18,17,67
2124,18,17,15,18,68
2125,17,33,18,14,82
2126,15,18,18,14,65
2127,18,32,16,17,83
2128,0,32,16,17,65
2129,14,33,19,14,80
2130,0,33,19,14,66
2131,17,33,17,17,84
2132,0,33,17,17,67
2133,14,34,18,16,82
2134,17,17,18,16,68
2136,18,16,18,16,68
2137,16,34,15,17,82
2138,0,34,15,17,66
2139,16,32,16,19,83
2140,0,32,16,19,67
2141,17,35,15,17,84
2142,0,35,15,17,67
2144,15,17,16,16,64
2145,17,32,19,17,85
2146,16,16,19,17,68
2147,16,36,15,18,85
2148,19,17,15,18,69
2150,15,18,17,15,65
2151,18,32,18,15,83
2153,15,33,18,15,81
2155,15,33,19,14,81
2157,15,33,20,15,83
2158,0,33,20,15,68
2159,14,35,16,17,82
2160,0,35,16,17,68
2162,16,17,18,15,66
2165,15,33,19,16,83
2166,19,14,19,16,68
2169,16,31,18,18,83
2171,15,36,15,17,83
2172,0,36,15,17,68
2173,18,32,19,14,83
2174,0,32,19,14,65
2175,17,33,16,18,84
2178,0,34,18,14,66
2179,18,32,19,14,83
2180,0,32,19,14,65
2181,14,33,18,17,82
2182,19,14,18,17,68
2183,14,35,18,17,84
2185,17,35,15,17,84
2186,18,17,15,17,67
2187,17,32,15,18,82
2188,15,17,15,18,65
2189,17,33,18,18,86
2190,15,18,18,18,69
2191,18,36,15,14,83
2192,0,36,15,14,65
2195,14,37,14,17,82
2196,19,18,14,17,68
2198,14,17,17,18,66
2199,17,35,14,19,85
2201,18,33,15,17,83
2203,19,32,18,15,84
2205,17,33,18,18,86
2206,0,33,18,18,69
2207,15,36,14,18,83
2211,18,31,19,17,85
2212,0,31,19,17,67
2213,15,36,16,17,84
2214,19,17,16,17,69
2215,17,33,17,15,82
2216,16,17,17,15,65
2217,17,32,18,15,82
2218,17,15,18,15,65
2219,15,33,17,16,81
2221,15,33,17,19,84
2222,0,33,17,19,69
2223,16,36,16,17,85
2224,17,19,16,17,69
2225,19,33,15,19,86
2228,15,19,15,17,66
2229,19,32,16,18,85
2230,0,32,16,18,66
2233,18,32,16,19,85
2234,15,17,16,19,67
2236,16,19,14,19,68
2237,19,33,15,15,82
2238,14,19,15,15,63
2240,15,15,18,17,65
2241,15,35,18,15,83
2243,17,33,18,17,85
2245,15,35,15,17,82
2246,0,35,15,17,67
2247,17,32,21,18,88
2248,15,17,21,18,71
2249,17,39,12,16,84
2250,21,18,12,16,67
2251,18,28,15,18,79
2252,0,28,15,18,61
2253,16,33,18,15,82
2255,18,33,17,18,86
2256,0,33,17,18,68
2257,15,35,16,16,82
2259,18,32,16,17,83
2261,16,33,17,18,84
2265,18,33,16,18,85
2266,0,33,16,18,67
2268,16,18,16,17,67
2270,0,33,15,18,66
2273,18,34,15,17,84
2274,15,19,15,17,66
2275,19,32,16,17,84
2276,15,17,16,17,65
2277,17,33,18,17,85
2278,16,17,18,17,68
2279,17,35,17,12,81
2280,0,35,17,12,64
2281,17,29,21,15,82
2282,0,29,21,15,65
2283,12,36,16,19,83
2284,0,36,16,19,71
2285,15,35,15,17,82
2286,16,19,15,17,67
2287,19,32,16,17,84
2289,17,33,17,18,85
2290,16,17,17,18,68
2291,17,35,15,17,84
2292,0,35,15,17,67
2293,18,32,18,14,82
2294,15,17,18,14,64
2296,0,32,19,17,68
2298,0,36,15,18,69
2299,17,33,17,14,81
2300,0,33,17,14,64
2302,0,31,18,18,67
2303,14,36,15,17,82
2305,18,32,15,18,83
2306,15,17,15,18,65
2307,17,33,17,19,86
2308,15,18,17,19,69
2309,18,36,14,21,89
2311,19,35,12,18,84
2314,12,18,16,18,64
2315,18,34,14,18,84
2316,16,18,14,18,66
2317,18,32,18,15,83
2318,0,32,18,15,65
2319,18,33,18,15,84
2320,0,33,18,15,66
2321,15,33,0,19,67
2322,18,15,0,19,52
2323,0,15,0,19,34
2324,19,15,17,17,68
2325,15,34,16,18,83
2326,17,17,16,18,68
2327,17,34,16,17,84
2330,0,33,16,18,67
2331,17,34,14,18,83
2333,18,32,15,18,83
2335,18,33,18,17,86
2336,0,33,18,17,68
2337,18,35,15,17,85
2338,18,17,15,17,67
2340,15,17,19,12,63
2341,17,31,18,19,85
2342,0,31,18,19,68
2343,12,37,15,17,81
2344,18,19,15,17,69
2345,19,32,16,17,84
2347,17,33,19,13,82
2348,16,17,19,13,65
2349,17,32,19,17,85
2350,0,32,19,17,68
2353,17,33,16,18,84
2356,0,34,14,17,65
2357,18,31,20,14,83
2358,14,17,20,14,65
2360,0,34,18,14,66
2362,0,32,18,18,68
2364,0,36,14,17,67
2365,18,31,19,15,83
2366,0,31,19,15,65
2367,17,34,16,18,85
2368,19,15,16,18,68
2369,15,34,15,18,82
2371,18,33,18,15,84
2372,0,33,18,15,66
2373,18,33,23,26,100
2374,18,15,23,26,82
2375,15,23,13,13,64
2377,13,32,18,17,80
2378,13,19,18,17,67
2379,0,19,18,17,54
2381,17,34,15,16,82
2382,16,18,15,16,65
2383,18,31,14,22,85
2384,0,31,14,22,67
2385,16,36,13,18,83
2388,0,31,18,15,64
2389,18,33,19,13,83
2390,18,15,19,13,65
2391,15,32,19,17,83
2393,13,36,14,17,80
2394,0,36,14,17,67
2395,17,31,18,15,81
2397,17,33,18,17,85
2398,18,15,18,17,68
2399,15,35,16,15,81
2400,0,35,16,15,66
2401,17,31,18,17,83
2402,16,15,18,17,66
2403,15,35,18,15,83
2404,0,35,18,15,68
2405,17,33,19,14,83
2407,15,33,18,18,84
2408,0,33,18,18,69
2409,14,36,12,18,80
2410,0,36,12,18,66
2412,0,30,18,17,65
2414,0,35,16,17,68
2415,17,33,15,17,82
2416,16,17,15,17,65
2417,17,32,19,14,82
2418,15,17,19,14,65
2419,17,33,19,17,86
2420,0,33,19,17,69
2422,0,36,15,17,68
2425,17,33,18,17,85
2426,16,17,18,17,68
2427,17,35,15,18,85
2428,18,17,15,18,68
2429,17,33,16,23,89
2430,0,33,16,23,72
2431,18,39,12,14,83
2432,16,23,12,14,65
2434,0,26,19,18,63
2435,14,37,12,18,81
2439,18,33,16,19,86
2440,19,14,16,19,68
2441,14,35,15,16,80
2442,16,19,15,16,66
2444,0,31,17,19,67
2445,16,36,16,17,85
2446,0,36,16,17,69
2450,15,18,18,14,65
2451,18,32,18,15,83
2452,0,32,18,15,65
2453,14,33,17,18,82
2454,18,15,17,18,68
2456,17,18,15,17,67
2457,18,32,16,19,85
2458,0,32,16,19,67
2460,0,35,18,17,70
2461,19,35,16,14,84
2462,18,17,16,14,65
2463,17,30,17,17,81
2465,14,34,16,18,82
2469,18,32,19,17,86
2470,0,32,19,17,68
2473,17,30,17,19,83
2474,13,17,17,19,66
2477,19,33,21,27,100
2478,13,20,21,27,81
2479,20,21,11,16,68
2480,21,45,16,16,98
2481,11,34,16,16,77
2482,16,18,16,16,66
2483,18,32,18,15,83
2484,16,16,18,15,65
2485,16,33,17,17,83
2486,18,15,17,17,67
2487,15,34,20,14,83
2488,0,34,20,14,68
2489,17,34,19,13,83
2491,14,32,20,13,79
2492,19,13,20,13,65
2493,13,33,18,16,80
2495,13,34,17,17,81
2496,0,34,17,17,68
2497,16,34,15,17,82
2502,18,18,15,18,69
2503,18,33,18,17,86
2505,18,35,13,20,86
2508,0,33,16,14,63
2510,0,30,18,18,66
2511,14,36,15,18,83
2512,18,18,15,18,69
2514,0,33,14,16,63
2515,18,30,18,18,84
2516,0,30,18,18,66
2518,0,36,15,18,69
2519,18,33,15,18,84
2520,15,18,15,18,66
2523,18,33,18,17,86
2524,18,15,18,17,68
2525,15,35,16,16,82
2526,0,35,16,16,67
2527,17,32,17,18,84
2531,18,33,14,19,84
2532,16,17,14,19,66
2534,14,19,16,16,65
2536,0,32,16,18,66
2537,16,34,16,18,84
2538,16,18,16,18,68
2540,16,18,15,18,67
2541,18,33,17,18,86
2542,15,18,17,18,68
2543,18,35,14,17,84
2544,17,18,14,17,66
2547,17,33,19,13,82
2549,14,32,19,16,81
2550,19,13,19,16,67
2552,19,16,16,17,68
2553,16,33,16,18,83
2554,0,33,16,18,67
2555,17,34,15,19,85
2556,16,18,15,19,68
2557,18,34,15,18,85
2559,19,33,16,16,84
2560,15,18,16,16,65
2561,18,32,17,18,85
2562,0,32,17,18,67
2563,16,35,15,17,83
2564,17,18,15,17,67
2566,15,17,17,18,67
2567,17,35,16,15,83
2572,0,35,17,17,69
2573,17,34,16,18,85
2574,17,17,16,18,68
2575,17,34,15,15,81
2577,18,30,19,15,82
2578,15,15,19,15,64
2579,15,34,18,14,81
2581,15,32,17,21,85
2583,14,38,15,15,82
2584,0,38,15,15,68
2586,15,15,18,18,66
2587,15,36,15,15,81
2588,18,18,15,15,66
2590,15,15,18,17,65
2591,15,35,16,18,84
2592,0,35,16,18,69
2593,17,34,15,17,83
2594,0,34,15,17,66
2595,18,32,19,13,82
2596,0,32,19,13,64
2597,17,32,19,18,86
2600,19,18,15,17,69
2602,0,32,17,16,65
2603,17,33,16,18,84
2605,16,34,15,19,84
2606,16,18,15,19,68
2607,18,34,16,15,83
2608,0,34,16,15,65
2609,19,31,17,17,84
2611,15,34,17,17,83
2612,17,17,17,17,68
2614,17,17,16,16,66
2615,17,32,16,20,85
2617,16,36,19,14,85
2618,16,20,19,14,69
2620,0,33,15,19,67
2621,14,34,16,16,80
2624,16,16,15,16,63
2625,16,31,20,15,82
2626,15,16,20,15,66
2627,16,35,16,18,85
2629,15,34,15,17,81
2630,16,18,15,17,66
2631,18,32,17,18,85
2633,17,35,16,15,83
2634,17,18,16,15,66
2635,18,31,18,17,84
2636,16,15,18,17,66
2637,15,35,18,14,82
2638,18,17,18,14,67
2639,17,32,18,18,85
2642,0,36,15,18,69
2644,15,18,15,15,63
2645,18,30,18,21,87
2646,15,15,18,21,69
2648,18,21,13,18,70
2649,21,31,16,14,82
2650,13,18,16,14,61
2652,0,30,20,17,67
2653,14,37,17,14,82
2654,0,37,17,14,68
2655,17,31,18,18,84
2656,17,14,18,18,67
2657,14,36,17,15,82
2658,18,18,17,15,68
2660,17,15,15,19,66
2661,15,34,15,18,82
2662,0,34,15,18,67
2663,19,33,15,19,86
2664,15,18,15,19,67
2666,0,34,14,18,66
2667,19,32,15,20,86
2669,18,35,14,18,85
2670,15,20,14,18,67
2673,18,32,19,14,83
2674,17,15,19,14,65
2675,15,33,19,14,81
2676,19,14,19,14,66
2677,14,33,19,15,81
2680,19,15,19,15,68
2681,15,34,18,15,82
2682,0,34,18,15,67
2683,15,33,17,18,83
2685,15,35,14,19,83
2686,17,18,14,19,68
2687,18,33,16,19,86
2688,0,33,16,19,68
2691,19,29,20,16,84
2692,0,29,20,16,65
2693,15,36,15,18,84
2694,20,16,15,18,69
2696,0,33,16,18,67
2697,18,34,16,15,83
2698,16,18,16,15,65
2699,18,31,16,17,82
2700,16,15,16,17,64
2701,15,33,16,18,82
2702,0,33,16,18,67
2703,17,34,20,15,86
2704,0,34,20,15,69
2705,18,35,17,16,86
2706,20,15,17,16,68
2709,16,31,17,20,84
2710,16,15,17,20,68
2712,17,20,16,14,67
2713,20,30,19,15,84
2714,16,14,19,15,64
2715,14,34,19,14,81
2717,15,33,19,14,81
2718,0,33,19,14,66
2719,14,33,19,17,83
2720,0,33,19,17,69
2722,19,17,15,16,67
2724,15,16,18,15,64
2725,16,33,18,18,85
2727,15,36,15,17,83
2728,0,36,15,17,68
2730,0,32,16,20,68
2735,15,35,16,17,83
2737,20,33,18,14,85
2738,0,33,18,14,65
2739,17,32,18,17,84
2740,18,14,18,17,67
2742,0,35,15,18,68
2743,17,33,15,18,83
2744,15,18,15,18,66
2745,18,33,15,19,85
2747,18,34,15,18,85
2748,15,19,15,18,67
2750,0,33,16,18,67
2752,0,34,15,15,64
2753,18,30,18,17,83
2754,15,15,18,17,65
2755,15,35,18,13,81
2757,17,31,19,16,83
2758,18,13,19,16,66
2759,13,35,19,14,81
2760,19,16,19,14,68
2761,16,33,17,18,84
2763,14,35,15,19,83
2764,0,35,15,19,69
2766,15,19,14,17,65
2767,19,31,19,14,83
2771,14,34,15,18,81
2774,0,33,19,14,66
2775,18,33,18,18,87
2776,0,33,18,18,69
2777,14,36,15,18,83
2778,0,36,15,18,69
2779,18,33,14,17,82
2780,15,18,14,17,64
2781,18,31,16,17,82
2782,14,17,16,17,64
2783,17,33,18,17,85
2784,16,17,18,17,68
2785,17,35,16,18,86
2786,18,17,16,18,69
2787,17,34,18,14,83
2788,16,18,18,14,66
2789,18,32,18,17,85
2793,17,33,16,18,84
2794,0,33,16,18,67
2795,18,34,14,16,82
2797,18,30,21,15,84
2798,14,16,21,15,66
2799,16,36,16,16,84
2800,0,36,16,16,68
2802,16,16,18,15,65
2803,16,33,18,16,83
2804,0,33,18,16,67
2805,15,34,18,14,81
2806,18,16,18,14,66
2809,14,34,19,15,82
2810,19,15,19,15,68
2811,15,34,15,18,82
2812,19,15,15,18,67
2814,0,33,19,13,65
2815,18,32,20,17,87
2816,19,13,20,17,69
2817,13,37,16,14,80
2818,20,17,16,14,67
2821,14,36,15,16,81
2822,18,18,15,16,67
2823,18,31,18,18,85
2825,16,36,14,19,85
2827,18,33,18,16,85
2828,14,19,18,16,67
2831,16,30,16,20,82
2832,0,30,16,20,66
2833,17,36,16,17,86
2834,0,36,16,17,69
2836,0,33,15,17,65
2837,17,32,16,19,84
2838,15,17,16,19,67
2839,17,35,16,17,85
2841,19,33,16,18,86
2842,0,33,16,18,67
2843,17,34,17,15,83
2844,16,18,17,15,66
2845,18,32,14,18,82
2846,0,32,14,18,64
2847,15,32,19,17,83
2848,14,18,19,17,68
2849,0,18,19,17,54
2850,19,17,15,16,67
2851,17,31,16,19,83
2852,15,16,16,19,66
2853,16,35,16,18,85
2855,19,34,16,15,84
2856,16,18,16,15,65
2857,18,31,15,18,82
2859,15,33,19,14,81
2860,15,18,19,14,66
2862,0,33,19,14,66
2863,14,33,17,19,83
2865,14,36,18,13,81
2866,0,36,18,13,67
2867,19,31,17,19,86
2869,13,36,16,15,80
2870,0,36,16,15,67
2871,19,31,17,15,82
2873,15,32,20,14,81
2874,0,32,20,14,66
2876,20,14,16,19,69
2877,14,35,19,14,82
2878,16,19,19,14,68
2879,19,33,19,14,85
2880,19,14,19,14,66
2882,19,14,19,13,65
2883,14,32,20,17,83
2886,20,17,15,17,69
2887,17,32,15,19,83
2888,15,17,15,19,66
2890,15,19,15,18,67
2892,0,33,18,12,63
2896,0,38,15,15,68
2900,16,19,15,17,67
2901,19,32,19,14,84
2903,17,33,18,16,84
2904,0,33,18,16,67
2906,18,16,18,18,70
2907,16,36,14,17,83
2909,18,31,19,16,84
2910,14,17,19,16,66
2911,17,35,16,17,85
2912,19,16,16,17,68
2913,16,33,14,17,80
2914,16,17,14,17,64
2915,17,31,16,19,83
2917,17,35,15,19,86
2918,16,19,15,19,69
2920,0,34,15,16,65
2922,15,16,19,15,65
2923,16,34,19,12,81
2924,0,34,19,12,65
2925,15,31,22,17,85
2927,12,39,13,17,81
2928,22,17,13,17,69
2929,17,30,19,18,84
2930,13,17,19,18,67
2931,17,37,16,13,83
2932,19,18,16,13,66
2933,18,29,19,14,80
2934,16,13,19,14,62
2935,13,33,18,15,79
2936,19,14,18,15,66
2938,18,15,18,19,70
2941,19,30,19,15,83
2942,16,14,19,15,64
2943,14,34,17,18,83
2944,19,15,17,18,69
2946,0,35,17,16,68
2947,18,33,16,18,85
2948,17,16,16,18,67
2949,16,34,18,16,84
2952,0,34,14,18,66
2955,18,31,20,16,85
2957,13,36,15,19,83
2958,20,16,15,19,70
2959,16,34,14,18,82
2960,15,19,14,18,66
2961,19,32,15,18,84
2962,14,18,15,18,65
2963,18,33,16,18,85
2964,15,18,16,18,67
2965,18,34,16,19,87
2966,16,18,16,19,69
2968,0,35,17,16,68
2969,19,33,13,19,84
2972,13,19,19,12,63
2974,0,31,17,19,67
2975,12,36,14,20,82
2976,0,36,14,20,70
2977,19,34,15,17,85
2978,14,20,15,17,66
2980,0,32,15,18,65
2981,17,33,18,14,82
2982,0,33,18,14,65
2983,18,32,18,19,87
2984,18,14,18,19,69
2985,14,37,18,15,84
2987,19,33,14,16,82
2989,15,30,18,15,78
2990,14,16,18,15,63
2991,16,33,19,17,85
2994,0,36,17,18,71
2995,17,35,14,16,82
2996,17,18,14,16,65
2997,18,30,19,15,82
2998,14,16,19,15,64
3000,19,15,16,17,67
3001,15,33,18,14,80
3003,17,32,18,17,84
3006,18,17,16,17,68
3007,17,33,18,17,85
3009,17,35,14,18,84
3010,0,35,14,18,67
3011,17,32,16,18,83
3012,14,18,16,18,66
3014,16,18,18,16,68
3015,18,34,15,17,84
3016,0,34,15,17,66
3019,17,33,18,17,85
3020,20,13,18,17,68
3022,0,35,15,17,67
3023,17,32,16,20,85
3024,0,32,16,20,68
3026,0,36,15,12,63
3027,20,27,19,17,83
3028,0,27,19,17,63
3029,12,36,18,17,83
3031,17,35,18,13,83
3032,0,35,18,13,66
3033,17,31,19,14,81
3035,13,33,19,16,81
3036,19,14,19,16,68
3037,14,35,18,15,82
3038,19,16,18,15,68
3040,18,15,18,17,68
3041,15,35,14,17,81
3043,17,31,18,18,84
3044,14,17,18,18,67
3045,17,36,17,17,87
3047,18,34,14,16,82
3048,17,17,14,16,64
3050,0,30,17,16,63
3051,16,33,19,17,85
3052,17,16,19,17,69
3053,16,36,15,21,88
3054,19,17,15,21,72
3056,0,36,13,16,65
3058,13,16,18,18,65
3061,18,33,21,28,100
3062,15,18,21,28,82
3063,18,21,12,16,67
3064,0,21,12,16,49
3065,12,30,20,14,76
3066,16,14,20,14,64
3068,20,14,19,15,68
3071,15,33,18,15,81
3072,17,16,18,15,66
3073,16,33,18,19,86
3074,0,33,18,19,70
3075,15,37,15,17,84
3076,18,19,15,17,69
3078,0,32,17,16,65
3079,17,33,16,19,85
3082,16,19,15,18,68
3083,19,33,14,20,86
3084,0,33,14,20,67
3085,18,34,14,17,83
3086,14,20,14,17,65
3088,0,31,16,16,63
3089,17,32,19,14,82
3090,0,32,19,14,65
3093,14,36,15,18,83
3094,0,36,15,18,69
3095,18,33,19,13,83
3097,18,32,17,17,84
3098,19,13,17,17,66
3099,13,34,15,18,80
3100,17,17,15,18,67
3101,17,33,18,15,83
3103,18,33,18,18,87
3104,0,33,18,18,69
3105,15,36,14,15,80
3106,0,36,14,15,65
3107,18,29,18,17,82
3108,14,15,18,17,64
3109,15,35,18,18,86
3110,18,17,18,18,71
3111,17,36,13,18,84
3112,18,18,13,18,67
3113,18,31,18,14,81
3114,0,31,18,14,63
3116,0,32,18,18,68
3117,14,36,16,17,83
3118,0,36,16,17,69
3119,18,33,16,15,82
3121,17,31,18,18,84
3122,16,15,18,18,67
3123,15,36,16,17,84
3125,18,33,16,17,84
3126,0,33,16,17,66
3127,17,33,17,13,80
3128,16,17,17,13,63
3129,17,30,18,19,84
3130,17,13,18,19,67
3132,18,19,16,18,71
3133,19,34,16,16,85
3134,16,18,16,16,66
3136,16,16,16,17,65
3138,16,17,15,20,68
3139,17,35,16,16,84
3140,15,20,16,16,67
3142,16,16,16,15,63
3146,0,35,17,19,71
3147,17,36,17,15,85
3149,19,32,15,16,82
3150,0,32,15,16,63
3151,15,31,17,16,79
3152,15,16,17,16,64
3153,16,33,20,13,82
3155,16,33,17,17,83
3157,13,34,19,17,83
3158,17,17,19,17,70
3159,17,36,16,15,84
3161,17,31,19,15,82
3164,0,34,18,14,66
3165,15,32,20,16,83
3167,14,36,16,16,82
3168,20,16,16,16,68
3169,16,32,19,16,83
3170,16,16,19,16,67
3172,19,16,14,18,67
3175,18,33,16,18,85
3176,0,33,16,18,67
3177,15,34,16,18,83
3178,16,18,16,18,68
3180,0,34,15,17,66
3182,15,17,19,16,67
3183,17,35,15,18,85
3184,19,16,15,18,68
3185,16,33,15,17,81
3187,18,32,19,14,83
3188,15,17,19,14,65
3189,17,33,18,15,83
3192,18,15,18,18,69
3193,15,36,15,20,86
3196,0,35,15,14,64
3199,14,33,19,16,82
3201,18,35,15,18,86
3202,0,35,15,18,68
3203,16,33,18,15,82
3204,0,33,18,15,66
3206,18,15,16,18,67
3207,15,34,16,18,83
3208,0,34,16,18,68
3211,18,32,16,17,83
3212,15,17,16,17,65
3214,0,33,18,15,66
3216,0,33,19,14,66
3217,15,33,19,17,84
3218,19,14,19,17,69
3219,14,36,14,17,81
3220,0,36,14,17,67
3221,17,31,17,17,82
3222,14,17,17,17,65
3224,0,34,18,14,66
3225,17,32,20,15,84
3226,18,14,20,15,67
3227,14,35,16,17,82
3228,20,15,16,17,68
3229,15,33,16,18,82
3231,17,34,13,22,86
3232,16,18,13,22,69
3233,18,35,14,17,84
3234,0,35,14,17,66
3235,22,31,17,19,89
3236,14,17,17,19,67
3238,17,19,15,15,66
3239,19,30,19,15,83
3241,15,34,18,14,81
3242,0,34,18,14,66
3243,15,32,18,17,82
3244,0,32,18,17,67
3245,14,35,19,17,85
3247,17,36,13,17,83
3249,17,30,16,18,81
3250,13,17,16,18,64
3252,16,18,16,18,68
3256,16,14,20,15,65
3258,0,35,17,17,69
3259,15,34,17,19,85
3262,0,36,13,17,66
3263,19,30,17,16,82
3265,17,33,18,16,84
3267,16,34,16,22,88
3269,16,38,12,18,84
3270,0,38,12,18,68
3271,22,30,17,16,85
3272,0,30,17,16,63
3273,18,33,16,18,85
3274,17,16,16,18,67
3275,16,34,16,18,84
3277,18,34,15,16,83
3278,16,18,15,16,65
3279,18,31,18,16,83
3280,0,31,18,16,65
3281,16,34,16,17,83
3282,18,16,16,17,67
3283,16,33,16,18,83
3284,0,33,16,18,67
3286,16,18,15,17,66
3287,18,32,19,14,83
3288,0,32,19,14,65
3289,17,33,18,19,87
3290,0,33,18,19,70
3291,14,37,15,19,85
3293,19,34,16,14,83
3294,15,19,16,14,64
3295,19,30,18,14,81
3296,16,14,18,14,62
3297,14,32,20,17,83
3298,0,32,20,17,69
3299,14,37,16,12,79
3300,20,17,16,12,65
3301,17,28,22,14,81
3304,22,14,19,18,73
3306,19,18,13,19,69
3307,18,32,16,17,83
3309,19,33,15,19,86
3310,0,33,15,19,67
3311,17,34,15,16,82
3312,15,19,15,16,65
3314,0,31,16,18,65
3315,16,34,15,20,85
3316,0,34,15,20,69
3317,18,35,14,19,86
3318,15,20,14,19,68
3319,20,33,15,16,84
3321,19,31,19,14,83
3322,0,31,19,14,64
3324,0,33,18,18,69
3326,18,18,15,17,68
3327,18,32,15,18,83
3328,15,17,15,18,65
3330,15,18,15,15,63
3331,18,30,22,14,84
3332,0,30,22,14,66
3333,15,36,18,17,86
3334,22,14,18,17,71
3335,14,35,17,17,83
3336,18,17,17,17,69
3342,18,17,17,14,66
3343,17,31,18,18,84
3344,0,31,18,18,67
3345,14,36,18,13,81
3346,0,36,18,13,67
3348,0,31,18,18,67
3349,13,36,14,17,80
3350,18,18,14,17,67
3352,0,31,20,14,65
3353,0,17,20,14,51
3354,20,14,17,18,69
3355,14,35,16,15,80
3356,0,35,16,15,66
3357,18,31,19,15,83
3358,16,15,19,15,65
3360,0,34,19,16,69
3362,19,16,16,19,70
3364,0,35,15,18,68
3366,0,33,17,15,65
3367,18,32,15,18,83
3368,17,15,15,18,65
3369,15,33,15,18,81
3370,15,18,15,18,66
3371,18,33,15,19,85
3372,15,18,15,19,67
3373,18,34,15,18,85
3374,0,34,15,18,67
3376,15,18,15,18,66
3377,18,33,17,20,88
3378,0,33,17,20,70
3379,18,37,13,17,85
3381,20,30,15,20,85
3383,17,35,14,18,84
3384,15,20,14,18,67
3385,20,32,15,20,87
3386,14,18,15,20,67
3387,18,35,13,19,85
3388,0,35,13,19,67
3393,17,33,13,18,81
3396,0,31,16,18,65
3397,18,34,15,17,84
3398,0,34,15,17,66
3399,18,32,18,19,87
3400,0,32,18,19,69
3401,17,37,14,15,83
3402,0,37,14,15,66
3403,19,29,17,18,83
3404,0,29,17,18,64
3406,17,18,17,18,70
3407,18,35,14,18,85
3408,0,35,14,18,67
3409,18,32,15,18,83
3410,14,18,15,18,65
3411,18,33,17,15,83
3413,18,32,18,17,85
3415,15,35,18,14,82
3417,17,32,19,16,84
3419,14,35,17,16,82
3420,19,16,17,16,68
3421,16,33,15,17,81
3422,0,33,15,17,65
3423,16,32,17,17,82
3424,15,17,17,17,66
3425,17,34,18,17,86
3427,17,35,19,13,84
3428,0,35,19,13,67
3430,19,13,16,16,64
3431,13,32,19,18,82
3432,0,32,19,18,69
3434,19,18,14,19,70
3435,18,33,14,18,83
3436,14,19,14,18,65
3438,14,18,17,14,63
3439,18,31,19,17,85
3441,14,36,15,17,82
3442,0,36,15,17,68
3443,17,32,15,20,84
3444,0,32,15,20,67
3445,17,35,16,14,82
3447,20,30,17,16,83
3448,16,14,17,16,63
3450,17,16,19,18,70
3451,16,37,14,17,84
3452,19,18,14,17,68
3453,18,31,17,17,83
3454,0,31,17,17,65
3455,17,34,17,14,82
3456,17,17,17,14,65
3458,17,14,18,18,67
3459,14,36,15,20,85
3460,18,18,15,20,71
3461,18,35,18,15,86
3462,0,35,18,15,68
3463,20,33,16,15,84
3464,0,33,16,15,64
3465,15,31,18,18,82
3466,16,15,18,18,67
3467,15,36,15,15,81
3468,18,18,15,15,66
3469,18,30,19,14,81
3470,0,30,19,14,63
3473,14,35,18,16,83
3474,0,35,18,16,69
3475,18,34,16,17,85
3477,16,33,14,18,81
3478,0,33,14,18,65
3479,17,32,18,16,83
3480,0,32,18,16,66
3484,0,33,17,16,66
3485,17,33,17,18,85
3489,18,34,14,17,83
3490,0,34,14,17,65
3491,16,31,20,13,80
3492,14,17,20,13,64
3493,17,33,20,17,87
3494,0,33,20,17,70
3495,13,37,16,18,84
3496,0,37,16,18,71
3498,0,34,13,17,64
3500,13,17,19,15,64
3502,0,34,17,16,67
3505,16,32,17,20,85
3506,17,15,17,20,69
3508,0,37,16,16,69
3509,20,32,16,16,84
3510,16,16,16,16,64
3511,16,32,17,18,83
3513,16,35,16,18,85
3515,18,34,15,16,83
3520,16,17,14,22,69
3524,15,17,16,17,65
3527,17,37,9,11,74
3529,9,11,17,18,55
3530,11,35,16,30,92
3532,18,46,17,19,100
3533,16,30,17,19,82
3534,13,17,17,19,66
3537,19,14,18,18,69
3538,14,36,17,14,81
3541,0,31,19,16,66
3542,14,35,0,18,67
3543,0,35,0,18,53
3545,0,32,17,20,69
3546,0,14,17,20,51
3547,0,37,19,12,68
3550,12,33,16,16,77
3551,0,33,16,16,65
3553,16,16,16,20,68
3554,16,36,16,15,83
3555,0,36,16,15,67
3556,20,31,16,20,87
3557,16,15,16,20,67
3558,15,36,15,18,84
3559,16,20,15,18,69
3560,20,33,16,15,84
3561,0,33,16,15,64
3563,16,15,17,19,67
3564,15,36,14,20,85
3565,17,19,14,20,70
3566,19,34,13,18,84
3567,14,20,13,18,65
3568,20,31,15,18,84
3569,0,31,15,18,64
3570,18,33,18,16,85
3571,0,33,18,16,67
3572,18,34,18,16,86
3573,18,16,18,16,68
3574,16,34,18,13,81
3575,0,34,18,13,65
3576,16,31,18,17,82
3577,18,13,18,17,66
3578,13,35,17,17,82
3579,18,17,17,17,69
3582,17,34,15,16,82
3583,15,19,15,16,65
3584,19,31,16,19,85
3586,16,35,17,15,83
3587,0,35,17,15,67
3588,19,32,19,15,85
3589,0,32,19,15,66
3590,15,34,16,18,83
3594,18,31,20,15,84
3595,15,16,20,15,66
3596,16,35,16,17,84
3597,20,15,16,17,68
3598,15,33,16,16,80
3599,16,17,16,16,65
3600,17,32,17,17,83
3601,16,16,17,17,66
3602,16,34,19,31,100
3603,17,17,19,31,84
3607,18,16,18,16,68
3608,16,34,19,17,86
3609,18,16,19,17,70
3610,16,36,14,17,83
3612,17,31,18,16,82
3613,14,17,18,16,65
3615,18,16,18,15,67
3619,0,33,16,19,68
3620,17,35,16,16,84
3621,0,35,16,16,67
3622,19,32,17,15,83
3624,16,32,19,15,82
3625,17,15,19,15,66
3627,19,15,16,19,69
3629,16,19,16,18,69
3630,19,34,15,17,85
3632,18,32,18,17,85
3633,15,17,18,17,67
3635,18,17,13,20,68
3636,17,33,12,19,81
3637,0,33,12,19,64
3638,20,31,19,15,85
3640,19,34,19,14,86
3641,0,34,19,14,67
3643,19,14,15,18,66
3644,14,33,16,19,82
3645,0,33,16,19,68
3647,16,19,16,15,66
3649,16,15,19,17,67
3650,15,36,16,19,86
3651,0,36,16,19,71
3652,17,35,16,14,82
3655,16,14,17,18,65
3657,0,35,17,15,67
3658,18,32,17,18,85
3660,15,35,16,15,81
3661,17,18,16,15,66
3663,0,31,18,15,64
3664,15,33,19,15,82
3665,18,15,19,15,67
3666,15,34,16,19,84
3667,0,34,16,19,69
3668,15,35,16,14,80
3669,16,19,16,14,65
3670,19,30,16,18,83
3671,16,14,16,18,64
3672,14,34,17,19,84
3676,19,31,18,16,84
3678,16,34,16,18,84
3679,0,34,16,18,68
3680,16,34,18,14,82
3681,0,34,18,14,66
3682,18,32,20,15,85
3683,18,14,20,15,67
3684,14,35,16,18,83
3686,15,34,15,18,82
3688,18,33,15,17,83
3689,15,18,15,17,65
3690,18,32,18,15,83
3691,0,32,18,15,65
3692,17,33,18,15,83
3693,0,33,18,15,66
3696,15,34,19,15,83
3701,0,34,16,15,65
3702,17,31,16,20,84
3703,0,31,16,20,67
3704,15,36,16,15,82
3705,16,20,16,15,67
3707,0,31,18,18,67
3708,15,36,15,18,84
3713,16,15,18,19,68
3714,15,37,16,15,83
3715,18,19,16,15,68
3716,19,31,16,18,84
3717,16,15,16,18,65
3718,15,34,15,16,80
3722,16,36,16,17,85
3723,0,36,16,17,69
3724,17,33,14,18,82
3726,17,32,16,18,83
3727,14,18,16,18,66
3729,16,18,15,17,66
3731,0,32,16,18,66
3733,0,34,18,15,67
3735,0,33,16,18,67
3737,16,18,22,15,71
3739,22,15,15,15,67
3740,15,30,16,18,79
3742,15,34,15,18,82
3743,0,34,15,18,67
3744,0,18,15,18,51
3745,15,18,16,18,67
3746,18,34,15,16,83
3749,15,16,18,15,64
3752,15,36,15,18,84
3756,18,34,15,16,83
3758,18,31,17,19,85
3759,15,16,17,19,67
3760,16,36,15,19,86
3761,17,19,15,19,70
3762,19,34,16,15,84
3763,0,34,16,15,65
3764,19,31,15,19,84
3765,16,15,15,19,65
3766,15,34,16,16,81
3767,0,34,16,16,66
3768,19,32,17,17,85
3769,0,32,17,17,66
3773,17,31,20,16,84
3774,14,17,20,16,67
3778,0,17,15,18,50
3780,18,31,18,19,86
3782,15,37,16,15,83
3783,18,19,16,15,68
3784,19,31,15,20,85
3786,15,35,15,18,83
3788,20,33,15,18,86
3789,0,33,15,18,66
3790,18,33,17,15,83
3792,18,32,18,16,84
3793,17,15,18,16,66
3794,15,34,17,18,84
3795,18,16,17,18,69
3796,16,35,13,17,81
3798,18,30,19,16,83
3799,0,30,19,16,65
3800,17,35,14,21,87
3801,0,35,14,21,70
3802,16,35,17,13,81
3803,14,21,17,13,65
3804,21,30,18,17,86
3805,0,30,18,17,65
3806,13,35,17,15,80
3807,18,17,17,15,67
3808,17,32,16,17,82
3809,17,15,16,17,65
3810,15,33,19,15,82
3812,17,34,16,19,86
3813,19,15,16,19,69
3814,15,35,16,17,83
3815,0,35,16,17,68
3816,19,33,17,15,84
3817,16,17,17,15,65
3821,19,14,18,17,68
3822,14,35,16,18,83
3823,18,17,16,18,69
3825,16,18,17,15,66
3827,0,32,15,19,66
3828,15,34,17,16,82
3830,19,33,15,18,85
3832,16,33,16,19,84
3833,0,33,16,19,68
3834,18,35,15,17,85
3836,19,32,18,16,85
3837,0,32,18,16,66
3838,17,34,15,16,82
3839,18,16,15,16,65
3841,15,16,16,19,66
3843,0,35,13,18,66
3844,19,31,19,15,84
3846,18,34,17,18,87
3847,0,34,17,18,69
3849,0,35,18,17,70
3853,0,33,16,14,63
3854,18,30,20,16,84
3855,16,14,20,16,66
3856,14,36,17,15,82
3857,20,16,17,15,68
3859,17,15,16,18,66
3860,15,34,17,14,80
3861,0,34,17,14,65
3865,0,35,16,18,69
3867,0,34,16,18,68
3868,18,34,15,18,85
3869,0,34,15,18,67
3870,18,33,15,18,84
3871,0,33,15,18,66
3873,0,33,15,17,65
3875,15,17,0,19,51
3876,17,50,17,20,104
3877,19,31,17,20,87
3879,18,17,20,13,68
3880,0,17,20,13,50
3881,20,13,19,16,68
3882,0,13,19,16,48
3884,16,34,15,18,83
3885,16,18,15,18,67
3887,15,18,17,18,68
3888,18,35,13,19,85
3889,17,18,13,19,67
3890,18,32,14,19,83
3891,0,32,14,19,65
3892,19,33,14,18,84
3894,19,32,17,18,86
3895,0,32,17,18,67
3897,17,18,14,19,68
3898,18,33,16,15,82
3899,14,19,16,15,64
3900,19,31,17,17,84
3901,16,15,17,17,65
3902,15,34,17,17,83
3903,17,17,17,17,68
3904,17,34,17,17,85
3905,17,17,17,17,68
3907,17,17,18,14,66
3911,18,17,14,18,67
3912,17,32,17,16,82
3913,14,18,17,16,65
3914,18,33,19,15,85
3915,17,16,19,15,67
3916,16,34,19,16,85
3918,15,35,15,15,80
3919,0,35,15,15,65
3921,15,15,21,13,64
3924,13,35,17,17,82
3925,0,35,17,17,69
3927,0,34,16,16,66
3928,17,32,16,19,84
3929,16,16,16,19,67
3930,16,35,16,14,81
3931,16,19,16,14,65
3932,19,30,17,19,85
3933,0,30,17,19,66
3934,14,36,14,17,81
3935,17,19,14,17,67
3936,19,31,17,20,87
3937,14,17,17,20,68
3939,17,20,13,17,67
3940,20,30,20,13,83
3941,13,17,20,13,63
3942,17,33,0,17,67
3943,0,33,0,17,50
3945,17,19,16,16,68
3946,0,19,16,16,51
3947,0,32,15,18,65
3949,0,33,18,16,67
3950,18,34,15,18,85
3951,0,34,15,18,67
3952,0,16,15,18,49
3953,15,18,18,14,65
3955,18,14,0,22,54
3956,14,52,17,14,97
3957,22,30,17,14,83
3959,19,17,14,19,69
3961,14,19,16,15,64
3962,0,19,16,15,50
3963,16,15,19,16,66
3964,15,35,16,16,82
3965,19,16,16,16,67
3966,16,32,17,19,84
3967,0,32,17,19,68
3969,17,19,17,14,67
3972,14,33,20,16,83
3974,16,36,14,18,84
3976,16,32,18,15,81
3977,0,32,18,15,65
3978,18,33,19,15,85
3979,0,33,19,15,67
3980,15,34,15,17,81
3981,0,34,15,17,66
3982,15,32,18,17,82
3984,17,35,16,15,83
3986,17,31,15,21,84
3987,16,15,15,21,67
3990,21,32,16,17,86
3991,0,32,16,17,65
3994,17,32,18,18,85
3995,16,16,18,18,68
3997,0,36,16,15,67
3999,16,15,20,15,66
4000,15,35,15,19,84
4001,0,35,15,19,69
4002,15,34,16,16,81
4003,15,19,16,16,66
4004,19,32,19,18,88
4005,0,32,19,18,69
4006,16,37,14,15,82
4008,18,29,17,17,81
4009,14,15,17,17,63
4010,15,34,17,17,83
4011,0,34,17,17,68
4013,0,34,17,17,68
4015,0,34,18,17,69
4020,19,31,20,14,84
4021,16,15,20,14,65
4022,15,34,16,18,83
4024,14,34,15,18,81
4026,18,33,16,18,85
4027,0,33,16,18,67
4029,16,18,16,16,66
4031,0,32,18,15,65
4032,16,33,18,15,82
4033,0,33,18,15,66
4035,18,15,18,17,68
4036,15,35,17,18,85
4038,17,35,15,18,85
4040,18,33,16,15,82
4041,15,18,16,15,64
4042,18,31,0,17,66
4043,16,15,0,17,48
4045,17,17,18,16,68
4046,17,34,16,19,86
4047,0,34,16,19,69
4048,16,35,15,18,84
4049,0,35,15,18,68
4050,19,33,16,17,85
4051,15,18,16,17,66
4052,18,33,15,15,81
4053,16,17,15,15,63
4054,17,30,18,33,98
4055,15,15,18,33,81
4056,15,51,16,19,101
4058,15,18,16,19,68
4060,0,16,19,16,51
4061,19,16,16,18,69
4062,0,16,16,18,50
4063,16,18,16,16,66
4064,18,32,16,18,84
4065,0,32,16,18,66
4066,16,34,17,15,82
4068,18,32,19,14,83
4071,19,14,19,16,68
4072,14,35,18,15,82
4076,15,34,16,16,81
4077,0,34,16,16,66
4079,16,16,18,17,67
4081,18,17,17,17,69
4083,17,17,17,16,67
4085,0,33,15,18,66
4086,16,33,15,16,80
4087,15,18,15,16,64
4089,15,16,17,18,66
4093,15,17,17,16,65
4095,0,33,17,19,69
4096,16,36,17,16,85
4097,17,19,17,16,69
4099,0,33,18,32,83
4100,16,50,15,18,99
4101,0,50,15,18,83
4103,19,15,18,16,68
4104,0,15,18,16,49
4105,18,16,16,17,67
4106,0,16,16,17,49
4107,0,33,17,18,68
4108,17,35,15,17,84
4109,0,35,15,17,67
4110,18,32,16,19,85
4111,0,32,16,19,67
4112,17,35,16,15,83
4113,16,19,16,15,66
4115,16,15,19,15,65
4116,15,34,15,18,82
4117,19,15,15,18,67
4118,15,33,17,18,83
4120,18,35,16,15,84
4122,18,31,19,15,83
4123,0,31,19,15,65
4124,15,34,19,15,83
4126,15,34,15,19,83
4127,19,15,15,19,68
4128,15,34,16,17,82
4129,0,34,16,17,67
4130,19,33,16,17,85
4131,0,33,16,17,66
4132,17,33,15,18,83
4133,16,17,15,18,66
4134,17,33,15,18,83
4135,15,18,15,18,66
4136,18,33,16,17,84
4137,15,18,16,17,66
4138,18,33,16,18,85
4141,0,34,15,18,67
4143,15,18,17,17,67
4145,17,17,16,22,72
4147,16,22,12,15,65
4148,22,27,20,14,83
4149,0,27,20,14,61
4150,15,34,17,16,82
4151,20,14,17,16,67
4154,16,33,19,15,83
4155,0,33,19,15,67
4157,0,34,17,17,68
4159,0,34,16,19,69
4160,17,35,15,18,85
4162,19,33,14,18,84
4163,15,18,14,18,65
4164,18,32,18,15,83
4165,0,32,18,15,65
4166,18,33,17,16,84
4167,0,33,17,16,66
4168,15,33,17,18,83
4169,0,33,17,18,68
4170,16,35,17,15,83
4171,0,35,17,15,67
4174,15,35,17,15,82
4175,0,35,17,15,67
4177,0,32,15,18,65
4179,15,18,16,18,67
4180,18,34,16,18,86
4181,16,18,16,18,68
4183,16,18,15,19,68
4184,18,34,17,15,84
4185,15,19,17,15,66
4187,17,15,16,16,64
4190,16,33,17,20,86
4191,19,14,17,20,70
4192,14,37,16,14,81
4194,20,30,20,14,84
4195,0,30,20,14,64
4196,14,34,17,15,80
4197,20,14,17,15,66
4199,17,15,17,17,66
4200,15,34,17,18,84
4203,0,35,16,18,69
4204,18,34,16,16,84
4205,0,34,16,16,66
4206,18,32,16,17,83
4208,16,33,16,18,83
4209,0,33,16,18,67
4210,17,34,15,20,86
4211,0,34,15,20,69
4213,0,35,16,14,65
4214,20,30,16,19,85
4215,0,30,16,19,65
4217,16,19,15,19,69
4218,19,34,15,18,86
4219,15,19,15,18,67
4221,15,18,16,18,67
4222,18,34,15,18,85
4223,16,18,15,18,67
4225,15,18,16,17,66
4226,18,33,15,19,85
4227,16,17,15,19,67
4228,17,34,16,17,84
4229,0,34,16,17,67
4230,19,33,17,17,86
4231,0,33,17,17,67
4232,17,34,14,19,84
4236,19,33,16,15,83
4237,0,33,16,15,64
4239,16,15,19,16,66
4240,15,35,16,19,85
4243,16,19,16,14,65
4244,19,30,20,14,83
4245,16,14,20,14,64
4246,14,34,19,14,81
4247,0,34,19,14,67
4249,19,14,20,15,68
4250,14,35,16,33,98
4251,0,35,16,33,84
4252,15,49,18,15,97
4253,16,33,18,15,82
4254,15,18,18,15,66
4255,18,18,15,18,69
4256,18,33,18,16,85
4257,15,18,18,16,67
4259,18,16,15,18,67
4260,16,33,16,35,100
4262,18,51,15,15,99
4265,20,15,15,19,69
4267,15,19,16,15,65
4268,19,31,19,14,83
4269,16,15,19,14,64
4270,15,33,19,15,82
4271,19,14,19,15,67
4272,14,34,19,15,82
4274,15,34,16,18,83
4276,15,34,18,16,83
4278,18,34,17,14,83
4280,16,31,17,17,81
4281,17,14,17,17,65
4283,17,17,15,19,68
4284,17,34,17,17,85
4286,19,34,18,15,86
4287,0,34,18,15,67
4288,17,33,17,15,82
4289,18,15,17,15,65
4290,15,32,18,32,97
4293,18,32,0,19,69
4295,17,19,15,16,67
4296,0,19,15,16,50
4297,15,16,18,16,65
4298,0,16,18,16,50
4300,16,34,16,18,84
4301,18,16,16,18,68
4303,0,34,16,17,67
4308,14,35,18,16,83
4309,0,35,18,16,69
4311,0,34,15,18,67
4312,16,33,15,20,84
4315,0,35,16,17,68
4316,20,33,15,18,86
4317,0,33,15,18,66
4318,17,33,14,18,82
4320,18,32,15,20,85
4321,0,32,15,20,67
4323,15,20,15,18,68
4324,20,33,15,18,86
4326,18,33,15,19,85
4327,15,18,15,19,67
4328,18,34,15,16,83
4329,0,34,15,16,65
4331,15,16,16,18,65
4332,16,34,15,20,85
4336,20,34,15,17,86
4337,15,19,15,17,66
4338,19,32,17,15,83
4339,15,17,17,15,64
4340,17,32,19,15,83
4342,15,34,19,14,82
4343,19,15,19,14,67
4345,19,14,17,16,66
4347,17,16,18,15,66
4348,16,33,18,18,85
4349,18,15,18,18,69
4350,15,36,15,15,81
4351,18,18,15,15,66
4354,15,34,17,17,83
4357,17,17,17,19,70
4358,17,36,14,19,86
4360,19,33,15,18,85
4361,0,33,15,18,66
4362,19,33,14,16,82
4363,0,33,14,16,63
4364,18,30,19,16,83
4365,14,16,19,16,65
4366,0,16,19,16,51
4367,0,35,17,15,67
4368,16,32,16,18,82
4370,15,34,19,16,84
4371,0,34,19,16,69
4374,16,34,17,14,81
4376,18,31,19,15,83
4379,0,34,16,18,68
4380,15,34,16,16,81
4381,16,18,16,16,66
4382,0,18,16,16,50
4383,0,32,19,15,66
4385,0,34,16,20,70
4386,15,36,12,17,80
4387,16,20,12,17,65
4389,12,17,18,18,65
4390,17,36,16,33,102
4391,0,36,16,33,85
4392,18,49,18,14,99
4394,14,19,18,14,65
4397,14,18,16,18,66
4398,0,18,16,18,52
4400,18,33,17,17,85
4401,17,16,17,17,67
4404,17,32,17,16,82
4405,0,32,17,16,65
4406,0,18,17,16,51
4407,0,33,16,19,68
4408,16,35,16,15,82
4411,0,31,18,16,65
4412,15,34,16,19,84
4413,18,16,16,19,69
4414,16,35,17,15,83
4415,0,35,17,15,67
4417,17,15,17,17,66
4419,17,17,16,17,67
4420,17,33,18,17,85
4421,0,33,18,17,68
4422,17,35,14,17,83
4424,17,31,17,17,82
4425,0,31,17,17,65
4427,17,17,17,16,67
4428,17,33,16,18,84
4429,17,16,16,18,67
4430,16,34,17,15,82
4431,16,18,17,15,66
4432,18,32,17,19,86
4434,15,36,17,16,84
4435,0,36,17,16,69
4437,0,33,16,15,64
4438,16,31,16,19,82
4439,16,15,16,19,66
4442,19,34,16,18,87
4443,17,17,16,18,68
4444,17,34,16,16,83
4445,16,18,16,16,66
4446,18,32,16,18,84
4448,16,34,17,15,82
4449,16,18,17,15,66
4450,18,32,16,18,84
4451,17,15,16,18,66
4452,15,34,15,19,83
4453,16,18,15,19,68
4454,18,34,17,17,86
4455,15,19,17,17,68
4457,0,34,13,17,64
4458,17,30,19,18,84
4460,0,17,19,18,54
4461,19,18,12,18,67
4465,0,34,16,23,73
4467,0,39,10,17,66
4468,23,27,18,17,85
4469,10,17,18,17,62
4470,17,35,17,17,86
4471,18,17,17,17,69
4472,17,34,16,17,84
4473,0,34,16,17,67
4474,17,33,17,15,82
4475,0,33,17,15,65
4477,0,32,16,19,67
4480,19,31,17,19,86
4481,0,31,17,19,67
4482,16,36,15,17,84
4483,17,19,15,17,68
4484,19,32,16,19,86
4485,0,32,16,19,67
4486,17,35,15,17,84
4487,16,19,15,17,67
4488,19,32,16,17,84
4489,15,17,16,17,65
4490,17,33,17,17,84
4491,16,17,17,17,67
4492,17,34,15,17,83
4493,0,34,15,17,66
4495,15,17,19,15,66
4497,19,15,15,19,68
4498,15,34,17,14,80
4499,0,34,17,14,65
4500,19,31,19,17,86
4501,0,31,19,17,67
4502,14,36,13,20,83
4503,0,36,13,20,69
4504,17,33,14,20,84
4505,13,20,14,20,67
4506,20,34,14,20,88
4507,0,34,14,20,68
4508,20,34,14,16,84
4509,14,20,14,16,64
4510,20,30,18,17,85
4512,16,35,17,16,84
4513,18,17,17,16,68
4517,18,16,16,16,66
4518,16,32,15,19,82
4520,16,34,16,18,84
4521,15,19,16,18,68
4522,19,34,16,16,85
4523,0,34,16,16,66
4524,18,32,17,16,83
4525,16,16,17,16,65
4526,16,33,17,18,84
4527,0,33,17,18,68
4528,16,35,17,14,82
4530,18,31,18,17,84
4533,18,17,16,17,68
4536,17,35,15,18,85
4538,20,33,15,22,90
4540,18,37,10,19,84
4542,22,29,16,19,86
4543,0,29,16,19,64
4545,0,35,17,13,65
4546,19,30,17,16,82
4547,0,30,17,16,63
4548,13,33,18,17,81
4549,0,33,18,17,68
4550,16,35,17,18,86
4551,0,35,17,18,70
4552,17,35,16,16,84
4553,0,35,16,16,67
4554,18,32,18,16,84
4555,16,16,18,16,66
4556,16,34,15,18,83
4557,18,16,15,18,67
4559,15,18,17,16,66
4560,18,33,15,18,84
4561,17,16,15,18,66
4562,16,33,16,35,100
4565,0,51,16,16,83
4566,15,20,16,16,67
4567,20,16,16,16,68
4568,16,32,16,20,84
4569,16,16,16,20,68
4571,16,20,17,16,69
4572,20,33,16,18,87
4573,17,16,16,18,67
4574,16,34,15,18,83
4575,16,18,15,18,67
4576,18,33,15,15,81
4577,15,18,15,15,63
4578,18,30,21,30,99
4581,21,30,17,15,83
4582,12,18,17,15,62
4583,18,17,15,20,70
4584,0,17,15,20,52
4585,15,20,15,20,70
4587,15,20,12,20,67
4588,20,32,16,14,82
4589,0,32,16,14,62
4590,20,30,19,15,84
4591,16,14,19,15,64
4593,0,34,19,15,68
4594,15,34,18,14,81
4595,19,15,18,14,66
4596,15,32,19,14,80
4597,18,14,19,14,65
4599,0,33,20,14,67
4601,0,34,16,20,70
4603,16,20,14,20,70
4605,14,20,14,19,67
4606,0,20,14,19,53
4607,0,33,15,15,63
4608,19,30,18,19,86
4609,15,15,18,19,67
4610,15,37,14,19,85
4611,0,37,14,19,70
4612,19,33,15,16,83
4613,0,33,15,16,64
4614,19,31,16,20,86
4615,15,16,16,20,67
4616,16,36,15,15,82
4621,18,15,19,15,67
4623,19,15,17,17,68
4624,15,34,17,17,83
4625,17,17,17,17,68
4628,0,17,17,16,50
4629,0,33,16,16,65
4630,16,32,16,19,83
4631,0,32,16,19,67
4632,16,35,15,17,83
4633,0,35,15,17,67
4634,19,32,20,13,84
4635,0,32,20,13,65
4636,17,33,19,18,87
4638,13,37,16,16,82
4641,0,32,17,15,64
4642,16,32,16,16,80
4644,15,32,18,19,84
4645,16,16,18,19,69
4646,16,37,14,18,85
4647,0,37,14,18,69
4648,19,32,18,16,85
4649,14,18,18,16,66
4650,18,34,14,20,86
4652,16,34,16,15,81
4653,0,34,16,15,65
4654,20,31,19,15,85
4656,15,34,18,14,81
4657,19,15,18,14,66
4658,15,32,19,15,81
4659,0,32,19,15,66
4660,14,34,16,17,81
4662,15,33,16,17,81
4663,16,17,16,17,66
4664,17,33,20,15,85
4666,17,35,15,18,85
4667,0,35,15,18,68
4668,15,33,15,19,82
4669,0,33,15,19,67
4670,18,34,15,19,86
4671,0,34,15,19,68
4673,15,19,16,15,65
4674,19,31,18,15,83
4675,16,15,18,15,64
4676,15,33,19,15,82
4677,18,15,19,15,67
4678,15,34,18,16,83
4679,19,15,18,16,68
4680,15,34,15,17,81
4682,16,32,17,18,83
4683,0,32,17,18,67
4684,17,35,17,14,83
4686,18,31,18,19,86
4687,0,31,18,19,68
4688,14,37,0,13,64
4689,18,19,0,13,50
4690,19,31,16,19,85
4691,0,31,16,19,66
4692,18,35,15,15,83
4694,19,30,19,16,84
4695,15,15,19,16,65
4696,15,35,15,18,83
4697,0,35,15,18,68
4698,16,33,17,16,82
4701,17,16,18,15,66
4702,16,33,18,19,86
4703,18,15,18,19,70
4704,15,37,14,17,83
4705,0,37,14,17,68
4708,17,34,17,16,84
4710,17,33,17,16,83
4711,17,16,17,16,66
4714,16,33,15,18,82
4716,17,33,18,15,83
4718,18,33,17,20,88
4719,18,15,17,20,70
4721,0,37,16,14,67
4723,0,30,22,11,63
4724,14,33,19,15,81
4725,22,11,19,15,67
4726,11,34,18,16,79
4727,19,15,18,16,68
4728,15,34,16,18,83
4729,18,16,16,18,68
4731,0,34,15,19,68
4732,18,34,16,16,84
4733,15,19,16,16,66
4735,16,16,17,16,65
4737,0,33,16,17,66
4741,18,17,14,17,66
4742,17,31,16,18,82
4743,0,31,16,18,65
4745,16,18,16,33,83
4750,0,19,14,17,50
4753,17,17,18,14,66
4754,17,32,20,14,83
4759,0,36,15,16,67
4760,13,31,17,16,77
4761,15,16,17,16,64
4762,16,33,17,20,86
4763,17,16,17,20,70
4766,20,31,16,19,86
4768,15,35,17,13,80
4770,19,30,17,17,83
4771,0,30,17,17,64
4772,13,34,17,17,81
4773,17,17,17,17,68
4774,17,34,18,15,84
4775,0,34,18,15,67
4776,17,33,15,19,84
4777,18,15,15,19,67
4778,15,34,15,18,82
4779,15,19,15,18,67
4780,19,33,16,19,87
4783,16,19,16,15,66
4784,19,31,18,15,83
4785,16,15,18,15,64
4787,0,33,16,18,67
4788,15,34,16,20,85
4789,16,18,16,20,70
4791,16,20,18,12,66
4792,20,30,18,15,83
4793,18,12,18,15,63
4794,12,33,19,14,78
4795,0,33,19,14,66
4796,15,33,19,15,82
4797,0,33,19,15,67
4799,0,34,19,15,68
4804,18,33,16,19,86
4805,0,33,16,19,68
4806,18,35,17,14,84
4808,19,31,16,17,83
4810,14,33,19,15,81
4811,0,33,19,15,67
4814,15,34,18,15,82
4815,15,19,18,15,67
4816,19,33,16,18,86
4818,15,34,16,16,81
4820,18,32,19,15,84
4821,16,16,19,15,66
4823,19,15,19,15,68
4825,0,34,16,17,67
4826,15,33,17,16,81
4827,0,33,17,16,66
4828,17,33,16,18,84
4829,17,16,16,18,67
4831,0,34,17,14,65
4833,0,31,19,15,65
4834,14,34,17,18,83
4835,0,34,17,18,69
4836,15,35,16,16,82
4837,17,18,16,16,67
4838,18,32,20,16,86
4840,16,36,16,15,83
4841,20,16,16,15,67
4842,0,16,16,15,47
4845,0,32,19,16,67
4847,19,16,16,18,69
4849,0,34,17,14,65
4850,18,31,20,15,84
4853,20,15,16,17,68
4855,0,33,15,18,66
4856,0,17,15,18,50
4857,0,33,16,18,67
4859,0,34,16,16,66
4861,16,16,19,15,66
4862,16,34,16,18,84
4864,15,34,17,19,85
4867,17,19,16,15,67
4868,19,31,19,16,85
4870,15,35,13,19,82
4871,0,35,13,19,67
4872,16,32,16,15,79
4873,13,19,16,15,63
4874,19,31,18,18,86
4877,0,36,16,15,67
4881,17,19,15,19,70
4882,19,34,15,15,83
4883,0,34,15,15,64
4884,19,30,18,15,82
4885,0,30,18,15,63
4887,0,33,19,15,67
4888,15,34,18,15,82
4889,19,15,18,15,67
4890,15,33,19,14,81
4892,15,33,17,22,87
4893,0,33,17,22,72
4894,14,39,13,15,81
4895,0,39,13,15,67
4896,22,28,17,18,85
4898,15,35,18,17,85
4899,17,18,18,17,70
4900,18,35,14,16,83
4902,17,30,18,17,82
4903,0,30,18,17,65
4904,16,35,16,18,85
4906,17,34,15,18,84
4907,0,34,15,18,67
4909,15,18,16,16,65
4911,0,32,18,15,65
4912,16,33,19,15,83
4913,0,33,19,15,67
4914,15,34,18,15,82
4915,19,15,18,15,67
4917,0,33,18,15,66
4918,15,33,17,16,81
4919,18,15,17,16,66
4920,15,33,17,17,82
4921,17,16,17,17,67
4922,16,34,16,18,84
4923,17,17,16,18,68
4924,17,34,17,18,86
4925,16,18,17,18,69
4927,17,18,16,31,82
4930,14,17,18,18,67
4931,17,18,18,14,67
4932,18,32,18,18,86
4933,18,14,18,18,68
4934,14,36,14,18,82
4935,0,36,14,18,68
4937,0,32,16,17,65
4939,16,17,16,21,70
4940,17,37,15,15,84
4942,21,30,18,16,85
4943,15,15,18,16,64
4945,18,16,16,15,65
4946,16,31,19,18,84
4949,19,18,13,18,68
4951,13,18,16,16,63
4952,18,32,19,18,87
4954,16,37,15,18,86
4955,19,18,15,18,70
4956,18,33,15,16,82
4957,0,33,15,16,64
4958,18,31,17,19,85
4960,16,36,15,16,83
4962,19,31,16,20,86
4964,16,36,15,16,83
4965,16,20,15,16,67
4966,20,31,19,15,85
4967,15,16,19,15,65
4968,16,34,15,18,83
4969,19,15,15,18,67
4970,15,33,17,17,82
4972,18,34,17,15,84
4973,0,34,17,15,66
4974,17,32,16,19,84
4976,15,35,15,18,83
4977,16,19,15,18,68
4978,19,33,17,15,84
4980,18,32,18,15,83
4981,0,32,18,15,65
4982,15,33,17,18,83
4985,0,35,15,19,69
4987,15,19,15,16,65
4988,19,31,19,15,84
4989,0,31,19,15,65
4992,15,32,18,18,83
4996,18,32,15,20,85
4997,15,17,15,20,67
4998,17,35,13,18,83
4999,15,20,13,18,66
5000,20,31,20,15,86
5001,13,18,20,15,66
5002,18,35,16,17,86
5004,15,33,16,15,79
5006,17,31,20,17,85
5007,16,15,20,17,68
5010,17,33,14,17,81
5011,16,17,14,17,64
5013,0,31,16,19,66
5014,17,35,14,19,85
5018,19,35,15,16,85
5019,0,35,15,16,66
5020,17,31,15,19,82
5021,15,16,15,19,65
5022,16,34,15,17,82
5024,19,32,19,14,84
5025,15,17,19,14,65
5026,17,33,19,15,84
5027,0,33,19,15,67
5029,19,15,16,18,68
5032,18,34,17,15,84
5034,18,32,20,16,86
5035,17,15,20,16,68
5036,15,36,13,18,82
5038,16,31,16,17,80
5039,0,31,16,17,64
5040,18,33,16,18,85
5041,16,17,16,18,67
5042,17,34,15,18,84
5043,16,18,15,18,67
5044,18,33,16,17,84
5045,15,18,16,17,66
5048,17,35,16,18,86
5049,16,19,16,18,69
5050,19,34,16,15,84
5053,0,31,16,18,65
5054,15,34,17,15,81
5055,16,18,17,15,66
5056,18,32,19,15,84
5060,15,34,15,19,83
5061,0,34,15,19,68
5062,17,34,15,19,85
5064,19,34,14,18,85
5065,0,34,14,18,66
5066,19,32,16,18,85
5067,14,18,16,18,66
5068,18,34,16,20,88
5070,18,36,13,17,84
5073,13,17,16,18,64
5076,18,33,16,18,85
5077,16,17,16,18,67
5078,17,34,15,19,85
5079,16,18,15,19,68
5082,19,34,15,15,83
5083,0,34,15,15,64
5084,19,30,17,16,82
5085,15,15,17,16,63
5086,15,33,18,18,84
5087,17,16,18,18,69
5088,16,36,15,19,86
5095,0,33,19,16,68
5096,14,35,15,19,83
5098,16,34,15,17,82
5099,0,34,15,17,66
5102,17,33,16,19,85
5103,0,33,16,19,68
5104,17,35,15,16,83
5105,0,35,15,16,66
5108,16,34,20,14,84
5109,20,14,20,14,68
5110,14,34,15,19,82
5112,14,34,17,14,79
5114,19,31,20,14,84
5115,0,31,20,14,65
5116,14,34,16,19,83
5119,0,35,16,18,69
5120,19,34,15,16,84
5121,16,18,15,16,65
5122,18,31,19,15,83
5123,0,31,19,15,65
5124,16,34,19,16,85
5125,0,34,19,16,69
5126,0,15,19,16,50
5127,19,16,16,16,67
5128,16,32,15,18,81
5129,16,16,15,18,65
5131,15,18,17,18,68
5132,18,35,16,15,84
5137,0,33,19,16,68
5138,14,35,16,16,81
5139,19,16,16,16,67
5140,16,32,17,19,84
5141,16,16,17,19,68
5144,0,19,16,14,49
5145,0,30,17,17,64
5146,14,34,18,18,84
5148,17,36,16,15,84
5149,0,36,16,15,67
5150,18,31,16,19,84
5151,16,15,16,19,66
5152,15,35,16,15,81
5153,0,35,16,15,66
5154,19,31,19,14,83
5157,0,33,19,16,68
5158,14,35,16,18,83
5159,0,35,16,18,69
5160,16,34,15,18,83
5161,0,34,15,18,67
5162,18,33,16,18,85
5163,15,18,16,18,67
5164,18,34,15,16,83
5165,16,18,15,16,65
5167,15,16,18,18,67
5168,16,36,16,15,83
5169,0,36,16,15,67
5172,15,34,19,15,83
5176,15,34,17,20,86
5177,15,19,17,20,71
5178,19,37,12,16,84
5179,0,37,12,16,65
5181,12,16,20,15,63
5182,16,35,16,18,85
5183,20,15,16,18,69
5184,15,34,16,15,80
5185,16,18,16,15,65
5187,16,15,16,18,65
5188,15,34,19,14,82
5190,18,33,16,19,86
5191,19,14,16,19,68
5192,14,35,16,16,81
5193,16,19,16,16,67
5196,16,34,15,18,83
5197,0,34,15,18,67
5198,18,33,15,18,84
5199,15,18,15,18,66
5201,0,33,17,18,68
5202,18,35,15,18,86
5203,0,35,15,18,68
5205,15,18,16,15,64
5206,18,31,19,15,83
5207,16,15,19,15,65
5208,15,34,16,19,84
5209,19,15,16,19,69
5210,15,35,15,18,83
5211,0,35,15,18,68
5212,19,33,16,18,86
5215,16,18,16,15,65
5218,15,34,15,19,83
5219,0,34,15,19,68
5220,15,34,15,16,80
5221,15,19,15,16,65
5222,19,31,19,17,86
5223,15,16,19,17,67
5224,16,36,16,16,84
5225,19,17,16,16,68
5227,16,16,19,15,66
5230,15,32,17,18,82
5232,16,35,16,18,85
5233,0,35,16,18,69
5237,0,32,17,15,64
5239,17,15,20,15,67
5240,15,35,15,19,84
5241,20,15,15,19,69
5242,15,34,17,14,80
5244,19,31,18,18,86
5245,17,14,18,18,67
5246,14,36,15,18,83
5247,18,18,15,18,69
5248,18,33,16,18,85
5249,15,18,16,18,67
5251,16,18,17,14,65
5252,18,31,16,20,85
5253,17,14,16,20,67
5254,14,36,15,17,82
5256,20,32,16,18,86
5257,15,17,16,18,66
5258,17,34,16,17,84
5259,0,34,16,17,67
5260,18,33,15,18,84
5261,16,17,15,18,66
5262,17,33,17,15,82
5263,0,33,17,15,65
5266,15,33,19,15,82
5267,18,15,19,15,67
5268,15,34,16,18,83
5269,19,15,16,18,68
5271,0,34,16,16,66
5272,18,32,19,14,83
5273,0,32,19,14,65
5274,16,33,19,16,84
5275,19,14,19,16,68
5279,15,19,16,18,68
5280,19,34,15,17,85
5281,16,18,15,17,66
5285,0,35,16,14,65
5286,18,30,18,18,84
5287,16,14,18,18,66
5288,14,36,16,15,81
5289,18,18,16,15,67
5291,16,15,16,19,66
5292,15,35,16,16,82
5293,16,19,16,16,67
5295,0,32,19,15,66
5297,19,15,16,18,68
5298,15,34,16,18,83
5299,16,18,16,18,68
5302,18,30,20,15,83
5303,16,14,20,15,65
5304,14,35,16,19,84
5305,20,15,16,19,70
5306,15,35,15,18,83
5307,16,19,15,18,68
5308,19,33,15,19,86
5314,19,32,17,18,86
5315,16,16,17,18,67
5316,16,35,16,14,81
5317,0,35,16,14,65
5318,18,30,16,18,82
5319,0,30,16,18,64
5321,0,34,18,15,67
5322,18,33,17,16,84
5323,18,15,17,16,66
5324,15,33,18,20,86
5325,17,16,18,20,71
5327,18,20,13,18,69
5329,13,18,14,17,62
5331,14,17,17,18,66
5332,17,35,15,18,85
5333,17,18,15,18,68
5334,18,33,16,17,84
5338,17,35,16,16,84
5339,16,19,16,16,67
5340,19,32,16,18,85
5342,16,34,16,18,84
5343,0,34,16,18,68
5345,16,18,16,15,65
5346,18,31,18,18,85
5347,0,31,18,18,67
5349,0,36,15,17,68
5350,18,32,18,31,99
5351,0,32,18,31,81
5353,18,31,18,17,84
5354,13,18,18,17,66
5355,18,18,17,16,69
5356,18,33,16,17,84
5357,17,16,16,17,66
5358,16,33,17,17,83
5359,16,17,17,17,67
5360,17,34,18,30,99
5361,0,34,18,30,82
5362,17,48,19,30,114
5363,18,30,19,30,97
5365,17,19,14,16,66
5367,14,34,17,17,82
5368,16,18,17,17,68
5369,0,18,17,17,52
5370,17,53,14,18,102
5371,17,36,14,18,85
5373,21,14,18,15,68
5374,14,33,17,17,81
5375,18,15,17,17,67
5376,0,15,17,17,49
5378,17,34,17,14,82
5380,18,31,17,17,83
5381,0,31,17,17,65
5383,0,34,17,17,68
5384,17,34,16,19,86
5385,17,17,16,19,69
5387,16,19,18,15,68
5388,19,33,15,16,83
5390,15,31,17,19,82
5391,15,16,17,19,67
5394,19,32,17,16,84
5395,0,32,17,16,65
5397,17,16,16,16,65
5399,0,32,19,15,66
5401,19,15,16,20,70
5403,16,20,15,16,67
5406,16,35,16,15,82
5407,16,19,16,15,66
5408,19,31,19,15,84
5409,0,31,19,15,65
5412,15,34,17,16,82
5413,0,34,17,16,67
5414,18,33,17,18,86
5415,17,16,17,18,68
5416,16,35,17,16,84
5417,0,35,17,16,68
5418,18,33,16,17,84
5421,16,17,17,18,68
5422,17,35,16,15,83
5423,17,18,16,15,66
5424,18,31,17,16,82
5427,17,16,15,19,67
5428,16,34,15,19,84
5429,15,19,15,19,68
5432,19,32,17,18,86
5433,15,17,17,18,67
5434,17,35,16,18,86
5435,0,35,16,18,69
5437,16,18,13,18,65
5438,18,31,16,18,83
5439,13,18,16,18,65
5440,18,34,16,16,84
5441,0,34,16,16,66
5443,16,16,19,16,67
5444,16,35,18,17,86
5446,16,35,14,18,83
5447,0,35,14,18,67
5448,17,32,14,19,82
5449,14,18,14,19,65
5450,18,33,16,19,86
5451,0,33,16,19,68
5452,19,35,17,15,86
5453,16,19,17,15,67
5454,19,32,16,15,82
5455,0,32,16,15,63
5456,15,31,18,18,82
5457,16,15,18,18,67
5458,15,36,17,15,83
5459,18,18,17,15,68
5460,18,32,16,16,82
5461,0,32,16,16,64
5462,15,32,19,15,81
5463,16,16,19,15,66
5464,16,34,16,19,85
5465,0,34,16,19,69
5466,15,35,16,18,84
5468,19,34,17,15,85
5469,0,34,17,15,66
5470,18,32,16,19,85
5471,0,32,16,19,67
5472,15,35,13,18,81
5475,13,18,18,15,64
5476,18,33,16,20,87
5477,18,15,16,20,69
5478,15,36,15,15,81
5479,0,36,15,15,66
5480,20,30,20,15,85
5482,15,35,15,19,84
5483,20,15,15,19,69
5484,15,34,17,17,83
5485,15,19,17,17,68
5487,0,34,16,15,65
5489,0,31,19,15,65
5490,15,34,19,16,84
5491,0,34,19,16,69
5492,15,35,16,32,98
5493,19,16,16,32,83
5494,16,48,16,17,97
5495,0,48,16,17,81
5497,18,16,17,16,67
5498,16,33,19,18,86
5500,0,16,19,18,53
5502,18,31,18,19,86
5503,15,16,18,19,68
5504,16,37,16,14,83
5505,18,19,16,14,67
5506,19,30,15,19,83
5507,16,14,15,19,64
5508,14,34,15,19,82
5511,0,34,16,14,64
5512,19,30,19,15,83
5513,16,14,19,15,64
5514,14,34,20,15,83
5518,15,34,15,18,82
5519,0,34,15,18,67
5520,18,33,16,15,82
5522,18,31,19,15,83
5523,0,31,19,15,65
5524,15,34,18,15,82
5526,15,33,17,17,82
5531,16,18,16,19,69
5533,0,35,15,15,65
5534,19,30,19,15,83
5535,15,15,19,15,64
5536,15,34,18,16,83
5537,19,15,18,16,68
5538,15,34,17,21,87
5539,18,16,17,21,72
5540,16,38,12,18,84
5541,17,21,12,18,68
5543,12,18,15,17,62
5544,18,32,18,15,83
5547,0,33,19,14,66
5548,15,33,19,16,83
5551,19,16,16,18,69
5553,16,18,14,18,66
5555,14,18,16,17,65
5556,18,33,18,16,85
5557,0,33,18,16,67
5558,17,34,16,16,83
5559,18,16,16,16,66
5560,16,32,18,16,82
5561,0,32,18,16,66
5562,16,34,17,18,85
5563,0,34,17,18,69
5564,16,35,16,17,84
5567,0,33,17,14,64
5568,17,31,17,17,82
5570,14,34,16,18,82
5572,17,34,16,18,85
5573,0,34,16,18,68
5575,0,34,17,15,66
5576,18,32,16,18,84
5579,0,34,15,20,69
5580,18,35,16,15,84
5581,15,20,16,15,66
5582,0,20,16,15,51
5583,0,31,16,19,66
5584,15,35,16,18,84
5592,18,31,19,16,84
5594,15,35,16,18,84
5595,19,16,16,18,69
5596,16,34,17,15,82
5598,18,32,16,18,84
5599,0,32,16,18,66
5600,15,34,16,19,84
5601,0,34,16,19,69
5602,18,35,19,13,85
5603,0,35,19,13,67
5604,19,32,14,18,83
5605,19,13,14,18,64
5609,19,16,15,17,67
5610,16,32,14,21,83
5611,0,32,14,21,67
5613,14,21,17,16,68
5614,21,33,15,20,89
5615,17,16,15,20,68
5616,16,35,13,20,84
5617,0,35,13,20,68
5618,20,33,16,17,86
5619,13,20,16,17,66
5620,20,33,16,16,85
5621,0,33,16,16,65
5622,17,32,18,17,84
5623,0,32,18,17,67
5625,18,17,16,18,69
5626,17,34,14,17,82
5627,0,34,14,17,65
5628,18,31,17,16,82
5629,0,31,17,16,64
5630,0,17,17,16,50
5631,17,16,18,17,68
5632,16,35,15,15,81
5633,0,35,15,15,65
5634,17,30,20,27,94
5635,0,30,20,27,77
5637,0,47,7,14,68
5638,0,27,7,14,48
5639,7,14,18,16,55
5640,0,14,18,16,48
5641,18,16,16,17,67
5642,16,33,17,17,83
5643,0,33,17,17,67
5644,17,34,14,20,85
5645,17,17,14,20,68
5646,17,34,14,18,83
5647,0,34,14,18,66
5648,20,32,22,10,84
5650,18,32,18,19,87
5651,22,10,18,19,69
5652,10,37,13,18,78
5653,18,19,13,18,68
5654,19,31,17,17,84
5655,13,18,17,17,65
5656,18,34,19,15,86
5659,0,34,16,17,67
5661,16,17,16,15,64
5663,0,31,19,15,65
5664,15,34,16,18,83
5666,15,34,16,35,100
5667,16,18,16,35,85
5668,18,51,15,18,102
5669,16,35,15,18,84
5671,20,15,18,16,69
5673,18,16,15,19,68
5674,16,34,16,17,83
5675,15,19,16,17,67
5677,16,17,16,15,64
5678,17,31,18,17,83
5679,16,15,18,17,66
5680,15,35,16,19,85
5682,17,35,14,19,85
5684,19,33,16,14,82
5686,19,30,20,17,86
5687,16,14,20,17,67
5689,0,37,16,14,67
5690,17,30,23,13,83
5691,0,30,23,13,66
5692,14,36,17,16,83
5693,23,13,17,16,69
5695,0,33,17,17,67
5697,17,17,17,14,65
5698,17,31,17,16,81
5700,14,33,18,15,80
5701,0,33,18,15,66
5702,16,33,20,18,87
5703,0,33,20,18,71
5706,18,30,17,15,80
5707,0,30,17,15,62
5708,14,32,19,17,82
5710,15,36,17,17,85
5711,19,17,17,17,70
5712,17,34,13,17,81
5715,13,17,17,19,66
5716,17,36,16,15,84
5717,0,36,16,15,67
5718,19,31,20,14,84
5721,20,14,20,16,70
5723,20,16,16,19,71
5724,16,35,12,18,81
5726,19,30,17,16,82
5727,0,30,17,16,63
5728,18,33,0,16,67
5730,16,35,17,16,84
5731,0,35,17,16,68
5733,17,16,16,16,65
5734,16,32,15,19,82
5736,16,34,17,16,83
5737,15,19,17,16,67
5739,17,16,15,17,65
5741,15,17,17,16,65
5742,17,33,20,16,86
5743,0,33,20,16,69
5744,16,36,15,19,86
5745,0,36,15,19,70
5747,0,34,14,19,67
5748,19,33,15,15,82
5749,14,19,15,15,63
5750,19,30,20,16,85
5751,15,15,20,16,66
5752,15,36,17,16,84
5753,20,16,17,16,69
5754,16,33,15,19,83
5755,17,16,15,19,67
5758,19,31,16,35,101
5759,17,14,16,35,82
5760,14,51,16,16,97
5761,0,51,16,16,83
5762,16,19,16,16,67
5763,19,16,16,19,70
5765,16,19,17,15,67
5766,19,32,17,18,86
5767,17,15,17,18,67
5769,0,35,16,15,66
5770,18,31,16,20,85
5771,0,31,16,20,67
5772,15,36,17,15,83
5773,16,20,17,15,68
5774,20,32,17,15,84
5775,0,32,17,15,64
5776,15,32,20,15,82
5777,0,32,20,15,67
5778,15,35,17,16,83
5779,20,15,17,16,68
5781,0,33,16,16,65
5782,16,32,16,19,83
5783,16,16,16,19,67
5784,16,35,16,15,82
5785,0,35,16,15,66
5786,19,31,17,20,87
5788,15,37,15,16,83
5789,17,20,15,16,68
5790,20,31,18,15,84
5791,0,31,18,15,64
5793,18,15,16,17,66
5794,15,33,19,16,83
5795,0,33,19,16,68
5796,17,35,15,20,87
5797,0,35,15,20,70
5798,16,35,17,17,85
5799,0,35,17,17,69
5803,0,30,20,14,64
5804,15,34,17,15,81
5805,0,34,17,15,66
5806,14,32,20,16,82
5807,17,15,20,16,68
5809,0,36,16,14,66
5813,0,36,15,16,67
5814,15,31,20,14,80
5815,15,16,20,14,65
5816,16,34,19,14,83
5817,20,14,19,14,67
5819,0,33,17,18,68
5820,14,35,15,19,83
5821,0,35,15,19,69
5825,15,18,17,16,66
5826,18,33,17,15,83
5827,17,16,17,15,65
5828,16,32,16,19,83
5832,19,32,16,19,86
5833,0,32,16,19,67
5834,16,35,16,15,82
5835,16,19,16,15,66
5836,19,31,18,15,83
5838,15,33,16,19,83
5840,15,35,16,18,84
5841,0,35,16,18,69
5842,19,34,15,16,84
5844,18,31,17,19,85
5847,0,36,16,15,67
5848,19,31,16,21,87
5849,16,15,16,21,68
5850,0,15,16,21,52
5852,21,30,16,18,85
5853,0,30,16,18,64
5854,15,34,16,16,81
5855,0,34,16,16,66
5856,18,32,16,21,87
5857,16,16,16,21,69
5859,0,37,16,16,69
5860,21,32,16,15,84
5862,16,31,16,19,82
5863,0,31,16,19,66
5864,15,35,16,18,84
5865,0,35,16,18,69
5866,19,34,16,15,84
5867,0,34,16,15,65
5868,18,31,17,19,85
5869,0,31,17,19,67
5870,15,36,21,10,82
5871,0,36,21,10,67
5872,19,31,17,19,86
5873,0,31,17,19,67
5874,10,36,18,15,79
5875,17,19,18,15,69
5876,19,33,15,17,84
5877,0,33,15,17,65
5880,17,32,17,16,82
5881,17,15,17,16,65
5882,15,33,17,18,83
5884,16,35,15,18,84
5885,17,18,15,18,68
5887,0,33,16,18,67
5888,0,18,16,18,52
5890,18,35,15,15,83
5892,20,30,20,15,85
5895,0,35,16,18,69
5896,15,34,16,18,83
5897,16,18,16,18,68
5898,18,34,15,18,85
5899,16,18,15,18,67
5900,18,33,16,16,83
5901,0,33,16,16,65
5902,18,32,15,19,84
5903,16,16,15,19,66
5904,16,34,17,16,83
5906,19,33,15,16,83
5908,16,31,21,13,81
5909,15,16,21,13,65
5910,16,34,16,19,85
5911,0,34,16,19,69
5915,14,21,16,14,65
5916,21,30,21,12,84
5917,0,30,21,12,63
5918,14,33,19,16,82
5919,0,33,19,16,68
5920,12,35,17,16,80
5921,19,16,17,16,68
5922,16,33,16,19,84
5923,0,33,16,19,68
5924,16,35,16,15,82
5925,16,19,16,15,66
5927,0,31,16,19,66
5928,15,35,16,19,85
5930,19,35,13,18,85
5931,16,19,13,18,66
5932,0,19,13,18,50
5934,18,33,19,13,83
5935,15,18,19,13,65
5937,0,32,18,17,67
5939,0,35,15,17,67
5941,15,17,17,18,67
5942,17,35,15,17,84
5943,17,18,15,17,67
5944,18,32,17,17,84
5945,0,32,17,17,66
5946,17,34,20,18,89
5947,0,34,20,18,72
5948,17,38,14,14,83
5949,20,18,14,14,66
5950,18,28,17,18,81
5951,14,14,17,18,63
5953,17,18,14,17,66
5954,18,31,0,17,66
5955,0,31,0,17,48
5956,17,37,13,17,84
5958,20,30,17,17,84
5960,17,34,17,17,85
5962,17,34,16,16,83
5963,17,17,16,16,66
5965,16,16,20,13,65
5966,16,33,19,17,85
5967,20,13,19,17,69
5970,17,33,16,15,81
5971,0,33,16,15,64
5972,16,31,17,18,82
5973,16,15,17,18,66
5974,15,35,15,17,82
5975,17,18,15,17,67
5977,15,17,20,15,67
5978,17,35,18,14,84
5979,20,15,18,14,67
5980,15,32,16,19,82
5981,0,32,16,19,67
5982,14,35,16,18,83
5983,16,19,16,18,69
5984,19,34,15,18,86
5988,18,31,19,16,84
5990,15,35,17,19,86
5991,19,16,17,19,71
5992,16,36,12,17,81
5995,12,17,19,15,63
5998,15,35,17,16,83
