序号,发送->接收,接收->转发,转发->接收,接收->处理,总计
1,136,33,135,14,318
2,61,34,66,18,179
3,84,33,135,14,266
5,67,16,135,14,232
6,67,33,102,14,216
7,66,16,102,14,198
9,133,18,165,17,333
11,118,32,268,16,434
12,102,32,268,16,418
13,66,18,165,17,266
14,67,32,268,16,383
15,63,18,268,16,365
16,118,19,64,17,218
17,66,18,51,14,149
18,82,19,64,17,182
19,68,19,64,17,168
22,99,36,115,17,267
23,100,19,115,17,251
24,116,17,82,17,232
25,100,17,82,17,216
26,51,19,115,17,202
27,67,17,82,17,183
30,64,35,82,16,197
33,66,17,119,13,215
34,133,34,68,16,251
35,82,33,102,16,233
37,100,16,68,16,200
39,67,16,68,16,167
40,87,13,84,19,203
43,84,34,101,13,232
44,84,18,101,13,216
45,64,18,101,13,196
46,142,28,97,17,284
47,85,39,125,17,266
49,91,28,97,17,233
51,58,28,97,17,200
52,67,33,97,17,214
53,118,31,68,16,233
54,61,33,99,16,209
56,66,31,68,16,181
58,64,33,68,15,180
60,81,18,85,16,200
61,84,33,52,16,185
62,68,33,52,16,169
63,67,17,52,16,152
64,83,18,66,19,186
65,66,18,66,19,169
67,69,16,97,18,200
68,52,16,97,18,183
69,53,31,185,15,284
70,66,34,67,17,184
71,97,16,52,16,181
72,115,17,67,17,216
73,64,16,52,16,148
75,65,17,67,17,166
76,67,33,51,15,166
77,68,16,51,15,150
79,67,17,67,16,167
81,67,15,67,18,167
82,51,15,67,18,151
83,84,32,51,15,182
84,99,33,83,16,231
88,65,33,66,17,181
89,67,15,66,17,165
90,84,16,66,18,184
92,99,34,51,17,201
93,81,34,51,17,183
94,66,34,51,17,168
96,84,16,132,17,249
97,68,16,132,17,233
98,68,34,51,14,167
100,85,16,100,16,217
101,67,16,100,16,199
102,85,14,68,16,183
103,68,14,68,16,166
104,82,16,69,16,183
105,65,16,69,16,166
106,65,35,99,18,217
108,68,34,83,19,204
109,67,18,83,19,187
111,52,32,51,19,154
112,82,17,68,18,185
113,66,17,68,18,169
114,83,19,81,15,198
115,86,31,65,18,200
116,51,19,81,15,166
117,54,31,65,18,168
118,100,33,85,16,234
120,81,15,85,16,197
122,65,34,101,16,216
124,67,34,116,16,233
125,66,17,116,16,215
126,68,33,83,16,200
128,101,32,67,18,218
129,67,17,99,18,201
130,67,32,67,18,184
131,82,33,52,19,186
132,66,33,52,19,170
134,82,17,50,17,166
135,83,37,198,16,334
136,85,19,198,16,318
138,71,30,102,18,221
140,50,17,102,18,187
142,64,33,101,16,214
143,51,33,101,16,201
144,67,35,82,16,200
146,68,32,50,16,166
148,53,14,50,16,133
149,64,20,67,16,167
151,64,16,102,15,197
152,50,16,102,15,183
153,52,35,67,15,169
154,67,33,84,13,197
157,52,34,63,20,169
158,117,13,70,14,214
159,66,16,52,17,151
160,65,32,70,14,181
161,81,37,65,16,199
162,83,17,65,16,181
163,68,17,65,16,166
164,52,17,65,16,150
165,66,17,67,15,165
166,118,19,52,10,199
168,100,32,117,17,266
169,84,32,117,17,250
170,67,32,117,17,233
171,53,32,117,17,219
172,87,10,57,11,165
173,71,10,57,11,149
174,52,10,57,11,130
175,82,33,103,16,234
177,97,17,67,16,197
178,57,11,103,16,187
180,104,32,97,18,251
181,82,32,97,18,229
182,71,32,97,18,218
183,52,32,97,18,199
184,67,32,117,18,234
185,51,32,117,18,218
188,83,14,70,14,181
189,67,14,70,14,165
192,68,34,197,20,319
193,84,31,119,16,250
195,83,36,65,18,202
196,65,36,65,18,184
197,133,17,169,14,333
198,98,34,169,14,315
199,118,34,135,14,301
200,67,34,169,14,284
203,68,16,135,14,233
204,52,16,135,14,217
205,51,31,52,17,151
206,65,36,68,14,183
207,83,33,68,20,204
208,67,33,68,20,188
209,52,33,68,20,173
210,52,17,68,20,157
212,82,19,64,16,181
213,105,11,235,16,367
215,71,11,235,16,333
216,81,16,66,20,183
217,83,34,52,14,183
218,80,18,52,14,164
220,85,14,169,15,283
221,68,14,169,15,266
225,150,33,70,6,259
226,67,36,66,15,184
228,85,17,175,21,298
229,67,17,175,21,280
230,102,35,128,14,279
231,100,20,128,14,262
232,101,35,138,19,293
233,65,20,128,14,227
234,68,35,138,19,260
236,70,23,70,14,177
237,78,36,79,19,212
238,58,36,79,19,192
239,59,34,64,17,174
240,66,21,64,17,168
242,85,34,98,19,236
243,79,19,98,19,215
245,64,33,84,17,198
246,116,32,67,17,232
248,52,33,99,17,201
249,66,32,67,17,182
250,81,36,249,16,382
252,68,17,249,16,350
253,68,31,66,20,185
258,101,16,66,17,200
259,53,13,69,16,151
260,118,33,66,16,233
261,105,33,66,16,220
262,115,32,85,17,249
265,148,19,64,19,250
266,131,19,64,19,233
267,65,34,68,17,184
268,67,16,68,17,168
269,66,35,64,19,184
270,84,33,64,20,201
271,85,17,64,20,186
272,84,31,68,17,200
274,52,31,68,17,168
275,64,33,52,16,165
276,67,14,52,16,149
277,64,35,66,18,183
279,53,15,66,18,152
281,52,16,51,16,135
283,66,34,117,16,233
284,67,16,117,16,216
287,136,31,67,16,250
288,67,12,102,18,199
289,82,20,165,17,284
290,65,20,165,17,267
292,132,17,151,15,315
293,137,33,101,17,288
294,67,16,84,18,185
297,50,17,151,15,233
298,51,33,101,17,202
299,169,32,100,18,319
300,101,15,67,17,200
301,118,16,82,16,232
302,51,32,67,17,167
304,69,16,82,16,183
307,84,17,84,16,201
309,66,32,103,15,216
311,66,34,69,15,184
312,83,34,66,17,200
313,66,34,66,17,183
314,68,16,66,17,167
315,52,16,66,17,151
316,150,33,67,17,267
317,69,31,67,16,183
318,99,17,84,16,216
319,50,16,67,16,149
321,81,17,67,17,182
322,66,17,67,17,167
324,101,16,82,18,217
325,100,32,135,17,284
327,67,32,135,17,251
329,65,34,101,17,217
330,66,16,101,17,200
332,65,18,67,17,167
334,100,17,99,18,234
335,67,34,99,18,218
336,68,17,99,18,202
337,67,32,67,18,184
338,51,32,67,18,168
339,117,16,51,16,200
341,83,16,51,16,166
342,66,16,51,16,149
343,67,35,133,16,251
345,85,16,66,16,183
346,67,16,66,16,165
347,83,18,67,16,184
348,65,18,67,16,166
350,66,16,51,17,150
351,66,35,66,16,183
353,83,17,100,15,215
354,150,34,65,17,266
355,51,17,100,15,183
356,52,33,67,15,167
357,66,33,99,17,215
360,66,17,65,17,165
361,117,15,133,19,284
362,101,15,133,19,268
365,65,34,150,18,267
367,67,33,117,18,235
369,84,18,100,15,217
370,85,31,119,16,251
371,134,34,100,17,285
373,66,35,84,16,201
375,82,18,100,17,217
377,69,31,69,17,186
378,65,16,69,17,167
379,84,16,84,15,199
380,68,16,84,15,183
381,66,34,216,16,332
384,67,16,67,15,165
386,133,18,83,16,250
389,67,33,83,16,199
390,83,33,50,16,182
391,83,18,50,16,167
392,65,18,50,16,149
393,116,16,101,17,250
394,68,16,67,14,165
395,83,16,101,17,217
396,68,16,101,17,202
397,83,17,100,16,216
399,81,19,100,18,218
400,64,19,100,18,201
401,101,33,117,15,266
402,117,33,99,17,266
403,67,33,117,15,232
404,86,33,99,17,235
406,83,34,99,18,234
407,150,15,152,16,333
408,67,16,99,18,200
409,132,34,67,17,250
410,101,15,152,16,284
413,65,34,67,17,183
414,50,34,67,17,168
415,102,32,51,16,201
416,67,17,65,18,167
417,134,34,199,17,384
419,100,34,199,17,350
420,66,16,68,16,166
421,133,31,167,18,349
424,84,31,167,18,300
425,68,31,167,18,284
426,66,15,167,18,266
427,82,18,166,17,283
428,66,18,166,17,267
429,66,34,65,17,182
430,67,17,65,17,166
431,52,17,65,17,151
432,52,33,65,18,168
434,82,33,168,17,300
435,65,33,168,17,283
436,83,34,166,17,300
437,65,34,166,17,282
438,68,16,166,17,267
439,51,16,166,17,250
440,85,33,216,16,350
442,67,17,216,16,316
443,51,17,216,16,300
444,84,33,99,17,233
445,66,33,99,17,215
447,66,32,118,16,232
448,82,34,134,17,267
449,116,16,101,17,250
450,99,16,101,17,233
451,66,33,101,17,217
452,66,16,101,17,200
453,51,16,101,17,185
454,67,18,99,17,201
458,84,33,66,16,199
459,83,16,66,16,181
460,67,16,66,16,165
461,51,16,66,16,149
463,82,17,67,17,183
464,82,35,66,17,200
465,101,32,133,17,283
466,84,32,133,17,266
467,67,32,133,17,249
468,101,17,99,17,234
469,67,34,99,17,217
472,51,34,99,16,200
473,51,17,99,16,183
474,99,17,68,16,200
475,99,34,150,16,299
476,65,17,68,16,166
478,66,17,150,16,249
481,101,33,100,17,251
483,67,33,100,17,217
485,82,18,66,17,183
486,66,18,66,17,167
487,67,32,133,17,249
488,83,34,84,15,216
489,100,34,133,16,283
490,68,16,84,15,183
491,100,33,66,17,216
492,67,17,133,16,233
493,118,15,68,16,217
494,100,15,68,16,199
495,84,15,68,16,183
496,99,17,67,17,200
498,66,17,67,17,167
499,66,34,199,17,316
500,66,17,199,17,299
501,51,17,199,17,284
502,51,33,200,16,300
503,132,36,65,17,250
504,100,15,218,17,350
505,83,15,218,17,333
507,84,17,65,17,183
508,67,17,65,17,166
509,52,17,65,17,151
511,51,16,168,17,252
514,67,17,83,17,184
515,68,33,101,16,218
517,83,19,99,17,218
518,66,19,99,17,201
524,51,33,132,17,233
525,67,34,98,17,216
526,67,17,98,17,199
527,67,33,65,17,182
529,82,17,67,18,184
530,65,17,67,18,167
531,65,33,68,17,183
533,82,17,101,15,215
534,67,17,101,15,200
535,67,34,67,15,183
536,68,16,67,15,166
537,68,34,98,19,219
538,118,32,67,17,234
540,83,32,67,17,199
541,67,32,67,17,183
542,82,33,133,18,266
544,81,34,83,16,214
545,65,34,83,16,198
546,69,15,83,16,183
547,52,15,83,16,166
549,117,16,52,15,200
551,67,32,52,15,166
552,66,16,52,15,149
554,84,31,86,15,216
556,52,31,86,15,184
557,85,17,66,19,187
559,66,33,100,16,215
560,65,18,100,16,199
561,68,33,116,17,234
562,68,15,116,17,216
563,66,33,83,17,199
566,65,17,66,16,164
567,83,18,99,17,217
568,82,32,100,17,231
570,83,34,66,17,200
571,66,34,66,17,183
572,50,34,66,17,167
573,83,16,150,18,267
575,100,33,102,17,252
576,84,33,102,17,236
577,83,16,102,17,218
578,82,35,67,17,201
579,66,35,67,17,185
580,67,17,67,17,168
581,68,33,100,16,217
583,84,18,66,16,184
584,66,18,66,16,166
586,52,31,51,17,151
588,66,18,84,16,184
589,66,33,67,17,183
592,66,18,84,15,183
593,84,16,100,15,215
594,68,16,100,15,199
595,67,32,68,15,182
597,99,35,66,16,216
598,81,35,66,16,198
599,65,35,66,16,182
600,98,19,181,17,315
601,68,34,181,17,300
602,84,32,149,17,282
603,69,32,149,17,267
604,52,32,149,17,250
606,67,18,67,15,167
607,83,16,82,17,198
608,68,16,82,17,183
609,67,34,65,17,183
613,82,17,67,17,183
615,65,33,67,18,183
616,83,34,66,18,201
617,83,16,66,18,183
618,68,16,66,18,168
621,67,33,84,18,202
624,67,18,148,17,250
625,69,32,66,16,183
626,149,33,52,33,267
627,134,33,52,33,252
628,66,18,232,18,334
629,98,33,52,33,216
630,51,32,67,18,168
631,82,17,52,33,184
633,82,17,133,18,250
634,66,17,133,18,234
637,52,33,82,18,185
638,101,16,151,16,284
640,66,16,151,16,249
641,55,16,151,16,238
643,67,34,132,19,252
644,99,16,52,16,183
645,67,32,52,16,167
648,66,16,350,17,449
650,116,34,67,17,234
651,100,34,67,17,218
654,67,15,67,17,166
655,99,34,132,18,283
656,65,16,101,17,199
657,67,34,132,18,251
659,84,16,99,18,217
660,67,16,99,18,200
661,51,16,99,18,184
662,84,33,167,15,299
663,84,16,167,15,282
664,115,36,183,17,351
666,117,32,134,17,300
667,65,36,183,17,301
668,66,18,183,17,284
669,83,17,134,17,251
670,65,17,134,17,233
671,68,33,101,17,219
672,83,34,67,17,201
673,65,34,67,17,183
674,66,18,67,17,168
675,67,33,166,18,284
676,84,34,100,15,233
677,101,34,116,17,268
678,69,16,100,15,200
679,134,33,50,17,234
680,119,33,50,17,219
681,101,33,50,17,201
684,83,32,101,16,232
685,66,32,101,16,215
686,83,35,66,16,200
687,65,35,66,16,182
688,67,17,66,16,166
694,84,34,67,16,201
695,82,18,67,16,183
696,83,33,82,17,215
697,67,33,82,17,199
698,118,32,67,17,234
700,67,18,65,16,166
701,67,32,67,17,183
703,99,34,66,17,216
704,83,34,66,17,200
705,99,34,82,18,233
706,83,34,82,18,217
707,67,34,82,18,201
711,83,18,66,16,183
712,66,18,66,16,166
713,82,18,200,16,316
714,66,18,200,16,300
715,68,33,83,18,202
716,51,33,83,18,185
717,100,32,101,16,249
718,98,19,101,16,234
720,117,31,150,17,315
721,66,35,98,18,217
722,67,18,98,18,201
723,67,31,150,17,265
725,66,35,66,17,184
726,68,16,66,17,167
728,116,33,67,16,232
729,85,16,166,18,285
730,66,16,166,18,266
731,66,33,67,16,182
732,50,33,67,16,166
733,83,17,67,18,185
736,66,17,66,18,167
737,67,33,51,15,166
738,67,17,51,15,150
740,68,15,84,17,184
743,51,15,51,17,134
744,99,17,182,18,316
745,84,17,182,18,301
747,51,17,182,18,268
748,101,16,116,18,251
749,66,34,116,18,234
750,67,16,116,18,217
751,84,16,82,18,200
752,67,16,82,18,183
753,52,16,82,18,168
754,84,31,52,15,182
755,84,15,52,15,166
756,66,15,52,15,148
758,65,18,66,16,165
759,66,32,67,16,181
760,99,17,167,18,301
762,117,34,200,18,369
763,82,17,84,17,200
764,65,17,84,17,183
765,83,18,200,18,319
767,49,18,200,18,285
771,67,33,100,18,218
772,84,33,67,18,202
773,67,33,67,18,185
774,50,33,67,18,168
775,82,17,52,15,166
776,65,17,52,15,149
777,66,34,99,17,216
778,82,33,66,17,198
779,67,33,66,17,183
780,51,33,66,17,167
781,52,15,66,17,150
782,51,34,200,17,302
783,67,32,68,16,183
785,83,19,99,17,218
786,66,19,99,17,201
787,68,32,67,17,184
788,52,32,67,17,168
790,100,18,67,16,201
791,81,18,67,16,182
792,83,33,83,16,215
793,100,34,65,18,217
794,84,34,65,18,201
795,67,34,65,18,184
797,116,16,68,16,216
798,82,33,68,16,199
799,83,16,68,16,183
801,116,17,66,16,215
802,117,33,83,17,250
804,67,17,66,16,166
805,68,33,83,17,201
806,83,33,67,16,199
809,82,17,100,17,216
810,100,17,150,17,284
811,83,17,150,17,267
812,66,17,150,17,250
813,67,34,116,17,234
815,68,32,84,17,201
816,83,34,134,16,267
817,66,34,134,16,250
818,101,15,67,18,201
819,66,32,67,18,183
820,68,15,67,18,168
822,100,16,51,17,184
823,83,16,51,17,167
824,117,33,65,17,232
825,67,35,67,14,183
826,67,17,67,14,165
828,67,17,65,17,166
829,85,17,81,18,201
831,115,18,133,19,285
832,150,32,68,19,269
833,65,35,133,19,252
834,65,18,133,19,235
835,81,18,66,17,182
836,67,18,66,17,168
837,68,32,68,19,187
838,83,34,133,17,267
839,99,34,99,17,249
842,102,13,102,17,234
844,70,13,102,17,202
847,67,32,67,17,183
848,97,18,65,18,198
849,84,18,65,18,185
850,66,18,65,18,167
851,67,32,133,17,249
852,99,16,100,17,232
853,52,15,133,17,217
855,165,36,98,16,315
856,66,19,63,17,165
857,51,19,63,17,150
858,67,16,69,14,166
859,51,16,69,14,150
860,82,36,98,16,232
862,99,16,134,17,266
863,83,16,134,17,250
864,98,16,50,18,182
866,67,16,50,18,151
867,64,34,100,17,215
868,100,18,100,20,238
869,68,34,100,20,222
871,68,32,88,15,203
872,100,17,54,15,186
875,120,15,64,17,216
876,68,17,99,17,201
877,88,15,64,17,184
879,69,32,65,17,183
881,67,32,84,16,199
882,112,34,150,17,313
883,64,33,51,16,164
886,67,17,150,17,251
889,84,17,66,17,184
890,67,17,66,17,167
893,66,34,83,17,200
894,67,16,83,17,183
895,66,34,66,18,184
897,51,17,66,18,152
901,66,33,101,17,217
902,49,33,101,17,200
903,66,36,82,18,202
904,67,19,82,18,186
906,65,17,51,18,151
907,67,34,134,17,252
908,66,18,134,17,235
911,51,18,67,13,149
912,53,31,68,17,169
913,66,36,66,14,182
914,69,16,66,14,165
915,51,16,66,14,147
917,85,17,66,16,184
918,65,17,66,16,164
919,66,32,101,16,215
920,102,17,67,16,202
922,66,17,67,16,166
924,52,34,66,15,167
925,101,33,98,18,250
926,149,34,67,16,266
928,51,33,98,18,200
929,66,32,135,16,249
930,65,17,135,16,233
931,81,18,67,16,182
935,66,35,50,16,167
936,101,18,67,17,203
937,168,33,86,14,301
938,134,17,83,17,251
939,69,32,135,19,255
942,85,33,86,14,218
943,67,33,86,14,200
946,50,32,54,14,150
948,83,33,132,19,267
949,67,33,132,19,251
950,69,14,132,19,234
951,68,32,119,13,232
953,65,33,86,13,197
954,64,15,86,13,178
956,70,12,54,13,149
957,100,32,69,15,216
958,65,17,68,17,167
960,66,13,69,15,163
962,85,33,68,18,204
963,68,33,68,18,187
964,97,20,163,18,298
965,84,20,163,18,285
967,81,20,64,17,182
969,68,32,165,19,284
970,101,16,66,18,201
975,98,34,150,18,300
976,82,34,150,18,284
977,66,34,150,18,268
978,101,15,167,16,299
979,82,15,167,16,280
982,68,15,83,18,184
983,52,15,83,18,168
986,64,17,83,18,182
987,83,18,85,14,200
988,84,32,136,16,268
989,66,32,136,16,250
991,83,18,85,17,203
993,66,33,118,16,233
995,102,34,65,15,216
997,102,30,67,17,216
999,118,16,99,18,251
1000,101,16,99,18,234
1001,64,35,99,18,216
1002,66,16,99,18,199
1003,65,32,85,16,198
1004,81,33,169,15,298
1005,67,33,169,15,284
1006,65,16,169,15,265
1007,83,16,69,14,182
1008,68,16,69,14,167
1009,67,34,66,18,185
1011,103,31,118,15,267
1012,67,18,66,15,166
1013,83,17,118,15,233
1014,65,17,118,15,215
1017,66,31,67,18,182
1018,150,36,115,16,317
1019,84,17,166,17,284
1020,83,32,52,17,184
1021,98,36,115,16,265
1025,132,34,69,14,249
1026,67,17,164,18,266
1030,82,33,66,18,199
1031,65,33,66,18,182
1033,103,30,68,17,218
1034,84,30,68,17,199
1035,69,30,68,17,184
1036,82,34,51,16,183
1038,81,34,66,18,199
1039,64,34,66,18,182
1040,84,33,133,19,269
1042,50,33,133,19,235
1044,82,34,66,19,201
1046,67,16,66,19,168
1047,83,16,153,16,268
1048,65,16,153,16,250
1051,51,15,119,16,201
1052,102,14,53,16,185
1054,67,14,53,16,150
1055,52,14,53,16,135
1056,83,33,66,16,198
1057,68,33,66,16,183
1058,67,16,66,16,165
1059,69,33,116,17,235
1060,52,33,116,17,218
1061,66,33,83,17,199
1062,64,18,83,17,182
1063,99,35,65,15,214
1065,83,18,65,15,181
1066,68,18,65,15,166
1067,50,18,65,15,148
1069,100,33,83,17,233
1070,83,33,83,17,216
1071,98,34,165,17,314
1072,83,34,165,17,299
1073,66,34,165,17,282
1074,50,34,165,17,266
1075,67,32,133,17,249
1076,52,32,133,17,234
1077,168,31,136,16,351
1081,69,33,65,19,186
1082,85,31,136,16,268
1083,68,31,136,16,251
1084,117,35,67,16,235
1086,102,16,67,16,201
1087,65,35,67,16,183
1088,102,17,115,17,251
1089,53,16,67,16,152
1090,69,17,115,17,218
1095,65,32,220,15,332
1096,51,32,220,15,318
1097,64,35,133,16,248
1098,66,17,133,16,232
1100,51,33,100,16,200
1101,101,33,167,17,318
1102,101,15,167,17,300
1103,66,33,167,17,283
1105,82,18,85,16,201
1106,99,17,52,16,184
1109,67,34,100,15,216
1111,67,34,196,19,316
1112,51,34,196,19,300
1113,83,17,134,15,249
1114,64,17,134,15,230
1117,81,17,133,18,249
1118,100,18,63,19,200
1119,83,18,63,19,183
1120,84,33,65,18,200
1121,67,33,65,18,183
1122,52,33,65,18,168
1124,66,15,169,16,266
1125,63,35,117,17,232
1126,66,16,117,17,216
1129,53,17,82,17,169
1131,51,16,168,16,251
1132,66,17,117,17,217
1133,66,33,101,16,216
1134,83,35,66,16,200
1135,67,35,66,16,184
1136,85,32,66,19,202
1137,185,15,66,17,283
1138,52,32,66,19,169
1140,85,32,67,18,202
1141,66,32,67,18,183
1143,66,34,66,17,183
1144,68,15,66,17,166
1147,67,33,117,17,234
1148,66,15,117,17,215
1150,100,17,134,17,268
1151,100,34,67,17,218
1155,68,33,117,16,234
1156,135,16,66,17,234
1159,67,33,66,17,183
1160,116,34,133,17,300
1161,51,16,66,17,150
1162,100,16,133,17,266
1163,83,16,133,17,249
1166,99,16,84,18,217
1167,67,33,84,18,202
1168,100,15,69,17,201
1169,99,34,67,18,218
1170,82,34,67,18,201
1172,135,15,68,17,235
1173,84,18,82,18,202
1175,51,18,82,18,169
1176,68,15,68,17,168
1177,85,16,200,16,317
1178,68,16,200,16,300
1180,100,15,66,19,200
1182,67,15,66,19,167
1183,51,15,66,19,151
1186,65,16,68,16,165
1188,64,15,68,15,162
1189,52,15,68,15,150
1192,83,32,67,17,199
1193,83,17,67,17,184
1194,83,34,84,16,217
1196,100,17,67,17,201
1197,82,17,67,17,183
1198,67,17,67,17,168
1199,67,34,132,18,251
1200,101,16,83,16,216
1202,68,16,83,16,183
1204,67,15,67,18,167
1206,115,34,67,17,233
1207,83,16,101,17,217
1210,67,16,67,17,167
1212,82,35,83,17,217
1213,66,35,83,17,201
1214,83,32,134,18,267
1216,50,32,134,18,234
1218,82,34,66,18,200
1219,150,16,150,17,333
1220,66,17,66,18,167
1221,68,32,52,16,168
1222,51,32,52,16,151
1224,83,34,133,17,267
1225,167,33,99,18,317
1226,67,16,133,17,233
1227,52,16,133,17,218
1228,66,17,83,17,183
1229,101,33,99,18,251
1230,83,33,99,18,233
1233,83,17,117,17,234
1234,82,33,84,17,216
1236,101,15,68,14,198
1237,84,15,68,14,181
1238,68,15,68,14,165
1239,51,15,68,14,148
1241,84,17,66,17,184
1243,68,33,117,17,235
1245,84,16,84,17,201
1246,67,16,84,17,184
1247,98,36,81,18,233
1249,65,36,81,18,200
1250,100,17,66,16,199
1251,84,17,66,16,183
1254,99,18,67,17,201
1255,81,18,67,17,183
1256,83,34,64,18,199
1258,85,33,66,16,200
1260,69,16,66,16,167
1261,98,35,67,17,217
1263,64,35,67,17,183
1264,82,33,151,15,281
1266,65,17,151,15,248
1267,86,16,200,16,318
1269,51,16,200,16,283
1270,51,34,133,17,235
1273,82,17,68,17,184
1274,100,15,68,16,199
1275,83,15,68,16,182
1276,67,15,68,16,166
1277,83,17,83,17,200
1278,102,16,67,15,200
1279,101,33,101,16,251
1280,67,16,67,15,165
1282,50,33,101,16,200
1283,66,34,100,17,217
1284,83,33,101,16,233
1286,151,34,65,17,267
1289,67,33,83,16,199
1293,67,33,99,17,216
1294,51,33,99,17,200
1295,67,32,101,17,217
1296,82,33,68,17,200
1297,82,16,68,17,183
1298,66,16,68,17,167
1299,99,34,67,15,215
1301,67,34,67,15,183
1303,85,15,66,17,183
1305,66,35,82,17,200
1307,98,36,98,17,249
1308,81,36,98,17,232
1310,66,19,98,17,200
1313,68,33,301,17,419
1314,51,33,301,17,402
1315,65,33,133,17,248
1316,100,18,132,17,267
1317,51,15,133,17,216
1321,167,34,100,15,316
1322,83,33,68,17,201
1323,65,33,68,17,183
1324,68,15,68,17,168
1325,66,34,51,15,166
1327,118,15,168,16,317
1328,66,17,100,15,198
1329,51,17,100,15,183
1331,101,33,100,16,250
1332,67,17,66,17,167
1333,100,33,67,16,216
1334,67,16,100,16,199
1335,68,33,67,16,184
1336,50,33,67,16,166
1337,83,16,50,18,167
1338,82,34,67,17,200
1339,100,34,166,17,317
1340,69,16,67,17,169
1343,50,18,166,17,251
1344,83,33,83,17,216
1345,67,33,83,17,200
1346,101,15,85,15,216
1348,112,34,65,20,231
1349,82,17,99,20,218
1350,116,32,53,17,218
1351,83,17,65,20,185
1352,66,17,65,20,168
1353,68,32,53,17,170
1356,119,33,66,15,233
1357,85,17,65,16,183
1358,132,18,65,18,233
1359,53,17,65,16,151
1360,54,33,66,15,168
1361,84,18,65,18,185
1363,65,34,166,16,281
1364,65,18,166,16,265
1365,81,16,118,17,232
1366,118,32,68,16,234
1369,66,32,68,16,182
1370,51,32,68,16,167
1371,51,16,68,16,151
1372,66,18,150,15,249
1373,67,33,132,18,250
1375,119,16,132,18,285
1376,84,34,132,18,268
1379,67,32,83,17,199
1380,51,32,83,17,183
1381,84,15,167,16,282
1382,66,15,167,16,264
1384,100,17,168,16,301
1385,83,17,168,16,284
1386,82,34,134,16,266
1387,67,34,134,16,251
1388,115,34,134,16,299
1389,116,16,134,16,282
1390,167,18,66,16,267
1391,66,34,134,16,250
1392,98,18,50,17,183
1394,65,18,50,17,150
1395,68,34,66,16,184
1396,66,18,66,16,166
1397,84,17,134,16,251
1398,68,17,134,16,235
1400,51,33,166,17,267
1402,66,17,166,17,266
1404,101,17,132,16,266
1405,84,17,132,16,249
1406,68,17,132,16,233
1407,51,17,132,16,216
1409,69,31,83,17,200
1413,64,34,100,18,216
1414,66,17,100,18,201
1416,66,17,67,18,168
1417,101,33,135,15,284
1419,67,33,135,15,250
1420,84,33,102,15,234
1422,67,15,102,15,199
1423,51,15,102,15,183
1425,66,35,133,16,250
1426,83,34,115,18,250
1427,68,34,115,18,235
1430,99,16,51,18,184
1431,82,16,51,18,167
1434,66,18,116,20,220
1435,68,34,165,17,284
1436,51,34,165,17,267
1437,69,33,69,14,185
1438,85,32,66,17,200
1439,67,32,66,17,182
1440,66,17,66,17,166
1441,65,37,63,17,182
1442,67,20,63,17,167
1443,69,29,85,17,200
1446,66,17,68,16,167
1447,114,17,99,16,246
1448,66,17,84,15,182
1449,85,17,99,16,217
1451,100,33,67,17,217
1453,84,15,67,17,183
1456,167,16,83,18,284
1457,83,17,67,16,183
1458,65,17,67,16,165
1459,50,17,67,16,150
1460,51,34,99,17,201
1461,84,16,83,18,201
1462,68,16,83,18,185
1463,67,33,101,17,218
1465,83,16,68,17,184
1466,66,16,68,17,167
1467,50,16,68,17,151
1469,50,18,83,17,168
1471,68,32,100,18,218
1472,68,15,100,18,201
1476,67,16,83,17,183
1477,100,34,134,17,285
1479,65,34,134,17,250
1480,82,34,133,17,266
1481,66,34,133,17,250
1482,67,17,133,17,234
1483,134,34,134,15,317
1484,50,33,67,17,167
1486,67,16,67,17,167
1487,66,34,134,15,249
1488,50,34,134,15,233
1491,51,16,83,18,168
1492,99,18,100,16,233
1494,83,34,99,17,233
1495,101,32,67,17,217
1496,99,17,67,17,200
1498,67,17,67,17,168
1500,84,33,117,16,250
1501,66,33,117,16,232
1502,51,33,117,16,217
1504,117,34,83,17,251
1505,117,16,83,17,233
1508,67,16,83,17,183
1509,67,33,101,16,217
1510,69,16,101,16,202
1511,51,16,101,16,184
1512,82,34,84,15,215
1513,66,34,84,15,199
1514,66,17,84,15,182
1515,67,34,132,18,251
1516,101,17,99,18,235
1518,67,17,99,18,201
1519,116,17,84,15,232
1520,83,34,84,15,216
1521,82,17,84,15,198
1522,66,17,84,15,182
1525,67,34,67,17,185
1526,50,34,67,17,168
1527,84,15,52,15,166
1528,68,15,52,15,150
1529,66,35,82,18,201
1531,67,32,167,16,282
1532,132,18,99,16,265
1533,52,15,167,16,250
1535,100,33,116,18,267
1536,83,33,116,18,250
1538,66,17,116,18,217
1540,68,17,82,18,185
1541,99,30,56,13,198
1542,66,17,68,18,169
1543,82,14,56,13,165
1544,65,14,56,13,148
1545,100,31,100,19,250
1546,85,31,100,19,235
1547,68,31,100,19,218
1548,70,13,100,19,202
1549,87,16,118,17,238
1550,83,35,83,17,218
1552,64,18,83,17,182
1553,69,31,69,17,186
1554,101,17,99,17,234
1556,68,17,99,17,201
1557,166,33,67,17,283
1558,68,17,66,17,168
1559,69,32,67,17,185
1560,98,18,65,19,200
1561,99,33,67,17,216
1562,83,33,67,17,200
1564,82,32,52,15,181
1565,183,16,68,18,285
1567,65,35,83,16,199
1569,67,32,67,17,183
1570,99,16,68,18,201
1573,83,16,52,15,166
1574,66,16,52,15,149
1575,67,34,100,17,218
1576,67,17,100,17,201
1577,118,17,100,16,251
1578,68,15,67,17,167
1580,100,17,101,16,234
1581,100,33,68,16,217
1583,100,34,151,16,301
1586,50,34,151,16,251
1587,83,18,66,16,183
1588,134,16,67,15,232
1589,68,32,101,15,216
1590,52,32,101,15,200
1591,84,16,67,15,182
1592,68,16,67,15,166
1593,66,33,67,17,183
1594,50,33,67,17,167
1595,85,16,100,17,218
1596,83,33,117,16,249
1598,84,34,83,16,217
1599,84,17,83,16,200
1600,83,33,50,16,182
1602,68,17,50,16,151
1604,82,34,66,17,199
1607,50,16,66,17,149
1608,66,18,231,18,333
1609,100,34,102,16,252
1610,66,16,136,16,234
1611,66,34,102,16,218
1614,67,16,98,19,200
1616,85,34,64,18,201
1619,69,29,53,16,167
1621,63,35,83,19,200
1623,98,32,102,16,248
1624,66,16,100,16,198
1625,53,16,100,16,185
1626,50,32,102,16,200
1627,66,36,98,18,218
1629,100,34,50,17,201
1630,52,32,133,18,235
1632,135,17,66,16,234
1633,66,32,101,16,215
1634,117,32,67,16,232
1635,84,17,66,16,183
1636,85,32,67,16,200
1641,99,33,67,17,216
1642,84,33,67,17,201
1643,100,34,99,17,250
1644,65,17,67,17,166
1645,66,34,99,17,216
1646,66,18,99,17,200
1647,67,33,66,17,183
1648,51,33,66,17,167
1651,68,31,84,18,201
1652,83,37,65,15,200
1653,103,30,50,17,200
1654,166,17,67,16,266
1655,68,30,50,17,165
1657,67,35,99,16,217
1658,134,17,150,15,316
1659,65,32,67,16,180
1660,118,33,66,18,235
1661,101,33,66,18,218
1662,67,17,150,15,249
1664,51,33,66,18,168
1665,100,33,134,17,284
1667,66,33,134,17,250
1668,69,15,134,17,235
1670,116,35,82,18,251
1671,84,15,68,17,184
1672,81,35,82,18,216
1674,200,16,67,17,300
1675,51,17,82,18,168
1676,83,33,98,19,233
1677,101,34,183,17,335
1679,66,34,183,17,300
1680,83,33,67,17,200
1681,67,33,67,17,184
1682,67,16,67,17,167
1683,51,16,67,17,151
1684,82,36,83,17,218
1685,64,36,83,17,200
1686,66,17,83,17,183
1689,119,17,83,17,236
1691,100,33,133,17,283
1693,67,33,133,17,250
1694,51,33,133,17,234
1695,101,33,66,17,217
1696,84,33,66,17,200
1697,67,33,66,17,183
1698,132,17,67,17,233
1700,52,32,135,16,235
1701,82,17,67,17,183
1702,66,17,67,17,167
1703,133,34,85,14,266
1705,51,17,67,16,151
1707,67,34,85,14,200
1708,67,17,85,14,183
1709,83,16,67,17,183
1710,99,19,65,17,200
1711,66,35,65,17,183
1712,65,19,65,17,166
1713,85,14,66,17,182
1714,83,33,83,18,217
1715,67,33,83,18,201
1716,117,34,202,15,368
1718,64,16,161,3,244
1721,83,18,168,15,284
1722,66,18,168,15,267
1724,144,3,72,15,234
1727,93,3,72,15,183
1728,152,31,51,18,252
1729,60,3,72,15,150
1731,72,31,51,18,172
1732,51,31,51,18,151
1733,65,35,183,17,300
1734,66,17,183,17,283
1735,66,34,81,17,198
1736,51,34,81,17,183
1737,51,18,81,17,167
1738,51,33,65,17,166
1739,67,32,84,17,200
1740,66,17,84,17,184
1741,81,17,168,16,282
1742,66,17,168,16,267
1743,116,17,65,17,215
1744,101,17,65,17,200
1746,68,17,65,17,167
1748,51,32,68,16,167
1749,83,16,118,17,234
1751,65,35,83,17,200
1752,67,18,83,17,185
1753,84,17,67,15,183
1754,67,17,67,15,166
1756,85,33,133,16,267
1757,83,17,133,16,249
1758,67,17,133,16,233
1759,67,34,99,16,216
1760,118,32,83,18,251
1761,132,34,67,24,257
1764,84,34,67,24,209
1765,82,17,67,24,190
1766,84,33,116,19,252
1767,66,33,116,19,234
1768,51,33,116,19,219
1770,84,33,68,15,200
1771,67,33,68,15,183
1772,75,9,68,15,167
1774,66,19,83,15,183
1776,77,33,66,15,191
1777,68,33,66,15,182
1778,135,17,167,17,336
1779,133,34,133,17,317
1780,101,17,167,17,302
1781,64,35,167,17,283
1782,67,17,167,17,268
1783,81,19,133,17,250
1785,184,18,116,16,334
1788,68,16,68,17,169
1789,83,15,52,22,172
1790,74,35,116,16,241
1791,82,18,116,16,232
1794,50,39,77,16,182
1795,74,26,102,15,217
1796,57,26,102,15,200
1797,65,33,150,17,265
1798,65,16,150,17,248
1799,128,32,133,18,311
1800,66,16,67,17,166
1803,101,32,52,16,201
1804,83,32,52,16,183
1805,84,15,52,16,167
1807,81,17,67,18,183
1808,83,34,67,16,200
1810,67,16,67,16,166
1811,85,16,68,16,185
1812,102,16,99,18,235
1813,85,16,99,18,218
1814,150,32,103,14,299
1817,68,33,50,16,167
1819,67,32,103,14,216
1821,65,34,69,14,182
1822,67,16,69,14,166
1823,100,35,63,18,216
1825,83,20,63,18,184
1826,132,16,69,16,233
1827,116,16,69,16,217
1828,116,35,134,15,300
1829,98,35,134,15,282
1833,82,18,65,18,183
1834,67,18,65,18,168
1835,69,33,116,18,236
1837,117,17,67,15,216
1839,100,33,166,16,315
1840,84,33,166,16,299
1842,119,30,168,19,336
1845,67,30,168,19,284
1846,52,30,168,19,269
1847,64,36,132,19,251
1848,84,32,100,19,235
1849,66,32,100,19,217
1850,51,32,100,19,202
1851,52,16,100,19,187
1852,84,33,167,16,300
1853,82,17,167,16,282
1854,116,33,101,16,266
1857,66,33,101,16,216
1858,69,14,101,16,200
1860,84,33,84,16,217
1861,85,16,84,16,201
1862,148,34,84,15,281
1863,52,16,84,16,168
1864,67,17,67,16,167
1866,65,17,218,15,315
1867,66,34,84,15,199
1868,84,34,65,18,201
1869,67,34,65,18,184
1870,51,34,65,18,168
1873,84,15,68,17,184
1874,68,15,68,17,168
1876,135,15,66,17,233
1877,85,16,166,18,285
1878,67,16,166,18,267
1879,85,15,66,17,183
1880,67,15,66,17,165
1881,102,31,86,14,233
1882,66,17,82,17,182
1883,98,34,52,14,198
1885,83,17,52,14,166
1886,65,17,52,14,148
1887,82,17,66,17,182
1888,167,16,101,17,301
1891,52,14,85,17,168
1893,83,16,101,17,217
1894,65,16,101,17,199
1897,51,17,232,18,318
1898,84,33,67,16,200
1899,68,33,67,16,184
1900,83,32,84,17,216
1901,83,15,84,17,199
1902,82,35,133,17,267
1903,116,17,84,16,233
1904,66,17,133,17,233
1905,67,33,84,16,200
1906,167,16,134,18,335
1907,68,33,67,17,185
1911,66,34,134,18,252
1912,101,16,49,18,184
1913,84,16,49,18,167
1914,82,34,133,18,267
1915,67,34,133,18,252
1916,98,18,100,18,234
1919,49,18,100,18,185
1922,70,15,67,16,168
1923,100,34,82,17,233
1924,83,34,82,17,216
1925,66,34,82,17,199
1926,66,16,82,17,181
1927,51,16,82,17,166
1928,82,34,99,18,233
1929,116,17,101,16,250
1930,66,16,99,18,199
1932,118,31,118,15,282
1935,99,35,83,15,232
1936,83,35,83,15,216
1939,82,16,134,18,250
1940,66,16,134,18,234
1942,100,15,101,18,234
1943,67,31,101,18,217
1944,82,35,66,18,201
1946,102,16,51,16,185
1947,83,16,51,16,166
1948,67,16,51,16,150
1951,51,15,84,16,166
1954,64,17,51,16,148
1955,66,34,67,16,183
1956,66,16,67,16,165
1957,66,33,85,15,199
1958,51,33,85,15,184
1959,51,16,85,15,167
1960,83,33,100,17,233
1961,67,33,100,17,217
1963,50,17,100,17,184
1964,68,15,67,17,167
1966,83,34,84,16,217
1967,100,34,66,16,216
1968,65,17,84,16,182
1969,67,34,66,16,183
1973,84,16,101,16,217
1976,84,33,50,16,183
1978,65,18,50,16,149
1979,67,34,66,17,184
1980,51,34,66,17,168
1982,52,32,101,16,201
1983,117,16,50,18,201
1984,68,16,67,16,167
1985,66,33,50,18,167
1987,101,34,116,17,268
1989,67,34,116,17,234
1991,50,18,116,17,201
1992,51,34,82,17,184
1993,133,34,66,16,249
1994,66,18,67,16,167
1995,133,33,216,18,400
2000,51,33,216,18,318
2001,84,16,84,17,201
2002,67,16,84,17,184
2003,82,17,51,17,167
2005,82,18,65,18,183
2006,65,18,65,18,166
2007,67,34,82,18,201
2008,51,34,82,18,185
2013,66,34,86,13,199
2014,66,18,86,13,183
2015,51,18,86,13,168
2016,67,17,132,17,233
2018,66,18,66,18,168
2019,86,13,66,17,182
2020,70,13,66,17,166
2021,53,13,66,17,149
2022,84,33,68,15,200
2023,66,33,68,15,182
2025,51,15,68,15,149
2026,99,17,66,16,198
2027,84,17,66,16,183
2028,83,33,66,17,199
2029,68,33,66,17,184
2030,51,33,66,17,167
2031,67,33,134,17,251
2032,66,17,134,17,234
2033,116,17,67,17,217
2034,67,17,134,16,234
2035,83,17,67,17,184
2037,50,17,67,17,151
2039,83,18,66,17,184
2041,133,34,83,17,267
2042,83,33,50,17,183
2043,100,34,83,17,234
2044,118,33,132,17,300
2045,66,34,83,17,200
2046,66,17,83,17,183
2047,67,33,132,17,249
2048,51,33,132,17,233
2049,117,17,100,15,249
2050,100,17,100,15,232
2052,84,33,67,15,199
2054,83,32,68,16,199
2055,83,15,68,16,182
2056,67,15,68,16,166
2057,82,18,67,17,184
2058,117,34,65,18,234
2059,67,33,66,16,182
2060,83,34,65,18,200
2061,68,34,65,18,185
2062,85,32,66,17,200
2063,67,32,66,17,182
2065,66,33,135,16,250
2066,101,15,52,16,184
2068,66,15,52,16,149
2069,83,17,266,18,384
2070,84,34,67,18,203
2072,67,16,67,18,168
2074,85,33,100,15,233
2077,67,34,99,16,216
2079,117,16,117,16,266
2080,82,35,117,16,250
2081,65,35,117,16,233
2082,66,16,117,16,215
2083,66,33,84,16,199
2085,84,16,100,18,218
2086,81,33,67,18,199
2087,65,33,67,18,183
2088,68,15,67,18,168
2089,65,35,83,18,201
2091,84,16,216,18,334
2092,66,16,216,18,316
2093,67,35,115,18,235
2095,101,32,67,16,216
2098,51,32,67,16,166
2099,66,35,80,18,199
2100,66,19,80,18,183
2101,81,18,66,18,183
2102,83,34,64,17,198
2103,115,18,100,17,250
2104,67,18,64,17,166
2106,66,18,100,17,201
2108,68,14,135,17,234
2109,81,18,117,17,233
2110,101,17,84,17,219
2111,67,33,84,17,201
2112,65,17,84,17,183
2113,85,16,134,17,252
2114,68,16,134,17,235
2115,66,34,65,17,182
2116,101,17,66,17,201
2119,51,17,66,17,151
2120,52,31,52,16,151
2121,65,35,83,18,201
2122,83,33,68,15,199
2124,52,33,68,15,168
2125,85,16,101,15,217
2126,68,16,101,15,200
2127,83,18,66,15,182
2128,84,33,66,16,199
2129,68,33,66,16,183
2130,84,33,65,18,200
2131,68,33,65,18,184
2132,84,33,99,17,233
2133,66,33,99,17,215
2134,84,32,67,17,200
2136,66,16,67,17,166
2137,83,16,66,18,183
2138,68,16,66,18,168
2139,50,16,66,18,150
2140,50,33,102,16,201
2141,67,33,102,15,217
2142,82,35,135,14,266
2144,66,17,135,14,232
2145,51,17,135,14,217
2146,69,16,67,15,167
2147,102,34,65,19,220
2148,51,33,68,14,166
2150,64,19,65,19,167
2151,67,34,99,15,215
2153,118,15,65,19,217
2155,84,15,65,19,183
2157,50,15,65,19,149
2158,51,34,86,16,187
2159,118,18,81,18,235
2160,80,37,81,18,216
2162,104,16,131,16,267
2165,55,16,131,16,218
2166,52,30,101,16,199
2169,65,32,65,17,179
2171,67,34,82,17,200
2172,68,16,82,17,183
2173,66,31,101,17,215
2174,67,15,101,17,200
2175,65,36,65,17,183
2178,99,17,69,15,200
2179,101,34,133,17,285
2180,137,16,66,15,234
2181,65,34,133,17,249
2182,67,17,133,17,234
2183,50,17,133,17,217
2185,84,18,65,17,184
2186,52,33,65,17,167
2187,101,32,51,15,199
2188,82,32,51,15,180
2189,66,32,51,15,164
2190,51,32,51,15,149
2191,82,18,99,17,216
2192,68,18,99,17,202
2195,51,15,134,16,216
2196,84,33,116,17,250
2198,67,16,116,17,216
2199,52,16,116,17,201
2201,66,33,134,17,250
2203,66,35,66,17,184
2205,68,32,67,17,184
2206,52,32,67,17,168
2207,50,17,67,17,151
2211,67,32,68,17,184
2212,66,15,68,17,166
2213,117,16,117,15,265
2214,63,21,149,15,248
2215,84,16,117,15,232
2216,132,16,134,18,300
2217,52,16,117,15,200
2218,86,32,134,18,270
2219,65,32,134,18,249
2221,65,36,98,18,217
2222,65,19,98,18,200
2223,68,31,67,18,184
2224,68,15,67,18,168
2225,134,36,67,16,253
2228,82,36,67,16,201
2229,67,36,67,16,186
2230,67,18,67,16,168
2233,52,17,64,17,150
2234,85,30,102,16,233
2236,51,30,102,16,199
2237,64,35,67,16,182
2238,63,18,67,16,164
2240,132,18,66,15,231
2241,68,34,100,15,217
2243,67,34,66,15,182
2245,68,33,218,15,334
2246,66,18,218,15,317
2247,115,18,67,17,217
2248,84,33,67,17,201
2249,99,35,83,16,233
2250,101,18,83,16,218
2251,66,35,83,16,200
2252,86,32,51,16,185
2253,132,35,65,16,248
2255,67,32,53,15,167
2256,67,15,53,15,150
2257,64,35,65,16,180
2259,85,15,66,18,184
2261,53,15,66,18,152
2265,66,32,67,17,182
2266,51,32,67,17,167
2268,50,36,64,18,168
2270,81,33,167,17,298
2273,82,19,98,16,215
2274,131,17,133,18,299
2275,70,30,68,16,184
2276,53,30,68,16,167
2277,51,16,68,16,151
2278,101,16,99,18,234
2279,64,34,99,18,215
2280,68,16,99,18,201
2281,117,18,166,17,318
2282,83,35,166,17,301
2283,66,35,166,17,284
2284,83,32,100,17,232
2285,67,32,100,17,216
2286,101,17,65,17,200
2287,67,35,65,17,184
2289,83,16,67,17,183
2290,52,32,67,17,168
2291,51,16,67,17,151
2292,65,17,119,14,215
2293,65,34,85,14,198
2294,66,17,85,14,182
2296,68,17,98,19,202
2298,135,14,68,18,235
2299,67,32,101,18,218
2300,82,33,68,18,201
2302,68,14,68,18,168
2303,84,16,51,16,167
2305,52,16,51,16,135
2306,82,34,66,16,198
2307,117,17,135,15,284
2308,67,16,66,16,165
2309,51,16,66,16,149
2311,66,34,101,15,216
2314,118,34,184,15,351
2315,101,34,184,15,334
2316,83,34,184,15,316
2317,101,31,135,18,285
2318,51,34,184,15,284
2319,67,31,135,18,251
2320,83,34,119,15,251
2321,65,34,119,15,233
2322,99,18,67,18,202
2323,65,34,67,18,184
2324,84,34,51,15,184
2325,68,34,51,15,168
2326,51,34,51,15,151
2327,83,18,82,18,201
2330,51,33,67,16,167
2331,51,15,67,16,149
2333,82,18,67,17,184
2335,67,32,102,17,218
2336,66,16,102,17,201
2337,52,16,102,17,187
2338,50,35,84,16,185
2340,68,15,100,18,201
2341,102,33,83,15,233
2342,50,35,65,18,168
2343,67,33,83,15,198
2344,115,33,133,19,300
2345,68,32,51,15,166
2347,83,15,133,19,250
2348,66,15,133,19,233
2349,151,14,52,17,234
2350,50,33,53,14,150
2353,86,14,52,17,169
2356,101,17,98,17,233
2357,66,36,98,17,217
2358,66,17,98,17,198
2360,51,31,67,17,166
2362,66,16,99,17,198
2364,51,33,66,17,167
2365,67,34,102,15,218
2366,83,32,101,16,232
2367,67,32,101,16,216
2368,52,32,101,16,201
2369,66,36,65,16,183
2371,68,34,65,16,183
2372,66,20,65,16,167
2373,101,34,167,15,317
2374,53,31,66,18,168
2375,99,32,117,18,266
2377,65,32,117,18,232
2378,66,16,117,18,217
2379,84,16,83,18,201
2381,50,16,83,18,167
2382,83,35,100,14,232
2383,84,18,100,14,216
2384,66,18,100,14,198
2385,168,33,66,16,283
2388,51,32,68,15,166
2389,65,35,81,18,199
2390,66,19,81,18,184
2391,67,33,66,16,182
2393,68,32,167,17,284
2394,52,32,167,17,268
2395,81,18,66,17,182
2397,66,32,168,16,282
2398,83,34,268,15,400
2399,66,34,268,15,383
2400,84,33,133,18,268
2401,66,33,133,18,250
2402,67,16,133,18,234
2403,51,16,133,18,218
2404,68,16,99,18,201
2405,51,16,99,18,184
2407,101,32,134,17,284
2408,66,17,134,15,232
2409,83,16,134,17,250
2410,82,36,66,15,199
2412,67,18,66,15,166
2414,67,17,117,16,217
2415,51,17,117,16,201
2416,70,14,83,16,183
2417,98,33,117,16,264
2418,83,33,117,16,249
2419,66,33,117,16,232
2420,79,34,67,16,196
2422,68,16,67,16,167
2425,66,35,99,17,217
2426,66,17,99,17,199
2427,83,16,169,16,284
2428,51,32,169,16,268
2429,51,16,169,16,252
2430,101,15,51,17,184
2431,133,34,99,16,282
2432,100,17,100,17,234
2434,99,17,99,16,231
2435,83,17,99,16,215
2439,68,32,66,16,182
2440,51,32,66,16,165
2441,99,33,51,13,196
2442,100,17,51,13,181
2444,82,33,67,16,198
2445,66,33,67,16,182
2446,65,17,67,16,165
2450,68,16,52,15,151
2451,67,34,200,16,317
2452,65,18,200,16,299
2453,103,34,83,17,237
2454,68,15,134,15,232
2456,51,34,83,17,185
2457,67,33,67,15,182
2458,82,32,218,16,348
2460,51,32,218,16,317
2461,65,35,133,16,249
2462,83,33,100,16,232
2463,67,33,100,16,216
2465,68,32,68,16,184
2469,83,17,50,16,166
2470,67,17,50,16,150
2473,68,32,100,21,221
2474,101,15,235,17,368
2477,83,17,53,12,165
2478,67,17,53,12,149
2479,51,17,53,12,133
2480,66,16,134,16,232
2481,88,12,135,17,252
2482,132,18,67,17,234
2483,99,34,67,17,217
2484,66,17,118,15,216
2485,83,18,67,17,185
2486,62,18,67,17,164
2487,68,33,133,18,252
2488,84,34,198,18,334
2489,67,34,198,18,317
2491,67,32,67,18,184
2492,51,32,67,18,168
2493,51,15,67,18,151
2495,65,34,134,17,250
2496,82,33,66,18,199
2497,134,32,101,18,285
2502,66,15,101,18,200
2503,84,17,66,18,185
2505,84,16,67,17,184
2508,101,16,100,15,232
2510,67,16,100,15,198
2511,117,16,101,16,250
2512,68,19,97,16,200
2514,66,16,101,16,199
2515,100,33,68,16,217
2516,98,18,68,16,200
2518,83,34,132,18,267
2519,67,34,132,18,251
2520,66,18,132,18,234
2523,68,32,100,17,217
2524,68,16,100,17,201
2525,100,32,106,11,249
2526,50,34,66,17,167
2527,66,32,106,11,215
2531,66,33,116,17,232
2532,101,21,94,18,234
2534,88,28,100,17,233
2536,117,32,68,16,233
2537,83,18,66,17,184
2538,65,18,66,17,166
2540,101,16,100,17,234
2541,66,34,100,17,217
2542,68,16,100,17,201
2543,83,17,66,17,183
2544,68,17,66,17,168
2547,117,16,67,16,216
2549,117,15,67,16,215
2550,101,15,67,16,199
2552,63,15,67,16,161
2553,116,17,66,18,217
2554,66,17,67,16,166
2555,67,33,66,18,184
2556,65,17,66,18,166
2557,83,18,100,16,217
2559,67,32,101,17,217
2560,51,32,101,17,201
2561,84,17,99,18,218
2562,68,17,99,18,202
2563,50,17,99,18,184
2564,67,17,284,17,385
2566,66,17,117,17,217
2567,83,16,84,17,200
2572,66,17,99,18,200
2573,84,17,65,18,184
2574,66,17,65,18,166
2575,67,34,100,16,217
2577,134,34,65,17,250
2578,100,17,83,16,216
2579,83,17,83,16,199
2581,83,17,65,17,182
2583,69,33,133,17,252
2584,51,33,133,17,234
2586,66,16,66,18,166
2587,65,33,85,17,200
2588,49,33,85,17,184
2590,100,17,66,16,199
2591,66,35,66,16,183
2592,67,17,66,16,166
2593,68,34,64,18,184
2594,67,17,64,18,166
2595,52,17,64,18,151
2596,83,32,185,16,316
2597,82,16,185,16,299
2600,65,17,365,17,464
2602,101,17,117,16,251
2603,85,17,117,16,235
2605,67,34,65,18,184
2606,99,16,52,16,183
2607,83,16,52,16,167
2608,66,16,52,16,150
2609,83,16,67,16,182
2611,83,16,132,18,249
2612,68,16,132,18,234
2614,99,17,66,18,200
2615,100,33,66,17,216
2617,66,33,66,17,182
2618,66,16,66,17,165
2620,68,15,133,18,234
2621,66,33,68,17,184
2624,100,16,67,15,198
2625,50,18,65,18,151
2626,83,32,69,16,200
2627,68,32,69,16,185
2629,100,34,99,18,251
2630,66,17,66,18,167
2631,67,34,99,18,218
2633,69,32,85,16,202
2634,67,16,85,16,184
2635,66,33,100,17,216
2636,69,15,100,17,201
2637,83,16,99,18,216
2638,101,16,65,18,200
2639,67,34,65,18,184
2642,115,34,102,14,265
2644,65,16,83,19,183
2645,65,34,102,14,215
2646,66,16,102,14,198
2648,67,17,68,14,166
2649,68,34,65,17,184
2650,65,19,65,17,166
2652,68,17,65,16,166
2653,99,34,67,17,217
2654,53,31,67,18,169
2655,82,17,67,17,183
2656,65,17,67,17,166
2657,65,33,67,17,182
2658,67,17,67,17,168
2660,50,34,99,18,201
2661,117,17,99,18,251
2662,101,17,99,18,235
2663,67,34,99,18,218
2664,66,17,99,18,200
2666,82,34,51,16,183
2667,66,34,51,16,167
2669,82,17,66,17,182
2670,67,17,66,17,167
2673,51,16,66,18,151
2674,100,17,51,17,185
2675,118,15,102,15,250
2676,82,33,102,15,232
2677,66,33,102,15,216
2680,68,17,101,16,202
2681,100,35,198,17,350
2682,82,35,198,17,332
2683,85,17,198,17,317
2685,82,19,99,16,216
2686,66,19,99,16,200
2687,50,19,99,16,184
2688,51,31,68,16,166
2691,65,34,65,17,181
2692,83,33,66,16,198
2693,68,33,66,16,183
2694,52,33,66,16,167
2696,67,16,100,18,201
2697,65,34,66,18,183
2698,99,17,51,16,183
2699,66,33,51,16,166
2700,100,16,101,16,233
2701,167,34,100,17,318
2702,101,16,67,16,200
2703,117,16,50,17,200
2704,101,16,50,17,184
2705,51,16,67,16,150
2706,101,16,100,17,234
2709,51,16,100,17,184
2710,66,17,167,16,266
2712,99,17,201,16,333
2713,83,17,201,16,317
2714,67,17,201,16,301
2715,67,33,101,15,216
2717,99,34,67,17,217
2718,83,34,67,17,201
2719,66,34,67,17,184
2720,117,33,67,16,233
2722,66,18,100,16,200
2724,66,18,67,16,167
2725,182,17,67,16,282
2727,133,32,67,16,248
2728,68,17,65,18,168
2730,83,32,67,16,198
2735,66,33,100,16,215
2737,50,17,100,16,183
2738,65,18,132,17,232
2739,67,33,167,16,283
2740,84,33,66,17,200
2742,68,16,66,17,167
2743,66,33,67,17,183
2744,66,17,67,17,167
2745,66,33,136,16,251
2747,100,34,68,16,218
2748,118,34,66,17,235
2750,66,17,68,16,167
2752,51,34,66,17,168
2753,68,34,97,17,216
2754,51,34,97,17,199
2755,100,32,68,17,217
2757,66,32,68,17,183
2758,81,33,52,15,181
2759,64,33,52,15,164
2760,65,16,52,15,148
2761,65,35,99,18,217
2763,68,32,134,16,250
2764,51,32,134,16,233
2766,69,15,116,17,217
2767,66,33,135,16,250
2771,51,15,50,17,133
2774,65,17,168,16,266
2775,50,17,168,16,251
2776,67,17,200,20,304
2777,68,33,100,16,217
2778,168,17,168,17,370
2779,51,17,100,16,184
2780,83,33,68,16,200
2781,133,34,53,14,234
2782,66,17,68,16,167
2783,66,34,168,17,285
2784,83,34,53,14,184
2785,67,34,53,14,168
2786,51,34,53,14,152
2787,84,17,101,17,219
2788,67,17,101,17,202
2789,119,24,74,17,234
2793,150,17,138,12,317
2794,56,25,66,18,165
2795,116,17,138,12,283
2797,74,17,138,12,241
2798,66,17,138,12,233
2799,101,32,250,15,398
2800,67,17,64,17,165
2802,84,32,119,15,250
2803,67,32,119,15,233
2804,120,30,65,19,234
2805,103,30,65,19,217
2806,100,18,65,19,202
2809,69,32,199,17,317
2810,52,32,199,17,300
2811,62,33,84,15,194
2812,68,15,84,15,182
2814,100,20,96,17,233
2815,52,15,98,19,184
2816,85,29,67,17,198
2817,70,29,67,17,183
2818,65,15,67,17,164
2821,62,34,84,17,197
2822,67,15,84,17,183
2823,135,33,100,16,284
2825,51,18,66,17,152
2827,84,17,100,16,217
2828,67,17,100,16,200
2831,66,33,135,15,249
2832,67,16,135,15,233
2833,66,34,184,15,299
2834,67,16,184,15,282
2836,66,17,68,15,166
2837,102,33,83,15,233
2838,84,33,83,15,215
2839,101,32,133,17,283
2841,83,17,133,17,250
2842,65,17,133,17,232
2843,98,33,67,17,215
2844,100,15,67,17,199
2845,83,15,67,17,182
2846,68,15,67,17,167
2847,117,16,51,19,203
2848,100,16,51,19,186
2849,67,33,51,19,170
2850,66,16,51,19,152
2851,84,17,117,15,233
2852,83,36,96,18,233
2853,103,31,65,18,217
2855,151,15,67,17,250
2856,53,31,65,18,167
2857,67,32,51,17,167
2859,81,15,67,17,180
2860,68,15,67,17,167
2862,66,17,99,18,200
2863,51,17,99,18,185
2865,67,34,68,17,186
2866,66,17,68,17,168
2867,66,33,52,15,166
2869,85,17,101,15,218
2870,68,17,101,15,201
2871,85,15,69,15,184
2873,83,18,65,18,184
2874,65,18,65,18,166
2876,67,17,64,18,166
2877,151,18,64,18,251
2878,101,16,100,18,235
2879,65,34,100,18,217
2880,99,18,64,18,199
2882,67,18,64,18,167
2883,52,18,64,18,152
2886,82,33,134,17,266
2887,64,33,134,17,248
2888,67,15,134,17,233
2890,64,17,67,16,164
2892,66,16,67,17,166
2896,66,17,100,16,199
2900,151,32,69,15,267
2901,68,32,66,17,183
2903,67,34,101,15,217
2904,65,18,101,15,199
2906,68,15,69,15,167
2907,51,15,69,15,150
2909,101,32,183,17,333
2910,84,32,183,17,316
2911,84,17,183,17,301
2912,67,17,183,17,284
2913,84,15,68,15,182
2914,82,33,117,17,249
2915,65,33,117,17,232
2917,66,35,82,17,200
2918,65,18,82,17,182
2920,66,17,100,16,199
2922,67,17,66,16,166
2923,82,17,68,15,182
2924,67,17,68,15,167
2925,100,35,98,18,251
2927,66,35,98,18,217
2928,85,31,200,17,333
2929,68,31,200,17,316
2930,52,31,200,17,300
2931,66,34,217,17,334
2932,67,17,217,17,318
2933,98,33,68,17,216
2934,68,15,201,17,301
2935,67,33,68,17,185
2936,68,15,68,17,168
2938,66,16,134,17,233
2941,68,32,85,15,200
2942,67,15,85,15,182
2943,117,17,99,17,250
2944,66,17,99,18,200
2946,66,17,99,17,199
2947,51,17,99,17,184
2948,51,32,102,17,202
2949,51,15,102,17,185
2952,66,16,117,17,216
2955,86,16,99,16,217
2957,52,16,99,16,183
2958,67,16,235,15,333
2959,65,34,66,17,182
2960,65,17,66,17,165
2961,99,33,299,19,450
2962,50,33,67,17,167
2963,83,17,299,19,418
2964,66,17,299,19,401
2965,66,34,101,15,216
2966,66,17,101,15,199
2968,68,16,68,15,167
2969,84,17,64,19,184
2972,84,30,71,16,201
2974,66,15,71,16,168
2975,64,37,65,18,184
2976,105,15,63,19,202
2977,67,34,63,19,183
2978,71,15,63,19,168
2980,52,31,66,17,166
2981,83,14,101,17,215
2982,97,15,100,18,230
2983,63,34,100,18,215
2984,66,15,100,18,199
2985,83,16,168,17,284
2987,86,15,68,16,185
2989,84,16,101,17,218
2990,67,16,101,17,201
2991,85,17,66,17,185
2994,51,32,168,16,267
2995,67,34,83,16,200
2996,83,33,66,17,199
2997,149,16,51,17,233
2998,67,16,66,17,166
3000,99,16,51,17,183
3001,83,16,51,17,167
3003,83,18,83,18,202
3006,67,17,68,16,168
3007,51,17,68,16,152
3009,133,33,68,16,250
3010,85,32,66,16,199
3011,133,33,116,18,300
3012,52,32,66,16,166
3014,65,18,68,16,167
3015,98,35,81,18,232
3016,82,35,81,18,216
3019,68,31,68,16,183
3020,51,31,68,16,166
3022,67,17,100,18,202
3023,65,34,66,18,183
3024,83,32,52,16,183
3026,83,34,83,18,218
3027,100,34,67,16,217
3028,84,34,67,16,201
3029,66,34,67,16,183
3031,83,19,65,17,184
3032,99,18,67,14,198
3033,83,18,67,14,182
3035,67,32,133,51,283
3036,119,32,66,51,268
3037,65,35,98,51,249
3038,67,18,98,51,234
3040,51,32,66,51,200
3041,67,66,118,18,269
3043,98,51,67,18,234
3044,84,51,67,18,220
3045,66,51,67,18,202
3047,85,32,66,16,199
3048,68,32,66,16,182
3050,67,29,53,19,168
3051,151,33,65,18,267
3052,61,37,133,18,249
3053,82,35,66,16,199
3054,82,19,66,16,183
3056,151,16,101,17,285
3058,101,32,101,17,251
3061,68,16,101,17,202
3062,83,16,100,16,215
3063,101,17,66,16,200
3064,66,34,66,16,182
3065,166,17,84,16,283
3066,68,33,66,17,184
3068,67,33,99,18,217
3071,116,33,69,16,234
3072,66,33,51,16,166
3073,66,16,51,16,149
3074,66,33,69,16,184
3075,68,15,69,16,168
3076,84,16,116,18,234
3078,51,16,116,18,201
3079,84,33,66,17,200
3082,68,33,66,18,185
3083,99,18,167,17,301
3084,81,18,167,17,283
3085,83,33,201,17,334
3086,66,33,201,17,317
3088,66,36,81,17,200
3089,87,29,69,17,202
3090,69,29,69,17,184
3093,66,17,100,17,200
3094,65,33,134,15,247
3095,69,17,134,15,235
3097,67,17,100,15,199
3098,67,33,67,15,182
3099,67,17,67,15,166
3100,67,32,99,18,216
3101,82,35,64,18,199
3103,99,18,66,17,200
3104,82,18,66,17,183
3105,65,18,66,17,166
3106,68,31,69,17,185
3107,71,10,69,17,167
3108,64,35,51,15,165
3109,49,35,51,15,150
3110,66,34,82,16,198
3111,211,33,67,18,329
3112,69,32,50,16,167
3113,51,32,50,16,149
3114,51,15,50,16,132
3116,67,31,100,18,216
3117,65,16,100,18,199
3118,84,16,100,18,218
3119,65,16,100,18,199
3121,67,16,67,18,168
3122,51,16,67,18,152
3123,66,16,52,18,152
3125,67,16,66,20,169
3126,67,36,64,17,184
3127,68,18,64,17,167
3128,52,18,64,17,151
3129,82,34,50,21,187
3130,86,14,50,21,171
3132,81,16,118,17,232
3133,98,21,80,17,216
3134,84,21,80,17,202
3136,101,34,99,16,250
3138,118,17,66,16,217
3139,51,34,99,16,200
3140,130,33,51,15,229
3142,67,33,132,16,248
3146,82,17,66,16,181
3147,100,15,183,17,315
3149,68,15,183,17,283
3150,51,15,183,17,266
3151,83,33,52,15,183
3152,66,33,52,15,166
3153,64,17,52,15,148
3155,67,17,134,15,233
3157,69,15,67,16,167
3158,84,17,68,15,184
3159,83,33,101,17,234
3161,82,35,66,17,200
3164,68,32,67,18,185
3165,84,34,133,13,264
3167,51,34,133,13,231
3168,66,33,234,15,348
3169,51,33,234,15,333
3170,85,15,67,13,180
3172,101,32,67,16,216
3175,82,33,101,15,231
3176,67,33,101,15,216
3177,84,34,67,15,200
3178,65,34,67,15,181
3180,67,33,134,16,250
3182,101,33,201,16,351
3183,83,33,201,16,333
3184,67,33,201,16,317
3185,51,33,201,16,301
3187,66,16,134,17,233
3188,82,18,67,17,184
3189,67,18,67,17,169
3192,83,18,67,16,184
3193,67,18,67,16,168
3196,133,33,66,18,250
3199,66,16,50,17,149
3201,67,15,66,18,166
3202,50,15,66,18,149
3203,66,17,67,15,165
3204,117,17,67,13,214
3206,51,15,68,16,150
3207,99,18,82,17,216
3208,100,34,65,18,217
3211,117,32,51,17,217
3212,100,32,51,17,200
3214,67,32,51,17,167
3216,99,34,99,17,249
3217,52,34,66,17,169
3218,66,34,99,17,216
3219,51,34,99,17,201
3220,100,33,101,16,250
3221,82,33,101,16,232
3222,117,16,67,16,216
3224,116,18,98,17,249
3225,83,35,98,17,233
3226,150,18,65,19,252
3227,67,18,98,17,200
3228,69,32,99,19,219
3229,83,34,65,19,201
3231,66,18,65,19,168
3232,83,15,52,15,165
3233,67,15,52,15,149
3234,83,16,68,16,183
3235,67,16,68,16,167
3236,65,34,66,17,182
3238,52,15,66,17,150
3239,84,32,84,15,215
3241,65,16,84,15,180
3242,83,16,100,17,216
3243,100,16,100,17,233
3244,83,16,100,17,216
3245,67,16,100,17,200
3247,67,15,103,15,200
3249,68,14,134,18,234
3250,66,34,50,18,168
3252,51,17,50,18,136
3256,50,18,65,17,150
3258,65,33,202,15,315
3259,68,15,202,15,300
3262,84,16,67,18,185
3263,66,16,67,18,167
3265,101,16,68,15,200
3267,67,16,68,15,166
3269,99,19,65,18,201
3270,66,35,65,18,184
3271,65,19,65,18,167
3272,68,33,65,17,183
3273,98,17,169,15,299
3274,83,17,169,15,284
3275,84,33,68,17,202
3277,183,36,165,17,401
3278,65,35,101,15,216
3279,118,32,117,18,285
3280,85,16,68,15,184
3281,83,32,117,18,250
3282,151,17,67,16,251
3283,83,36,165,17,301
3284,82,19,165,17,283
3286,83,17,67,16,183
3287,66,17,67,16,166
3288,51,17,67,16,151
3289,67,17,100,17,201
3290,65,34,66,17,182
3291,66,18,66,17,167
3293,101,16,67,15,199
3294,84,16,67,15,182
3295,68,16,67,15,166
3296,50,16,67,15,148
3297,100,17,100,15,232
3298,66,34,100,15,215
3299,116,33,66,17,232
3300,67,33,99,17,216
3301,100,16,66,17,199
3304,100,32,51,17,200
3306,67,32,51,17,167
3307,65,17,51,17,150
3309,99,17,99,17,232
3310,66,34,99,17,216
3311,68,17,99,17,201
3312,101,33,66,15,215
3314,67,33,66,15,181
3315,99,17,101,15,232
3316,82,17,101,15,215
3317,65,17,101,15,198
3318,66,33,68,15,182
3319,66,16,68,15,165
3321,65,19,250,18,352
3322,67,34,99,18,218
3324,68,33,84,15,200
3326,67,32,52,15,166
3327,83,34,67,17,201
3328,65,34,67,17,183
3330,66,33,84,18,201
3331,67,15,84,18,184
3332,52,15,84,18,169
3333,67,16,50,18,151
3334,117,18,65,17,217
3335,99,18,65,17,199
3336,84,18,65,17,184
3342,65,33,68,17,183
3343,66,16,68,17,167
3344,66,34,51,15,166
3345,66,17,51,15,149
3346,101,32,52,17,202
3348,68,32,52,17,169
3349,68,15,52,17,152
3350,51,15,52,17,135
3352,65,36,68,13,182
3353,67,17,68,13,165
3354,100,37,63,18,218
3355,52,31,100,18,201
3356,67,37,63,18,185
3357,117,31,166,19,333
3358,68,32,65,16,181
3360,69,31,166,19,285
3362,81,16,68,16,181
3364,99,34,166,16,315
3366,102,32,51,16,201
3367,50,34,166,16,266
3368,68,32,51,16,167
3369,52,32,51,16,151
3370,66,32,102,16,216
3371,81,35,133,18,267
3372,99,34,99,18,250
3373,117,33,66,18,234
3374,51,16,133,18,218
3376,69,33,66,18,186
3377,50,33,66,18,167
3378,67,33,65,20,185
3379,67,17,65,20,169
3381,101,14,85,17,217
3383,82,34,269,15,400
3384,85,14,269,15,383
3385,69,14,269,15,367
3386,66,35,83,16,200
3387,65,18,83,16,182
3388,69,33,66,17,185
3393,67,16,101,16,200
3396,67,34,67,15,183
3397,66,18,67,15,166
3398,68,33,67,15,183
3399,84,34,65,16,199
3400,67,34,65,16,182
3401,67,18,65,16,166
3402,100,32,67,17,216
3403,84,32,67,17,200
3404,67,32,67,17,183
3406,98,34,83,17,232
3407,102,15,83,17,217
3408,65,34,83,17,199
3409,50,34,83,17,184
3410,52,15,83,17,167
3411,68,16,67,16,167
3413,98,17,100,17,232
3415,83,34,100,16,233
3417,66,18,100,16,200
3419,67,18,149,16,250
3420,68,32,67,15,182
3421,84,34,66,17,201
3422,66,34,66,17,183
3423,67,17,66,17,167
3424,66,33,50,16,165
3425,84,33,84,17,218
3427,65,18,84,17,184
3428,66,33,68,15,182
3430,66,35,115,17,233
3431,51,35,115,17,218
3432,84,17,99,17,217
3434,68,33,166,17,284
3435,101,16,68,17,202
3436,82,16,68,17,183
3438,99,34,66,17,216
3439,84,34,66,17,201
3441,67,17,66,17,167
3442,134,33,67,15,249
3443,51,32,67,16,166
3444,85,15,67,16,183
3445,68,15,67,16,166
3447,66,16,67,15,164
3448,67,34,67,16,184
3450,67,33,66,18,184
3451,66,17,66,18,167
3452,101,32,100,21,254
3453,85,32,100,21,238
3454,117,16,66,21,220
3455,51,32,100,21,204
3456,166,34,66,18,284
3458,66,34,53,13,166
3459,50,34,53,13,150
3460,68,32,118,16,234
3461,82,34,66,18,200
3462,87,13,66,18,184
3463,71,13,66,18,168
3464,53,13,66,18,150
3465,51,33,51,16,151
3466,67,33,102,15,217
3467,79,34,68,15,196
3468,66,34,68,15,183
3469,101,16,134,17,268
3470,84,16,134,17,251
3473,67,17,99,17,200
3474,83,17,67,17,184
3475,83,33,67,17,200
3477,100,16,66,17,199
3478,149,16,151,16,332
3479,68,16,66,17,167
3480,67,33,50,18,168
3484,66,35,166,16,283
3485,66,18,166,16,266
3489,50,34,50,16,150
3490,99,33,166,18,316
3491,83,33,166,18,300
3492,67,33,166,18,284
3493,102,16,66,16,200
3494,84,16,66,16,182
3495,67,16,66,16,165
3496,67,33,66,17,183
3498,50,17,66,17,150
3500,82,17,68,15,182
3502,66,33,100,17,216
3505,85,33,150,17,285
3506,68,33,150,17,268
3508,68,32,118,17,235
3509,67,15,118,17,217
3510,65,35,66,17,183
3511,67,18,66,17,168
3513,67,17,49,17,150
3515,101,17,167,17,302
3520,67,34,65,17,183
3524,83,16,135,15,249
3527,86,33,100,15,234
3529,68,16,100,15,199
3530,52,16,100,15,183
3532,83,17,98,19,217
3533,83,33,101,16,233
3534,67,33,101,16,217
3537,65,18,201,15,299
3538,66,32,67,18,183
3541,86,31,67,16,200
3542,51,17,166,17,251
3543,51,31,67,16,165
3545,83,32,135,14,264
3546,66,32,135,14,247
3547,82,35,100,14,231
3550,67,33,114,19,233
3551,53,33,114,19,219
3553,52,34,80,19,185
3554,67,33,131,19,250
3555,52,33,131,19,235
3556,100,33,84,14,231
3557,83,33,84,14,214
3558,66,33,84,14,197
3559,84,32,52,14,182
3560,66,32,52,14,164
3561,52,32,52,14,150
3563,152,35,98,17,302
3564,84,14,70,15,183
3565,68,14,70,15,167
3566,52,14,70,15,151
3567,99,20,98,17,234
3568,134,35,66,16,251
3569,64,20,98,17,199
3570,70,31,101,16,218
3571,53,31,101,16,201
3572,66,35,66,16,183
3573,68,18,66,16,168
3574,66,32,199,17,314
3575,66,17,199,17,299
3576,67,34,100,15,216
3577,50,34,100,15,199
3578,82,17,234,15,348
3579,84,33,67,15,199
3582,50,16,67,15,148
3583,132,17,52,17,218
3584,50,17,99,18,184
3586,82,17,52,17,168
3587,116,35,66,17,234
3588,65,34,101,17,217
3589,67,17,101,17,202
3590,66,35,66,17,184
3594,101,34,64,17,216
3595,65,18,66,17,166
3596,100,32,99,19,250
3597,118,32,67,19,236
3598,82,17,99,19,217
3599,101,15,67,19,202
3600,66,32,67,19,184
3601,66,15,67,19,167
3602,64,34,52,15,165
3603,66,17,52,15,150
3607,69,15,67,16,167
3608,52,15,67,16,150
3609,117,35,133,16,301
3610,101,35,133,16,285
3612,67,35,133,16,251
3613,51,35,133,16,235
3615,67,16,66,18,167
3619,82,35,65,17,199
3620,84,17,65,17,183
3621,67,17,65,17,166
3622,83,17,64,17,181
3624,51,17,64,17,149
3625,82,32,136,16,266
3627,81,36,67,15,199
3629,83,32,99,19,233
3630,100,35,64,19,218
3632,68,35,64,19,186
3633,51,35,64,19,169
3635,52,33,67,15,167
3636,84,15,51,18,168
3637,81,36,64,17,198
3638,100,33,83,17,233
3640,82,18,83,17,200
3641,66,18,83,17,184
3643,68,13,100,18,199
3644,81,18,133,16,248
3645,84,34,99,16,233
3647,65,17,99,16,197
3649,134,17,68,17,236
3650,65,37,81,18,201
3651,132,16,53,15,216
3652,82,17,68,17,184
3655,66,16,53,15,150
3657,67,18,98,16,199
3658,68,32,66,16,182
3660,53,15,66,16,150
3661,67,16,100,16,199
3663,65,16,67,16,164
3664,66,35,133,16,250
3665,49,35,133,16,233
3666,82,18,101,16,217
3667,83,34,67,16,200
3668,67,34,67,16,184
3669,67,18,67,16,168
3670,66,32,100,17,215
3671,68,16,100,17,201
3672,101,32,217,18,368
3676,117,17,98,19,251
3678,82,17,98,19,216
3679,66,17,98,19,200
3680,67,34,64,19,184
3681,117,32,70,15,234
3682,68,32,169,15,284
3683,51,32,169,15,267
3684,98,37,67,14,216
3686,64,37,67,14,182
3688,102,34,66,16,218
3689,151,33,131,17,332
3690,70,34,66,16,186
3691,85,33,64,19,201
3692,67,33,64,19,183
3693,52,33,64,19,168
3696,82,15,168,17,282
3701,115,34,67,16,232
3702,117,17,67,16,217
3703,50,31,134,18,233
3704,83,17,67,16,183
3705,118,33,51,14,216
3707,84,33,51,14,182
3708,68,33,51,14,166
3713,67,14,101,19,201
3714,102,32,65,17,216
3715,102,16,65,17,200
3716,101,32,68,16,217
3717,67,16,65,17,165
3718,69,32,68,16,185
3722,65,35,83,18,201
3723,67,18,83,18,186
3724,151,18,65,16,250
3726,69,31,101,16,217
3727,52,31,101,16,200
3729,85,33,167,14,299
3731,116,33,66,17,232
3733,51,32,67,17,167
3735,67,17,66,17,167
3737,84,32,102,15,233
3739,83,36,98,18,235
3740,134,34,82,17,267
3742,68,32,116,17,233
3743,83,34,82,17,216
3744,84,18,82,17,201
3745,85,32,67,17,201
3746,66,32,67,17,182
3749,83,34,67,16,200
3752,67,33,68,17,185
3756,101,33,100,16,250
3758,68,33,100,16,217
3759,118,35,66,17,236
3760,51,16,100,16,183
3761,67,16,68,16,167
3762,82,18,66,17,183
3763,116,33,67,16,232
3764,82,18,149,17,266
3765,66,18,149,17,250
3766,68,33,67,16,184
3767,84,33,83,17,217
3768,66,33,83,17,199
3769,84,34,66,16,200
3773,66,18,67,16,167
3774,83,17,100,16,216
3778,67,31,69,16,183
3780,51,15,69,16,151
3782,65,35,166,16,282
3783,65,19,166,16,266
3784,69,30,67,18,184
3786,51,14,67,18,150
3788,82,15,85,16,198
3789,99,17,117,16,249
3790,67,35,117,16,235
3792,67,34,83,16,200
3793,84,32,67,18,201
3794,69,32,67,18,186
3795,67,16,67,18,168
3796,117,16,168,15,316
3798,65,34,168,15,282
3799,67,16,168,15,266
3800,85,16,66,15,182
3801,68,16,66,15,165
3802,86,16,166,15,283
3803,84,32,100,17,233
3804,68,32,100,17,217
3805,132,18,149,17,316
3806,66,33,101,15,215
3807,63,18,101,15,197
3808,82,18,149,17,266
3809,68,18,149,17,252
3810,68,32,117,17,234
3812,134,33,100,18,285
3813,67,17,83,17,184
3814,66,33,100,17,216
3815,84,33,100,18,235
3816,82,18,100,18,218
3817,65,18,100,18,201
3821,52,33,67,16,168
3822,67,33,134,15,249
3823,117,36,96,17,266
3825,83,36,96,17,232
3827,66,20,96,17,199
3828,100,34,66,16,216
3830,83,17,66,16,182
3832,64,32,68,16,180
3833,84,34,101,16,235
3834,134,33,67,17,251
3836,66,34,67,16,183
3837,51,34,67,16,168
3838,68,33,67,17,185
3839,84,34,100,16,234
3841,51,34,100,16,201
3843,67,17,83,17,184
3844,84,15,117,17,233
3846,65,35,82,17,199
3847,67,17,82,17,183
3849,66,17,66,17,166
3853,66,17,118,15,216
3854,83,17,99,18,217
3855,85,33,66,18,202
3856,67,33,66,18,184
3857,66,18,66,18,168
3859,101,15,68,16,200
3860,65,34,68,16,183
3861,69,15,68,16,168
3865,83,32,84,15,214
3867,66,16,84,15,181
3868,50,16,84,15,165
3869,101,16,101,16,234
3870,98,33,68,16,215
3871,66,16,101,16,199
3873,68,15,68,16,167
3875,49,35,67,16,167
3876,86,15,66,17,184
3877,83,34,66,17,200
3879,117,34,101,15,267
3880,133,34,149,18,334
3881,81,34,101,15,231
3882,66,34,101,15,216
3884,83,17,149,18,267
3885,67,17,149,18,251
3887,68,16,134,16,234
3888,67,34,100,16,217
3889,84,32,68,16,200
3890,67,32,68,16,183
3891,65,17,68,16,166
3892,66,34,99,17,216
3894,82,18,65,17,182
3895,67,18,65,17,167
3897,117,34,167,16,334
3898,99,34,167,16,316
3899,67,16,102,15,200
3900,65,34,167,16,282
3901,83,33,99,19,234
3902,82,17,99,19,217
3903,66,17,99,19,201
3904,50,17,99,19,185
3905,85,33,99,17,234
3907,67,18,99,17,201
3911,68,16,167,17,268
3912,66,33,100,16,215
3913,83,33,67,16,199
3914,68,33,67,16,184
3915,66,16,67,16,165
3916,66,34,133,17,250
3918,67,33,100,17,217
3919,83,34,66,17,200
3921,66,18,66,17,167
3924,66,34,84,15,199
3925,68,16,84,15,183
3927,49,34,99,16,198
3928,51,17,99,16,183
3929,66,16,102,15,199
3930,66,33,69,15,183
3931,132,19,98,17,266
3932,65,34,66,17,182
3933,83,35,98,17,233
3934,67,35,98,17,217
3935,65,19,98,17,199
3936,69,31,67,17,184
3937,82,33,102,16,233
3939,67,16,102,16,201
3940,115,17,134,16,282
3941,67,16,334,17,434
3942,84,17,134,16,251
3943,67,17,134,16,234
3945,84,32,68,16,200
3946,68,32,68,16,184
3947,67,16,68,16,167
3949,66,18,99,16,199
3950,67,33,82,17,199
3951,116,34,199,18,367
3952,68,32,50,17,167
3953,67,16,50,17,150
3955,67,17,199,18,301
3956,66,33,67,17,183
3957,134,16,117,16,283
3959,101,16,117,16,250
3961,168,15,85,16,284
3962,67,33,84,16,200
3963,83,33,101,17,234
3964,85,15,101,17,218
3965,100,15,85,16,216
3966,66,33,85,16,200
3967,67,15,85,16,183
3969,66,16,51,16,149
3972,136,32,98,18,284
3974,102,32,98,18,250
3976,100,34,64,18,216
3977,51,32,98,18,199
3978,101,31,101,16,249
3979,67,18,64,18,167
3980,66,31,101,16,214
3981,66,15,101,16,198
3982,98,34,68,17,217
3984,98,34,166,18,316
3986,67,34,166,18,285
3987,68,16,166,18,268
3990,134,33,68,17,252
3991,116,33,68,17,234
3994,99,33,52,15,199
3995,66,16,68,17,167
3997,67,16,52,15,150
3999,67,17,65,18,167
4000,68,32,68,16,184
4001,68,15,68,16,167
4002,52,15,68,16,151
4003,100,17,65,18,200
4004,83,17,65,18,183
4005,66,17,65,18,166
4006,117,16,67,18,218
4008,51,17,99,18,185
4009,66,16,67,18,167
4010,65,35,50,14,164
4011,84,32,67,18,201
4013,66,17,67,18,168
4015,67,14,152,19,252
4020,53,15,69,15,152
4021,62,18,50,19,149
4022,102,34,98,16,250
4024,69,34,98,16,217
4026,101,34,64,16,215
4027,52,32,66,16,166
4029,68,17,64,16,165
4031,131,28,89,18,266
4032,66,32,101,17,216
4033,65,16,101,17,199
4035,65,28,89,18,200
4036,76,23,101,15,215
4038,67,34,67,15,183
4040,57,32,69,16,174
4041,67,15,69,16,167
4042,51,15,69,16,151
4043,66,17,100,18,201
4045,65,19,84,14,182
4046,69,32,52,14,167
4047,83,34,64,18,199
4048,66,34,64,18,182
4049,69,16,64,18,167
4050,130,36,84,15,265
4051,68,14,101,17,200
4052,83,15,202,17,317
4053,149,34,67,16,266
4054,64,36,84,15,199
4055,64,18,84,15,181
4056,101,34,67,16,218
4058,86,17,67,16,186
4060,84,15,100,17,216
4061,99,18,65,17,199
4062,66,35,65,17,183
4063,66,18,65,17,166
4064,83,16,67,16,182
4065,66,16,67,16,165
4066,84,16,50,16,166
4068,82,17,82,18,199
4071,66,16,68,17,167
4072,50,16,68,17,151
4076,68,33,67,16,184
4077,67,16,67,16,166
4079,84,34,118,16,252
4081,83,32,135,16,266
4083,67,16,135,16,234
4085,67,16,100,16,199
4086,67,34,115,18,234
4087,85,33,117,15,250
4089,67,16,117,15,215
4093,65,16,103,15,199
4095,65,18,100,17,200
4096,84,15,68,17,184
4097,68,15,68,17,168
4099,68,18,149,15,250
4100,83,17,65,17,182
4101,66,17,65,17,165
4103,100,15,67,19,201
4104,97,34,52,16,199
4105,82,34,52,16,184
4106,65,34,52,16,167
4107,82,33,101,17,233
4108,98,35,66,17,216
4109,82,35,66,17,200
4110,86,16,66,17,185
4111,69,16,66,17,168
4112,52,16,66,17,151
4113,65,17,51,16,149
4115,65,17,67,17,166
4116,83,16,98,18,215
4117,68,16,98,18,200
4118,51,16,98,18,183
4120,131,36,99,16,282
4122,98,36,99,16,249
4123,99,18,99,16,232
4124,64,36,99,16,215
4126,67,33,100,16,216
4127,131,17,134,17,299
4128,69,32,68,16,185
4129,51,32,68,16,167
4130,82,17,134,17,250
4131,64,17,134,17,232
4132,66,34,66,17,183
4133,83,34,66,17,200
4134,68,34,66,17,185
4135,51,34,66,17,168
4136,68,32,51,17,168
4137,101,17,150,15,283
4138,100,34,66,17,217
4141,101,15,67,17,200
4143,117,33,134,16,300
4145,100,16,134,16,266
4147,150,31,67,18,266
4148,51,16,134,16,217
4149,68,15,67,17,167
4150,82,19,66,16,183
4151,150,32,101,16,299
4154,51,16,67,18,152
4155,101,16,101,16,234
4157,67,16,101,16,200
4159,68,17,99,16,200
4160,83,16,201,16,316
4162,134,34,133,17,318
4163,65,18,67,16,166
4164,66,33,100,17,216
4165,66,17,100,17,200
4166,67,34,133,17,251
4167,67,18,133,17,235
4168,67,32,68,16,183
4169,83,34,101,15,233
4170,66,34,101,15,216
4171,67,17,101,15,200
4174,101,34,66,18,219
4175,51,33,66,16,166
4177,67,17,66,18,168
4179,117,34,65,18,234
4180,166,33,68,15,282
4181,83,34,65,18,200
4183,51,34,65,18,168
4184,52,16,65,18,151
4185,52,32,51,16,151
4187,65,16,68,15,164
4190,51,16,101,15,183
4191,84,33,67,17,201
4192,101,34,100,15,250
4194,83,18,100,15,216
4195,85,33,100,17,235
4196,67,33,100,17,217
4197,67,18,100,17,202
4199,68,16,67,17,168
4200,115,18,117,16,266
4203,65,18,117,16,216
4204,100,32,52,16,200
4205,85,32,52,16,185
4206,66,32,52,16,166
4208,168,32,67,16,283
4209,83,33,67,16,199
4210,67,33,67,16,183
4211,67,16,67,16,166
4213,84,32,67,16,199
4214,68,32,67,16,183
4215,51,32,67,16,166
4217,101,17,65,17,200
4218,65,34,65,17,181
4219,66,17,65,17,165
4221,67,17,99,17,200
4222,83,16,100,17,216
4223,116,33,151,15,315
4225,66,17,66,17,166
4226,66,33,151,15,265
4227,66,17,151,15,249
4228,67,33,101,17,218
4229,67,16,101,17,201
4230,66,34,67,17,184
4231,67,17,67,17,168
4232,50,17,67,17,151
4236,67,32,52,16,167
4237,99,17,116,18,250
4239,66,17,116,18,217
4240,66,34,82,18,200
4243,85,32,133,18,268
4244,68,32,133,18,251
4245,66,16,133,18,233
4246,66,34,68,14,182
4247,81,33,66,18,198
4249,83,35,64,17,199
4250,54,13,66,18,151
4251,51,35,64,17,167
4252,99,33,267,18,417
4253,79,33,267,18,397
4254,66,33,267,18,384
4255,68,15,267,18,368
4256,64,33,67,17,181
4257,67,16,67,17,167
4259,84,31,68,17,200
4260,69,31,68,17,185
4262,67,35,99,16,217
4265,83,33,66,18,200
4267,51,33,66,18,168
4268,66,33,68,16,183
4269,66,16,68,16,166
4270,82,17,134,16,249
4271,82,35,99,16,232
4272,101,32,67,16,216
4274,68,32,67,16,183
4276,101,33,184,16,334
4278,66,33,184,16,299
4280,83,17,69,15,184
4281,168,17,66,17,268
4283,67,16,201,17,301
4284,50,16,201,17,284
4286,69,32,66,17,184
4287,99,18,65,18,200
4288,83,18,65,18,184
4289,99,16,67,17,199
4290,82,16,67,17,182
4293,83,35,67,16,201
4295,83,33,149,18,283
4296,67,33,149,18,267
4297,67,16,149,18,250
4298,68,34,115,18,235
4300,117,16,99,17,249
4301,100,16,99,17,232
4303,67,16,99,17,199
4308,99,35,99,18,251
4309,68,15,68,17,168
4311,67,18,99,18,202
4312,67,33,100,16,216
4315,68,16,67,16,167
4316,66,33,116,18,233
4317,133,18,66,17,234
4318,49,17,116,18,200
4320,117,17,100,16,250
4321,67,18,66,17,168
4323,66,17,100,16,199
4324,67,33,99,18,217
4326,66,34,65,18,183
4327,100,17,82,22,221
4328,100,32,72,12,216
4329,68,17,82,22,189
4331,66,16,72,12,166
4332,65,34,83,17,199
4336,72,29,51,16,168
4337,54,29,51,16,150
4338,83,17,300,17,417
4339,67,17,300,17,401
4340,62,34,82,17,195
4342,67,32,134,16,249
4343,83,35,82,17,217
4345,66,17,82,17,182
4347,82,34,133,17,266
4348,67,34,133,17,251
4349,99,17,100,17,233
4350,82,17,100,17,216
4351,67,17,100,17,201
4354,65,34,135,16,250
4357,84,33,68,16,201
4358,68,33,68,16,185
4360,67,33,135,16,251
4361,65,16,135,16,232
4362,66,35,165,18,284
4363,67,17,165,18,267
4364,68,33,67,16,184
4365,84,33,50,17,184
4366,68,33,50,17,168
4367,67,16,50,17,150
4368,116,17,65,17,215
4370,67,33,65,17,182
4371,66,17,65,17,165
4374,65,33,68,18,184
4376,65,34,52,15,166
4379,66,17,66,17,166
4380,51,17,66,17,151
4381,51,33,85,15,184
4382,152,15,66,18,251
4383,68,15,52,15,150
4385,82,33,66,18,199
4386,67,33,66,18,184
4387,67,15,66,18,166
4389,67,16,100,17,200
4390,66,33,100,18,217
4391,66,15,100,18,199
4392,117,16,66,17,216
4394,117,16,118,16,267
4397,66,16,118,16,216
4398,66,33,85,16,200
4400,83,18,134,16,251
4401,100,16,67,18,201
4404,67,34,284,16,401
4405,84,33,66,18,201
4406,66,33,66,18,183
4407,66,17,66,18,167
4408,85,17,99,17,218
4411,83,34,167,17,301
4412,66,34,167,17,284
4413,66,16,167,17,266
4414,81,18,117,16,232
4415,65,18,117,16,216
4417,67,16,84,16,183
4419,84,33,69,17,203
4420,66,33,69,17,185
4421,82,34,117,15,248
4422,66,34,117,15,232
4424,67,35,64,18,184
4425,51,35,64,18,168
4427,99,16,284,16,415
4428,52,13,52,15,132
4429,82,33,85,16,216
4430,64,33,85,16,198
4431,65,15,85,16,181
4432,101,33,102,15,251
4434,85,15,102,15,217
4435,67,15,102,15,199
4437,67,16,68,15,166
4438,51,16,68,15,150
4439,65,19,115,16,215
4442,68,33,65,17,183
4443,118,32,101,16,267
4444,81,18,100,16,215
4445,65,18,100,16,199
4446,82,16,101,16,215
4448,82,17,118,14,231
4449,101,17,84,14,216
4450,83,17,84,14,198
4451,84,33,65,19,201
4452,68,33,65,19,185
4453,84,32,68,16,200
4454,67,32,68,16,183
4455,101,14,138,14,267
4457,101,16,117,17,251
4458,84,16,117,17,234
4460,68,35,248,18,369
4461,65,19,248,18,350
4465,87,31,65,18,201
4467,66,17,65,18,166
4468,51,17,65,18,151
4469,183,34,233,16,466
4470,81,15,84,18,198
4471,100,15,69,16,200
4472,65,33,69,16,183
4473,68,15,69,16,168
4474,116,18,233,16,383
4475,66,17,84,15,182
4477,66,18,233,16,333
4480,67,32,67,16,182
4481,68,15,67,16,166
4482,132,33,150,18,333
4483,65,17,135,16,233
4484,132,33,51,16,232
4485,67,15,201,16,299
4486,67,33,150,18,268
4487,51,33,150,18,252
4488,67,33,51,16,167
4489,66,15,51,16,148
4490,51,15,51,16,133
4491,68,17,82,18,185
4492,117,18,65,17,217
4493,99,18,65,17,199
4495,99,18,166,15,298
4497,66,18,166,15,265
4498,68,32,68,16,184
4499,151,32,167,17,367
4500,116,17,133,16,282
4501,84,34,133,16,267
4502,66,34,133,16,249
4503,67,17,133,16,233
4504,100,34,67,16,217
4505,83,34,67,16,200
4506,100,34,66,16,216
4507,66,17,67,16,166
4508,66,34,66,16,182
4509,50,34,66,16,166
4510,68,33,66,17,184
4512,67,33,99,18,217
4513,52,33,99,18,202
4517,116,34,100,16,266
4518,68,31,103,13,215
4520,117,18,65,16,216
4521,67,16,100,16,199
4522,65,35,65,16,181
4523,67,18,65,16,166
4524,69,34,115,17,235
4525,51,34,115,17,217
4526,100,33,51,17,201
4527,83,33,51,17,184
4528,116,17,164,18,315
4530,82,17,164,18,281
4533,52,33,165,18,268
4536,82,17,65,18,182
4538,82,17,84,17,200
4540,98,34,168,17,317
4542,65,34,168,17,284
4543,83,35,84,15,217
4545,132,18,150,16,316
4546,102,33,150,16,301
4547,51,33,66,17,167
4548,68,33,150,16,267
4549,83,33,150,18,284
4550,84,15,150,18,267
4551,69,15,150,18,252
4552,100,33,66,17,216
4553,51,34,99,17,201
4554,84,16,66,17,183
4555,66,16,66,17,165
4556,51,16,66,17,150
4557,67,15,117,17,216
4559,66,16,100,17,199
4560,133,33,67,18,251
4561,116,33,67,18,234
4562,69,32,100,18,219
4565,83,33,68,17,201
4566,65,33,68,17,183
4567,102,16,101,15,234
4568,84,16,101,15,216
4569,68,16,101,15,200
4571,68,16,67,15,166
4572,85,16,66,18,185
4573,67,16,66,18,167
4574,51,16,66,18,151
4575,65,18,132,17,232
4576,67,32,100,17,216
4577,65,17,100,17,199
4578,66,33,133,17,249
4581,104,13,133,17,267
4582,68,32,133,17,250
4583,69,13,133,17,232
4584,84,17,99,17,217
4585,84,32,84,18,218
4587,64,15,84,18,181
4588,66,35,234,15,350
4589,66,18,234,15,333
4590,67,32,101,17,217
4591,82,35,167,15,299
4593,102,16,99,17,234
4594,100,33,167,16,316
4595,99,17,167,16,299
4596,68,33,167,16,284
4597,101,16,68,15,200
4599,66,16,68,15,165
4601,67,16,66,17,166
4603,99,16,68,16,199
4605,66,16,68,16,166
4606,101,33,67,16,217
4607,66,18,65,19,168
4608,66,33,67,16,182
4609,116,35,67,15,233
4610,68,32,68,16,184
4611,83,35,67,15,200
4612,84,16,67,15,182
4613,68,16,67,15,166
4614,67,33,117,17,234
4615,51,33,117,17,218
4616,68,34,64,19,185
4621,67,15,168,18,268
4623,68,17,101,15,201
4624,51,17,101,15,184
4625,51,34,98,18,201
4628,65,36,64,18,183
4629,50,36,64,18,168
4630,67,31,51,17,166
4631,67,16,51,17,151
4632,85,15,68,16,184
4633,67,15,68,16,166
4634,64,35,133,17,249
4635,67,17,133,17,234
4636,101,32,68,17,218
4638,68,32,68,17,185
4641,67,18,166,17,268
4642,67,33,66,18,184
4644,85,16,166,19,286
4645,101,16,67,17,201
4646,66,33,67,17,183
4647,151,34,66,17,268
4648,66,34,67,16,183
4649,67,16,67,16,166
4650,84,16,66,19,185
4652,67,34,66,17,184
4653,66,17,66,17,166
4654,50,17,66,17,150
4656,85,15,134,15,249
4657,83,34,138,11,266
4658,66,34,138,11,249
4659,67,17,138,11,233
4660,134,34,67,16,251
4662,67,33,72,11,183
4663,83,34,67,16,200
4664,66,34,67,16,183
4666,67,38,162,17,284
4667,117,33,67,17,234
4668,149,19,66,17,251
4669,84,33,67,17,201
4670,67,33,67,17,184
4671,85,34,66,17,202
4673,66,19,66,17,168
4674,67,33,67,16,183
4675,66,18,67,16,167
4676,67,33,65,17,182
4677,85,34,66,16,201
4678,116,15,101,16,248
4679,68,17,66,16,167
4680,83,15,101,16,215
4682,82,18,66,16,182
4683,83,32,67,18,200
4684,66,32,67,18,183
4686,101,33,101,15,250
4687,84,33,101,15,233
4688,66,33,101,15,215
4689,101,16,165,17,299
4690,118,15,69,15,217
4691,67,16,165,17,265
4692,84,15,69,15,183
4694,51,15,69,15,150
4695,66,17,167,15,265
4696,82,19,101,13,215
4697,65,19,101,13,198
4698,69,31,70,13,183
4701,68,15,136,16,235
4702,64,37,231,17,349
4703,66,20,231,17,334
4704,102,32,167,17,318
4705,84,32,167,17,300
4708,64,35,66,17,182
4710,67,32,66,18,183
4711,84,34,66,17,201
4714,83,15,51,16,165
4716,100,33,66,19,218
4718,83,16,66,19,184
4719,133,15,101,17,266
4721,83,32,101,17,233
4723,67,15,101,17,200
4724,85,17,65,17,184
4725,134,16,67,17,234
4726,85,14,51,16,166
4727,68,14,51,16,149
4728,85,16,67,17,185
4729,216,32,68,16,332
4731,65,16,101,15,197
4732,101,33,168,15,317
4733,100,16,168,15,299
4735,67,16,168,15,266
4737,66,18,66,15,165
4741,67,17,68,15,167
4742,66,34,65,18,183
4743,66,19,65,18,168
4745,51,34,99,17,201
4750,99,32,102,17,250
4753,82,33,69,17,201
4754,65,33,69,17,184
4759,65,18,67,16,166
4760,51,18,67,16,152
4761,68,15,51,16,150
4762,117,16,85,15,233
4763,85,32,85,15,217
4766,117,18,81,19,235
4768,82,18,81,19,200
4770,68,32,101,16,217
4771,133,19,165,17,334
4772,52,15,101,16,184
4773,66,19,133,16,234
4774,81,19,165,17,282
4775,64,19,165,17,265
4776,68,33,67,16,184
4777,85,33,67,16,201
4778,66,33,67,16,182
4779,85,34,65,17,201
4780,66,34,65,17,182
4783,84,32,68,15,199
4784,151,16,84,15,266
4785,136,16,84,15,251
4787,66,17,66,18,167
4788,66,34,84,15,199
4789,68,16,84,15,183
4791,51,32,52,15,150
4792,66,34,101,15,216
4793,66,16,101,15,198
4794,66,33,100,17,216
4795,51,33,100,17,201
4796,83,17,101,17,218
4797,82,35,66,17,200
4799,67,16,66,17,166
4804,117,15,67,16,215
4805,51,32,101,16,200
4806,51,15,101,16,183
4808,66,33,50,18,167
4810,85,16,100,18,219
4811,66,16,100,18,200
4814,84,16,52,14,166
4815,82,34,67,15,198
4816,66,34,67,15,182
4818,84,14,68,18,184
4820,52,14,68,18,152
4821,66,18,84,14,182
4823,100,16,66,16,198
4825,69,16,66,16,167
4826,84,14,69,15,182
4827,118,34,67,15,234
4828,65,35,67,15,182
4829,82,34,67,15,198
4831,65,18,67,15,165
4833,117,33,65,19,234
4834,49,18,101,15,183
4835,66,19,98,19,202
4836,67,33,65,19,184
4837,52,33,65,19,169
4838,67,34,131,16,248
4840,117,18,63,16,214
4841,67,16,51,17,151
4842,65,37,63,16,181
4845,53,31,85,17,186
4847,97,20,65,15,197
4849,85,34,63,17,199
4850,68,34,63,17,182
4853,117,34,167,17,335
4855,63,17,69,17,166
4856,63,34,167,17,281
4857,84,35,132,17,268
4859,103,14,167,17,301
4861,52,31,167,17,267
4862,52,14,167,17,250
4864,81,19,98,17,215
4867,84,34,67,16,201
4868,68,34,67,16,185
4870,66,32,133,17,248
4871,84,35,131,20,270
4872,66,35,131,20,252
4873,84,32,119,14,249
4874,116,17,85,14,232
4877,67,17,85,14,183
4881,66,16,168,18,268
4882,65,34,52,16,167
4883,68,14,52,16,150
4884,119,16,84,15,234
4885,67,16,85,16,184
4887,66,16,84,15,181
4888,118,16,66,17,217
4889,101,16,66,17,200
4890,85,16,66,17,184
4892,201,32,68,14,315
4893,50,33,68,16,167
4894,52,15,68,16,151
4895,67,15,136,14,232
4896,83,18,66,16,183
4898,102,32,68,14,216
4899,84,32,68,14,198
4900,69,32,68,14,183
4902,66,35,97,18,216
4903,66,19,97,18,200
4904,81,19,82,17,199
4906,99,33,101,16,249
4907,66,17,103,16,202
4909,68,15,101,16,200
4911,68,17,66,16,167
4912,51,17,66,16,150
4913,85,31,66,18,200
4914,70,31,66,18,185
4915,68,15,66,18,167
4917,84,32,202,14,332
4918,148,17,100,16,281
4919,99,16,66,17,198
4920,66,34,66,17,183
4921,68,16,66,17,167
4922,50,16,66,17,149
4923,66,17,100,16,199
4924,68,32,68,16,184
4925,50,32,68,16,166
4927,66,19,130,19,234
4930,102,33,66,17,218
4931,85,33,66,17,201
4932,66,33,66,17,182
4933,52,33,66,17,168
4934,67,31,102,17,217
4935,51,31,102,17,201
4937,85,33,51,16,185
4939,67,16,51,16,150
4940,52,16,51,16,135
4942,67,33,100,16,216
4943,67,16,100,16,199
4945,116,34,66,17,233
4946,133,32,101,15,281
4949,84,32,101,15,232
4951,83,34,67,15,199
4952,66,34,67,15,182
4954,234,32,50,16,332
4955,67,17,66,17,167
4956,51,17,66,17,151
4957,67,16,66,17,166
4958,82,18,100,16,216
4960,66,33,67,16,182
4962,50,16,67,16,149
4964,68,32,50,16,166
4965,83,33,68,16,200
4966,67,33,68,16,184
4967,66,17,68,16,167
4968,82,16,135,16,249
4969,67,16,135,16,234
4970,50,16,135,16,217
4972,68,32,68,16,184
4973,51,32,68,16,167
4974,51,16,68,16,151
4976,82,18,200,16,316
4977,66,18,200,16,300
4978,134,34,67,16,251
4980,134,34,198,17,383
4981,51,33,101,16,201
4982,66,34,67,16,183
4985,86,33,99,17,235
4987,51,33,99,17,200
4988,67,33,66,17,183
4989,66,17,66,17,166
4992,65,34,66,17,182
4996,68,32,67,17,184
4997,134,16,134,17,301
4998,66,33,202,16,317
4999,66,16,202,16,300
5000,65,34,134,17,250
5001,99,16,67,17,199
5002,100,33,68,17,218
5004,67,33,68,17,185
5006,50,16,68,17,151
5007,83,34,167,19,303
5010,68,34,67,15,184
5011,68,17,67,15,167
5013,51,33,66,16,166
5014,50,17,66,16,149
5018,82,18,167,16,283
5019,66,18,167,16,267
5020,66,33,66,17,182
5021,70,14,66,17,167
5022,53,14,66,17,150
5024,66,33,233,17,349
5025,97,18,66,16,197
5026,83,18,66,16,183
5027,67,18,66,16,167
5029,52,33,99,17,201
5032,66,32,133,17,248
5034,83,16,99,17,215
5035,100,15,67,17,199
5036,66,32,67,17,182
5038,100,33,52,17,202
5039,115,35,132,17,299
5040,66,33,52,17,168
5041,66,16,52,17,151
5042,67,35,132,17,251
5043,66,18,132,17,233
5044,68,34,133,16,251
5045,68,17,133,16,234
5048,132,35,83,15,265
5049,66,18,66,16,166
5050,67,31,51,16,165
5053,84,32,167,16,299
5054,66,32,167,16,281
5055,51,32,167,16,266
5056,83,18,99,16,216
5060,66,35,66,16,183
5061,50,35,66,16,167
5062,67,32,102,15,216
5064,83,18,68,15,184
5065,83,34,200,15,332
5066,82,18,200,15,315
5067,65,18,200,15,298
5068,102,31,67,18,218
5070,68,31,67,18,184
5073,68,16,67,16,167
5076,51,16,68,15,150
5077,99,17,133,15,264
5078,100,32,101,15,248
5079,67,17,133,15,232
5082,83,17,66,15,181
5083,84,31,70,15,200
5084,98,35,66,18,217
5085,52,31,70,15,168
5086,66,35,66,18,185
5087,98,20,97,18,233
5088,66,35,97,18,216
5095,67,15,67,18,167
5096,116,17,66,19,218
5098,65,33,66,19,183
5099,65,17,66,19,167
5102,51,15,85,15,166
5103,102,17,82,17,218
5104,150,16,69,16,251
5105,67,17,82,17,183
5108,52,15,68,16,151
5109,65,16,69,16,166
5110,82,17,100,16,215
5112,51,17,100,16,184
5114,69,32,66,18,185
5115,67,16,66,18,167
5116,100,32,233,18,383
5119,82,34,100,17,233
5120,84,16,100,17,217
5121,68,16,100,17,201
5122,82,18,66,17,183
5123,66,18,66,17,167
5124,101,33,134,16,284
5125,66,17,100,17,200
5126,100,33,101,16,250
5127,84,33,101,16,234
5128,66,33,101,16,216
5129,67,16,101,16,200
5131,68,16,67,16,167
5132,51,16,67,16,150
5137,66,18,82,16,182
5138,69,31,67,17,184
5139,51,31,67,17,166
5140,65,36,67,15,183
5141,67,18,67,15,167
5144,51,16,102,16,185
5145,66,19,66,16,167
5146,67,32,66,16,181
5148,68,34,133,15,250
5149,51,34,133,15,233
5150,66,32,85,16,199
5151,83,35,100,15,233
5152,66,35,100,15,216
5153,51,35,100,15,201
5154,98,35,66,16,215
5157,69,16,66,16,167
5158,115,17,66,17,215
5159,86,32,66,17,201
5160,134,33,67,18,252
5161,82,33,100,18,233
5162,115,17,67,18,217
5163,67,17,100,18,202
5164,65,33,67,18,183
5165,66,17,67,18,168
5167,67,17,101,16,201
5168,118,16,66,17,217
5169,68,16,68,16,168
5172,101,32,101,17,251
5176,66,34,334,15,449
5177,117,34,98,17,266
5178,99,34,98,17,248
5179,66,17,67,16,166
5181,133,17,134,17,301
5182,67,33,133,16,249
5183,117,32,68,16,233
5184,67,33,134,17,251
5185,66,17,134,17,234
5187,65,16,68,16,165
5188,82,17,117,18,234
5190,66,34,101,15,216
5191,84,34,98,17,233
5192,102,33,65,17,217
5193,51,34,98,17,200
5196,83,18,100,15,216
5197,85,31,69,15,200
5198,67,31,69,15,182
5199,50,31,69,15,165
5201,66,19,79,21,185
5202,131,36,98,18,283
5203,68,17,117,14,216
5205,83,36,98,18,235
5206,79,21,98,18,216
5207,84,31,101,16,232
5208,98,33,101,17,249
5209,68,15,101,16,200
5210,67,33,101,17,218
5211,104,15,167,17,303
5212,64,34,167,17,282
5215,98,17,66,17,198
5218,50,17,66,17,150
5219,83,32,118,17,250
5220,83,16,118,17,234
5221,150,33,85,15,283
5222,100,33,118,15,266
5223,66,17,66,18,167
5224,66,33,118,15,232
5225,67,16,118,15,216
5227,101,17,65,17,200
5230,51,17,65,17,150
5232,67,33,68,16,184
5233,67,15,68,16,166
5237,99,18,99,16,232
5239,134,16,99,18,267
5240,68,32,67,16,183
5241,67,17,67,16,167
5242,83,16,99,18,216
5244,65,34,100,17,216
5245,68,16,100,17,201
5246,83,17,67,17,184
5247,102,13,52,16,183
5248,99,35,67,18,219
5249,99,17,67,18,201
5251,67,17,67,18,169
5252,50,17,67,18,152
5253,115,34,133,17,299
5254,52,16,68,15,151
5256,85,16,133,17,251
5257,50,34,133,17,234
5258,134,33,134,17,318
5259,82,34,84,17,217
5260,66,34,84,17,201
5261,149,34,66,17,266
5262,99,34,65,18,216
5263,183,35,83,17,318
5266,84,17,66,17,184
5267,67,17,66,17,167
5268,83,16,118,17,234
5269,66,16,118,17,217
5271,83,33,67,16,199
5272,66,33,67,16,182
5273,51,33,67,16,167
5274,52,16,67,16,151
5275,68,15,134,16,233
5279,65,18,266,16,365
5280,85,15,50,16,166
5281,83,34,82,17,216
5285,65,16,67,16,164
5286,66,35,66,16,183
5287,99,17,67,16,199
5288,82,17,67,16,182
5289,66,17,67,16,166
5291,50,34,67,16,167
5292,99,34,66,17,216
5293,67,17,66,18,168
5295,117,34,135,15,301
5297,134,18,65,16,233
5298,100,35,65,16,216
5299,84,35,65,16,200
5302,84,18,67,15,184
5303,66,18,67,15,166
5304,50,18,67,15,150
5305,51,32,68,15,166
5306,65,35,231,17,348
5307,66,19,231,17,333
5308,67,33,65,18,183
5314,65,35,65,17,182
5315,50,35,65,17,167
5316,52,17,65,17,151
5317,65,18,65,17,165
5318,100,33,118,17,268
5319,66,16,151,17,250
5321,83,34,66,18,201
5322,65,34,66,18,183
5323,116,33,51,16,216
5324,100,33,51,16,200
5325,50,33,151,16,250
5327,101,17,66,17,201
5329,68,17,66,17,168
5331,100,17,67,15,199
5332,51,16,101,15,183
5333,66,17,67,15,165
5334,117,16,132,18,283
5338,82,18,66,17,183
5339,83,33,168,17,301
5340,84,16,168,17,285
5342,84,15,51,16,166
5343,84,33,67,16,200
5345,149,35,133,17,334
5346,84,16,85,16,201
5347,66,16,85,16,183
5349,66,17,52,16,151
5350,67,35,133,17,252
5351,65,19,133,17,234
5353,52,33,66,16,167
5354,134,34,66,16,250
5355,52,33,133,16,234
5356,99,34,66,16,215
5357,116,32,50,17,215
5358,66,34,66,16,182
5359,117,34,66,17,234
5360,67,32,50,17,166
5361,67,15,50,17,149
5362,66,34,66,17,183
5363,84,33,66,18,201
5365,65,17,66,18,166
5367,84,33,52,15,184
5368,66,33,52,15,166
5369,101,16,67,16,200
5370,118,15,118,15,266
5371,101,15,118,15,249
5373,68,15,118,15,216
5374,52,15,118,15,200
5375,65,18,99,18,200
5376,67,34,65,18,184
5378,50,18,65,18,151
5380,84,15,68,16,183
5381,83,35,99,17,234
5383,102,16,66,17,201
5384,84,16,66,17,183
5385,67,16,66,17,166
5387,50,32,51,16,149
5388,199,32,68,17,316
5390,66,33,184,16,299
5391,67,16,184,16,283
5394,83,17,117,16,233
5395,66,17,117,16,216
5397,50,32,68,17,167
5399,68,15,101,15,199
5401,66,17,67,15,165
5403,99,17,132,18,266
5406,134,32,68,16,250
5407,65,18,66,18,167
5408,49,18,66,18,151
5409,67,17,133,16,233
5412,84,15,68,16,183
5413,67,15,68,16,166
5414,65,35,66,16,182
5415,67,17,66,16,166
5416,84,17,100,18,219
5417,99,17,67,18,201
5418,68,33,67,18,186
5421,117,32,101,17,267
5422,67,33,99,17,216
5423,51,33,99,17,200
5424,67,32,101,17,217
5427,181,34,65,19,299
5428,116,17,132,19,284
5429,81,34,132,19,266
5432,83,16,134,16,249
5433,68,16,134,16,234
5434,67,34,65,19,185
5435,101,16,101,15,233
5437,67,16,101,15,199
5438,99,35,66,17,217
5439,67,15,101,17,200
5440,65,35,66,17,183
5441,67,16,66,17,166
5443,66,18,66,17,167
5444,84,17,100,16,217
5446,83,17,66,16,182
5447,67,17,66,16,166
5448,66,33,66,17,182
5449,51,33,66,17,167
5450,51,16,66,17,150
5451,99,17,99,18,233
5452,116,17,65,18,216
5453,82,34,65,18,199
5454,66,34,65,18,183
5455,65,17,65,18,165
5456,102,30,153,16,301
5457,86,30,153,16,285
5458,69,30,153,16,268
5459,52,30,153,16,251
5460,116,18,84,16,234
5461,67,17,118,16,218
5462,99,32,68,15,214
5463,83,32,68,15,198
5464,69,32,68,15,184
5465,83,34,68,15,200
5466,66,34,68,15,183
5468,66,34,233,17,350
5469,68,16,233,17,334
5470,102,33,67,17,219
5471,118,33,100,14,265
5472,101,33,100,14,248
5475,85,34,166,14,299
5476,66,34,166,14,280
5477,51,34,166,14,265
5478,67,32,67,17,183
5479,50,32,67,17,166
5480,66,34,68,15,183
5482,99,35,81,17,232
5483,82,35,81,17,215
5484,67,35,81,17,200
5485,68,18,81,17,184
5487,54,32,66,16,168
5489,64,19,67,17,167
5490,65,33,51,16,165
5491,66,17,51,16,150
5492,66,34,66,16,182
5493,68,18,66,16,168
5494,84,16,100,17,217
5495,68,16,100,17,201
5497,51,33,100,18,202
5498,66,33,85,15,199
5500,66,34,51,15,166
5502,84,16,100,17,217
5503,68,16,100,17,201
5504,85,15,100,16,216
5505,69,15,100,16,200
5506,51,15,100,16,182
5507,66,16,67,16,165
5508,66,34,67,17,184
5511,67,16,100,18,201
5512,83,18,84,16,201
5513,84,32,136,14,266
5514,67,32,136,14,249
5518,50,16,102,14,182
5519,67,16,68,14,165
5520,118,18,65,16,217
5522,84,18,65,16,183
5523,66,18,65,16,165
5524,98,35,100,18,251
5526,115,18,66,18,217
5531,84,33,101,15,233
5533,51,33,101,15,200
5534,117,15,67,16,215
5535,69,15,68,15,167
5536,66,33,67,16,182
5537,84,35,66,16,201
5538,66,35,66,16,183
5539,65,18,66,16,165
5540,116,18,84,16,234
5541,98,18,84,16,216
5543,84,33,51,16,184
5544,66,33,51,16,166
5547,84,34,84,16,218
5548,84,16,84,16,200
5551,67,17,166,16,266
5553,83,33,100,16,232
5555,50,33,100,16,199
5556,50,16,100,16,182
5557,87,30,99,17,233
5558,70,30,99,17,216
5559,83,33,132,18,266
5560,67,33,132,18,250
5561,67,17,132,18,234
5562,63,32,118,15,228
5563,67,16,118,15,216
5564,65,34,66,18,183
5567,67,16,219,15,317
5568,51,16,219,15,301
5570,66,33,68,16,183
5572,118,16,133,18,285
5573,83,33,133,18,267
5575,99,17,118,15,249
5576,52,16,133,18,219
5579,67,16,66,18,167
5580,85,15,51,15,166
5581,69,15,51,15,150
5582,52,15,51,15,133
5583,67,15,67,16,165
5584,84,15,135,16,250
5592,101,32,85,17,235
5594,68,32,85,17,202
5595,83,33,52,17,185
5596,98,34,82,17,231
5598,65,34,82,17,198
5599,118,31,135,15,299
5600,102,31,135,15,283
5601,51,35,82,15,183
5602,52,17,82,15,166
5603,99,17,67,17,200
5604,66,33,67,17,183
5605,64,17,67,17,165
5609,68,16,133,17,234
5610,51,16,133,17,217
5611,66,18,65,17,166
5613,66,18,65,17,166
5614,68,32,101,16,217
5615,67,16,101,16,200
5616,82,16,68,16,182
5617,83,35,66,16,200
5618,65,35,66,16,182
5619,66,18,66,16,166
5620,68,33,67,16,184
5621,68,16,67,16,167
5622,68,33,133,17,251
5623,84,34,99,17,234
5625,65,18,99,17,199
5626,67,33,116,17,233
5627,84,34,99,18,235
5628,67,34,99,18,218
5629,85,32,133,17,267
5630,149,17,66,17,249
5631,83,34,84,15,216
5632,66,34,84,15,199
5633,117,33,100,17,267
5634,82,17,66,17,182
5635,66,17,66,17,166
5637,68,15,100,17,200
5638,84,15,117,18,234
5639,83,34,167,17,301
5640,83,17,167,17,284
5641,65,17,167,17,266
5642,50,17,167,17,251
5643,65,17,117,17,216
5644,67,34,83,17,201
5645,67,17,83,17,184
5646,83,18,99,16,216
5647,85,33,66,16,200
5648,117,17,116,18,268
5650,83,17,116,18,234
5651,67,17,116,18,218
5652,66,33,83,18,200
5653,67,16,83,18,184
5654,66,33,100,17,216
5655,66,17,100,17,200
5656,83,17,99,18,217
5659,85,32,51,15,183
5661,51,32,51,15,149
5663,67,16,84,17,184
5664,65,33,135,16,249
5666,51,15,135,16,217
5667,66,17,67,16,166
5668,84,17,134,16,251
5669,66,17,134,16,233
5671,84,34,100,16,234
5673,84,34,98,18,234
5674,67,34,98,18,217
5675,50,34,98,18,200
5677,52,33,65,18,168
5678,67,33,165,18,283
5679,67,17,165,18,267
5680,116,15,67,18,216
5682,65,33,67,18,183
5684,65,35,83,16,199
5686,51,17,83,16,167
5687,82,33,167,18,300
5689,199,18,50,17,284
5690,83,16,68,15,182
5691,165,18,50,17,250
5692,135,33,50,17,235
5693,49,33,184,17,283
5695,66,18,65,18,167
5697,67,18,50,17,152
5698,50,18,50,17,135
5700,65,35,99,16,215
5701,68,17,99,16,200
5702,50,17,99,16,182
5703,117,33,50,16,216
5706,66,33,50,16,165
5707,52,33,50,16,151
5708,67,34,99,18,218
5710,67,32,85,16,200
5711,52,32,85,16,185
5712,50,16,85,16,167
5715,67,16,68,14,165
5716,67,34,99,17,217
5717,68,16,99,17,200
5718,52,16,99,17,184
5721,149,34,100,15,298
5723,82,34,67,15,198
5724,65,34,67,15,181
5726,84,17,100,15,216
5727,68,17,100,15,200
5728,68,33,67,15,183
5730,67,34,100,16,217
5731,100,17,67,16,200
5733,67,17,67,16,167
5734,100,34,131,19,284
5736,66,34,131,19,250
5737,67,17,131,19,234
5739,68,16,67,16,167
5741,116,32,183,18,349
5742,65,34,134,17,250
5743,83,32,183,18,316
5744,67,32,183,18,300
5745,117,32,133,16,298
5747,68,17,99,15,199
5748,51,17,99,15,182
5749,52,32,133,16,233
5750,52,16,133,16,217
5751,83,33,100,17,233
5752,66,33,100,17,216
5753,83,32,85,16,216
5754,67,32,85,16,200
5755,99,18,51,16,184
5758,66,34,99,18,217
5759,85,33,66,18,202
5760,68,33,66,18,185
5761,69,16,66,18,169
5762,51,16,66,18,151
5763,51,34,65,18,168
5765,133,17,67,15,232
5766,117,17,67,15,216
5767,100,17,67,15,199
5769,68,17,67,15,167
5770,51,17,67,15,150
5771,65,18,66,17,166
5772,68,34,65,18,185
5773,84,32,66,18,200
5774,67,32,66,18,183
5775,52,32,66,18,168
5776,66,33,68,16,183
5777,67,16,68,16,167
5778,116,17,133,16,282
5779,68,15,67,16,166
5781,67,17,133,16,233
5782,51,17,133,16,217
5783,50,32,101,16,199
5784,67,35,98,19,219
5785,65,19,98,19,201
5786,99,34,66,17,216
5788,67,34,66,17,184
5789,85,32,51,19,187
5790,98,34,67,17,216
5791,117,36,230,17,400
5793,101,19,230,17,367
5794,83,19,230,17,349
5795,101,16,66,18,201
5796,167,35,65,17,284
5797,51,31,66,18,166
5798,102,31,67,16,216
5799,151,32,66,17,266
5803,67,17,65,17,166
5804,82,16,66,17,181
5805,66,16,66,17,165
5806,67,33,100,18,218
5807,82,33,85,16,216
5809,66,16,85,16,183
5813,67,16,85,16,184
5814,67,34,133,18,252
5815,50,34,133,18,235
5816,67,32,101,18,218
5817,50,32,101,18,201
5819,133,16,68,15,232
5820,51,16,201,15,283
5821,85,32,68,15,200
5825,117,33,99,17,266
5826,66,34,67,15,182
5827,66,18,67,15,166
5828,101,34,65,17,217
5832,82,17,101,16,216
5833,67,17,101,16,201
5834,82,17,68,16,183
5835,66,17,68,16,167
5836,133,32,67,17,249
5838,50,18,65,17,150
5840,100,35,64,20,219
5841,150,32,184,18,384
5842,65,35,64,20,184
5844,99,32,184,18,333
5847,50,32,184,18,284
5848,64,35,67,17,183
5849,69,15,67,17,168
5850,52,15,67,17,151
5852,85,17,199,17,318
5853,82,32,68,16,198
5854,67,32,68,16,183
5855,69,15,68,16,168
5856,83,17,133,17,250
5857,133,17,66,17,233
5859,83,33,66,17,199
5860,68,33,66,17,184
5862,99,34,100,18,251
5863,67,16,51,16,150
5864,65,34,100,18,217
5865,68,15,100,18,201
5866,66,33,167,18,284
5867,67,16,167,18,268
5868,85,15,119,15,234
5869,66,15,119,15,215
5870,84,16,85,15,200
5871,101,17,65,18,201
5872,85,17,65,18,185
5873,67,17,65,18,167
5874,52,17,65,18,152
5875,51,32,67,16,166
5876,85,15,67,16,183
5877,82,34,117,16,249
5880,83,17,132,17,249
5881,82,33,51,16,182
5882,100,33,66,17,216
5884,83,16,66,17,182
5885,83,34,67,17,201
5887,68,16,67,17,168
5888,84,15,185,17,301
5890,66,35,150,17,268
5892,84,15,118,17,234
5895,100,17,99,18,234
5896,68,31,99,18,216
5897,133,17,65,17,232
5898,67,34,167,15,283
5899,67,16,167,15,265
5900,82,17,65,17,181
5901,103,13,51,18,185
5902,133,35,234,17,419
5903,68,13,51,18,150
5904,83,16,102,15,216
5906,100,33,68,16,217
5908,102,34,66,17,219
5909,118,34,66,15,233
5910,102,34,66,15,217
5911,85,34,66,15,200
5915,53,32,66,18,169
5916,66,34,99,16,215
5917,51,34,99,16,200
5918,66,32,67,16,181
5919,50,32,67,16,165
5920,66,35,98,18,217
5921,67,17,98,18,200
5922,84,15,200,17,316
5923,52,32,200,17,301
5924,100,33,52,15,200
5925,82,33,52,15,182
5927,66,15,52,15,148
5928,84,15,134,18,251
5930,66,34,168,16,284
5931,99,17,84,15,215
5932,84,17,84,15,200
5934,68,33,51,15,167
5935,65,17,51,15,148
5937,67,16,300,17,400
5939,68,15,66,18,167
5941,67,17,67,15,166
5942,68,31,69,16,184
5943,66,15,69,16,166
5944,168,33,66,17,284
5945,99,18,66,17,200
5946,67,33,66,17,183
5947,66,18,66,17,167
5948,51,18,66,17,152
5949,67,17,83,16,183
5950,83,16,66,17,182
5951,68,16,66,17,167
5953,50,34,66,19,169
5954,67,32,118,16,233
5955,66,16,118,16,216
5956,66,34,100,16,216
5958,66,32,68,16,182
5960,53,13,68,16,150
5962,67,33,65,17,182
5963,198,15,67,16,296
5965,51,33,67,17,168
5966,66,32,52,15,165
5967,81,35,82,17,215
5970,67,32,67,16,182
5971,68,15,67,16,166
5972,106,28,102,16,252
5973,89,28,102,16,235
5974,82,17,102,16,217
5975,65,17,102,16,200
5977,84,34,97,19,234
5978,97,33,64,19,213
5979,69,17,97,19,202
5980,52,17,97,19,185
5981,53,33,64,19,169
5982,67,33,133,17,250
5983,66,17,133,17,233
5984,82,15,68,18,183
5988,83,16,51,17,167
5990,52,16,51,17,136
5991,83,34,82,17,216
5992,84,17,82,17,200
5995,83,33,66,17,199
5998,-100120,0,0,0,-100120
