序号,发送->接收,接收->转发,转发->接收,接收->处理,总计
2,61,34,101,18,214
3,101,16,99,18,234
4,100,33,66,18,217
5,116,35,67,14,232
7,66,16,66,18,166
8,66,35,67,14,182
9,67,17,67,14,165
11,100,18,101,16,235
12,84,18,101,16,219
13,84,32,85,14,215
14,67,32,85,14,198
16,102,35,81,19,237
17,119,30,70,16,235
20,85,14,70,16,185
21,69,14,70,16,169
22,51,14,70,16,151
23,83,36,181,16,316
24,64,36,181,16,297
25,100,17,66,16,199
26,51,19,181,16,267
27,67,17,66,16,166
30,64,35,98,18,215
31,99,17,65,18,199
33,66,17,65,18,166
35,115,34,203,13,365
36,65,33,54,13,165
39,67,16,203,13,299
40,67,33,84,19,203
41,70,13,84,19,186
42,54,13,84,19,170
43,49,35,68,15,167
44,68,34,134,15,251
45,64,18,134,15,231
46,69,34,67,13,183
47,66,19,67,13,165
48,68,39,125,17,249
49,91,28,66,15,200
50,73,28,66,15,182
52,80,20,64,17,181
53,65,20,64,17,166
55,52,33,64,17,166
56,66,31,101,15,213
57,152,33,52,16,253
58,64,33,68,15,180
59,66,16,68,15,165
61,84,33,52,16,185
64,51,17,52,16,136
66,66,35,81,16,198
67,85,31,66,18,200
68,52,16,81,16,165
70,66,34,134,17,251
71,113,35,84,15,247
73,64,16,102,17,199
74,66,35,84,15,200
75,82,33,51,15,181
76,117,17,150,15,299
77,101,17,150,15,283
78,52,16,51,15,134
80,67,32,100,18,217
81,117,32,132,17,298
83,84,32,132,17,265
86,67,33,99,17,216
87,69,15,99,17,200
89,200,16,85,14,315
90,51,15,134,17,217
91,148,34,85,14,281
92,83,16,68,17,184
94,83,17,101,18,219
95,100,16,85,14,215
97,68,16,85,14,183
100,85,16,100,16,217
101,67,16,100,16,199
102,51,16,100,16,183
103,68,14,68,16,166
106,100,34,133,18,285
107,82,34,133,18,267
108,84,18,133,18,253
109,67,18,133,18,236
110,51,18,133,18,220
111,100,17,68,18,203
112,66,33,68,18,185
115,135,14,101,17,267
117,68,17,65,18,168
118,86,14,101,17,218
119,68,14,101,17,200
120,63,33,68,17,181
121,82,34,51,16,183
123,81,34,166,18,299
127,67,16,83,16,182
128,51,16,83,16,166
129,67,17,65,17,166
130,83,16,67,18,184
131,66,16,67,18,167
132,83,16,135,16,250
133,82,34,101,16,233
135,83,37,97,17,234
136,67,37,97,17,218
137,68,19,97,17,201
138,52,19,97,17,185
140,88,13,86,14,201
141,70,13,86,14,183
142,64,33,101,16,214
143,165,20,67,16,268
144,102,32,50,16,200
146,68,32,50,16,166
151,64,16,51,17,148
152,50,16,51,17,134
153,52,35,67,15,169
154,83,17,65,19,184
156,68,34,116,17,235
157,52,34,116,17,219
158,117,13,53,17,200
159,101,13,53,17,184
161,68,13,53,17,151
162,63,37,65,16,181
163,68,17,65,16,166
164,85,17,67,15,184
165,66,17,67,15,165
166,53,17,67,15,152
167,64,18,87,10,179
169,84,32,65,22,203
170,99,30,57,11,197
171,85,30,57,11,183
172,67,30,57,11,165
173,81,35,136,16,268
175,47,35,136,16,234
176,52,13,136,16,217
177,67,11,71,15,164
181,82,32,65,18,197
182,71,32,65,18,186
183,84,32,65,18,199
185,99,17,133,17,266
186,64,33,133,17,247
189,67,14,101,17,199
190,83,18,116,16,233
191,119,31,67,17,234
192,84,18,82,16,200
193,84,31,67,17,199
194,70,31,67,17,185
196,65,36,65,18,184
198,82,16,52,16,166
199,84,34,65,20,203
201,84,34,67,16,201
203,68,16,67,16,167
204,52,16,67,16,151
205,102,16,121,11,250
206,65,36,121,11,233
207,67,16,121,11,215
208,51,16,121,11,199
209,52,33,68,20,173
210,52,17,68,20,157
211,66,18,53,11,148
212,68,33,64,16,181
214,68,31,67,18,184
216,53,11,67,18,149
220,67,32,67,17,183
221,102,14,135,15,266
223,102,15,102,15,234
224,52,14,135,15,216
225,66,15,102,15,198
226,103,33,68,35,239
228,69,33,68,35,205
229,84,33,70,6,193
231,52,33,70,6,161
232,66,35,58,15,174
234,103,23,70,14,210
235,87,23,70,14,194
237,114,34,145,17,310
239,72,21,145,17,255
241,70,30,51,16,167
242,55,30,51,16,152
243,64,34,81,17,196
245,64,33,65,19,181
246,67,16,65,19,167
247,51,16,65,19,151
249,117,17,97,20,251
251,84,17,97,20,218
254,53,31,135,16,235
255,52,15,135,16,218
256,65,36,82,16,199
257,84,13,69,16,182
258,134,16,83,16,249
260,69,16,66,17,168
263,69,33,66,16,184
264,65,17,66,16,164
265,66,32,85,17,200
267,65,34,68,17,184
269,66,35,64,19,184
270,84,33,64,20,201
271,85,17,64,20,186
272,67,17,64,20,168
274,52,31,68,17,168
277,64,35,84,16,199
278,67,15,84,16,182
280,66,16,100,18,200
281,52,16,100,18,186
282,81,34,63,19,197
283,84,16,63,19,182
284,67,16,63,19,165
285,51,16,63,19,149
289,82,20,147,18,267
290,65,20,147,18,250
293,54,16,67,16,153
294,83,35,216,16,350
295,81,17,216,16,330
296,66,17,216,16,315
297,67,33,101,17,218
298,51,33,101,17,202
299,68,34,84,15,201
301,84,15,52,15,166
302,102,16,150,16,284
303,118,15,100,18,251
306,67,15,100,18,200
309,66,32,52,16,166
310,81,34,167,16,298
311,66,34,167,16,283
312,49,34,167,16,266
313,66,34,100,16,216
314,68,16,100,16,200
315,84,19,65,16,184
318,51,31,67,16,165
319,83,17,84,16,200
320,67,17,84,16,184
321,65,33,67,17,182
322,117,33,82,18,250
324,84,33,82,18,217
325,84,16,82,18,200
326,116,34,101,17,268
327,133,34,67,17,251
328,83,34,101,17,235
329,83,16,101,17,217
331,66,34,67,17,184
333,101,34,83,16,234
334,83,34,83,16,216
335,67,34,83,16,200
337,132,34,51,16,233
339,99,34,51,16,200
343,85,17,66,16,184
344,101,16,66,16,199
345,69,32,66,16,183
346,67,16,66,16,165
347,101,32,101,16,250
348,65,18,67,16,166
350,82,35,66,16,199
351,66,35,66,16,183
354,67,17,100,15,199
355,51,17,100,15,183
358,83,34,116,16,249
360,66,17,116,16,215
362,51,32,84,16,183
365,65,34,99,19,217
366,50,34,99,19,202
367,117,18,100,15,250
369,102,31,119,16,268
372,51,31,119,16,217
373,85,16,167,17,285
374,68,16,167,17,268
375,82,18,66,16,182
376,66,18,66,16,166
377,69,31,69,17,186
378,65,16,69,17,167
381,66,34,65,18,183
382,51,34,65,18,168
385,117,17,99,17,250
386,68,15,101,17,201
390,65,18,133,14,230
393,83,16,100,17,216
394,84,33,67,17,201
397,50,16,67,17,150
398,97,19,100,18,234
401,84,17,66,18,185
402,84,33,51,16,184
403,67,33,51,16,167
404,70,16,51,16,153
405,51,16,51,16,134
406,83,34,65,17,199
407,66,34,65,17,182
409,51,16,65,17,149
410,51,32,134,17,234
412,66,15,101,17,199
413,99,35,65,18,217
415,85,17,65,18,185
416,133,16,99,17,265
417,52,17,65,18,152
418,135,16,117,17,285
419,84,16,99,17,216
420,66,16,99,17,198
421,65,34,117,17,233
422,101,18,83,17,219
424,84,31,69,15,199
425,84,15,69,15,183
427,50,15,69,15,149
429,83,17,167,16,283
430,67,17,167,16,267
431,69,33,65,18,185
433,67,32,51,16,166
434,82,33,69,16,200
435,65,33,69,16,183
437,65,34,51,17,167
438,68,16,51,17,152
439,51,16,51,17,135
442,67,17,98,17,199
444,51,33,65,17,166
445,182,16,101,17,316
446,83,32,250,17,382
447,66,32,250,17,365
448,50,32,250,17,349
450,65,17,100,18,200
451,83,16,101,17,217
453,51,16,101,17,185
456,67,16,51,16,150
457,85,16,217,17,335
460,67,16,101,15,199
461,84,17,67,15,183
462,98,17,101,17,233
463,82,17,101,17,217
464,82,35,66,17,200
467,67,32,51,17,167
468,52,32,51,17,152
469,84,17,82,17,200
470,68,17,82,17,184
471,66,34,65,17,182
472,51,34,65,17,167
473,150,17,100,16,283
474,51,32,67,16,166
475,66,33,68,16,183
476,99,17,100,16,232
477,65,34,100,16,215
478,83,34,265,17,399
479,67,34,265,17,383
480,85,33,99,18,235
482,67,17,99,18,201
483,67,33,100,17,217
484,51,33,100,17,201
485,116,16,51,17,200
486,66,18,66,17,167
488,83,34,84,15,216
490,84,34,65,17,200
492,67,17,65,17,166
493,68,33,133,17,251
494,50,33,133,17,233
495,67,32,101,17,217
497,99,34,83,15,231
499,66,34,83,15,198
500,66,17,83,15,181
502,84,32,52,17,185
503,67,32,52,17,168
504,67,15,52,17,151
506,67,15,101,17,200
508,67,17,65,17,166
509,52,17,65,17,151
511,51,16,136,15,218
514,67,17,100,17,201
515,68,33,101,16,218
516,119,32,67,17,235
517,83,19,99,17,218
518,66,19,99,17,201
519,68,32,67,17,184
523,99,34,65,17,215
524,51,33,99,17,200
525,149,17,67,18,251
526,84,33,65,17,199
527,67,33,65,17,182
528,66,18,65,17,166
529,166,34,67,15,282
531,65,33,68,17,183
532,50,33,68,17,168
533,65,34,133,17,249
534,67,17,133,17,234
536,68,16,67,15,166
538,51,34,149,18,252
539,85,16,84,15,200
541,67,32,52,15,166
542,50,32,52,15,149
544,65,16,169,16,266
545,65,34,83,16,198
546,151,32,52,15,250
548,67,18,116,15,216
552,66,16,52,15,149
553,64,36,66,15,181
554,84,31,86,15,216
555,68,31,86,15,200
556,68,15,86,15,184
558,84,33,66,17,200
559,99,33,116,17,265
560,65,18,66,17,166
563,149,18,99,17,283
565,100,34,99,17,250
566,131,17,67,17,232
567,67,34,99,17,217
568,82,32,67,17,198
569,68,32,67,17,184
570,83,34,66,17,200
571,66,34,66,17,183
574,117,33,84,18,252
575,67,33,68,15,183
576,51,33,68,15,167
577,66,33,84,18,201
578,82,35,98,17,232
579,66,35,98,17,216
581,68,33,116,17,234
582,51,33,116,17,217
583,68,34,66,16,184
584,84,31,135,17,267
587,82,18,100,17,217
588,66,18,100,17,201
589,66,33,67,17,183
590,65,17,67,17,166
591,101,34,65,17,217
594,68,16,65,17,166
595,67,32,134,16,249
596,52,32,134,16,234
597,99,35,66,16,216
598,81,35,66,16,198
599,82,18,66,16,182
600,98,19,83,16,216
601,68,34,83,16,201
603,168,34,116,16,334
604,52,32,67,16,167
605,100,33,82,17,232
606,85,33,82,17,217
607,99,34,116,16,265
608,84,34,116,16,250
609,67,34,116,16,233
610,85,33,99,17,234
612,50,33,99,17,199
613,82,17,67,17,183
614,66,17,67,17,167
615,132,33,135,16,316
616,67,16,85,15,183
619,67,33,135,16,251
620,83,33,102,16,234
622,67,15,102,16,200
624,67,18,165,18,268
626,51,32,66,16,165
627,102,32,67,18,219
628,84,32,67,18,201
630,51,32,67,18,168
631,66,33,100,18,217
632,117,51,82,18,268
633,65,34,133,18,250
636,102,15,151,16,284
638,83,34,67,16,200
639,84,16,67,16,183
640,66,16,67,16,165
641,55,16,67,16,154
642,82,34,66,18,200
643,85,16,66,18,185
645,83,16,119,15,233
646,65,16,119,15,215
647,66,34,234,17,351
649,66,34,133,17,250
650,135,15,134,17,301
653,85,15,134,17,251
655,51,15,134,17,217
656,65,16,101,17,199
658,65,17,84,16,182
660,67,16,150,17,250
661,85,16,65,18,184
662,68,16,65,18,167
666,81,36,65,16,198
667,65,36,65,16,182
668,66,18,65,16,165
669,83,17,67,15,182
672,83,34,67,17,201
674,135,16,83,17,251
676,51,33,234,17,335
677,135,33,133,17,318
678,85,34,98,18,235
679,67,34,98,18,217
680,69,17,98,18,202
684,66,17,50,17,150
686,83,35,133,15,266
687,83,17,133,15,248
688,67,17,133,15,232
690,134,17,83,18,252
691,68,33,67,15,183
692,67,16,67,15,165
693,50,16,67,15,148
694,67,17,83,18,185
695,66,34,67,16,183
698,51,33,133,17,234
699,101,32,84,17,234
700,85,32,84,17,218
701,67,32,84,17,200
702,52,32,84,17,185
703,115,18,101,15,249
705,99,34,167,13,313
707,67,34,167,13,281
708,51,34,167,13,265
709,68,32,101,16,217
710,84,35,100,13,232
714,66,18,67,13,164
717,66,34,67,16,183
718,51,34,67,16,168
719,67,32,101,16,216
720,50,32,101,16,199
721,66,35,66,16,183
722,151,32,83,17,283
723,67,31,67,18,183
724,104,16,132,17,269
725,66,35,132,17,250
726,84,32,83,17,216
728,66,16,83,17,182
729,67,34,66,17,184
730,66,16,66,17,165
731,66,33,100,18,217
732,50,33,100,18,201
734,82,34,133,17,266
735,66,34,133,17,250
737,83,17,100,17,217
738,67,17,100,17,201
739,150,17,66,18,251
741,84,15,51,17,167
742,68,15,51,17,151
743,83,17,66,18,184
744,65,17,66,18,166
745,67,34,66,18,185
746,83,32,102,16,233
747,68,32,102,16,218
748,101,16,134,17,268
749,84,16,134,17,251
751,66,34,82,18,200
753,85,17,66,17,185
754,84,31,52,15,182
755,84,15,52,15,166
757,65,35,99,16,215
758,83,32,67,16,198
759,83,15,67,16,181
760,50,32,67,16,165
761,52,15,67,16,150
762,84,33,134,18,269
764,98,18,335,16,467
766,66,18,335,16,435
768,51,33,67,18,169
769,67,34,115,18,234
770,85,33,118,15,251
771,67,33,118,15,233
772,51,33,118,15,217
774,83,33,133,17,266
776,65,17,133,17,232
777,66,34,99,17,216
778,82,33,102,16,233
779,67,33,102,16,218
780,69,15,102,16,202
783,67,32,117,18,234
784,65,16,117,18,216
785,66,36,81,18,201
786,85,32,67,17,201
787,68,32,67,17,184
788,52,32,67,17,168
789,52,16,67,17,152
790,84,34,67,16,201
791,81,18,67,16,182
793,67,33,66,17,183
794,84,34,65,18,201
795,67,34,65,18,184
796,85,32,67,17,201
797,83,16,67,17,183
798,66,16,67,17,166
800,66,16,167,17,266
801,65,34,67,17,183
803,67,34,66,16,183
804,84,33,83,17,217
805,68,33,83,17,201
806,83,33,101,15,232
808,50,33,101,15,199
809,66,33,68,15,182
810,50,33,68,15,166
812,66,17,100,17,200
814,67,18,66,17,168
816,83,34,134,16,267
817,100,32,67,18,217
818,67,17,134,16,234
819,66,32,67,18,183
820,51,32,67,18,168
822,67,17,67,16,167
823,67,32,133,17,249
825,102,33,65,17,217
826,67,17,148,18,250
827,50,17,148,18,233
828,101,17,81,18,217
830,67,17,81,18,183
831,67,31,68,17,183
832,65,17,68,17,167
833,65,35,65,17,182
836,67,18,66,17,168
837,100,34,53,13,200
839,65,34,53,13,165
840,67,17,53,13,150
843,68,32,67,17,184
844,70,13,67,17,167
845,84,17,183,16,300
847,67,32,100,18,217
848,65,15,100,18,198
850,66,18,65,18,167
851,84,15,70,14,183
852,67,15,70,14,166
854,67,16,200,17,300
855,83,19,63,17,182
858,53,30,99,18,200
859,51,16,99,18,184
860,118,30,202,20,370
861,80,19,98,16,213
862,66,19,98,16,199
863,69,30,202,20,321
864,50,30,202,20,302
866,67,16,50,18,151
867,64,34,134,20,252
868,67,17,134,20,238
870,50,34,66,17,167
871,68,32,88,15,203
872,51,32,88,15,186
873,117,17,67,15,216
875,83,17,67,15,182
876,68,17,67,15,167
877,51,17,67,15,150
879,133,33,51,16,233
881,82,17,84,16,199
883,64,33,51,16,164
885,116,16,66,18,216
887,117,17,66,17,217
888,100,17,66,17,200
889,51,16,66,18,151
891,67,32,117,17,233
893,66,34,83,17,200
894,67,16,83,17,183
897,68,33,66,17,184
898,50,33,66,17,166
902,99,19,65,17,200
903,66,36,65,17,184
904,67,19,65,17,168
905,83,17,51,18,169
906,65,17,51,18,151
908,66,18,86,16,186
913,86,16,66,14,182
914,69,16,66,14,165
915,51,16,66,14,147
916,83,34,133,16,266
917,134,34,148,18,334
921,66,34,148,18,266
922,66,17,148,18,249
923,66,34,114,18,232
925,68,33,131,18,250
926,84,33,98,18,233
927,67,33,98,18,216
928,51,33,98,18,200
929,66,32,66,18,182
930,65,17,66,18,166
931,99,32,69,16,216
932,65,18,251,17,351
935,51,15,69,16,151
936,135,16,52,16,219
939,69,32,52,16,169
940,51,32,52,16,151
942,68,17,100,19,204
944,68,16,67,19,170
945,118,17,98,20,253
946,100,17,98,20,235
948,66,17,98,20,201
949,86,14,151,13,264
950,69,14,151,13,247
951,54,14,151,13,232
954,64,15,135,17,231
955,85,12,54,13,164
956,70,12,54,13,149
957,100,32,69,15,216
958,65,17,68,17,167
960,132,16,100,16,264
962,85,33,100,16,234
963,68,33,100,16,217
964,97,20,65,16,198
965,53,16,100,16,185
966,96,20,130,18,264
967,81,20,130,18,249
968,64,20,130,18,232
969,68,32,83,15,198
970,53,32,83,15,183
971,65,32,66,18,181
973,115,15,67,19,216
974,97,15,67,19,198
978,67,16,102,14,199
980,67,15,100,17,199
983,84,18,66,15,183
984,84,31,120,14,249
986,116,32,119,17,284
989,66,32,119,17,234
990,100,18,85,17,220
991,101,33,69,16,219
992,66,18,85,17,186
993,66,33,69,16,184
994,70,14,69,16,169
995,84,18,83,16,201
996,86,34,65,15,200
999,99,35,83,16,233
1001,83,16,83,16,198
1002,66,16,83,16,181
1003,97,33,52,16,198
1005,67,33,52,16,168
1006,65,16,52,16,149
1007,65,34,100,18,217
1008,84,34,66,18,202
1010,68,16,66,18,168
1012,67,18,97,18,200
1013,51,18,97,18,184
1014,65,17,66,18,166
1015,66,35,98,18,217
1016,84,31,119,17,251
1017,66,31,119,17,233
1018,52,31,119,17,219
1019,66,35,68,16,185
1020,100,15,52,17,184
1022,68,15,52,17,152
1023,52,15,52,17,136
1024,85,33,65,17,200
1025,84,17,65,17,183
1026,67,17,65,17,166
1027,52,17,65,17,151
1028,82,34,167,17,300
1029,83,15,167,17,282
1030,67,15,167,17,266
1031,82,16,66,18,182
1032,51,33,66,18,168
1033,51,16,66,18,151
1034,67,17,64,18,166
1035,117,16,134,16,283
1036,52,30,68,17,167
1037,66,34,134,16,250
1038,81,34,100,16,231
1039,82,16,100,16,214
1040,135,15,66,19,235
1041,68,33,67,16,184
1042,101,15,66,19,201
1043,51,16,67,16,150
1046,99,16,53,15,183
1048,100,15,102,17,234
1049,85,15,102,17,219
1051,51,15,102,17,185
1052,69,15,68,17,169
1053,86,14,135,16,251
1054,81,36,66,15,198
1055,66,36,66,15,183
1056,83,33,232,16,364
1057,68,33,232,16,349
1061,66,33,68,15,182
1062,64,18,68,15,165
1064,66,17,100,15,198
1066,68,18,65,15,166
1068,67,17,100,17,201
1069,83,17,201,15,316
1070,66,17,201,15,299
1071,65,33,83,17,198
1072,83,34,66,16,199
1074,50,34,66,16,166
1075,99,34,133,19,285
1076,153,33,167,16,369
1078,67,17,133,19,236
1079,101,33,167,16,317
1080,84,33,167,16,300
1082,67,18,167,16,268
1083,99,34,69,14,216
1084,52,31,53,16,152
1085,64,34,69,14,181
1086,83,35,67,16,201
1087,65,35,67,16,183
1088,69,16,67,16,168
1090,69,17,65,16,167
1094,149,33,100,16,298
1095,97,35,84,15,231
1096,51,32,101,18,202
1098,83,33,100,16,232
1101,51,17,100,16,184
1102,83,33,119,16,251
1103,133,33,134,15,315
1104,68,15,119,16,218
1105,51,15,119,16,201
1106,65,18,133,17,233
1107,67,33,134,15,249
1108,65,17,134,15,231
1109,67,34,66,17,184
1110,70,15,66,17,168
1113,83,17,83,18,201
1114,81,34,130,19,264
1115,83,17,130,19,249
1116,82,32,68,15,197
1117,66,32,68,15,181
1119,83,18,63,19,183
1120,84,33,65,18,200
1121,67,33,65,18,183
1122,52,33,65,18,168
1123,51,17,65,18,151
1124,116,35,99,16,266
1125,63,35,201,17,316
1126,66,16,201,17,300
1128,68,17,99,16,200
1129,70,32,168,16,286
1130,67,16,168,16,267
1133,66,33,133,19,251
1134,66,17,133,19,235
1135,168,32,67,18,285
1137,68,32,66,19,185
1139,67,34,51,15,167
1140,85,32,67,18,202
1142,51,32,67,18,168
1143,85,15,66,17,183
1144,68,15,66,17,166
1145,51,15,66,17,149
1146,133,16,135,17,301
1147,85,15,101,16,217
1154,100,17,133,17,267
1157,151,15,84,16,266
1158,51,34,83,16,184
1159,67,33,132,18,250
1160,68,16,132,18,234
1161,51,16,132,18,217
1164,66,16,66,18,166
1168,66,16,51,16,149
1171,66,34,135,17,252
1173,51,16,135,17,219
1176,151,32,134,16,333
1177,52,15,166,19,252
1178,118,32,134,16,300
1179,50,16,99,17,182
1180,65,18,117,15,215
1182,67,15,134,16,232
1183,87,12,52,15,166
1185,65,33,68,16,182
1187,85,15,68,15,183
1189,135,32,118,16,301
1191,68,34,66,16,184
1192,65,18,66,16,165
1193,83,17,118,16,234
1195,100,33,67,17,217
1196,84,33,67,17,201
1197,82,17,67,17,183
1198,67,17,67,17,168
1199,67,34,250,15,366
1201,67,33,83,16,199
1202,68,16,83,16,183
1203,51,16,83,16,166
1204,67,15,85,16,183
1205,50,15,85,16,166
1206,115,34,84,15,248
1208,66,16,85,16,183
1209,67,34,84,15,200
1210,49,34,84,15,182
1211,51,16,84,15,166
1213,150,17,84,16,267
1216,99,17,84,16,216
1217,101,34,66,18,219
1218,82,34,66,18,200
1219,83,17,66,18,184
1220,115,34,85,16,250
1221,68,32,52,16,168
1223,84,16,85,16,201
1224,67,16,85,16,184
1225,66,34,67,16,183
1226,67,16,67,16,166
1228,101,16,66,17,200
1229,85,16,66,17,184
1230,83,33,66,18,200
1231,100,33,51,15,199
1232,51,33,66,18,168
1233,83,17,51,15,166
1235,83,16,84,17,200
1236,50,33,84,17,184
1239,51,15,118,16,200
1240,67,16,100,17,200
1242,66,17,98,18,199
1243,51,17,98,18,184
1244,50,33,117,17,217
1245,100,32,69,15,216
1246,67,16,84,17,184
1247,66,32,69,15,182
1249,65,36,81,18,200
1250,66,18,81,18,183
1251,84,17,66,16,183
1252,67,17,66,16,166
1253,69,32,68,17,186
1257,66,34,64,18,182
1258,51,34,64,18,167
1259,68,33,66,16,183
1260,52,33,66,16,167
1263,99,33,51,17,200
1264,82,33,51,17,183
1265,82,17,51,17,167
1266,65,17,51,17,150
1267,119,17,83,15,234
1268,68,16,117,15,216
1269,67,34,83,15,199
1270,68,17,83,15,183
1273,82,17,101,16,216
1274,82,33,68,16,199
1277,65,35,100,15,215
1278,85,33,67,15,200
1281,52,16,67,15,150
1283,100,33,67,17,217
1284,83,33,67,17,200
1285,67,33,67,17,184
1286,100,18,67,16,201
1287,83,18,67,16,184
1288,84,33,99,17,233
1289,67,33,99,17,216
1293,67,33,65,17,182
1297,65,33,68,17,183
1298,66,16,68,17,167
1299,65,34,101,15,215
1300,83,34,67,15,199
1301,67,34,67,15,183
1302,50,34,67,15,166
1303,68,32,217,18,335
1304,51,32,217,18,318
1306,66,18,67,15,166
1307,115,19,65,18,217
1309,66,36,65,18,185
1310,66,19,65,18,168
1311,99,33,50,18,200
1316,68,15,67,17,167
1317,51,15,67,17,150
1318,66,18,183,15,282
1319,200,34,184,16,434
1322,101,15,51,17,184
1323,115,17,134,15,281
1325,51,15,51,17,134
1327,84,17,184,16,301
1328,66,17,184,16,283
1330,51,32,68,15,166
1331,84,17,66,17,184
1332,117,33,134,17,301
1335,68,33,134,17,252
1336,134,16,67,17,234
1337,83,16,101,17,217
1338,66,16,101,17,200
1339,84,16,67,17,184
1340,69,16,67,17,169
1341,51,16,67,17,151
1343,50,18,66,17,151
1344,83,33,185,17,318
1346,101,15,153,17,286
1347,66,32,153,17,268
1348,63,15,153,17,248
1349,99,34,65,20,218
1350,82,34,65,20,201
1352,66,17,65,20,168
1354,68,15,53,17,153
1355,51,15,53,17,136
1356,82,37,65,16,200
1357,183,18,82,16,299
1359,70,33,132,16,251
1360,54,33,132,16,235
1361,53,17,132,16,218
1362,82,34,82,16,214
1364,65,18,82,16,181
1366,101,17,83,17,218
1367,100,32,101,18,251
1368,67,17,83,17,184
1369,66,32,101,18,217
1371,51,16,101,18,186
1373,67,33,67,15,182
1374,67,17,67,15,166
1375,68,33,166,18,285
1376,102,16,65,18,201
1378,68,16,65,18,167
1379,51,16,65,18,150
1380,51,32,100,18,201
1381,66,33,67,18,184
1382,81,35,132,16,264
1384,117,34,66,16,233
1385,68,32,100,16,216
1386,65,17,100,16,198
1388,83,32,102,16,233
1389,66,32,102,16,216
1391,66,34,200,18,318
1392,66,16,200,18,300
1393,66,34,100,16,216
1394,83,34,66,16,199
1395,68,34,66,16,184
1396,66,18,66,16,166
1397,50,18,66,16,150
1398,68,17,83,16,184
1399,50,17,83,16,166
1400,51,33,117,18,219
1402,100,16,51,18,185
1403,83,16,51,18,168
1405,101,34,64,17,216
1407,68,34,64,17,183
1408,51,34,64,17,166
1409,117,16,50,17,200
1410,51,31,67,16,165
1411,115,17,100,18,250
1412,66,16,50,17,149
1413,64,34,100,18,216
1414,99,17,168,15,299
1415,150,17,84,17,268
1416,66,17,168,15,266
1418,68,16,66,16,166
1419,51,16,66,16,149
1421,67,33,68,15,183
1422,67,15,68,15,165
1423,51,15,68,15,149
1424,118,34,64,17,233
1428,86,31,68,16,201
1429,69,31,68,16,184
1430,51,31,68,16,166
1431,98,35,116,20,269
1432,83,35,116,20,254
1433,64,35,116,20,235
1434,84,34,216,17,351
1436,51,34,216,17,318
1438,85,32,66,17,200
1440,66,17,66,17,166
1441,82,20,63,17,182
1442,67,20,63,17,167
1443,83,15,85,17,200
1444,68,15,85,17,185
1446,100,17,66,18,201
1447,97,34,232,17,380
1448,66,17,66,18,167
1449,102,32,67,16,217
1451,68,32,67,16,183
1453,66,33,118,16,233
1454,132,17,100,17,266
1455,65,34,100,16,215
1456,65,18,100,16,199
1457,83,17,100,17,217
1460,51,34,167,17,269
1461,67,33,66,17,183
1462,84,33,151,17,285
1464,66,17,151,17,251
1465,83,16,118,17,234
1469,50,18,333,17,418
1471,68,32,52,16,168
1475,67,33,66,17,183
1477,84,16,51,17,168
1478,100,16,84,16,216
1480,99,17,100,17,233
1481,83,17,100,17,217
1482,84,33,100,17,234
1483,51,17,100,17,185
1484,83,33,100,16,232
1487,66,34,166,16,282
1488,84,33,133,16,266
1489,67,33,133,16,249
1490,67,16,133,16,232
1491,51,16,133,16,216
1492,83,34,100,16,233
1493,82,18,100,16,216
1494,65,18,100,16,199
1495,101,32,100,15,248
1496,84,32,100,15,231
1497,134,33,66,18,251
1499,66,34,99,18,217
1500,66,18,99,18,201
1501,66,33,66,18,183
1502,51,33,66,18,168
1503,50,17,66,18,151
1505,66,33,117,17,233
1507,84,16,83,17,200
1508,100,16,101,16,233
1509,133,34,84,15,266
1512,82,34,84,15,215
1513,66,34,84,15,199
1514,83,34,132,18,267
1515,67,34,132,18,251
1516,118,32,67,18,235
1518,51,33,150,15,249
1520,150,34,84,15,283
1521,65,34,84,15,198
1523,66,33,66,18,183
1524,82,34,84,15,215
1525,67,34,84,15,200
1526,84,32,52,15,183
1528,68,15,52,15,150
1529,66,35,199,16,316
1531,84,15,101,17,217
1533,52,15,101,17,185
1534,117,33,134,18,302
1535,116,17,134,18,285
1536,99,17,134,18,268
1538,66,17,134,18,235
1540,68,17,100,18,203
1542,83,30,103,17,233
1543,66,30,103,17,216
1544,79,38,65,17,199
1545,100,31,100,19,250
1546,67,18,65,17,167
1548,52,31,100,19,202
1549,56,13,100,19,188
1550,67,16,66,19,168
1552,64,18,67,16,165
1553,69,31,117,18,235
1554,82,36,81,18,217
1556,68,17,81,18,184
1557,67,33,66,17,183
1558,68,17,66,17,168
1560,82,34,65,19,200
1561,65,34,65,19,183
1563,66,33,67,17,183
1564,82,32,52,15,181
1565,99,35,83,16,233
1566,167,16,68,18,269
1568,67,16,83,16,182
1569,51,16,83,16,166
1570,67,15,101,18,201
1571,84,16,68,18,186
1572,65,16,68,18,167
1573,83,16,134,17,250
1576,102,15,67,17,201
1579,52,15,67,17,151
1582,82,33,68,16,199
1583,67,33,68,16,184
1585,66,34,84,16,200
1586,50,34,84,16,184
1590,52,32,67,18,169
1591,66,34,67,15,182
1592,68,16,67,15,166
1593,99,34,100,17,250
1596,67,16,100,17,200
1597,167,32,100,17,316
1600,66,17,65,18,166
1601,67,33,50,16,166
1603,67,32,100,17,216
1604,67,15,100,17,199
1606,100,18,82,16,216
1607,83,18,82,16,199
1608,66,18,82,16,182
1609,69,31,67,16,183
1611,117,16,151,16,300
1613,65,33,151,16,265
1615,83,19,63,19,184
1616,66,19,63,19,167
1617,84,18,64,18,184
1618,67,18,64,18,167
1619,98,35,66,17,216
1621,82,16,66,17,181
1623,82,16,134,16,248
1624,82,32,102,16,232
1625,69,32,102,16,219
1626,50,32,102,16,200
1629,68,32,84,17,201
1630,68,16,84,17,185
1632,85,32,67,18,202
1633,82,16,67,18,183
1634,82,35,66,16,199
1635,66,35,66,16,183
1636,68,17,66,16,167
1637,133,33,67,16,249
1639,67,34,82,18,201
1640,67,16,82,18,183
1641,66,33,67,16,182
1642,100,17,102,14,233
1643,67,33,102,14,216
1644,82,34,68,14,198
1645,82,18,68,14,182
1647,67,33,150,18,268
1648,101,18,148,17,284
1649,84,18,148,17,267
1653,66,37,65,15,183
1654,133,18,66,15,232
1655,68,30,50,17,165
1657,67,35,66,15,183
1658,85,32,67,16,200
1659,114,17,165,18,314
1660,52,32,67,16,167
1661,50,17,67,16,150
1662,183,33,134,16,366
1664,117,33,201,17,368
1665,83,17,84,15,199
1667,84,15,201,17,317
1668,69,15,201,17,302
1669,66,33,134,16,249
1670,50,33,134,16,233
1672,66,15,68,17,166
1674,66,17,66,16,165
1675,51,17,66,16,150
1677,68,33,151,16,268
1678,83,34,100,17,234
1679,100,33,84,16,233
1681,84,16,84,16,200
1683,82,16,53,16,167
1684,66,16,53,16,151
1685,64,36,100,17,217
1686,66,17,100,17,200
1689,69,33,67,15,184
1690,83,34,67,16,200
1692,215,34,67,17,333
1695,82,19,65,17,183
1696,84,33,66,17,200
1697,67,33,66,17,183
1698,66,17,66,17,166
1700,118,34,67,16,235
1701,65,34,67,17,183
1702,66,17,67,17,167
1703,66,34,67,16,183
1704,69,17,67,16,169
1705,51,17,67,16,151
1707,84,17,165,17,283
1708,50,34,165,17,266
1709,50,17,165,17,249
1710,51,32,67,17,167
1711,66,35,65,17,183
1712,84,32,66,17,199
1713,85,14,66,17,182
1714,116,33,161,3,313
1715,53,14,66,17,150
1716,51,33,83,18,185
1717,65,33,161,3,262
1718,114,34,93,3,244
1719,66,34,127,3,230
1720,66,17,127,3,213
1721,67,34,93,3,197
1722,84,33,135,15,267
1724,51,33,135,15,234
1726,111,3,103,18,235
1727,93,3,103,18,217
1728,77,3,103,18,201
1731,103,35,67,15,220
1732,51,31,51,18,151
1734,66,17,67,15,165
1737,51,18,149,17,235
1738,84,32,133,17,266
1739,67,32,133,17,249
1740,51,32,133,17,233
1741,65,33,184,17,299
1742,66,17,184,17,284
1743,65,34,134,16,249
1745,67,34,100,16,217
1746,68,17,100,16,201
1747,51,17,100,16,184
1748,100,16,135,15,266
1749,66,33,135,15,249
1751,82,18,83,17,200
1753,84,17,67,15,183
1754,84,34,67,15,200
1755,51,17,67,15,150
1756,51,34,67,15,167
1757,67,33,99,17,216
1758,67,17,99,17,200
1759,67,34,65,17,183
1760,51,34,65,17,167
1763,67,32,67,16,182
1764,84,34,91,9,218
1765,65,34,91,9,199
1766,50,34,91,9,184
1767,66,33,135,15,249
1768,185,34,64,18,301
1769,67,34,101,15,217
1770,66,18,101,15,200
1772,51,33,132,18,234
1774,152,31,69,24,276
1775,101,33,100,24,258
1777,68,33,100,24,225
1778,53,33,100,24,210
1779,83,15,69,24,191
1781,82,17,167,17,283
1782,99,19,83,15,216
1783,66,34,83,15,198
1785,69,33,65,17,184
1786,134,15,52,22,223
1787,58,9,65,17,149
1789,83,15,52,22,172
1791,65,35,65,17,182
1793,68,39,93,16,216
1794,50,39,93,16,198
1795,52,22,93,16,183
1797,82,16,69,15,182
1798,65,16,69,15,165
1799,77,16,116,17,226
1800,66,16,116,17,215
1801,83,19,116,16,234
1802,85,32,84,16,217
1803,69,32,84,16,201
1806,68,15,52,16,151
1807,64,34,67,18,183
1808,66,17,67,18,168
1810,67,16,51,16,150
1811,52,16,51,16,135
1812,68,16,68,16,168
1813,67,34,117,16,234
1814,67,16,117,16,216
1817,84,17,100,15,216
1818,66,17,100,15,198
1819,50,17,100,15,182
1823,50,16,69,14,149
1825,68,35,98,16,217
1826,85,32,100,16,233
1828,100,16,69,16,201
1829,98,35,67,15,215
1830,83,35,67,15,200
1832,49,35,67,15,166
1833,66,34,100,15,215
1834,67,18,100,15,200
1835,85,17,116,18,236
1838,51,32,168,16,267
1839,65,35,67,15,182
1840,84,33,64,18,199
1842,85,34,66,16,201
1843,68,34,66,16,184
1844,66,18,66,16,166
1847,64,36,217,16,333
1848,66,18,217,16,317
1850,117,33,101,17,268
1851,86,16,66,19,187
1852,84,33,101,17,235
1854,83,33,68,17,201
1855,84,16,68,17,185
1856,82,33,52,16,183
1857,116,18,133,16,283
1858,50,33,52,16,151
1859,83,18,133,16,250
1860,84,33,184,15,316
1861,101,33,101,15,250
1862,115,33,118,15,281
1863,52,16,184,15,267
1864,51,33,101,15,200
1865,66,33,118,15,232
1866,82,34,84,15,215
1867,84,16,84,15,199
1868,68,16,84,15,183
1869,51,16,84,15,166
1870,51,34,65,18,168
1872,65,17,168,15,265
1873,66,33,68,17,184
1875,65,33,102,15,215
1876,50,33,102,15,200
1878,67,16,67,15,165
1879,68,32,66,17,183
1880,67,15,66,17,165
1881,52,15,66,17,150
1882,83,31,68,18,200
1883,67,31,68,18,184
1884,65,16,68,18,167
1885,66,34,100,17,217
1886,82,34,66,17,199
1887,82,17,66,17,182
1888,84,32,67,18,201
1889,68,32,67,18,185
1890,117,33,101,17,268
1891,52,14,67,18,151
1892,83,33,101,17,234
1893,83,16,101,17,217
1894,65,16,101,17,199
1895,85,17,66,17,185
1896,67,17,66,17,167
1897,101,33,267,15,416
1899,68,33,267,15,383
1900,67,16,267,15,365
1901,98,35,99,18,250
1902,150,33,51,16,250
1904,99,17,84,16,216
1905,67,33,84,16,200
1906,66,17,84,16,183
1907,134,34,67,15,250
1908,66,17,51,16,150
1909,117,16,67,15,215
1911,84,16,67,15,182
1912,68,16,67,15,166
1913,51,16,67,15,149
1914,66,16,101,18,201
1915,85,16,85,15,201
1917,82,18,52,15,167
1918,65,18,52,15,150
1919,49,18,52,15,134
1923,52,15,99,18,184
1924,83,34,200,16,333
1926,98,16,102,16,232
1927,99,34,99,18,250
1928,100,16,99,18,233
1930,66,16,99,18,199
1932,66,17,66,18,167
1933,67,35,164,18,284
1934,84,31,51,16,182
1936,118,32,152,15,317
1938,66,17,67,16,166
1940,66,16,152,15,249
1944,82,35,51,15,183
1945,66,35,51,15,167
1946,50,35,51,15,151
1948,67,16,133,17,233
1949,86,15,66,18,185
1951,51,15,66,18,150
1955,100,33,67,18,218
1957,66,33,67,18,184
1958,68,16,67,18,169
1959,84,17,51,15,167
1960,99,17,184,16,316
1961,50,17,51,15,133
1962,66,17,184,16,283
1964,116,34,100,16,266
1965,99,34,100,16,249
1967,83,17,100,16,216
1969,84,17,66,16,183
1970,67,17,66,16,166
1971,51,17,66,16,150
1972,51,33,100,16,200
1974,117,33,100,17,267
1975,66,34,67,16,183
1976,50,34,67,16,167
1978,65,18,100,17,200
1980,51,34,66,17,168
1981,67,32,169,14,282
1982,52,32,169,14,267
1985,83,16,102,14,215
1986,117,34,99,17,267
1987,51,16,102,14,183
1988,66,17,68,14,165
1989,67,34,99,17,217
1990,66,18,99,17,200
1991,50,18,99,17,184
1992,117,33,232,18,400
1993,68,32,100,17,217
1994,100,17,232,18,367
1997,65,34,66,16,181
1999,67,33,100,17,217
2000,84,33,84,17,218
2001,67,33,84,17,201
2002,67,16,84,17,184
2003,66,33,51,17,167
2004,99,18,100,16,233
2005,66,34,100,16,216
2006,83,34,66,16,199
2007,67,34,66,16,183
2008,134,17,82,18,251
2009,51,17,66,16,150
2010,118,34,66,20,238
2011,65,35,82,18,200
2013,66,34,66,20,186
2014,100,17,53,13,183
2015,51,18,66,20,155
2016,84,33,150,17,284
2018,84,33,66,17,200
2025,83,17,133,17,250
2026,82,34,99,17,232
2027,67,34,99,17,217
2028,66,17,99,17,199
2029,150,17,67,16,250
2030,84,33,100,16,233
2031,67,33,100,16,216
2033,82,17,67,16,182
2034,67,17,67,16,167
2035,66,34,67,17,184
2036,67,17,67,17,168
2037,50,17,67,17,151
2039,51,16,150,17,234
2040,66,18,200,16,300
2043,67,33,117,17,234
2045,66,34,133,17,250
2046,83,33,67,16,199
2047,83,17,67,16,183
2049,50,17,67,16,150
2050,84,33,133,16,266
2052,84,33,67,15,199
2053,149,18,99,16,282
2054,66,17,67,15,165
2055,66,32,102,17,217
2056,67,15,102,17,201
2058,151,32,100,18,301
2059,82,18,117,15,232
2060,65,18,117,15,215
2061,68,34,98,17,217
2062,51,34,98,17,200
2063,132,33,52,16,233
2064,84,33,67,18,202
2067,83,15,52,16,166
2068,98,17,68,16,199
2069,83,17,68,16,184
2070,67,17,68,16,168
2071,50,17,68,16,151
2072,67,16,67,18,168
2073,52,16,67,18,153
2074,51,34,51,16,152
2075,68,33,65,19,185
2078,50,34,164,19,267
2080,82,35,65,18,200
2081,65,35,65,18,183
2082,147,33,203,14,397
2083,66,33,65,19,183
2084,84,32,100,18,234
2085,68,32,100,18,218
2086,99,15,203,14,331
2087,65,33,203,14,315
2088,83,35,67,16,201
2090,68,16,67,16,167
2092,66,16,101,16,199
2093,85,17,66,16,184
2094,117,32,115,18,282
2095,67,34,99,16,216
2096,67,18,99,16,200
2097,101,35,80,18,234
2098,83,35,80,18,216
2100,66,19,80,18,183
2102,65,18,98,17,198
2103,101,32,67,16,216
2104,85,32,67,16,200
2105,66,32,67,16,181
2106,66,18,67,16,167
2107,98,35,66,16,215
2108,68,14,101,16,199
2111,83,17,67,17,184
2112,65,17,67,17,166
2113,117,18,100,17,252
2114,68,16,99,17,200
2115,66,34,100,17,217
2116,66,18,100,17,201
2117,84,17,66,17,184
2119,51,17,66,17,151
2121,65,35,83,18,201
2122,65,18,83,18,184
2123,66,33,167,16,282
2124,69,16,167,16,268
2125,52,16,167,16,251
2127,66,35,131,18,250
2128,84,33,66,16,199
2130,84,33,65,18,200
2131,68,33,65,18,184
2132,84,33,132,18,267
2133,66,33,132,18,249
2134,116,34,84,17,251
2135,82,16,67,17,182
2137,65,34,84,17,200
2138,68,16,84,17,185
2139,50,16,84,17,167
2140,83,33,102,15,233
2141,67,33,102,15,217
2144,66,17,135,14,232
2145,51,17,135,14,217
2146,118,34,99,16,267
2148,84,34,99,16,233
2149,82,19,99,16,216
2151,101,31,136,18,286
2152,85,31,136,18,270
2154,53,31,136,18,238
2155,65,34,65,19,183
2156,50,34,65,19,168
2157,50,15,65,19,149
2160,99,18,81,18,216
2161,84,18,81,18,201
2162,68,18,81,18,185
2163,68,34,65,15,182
2164,87,30,67,18,202
2165,71,30,67,18,186
2166,52,30,67,18,167
2167,64,35,66,16,181
2169,65,32,65,17,179
2170,100,16,67,15,198
2171,67,34,67,15,183
2172,68,16,67,15,166
2173,50,16,67,15,148
2176,64,19,65,17,165
2177,67,32,102,15,216
2178,66,17,102,15,200
2179,84,17,69,15,185
2180,84,34,50,18,186
2181,65,34,50,18,167
2182,50,34,50,18,152
2183,50,17,50,18,135
2184,70,16,133,16,235
2185,84,18,65,17,184
2186,52,33,65,17,167
2187,50,18,65,17,150
2188,114,35,200,15,364
2190,51,32,51,15,149
2191,65,35,200,15,315
2192,86,31,101,16,234
2193,67,31,101,16,215
2194,52,31,101,16,200
2195,84,17,66,16,183
2197,66,33,66,16,181
2198,67,16,66,16,165
2199,52,16,66,16,150
2200,67,16,83,17,183
2202,65,17,134,17,233
2203,101,32,67,17,217
2204,84,32,67,17,200
2205,68,32,67,17,184
2206,52,32,67,17,168
2207,67,34,65,15,181
2208,51,34,65,15,165
2209,99,32,68,17,216
2211,67,32,68,17,184
2212,81,36,65,16,198
2213,65,36,65,16,182
2215,68,32,65,17,182
2216,51,32,65,17,165
2217,169,31,67,18,285
2220,81,36,98,18,233
2221,82,19,98,18,217
2222,182,36,97,17,332
2224,68,15,67,18,168
2225,101,33,52,17,203
2226,50,34,69,16,169
2227,65,33,52,17,167
2228,82,36,97,17,232
2230,67,18,97,17,199
2231,85,17,99,15,216
2232,52,33,99,15,199
2233,69,34,98,17,218
2234,69,16,98,17,200
2235,51,16,98,17,182
2237,64,35,101,15,215
2238,81,33,68,15,197
2239,65,33,68,15,181
2240,82,34,168,14,298
2242,85,34,99,17,235
2243,116,18,66,17,217
2248,51,33,100,17,201
2249,66,33,67,17,183
2250,51,33,67,17,168
2251,66,35,64,19,184
2252,118,32,53,15,218
2253,68,32,132,16,248
2254,85,32,53,15,185
2256,67,15,53,15,150
2257,117,15,66,18,216
2259,85,15,66,18,184
2260,68,15,66,18,167
2261,53,15,66,18,152
2262,64,17,52,14,147
2268,86,31,70,14,201
2269,132,37,98,16,283
2271,84,16,101,18,219
2272,66,16,101,18,201
2273,64,37,98,16,215
2274,65,19,98,16,198
2275,51,19,98,16,184
2276,67,16,68,16,167
2277,51,16,68,16,151
2278,66,17,101,15,199
2279,64,34,99,18,215
2280,68,16,99,18,201
2281,100,35,67,16,218
2284,98,17,51,16,182
2287,67,35,65,17,184
2288,50,35,65,17,167
2289,149,17,99,19,284
2290,52,32,84,17,185
2291,117,17,99,19,252
2292,99,17,99,19,234
2293,65,34,99,19,217
2294,83,34,232,18,367
2295,50,17,99,19,185
2296,101,17,51,14,183
2297,51,17,232,18,318
2298,67,17,51,14,149
2299,67,32,268,16,383
2300,68,14,268,16,366
2301,51,14,268,16,349
2302,68,14,68,18,168
2303,51,14,68,18,151
2308,67,16,100,15,198
2310,64,17,68,15,164
2311,66,34,101,15,216
2312,66,16,101,15,198
2313,50,16,101,15,182
2314,51,34,67,15,167
2315,68,33,65,17,183
2316,83,34,65,16,198
2317,116,16,68,16,216
2318,85,31,68,16,200
2319,67,31,68,16,182
2322,66,17,68,15,166
2323,81,18,85,15,199
2326,51,34,51,15,151
2327,68,33,100,16,217
2328,52,33,100,16,201
2329,67,33,201,17,318
2330,51,33,201,17,302
2331,51,15,201,17,284
2332,51,31,187,16,285
2333,82,18,84,15,199
2334,98,16,102,17,233
2335,83,16,102,17,218
2336,117,32,52,16,217
2339,67,32,52,16,167
2340,51,32,52,16,151
2341,52,15,52,16,135
2342,85,33,65,18,201
2343,67,33,65,18,183
2344,50,33,65,18,166
2346,52,32,119,14,217
2347,65,33,86,14,198
2348,66,15,86,14,181
2349,65,33,185,16,299
2352,101,14,52,17,184
2353,67,33,52,17,169
2354,68,14,52,17,151
2355,53,14,52,17,136
2356,82,36,98,17,233
2357,66,36,98,17,217
2358,66,17,98,17,198
2360,82,34,67,16,199
2363,65,33,136,15,249
2364,118,32,101,16,267
2365,67,34,68,14,183
2366,49,34,68,14,165
2367,67,32,101,16,216
2372,66,20,264,16,366
2373,70,31,66,18,185
2374,84,34,50,16,184
2375,99,32,67,17,215
2376,51,34,50,16,151
2377,65,32,67,17,181
2378,166,18,65,16,265
2379,66,34,101,15,216
2380,68,16,101,15,200
2381,50,16,101,15,182
2382,118,33,148,18,317
2384,66,18,65,16,165
2385,83,18,148,18,267
2387,68,32,68,15,183
2388,83,35,81,18,217
2390,166,18,66,17,267
2391,67,33,66,16,182
2392,117,34,66,17,234
2394,84,34,66,17,201
2395,65,34,66,17,182
2396,67,18,66,17,168
2397,98,34,67,17,216
2398,51,32,67,18,168
2399,66,34,67,17,184
2400,67,17,67,17,168
2401,83,16,101,16,216
2404,68,16,117,18,219
2405,51,16,117,18,202
2407,68,33,50,18,169
2408,83,32,51,17,183
2411,101,32,66,17,216
2412,67,18,66,15,166
2413,68,32,66,17,183
2414,52,32,66,17,167
2415,88,14,166,16,284
2417,66,32,51,16,165
2418,116,34,83,16,249
2419,117,16,83,16,232
2420,79,34,83,16,212
2421,65,34,83,16,198
2422,68,16,83,16,183
2423,67,32,102,17,218
2424,117,32,101,17,267
2425,66,35,67,17,185
2427,67,32,101,17,217
2428,67,16,101,17,201
2429,51,16,101,17,185
2430,101,15,51,17,184
2431,51,16,83,17,167
2432,100,17,68,16,201
2433,52,15,51,17,135
2434,82,34,99,16,231
2435,66,34,99,16,215
2436,117,32,66,16,231
2437,51,17,99,16,183
2438,51,34,65,16,166
2439,68,32,66,16,182
2440,83,33,66,18,200
2441,66,33,66,18,183
2443,98,33,119,15,265
2444,65,17,134,18,234
2445,66,33,119,15,233
2446,65,17,119,15,216
2447,66,31,70,18,185
2448,68,13,70,18,169
2449,84,16,52,15,167
2450,84,34,266,17,401
2451,168,33,100,16,317
2453,103,34,100,15,252
2454,117,33,100,16,266
2456,51,34,100,15,200
2457,132,35,116,17,300
2458,82,32,100,18,232
2459,67,32,100,18,217
2462,83,33,66,17,199
2463,67,33,66,17,183
2464,83,32,68,16,199
2465,68,32,68,16,184
2466,66,16,68,16,166
2468,50,34,68,16,168
2469,66,34,50,16,166
2471,84,18,65,18,185
2475,50,16,68,16,150
2476,68,15,67,21,171
2479,84,16,83,18,201
2481,117,17,267,17,418
2482,70,12,101,16,199
2483,53,12,101,16,182
2484,117,33,232,18,400
2485,101,33,232,18,384
2486,80,33,232,18,363
2487,68,33,232,18,351
2488,51,33,232,18,334
2489,67,34,65,17,183
2490,85,32,67,18,202
2492,116,34,151,16,317
2493,51,15,67,18,151
2494,68,15,52,15,150
2495,65,34,151,16,266
2496,82,33,66,18,199
2497,100,34,133,18,285
2498,133,15,101,18,267
2499,118,15,101,18,252
2500,84,32,101,18,235
2501,99,35,66,18,218
2502,66,15,101,18,200
2503,66,35,66,18,185
2504,84,33,67,17,201
2506,67,16,67,17,167
2508,50,33,100,17,200
2509,66,34,100,15,215
2510,67,16,100,15,198
2511,84,19,131,16,250
2512,68,19,131,16,234
2513,51,19,131,16,217
2516,83,33,68,16,200
2518,65,18,68,16,167
2520,84,34,98,18,234
2521,67,34,98,18,217
2522,68,18,98,18,202
2523,68,32,172,11,283
2524,84,34,83,16,217
2525,66,34,83,16,199
2526,84,32,134,16,266
2527,98,34,100,16,248
2529,84,16,100,16,216
2530,101,16,67,16,200
2533,85,21,94,18,218
2534,116,34,66,17,233
2535,83,17,100,17,217
2536,83,34,66,17,200
2537,67,34,66,17,184
2538,149,34,66,17,266
2539,62,32,68,16,178
2541,84,16,67,21,188
2542,84,34,66,17,201
2543,66,34,66,17,183
2544,101,17,66,18,202
2545,68,33,66,18,185
2548,83,33,100,16,232
2550,67,16,100,16,199
2552,63,15,67,16,161
2553,51,15,67,16,149
2554,66,17,251,16,350
2556,82,34,100,16,232
2557,83,18,100,16,217
2559,67,32,68,16,183
2561,66,35,99,18,218
2562,68,17,99,18,202
2563,50,17,99,18,184
2564,100,17,117,17,251
2566,66,17,117,17,217
2567,66,33,101,15,215
2568,67,16,101,15,199
2569,66,34,184,17,301
2570,68,16,184,17,285
2573,67,34,65,18,184
2574,66,17,65,18,166
2575,67,34,133,16,250
2577,68,31,118,16,233
2578,117,34,98,18,267
2580,85,34,98,18,235
2581,66,34,98,18,216
2582,67,17,98,18,200
2583,69,33,65,18,185
2584,51,33,65,18,167
2586,82,33,68,17,200
2587,65,33,68,17,183
2588,82,33,101,16,232
2589,83,15,101,16,215
2590,67,15,101,16,199
2591,84,17,166,17,284
2592,67,17,166,17,267
2593,85,17,82,17,201
2594,101,15,100,17,233
2595,86,15,100,17,218
2596,68,15,100,17,200
2597,66,32,185,16,299
2598,65,16,185,16,282
2599,64,35,101,15,215
2600,65,17,101,15,198
2601,67,33,68,15,183
2602,51,33,68,15,167
2603,118,18,65,18,219
2604,118,31,52,16,217
2606,99,16,52,16,183
2608,66,16,52,16,150
2609,83,16,100,17,216
2611,65,34,66,17,182
2612,68,16,66,17,167
2613,52,16,66,17,151
2614,83,33,66,18,200
2615,67,33,66,18,184
2617,117,15,101,17,250
2618,66,16,66,17,165
2619,66,33,101,17,217
2622,67,15,100,18,200
2623,66,35,65,18,184
2624,65,18,65,18,166
2625,168,34,117,16,335
2626,150,34,117,16,317
2627,85,15,69,16,185
2628,68,15,69,16,168
2629,65,35,66,18,184
2632,84,32,67,18,201
2633,101,33,100,17,251
2635,66,33,100,17,216
2637,83,16,167,15,281
2638,67,16,167,15,265
2639,51,16,167,15,249
2640,67,16,65,18,166
2641,52,16,65,18,151
2642,82,33,102,17,234
2644,99,16,102,14,231
2645,83,16,102,14,215
2647,84,17,68,14,183
2648,67,17,68,14,166
2649,83,19,99,16,217
2650,65,19,99,16,199
2651,85,17,165,17,284
2652,68,17,165,17,267
2654,53,31,200,18,302
2655,65,34,100,17,216
2656,65,17,100,17,199
2657,98,34,67,15,214
2658,67,17,101,15,200
2659,101,33,233,18,385
2661,67,33,233,18,351
2663,101,32,67,18,218
2664,115,34,99,17,265
2665,99,34,99,17,249
2666,65,17,67,18,167
2669,66,33,66,17,182
2671,67,34,166,18,285
2672,83,32,134,18,267
2673,133,33,67,18,251
2675,83,17,100,18,218
2678,68,15,67,18,168
2679,52,15,67,18,152
2680,68,17,67,15,167
2681,51,17,67,15,150
2683,85,17,133,16,251
2684,67,17,133,16,233
2685,67,34,65,16,182
2687,85,15,68,16,184
2688,51,31,68,16,166
2689,50,15,68,16,149
2690,84,34,65,17,200
2691,81,18,65,17,181
2692,65,18,65,17,165
2694,101,16,118,16,251
2695,67,32,118,16,233
2696,117,33,100,18,268
2697,65,34,50,16,165
2698,99,17,100,18,234
2700,100,16,67,18,201
2701,67,33,67,18,185
2702,101,16,67,16,200
2703,50,16,67,18,151
2704,101,16,134,17,268
2705,51,16,67,16,150
2706,67,16,134,17,234
2707,67,34,100,17,218
2710,50,33,67,17,167
2711,83,18,66,17,184
2712,65,18,66,17,166
2713,67,33,66,17,183
2714,67,17,66,17,167
2716,68,16,67,16,167
2717,149,18,67,16,250
2718,83,34,101,16,234
2719,66,34,101,16,217
2722,84,33,67,16,200
2723,68,33,67,16,184
2724,51,33,67,16,167
2726,51,34,98,18,201
2727,67,33,65,18,183
2729,67,33,66,16,182
2730,115,34,133,16,298
2731,132,33,166,17,348
2732,82,34,133,16,265
2734,83,33,166,17,299
2735,66,33,166,17,282
2736,51,33,166,17,267
2737,83,18,66,16,183
2738,65,18,66,16,165
2739,83,17,167,16,283
2741,67,33,66,17,183
2742,84,33,67,17,201
2743,66,33,67,17,183
2745,66,33,168,17,284
2746,67,15,168,17,267
2747,100,34,68,16,218
2749,101,34,131,17,283
2750,66,17,68,16,167
2751,51,17,68,16,152
2752,51,34,131,17,233
2754,85,32,100,17,234
2755,132,33,52,15,232
2756,52,32,100,17,201
2757,83,15,134,17,249
2758,66,15,134,17,232
2759,81,16,52,15,164
2760,65,16,52,15,148
2761,65,35,83,16,199
2763,50,18,83,16,167
2767,83,16,67,16,182
2768,66,16,67,16,165
2770,66,15,102,16,199
2771,84,16,201,16,317
2772,67,16,201,16,300
2774,65,17,68,17,167
2775,85,17,66,16,184
2776,67,17,66,16,166
2780,50,33,67,16,166
2782,83,34,67,20,204
2783,66,34,67,20,187
2784,83,34,53,14,184
2785,67,34,53,14,168
2786,51,34,53,14,152
2787,84,17,101,17,219
2788,84,34,67,17,202
2789,67,34,67,17,185
2790,127,25,66,18,236
2791,85,24,91,18,218
2792,93,25,66,18,202
2793,101,35,199,15,350
2794,56,25,66,18,165
2798,101,17,64,17,199
2799,66,35,64,17,182
2800,84,32,71,12,199
2802,52,32,71,12,167
2803,67,32,101,18,218
2804,81,39,165,14,299
2805,64,39,165,14,282
2806,88,30,84,15,217
2807,83,18,84,15,200
2808,84,32,52,15,183
2810,102,15,84,15,216
2811,80,15,84,15,194
2812,68,15,84,15,182
2813,65,34,98,19,216
2814,69,15,98,19,201
2815,52,15,98,19,184
2816,85,29,67,17,198
2817,70,29,67,17,183
2819,50,15,67,17,149
2821,62,34,101,17,214
2822,67,15,101,17,200
2823,52,15,101,17,185
2827,68,33,168,16,285
2828,67,17,168,16,268
2829,66,33,333,17,449
2830,83,33,102,16,234
2831,66,33,102,16,217
2832,67,16,102,16,201
2833,50,16,102,16,184
2834,67,16,68,16,167
2835,51,16,68,16,151
2836,50,33,151,15,249
2837,85,17,198,17,317
2838,117,32,100,17,266
2839,116,17,100,17,250
2841,83,17,100,17,217
2842,65,17,100,17,199
2844,82,33,101,17,233
2845,65,33,101,17,216
2849,67,33,51,19,170
2850,116,36,81,15,248
2851,51,16,51,19,137
2852,83,36,81,15,215
2855,70,31,83,17,201
2856,53,31,83,17,184
2857,67,32,100,17,216
2858,67,15,100,17,199
2859,81,15,134,18,248
2860,68,15,134,18,235
2861,83,17,151,15,266
2863,51,17,151,15,234
2865,67,34,68,17,186
2866,83,33,101,18,235
2867,66,33,101,18,218
2869,67,35,66,18,186
2870,68,17,66,18,169
2871,68,32,133,18,251
2872,52,32,133,18,235
2873,101,35,134,16,286
2874,65,18,99,18,200
2875,66,35,134,16,251
2876,67,17,134,16,234
2879,83,16,70,16,185
2880,99,18,64,18,199
2881,64,36,64,18,182
2882,67,18,64,18,167
2883,52,18,64,18,152
2885,70,30,134,16,250
2886,82,33,101,16,232
2887,64,33,101,16,214
2888,67,15,101,16,199
2889,80,17,100,17,214
2890,214,35,66,17,332
2891,118,16,199,17,350
2892,66,16,67,17,166
2893,67,34,199,17,317
2895,168,32,135,15,350
2896,66,17,83,17,183
2897,67,33,202,15,317
2899,50,16,202,15,283
2901,116,18,101,15,250
2903,83,18,101,15,217
2904,83,32,119,15,249
2905,66,32,119,15,232
2906,51,32,119,15,217
2907,51,15,119,15,200
2908,85,34,65,17,201
2909,67,34,65,17,183
2910,84,32,66,17,199
2911,69,32,66,17,184
2912,67,17,66,17,167
2913,84,15,68,15,182
2914,67,15,68,15,165
2916,100,18,99,16,233
2917,50,16,67,17,150
2918,115,34,101,15,265
2922,67,17,101,15,200
2924,67,17,68,15,167
2926,83,35,98,18,234
2927,66,35,98,18,217
2928,85,31,85,15,216
2930,52,31,85,15,183
2932,84,33,118,15,250
2934,68,15,118,15,216
2936,50,33,68,17,168
2937,51,15,68,17,151
2939,67,34,83,17,201
2942,67,15,68,17,167
2943,117,17,65,18,217
2945,83,17,65,18,183
2946,66,17,65,18,166
2947,51,17,65,18,151
2949,51,15,67,17,150
2951,83,16,200,17,316
2952,66,16,200,17,299
2954,66,18,82,17,183
2955,86,16,99,16,217
2957,84,16,67,16,183
2959,65,34,201,15,315
2960,82,33,67,17,199
2962,50,33,67,17,167
2963,67,33,135,15,250
2964,66,17,135,15,233
2967,67,33,68,15,183
2968,51,33,68,15,167
2972,84,30,71,16,201
2973,68,30,71,16,185
2975,120,15,164,17,316
2976,86,34,164,17,301
2977,86,15,164,17,282
2978,71,15,164,17,267
2979,71,31,66,17,185
2980,101,14,67,19,201
2981,65,32,67,19,183
2984,66,15,67,17,165
2987,86,15,51,17,169
2988,67,15,51,17,150
2989,67,33,101,17,218
2990,50,33,101,17,201
2993,68,32,51,16,167
2995,118,16,101,16,251
2996,100,16,101,16,233
2999,83,17,169,16,285
3000,65,17,169,16,267
3002,66,16,51,17,150
3003,83,18,83,18,202
3004,67,18,83,18,186
3005,169,32,101,16,318
3006,67,17,68,16,168
3008,84,35,65,17,201
3010,67,18,65,17,167
3011,68,32,101,16,217
3012,52,32,101,16,201
3014,65,18,68,16,167
3015,65,33,51,15,164
3016,82,35,183,16,316
3017,66,35,183,16,300
3018,51,35,183,16,285
3019,68,31,134,18,251
3021,51,15,134,18,218
3022,100,18,66,18,202
3023,81,18,66,18,183
3024,83,32,52,16,183
3027,100,34,67,16,217
3031,52,16,67,16,151
3032,99,18,99,66,282
3033,83,18,99,66,266
3034,65,18,99,66,248
3037,100,32,134,16,282
3039,67,32,134,16,249
3040,51,32,134,16,233
3042,116,51,101,16,284
3043,98,51,101,16,266
3044,84,51,101,16,252
3047,67,18,231,18,334
3051,79,37,133,18,267
3053,67,15,133,18,233
3054,82,19,132,17,250
3055,53,19,132,17,221
3056,69,33,65,18,185
3057,83,33,100,16,232
3060,66,32,101,17,216
3062,83,16,301,15,415
3063,68,16,301,15,400
3064,83,17,132,18,250
3065,67,17,132,18,234
3066,118,16,99,18,251
3067,66,17,66,17,166
3070,82,17,84,16,199
3071,100,16,183,18,317
3073,115,34,68,15,232
3074,84,15,102,15,216
3075,83,34,68,15,200
3077,67,16,68,15,166
3078,51,16,68,15,150
3080,69,33,99,18,219
3082,116,18,69,12,215
3083,84,33,69,12,198
3084,81,18,69,12,180
3085,83,33,117,17,250
3086,66,33,117,17,233
3089,69,18,165,17,269
3090,69,29,69,17,184
3091,52,29,69,17,167
3092,101,33,67,17,218
3093,83,33,67,17,200
3096,69,34,65,18,186
3097,117,32,68,21,238
3098,67,33,200,17,317
3099,51,33,200,17,301
3100,67,32,68,21,188
3103,99,18,167,15,299
3106,89,10,69,17,185
3108,54,10,69,17,150
3109,49,35,51,15,150
3110,66,34,132,17,249
3113,51,32,50,16,149
3116,82,16,51,16,165
3120,82,16,67,18,183
3121,50,33,67,18,168
3123,49,33,167,17,266
3124,100,36,97,17,250
3125,67,16,133,17,233
3126,85,18,97,17,217
3127,68,18,97,17,200
3129,52,30,67,17,166
3130,100,33,118,17,268
3131,68,14,50,21,153
3132,81,16,118,17,232
3134,135,34,66,16,251
3135,115,34,66,16,231
3136,101,34,66,16,217
3137,84,34,66,16,200
3138,102,33,66,16,217
3140,80,17,66,16,179
3141,66,17,66,16,165
3142,100,33,167,17,317
3143,50,33,66,18,167
3144,66,33,167,17,283
3145,66,17,167,17,267
3146,82,17,66,16,181
3147,82,33,66,18,199
3148,84,15,66,18,183
3149,68,15,66,18,167
3150,51,15,66,18,150
3151,67,16,150,17,250
3155,67,17,82,17,183
3156,68,32,102,15,217
3159,83,33,67,17,200
3160,82,17,67,17,183
3162,67,35,99,18,219
3164,100,34,101,16,251
3165,84,34,101,16,235
3166,101,33,100,13,247
3167,51,34,101,16,202
3168,66,33,100,13,212
3169,51,33,100,13,197
3170,100,35,99,16,250
3171,68,15,167,18,268
3172,66,35,99,16,216
3175,50,32,100,18,200
3177,51,33,101,15,200
3178,99,33,67,17,216
3179,67,16,100,17,200
3180,67,33,67,17,184
3181,54,33,67,17,171
3186,100,34,134,16,284
3187,82,34,134,16,266
3191,66,17,133,18,234
3193,85,33,66,18,202
3195,84,34,82,17,217
3197,85,32,50,17,184
3200,84,15,66,18,183
3202,82,17,67,15,181
3204,50,17,67,15,149
3205,149,34,65,18,266
3206,84,17,183,17,301
3207,84,33,82,17,216
3208,100,34,65,18,217
3211,50,34,65,18,167
3212,67,33,66,17,183
3213,52,33,66,17,168
3215,66,17,51,17,151
3217,52,34,66,17,169
3219,68,17,65,18,168
3220,117,16,51,18,202
3221,99,16,51,18,184
3222,66,33,51,18,168
3223,100,16,133,17,266
3224,83,16,133,17,249
3225,100,18,131,19,268
3226,67,35,131,19,252
3227,183,33,151,16,383
3228,51,18,131,19,219
3229,99,18,232,17,366
3230,67,34,232,17,350
3232,83,15,217,15,330
3234,66,33,151,16,266
3235,102,15,66,17,200
3236,133,32,67,17,249
3237,67,15,66,17,165
3238,52,15,66,17,150
3239,84,32,67,17,200
3240,100,33,100,17,250
3241,65,16,67,17,165
3244,83,16,66,17,182
3247,67,15,103,15,200
3248,51,15,103,15,184
3252,51,17,50,18,136
3253,65,18,65,18,166
3254,84,18,65,17,184
3256,100,33,101,17,251
3257,51,32,67,17,167
3258,115,17,67,17,216
3259,68,15,101,17,201
3260,82,17,67,17,183
3261,82,33,67,18,200
3263,99,17,199,17,332
3265,84,33,133,18,268
3267,101,15,68,15,199
3268,67,33,68,15,183
3269,118,33,65,17,233
3270,82,19,98,17,216
3272,101,32,68,17,218
3273,83,32,68,17,200
3277,68,15,52,16,151
3278,100,33,68,15,216
3279,67,18,65,17,167
3280,68,33,68,15,184
3281,115,36,265,17,433
3282,100,36,265,17,418
3283,51,32,268,15,366
3285,65,19,265,17,366
3286,68,32,117,16,233
3287,51,32,117,16,216
3288,51,17,117,16,201
3289,67,17,67,17,168
3296,66,33,100,18,217
3297,50,33,100,18,201
3298,66,34,66,18,184
3299,66,17,66,18,167
3300,67,33,133,17,250
3301,50,33,133,17,233
3302,67,33,66,17,183
3303,67,16,66,17,166
3304,84,16,66,17,183
3305,69,16,66,17,168
3306,99,34,133,17,283
3307,82,34,133,17,266
3308,66,34,133,17,250
3309,65,17,133,17,232
3310,133,33,66,15,247
3312,51,17,66,16,150
3313,68,16,133,16,233
3314,67,33,66,15,181
3315,99,17,101,15,232
3316,50,16,66,15,147
3317,115,34,67,17,233
3318,66,33,68,15,182
3319,82,34,67,17,200
3321,65,19,67,17,168
3322,67,34,99,18,218
3323,183,33,68,16,300
3324,101,32,135,16,284
3325,53,33,133,17,236
3326,67,32,135,16,250
3327,51,32,135,16,234
3328,65,34,233,17,349
3329,84,33,68,16,201
3330,66,33,68,16,183
3331,67,15,68,16,166
3332,52,15,68,16,151
3334,84,17,99,17,217
3337,116,33,67,17,233
3339,51,32,66,17,166
3341,67,16,67,17,167
3343,66,16,68,17,167
3344,66,34,51,15,166
3345,66,17,51,15,149
3346,67,34,65,19,185
3347,84,32,52,17,185
3351,66,16,67,16,165
3354,116,21,63,18,218
3356,67,37,63,18,185
3357,64,21,63,18,166
3358,100,31,102,16,249
3359,84,31,102,16,233
3360,69,31,102,16,218
3361,84,34,116,16,250
3362,113,18,82,16,229
3364,81,18,82,16,197
3366,150,16,102,16,284
3367,84,32,101,16,233
3369,84,32,102,16,234
3370,82,16,102,16,216
3372,64,35,67,16,182
3373,67,16,67,16,166
3375,51,34,82,17,184
3376,69,33,66,18,186
3378,100,33,66,17,216
3379,51,33,65,20,169
3380,99,32,69,16,216
3382,66,32,69,16,183
3384,65,34,68,16,183
3389,65,17,100,16,198
3390,101,33,50,18,202
3391,51,33,83,18,185
3392,83,16,50,18,167
3393,83,34,67,16,200
3395,67,17,67,16,167
3396,67,34,67,15,183
3397,66,18,67,15,166
3398,68,33,99,16,216
3399,100,18,65,16,199
3401,67,18,65,16,166
3403,51,33,65,19,168
3404,67,32,201,16,316
3406,98,34,134,16,282
3407,66,17,51,16,150
3410,52,15,134,16,217
3411,51,33,67,16,167
3412,51,16,67,16,150
3414,66,34,68,15,183
3415,83,34,83,17,217
3416,67,34,83,17,201
3418,68,34,99,15,216
3420,68,32,67,15,182
3421,84,34,66,17,201
3423,67,17,66,17,167
3424,66,33,50,16,165
3425,51,33,50,16,150
3426,67,33,134,16,250
3427,65,18,134,16,233
3428,66,33,101,16,216
3432,68,33,99,17,217
3433,67,17,99,17,200
3434,68,33,266,15,382
3435,151,34,66,17,268
3437,66,16,68,17,167
3439,67,17,100,17,201
3440,66,34,66,17,183
3441,67,17,66,17,167
3442,68,32,67,16,183
3445,68,15,67,16,166
3447,82,34,133,16,265
3448,83,18,133,16,250
3450,67,33,100,16,216
3451,50,33,100,16,199
3453,51,34,66,16,167
3454,67,32,267,18,384
3456,66,34,133,18,251
3457,51,34,133,18,236
3458,66,34,53,13,166
3459,84,32,100,18,234
3461,82,34,66,18,200
3462,66,34,66,18,184
3463,50,34,66,18,168
3464,117,15,102,15,249
3465,51,33,51,16,151
3466,67,33,102,15,217
3467,97,16,200,17,330
3468,117,16,118,16,267
3469,68,16,200,17,301
3470,51,16,200,17,284
3471,66,16,118,16,216
3472,67,35,83,16,201
3473,67,17,83,16,183
3474,68,32,100,17,217
3475,66,17,100,17,200
3476,118,16,66,17,217
3478,83,16,66,17,182
3480,67,33,50,18,168
3481,117,35,83,16,251
3482,84,16,67,16,183
3483,66,16,67,16,165
3486,50,18,83,16,167
3487,83,34,50,16,183
3488,67,34,50,16,167
3492,67,33,166,18,284
3493,118,33,134,15,300
3494,100,33,134,15,282
3495,49,34,99,17,199
3496,67,33,134,15,249
3497,66,17,134,15,232
3499,98,17,68,15,198
3500,66,33,68,15,182
3501,83,33,68,17,201
3502,134,33,67,17,251
3504,66,35,65,17,183
3505,85,33,67,17,202
3507,84,32,101,17,234
3508,100,35,66,17,218
3509,67,15,101,17,200
3510,82,18,66,17,183
3511,102,17,49,17,185
3512,67,34,49,17,167
3513,84,32,82,19,217
3517,66,17,116,16,215
3518,164,34,52,16,266
3522,67,31,169,15,282
3523,82,34,52,16,184
3525,84,35,83,17,219
3526,133,33,100,17,283
3527,51,35,83,17,186
3530,52,16,67,15,150
3531,51,33,100,17,201
3533,66,17,83,15,181
3537,83,32,67,18,200
3538,66,32,67,18,183
3539,168,17,67,15,267
3540,50,15,67,18,150
3541,69,17,66,14,166
3542,51,17,66,14,148
3543,51,31,67,16,165
3546,114,19,67,15,215
3547,50,32,68,17,167
3548,102,33,133,16,284
3549,65,19,67,15,166
3551,86,34,66,14,200
3553,52,34,66,14,166
3554,67,33,66,16,182
3555,85,33,65,17,200
3556,81,19,65,17,182
3559,84,32,52,14,182
3561,84,33,68,15,200
3562,65,33,68,15,181
3563,68,16,68,15,167
3564,84,14,50,20,168
3565,68,14,50,20,152
3566,52,14,50,20,136
3569,64,20,81,17,182
3571,84,35,66,16,201
3572,66,35,66,16,183
3573,86,32,67,17,202
3574,98,34,66,17,215
3575,66,17,67,17,167
3576,101,33,50,17,201
3577,117,33,332,17,499
3578,66,33,50,17,166
3582,50,16,332,17,415
3583,99,18,84,17,218
3584,50,17,99,18,184
3587,82,34,68,15,199
3588,82,17,68,15,182
3590,66,35,66,17,184
3591,51,35,66,17,169
3592,52,17,66,17,152
3593,52,33,67,15,167
3595,83,34,64,17,198
3596,66,34,64,17,181
3597,52,34,64,17,167
3598,50,17,64,17,148
3599,52,32,66,17,167
3602,64,34,52,15,165
3603,49,34,52,15,150
3604,66,33,101,16,216
3605,66,16,101,16,199
3606,135,33,51,16,235
3608,118,16,51,16,201
3609,66,18,84,16,184
3610,101,35,66,17,219
3611,66,16,51,16,149
3612,102,32,66,18,218
3614,84,16,66,18,184
3615,83,34,67,16,200
3616,101,32,51,17,201
3617,85,32,51,17,185
3618,66,32,51,17,166
3622,83,17,64,17,181
3623,66,17,64,17,164
3624,51,17,64,17,149
3626,65,32,103,15,215
3627,66,15,103,15,199
3629,64,19,100,16,199
3630,68,32,68,16,184
3631,51,32,68,16,167
3633,86,33,67,15,201
3635,85,31,135,17,268
3636,68,31,135,17,251
3637,66,15,135,17,233
3638,100,33,66,17,216
3639,68,17,64,17,166
3641,66,18,66,17,167
3642,87,13,100,18,218
3643,68,13,100,18,199
3644,99,34,82,17,232
3645,66,18,102,14,200
3646,66,34,82,17,199
3647,65,17,82,17,181
3648,69,31,51,17,168
3650,83,19,99,17,218
3651,66,19,99,17,201
3652,68,31,68,17,184
3653,66,17,68,17,168
3654,51,17,68,17,153
3658,68,32,199,17,316
3661,67,16,68,14,165
3664,66,35,98,17,216
3669,85,32,51,16,184
3672,50,16,51,16,133
3673,85,32,101,17,235
3674,67,32,101,17,217
3675,51,32,101,17,201
3676,134,34,64,19,251
3678,82,17,51,15,165
3682,151,18,100,15,284
3684,150,18,100,16,284
3685,50,32,235,16,333
3686,64,37,100,15,216
3688,102,34,66,16,218
3689,66,18,100,16,200
3691,51,34,66,16,167
3692,67,33,98,16,214
3693,85,33,100,15,233
3694,67,33,100,15,215
3697,68,15,69,15,167
3698,64,34,66,17,181
3699,68,15,66,17,166
3700,65,35,165,18,283
3702,69,31,68,17,185
3703,50,31,68,17,166
3705,67,17,118,14,216
3708,68,33,166,19,286
3709,100,17,101,15,233
3710,67,33,101,15,216
3711,67,17,101,15,200
3712,84,14,169,16,283
3713,67,14,169,16,266
3714,118,16,65,17,216
3715,102,16,65,17,200
3716,85,16,65,17,183
3717,83,32,68,16,199
3718,69,32,68,16,185
3719,116,35,83,18,252
3720,83,14,51,18,166
3722,65,35,83,18,201
3723,85,34,81,19,219
3724,133,36,65,16,250
3725,65,18,81,19,183
3726,69,31,200,17,317
3727,52,31,200,17,300
3728,83,18,65,16,182
3729,67,18,65,16,166
3731,51,33,99,17,200
3735,67,17,134,16,234
3736,82,17,68,14,181
3737,101,15,184,17,317
3739,83,36,66,15,200
3740,116,18,66,18,218
3741,66,19,66,15,166
3742,100,34,82,17,233
3744,68,34,82,17,201
3745,85,32,67,17,201
3746,66,32,67,17,182
3750,82,17,67,16,182
3751,84,33,68,17,202
3752,67,33,68,17,185
3753,66,16,68,17,167
3754,135,33,67,15,250
3755,84,34,65,17,200
3756,67,34,65,17,183
3757,84,33,67,15,199
3758,68,33,67,15,183
3760,51,16,67,15,149
3761,67,16,68,16,167
3762,82,18,66,17,183
3763,65,18,66,17,166
3766,84,17,116,17,234
3768,83,16,100,16,215
3769,68,16,100,16,200
3770,50,16,100,16,182
3771,50,34,66,16,166
3772,101,32,100,16,249
3774,83,17,100,16,216
3775,118,31,69,16,234
3777,50,35,100,16,201
3780,84,16,51,14,165
3781,100,19,97,18,234
3782,65,35,97,18,215
3783,65,19,97,18,199
3784,85,14,136,16,251
3785,67,14,136,16,233
3786,132,35,133,18,318
3788,51,14,101,16,182
3789,81,35,133,18,267
3791,81,34,65,18,198
3792,67,34,65,18,184
3793,100,16,85,16,217
3794,69,32,85,16,202
3795,51,32,85,16,184
3796,50,16,85,16,167
3797,66,16,102,14,198
3798,83,16,68,14,181
3800,85,16,66,15,182
3801,68,16,66,15,165
3802,52,16,66,15,149
3803,84,32,100,17,233
3804,68,32,100,17,217
3806,99,35,99,15,248
3807,148,34,83,17,282
3808,82,18,99,15,214
3809,86,32,67,15,200
3810,68,32,67,15,182
3811,85,34,83,17,219
3812,67,34,83,17,201
3814,66,33,100,17,216
3816,82,18,67,17,184
3817,65,18,67,17,167
3818,100,33,67,16,216
3819,68,17,66,18,169
3822,67,33,100,17,217
3827,150,32,235,16,433
3829,52,30,100,16,198
3830,100,32,235,16,383
3831,67,17,66,16,166
3832,64,32,235,16,347
3833,52,32,235,16,335
3834,66,34,101,16,217
3835,83,34,100,17,234
3836,66,34,100,17,217
3837,51,34,100,17,202
3838,68,33,67,17,185
3839,118,33,67,16,234
3841,51,34,65,18,168
3842,67,33,67,16,183
3843,51,33,67,16,167
3844,67,32,51,17,167
3845,82,35,82,17,216
3846,116,17,100,15,248
3847,84,33,100,15,232
3850,101,33,118,15,267
3851,50,33,67,15,165
3852,66,33,118,15,232
3853,66,17,118,15,216
3854,66,34,99,18,217
3855,85,33,232,18,368
3857,66,18,232,18,334
3860,65,34,68,16,183
3861,102,16,50,16,184
3864,52,16,50,16,134
3865,83,32,66,18,199
3866,68,32,66,18,184
3867,115,33,101,16,265
3868,50,16,66,18,150
3870,65,33,101,16,215
3871,100,15,102,16,233
3873,118,33,66,17,234
3874,51,15,102,16,184
3876,101,34,100,17,252
3878,68,34,100,17,219
3879,51,34,100,17,202
3880,67,32,85,16,200
3881,65,16,85,16,182
3882,66,34,101,15,216
3883,50,34,101,15,200
3885,67,17,133,16,233
3886,68,33,100,16,217
3888,51,16,100,16,183
3890,67,32,68,16,183
3892,66,34,99,17,216
3893,50,34,99,17,200
3894,66,34,99,16,215
3896,68,33,149,18,268
3897,52,33,149,18,252
3899,100,17,68,15,200
3900,65,34,68,15,182
3901,99,17,99,19,234
3903,66,17,99,19,201
3905,68,17,64,19,168
3907,67,18,66,16,167
3909,132,17,100,16,265
3910,64,35,133,16,248
3911,84,33,100,16,233
3912,82,17,100,16,215
3914,68,33,101,17,219
3915,66,16,101,17,200
3917,84,33,66,18,201
3918,100,34,234,15,383
3919,83,34,234,15,366
3920,101,32,133,18,284
3922,67,32,133,18,250
3923,68,15,133,18,234
3925,84,34,65,18,201
3926,100,32,67,16,215
3927,49,34,65,18,166
3928,51,17,65,18,151
3929,50,32,67,16,165
3930,66,33,69,15,183
3931,82,34,66,17,199
3932,99,35,64,18,216
3933,67,16,66,17,166
3935,65,19,64,18,166
3937,51,31,67,17,166
3939,50,33,102,16,201
3942,84,17,134,16,251
3943,84,34,67,15,200
3944,68,34,67,15,184
3945,84,32,68,16,200
3946,68,32,68,16,184
3947,51,32,68,16,167
3950,67,33,82,17,199
3951,66,18,82,17,183
3952,117,17,84,16,234
3953,83,34,84,16,217
3955,67,17,84,16,184
3956,99,33,100,18,250
3957,83,33,100,18,234
3958,67,33,100,18,218
3959,50,33,100,18,201
3960,100,33,51,15,199
3961,68,16,66,18,168
3962,51,16,66,18,151
3964,67,33,51,16,167
3966,66,33,68,17,184
3967,67,15,68,17,167
3970,101,33,67,16,217
3973,67,16,67,16,166
3974,67,35,97,17,216
3975,85,32,65,17,199
3976,100,34,64,18,216
3978,117,15,101,16,249
3980,164,34,68,15,281
3981,66,15,101,16,198
3983,66,16,68,16,166
3984,64,34,102,15,215
3986,85,16,68,15,184
3987,68,16,68,15,167
3988,84,18,99,17,218
3990,68,34,65,17,184
3991,67,17,65,17,166
3992,100,33,233,18,384
3993,52,32,101,17,202
3994,99,33,52,15,199
3995,66,16,233,18,333
3996,82,16,52,15,165
3997,83,35,100,16,234
3999,67,17,100,16,200
4000,68,32,68,16,184
4002,67,33,100,18,218
4005,66,17,65,18,166
4006,84,17,67,15,183
4007,52,33,67,15,167
4008,100,35,50,14,199
4010,65,35,50,14,164
4011,67,17,50,14,148
4012,117,14,53,15,199
4014,85,14,53,15,167
4016,50,14,53,15,132
4019,98,18,101,17,234
4020,102,35,132,16,285
4021,97,18,132,16,263
4022,67,35,132,16,250
4023,66,18,132,16,232
4024,84,19,130,16,249
4026,101,34,64,16,215
4027,84,34,64,16,198
4028,115,17,76,7,215
4029,100,17,76,7,200
4030,66,32,76,7,181
4031,83,32,67,18,200
4032,66,32,67,18,183
4033,81,44,57,17,199
4034,64,44,57,17,182
4035,65,28,57,17,167
4036,76,23,66,18,183
4037,83,34,101,16,234
4042,101,34,84,14,233
4043,83,34,84,14,215
4045,84,32,116,18,250
4046,69,32,116,18,235
4047,51,32,116,18,217
4048,149,15,69,17,250
4049,85,32,50,18,185
4051,99,15,69,17,200
4052,52,14,50,18,134
4053,65,15,69,17,166
4055,64,18,99,17,198
4057,68,16,101,16,201
4058,103,32,67,17,219
4060,67,32,67,17,183
4061,67,15,67,17,166
4062,83,18,65,17,183
4063,84,32,67,16,199
4064,67,32,67,16,182
4065,82,33,50,16,181
4066,67,33,50,16,166
4067,67,16,50,16,149
4068,65,34,100,17,216
4069,83,32,101,16,232
4070,67,32,101,16,216
4071,100,17,300,16,433
4072,50,16,101,16,183
4073,117,33,118,16,284
4074,82,18,66,18,184
4075,66,18,66,18,168
4076,68,33,118,16,235
4077,83,33,85,16,217
4081,83,32,69,17,201
4082,67,32,69,17,185
4083,83,35,51,16,185
4084,66,35,51,16,168
4085,83,34,66,16,199
4087,102,16,65,17,200
4089,67,16,65,17,165
4090,149,18,68,15,250
4093,81,35,68,15,199
4094,65,35,68,15,183
4095,83,32,51,17,183
4096,49,18,68,15,150
4098,52,15,51,17,135
4100,68,32,65,17,182
4101,66,17,65,17,165
4103,84,31,67,19,201
4104,82,15,67,19,183
4105,67,15,67,19,168
4106,99,33,101,17,250
4107,65,17,100,17,199
4108,83,15,101,17,216
4109,101,16,83,16,216
4110,67,35,83,16,201
4111,85,32,101,17,235
4112,52,16,83,16,167
4114,118,16,233,16,383
4115,99,16,233,16,364
4116,66,33,233,16,348
4117,68,16,233,16,333
4119,67,17,64,18,166
4120,84,16,67,18,185
4121,67,16,67,18,168
4122,51,16,67,18,152
4123,68,13,54,15,150
4124,118,15,66,16,215
4127,67,15,66,16,164
4128,118,17,151,17,303
4129,51,32,102,16,201
4130,65,34,151,17,267
4131,97,18,100,17,232
4133,65,18,100,17,200
4135,85,32,100,16,233
4137,84,34,66,16,200
4138,100,34,66,17,217
4139,84,34,66,17,201
4140,66,34,66,17,183
4142,51,17,66,17,151
4144,82,18,50,15,165
4146,66,33,68,15,182
4147,66,16,68,15,165
4148,67,32,67,17,183
4149,51,32,67,17,167
4150,116,16,67,18,217
4152,134,32,134,16,316
4153,66,16,67,18,167
4154,51,16,67,18,152
4155,67,18,67,16,168
4158,67,35,66,16,184
4161,67,16,67,16,166
4162,134,34,66,17,251
4164,82,17,201,15,315
4165,83,34,66,17,200
4166,101,32,101,17,251
4168,116,17,67,17,217
4169,51,32,101,17,201
4170,66,34,67,17,184
4173,84,33,100,18,235
4175,51,33,100,18,202
4177,50,34,84,16,184
4178,99,34,99,18,250
4179,83,34,99,18,234
4180,100,34,83,16,233
4181,65,18,99,18,200
4182,66,34,83,16,199
4183,51,34,83,16,184
4186,83,16,101,16,216
4187,65,16,101,16,198
4188,65,34,67,16,182
4189,117,33,67,17,234
4190,51,16,67,16,150
4191,66,18,100,17,201
4193,83,34,100,15,232
4195,67,18,100,15,200
4196,67,33,67,15,182
4197,67,18,67,15,167
4198,67,33,100,17,217
4199,84,34,233,16,367
4201,118,33,67,17,235
4202,67,33,84,16,200
4203,83,33,67,17,200
4204,100,32,52,16,200
4206,66,32,52,16,166
4207,51,32,52,16,151
4208,65,35,100,16,216
4209,83,33,67,16,199
4212,84,19,99,16,218
4213,65,19,99,16,199
4214,68,32,132,17,249
4216,83,17,50,17,167
4217,84,34,132,17,267
4218,65,34,132,17,248
4220,67,33,66,16,182
4223,66,16,167,17,266
4225,99,17,50,17,183
4226,66,33,50,17,166
4227,83,33,167,18,301
4228,84,16,167,18,285
4229,83,34,67,17,201
4231,134,17,66,18,235
4232,50,17,67,17,151
4233,83,34,66,18,201
4234,118,15,168,20,321
4235,67,17,66,18,168
4236,84,15,168,20,287
4237,67,15,168,20,270
4238,100,34,66,16,216
4239,66,17,134,20,237
4242,52,16,66,16,150
4244,68,32,102,14,216
4245,66,16,102,14,198
4247,81,33,66,18,198
4248,66,33,66,18,183
4249,70,13,66,18,167
4250,166,33,67,17,283
4251,51,35,81,16,183
4253,62,17,50,16,145
4255,68,15,85,15,183
4257,67,16,67,17,167
4259,65,19,99,17,200
4260,69,31,68,17,185
4263,50,35,99,16,200
4264,66,33,66,16,181
4265,116,33,100,16,265
4266,52,16,66,16,150
4268,66,33,100,16,215
4269,98,17,134,16,265
4270,66,33,134,16,249
4271,82,35,99,16,232
4273,84,32,67,16,199
4276,67,34,150,17,268
4277,166,16,51,17,250
4279,66,17,66,19,168
4282,83,16,51,17,167
4283,67,16,51,17,151
4285,69,17,82,16,184
4286,69,32,98,18,217
4287,52,32,98,18,200
4288,118,16,67,17,218
4290,65,33,67,17,182
4291,83,32,135,17,267
4292,133,33,100,16,282
4293,83,35,67,16,201
4296,84,16,100,16,216
4297,67,16,100,16,199
4298,68,34,66,16,184
4300,67,33,66,16,182
4301,66,17,66,16,165
4302,100,33,66,17,216
4305,66,17,66,17,166
4309,51,32,101,16,200
4310,83,18,133,16,250
4312,67,33,49,17,166
4314,68,33,67,16,184
4315,84,33,50,18,185
4317,101,16,67,15,199
4319,83,34,66,17,200
4320,67,34,66,17,184
4321,51,34,66,17,168
4322,50,18,66,17,151
4324,82,18,99,18,217
4326,66,34,65,18,183
4328,83,17,184,16,300
4330,171,29,51,16,267
4331,66,16,117,17,216
4332,99,38,128,18,283
4334,133,33,66,18,250
4336,72,29,51,16,168
4337,54,29,51,16,150
4338,83,17,66,18,184
4340,62,34,166,16,278
4341,116,35,99,16,266
4343,51,32,117,17,217
4344,66,35,99,16,216
4346,67,32,99,18,216
4349,65,18,133,17,233
4350,66,33,166,18,283
4351,67,17,166,18,268
4352,67,32,101,17,217
4353,51,32,101,17,201
4354,65,34,67,17,183
4355,83,34,134,17,268
4356,85,15,134,17,251
4359,67,16,118,16,217
4360,84,16,68,17,185
4361,132,17,67,16,232
4363,117,33,99,18,267
4364,84,17,67,16,184
4365,67,17,67,16,167
4367,67,16,99,18,200
4368,82,18,65,18,183
4369,100,17,99,17,233
4371,83,32,84,17,216
4376,82,17,152,15,266
4377,66,17,152,15,250
4378,84,17,100,18,219
4379,66,17,100,18,201
4381,69,15,133,18,235
4385,65,17,66,18,166
4386,67,33,66,18,184
4387,166,16,66,18,266
4388,52,15,66,18,151
4389,101,15,100,18,234
4390,66,33,100,18,217
4392,84,16,66,18,184
4393,67,16,66,18,167
4394,51,16,66,18,151
4395,49,33,151,16,249
4396,67,33,150,17,267
4397,66,16,150,17,249
4398,99,35,66,16,216
4399,67,15,85,16,183
4402,84,16,50,17,167
4404,85,16,68,16,185
4406,66,33,66,18,183
4408,50,17,66,18,151
4409,67,17,65,16,165
4410,84,15,68,17,184
4411,68,15,68,17,168
4412,66,34,51,16,167
4414,65,34,117,16,232
4419,84,33,69,17,203
4421,65,17,69,17,168
4422,66,34,52,13,165
4423,67,16,52,13,148
4424,84,18,131,18,251
4425,68,18,131,18,235
4427,68,13,101,18,200
4428,52,13,101,18,184
4429,66,16,85,15,182
4431,98,16,51,16,181
4432,85,16,51,16,168
4433,134,16,68,15,233
4434,85,15,135,15,250
4436,52,15,135,15,217
4437,67,16,68,15,166
4438,102,33,66,16,217
4440,102,33,99,17,251
4441,84,33,99,17,233
4442,68,33,99,17,217
4444,66,33,66,17,182
4445,65,18,66,17,166
4446,66,32,101,16,215
4447,67,16,101,16,200
4449,67,17,167,16,267
4450,66,34,84,14,198
4451,67,17,84,14,182
4452,68,33,116,19,236
4454,67,32,84,19,202
4455,50,32,84,19,185
4456,84,14,138,14,250
4457,68,14,138,14,234
4459,68,16,103,14,201
4460,84,19,82,17,202
4461,65,19,82,17,183
4462,51,19,82,17,169
4464,66,37,129,18,250
4466,68,31,98,18,215
4468,51,17,98,18,184
4470,96,33,102,17,248
4471,82,33,102,17,234
4472,98,35,67,17,217
4473,68,15,102,17,202
4474,65,35,67,17,184
4476,84,18,183,15,300
4477,66,18,183,15,282
4478,69,33,132,18,252
4480,67,32,118,15,232
4482,65,33,67,18,183
4483,65,17,67,18,167
4484,99,33,84,16,232
4486,52,15,51,15,133
4489,116,32,100,17,265
4490,84,17,67,15,183
4491,68,17,67,15,167
4493,66,16,100,17,199
4494,84,18,65,17,184
4495,66,18,65,17,166
4496,100,32,134,15,281
4497,66,18,66,17,167
4499,51,32,134,15,232
4500,65,34,66,17,182
4501,67,17,66,17,167
4502,132,34,67,16,249
4503,67,17,66,15,165
4504,51,17,66,15,149
4506,66,34,67,16,183
4507,66,17,67,16,166
4508,66,34,199,17,316
4510,101,33,99,18,251
4511,117,33,117,18,285
4512,67,33,99,18,217
4514,66,33,117,18,234
4515,65,17,117,18,217
4516,66,35,82,18,201
4517,116,34,69,13,232
4518,68,31,51,18,168
4519,83,34,69,13,199
4521,83,35,65,16,199
4523,67,18,65,16,166
4526,50,19,99,16,184
4528,98,35,132,17,282
4530,64,35,132,17,248
4532,68,33,66,16,183
4533,52,33,66,16,167
4534,51,17,66,16,150
4536,66,33,65,18,182
4538,82,17,66,18,183
4539,65,17,66,18,166
4540,66,32,52,17,167
4541,82,34,101,18,235
4542,83,16,101,18,218
4543,67,16,101,18,202
4544,84,17,99,17,217
4545,67,17,99,17,200
4547,51,33,100,17,201
4548,68,33,67,17,185
4549,65,18,67,17,167
4550,84,15,51,16,166
4552,66,34,83,16,199
4555,66,16,66,17,165
4556,51,16,66,17,150
4557,67,15,117,17,216
4559,66,16,83,17,182
4560,83,18,65,17,183
4561,66,18,65,17,166
4565,83,33,52,16,184
4566,98,34,67,16,215
4569,102,16,67,15,200
4572,85,16,66,18,185
4573,67,16,66,18,167
4574,51,16,66,18,151
4576,132,35,98,17,282
4577,100,15,101,17,233
4579,83,35,98,17,233
4580,65,35,98,17,215
4581,67,18,98,17,200
4582,50,18,98,17,183
4583,69,13,101,17,200
4584,54,13,101,17,185
4585,101,15,168,17,301
4586,66,32,168,17,283
4587,64,15,168,17,264
4589,66,18,49,18,151
4590,67,32,134,17,250
4591,67,15,134,17,233
4592,67,35,66,17,185
4593,102,16,66,17,201
4594,49,18,66,17,150
4597,84,33,199,19,335
4600,83,16,117,17,233
4601,67,16,117,17,217
4602,50,16,117,17,200
4603,66,18,66,16,166
4606,66,35,65,19,185
4607,66,18,65,19,168
4608,131,35,232,18,416
4609,51,33,67,16,167
4611,51,32,68,16,167
4612,65,35,232,18,350
4613,84,33,98,19,234
4615,150,32,168,18,368
4617,65,18,64,19,166
4618,67,32,133,18,250
4619,51,32,133,18,234
4621,67,15,168,18,268
4622,83,17,101,15,216
4624,68,34,67,15,184
4627,66,16,100,18,200
4628,65,36,64,18,183
4629,50,36,64,18,168
4633,100,17,100,15,232
4634,82,17,100,15,214
4636,51,17,100,15,183
4637,65,18,67,15,165
4638,68,32,68,17,185
4639,82,35,66,17,200
4640,100,33,66,18,217
4641,67,18,66,17,168
4645,51,33,51,16,151
4646,66,33,101,16,216
4647,51,33,101,16,201
4649,100,16,50,16,182
4650,84,16,50,16,166
4652,84,17,267,16,384
4653,66,17,267,16,366
4655,101,15,100,17,233
4657,100,17,66,17,200
4658,83,17,66,17,183
4660,51,17,66,17,151
4661,82,33,72,11,198
4663,83,34,115,19,251
4664,66,34,115,19,234
4665,67,17,115,19,218
4667,88,29,67,15,199
4669,84,33,67,17,201
4670,67,33,67,17,184
4676,67,33,65,17,182
4677,52,33,65,17,167
4678,66,34,132,16,248
4679,85,31,67,18,201
4682,82,18,133,17,250
4683,65,18,133,17,233
4684,66,32,67,18,183
4685,82,34,84,15,215
4686,134,34,67,15,250
4687,68,16,84,15,183
4688,66,33,101,15,215
4689,66,17,101,15,199
4691,67,16,67,15,165
4694,135,31,151,18,335
4695,66,17,65,18,166
4697,65,19,200,16,300
4700,83,15,168,16,282
4701,100,20,131,16,267
4702,64,37,131,16,248
4705,116,35,66,17,234
4707,84,35,66,17,202
4708,81,18,66,17,182
4709,86,32,66,18,202
4710,67,32,66,18,183
4711,52,32,66,18,168
4712,67,34,83,16,200
4713,101,15,101,17,234
4715,67,15,101,17,200
4716,51,15,101,17,184
4717,68,16,67,17,168
4720,51,16,66,19,152
4721,66,17,51,17,151
4722,67,32,118,16,233
4723,67,15,118,16,216
4725,68,17,132,17,234
4727,68,14,51,16,149
4728,67,34,100,16,217
4729,66,16,100,16,198
4730,65,33,67,16,181
4731,65,16,67,16,164
4732,84,17,99,17,217
4733,66,17,99,17,199
4734,67,33,100,15,215
4736,51,16,100,15,182
4738,116,17,68,15,216
4739,65,17,68,16,166
4741,67,17,68,15,167
4742,66,34,65,18,183
4745,85,31,68,17,201
4746,117,17,65,19,218
4747,84,35,65,19,203
4748,65,35,65,19,184
4749,67,17,65,19,168
4750,66,33,65,18,182
4751,51,33,65,18,167
4752,68,32,169,16,285
4753,150,34,67,16,267
4755,83,35,101,16,235
4756,83,17,101,16,217
4757,66,17,101,16,200
4758,169,32,68,17,286
4759,49,34,67,16,166
4762,66,35,100,17,218
4763,85,32,68,17,202
4765,115,35,67,14,231
4766,51,16,68,17,152
4767,65,17,102,14,198
4768,233,33,67,16,349
4769,84,32,101,16,233
4770,68,32,101,16,217
4772,52,15,101,16,184
4773,66,19,133,16,234
4774,67,33,66,15,181
4775,64,19,66,15,164
4777,52,33,67,16,168
4778,99,34,65,17,215
4779,52,33,67,16,168
4781,50,34,65,17,166
4782,83,17,66,18,184
4783,67,17,66,18,168
4785,52,32,68,15,167
4787,101,16,84,15,216
4788,66,34,84,15,199
4792,66,34,167,17,284
4793,66,16,167,17,266
4795,117,35,83,15,250
4797,65,17,185,15,282
4798,66,35,83,15,199
4799,67,16,83,15,181
4800,52,16,83,15,166
4801,101,17,66,18,202
4802,67,34,66,18,185
4803,82,32,117,18,249
4806,51,15,117,18,201
4808,66,33,50,18,167
4809,67,15,50,18,150
4810,52,15,50,18,135
4811,66,16,100,18,200
4812,51,16,100,18,185
4813,65,18,66,18,167
4814,117,17,67,15,216
4819,68,14,68,18,168
4820,52,14,68,18,152
4821,99,18,65,19,201
4822,82,18,65,19,184
4825,69,16,100,15,200
4826,67,31,102,15,215
4827,152,33,101,15,301
4828,65,35,67,15,182
4831,65,18,67,15,165
4832,69,33,101,15,218
4833,65,18,101,15,199
4834,82,19,67,15,183
4835,118,34,68,14,234
4836,100,34,68,14,216
4837,52,33,65,19,169
4839,86,31,51,17,185
4840,98,37,63,16,214
4842,84,18,63,16,181
4843,68,18,63,16,165
4844,68,31,68,17,184
4845,67,17,68,17,169
4846,84,16,53,17,170
4847,97,20,131,16,264
4849,65,20,131,16,232
4851,52,34,63,17,166
4854,131,35,233,16,415
4855,63,17,86,14,180
4856,113,19,233,16,381
4857,84,35,233,16,368
4858,66,35,233,16,350
4859,67,19,233,16,335
4860,69,31,167,17,284
4861,52,31,167,17,267
4862,52,14,167,17,250
4863,67,16,68,17,168
4864,81,19,66,16,182
4865,64,19,66,16,165
4866,101,34,67,16,218
4870,66,32,51,16,165
4871,52,32,51,16,151
4872,66,35,151,14,266
4874,67,32,99,20,218
4875,67,16,99,20,202
4876,67,34,151,16,268
4877,84,32,100,19,235
4878,83,15,100,19,217
4880,51,15,100,19,185
4881,82,34,200,17,333
4887,82,32,52,15,181
4888,134,33,68,16,251
4889,83,34,66,17,200
4891,66,16,66,17,165
4893,101,15,69,15,200
4894,85,15,69,15,184
4895,99,18,101,14,232
4898,102,32,150,17,301
4901,52,32,150,17,251
4902,66,35,97,18,216
4903,66,19,97,18,200
4904,81,19,134,16,250
4905,52,33,134,16,235
4906,49,19,134,16,218
4907,83,33,70,16,202
4908,82,15,70,16,183
4909,68,15,70,16,169
4910,64,35,66,16,181
4911,68,17,66,16,167
4914,70,31,134,15,250
4915,52,31,134,15,232
4916,82,18,50,16,166
4917,66,18,50,16,150
4918,115,16,66,17,214
4920,84,16,66,17,183
4922,50,16,66,17,149
4924,68,32,68,16,184
4925,82,36,66,14,198
4926,66,36,66,14,182
4927,66,19,66,14,165
4928,68,32,67,16,183
4929,53,32,67,16,168
4930,68,34,99,17,218
4931,51,34,99,17,201
4933,85,31,52,16,184
4934,67,31,52,16,166
4935,134,16,51,16,217
4936,83,16,67,17,183
4937,85,33,51,16,185
4938,66,33,51,16,166
4942,67,33,100,16,216
4943,67,16,100,16,199
4944,83,17,67,16,183
4945,66,17,67,16,166
4946,82,17,66,18,183
4947,65,17,66,18,166
4948,66,34,66,17,183
4950,67,32,51,17,167
4952,66,34,67,15,182
4953,67,16,67,15,165
4954,50,16,67,15,148
4956,151,16,67,16,250
4957,67,16,133,16,232
4958,67,33,68,15,183
4959,83,33,67,16,199
4960,66,33,67,16,182
4961,66,16,67,16,165
4962,50,16,67,16,149
4963,68,18,82,16,184
4964,50,18,82,16,166
4965,66,17,50,16,149
4966,50,17,50,16,133
4968,82,16,67,17,182
4969,134,16,68,16,234
4970,50,16,67,17,150
4971,134,17,67,15,233
4972,68,32,68,16,184
4974,51,16,68,16,151
4978,68,33,101,15,217
4979,67,17,101,15,200
4980,67,33,200,17,317
4981,101,17,67,16,201
4982,100,34,98,17,249
4985,86,33,99,17,235
4986,68,33,99,17,217
4987,100,17,132,17,266
4988,100,32,51,17,200
4989,66,17,132,17,232
4991,51,32,51,17,151
4992,82,17,183,16,298
4995,67,17,65,18,167
4997,83,33,67,17,200
4999,66,16,67,17,166
5000,83,16,50,16,165
5003,67,16,101,17,201
5004,84,16,68,17,185
5006,50,16,68,17,151
5007,100,17,67,16,200
5008,101,34,67,15,217
5010,68,34,67,15,184
5013,51,33,66,16,166
5014,50,17,66,16,149
5015,84,32,100,16,232
5016,67,32,100,16,215
5019,66,18,66,16,166
5020,85,14,66,17,182
5021,70,14,66,17,167
5022,67,33,101,16,217
5023,51,33,101,16,201
5024,66,33,68,16,183
5026,66,35,132,17,250
5027,67,18,132,17,234
5028,50,18,132,17,217
5029,52,33,65,18,168
5030,84,17,83,15,199
5032,66,32,100,17,215
5033,83,34,66,17,200
5034,65,34,66,17,182
5035,83,32,67,17,199
5036,66,32,67,17,182
5037,50,32,67,17,166
5040,134,34,98,17,283
5042,84,18,101,15,218
5044,68,34,98,17,217
5045,51,34,98,17,200
5046,136,31,51,16,234
5047,52,32,117,16,217
5049,66,18,82,16,182
5050,67,31,51,16,165
5052,83,18,83,15,199
5053,66,18,83,15,182
5055,51,32,66,18,167
5057,50,34,99,16,199
5058,98,35,66,16,215
5060,66,35,66,16,183
5061,50,35,66,16,167
5062,67,32,68,16,183
5064,67,34,68,15,184
5065,65,18,68,15,166
5066,66,34,65,19,184
5067,65,18,65,19,167
5068,68,34,98,18,218
5070,99,35,100,15,249
5071,102,16,100,15,233
5072,65,35,100,15,215
5075,118,33,67,16,234
5076,51,16,100,18,185
5077,66,17,201,15,299
5078,67,33,67,16,183
5079,67,17,67,16,167
5080,68,32,66,18,184
5081,65,17,66,18,166
5083,67,17,66,15,165
5084,67,31,101,18,217
5085,118,35,66,16,235
5088,66,35,66,16,183
5090,70,31,51,15,167
5091,83,35,183,17,318
5092,66,35,183,17,301
5093,51,35,183,17,286
5094,66,31,133,19,249
5095,51,31,133,19,234
5096,100,33,66,19,218
5097,66,16,51,15,148
5098,98,33,69,16,216
5100,67,33,69,16,185
5101,67,15,69,16,167
5102,99,36,82,17,234
5103,50,33,52,15,150
5105,67,17,82,17,183
5108,52,15,51,17,135
5109,81,35,66,16,198
5110,64,35,66,16,181
5111,66,17,66,16,165
5113,51,34,98,18,201
5114,69,32,66,18,185
5116,66,34,133,16,249
5117,116,34,67,16,233
5118,82,16,84,17,199
5119,100,16,67,16,199
5124,68,33,66,18,185
5125,66,17,66,18,167
5126,67,33,51,16,167
5127,67,17,51,16,151
5129,67,16,66,18,167
5130,50,16,66,18,150
5133,50,32,100,18,200
5134,101,34,67,15,217
5135,66,17,65,18,166
5136,83,18,67,15,183
5137,66,18,67,15,166
5138,118,18,133,16,285
5139,100,18,133,16,267
5141,85,31,68,15,199
5142,115,19,98,16,248
5143,68,16,68,15,167
5144,51,16,68,15,150
5145,66,19,98,16,199
5146,67,32,201,15,315
5147,52,32,201,15,300
5148,68,34,167,15,284
5149,85,32,85,16,218
5150,66,32,85,16,199
5152,66,35,100,15,216
5154,67,31,101,16,215
5155,82,35,66,16,199
5156,66,35,66,16,183
5158,66,34,81,17,198
5161,50,32,100,17,199
5162,66,33,67,17,183
5164,65,33,135,16,249
5165,117,33,100,17,267
5166,66,34,67,16,183
5167,84,33,100,17,234
5168,67,33,100,17,217
5169,68,16,100,17,201
5170,85,16,66,17,184
5171,68,16,66,17,167
5172,101,32,67,17,217
5175,82,34,100,16,232
5176,66,34,100,16,216
5177,84,33,67,16,200
5179,100,17,249,18,384
5181,67,17,249,18,351
5182,67,33,133,16,249
5183,84,33,83,17,217
5184,67,33,83,17,200
5185,99,16,102,17,234
5187,65,16,102,17,200
5188,99,34,83,18,234
5189,83,34,83,18,218
5190,83,17,83,18,201
5191,84,34,167,15,300
5192,68,34,167,15,284
5193,51,34,167,15,267
5194,68,33,101,16,218
5196,67,34,146,21,268
5197,67,18,146,21,252
5198,67,31,69,15,182
5201,66,19,79,21,185
5202,83,17,131,19,250
5203,52,33,131,19,235
5204,52,17,131,19,219
5205,52,31,86,14,183
5206,79,21,83,15,198
5207,84,31,101,16,232
5208,83,15,101,16,215
5209,68,15,101,16,200
5210,67,33,68,16,184
5211,104,15,133,17,269
5213,67,15,133,17,232
5215,66,16,67,16,165
5216,52,16,67,16,151
5218,50,17,66,17,150
5219,66,17,99,17,199
5220,67,32,100,18,217
5222,66,34,66,18,184
5223,66,17,66,18,167
5225,67,16,133,17,233
5229,67,17,232,18,334
5231,66,17,50,17,150
5232,100,34,68,15,217
5233,82,34,68,15,199
5234,65,34,68,15,182
5235,100,18,66,17,201
5236,83,18,66,17,184
5238,102,32,67,16,217
5239,85,32,67,16,200
5240,68,32,67,16,183
5241,52,32,67,16,167
5243,67,16,117,17,217
5244,65,34,65,18,182
5247,66,17,84,16,183
5248,86,13,52,16,167
5249,99,17,167,17,300
5250,83,17,167,17,284
5252,50,17,167,17,251
5253,65,16,68,15,164
5256,67,34,66,17,184
5257,50,34,66,17,167
5258,83,17,51,16,167
5260,82,18,67,17,184
5261,64,18,67,17,166
5262,83,16,134,17,250
5265,85,34,83,16,218
5266,67,34,83,16,200
5267,67,17,83,16,183
5268,51,17,83,16,167
5269,82,35,200,16,333
5271,83,33,67,16,199
5272,66,33,67,16,182
5273,68,16,67,16,167
5274,52,16,67,16,151
5275,100,17,116,16,249
5276,66,34,116,16,232
5278,67,34,82,16,199
5279,49,34,82,16,181
5282,66,34,82,17,199
5283,67,17,82,17,183
5284,66,32,67,16,181
5286,66,35,133,16,250
5289,83,34,99,18,234
5290,67,34,99,18,218
5293,67,17,66,18,168
5294,67,34,116,18,235
5297,101,16,50,18,185
5298,66,34,50,18,168
5299,119,33,131,19,302
5300,83,18,100,15,216
5301,67,18,100,15,200
5302,69,33,131,19,252
5303,66,18,131,19,234
5305,51,32,68,15,166
5306,100,33,65,18,216
5307,66,19,64,19,168
5308,67,33,65,18,183
5310,133,35,115,17,300
5312,64,34,68,16,182
5313,68,15,68,16,167
5315,50,35,115,17,217
5316,52,17,115,17,201
5317,65,18,65,17,165
5318,100,33,100,18,251
5322,65,34,167,17,283
5323,66,17,167,17,267
5324,50,17,167,17,251
5325,50,33,51,17,151
5326,67,33,101,17,218
5327,67,16,101,17,201
5328,84,17,66,17,184
5329,68,17,66,17,168
5330,151,16,67,17,251
5333,66,17,67,15,165
5335,67,16,67,17,167
5336,67,34,132,18,251
5337,99,18,166,16,299
5338,82,18,166,16,282
5339,100,16,66,18,200
5340,67,33,66,18,184
5341,66,16,66,18,166
5342,66,33,100,16,215
5343,69,15,100,16,200
5346,66,34,85,16,201
5347,66,16,85,16,183
5348,83,17,52,16,168
5349,66,17,52,16,151
5350,83,19,133,17,252
5351,150,33,66,16,265
5353,85,33,133,16,267
5355,52,33,133,16,234
5357,82,34,66,16,198
5358,100,32,50,17,199
5359,133,18,133,18,302
5361,82,34,133,18,267
5362,100,33,118,15,266
5364,99,33,85,15,232
5366,50,17,118,15,200
5367,135,16,67,16,234
5368,66,33,135,15,249
5369,67,16,135,15,233
5371,132,18,151,16,317
5372,51,16,67,16,150
5374,52,15,68,15,150
5375,99,18,65,18,200
5378,50,18,65,18,151
5380,67,32,68,16,183
5382,65,35,99,17,216
5385,67,16,66,17,166
5387,50,32,151,15,248
5388,65,34,200,17,316
5389,82,33,67,17,199
5390,66,33,67,17,183
5393,83,34,66,17,200
5394,66,34,66,17,183
5395,66,17,66,17,166
5397,101,15,51,16,183
5400,83,17,67,15,182
5401,83,33,67,17,200
5402,85,16,67,17,185
5403,66,16,67,17,166
5406,67,33,117,17,234
5407,65,18,117,17,217
5408,49,18,117,17,201
5411,135,17,151,14,317
5412,66,33,68,16,183
5413,82,35,151,14,282
5415,67,17,151,14,249
5416,51,17,151,14,233
5417,66,17,182,17,282
5418,51,17,182,17,267
5419,50,33,85,14,182
5421,66,18,51,14,149
5422,100,32,67,17,216
5425,118,32,67,17,234
5426,115,17,67,17,216
5427,82,32,67,17,198
5428,99,34,67,17,217
5429,64,17,67,17,165
5431,66,17,67,17,167
5432,66,33,234,17,350
5433,84,34,166,17,301
5434,51,16,234,17,318
5435,67,17,166,17,267
5436,50,17,166,17,250
5438,84,15,69,15,183
5440,84,16,100,17,217
5442,67,34,66,17,184
5444,51,18,66,17,152
5447,67,17,99,17,200
5448,117,15,132,18,282
5449,102,15,132,18,267
5450,85,15,132,18,250
5451,68,15,132,18,233
5453,65,17,99,18,199
5454,100,35,65,16,216
5455,82,35,65,16,198
5456,102,30,69,16,217
5457,51,35,65,16,167
5458,69,30,69,16,184
5459,100,17,100,18,235
5460,83,17,100,18,218
5461,84,34,84,16,218
5462,65,34,84,16,199
5464,101,34,101,17,253
5465,83,34,101,17,235
5466,66,34,101,17,218
5467,84,34,166,16,300
5468,66,34,166,16,282
5469,84,34,66,16,200
5470,68,34,66,16,184
5473,83,33,100,14,230
5474,67,33,100,14,214
5476,66,34,99,17,216
5479,50,32,67,17,166
5480,100,33,100,16,249
5481,84,33,100,16,233
5482,99,35,81,17,232
5483,82,35,81,17,215
5486,68,32,66,16,182
5487,54,32,66,16,168
5488,81,19,166,16,282
5489,64,19,166,16,265
5490,81,17,51,16,165
5492,82,18,66,16,182
5493,68,18,66,16,168
5494,67,33,100,17,217
5495,51,33,100,17,201
5497,51,33,166,17,267
5498,82,17,67,18,184
5499,82,34,99,17,232
5500,66,34,99,17,216
5501,100,16,66,17,199
5502,67,33,66,17,183
5504,85,15,67,17,184
5505,51,33,67,17,168
5506,116,17,235,14,382
5508,100,33,66,18,217
5509,65,17,235,14,331
5512,83,18,84,16,201
5513,66,18,84,16,184
5516,51,15,102,16,184
5519,100,17,115,18,250
5521,67,17,115,18,217
5522,68,34,65,16,183
5523,66,18,65,16,165
5524,68,30,135,18,251
5525,81,35,67,15,198
5528,65,34,132,17,248
5531,84,33,83,18,218
5534,84,15,50,18,167
5537,69,15,67,16,167
5538,83,18,66,16,183
5539,65,18,66,16,165
5541,82,34,84,16,216
5543,66,18,84,16,184
5544,132,34,67,17,250
5545,67,17,51,16,151
5546,84,16,118,16,234
5547,84,34,67,17,202
5548,66,34,67,17,184
5549,50,34,67,17,168
5550,101,33,199,17,350
5551,84,33,199,17,333
5553,83,33,67,16,199
5554,67,33,67,16,183
5555,67,16,67,16,166
5556,82,21,129,17,249
5557,66,21,129,17,233
5558,70,30,65,17,182
5561,67,17,83,16,183
5563,51,32,100,18,201
5564,65,34,66,18,183
5565,66,17,66,18,167
5567,67,16,51,15,149
5568,67,33,68,17,185
5569,50,33,68,17,168
5571,67,15,52,16,150
5572,51,15,52,16,134
5573,83,33,133,18,267
5574,117,17,52,15,201
5577,83,34,66,18,201
5578,66,34,66,18,184
5580,51,16,66,18,151
5582,52,15,100,16,183
5584,84,15,67,17,183
5587,98,17,100,16,231
5588,67,33,100,16,216
5589,65,17,100,16,198
5590,67,35,65,16,183
5593,85,32,133,16,266
5594,68,32,133,16,249
5595,99,17,100,16,232
5599,101,17,166,15,299
5600,67,35,166,15,283
5601,51,35,166,15,267
5602,69,31,168,16,284
5604,117,15,69,15,216
5605,64,17,135,16,232
5608,66,34,68,16,184
5610,51,16,68,16,151
5611,66,18,65,17,166
5613,66,18,65,17,166
5614,50,18,65,17,150
5615,51,32,101,16,200
5618,65,35,66,16,182
5620,68,33,67,16,184
5621,68,16,67,16,167
5622,68,33,101,16,218
5623,84,34,67,16,201
5625,116,34,82,17,249
5626,67,33,66,17,183
5629,85,32,118,15,250
5630,67,32,118,15,232
5631,51,32,118,15,216
5632,100,33,183,18,334
5633,84,33,183,18,318
5635,66,17,183,18,284
5637,68,15,100,17,200
5638,66,33,117,18,234
5640,66,34,83,18,201
5641,65,17,83,18,183
5642,50,17,83,18,168
5643,82,34,83,17,216
5644,84,17,83,17,201
5645,67,17,83,17,184
5646,67,34,99,16,216
5648,68,33,66,16,183
5652,66,33,67,16,182
5653,83,33,133,18,267
5654,66,33,133,18,250
5655,66,17,133,18,234
5657,99,18,166,17,300
5658,67,34,166,17,284
5661,83,33,101,17,234
5663,67,16,101,17,201
5664,65,33,101,16,215
5665,117,34,67,16,234
5666,83,17,266,18,384
5667,83,34,67,16,200
5668,67,34,67,16,184
5669,83,33,166,18,300
5671,118,34,66,16,234
5672,67,34,132,18,251
5673,66,18,132,18,234
5675,66,18,66,16,166
5677,101,17,100,17,235
5678,67,33,100,17,217
5679,84,32,68,17,201
5680,131,35,65,18,249
5681,51,32,68,17,168
5682,65,33,100,18,216
5684,65,35,65,18,183
5686,51,17,65,18,151
5687,67,15,51,16,149
5689,67,15,67,17,166
5690,83,16,200,17,316
5691,66,16,200,17,299
5693,99,18,65,18,200
5695,66,18,65,18,167
5697,52,33,116,17,218
5698,100,35,66,15,216
5699,150,34,67,16,267
5700,100,32,67,16,215
5703,51,32,67,16,166
5704,150,18,83,16,267
5705,66,17,67,16,166
5706,66,33,50,16,165
5707,52,33,50,16,151
5708,67,34,83,16,200
5709,84,32,85,16,217
5710,67,32,85,16,200
5712,83,16,52,16,167
5713,67,16,52,16,151
5715,67,16,100,16,199
5716,85,16,66,16,183
5717,68,16,66,16,166
5719,116,33,68,16,233
5721,82,33,68,16,199
5722,82,17,68,16,183
5723,65,17,68,16,166
5724,65,34,101,16,216
5729,84,34,116,16,250
5731,84,33,67,16,200
5732,67,33,67,16,183
5733,117,34,99,16,266
5736,66,34,99,16,215
5737,67,17,99,16,199
5738,50,17,99,16,182
5739,52,32,118,17,219
5741,82,34,100,16,232
5742,65,34,100,16,215
5743,83,32,102,17,234
5744,67,32,102,17,218
5746,102,32,67,15,216
5748,51,17,99,15,182
5751,83,33,117,16,249
5752,66,33,117,16,232
5753,83,32,200,18,333
5755,83,34,51,16,184
5756,81,18,51,16,166
5757,64,18,51,16,149
5758,66,34,82,17,199
5759,102,16,99,18,235
5760,68,33,99,18,218
5763,51,34,133,16,234
5765,82,33,134,17,266
5766,66,33,134,17,250
5767,67,15,134,17,233
5768,83,17,67,15,182
5769,118,34,165,16,333
5770,51,17,67,15,150
5773,66,18,165,16,265
5774,67,32,66,18,183
5778,65,33,102,15,215
5783,50,32,67,16,165
5784,51,16,67,16,150
5785,65,19,66,16,166
5786,67,32,100,17,216
5787,117,32,101,17,267
5788,67,34,83,19,203
5789,85,32,101,17,235
5791,83,34,67,17,201
5792,100,36,132,16,284
5793,50,34,67,17,168
5794,83,19,132,16,250
5795,67,19,132,16,234
5796,85,16,66,18,185
5797,51,31,66,18,166
5798,51,16,66,18,151
5799,85,31,100,17,233
5800,66,31,100,17,214
5801,67,15,100,17,199
5802,66,35,65,17,183
5803,67,17,65,17,166
5804,49,17,65,17,148
5805,66,16,133,18,233
5806,51,16,133,18,218
5807,82,33,133,19,267
5808,82,16,133,19,250
5809,66,16,133,19,234
5811,50,34,51,16,151
5813,83,34,133,18,268
5816,51,16,133,18,218
5817,50,32,101,18,201
5818,85,16,134,15,250
5819,67,16,134,15,232
5820,51,16,134,15,216
5821,85,32,68,15,200
5823,66,16,68,15,165
5824,84,16,67,16,183
5826,66,34,67,15,182
5827,66,18,67,15,166
5828,117,18,65,17,217
5829,117,32,50,18,217
5830,116,17,50,18,201
5831,67,18,65,17,167
5832,67,32,50,18,167
5834,82,17,135,15,249
5835,66,17,135,15,233
5836,65,35,65,17,182
5840,84,16,99,20,219
5842,82,18,84,15,199
5843,116,32,119,15,282
5844,67,32,52,15,166
5845,83,32,119,15,249
5846,67,32,119,15,233
5848,64,35,67,17,183
5849,99,18,134,16,267
5850,100,34,82,18,234
5854,67,32,68,16,183
5856,51,15,68,16,150
5857,99,18,116,16,249
5858,82,18,116,16,232
5859,83,33,83,16,215
5860,68,33,83,16,200
5861,67,17,83,16,183
5862,99,34,66,18,217
5863,67,16,134,18,235
5864,84,15,66,18,183
5865,68,15,66,18,167
5866,83,16,67,18,184
5867,67,16,67,18,168
5868,85,15,134,18,252
5869,66,15,134,18,233
5870,51,15,134,18,218
5871,67,16,233,18,334
5872,85,17,65,18,185
5874,69,32,51,16,168
5875,83,33,67,16,199
5876,67,33,67,16,183
5877,100,16,66,17,199
5880,116,17,99,17,249
5881,65,17,66,18,166
5882,67,33,99,17,216
5883,65,17,99,17,198
5884,66,33,66,17,182
5885,67,16,66,17,166
5886,66,34,67,17,184
5888,67,32,67,18,184
5889,82,35,99,18,234
5890,83,18,99,18,218
5891,83,32,67,18,200
5892,67,32,67,18,184
5893,67,15,67,18,167
5894,67,36,164,17,284
5896,167,31,51,18,267
5897,100,16,52,13,181
5898,67,34,52,13,166
5899,67,16,52,13,148
5900,82,17,167,15,281
5901,85,31,51,18,185
5902,68,31,51,18,168
5903,50,31,51,18,150
5904,52,13,51,18,134
5905,66,16,102,15,199
5906,82,18,133,17,250
5907,64,18,133,17,232
5909,51,33,68,16,168
5910,102,34,66,15,217
5911,85,34,66,15,200
5912,67,34,66,15,182
5914,68,32,66,18,184
5918,98,35,98,18,249
5919,50,32,133,18,233
5920,84,17,98,18,217
5922,115,17,66,19,217
5923,52,32,66,18,168
5924,52,15,66,18,151
5926,65,33,52,15,165
5927,66,15,52,15,148
5928,84,15,101,17,217
5930,51,15,101,17,184
5931,67,15,199,18,299
5935,65,17,132,18,232
5936,84,16,150,18,268
5937,67,16,150,18,251
5938,84,15,66,18,183
5941,67,17,67,15,166
5942,84,15,235,19,353
5945,66,18,83,16,183
5946,67,33,166,19,285
5947,66,18,166,19,269
5948,51,18,166,19,254
5949,67,17,99,17,200
5951,68,16,100,19,203
5952,50,16,100,19,185
5953,50,34,85,13,182
5954,83,16,53,13,165
5956,50,16,53,13,132
5957,66,17,67,17,167
5959,69,13,52,16,150
5960,101,33,117,15,266
5961,84,33,117,15,249
5962,149,16,117,17,299
5963,114,32,117,17,280
5964,52,16,117,15,200
5967,98,18,99,16,231
5970,67,32,67,16,182
5971,68,15,67,16,166
5973,89,28,52,17,186
5974,82,17,52,17,168
5976,67,35,116,15,233
5978,63,34,97,19,213
5979,52,34,97,19,202
5980,69,33,116,16,234
5981,53,33,116,16,218
5982,67,33,83,16,199
5983,66,17,83,16,182
5985,67,15,52,16,150
5986,83,16,67,17,183
5987,67,16,67,17,167
5988,83,16,101,16,216
5989,67,16,101,16,200
5990,86,16,166,17,285
5992,67,34,82,17,200
5993,67,17,82,17,183
5994,84,17,66,18,185
5995,66,17,66,18,167
5996,116,17,68,15,216
5997,66,17,101,15,199
