序号,发送->接收,接收->转发,转发->接收,接收->处理,总计
2,67,50,84,16,217
3,50,50,84,16,200
4,64,18,84,16,182
5,66,17,115,17,215
7,50,50,65,17,182
8,52,33,65,17,167
9,67,17,65,18,167
11,50,33,84,16,183
12,67,50,65,17,199
13,50,50,65,17,182
14,98,19,83,17,217
16,65,19,83,17,184
17,100,35,66,18,219
20,67,18,66,18,169
21,83,49,66,18,216
22,67,49,66,18,200
23,52,49,66,18,185
24,84,18,200,32,334
25,84,33,233,17,367
26,67,33,233,17,350
27,83,33,66,34,216
30,66,33,67,34,200
31,82,33,68,32,215
33,84,34,66,17,201
35,84,34,131,19,268
36,67,34,131,19,251
39,54,32,182,18,286
40,66,34,65,19,184
41,101,17,114,18,250
42,66,34,114,18,232
43,85,50,64,18,217
44,68,50,64,18,200
45,51,50,64,18,183
46,50,34,64,18,166
47,67,16,66,16,165
48,83,31,103,31,248
49,67,31,103,31,232
50,101,16,83,17,217
52,66,16,83,17,182
53,65,18,65,17,165
55,52,33,67,17,169
56,50,17,67,17,151
57,100,18,148,17,283
58,51,31,67,17,166
59,84,49,116,17,266
61,66,32,116,17,231
64,84,16,116,18,234
66,52,16,116,18,202
67,51,48,68,18,185
68,66,16,68,18,168
70,100,34,99,34,267
71,167,33,52,31,283
73,52,34,99,34,219
74,69,48,85,31,233
75,151,34,115,18,318
76,99,16,52,31,198
77,66,33,52,31,182
78,65,16,52,31,164
80,68,34,115,18,235
81,85,49,116,17,267
83,52,49,116,17,234
86,49,34,82,17,182
87,67,32,83,17,199
89,149,17,51,17,234
90,84,32,51,33,200
91,82,17,51,33,183
92,83,33,51,17,184
94,65,17,51,17,150
95,83,33,52,30,198
97,51,33,52,30,166
100,66,19,65,16,166
101,51,19,65,16,151
102,100,33,101,17,251
103,83,33,101,17,234
106,51,16,101,17,185
107,51,34,232,16,333
108,84,33,65,17,199
109,67,33,65,17,182
110,66,18,65,17,166
111,66,17,65,16,164
112,50,17,65,16,148
115,98,18,150,16,282
117,64,18,150,16,248
118,183,34,85,31,333
119,84,17,83,17,201
120,67,17,83,17,184
121,51,17,83,17,168
123,50,16,68,16,150
127,51,17,85,31,184
128,50,32,101,17,200
129,119,48,101,16,284
130,66,18,83,17,184
131,85,48,101,16,250
132,69,48,101,16,234
133,53,48,101,16,218
135,66,34,67,16,183
136,82,34,65,17,198
137,67,34,65,17,183
138,100,18,84,16,218
140,66,18,84,16,184
141,67,16,68,16,167
142,51,16,68,16,151
143,65,34,67,16,182
144,67,17,67,16,167
146,68,49,116,17,250
151,67,33,100,33,233
152,52,33,100,33,218
153,84,49,67,32,232
154,68,49,67,32,216
156,67,17,67,32,183
157,66,34,65,16,181
158,83,33,84,33,233
159,68,33,84,33,218
161,67,32,52,33,184
162,51,32,52,33,168
163,99,18,98,17,232
164,66,18,66,17,167
165,84,33,65,17,199
166,50,18,98,17,183
167,52,33,65,17,167
169,51,50,100,16,217
170,83,32,68,16,199
171,100,18,66,34,218
172,50,32,68,16,166
173,67,18,66,34,185
175,116,34,117,31,298
176,67,18,50,16,151
177,84,34,117,31,266
181,50,34,132,17,233
182,68,48,66,18,200
183,135,31,318,17,501
185,50,16,66,18,150
186,66,48,318,17,449
189,84,17,66,16,183
190,66,17,66,16,165
191,66,33,66,18,183
192,51,33,66,18,168
193,51,17,66,18,152
194,67,49,50,18,184
196,66,17,50,18,151
198,67,50,99,17,233
199,83,18,99,17,217
201,50,18,99,17,184
203,68,17,66,17,168
204,51,17,66,17,151
205,50,33,65,18,166
206,100,17,99,17,233
207,115,18,101,17,251
208,66,17,99,17,199
209,83,18,101,17,219
210,65,18,101,17,201
211,67,33,68,17,185
212,83,33,52,31,199
214,119,17,131,18,285
216,50,35,84,16,185
220,66,19,81,18,184
221,67,17,233,33,350
223,101,34,67,17,219
224,52,17,133,17,219
225,81,18,67,17,183
226,64,18,67,17,166
228,49,17,134,33,233
229,51,50,150,33,284
231,67,17,67,33,184
232,67,33,67,33,200
234,84,18,66,33,201
235,66,18,66,33,183
237,167,15,134,18,334
239,51,33,116,17,217
241,51,51,65,17,184
242,84,15,134,18,251
243,69,15,134,18,236
245,118,34,66,18,236
246,66,17,51,33,167
247,99,17,66,18,200
249,85,33,200,33,351
251,51,33,200,33,317
254,66,34,133,33,266
255,85,50,83,33,251
256,67,50,83,33,233
257,66,33,83,33,215
258,84,32,51,33,200
260,65,17,51,33,166
263,83,33,149,17,282
264,68,33,149,17,267
265,51,33,149,17,250
267,100,18,81,17,216
269,68,18,81,17,184
270,68,32,132,17,249
271,132,35,65,17,249
272,50,17,132,17,216
274,98,18,65,17,198
277,67,33,98,19,217
278,52,33,98,19,202
280,66,17,66,19,168
281,65,34,51,33,183
282,50,34,51,33,168
283,117,33,65,17,232
284,69,33,51,32,185
285,85,33,65,17,200
289,52,50,84,16,202
290,83,32,117,17,249
293,64,21,63,18,166
294,71,31,115,17,234
295,53,31,115,17,216
296,101,50,66,17,234
297,84,50,66,17,217
298,96,17,66,17,196
299,51,50,66,17,184
301,83,33,235,31,382
302,184,32,68,16,300
303,65,17,235,31,348
306,66,18,100,33,217
309,118,50,66,16,250
310,51,32,68,16,167
311,65,18,66,18,167
312,68,50,66,16,200
313,67,33,66,16,182
314,52,33,66,16,167
315,68,16,101,16,201
318,68,49,117,32,266
319,51,49,117,32,249
320,66,18,117,32,233
321,66,17,100,32,215
322,66,33,99,16,214
324,135,48,200,20,403
325,83,34,117,33,267
326,66,34,117,33,250
327,50,34,117,33,234
328,67,48,200,20,335
329,51,48,200,20,319
331,83,18,67,34,202
333,104,33,98,20,255
334,51,34,83,16,184
335,69,33,98,20,220
337,67,34,64,20,185
339,67,16,68,33,184
343,84,33,99,16,232
344,101,47,68,32,248
345,52,33,99,16,200
346,69,47,68,32,216
347,53,47,68,32,200
348,80,19,65,16,180
350,66,33,84,16,199
351,67,16,84,16,183
354,81,36,83,16,216
355,64,36,83,16,199
358,68,48,83,19,218
360,83,19,83,17,202
362,67,48,52,16,183
365,102,17,166,34,319
366,83,17,166,34,300
367,67,17,166,34,284
369,52,33,133,34,252
372,84,16,66,34,200
373,84,48,102,16,250
374,115,18,84,16,233
375,51,48,102,16,217
376,67,16,102,16,201
377,64,18,84,16,182
378,66,34,66,34,200
381,52,33,67,32,184
382,67,33,115,17,232
385,64,19,81,17,181
386,67,32,66,16,181
390,81,33,152,17,283
393,81,18,66,17,182
394,84,17,66,34,201
397,52,33,67,17,169
398,51,17,67,17,152
401,66,18,65,18,167
402,67,33,183,35,318
403,51,33,183,35,302
404,67,50,84,16,217
405,83,18,84,16,201
406,65,18,84,16,183
407,98,19,82,35,234
409,85,33,84,32,234
410,69,33,84,32,218
412,50,17,84,32,183
413,52,33,51,32,168
415,66,35,84,31,216
416,84,32,66,17,199
417,68,32,66,17,183
418,51,32,66,17,166
419,67,17,66,16,166
420,51,17,66,16,150
421,217,51,65,33,366
422,69,47,350,18,484
424,82,19,67,31,199
425,67,19,67,31,184
427,69,31,70,15,185
429,51,16,70,15,152
430,81,37,65,33,216
431,81,20,65,33,199
433,50,20,65,33,168
434,66,34,64,17,181
435,52,34,64,17,167
437,98,32,83,18,231
438,83,32,83,18,216
439,67,32,83,18,200
442,68,49,69,33,219
444,67,17,69,33,186
445,83,18,68,16,185
446,65,18,68,16,167
447,66,35,65,16,182
448,51,35,65,16,167
450,53,33,82,17,185
451,68,16,99,17,200
453,65,16,116,18,215
456,83,16,101,32,232
457,83,49,84,18,234
460,65,17,84,18,184
461,83,34,65,17,199
462,67,34,65,17,183
463,50,34,65,17,166
464,69,50,67,32,218
467,69,32,84,33,218
468,65,17,84,33,199
469,86,50,67,32,235
470,67,50,67,32,216
471,99,17,117,17,250
472,116,35,84,32,267
473,67,17,117,17,218
474,67,50,84,32,233
475,64,35,84,32,215
476,67,17,84,32,200
477,82,17,52,32,183
478,82,35,83,34,234
479,102,17,167,15,301
480,66,18,83,34,201
482,52,17,167,15,251
483,118,34,67,15,234
484,67,17,67,16,167
485,66,17,66,35,184
486,66,34,67,15,182
488,68,32,68,16,184
490,66,35,198,17,316
492,67,33,115,18,233
493,84,48,67,18,217
494,68,48,67,18,201
495,51,48,67,18,184
497,66,18,67,32,183
499,82,17,151,17,267
500,85,18,115,18,236
502,67,49,84,17,217
503,52,49,84,17,202
504,67,17,84,17,185
506,65,17,51,17,150
508,68,33,65,17,183
509,84,33,65,15,197
511,51,33,65,15,164
514,82,31,54,33,200
515,65,31,54,33,183
516,100,16,84,15,215
517,65,36,84,15,200
518,84,18,66,15,183
519,85,33,117,34,269
523,66,33,103,15,217
524,66,15,103,15,199
525,84,16,101,32,233
526,66,16,101,32,215
527,83,19,66,32,200
528,84,34,64,18,200
529,84,19,64,18,185
531,69,15,67,18,169
532,53,15,67,18,153
533,98,18,68,16,200
534,67,16,68,18,169
536,99,18,67,17,201
538,102,49,83,16,250
539,86,49,83,16,234
541,66,33,83,16,198
542,52,33,83,16,184
544,66,33,134,33,266
545,83,49,51,16,199
546,68,49,51,16,184
548,66,16,51,16,149
552,67,34,66,34,201
553,51,34,66,34,185
554,66,33,100,33,232
555,67,18,100,33,218
556,100,34,66,32,232
558,100,33,65,18,216
559,51,34,66,32,183
560,67,33,65,18,183
563,84,50,67,16,217
565,51,50,67,16,184
566,249,34,84,16,383
567,84,17,67,17,185
568,66,17,67,17,167
569,84,18,167,16,285
570,118,17,117,16,268
571,67,16,83,34,200
574,51,17,117,16,201
575,65,34,68,16,183
576,83,34,84,16,217
577,66,34,84,16,200
578,65,18,84,16,183
579,102,16,50,34,202
581,68,16,50,34,168
582,102,50,67,33,252
583,66,18,117,33,234
584,68,50,67,33,218
587,68,16,84,16,184
588,81,18,51,16,166
589,83,51,133,18,285
590,67,51,133,18,269
591,67,33,133,18,251
594,51,16,117,18,202
595,133,16,134,31,314
596,66,18,67,18,169
597,66,34,115,17,232
598,84,16,134,31,265
599,66,16,134,31,247
600,52,16,134,31,233
601,67,18,64,17,166
603,150,49,49,18,266
604,66,16,150,18,250
605,65,34,116,18,233
606,282,17,65,16,380
607,84,49,49,18,200
608,99,18,49,18,184
609,101,32,68,34,235
610,66,18,49,18,151
612,81,35,67,17,200
613,83,18,67,17,185
614,285,18,149,17,469
615,49,18,67,17,151
616,166,17,68,18,269
619,67,17,65,16,165
620,52,17,65,16,150
622,67,17,68,18,170
624,65,16,116,19,216
626,67,18,81,19,185
627,168,34,67,31,300
628,51,18,149,17,235
630,67,17,68,33,185
631,299,35,131,17,482
632,63,19,101,31,214
633,66,34,67,31,198
636,68,18,65,17,168
638,86,31,67,16,200
639,67,31,67,16,181
640,100,17,68,16,201
641,99,33,234,17,383
642,150,16,132,19,317
643,65,33,234,17,349
645,166,19,65,19,269
646,85,16,132,19,252
647,84,33,199,18,334
649,51,33,199,18,301
650,51,17,199,18,285
653,51,48,117,18,234
655,551,16,68,17,652
656,84,32,67,32,215
658,52,32,67,32,183
660,168,34,65,16,283
661,81,18,66,18,183
662,84,32,151,18,285
666,68,34,65,16,183
667,165,36,64,17,282
668,69,33,183,17,302
669,52,33,183,17,285
672,65,16,69,31,181
674,66,18,64,17,165
676,85,31,118,17,251
677,100,35,83,17,235
678,51,31,118,17,217
679,164,35,151,16,366
680,66,18,83,17,184
684,83,35,151,16,285
686,550,32,118,16,716
687,68,33,118,16,235
688,51,33,118,16,218
690,50,17,66,18,151
691,83,17,132,17,249
692,68,17,132,17,234
693,67,16,133,17,233
694,50,16,133,17,216
695,167,34,52,32,285
698,66,16,103,17,202
699,64,34,151,15,264
700,98,17,52,32,199
701,65,34,52,32,183
702,84,17,184,32,317
703,51,17,52,32,152
705,51,35,97,18,201
707,52,32,83,34,201
708,67,48,101,16,232
709,166,32,118,16,332
710,65,15,101,16,197
714,50,34,116,34,234
717,150,34,100,16,300
718,66,17,118,34,235
719,65,34,118,16,233
720,50,34,118,16,218
721,84,34,100,16,234
722,169,33,66,17,285
723,51,34,100,16,201
724,69,33,133,17,252
725,51,33,133,17,234
726,67,34,67,32,200
728,166,50,133,17,366
729,84,34,99,17,234
730,67,34,99,17,217
731,52,34,99,17,202
732,166,49,84,33,332
734,150,32,84,33,299
735,100,17,66,16,199
737,551,18,66,17,652
738,67,49,84,33,233
739,166,17,117,16,316
741,551,33,82,16,682
742,66,16,51,33,166
743,65,18,150,16,249
744,50,18,150,16,234
745,84,51,148,18,301
746,50,17,117,16,200
747,102,33,67,16,218
748,66,18,148,18,250
749,168,16,132,16,332
751,101,16,66,18,201
753,100,16,132,16,264
754,85,16,132,16,249
755,1017,49,68,31,1165
757,152,46,102,17,317
758,66,18,52,15,151
759,66,18,98,18,200
760,166,18,66,17,267
761,86,46,102,17,251
762,52,18,198,17,285
764,64,16,102,17,199
766,64,18,66,17,165
768,1020,31,82,18,1151
769,102,17,82,16,217
770,68,33,82,16,199
771,299,18,66,34,417
772,68,33,65,19,185
774,150,32,67,18,267
776,98,19,65,17,199
777,66,35,65,17,183
778,84,32,67,18,201
779,99,33,52,16,200
780,52,32,67,18,169
783,65,34,84,34,217
784,50,34,84,34,202
785,67,18,66,34,185
786,51,18,66,34,169
787,52,33,67,32,184
788,284,34,83,33,434
789,301,32,101,17,451
790,100,49,67,33,249
791,65,19,64,17,165
793,51,49,67,33,200
794,66,17,67,33,183
795,1856,33,68,16,1973
796,281,18,151,31,481
797,101,33,100,17,251
798,66,18,99,34,217
800,68,17,100,17,202
801,1035,17,66,32,1150
803,99,34,67,17,217
804,283,17,119,31,450
805,66,34,67,17,184
806,50,34,67,17,168
808,52,17,67,31,167
809,318,49,82,18,467
810,50,18,151,31,250
812,285,31,82,18,416
814,100,33,119,31,283
816,66,33,119,31,249
817,102,31,52,18,203
818,51,17,119,31,218
819,151,49,82,18,300
820,101,33,66,17,217
822,68,33,66,17,184
823,83,49,82,18,232
825,101,17,65,18,201
826,51,31,82,18,182
827,167,33,67,17,284
828,83,33,66,18,200
830,169,49,84,33,335
831,67,33,250,18,368
832,65,18,250,18,351
833,66,33,67,17,183
836,152,33,83,18,286
837,100,17,167,34,318
839,67,17,167,34,285
840,66,50,83,18,217
843,84,33,134,17,268
844,550,16,166,17,749
845,50,33,134,17,234
847,101,16,67,17,201
848,167,33,133,32,365
850,51,16,67,17,151
851,152,50,52,31,285
852,68,33,65,18,184
854,67,33,133,32,265
855,85,50,52,31,218
858,166,51,66,33,316
859,66,17,66,32,181
860,67,35,148,33,283
861,52,35,148,33,268
862,101,51,66,33,251
863,52,31,150,16,249
864,1088,16,100,18,1222
866,63,19,66,33,181
867,302,16,170,19,507
868,284,16,170,19,489
870,118,16,166,17,317
871,99,16,166,17,298
872,84,16,166,17,283
873,67,16,166,17,266
875,65,18,67,17,167
876,338,35,51,17,441
877,538,17,83,17,655
879,102,16,170,19,307
881,67,16,170,19,272
883,65,34,121,19,239
885,98,18,70,19,205
887,206,18,67,17,308
888,138,35,51,17,241
889,574,15,100,18,707
891,224,32,150,17,423
893,86,17,65,18,186
894,82,17,65,18,182
897,52,33,65,17,167
898,149,17,83,17,266
902,65,34,83,17,199
903,99,17,66,16,198
904,167,35,98,17,317
905,149,35,98,17,299
906,51,17,66,16,150
908,66,34,67,16,183
913,100,16,68,17,201
914,4033,34,100,17,4184
915,67,16,68,17,168
916,98,34,66,18,216
917,68,15,100,18,201
921,66,16,51,17,150
922,51,16,51,17,135
923,67,16,100,18,201
925,100,15,101,16,232
926,84,15,101,16,216
927,67,15,101,16,199
928,66,34,67,16,183
929,165,19,84,16,284
930,83,16,101,17,217
931,67,16,101,17,201
932,52,16,101,17,186
935,168,16,65,18,267
936,68,33,51,16,168
939,69,15,66,17,167
940,65,35,65,18,183
942,51,16,65,18,150
944,66,34,66,17,183
945,64,17,66,17,164
946,299,34,83,16,432
948,52,16,83,17,168
949,100,17,67,17,201
950,66,34,67,17,184
951,65,17,67,17,166
954,51,17,66,17,151
955,51,33,82,19,185
956,550,16,100,18,684
957,67,16,135,16,234
958,100,34,83,16,233
960,67,34,83,16,200
962,68,32,51,16,167
963,51,32,51,16,150
964,66,35,64,17,182
965,69,17,64,17,167
966,298,34,66,19,417
967,67,16,118,14,215
968,51,16,118,14,199
969,67,14,69,17,167
970,98,35,116,16,265
971,65,17,52,14,148
973,65,18,116,16,215
974,51,18,116,16,201
978,66,32,67,17,182
980,67,34,66,19,186
983,67,17,52,15,151
984,84,16,100,18,218
986,50,16,100,18,184
989,100,16,103,16,235
990,52,15,100,17,184
991,549,34,82,17,682
992,66,35,68,16,185
993,66,17,68,16,167
994,51,17,68,16,152
995,51,32,52,16,151
996,168,33,84,16,301
999,67,16,66,17,166
1001,51,33,66,16,166
1002,65,33,84,16,198
1003,82,33,101,16,232
1005,285,33,167,15,500
1006,100,33,67,16,216
1007,65,18,67,16,166
1008,67,33,67,16,183
1010,101,33,50,17,201
1012,67,33,50,17,167
1013,83,34,66,15,198
1014,67,34,66,15,182
1015,51,34,66,15,166
1016,300,33,99,18,450
1017,84,33,167,15,299
1018,50,17,67,15,149
1019,99,19,82,17,217
1020,165,34,67,16,282
1022,99,33,134,16,282
1023,51,32,50,17,150
1024,167,33,99,18,317
1025,69,15,134,16,234
1026,82,17,67,16,182
1027,67,17,67,16,167
1028,50,17,67,16,150
1029,65,18,66,16,165
1030,68,33,99,18,218
1031,66,18,99,18,201
1032,67,33,66,18,184
1033,51,33,66,18,168
1034,66,32,101,16,215
1035,51,32,101,16,200
1036,166,34,100,17,317
1037,66,17,135,16,234
1038,84,17,231,19,351
1039,85,32,68,16,201
1040,169,32,99,19,319
1041,100,18,100,17,235
1042,101,34,83,15,233
1043,65,18,100,17,200
1046,68,32,99,19,218
1048,66,34,84,14,198
1049,67,18,84,14,183
1051,82,33,118,17,250
1052,99,33,69,16,217
1053,68,15,118,17,218
1054,65,33,69,16,183
1055,99,16,102,15,232
1056,52,14,69,16,151
1057,98,19,100,16,233
1061,51,33,83,16,183
1062,51,17,83,16,167
1064,67,33,100,15,215
1066,83,16,68,15,182
1068,165,34,51,16,266
1069,67,18,99,16,200
1070,67,33,66,16,182
1071,1033,18,83,16,1150
1072,51,17,66,16,150
1074,65,34,51,16,166
1075,83,34,116,16,249
1076,66,34,116,16,232
1078,68,33,83,16,200
1079,151,31,118,17,317
1080,51,16,83,16,166
1082,65,36,97,17,215
1083,65,19,97,17,198
1084,68,31,118,17,234
1085,165,18,67,17,267
1086,51,16,118,17,202
1087,50,34,67,17,168
1088,297,35,83,15,430
1090,168,34,131,17,350
1094,102,34,131,17,284
1095,52,33,133,16,234
1096,67,34,131,17,249
1098,67,31,133,18,249
1101,65,16,67,17,165
1102,99,32,51,15,197
1103,67,18,83,15,183
1104,68,32,51,15,166
1105,100,16,69,16,201
1106,100,33,52,17,202
1107,101,15,52,17,185
1108,299,34,67,16,416
1109,67,15,52,17,151
1110,168,33,66,16,283
1113,51,33,166,15,265
1114,102,33,66,16,217
1115,51,33,99,16,199
1116,99,32,68,15,214
1117,100,15,68,15,198
1119,98,17,301,17,433
1120,65,34,301,17,417
1121,98,18,67,16,199
1122,167,34,83,16,300
1123,65,18,67,16,166
1124,68,33,100,17,218
1125,51,33,100,17,201
1126,67,34,151,16,268
1128,83,18,83,16,200
1129,86,32,67,18,203
1130,299,35,99,18,451
1133,67,16,52,16,151
1134,65,34,67,17,183
1135,66,16,67,17,166
1137,84,33,100,16,233
1139,83,32,68,16,199
1140,99,33,85,15,232
1142,65,33,85,15,198
1143,67,15,85,15,182
1144,534,33,183,16,766
1145,66,17,99,18,200
1146,68,34,65,18,185
1147,300,17,82,16,415
1154,52,16,100,17,185
1157,99,17,66,18,200
1158,67,33,66,18,184
1159,101,17,82,16,216
1160,83,17,82,16,198
1161,83,32,50,16,181
1164,99,33,102,15,249
1168,50,16,102,15,183
1171,85,33,183,16,317
1173,52,33,183,16,284
1176,165,34,67,17,283
1177,184,33,102,15,334
1178,66,32,85,16,199
1179,168,16,102,15,301
1180,52,14,85,16,167
1182,66,34,67,17,184
1183,149,34,65,17,265
1185,284,33,51,16,384
1187,83,34,65,17,199
1189,532,18,83,16,649
1191,85,31,117,16,249
1192,166,33,51,16,266
1193,149,33,51,16,249
1195,50,33,168,17,268
1196,64,34,66,18,182
1197,83,33,51,16,183
1198,67,33,51,16,167
1199,50,33,51,16,150
1201,66,16,100,19,201
1202,66,34,66,19,185
1203,52,34,66,19,171
1204,51,16,66,19,152
1205,167,16,66,17,266
1206,100,34,66,17,217
1208,100,33,66,17,216
1209,67,15,66,17,165
1210,66,33,66,17,182
1211,100,15,151,16,282
1213,98,16,51,18,183
1216,66,35,83,16,200
1217,65,18,83,16,182
1218,84,18,65,18,185
1219,51,34,65,18,168
1220,100,34,166,18,318
1221,52,31,101,18,202
1223,67,16,166,18,267
1224,166,33,82,19,300
1225,152,33,82,19,286
1226,802,32,68,16,918
1228,101,33,82,19,235
1229,67,16,266,16,365
1230,1083,16,66,17,1182
1231,52,33,82,19,186
1232,50,17,82,19,168
1233,49,32,69,17,167
1235,84,34,82,16,216
1236,67,34,82,16,199
1239,51,31,51,16,149
1240,816,16,51,16,899
1242,65,33,68,16,182
1243,98,17,136,13,264
1244,151,17,100,17,285
1245,151,32,101,18,302
1246,67,34,133,17,251
1247,66,18,133,17,234
1249,153,31,51,15,250
1250,283,18,100,16,417
1251,1269,16,65,17,1367
1252,51,14,101,18,184
1253,66,20,297,16,399
1257,68,16,151,16,251
1258,64,33,68,15,180
1259,101,18,83,16,218
1260,51,15,68,15,149
1263,98,17,217,17,349
1264,100,34,66,16,216
1265,66,17,217,17,317
1266,165,34,83,17,299
1267,101,17,149,17,284
1268,83,17,149,17,266
1269,68,17,149,17,251
1270,100,34,83,17,234
1273,166,17,67,16,266
1274,66,34,66,17,183
1277,52,32,67,17,168
1278,550,15,102,17,684
1281,1999,16,102,16,2133
1283,50,34,83,16,183
1284,83,16,51,16,166
1285,298,18,51,14,381
1286,167,34,150,14,365
1287,67,18,65,18,168
1288,68,31,52,16,167
1289,301,14,52,15,382
1293,101,15,67,17,200
1297,65,17,66,18,166
1298,99,33,66,18,216
1299,64,18,51,14,147
1300,67,33,66,18,184
1301,67,16,66,18,167
1302,284,16,66,18,384
1303,69,14,52,15,150
1304,51,14,52,15,132
1306,66,33,102,17,218
1307,66,15,102,17,200
1309,65,18,66,17,166
1310,85,16,100,17,218
1311,51,32,100,17,200
1316,51,16,66,18,151
1317,283,33,67,16,399
1318,66,33,133,17,249
1319,299,17,66,14,396
1322,51,15,167,17,250
1323,166,17,133,14,330
1325,149,33,67,16,265
1327,98,17,133,14,262
1328,65,34,133,14,246
1330,51,17,133,14,215
1331,101,17,66,14,198
1332,52,15,67,16,150
1335,149,34,99,16,298
1336,302,31,68,17,418
1337,50,33,51,17,151
1338,66,34,67,16,183
1339,63,20,67,16,166
1340,167,33,66,19,285
1341,51,34,99,16,200
1343,153,35,166,15,369
1344,100,33,66,19,218
1346,99,35,166,15,315
1347,65,17,66,19,167
1348,101,31,68,17,217
1349,85,31,68,17,201
1350,167,33,134,15,349
1352,167,34,166,17,384
1354,99,33,134,15,281
1355,65,18,67,15,165
1356,101,34,166,17,318
1357,66,16,134,15,231
1359,85,33,167,15,300
1360,299,34,99,18,450
1361,50,33,167,15,265
1362,99,35,100,15,249
1364,166,34,134,15,349
1366,100,33,100,15,248
1367,100,16,100,15,231
1368,68,33,100,15,216
1369,68,16,100,15,199
1371,166,18,66,18,268
1373,50,32,168,17,267
1374,66,34,99,18,217
1375,49,34,99,18,200
1376,99,35,83,17,234
1378,67,35,83,17,202
1379,67,19,83,17,186
1380,99,35,98,19,251
1381,84,35,98,19,236
1382,299,33,102,16,450
1384,66,34,83,17,200
1385,85,32,51,17,185
1386,52,17,83,17,169
1388,66,32,68,16,182
1389,100,17,97,20,234
1391,165,16,102,16,299
1392,51,17,97,20,185
1393,52,32,65,20,169
1394,68,32,53,14,167
1395,65,16,53,14,148
1396,97,34,68,16,215
1397,300,17,100,15,432
1398,884,16,100,16,1016
1399,69,14,68,16,167
1400,1268,35,65,16,1384
1402,53,16,66,16,151
1403,98,17,67,17,199
1405,166,17,100,15,298
1407,300,16,133,19,468
1408,66,34,101,15,216
1409,551,32,134,17,734
1410,84,17,100,15,216
1411,85,33,99,17,234
1412,51,17,100,15,183
1413,51,33,99,17,200
1414,67,34,65,17,183
1415,99,18,82,18,217
1416,100,32,68,15,215
1418,99,33,133,19,284
1419,52,32,68,15,167
1421,118,33,116,16,283
1422,65,35,65,18,183
1423,85,33,116,16,250
1424,68,33,116,16,233
1428,149,16,68,17,250
1429,550,34,66,18,668
1430,98,34,68,17,217
1431,69,14,68,15,166
1432,66,34,68,17,185
1433,116,34,132,18,300
1434,51,16,68,17,152
1436,552,16,100,15,683
1438,68,32,134,17,251
1440,51,15,134,17,217
1441,86,33,66,17,202
1442,67,33,66,17,183
1443,50,33,66,17,166
1444,68,32,100,16,216
1446,99,35,65,16,215
1447,284,32,52,16,384
1448,66,35,65,16,182
1449,51,35,65,16,167
1451,98,18,100,16,232
1453,99,16,118,16,249
1454,165,32,52,16,265
1455,66,16,118,16,216
1456,66,34,84,16,200
1457,68,16,84,16,184
1460,68,32,52,16,168
1461,50,32,52,16,150
1462,100,34,100,15,249
1464,66,34,100,15,215
1465,84,34,66,15,199
1469,116,35,65,16,232
1471,97,20,65,16,198
1475,84,32,66,18,200
1477,53,32,66,18,169
1478,164,34,68,17,283
1480,65,33,67,18,183
1481,65,17,67,18,167
1482,66,33,168,16,283
1483,68,15,168,16,267
1484,168,33,67,16,284
1487,98,19,100,16,233
1488,102,33,67,16,218
1489,167,18,83,17,285
1490,68,33,67,16,184
1491,67,16,67,16,166
1492,101,34,83,17,235
1493,52,33,117,17,219
1494,100,33,67,16,216
1495,65,18,83,17,183
1496,67,33,67,16,183
1497,84,32,67,16,199
1499,51,32,67,16,166
1500,100,32,83,18,233
1501,67,17,65,16,165
1502,67,32,83,18,200
1503,166,18,66,16,266
1505,65,17,101,16,199
1507,65,18,67,16,166
1508,67,34,66,16,183
1509,518,34,82,17,651
1512,67,33,50,17,167
1513,51,33,50,17,151
1514,282,16,251,17,566
1515,67,19,101,14,201
1516,68,32,133,16,249
1518,283,17,101,15,416
1520,101,30,101,16,248
1521,68,18,64,16,166
1523,100,18,151,16,285
1524,51,16,101,16,184
1525,64,18,151,16,249
1526,114,17,84,16,231
1528,50,16,251,17,334
1529,68,17,84,16,185
1531,67,17,101,15,200
1533,66,18,67,15,166
1534,100,34,82,17,233
1535,68,16,116,17,217
1536,101,31,134,17,283
1538,299,32,102,16,449
1540,65,35,66,17,183
1542,82,17,66,17,182
1543,67,17,66,17,167
1544,1585,16,99,17,1717
1545,67,17,66,16,166
1546,66,33,67,17,183
1548,99,34,67,17,217
1549,50,33,101,17,201
1550,66,34,67,17,184
1552,67,32,102,16,217
1553,67,15,102,16,200
1554,168,33,134,15,350
1556,84,17,100,16,217
1557,67,17,100,16,200
1558,52,17,100,16,185
1560,100,34,66,17,217
1561,66,17,134,15,232
1563,166,17,116,16,315
1564,67,34,132,17,250
1565,67,18,132,17,234
1566,50,18,132,17,217
1568,100,33,117,15,265
1569,67,17,116,16,216
1570,66,33,117,15,231
1571,101,16,84,15,216
1572,100,33,183,17,333
1573,100,16,183,17,316
1576,66,33,167,16,282
1579,67,15,117,17,216
1582,50,16,84,17,167
1583,83,33,99,19,234
1585,51,33,99,19,202
1586,68,33,168,15,284
1590,282,18,150,18,468
1591,52,31,102,15,200
1592,101,33,99,16,249
1593,1933,18,100,17,2068
1596,68,34,65,16,183
1597,164,18,150,18,350
1600,549,18,66,17,650
1601,100,18,150,18,286
1603,66,18,150,18,252
1604,50,18,150,18,236
1606,50,18,99,17,184
1607,52,33,83,18,186
1608,85,14,100,19,218
1609,69,14,100,19,202
1611,68,16,101,17,202
1613,83,31,52,15,181
1615,51,31,52,15,149
1616,101,32,101,15,249
1617,166,18,67,15,266
1618,66,32,101,15,214
1619,150,33,67,16,266
1621,64,18,67,15,164
1623,65,18,67,15,165
1624,168,31,135,16,350
1625,52,33,67,16,168
1626,67,34,99,17,217
1629,84,31,135,16,266
1630,98,35,65,18,216
1632,64,35,65,18,182
1633,66,18,65,18,167
1634,83,16,99,17,215
1635,83,32,102,16,233
1636,100,35,100,16,251
1637,51,32,102,16,201
1639,66,17,100,16,199
1640,1033,34,66,16,1149
1641,100,18,166,16,300
1642,67,35,166,16,284
1643,151,33,100,16,300
1644,67,33,67,17,184
1645,51,33,67,17,168
1647,51,34,65,17,167
1648,100,32,167,16,315
1649,51,33,100,16,200
1653,551,33,151,15,750
1654,66,34,132,17,249
1655,65,18,132,17,232
1657,166,17,68,21,272
1658,66,33,67,17,183
1659,535,16,84,15,650
1660,65,34,50,17,166
1661,67,16,50,17,150
1662,67,33,68,21,189
1664,1034,34,66,18,1152
1665,66,17,55,15,153
1667,51,34,99,17,201
1668,68,36,63,17,184
1669,87,31,82,18,218
1670,55,15,63,17,150
1672,99,34,67,16,216
1674,164,33,84,16,297
1675,65,17,67,16,165
1677,66,18,99,16,199
1678,68,33,232,18,351
1679,166,17,118,15,316
1681,67,17,84,16,184
1683,67,16,151,15,249
1684,50,16,151,15,232
1685,66,17,118,15,216
1686,66,34,84,15,199
1689,51,33,66,18,168
1690,51,16,66,18,151
1692,166,34,66,16,282
1695,66,16,85,15,182
1696,105,34,66,16,221
1697,298,18,65,17,398
1698,551,16,67,17,651
1700,67,33,102,13,215
1701,68,15,102,13,198
1702,52,15,102,13,182
1703,50,33,100,16,199
1704,66,34,100,17,217
1705,82,35,65,17,199
1707,51,35,65,17,168
1708,69,31,51,15,166
1709,53,31,51,15,150
1710,66,34,65,17,182
1711,84,32,168,15,299
1712,65,32,168,15,280
1713,84,33,101,18,236
1714,51,15,168,15,249
1715,151,33,100,18,302
1716,65,35,66,18,184
1717,65,18,66,18,167
1718,101,33,100,18,252
1719,83,33,100,18,234
1720,101,34,66,18,219
1721,51,33,100,18,202
1722,66,34,66,18,184
1724,300,34,149,17,500
1726,84,16,67,17,184
1727,82,35,132,17,266
1728,101,32,100,17,250
1731,65,18,100,17,200
1732,67,33,117,18,235
1734,65,35,100,16,216
1737,51,32,68,16,167
1738,151,17,66,16,250
1739,101,18,99,16,234
1740,66,34,99,16,215
1741,167,16,65,17,265
1742,84,17,66,16,183
1743,100,16,99,17,232
1745,67,16,99,17,199
1746,83,16,65,17,181
1747,67,16,65,17,165
1748,50,16,65,17,148
1749,100,15,118,18,251
1751,66,15,118,18,217
1753,101,16,100,17,234
1754,67,33,100,17,217
1755,67,16,100,17,200
1756,52,16,100,17,185
1757,67,18,201,15,301
1758,67,34,99,16,216
1759,66,18,99,16,199
1760,84,16,101,16,217
1763,67,16,68,16,167
1764,65,34,83,17,199
1765,166,17,150,16,349
1766,150,17,150,16,333
1767,50,34,99,16,199
1768,68,34,65,16,183
1769,99,17,150,16,282
1770,68,32,150,16,266
1772,83,16,51,15,165
1774,49,16,51,15,131
1775,167,16,52,15,250
1777,300,15,51,18,384
1778,51,15,67,16,149
1779,67,17,66,19,169
1781,66,16,52,15,149
1782,51,16,52,15,134
1783,50,33,68,16,167
1785,68,15,68,16,167
1786,52,15,68,16,151
1787,51,34,100,16,201
1789,65,18,165,17,265
1791,66,15,51,18,150
1793,84,34,98,17,233
1794,66,34,98,17,215
1795,50,34,98,17,199
1797,166,18,132,17,333
1798,99,33,66,18,216
1799,50,33,50,18,151
1800,65,33,66,18,182
1801,68,16,66,18,168
1802,66,35,132,17,250
1803,67,18,132,17,234
1806,101,33,68,15,217
1807,67,17,66,17,167
1808,66,33,68,15,182
1810,169,31,102,15,317
1811,100,18,64,18,200
1812,66,35,64,18,183
1813,66,18,64,18,166
1814,150,17,67,15,249
1817,100,17,67,15,199
1818,166,34,165,18,383
1819,67,17,67,15,166
1823,66,18,84,17,185
1825,66,19,165,18,268
1826,152,17,131,19,319
1828,65,36,132,16,249
1829,69,17,132,16,234
1830,67,33,131,19,250
1832,100,34,66,19,219
1833,98,17,66,19,200
1834,64,34,66,19,183
1835,82,34,166,18,300
1838,301,34,100,15,450
1839,51,32,68,16,167
1840,66,36,116,16,234
1842,51,17,116,16,200
1843,52,32,84,16,184
1844,52,16,84,16,168
1847,66,16,67,18,167
1848,84,16,67,16,183
1850,51,16,67,16,150
1851,167,15,101,17,300
1852,85,16,100,15,216
1854,51,16,100,15,182
1855,52,34,99,16,201
1856,99,35,66,17,217
1857,99,17,66,17,199
1858,65,35,66,17,183
1859,67,17,66,17,167
1860,99,33,102,17,251
1861,168,14,53,14,249
1862,68,33,102,17,220
1863,100,16,69,17,202
1864,83,16,69,17,185
1865,68,16,69,17,170
1866,283,17,51,16,367
1867,69,14,53,14,150
1868,52,14,53,14,133
1869,66,19,66,17,168
1870,69,31,52,14,166
1872,53,14,52,14,133
1873,50,35,65,17,167
1875,548,34,115,19,716
1876,100,34,51,16,201
1878,65,34,51,16,166
1879,149,34,101,15,299
1880,51,17,51,16,135
1881,51,34,67,16,168
1882,168,32,101,17,318
1883,84,34,101,15,234
1884,101,33,68,15,217
1885,51,34,101,15,201
1886,67,33,68,15,183
1887,50,33,68,15,166
1888,99,36,131,16,282
1889,65,17,101,17,200
1890,65,36,131,16,248
1891,66,19,131,16,232
1892,83,16,67,16,182
1893,167,17,67,20,271
1894,51,16,67,16,150
1895,68,16,66,16,166
1896,82,16,100,20,218
1897,67,16,100,20,203
1899,65,17,67,20,169
1900,66,33,102,16,217
1901,150,34,81,19,284
1902,100,34,115,19,268
1904,67,34,115,19,235
1905,51,34,115,19,219
1906,54,14,115,19,202
1907,102,16,68,15,201
1908,68,32,68,15,183
1909,64,16,68,15,163
1911,66,17,67,15,165
1912,65,35,64,17,181
1913,84,32,66,17,199
1914,68,32,66,17,183
1915,150,35,85,13,283
1917,66,17,51,18,152
1918,64,34,234,16,348
1919,520,30,134,17,701
1923,101,17,66,16,200
1924,52,15,201,15,283
1926,66,32,68,15,181
1927,68,13,68,15,164
1928,301,33,100,16,450
1930,51,15,67,16,149
1932,101,34,149,20,304
1933,64,18,67,19,168
1934,67,34,149,20,270
1936,100,34,132,17,283
1938,86,15,132,17,250
1940,100,33,100,16,249
1944,66,36,64,16,182
1945,1735,14,134,17,1900
1946,49,20,64,16,149
1948,66,34,117,17,234
1949,67,17,117,17,218
1951,50,34,83,17,184
1955,67,17,65,20,169
1957,150,33,134,15,332
1958,98,35,135,16,284
1959,51,31,68,16,166
1960,65,35,135,16,251
1961,68,15,135,16,234
1962,66,33,134,15,248
1964,102,33,67,15,217
1965,64,18,68,16,166
1967,302,16,85,16,419
1969,86,32,99,17,234
1970,151,16,133,15,315
1971,53,32,99,17,201
1972,51,16,99,17,183
1974,83,16,133,15,247
1975,67,16,133,15,231
1976,166,34,101,15,316
1978,51,16,67,17,151
1980,300,34,100,16,450
1981,67,16,85,16,184
1982,67,34,101,15,217
1985,65,18,68,15,166
1986,67,34,65,19,185
1987,168,16,98,18,300
1988,534,33,65,17,649
1989,101,16,133,18,268
1990,99,35,98,18,250
1991,65,16,133,18,232
1992,298,34,135,14,481
1993,298,17,135,14,464
1994,66,34,100,16,216
1997,98,16,52,16,182
1999,65,16,52,16,149
2000,100,32,101,17,250
2001,66,18,64,17,165
2002,82,16,101,17,216
2003,68,16,101,17,202
2004,52,16,101,17,186
2005,151,34,164,17,366
2006,64,34,135,14,247
2007,99,18,67,16,200
2008,83,18,67,16,184
2009,167,17,165,17,366
2010,169,33,65,17,284
2011,86,33,98,17,234
2013,101,17,165,17,300
2014,67,33,165,17,282
2015,66,17,165,17,265
2016,948,17,68,14,1047
2018,166,32,100,17,315
2025,100,18,198,19,335
2026,67,35,198,19,319
2027,85,32,83,17,217
2028,67,32,83,17,199
2029,52,32,83,17,184
2030,552,15,134,16,717
2031,100,18,117,14,249
2033,101,17,66,19,203
2034,166,33,185,15,399
2035,83,33,100,18,234
2036,551,16,67,15,649
2037,50,33,100,18,201
2039,102,14,185,15,316
2040,85,14,185,15,299
2043,66,15,151,15,247
2045,148,33,101,18,300
2046,103,31,66,17,217
2047,84,31,66,17,198
2049,51,31,66,17,165
2050,101,33,167,18,319
2052,97,33,53,15,198
2053,67,15,167,18,267
2054,66,33,53,15,167
2055,101,16,133,16,266
2056,66,35,133,16,250
2058,86,15,134,16,251
2059,69,15,134,16,234
2060,53,15,134,16,218
2061,99,16,68,16,199
2062,68,31,68,16,183
2063,99,16,67,15,197
2064,50,16,68,16,150
2067,100,17,68,14,199
2068,300,35,132,18,485
2069,83,34,82,17,216
2070,101,34,65,17,217
2071,51,34,82,17,184
2072,166,33,68,15,282
2073,283,35,65,18,401
2074,68,31,100,16,215
2075,67,17,100,16,200
2078,65,33,68,15,181
2080,51,16,68,15,150
2081,550,35,64,17,666
2082,101,32,168,15,316
2083,84,32,168,15,299
2084,68,32,168,15,283
2085,53,32,168,15,268
2086,50,17,168,15,250
2087,103,15,67,15,200
2088,67,32,67,15,181
2090,100,34,132,18,284
2092,65,34,132,18,249
2093,66,16,132,18,232
2094,51,16,132,18,217
2095,65,19,66,16,166
2096,68,33,65,18,184
2097,1016,32,116,20,1184
2098,67,33,69,13,182
2100,66,32,69,15,182
2102,65,37,132,16,250
2103,67,19,132,16,234
2104,69,32,116,15,232
2105,53,32,116,15,216
2106,69,31,85,15,200
2107,284,32,101,16,433
2108,63,34,99,17,213
2111,66,19,64,17,166
2112,85,15,67,16,183
2113,150,35,99,16,300
2114,99,34,102,15,250
2115,100,17,102,15,234
2116,532,34,67,16,649
2117,65,17,102,15,199
2119,152,32,101,15,300
2121,52,32,101,16,201
2122,67,35,82,17,201
2123,68,18,82,17,185
2124,67,32,101,15,215
2125,51,32,101,15,199
2127,66,18,67,15,166
2128,66,33,98,18,215
2130,165,35,134,16,350
2131,51,34,64,18,167
2132,67,33,66,16,182
2133,100,15,201,18,334
2134,98,35,134,16,283
2135,100,17,134,16,267
2137,168,16,117,19,320
2138,66,33,168,16,283
2139,100,16,68,16,200
2140,101,34,117,19,271
2141,67,16,68,16,167
2144,51,16,117,19,203
2145,50,34,67,16,167
2146,100,35,66,16,217
2148,167,32,116,20,335
2149,68,17,66,16,167
2151,51,35,63,18,167
2152,51,19,63,18,151
2154,66,32,116,20,234
2155,66,16,116,20,218
2156,63,35,101,14,213
2157,70,17,101,14,202
2160,51,16,200,17,284
2161,67,15,167,17,266
2162,65,36,99,15,215
2163,300,16,202,16,534
2164,100,34,99,17,250
2165,51,31,68,15,165
2166,67,34,99,17,217
2167,67,18,99,17,201
2169,67,18,98,18,201
2170,68,32,66,18,184
2171,84,33,86,15,218
2172,99,33,101,17,250
2173,83,33,101,17,234
2176,66,34,202,16,318
2177,102,15,66,16,199
2178,67,34,66,16,183
2179,84,33,84,16,217
2180,53,15,66,16,150
2181,50,33,84,16,183
2182,100,34,84,16,234
2183,65,16,51,16,148
2184,66,34,84,16,200
2185,532,18,66,17,633
2186,67,33,167,16,283
2187,67,16,167,16,266
2188,67,35,132,16,250
2190,68,32,67,17,184
2191,67,16,67,17,167
2192,102,32,99,18,251
2193,166,17,67,16,266
2194,67,32,99,18,216
2195,67,16,99,18,200
2197,68,16,66,18,168
2198,65,33,67,16,181
2199,65,17,67,16,165
2200,66,33,167,16,282
2202,66,34,99,19,218
2203,84,34,65,19,202
2204,101,33,100,16,250
2205,50,34,65,19,168
2206,300,35,65,16,416
2207,66,17,100,16,199
2208,67,32,68,16,183
2209,102,15,66,18,201
2211,99,18,66,17,200
2212,150,16,68,17,251
2213,65,18,66,17,166
2215,99,16,68,17,200
2216,84,16,68,17,185
2217,68,16,68,17,169
2220,67,35,65,16,183
2221,65,19,65,16,165
2222,68,31,201,16,316
2224,100,33,84,17,234
2225,536,15,67,18,636
2226,65,33,84,17,199
2227,48,33,84,17,182
2228,301,34,65,17,417
2230,51,16,133,16,216
2231,101,17,66,16,200
2232,69,32,66,16,183
2233,66,17,66,16,165
2234,67,33,100,17,217
2235,67,16,100,17,200
2237,66,17,101,17,201
2238,66,34,67,17,184
2239,301,15,67,18,401
2240,285,15,67,18,385
2242,67,34,65,17,183
2243,51,34,65,17,167
2248,65,34,67,17,183
2249,82,33,51,17,183
2250,66,33,51,17,167
2251,101,15,67,18,201
2252,50,17,51,17,135
2253,69,15,67,18,169
2254,84,17,99,18,218
2256,51,17,99,18,185
2257,100,14,52,18,184
2259,68,14,52,18,152
2260,99,36,118,14,267
2261,99,18,118,14,249
2262,66,36,118,14,234
2268,100,32,70,15,217
2269,164,31,103,14,312
2271,151,31,103,14,299
2272,51,14,70,15,150
2273,64,17,66,16,163
2274,67,35,82,22,206
2275,166,22,93,21,302
2276,101,33,102,17,253
2277,52,31,103,14,200
2278,66,33,102,17,218
2279,66,17,102,17,202
2280,64,40,93,21,218
2281,67,22,93,21,203
2284,70,32,52,13,167
2287,64,14,66,19,163
2288,63,34,51,17,165
2289,70,13,51,17,151
2290,52,13,51,17,133
2291,80,36,83,15,214
2292,66,36,83,15,200
2293,114,32,52,15,213
2294,484,15,68,17,584
2295,84,32,52,15,183
2296,69,32,52,15,168
2297,50,32,52,15,149
2298,65,33,133,18,249
2299,67,15,133,18,233
2300,84,15,83,16,198
2301,69,15,83,16,183
2302,52,15,83,16,166
2303,99,18,81,15,213
2308,167,33,66,18,284
2310,66,30,103,17,216
2311,66,15,103,17,201
2312,65,36,117,16,234
2313,150,32,68,17,267
2314,66,33,66,18,183
2315,84,34,100,17,235
2316,303,36,65,15,419
2317,50,34,100,17,201
2318,67,32,68,17,184
2319,51,32,68,17,168
2322,166,34,101,15,316
2323,83,32,68,17,200
2326,170,31,65,18,284
2327,100,17,101,15,233
2328,66,34,101,15,216
2329,83,36,65,15,199
2330,283,19,65,18,385
2331,51,36,65,15,167
2332,101,34,100,14,249
2333,167,16,85,15,283
2334,101,31,185,15,332
2335,99,16,185,15,315
2336,165,33,65,18,281
2339,169,15,100,17,301
2340,65,35,116,15,231
2341,68,17,116,15,216
2342,69,33,65,18,185
2343,101,15,100,17,233
2344,68,32,100,17,217
2346,98,33,133,19,283
2347,67,17,67,17,168
2348,83,15,133,19,250
2349,81,34,118,15,248
2352,67,34,133,17,251
2353,66,17,133,17,233
2354,68,33,199,17,317
2355,552,31,68,16,667
2356,67,32,85,16,200
2357,68,14,85,16,183
2358,150,16,66,17,249
2360,100,33,66,17,216
2363,66,16,66,17,165
2364,101,32,100,17,250
2365,101,16,100,17,234
2366,67,32,100,17,216
2367,66,16,100,17,199
2372,168,34,67,16,285
2373,52,31,84,18,185
2374,66,33,118,18,235
2375,66,16,118,18,218
2376,99,34,67,16,216
2377,68,17,83,18,186
2378,308,26,51,17,402
2379,51,34,67,16,168
2380,51,18,67,16,152
2381,51,33,99,16,199
2382,67,34,65,16,182
2384,67,31,68,16,182
2385,52,31,68,16,167
2387,299,19,66,16,400
2388,65,34,117,17,233
2390,68,40,77,17,202
2391,89,26,51,17,183
2392,301,32,66,19,418
2394,167,34,66,16,283
2395,68,17,66,15,166
2396,309,16,68,18,411
2397,64,17,67,16,164
2398,101,34,66,16,217
2399,50,33,66,18,167
2400,66,34,66,16,182
2401,65,19,66,16,166
2404,883,16,67,18,984
2405,69,16,65,17,167
2407,167,15,52,15,249
2408,66,33,167,19,285
2411,66,16,68,18,168
2412,300,30,155,15,500
2413,67,15,52,15,149
2414,101,33,133,18,285
2415,169,16,133,16,334
2417,99,16,68,16,199
2418,284,18,166,16,484
2419,101,16,133,16,266
2420,66,35,133,16,250
2421,83,33,116,18,250
2422,299,34,133,19,485
2423,51,33,116,18,218
2424,68,32,84,18,202
2425,65,16,84,18,183
2427,98,18,65,18,199
2428,50,12,155,15,232
2429,66,18,65,18,167
2430,68,34,166,16,284
2431,84,31,52,15,182
2432,54,18,166,16,254
2433,101,15,68,16,200
2434,65,33,68,16,182
2435,166,18,65,19,268
2436,64,34,133,19,250
2437,65,15,133,19,232
2438,52,15,133,19,219
2439,165,17,83,19,284
2440,102,32,116,19,269
2441,65,18,65,19,167
2443,66,16,116,19,217
2444,284,16,301,15,616
2445,166,19,99,18,302
2446,65,35,67,16,183
2447,84,34,97,19,234
2448,102,33,99,18,252
2449,52,34,97,19,202
2450,102,32,67,18,219
2451,64,19,99,18,200
2453,51,32,67,18,168
2454,65,32,118,16,231
2456,64,35,301,15,415
2457,67,16,301,15,399
2458,85,15,100,16,216
2459,67,15,100,16,198
2462,99,34,84,15,232
2463,165,16,102,15,298
2464,66,34,84,15,199
2465,50,34,84,15,183
2466,66,34,65,18,183
2468,100,33,69,15,217
2469,66,16,102,15,199
2471,101,17,134,16,268
2475,50,34,100,16,200
2476,102,32,68,16,218
2479,51,32,68,16,167
2481,101,17,66,17,201
2482,100,33,99,18,250
2483,68,17,66,17,168
2484,68,33,99,18,218
2485,50,33,99,18,200
2486,150,15,116,18,299
2487,100,18,65,17,200
2488,66,35,65,17,183
2489,67,18,65,17,167
2490,68,31,116,18,233
2492,100,33,67,16,216
2493,533,18,64,17,632
2494,65,33,67,16,181
2495,532,17,67,16,632
2496,51,16,67,16,150
2497,166,16,69,15,266
2498,66,34,66,17,183
2499,65,18,66,17,166
2500,67,32,51,18,168
2501,67,16,51,18,152
2502,517,18,66,16,617
2503,68,16,69,15,168
2504,83,18,67,15,183
2506,51,18,67,15,151
2508,69,33,200,15,317
2509,100,16,100,19,235
2510,49,18,200,15,282
2511,66,16,100,19,201
2512,64,33,86,15,198
2513,100,17,51,15,183
2516,51,17,51,15,134
2518,67,34,99,17,217
2520,51,15,99,17,182
2521,167,18,50,16,251
2522,51,18,64,17,150
2523,65,17,67,16,165
2524,99,35,50,16,200
2525,99,18,50,16,183
2526,64,35,50,16,165
2527,66,18,50,16,150
2529,300,16,85,18,419
2530,85,16,151,16,268
2533,169,15,150,18,352
2534,66,32,53,15,166
2535,66,16,53,15,150
2536,66,33,135,16,250
2537,65,16,135,16,232
2538,284,15,67,18,384
2539,69,15,150,18,252
2541,51,33,67,16,167
2542,100,35,84,15,234
2543,80,35,84,15,214
2544,65,35,84,15,199
2545,65,18,84,15,182
2548,67,36,66,15,184
2550,68,31,67,18,184
2552,52,15,67,18,152
2553,49,35,100,16,200
2554,52,14,100,16,182
2556,100,35,65,18,218
2557,114,31,52,17,214
2559,66,19,65,18,168
2561,50,31,52,17,150
2562,302,32,118,14,466
2563,102,17,66,17,202
2564,65,35,66,17,183
2566,52,17,66,17,152
2567,166,16,100,16,298
2568,85,16,66,17,184
2569,67,16,66,17,166
2570,50,16,66,17,149
2573,66,16,100,16,198
2574,66,35,65,16,182
2575,66,18,65,16,165
2577,167,16,150,17,350
2578,100,34,51,14,199
2580,65,34,51,14,164
2581,66,18,51,14,149
2582,84,16,150,17,267
2583,66,16,150,17,249
2584,51,16,150,17,234
2586,101,31,234,17,383
2587,166,17,166,17,366
2588,68,31,234,17,350
2589,65,16,234,17,332
2590,51,16,234,17,318
2591,299,18,83,17,417
2592,66,33,166,17,282
2593,67,17,166,17,267
2594,51,17,166,17,251
2595,69,14,67,16,166
2596,100,34,65,17,216
2597,101,17,65,17,200
2598,101,31,101,17,250
2599,163,18,83,17,281
2600,98,34,100,18,250
2601,50,31,101,17,199
2602,65,34,100,18,217
2603,99,18,83,17,217
2604,100,32,101,15,248
2606,69,32,101,15,217
2608,67,33,68,15,183
2609,67,16,68,15,166
2611,68,17,65,17,167
2612,534,32,168,15,749
2613,99,17,68,15,199
2614,168,33,65,16,282
2615,65,17,68,15,165
2617,150,32,67,17,266
2618,165,33,51,18,267
2619,68,17,132,17,234
2622,67,32,67,17,183
2623,99,16,51,18,184
2624,98,34,66,17,215
2625,152,31,51,17,251
2626,1433,34,166,16,1649
2627,66,18,66,17,167
2628,84,18,66,16,184
2629,50,35,66,16,167
2632,101,33,67,15,216
2633,535,16,65,18,634
2635,51,33,67,15,166
2637,85,33,65,17,200
2638,67,33,65,17,182
2639,51,33,65,17,166
2640,99,33,52,16,200
2641,66,17,168,15,266
2642,65,33,52,16,166
2644,65,34,68,15,182
2645,102,16,67,15,200
2647,68,16,67,15,166
2648,168,32,67,19,286
2649,51,34,66,15,166
2650,68,33,65,17,183
2651,65,18,65,17,165
2652,67,33,99,19,218
2654,66,32,67,19,184
2655,51,32,67,19,169
2656,283,16,151,17,467
2657,50,35,67,17,169
2658,67,32,151,16,266
2659,52,32,151,16,251
2661,85,33,66,17,201
2663,533,16,66,18,633
2664,300,35,65,18,418
2665,65,16,85,16,182
2666,65,34,51,16,166
2669,101,16,66,17,200
2671,67,16,66,17,166
2672,51,16,66,17,150
2673,50,33,66,18,167
2675,82,33,118,16,249
2678,84,17,65,18,184
2679,67,17,65,18,167
2680,51,17,65,18,151
2681,51,31,52,16,150
2683,66,16,100,18,200
2684,65,34,66,18,183
2685,68,16,66,18,168
2687,100,16,83,17,216
2688,168,32,134,14,348
2689,66,16,83,17,182
2690,66,34,66,18,184
2691,99,17,166,14,296
2692,51,16,66,18,151
2694,68,32,134,14,248
2695,165,18,67,16,266
2696,66,34,114,20,234
2697,67,16,114,20,217
2698,66,34,80,20,200
2700,168,33,67,16,284
2701,99,17,184,17,317
2702,100,34,67,17,218
2703,98,20,67,17,202
2704,534,33,65,17,649
2705,152,33,99,17,301
2706,67,33,67,16,183
2707,51,33,67,16,167
2710,67,33,99,17,216
2711,300,18,66,16,400
2712,101,33,133,16,283
2713,167,17,67,16,267
2714,549,16,100,16,681
2716,67,32,50,17,166
2717,100,17,67,16,200
2718,65,34,67,16,182
2719,66,17,67,16,166
2722,166,35,67,15,283
2723,1584,34,66,17,1701
2724,167,34,132,17,350
2726,68,31,69,15,183
2727,301,15,67,19,402
2729,67,17,67,15,166
2730,548,19,66,15,648
2731,50,34,132,17,233
2732,102,32,99,18,251
2734,67,32,99,18,216
2735,100,16,66,18,200
2736,98,34,266,19,417
2737,83,34,266,19,402
2738,99,32,67,19,217
2739,168,15,67,16,266
2741,67,15,67,19,168
2742,84,16,100,16,216
2743,67,16,100,16,199
2745,67,15,67,16,165
2746,52,15,67,16,150
2747,68,15,68,15,166
2749,67,15,50,16,148
2750,1035,32,133,19,1219
2751,98,16,53,14,181
2752,83,16,53,14,166
2754,50,16,53,14,133
2755,103,14,102,15,234
2756,84,14,102,15,215
2757,69,14,102,15,200
2758,169,33,51,14,267
2759,150,33,51,14,248
2760,101,34,84,14,233
2761,50,32,67,15,164
2763,85,33,51,14,183
2767,51,33,99,17,200
2768,66,32,67,17,182
2770,51,14,67,17,149
2771,50,34,133,18,235
2772,66,33,52,16,167
2774,102,33,66,16,217
2775,66,18,65,18,167
2776,68,33,66,16,183
2780,65,34,67,16,182
2782,100,33,101,15,249
2783,1950,33,66,18,2067
2784,167,35,98,17,317
2785,550,34,66,17,667
2786,1038,28,134,16,1216
2787,51,32,69,15,167
2788,65,34,101,15,215
2789,84,35,98,17,234
2790,66,35,98,17,216
2791,50,35,98,17,200
2792,100,35,67,16,218
2793,66,16,67,17,166
2794,101,32,233,18,384
2798,552,15,67,17,651
2799,167,18,65,17,267
2800,167,33,100,16,316
2802,102,33,65,17,217
2803,51,34,166,16,267
2804,165,33,135,17,350
2805,66,18,65,17,166
2806,165,35,65,19,284
2807,84,32,133,19,268
2808,66,32,133,19,250
2810,65,33,135,17,250
2811,65,16,135,17,233
2812,65,35,65,19,184
2813,49,35,65,19,168
2814,68,34,66,17,185
2815,85,31,117,16,249
2816,302,32,167,16,517
2817,51,31,117,16,215
2819,166,16,101,17,300
2821,168,15,67,17,267
2822,101,32,101,17,251
2823,1015,33,67,18,1133
2827,100,18,100,16,234
2828,66,35,100,16,217
2829,67,18,100,16,201
2830,535,32,200,18,785
2831,50,32,167,16,265
2832,168,32,87,13,300
2833,84,34,65,18,201
2834,66,34,65,18,183
2835,50,34,65,18,167
2836,68,33,266,16,383
2837,166,22,78,17,283
2838,67,32,87,13,199
2839,51,32,87,13,183
2841,167,16,84,16,283
2842,50,16,53,13,132
2844,72,28,134,16,250
2845,100,16,84,16,216
2849,63,17,99,19,198
2850,67,36,63,19,185
2851,65,20,63,19,167
2852,69,31,167,17,284
2855,67,16,102,16,201
2856,63,35,133,18,249
2857,67,16,133,18,234
2858,51,16,133,18,218
2859,51,32,200,18,301
2860,1036,33,98,19,1186
2861,66,17,66,18,167
2863,65,17,65,19,166
2865,101,14,101,18,234
2866,66,32,101,18,217
2867,1018,31,69,15,1133
2869,300,17,65,18,400
2870,99,34,67,16,216
2871,65,16,52,15,148
2872,101,33,100,18,252
2873,548,34,117,19,718
2874,166,33,67,18,284
2875,1983,34,67,17,2101
2876,101,33,100,18,252
2879,82,33,67,18,200
2880,85,15,67,18,185
2881,169,15,118,16,318
2882,51,15,67,18,151
2883,68,17,65,18,168
2885,100,15,118,16,249
2886,284,16,168,16,484
2887,67,15,118,16,216
2888,65,33,85,16,199
2889,67,15,85,16,183
2890,167,33,66,18,284
2891,99,17,166,18,300
2892,68,33,166,18,285
2893,66,17,166,18,267
2895,84,33,66,18,201
2896,1035,32,83,16,1166
2897,50,33,66,18,167
2899,149,33,202,16,400
2901,300,17,134,17,468
2903,67,16,117,19,219
2904,85,15,202,16,318
2905,69,15,202,16,302
2906,100,35,100,16,251
2907,65,17,51,19,152
2908,66,35,100,16,217
2909,83,35,65,16,199
2910,84,19,65,16,184
2911,52,35,65,16,168
2912,300,33,100,19,452
2913,51,31,68,16,166
2914,66,34,134,17,251
2916,65,34,100,17,216
2917,284,31,67,17,399
2918,101,33,84,14,232
2922,100,31,69,15,215
2924,67,31,69,15,182
2926,84,14,100,19,217
2927,69,14,100,19,202
2928,50,14,100,19,183
2930,84,16,67,17,184
2932,51,16,67,17,151
2934,64,34,67,16,181
2936,52,15,67,16,150
2937,67,18,183,16,284
2939,149,33,67,17,266
2942,83,16,84,16,199
2943,285,32,51,16,384
2945,102,16,199,18,335
2946,51,16,67,17,151
2947,67,16,199,18,300
2949,67,16,69,15,167
2951,66,17,99,18,200
2952,166,33,133,18,350
2954,69,32,83,16,200
2955,84,32,51,16,183
2957,52,32,51,16,151
2959,1933,16,83,17,2049
2960,65,34,167,16,282
2962,51,16,167,16,250
2963,115,33,100,18,266
2964,68,32,101,16,217
2967,101,16,133,17,267
2968,83,16,133,17,249
2972,68,32,67,17,184
2973,50,32,67,17,166
2975,67,16,101,15,199
2976,66,33,68,15,182
2977,68,15,68,15,166
2978,67,33,68,17,185
2979,66,16,68,17,167
2980,101,33,66,18,218
2981,66,17,65,18,166
2984,100,34,67,16,217
2987,102,15,67,17,201
2988,66,33,67,17,183
2989,67,15,67,17,166
2990,151,17,200,17,385
2993,300,16,67,16,399
2995,51,34,200,17,302
2996,84,15,102,16,217
2999,66,16,69,16,167
3000,65,35,117,17,234
3002,102,31,52,17,202
3003,101,15,52,17,185
3004,69,31,52,17,169
3005,101,16,67,16,200
3006,65,35,67,16,183
3008,83,17,66,16,182
3010,52,17,66,16,151
3011,50,33,65,17,165
3012,67,33,65,19,184
3014,66,32,52,16,166
3015,66,16,52,16,150
3016,65,33,67,18,183
3017,101,16,151,18,286
3018,65,35,151,18,269
3019,99,17,52,15,183
3021,166,17,67,18,268
3022,85,16,85,18,204
3023,66,16,85,18,185
3024,50,16,85,18,169
3027,65,17,67,18,167
3031,54,30,68,15,167
3032,67,34,68,15,184
3033,66,16,68,15,165
3034,64,34,98,17,213
3037,65,19,115,16,215
3039,84,32,101,16,233
3040,66,32,101,16,215
3042,81,18,98,18,215
3043,84,32,66,18,200
3044,49,18,98,18,183
3047,69,15,67,17,168
3051,284,30,168,16,498
3053,51,33,100,17,201
3054,102,32,133,18,285
3055,100,16,133,18,267
3056,67,32,133,18,250
3057,66,16,133,18,233
3060,83,18,149,16,266
3062,284,17,67,16,384
3063,52,34,97,18,201
3064,69,30,168,16,283
3065,52,30,168,16,266
3066,64,34,100,17,215
3067,67,16,100,17,200
3070,53,14,67,17,151
3071,67,16,83,17,183
3073,64,17,167,17,265
3074,84,17,67,16,184
3075,299,17,67,17,400
3077,102,16,66,17,201
3078,167,34,84,14,299
3080,83,16,134,18,251
3082,100,34,84,14,232
3083,66,16,100,18,200
3084,83,17,84,14,198
3085,100,17,51,14,182
3086,51,17,84,14,166
3089,549,34,84,15,682
3090,66,32,152,16,266
3091,151,31,52,16,250
3092,100,34,66,17,217
3093,101,17,66,17,201
3096,100,35,151,16,302
3097,533,15,67,18,633
3098,65,35,151,16,267
3099,66,17,151,16,250
3100,66,33,100,18,217
3103,100,17,51,16,184
3106,50,17,51,16,134
3108,68,34,67,15,184
3109,84,33,67,15,199
3110,51,16,67,15,149
3113,65,18,132,17,232
3116,99,34,84,15,232
3120,66,33,101,16,216
3121,51,33,101,16,201
3123,66,17,67,16,166
3124,67,32,67,18,184
3125,50,32,67,18,167
3126,51,15,67,18,151
3127,299,18,135,15,467
3129,66,16,119,14,215
3130,67,34,67,18,186
3131,83,34,100,15,232
3132,50,16,67,18,151
3134,101,32,125,11,269
3135,67,16,100,15,198
3136,167,32,68,19,286
3137,165,17,68,19,269
3138,301,33,99,17,450
3140,51,16,65,25,157
3141,64,18,135,15,232
3142,100,36,67,15,218
3143,64,17,68,19,168
3144,65,36,67,15,183
3145,75,11,67,15,168
3146,57,11,67,15,150
3147,104,16,97,18,235
3148,68,35,97,18,218
3149,62,16,97,18,193
3150,100,33,99,17,249
3151,51,33,64,18,166
3155,1135,15,67,16,1233
3156,97,35,133,18,283
3159,100,17,132,16,265
3160,51,17,133,18,219
3162,52,17,132,16,217
3164,67,34,99,15,215
3165,284,33,50,15,382
3166,300,33,99,17,449
3167,164,19,67,16,266
3168,99,34,67,16,216
3169,66,15,68,16,165
3170,99,34,67,16,216
3171,51,34,67,16,168
3172,101,33,117,15,266
3175,152,33,99,17,301
3177,86,33,50,15,184
3178,1734,33,65,16,1848
3179,51,33,50,15,149
3180,100,32,118,15,265
3181,68,16,99,17,200
3186,86,13,51,15,165
3187,99,19,64,18,200
3191,64,15,52,16,147
3193,66,17,68,17,168
3195,67,16,134,17,234
3197,51,34,67,15,167
3200,302,31,101,15,449
3202,100,32,51,18,201
3204,68,32,51,18,169
3205,83,36,165,18,302
3206,65,36,165,18,284
3207,50,36,165,18,269
3208,68,33,98,17,216
3211,52,32,233,18,335
3212,165,33,67,16,281
3213,101,15,101,15,232
3215,69,15,101,15,200
3217,101,15,67,16,199
3219,301,14,100,18,433
3220,52,15,67,16,150
3221,168,15,86,14,283
3222,100,33,170,13,316
3223,64,18,66,19,167
3224,152,15,52,14,233
3225,49,33,170,13,265
3226,66,33,86,14,199
3227,536,15,66,18,635
3228,66,34,52,14,166
3229,101,17,69,13,200
3230,550,16,134,16,716
3232,68,32,100,18,218
3234,1999,34,66,18,2117
3235,65,21,63,18,167
3236,150,17,64,17,248
3237,51,29,52,17,149
3238,66,34,99,17,216
3239,68,16,99,17,200
3240,565,33,64,18,680
3241,68,17,64,17,166
3244,66,33,68,18,185
3247,66,18,51,15,150
3248,68,33,69,16,186
3252,550,17,85,15,667
3253,51,36,199,16,302
3254,69,31,66,18,184
3256,52,15,66,18,151
3257,166,17,135,17,335
3258,63,34,134,16,247
3259,99,16,68,16,199
3260,66,34,68,16,184
3261,99,17,135,17,268
3263,66,17,135,17,235
3265,67,17,67,15,166
3267,52,32,168,17,269
3268,67,35,67,15,184
3269,84,33,64,18,199
3270,67,33,64,18,182
3272,68,34,164,16,282
3273,86,30,53,16,185
3277,181,33,168,16,398
3278,532,34,64,16,646
3279,51,33,65,16,165
3280,53,16,65,16,150
3281,116,33,168,16,333
3282,66,32,167,17,282
3283,81,33,168,16,298
3285,1033,17,66,16,1132
3286,65,35,68,15,183
3287,84,34,65,17,200
3288,86,16,65,17,184
3289,52,34,65,17,168
3296,98,35,99,16,248
3297,66,17,216,16,315
3298,86,16,99,16,217
3299,69,16,99,16,200
3300,167,34,64,16,281
3301,52,31,68,16,167
3302,99,35,82,16,232
3303,64,16,51,18,149
3304,99,34,64,16,213
3305,549,33,100,17,699
3306,166,36,265,17,484
3307,51,34,64,16,165
3308,51,18,64,16,149
3309,99,16,53,15,183
3310,65,33,53,15,166
3312,100,32,68,17,217
3313,84,32,68,17,201
3314,86,15,68,17,186
3315,52,32,68,17,169
3316,285,16,67,20,388
3317,52,35,98,17,202
3318,165,33,154,13,365
3319,65,18,82,16,181
3321,101,15,66,18,200
3322,62,36,66,18,182
3323,68,15,66,18,167
3324,65,33,154,13,265
3325,98,16,51,17,182
3326,153,17,53,13,236
3327,65,16,51,17,149
3328,84,16,67,20,187
3329,67,16,67,20,170
3330,51,16,67,20,154
3331,67,17,53,13,150
3332,101,33,100,17,251
3334,87,13,100,17,217
3337,168,17,66,16,267
3339,147,33,134,16,330
3341,149,33,67,17,266
3343,165,17,135,17,334
3344,68,33,134,16,251
3345,84,33,67,17,201
3346,67,33,67,17,184
3347,50,33,67,17,167
3351,68,15,66,18,167
3354,68,32,52,14,166
3356,101,31,86,16,234
3357,67,17,66,16,166
3358,67,31,86,16,200
3359,51,31,86,16,184
3360,101,32,100,18,251
3361,99,16,100,18,233
3362,98,35,65,18,216
3364,537,30,102,15,684
3366,100,32,67,18,217
3367,51,33,166,16,266
3369,99,18,98,16,231
3370,533,34,97,20,684
3372,83,16,67,16,182
3373,101,18,133,15,267
3375,2717,33,100,16,2866
3376,67,31,67,16,181
3378,52,15,67,16,150
3379,100,16,50,16,182
3380,64,34,50,16,164
3382,102,31,103,14,250
3384,69,31,103,14,217
3389,299,20,64,17,400
3390,103,30,102,15,250
3391,53,34,132,15,234
3392,68,30,102,15,215
3393,52,30,102,15,199
3395,67,16,68,15,166
3396,281,18,65,18,382
3397,69,15,131,20,235
3398,53,15,131,20,219
3399,99,17,65,20,201
3401,97,20,64,17,198
3403,65,20,64,17,166
3404,97,35,100,18,250
3406,65,35,100,18,218
3407,69,15,100,18,202
3410,86,18,64,18,186
3411,66,18,64,18,166
3412,151,17,98,18,284
3414,65,33,102,15,215
3415,67,15,102,15,199
3416,64,35,98,18,215
3418,51,17,98,18,184
3420,551,16,51,17,635
3421,84,31,67,18,200
3423,52,31,67,18,168
3424,65,35,132,18,250
3425,67,17,132,18,234
3426,66,32,52,16,166
3427,51,32,52,16,151
3428,300,34,51,15,400
3432,52,16,66,17,151
3433,100,16,66,18,200
3434,66,34,66,18,184
3435,99,18,64,19,200
3437,84,31,100,18,233
3439,51,31,100,18,200
3440,66,33,67,18,184
3441,101,15,51,15,182
3442,64,34,51,15,164
3445,100,15,67,18,200
3447,99,16,51,17,183
3448,51,15,67,18,151
3450,67,33,67,17,184
3451,66,16,67,17,166
3453,67,17,65,18,167
3454,51,17,65,18,151
3456,100,35,65,17,217
3457,100,17,65,17,199
3458,65,35,65,17,182
3459,166,16,135,15,332
3461,68,14,67,20,169
3462,100,33,135,15,283
3463,65,17,150,18,250
3464,98,35,82,18,233
3465,81,35,82,18,216
3466,87,15,82,18,202
3467,50,35,82,18,185
3468,53,15,82,18,168
3469,166,17,51,18,252
3470,100,35,67,16,218
3471,65,15,184,18,282
3472,65,35,67,16,183
3473,66,18,67,16,167
3474,98,35,132,16,281
3475,100,17,132,16,265
3476,167,35,65,16,283
3478,167,32,167,17,383
3480,51,18,66,16,151
3481,51,31,169,16,267
3482,65,35,65,16,181
3483,84,32,167,17,300
3486,67,33,85,16,201
3487,99,17,101,17,234
3488,65,33,101,17,216
3492,167,33,67,18,285
3493,103,15,133,18,269
3494,52,16,66,18,152
3495,550,34,166,17,767
3496,65,33,66,17,181
3497,165,17,117,18,317
3499,66,15,67,18,166
3500,51,15,67,18,151
3501,66,16,52,16,150
3502,66,34,117,18,235
3504,67,34,154,16,271
3505,167,18,98,18,301
3507,51,32,122,16,221
3508,100,35,98,18,251
3509,65,17,67,21,170
3510,66,35,98,18,217
3511,66,18,98,18,200
3512,101,37,62,16,216
3513,52,32,99,16,199
3517,100,15,68,15,198
3518,534,34,166,17,751
3522,68,33,66,18,185
3523,66,17,66,18,167
3525,285,33,67,17,402
3526,99,35,181,18,333
3527,67,16,68,14,165
3530,166,33,100,17,316
3531,65,19,148,18,250
3533,149,33,67,17,266
3537,52,33,100,17,202
3538,166,34,117,16,333
3539,51,33,67,17,168
3540,100,33,151,16,300
3541,65,18,67,15,165
3542,2350,16,68,15,2449
3543,51,33,151,16,251
3546,50,17,117,16,200
3547,100,16,68,16,200
3548,68,31,68,16,183
3549,150,34,99,16,299
3551,300,18,65,18,401
3553,151,33,100,16,300
3554,52,16,265,18,351
3555,50,34,99,16,199
3556,299,35,99,16,449
3559,51,33,100,16,200
3561,99,17,99,18,233
3562,51,15,132,18,216
3563,65,17,99,18,199
3564,66,34,65,18,183
3565,165,17,99,16,297
3566,101,31,50,17,199
3569,101,17,99,16,233
3571,67,17,99,16,199
3572,66,32,67,16,181
3573,51,32,67,16,166
3574,50,17,67,16,150
3575,84,32,100,17,233
3576,84,15,100,17,216
3577,52,32,100,17,201
3578,52,15,100,17,184
3582,69,31,234,16,350
3583,301,17,67,17,402
3584,65,35,65,18,183
3587,100,16,68,16,200
3588,52,16,100,16,184
3590,65,34,66,17,182
3591,98,18,133,17,266
3592,66,34,133,17,250
3593,66,18,133,17,234
3595,99,17,67,17,200
3596,167,32,101,18,318
3597,84,34,65,18,201
3598,100,33,133,18,284
3599,50,34,65,18,167
3602,67,32,101,18,218
3603,101,15,86,14,216
3604,65,33,86,14,198
3605,99,17,201,15,332
3606,300,35,199,17,551
3608,50,17,201,15,283
3609,67,16,84,16,183
3610,52,16,84,16,168
3611,101,18,64,17,200
3612,302,32,50,18,402
3614,68,32,67,15,182
3615,82,32,70,16,200
3616,52,16,67,15,150
3617,99,18,101,16,234
3618,99,35,199,17,350
3622,152,16,50,18,236
3623,300,19,65,17,401
3624,51,14,103,15,183
3626,299,32,67,16,414
3627,283,32,67,16,398
3629,67,18,66,17,168
3630,67,33,66,15,181
3631,66,18,66,15,165
3633,84,33,99,17,233
3635,51,33,99,17,200
3636,100,33,134,14,281
3637,66,19,65,17,167
3638,67,33,134,14,248
3639,64,19,134,14,231
3641,167,19,65,17,268
3642,65,33,69,14,181
3643,68,16,69,14,167
3644,299,33,68,15,415
3645,50,34,133,16,233
3646,67,35,65,17,184
3647,66,19,65,17,167
3648,100,34,133,18,285
3650,66,34,133,18,251
3651,50,34,133,18,235
3652,165,33,68,15,281
3653,84,34,66,18,202
3654,167,34,66,18,285
3658,100,34,66,18,218
3661,67,16,66,18,167
3664,68,32,51,15,166
3669,102,14,68,16,200
3672,66,36,65,17,184
3673,100,16,50,16,182
3674,101,33,51,16,201
3675,98,17,51,16,182
3676,68,33,51,16,168
3678,82,16,68,15,181
3682,101,32,66,19,218
3684,68,32,66,19,185
3685,167,15,168,15,365
3686,99,33,69,15,216
3688,65,33,69,15,182
3689,102,15,168,15,300
3691,68,15,168,15,266
3692,52,15,168,15,250
3693,1384,34,167,16,1601
3694,301,33,234,16,584
3697,66,19,99,15,199
3698,82,17,102,15,216
3699,52,32,102,15,201
3700,102,33,134,17,286
3702,99,35,167,14,315
3703,1102,16,65,18,1201
3705,51,35,167,14,267
3708,66,33,234,16,349
3709,100,19,68,14,201
3710,64,35,68,14,181
3711,101,16,65,18,200
3712,68,33,65,18,184
3713,68,16,65,18,167
3714,103,30,52,17,202
3715,52,35,64,18,169
3716,150,17,131,18,316
3717,65,16,52,17,150
3718,283,16,100,18,417
3719,67,16,100,17,200
3720,164,34,134,16,348
3722,52,17,131,18,218
3723,150,32,68,15,265
3724,100,34,134,16,284
3725,99,17,134,16,266
3726,65,34,134,16,249
3727,67,17,134,16,234
3728,67,32,68,15,182
3729,51,32,68,15,166
3731,284,34,52,13,383
3735,151,33,119,13,316
3736,68,32,101,16,217
3737,51,32,101,16,200
3739,86,33,119,13,251
3740,67,33,119,13,232
3741,51,33,119,13,216
3742,168,32,135,16,351
3744,300,32,51,16,399
3745,52,34,52,13,151
3746,67,33,99,17,216
3750,52,13,135,16,216
3751,66,19,66,15,166
3752,67,32,68,16,183
3753,114,34,65,18,231
3754,51,16,68,16,151
3755,100,19,65,18,202
3756,165,34,67,15,281
3757,84,32,51,16,183
3758,100,33,68,15,216
3760,99,34,67,15,215
3761,67,17,68,15,167
3762,65,34,67,15,181
3763,83,34,65,18,200
3766,68,33,66,16,183
3768,67,32,133,19,251
3769,164,18,84,15,281
3770,65,34,99,19,217
3771,84,34,167,16,301
3772,533,33,67,17,650
3774,68,33,84,15,200
3775,151,31,51,15,248
3777,67,16,118,15,216
3780,51,17,82,15,165
3781,52,31,51,15,149
3782,167,33,86,16,302
3783,65,18,65,18,166
3784,299,33,66,16,414
3785,98,17,201,15,331
3786,100,33,86,16,235
3788,83,15,86,16,200
3789,283,33,51,15,382
3791,50,35,51,16,152
3792,301,32,68,17,418
3793,65,18,100,15,198
3794,68,34,183,15,300
3795,67,16,183,15,281
3796,166,33,51,15,265
3797,100,18,66,16,200
3798,100,33,67,17,217
3800,99,33,51,15,198
3801,84,33,51,15,183
3802,66,33,51,15,165
3803,51,33,51,15,150
3804,100,32,68,17,217
3806,67,32,68,17,184
3807,51,32,68,17,168
3808,51,15,68,17,151
3809,50,33,135,18,236
3810,65,35,198,18,316
3811,299,17,101,15,432
3812,51,17,198,18,284
3814,52,16,85,15,168
3816,67,33,67,15,182
3817,65,18,67,15,165
3818,67,33,65,18,183
3819,51,33,65,18,167
3822,301,32,67,16,416
3827,167,18,66,18,269
3829,300,16,101,17,434
3830,70,31,67,16,184
3831,51,31,67,16,165
3832,300,31,52,16,399
3833,167,15,66,16,264
3834,64,34,50,15,163
3835,168,16,83,15,282
3836,67,32,67,16,182
3837,52,32,67,16,167
3838,66,33,66,16,181
3839,68,15,66,16,165
3841,67,16,83,15,181
3842,67,32,101,17,217
3843,65,16,101,17,199
3844,299,34,101,16,450
3845,64,19,66,17,166
3846,67,31,52,16,166
3847,67,15,52,16,150
3850,66,33,51,15,165
3851,166,16,69,16,267
3852,552,17,65,18,652
3853,68,17,64,18,167
3854,68,31,168,16,283
3855,165,19,217,16,417
3857,65,16,69,16,166
3860,102,32,66,18,218
3861,66,19,217,16,318
3864,85,16,151,16,268
3865,85,32,101,18,236
3866,98,34,67,18,217
3867,50,32,101,18,201
3868,66,34,67,18,185
3870,299,33,134,18,484
3871,50,35,50,16,151
3873,66,17,67,16,166
3874,67,34,65,18,184
3876,166,32,101,17,316
3878,67,32,100,18,217
3879,99,17,65,18,199
3880,165,34,51,17,267
3881,68,17,65,18,168
3882,67,32,101,17,217
3883,51,32,101,17,201
3885,67,15,134,18,234
3886,83,16,51,17,167
3888,101,34,66,16,217
3890,85,17,66,16,184
3892,51,17,66,16,150
3893,65,16,50,17,148
3894,66,34,99,18,217
3896,66,33,66,18,183
3897,66,17,66,18,167
3899,99,16,52,15,182
3900,66,33,52,15,166
3901,67,16,52,15,150
3903,301,16,66,18,401
3905,68,15,66,19,168
3907,65,18,65,18,166
3909,100,14,218,17,349
3910,85,14,218,17,334
3911,69,14,218,17,318
3912,65,34,184,17,300
3914,51,16,184,17,268
3915,64,17,135,16,232
3917,83,34,83,17,217
3918,67,34,83,17,201
3919,51,34,83,17,185
3920,52,16,83,17,168
3922,166,36,65,16,283
3923,66,17,166,16,265
3925,98,17,69,15,199
3926,151,18,65,17,251
3927,100,18,65,16,199
3928,166,33,83,16,298
3929,85,33,65,17,200
3930,83,18,65,17,183
3931,101,17,99,17,234
3932,101,33,83,16,233
3933,167,15,67,17,266
3935,66,17,83,16,182
3937,67,17,99,17,200
3939,68,15,67,17,167
3942,49,16,117,17,199
3943,99,16,50,17,182
3944,301,34,67,15,417
3945,117,33,101,17,268
3946,101,33,101,17,252
3947,53,34,201,16,304
3950,85,16,167,16,284
3951,283,33,99,16,431
3952,51,16,167,16,250
3953,67,18,66,16,167
3955,83,33,101,15,232
3956,100,34,67,15,216
3957,151,34,100,16,301
3958,66,34,67,15,182
3959,66,18,67,15,166
3960,100,34,100,16,250
3961,50,33,67,16,166
3962,67,34,100,16,217
3964,100,33,66,16,215
3966,67,33,66,16,182
3967,51,33,66,16,166
3970,67,32,100,18,217
3973,64,18,66,18,166
3974,66,32,101,17,216
3975,66,16,101,17,200
3976,50,16,101,17,184
3978,150,17,132,17,316
3980,52,16,67,17,152
3981,83,34,132,17,266
3983,165,18,67,16,266
3984,50,17,132,17,216
3986,51,16,67,16,150
3987,66,18,166,16,266
3988,67,33,67,16,183
3990,67,32,101,16,216
3991,51,32,101,16,200
3992,166,33,66,18,283
3993,101,16,101,16,234
3994,67,32,101,16,216
3995,516,35,65,17,633
3996,168,32,67,18,285
3997,66,18,99,18,201
3999,517,32,52,14,615
4000,168,32,84,18,302
4002,299,35,65,18,417
4005,68,17,50,16,151
4006,67,32,84,18,201
4007,51,32,84,18,185
4008,85,16,68,15,184
4010,50,16,68,15,149
4011,517,33,99,18,667
4012,102,31,100,18,251
4014,68,31,100,18,217
4016,100,33,265,18,416
4019,100,16,68,15,199
4020,168,32,52,14,266
4021,65,16,68,15,164
4022,65,35,65,17,182
4023,51,35,65,17,168
4024,67,33,65,19,184
4026,68,32,52,14,166
4027,65,17,52,14,148
4028,65,33,67,17,182
4029,67,16,67,17,167
4030,165,35,66,16,282
4031,50,33,102,15,200
4032,52,14,102,15,183
4033,67,16,68,15,166
4034,302,31,101,16,450
4035,65,16,68,17,166
4036,168,34,67,16,285
4037,67,17,66,16,166
4042,66,34,67,16,183
4043,67,18,67,16,168
4045,66,16,51,15,148
4046,101,31,101,16,249
4047,68,17,66,17,168
4048,83,15,101,16,215
4049,51,31,101,16,199
4051,67,16,66,16,165
4052,299,34,67,16,416
4053,850,33,51,16,950
4055,166,17,66,17,266
4057,299,18,66,16,399
4058,67,35,66,15,183
4060,51,17,66,15,149
4061,68,17,66,17,168
4062,68,33,200,16,317
4063,849,33,167,16,1065
4064,66,33,167,16,282
4065,299,16,134,17,466
4066,549,16,101,16,682
4067,850,35,65,17,967
4068,100,34,66,16,216
4069,101,18,66,16,201
4070,101,32,118,18,269
4071,66,18,66,16,166
4072,67,32,118,18,235
4073,51,32,118,18,219
4074,66,34,65,19,184
4075,67,17,65,19,168
4076,66,33,69,15,183
4077,66,17,69,15,167
4081,68,18,65,16,167
4082,299,33,68,16,416
4083,53,32,65,17,167
4084,52,17,65,17,151
4085,66,17,65,19,167
4087,99,16,68,16,199
4089,3266,18,82,16,3382
4090,165,33,68,16,282
4093,166,18,66,18,268
4094,168,33,51,16,268
4095,298,17,66,19,400
4096,65,33,68,16,182
4098,285,14,167,16,482
4100,68,33,51,16,168
4101,83,33,67,16,199
4103,84,34,66,19,203
4104,66,34,66,19,185
4105,84,33,52,14,183
4106,535,31,69,15,650
4107,1784,34,67,14,1899
4108,67,33,66,19,185
4109,101,14,167,16,298
4110,85,14,167,16,282
4111,150,33,133,16,332
4112,52,14,167,16,249
4114,85,16,65,17,183
4115,66,16,65,17,164
4116,52,16,65,17,150
4117,166,18,65,18,267
4119,67,14,50,18,149
4120,65,34,99,18,216
4121,66,17,99,18,200
4122,66,34,65,18,183
4123,532,17,98,17,664
4124,101,32,203,15,351
4127,101,18,83,15,217
4128,168,31,69,15,283
4129,99,18,284,17,418
4130,50,18,83,15,166
4131,167,18,100,17,302
4133,167,18,66,17,268
4135,302,17,131,17,467
4137,63,18,100,17,198
4138,166,31,52,17,266
4139,84,31,100,18,233
4140,69,31,100,18,218
4142,49,16,100,18,183
4144,83,14,52,17,166
4146,52,14,52,17,135
4147,100,17,131,17,265
4148,65,35,131,17,248
4149,66,17,131,17,231
4150,52,17,131,17,217
4152,85,15,66,17,183
4153,67,15,66,17,165
4154,99,32,69,15,215
4155,67,16,101,15,199
4158,52,14,69,15,150
4161,166,16,68,15,265
4162,69,32,84,17,202
4164,550,18,68,14,650
4165,552,33,66,17,668
4166,65,34,68,15,182
4168,51,16,68,15,150
4169,50,34,66,19,169
4170,51,17,66,19,153
4173,83,33,67,16,199
4175,51,33,67,16,167
4177,67,16,100,18,201
4178,84,16,66,18,184
4179,65,16,66,18,165
4180,51,16,66,18,151
4181,50,34,65,18,167
4182,68,32,168,15,283
4183,167,15,101,16,299
4186,166,34,68,14,282
4187,101,15,101,16,233
4188,85,15,101,16,217
4189,67,15,101,16,199
4190,101,34,68,14,217
4191,300,20,63,18,401
4193,151,31,133,18,333
4195,65,18,66,17,166
4196,67,35,97,18,217
4197,86,31,133,18,268
4198,68,31,133,18,250
4199,53,31,133,18,235
4201,101,15,101,18,235
4202,64,33,101,18,216
4203,101,20,63,18,202
4204,84,20,63,18,185
4206,51,20,63,18,152
4207,53,29,52,16,150
4208,67,34,66,16,183
4209,67,16,66,16,165
4212,52,16,67,14,149
4213,150,34,98,18,300
4214,66,35,133,16,250
4216,100,34,98,18,250
4217,52,33,65,18,168
4218,68,34,98,18,218
4220,98,35,166,18,317
4223,67,17,166,18,268
4225,101,15,69,15,200
4226,67,33,69,15,184
4227,549,35,83,16,683
4228,166,35,99,19,319
4229,67,17,266,18,368
4231,84,32,116,18,250
4232,69,32,116,18,235
4233,51,32,116,18,217
4234,66,35,99,19,219
4235,166,18,149,17,350
4236,67,32,67,19,185
4237,52,32,67,19,170
4238,51,16,67,19,153
4239,65,16,54,13,148
4242,49,18,149,17,233
4244,54,13,52,14,133
4245,67,17,83,17,184
4247,165,14,69,16,264
4248,300,34,133,17,484
4249,117,32,69,16,234
4250,66,34,101,16,217
4251,82,32,69,16,199
4253,50,32,69,16,167
4255,67,16,51,17,151
4257,83,33,100,15,231
4259,84,32,68,15,199
4260,168,34,65,17,284
4263,67,16,133,17,233
4264,66,34,65,18,183
4265,52,34,65,18,169
4266,68,34,65,17,184
4268,68,31,51,16,166
4269,52,31,51,16,150
4270,65,34,83,18,200
4271,84,33,100,17,234
4273,1036,15,65,17,1133
4276,66,35,67,16,184
4277,84,32,117,16,249
4279,99,18,82,16,215
4282,67,33,65,18,183
4283,51,33,65,18,167
4285,100,16,133,19,268
4286,65,33,133,19,250
4287,166,17,51,15,249
4288,65,34,99,19,217
4290,67,33,85,15,200
4291,68,15,85,15,183
4292,302,32,67,16,417
4293,101,14,235,15,365
4296,66,34,101,16,217
4297,68,15,101,16,200
4298,51,15,101,16,183
4300,102,33,66,17,218
4301,150,32,67,16,265
4302,167,34,99,17,317
4305,51,34,99,16,200
4309,301,16,66,18,401
4310,66,33,66,17,182
4312,67,34,65,18,184
4314,150,16,51,16,233
4315,52,32,51,16,151
4317,67,16,135,16,234
4319,100,17,232,17,366
4320,300,33,68,16,417
4321,67,17,232,17,333
4322,85,16,66,18,185
4324,101,32,201,16,350
4326,99,34,99,17,249
4328,66,34,99,17,216
4330,66,34,65,17,182
4331,101,15,67,16,199
4332,100,33,68,16,217
4334,66,33,68,16,183
4336,167,31,136,15,349
4337,65,17,99,17,198
4338,50,17,99,17,183
4340,50,18,65,17,150
4341,51,34,98,18,201
4343,100,18,200,16,334
4344,65,35,200,16,316
4346,98,34,134,16,282
4349,50,34,134,16,234
4350,66,35,115,18,234
4351,84,33,66,16,199
4352,84,18,66,16,184
4353,84,32,50,18,184
4354,50,18,66,16,150
4355,152,33,65,18,268
4356,299,33,100,17,449
4359,66,18,67,16,167
4360,50,18,67,16,151
4361,150,35,66,16,267
4363,51,34,332,18,435
4364,166,33,100,17,316
4365,67,15,68,17,167
4367,50,35,66,16,167
4368,66,33,201,16,316
4369,50,33,201,16,300
4371,83,32,68,17,200
4376,50,16,67,16,149
4377,50,34,100,18,202
4378,68,33,67,18,186
4379,99,19,64,18,200
4381,65,19,64,18,166
4385,69,14,51,16,150
4386,98,33,134,16,281
4387,66,16,52,16,150
4388,66,33,134,16,249
4389,81,35,132,19,267
4390,86,16,132,19,253
4392,101,33,66,19,219
4393,67,17,66,16,166
4394,503,30,117,17,667
4395,82,33,134,16,265
4396,66,33,134,16,249
4397,50,33,134,16,233
4398,99,34,67,16,216
4399,52,33,68,17,170
4402,52,15,67,16,150
4404,518,15,69,16,618
4406,67,33,67,17,184
4408,167,33,83,15,298
4409,83,33,135,15,266
4410,67,33,135,15,250
4411,285,32,66,18,401
4412,166,36,66,17,285
4414,100,32,51,15,198
4419,86,30,117,17,250
4421,52,30,117,17,216
4422,51,15,117,17,200
4423,67,18,98,18,201
4424,66,32,66,18,182
4425,167,15,69,16,267
4427,50,34,65,17,166
4428,98,33,69,16,216
4429,64,17,68,16,165
4431,66,15,69,16,166
4432,166,34,99,18,317
4433,67,18,132,18,235
4434,68,34,66,16,184
4436,101,34,99,18,252
4437,52,32,133,18,235
4438,299,33,69,15,416
4440,82,16,67,18,183
4441,66,16,67,18,167
4442,151,15,67,17,250
4444,165,34,67,16,282
4445,68,15,83,17,183
4446,85,15,67,17,184
4447,67,15,67,17,166
4449,66,15,101,16,198
4450,66,34,67,16,183
4451,65,17,67,16,165
4452,67,33,69,15,184
4454,67,34,67,17,185
4455,67,17,67,17,168
4456,67,35,116,17,235
4457,66,19,116,17,218
4459,101,16,68,14,199
4460,67,33,68,14,182
4461,68,16,68,14,166
4462,284,14,102,16,416
4464,101,33,67,16,217
4466,1269,32,50,17,1368
4468,68,32,86,14,200
4470,50,15,86,14,165
4471,102,16,66,18,202
4472,99,33,102,16,250
4473,66,16,66,18,166
4474,67,33,102,16,218
4476,98,34,67,16,215
4477,67,15,135,15,232
4478,151,16,99,19,285
4480,102,32,99,19,252
4482,85,16,99,19,219
4483,51,32,99,19,201
4484,51,16,99,19,185
4486,66,33,51,15,165
4489,102,15,119,15,251
4490,65,34,119,15,233
4491,151,33,168,16,368
4493,51,34,85,15,185
4494,68,33,101,16,218
4495,65,17,101,16,199
4496,535,32,66,19,652
4497,51,33,168,16,268
4499,69,15,203,13,300
4500,101,32,202,16,351
4501,282,35,83,15,415
4502,100,33,51,16,200
4503,65,16,202,16,299
4504,66,33,51,16,166
4506,169,30,233,16,448
4507,153,30,233,16,432
4508,68,32,102,16,218
4510,51,16,102,16,185
4511,64,21,65,16,166
4512,82,17,233,16,348
4514,167,33,100,16,316
4515,51,35,83,15,184
4516,65,30,103,16,214
4517,52,30,103,16,201
4518,100,33,100,16,249
4519,68,16,68,16,168
4521,67,15,100,16,198
4523,66,18,65,16,165
4526,67,33,52,16,168
4528,65,33,66,19,183
4530,85,16,101,14,216
4532,52,16,101,14,183
4533,102,15,102,16,235
4534,66,34,102,16,218
4536,65,36,66,16,183
4538,70,32,50,17,169
4539,150,33,66,17,266
4540,102,33,166,15,316
4541,52,34,66,18,170
4542,66,33,166,15,280
4543,52,33,166,15,266
4544,50,17,166,15,248
4545,52,33,66,17,168
4547,116,34,133,16,299
4548,51,13,52,17,133
4549,84,34,133,16,267
4550,167,33,99,18,317
4552,52,17,133,16,218
4555,65,19,66,16,166
4556,83,17,99,18,217
4557,83,33,66,18,200
4559,101,16,100,18,235
4560,66,32,100,18,216
4561,66,16,100,18,200
4565,101,15,68,17,201
4566,52,14,102,17,185
4569,66,16,67,15,164
4572,733,35,150,16,934
4573,67,16,68,16,167
4574,51,16,68,16,151
4576,167,31,102,15,315
4577,84,31,66,20,201
4579,84,35,51,15,185
4580,102,31,102,15,250
4581,50,35,51,15,151
4582,82,15,102,15,214
4583,66,15,102,15,198
4584,51,15,102,15,183
4585,67,15,166,16,264
4586,51,15,166,16,248
4587,50,32,200,18,300
4589,82,32,67,16,197
4590,67,32,67,16,182
4591,51,32,67,16,166
4592,67,34,68,16,185
4593,68,16,68,16,168
4594,83,16,135,15,249
4597,151,33,166,16,366
4600,168,34,99,16,317
4601,86,33,166,16,301
4602,100,33,98,19,250
4603,51,33,166,16,266
4606,66,34,99,16,215
4607,51,34,99,16,200
4608,83,15,84,16,198
4609,52,31,84,16,183
4611,49,33,51,16,149
4612,64,35,150,16,265
4613,67,16,150,16,249
4615,101,17,66,17,201
4617,549,34,100,16,699
4618,67,31,52,16,166
4619,51,31,52,16,150
4621,65,18,133,16,232
4622,66,33,68,15,182
4624,302,33,68,15,418
4627,65,19,65,17,166
4628,68,32,66,19,185
4629,65,17,66,19,167
4633,67,16,169,15,267
4634,66,35,100,15,216
4636,52,16,100,15,183
4637,102,15,68,15,200
4638,68,33,68,15,184
4639,97,19,66,16,198
4640,66,34,66,16,182
4641,65,19,66,16,166
4645,53,32,100,15,200
4646,66,34,100,16,216
4647,100,17,68,16,201
4649,66,17,68,16,167
4650,534,32,99,17,682
4652,66,34,99,17,216
4653,51,34,99,17,201
4655,168,17,165,17,367
4657,69,15,68,16,168
4658,65,34,99,18,216
4660,67,34,165,17,283
4661,83,32,51,16,182
4663,167,17,67,16,267
4664,150,17,67,16,250
4665,49,33,135,16,233
4667,299,17,102,15,433
4669,66,17,67,16,166
4670,68,32,68,16,184
4676,68,34,131,17,250
4677,85,32,99,17,233
4678,67,32,99,17,215
4679,283,34,65,18,400
4682,65,33,69,15,182
4683,67,16,69,15,167
4684,85,14,119,16,234
4685,69,14,119,16,218
4686,52,14,119,16,201
4687,150,34,65,18,267
4688,69,31,52,16,168
4689,168,15,104,13,300
4691,84,34,65,18,201
4694,52,16,65,18,151
4695,69,15,104,13,201
4697,99,16,52,15,182
4700,81,23,96,16,216
4701,65,23,96,16,200
4702,50,23,96,16,185
4705,100,19,65,17,201
4707,64,19,65,17,165
4708,84,16,67,15,182
4709,166,18,67,18,269
4710,66,33,67,16,182
4711,300,19,98,19,436
4712,65,34,100,18,217
4713,150,33,67,15,265
4715,283,34,67,15,399
4716,67,34,51,15,167
4717,150,34,66,17,267
4720,285,16,66,16,383
4721,69,15,68,16,168
4722,51,15,68,16,150
4723,100,19,98,19,236
4725,64,19,98,19,200
4727,282,33,100,17,432
4728,66,34,67,15,182
4729,85,32,101,16,234
4730,98,35,66,16,215
4731,101,16,66,16,199
4732,66,35,66,16,183
4733,84,33,199,17,333
4734,51,16,66,16,149
4736,50,18,199,17,284
4738,298,35,133,18,484
4739,67,17,133,17,234
4741,50,33,100,17,200
4742,66,31,69,17,183
4745,101,15,153,15,284
4746,51,16,67,16,150
4747,68,15,153,15,251
4748,103,32,136,14,285
4749,150,34,99,18,301
4750,150,18,99,18,285
4751,65,16,136,14,231
4752,66,35,133,18,252
4753,68,16,133,18,235
4755,550,33,102,15,700
4756,87,15,66,18,186
4757,99,18,133,15,265
4758,101,32,101,15,249
4759,67,18,133,15,233
4762,100,32,67,18,217
4763,100,16,67,18,201
4765,68,16,67,18,169
4766,50,16,67,18,151
4767,65,18,50,16,149
4768,167,33,67,16,283
4769,83,34,99,17,233
4770,67,34,99,17,217
4772,50,16,99,17,182
4773,51,34,65,17,167
4774,101,32,51,16,200
4775,282,35,99,15,431
4777,551,34,99,18,702
4778,65,35,65,18,183
4779,67,18,65,18,168
4781,51,32,66,18,167
4782,51,16,66,18,151
4783,50,33,51,16,150
4785,100,16,100,18,234
4787,299,16,68,16,399
4788,51,16,100,18,185
4792,68,32,201,16,317
4793,550,33,117,16,716
4795,99,17,135,16,267
4797,66,17,135,16,234
4798,49,17,135,16,217
4799,66,15,52,17,150
4800,167,34,99,18,318
4801,68,16,68,16,168
4802,67,35,67,16,185
4803,67,17,67,16,167
4806,166,35,100,15,316
4808,299,33,117,16,465
4809,51,33,66,18,168
4810,98,35,100,15,248
4811,51,31,53,17,152
4812,299,37,80,16,432
4813,65,18,100,15,198
4814,66,35,65,15,181
4819,65,17,66,16,164
4820,65,33,84,20,202
4821,64,18,84,20,186
4822,67,33,117,16,233
4825,102,20,80,16,218
4826,67,37,80,16,200
4827,88,30,50,16,184
4828,51,20,80,16,167
4831,66,16,67,18,167
4832,180,16,118,16,330
4833,83,33,67,17,200
4834,83,16,67,17,183
4835,101,15,51,16,183
4836,85,15,51,16,167
4837,67,15,51,16,149
4839,100,16,68,17,201
4840,51,16,118,16,201
4842,152,16,84,16,268
4843,67,15,52,16,150
4844,66,35,99,18,218
4845,84,33,84,16,217
4846,85,16,84,16,201
4847,83,32,100,17,232
4849,51,32,100,17,200
4851,165,17,66,18,266
4854,52,16,100,16,184
4855,66,16,68,16,166
4856,50,16,68,16,150
4857,65,17,66,18,166
4858,82,18,132,17,249
4859,66,18,132,17,233
4860,68,32,67,17,184
4861,67,16,67,17,167
4862,284,16,67,16,383
4863,101,16,67,17,201
4864,66,33,67,17,183
4865,100,16,51,16,183
4866,100,34,66,18,218
4870,84,16,51,16,167
4871,67,16,51,16,150
4872,100,34,67,16,217
4874,84,16,67,16,183
4875,67,16,67,16,166
4876,51,16,67,16,150
4877,98,18,99,18,233
4878,68,33,99,18,218
4880,67,32,100,18,217
4881,167,15,69,15,266
4887,67,15,69,15,166
4888,83,16,68,15,182
4889,166,16,52,17,251
4891,99,18,65,18,200
4893,66,18,65,18,167
4894,934,34,181,17,1166
4895,1467,16,133,18,1634
4898,298,33,101,16,448
4901,168,17,65,17,267
4902,67,33,51,17,168
4903,66,16,51,17,150
4904,98,35,65,17,215
4905,66,16,67,16,165
4906,84,17,65,17,183
4907,84,32,135,16,267
4908,51,17,65,17,150
4909,51,32,135,16,234
4910,168,34,133,17,352
4911,65,17,102,16,200
4914,167,34,67,17,285
4915,68,17,66,16,167
4916,301,34,98,18,451
4917,51,34,133,17,235
4918,153,15,166,16,350
4920,100,33,166,16,315
4922,84,15,166,16,281
4924,52,15,166,16,249
4925,168,17,98,18,301
4926,84,15,51,17,167
4927,66,15,51,17,149
4928,51,15,51,17,134
4929,298,17,101,16,432
4930,66,34,98,18,216
4931,115,34,83,17,249
4933,98,18,83,17,216
4934,100,32,51,17,200
4935,99,16,51,17,183
4936,149,17,67,16,249
4937,65,16,51,17,149
4938,100,34,67,16,217
4942,169,33,66,17,285
4943,100,17,67,16,200
4944,67,34,67,16,184
4945,151,32,51,17,251
4946,67,34,181,17,299
4947,67,18,181,17,283
4948,68,33,66,17,184
4950,150,17,132,18,317
4952,865,35,132,19,1051
4953,52,34,82,17,185
4954,165,34,51,16,266
4956,51,17,132,18,218
4957,52,33,168,15,268
4958,67,32,67,18,184
4959,100,16,51,16,183
4960,65,34,51,16,166
4961,100,15,167,17,299
4962,66,33,167,17,283
4963,102,16,101,15,234
4964,67,34,101,15,217
4965,67,16,101,15,199
4966,284,16,133,18,451
4968,101,34,65,16,216
4969,51,32,66,17,166
4970,101,32,117,17,267
4971,67,17,65,16,165
4972,66,32,117,17,232
4974,83,16,67,17,183
4978,66,34,133,18,251
4979,67,16,133,18,234
4980,67,34,64,19,184
4981,285,33,66,17,401
4982,51,17,64,19,151
4985,66,15,118,18,217
4986,64,35,134,18,251
4987,166,18,67,17,268
4988,64,34,166,17,281
4989,68,16,166,17,267
4991,50,34,201,14,299
4992,68,33,67,17,185
4995,84,34,101,14,233
4997,51,34,101,14,200
4999,67,15,135,15,232
5000,549,17,84,17,667
5003,84,32,66,19,201
5004,69,32,66,19,186
5006,100,32,84,16,232
5007,301,16,100,16,433
5008,66,32,84,16,198
5010,1499,34,103,14,1650
5013,51,33,51,16,151
5014,67,33,100,17,217
5015,65,16,100,17,198
5016,84,16,66,17,183
5019,50,35,65,17,167
5020,100,34,117,15,266
5021,66,16,100,16,198
5022,300,33,68,15,416
5023,66,17,117,15,215
5024,65,34,83,15,197
5026,51,17,83,15,166
5027,51,32,66,17,166
5028,66,33,84,17,200
5029,100,15,68,17,200
5030,83,15,68,17,183
5032,51,15,68,17,151
5033,50,35,66,17,168
5034,68,33,67,16,184
5035,83,33,68,15,199
5036,169,33,132,16,350
5037,317,34,67,17,435
5040,67,34,99,18,218
5042,535,33,50,15,633
5044,67,33,51,16,167
5045,100,17,132,17,266
5046,99,34,66,17,216
5047,67,17,132,17,233
5049,67,16,66,17,166
5050,99,34,67,17,217
5052,100,32,101,18,251
5053,64,18,67,17,166
5055,67,15,101,18,201
5057,67,18,84,16,185
5058,8183,15,201,16,8415
5060,168,32,69,16,285
5061,51,33,99,19,202
5062,66,34,166,18,284
5064,100,32,69,16,217
5065,52,33,101,16,202
5066,67,32,69,16,184
5067,100,17,150,15,282
5068,84,17,150,15,266
5070,51,17,150,15,233
5071,51,33,50,15,149
5072,69,32,133,18,252
5075,66,15,100,18,199
5076,50,15,100,18,183
5077,101,15,51,15,182
5078,85,15,51,15,166
5079,67,15,51,15,148
5080,302,31,66,18,417
5081,65,17,85,14,181
5083,165,18,67,16,266
5084,51,15,52,14,132
5085,50,35,67,15,167
5088,52,14,68,16,150
5090,283,19,180,17,499
5091,148,34,103,14,299
5092,68,35,65,17,185
5093,66,19,65,17,167
5094,83,15,66,18,182
5095,52,31,66,18,167
5096,284,17,65,17,383
5097,50,34,103,14,201
5098,65,32,71,14,182
5100,102,35,180,17,334
5101,551,34,183,15,783
5102,68,35,180,17,300
5103,67,19,180,17,283
5105,3019,30,101,16,3166
5108,63,35,65,17,180
5109,67,17,65,17,166
5110,50,17,65,17,149
5111,150,34,66,16,266
5113,99,17,68,15,199
5114,65,34,68,15,182
5116,84,17,66,16,183
5117,50,34,66,16,166
5118,102,32,232,17,383
5119,66,19,132,16,233
5124,66,33,132,17,248
5125,66,18,132,17,233
5126,67,33,99,17,216
5127,151,32,50,17,250
5129,67,17,66,17,167
5130,66,34,183,15,298
5133,100,16,102,16,234
5134,66,33,102,16,217
5135,67,16,102,16,201
5136,82,17,68,16,183
5137,66,17,68,16,167
5138,100,35,83,16,234
5139,168,15,69,15,267
5141,301,16,84,16,417
5142,84,15,52,16,167
5143,67,15,52,16,150
5144,552,15,100,17,684
5145,100,16,117,16,249
5146,65,34,117,16,232
5147,67,16,117,16,216
5148,285,16,134,16,451
5149,66,18,82,16,182
5150,69,32,66,17,184
5152,100,33,84,16,233
5154,98,33,102,16,249
5155,67,16,84,16,183
5156,66,33,102,16,217
5158,1034,33,101,17,1185
5161,50,33,134,16,233
5162,51,16,134,16,217
5164,149,18,51,15,233
5165,99,18,134,15,266
5166,67,34,134,15,250
5167,98,18,51,15,182
5168,549,17,67,15,648
5169,1017,32,51,15,1115
5170,168,32,69,14,283
5171,167,17,69,14,267
5172,66,33,100,17,216
5175,167,19,82,16,284
5176,68,32,69,14,183
5177,65,17,69,14,165
5179,156,29,134,15,334
5181,86,36,96,15,233
5182,301,33,67,15,416
5183,51,36,96,15,198
5184,72,29,134,15,250
5185,55,29,134,15,233
5187,68,16,167,17,268
5188,62,34,67,15,178
5189,100,19,99,17,235
5190,67,34,99,17,217
5191,65,19,99,17,200
5192,68,33,232,17,350
5193,168,17,65,17,267
5194,50,17,232,17,316
5196,166,32,67,17,282
5197,100,17,65,17,199
5198,66,34,65,17,182
5201,51,33,65,18,167
5202,67,32,67,17,183
5203,99,16,51,17,183
5204,98,34,67,18,217
5205,1984,32,151,17,2184
5206,65,34,67,18,184
5207,169,17,65,18,269
5208,67,34,68,14,183
5209,152,32,100,14,298
5210,168,33,101,17,319
5211,50,33,67,16,166
5213,2000,18,98,18,2134
5215,100,17,101,17,235
5216,67,33,101,17,218
5218,65,34,67,17,183
5219,69,16,67,17,169
5220,83,17,99,17,216
5222,166,34,117,17,334
5223,63,20,65,17,165
5225,68,16,66,17,167
5229,99,15,69,16,199
5231,67,15,69,16,167
5232,51,15,69,16,151
5233,301,16,83,18,418
5234,101,33,66,18,218
5235,66,18,99,18,201
5236,2002,32,52,16,2102
5238,51,17,66,18,152
5239,51,34,98,18,201
5240,165,34,83,18,300
5241,83,32,101,17,233
5243,50,32,101,17,200
5244,64,34,67,17,182
5247,66,16,83,18,183
5248,52,16,83,18,169
5249,151,32,66,17,266
5250,51,16,68,15,150
5252,1018,17,101,14,1150
5253,301,16,66,16,399
5256,50,17,66,17,150
5257,101,15,52,16,184
5258,65,33,52,16,166
5260,51,15,52,16,134
5261,169,16,66,16,267
5262,68,33,67,17,185
5265,51,32,101,16,200
5266,51,14,101,16,182
5267,100,16,67,16,199
5268,67,33,67,16,183
5269,98,17,68,16,199
5271,65,17,68,16,166
5272,66,34,66,18,184
5273,167,15,202,16,400
5274,67,34,165,17,283
5275,101,16,133,17,267
5276,68,32,133,17,250
5278,66,33,202,16,317
5279,101,18,131,16,266
5282,150,17,132,18,317
5283,99,16,102,16,233
5284,66,34,102,16,218
5286,81,17,132,18,248
5289,66,17,51,16,150
5290,67,35,64,18,184
5293,52,32,99,16,199
5294,51,16,99,16,182
5297,66,17,66,16,165
5298,67,32,117,16,232
5299,51,32,117,16,216
5300,51,16,117,16,200
5301,166,16,70,14,266
5302,66,34,135,14,249
5303,168,17,101,14,300
5305,52,32,134,18,236
5306,550,16,67,21,654
5307,102,17,101,14,234
5308,65,36,101,14,216
5310,52,17,101,14,184
5312,70,31,117,16,234
5313,1034,14,67,18,1133
5315,87,30,118,15,250
5316,148,16,151,17,332
5317,53,30,118,15,216
5318,66,35,66,17,184
5322,101,32,133,18,284
5323,68,16,66,17,167
5324,66,32,133,18,249
5325,167,17,65,18,267
5326,51,15,133,18,217
5327,67,15,133,18,233
5328,101,33,65,18,217
5329,66,18,98,18,200
5330,69,33,65,18,185
5333,51,31,101,21,204
5335,66,16,67,21,170
5336,65,33,102,15,215
5337,68,15,102,15,200
5338,169,34,66,15,284
5339,104,13,199,17,333
5340,67,34,199,17,317
5341,70,13,199,17,299
5342,168,34,99,18,319
5343,165,18,99,18,300
5346,68,32,67,16,183
5347,52,32,67,16,167
5348,66,34,99,18,217
5349,100,18,66,18,202
5350,66,33,66,18,183
5351,65,18,66,18,167
5353,51,32,52,16,151
5355,50,34,252,14,350
5357,68,16,65,16,165
5358,52,16,65,16,149
5359,67,16,67,18,168
5361,66,15,100,19,200
5362,65,34,66,19,184
5364,67,34,133,16,250
5366,52,16,133,16,217
5367,536,17,132,18,703
5368,85,16,66,16,183
5369,67,16,66,16,165
5371,69,14,67,18,168
5372,101,33,68,16,218
5374,99,33,66,17,215
5375,81,33,66,17,197
5378,51,15,66,17,149
5380,68,31,100,19,218
5382,101,32,52,15,200
5385,82,33,67,19,201
5387,50,33,67,19,169
5388,65,34,102,16,217
5389,68,15,102,16,201
5390,52,15,102,16,185
5393,67,16,99,18,200
5394,85,17,132,18,252
5395,300,16,50,17,383
5397,66,15,52,15,148
5400,282,17,68,14,381
5401,165,17,66,18,266
5402,101,34,98,18,251
5403,102,16,98,18,234
5406,52,16,98,18,184
5407,100,16,50,17,183
5408,66,34,50,17,167
5411,51,32,67,17,167
5412,66,35,68,14,183
5413,550,33,66,17,666
5415,51,32,134,18,235
5416,103,33,99,16,251
5417,66,19,132,16,233
5418,68,33,99,16,216
5419,168,16,77,23,284
5421,167,16,68,16,267
5422,98,34,77,23,232
5425,95,16,68,16,195
5426,66,32,68,16,182
5427,66,16,68,16,166
5428,83,28,72,18,201
5429,93,23,67,16,199
5431,151,32,68,15,266
5432,68,33,66,18,185
5433,67,17,66,18,168
5434,56,34,100,15,205
5435,68,18,100,15,201
5436,67,32,68,15,182
5438,167,33,133,17,350
5440,100,33,66,17,216
5442,68,33,66,17,184
5444,167,34,65,17,283
5447,51,33,100,17,201
5448,66,34,66,17,183
5449,99,18,65,17,199
5450,67,34,65,17,183
5451,66,18,65,17,166
5453,534,17,100,15,666
5454,50,16,67,18,151
5455,67,16,52,16,151
5456,299,32,67,18,416
5457,83,34,99,18,234
5458,67,34,99,18,218
5459,84,33,66,18,201
5460,52,16,99,18,185
5461,51,33,66,18,168
5462,67,34,131,18,250
5464,548,17,101,16,682
5465,85,35,64,18,202
5466,101,32,50,16,199
5467,51,35,64,18,168
5468,67,32,50,16,165
5469,285,33,184,16,518
5470,67,32,67,18,184
5473,67,16,67,16,166
5474,549,17,67,15,648
5476,101,34,134,15,284
5479,51,34,134,15,234
5480,85,17,100,15,217
5481,84,33,184,16,317
5482,1033,33,235,16,1317
5483,52,33,184,16,285
5486,100,32,85,16,233
5487,67,17,65,16,165
5488,99,33,134,16,282
5489,52,32,85,16,185
5490,99,33,101,16,249
5492,166,33,84,16,299
5493,66,17,101,16,200
5494,66,35,132,18,251
5495,69,16,132,18,235
5497,52,33,66,16,167
5498,68,33,84,16,201
5499,65,17,84,16,182
5500,66,33,51,16,166
5501,51,33,51,16,151
5502,66,33,67,15,181
5504,66,34,100,16,216
5505,68,16,100,16,200
5506,84,16,100,18,218
5508,51,16,100,18,185
5509,167,16,134,16,333
5512,67,33,68,16,184
5513,103,16,134,16,269
5516,168,33,99,16,316
5519,66,17,99,16,198
5521,52,34,65,16,167
5522,549,21,195,19,784
5523,51,33,99,16,199
5524,166,32,51,18,267
5525,51,32,67,16,166
5528,99,32,51,18,200
5531,51,32,51,18,152
5534,67,34,116,17,234
5537,167,17,100,16,300
5538,1033,31,53,16,1133
5539,151,31,201,16,399
5541,66,16,235,16,333
5543,83,31,201,16,331
5544,51,17,100,16,184
5545,51,31,201,16,299
5546,101,34,66,17,218
5547,167,16,66,16,265
5548,166,34,84,16,300
5549,50,34,66,17,167
5550,52,17,66,17,152
5551,67,21,195,19,302
5553,100,17,84,16,217
5554,284,16,83,16,399
5555,100,16,52,16,184
5556,63,32,52,16,163
5557,66,16,52,16,150
5558,66,34,66,19,185
5561,84,32,100,17,233
5563,103,14,67,17,201
5564,85,14,67,17,183
5565,100,16,83,16,215
5567,149,34,101,16,300
5568,100,33,69,14,216
5569,300,13,52,16,381
5571,548,34,134,17,733
5572,65,34,101,16,216
5573,49,34,101,16,200
5574,51,16,101,16,184
5577,101,16,51,13,181
5578,152,13,52,16,233
5580,82,17,66,17,182
5582,51,17,66,17,151
5584,51,13,52,16,132
5587,65,16,68,17,166
5588,101,35,66,17,219
5589,50,33,52,15,150
5590,66,35,66,17,184
5593,99,18,134,16,267
5594,101,31,53,16,201
5595,1017,33,51,16,1117
5599,102,16,134,17,269
5600,300,33,67,16,416
5601,67,16,134,17,234
5602,170,33,116,16,335
5604,51,17,67,15,150
5605,100,17,149,16,282
5608,100,34,65,17,216
5610,102,32,100,16,250
5611,84,32,100,16,232
5613,301,16,101,16,434
5614,99,33,68,17,217
5615,67,15,67,16,165
5618,50,16,68,17,151
5620,166,34,101,16,317
5621,66,18,65,18,167
5622,50,18,65,18,151
5623,85,31,101,16,233
5625,550,35,67,16,668
5626,99,33,68,16,216
5629,68,15,68,16,167
5630,52,15,68,16,151
5631,66,17,68,15,166
5632,101,34,66,16,217
5633,65,18,116,17,216
5635,51,34,66,16,167
5637,102,16,66,17,201
5638,66,34,66,17,183
5640,50,16,66,17,149
5641,51,33,64,18,166
5642,100,31,86,16,233
5643,1033,16,66,16,1131
5644,66,31,86,16,199
5645,67,14,86,16,183
5646,150,16,68,16,250
5648,66,34,66,17,183
5652,100,35,67,16,218
5653,49,33,51,16,149
5654,66,35,67,16,184
5655,84,32,167,17,300
5657,52,32,167,17,268
5658,51,16,167,17,251
5661,299,19,166,16,500
5663,551,33,65,17,666
5664,98,34,102,14,248
5665,66,16,85,16,183
5666,150,16,101,15,282
5667,64,18,102,14,198
5668,66,33,69,14,182
5669,284,34,167,14,499
5671,85,35,99,16,235
5672,51,16,101,15,183
5673,50,35,99,16,200
5675,65,19,166,16,266
5677,52,33,66,17,168
5678,99,33,168,14,314
5679,52,33,67,14,166
5680,166,32,102,14,314
5681,285,33,66,17,401
5682,100,33,66,16,215
5684,67,33,66,16,182
5686,168,33,65,17,283
5687,82,34,101,16,233
5689,51,34,101,16,202
5690,167,32,51,16,266
5691,66,19,66,16,167
5693,1499,17,133,18,1667
5695,168,16,66,16,266
5697,84,34,66,16,200
5698,65,34,66,16,181
5699,167,17,66,17,267
5700,66,33,66,16,181
5703,50,33,167,15,265
5704,149,16,102,17,284
5705,65,17,66,17,165
5706,66,34,100,15,215
5707,65,18,100,15,198
5708,67,32,102,17,218
5709,283,35,67,15,400
5710,50,16,102,17,185
5712,65,35,66,16,182
5713,300,18,67,15,400
5715,1018,32,169,16,1235
5716,69,32,53,13,167
5717,99,20,65,16,200
5719,67,20,65,16,168
5721,165,18,67,15,265
5722,53,13,51,17,134
5723,50,35,67,15,167
5724,65,33,101,15,214
5729,168,17,67,15,267
5731,152,31,69,15,267
5732,67,31,51,16,165
5733,285,33,99,17,434
5736,67,31,69,15,182
5737,152,31,53,15,251
5738,51,16,69,15,151
5739,65,19,64,19,167
5741,85,31,53,15,184
5742,51,18,66,18,153
5743,52,31,53,15,151
5744,64,35,217,17,333
5746,167,31,66,19,283
5748,167,34,51,17,269
5751,164,16,52,15,247
5752,99,34,51,17,201
5753,66,15,66,19,166
5755,66,17,51,17,151
5756,65,32,52,15,164
5757,65,16,52,15,148
5758,85,17,65,16,183
5759,68,17,65,16,166
5760,51,17,65,16,149
5763,150,33,133,16,332
5765,65,17,133,18,233
5766,67,35,66,16,184
5767,69,17,66,16,168
5768,51,17,66,16,150
5769,100,18,100,16,234
5770,68,33,100,16,217
5773,101,16,50,17,184
5774,65,34,50,17,166
5778,52,16,67,17,152
5783,51,34,65,18,168
5784,100,33,66,18,217
5785,166,16,119,13,314
5786,66,33,66,18,183
5787,49,33,66,18,166
5788,164,33,103,15,315
5789,67,16,65,17,165
5791,166,15,84,17,282
5792,166,32,52,17,267
5793,66,15,86,13,180
5794,65,33,103,15,216
5795,301,15,68,16,400
5796,66,34,84,17,201
5797,82,32,52,17,183
5798,67,32,52,17,168
5799,50,32,52,17,151
5800,53,13,52,17,135
5801,167,14,53,15,249
5802,69,32,118,15,234
5803,65,17,118,15,215
5804,52,17,118,15,202
5805,101,14,53,15,183
5806,83,14,53,15,165
5807,68,14,53,15,150
5808,51,14,53,15,133
5809,67,15,68,16,166
5811,67,15,68,16,166
5813,99,18,98,16,231
5816,68,32,285,16,401
5817,985,32,66,17,1100
5818,66,34,67,15,182
5819,68,16,67,15,166
5820,98,35,65,17,215
5821,98,19,65,17,199
5823,64,19,65,17,165
5824,165,34,52,16,267
5826,100,33,86,16,235
5827,52,32,100,19,203
5828,65,33,86,16,200
5829,50,33,86,16,185
5830,65,34,52,16,167
5831,100,17,104,15,236
5832,53,14,52,16,135
5834,67,35,84,15,201
5835,282,31,101,16,430
5836,52,16,84,15,167
5840,69,30,85,16,200
5842,152,16,148,19,335
5843,100,16,100,17,233
5844,162,34,119,14,329
5845,65,16,100,17,198
5846,166,33,50,19,268
5848,52,16,148,19,235
5849,51,31,101,16,199
5850,66,34,119,14,233
5854,51,16,50,19,136
5856,83,19,116,15,233
5857,66,19,116,15,216
5858,168,32,102,16,318
5859,51,31,85,15,182
5860,100,34,83,17,234
5861,50,34,51,15,150
5862,150,16,99,17,282
5863,64,18,83,17,182
5864,151,17,66,17,251
5865,50,32,102,16,200
5866,51,15,102,16,184
5867,50,35,99,17,201
5868,51,16,99,17,183
5869,66,17,66,17,166
5870,300,34,67,16,417
5871,83,32,66,17,198
5872,67,32,66,17,182
5874,50,16,66,17,149
5875,51,35,71,12,169
5876,67,31,69,15,182
5877,67,15,69,15,166
5880,298,33,101,16,448
5881,55,29,65,17,166
5882,69,31,67,18,185
5883,102,15,67,16,200
5884,60,34,67,16,177
5885,99,16,69,16,200
5886,65,33,69,16,183
5888,85,16,117,17,235
5889,98,19,64,18,199
5890,102,31,51,17,201
5891,85,31,51,17,184
5892,100,33,101,16,250
5893,51,31,51,17,150
5894,300,34,332,17,683
5896,165,32,68,16,281
5897,83,33,133,16,265
5898,84,17,133,16,250
5899,51,33,133,16,233
5900,101,32,68,16,217
5901,99,16,68,16,199
5902,1550,16,68,15,1649
5903,100,17,67,15,199
5904,65,35,67,15,182
5905,67,17,67,15,166
5906,300,32,168,17,517
5907,51,33,67,16,167
5909,84,33,51,15,183
5910,67,33,51,15,166
5911,84,32,101,17,234
5912,67,32,101,17,217
5914,65,34,99,18,216
5918,51,17,134,15,217
5919,99,15,168,17,299
5920,67,32,168,17,284
5922,99,35,65,17,216
5923,66,16,151,17,250
5924,66,35,65,17,183
5926,102,32,51,17,202
5927,51,33,66,17,167
5928,1202,32,66,17,1317
5930,65,34,134,16,249
5931,84,34,66,17,201
5935,535,16,66,16,633
5936,67,33,66,17,183
5937,65,18,66,17,166
5938,166,34,67,15,282
5941,101,17,134,15,267
5942,66,34,134,15,249
5945,151,33,82,17,283
5946,51,17,67,15,150
5947,151,32,100,17,300
5948,101,33,82,17,233
5949,65,19,65,18,167
5951,301,18,65,18,402
5952,67,32,100,17,216
5953,52,32,100,17,201
5954,283,16,134,16,449
5956,149,16,69,16,250
5957,51,33,50,16,150
5959,99,16,69,16,200
5960,66,33,69,16,184
5961,67,16,69,16,168
5962,50,16,69,16,151
5963,50,35,66,16,167
5964,52,16,66,16,150
5967,82,33,68,16,199
5970,166,32,67,17,282
5971,150,32,67,17,266
5973,50,35,99,16,200
5974,68,33,132,18,251
5976,-99653,0,0,0,-99653
5978,99,33,101,17,250
5979,67,16,134,17,234
5980,99,33,68,17,217
5981,100,16,68,17,201
5982,67,33,68,17,185
5983,66,16,68,17,167
5985,68,16,84,16,184
5986,51,16,84,16,167
5987,68,16,99,17,200
5988,68,32,102,15,217
5989,166,18,64,19,267
5990,51,15,102,15,183
5992,50,16,68,15,149
5993,65,17,67,18,167
5994,-99953,0,0,0,-99953
5995,-99971,0,0,0,-99971
5996,-99987,0,0,0,-99987
5997,84,32,68,16,200
