序号,发送->接收,接收->转发,转发->接收,接收->处理,总计
1,144,17,132,18,311
2,67,50,67,17,201
3,50,50,67,17,184
5,66,17,132,18,233
6,50,17,132,18,217
7,50,50,284,17,401
9,67,17,65,18,167
11,83,50,65,17,215
12,67,50,65,17,199
13,50,50,65,17,182
14,83,34,83,17,217
15,67,34,83,17,201
16,84,16,116,18,234
17,69,16,116,18,219
18,52,16,116,18,202
19,82,18,66,18,184
22,67,49,66,18,200
23,52,49,66,18,185
24,52,32,66,18,168
25,84,33,99,34,250
26,100,33,66,34,233
27,149,33,68,32,282
30,66,33,101,32,232
33,51,33,68,32,184
34,100,34,131,19,284
35,84,34,131,19,268
37,84,32,182,18,316
39,69,17,182,18,286
40,66,34,148,18,266
43,68,17,217,31,333
44,68,50,82,16,216
45,101,16,151,31,299
46,117,31,152,17,317
47,67,16,151,31,265
49,67,31,152,17,267
51,64,34,118,17,233
52,66,16,118,17,217
53,83,33,116,17,249
54,68,33,116,17,234
56,67,49,67,17,200
58,65,17,67,17,166
60,67,49,66,17,199
61,66,32,66,17,181
62,52,32,66,17,167
63,67,35,81,17,200
64,66,18,81,17,182
65,67,16,65,17,165
67,83,16,86,31,216
68,82,34,83,17,216
69,116,34,65,16,231
70,65,17,83,17,182
71,85,34,65,16,200
72,68,34,65,16,183
73,52,34,65,16,167
75,83,17,250,17,367
76,65,17,250,17,349
77,83,16,52,31,182
79,84,34,198,17,333
81,51,34,198,17,300
82,68,49,66,18,201
83,83,18,66,18,185
84,65,18,66,18,167
88,52,32,83,17,184
89,66,18,82,18,184
90,67,49,51,33,200
92,66,17,51,33,167
93,67,33,103,30,233
94,65,17,103,30,215
96,68,33,133,18,252
97,51,33,133,18,235
98,68,52,182,17,319
100,66,19,182,17,284
101,70,30,85,17,202
102,52,30,85,17,184
103,65,18,67,17,167
104,84,16,66,18,184
105,65,16,66,18,165
106,51,16,66,18,151
108,99,18,82,16,215
109,82,18,82,16,198
111,66,17,115,17,215
112,84,31,117,16,248
113,67,31,117,16,231
114,83,33,68,16,200
115,82,16,68,16,182
116,81,18,133,17,249
117,64,18,133,17,232
118,67,50,83,17,217
120,67,17,83,17,184
122,66,16,68,16,166
124,67,50,85,31,233
125,83,17,85,31,216
126,151,18,116,33,318
128,82,35,100,16,233
129,66,35,100,16,217
130,84,18,116,33,251
131,67,18,116,33,234
132,69,48,101,16,234
134,67,17,101,16,201
135,66,34,67,16,183
136,82,34,65,17,198
138,51,34,65,17,167
140,84,16,68,16,184
142,51,16,68,16,151
143,117,49,133,34,333
144,67,17,67,16,167
146,68,49,133,34,284
148,51,33,133,34,251
149,101,33,66,34,234
151,67,33,66,34,200
152,52,33,66,34,185
153,67,17,182,18,284
154,100,17,133,18,268
157,100,33,66,18,217
158,83,33,66,18,200
159,101,32,52,33,218
160,84,32,52,33,201
161,67,32,52,33,184
162,99,18,51,32,200
163,65,34,51,32,182
164,102,33,132,18,285
165,117,50,100,16,283
166,133,18,100,16,267
168,69,50,100,16,235
169,83,18,100,16,217
170,65,18,100,16,199
171,68,32,84,34,218
172,50,32,84,34,200
173,85,50,84,32,251
174,68,50,84,32,234
175,82,18,84,32,216
177,84,34,66,16,200
178,66,34,66,16,182
180,68,34,83,31,216
181,50,34,83,31,198
182,68,48,84,17,217
183,84,16,84,17,201
184,66,16,84,17,183
185,84,48,68,17,217
188,66,16,68,17,167
189,66,35,66,16,183
192,101,49,50,18,218
193,51,17,66,18,152
195,66,33,50,18,167
196,83,18,149,17,267
197,84,50,65,18,217
198,67,50,65,18,200
199,134,17,149,16,316
200,67,18,65,18,168
203,85,33,65,18,201
204,51,17,149,16,233
205,65,18,65,18,166
206,67,50,282,18,417
207,50,50,282,18,400
208,66,17,282,18,383
209,101,33,85,31,250
210,65,18,66,17,166
212,116,35,84,16,251
213,66,33,183,18,300
215,149,19,65,16,249
216,50,35,84,16,185
217,68,17,67,16,168
218,100,19,65,16,200
220,102,33,66,32,233
221,67,17,99,32,215
225,65,34,84,17,200
226,82,17,134,33,266
228,49,17,134,33,233
229,51,50,84,33,218
230,67,18,84,33,202
231,84,33,67,33,217
232,67,33,67,33,200
233,53,33,67,33,186
234,52,16,67,33,168
236,67,33,84,15,199
237,83,33,51,15,182
238,67,33,51,15,166
239,84,51,82,17,234
240,66,51,82,17,216
242,84,15,67,17,183
243,69,15,67,17,168
245,51,50,66,18,185
246,100,34,66,18,218
248,101,33,67,17,218
249,118,33,150,17,318
250,68,33,67,17,185
252,67,33,150,17,267
253,50,33,150,17,250
258,51,33,66,17,167
259,66,32,233,17,348
260,65,17,233,17,332
261,116,33,68,32,249
262,84,17,101,32,234
265,117,17,99,17,250
266,101,17,99,17,234
267,67,33,99,17,216
268,101,32,66,18,217
269,118,49,83,17,267
270,68,32,66,18,184
271,83,49,83,17,232
272,67,49,83,17,216
274,81,35,65,17,198
275,83,18,65,17,183
276,84,33,117,33,267
277,67,33,117,33,250
279,83,17,85,33,218
281,65,34,51,33,183
283,66,18,66,18,168
284,69,33,51,32,185
287,51,33,115,19,218
288,66,50,65,19,200
289,52,50,65,19,186
290,136,31,115,17,299
292,82,21,63,18,184
293,64,21,63,18,166
294,71,31,115,17,234
297,84,50,66,17,217
298,113,17,167,17,314
299,51,50,66,17,184
300,82,17,167,17,283
301,66,17,167,17,267
302,83,17,66,18,184
304,67,51,83,17,218
307,68,33,67,33,201
309,68,32,68,16,184
311,83,50,66,16,215
312,85,33,66,16,200
313,67,33,66,16,182
314,52,33,66,16,167
315,68,16,66,18,168
316,101,49,83,34,267
317,67,17,115,17,216
318,68,49,83,34,234
319,51,49,83,34,217
321,66,17,300,16,399
322,66,33,67,32,198
324,51,17,67,32,167
325,50,33,66,16,165
327,50,34,65,18,167
329,116,18,67,34,235
330,66,16,102,34,218
332,65,18,67,34,184
334,85,33,66,32,216
335,69,33,66,32,200
336,119,16,101,16,252
337,67,34,84,33,218
338,85,16,101,16,218
339,83,48,168,32,331
341,66,32,168,32,298
342,51,32,168,32,283
343,117,47,68,32,264
345,52,33,183,16,284
346,69,47,68,32,216
347,100,19,65,16,200
348,80,19,65,16,180
350,66,33,84,16,199
351,115,16,52,16,199
353,84,16,52,16,168
354,81,36,166,17,300
355,64,36,166,17,283
356,84,16,131,19,250
357,68,16,131,19,234
360,83,19,100,16,218
361,83,48,101,35,267
362,67,48,101,35,251
365,83,19,66,35,203
367,67,17,182,18,284
369,52,33,51,16,152
370,52,17,51,16,136
371,101,16,232,18,367
373,84,48,118,34,284
375,51,48,118,34,251
377,98,18,66,34,216
378,66,34,66,34,200
379,66,18,66,34,184
380,68,33,67,32,200
381,52,33,67,32,184
384,100,32,234,17,383
386,67,32,234,17,350
389,51,49,85,16,201
390,81,33,118,34,266
391,66,33,118,34,251
392,99,18,83,34,234
393,132,17,67,17,233
394,66,18,83,34,201
395,85,33,67,17,202
396,68,33,67,17,185
397,68,17,67,17,169
399,117,33,117,17,284
400,66,34,65,18,183
401,66,18,65,18,167
402,67,33,117,17,234
403,84,50,84,16,234
404,67,50,84,16,217
406,83,17,249,17,366
407,66,17,249,17,349
408,67,34,82,35,218
409,51,34,82,35,202
410,69,33,99,17,218
413,101,35,84,31,251
414,82,35,84,31,232
415,66,35,84,31,216
416,84,32,66,17,199
417,152,47,67,19,285
419,67,17,219,15,318
420,103,47,67,19,236
421,131,19,118,15,283
424,82,19,118,15,234
425,86,48,85,16,235
426,83,31,85,16,215
427,69,31,85,16,201
428,52,31,85,16,184
429,67,19,116,33,235
430,98,20,65,33,216
431,81,20,65,33,199
432,66,20,65,33,184
434,66,34,64,17,181
435,52,34,64,17,167
436,85,33,82,17,217
437,65,33,82,17,197
438,83,32,67,16,198
439,67,32,67,16,182
440,131,17,69,33,250
442,100,17,69,33,219
443,82,17,69,33,201
444,84,34,68,16,202
445,67,34,68,16,185
447,66,35,65,16,182
448,51,35,65,16,167
449,69,33,82,17,201
450,86,16,66,17,185
451,68,16,66,17,167
452,84,16,134,34,268
453,115,33,101,32,281
454,102,33,101,32,268
458,116,18,183,17,334
459,66,32,52,32,182
460,82,18,183,17,300
461,83,34,117,32,266
463,84,50,67,32,233
464,69,50,67,32,218
465,52,50,67,32,201
466,99,17,84,33,233
467,69,32,84,33,218
468,99,50,99,17,265
469,69,17,117,32,235
472,84,17,82,17,200
473,67,17,82,17,183
474,100,17,67,17,201
475,82,17,67,17,183
476,67,17,67,17,168
478,82,35,83,34,234
481,67,17,66,34,184
483,84,17,83,35,219
485,66,17,134,16,233
486,100,32,68,16,216
487,51,34,67,15,167
488,84,16,68,16,184
489,67,16,68,16,167
490,66,35,63,18,182
491,68,18,63,18,167
492,67,33,66,32,198
493,51,33,66,32,182
494,68,48,85,32,233
495,132,34,151,17,334
496,63,18,85,32,198
498,81,34,151,17,283
499,82,17,151,17,267
500,68,17,151,17,253
501,67,18,198,17,300
502,67,49,66,18,200
503,52,49,66,18,185
504,67,17,66,18,168
505,50,17,66,18,151
507,99,18,98,15,230
508,83,18,98,15,214
509,132,34,100,18,284
511,51,33,149,18,251
514,82,31,69,18,200
515,81,15,69,18,183
517,101,18,99,16,234
518,68,16,66,18,168
524,66,15,103,15,199
525,84,16,69,15,184
526,66,16,69,15,166
527,83,19,66,32,200
529,69,34,64,18,185
530,66,19,64,18,167
531,69,15,135,16,235
533,148,18,67,17,250
534,67,16,68,18,169
535,82,50,67,17,216
536,67,50,67,17,201
537,50,50,67,17,184
538,84,18,132,16,250
540,84,33,118,32,267
541,66,33,118,32,249
542,102,33,68,32,235
544,66,33,68,32,199
545,65,18,68,32,183
546,68,49,51,16,184
547,83,16,51,16,166
549,152,33,67,33,285
551,84,34,66,34,218
552,101,33,67,33,234
554,81,18,67,33,199
556,100,34,98,18,250
557,84,34,98,18,234
559,85,33,65,18,201
560,100,33,117,16,266
561,52,33,65,18,168
562,100,50,67,16,233
563,84,50,67,16,217
566,65,18,67,16,166
567,84,17,167,34,302
568,83,34,81,18,216
570,85,16,167,34,302
571,83,34,317,16,450
572,67,34,317,16,434
573,67,17,317,16,417
575,81,18,84,34,217
576,65,18,84,34,201
577,100,34,167,33,334
578,83,34,167,33,317
579,68,34,167,33,302
580,86,16,66,18,186
581,118,50,82,18,268
583,84,50,82,18,234
584,84,34,82,18,218
586,84,16,84,16,200
588,66,33,117,34,250
589,65,18,117,34,234
592,51,33,166,32,282
593,69,16,117,18,220
594,51,16,117,18,202
595,99,34,82,16,231
597,66,34,82,16,198
598,84,16,66,16,182
599,66,16,66,16,164
600,300,18,100,32,450
601,67,18,64,17,166
602,284,33,67,32,416
603,51,47,235,17,350
604,66,16,235,17,334
606,64,17,167,34,282
607,66,18,81,17,182
608,99,18,67,33,217
609,502,33,65,17,617
613,550,17,84,16,667
615,49,18,100,32,199
616,166,17,68,18,269
617,68,34,65,17,184
618,85,17,65,16,183
621,51,48,68,18,185
624,98,18,66,15,197
625,65,35,66,15,181
626,67,18,66,15,166
627,50,18,66,15,149
628,552,32,82,17,683
629,53,48,101,17,219
630,551,17,65,17,650
631,100,34,98,17,249
633,66,34,98,17,215
634,100,18,65,17,200
637,67,17,65,17,166
638,1569,33,299,18,1919
640,66,17,102,16,201
641,65,34,84,16,199
643,98,35,64,19,216
644,51,33,99,19,202
645,102,16,115,17,250
648,1019,17,115,34,1185
650,51,17,82,17,167
651,83,48,68,17,216
654,99,19,81,18,217
655,103,32,82,17,234
656,65,19,81,18,183
657,67,32,82,17,198
659,68,17,65,17,167
660,68,50,84,16,218
661,81,18,84,16,199
662,168,33,148,17,366
663,99,18,99,16,232
664,50,32,85,32,199
666,68,34,65,16,183
667,66,18,65,16,165
668,102,48,69,31,250
669,85,48,69,31,233
670,67,48,69,31,215
671,51,48,69,31,199
672,65,16,69,31,181
673,65,36,99,17,217
674,283,33,67,16,399
675,51,18,99,17,185
676,85,31,100,18,234
677,69,31,100,18,218
678,51,31,100,18,200
679,64,35,133,17,249
680,66,18,133,17,234
681,66,17,83,33,199
684,551,34,65,16,666
685,65,35,83,17,200
686,83,33,67,16,199
687,68,33,67,16,184
688,51,33,67,16,167
694,182,34,52,32,300
695,51,35,98,17,201
696,51,17,98,17,183
697,51,47,51,17,166
698,82,34,69,17,202
700,150,17,115,34,316
701,151,32,300,34,517
703,51,17,52,32,152
704,67,35,115,34,251
705,51,35,115,34,235
706,52,17,115,34,218
707,167,34,65,16,282
711,65,35,66,16,182
712,65,18,66,16,165
713,65,34,65,16,180
714,165,18,51,16,250
715,69,32,67,17,185
716,52,32,67,17,168
717,99,34,51,16,200
718,66,17,51,34,168
720,66,18,51,16,151
721,67,17,67,34,185
722,68,34,134,32,268
723,51,34,134,32,251
725,51,33,200,17,301
726,101,33,299,18,451
728,100,34,64,18,216
729,67,17,299,18,401
730,67,34,64,18,183
731,301,17,117,16,451
732,99,50,66,17,232
733,65,18,67,17,167
736,165,16,51,33,265
737,102,32,150,18,302
738,67,49,150,18,284
740,52,32,150,18,252
743,65,18,66,18,167
744,50,18,66,18,152
745,67,17,117,16,217
747,102,33,115,18,268
748,84,33,115,18,250
749,68,33,115,18,234
750,151,16,68,16,251
751,183,18,67,31,299
752,84,16,102,16,218
753,100,16,68,16,200
754,51,16,102,16,185
755,67,16,68,16,167
756,52,16,68,16,152
758,102,34,64,18,218
759,84,34,64,18,200
760,68,34,64,18,184
762,52,18,64,18,152
763,52,46,102,17,217
764,166,33,98,19,316
765,64,36,66,17,183
767,299,33,52,16,400
771,83,33,132,17,265
772,101,49,100,17,267
773,51,33,132,17,233
774,66,49,100,17,232
775,67,32,100,17,216
776,82,35,65,17,199
777,66,35,65,17,183
778,84,32,151,34,301
779,533,17,67,31,648
780,151,18,100,32,301
781,100,34,84,34,252
782,152,17,131,17,317
783,65,34,84,34,217
785,67,18,100,32,217
786,169,49,100,34,352
787,801,33,100,17,951
788,51,17,131,17,216
790,66,34,132,17,249
791,84,49,100,34,267
792,67,49,100,34,250
793,100,32,134,34,300
794,66,17,100,34,217
795,68,32,134,34,268
797,66,35,67,32,200
798,151,32,66,18,267
799,67,33,132,18,250
801,68,34,98,18,218
802,1724,15,67,17,1823
804,83,34,84,31,232
805,301,31,70,31,433
806,50,34,84,31,199
809,167,17,152,31,367
810,302,49,82,18,451
811,67,17,66,16,166
812,98,18,68,31,215
813,52,49,68,31,200
815,83,33,119,31,266
816,1754,16,68,17,1855
817,51,33,119,31,234
818,1017,18,67,17,1119
819,68,31,70,31,200
820,82,19,51,31,183
822,301,49,84,33,467
823,83,49,82,18,232
824,69,49,82,18,218
825,52,49,82,18,201
826,51,31,82,18,182
828,283,33,65,18,399
829,65,33,84,16,198
831,67,33,100,17,217
832,65,18,100,17,200
833,166,17,67,33,283
834,50,33,84,17,184
835,84,49,84,33,250
836,69,49,84,33,235
837,51,49,84,33,217
838,169,33,134,17,353
839,67,17,67,33,184
842,101,33,134,17,285
844,67,33,134,17,251
847,50,33,68,33,184
848,167,33,81,21,302
849,68,16,100,32,216
850,51,16,100,32,199
851,152,50,83,32,317
852,166,18,83,32,299
853,50,33,135,31,249
855,550,17,190,17,774
856,66,50,83,32,231
857,52,50,83,32,217
858,166,51,99,16,332
859,299,16,68,16,399
860,67,35,63,19,184
862,101,51,99,16,267
863,52,31,66,17,166
864,66,51,99,16,232
866,97,51,117,16,281
867,50,19,99,16,184
868,66,51,117,16,250
869,166,18,67,17,268
871,166,17,81,17,281
872,84,16,68,16,184
875,65,18,67,17,167
876,50,18,67,17,152
877,84,33,98,17,232
879,52,33,98,17,200
881,2987,33,85,17,3122
882,66,49,190,17,322
883,65,34,190,17,306
886,100,70,69,17,256
889,121,35,51,17,224
890,105,35,51,17,208
893,69,34,65,18,186
894,65,34,65,18,182
895,67,17,65,18,167
897,52,33,133,16,234
901,51,33,68,16,168
902,82,17,83,17,199
903,165,17,67,16,265
904,84,17,199,17,317
906,51,17,199,17,284
907,100,17,67,16,200
908,100,35,98,17,250
911,85,32,66,17,200
912,50,19,98,17,184
913,52,32,66,17,167
914,67,32,68,17,184
915,67,16,68,17,168
917,301,16,118,15,450
918,166,35,83,16,300
919,67,17,84,17,185
920,68,33,51,17,169
922,51,16,51,17,135
924,84,17,83,16,200
925,100,15,101,16,232
926,51,17,83,16,167
928,51,15,101,16,183
929,66,16,67,16,165
930,83,16,118,15,232
931,550,34,67,16,667
935,65,19,65,19,168
936,101,32,66,17,216
937,52,33,51,16,152
938,68,32,66,17,183
939,103,16,83,16,218
942,51,16,83,16,166
943,98,17,100,17,232
946,299,34,67,16,416
948,52,16,133,17,218
949,100,17,67,17,201
950,100,34,66,17,217
951,65,17,67,17,166
953,301,16,83,18,418
954,101,33,68,16,218
956,67,33,68,16,184
957,1984,32,266,17,2299
958,66,34,84,17,201
960,67,34,67,16,184
962,68,32,185,14,299
963,51,32,185,14,282
964,66,35,115,18,234
965,69,17,115,18,219
967,166,18,98,18,300
969,67,14,69,17,167
970,64,34,52,14,164
975,150,34,66,19,269
976,52,14,85,16,167
977,99,17,84,16,216
978,66,32,84,16,198
979,81,34,66,19,200
982,50,16,66,19,151
983,67,17,52,15,151
986,50,16,100,18,184
987,168,17,84,16,285
988,85,15,51,17,168
989,50,33,51,17,151
991,65,16,119,16,216
993,66,17,84,16,183
995,151,33,66,16,266
997,167,16,301,15,499
999,67,16,66,17,166
1000,52,16,66,17,151
1001,551,33,65,17,666
1002,165,33,101,16,315
1003,66,16,301,15,398
1004,99,34,67,16,216
1005,51,33,101,16,201
1006,100,33,101,16,250
1007,65,18,67,16,166
1008,67,33,101,16,217
1009,549,35,183,15,782
1011,168,17,99,18,302
1012,67,33,50,17,167
1013,150,33,200,16,399
1014,101,33,99,18,251
1017,67,17,99,18,201
1018,534,32,201,16,783
1019,51,33,200,16,300
1020,165,34,67,16,282
1021,283,32,52,17,384
1025,101,17,67,16,201
1026,82,17,67,16,182
1030,68,33,65,17,183
1031,66,18,65,17,166
1033,51,33,84,17,185
1034,98,34,83,18,233
1035,51,32,52,17,152
1036,65,34,83,18,200
1038,66,35,183,15,299
1039,68,17,183,15,283
1040,52,17,183,15,267
1042,167,34,65,19,285
1044,66,34,66,17,183
1046,151,15,52,14,232
1047,52,32,201,16,301
1048,66,34,65,19,184
1051,67,15,52,14,148
1052,51,15,52,14,132
1054,65,33,85,17,200
1055,67,14,85,17,183
1056,52,14,85,17,168
1057,98,19,67,15,199
1058,302,32,266,17,617
1059,64,19,67,15,165
1060,85,17,83,16,201
1061,84,34,49,16,183
1062,51,17,83,16,167
1063,52,34,49,16,151
1065,66,18,83,17,184
1066,67,32,68,15,182
1067,65,16,68,15,164
1069,101,17,100,17,235
1070,67,33,100,17,217
1071,84,32,266,17,399
1072,900,34,83,18,1035
1073,117,34,82,19,252
1074,65,34,51,16,166
1075,83,34,82,19,218
1076,100,33,68,15,216
1077,51,34,82,19,186
1081,100,19,97,17,233
1082,65,36,97,17,215
1083,65,19,97,17,198
1084,68,31,66,17,182
1086,168,34,98,17,317
1087,66,18,84,17,185
1088,883,16,65,18,982
1089,82,35,182,18,317
1090,66,35,182,18,301
1095,52,33,65,17,167
1096,67,34,99,16,216
1097,299,18,83,16,416
1098,67,31,133,18,249
1100,165,33,69,16,283
1101,98,18,65,18,199
1102,99,32,51,15,197
1103,168,15,119,16,318
1105,100,16,69,16,201
1106,100,33,119,16,268
1109,100,18,83,16,217
1111,67,18,83,16,184
1112,69,33,66,17,185
1113,51,33,66,17,167
1114,167,34,117,18,336
1117,67,16,100,15,198
1118,66,32,68,15,181
1119,98,17,117,18,250
1120,65,34,117,18,234
1121,65,17,117,18,217
1122,100,33,100,17,250
1124,552,16,267,15,850
1125,51,33,100,17,201
1126,67,34,133,18,252
1129,68,18,198,18,302
1131,301,17,65,17,400
1132,550,17,65,17,649
1133,101,16,99,18,234
1134,83,16,99,18,216
1135,66,16,99,18,199
1136,51,16,99,18,184
1137,50,34,65,18,167
1138,166,35,65,17,283
1140,99,33,85,15,232
1141,66,15,68,16,165
1143,301,16,67,14,398
1144,65,35,65,17,182
1147,66,18,65,18,167
1148,69,31,102,17,219
1150,65,34,101,16,216
1151,101,16,267,15,399
1155,102,16,67,14,199
1156,101,33,99,17,250
1159,101,17,65,17,200
1160,66,34,65,17,182
1161,66,17,65,17,165
1162,149,16,102,15,282
1163,51,32,50,16,149
1166,167,33,267,15,482
1167,68,16,102,15,201
1168,101,34,65,18,218
1169,316,33,83,19,451
1170,68,34,65,18,185
1172,69,33,267,15,384
1173,52,33,267,15,367
1175,102,16,84,16,218
1176,65,34,84,16,199
1177,68,16,84,16,184
1178,166,33,83,19,301
1180,52,14,234,17,317
1182,84,16,67,17,184
1183,99,16,83,19,217
1186,51,16,83,19,169
1188,67,34,65,17,183
1189,50,34,65,17,166
1192,166,33,51,16,266
1193,82,33,84,16,215
1194,65,33,84,16,198
1196,98,33,51,16,198
1197,67,16,66,18,167
1198,100,33,68,17,218
1199,100,16,68,17,201
1200,67,33,68,17,185
1202,66,34,166,17,283
1204,101,32,168,16,317
1206,151,16,101,16,284
1207,515,35,65,17,632
1210,66,33,101,16,216
1212,100,33,118,16,267
1213,1815,33,99,17,1964
1214,150,18,65,18,251
1216,166,34,67,18,285
1218,50,18,83,16,167
1219,51,34,65,18,168
1220,51,18,65,18,152
1221,101,16,67,18,202
1222,65,34,67,18,184
1224,65,35,66,16,182
1225,51,35,66,16,168
1226,52,17,66,16,151
1227,101,16,65,18,200
1228,67,34,65,18,184
1229,67,16,65,18,166
1230,66,33,233,16,348
1233,49,32,69,17,167
1234,65,35,65,17,182
1236,67,34,65,17,183
1237,165,16,84,17,282
1238,69,31,135,16,251
1239,99,17,67,16,199
1241,167,18,65,17,267
1243,98,17,50,17,182
1245,100,18,65,17,200
1246,101,33,69,13,216
1247,100,17,69,13,199
1249,67,17,69,13,166
1250,85,14,68,17,184
1251,100,20,64,18,202
1254,69,31,51,15,166
1255,64,18,51,15,148
1256,68,33,68,15,184
1258,64,33,118,16,231
1260,101,33,132,16,282
1261,167,16,233,17,433
1263,98,17,100,16,231
1264,552,16,198,18,784
1266,65,34,233,17,349
1267,284,33,50,16,383
1269,68,17,66,16,167
1270,68,32,68,16,184
1273,65,18,83,17,183
1274,66,34,66,17,183
1275,150,33,50,16,249
1276,68,32,117,16,233
1277,101,17,67,16,201
1278,167,32,51,16,266
1279,67,17,67,16,167
1280,99,34,68,15,216
1282,67,34,68,15,184
1283,67,17,68,15,167
1284,67,32,51,16,166
1286,50,16,51,16,133
1289,101,16,232,18,367
1293,116,34,66,18,234
1294,52,16,198,18,284
1295,82,34,66,18,200
1296,66,34,66,18,184
1297,65,17,66,18,166
1298,66,33,117,15,231
1299,167,14,69,16,266
1301,67,16,66,18,167
1303,186,32,100,17,335
1305,68,14,69,16,167
1307,66,15,219,15,315
1308,52,15,219,15,301
1310,85,16,100,17,218
1313,67,17,66,17,167
1314,66,33,84,15,198
1315,67,16,84,15,182
1316,151,15,66,17,249
1317,50,33,117,15,215
1321,50,33,66,17,166
1322,101,31,68,18,218
1323,166,17,133,14,330
1324,84,15,68,18,185
1325,149,33,100,14,296
1327,98,17,133,14,262
1328,166,33,67,17,283
1329,1499,19,148,18,1684
1331,51,33,100,14,198
1332,101,33,67,17,218
1333,101,16,67,17,201
1334,67,33,67,17,184
1335,82,33,101,16,232
1336,100,34,116,17,267
1337,97,20,116,17,250
1338,100,34,99,16,249
1339,63,20,116,17,216
1340,67,34,99,16,216
1343,54,33,66,16,169
1344,67,33,68,16,184
1345,151,31,135,15,332
1346,66,33,134,17,250
1348,66,35,81,18,200
1349,284,32,167,16,499
1350,167,33,134,15,349
1351,52,31,135,15,233
1352,51,15,135,15,216
1353,100,18,267,15,400
1356,68,33,134,15,250
1357,66,16,134,15,231
1358,65,34,166,17,282
1359,867,17,51,17,952
1360,299,34,83,16,432
1361,50,33,67,15,165
1363,1184,33,102,17,1336
1364,534,32,85,14,665
1365,67,18,66,17,168
1366,67,33,133,15,248
1369,283,35,82,16,416
1370,300,34,64,19,417
1371,85,32,117,16,250
1372,67,32,117,16,232
1373,98,18,83,16,215
1375,98,18,66,18,200
1376,66,33,66,18,183
1379,4219,33,66,17,4335
1380,68,31,117,16,232
1381,68,16,117,16,217
1382,101,34,64,19,218
1384,164,36,64,17,281
1385,51,34,64,19,168
1386,101,32,68,16,217
1387,51,32,100,16,199
1388,98,36,64,17,215
1389,65,16,68,16,165
1390,64,36,64,17,181
1391,549,33,100,18,700
1392,51,17,64,17,149
1394,68,32,252,17,369
1395,98,16,53,16,183
1396,150,16,66,16,248
1397,101,14,101,16,232
1398,65,34,101,16,216
1400,53,14,101,16,184
1402,102,33,84,17,236
1404,68,33,84,17,202
1405,98,17,51,17,183
1406,66,33,51,17,167
1407,66,17,51,17,151
1409,67,17,67,15,166
1413,284,32,66,18,400
1414,67,34,148,18,267
1416,67,33,82,18,200
1417,64,18,82,18,182
1419,52,32,68,15,167
1420,65,33,100,18,216
1422,65,35,98,19,217
1423,85,33,267,15,400
1425,51,33,267,15,366
1426,100,33,51,16,200
1427,51,32,66,18,167
1430,65,33,102,17,217
1431,101,16,68,17,202
1434,51,16,68,17,152
1435,97,19,115,17,248
1436,68,34,115,17,234
1437,65,19,115,17,216
1438,68,32,83,17,200
1439,68,15,83,17,183
1440,51,15,83,17,166
1441,51,35,99,17,202
1442,566,35,98,16,715
1443,50,33,66,17,166
1446,65,34,100,16,215
1447,50,34,100,16,200
1448,66,35,65,16,182
1449,51,35,65,16,167
1451,82,34,100,16,232
1453,65,18,100,16,199
1456,66,34,84,16,200
1457,84,34,66,18,202
1458,100,32,86,16,234
1459,84,32,86,16,218
1460,152,16,168,16,352
1461,100,16,52,16,184
1462,66,34,52,16,168
1463,101,16,168,16,301
1465,551,34,100,16,701
1466,52,16,168,16,252
1467,299,17,67,18,401
1469,166,18,65,16,265
1471,82,35,98,16,231
1472,101,33,65,16,215
1476,100,33,83,17,233
1477,303,16,100,16,435
1479,66,17,83,17,183
1480,98,33,102,17,250
1481,167,15,52,16,250
1482,66,33,102,17,218
1483,68,15,102,17,202
1484,66,34,85,16,201
1486,85,15,52,16,168
1487,67,15,52,16,150
1488,52,15,52,16,135
1491,67,16,100,16,199
1492,300,34,100,16,450
1494,299,34,101,15,449
1495,166,17,115,18,316
1496,67,33,67,16,183
1498,50,17,67,16,150
1500,100,32,83,18,233
1501,1050,33,100,17,1200
1502,182,18,101,15,316
1504,100,34,100,16,250
1505,65,17,68,15,165
1508,167,35,64,19,285
1509,67,18,101,15,201
1510,101,33,50,17,201
1511,300,18,67,16,401
1512,67,33,50,17,167
1513,51,33,50,17,151
1514,101,32,83,16,232
1515,7636,17,64,19,7736
1516,83,17,83,16,199
1518,150,16,101,16,283
1519,51,32,51,16,150
1520,64,37,64,16,181
1521,100,16,101,16,233
1522,83,16,101,16,216
1525,64,18,67,16,165
1526,180,18,67,15,280
1527,166,18,67,15,266
1528,101,33,200,16,350
1529,169,16,116,17,318
1531,67,17,200,16,300
1532,51,17,200,16,284
1533,66,18,67,15,166
1535,84,34,82,17,217
1536,101,31,68,16,216
1538,67,31,68,16,182
1540,100,33,66,17,216
1541,65,18,66,17,166
1542,66,33,66,17,182
1543,167,16,118,17,318
1544,101,33,99,19,252
1545,67,17,184,17,285
1546,99,33,118,17,267
1547,67,16,99,19,201
1548,99,34,84,17,234
1549,67,16,118,17,218
1550,100,32,52,17,201
1552,151,17,66,15,249
1553,101,16,168,15,300
1554,66,35,168,15,284
1556,67,34,66,15,182
1557,67,17,66,15,165
1558,52,17,66,15,150
1559,83,33,100,17,233
1560,150,18,116,16,300
1561,98,19,66,17,200
1562,166,34,66,17,283
1564,67,34,116,16,233
1565,67,18,116,16,217
1567,53,32,100,17,202
1569,99,18,99,18,234
1570,66,33,99,18,216
1573,67,16,66,18,167
1574,66,33,66,17,182
1575,101,16,66,17,200
1576,66,33,66,17,182
1577,66,16,66,17,165
1578,299,35,98,18,450
1580,51,15,68,16,150
1581,535,14,51,18,618
1583,65,18,66,16,165
1586,68,33,66,19,186
1587,1984,33,100,16,2133
1588,101,31,68,15,215
1589,299,18,85,14,416
1590,99,35,98,18,250
1591,102,16,98,18,234
1592,101,33,115,18,267
1593,98,20,115,18,251
1594,66,33,115,18,232
1595,63,20,115,18,216
1596,102,31,135,18,286
1598,67,31,135,18,251
1599,54,31,135,18,238
1600,283,18,66,17,384
1602,65,34,85,14,198
1604,50,18,85,14,167
1607,52,33,83,18,186
1608,67,32,51,18,168
1609,69,14,51,18,152
1610,51,14,51,18,134
1611,169,16,266,17,468
1614,100,35,266,17,418
1616,301,31,202,16,550
1619,50,32,68,16,166
1621,164,19,99,17,299
1623,65,18,100,16,199
1624,101,34,99,17,251
1625,68,17,67,16,168
1626,101,33,66,17,217
1627,284,32,68,16,400
1629,100,15,202,16,333
1630,67,31,202,16,316
1632,64,35,100,16,215
1633,84,33,67,16,200
1634,66,33,67,16,182
1635,83,32,84,18,217
1636,52,16,67,16,151
1641,300,18,221,15,554
1642,102,33,84,15,234
1643,66,18,67,15,166
1644,100,34,65,17,216
1645,51,33,84,15,183
1646,167,34,66,19,286
1647,85,33,100,16,234
1648,67,33,100,16,216
1651,83,34,66,19,202
1652,65,34,66,19,184
1653,50,34,66,19,169
1654,66,34,221,15,336
1655,65,18,221,15,319
1657,51,32,117,17,217
1658,66,33,84,17,200
1659,69,14,84,17,184
1660,83,16,50,17,166
1661,99,17,68,21,205
1662,168,36,164,16,384
1664,67,34,55,15,171
1665,66,17,55,15,153
1667,51,34,67,16,168
1668,68,36,164,16,284
1670,101,32,68,16,217
1671,101,16,68,16,201
1672,67,32,68,16,183
1674,63,34,67,16,180
1675,65,17,67,16,165
1676,100,33,66,16,215
1677,167,16,100,18,301
1679,100,17,66,18,201
1680,166,34,84,15,299
1681,101,16,100,18,235
1682,66,33,100,18,217
1683,67,16,100,18,201
1684,99,34,84,15,232
1685,66,17,67,18,168
1686,66,34,84,15,199
1689,51,33,66,18,168
1691,100,15,67,17,199
1693,67,15,67,17,166
1694,185,15,167,17,384
1695,66,16,67,18,167
1696,56,16,67,18,157
1697,99,17,66,16,198
1698,67,34,66,16,183
1700,85,15,167,17,284
1701,68,15,167,17,267
1702,52,15,167,17,251
1703,99,18,66,16,199
1705,64,18,66,16,164
1707,51,35,82,15,183
1708,69,31,134,15,249
1709,302,16,101,14,433
1710,165,35,100,15,315
1711,84,32,68,15,199
1712,82,15,68,15,180
1713,84,33,101,18,236
1714,300,35,81,19,435
1715,68,15,101,18,202
1716,1017,16,166,19,1218
1718,101,33,84,16,234
1721,51,33,84,16,184
1722,66,34,101,14,215
1724,67,34,67,14,182
1727,82,35,81,19,217
1728,101,32,100,17,250
1729,100,18,100,17,235
1731,100,16,67,17,200
1732,67,33,67,17,184
1733,166,17,149,17,349
1734,81,19,82,18,200
1735,301,17,67,17,402
1736,68,32,68,16,184
1737,100,17,149,17,283
1738,101,34,99,16,250
1739,68,17,149,17,251
1740,165,34,117,16,332
1741,66,18,99,16,199
1742,68,33,66,16,183
1743,51,33,66,16,166
1744,50,17,66,16,149
1746,65,34,117,16,232
1748,66,33,67,17,183
1749,66,17,67,17,167
1751,316,34,66,17,433
1752,100,33,201,16,350
1753,101,16,201,16,334
1754,67,33,201,16,317
1756,52,16,201,16,285
1757,67,18,133,16,234
1758,67,34,99,16,216
1759,66,18,99,16,199
1760,100,33,68,16,217
1761,52,32,67,16,167
1764,65,34,100,17,216
1765,166,17,66,18,267
1766,101,34,65,16,216
1767,50,34,66,17,167
1768,68,34,65,16,183
1770,83,17,66,18,184
1771,84,33,166,19,302
1772,49,17,66,18,150
1774,65,33,100,16,214
1776,66,33,67,16,182
1777,67,15,67,16,165
1778,117,16,52,15,200
1779,67,17,66,19,169
1780,84,16,52,15,167
1781,1016,32,68,16,1132
1782,67,33,68,16,184
1783,167,18,66,16,267
1785,83,34,83,17,217
1788,168,34,65,17,284
1789,99,15,184,18,316
1790,68,31,184,18,301
1791,182,33,99,18,332
1794,82,18,65,17,182
1795,50,34,65,17,166
1796,101,33,99,18,251
1797,83,33,99,18,233
1798,99,33,66,18,216
1799,50,33,99,18,200
1800,65,33,66,18,182
1803,67,18,66,17,168
1804,299,35,67,15,416
1805,51,31,184,16,282
1807,101,16,68,15,200
1808,83,16,68,15,182
1810,52,16,68,15,151
1811,100,18,82,17,217
1812,101,33,98,17,249
1813,84,33,98,17,232
1814,68,33,98,17,216
1817,66,16,67,17,166
1819,67,17,67,15,166
1821,51,32,169,15,267
1822,102,34,100,15,251
1823,66,18,182,17,283
1825,66,19,100,15,200
1826,100,36,81,17,234
1827,102,17,81,17,217
1828,101,33,199,16,349
1829,550,35,118,14,717
1833,50,31,100,19,200
1834,64,34,85,17,200
1835,82,34,100,16,232
1837,152,32,84,16,284
1839,102,17,65,17,201
1840,66,36,65,17,184
1842,51,17,65,17,150
1845,65,17,51,16,149
1846,98,34,101,16,249
1847,66,16,67,18,167
1848,66,34,101,16,217
1849,84,33,68,16,201
1850,100,34,115,18,267
1851,50,33,68,16,167
1852,300,33,53,14,400
1853,67,16,115,18,216
1854,51,16,115,18,200
1857,66,15,153,14,248
1858,65,35,118,14,232
1860,66,33,66,19,184
1861,168,14,53,14,249
1862,68,33,168,17,286
1863,66,17,168,17,268
1864,66,33,86,14,199
1866,66,33,53,14,166
1867,100,19,66,17,202
1868,52,14,53,14,133
1869,66,19,66,17,168
1870,69,31,52,14,166
1873,50,35,82,17,184
1874,83,14,169,16,282
1876,100,34,134,15,283
1877,65,17,135,16,233
1878,65,34,134,15,248
1879,82,34,67,16,199
1880,102,33,67,15,217
1881,102,16,67,15,200
1882,85,16,67,15,183
1883,166,17,101,17,301
1885,51,34,65,17,167
1886,100,32,101,17,250
1887,66,17,68,15,166
1888,67,32,101,17,217
1891,85,31,100,16,232
1893,53,31,100,16,200
1894,51,16,100,16,183
1897,67,16,66,16,165
1898,51,16,66,16,149
1899,65,17,67,20,169
1900,99,34,68,16,217
1901,98,18,68,16,200
1902,66,34,68,16,184
1903,299,17,154,13,483
1904,87,14,66,16,183
1905,85,34,132,15,266
1906,167,35,64,17,283
1907,167,19,64,17,267
1911,66,17,133,17,233
1912,164,34,67,17,282
1913,302,13,68,15,398
1914,68,32,66,17,183
1915,52,32,66,17,167
1916,67,32,154,13,266
1919,66,17,67,17,167
1922,51,18,85,13,167
1923,101,17,66,16,200
1924,52,15,100,16,183
1925,103,13,68,15,199
1926,66,32,68,15,181
1927,549,34,99,16,698
1928,53,13,68,15,149
1929,68,15,83,18,184
1930,82,18,67,15,182
1932,50,18,67,15,150
1935,67,18,100,17,202
1936,167,33,83,17,300
1939,70,15,82,20,187
1940,100,33,83,17,233
1942,67,33,83,17,200
1943,97,20,198,15,330
1944,548,17,118,16,699
1946,49,20,198,15,282
1947,52,30,50,18,150
1948,66,34,134,15,249
1951,50,34,66,17,167
1954,67,33,65,20,185
1955,67,17,65,20,169
1956,66,34,99,16,215
1957,1034,17,82,16,1149
1958,98,35,118,17,268
1959,166,18,68,16,268
1960,65,35,118,17,235
1961,83,33,102,16,234
1963,1034,16,102,14,1166
1964,102,33,267,15,417
1966,67,33,267,15,382
1967,52,33,267,15,367
1968,166,35,83,16,300
1969,69,17,64,19,169
1973,64,17,118,16,215
1976,51,16,83,16,166
1978,51,16,67,17,151
1979,115,34,167,17,333
1980,65,34,101,17,217
1982,67,34,167,17,285
1983,99,18,118,16,251
1984,68,33,118,16,235
1985,299,16,52,16,383
1987,168,16,198,17,399
1989,552,32,68,15,667
1991,166,18,82,16,282
1992,65,35,198,17,315
1993,67,16,198,17,298
1994,83,17,116,16,232
1995,51,34,116,16,217
2000,300,33,82,16,431
2001,66,18,115,18,217
2002,82,16,83,18,199
2003,68,16,83,18,185
2005,82,34,135,14,265
2006,64,34,135,14,247
2007,99,18,67,16,200
2008,533,33,251,15,832
2013,535,14,66,17,632
2014,100,33,65,17,215
2015,83,33,65,17,198
2016,99,32,68,15,214
2018,2231,35,133,16,2415
2019,99,16,102,14,231
2020,98,35,232,19,384
2021,68,16,102,14,200
2022,65,35,232,19,351
2023,101,17,100,17,235
2025,100,18,132,18,268
2026,102,32,83,17,234
2027,67,18,132,18,235
2028,167,32,133,18,350
2029,101,16,100,19,236
2030,67,33,100,19,219
2031,67,16,100,19,202
2032,65,35,65,19,184
2033,68,18,65,19,170
2034,68,32,133,18,251
2035,1034,16,83,17,1150
2037,50,33,251,15,349
2039,69,14,67,18,168
2041,67,14,66,17,164
2042,52,14,66,17,149
2043,66,15,100,17,198
2044,67,32,68,17,184
2045,66,14,68,17,165
2046,52,14,68,17,151
2047,84,31,66,17,198
2048,166,33,53,15,267
2049,51,31,66,17,165
2050,167,35,68,15,285
2052,149,16,68,15,248
2054,66,33,53,15,167
2055,101,16,68,15,200
2056,66,35,68,15,184
2057,101,15,66,18,200
2058,86,15,66,18,185
2059,69,15,66,18,168
2060,1034,35,67,15,1151
2061,84,31,84,17,216
2062,68,31,84,17,200
2063,99,16,200,17,332
2065,67,16,200,17,300
2066,99,33,68,14,214
2068,68,33,68,14,183
2069,66,17,68,14,165
2070,67,34,82,17,200
2072,67,34,82,16,199
2074,99,34,66,16,215
2077,166,19,99,17,301
2079,68,16,152,15,251
2080,100,35,99,17,251
2081,167,18,65,18,268
2082,301,33,65,18,417
2083,65,19,99,17,200
2085,102,18,65,18,203
2086,2800,33,51,17,2901
2087,68,18,65,18,169
2088,67,32,67,15,181
2089,69,15,67,15,166
2091,50,33,68,15,166
2092,65,34,83,17,199
2093,97,19,135,13,264
2095,150,32,100,17,299
2098,282,19,133,16,450
2099,85,32,100,17,234
2100,66,32,100,17,215
2101,51,32,100,17,200
2102,65,37,113,19,234
2103,166,17,133,16,332
2104,166,35,133,16,350
2106,69,31,69,16,185
2108,97,35,133,16,281
2109,100,19,133,16,268
2110,65,35,133,16,249
2111,1033,18,65,17,1133
2112,85,15,102,16,218
2113,52,31,102,16,201
2114,51,15,102,16,184
2115,83,34,102,15,234
2116,98,35,67,15,215
2119,85,32,67,16,200
2120,101,35,66,16,218
2121,101,18,66,16,201
2122,67,35,66,16,184
2124,99,34,116,15,264
2125,51,32,50,17,150
2126,101,33,183,16,333
2127,66,18,116,15,215
2128,66,33,183,16,298
2129,51,33,183,16,283
2130,50,17,183,16,266
2131,85,33,200,16,334
2132,300,32,51,19,402
2133,51,33,200,16,300
2134,67,31,101,18,217
2136,99,33,51,16,199
2137,67,17,66,18,168
2138,66,33,51,16,166
2139,50,33,51,16,150
2140,68,33,135,16,252
2141,101,16,66,18,201
2142,84,16,66,18,184
2144,101,32,51,19,203
2145,50,34,67,16,167
2146,100,35,133,16,284
2147,548,34,151,16,749
2148,66,35,133,16,250
2150,67,35,114,16,232
2151,51,35,114,16,216
2153,52,31,83,16,182
2155,66,16,136,14,232
2157,70,17,81,20,188
2158,67,32,69,14,182
2159,2002,19,64,18,2103
2160,51,16,69,14,150
2162,81,20,99,15,215
2165,51,31,100,17,199
2166,83,18,66,17,184
2169,67,18,65,17,167
2171,168,16,151,16,351
2172,166,34,66,16,282
2173,301,16,102,16,435
2174,65,33,101,17,216
2175,67,16,101,17,201
2178,86,15,66,16,183
2179,69,15,66,16,166
2180,101,33,67,17,218
2181,50,33,100,17,200
2182,151,16,102,16,285
2183,97,18,84,16,215
2185,65,18,84,16,183
2186,300,33,118,15,466
2187,67,16,102,16,201
2188,169,32,83,16,300
2189,51,35,67,16,169
2190,68,32,84,16,200
2191,67,16,84,16,183
2192,51,16,84,16,167
2195,100,16,134,16,266
2196,100,33,67,16,216
2198,98,33,118,15,264
2199,65,17,67,16,165
2201,66,16,118,15,215
2203,84,34,99,16,233
2205,50,34,99,16,199
2206,68,33,66,16,183
2207,66,17,66,16,165
2211,68,15,100,17,200
2212,100,32,83,19,234
2213,65,18,66,17,166
2214,68,32,83,19,202
2215,99,16,68,17,200
2216,66,34,68,17,185
2217,68,16,68,17,169
2218,50,16,68,17,151
2219,99,19,65,16,199
2221,65,19,65,16,165
2222,68,31,85,16,200
2223,116,33,101,17,267
2224,100,33,101,17,251
2225,100,17,101,17,235
2228,67,34,67,17,185
2229,67,16,67,17,167
2230,67,35,148,17,267
2233,66,17,66,16,165
2234,299,34,84,17,434
2236,298,33,51,17,399
2237,66,17,118,16,217
2238,66,34,84,16,200
2240,67,33,99,17,216
2241,67,17,99,17,200
2243,68,17,65,17,167
2245,68,16,82,17,183
2246,51,16,82,17,166
2247,99,17,84,17,217
2248,299,36,86,14,435
2249,65,17,84,17,183
2250,66,33,51,17,167
2251,49,33,51,17,150
2252,50,17,51,17,135
2253,537,22,79,14,652
2255,68,17,99,18,202
2256,51,17,99,18,185
2257,82,32,52,18,184
2259,68,14,52,18,152
2261,81,36,86,14,217
2265,51,38,62,18,169
2266,103,33,102,15,253
2268,67,33,102,15,217
2270,108,17,99,18,242
2273,81,35,64,18,198
2274,67,35,64,18,184
2275,84,31,166,21,302
2276,70,31,166,21,288
2277,156,30,63,21,270
2278,99,40,79,14,232
2279,66,17,70,14,167
2280,282,17,165,17,481
2281,67,22,79,14,182
2282,103,32,97,19,251
2283,87,32,97,19,235
2284,70,32,97,19,218
2285,300,15,67,17,399
2286,62,31,66,19,178
2287,64,14,66,19,163
2289,70,13,185,15,283
2290,52,13,185,15,265
2291,99,17,165,17,298
2292,66,36,165,17,284
2293,179,34,99,18,330
2294,51,17,165,17,250
2296,69,32,100,17,218
2298,83,15,67,17,182
2299,67,15,67,17,166
2300,149,18,81,15,263
2302,52,15,99,18,184
2303,82,35,81,15,213
2305,65,18,81,15,179
2306,99,35,82,17,233
2307,100,17,82,17,216
2308,284,16,51,15,366
2309,67,17,82,17,183
2311,100,17,67,17,201
2314,99,34,50,16,199
2315,168,16,51,15,250
2316,103,32,151,17,303
2317,550,33,101,15,699
2318,67,32,151,17,267
2319,68,15,151,17,251
2320,800,34,216,18,1068
2321,166,17,70,14,267
2322,100,32,104,14,250
2323,83,32,104,14,233
2324,68,32,104,14,218
2325,67,15,104,14,200
2326,100,34,101,15,250
2327,66,17,70,14,167
2330,951,18,139,13,1121
2331,51,36,65,15,167
2333,67,17,83,16,183
2335,167,17,65,16,265
2336,65,31,69,14,179
2337,66,16,69,14,165
2338,65,34,85,15,199
2340,165,33,101,15,314
2341,68,17,65,16,166
2342,69,33,65,18,185
2343,101,15,66,17,199
2344,100,33,101,15,249
2345,98,17,101,15,231
2347,67,17,101,15,200
2348,83,15,68,15,181
2349,164,18,51,15,248
2350,51,15,68,15,149
2353,98,18,51,15,182
2356,535,31,108,13,687
2357,82,34,51,16,183
2358,150,16,66,17,249
2360,100,33,66,17,216
2362,68,33,66,17,184
2364,1019,16,83,12,1130
2365,101,16,117,16,250
2366,67,32,117,16,232
2367,551,33,67,16,667
2368,100,35,99,16,250
2369,65,17,83,16,181
2371,67,18,99,16,200
2372,51,18,99,16,184
2373,52,31,84,18,185
2374,99,35,101,16,251
2375,66,16,51,18,151
2377,68,17,101,16,202
2378,68,34,98,19,219
2379,85,33,99,16,233
2381,51,33,99,16,199
2382,83,18,139,13,253
2383,67,18,139,13,237
2384,67,31,108,13,219
2385,167,24,77,17,285
2388,300,32,99,17,448
2389,99,24,77,17,217
2390,185,17,67,16,285
2391,89,26,68,17,200
2393,58,26,68,17,169
2394,53,13,68,17,151
2395,68,17,198,18,301
2397,81,33,84,16,214
2398,167,34,65,17,283
2399,1731,18,83,18,1850
2400,66,34,66,16,182
2401,65,19,66,16,166
2402,67,32,99,17,215
2403,100,16,65,17,198
2404,534,31,101,16,682
2405,167,16,86,15,284
2407,100,15,52,15,182
2408,99,33,86,15,233
2409,66,15,52,15,148
2410,65,33,86,15,199
2412,550,18,65,19,652
2414,52,15,218,12,297
2415,84,33,52,16,185
2416,86,15,52,16,169
2417,67,15,52,16,150
2418,52,15,52,16,135
2419,101,16,83,12,212
2420,66,35,83,12,196
2422,101,32,84,18,235
2425,65,16,84,18,183
2426,65,30,54,18,167
2427,547,35,83,16,681
2428,100,34,64,19,217
2429,66,18,98,19,201
2430,68,34,64,19,185
2431,66,18,64,19,167
2432,54,18,64,19,155
2434,98,34,84,16,232
2435,101,15,84,16,216
2439,165,17,134,18,334
2440,52,16,66,16,150
2441,65,18,65,19,167
2442,68,32,52,16,168
2444,168,33,117,15,333
2445,166,19,117,15,317
2446,65,35,67,16,183
2450,69,33,117,15,234
2451,64,19,117,15,215
2452,67,32,67,18,184
2453,101,14,53,15,183
2454,65,32,53,15,165
2456,64,35,83,16,198
2457,101,15,66,18,200
2458,166,34,99,18,317
2460,168,34,134,15,351
2461,149,34,134,15,332
2462,67,32,133,18,250
2463,81,34,99,18,232
2465,84,34,134,15,267
2469,66,16,135,15,232
2470,301,33,68,16,418
2473,67,17,167,16,267
2474,51,17,167,16,251
2477,1817,33,99,19,1968
2478,534,34,348,18,934
2479,83,35,99,17,234
2480,100,33,66,17,216
2481,168,16,84,16,284
2482,100,33,68,16,217
2483,168,18,65,17,268
2484,68,33,68,16,185
2485,50,33,68,16,167
2486,150,15,51,16,232
2487,100,18,65,17,200
2488,101,31,51,16,199
2489,67,18,65,17,167
2491,100,16,100,16,232
2492,51,15,51,16,133
2493,67,16,100,16,199
2495,98,17,66,18,199
2496,51,16,99,18,184
2497,98,18,83,18,217
2502,100,35,217,15,367
2503,153,33,82,17,285
2505,167,16,68,15,266
2508,69,33,82,17,201
2510,67,31,68,15,181
2511,115,35,51,15,216
2512,164,34,266,17,481
2514,82,17,51,15,165
2515,99,17,69,15,200
2516,100,34,266,17,417
2518,1036,32,301,17,1386
2519,68,15,266,17,366
2520,101,32,83,18,234
2523,65,17,83,18,183
2524,99,35,100,16,250
2525,66,16,135,16,233
2526,64,35,100,16,215
2527,66,18,100,16,200
2531,167,16,100,17,300
2532,50,16,66,17,149
2534,66,32,53,15,166
2536,151,16,67,16,250
2537,65,16,100,17,198
2538,534,33,50,17,634
2540,53,15,100,16,184
2541,51,33,67,16,167
2542,68,32,85,18,203
2543,80,35,68,16,199
2544,100,32,52,15,199
2547,101,18,66,15,200
2549,68,18,66,15,167
2550,166,33,85,15,299
2552,167,35,65,18,285
2553,49,35,81,19,184
2554,98,33,85,15,231
2555,166,15,152,17,350
2556,67,33,85,15,200
2557,64,15,85,15,179
2559,66,19,65,18,168
2560,99,34,68,17,218
2561,66,15,152,17,250
2562,66,34,68,17,185
2563,301,17,301,17,636
2564,65,35,66,17,183
2566,102,33,166,16,317
2567,65,18,50,17,150
2572,166,33,67,18,284
2573,66,16,67,18,167
2574,166,34,51,14,265
2575,66,18,65,16,165
2577,66,17,301,17,401
2578,67,33,67,18,185
2579,300,17,101,16,434
2581,66,18,51,14,149
2583,82,32,67,19,200
2584,51,16,99,19,185
2586,167,33,101,16,317
2587,84,31,169,16,300
2588,83,16,169,16,284
2590,102,33,101,16,252
2591,67,16,67,17,167
2592,66,33,101,16,216
2593,67,17,101,16,201
2594,51,17,101,16,185
2595,69,14,67,16,166
2596,100,34,82,18,234
2597,101,17,82,18,218
2600,67,31,118,16,232
2602,99,35,65,18,217
2603,65,17,268,15,365
2605,300,17,233,16,566
2606,69,32,101,15,217
2607,152,33,83,17,285
2608,301,32,84,18,435
2609,67,16,68,15,166
2611,300,16,51,18,385
2612,51,17,116,17,201
2614,68,32,68,15,183
2615,99,17,99,17,232
2617,100,17,233,16,366
2618,83,17,233,16,349
2620,68,33,81,18,200
2621,51,33,81,18,183
2624,98,34,66,17,215
2625,99,18,66,17,200
2626,165,35,67,14,281
2627,66,18,66,17,167
2629,50,35,82,17,184
2630,51,18,82,17,168
2631,152,34,65,17,268
2633,66,18,67,14,165
2634,66,33,82,17,198
2635,51,33,82,17,183
2636,102,33,99,18,252
2637,51,34,65,17,167
2638,67,33,99,18,217
2639,99,17,67,18,201
2642,65,33,102,15,215
2644,300,32,52,16,400
2645,67,17,68,15,167
2646,67,34,100,15,216
2648,102,33,65,17,217
2649,51,34,98,17,200
2650,68,33,65,17,183
2652,67,33,99,19,218
2653,66,18,99,19,202
2654,66,32,102,17,217
2655,51,32,102,17,202
2656,65,35,67,17,184
2657,50,35,67,17,169
2658,67,32,52,16,167
2660,67,35,65,18,185
2661,85,33,99,18,235
2662,67,33,99,18,217
2663,50,33,99,18,200
2664,52,16,99,18,185
2666,65,34,117,16,232
2667,66,16,117,16,215
2669,101,16,66,17,200
2670,167,33,100,18,318
2673,116,33,100,18,267
2674,67,33,68,15,183
2675,82,33,100,18,233
2676,766,34,117,15,932
2677,66,16,100,18,200
2680,83,16,52,16,167
2681,150,33,51,16,250
2682,100,34,66,18,218
2683,66,16,67,17,166
2685,68,16,66,18,168
2686,101,33,100,18,252
2687,50,33,51,16,150
2688,100,34,100,16,250
2691,99,17,100,15,231
2692,51,16,100,16,183
2693,67,17,100,15,199
2694,68,32,168,16,284
2696,66,34,134,16,250
2697,67,16,134,16,233
2698,66,34,80,20,200
2699,285,34,65,17,401
2700,302,33,82,17,434
2701,65,18,67,16,166
2702,67,33,67,16,183
2703,67,17,67,16,167
2704,66,34,67,17,184
2705,85,33,67,16,201
2706,167,34,65,17,283
2709,69,18,182,17,286
2710,67,33,67,16,183
2712,166,34,117,15,332
2713,51,34,65,17,167
2714,100,32,101,16,249
2715,66,17,82,17,182
2717,51,32,101,16,200
2718,99,33,84,15,231
2719,66,17,117,15,215
2720,167,31,102,15,315
2722,50,17,84,15,166
2724,167,34,82,16,299
2725,283,34,50,16,383
2727,68,15,102,15,200
2728,167,32,166,19,384
2730,66,34,82,16,198
2735,100,16,66,18,200
2737,167,16,52,15,250
2738,65,34,50,16,165
2739,101,15,67,19,202
2740,99,34,52,15,200
2742,66,34,52,15,167
2743,67,16,52,15,150
2744,50,16,52,15,133
2745,67,15,67,16,165
2747,68,15,68,15,166
2748,52,15,68,15,150
2750,67,35,134,14,250
2752,83,16,169,15,283
2753,65,16,169,15,265
2754,301,32,201,16,550
2755,518,34,65,18,635
2757,69,14,84,18,185
2758,53,14,84,18,169
2759,65,19,66,15,165
2760,69,32,100,18,219
2761,50,32,100,18,200
2763,67,18,84,14,183
2764,150,14,201,16,381
2766,67,33,66,17,183
2767,51,33,66,17,167
2771,50,34,68,17,169
2774,551,18,131,18,718
2775,66,18,83,16,183
2776,68,33,100,15,216
2777,68,16,100,15,199
2778,52,16,100,15,183
2779,51,32,68,15,166
2780,99,34,65,18,216
2781,548,33,69,15,665
2782,66,34,65,18,183
2783,66,18,65,18,167
2784,167,35,133,16,351
2785,83,32,69,15,199
2786,149,19,133,16,317
2787,101,16,116,17,250
2788,65,34,116,17,232
2789,167,18,100,16,301
2793,1032,20,130,18,1200
2794,168,33,67,17,285
2795,67,18,100,16,201
2797,66,17,233,18,334
2798,102,33,67,17,219
2799,85,33,67,17,202
2800,67,33,67,17,184
2802,102,33,65,17,217
2803,100,18,65,17,200
2804,67,33,65,17,182
2805,66,18,65,17,166
2806,67,33,65,18,183
2809,100,16,69,15,200
2810,65,33,69,15,182
2811,99,17,84,16,216
2812,165,35,149,18,367
2814,300,35,66,16,417
2815,85,31,133,19,268
2816,51,18,66,17,152
2817,284,32,84,17,417
2818,100,32,66,19,217
2821,51,32,66,19,168
2822,52,15,66,19,152
2823,1800,14,67,17,1898
2825,65,16,135,16,232
2827,301,16,53,13,383
2828,66,35,66,16,183
2831,50,32,84,17,183
2832,67,34,67,17,185
2833,67,17,67,17,168
2834,100,33,66,16,215
2836,68,33,66,16,183
2837,67,17,66,16,166
2838,99,34,53,13,199
2839,3317,34,66,16,3433
2841,99,22,194,19,334
2842,50,16,53,13,132
2843,87,28,67,16,198
2844,72,28,67,16,183
2845,100,16,84,16,216
2846,169,31,51,16,267
2847,100,17,67,16,200
2848,178,16,67,18,279
2849,163,16,67,18,264
2850,67,36,130,18,251
2851,65,20,130,18,233
2852,1801,32,166,18,2017
2853,68,16,51,16,151
2855,67,16,67,18,168
2856,63,35,184,16,298
2857,166,17,65,19,267
2859,101,17,98,19,235
2860,67,35,98,19,219
2862,67,33,65,19,184
2863,65,17,65,19,166
2865,67,16,117,16,216
2866,1034,31,100,17,1182
2867,167,16,100,18,301
2869,149,33,67,18,267
2870,151,15,67,18,251
2871,65,16,52,15,148
2873,66,16,100,18,200
2874,66,33,67,18,184
2876,52,15,67,18,152
2877,65,18,84,17,184
2878,100,33,100,18,251
2879,65,17,51,17,150
2880,301,33,133,18,485
2882,166,33,68,17,284
2883,117,33,134,17,301
2886,100,33,68,17,218
2887,100,15,68,17,200
2888,65,33,68,17,183
2890,66,35,66,17,184
2892,68,33,66,17,184
2896,284,16,134,16,450
2900,99,34,66,19,218
2901,65,17,52,15,149
2903,67,16,66,19,168
2904,85,15,202,16,318
2906,52,15,202,16,285
2907,65,17,101,17,200
2909,67,16,134,16,233
2910,3501,32,101,17,3651
2911,1035,16,133,17,1201
2912,101,34,100,15,250
2913,150,33,67,17,267
2914,100,34,100,17,251
2915,67,17,100,15,199
2917,66,18,100,17,201
2918,283,16,67,17,383
2920,67,33,65,19,184
2922,100,31,100,17,248
2923,65,19,64,19,167
2924,1999,32,51,16,2098
2925,51,31,100,17,199
2927,69,14,67,17,167
2928,83,17,98,17,215
2929,66,17,98,17,198
2930,52,17,98,17,184
2931,98,16,101,16,231
2932,51,16,67,17,151
2933,65,16,101,16,198
2934,64,34,234,17,349
2935,150,33,134,17,334
2936,67,35,99,17,218
2938,101,33,134,17,285
2941,50,33,134,17,234
2942,99,33,67,17,216
2943,168,16,69,15,268
2944,67,33,67,17,184
2946,51,16,67,17,151
2947,67,16,50,17,150
2948,67,33,69,15,184
2949,100,17,99,18,234
2952,102,32,65,18,217
2955,52,32,65,18,167
2957,52,32,166,18,268
2958,64,33,133,18,248
2959,67,15,133,18,233
2960,65,34,117,16,232
2961,67,16,117,16,216
2962,51,16,117,16,200
2963,65,18,133,16,232
2964,68,32,101,16,217
2965,82,33,68,16,199
2966,99,34,133,17,283
2968,83,16,133,17,249
2969,534,15,118,15,682
2972,167,33,68,17,285
2974,100,33,68,15,216
2975,101,15,68,15,199
2976,66,33,68,15,182
2977,68,15,68,15,166
2978,67,33,68,17,185
2980,66,35,65,18,184
2981,66,17,65,18,166
2982,101,32,52,15,200
2983,66,18,66,18,168
2984,100,34,199,18,351
2985,67,15,52,15,149
2987,50,34,199,18,301
2989,82,34,99,17,232
2990,151,17,65,18,251
2991,99,17,66,17,199
2994,84,17,65,18,184
2995,85,32,118,15,250
2996,84,15,118,15,232
2997,51,32,118,15,216
2998,168,31,52,17,268
3000,165,35,67,16,283
3001,299,16,68,15,398
3003,67,18,133,16,234
3006,100,34,66,16,216
3007,101,17,66,16,200
3009,67,17,66,16,166
3010,52,17,66,16,151
3011,99,17,65,19,200
3012,100,32,68,15,215
3014,298,37,132,15,482
3015,66,16,68,15,165
3016,65,33,101,18,217
3019,68,16,66,18,168
3020,52,16,66,18,152
3022,67,34,103,13,217
3023,66,16,103,13,198
3024,550,16,100,17,683
3026,52,15,70,13,150
3027,65,17,67,18,167
3028,66,37,132,15,250
3029,67,18,132,15,232
3031,54,30,102,15,201
3032,284,16,66,18,384
3033,66,16,132,17,231
3035,51,34,66,16,167
3036,68,34,99,16,217
3037,99,17,67,16,199
3038,68,32,67,16,183
3040,66,32,51,16,165
3041,100,18,98,18,234
3043,66,18,98,18,200
3044,67,32,66,18,183
3045,102,15,67,17,201
3047,69,15,67,17,168
3048,66,32,52,16,166
3050,66,35,67,16,184
3051,99,16,100,17,232
3052,67,33,100,17,217
3053,68,16,100,17,201
3054,52,16,100,17,185
3056,299,34,67,16,416
3058,50,16,103,16,185
3061,67,18,64,18,167
3062,51,18,64,18,151
3063,52,34,115,16,217
3064,283,17,100,17,417
3065,52,30,67,18,167
3066,98,33,67,17,215
3068,64,33,67,17,181
3071,67,16,67,16,166
3072,100,34,67,16,217
3073,64,17,50,17,148
3074,67,34,67,16,184
3075,66,17,67,16,166
3076,83,17,100,17,217
3078,101,32,101,16,250
3079,68,16,66,17,167
3082,50,16,101,16,183
3083,66,16,67,16,165
3084,66,34,66,18,184
3085,168,14,235,16,433
3086,51,17,66,18,152
3088,67,33,232,18,350
3089,300,15,68,18,401
3090,66,32,235,16,349
3093,68,16,117,16,217
3094,167,33,67,16,283
3095,66,17,66,17,166
3097,50,31,52,16,149
3098,65,35,133,18,251
3099,299,18,132,17,466
3100,66,33,67,16,182
3101,51,33,67,16,167
3103,100,17,51,16,184
3104,83,17,51,16,167
3105,66,17,51,16,150
3106,50,17,51,16,134
3107,66,17,83,18,184
3108,86,16,67,15,184
3109,68,16,67,15,166
3110,51,16,67,15,149
3111,51,33,67,15,166
3112,67,34,132,17,250
3113,65,18,132,17,232
3114,548,17,136,15,716
3116,67,32,101,17,217
3117,66,17,101,17,201
3118,65,34,84,15,198
3119,84,33,101,16,234
3121,168,17,50,16,251
3122,51,16,101,16,184
3123,66,17,99,18,200
3125,917,34,83,15,1049
3126,51,15,67,18,151
3127,100,16,119,14,249
3128,67,32,119,14,232
3129,167,16,100,15,298
3130,168,32,68,15,283
3132,50,16,67,18,151
3133,168,16,65,25,274
3134,168,33,57,11,269
3136,67,32,68,15,182
3138,51,14,68,15,148
3139,67,16,65,25,173
3140,67,33,57,11,168
3142,68,32,136,15,251
3146,57,11,67,15,150
3147,53,32,101,16,202
3149,175,33,52,17,277
3150,67,33,97,18,215
3151,51,33,97,18,199
3152,68,33,64,18,183
3153,164,17,133,18,332
3155,100,15,52,17,184
3157,67,15,52,17,151
3158,64,35,133,18,250
3159,66,17,133,18,234
3161,84,33,99,16,232
3164,301,33,50,15,399
3165,68,16,65,16,165
3167,164,19,133,17,333
3168,99,34,167,17,317
3169,282,32,67,17,398
3170,283,15,67,17,382
3172,67,34,133,17,251
3175,52,33,67,17,169
3176,101,33,50,15,199
3177,86,33,50,15,184
3178,100,33,67,19,219
3180,100,32,67,17,216
3182,83,15,67,17,182
3183,50,32,67,17,166
3184,100,32,51,15,198
3185,67,16,68,15,166
3187,69,13,51,15,148
3188,103,30,102,17,252
3189,166,16,116,18,316
3192,100,34,116,18,268
3193,283,36,65,17,401
3196,102,32,267,17,418
3199,67,15,267,17,366
3201,148,36,65,17,266
3202,67,33,68,15,183
3203,83,32,51,18,184
3204,553,14,118,17,702
3206,166,35,65,18,284
3207,50,36,65,17,168
3208,168,31,52,15,266
3211,52,32,66,17,167
3212,165,33,67,16,281
3214,67,31,52,15,165
3216,66,34,133,18,251
3217,66,17,133,18,234
3218,65,33,67,16,181
3219,67,15,67,16,165
3220,52,15,67,16,150
3221,50,34,66,18,168
3222,67,33,152,14,266
3224,299,34,167,18,518
3225,100,15,68,18,201
3226,66,33,68,18,185
3227,69,15,68,18,170
3228,85,15,103,13,216
3229,69,15,103,13,200
3231,101,14,118,17,250
3232,68,32,118,17,235
3233,297,18,66,17,398
3234,52,14,118,17,201
3235,65,21,81,17,184
3236,69,29,100,18,216
3238,66,34,167,18,285
3239,84,35,64,17,200
3241,68,17,64,17,166
3242,100,33,68,18,219
3243,283,32,119,17,451
3244,99,35,66,17,217
3245,66,15,68,18,167
3247,66,18,66,17,167
3249,168,15,66,18,267
3250,68,33,52,15,168
3252,51,15,52,15,133
3256,549,17,103,15,684
3258,164,35,67,15,281
3259,166,17,67,15,265
3262,553,17,117,16,703
3263,66,17,67,16,166
3265,549,34,52,16,651
3267,301,17,65,20,403
3269,65,19,97,18,199
3270,67,33,64,18,182
3271,2085,30,134,16,2265
3272,102,30,53,16,201
3273,52,34,66,17,169
3274,67,30,53,16,166
3275,52,30,53,16,151
3277,83,33,118,15,249
3278,66,33,118,15,232
3279,100,17,65,20,202
3280,53,16,118,15,202
3281,116,33,103,15,267
3282,151,15,68,15,249
3283,81,33,103,15,232
3284,151,16,65,17,249
3286,85,15,68,15,183
3287,69,15,68,15,167
3288,86,16,65,17,184
3289,52,34,65,17,168
3290,53,16,65,17,151
3291,164,17,134,16,331
3293,65,16,133,17,231
3294,65,34,52,16,167
3295,65,17,52,16,150
3296,98,35,115,18,266
3297,66,17,134,16,233
3298,86,16,115,18,235
3299,85,31,68,16,200
3300,52,16,115,18,201
3301,52,31,68,16,167
3304,64,35,134,17,250
3306,68,34,64,16,182
3307,165,20,129,21,335
3309,67,15,151,18,251
3310,98,36,129,21,284
3311,150,35,164,18,367
3312,167,33,65,17,282
3314,86,15,68,17,186
3315,52,32,68,17,169
3316,53,15,68,17,153
3317,170,15,66,18,269
3318,1034,31,67,16,1148
3319,1017,31,67,16,1131
3321,166,16,101,20,303
3322,98,33,67,17,215
3324,65,33,67,17,182
3326,86,16,101,20,223
3327,65,16,101,20,202
3328,66,34,67,20,187
3330,51,16,67,20,154
3331,168,17,65,17,267
3332,51,17,101,16,185
3333,65,18,68,16,167
3334,67,33,100,17,217
3335,70,13,100,17,200
3336,53,13,100,17,183
3342,65,34,66,16,181
3343,66,17,66,16,165
3344,68,33,100,17,218
3345,84,33,133,18,268
3346,67,33,133,18,251
3348,66,33,100,18,217
3349,103,15,66,18,202
3350,166,35,98,19,318
3352,101,32,52,14,199
3353,535,16,50,16,617
3354,68,32,52,14,166
3355,65,16,52,14,147
3356,101,31,135,16,283
3357,84,31,135,16,266
3358,165,35,65,18,283
3360,101,32,100,18,251
3362,66,32,100,18,216
3364,167,36,282,18,503
3366,51,16,65,18,150
3367,51,33,68,15,167
3368,68,32,134,16,250
3369,65,16,134,16,231
3370,301,31,69,15,416
3371,1015,34,66,18,1133
3372,283,16,69,15,383
3373,166,17,69,15,267
3374,103,31,67,16,217
3376,67,31,67,16,181
3377,52,31,67,16,166
3378,52,15,67,16,150
3379,65,17,69,15,166
3381,66,16,50,16,148
3383,86,31,69,15,201
3384,84,16,69,15,184
3385,51,31,69,15,166
3386,50,16,69,15,150
3387,50,35,132,19,236
3388,66,34,98,19,217
3393,52,30,134,16,232
3396,83,15,66,16,180
3397,84,34,398,18,534
3398,53,15,66,16,150
3399,50,34,398,18,500
3400,68,32,151,18,269
3401,64,17,151,18,250
3402,66,36,81,18,201
3403,65,20,81,18,184
3404,68,29,70,16,183
3406,65,35,51,18,169
3407,69,15,51,18,153
3408,64,35,98,18,215
3409,67,18,98,18,201
3410,86,18,99,15,218
3411,66,18,99,15,198
3413,52,31,135,15,233
3415,67,15,168,15,265
3417,66,17,133,15,231
3419,117,31,67,18,233
3420,102,31,67,18,218
3421,84,31,67,18,200
3422,67,31,67,18,183
3423,52,31,67,18,168
3424,550,17,65,18,650
3425,67,17,66,18,168
3427,51,32,52,16,151
3428,67,34,66,18,185
3430,166,35,83,15,299
3431,102,15,133,19,269
3432,100,34,199,18,351
3434,100,35,83,15,233
3435,66,16,199,18,299
3436,66,35,83,15,199
3438,51,18,83,15,167
3439,51,31,52,15,149
3441,67,15,67,18,167
3442,64,34,66,18,182
3443,101,15,67,17,200
3444,52,15,66,18,151
3445,100,15,85,17,217
3447,66,15,85,17,183
3448,299,34,53,15,401
3450,167,33,100,17,317
3451,100,17,65,18,200
3452,67,35,65,18,185
3453,67,17,65,18,167
3454,151,17,65,17,250
3455,51,32,51,17,151
3456,67,33,100,17,217
3458,65,35,65,17,182
3459,166,16,284,18,484
3460,51,17,65,17,150
3461,68,14,67,20,169
3462,66,34,53,15,168
3463,300,17,100,16,433
3464,98,35,183,18,334
3465,65,16,284,18,383
3466,67,35,183,18,303
3467,85,34,66,15,200
3468,300,35,65,16,416
3469,51,34,66,15,166
3470,69,31,67,18,185
3473,151,34,66,16,267
3474,66,32,117,18,233
3475,100,17,100,16,233
3477,68,17,100,16,201
3478,83,18,66,16,183
3479,52,34,66,16,168
3480,51,18,66,16,151
3484,66,32,118,16,232
3485,50,32,118,16,216
3489,82,36,65,17,200
3490,66,36,65,17,184
3491,50,36,65,17,168
3492,69,32,66,18,185
3493,53,32,66,18,169
3494,52,16,66,18,152
3495,68,15,99,17,199
3496,65,33,118,16,232
3498,66,33,85,16,200
3500,933,34,166,16,1149
3502,66,34,167,21,288
3505,68,16,66,17,167
3506,52,16,66,17,151
3508,51,15,51,18,135
3509,65,17,67,21,170
3510,83,18,166,16,283
3511,153,29,101,15,298
3513,52,32,134,16,234
3515,165,19,67,16,267
3520,113,17,101,14,245
3524,102,32,101,15,250
3527,165,19,265,18,467
3529,152,33,133,17,335
3530,50,17,331,18,416
3532,101,33,133,17,284
3533,83,33,133,17,266
3534,66,33,133,17,249
3537,152,33,68,15,268
3538,66,33,67,17,183
3541,83,33,68,15,199
3542,501,31,50,17,599
3543,101,17,65,18,201
3545,68,17,65,18,168
3546,101,31,52,16,200
3547,66,19,65,18,168
3550,65,34,68,16,183
3551,68,16,68,16,168
3553,68,16,166,16,266
3554,168,33,101,15,317
3555,50,34,166,16,266
3556,101,33,134,15,283
3557,66,17,66,16,165
3558,166,34,100,15,315
3559,51,33,134,15,233
3560,66,33,101,15,215
3561,68,15,101,15,199
3563,65,17,201,17,300
3564,284,15,69,15,383
3565,297,19,100,17,433
3566,101,31,50,17,199
3567,933,18,51,14,1016
3568,68,31,50,17,166
3569,52,31,50,17,150
3570,65,35,199,17,316
3571,67,17,199,17,300
3572,66,32,102,15,215
3573,101,17,67,15,200
3574,50,17,102,15,184
3575,84,32,69,15,200
3576,917,16,50,18,1001
3577,153,31,168,16,368
3578,52,15,69,15,151
3579,99,19,149,16,283
3582,69,31,168,16,284
3583,101,18,83,16,218
3584,65,35,83,16,199
3586,66,33,100,16,215
3587,166,18,66,16,266
3588,150,18,66,16,250
3589,101,16,100,16,233
3590,99,34,66,16,215
3594,68,32,68,16,184
3595,99,17,67,17,200
3596,935,31,67,16,1049
3597,67,17,67,17,168
3598,66,34,98,17,215
3599,50,34,98,17,199
3600,166,34,102,16,318
3601,67,17,65,17,166
3602,284,16,67,15,382
3603,51,32,67,18,168
3607,65,17,102,16,200
3608,50,17,102,16,185
3609,67,16,84,16,183
3610,68,32,100,17,217
3612,52,14,100,17,183
3613,549,33,69,14,665
3615,98,16,86,14,214
3619,65,18,51,14,148
3620,102,30,103,15,250
3621,66,20,82,16,184
3622,152,16,50,18,236
3624,51,14,103,15,183
3625,102,16,50,18,186
3627,66,16,50,18,150
3629,67,18,99,15,199
3630,67,33,66,15,181
3632,50,18,66,15,149
3633,165,19,65,16,265
3635,166,17,102,14,299
3636,50,16,67,15,148
3637,99,19,65,16,199
3638,67,33,65,16,181
3640,99,33,69,14,215
3641,101,16,69,14,200
3643,100,18,100,17,235
3644,65,34,100,17,216
3645,100,19,65,17,201
3647,85,31,67,16,199
3649,53,31,67,16,167
3650,100,33,168,15,316
3651,66,18,167,16,267
3652,65,33,168,15,281
3655,51,34,100,16,201
3657,83,33,68,15,199
3658,67,33,68,15,183
3660,100,34,199,16,349
3661,99,18,199,16,332
3663,66,18,199,16,299
3664,68,32,99,17,216
3665,100,15,66,17,198
3666,66,33,66,17,182
3667,166,19,82,16,283
3668,50,15,66,17,148
3669,102,14,68,16,200
3670,51,15,50,19,135
3671,67,14,68,16,165
3672,300,33,133,17,483
3676,68,33,67,16,184
3678,65,33,68,15,181
3679,100,16,66,17,199
3680,50,16,68,15,149
3681,68,16,66,17,167
3682,166,33,69,15,283
3683,66,18,65,17,166
3684,68,32,85,15,200
3686,99,33,69,15,216
3688,65,33,69,15,182
3689,102,15,66,17,200
3690,85,15,66,17,183
3691,83,35,82,17,217
3692,52,15,66,17,150
3693,50,35,82,17,184
3696,168,33,134,17,352
3701,100,18,134,17,269
3702,66,33,134,17,250
3703,66,18,134,17,235
3704,102,31,85,16,234
3705,517,34,66,18,635
3707,84,33,52,16,185
3708,66,33,52,16,167
3713,68,16,99,18,201
3714,52,16,99,18,185
3715,101,16,52,17,186
3716,68,30,52,17,167
3717,65,16,52,17,150
3718,99,35,65,17,216
3722,101,33,66,18,218
3723,99,17,66,18,200
3724,67,33,66,18,184
3726,99,32,102,16,249
3727,67,17,100,15,199
3729,101,16,135,14,266
3731,67,16,135,14,232
3733,852,31,201,18,1102
3735,65,19,67,14,165
3737,51,32,68,15,166
3739,69,17,66,16,168
3740,67,33,67,15,182
3742,101,34,100,16,251
3743,150,32,67,17,266
3744,100,33,99,17,249
3745,86,33,99,17,235
3746,100,32,67,17,216
3749,150,34,66,16,266
3752,67,32,100,16,215
3756,100,32,134,15,281
3758,68,32,134,15,249
3759,99,17,68,15,199
3760,99,34,99,18,250
3761,67,17,68,15,167
3762,65,34,99,18,216
3763,83,34,99,16,232
3764,101,33,100,15,249
3765,51,34,99,16,200
3766,68,33,100,15,216
3767,50,33,100,15,198
3768,67,32,133,19,251
3769,164,18,51,17,250
3773,100,18,51,17,186
3774,68,33,51,17,169
3778,65,36,66,16,183
3780,300,34,99,16,449
3782,52,15,201,18,286
3783,99,15,52,15,181
3784,66,31,52,15,164
3786,51,15,52,15,133
3788,83,15,68,18,184
3789,67,15,68,18,168
3790,52,15,68,18,153
3792,168,33,100,17,318
3793,65,18,67,15,165
3794,86,16,99,16,217
3795,67,16,99,16,198
3796,166,33,51,15,265
3798,100,33,84,15,232
3799,64,18,100,17,199
3800,66,33,84,15,198
3801,300,18,166,19,503
3802,99,34,83,17,233
3803,167,16,52,16,251
3804,66,34,83,17,200
3805,285,33,65,18,401
3806,67,32,68,17,184
3807,151,33,67,18,269
3808,99,35,67,15,216
3809,67,16,52,16,151
3810,65,35,67,15,182
3812,68,33,67,18,186
3813,51,33,67,18,169
3814,52,16,67,18,153
3815,66,18,166,19,269
3816,100,33,65,18,216
3817,83,33,65,18,199
3821,51,34,85,15,185
3822,800,32,69,15,916
3823,64,16,105,13,198
3825,67,17,150,18,252
3827,70,15,67,15,167
3828,54,15,67,15,151
3830,168,32,99,16,315
3832,100,34,131,16,281
3833,65,18,66,18,167
3834,64,34,131,16,245
3836,67,32,99,16,214
3837,284,33,51,15,383
3838,1966,34,200,16,2216
3839,165,19,66,17,267
3841,67,16,67,16,166
3843,65,16,118,16,215
3844,66,35,66,17,184
3846,150,16,51,15,232
3847,67,15,236,16,334
3849,68,17,68,16,169
3853,101,15,134,18,268
3854,84,15,134,18,251
3855,165,19,98,18,300
3856,51,15,134,18,218
3857,99,16,67,18,200
3859,98,19,98,18,233
3860,102,32,66,18,218
3861,66,19,98,18,201
3865,85,32,69,15,201
3867,100,16,67,18,201
3868,66,34,67,18,185
3869,66,16,67,18,167
3870,299,33,85,17,434
3871,50,35,50,16,151
3873,83,34,65,18,200
3875,50,34,65,18,167
3876,1032,33,83,16,1164
3877,151,32,51,16,250
3879,65,16,67,18,166
3880,65,35,133,17,250
3881,302,16,83,16,417
3882,551,14,67,18,650
3884,100,34,51,17,202
3885,100,16,51,17,184
3887,67,16,51,17,151
3888,51,16,51,17,135
3889,68,15,66,18,167
3890,1034,33,101,17,1185
3891,166,17,199,19,401
3892,285,15,66,19,385
3894,300,32,51,16,399
3895,166,16,117,16,315
3897,99,17,166,19,301
3898,549,17,69,15,650
3899,65,17,166,19,267
3900,66,33,117,16,232
3901,101,16,83,16,216
3902,66,34,83,16,199
3903,102,15,66,19,202
3904,51,16,83,16,166
3905,68,15,66,19,168
3907,99,16,51,16,182
3911,69,14,67,18,168
3912,65,34,67,18,184
3913,99,17,52,16,184
3914,100,34,66,18,218
3915,64,17,52,16,149
3916,67,34,66,18,185
3918,67,34,67,16,184
3919,51,34,67,16,168
3921,67,15,100,18,200
3924,83,17,50,18,168
3925,66,17,50,18,151
3927,100,18,132,17,267
3928,83,18,132,17,250
3929,67,18,132,17,234
3930,83,18,65,17,183
3931,301,16,50,17,384
3932,168,32,134,16,350
3933,99,17,83,16,215
3934,65,33,83,16,197
3935,100,17,49,16,182
3936,65,34,49,16,164
3937,2318,32,67,16,2433
3939,68,15,134,16,233
3940,51,15,134,16,216
3941,66,16,101,16,199
3942,49,16,101,16,182
3943,165,17,101,17,300
3945,117,33,101,17,268
3946,67,34,117,17,235
3947,170,18,200,16,404
3949,66,17,101,17,201
3950,50,17,101,17,185
3951,66,16,100,16,198
3952,101,33,100,16,250
3953,67,18,200,16,301
3955,83,33,67,16,199
3956,100,34,100,16,250
3957,100,18,100,16,234
3959,166,18,99,16,299
3961,550,32,200,18,800
3962,67,34,66,18,185
3963,169,16,66,16,267
3964,100,33,100,16,249
3965,66,18,99,16,199
3966,67,33,100,16,216
3967,534,16,67,16,633
3969,301,17,67,15,400
3972,3599,33,67,18,3717
3974,82,16,135,17,250
3976,50,16,135,17,218
3977,102,16,67,17,202
3978,66,34,67,17,184
3979,100,17,51,16,184
3980,552,16,199,18,785
3981,100,17,67,15,199
3982,84,17,67,15,183
3984,50,17,67,15,149
3986,51,16,67,16,150
3987,166,18,82,17,283
3990,67,32,200,18,317
3991,100,18,82,17,217
3994,67,32,67,16,182
3995,99,18,99,18,234
3997,151,32,85,16,284
3999,66,17,133,18,234
4000,101,32,85,16,234
4001,67,18,117,16,218
4002,99,35,50,16,200
4003,168,16,199,18,401
4004,66,35,50,16,167
4005,85,32,102,15,234
4006,99,34,199,18,350
4008,300,35,65,17,417
4009,67,16,199,18,300
4010,100,34,283,14,431
4011,50,34,100,14,198
4013,298,17,52,14,381
4015,167,16,133,19,335
4020,68,32,133,19,252
4021,65,16,133,19,233
4022,65,35,65,17,182
4024,100,32,52,14,198
4026,100,33,100,18,251
4027,65,17,52,14,148
4029,83,33,102,15,233
4031,50,33,102,15,200
4032,100,33,68,17,218
4033,67,16,68,15,166
4035,65,16,68,17,166
4036,67,35,100,16,218
4038,83,18,99,18,218
4040,50,18,99,18,185
4041,67,16,66,18,167
4042,66,34,199,16,315
4043,67,18,199,16,300
4045,100,17,66,17,200
4046,66,35,66,17,184
4047,68,17,66,17,168
4048,67,31,101,16,215
4049,101,16,66,16,199
4050,101,32,135,15,283
4051,100,15,135,15,265
4052,299,34,133,16,482
4053,67,15,135,15,232
4054,101,33,68,15,217
4055,66,16,167,17,266
4056,66,33,68,15,182
4058,67,35,66,15,183
4060,51,17,66,15,149
4061,151,34,133,16,334
4062,68,33,67,16,184
4063,2000,16,66,18,2100
4064,66,33,67,16,182
4065,65,18,67,16,166
4066,66,34,133,16,249
4068,166,34,102,15,317
4071,66,18,99,16,199
4072,149,17,69,15,250
4076,66,33,69,15,183
4077,152,32,98,19,301
4079,167,17,133,16,333
4081,300,16,68,16,400
4083,167,16,68,16,267
4085,167,16,98,17,298
4086,65,32,101,16,214
4087,99,16,68,16,199
4089,283,33,67,16,399
4093,67,17,65,17,166
4095,298,17,101,16,432
4096,65,33,101,18,217
4097,67,15,101,18,201
4099,100,17,100,16,233
4100,101,33,67,16,217
4101,66,17,100,16,199
4103,84,34,66,19,203
4104,166,33,68,16,283
4105,552,31,69,15,667
4106,51,16,66,19,152
4107,100,17,101,16,234
4108,300,34,234,16,584
4109,65,17,101,16,199
4110,66,33,68,16,183
4111,68,14,68,16,166
4112,52,14,68,16,150
4113,102,16,115,18,251
4115,66,16,115,18,215
4116,68,33,82,18,201
4117,51,33,82,18,184
4118,51,17,82,18,168
4120,550,17,131,17,715
4122,82,18,234,16,350
4123,64,18,234,16,332
4124,101,32,103,16,252
4126,67,32,103,16,218
4127,101,18,167,15,301
4128,65,36,167,15,283
4129,67,18,167,15,267
4130,50,18,167,15,250
4131,52,32,51,15,150
4132,68,35,100,15,218
4133,85,31,69,15,200
4134,83,15,69,15,182
4135,53,31,69,15,168
4136,101,34,83,14,232
4137,164,17,65,18,264
4138,100,31,52,14,197
4141,101,17,65,18,201
4143,101,14,52,17,184
4145,68,14,52,17,151
4147,100,17,131,17,265
4148,1999,34,116,16,2165
4149,83,33,66,18,200
4150,52,17,131,17,217
4151,102,15,100,16,233
4154,165,35,83,16,299
4155,67,16,116,17,216
4157,67,14,69,15,165
4159,65,17,50,17,149
4160,101,32,67,17,217
4162,69,32,67,17,185
4163,84,33,68,15,200
4164,151,17,66,19,253
4165,68,16,68,15,167
4166,65,34,68,15,182
4167,84,34,66,19,203
4168,51,16,68,15,150
4169,300,16,100,18,434
4170,51,17,66,19,153
4171,50,34,132,16,232
4174,66,33,67,16,182
4175,151,34,132,18,335
4177,67,16,68,16,167
4179,165,15,67,18,265
4180,551,16,66,16,649
4181,100,16,100,18,234
4183,167,15,68,15,265
4184,66,33,67,18,184
4185,1018,32,117,17,1184
4187,101,15,68,15,199
4190,300,38,129,16,483
4191,117,33,132,18,300
4192,66,34,68,14,182
4194,101,35,115,20,271
4195,83,35,115,20,253
4196,300,34,67,14,415
4197,168,15,67,18,268
4199,53,31,66,18,168
4200,550,17,266,18,851
4203,83,38,129,16,266
4204,66,38,129,16,249
4205,87,29,52,16,184
4206,51,20,129,16,216
4208,67,34,66,16,183
4209,101,16,67,14,198
4210,63,34,67,14,178
4211,67,16,67,14,164
4213,65,17,117,16,215
4214,66,35,82,16,199
4215,64,19,82,16,181
4217,52,33,100,16,201
4218,68,34,66,16,184
4219,52,34,66,16,168
4221,68,16,67,18,169
4222,65,35,65,18,183
4223,100,16,51,17,184
4225,67,16,51,17,151
4226,67,33,69,15,184
4227,299,18,84,14,415
4228,65,35,266,18,384
4229,67,17,266,18,368
4230,51,17,266,18,352
4231,151,32,86,13,282
4232,69,32,51,16,168
4236,148,18,84,14,264
4237,52,32,86,13,183
4239,65,16,54,13,148
4240,99,32,117,17,265
4243,100,17,118,14,249
4244,54,13,117,17,201
4245,285,33,100,15,433
4246,66,32,68,18,184
4247,113,34,101,16,264
4249,67,16,52,14,149
4250,100,32,85,17,234
4251,82,32,85,17,216
4252,68,32,85,17,202
4253,100,16,51,17,184
4254,52,14,85,17,168
4255,67,16,51,17,151
4256,299,34,133,17,483
4257,65,18,83,16,182
4259,51,33,100,15,199
4260,51,17,100,15,183
4262,167,31,51,16,265
4265,169,16,133,17,335
4267,50,34,65,17,166
4268,68,31,51,16,166
4269,52,31,51,16,150
4270,65,34,133,17,249
4271,84,33,217,16,350
4272,166,32,51,17,266
4274,51,16,217,16,300
4276,66,35,83,17,201
4278,68,32,51,17,168
4280,67,35,82,16,200
4281,67,18,82,16,183
4283,51,33,65,18,167
4284,167,33,85,15,300
4286,82,16,84,17,199
4287,166,17,51,15,249
4288,99,33,85,15,232
4289,66,16,50,17,149
4290,67,33,85,15,200
4293,66,17,51,15,149
4295,100,15,201,15,331
4296,66,34,201,15,316
4297,68,15,201,15,299
4298,51,15,201,15,282
4300,1167,35,166,17,1385
4301,65,18,67,15,165
4303,52,33,66,17,168
4308,100,33,66,17,216
4309,67,17,150,16,250
4311,51,33,66,17,167
4312,67,34,65,18,184
4315,101,16,68,17,202
4316,66,33,68,17,184
4317,101,16,101,16,234
4318,65,34,101,16,216
4320,101,33,66,18,218
4321,67,17,152,15,251
4323,99,18,132,16,265
4324,101,32,201,16,350
4326,67,32,201,16,316
4327,66,16,201,16,299
4328,66,34,66,16,182
4329,68,16,66,16,166
4331,101,15,101,16,233
4332,100,33,68,16,217
4336,167,31,67,18,283
4337,98,18,65,17,198
4338,166,35,66,16,283
4339,67,18,65,17,167
4340,50,18,65,17,150
4342,99,35,66,16,216
4343,52,31,67,18,168
4345,66,18,66,16,166
4347,68,15,102,16,201
4348,67,34,68,16,185
4349,100,19,115,18,252
4350,66,35,115,18,234
4351,65,19,115,18,217
4354,50,18,66,16,150
4357,66,18,67,15,166
4358,66,34,133,15,248
4360,84,17,65,18,184
4361,100,19,66,15,200
4362,50,17,65,18,150
4363,101,15,68,17,201
4364,67,31,68,17,183
4365,167,16,100,17,300
4366,65,35,166,17,283
4367,100,18,65,18,201
4368,99,33,100,17,249
4370,1235,32,67,18,1352
4371,83,32,68,17,200
4374,65,34,134,18,251
4376,100,33,67,18,218
4379,99,19,64,18,200
4380,550,18,100,16,684
4381,1916,34,218,16,2184
4382,68,32,118,16,234
4383,51,32,118,16,217
4385,69,14,67,19,169
4386,64,34,68,16,182
4387,166,17,66,16,265
4389,81,35,66,16,198
4390,51,16,68,14,149
4391,49,35,66,16,166
4392,536,30,53,15,634
4394,101,33,52,15,201
4397,83,33,101,16,233
4398,66,33,101,16,216
4400,85,15,100,16,216
4401,285,33,98,18,434
4404,168,33,67,16,284
4405,66,16,100,17,199
4406,100,34,100,16,250
4407,100,18,100,16,234
4408,100,33,67,16,216
4411,84,34,65,17,200
4412,166,36,83,15,300
4413,51,34,65,17,167
4414,168,30,53,15,266
4415,153,30,53,15,251
4417,66,16,102,17,201
4419,86,30,53,15,184
4420,68,30,53,15,166
4421,150,34,65,17,266
4422,102,32,66,18,218
4424,66,32,66,18,182
4425,83,34,65,17,199
4427,50,34,65,17,166
4428,66,32,134,16,248
4429,64,17,134,16,231
4430,99,35,150,15,299
4431,98,18,150,15,281
4432,100,34,66,16,216
4434,168,32,67,18,285
4435,66,18,66,16,166
4437,52,32,66,18,168
4438,150,15,117,17,299
4439,100,16,67,18,201
4442,84,15,117,17,233
4443,68,15,117,17,217
4444,84,15,100,17,216
4445,68,15,100,17,200
4446,85,15,67,17,184
4448,52,15,67,17,151
4449,98,17,67,16,198
4450,100,33,252,15,400
4451,99,16,252,15,382
4452,67,33,252,15,367
4453,151,32,84,17,284
4454,67,34,67,17,185
4455,67,17,67,17,168
4457,66,19,116,17,218
4458,50,19,116,17,202
4460,67,33,68,14,182
4461,117,35,50,15,217
4465,84,33,183,16,316
4467,52,33,183,16,284
4468,68,32,151,16,267
4469,67,15,151,16,249
4470,50,15,151,16,232
4471,51,35,65,18,169
4472,99,33,51,16,199
4473,101,14,51,16,182
4474,67,33,51,16,167
4475,68,14,51,16,149
4477,1034,15,102,16,1167
4480,51,16,101,15,183
4481,49,35,99,15,198
4482,168,32,68,16,284
4483,67,16,67,15,165
4484,166,34,100,19,319
4485,302,15,118,16,451
4486,99,32,68,16,215
4487,65,18,51,15,149
4488,67,32,68,16,183
4489,51,32,68,16,167
4490,65,34,100,19,218
4491,551,33,67,18,669
4492,51,15,100,19,185
4493,101,17,52,15,185
4495,82,33,68,16,199
4497,300,21,65,16,402
4498,66,34,118,16,234
4499,69,15,118,16,218
4500,166,35,82,17,300
4501,65,18,84,16,183
4502,68,32,68,16,184
4503,65,16,68,16,165
4504,66,33,104,13,216
4505,50,33,104,13,200
4506,100,32,50,17,199
4507,166,17,51,14,248
4508,150,17,51,14,232
4509,97,21,65,16,199
4510,51,16,50,17,134
4512,150,14,135,18,317
4513,66,17,51,14,148
4517,551,31,102,15,699
4518,51,14,135,18,218
4520,65,33,67,18,183
4521,67,15,67,18,167
4522,53,15,67,18,153
4523,165,17,136,14,332
4524,68,32,166,16,282
4525,167,16,65,16,264
4526,67,33,133,16,249
4527,50,33,133,16,232
4528,98,35,65,16,214
4530,66,35,65,16,182
4533,52,31,102,15,200
4536,101,32,183,17,333
4538,152,17,99,17,285
4540,551,16,99,17,683
4542,66,33,99,17,215
4543,52,33,99,17,201
4545,52,33,183,17,285
4546,66,31,102,15,214
4547,3282,33,253,15,3583
4548,51,13,102,15,181
4549,84,34,67,16,201
4550,83,17,67,16,183
4551,115,34,66,16,231
4552,102,34,66,16,218
4553,52,33,50,17,152
4554,167,32,52,14,265
4555,100,17,117,14,248
4556,283,16,99,17,415
4557,83,33,66,18,200
4559,52,33,66,18,169
4560,150,14,52,16,232
4561,167,15,68,17,267
4562,99,32,52,16,199
4565,168,16,65,17,266
4566,100,34,99,17,250
4567,69,15,68,17,169
4568,301,31,102,15,449
4569,164,17,52,15,248
4571,100,16,68,16,200
4572,52,16,65,17,150
4573,67,16,68,16,167
4574,151,15,66,20,252
4575,98,19,97,20,234
4576,65,36,97,20,218
4577,65,19,97,20,201
4578,84,15,66,20,185
4581,50,35,51,15,151
4582,82,15,102,15,214
4583,66,15,102,15,198
4584,302,31,102,16,451
4585,67,15,67,15,164
4587,50,32,67,18,167
4588,102,32,67,16,217
4589,64,18,99,16,197
4590,150,16,266,19,451
4591,51,32,67,16,166
4593,68,16,68,16,168
4594,66,33,266,19,384
4595,150,36,100,16,302
4596,67,35,133,16,251
4597,100,15,102,16,233
4599,67,15,102,16,200
4601,152,34,64,19,269
4603,84,33,50,15,182
4605,284,31,151,17,483
4606,66,34,64,19,183
4607,51,34,64,19,168
4608,67,31,68,16,182
4609,100,16,51,16,183
4610,98,35,67,16,216
4611,66,16,51,16,149
4612,64,35,67,16,182
4613,67,16,67,16,166
4614,52,16,67,16,151
4615,51,32,51,15,149
4616,51,16,51,15,133
4621,100,16,83,17,216
4623,67,16,83,17,183
4624,52,16,83,17,168
4625,100,19,65,17,201
4628,68,32,66,19,185
4629,65,17,66,19,167
4630,66,33,52,16,167
4631,51,33,52,16,152
4632,65,33,150,19,267
4633,67,16,150,19,252
4634,66,35,115,19,235
4635,50,35,115,19,219
4636,52,16,115,19,202
4638,68,33,68,15,184
4641,284,32,67,17,400
4642,67,34,66,15,182
4644,68,32,66,16,182
4645,53,32,66,16,167
4646,66,34,100,16,216
4647,67,18,100,16,201
4648,66,32,68,16,182
4649,99,18,99,17,233
4650,66,34,99,17,216
4652,66,34,65,17,182
4653,66,19,65,17,167
4654,68,32,67,17,184
4656,99,34,99,18,250
4657,101,17,99,18,235
4658,99,34,65,18,216
4659,100,17,65,18,200
4660,151,15,68,16,250
4662,100,33,68,16,217
4663,83,33,68,16,200
4664,167,32,68,16,283
4666,50,15,68,16,149
4667,100,17,67,16,200
4668,300,33,233,18,584
4669,150,33,66,16,265
4670,168,34,131,17,350
4671,66,16,68,16,166
4673,282,36,133,16,467
4674,67,33,66,16,182
4675,51,33,66,16,166
4676,68,34,131,17,250
4677,283,34,99,18,434
4678,165,33,67,18,283
4679,99,17,167,18,301
4680,151,14,67,18,250
4682,65,33,233,18,349
4683,67,16,233,18,334
4684,85,14,67,18,184
4686,102,31,52,16,201
4687,49,36,133,16,234
4688,550,18,134,16,718
4689,81,34,99,18,232
4690,101,34,215,19,369
4691,84,34,215,19,352
4692,65,34,215,19,333
4694,534,34,100,16,684
4695,69,15,65,16,165
4696,53,15,65,16,149
4697,99,16,52,15,182
4698,550,16,66,19,651
4701,65,23,77,19,184
4702,301,34,134,16,485
4703,299,18,134,16,467
4704,52,15,68,16,151
4705,2985,32,85,15,3117
4708,68,32,67,15,182
4710,166,34,134,16,350
4711,51,33,67,16,167
4714,67,33,67,18,185
4716,101,33,101,16,251
4718,167,34,98,19,318
4719,52,33,101,16,202
4721,285,33,66,17,401
4723,100,19,98,19,236
4724,1017,16,84,16,1133
4725,99,16,66,19,200
4726,100,34,133,16,283
4727,66,16,66,19,167
4728,100,32,101,16,249
4729,85,32,101,16,234
4731,101,16,132,17,266
4732,66,35,132,17,250
4733,68,16,132,17,233
4735,551,32,67,18,668
4737,82,33,167,16,298
4741,50,33,253,15,351
4742,97,36,134,16,283
4743,101,16,134,16,267
4745,101,15,66,19,201
4750,67,32,69,18,186
4753,68,16,52,15,151
4754,83,18,67,14,182
4759,99,18,101,15,233
4760,67,32,101,15,215
4761,99,16,99,18,232
4762,66,34,99,18,217
4763,68,16,99,18,201
4766,101,32,83,18,234
4768,283,16,84,16,399
4770,67,34,199,18,318
4771,50,34,199,18,301
4772,50,16,199,18,283
4773,51,34,65,17,167
4774,68,33,132,18,251
4775,65,18,132,18,233
4776,301,33,66,15,415
4777,100,18,98,18,234
4778,65,35,98,18,216
4779,85,32,84,16,217
4780,67,32,84,16,199
4783,50,33,102,15,200
4784,65,33,69,15,182
4785,67,15,69,15,166
4787,66,16,68,15,165
4788,102,33,66,15,216
4789,66,18,99,15,198
4791,66,18,66,15,165
4792,68,32,66,18,184
4793,167,15,52,17,251
4794,65,34,99,18,216
4795,99,17,67,18,201
4796,81,17,67,18,183
4797,66,17,67,18,168
4799,66,15,52,17,150
4804,52,17,100,15,184
4805,67,17,67,15,166
4806,68,34,99,18,219
4808,67,33,66,18,184
4810,50,17,66,18,151
4811,283,34,99,18,434
4814,66,35,202,13,316
4815,69,17,202,13,301
4816,53,17,202,13,285
4818,100,33,104,13,250
4820,182,20,62,18,282
4821,166,20,62,18,266
4823,83,34,99,18,234
4825,1017,35,182,16,1250
4826,84,20,62,18,184
4827,168,16,117,16,317
4828,51,20,62,18,151
4829,101,16,67,18,202
4831,82,34,117,16,249
4833,100,16,67,17,200
4834,50,16,117,16,199
4835,284,32,52,16,384
4836,85,15,100,17,217
4837,67,15,100,17,199
4838,51,15,100,17,183
4840,67,33,85,16,201
4841,115,35,65,18,233
4842,284,16,151,16,467
4845,167,16,66,17,266
4847,83,32,52,16,183
4849,551,33,67,16,667
4850,99,34,100,16,249
4853,50,34,100,16,200
4855,150,32,100,17,299
4856,50,16,151,16,233
4857,98,18,132,17,265
4859,84,32,100,17,233
4861,101,16,100,17,234
4862,66,34,100,17,217
4864,66,33,67,17,183
4867,66,16,118,16,216
4868,66,34,66,18,184
4870,151,16,67,16,250
4871,184,33,67,16,300
4872,100,34,67,16,217
4873,50,33,68,15,166
4874,66,34,67,16,183
4877,98,18,67,16,199
4881,66,16,85,15,182
4882,65,35,182,16,298
4883,85,32,150,16,283
4884,67,32,150,16,265
4885,51,32,150,16,249
4887,67,15,117,16,215
4888,65,34,83,16,198
4889,67,16,83,16,182
4890,51,16,83,16,166
4892,69,33,198,18,318
4893,66,18,198,18,300
4894,99,34,67,17,217
4895,66,16,52,17,151
4896,64,34,67,17,182
4898,65,35,65,17,182
4899,85,32,166,17,300
4900,52,17,65,17,151
4902,100,33,67,16,216
4903,99,16,67,16,198
4904,98,35,116,17,266
4906,66,35,116,17,234
4907,84,32,84,17,217
4909,99,17,102,16,234
4911,150,34,265,16,465
4912,65,33,135,18,251
4913,149,32,118,15,314
4914,101,34,265,16,416
4915,85,34,265,16,400
4917,51,34,265,16,366
4918,101,34,67,17,219
4919,1800,17,66,16,1899
4920,66,34,67,17,184
4921,66,18,67,17,168
4922,66,33,51,15,165
4923,50,33,51,15,149
4924,533,34,99,18,684
4925,51,34,66,17,168
4927,181,34,66,17,298
4930,83,17,82,16,198
4931,66,17,82,16,181
4932,51,17,82,16,166
4933,98,18,66,17,199
4934,66,34,66,17,183
4935,65,18,66,17,166
4937,99,16,67,17,199
4939,101,17,134,16,268
4940,83,17,134,16,250
4942,101,34,83,16,234
4943,100,17,83,16,216
4945,100,18,65,16,199
4946,101,33,66,17,217
4949,100,16,185,15,316
4951,550,34,117,16,717
4952,65,34,99,18,216
4954,301,32,83,16,432
4955,67,17,117,15,216
4956,51,17,117,15,200
4957,52,33,84,15,184
4958,67,32,185,17,301
4960,65,34,51,16,166
4962,66,33,69,15,183
4964,300,34,83,15,432
4965,167,17,149,17,350
4966,51,16,101,15,183
4967,84,32,83,16,215
4968,167,33,165,19,384
4969,51,32,83,16,182
4970,67,34,149,17,267
4972,164,34,83,15,296
4973,167,16,83,15,281
4974,166,34,117,16,333
4976,49,16,165,19,249
4977,50,33,51,17,151
4978,66,34,83,15,198
4980,84,17,117,16,234
4981,51,34,117,16,218
4982,785,17,83,15,900
4985,66,15,118,18,217
4987,67,16,83,18,184
4988,64,34,301,15,414
4989,68,16,301,15,400
4992,68,33,234,15,350
4996,66,34,67,15,182
4997,102,15,69,14,200
4998,51,16,67,15,149
4999,67,15,69,14,165
5000,66,35,100,15,216
5001,83,34,66,15,198
5002,101,32,166,18,317
5004,69,32,166,18,285
5006,66,34,51,15,166
5007,151,33,133,17,334
5010,533,34,133,18,718
5011,83,33,133,17,266
5013,51,33,133,17,234
5014,100,34,66,17,217
5018,102,31,51,17,201
5019,282,35,66,17,400
5020,100,34,66,16,216
5021,99,17,66,16,198
5022,283,17,101,15,416
5024,65,34,83,15,197
5025,84,32,117,17,250
5026,100,33,84,17,234
5027,51,32,117,17,217
5029,65,17,84,17,183
5032,101,33,101,15,250
5034,68,33,101,15,217
5035,66,17,101,15,199
5036,169,33,66,18,286
5038,167,33,99,16,315
5039,100,18,66,16,200
5040,167,33,66,16,282
5041,66,18,66,16,166
5042,68,33,66,18,185
5043,168,16,83,15,282
5044,67,33,99,16,215
5045,100,17,66,16,199
5048,550,17,65,18,650
5049,67,16,83,15,181
5050,99,34,84,16,233
5053,99,15,119,16,249
5054,98,35,66,18,217
5055,67,15,119,16,217
5056,101,33,117,15,266
5060,101,34,65,19,219
5061,102,16,65,19,202
5062,84,16,65,19,184
5064,51,16,65,19,151
5065,52,33,51,17,153
5066,84,15,101,18,218
5067,66,15,101,18,200
5068,65,36,83,15,199
5070,51,17,83,15,166
5073,100,15,267,16,398
5076,165,33,52,14,264
5077,67,17,65,18,167
5078,85,15,51,15,166
5079,67,15,51,15,148
5082,549,16,67,17,649
5083,66,15,52,14,147
5084,51,15,52,14,132
5085,301,15,71,14,401
5086,834,32,151,15,1032
5087,67,14,68,16,165
5088,52,14,68,16,150
5095,83,34,84,19,220
5096,117,15,71,14,217
5098,82,15,71,14,182
5099,99,18,66,16,199
5102,84,19,163,17,283
5103,167,17,65,17,266
5104,71,31,67,16,185
5105,100,16,67,17,200
5108,63,35,65,17,180
5109,166,17,83,17,283
5110,50,17,65,17,149
5112,100,34,83,17,234
5114,549,15,52,16,632
5115,299,17,116,17,449
5116,2317,16,100,18,2451
5119,66,19,81,18,184
5120,68,32,149,18,267
5121,66,17,149,18,250
5122,66,34,66,16,182
5123,51,34,66,16,167
5124,66,33,100,16,215
5125,166,18,132,18,334
5126,67,33,67,16,183
5127,151,32,151,15,349
5128,66,33,116,17,232
5129,100,18,132,18,268
5131,66,18,132,18,234
5132,149,17,84,15,265
5137,66,17,84,15,182
5138,100,35,65,18,218
5139,101,17,65,18,201
5140,67,35,65,18,185
5141,101,15,52,16,184
5144,100,34,133,17,284
5145,67,15,69,15,166
5146,149,17,99,18,283
5148,103,32,99,18,252
5149,66,18,98,17,199
5150,1034,34,68,14,1150
5151,66,17,99,18,200
5152,50,17,99,18,184
5153,67,16,100,17,200
5154,149,16,84,16,265
5157,100,16,84,16,216
5158,66,34,84,16,200
5159,67,16,84,16,183
5160,51,16,84,16,167
5161,50,33,67,16,166
5162,102,32,100,18,252
5163,67,17,66,15,165
5164,68,32,100,18,218
5165,67,16,100,18,201
5167,98,18,101,15,232
5168,301,36,62,16,415
5169,165,19,137,11,332
5172,300,33,68,16,417
5176,68,32,69,14,183
5177,65,17,69,14,165
5178,50,17,69,14,150
5179,69,15,72,11,167
5181,168,16,68,16,268
5182,6084,17,66,17,6184
5183,87,29,82,19,217
5184,1685,18,98,16,1817
5185,55,29,82,19,185
5187,152,33,133,15,333
5188,163,33,67,16,279
5190,101,33,133,15,282
5191,65,19,66,16,166
5192,68,33,133,15,249
5193,52,33,133,15,233
5196,99,34,65,17,215
5197,100,17,65,17,199
5198,165,33,68,16,282
5199,85,33,233,16,367
5201,51,33,233,16,333
5202,67,32,101,16,216
5203,65,17,101,16,199
5205,66,16,68,16,166
5206,65,34,102,14,215
5207,68,16,102,14,200
5208,84,17,68,14,183
5209,50,34,68,14,166
5210,101,35,166,17,319
5211,1034,16,67,16,1133
5212,67,35,166,17,285
5215,100,17,101,17,235
5218,65,34,67,17,183
5219,69,16,67,17,169
5220,67,33,67,16,183
5221,67,17,67,16,167
5222,101,33,66,17,217
5223,100,16,66,17,199
5224,67,33,66,17,183
5225,84,32,51,15,182
5227,69,16,51,15,151
5230,66,32,85,17,200
5232,100,35,99,18,252
5233,100,18,99,18,235
5237,52,33,199,17,301
5239,51,34,98,18,201
5240,67,32,66,18,183
5241,67,16,66,18,167
5242,66,32,134,17,249
5244,64,34,67,17,182
5245,66,16,67,17,166
5246,66,34,116,17,233
5247,281,35,51,14,381
5248,52,16,116,17,201
5249,67,16,83,17,183
5251,66,16,100,18,200
5252,285,14,52,16,367
5253,66,18,98,17,199
5254,83,17,201,17,318
5256,100,33,52,16,201
5257,101,15,52,16,184
5258,83,15,52,16,166
5259,68,15,52,16,151
5260,51,15,52,16,134
5261,50,35,51,14,150
5262,302,32,167,16,517
5263,67,16,84,16,183
5266,51,14,52,16,133
5267,67,16,66,16,165
5268,1017,15,69,16,1117
5269,98,17,68,16,199
5271,65,17,68,16,166
5272,166,33,134,16,349
5273,65,18,66,18,167
5274,101,32,167,16,316
5275,67,18,65,18,168
5279,101,18,98,16,233
5280,65,36,98,16,215
5281,166,17,84,16,283
5285,165,19,283,17,484
5286,64,34,84,16,198
5287,100,17,51,16,184
5288,301,34,65,19,419
5289,66,17,51,16,150
5291,66,19,283,17,385
5292,84,16,99,16,215
5293,52,32,99,16,199
5295,101,17,66,16,200
5297,83,32,117,16,248
5298,67,32,117,16,232
5299,51,32,117,16,216
5302,82,18,65,19,184
5303,168,17,65,18,268
5304,50,18,65,19,152
5305,101,16,101,18,236
5306,66,33,101,18,218
5307,67,16,101,18,202
5308,65,36,65,18,184
5314,166,32,100,17,315
5315,301,18,98,18,435
5316,97,35,66,17,215
5317,53,30,118,15,216
5318,66,35,66,17,184
5319,65,18,66,17,166
5321,101,16,66,17,200
5322,51,16,100,17,184
5323,68,16,66,17,167
5324,83,15,69,16,183
5325,301,15,168,15,499
5327,150,31,269,15,465
5329,66,18,98,18,200
5331,66,17,65,18,166
5332,51,17,65,18,151
5333,51,31,269,15,366
5334,165,34,68,16,283
5338,52,15,55,13,135
5339,68,15,168,15,266
5340,169,32,151,16,368
5342,102,34,99,16,251
5343,300,16,117,16,449
5345,113,34,65,17,229
5346,100,34,65,17,216
5347,52,32,151,16,251
5349,100,18,84,16,218
5350,66,33,84,16,199
5351,83,32,52,16,183
5353,51,32,52,16,151
5354,165,33,52,16,266
5355,102,16,117,16,251
5356,66,34,117,16,233
5357,68,16,117,16,217
5358,52,16,117,16,201
5359,67,16,133,19,235
5360,99,34,85,16,234
5361,66,15,52,16,149
5362,-89421,0,0,0,-89421
5363,65,18,85,16,184
5365,67,16,51,16,150
5367,103,16,167,16,302
5368,85,16,167,16,284
5369,1032,16,135,16,1199
5370,166,33,117,16,332
5371,69,14,85,15,183
5373,65,17,51,15,148
5374,66,33,68,16,183
5375,81,33,117,16,247
5376,67,33,117,16,233
5378,299,35,99,18,451
5380,68,31,51,16,166
5381,66,15,51,16,148
5383,63,18,65,19,165
5384,150,15,52,16,233
5385,50,32,52,15,149
5387,50,33,86,16,185
5388,151,16,99,18,284
5390,6602,34,65,18,6719
5391,67,15,69,16,167
5394,52,16,99,18,185
5395,50,34,65,18,167
5397,166,16,84,16,282
5399,100,15,52,16,183
5401,165,17,66,18,266
5403,68,16,84,16,184
5406,52,16,66,16,150
5407,166,17,166,18,367
5408,66,34,135,14,249
5409,66,16,135,14,231
5412,84,17,166,18,285
5413,66,17,166,18,267
5414,50,17,166,18,251
5415,172,13,166,16,367
5416,67,36,98,18,219
5417,151,32,183,18,384
5418,68,33,115,16,232
5421,72,13,166,16,267
5422,53,13,166,16,248
5423,52,32,183,18,285
5424,148,28,90,16,282
5427,66,16,135,16,233
5428,550,17,82,19,668
5429,65,28,90,16,199
5432,68,33,66,18,185
5433,150,34,133,17,334
5434,557,32,200,16,805
5435,86,32,68,15,201
5437,51,32,68,15,166
5438,66,34,133,17,250
5439,50,34,133,17,234
5440,166,33,50,18,267
5441,66,18,66,17,167
5443,65,18,66,17,166
5444,550,16,135,16,717
5446,99,34,66,17,216
5447,51,33,50,18,152
5448,66,34,66,17,183
5449,66,17,66,17,166
5450,67,34,65,17,183
5451,66,18,65,17,166
5452,50,18,65,17,150
5453,100,16,116,19,251
5454,66,33,116,19,234
5455,67,16,116,19,218
5456,166,34,99,16,315
5457,66,17,82,19,184
5458,168,32,200,16,416
5459,68,16,134,15,233
5460,284,16,135,16,451
5461,51,33,101,15,200
5462,101,32,200,16,349
5463,83,32,200,16,331
5464,67,32,200,16,315
5465,103,17,82,16,218
5466,165,34,135,16,350
5468,149,16,135,16,316
5469,100,16,101,16,233
5470,301,33,132,19,485
5471,99,16,135,16,266
5472,165,34,166,16,381
5475,101,16,68,16,201
5476,101,34,166,16,317
5477,67,16,68,16,167
5478,67,34,166,16,283
5479,51,34,166,16,267
5480,549,19,100,15,683
5482,101,33,132,19,285
5483,152,32,66,19,269
5484,100,34,65,16,215
5485,65,18,132,19,234
5487,84,32,66,19,201
5489,100,17,52,16,185
5490,66,33,52,16,167
5491,65,17,52,16,150
5492,65,33,101,16,215
5493,284,33,67,16,400
5494,66,35,66,16,183
5495,85,33,166,15,299
5497,101,17,133,15,266
5498,68,33,133,15,249
5500,66,33,100,15,214
5502,150,16,67,16,249
5503,165,19,100,15,299
5504,66,34,67,15,182
5505,551,34,65,17,667
5506,51,16,67,15,149
5507,99,19,100,15,233
5508,67,34,100,15,216
5511,284,32,67,16,399
5512,67,33,234,15,349
5513,52,33,234,15,334
5514,66,34,50,17,167
5518,84,17,99,16,216
5519,66,17,99,16,198
5520,50,17,99,16,182
5522,67,33,66,15,181
5523,84,32,67,16,199
5524,99,34,100,16,249
5526,99,33,67,16,215
5531,101,17,67,17,202
5533,68,17,67,17,169
5534,67,34,65,17,183
5535,51,34,65,17,167
5536,51,18,65,17,151
5537,67,17,65,18,167
5538,67,32,134,17,250
5539,68,15,134,17,234
5540,149,15,69,16,249
5541,100,17,66,17,200
5543,66,17,66,17,166
5544,84,15,69,16,184
5547,83,34,66,17,200
5548,284,16,51,14,365
5551,101,16,66,16,199
5553,165,18,134,16,333
5555,100,16,100,19,235
5556,63,32,100,19,214
5557,66,16,100,19,201
5558,66,34,134,16,250
5559,65,18,134,16,233
5560,84,16,51,14,165
5561,68,16,51,14,149
5562,168,32,67,16,283
5563,52,32,100,17,201
5564,66,33,200,19,318
5567,100,16,67,16,199
5568,151,16,66,19,252
5570,286,13,153,15,467
5572,65,34,66,19,184
5573,49,34,66,19,168
5575,50,35,117,13,215
5576,69,31,68,18,186
5579,85,33,83,16,217
5580,66,33,83,16,198
5581,52,33,83,16,184
5582,535,34,65,17,651
5583,98,17,66,17,198
5584,51,13,153,15,232
5592,68,32,100,18,218
5594,101,31,53,16,201
5595,66,18,66,18,168
5596,66,31,53,16,166
5598,51,14,53,16,134
5599,67,17,100,18,202
5600,66,34,101,15,216
5601,67,16,101,15,199
5602,53,16,101,15,185
5603,51,34,100,17,202
5604,168,34,65,17,284
5605,66,16,102,14,198
5609,84,34,65,17,200
5610,102,32,100,16,250
5611,50,34,65,17,166
5613,52,32,100,16,200
5614,99,33,68,17,217
5615,165,18,65,18,266
5616,65,33,68,17,183
5617,535,14,86,16,651
5618,100,34,65,18,217
5619,150,31,52,15,248
5620,83,18,65,18,184
5621,84,34,166,16,300
5622,302,32,166,18,518
5623,51,34,166,16,267
5625,302,16,66,17,401
5626,99,33,134,18,284
5627,66,16,67,16,165
5628,65,33,134,18,250
5629,284,33,66,18,401
5630,301,31,86,16,434
5631,99,18,66,18,201
5632,67,34,66,18,185
5633,65,18,66,18,167
5634,102,32,166,18,318
5635,151,33,64,18,266
5637,52,32,166,18,268
5638,66,34,66,17,183
5639,68,16,66,17,167
5640,50,16,66,17,149
5641,100,17,66,18,201
5642,100,31,86,16,233
5643,65,17,66,18,166
5644,66,31,86,16,199
5645,99,17,51,16,183
5646,50,14,86,16,166
5647,66,17,51,16,150
5648,535,33,133,16,717
5650,170,32,101,16,319
5651,1018,32,68,15,1133
5652,100,35,67,16,218
5653,65,17,51,16,149
5654,66,35,67,16,184
5655,84,32,101,16,233
5656,68,32,101,16,217
5659,101,17,65,16,199
5661,165,18,67,16,266
5663,67,16,66,17,166
5664,66,32,67,18,183
5666,99,33,102,15,249
5667,2000,17,65,18,2100
5668,168,33,66,16,283
5669,101,16,68,15,200
5671,69,16,68,15,168
5673,99,19,66,16,200
5674,1035,31,51,16,1133
5675,84,33,133,16,266
5677,52,33,133,16,234
5678,-94689,0,0,0,-94689
5679,52,33,67,14,166
5680,66,33,99,18,216
5682,100,33,66,16,215
5684,67,33,66,16,182
5686,67,32,69,14,182
5687,50,32,69,14,165
5689,51,34,101,16,202
5690,299,33,200,16,548
5691,167,16,51,16,250
5692,102,33,83,16,234
5693,51,33,99,17,200
5695,52,33,83,16,184
5697,68,16,51,16,151
5698,99,33,266,16,414
5700,83,16,266,16,381
5701,83,33,67,16,199
5702,100,33,200,16,349
5703,50,33,67,16,166
5706,165,35,66,16,282
5707,65,18,100,15,198
5708,67,32,68,15,182
5710,50,16,68,15,149
5711,101,17,66,16,200
5712,65,35,66,16,182
5715,85,32,101,16,234
5716,101,36,65,16,218
5717,99,20,65,16,200
5718,167,33,65,17,282
5721,534,15,151,17,717
5723,69,16,149,16,250
5724,65,33,65,17,180
5726,51,17,65,17,150
5727,98,16,103,15,232
5728,67,31,103,15,216
5730,65,36,67,15,183
5731,167,16,69,15,267
5733,52,31,51,16,150
5734,103,31,69,15,218
5736,67,31,69,15,182
5737,67,16,69,15,167
5739,65,19,165,17,266
5741,85,31,53,15,184
5742,100,35,66,17,218
5743,52,31,53,15,151
5744,64,35,66,17,182
5745,68,16,66,17,167
5747,51,33,99,17,200
5748,53,15,99,17,184
5749,165,17,51,17,250
5750,51,15,151,17,234
5751,99,15,66,19,199
5752,68,31,66,19,184
5753,66,15,66,19,166
5754,66,34,51,17,168
5755,66,17,51,17,151
5758,66,36,65,16,183
5759,68,17,65,16,166
5760,84,15,85,17,201
5761,52,31,85,17,185
5762,101,33,68,15,217
5763,98,17,68,15,198
5765,100,17,66,16,199
5766,67,35,66,16,184
5767,86,33,65,18,202
5769,168,16,50,17,251
5770,68,33,66,18,185
5771,83,32,68,16,199
5772,299,33,99,17,448
5773,51,32,68,16,167
5774,65,34,50,17,166
5775,68,16,50,17,151
5776,284,16,65,17,382
5777,100,17,68,16,201
5778,169,32,51,16,268
5779,66,17,68,16,167
5781,66,17,99,18,200
5782,67,34,65,18,184
5783,68,17,65,18,168
5784,68,32,51,16,167
5785,83,33,99,17,232
5786,66,33,99,17,215
5788,83,16,65,17,181
5789,165,16,103,15,299
5790,99,33,67,19,218
5791,99,15,67,19,200
5793,66,15,67,19,167
5794,65,33,103,15,216
5795,101,15,69,15,200
5796,66,34,69,15,184
5797,67,15,69,15,166
5798,67,32,52,17,168
5799,101,18,97,19,235
5803,65,17,65,19,166
5804,52,17,65,19,153
5805,101,14,136,16,267
5806,65,32,136,16,249
5807,68,14,136,16,234
5809,101,15,68,16,200
5813,99,18,166,15,298
5814,68,34,166,15,283
5815,65,18,166,15,264
5816,100,34,100,15,249
5817,52,32,82,19,185
5819,68,16,100,15,199
5820,66,32,68,15,181
5821,98,19,65,17,199
5825,85,32,219,15,351
5826,68,32,219,15,334
5827,288,30,85,16,419
5828,98,34,68,16,216
5832,53,14,68,16,151
5833,66,17,51,16,150
5834,67,35,84,15,201
5835,66,16,84,15,181
5836,52,16,84,15,167
5838,51,16,117,16,200
5840,69,30,85,16,200
5841,53,30,85,16,184
5842,52,15,85,16,168
5844,96,35,65,17,213
5847,83,31,167,18,299
5848,52,16,65,17,150
5849,51,31,167,18,267
5850,100,33,100,18,251
5852,148,19,65,16,248
5853,67,16,100,18,201
5854,51,16,100,18,185
5855,67,16,134,17,234
5856,67,35,65,16,183
5857,166,18,83,17,284
5859,150,32,51,17,250
5860,52,14,100,19,185
5862,65,34,83,17,199
5863,64,18,83,17,182
5864,68,32,51,17,168
5865,50,32,51,17,150
5866,51,15,51,17,134
5867,69,16,99,17,201
5868,83,17,66,17,183
5869,149,35,71,12,267
5870,51,17,66,17,151
5871,64,19,98,17,198
5872,67,32,66,17,182
5873,550,32,68,16,666
5874,172,29,65,17,283
5875,51,35,71,12,169
5876,283,16,66,17,382
5877,67,15,134,17,233
5880,100,31,101,16,248
5881,84,31,101,16,232
5882,69,31,101,16,217
5884,79,15,67,16,177
5885,67,15,67,16,165
5887,67,16,100,17,200
5888,67,34,66,17,184
5890,51,16,66,17,150
5892,69,31,201,16,317
5895,50,33,68,16,167
5896,99,33,100,16,248
5897,165,16,68,16,265
5898,68,33,100,16,217
5899,51,33,100,16,200
5900,51,17,100,16,184
5901,99,16,68,16,199
5902,532,34,267,15,848
5903,166,18,65,19,268
5904,65,35,151,15,266
5906,167,32,133,18,350
5908,68,34,65,19,186
5909,66,18,65,19,168
5910,100,32,133,18,283
5911,1017,33,68,16,1134
5915,69,15,67,17,168
5916,51,15,67,17,150
5917,67,17,65,18,167
5918,101,32,69,15,217
5919,66,16,66,17,165
5920,67,32,69,15,183
5921,1034,16,66,18,1134
5922,65,34,68,15,182
5923,150,32,51,17,250
5924,101,33,66,17,217
5925,66,18,116,17,217
5927,84,32,51,17,184
5928,-98853,0,0,0,-98853
5930,65,34,267,15,381
5931,301,17,67,15,400
5932,83,17,100,16,216
5934,101,33,234,15,383
5935,51,33,133,17,234
5937,100,17,83,17,217
5939,85,32,51,17,185
5941,52,32,51,17,152
5942,66,34,67,15,182
5943,66,17,67,15,165
5944,167,33,66,16,282
5945,67,17,67,15,166
5946,101,34,99,16,250
5947,51,33,67,15,166
5948,67,34,99,16,216
5949,84,33,66,16,199
5950,-99221,0,0,0,-99221
5951,52,33,66,16,167
5953,302,16,66,16,400
5954,99,33,50,16,198
5955,167,16,101,16,300
5956,66,33,50,16,165
5958,100,33,101,16,250
5960,66,33,101,16,216
5962,50,16,101,16,183
5963,50,35,66,16,167
5965,67,18,133,16,234
5966,69,32,66,16,183
5967,66,16,66,16,164
5970,65,33,68,16,182
5971,67,15,68,16,166
5972,51,15,68,16,150
5973,50,35,65,18,168
5974,68,33,66,16,183
5975,83,32,118,16,249
5977,168,16,100,18,302
5978,99,33,51,16,199
5979,299,17,133,17,466
5980,66,33,51,16,166
5981,50,33,51,16,150
5982,100,34,168,15,317
5983,167,15,102,15,299
5984,66,34,168,15,283
5988,68,32,102,15,217
5990,51,15,102,15,183
5991,66,16,68,15,165
5992,50,16,68,15,149
5995,99,17,166,17,299
5998,-100020,0,0,0,-100020
