序号,发送->接收,接收->转发,转发->接收,接收->处理,总计
2,51,33,165,19,268
3,67,32,67,16,182
4,63,17,67,16,163
5,65,36,164,19,284
7,51,17,164,19,251
8,53,31,66,19,169
9,51,16,66,19,152
11,64,33,152,17,266
12,101,16,117,17,251
13,66,35,117,17,235
14,50,35,117,17,219
16,52,32,102,15,201
17,86,17,181,17,301
20,51,33,66,16,166
21,69,33,115,17,234
22,83,33,82,17,215
23,66,33,82,17,198
24,85,32,67,18,202
25,98,33,133,17,281
26,66,16,67,18,167
27,132,34,101,14,281
30,66,17,135,14,232
31,67,34,101,14,216
33,52,16,101,14,183
35,116,19,82,15,232
36,81,36,82,15,214
39,68,33,64,18,183
40,52,33,64,18,167
41,85,16,83,16,200
42,68,16,83,16,183
43,65,32,51,16,164
44,83,35,84,17,219
45,82,17,84,17,200
46,66,17,84,17,184
47,83,16,52,17,168
48,66,16,52,17,151
49,51,16,52,17,136
50,101,17,64,19,201
52,68,17,64,19,168
53,100,33,53,15,201
55,119,16,66,18,219
56,81,35,66,18,200
57,64,35,66,18,183
58,68,16,66,18,168
59,86,15,99,19,219
61,119,17,64,17,217
64,66,17,64,17,164
66,82,33,103,15,233
67,66,33,103,15,217
68,67,14,103,15,199
70,67,17,100,17,201
71,50,17,100,17,184
73,69,34,64,19,186
74,68,18,64,19,169
75,51,18,64,19,152
76,53,31,68,16,168
77,65,33,51,16,165
78,66,16,51,16,149
80,150,35,166,17,368
81,52,16,183,18,269
83,51,16,69,16,152
86,68,17,166,17,268
87,52,17,166,17,252
89,66,33,102,17,218
90,65,16,102,17,200
91,64,36,66,17,183
92,84,32,100,16,232
94,52,32,100,16,200
95,102,34,64,17,217
97,83,17,64,17,181
100,52,32,65,17,166
101,66,32,85,16,199
102,65,16,85,16,182
103,97,34,119,16,266
106,83,34,200,17,334
107,101,32,53,16,202
108,68,16,200,17,301
109,52,16,200,17,285
110,51,32,53,16,152
111,83,17,134,17,251
112,65,17,134,17,233
115,103,31,118,16,268
117,69,31,118,16,234
118,64,17,118,16,215
119,116,16,99,17,248
120,63,18,66,18,165
121,82,16,99,17,214
123,118,16,84,16,234
127,134,33,99,19,285
128,69,14,102,16,201
129,101,33,99,19,252
130,83,33,99,19,234
131,67,33,99,19,218
132,82,34,65,19,200
133,68,34,65,19,186
135,100,32,84,17,233
136,66,17,99,17,199
137,67,32,84,17,200
138,82,33,117,18,250
140,68,14,117,18,217
141,51,14,117,18,200
142,83,34,67,15,199
143,67,34,67,15,183
144,65,17,67,15,164
146,67,16,101,17,201
151,67,34,101,15,217
152,69,15,101,15,200
153,66,32,69,15,182
154,68,15,69,15,167
156,65,16,134,18,233
157,66,35,99,18,218
158,66,18,99,18,201
159,69,32,102,16,219
161,67,35,83,16,201
162,67,18,83,16,184
163,117,17,99,16,249
164,102,17,99,16,234
165,50,17,51,16,134
166,151,33,67,16,267
167,67,32,67,16,182
169,51,16,67,16,150
170,66,17,100,16,199
171,66,33,67,16,182
172,133,17,65,19,234
173,67,33,200,17,317
175,66,34,65,19,184
176,83,32,52,16,183
177,199,34,66,16,315
181,84,16,66,17,183
182,68,16,66,17,167
183,52,16,66,17,151
185,67,34,66,16,183
186,66,16,66,16,164
189,51,17,99,18,185
190,67,15,85,15,182
191,51,15,85,15,166
192,116,33,83,17,249
193,132,35,98,18,283
194,66,16,116,17,215
196,69,15,83,17,184
198,49,35,98,18,200
199,68,31,67,18,184
201,100,33,67,17,217
203,65,33,67,17,182
204,51,33,67,17,168
205,67,35,66,16,184
206,68,17,66,16,167
207,100,34,100,17,251
208,51,32,100,17,200
209,151,16,51,16,234
210,66,17,100,17,200
211,66,33,67,17,183
212,50,33,67,17,167
214,67,16,51,16,150
216,67,17,134,15,233
220,50,33,68,15,166
221,83,17,167,16,283
223,134,34,99,17,284
224,67,18,99,17,201
225,68,33,66,17,184
226,51,33,66,17,167
228,51,34,99,17,201
229,67,32,84,16,199
231,66,34,133,18,251
232,52,34,133,18,237
234,66,17,66,17,166
235,84,16,67,18,185
237,50,16,67,18,151
239,66,34,65,18,183
241,67,32,135,15,249
242,82,33,85,17,217
243,52,14,135,15,216
245,65,35,67,15,182
246,65,17,67,15,164
247,84,17,100,17,218
249,68,34,100,16,218
251,67,34,131,17,249
254,83,34,65,17,199
255,66,34,65,17,182
256,51,34,65,17,167
257,99,32,101,16,248
258,50,33,100,17,200
260,99,17,67,16,199
263,82,18,132,18,250
264,84,33,68,14,199
265,68,33,68,14,183
267,67,33,66,18,184
269,84,17,99,16,216
270,67,17,99,16,199
271,51,17,99,16,183
272,83,35,132,17,267
274,66,17,132,17,232
277,101,34,66,14,215
278,117,32,68,16,233
280,84,32,68,16,200
281,67,32,68,16,183
282,67,16,68,16,167
283,50,16,68,16,150
284,96,20,65,19,200
285,80,20,65,19,184
289,67,32,68,16,183
290,69,16,68,16,169
293,51,15,67,17,150
294,67,17,132,19,235
295,84,17,134,16,251
296,65,17,134,16,232
297,84,17,200,16,317
298,117,32,100,18,267
299,232,35,66,16,349
301,67,32,100,18,217
302,82,35,65,18,200
303,84,16,65,18,183
306,67,17,83,17,184
309,65,35,66,16,182
310,67,17,66,16,166
311,83,17,67,16,183
312,117,34,134,16,301
313,51,17,67,16,151
314,50,33,67,17,167
315,66,34,134,16,250
318,132,17,101,17,267
319,100,33,101,17,251
320,84,33,101,17,235
321,115,19,66,17,217
322,66,17,101,17,201
324,65,19,66,17,167
325,68,32,101,17,218
326,68,16,101,17,202
327,67,34,84,15,200
328,85,34,50,15,184
329,66,34,50,15,165
331,118,15,67,16,216
333,84,15,67,16,182
334,67,15,67,16,165
335,50,15,67,16,148
337,82,17,68,15,182
339,50,17,68,15,150
343,100,33,84,17,234
344,52,32,101,16,201
345,134,34,99,16,283
346,66,16,84,17,183
347,65,34,50,17,166
348,67,17,50,17,151
350,67,17,99,16,199
351,51,17,99,16,183
354,84,32,166,17,299
355,115,18,132,17,282
358,65,18,132,17,232
360,84,32,67,17,200
362,67,16,67,17,167
365,66,33,52,14,165
366,67,16,52,14,149
367,101,32,68,17,218
369,67,32,68,17,184
372,83,34,133,18,268
373,66,34,133,18,251
374,82,34,99,18,233
375,68,34,99,18,219
376,50,34,99,18,201
377,51,17,99,18,185
378,51,32,67,18,168
381,99,35,99,16,249
382,51,32,99,18,200
385,67,33,82,17,199
386,52,33,82,17,184
390,99,17,101,16,233
393,51,17,101,16,185
394,67,17,99,18,201
397,68,33,132,18,251
398,51,33,132,18,234
401,65,34,66,18,183
402,67,16,66,18,167
403,98,34,135,16,283
404,100,16,135,16,267
405,84,16,135,16,251
406,66,16,135,16,233
407,66,33,51,17,167
409,52,15,51,17,135
410,84,33,67,16,200
412,83,34,66,16,199
413,68,34,66,16,184
415,67,33,66,16,182
416,133,17,66,17,233
417,116,17,66,17,216
418,66,17,99,17,199
419,115,18,132,16,281
420,66,17,66,17,166
421,66,34,132,16,248
422,84,32,52,14,182
424,135,14,67,18,234
425,66,33,100,18,217
427,84,14,67,18,183
429,52,14,67,18,151
430,68,15,51,17,151
431,83,17,100,17,217
433,167,45,278,32,522
434,66,17,65,17,165
435,51,17,65,17,150
437,69,31,56,34,190
438,205,15,67,17,304
439,110,11,99,17,237
442,86,18,165,17,286
444,88,33,67,17,205
445,60,33,67,17,177
446,82,34,83,17,216
447,117,16,85,16,234
448,115,33,101,16,265
450,149,18,65,18,250
451,67,33,101,16,217
453,66,34,67,16,183
456,50,18,65,18,151
457,52,33,118,15,218
460,65,18,68,15,166
461,84,51,67,30,232
462,67,51,67,30,215
463,67,35,67,30,199
464,86,15,52,30,183
467,82,20,64,17,183
468,66,20,64,17,167
469,67,30,134,19,250
470,82,34,67,16,199
471,66,34,67,16,183
472,151,33,135,16,335
473,81,16,67,19,183
474,68,16,67,19,170
475,51,16,67,19,153
476,66,17,117,18,218
477,83,17,135,16,251
478,83,19,165,17,284
479,86,47,203,16,352
480,69,47,203,16,335
482,83,36,99,32,250
483,66,36,99,32,233
484,65,18,99,32,214
485,51,18,99,32,200
486,101,50,68,16,235
488,67,50,68,16,201
490,68,17,68,16,169
492,82,36,64,18,200
493,82,19,64,18,183
494,66,19,64,18,167
495,84,33,100,32,249
497,52,33,100,32,217
499,101,30,83,19,233
500,133,48,68,15,264
502,82,18,65,19,184
503,117,16,68,15,216
504,82,33,68,15,198
506,83,36,81,19,219
508,65,19,81,19,184
509,69,16,65,19,169
511,52,50,66,17,185
514,84,32,134,33,283
515,68,32,134,33,267
516,85,17,117,33,252
517,66,17,117,33,233
518,51,17,117,33,218
519,82,17,67,33,199
523,67,33,66,17,183
524,51,33,66,17,167
525,67,33,65,17,182
526,51,33,65,17,166
527,66,33,67,33,199
528,84,17,83,17,201
529,66,17,83,17,183
531,82,18,99,17,216
532,66,18,99,17,200
533,67,33,167,32,299
534,50,33,167,32,282
536,85,16,67,32,200
538,52,16,67,32,167
539,66,34,67,32,199
541,66,17,132,18,233
542,99,18,82,18,217
544,116,34,66,18,234
545,67,32,68,32,199
546,82,34,66,18,200
548,100,18,99,16,233
552,83,18,149,17,267
553,101,32,100,17,250
554,101,16,100,17,234
555,67,32,100,17,216
556,52,32,100,17,201
558,65,19,82,16,182
559,67,17,148,18,250
560,51,17,148,18,234
563,82,16,218,33,349
565,100,33,67,17,217
566,83,33,67,17,200
567,67,33,67,17,184
568,83,18,133,33,267
569,85,49,134,17,285
570,84,33,134,17,268
571,51,49,134,17,251
574,66,16,51,33,166
575,66,35,150,16,267
576,66,18,150,16,250
577,68,16,182,18,284
578,51,16,182,18,267
579,51,33,66,18,168
581,49,34,115,18,216
582,67,50,83,16,216
583,83,18,83,16,200
584,117,32,267,16,432
587,117,16,84,17,234
588,51,32,267,16,366
589,83,16,84,17,200
590,66,16,84,17,183
591,66,34,67,17,184
594,67,33,66,17,183
595,84,34,131,18,267
596,101,49,82,18,250
597,84,49,82,18,233
598,67,49,82,18,216
599,51,49,82,18,200
600,66,17,82,18,183
601,99,33,101,17,250
603,67,33,101,17,218
604,99,18,67,17,201
605,316,18,133,32,499
606,66,18,67,17,168
607,67,33,68,33,201
608,84,34,67,17,202
609,168,17,83,32,300
610,85,17,283,32,417
612,51,17,283,32,383
613,101,17,83,32,233
614,67,18,82,18,185
615,84,33,50,32,199
616,50,17,83,32,182
619,82,18,133,32,265
620,65,18,133,32,248
622,165,18,66,17,266
624,50,35,66,32,183
626,800,17,84,16,917
627,51,50,66,17,184
628,84,32,67,17,200
630,50,32,67,17,166
631,165,18,83,16,282
632,50,34,99,18,201
633,66,33,84,17,200
636,66,16,51,17,150
638,100,17,84,17,218
639,535,16,66,17,634
640,84,17,182,17,300
641,51,17,84,17,169
642,99,18,66,17,200
643,68,34,66,17,185
645,67,17,66,33,183
646,84,32,83,16,215
647,166,33,67,16,282
649,66,17,184,32,299
650,66,49,67,17,199
653,66,33,67,16,182
655,1617,50,266,17,1950
656,100,16,67,17,200
658,99,19,82,18,218
660,167,18,82,17,284
661,68,32,100,16,216
662,51,32,100,16,199
666,66,18,82,17,183
667,68,16,66,17,167
668,51,16,66,17,150
669,66,33,84,16,199
672,66,17,66,17,166
674,51,33,99,17,200
676,67,16,66,17,166
677,66,34,67,17,184
678,150,17,66,16,249
679,67,32,102,32,233
680,66,16,102,32,216
684,101,49,118,32,300
686,68,49,118,32,267
687,67,32,118,32,249
688,66,16,118,32,232
690,299,18,117,31,465
691,84,49,66,17,216
692,532,18,84,32,666
693,167,34,133,16,350
694,100,49,101,32,282
695,68,17,66,17,168
698,67,17,101,32,217
699,66,34,133,16,249
700,66,17,133,16,232
701,50,17,133,16,216
702,51,32,67,17,167
703,167,32,68,17,284
705,99,34,166,16,315
707,67,34,166,16,283
708,67,17,166,16,266
709,66,32,68,17,183
710,66,16,68,17,167
714,166,18,84,32,300
717,165,18,266,18,467
718,68,16,201,34,319
719,66,34,84,32,216
720,65,18,84,32,199
721,68,32,52,32,184
722,50,32,52,32,166
723,84,34,83,34,235
724,68,34,83,34,219
725,167,34,81,17,299
726,100,17,99,19,235
728,151,31,185,16,383
729,167,19,117,16,319
730,65,18,115,17,215
731,67,34,81,17,199
732,166,17,102,32,317
734,102,48,102,32,284
735,84,48,102,32,266
737,50,48,102,32,232
738,67,17,102,32,218
739,67,35,83,16,201
741,301,33,100,16,450
742,52,17,66,16,151
743,1035,32,67,16,1150
744,85,32,134,16,267
745,67,32,134,16,249
746,50,32,134,16,232
747,65,17,117,16,215
748,66,50,266,17,399
749,82,17,266,17,382
751,50,17,266,17,350
753,65,35,100,15,215
754,84,33,100,16,233
755,167,33,101,17,318
757,286,32,65,18,401
758,167,17,166,16,366
759,66,34,151,32,283
760,84,33,101,17,235
761,67,33,101,17,218
762,51,33,101,17,202
764,83,33,52,32,200
766,51,33,52,32,168
768,67,18,200,16,301
769,68,17,81,16,182
770,69,32,65,18,184
771,52,32,65,18,167
772,67,49,66,19,201
774,81,34,68,16,199
776,115,19,117,31,282
777,66,32,136,31,265
778,82,19,117,31,249
779,85,33,84,31,233
780,69,33,84,31,217
783,52,49,66,18,185
784,82,35,99,17,233
785,65,35,99,17,216
786,84,31,68,17,200
787,69,31,68,17,185
788,51,31,68,17,167
789,66,34,51,17,168
790,101,50,50,16,217
791,65,18,83,17,183
793,52,50,50,16,168
794,117,17,66,16,216
795,101,17,66,16,200
796,83,17,66,16,182
797,549,18,66,18,651
798,67,33,150,33,283
800,101,16,67,16,200
801,67,32,67,16,182
803,99,34,67,33,233
804,82,34,67,33,216
805,99,34,66,17,216
806,150,33,83,17,283
808,84,33,184,33,334
809,68,33,184,33,318
810,166,17,65,19,267
812,84,17,115,19,235
814,50,17,115,19,201
816,100,17,84,17,218
817,67,33,84,17,201
818,66,17,84,17,184
819,66,32,119,32,249
820,67,15,119,32,233
822,101,50,66,18,235
823,51,33,67,32,183
825,52,50,66,18,186
826,65,18,66,18,167
827,300,34,68,16,418
828,67,49,83,18,217
830,67,17,83,18,185
831,66,18,65,18,167
832,150,16,83,17,266
833,68,31,51,17,167
836,65,18,219,31,333
837,66,16,83,17,182
839,51,49,51,16,167
840,51,32,51,16,150
843,66,33,118,32,249
844,51,33,118,32,234
845,85,33,67,32,217
847,51,33,67,32,183
848,67,36,63,17,183
850,69,31,82,18,200
851,52,31,82,18,183
852,67,49,101,17,234
854,63,17,101,17,198
855,99,18,67,31,215
858,68,33,65,17,183
859,84,34,266,32,416
860,919,31,67,17,1034
861,85,48,83,18,234
862,300,33,66,16,415
863,52,48,83,18,201
864,65,17,83,18,183
866,66,50,66,17,199
867,1167,33,83,17,1300
868,100,18,101,16,235
870,65,18,101,16,200
871,68,33,84,32,217
872,167,50,82,18,317
873,83,34,99,16,232
875,101,16,66,16,199
876,102,50,82,18,252
877,84,50,82,18,234
879,51,50,82,18,201
881,98,18,133,17,266
883,67,18,133,17,235
885,82,18,83,17,200
887,68,33,67,33,201
888,83,17,99,17,216
889,67,17,99,17,200
891,83,50,84,32,249
893,100,33,51,32,216
894,65,18,84,32,199
897,99,18,65,17,199
898,51,33,167,16,267
902,299,18,51,31,399
903,67,33,201,17,318
904,516,33,234,32,815
905,66,34,69,31,200
906,153,31,67,17,268
908,84,36,80,18,218
913,67,17,67,34,185
914,301,16,117,16,450
915,80,18,51,31,180
916,67,18,51,31,167
917,67,17,115,19,218
921,51,48,200,17,316
922,65,17,200,17,299
923,100,19,82,33,234
925,67,19,82,33,201
926,69,48,117,16,250
927,52,48,117,16,233
928,67,16,117,16,216
929,101,33,234,32,400
930,82,33,234,32,381
931,101,33,83,17,234
932,83,33,83,17,216
935,66,33,50,17,166
936,550,18,182,16,766
939,67,33,101,32,233
940,166,18,66,17,267
942,85,31,194,25,335
944,100,18,66,17,201
945,66,35,66,17,184
946,100,16,101,26,243
948,300,17,116,18,451
949,301,33,67,16,417
950,50,34,118,16,218
951,549,18,66,16,649
954,165,18,84,16,283
955,67,26,90,17,200
956,299,18,99,16,432
957,59,25,133,16,233
958,67,49,84,16,216
960,56,18,84,16,174
962,82,33,67,16,198
963,299,33,51,17,400
964,51,33,67,16,167
965,66,18,182,16,282
966,1033,18,83,16,1150
967,100,34,99,16,249
968,51,17,70,13,151
969,168,32,134,16,350
970,65,18,99,16,198
971,67,20,79,16,182
973,54,47,116,17,234
974,51,34,116,17,218
978,65,17,51,17,150
980,66,18,66,16,166
983,51,34,66,17,168
984,100,16,52,17,185
986,166,17,52,33,268
989,84,49,52,33,218
990,100,17,52,33,202
991,101,17,183,17,318
992,100,35,64,17,216
993,66,17,183,17,283
994,83,18,64,17,182
995,66,18,64,17,165
996,51,18,64,17,150
999,166,17,133,16,332
1001,100,34,66,17,217
1002,65,16,100,17,198
1003,101,17,133,16,267
1005,67,17,133,16,233
1006,300,17,150,16,483
1007,51,49,84,16,200
1008,100,17,66,19,202
1010,66,17,66,19,168
1012,50,17,68,31,166
1013,100,19,65,17,201
1014,67,16,68,33,184
1015,85,49,82,18,234
1016,99,18,82,18,217
1017,101,33,150,16,300
1018,66,18,82,18,184
1019,68,33,150,16,267
1020,65,17,150,16,248
1022,68,50,83,16,217
1023,82,18,83,16,199
1024,883,34,84,33,1034
1025,99,34,83,20,236
1026,149,33,51,18,251
1027,66,34,83,20,203
1028,84,33,70,14,201
1029,66,33,70,14,183
1030,68,16,70,14,168
1031,100,37,81,16,234
1032,120,14,67,16,217
1033,184,16,168,17,385
1034,167,16,168,17,368
1035,167,17,66,17,267
1036,85,16,183,34,318
1037,168,32,68,34,302
1038,52,16,183,34,285
1039,163,34,68,17,282
1040,100,49,68,34,251
1041,549,49,66,19,683
1042,115,34,68,17,234
1043,67,32,68,34,201
1046,66,17,68,17,168
1048,99,19,66,33,217
1049,68,34,66,33,201
1051,68,17,65,17,167
1052,100,18,134,16,268
1053,51,49,134,16,250
1054,67,18,134,16,235
1055,66,33,83,18,200
1056,65,17,83,18,183
1057,101,33,51,32,217
1061,101,16,100,17,234
1062,67,18,65,19,169
1064,168,49,66,19,302
1066,183,34,84,33,334
1068,100,49,66,19,234
1069,52,32,66,17,167
1070,68,49,66,19,202
1071,51,49,66,19,185
1072,166,33,115,17,331
1074,66,17,84,33,200
1075,66,17,100,17,200
1076,67,34,66,17,184
1078,68,33,115,17,233
1079,51,33,115,17,216
1080,67,33,82,17,199
1082,66,50,84,31,231
1083,51,50,84,31,216
1084,115,33,85,17,250
1085,152,49,134,32,367
1086,833,50,83,17,983
1087,65,33,85,17,200
1088,67,16,85,17,185
1090,68,49,134,32,283
1094,83,32,68,32,215
1095,169,32,51,17,269
1096,52,32,68,32,184
1098,67,50,83,17,217
1101,68,32,51,17,168
1102,66,16,51,17,150
1103,299,18,84,17,418
1104,102,33,65,19,219
1105,67,16,165,17,265
1106,100,50,99,18,267
1107,285,50,83,16,434
1108,150,17,115,17,299
1109,99,34,83,17,233
1110,165,17,67,17,266
1113,85,48,67,17,217
1114,152,17,50,17,236
1115,99,18,84,17,218
1116,102,34,50,17,203
1117,83,34,50,17,184
1119,50,34,50,17,151
1120,101,18,83,16,218
1121,168,17,199,17,401
1122,84,17,66,16,183
1123,150,48,68,17,283
1124,50,17,66,16,149
1125,101,17,199,17,334
1126,167,50,83,17,317
1128,66,48,68,17,199
1129,51,48,68,17,184
1130,64,17,68,17,166
1133,299,33,167,17,516
1134,55,30,83,17,185
1135,68,33,84,34,219
1137,96,34,67,32,229
1139,100,17,166,16,299
1140,83,17,166,16,282
1142,51,17,166,16,250
1143,166,35,132,17,350
1144,68,48,68,16,200
1145,51,48,68,16,183
1146,66,16,68,16,166
1147,150,16,69,31,266
1154,50,34,66,17,167
1157,69,31,150,19,269
1158,83,33,52,16,184
1159,66,33,52,16,167
1160,183,36,264,18,501
1161,64,18,82,17,181
1164,68,48,119,33,268
1168,167,33,66,16,282
1171,53,32,67,16,168
1173,65,18,66,16,165
1176,67,49,99,18,233
1177,51,49,99,18,217
1178,66,16,99,18,199
1179,66,33,84,32,215
1180,66,16,84,32,198
1182,165,18,266,18,467
1183,66,33,84,16,199
1185,66,18,116,18,218
1187,101,32,52,33,218
1189,735,33,66,17,851
1191,66,34,68,19,187
1192,102,33,65,17,217
1193,66,18,133,16,233
1195,52,33,65,17,167
1196,68,36,64,16,184
1197,151,16,51,32,250
1198,69,46,67,18,200
1199,100,34,51,32,217
1201,65,34,51,32,182
1202,113,18,83,17,231
1203,53,16,51,32,152
1204,51,33,50,16,150
1205,67,18,83,17,185
1206,67,48,52,16,183
1208,66,16,52,16,150
1209,50,16,52,16,134
1210,100,49,67,16,232
1211,85,49,67,16,217
1213,152,48,102,33,335
1216,66,17,84,31,198
1217,67,17,67,31,182
1218,50,17,67,31,165
1219,51,48,102,33,234
1220,299,17,84,17,417
1221,65,19,83,33,200
1223,51,50,99,15,215
1224,66,19,99,15,199
1225,69,33,66,15,183
1226,164,18,66,17,265
1228,85,33,66,17,201
1229,66,33,66,17,182
1230,535,48,68,18,669
1231,66,33,66,17,182
1232,66,18,66,17,167
1233,66,33,84,17,200
1235,99,33,118,15,265
1236,101,16,118,15,250
1239,66,18,100,15,199
1240,67,34,66,15,182
1242,167,17,84,32,300
1243,102,31,68,17,218
1244,67,17,198,19,301
1245,2000,32,67,17,2116
1246,66,15,68,17,166
1247,167,18,67,31,283
1249,82,17,118,31,248
1250,50,33,118,31,232
1251,101,18,67,31,217
1252,67,16,66,19,168
1253,66,18,67,31,182
1257,85,48,68,18,219
1258,67,48,68,18,201
1259,51,48,68,18,185
1260,66,17,68,18,169
1263,101,18,64,18,201
1264,67,18,66,16,167
1265,68,18,64,18,168
1266,69,48,201,17,335
1267,53,48,201,17,319
1268,67,17,201,17,302
1269,66,34,100,17,217
1270,82,32,100,17,231
1273,66,35,82,18,201
1274,85,33,150,32,300
1277,68,17,50,17,152
1278,51,17,50,17,135
1281,67,17,66,32,182
1283,52,48,84,18,202
1284,51,32,84,18,185
1285,65,18,66,18,167
1286,66,48,68,17,199
1287,150,48,102,16,316
1288,301,16,68,34,419
1289,66,36,64,17,183
1293,302,34,98,17,451
1297,66,33,169,33,301
1298,66,16,169,33,284
1299,167,18,116,17,318
1300,69,48,68,34,219
1301,52,48,68,34,202
1302,67,16,68,34,185
1303,67,33,235,16,351
1304,150,33,165,17,365
1306,67,51,98,17,233
1307,68,34,98,17,217
1309,69,33,165,17,284
1310,51,33,165,17,266
1311,67,32,167,16,282
1316,50,33,67,17,167
1317,101,32,85,33,251
1318,166,17,101,32,316
1319,100,34,51,33,218
1322,100,17,101,32,250
1323,299,34,84,31,448
1325,67,18,83,32,200
1327,166,34,100,17,317
1328,101,49,134,17,301
1330,66,49,134,17,266
1331,67,32,134,17,250
1332,66,16,134,17,233
1335,66,33,67,17,183
1336,83,34,84,31,232
1337,67,34,84,31,216
1338,168,49,133,17,367
1339,67,33,201,32,333
1340,83,34,167,32,316
1341,300,35,82,16,433
1343,67,17,82,17,183
1344,68,49,133,17,267
1346,65,18,133,17,233
1347,99,33,67,17,216
1348,165,17,68,16,266
1349,66,33,67,17,183
1350,101,18,83,17,219
1352,100,17,68,16,201
1354,283,34,65,19,401
1355,67,35,82,16,200
1356,50,35,82,16,183
1357,548,16,103,31,698
1359,101,32,67,17,217
1360,67,49,67,17,200
1361,66,32,67,17,182
1362,66,16,67,17,166
1364,100,16,99,19,234
1366,67,16,99,19,201
1367,166,19,65,17,267
1368,50,34,65,19,168
1369,85,48,168,16,317
1371,99,19,65,17,200
1373,65,19,65,17,166
1374,67,49,66,17,199
1375,50,49,66,17,182
1376,101,17,116,16,250
1378,82,33,99,18,232
1379,168,31,103,31,333
1380,286,31,69,32,418
1381,165,35,99,17,316
1382,84,34,82,17,217
1384,50,34,82,17,183
1385,68,31,103,31,233
1386,100,17,99,17,233
1388,152,31,69,32,284
1389,99,18,65,17,199
1391,68,18,65,17,168
1392,550,18,66,33,667
1393,99,34,267,17,417
1394,67,16,69,32,184
1395,66,34,267,17,384
1396,99,18,116,16,249
1397,65,35,116,16,232
1398,85,32,217,17,351
1399,551,17,84,16,668
1400,301,49,101,16,467
1402,50,34,66,17,167
1403,66,17,66,17,166
1405,84,16,66,18,184
1407,66,34,132,17,249
1408,83,32,117,17,249
1409,67,32,117,17,233
1410,50,32,117,17,216
1411,50,16,117,17,200
1412,67,33,134,32,266
1413,66,17,134,32,249
1414,116,34,67,16,233
1415,51,49,101,16,217
1416,99,17,67,16,199
1418,66,17,67,16,166
1419,66,33,84,33,216
1421,67,18,66,33,184
1422,68,49,67,16,200
1423,51,49,67,16,183
1424,167,16,101,16,300
1428,168,33,100,17,318
1429,67,32,101,16,216
1430,99,17,67,16,199
1431,151,49,84,33,317
1432,166,17,84,33,300
1433,300,34,66,15,415
1434,84,17,100,17,218
1436,51,17,100,17,185
1438,99,16,84,17,216
1440,100,33,84,32,249
1441,50,16,84,17,167
1442,68,33,84,32,217
1443,285,48,118,17,468
1444,299,17,118,17,451
1446,66,17,66,16,165
1447,66,34,66,15,181
1448,538,33,67,17,655
1449,99,34,99,17,249
1451,66,34,99,17,216
1453,100,17,65,18,200
1454,101,48,118,17,284
1455,68,17,65,18,168
1456,100,17,118,17,252
1457,151,50,83,22,306
1460,83,17,66,17,183
1461,68,17,66,17,168
1462,101,18,83,22,224
1464,67,18,83,22,190
1465,67,16,121,17,221
1469,65,18,204,17,304
1471,89,32,133,17,271
1475,166,16,66,17,265
1477,100,17,133,16,266
1478,299,35,67,16,417
1480,67,33,66,17,183
1481,84,34,66,16,200
1482,51,16,66,17,150
1483,166,17,167,16,366
1484,149,17,167,16,349
1487,164,20,67,16,267
1488,82,17,167,16,282
1489,66,17,167,16,266
1490,100,35,67,16,218
1491,850,33,84,17,984
1492,168,32,100,18,318
1493,65,20,67,16,168
1494,167,35,65,18,285
1495,84,34,99,18,235
1496,68,34,99,18,219
1497,53,34,99,18,204
1499,149,33,100,16,298
1500,849,18,233,17,1117
1501,100,16,84,16,216
1502,67,32,84,16,199
1503,67,16,84,16,183
1505,167,17,118,15,317
1507,67,17,65,16,165
1508,166,34,51,15,266
1509,98,17,118,15,248
1512,98,34,51,15,198
1513,65,17,68,17,167
1514,66,34,51,15,166
1515,167,17,67,16,267
1516,67,34,66,19,186
1518,51,17,66,19,153
1520,100,34,66,17,217
1521,66,17,67,16,166
1523,549,37,63,17,666
1524,101,33,100,17,251
1525,167,17,67,17,268
1526,100,34,100,17,251
1528,66,34,100,17,217
1529,99,17,67,17,200
1531,67,17,67,17,168
1533,67,16,99,17,199
1534,50,16,99,17,182
1535,101,15,134,16,266
1536,99,33,84,17,233
1538,66,33,84,17,200
1540,65,35,232,17,349
1542,68,33,67,15,183
1543,51,33,67,15,166
1544,68,33,66,18,185
1545,67,17,66,18,168
1546,66,34,233,17,350
1548,67,32,71,10,180
1549,51,32,71,10,164
1550,66,34,66,17,183
1552,900,33,66,16,1015
1553,51,37,63,17,168
1554,100,34,134,16,284
1556,100,34,67,15,216
1557,84,34,67,15,200
1558,63,34,67,15,179
1560,101,34,66,17,218
1561,51,33,67,16,167
1563,84,33,67,16,200
1564,100,33,100,17,250
1565,50,33,67,16,166
1566,67,33,100,17,217
1568,298,34,51,16,399
1569,51,34,83,15,183
1570,150,15,68,16,249
1571,67,16,51,15,149
1572,66,34,67,16,183
1573,83,32,68,16,199
1576,51,15,68,16,150
1579,66,17,66,16,165
1582,65,34,51,16,166
1583,99,18,66,16,199
1585,66,18,66,16,166
1586,85,16,66,16,183
1590,99,33,69,15,216
1591,98,17,69,15,199
1592,66,33,69,15,183
1593,65,17,69,15,166
1596,52,14,135,18,219
1597,86,32,67,18,203
1600,68,34,65,17,184
1601,65,18,65,17,165
1603,68,16,66,16,166
1604,51,16,66,16,149
1606,65,34,200,17,316
1607,65,17,200,17,299
1608,100,34,65,17,216
1609,98,18,65,17,198
1611,534,17,83,16,650
1613,52,31,235,16,334
1615,100,17,99,17,233
1616,65,34,99,17,215
1617,65,17,99,17,198
1618,51,17,99,17,184
1619,100,17,66,16,199
1621,283,33,134,17,467
1623,151,33,99,19,302
1624,66,34,100,18,218
1625,99,18,66,18,201
1626,82,18,66,18,184
1629,84,33,85,18,220
1630,100,33,101,16,250
1632,66,33,101,16,216
1633,153,31,83,16,283
1634,99,37,165,17,318
1635,166,16,51,16,249
1636,66,37,165,17,285
1637,85,31,83,16,215
1639,53,31,83,16,183
1640,51,17,83,16,167
1641,65,16,51,16,148
1642,97,33,69,14,213
1643,67,16,85,17,185
1644,66,33,69,14,182
1645,768,15,68,17,868
1647,784,33,116,16,949
1648,68,34,81,17,200
1649,68,17,81,17,183
1653,166,16,66,17,265
1654,65,33,51,16,165
1655,67,17,51,16,151
1657,65,17,100,17,199
1658,66,34,66,17,183
1659,68,16,66,17,167
1660,51,16,66,17,150
1661,51,33,67,18,169
1662,51,16,67,18,152
1664,151,17,164,22,354
1665,66,17,68,16,167
1667,166,16,51,17,250
1668,52,15,51,17,135
1669,168,16,87,10,281
1670,51,17,164,22,254
1672,51,17,66,16,150
1674,64,35,87,10,196
1675,67,16,87,10,180
1677,168,16,134,17,335
1678,51,17,100,16,184
1679,65,16,68,16,165
1681,71,10,236,16,333
1683,68,16,134,17,235
1684,84,18,82,18,202
1685,62,18,82,18,180
1686,52,18,82,18,170
1689,67,18,149,16,250
1690,67,33,116,16,232
1692,68,34,82,16,200
1695,300,19,99,17,435
1696,98,34,101,16,249
1697,99,16,101,16,232
1698,64,34,101,16,215
1700,167,33,82,20,302
1701,901,16,100,17,1034
1702,168,35,99,17,319
1703,166,19,99,17,301
1704,51,17,66,16,150
1705,152,33,98,18,301
1707,165,20,64,18,267
1708,66,35,99,17,217
1709,152,32,84,16,284
1710,68,33,98,18,217
1711,151,32,167,16,366
1712,301,32,101,16,450
1713,86,32,84,16,218
1714,298,35,66,16,415
1715,53,32,84,16,185
1716,66,32,167,16,281
1717,52,32,167,16,267
1718,64,35,66,17,182
1719,168,17,67,16,268
1720,549,17,133,17,716
1721,67,16,67,15,165
1722,101,34,67,16,218
1724,167,32,67,16,282
1726,299,32,68,16,415
1727,168,17,65,17,267
1728,66,35,66,16,183
1731,52,32,67,16,167
1732,166,34,51,16,267
1734,165,32,68,16,281
1737,167,16,100,17,300
1738,65,34,51,16,166
1739,99,16,68,16,199
1740,66,32,68,16,182
1741,299,17,51,16,383
1742,66,35,100,17,218
1743,167,17,133,17,334
1745,168,16,100,17,301
1746,152,16,100,17,285
1747,65,17,51,16,149
1748,66,34,133,17,250
1749,66,17,133,17,233
1751,917,35,133,16,1101
1753,50,33,84,16,183
1754,99,34,66,18,217
1755,316,34,65,17,432
1756,66,34,66,18,184
1757,65,18,66,18,167
1758,67,33,51,15,166
1759,101,16,69,16,202
1760,51,16,51,15,133
1763,101,17,65,16,199
1764,51,15,52,16,134
1765,68,17,65,16,166
1766,52,17,65,16,150
1767,51,32,67,15,165
1768,101,34,65,17,217
1769,98,18,65,17,198
1770,99,32,102,16,249
1772,300,33,100,17,450
1774,66,33,69,16,184
1775,67,16,69,16,168
1777,67,17,99,17,200
1778,67,35,64,17,183
1779,551,33,166,16,766
1781,52,32,83,17,184
1782,67,32,84,17,200
1783,51,32,84,17,184
1785,65,18,99,17,199
1786,83,17,100,17,217
1787,84,33,100,19,236
1789,100,17,86,16,219
1791,66,17,86,16,185
1793,84,33,100,18,235
1794,67,33,100,18,218
1795,167,17,67,17,268
1797,85,32,100,17,234
1798,52,16,83,17,168
1799,51,32,100,17,200
1800,67,33,67,17,184
1801,165,17,99,18,299
1802,83,17,133,16,249
1803,50,35,133,16,234
1806,551,16,67,16,650
1807,100,16,166,16,298
1808,66,33,166,16,281
1810,51,16,166,16,249
1811,67,17,67,17,168
1812,966,34,66,17,1083
1813,100,17,65,16,198
1814,66,35,65,16,182
1817,51,32,49,19,151
1818,151,17,67,16,251
1819,98,19,100,16,233
1823,301,16,134,18,469
1825,52,33,100,16,201
1826,100,33,99,17,249
1828,67,33,99,17,216
1829,100,17,133,16,266
1830,166,33,134,18,351
1832,299,33,85,14,431
1833,66,17,66,17,166
1834,149,17,67,16,249
1835,150,34,66,18,268
1838,83,17,67,16,183
1839,66,17,67,16,166
1840,83,18,66,18,185
1842,101,33,101,17,252
1843,183,35,84,14,316
1844,67,33,101,17,218
1847,67,15,85,14,181
1848,99,35,84,14,232
1850,66,35,84,14,199
1851,83,31,53,14,181
1852,68,31,53,14,166
1854,52,14,53,14,133
1855,49,34,235,16,334
1856,84,14,68,16,182
1857,165,16,68,17,266
1858,53,14,68,16,151
1859,65,16,168,16,265
1860,550,17,68,15,650
1861,548,33,66,19,666
1862,100,34,68,16,218
1863,66,16,68,17,167
1864,66,34,68,16,184
1865,151,32,51,17,251
1866,100,34,65,18,217
1867,167,16,119,15,317
1868,102,32,51,17,202
1869,67,17,65,18,167
1870,151,17,66,18,252
1872,99,35,66,18,218
1873,66,16,119,15,216
1875,67,17,66,18,168
1876,85,16,99,18,218
1878,52,16,99,18,185
1879,67,16,66,18,167
1880,66,33,100,16,215
1881,99,16,100,18,233
1882,99,35,65,18,217
1883,66,16,100,18,200
1884,84,17,65,18,184
1885,66,17,65,18,166
1886,84,16,51,15,166
1887,1234,16,83,16,1349
1888,51,16,51,15,133
1889,65,17,68,15,165
1890,65,33,66,19,183
1891,67,15,66,19,167
1892,101,31,102,16,250
1893,50,35,66,16,167
1894,83,16,102,16,217
1895,65,16,102,16,199
1896,50,16,102,16,184
1897,99,18,49,17,183
1899,102,16,66,17,201
1900,69,33,66,17,185
1901,83,33,66,18,200
1902,166,35,66,17,284
1904,49,17,66,18,150
1905,66,16,101,16,199
1906,66,33,68,16,183
1907,67,16,68,16,167
1908,66,35,66,17,184
1909,67,17,66,17,167
1911,51,33,50,14,148
1912,51,17,50,14,132
1913,298,17,67,18,400
1914,83,14,137,14,248
1915,166,16,67,16,265
1917,67,16,66,16,165
1918,66,32,70,14,182
1919,99,16,67,16,198
1923,84,31,167,16,298
1924,101,33,67,18,219
1926,67,33,67,18,185
1927,169,17,98,18,302
1928,64,34,100,16,214
1930,53,14,100,16,183
1932,67,35,98,18,218
1933,65,17,98,18,198
1934,100,33,101,16,250
1936,67,33,101,16,217
1938,65,33,119,15,232
1940,66,35,66,18,185
1944,68,33,84,17,202
1945,66,17,84,17,184
1946,167,31,52,16,266
1948,100,34,67,16,217
1949,50,34,51,14,149
1951,66,17,67,16,166
1955,84,32,83,16,215
1957,165,16,102,16,299
1958,102,32,69,15,218
1959,300,19,116,17,452
1960,98,33,102,16,249
1961,66,16,69,15,166
1962,99,36,133,16,284
1964,65,36,133,16,250
1965,68,17,133,16,234
1967,67,17,67,15,166
1969,922,32,66,18,1038
1970,99,34,116,17,266
1971,99,19,116,17,251
1972,101,33,200,17,351
1974,167,33,100,17,317
1975,67,17,200,17,301
1976,50,17,200,17,284
1978,65,35,66,15,181
1980,67,33,100,17,217
1981,50,33,100,17,200
1982,168,40,64,16,288
1985,84,33,71,16,204
1986,67,33,71,16,187
1987,52,33,71,16,172
1988,67,40,64,16,187
1989,92,31,99,16,238
1990,50,23,64,16,153
1991,88,33,66,16,203
1992,104,33,67,16,220
1993,54,33,66,16,169
1994,64,33,67,16,180
1997,168,17,81,18,284
1999,152,32,67,16,267
2000,300,35,67,13,415
2001,65,17,50,17,149
2002,67,35,81,18,201
2003,69,17,81,18,185
2004,300,35,149,15,499
2005,84,35,98,16,233
2006,102,32,82,19,235
2007,98,18,82,19,217
2008,67,32,82,19,200
2009,66,18,82,19,185
2010,99,34,83,19,235
2011,550,34,98,17,699
2013,67,17,83,19,186
2014,66,35,67,13,181
2015,66,19,67,13,165
2016,168,33,99,18,318
2018,102,32,66,18,218
2025,169,16,67,17,269
2026,66,34,99,17,216
2027,67,16,99,17,199
2028,67,32,101,17,217
2029,101,16,67,17,201
2030,51,15,101,17,184
2031,66,16,67,17,166
2033,299,16,67,17,399
2034,535,32,67,18,652
2035,83,33,51,17,184
2036,300,33,102,15,450
2037,51,33,51,17,152
2039,101,17,98,17,233
2040,67,34,98,17,216
2043,166,17,100,16,299
2045,66,17,99,17,199
2046,98,34,100,16,248
2047,98,17,100,16,231
2049,99,17,102,15,233
2050,66,33,102,15,216
2052,551,16,51,17,635
2053,100,17,67,17,201
2054,167,34,66,16,283
2055,67,17,67,17,168
2056,102,32,100,16,250
2058,100,34,66,16,216
2059,101,17,66,16,200
2060,101,32,67,18,218
2061,68,17,66,16,167
2062,66,32,67,18,183
2063,51,32,67,18,168
2064,66,34,67,17,184
2067,66,17,100,16,199
2068,67,34,100,17,218
2069,164,18,66,17,265
2070,1450,16,334,17,1817
2071,51,33,67,17,168
2072,51,16,67,17,151
2073,65,17,100,17,199
2074,66,34,66,17,183
2075,166,16,51,17,250
2078,67,33,66,18,184
2080,99,33,101,16,249
2081,66,16,51,17,150
2082,99,35,66,16,216
2083,100,17,66,16,199
2084,84,17,66,16,183
2085,166,17,217,16,416
2086,51,17,66,16,150
2087,52,33,66,17,168
2088,68,33,101,16,218
2090,66,33,217,16,332
2092,66,35,182,16,299
2093,85,33,66,17,201
2094,101,32,183,17,333
2095,52,33,66,17,168
2096,100,34,99,17,250
2097,150,33,83,17,283
2098,65,34,99,17,215
2100,298,35,66,16,415
2102,51,16,101,15,183
2103,101,16,50,17,184
2104,299,34,68,15,416
2105,149,34,83,16,282
2106,66,35,149,16,266
2107,67,18,149,16,250
2108,83,17,117,16,233
2111,84,32,67,17,200
2112,66,32,67,17,182
2113,51,32,67,17,167
2114,66,35,66,16,183
2115,299,18,133,17,467
2116,83,16,67,16,182
2117,67,16,67,16,166
2119,151,32,67,17,267
2121,66,17,151,16,250
2122,102,32,67,17,218
2123,301,16,134,16,467
2124,68,32,67,17,184
2125,151,33,100,17,301
2127,51,33,100,16,200
2128,65,34,133,17,249
2130,67,33,100,17,217
2131,1000,18,99,16,1133
2132,51,16,100,17,184
2133,301,16,100,17,434
2134,99,34,134,16,283
2135,65,17,51,17,150
2137,67,16,134,16,233
2138,67,34,66,17,184
2139,101,17,67,16,201
2140,51,17,66,17,151
2141,100,16,66,18,200
2144,50,16,66,18,150
2145,100,16,100,17,233
2146,99,35,65,17,216
2148,101,33,165,17,316
2149,1032,21,63,16,1132
2151,68,16,165,17,266
2152,52,16,165,17,250
2154,100,33,116,16,265
2155,83,33,116,16,248
2156,83,17,116,16,232
2157,51,33,116,16,216
2160,165,35,66,15,281
2161,66,16,67,17,166
2162,65,35,67,15,182
2163,2000,17,99,18,2134
2164,67,32,68,16,183
2165,83,35,66,15,199
2166,102,33,66,17,218
2167,85,33,66,17,201
2169,51,33,66,17,167
2170,68,33,50,17,168
2171,67,17,50,17,151
2172,166,32,234,16,448
2173,51,33,118,17,219
2176,50,17,65,19,151
2177,52,33,133,16,234
2178,7355,16,68,15,7454
2179,66,16,234,16,332
2180,84,17,131,18,250
2181,52,36,131,18,237
2182,82,17,118,16,233
2183,52,31,118,16,217
2184,67,34,84,16,201
2185,148,34,66,17,265
2186,99,32,100,17,248
2187,67,18,99,16,200
2188,68,32,100,17,217
2190,66,34,66,17,183
2191,84,33,50,17,184
2192,50,16,66,17,149
2193,150,33,50,17,250
2194,100,34,67,16,217
2195,549,33,233,18,833
2197,84,33,50,17,184
2198,100,34,66,16,216
2199,51,33,50,17,151
2200,84,17,66,16,183
2202,170,30,67,16,283
2203,50,33,266,17,366
2204,50,17,266,17,350
2205,300,16,67,16,399
2206,283,16,67,16,382
2207,66,21,63,16,166
2208,70,30,67,16,183
2209,54,30,67,16,167
2211,51,33,50,17,151
2212,97,33,66,17,213
2213,83,33,66,17,199
2215,166,17,66,16,265
2216,50,17,66,17,150
2217,51,33,67,17,168
2220,50,16,67,16,149
2221,166,17,67,18,268
2222,100,33,233,18,384
2224,100,33,67,18,218
2225,99,17,67,18,201
2226,66,33,67,18,184
2227,65,17,67,18,167
2228,66,34,67,16,183
2230,150,17,66,18,251
2231,68,16,67,18,169
2232,67,34,133,16,250
2233,85,33,66,18,202
2234,83,17,66,18,184
2235,167,16,101,16,300
2237,67,15,67,16,165
2238,51,15,67,16,149
2239,50,33,68,17,168
2240,66,34,101,16,217
2242,302,33,66,17,418
2243,66,18,67,16,167
2248,100,33,133,16,282
2249,66,17,166,16,265
2250,66,33,133,16,248
2251,98,16,135,17,266
2252,66,32,135,17,250
2253,151,32,51,17,251
2254,101,33,66,17,217
2256,167,34,66,15,282
2257,52,33,66,17,168
2259,152,33,67,17,269
2260,65,34,67,16,182
2261,64,18,67,16,165
2262,298,35,50,17,400
2268,66,34,115,18,233
2269,548,34,51,17,650
2271,68,16,65,17,166
2272,51,16,65,17,149
2273,101,16,52,17,186
2274,65,33,52,17,167
2275,150,33,66,18,267
2276,65,35,50,17,167
2277,65,18,50,17,150
2278,85,17,99,18,219
2279,85,33,66,18,202
2280,52,17,99,18,186
2281,169,14,134,17,334
2284,99,32,134,17,282
2287,165,17,132,19,333
2288,50,14,134,17,215
2289,68,15,67,16,166
2290,66,33,120,14,233
2291,165,16,66,19,266
2292,535,32,67,18,652
2293,65,17,132,19,233
2294,67,33,99,19,218
2295,67,17,99,19,202
2296,100,34,51,17,202
2297,168,17,65,17,267
2298,66,34,51,17,168
2299,84,32,68,16,200
2300,302,32,67,17,418
2301,68,14,68,16,166
2302,66,36,65,17,184
2303,164,17,84,16,281
2308,1031,36,69,14,1150
2310,102,33,131,17,283
2311,67,19,132,17,235
2312,69,33,131,17,250
2313,52,33,131,17,233
2314,100,35,64,17,216
2315,68,16,67,17,168
2316,65,35,64,17,181
2317,51,35,64,17,167
2318,67,32,66,17,182
2319,100,15,67,18,200
2322,64,34,51,15,164
2323,166,15,67,17,265
2326,302,32,116,18,468
2327,68,15,134,16,233
2328,51,15,134,16,216
2329,117,32,65,20,234
2330,167,31,104,15,317
2331,99,16,65,20,200
2332,68,32,65,20,185
2333,167,17,67,15,266
2334,169,32,116,18,335
2335,98,15,104,15,232
2336,66,31,104,15,216
2339,68,17,67,15,167
2340,100,35,81,18,234
2341,69,15,116,18,218
2342,69,35,81,18,203
2343,99,16,101,16,232
2344,166,33,51,16,266
2346,101,33,68,16,218
2347,285,33,65,17,400
2348,99,33,51,16,199
2349,66,18,68,16,168
2352,66,35,64,17,182
2353,1035,17,165,18,1235
2354,167,33,65,17,282
2355,101,16,68,16,201
2356,51,16,133,17,217
2357,100,18,98,17,233
2358,165,32,67,17,281
2360,284,16,134,17,451
2363,84,32,67,17,200
2364,66,32,67,17,182
2365,553,32,84,16,685
2366,170,30,134,17,351
2367,66,19,69,14,168
2372,69,30,134,17,250
2373,54,30,134,17,235
2374,302,32,101,16,451
2375,51,33,267,17,368
2376,98,33,133,16,280
2377,84,33,133,16,266
2378,68,33,133,16,250
2379,51,33,133,16,233
2380,51,17,133,16,217
2381,52,33,100,16,201
2382,99,34,65,17,215
2384,100,33,66,17,216
2385,85,33,66,17,201
2387,50,33,66,17,166
2388,99,34,67,16,216
2390,1031,35,66,16,1148
2391,65,17,67,16,165
2392,165,33,100,17,315
2394,69,32,84,16,201
2395,68,16,84,16,184
2396,99,33,100,17,249
2397,50,32,52,16,150
2398,64,33,100,17,214
2399,65,16,100,17,198
2400,65,35,132,18,250
2401,101,16,99,18,234
2404,68,32,134,18,252
2405,64,17,134,18,233
2407,65,18,99,18,200
2408,67,32,101,17,217
2411,85,32,100,17,234
2412,99,34,117,17,267
2413,52,32,100,17,201
2414,67,34,117,17,235
2415,166,16,167,16,365
2417,67,16,101,16,200
2418,51,16,101,16,184
2419,99,16,167,16,298
2420,99,35,98,17,249
2421,100,17,98,17,232
2422,66,35,98,17,216
2423,550,33,51,17,651
2424,51,17,98,17,183
2425,51,32,66,17,166
2427,165,18,68,17,268
2428,98,34,102,17,251
2429,67,15,136,17,235
2430,66,34,102,17,219
2431,551,31,134,16,732
2432,67,34,68,17,186
2433,65,18,68,17,168
2434,102,34,64,19,219
2435,301,17,66,16,400
2436,68,34,64,19,185
2437,52,34,64,19,169
2438,68,31,52,16,167
2439,70,14,52,16,152
2440,51,14,52,16,133
2441,1034,16,52,14,1116
2443,66,16,65,18,165
2444,52,16,65,18,151
2445,52,34,66,16,168
2446,50,19,66,16,151
2447,66,15,68,17,166
2448,65,35,66,16,182
2449,551,35,81,18,685
2450,66,33,49,18,166
2451,66,17,49,18,150
2453,67,16,51,17,151
2454,66,34,67,15,182
2456,299,33,66,18,416
2457,84,33,67,14,198
2458,51,17,100,14,182
2459,100,16,134,16,266
2462,64,36,98,16,214
2463,549,32,51,16,648
2464,81,17,67,16,181
2465,52,31,67,16,166
2466,50,17,67,16,150
2468,66,32,70,13,181
2469,52,32,70,13,167
2471,166,17,116,18,317
2475,101,17,116,18,252
2476,66,35,116,18,235
2479,86,32,67,17,202
2481,301,17,65,17,400
2482,67,33,68,15,183
2483,152,33,100,16,301
2484,99,34,66,16,215
2485,151,33,67,16,267
2486,167,32,51,16,266
2487,51,34,66,16,167
2488,101,33,67,16,217
2489,85,33,67,16,201
2490,167,32,66,19,284
2492,66,32,51,16,165
2493,51,32,51,16,150
2494,287,16,66,18,387
2495,68,17,65,17,167
2496,83,16,66,19,184
2497,3770,20,83,16,3889
2498,100,33,59,30,222
2499,66,16,52,14,148
2500,157,46,66,18,287
2501,66,16,59,30,171
2502,50,16,59,30,155
2503,68,14,56,16,154
2504,52,14,56,16,138
2506,59,46,66,18,189
2508,56,16,66,18,156
2509,79,33,67,17,196
2510,84,15,67,17,183
2511,67,15,67,17,166
2512,84,17,99,17,217
2513,300,16,51,16,383
2516,67,33,67,17,184
2518,83,16,50,16,165
2520,84,16,200,18,318
2521,67,16,200,18,301
2522,535,32,53,32,652
2523,66,16,67,16,165
2524,50,16,67,16,149
2525,100,16,51,16,183
2526,67,33,51,16,167
2527,150,33,51,17,251
2529,100,16,84,17,217
2530,84,16,84,17,201
2533,102,17,99,16,234
2534,67,35,99,16,217
2535,67,17,99,16,199
2536,1984,16,117,17,2134
2537,100,16,71,30,217
2538,51,17,133,16,217
2539,66,16,71,30,183
2541,150,33,51,15,249
2542,51,15,100,17,183
2543,87,30,67,17,201
2544,71,30,67,17,185
2545,52,30,67,17,166
2548,63,34,67,18,182
2550,67,32,53,32,184
2552,51,15,53,32,151
2553,84,18,64,16,182
2554,67,18,64,16,165
2556,102,31,67,18,218
2557,298,20,65,16,399
2559,147,34,66,16,263
2561,165,18,100,17,300
2562,299,32,119,17,467
2563,83,34,66,16,199
2564,101,34,100,17,252
2566,66,34,100,17,217
2567,66,18,100,17,201
2568,68,32,68,17,185
2569,98,20,65,16,199
2570,66,36,65,16,183
2573,52,32,83,17,184
2574,68,33,67,15,183
2575,52,33,67,15,167
2577,67,16,119,17,219
2578,65,35,84,17,201
2580,99,35,66,16,216
2581,51,32,52,17,152
2582,102,34,65,17,218
2583,549,34,67,17,667
2584,67,34,65,17,183
2586,52,17,65,17,151
2587,167,16,65,18,266
2588,99,34,65,17,215
2589,65,17,67,17,166
2590,99,33,65,18,215
2591,51,34,65,17,167
2592,67,33,65,18,183
2593,550,35,66,17,668
2594,51,16,65,18,150
2595,67,15,185,17,284
2596,65,33,68,15,181
2597,99,17,101,16,233
2598,83,17,101,16,217
2599,299,17,67,17,400
2600,101,32,134,17,284
2601,51,33,68,16,168
2602,68,32,134,17,251
2603,99,19,98,17,233
2604,65,36,98,17,216
2606,68,33,99,17,217
2608,52,17,99,17,185
2609,52,33,133,17,235
2611,66,16,51,16,149
2612,65,34,67,17,183
2613,67,17,67,17,168
2614,66,33,68,15,182
2615,67,16,68,15,166
2617,301,16,66,18,401
2618,151,17,66,17,251
2619,67,17,116,17,217
2622,66,35,66,17,184
2623,67,17,66,17,167
2624,1032,34,68,16,1150
2625,52,33,132,17,234
2626,68,33,66,17,184
2627,83,34,65,17,199
2628,66,34,65,17,182
2629,52,34,65,17,168
2632,99,33,102,16,250
2633,66,16,51,17,150
2635,549,35,65,17,666
2637,84,32,51,17,184
2638,51,17,133,16,217
2639,51,32,51,17,151
2640,67,35,99,16,217
2641,66,18,99,16,199
2642,284,50,65,16,415
2644,51,17,66,16,150
2645,100,17,50,16,183
2647,300,16,68,14,398
2648,66,33,68,17,184
2649,65,17,68,17,167
2650,83,16,117,17,233
2651,101,17,82,17,217
2652,50,16,117,17,200
2654,68,17,82,17,184
2655,68,50,65,16,199
2656,52,50,65,16,183
2657,116,33,68,14,231
2658,300,33,132,17,482
2659,99,16,68,14,197
2661,83,33,67,16,199
2663,100,18,65,17,200
2664,66,35,65,17,183
2665,84,32,101,16,233
2666,100,33,101,17,251
2669,66,17,101,17,201
2671,86,33,132,17,268
2672,101,33,99,17,250
2673,167,17,67,16,267
2675,51,33,99,17,200
2678,99,33,134,16,282
2679,550,34,99,19,702
2680,99,34,68,16,217
2681,151,33,66,17,267
2683,100,19,65,16,200
2684,167,34,65,18,284
2685,166,18,65,18,267
2687,52,33,66,17,168
2688,68,32,134,16,250
2689,52,32,134,16,234
2690,65,34,65,18,182
2691,102,16,83,17,218
2692,66,33,83,17,199
2694,150,17,66,16,249
2695,101,17,134,32,284
2696,65,35,134,32,266
2697,2416,33,67,16,2532
2698,67,33,66,16,182
2700,169,32,68,33,302
2701,100,16,135,33,284
2702,67,32,135,33,267
2703,99,19,66,16,200
2704,66,35,66,16,183
2705,165,18,65,19,267
2706,99,34,99,19,251
2707,51,32,68,33,184
2710,66,34,65,19,184
2711,66,18,65,19,168
2712,301,32,134,17,484
2713,83,32,152,16,283
2714,67,32,152,16,267
2716,65,19,66,32,182
2717,50,19,66,32,167
2718,51,50,83,16,200
2719,65,20,83,16,184
2722,51,50,65,18,184
2723,103,16,99,17,235
2724,66,33,99,17,215
2726,67,32,134,17,250
2727,51,32,134,17,234
2729,83,32,134,15,264
2730,99,33,51,17,200
2731,52,32,134,15,233
2732,67,33,51,17,168
2734,299,18,65,16,398
2735,65,18,67,15,165
2736,67,34,66,15,182
2737,84,33,66,17,200
2738,101,33,66,17,217
2739,301,16,68,17,402
2741,65,18,66,17,166
2742,99,33,52,32,216
2743,64,18,67,18,167
2745,101,17,83,16,217
2746,166,33,68,17,284
2747,68,17,83,16,184
2749,167,16,51,17,251
2750,100,33,68,17,218
2751,100,16,68,17,201
2752,66,33,68,17,184
2754,150,17,65,16,248
2755,67,16,51,17,151
2756,84,17,132,16,249
2757,67,17,132,16,232
2758,85,17,65,16,183
2759,165,17,67,16,265
2760,51,17,65,16,149
2761,51,32,66,16,165
2763,98,17,67,16,198
2767,84,33,67,16,200
2768,100,33,138,29,300
2770,100,34,104,29,267
2771,153,32,100,17,302
2772,66,34,104,29,233
2774,67,35,69,29,200
2775,86,32,100,17,235
2776,167,34,65,19,285
2780,69,29,68,15,181
2782,100,34,65,18,217
2783,100,17,65,18,200
2784,112,16,52,16,196
2785,168,16,99,17,300
2786,550,16,67,17,650
2787,66,16,52,16,150
2788,65,34,67,16,182
2789,100,16,99,17,232
2790,65,34,99,17,215
2791,68,16,99,17,200
2792,286,16,65,17,384
2793,49,33,66,17,165
2794,51,16,66,17,150
2798,66,34,66,19,185
2799,67,17,66,19,169
2800,100,33,150,17,300
2802,67,33,150,17,267
2803,67,16,150,17,250
2804,66,35,65,17,183
2805,69,16,65,17,167
2806,165,35,84,16,300
2807,51,32,200,17,300
2808,51,16,200,17,284
2810,97,35,84,16,232
2811,66,15,52,16,149
2812,65,35,84,16,200
2813,66,17,84,16,183
2814,84,16,67,17,184
2815,67,16,67,17,167
2816,52,16,67,17,152
2817,50,33,101,18,202
2819,67,16,67,18,168
2821,50,34,51,14,149
2822,101,32,52,16,201
2823,83,32,52,16,183
2827,84,33,66,17,200
2828,84,16,66,17,183
2829,66,16,66,17,165
2830,52,16,66,17,151
2831,549,33,52,33,667
2832,67,32,52,16,167
2833,99,16,52,16,183
2834,99,35,100,16,250
2835,67,16,52,16,151
2836,65,35,100,16,216
2837,50,35,100,16,201
2838,52,16,100,16,184
2839,51,33,67,16,167
2841,99,17,134,16,266
2842,67,33,134,16,250
2844,67,33,66,17,183
2845,100,19,82,16,217
2849,150,34,99,17,300
2850,2483,16,135,15,2649
2851,67,18,66,16,167
2852,82,16,67,17,182
2855,50,34,99,17,200
2856,66,33,66,17,182
2857,66,17,66,17,166
2858,67,33,67,18,185
2859,116,34,51,14,215
2860,66,33,52,33,184
2861,83,34,51,14,182
2863,66,17,51,14,148
2865,100,14,68,16,198
2866,52,47,68,16,183
2867,101,17,198,17,333
2869,66,17,198,17,298
2870,166,35,66,17,284
2871,50,32,100,16,198
2872,118,15,51,17,201
2873,99,15,51,17,182
2874,82,15,51,17,165
2875,66,15,51,17,149
2876,284,17,117,17,435
2879,168,15,102,16,301
2880,51,17,66,19,153
2881,67,16,100,18,201
2882,66,33,67,18,184
2883,102,15,102,16,235
2885,68,15,102,16,201
2886,52,15,102,16,185
2887,68,15,152,17,252
2888,52,15,152,17,236
2889,66,17,117,17,217
2890,51,17,117,17,202
2891,84,31,135,15,265
2892,69,31,135,15,250
2893,51,31,135,15,232
2895,50,34,50,18,152
2896,65,35,66,15,181
2897,99,18,65,17,199
2899,66,18,65,17,166
2901,83,32,118,15,248
2903,66,17,118,15,216
2904,65,33,68,17,183
2905,67,16,68,17,168
2906,99,34,83,17,233
2907,67,17,101,16,201
2908,67,34,83,17,201
2909,66,18,83,17,184
2910,300,35,99,17,451
2911,51,32,51,17,151
2912,51,15,51,17,134
2913,85,33,66,16,200
2914,532,34,134,17,717
2916,102,32,66,16,216
2917,65,19,67,14,165
2918,165,35,99,17,316
2922,532,34,133,17,716
2924,166,34,67,17,284
2926,82,18,82,16,198
2927,52,34,82,16,184
2928,151,16,67,16,250
2930,99,33,67,16,215
2932,65,33,67,16,181
2934,3858,33,82,16,3989
2936,300,34,133,17,484
2937,99,17,100,16,232
2939,100,16,67,16,199
2942,166,34,84,17,301
2943,50,34,134,17,235
2945,83,33,68,17,201
2946,67,33,68,17,185
2947,153,32,101,17,303
2949,83,34,133,17,267
2951,302,15,67,16,400
2952,100,35,83,17,235
2954,66,35,83,17,201
2955,151,34,83,16,284
2957,50,32,51,17,150
2959,83,34,83,16,216
2960,66,34,83,16,199
2962,51,17,83,16,167
2963,52,31,134,17,234
2964,117,16,201,16,350
2967,100,16,67,16,199
2968,52,16,201,16,285
2972,66,34,67,16,183
2973,66,17,67,16,166
2975,318,33,166,18,535
2976,535,32,99,19,685
2977,100,18,66,17,201
2978,101,33,133,16,283
2979,67,18,66,17,168
2980,67,33,133,16,249
2981,84,33,51,16,184
2984,550,16,67,17,650
2987,69,16,101,15,201
2988,549,18,106,16,689
2989,99,17,166,18,300
2990,100,35,65,17,217
2993,167,17,67,15,266
2995,100,17,66,18,201
2996,50,16,135,15,216
2999,67,17,67,15,166
3000,51,17,67,15,150
3002,300,34,106,16,456
3003,67,17,66,16,166
3004,67,32,99,19,217
3005,51,32,99,19,201
3006,166,35,67,17,285
3008,66,33,51,16,166
3010,167,34,106,16,323
3011,66,15,102,17,200
3012,167,34,72,16,289
3014,51,16,67,17,151
3015,151,25,96,15,287
3016,102,34,72,16,224
3017,289,16,84,15,404
3018,67,34,72,16,189
3019,68,17,72,16,173
3021,541,33,134,15,723
3022,59,29,99,19,206
3023,54,17,99,19,189
3024,88,33,51,16,188
3027,99,35,84,15,233
3031,100,34,65,18,217
3032,52,33,51,15,151
3033,68,34,65,18,185
3034,299,18,50,17,384
3037,51,15,68,17,151
3039,83,17,184,17,301
3040,66,17,184,17,284
3042,68,15,135,17,235
3043,52,15,135,17,219
3044,68,15,101,17,201
3047,50,18,67,17,152
3051,67,34,167,14,282
3053,50,17,167,14,248
3054,167,18,83,15,283
3055,167,34,64,17,282
3056,67,16,101,14,198
3057,66,34,67,14,181
3060,317,31,134,17,499
3062,85,32,66,18,201
3063,67,32,66,18,183
3064,52,32,66,18,168
3065,98,34,102,16,250
3066,534,16,66,17,633
3067,283,16,66,17,382
3070,67,17,98,19,201
3071,52,17,98,19,186
3073,52,16,84,16,168
3074,84,31,134,17,266
3075,98,35,69,14,216
3077,100,33,66,17,216
3078,153,30,67,17,267
3080,100,19,81,16,216
3082,66,19,81,16,182
3083,283,16,101,16,416
3084,52,30,67,17,166
3085,66,32,52,16,166
3086,182,34,66,17,299
3089,84,16,67,17,184
3090,50,33,67,17,167
3091,101,34,66,17,218
3092,82,34,66,17,199
3093,66,34,66,17,183
3096,67,16,101,16,200
3097,100,33,100,19,252
3098,99,16,100,19,234
3099,66,33,100,19,218
3100,66,16,100,19,201
3103,84,16,100,19,219
3106,83,35,51,17,186
3108,68,16,51,17,152
3109,1036,30,102,15,1183
3110,52,32,67,16,167
3113,51,17,64,17,149
3116,64,17,151,18,250
3120,67,17,84,18,186
3121,151,18,98,16,283
3123,52,14,51,18,135
3124,84,35,98,16,233
3125,67,35,98,16,216
3126,65,18,98,16,197
3127,51,18,98,16,183
3129,68,31,67,17,183
3130,66,16,67,17,166
3131,64,34,66,18,182
3132,50,34,66,18,168
3134,66,17,101,16,200
3135,67,33,134,17,251
3136,67,16,134,17,234
3137,167,33,68,16,284
3138,167,17,68,16,268
3140,50,34,83,16,183
3141,101,33,68,16,218
3142,66,17,50,16,149
3143,1800,34,65,20,1919
3144,98,16,86,13,213
3145,66,33,86,13,198
3146,150,32,52,15,249
3147,50,16,86,13,165
3148,50,35,83,16,184
3149,285,16,82,16,399
3150,67,16,84,15,182
3151,86,13,52,15,166
3155,51,16,67,17,151
3156,166,16,82,16,280
3159,50,17,201,16,284
3160,67,17,65,17,166
3162,68,16,82,16,182
3164,50,32,102,16,200
3165,167,33,116,17,333
3166,65,19,132,15,231
3167,68,30,102,15,215
3168,65,16,102,15,198
3169,102,33,116,17,268
3170,85,33,116,17,251
3171,66,33,116,17,232
3172,301,17,66,17,401
3175,66,33,50,17,166
3177,66,34,65,16,181
3178,65,19,65,16,165
3179,83,17,83,17,200
3180,52,33,83,17,185
3181,50,17,83,17,167
3186,67,17,66,17,167
3187,51,17,66,17,151
3191,66,33,202,16,317
3193,100,31,67,17,215
3195,166,34,102,15,317
3197,52,14,67,17,150
3200,150,31,51,17,249
3202,65,17,102,15,199
3204,83,31,51,17,182
3205,85,15,51,17,168
3206,52,31,51,17,151
3207,51,15,51,17,134
3208,66,19,65,16,166
3211,51,17,100,15,183
3212,300,16,69,16,401
3213,65,32,100,20,217
3215,65,35,65,20,185
3217,67,32,53,13,165
3219,86,14,67,17,184
3220,50,33,67,17,167
3221,300,32,69,16,417
3222,100,17,102,16,235
3223,53,13,51,16,133
3224,64,17,102,16,199
3225,67,33,69,16,185
3226,64,16,69,16,165
3227,51,16,69,16,152
3228,50,33,52,17,152
3229,66,36,66,16,184
3230,66,19,66,16,167
3232,85,33,51,14,183
3234,52,33,51,14,150
3235,66,32,69,16,183
3236,101,14,101,16,232
3237,84,14,101,16,215
3238,117,33,65,17,232
3239,51,14,101,16,182
3240,166,17,68,16,267
3241,85,17,65,17,184
3244,52,32,67,16,167
3247,65,34,65,20,184
3248,99,18,51,14,182
3252,301,16,101,14,432
3253,85,14,67,16,182
3254,69,14,67,16,166
3256,84,32,50,16,182
3257,101,35,65,18,219
3258,81,35,65,18,199
3259,67,35,65,18,185
3260,86,31,103,15,235
3261,82,16,103,15,216
3263,50,16,103,15,184
3265,164,36,231,18,449
3267,52,16,101,14,183
3268,51,35,66,14,166
3269,300,33,101,17,451
3270,166,16,100,18,300
3272,300,16,134,15,465
3273,97,34,100,18,249
3277,165,33,101,17,316
3278,51,34,84,15,184
3279,51,17,84,15,167
3280,50,32,100,18,200
3281,100,33,101,17,251
3282,167,15,52,16,250
3283,66,33,101,17,217
3285,52,15,101,17,185
3286,100,15,52,16,183
3287,84,15,52,16,167
3288,66,15,52,16,149
3289,85,16,66,15,182
3296,99,18,65,17,199
3297,166,34,67,16,283
3298,84,33,248,18,383
3299,85,16,248,18,367
3300,53,33,248,18,352
3301,52,16,248,18,334
3302,68,15,101,16,200
3303,99,34,67,17,217
3304,65,17,67,16,165
3305,100,33,65,18,216
3306,83,33,65,18,199
3307,68,33,65,18,184
3308,100,18,133,16,267
3309,2034,33,49,17,2133
3310,67,18,133,16,234
3312,51,31,102,16,200
3313,167,33,66,17,283
3314,67,16,101,17,201
3315,65,34,67,17,183
3316,64,18,67,17,166
3317,169,32,67,16,284
3318,100,17,66,17,200
3319,101,34,99,16,250
3321,67,34,99,16,216
3322,86,32,67,16,201
3323,99,34,99,17,249
3324,51,32,67,16,166
3325,66,34,99,17,216
3326,299,17,100,16,432
3327,66,33,99,17,215
3328,66,17,99,17,199
3329,67,33,66,17,183
3330,66,17,66,17,166
3331,66,33,68,16,183
3332,67,16,68,16,167
3334,100,18,66,18,202
3337,84,17,99,16,216
3339,51,17,99,16,183
3341,166,32,67,17,282
3343,99,34,150,16,299
3344,99,18,150,16,283
3345,66,34,150,16,266
3346,64,18,150,16,248
3347,66,32,67,17,182
3351,99,35,100,16,250
3354,66,18,100,16,200
3356,300,18,99,17,434
3357,102,33,83,16,234
3358,50,35,116,16,217
3359,67,33,83,16,199
3360,167,16,151,16,350
3361,100,33,185,16,334
3362,66,16,51,16,149
3364,101,16,151,16,284
3366,67,16,151,16,250
3367,168,34,98,17,317
3369,102,33,166,16,317
3370,84,33,166,16,299
3372,84,34,98,17,233
3373,67,34,98,17,216
3375,67,32,66,17,182
3376,68,16,66,17,167
3378,168,17,66,16,267
3379,66,32,67,18,183
3380,66,16,67,18,167
3382,500,15,135,16,666
3384,165,17,68,16,266
3389,66,33,68,16,183
3390,64,17,68,16,165
3391,297,36,66,17,416
3392,117,33,51,16,217
3393,101,33,51,16,201
3395,68,33,51,16,168
3396,299,16,117,17,449
3397,300,34,83,17,434
3398,165,15,169,17,366
3399,66,34,64,20,184
3401,167,32,135,16,350
3403,51,16,133,17,217
3404,166,16,117,17,316
3406,67,16,66,17,166
3407,167,33,101,16,317
3410,515,35,82,18,650
3411,66,34,83,17,200
3412,66,17,83,17,183
3414,83,34,100,17,234
3415,301,33,66,16,416
3416,100,17,67,17,201
3418,66,17,67,17,167
3420,283,33,101,16,433
3421,67,33,67,16,183
3423,100,34,66,16,216
3424,67,16,67,16,166
3425,66,34,66,16,182
3426,166,17,66,18,267
3427,67,33,49,17,166
3428,66,17,49,17,149
3432,83,33,101,16,233
3433,300,32,68,16,416
3434,99,17,117,18,251
3435,66,33,117,18,234
3437,168,33,65,18,284
3439,101,34,98,18,251
3440,52,33,100,16,201
3441,68,34,98,18,218
3442,1651,34,233,19,1937
3445,100,32,68,16,216
3447,66,32,68,16,182
3448,67,16,68,16,167
3450,98,18,67,17,200
3451,66,34,67,17,184
3453,68,33,133,17,251
3454,66,17,133,17,233
3456,85,33,83,17,218
3457,84,16,83,17,200
3458,51,33,83,17,184
3459,99,34,68,15,216
3461,299,33,51,17,400
3462,65,17,68,15,165
3463,66,34,65,18,183
3464,67,17,65,18,167
3465,51,17,65,18,151
3466,51,34,100,15,200
3467,68,31,69,15,183
3468,51,31,69,15,166
3469,166,33,51,17,267
3470,551,36,147,17,751
3471,65,35,65,18,183
3472,85,32,67,17,201
3473,53,16,65,18,152
3474,167,17,83,16,283
3475,100,34,67,16,217
3476,64,17,51,17,149
3478,101,17,83,16,217
3480,535,17,115,16,683
3481,101,33,167,17,318
3482,83,33,167,17,300
3483,100,33,134,17,284
3486,100,16,134,16,266
3487,99,34,184,15,332
3488,100,17,184,15,316
3492,166,18,133,17,334
3493,51,17,100,16,184
3494,51,33,67,16,167
3495,170,29,68,17,284
3496,99,18,133,17,267
3497,66,34,133,17,250
3499,165,35,50,17,267
3500,86,29,68,17,200
3501,70,29,68,17,184
3502,54,29,68,17,168
3504,100,17,50,17,184
3505,114,17,115,16,262
3507,68,34,115,16,233
3508,85,33,98,17,233
3509,69,33,98,17,217
3510,919,34,66,20,1039
3511,50,17,98,17,182
3512,165,17,112,6,300
3513,65,33,205,16,319
3517,66,34,112,6,218
3518,100,16,105,16,237
3522,68,17,103,15,203
3523,68,44,59,15,186
3525,303,34,133,16,486
3526,61,26,99,17,203
3527,70,33,66,17,186
3530,53,32,116,17,218
3531,65,34,82,17,198
3533,66,33,66,17,182
3537,65,34,233,19,351
3538,65,17,233,19,334
3539,66,34,133,16,249
3540,50,34,133,16,233
3541,167,34,66,19,286
3542,285,33,66,17,401
3543,167,33,52,16,268
3546,51,32,67,17,167
3547,99,33,52,16,200
3548,66,16,66,19,167
3549,66,33,52,16,167
3551,67,33,101,16,217
3553,66,35,133,16,250
3554,151,33,167,16,367
3555,52,16,133,16,217
3556,101,16,67,16,200
3559,99,34,66,20,219
3561,66,34,66,20,186
3562,66,17,66,20,169
3563,99,34,67,16,216
3564,101,16,67,16,200
3565,151,16,66,17,250
3566,67,16,67,16,166
3569,85,16,66,17,184
3571,67,32,118,16,233
3572,63,16,118,16,213
3573,65,34,84,16,199
3574,65,17,84,16,182
3575,66,33,67,16,182
3576,67,16,67,16,166
3577,67,34,99,17,217
3578,50,34,99,17,200
3582,66,18,65,18,167
3583,67,32,167,18,284
3584,50,32,167,18,267
3587,65,35,150,17,267
3588,66,17,150,17,250
3590,67,17,100,17,201
3591,102,32,121,13,268
3592,167,17,53,13,250
3593,67,32,121,13,233
3595,66,34,66,21,187
3596,68,16,66,21,171
3597,66,34,53,13,166
3598,67,17,53,13,150
3599,51,17,53,13,134
3602,150,33,84,16,283
3603,98,35,66,16,215
3604,66,16,68,16,166
3605,101,33,84,16,234
3606,62,18,66,16,162
3608,51,33,84,16,184
3609,302,34,132,17,485
3610,151,33,101,16,301
3611,66,33,117,16,232
3612,101,16,83,16,216
3614,84,33,101,16,234
3615,51,16,83,16,166
3616,51,33,101,16,201
3617,67,34,67,16,184
3618,83,32,201,17,333
3622,166,18,99,16,299
3623,67,34,132,17,250
3624,67,18,132,17,234
3626,151,33,68,14,266
3627,66,34,99,16,215
3629,66,33,66,16,181
3630,67,16,66,16,165
3631,549,17,69,15,650
3633,167,32,134,17,350
3635,66,35,65,17,183
3636,50,35,65,17,167
3637,68,33,99,17,217
3638,98,18,134,17,267
3639,68,32,134,17,251
3641,65,34,100,17,216
3642,51,34,100,17,202
3643,66,33,134,17,250
3644,102,16,51,15,184
3645,67,33,51,15,166
3646,67,16,51,15,149
3647,84,16,84,17,201
3648,167,17,98,18,300
3650,551,32,68,16,667
3651,51,15,52,17,135
3652,299,17,67,16,399
3653,67,34,98,18,217
3654,67,17,98,18,200
3658,149,35,99,16,299
3661,549,17,67,17,650
3664,51,35,99,16,201
3669,66,33,66,16,181
3672,85,33,83,17,218
3673,66,33,83,17,199
3674,53,33,83,17,186
3675,66,32,51,17,166
3676,66,16,51,17,150
3678,65,19,64,19,167
3682,51,32,52,17,152
3684,68,17,98,18,201
3685,51,17,98,18,184
3686,52,33,65,18,168
3688,98,17,67,17,199
3689,65,33,67,17,182
3691,83,18,64,16,181
3692,286,31,51,15,383
3693,100,33,50,17,200
3694,53,31,67,16,167
3697,98,33,84,16,231
3698,168,18,82,15,283
3699,169,31,51,15,266
3700,66,17,84,16,183
3702,51,33,101,17,202
3703,167,32,68,16,283
3705,69,31,51,15,166
3708,83,32,68,16,199
3709,65,32,68,16,181
3710,67,15,68,16,166
3711,51,15,68,16,150
3712,149,32,101,16,298
3713,165,35,66,16,282
3714,66,17,65,18,166
3715,168,33,134,16,351
3716,550,34,66,17,667
3717,283,18,65,17,383
3718,100,17,66,16,199
3719,300,32,85,15,432
3720,100,17,134,16,267
3722,101,16,68,15,200
3723,101,33,68,16,218
3724,67,16,68,15,166
3725,66,33,68,16,183
3726,118,33,65,17,233
3727,66,35,66,16,183
3728,84,33,65,17,199
3729,101,33,99,18,251
3731,68,33,99,18,218
3735,65,33,52,15,165
3736,66,16,52,15,149
3737,65,34,100,18,217
3739,67,33,85,16,201
3740,50,33,85,16,184
3741,101,33,151,17,302
3742,50,34,51,16,151
3744,533,17,82,17,649
3745,301,33,101,16,451
3746,68,16,66,17,167
3750,65,17,51,17,150
3751,66,35,66,16,183
3752,85,33,99,17,234
3753,67,33,99,17,216
3754,52,33,99,17,201
3755,101,33,134,16,284
3756,100,17,134,16,267
3757,66,33,134,16,249
3758,166,18,81,19,284
3760,82,33,135,16,266
3761,66,33,135,16,250
3762,67,16,135,16,234
3763,101,33,67,16,217
3766,300,17,117,16,450
3768,51,32,68,17,168
3769,65,35,64,19,183
3770,84,33,82,17,216
3771,100,31,68,17,216
3772,51,33,82,17,183
3774,102,16,50,17,185
3775,149,17,117,16,299
3777,50,16,50,17,133
3780,66,17,117,16,216
3781,50,17,117,16,200
3782,51,33,167,16,267
3783,67,33,101,16,217
3784,285,32,65,17,399
3785,167,33,68,15,283
3786,66,17,68,16,167
3788,67,16,67,16,166
3789,51,16,67,16,150
3791,84,17,68,15,184
3792,66,17,68,15,166
3793,100,35,81,16,232
3794,66,17,116,16,215
3795,66,35,81,16,198
3796,66,19,81,16,182
3797,68,32,65,17,182
3798,52,32,65,17,166
3800,51,32,68,16,167
3801,97,35,87,14,233
3802,182,36,199,16,433
3803,65,35,87,14,201
3804,99,17,54,14,184
3806,67,17,54,14,152
3807,100,36,199,16,351
3808,83,36,199,16,334
3809,87,14,199,16,316
3810,71,14,199,16,300
3811,54,14,199,16,283
3812,51,32,66,18,167
3814,180,33,65,17,295
3816,66,17,117,16,216
3817,66,35,82,16,199
3818,85,33,65,17,200
3819,102,33,65,17,217
3822,66,17,65,17,165
3827,98,34,85,16,233
3829,66,34,85,16,201
3830,168,16,66,16,266
3831,51,16,85,16,168
3832,85,34,66,16,201
3833,53,16,100,16,185
3834,167,16,85,16,284
3835,167,33,52,16,268
3836,82,34,100,17,233
3837,66,34,100,17,217
3838,100,16,85,16,217
3839,767,33,66,16,882
3841,300,34,183,17,534
3842,65,17,52,16,150
3843,65,35,99,17,216
3844,67,17,99,17,200
3845,68,33,116,17,234
3846,752,33,117,17,919
3847,101,33,67,17,218
3850,99,16,100,17,232
3851,299,35,65,18,417
3852,99,17,99,18,233
3853,50,16,100,17,183
3854,101,17,183,17,318
3855,101,32,51,17,201
3857,68,32,51,17,168
3860,66,16,67,17,166
3861,65,35,83,17,200
3864,970,13,152,16,1151
3865,102,33,83,16,234
3866,100,17,83,16,216
3867,100,32,51,16,199
3868,66,17,83,16,182
3870,101,16,67,16,200
3871,65,34,67,16,182
3873,83,16,67,16,182
3874,66,16,67,16,165
3876,66,17,68,14,165
3878,99,19,132,15,265
3879,67,35,132,15,249
3880,66,19,132,15,232
3881,299,35,98,18,450
3882,52,33,66,16,167
3883,100,34,66,17,217
3885,65,34,66,17,182
3886,301,17,133,17,468
3888,83,33,84,17,217
3890,51,33,84,17,185
3892,67,16,134,16,233
3893,50,16,134,16,216
3894,168,17,133,17,335
3896,67,17,98,18,200
3897,51,17,98,18,184
3899,52,16,65,18,151
3900,99,16,67,17,199
3901,66,32,67,17,182
3903,548,19,133,16,716
3905,99,34,133,20,286
3907,168,33,100,18,319
3909,84,16,67,17,184
3910,68,16,67,17,168
3911,51,16,67,17,151
3912,301,17,64,17,399
3914,100,16,133,18,267
3915,167,34,84,16,301
3917,86,13,152,16,267
3918,70,13,152,16,251
3919,301,32,68,16,417
3920,66,17,66,18,167
3922,65,16,84,16,181
3923,100,35,64,17,216
3925,66,35,64,17,182
3926,66,17,64,17,164
3927,50,17,64,17,148
3928,101,15,52,16,184
3929,151,16,68,16,251
3930,98,19,133,16,266
3931,64,36,133,16,249
3932,64,19,133,16,232
3933,67,32,68,16,183
3935,52,16,68,16,152
3937,283,15,135,16,449
3939,300,34,67,16,417
3942,301,14,117,18,450
3943,66,32,68,17,183
3944,50,32,68,17,167
3945,65,34,166,18,283
3946,66,17,166,18,267
3947,1249,16,134,17,1416
3950,51,32,135,16,234
3951,51,15,135,16,217
3952,68,16,101,16,201
3953,66,34,67,16,183
3955,50,18,67,16,151
3956,883,33,85,17,1018
3957,166,35,66,18,285
3958,167,18,66,18,269
3959,83,17,83,17,200
3960,65,17,83,17,182
3961,51,17,83,17,168
3962,99,18,66,18,201
3964,66,18,66,18,168
3966,51,33,67,17,168
3967,51,17,67,17,152
3970,101,16,168,16,301
3973,168,32,51,15,266
3974,66,16,68,16,166
3975,532,34,67,16,649
3976,98,19,83,15,215
3978,65,19,83,15,182
3980,51,32,51,15,149
3981,51,16,51,15,133
3983,83,15,135,13,246
3984,299,18,65,17,399
3986,150,34,65,17,266
3987,65,34,67,13,179
3988,163,19,68,15,265
3990,50,33,166,16,265
3991,67,34,65,17,183
3992,51,34,65,17,167
3993,67,32,68,15,182
3994,64,19,68,15,166
3995,300,32,68,16,416
3996,66,16,67,16,165
3997,65,35,65,17,182
3999,68,32,67,18,185
4000,150,33,85,17,285
4002,50,33,101,16,200
4005,67,33,85,17,202
4006,169,17,97,19,302
4007,101,32,68,16,217
4008,100,16,68,16,200
4010,65,16,68,16,165
4011,85,17,97,19,218
4012,84,32,100,16,232
4014,100,17,67,16,200
4016,65,17,67,16,165
4019,299,34,66,25,424
4020,49,35,134,17,235
4021,67,33,66,17,183
4022,100,17,68,17,202
4023,51,17,66,17,151
4024,150,30,86,17,283
4026,66,17,52,13,148
4027,83,18,99,17,217
4028,286,32,65,17,400
4029,50,18,99,17,184
4030,69,13,86,17,185
4031,100,34,66,25,225
4032,68,15,51,17,151
4033,315,18,83,17,433
4034,82,34,200,16,332
4035,303,32,51,17,403
4036,66,17,200,16,299
4037,51,17,200,16,284
4042,1298,18,66,17,1399
4043,168,32,51,17,268
4045,64,33,102,16,215
4046,50,33,102,16,201
4047,1282,17,68,15,1382
4048,66,18,83,17,184
4049,68,32,51,17,168
4051,67,35,66,16,184
4052,50,35,66,16,167
4053,67,33,266,16,382
4055,51,17,266,16,350
4057,99,33,83,17,232
4058,166,17,51,17,251
4060,51,33,83,17,184
4061,299,35,66,16,416
4062,68,16,133,16,233
4063,51,16,133,16,216
4064,66,17,51,17,151
4065,100,35,98,18,251
4066,82,35,98,18,233
4067,166,33,52,16,267
4068,85,32,84,17,218
4069,166,35,66,16,283
4070,52,32,84,17,185
4071,67,33,68,17,185
4072,65,17,68,17,167
4073,98,35,66,16,215
4074,65,17,52,16,150
4075,101,33,66,16,216
4076,167,17,66,16,266
4077,68,33,66,16,183
4081,99,33,83,16,231
4082,164,17,68,16,265
4083,165,33,68,17,283
4084,165,16,68,17,266
4085,66,33,134,17,250
4087,99,33,68,17,217
4089,66,33,68,17,184
4090,66,16,68,17,167
4093,84,17,104,13,218
4094,101,16,71,13,201
4095,101,34,99,18,252
4096,102,16,99,18,235
4098,68,16,99,18,201
4100,67,20,62,18,167
4101,101,32,117,18,268
4103,99,34,167,16,316
4104,166,16,50,16,248
4105,62,34,167,16,279
4106,166,18,99,16,299
4107,534,32,99,17,682
4108,551,34,65,17,667
4109,100,35,99,16,250
4110,66,16,50,16,148
4111,101,31,68,16,216
4112,67,18,99,16,200
4114,51,31,68,16,166
4115,50,16,68,16,150
4116,167,17,82,19,285
4117,66,33,67,16,182
4119,68,33,68,15,184
4120,101,17,82,19,219
4121,301,32,99,17,449
4122,1584,33,66,17,1700
4123,67,34,100,16,217
4124,100,17,68,16,201
4127,101,33,99,17,250
4128,300,16,67,18,401
4129,67,33,99,17,216
4130,52,33,99,17,201
4131,300,33,67,18,418
4133,66,34,66,16,182
4135,99,34,65,17,215
4137,100,33,200,16,349
4138,551,33,67,16,667
4139,66,33,200,16,315
4140,283,33,117,16,449
4142,99,17,84,16,216
4144,299,18,149,17,483
4146,67,16,67,18,168
4147,101,33,67,17,218
4148,68,16,67,16,167
4149,67,33,67,17,184
4150,101,16,66,16,199
4152,67,16,66,16,165
4153,67,33,117,16,233
4154,66,17,117,16,216
4155,100,34,149,17,300
4158,100,17,66,17,200
4161,100,33,101,17,251
4162,68,16,67,16,167
4164,67,16,101,17,201
4165,66,34,67,17,184
4166,66,17,67,17,167
4168,66,17,67,16,166
4169,50,17,67,16,150
4170,84,33,100,18,235
4173,67,34,132,16,249
4175,67,33,51,14,165
4177,51,16,51,14,132
4178,51,33,66,16,166
4179,66,32,69,16,183
4180,284,31,67,18,400
4181,51,14,69,16,150
4182,99,19,99,16,233
4183,66,35,99,16,216
4186,50,33,66,16,165
4187,51,17,66,16,150
4188,85,33,66,18,202
4189,66,33,66,18,183
4190,50,33,66,18,167
4191,66,35,81,17,199
4193,99,34,51,15,199
4195,100,33,68,15,216
4196,68,16,51,15,150
4197,65,33,68,15,181
4198,67,17,68,15,167
4199,85,15,101,17,218
4201,167,32,101,17,317
4202,100,17,51,15,183
4203,68,32,51,15,166
4204,65,17,51,15,148
4206,69,16,166,17,268
4207,166,33,66,17,282
4208,118,33,99,17,267
4209,101,33,99,17,250
4212,99,17,66,17,199
4213,68,33,66,17,184
4214,66,17,66,17,166
4216,83,33,233,16,365
4217,99,33,67,17,216
4218,50,33,233,16,332
4220,166,17,83,16,282
4223,100,34,83,16,233
4225,101,33,66,16,216
4226,66,17,83,16,182
4227,166,36,98,16,316
4228,66,17,66,16,165
4229,67,35,98,16,216
4231,68,31,167,17,283
4232,1350,33,67,16,1466
4233,66,36,98,16,216
4234,86,31,100,17,234
4235,165,33,68,16,282
4236,99,19,65,17,200
4237,102,32,101,16,251
4238,817,34,51,16,918
4239,66,32,101,16,215
4242,51,33,68,16,168
4244,66,17,67,16,166
4245,101,33,66,16,216
4247,68,33,66,16,183
4248,51,33,66,16,166
4249,99,34,132,19,284
4250,167,17,65,19,268
4251,99,33,52,16,200
4253,66,33,52,16,167
4255,817,18,83,18,936
4257,67,34,67,16,184
4259,99,36,66,16,217
4260,51,31,102,16,200
4263,67,32,166,18,283
4264,67,16,166,18,267
4265,52,16,166,18,252
4266,67,16,51,16,150
4268,101,16,65,18,200
4269,299,34,51,16,400
4270,67,16,65,18,166
4271,51,16,65,18,150
4273,67,32,133,19,251
4276,83,32,85,15,215
4277,67,32,85,15,199
4279,101,32,51,16,200
4282,65,16,51,16,148
4283,66,34,51,16,167
4285,66,33,68,17,184
4286,101,16,67,17,201
4287,51,16,68,17,152
4288,1332,17,67,16,1432
4290,167,16,132,19,334
4291,85,16,66,17,184
4292,67,16,66,17,166
4293,51,16,66,17,150
4296,533,16,132,18,699
4297,99,35,83,18,235
4298,99,18,83,18,218
4300,167,18,64,18,267
4301,151,18,64,18,251
4302,67,17,50,18,152
4305,64,37,64,18,183
4309,68,33,67,16,184
4310,66,16,67,16,165
4312,167,17,66,17,267
4314,51,32,100,17,200
4315,67,34,66,17,184
4317,66,34,66,17,183
4319,51,17,66,17,151
4320,185,33,65,18,301
4321,66,34,67,15,182
4322,100,16,132,18,266
4324,67,16,132,18,233
4326,166,16,168,18,368
4328,65,18,65,18,166
4330,68,16,66,17,167
4331,66,32,168,18,284
4332,67,16,168,18,269
4334,153,30,133,17,333
4336,284,33,101,17,435
4337,1836,33,66,17,1952
4338,67,20,63,18,168
4340,54,30,133,17,234
4341,549,16,51,15,631
4343,314,16,67,16,413
4344,150,33,101,17,301
4346,66,19,81,17,183
4349,99,33,85,16,233
4350,51,33,101,17,202
4351,299,33,117,15,464
4352,99,17,101,16,233
4353,66,34,101,16,217
4354,66,17,101,16,200
4355,50,17,101,16,184
4356,51,34,100,16,201
4359,51,16,67,16,150
4360,284,31,68,16,399
4361,67,33,66,16,182
4363,300,33,200,16,549
4364,300,17,200,16,533
4365,66,33,117,15,231
4367,66,34,83,15,198
4368,50,34,83,15,182
4369,99,35,66,16,216
4371,101,31,68,16,216
4376,284,33,68,16,401
4377,66,33,200,16,315
4378,99,17,67,16,199
4379,101,35,132,16,284
4381,167,33,101,16,317
4385,101,33,101,16,251
4386,99,17,101,16,233
4387,165,35,100,16,316
4388,66,17,101,16,200
4389,152,16,100,16,284
4390,100,17,83,18,218
4392,166,18,65,19,268
4393,85,16,100,16,217
4394,85,33,67,16,201
4395,101,33,65,19,218
4396,52,33,67,16,168
4397,549,17,69,16,651
4398,64,18,65,19,166
4399,66,34,67,16,183
4402,52,31,52,17,152
4404,285,33,151,16,485
4406,67,17,65,16,165
4408,99,16,101,17,233
4409,66,32,101,17,216
4410,299,17,201,15,532
4411,65,33,68,17,183
4412,152,33,151,16,352
4414,167,17,66,15,265
4419,66,34,66,15,181
4421,100,33,201,15,349
4422,50,33,84,16,183
4423,67,33,201,15,316
4424,66,17,201,15,299
4425,66,32,69,16,183
4427,65,35,134,15,249
4428,68,16,134,15,233
4429,51,16,134,15,216
4431,302,33,167,16,518
4432,83,33,82,18,216
4433,67,33,82,18,200
4434,101,18,133,15,267
4436,84,32,68,16,200
4437,67,32,68,16,183
4438,51,32,68,16,167
4440,66,18,133,17,234
4441,66,34,99,17,216
4442,85,33,66,17,201
4444,52,33,66,17,168
4445,67,33,167,16,283
4446,102,16,134,16,268
4447,66,33,134,16,249
4449,2555,16,116,19,2706
4450,169,16,101,16,302
4451,99,34,83,18,234
4452,67,15,117,18,217
4454,301,14,135,17,467
4455,66,34,101,16,217
4456,67,16,101,16,200
4457,52,16,101,16,185
4459,284,16,185,16,501
4460,65,18,65,17,165
4461,101,31,169,14,315
4462,51,34,83,14,182
4464,52,31,169,14,266
4466,50,33,234,17,334
4468,81,35,68,14,198
4470,101,16,185,16,318
4471,52,16,68,14,150
4472,66,16,185,16,283
4473,1891,17,100,16,2024
4474,84,32,66,17,199
4476,166,18,132,16,332
4477,101,32,52,16,201
4478,68,17,84,16,185
4480,68,16,52,16,152
4482,84,33,66,16,199
4483,67,33,66,16,182
4484,68,16,66,16,166
4486,285,33,65,18,401
4489,99,34,66,16,215
4490,150,32,133,18,333
4491,100,34,67,16,217
4493,67,34,67,16,184
4494,85,32,133,18,268
4495,51,17,67,16,151
4496,100,19,98,18,235
4497,66,35,98,18,217
4499,533,31,52,17,633
4500,84,32,100,16,232
4501,51,17,65,18,151
4502,101,16,101,16,234
4503,65,33,101,16,215
4504,66,16,101,16,199
4506,101,16,83,16,216
4507,51,16,67,16,150
4508,67,16,83,16,182
4510,99,17,67,17,200
4511,49,18,65,18,150
4512,66,17,67,17,167
4514,551,34,137,17,739
4515,65,35,66,16,182
4516,67,17,66,16,166
4517,67,30,105,16,218
4518,98,19,85,16,218
4519,101,33,99,18,251
4521,66,33,99,18,216
4523,52,17,99,18,186
4526,69,16,67,16,168
4528,51,31,52,17,151
4530,65,18,66,15,164
4532,554,33,51,17,655
4533,169,33,155,16,373
4534,51,33,67,17,168
4536,65,19,66,16,166
4538,52,33,100,16,201
4539,67,33,155,16,271
4540,52,33,155,16,256
4541,66,33,66,17,182
4542,100,17,137,17,271
4543,166,38,66,17,287
4544,521,33,66,19,639
4545,99,34,139,17,289
4547,66,34,139,17,256
4548,171,16,52,15,254
4549,66,38,66,17,187
4550,88,33,68,17,206
4552,105,16,52,15,188
4555,101,32,101,17,251
4556,66,18,99,17,200
4557,167,34,100,17,318
4559,168,34,66,17,285
4560,50,34,67,17,168
4561,66,33,51,17,167
4565,67,34,66,17,184
4566,149,33,66,19,267
4569,100,33,66,19,218
4572,169,16,67,15,267
4573,66,33,201,16,316
4574,98,17,102,15,232
4576,2366,16,134,17,2533
4577,85,16,67,15,183
4579,52,16,67,15,150
4580,102,17,100,16,235
4581,68,34,100,16,218
4582,66,17,100,16,199
4583,300,32,116,19,467
4584,67,17,68,16,168
4585,167,34,66,16,283
4586,150,34,66,16,266
4587,66,34,133,16,249
4589,101,34,66,16,217
4590,51,33,100,16,200
4591,67,34,66,16,183
4592,100,16,101,17,234
4593,98,35,265,17,415
4594,66,16,101,17,200
4597,82,16,116,19,233
4600,67,17,233,17,334
4601,299,33,51,17,400
4602,67,16,68,15,166
4603,67,33,133,17,250
4606,65,19,98,17,199
4607,100,33,84,16,233
4608,52,32,100,17,201
4609,301,33,66,18,418
4611,65,33,118,17,233
4612,67,16,118,17,218
4613,66,34,68,16,184
4615,67,33,51,17,168
4617,51,16,51,17,135
4618,66,19,82,17,184
4619,167,33,87,12,299
4621,167,33,54,12,266
4622,52,33,66,16,167
4624,550,33,83,16,682
4627,66,33,54,12,165
4628,300,16,51,17,384
4629,66,33,69,17,185
4633,284,17,67,14,382
4634,65,19,131,17,232
4636,314,33,132,17,496
4637,53,14,151,17,235
4638,50,35,65,17,167
4639,549,17,99,16,681
4640,165,17,67,14,263
4641,51,17,66,17,151
4645,299,33,101,17,450
4646,165,19,132,17,333
4647,550,20,115,17,702
4649,101,33,132,17,283
4650,67,17,100,16,200
4652,64,19,132,17,232
4653,100,34,132,17,283
4655,100,32,67,17,216
4657,67,32,67,17,183
4658,66,16,67,17,166
4660,99,17,84,17,217
4661,65,34,84,17,200
4663,67,33,51,17,168
4664,67,16,51,17,151
4665,51,16,51,17,135
4667,166,34,51,17,268
4669,299,36,65,16,416
4670,166,20,115,17,318
4676,66,20,115,17,218
4677,70,32,83,17,202
4678,85,31,102,17,235
4679,151,17,65,16,249
4682,150,32,67,17,266
4683,64,36,65,16,181
4684,102,17,99,17,235
4685,52,17,65,16,150
4686,66,17,99,17,199
4687,86,15,67,17,185
4688,98,18,67,17,200
4689,50,15,67,17,149
4691,66,33,101,16,216
4694,168,17,99,16,300
4695,67,32,51,17,167
4697,101,33,99,16,249
4700,66,17,99,16,198
4701,51,17,99,16,183
4702,282,35,67,15,399
4705,99,32,51,17,199
4707,65,32,51,17,165
4708,66,16,51,17,150
4709,166,35,67,15,283
4710,66,17,133,17,233
4711,67,33,68,15,183
4712,551,33,51,16,651
4713,51,17,68,15,151
4715,101,32,117,16,266
4716,85,32,117,16,250
4717,68,32,117,16,233
4720,85,32,300,16,433
4721,165,33,52,16,266
4722,84,34,201,16,335
4723,101,32,67,18,218
4725,66,32,67,18,183
4727,66,33,52,16,167
4728,66,16,52,16,150
4729,65,34,102,16,217
4730,67,16,102,16,201
4731,67,34,133,16,250
4732,50,34,133,16,233
4733,285,16,84,16,401
4734,50,32,101,16,199
4736,65,19,149,16,249
4738,51,31,67,16,165
4739,101,33,51,16,201
4741,549,17,133,17,716
4742,65,17,51,16,149
4745,67,33,84,16,200
4746,51,33,84,16,184
4747,300,34,100,17,451
4748,51,32,52,16,151
4749,100,33,84,16,233
4750,83,33,84,16,216
4751,67,33,84,16,200
4752,51,33,84,16,184
4753,152,16,67,16,251
4755,166,34,100,17,317
4756,100,16,67,16,199
4757,84,16,67,16,183
4758,284,33,83,17,417
4759,537,30,68,16,651
4762,66,17,100,17,200
4763,167,34,133,17,351
4765,151,17,133,17,318
4766,99,18,67,16,200
4767,65,35,67,16,183
4768,66,18,67,16,167
4769,165,35,66,15,281
4770,83,33,83,17,216
4772,286,35,63,16,400
4773,67,32,101,15,215
4774,50,32,101,15,198
4775,65,35,66,15,181
4777,67,33,67,16,183
4778,67,17,67,16,167
4779,68,33,150,16,267
4781,100,34,82,16,232
4782,50,34,116,16,216
4783,166,33,101,16,316
4785,166,35,100,14,315
4787,69,30,68,16,183
4788,53,30,68,16,167
4792,66,19,100,14,199
4793,84,16,68,14,182
4795,51,16,68,14,149
4797,66,34,98,18,216
4798,84,33,65,18,200
4799,101,32,51,17,201
4800,52,33,65,18,168
4801,67,32,51,17,167
4802,517,33,82,19,651
4803,98,35,99,16,248
4806,85,33,66,16,200
4808,101,18,133,15,267
4809,301,34,66,17,418
4810,66,18,133,15,232
4811,99,34,133,17,283
4812,150,34,66,17,267
4813,100,33,67,16,216
4814,66,18,133,17,234
4819,67,33,133,17,250
4820,100,17,68,16,201
4821,100,34,66,17,217
4822,67,17,68,16,168
4825,67,34,65,17,183
4826,67,18,65,17,167
4827,166,33,219,16,434
4828,166,16,219,16,417
4831,166,33,167,15,381
4832,66,16,167,16,265
4833,66,33,219,16,334
4834,66,16,219,16,317
4835,66,35,66,16,183
4836,84,33,167,15,299
4837,68,33,167,15,283
4839,101,33,85,16,235
4840,52,33,118,16,219
4842,98,17,102,16,233
4843,66,33,102,16,217
4844,98,19,67,16,200
4845,168,32,99,19,318
4846,66,19,67,16,168
4847,68,33,165,19,285
4849,52,16,165,19,252
4851,299,34,65,17,415
4854,51,34,116,17,218
4855,66,34,66,16,182
4856,67,17,66,16,166
4857,51,17,66,16,150
4858,100,16,66,17,199
4859,100,33,67,17,217
4860,298,17,52,16,383
4861,66,33,67,17,183
4862,51,33,67,17,168
4863,51,17,67,17,152
4864,1166,16,100,16,1298
4865,66,34,65,17,182
4866,101,17,65,16,199
4870,99,17,68,17,201
4871,167,33,99,16,315
4872,65,17,68,17,167
4874,66,17,52,16,151
4875,550,18,100,16,684
4876,85,33,99,16,233
4877,85,16,99,16,216
4878,52,33,99,16,200
4880,551,34,51,16,652
4881,66,34,66,16,182
4887,66,34,66,16,182
4888,66,18,66,16,166
4889,100,34,68,16,218
4891,66,34,68,16,184
4893,66,33,51,16,166
4894,50,33,51,16,150
4895,67,35,148,17,267
4898,166,18,100,16,300
4901,65,32,135,16,248
4902,98,18,100,16,232
4903,65,35,100,16,216
4904,65,18,100,16,199
4905,67,33,67,16,183
4906,167,16,69,16,268
4907,101,34,51,16,202
4908,51,33,66,19,169
4909,83,17,51,16,167
4910,300,17,67,17,401
4911,168,32,83,17,300
4914,68,16,99,16,199
4915,51,16,99,16,182
4916,284,33,100,16,433
4917,101,33,134,17,285
4918,165,17,67,17,266
4920,151,33,51,16,251
4922,99,17,67,17,200
4924,66,17,67,17,167
4925,151,16,100,16,283
4926,51,33,51,16,151
4927,548,20,99,16,683
4928,168,17,67,16,268
4929,67,33,100,16,216
4930,167,17,134,16,334
4931,534,33,68,16,651
4933,283,17,65,19,384
4934,67,17,67,16,167
4935,51,17,67,16,151
4936,99,19,83,16,217
4937,66,35,83,16,200
4938,84,32,133,16,265
4942,51,32,51,17,151
4943,64,35,166,15,280
4944,67,16,166,15,264
4945,83,17,65,19,184
4946,67,17,65,19,168
4947,51,17,65,19,152
4948,66,16,135,16,233
4950,550,32,134,19,735
4952,167,16,101,16,300
4953,100,35,99,16,250
4954,99,20,99,16,234
4956,64,20,99,16,199
4957,69,32,101,16,218
4958,66,16,101,16,199
4959,51,16,101,16,184
4960,52,33,68,16,169
4961,299,33,100,16,448
4962,149,34,51,16,250
4963,151,16,51,16,234
4964,100,16,66,19,201
4965,100,34,51,16,201
4966,83,34,51,16,184
4968,50,34,51,16,151
4969,66,32,101,16,215
4970,67,15,101,16,199
4971,85,16,99,17,217
4972,67,16,99,17,199
4974,99,17,100,16,232
4978,82,32,134,19,267
4979,66,32,134,19,251
4980,168,16,51,13,248
4981,65,35,118,13,231
4982,68,16,118,13,215
4985,68,34,51,13,166
4986,67,16,51,13,147
4987,850,16,85,14,965
4988,51,32,68,16,167
4989,66,32,102,18,218
4991,166,35,100,16,317
4992,68,16,66,18,168
4995,52,17,51,17,137
4997,66,35,100,16,217
4999,51,17,100,16,184
5000,68,17,83,16,184
5003,65,35,65,16,181
5004,533,16,167,16,732
5006,83,33,135,15,266
5007,299,36,132,17,484
5008,51,33,135,15,234
5010,98,19,150,17,284
5013,68,31,200,17,316
5014,68,15,200,17,300
5015,66,36,132,19,253
5016,67,19,132,19,237
5019,51,17,100,19,187
5020,170,13,68,17,268
5021,64,36,132,17,249
5022,68,17,132,17,234
5023,51,17,132,17,217
5024,298,19,99,16,432
5026,98,16,186,14,314
5027,64,33,186,14,297
5028,65,16,186,14,281
5029,65,35,134,17,251
5030,297,17,150,16,480
5032,101,16,85,14,216
5033,101,33,117,17,268
5034,68,16,85,14,183
5035,66,33,117,17,233
5036,82,35,99,16,232
5037,539,17,84,16,656
5040,52,31,134,16,233
5042,50,35,67,16,168
5044,65,17,150,16,248
5045,51,17,150,16,234
5046,101,16,151,17,285
5047,99,33,158,16,306
5049,66,33,158,16,273
5050,101,17,67,16,201
5052,100,16,51,17,184
5053,151,17,122,16,306
5055,51,16,51,17,135
5057,67,33,122,16,238
5058,51,33,122,16,222
5060,90,15,68,16,189
5061,304,19,148,16,487
5062,56,15,68,16,155
5064,82,17,84,16,199
5065,83,32,52,16,183
5066,51,17,84,16,168
5067,150,34,99,18,301
5068,50,16,52,16,134
5070,67,33,68,15,183
5071,84,34,99,18,235
5072,52,16,68,15,151
5075,167,17,64,17,265
5076,68,32,51,17,168
5077,52,32,51,17,152
5078,99,35,64,17,215
5079,167,16,52,17,252
5080,65,35,64,17,181
5081,85,31,68,17,201
5083,100,16,52,17,185
5084,301,33,99,17,450
5085,65,16,52,17,150
5088,85,17,66,17,185
5090,2035,34,166,16,2251
5091,52,32,51,17,152
5092,66,34,100,15,215
5093,66,17,100,15,198
5094,66,34,100,16,216
5095,85,33,67,16,201
5096,51,17,100,16,184
5097,51,33,67,16,167
5098,100,34,65,17,216
5100,100,33,65,18,216
5101,64,19,65,17,165
5102,67,33,65,18,183
5103,66,17,65,18,166
5105,68,16,101,16,201
5108,65,34,101,17,217
5109,49,34,101,17,201
5110,51,16,101,17,185
5111,151,31,53,15,250
5113,66,16,52,14,148
5114,66,35,66,18,185
5116,84,14,53,15,166
5117,150,34,83,16,283
5118,52,14,53,15,134
5119,299,17,50,16,382
5124,67,33,133,17,250
5125,549,34,66,16,665
5126,50,17,133,17,217
5127,99,16,84,33,232
5129,167,33,82,17,299
5130,150,33,82,17,282
5133,66,17,50,16,149
5134,84,33,82,17,216
5135,99,16,151,17,283
5136,50,33,82,17,182
5137,67,16,151,17,251
5138,850,17,66,18,951
5139,66,18,65,16,165
5141,99,17,51,17,184
5142,100,35,67,15,217
5143,301,17,66,17,401
5144,65,35,67,15,182
5145,66,19,67,15,167
5146,69,33,65,19,186
5147,52,33,65,19,169
5148,51,17,65,19,152
5149,52,34,66,17,169
5150,98,35,100,16,249
5152,65,35,100,16,216
5154,83,17,66,16,182
5155,101,17,66,17,201
5156,52,17,66,16,151
5158,67,33,100,17,217
5161,66,17,67,17,167
5162,66,34,65,17,182
5164,67,33,98,17,215
5165,284,32,67,17,400
5166,165,34,100,18,317
5167,99,17,66,17,199
5168,99,32,134,18,283
5169,66,17,66,17,166
5170,166,34,83,16,299
5171,65,16,134,18,233
5172,66,34,100,18,218
5175,100,18,83,16,217
5176,169,32,100,18,319
5177,67,18,83,16,184
5179,51,32,67,17,167
5181,68,17,83,17,185
5182,67,32,100,18,217
5183,67,16,100,18,201
5184,67,34,66,18,185
5185,83,34,67,16,200
5187,84,32,67,16,199
5188,51,17,67,16,151
5189,51,32,67,16,166
5190,166,35,66,16,283
5191,67,17,83,17,184
5192,50,17,83,17,167
5193,51,32,134,16,233
5194,100,35,66,16,217
5196,65,35,66,16,182
5197,67,17,66,16,166
5198,83,18,167,15,283
5201,66,17,100,15,198
5202,98,34,68,15,215
5203,67,16,68,15,166
5204,65,34,68,15,182
5205,66,17,68,15,166
5206,66,34,65,18,183
5207,67,17,65,18,167
5208,102,31,102,16,251
5209,167,16,101,16,300
5210,68,31,102,16,217
5211,82,34,68,16,200
5213,285,33,66,17,401
5215,67,16,101,16,200
5216,102,33,66,17,218
5218,167,34,99,17,317
5219,67,17,66,17,167
5220,68,33,100,16,217
5222,150,16,66,17,249
5223,66,17,100,16,199
5225,67,17,99,17,200
5229,66,17,50,17,150
5231,65,17,135,16,233
5232,66,34,66,16,182
5233,67,17,66,16,166
5234,50,17,66,16,149
5235,51,32,69,16,168
5236,933,33,135,16,1117
5238,66,35,65,18,184
5239,101,17,166,16,300
5240,69,33,166,16,284
5241,67,17,166,16,266
5243,52,32,68,16,168
5244,166,33,68,16,283
5247,52,33,66,16,167
5248,101,33,68,16,218
5249,100,16,68,16,200
5250,167,33,83,16,299
5252,100,34,99,17,250
5253,50,34,50,17,151
5256,68,33,83,16,200
5257,68,17,83,16,184
5258,50,17,83,16,166
5260,99,33,99,19,250
5261,67,16,84,15,182
5262,66,33,99,19,217
5265,81,34,52,16,183
5266,65,34,52,16,167
5267,67,15,52,16,150
5268,51,15,52,16,134
5269,67,16,100,18,201
5271,67,16,65,18,166
5272,84,17,83,17,201
5273,100,16,133,17,266
5274,51,17,83,17,168
5275,99,17,81,17,214
5276,65,35,81,17,198
5278,50,17,81,17,165
5279,51,33,99,17,200
5282,66,32,67,18,183
5283,99,17,51,15,182
5284,150,15,135,16,316
5286,168,33,66,16,283
5289,68,15,135,16,234
5290,51,15,135,16,217
5293,101,14,67,18,200
5294,167,35,66,16,284
5297,166,18,98,18,300
5298,66,32,69,16,183
5299,65,16,69,16,166
5300,67,35,66,16,184
5301,101,18,98,18,235
5302,67,34,98,18,217
5303,67,18,98,18,201
5305,51,32,134,15,232
5306,66,33,51,15,165
5307,116,33,68,17,234
5308,166,33,99,18,316
5310,66,33,68,17,184
5312,101,33,99,18,251
5313,99,18,99,18,234
5315,65,18,99,18,200
5316,50,18,99,18,185
5317,51,32,67,18,168
5318,65,36,64,18,183
5322,67,33,101,18,219
5323,101,17,66,18,202
5324,82,17,66,18,183
5325,69,17,66,18,170
5326,51,17,66,18,152
5327,67,16,100,16,199
5328,68,33,99,18,218
5329,101,16,65,18,200
5330,84,16,65,18,183
5333,99,16,201,16,332
5335,65,16,201,16,298
5336,65,34,67,16,182
5337,99,18,67,14,198
5338,83,18,67,14,182
5339,67,18,67,14,166
5340,101,35,97,19,252
5341,51,32,68,16,167
5342,67,35,97,19,218
5343,99,19,99,17,234
5346,151,16,65,19,251
5347,500,18,66,16,600
5348,65,32,100,19,216
5349,51,32,100,19,202
5350,99,33,200,16,348
5351,67,16,65,19,167
5353,51,33,200,16,300
5355,500,17,132,17,666
5357,67,17,132,16,232
5358,68,33,67,16,184
5359,70,14,67,16,167
5361,50,33,66,16,165
5362,499,33,86,15,633
5364,99,33,200,18,350
5366,66,33,200,18,317
5367,167,18,66,16,267
5368,65,34,67,17,183
5369,533,17,83,17,650
5371,51,33,51,17,152
5372,67,34,66,16,183
5374,67,34,65,18,184
5375,51,34,65,18,168
5378,99,35,132,17,283
5380,1033,32,66,19,1150
5382,51,17,132,17,217
5385,2282,33,100,18,2433
5387,149,33,51,17,250
5388,66,33,86,15,200
5389,66,17,86,15,184
5390,66,33,84,17,200
5393,50,33,51,17,151
5394,66,35,116,17,234
5395,166,18,82,18,284
5397,52,33,83,17,185
5400,65,35,82,18,200
5401,300,17,68,14,399
5402,67,33,67,18,185
5403,66,17,67,18,168
5406,533,32,67,17,649
5407,285,32,67,17,401
5408,67,34,133,16,250
5411,52,32,67,17,168
5412,100,33,68,14,215
5413,547,33,102,17,699
5415,83,34,201,14,332
5416,167,33,66,18,284
5417,51,34,201,14,300
5418,67,34,65,17,183
5419,67,18,65,17,167
5421,150,32,66,19,267
5422,66,33,66,18,183
5425,285,32,66,19,402
5426,67,32,66,19,184
5427,169,16,67,32,284
5428,102,30,67,17,216
5429,282,33,102,17,434
5431,51,30,67,17,165
5432,285,15,85,15,400
5433,150,32,66,19,267
5434,65,32,67,17,181
5435,51,32,67,17,167
5436,67,35,65,17,184
5438,99,33,52,15,199
5440,100,33,102,17,252
5442,65,33,102,17,217
5444,66,34,85,15,200
5447,50,33,52,15,150
5448,1035,33,134,15,1217
5449,67,16,66,16,165
5450,52,16,66,16,150
5451,67,15,85,17,184
5453,150,32,66,17,265
5454,66,33,67,17,183
5455,283,33,65,18,399
5456,67,35,115,17,234
5457,68,17,115,17,217
5458,68,32,66,17,183
5459,52,32,66,17,167
5460,150,17,67,16,250
5461,66,15,51,17,149
5462,98,34,67,16,215
5464,66,34,67,16,183
5465,66,17,67,16,166
5466,51,17,67,16,151
5467,69,16,66,16,167
5468,101,33,66,17,217
5469,301,15,52,16,384
5470,67,33,66,17,183
5473,100,16,67,16,199
5474,99,34,65,19,217
5476,66,34,65,19,184
5479,83,32,135,17,267
5480,51,16,118,16,201
5481,101,15,52,16,184
5482,65,34,52,16,167
5483,101,17,116,16,250
5486,53,17,116,16,202
5487,83,33,100,16,232
5488,301,34,99,18,452
5489,49,33,100,16,198
5490,99,33,133,16,281
5492,67,33,133,16,249
5493,68,16,133,16,233
5494,100,32,68,16,216
5495,99,16,68,16,199
5497,65,16,68,16,165
5498,65,34,101,16,216
5499,65,17,101,16,199
5500,100,34,99,18,251
5501,84,34,99,18,235
5502,552,17,67,16,652
5504,101,33,134,15,283
5505,68,17,66,18,169
5506,284,15,100,18,417
5508,166,34,65,18,283
5509,66,17,67,17,167
5512,100,34,65,18,217
5513,551,32,102,15,700
5516,68,32,51,17,168
5519,67,15,100,18,200
5521,85,33,150,16,284
5522,51,17,65,18,151
5523,50,33,150,16,249
5524,100,34,51,17,202
5525,65,17,66,19,167
5528,2723,16,83,17,2839
5531,67,17,67,16,167
5534,167,35,134,15,351
5537,67,17,98,17,199
5538,301,33,100,17,451
5539,167,18,67,15,267
5541,83,32,102,15,232
5543,100,18,67,15,200
5544,52,15,102,15,184
5545,67,18,67,15,167
5546,67,32,68,16,183
5547,50,32,68,16,166
5548,102,33,115,18,268
5549,50,35,66,17,168
5550,67,33,115,18,233
5551,557,33,100,17,707
5553,51,33,100,17,201
5554,66,34,83,16,199
5555,51,34,83,16,184
5556,98,35,65,17,215
5557,150,32,118,16,316
5558,65,35,65,17,182
5561,50,33,117,16,216
5563,100,17,51,16,184
5564,65,34,51,16,166
5565,115,34,101,23,273
5567,83,34,101,23,241
5568,85,16,101,23,225
5569,525,32,67,18,642
5571,50,33,68,23,174
5572,51,16,68,23,158
5573,83,34,73,17,207
5574,67,34,73,17,191
5577,542,15,285,16,858
5578,107,33,100,17,257
5580,73,33,100,17,223
5582,66,33,67,17,183
5584,66,34,132,18,250
5587,101,17,65,18,201
5588,67,34,65,18,184
5589,168,17,65,17,267
5590,67,32,83,17,199
5593,100,17,65,17,199
5594,65,35,65,17,182
5595,84,32,67,18,201
5599,150,32,285,16,483
5600,65,34,51,15,165
5601,102,16,132,17,267
5602,67,34,132,17,250
5604,301,32,135,16,484
5605,51,32,285,16,384
5608,99,33,66,17,215
5610,67,33,66,17,183
5611,100,16,85,15,216
5613,300,17,65,17,399
5614,99,35,84,16,234
5615,67,16,101,18,202
5618,68,32,135,16,251
5620,167,35,65,17,284
5621,168,17,65,17,267
5622,84,16,67,16,183
5623,83,32,51,17,183
5625,301,17,51,16,385
5626,66,35,65,17,183
5629,51,33,66,18,168
5630,51,17,66,18,152
5631,166,17,134,16,333
5632,65,34,67,16,182
5633,300,16,52,15,383
5635,68,15,118,16,217
5637,100,17,51,16,184
5638,151,16,66,17,250
5640,551,17,101,16,685
5641,300,15,53,16,384
5642,66,34,66,17,183
5643,84,34,199,18,335
5644,300,34,84,15,433
5645,302,16,84,15,417
5646,100,35,66,16,217
5648,167,31,53,16,267
5652,52,15,100,18,185
5653,100,15,53,16,184
5654,66,31,53,16,166
5655,98,17,67,17,199
5657,66,17,67,17,167
5658,84,16,84,15,199
5661,51,33,51,15,150
5663,66,17,66,17,166
5664,67,32,100,16,215
5665,51,32,100,16,199
5666,100,34,101,16,251
5667,67,16,66,16,165
5668,165,36,81,16,298
5669,66,17,101,16,200
5671,66,16,69,16,167
5672,66,33,52,16,167
5673,65,17,52,16,150
5675,66,19,81,16,182
5677,53,32,100,15,200
5678,52,16,100,15,183
5679,166,17,67,18,268
5680,298,33,68,16,415
5681,98,18,50,16,182
5682,100,32,67,18,217
5684,67,32,67,18,184
5686,67,34,83,17,201
5687,68,16,83,17,184
5689,102,16,100,16,234
5690,67,34,100,16,217
5691,99,17,101,16,233
5693,66,17,101,16,200
5695,66,16,68,16,166
5697,50,34,50,17,151
5698,67,34,82,18,201
5699,100,17,149,17,283
5700,84,17,149,17,267
5703,51,33,166,18,268
5704,166,33,69,13,281
5705,1618,33,99,18,1768
5706,67,34,65,17,183
5707,283,35,65,16,399
5708,68,32,202,14,316
5709,168,18,65,17,268
5710,799,34,99,16,948
5712,65,33,101,17,216
5713,49,33,101,17,200
5715,151,35,65,16,267
5716,300,33,102,16,451
5717,117,35,65,16,233
5719,83,35,65,16,199
5721,52,35,65,16,168
5722,68,31,66,17,182
5723,66,17,66,17,166
5724,66,34,66,17,183
5729,551,33,83,18,685
5731,168,17,65,18,268
5732,67,34,68,16,185
5733,101,15,52,16,184
5736,51,15,52,16,134
5737,101,16,51,15,183
5738,68,32,51,15,166
5739,99,17,185,15,316
5741,65,17,185,15,282
5742,83,15,68,16,182
5743,67,15,68,16,166
5744,150,17,51,15,233
5746,66,35,84,15,200
5748,52,16,84,15,167
5751,100,15,68,16,199
5752,65,34,68,16,183
5753,101,16,99,16,232
5755,68,16,99,16,199
5756,102,33,83,18,236
5757,99,17,83,18,217
5758,101,32,151,16,300
5759,298,18,82,19,417
5760,150,18,82,16,266
5763,65,17,67,18,167
5765,67,18,82,16,183
5766,51,18,82,16,167
5767,167,18,82,19,286
5768,51,16,101,17,185
5769,551,33,99,18,701
5770,65,33,100,16,214
5773,65,18,82,19,184
5774,84,16,102,15,217
5778,66,35,66,16,183
5783,53,32,98,19,202
5784,66,32,66,19,183
5785,99,17,51,17,184
5786,149,17,100,15,281
5787,66,17,51,17,151
5788,168,33,66,16,283
5789,300,17,133,16,466
5791,152,33,99,16,300
5792,102,33,66,16,217
5793,-96604,0,0,0,-96604
5794,70,33,66,16,185
5795,51,33,66,16,166
5796,67,33,99,16,215
5797,52,33,99,16,200
5798,66,33,99,18,216
5799,99,16,67,18,200
5800,98,34,133,16,281
5801,66,16,67,18,167
5802,65,34,133,16,248
5803,67,17,133,16,233
5804,150,17,83,17,267
5805,66,17,133,18,234
5806,67,35,98,18,218
5807,50,35,98,18,201
5808,51,17,98,18,184
5809,101,16,133,18,268
5811,98,17,66,19,200
5813,65,17,66,19,167
5816,151,17,81,19,268
5817,102,15,135,15,267
5818,551,16,101,16,684
5819,67,15,135,15,232
5820,65,35,81,19,200
5821,85,33,67,15,200
5823,50,33,67,15,165
5824,68,32,66,19,185
5826,65,35,83,15,198
5827,85,31,118,18,252
5828,98,33,169,17,317
5829,166,18,67,16,267
5830,99,34,51,18,202
5831,102,15,51,18,186
5832,64,34,51,18,167
5834,102,34,183,16,335
5835,83,34,183,16,316
5836,69,34,183,16,302
5840,67,33,66,17,183
5842,66,33,84,16,199
5843,52,33,84,16,185
5844,150,16,67,16,249
5845,100,16,101,16,233
5846,66,33,101,16,216
5848,50,16,101,16,183
5849,102,17,66,17,202
5850,84,17,66,17,184
5854,67,33,117,13,230
5856,150,16,67,16,249
5857,1016,32,83,17,1148
5858,50,17,66,17,150
5859,51,31,52,13,147
5860,84,16,67,16,183
5861,83,30,104,16,233
5862,50,16,67,16,149
5863,50,30,104,16,200
5864,169,33,201,16,419
5865,66,17,67,16,166
5866,67,32,133,17,249
5867,66,16,133,17,232
5868,53,16,133,17,219
5869,67,17,65,17,166
5870,67,33,201,16,317
5871,67,17,201,16,301
5872,150,17,102,16,285
5874,300,31,169,17,517
5875,66,16,101,18,201
5876,65,34,102,16,217
5877,65,17,102,16,200
5880,101,35,66,17,219
5881,66,18,67,17,168
5882,67,35,66,17,185
5883,68,17,66,17,168
5884,67,32,99,16,214
5885,102,17,65,16,200
5886,285,16,66,17,384
5888,97,34,152,13,296
5889,67,14,169,17,267
5890,65,34,152,13,264
5891,67,15,152,13,247
5892,283,16,51,17,367
5893,64,19,50,16,149
5894,69,31,69,17,186
5896,85,16,51,13,165
5897,69,16,51,13,149
5898,84,16,66,17,183
5899,51,34,66,17,168
5900,534,34,134,17,719
5901,67,13,53,16,149
5902,51,13,53,16,133
5903,66,16,66,18,166
5904,66,33,51,17,167
5905,66,16,51,17,150
5906,53,16,51,17,137
5907,66,16,101,15,198
5909,84,33,148,17,282
5910,101,33,51,14,199
5911,168,14,50,17,249
5912,101,32,83,17,233
5914,98,33,50,17,198
5918,51,14,50,17,132
5919,300,19,99,16,434
5920,52,16,84,16,168
5922,101,34,66,16,217
5923,100,16,66,16,198
5924,66,34,66,16,182
5926,52,16,66,16,150
5927,66,16,102,16,200
5928,549,20,98,15,682
5930,150,16,100,16,282
5931,99,19,99,16,233
5935,52,32,100,16,200
5936,51,16,100,16,183
5937,285,33,65,17,400
5938,66,33,65,19,183
5941,299,16,50,17,382
5942,66,32,102,17,217
5945,85,33,168,13,299
5946,51,17,66,17,151
5947,52,33,168,13,266
5948,167,33,50,17,267
5949,67,16,65,17,165
5951,167,20,98,15,300
5952,66,32,83,17,198
5953,65,16,83,17,181
5954,65,33,50,17,165
5956,102,30,68,15,215
5957,299,18,51,13,381
5959,83,35,67,16,201
5960,50,17,68,15,150
5961,85,33,66,17,201
5962,65,33,66,17,181
5963,52,33,66,17,168
5964,167,34,51,13,265
5967,167,17,65,17,266
5970,65,34,51,13,163
5971,299,16,168,16,499
5973,-99605,0,0,0,-99605
5974,51,17,65,17,150
5976,51,13,52,17,133
5978,65,34,99,17,215
5979,165,16,168,16,365
5980,102,33,50,18,203
5981,300,17,67,17,401
5982,150,18,83,17,268
5983,66,17,50,18,151
5985,299,18,100,15,432
5986,66,35,83,17,201
5987,-99837,0,0,0,-99837
5988,50,18,83,17,168
5989,51,32,150,18,251
5990,51,16,150,18,235
5992,165,35,100,15,315
5993,52,32,165,17,266
5994,51,17,165,17,250
5995,98,16,68,17,199
5996,81,16,68,17,182
5997,-100005,0,0,0,-100005
