序号,发送->接收,接收->转发,转发->接收,接收->处理,总计
1,73,33,51,17,174
2,51,33,51,17,152
3,67,32,67,16,182
5,65,36,97,19,217
6,68,17,97,19,201
7,115,17,119,17,268
9,83,17,119,17,236
11,80,17,152,17,266
12,82,35,134,15,266
13,66,35,134,15,250
14,50,35,134,15,234
15,68,32,85,17,202
16,120,33,66,16,235
17,86,17,66,15,184
18,84,33,66,16,199
19,51,17,66,15,149
22,66,17,150,16,249
23,66,33,267,16,382
24,52,33,267,16,368
25,66,32,85,16,199
26,98,17,52,16,183
27,81,17,52,16,166
30,66,17,67,16,166
33,117,16,69,16,218
34,116,36,132,16,300
35,83,16,69,16,184
37,134,32,132,19,317
39,68,33,64,18,183
40,101,16,132,19,268
43,82,15,51,16,164
44,68,15,51,16,150
45,82,17,84,17,200
46,66,17,84,17,184
47,67,32,168,18,285
49,51,16,168,18,253
51,65,36,64,19,184
52,68,17,64,19,168
53,100,33,53,15,201
54,116,35,132,19,302
56,100,16,132,19,267
58,68,16,132,19,235
60,67,15,51,17,150
61,53,15,51,17,136
62,66,16,66,19,167
63,151,14,85,18,268
64,66,17,98,16,197
65,51,17,98,16,182
67,66,33,85,18,202
68,67,14,85,18,184
69,64,34,69,15,182
70,84,35,65,17,201
71,67,35,65,17,184
72,64,19,65,17,165
73,85,18,115,16,234
75,69,31,68,16,184
76,84,33,136,16,269
77,65,33,136,16,250
79,83,16,132,17,248
81,68,32,100,17,217
82,51,32,100,17,200
83,119,17,64,18,218
84,82,35,64,18,199
88,83,33,68,16,200
89,66,33,68,16,183
90,99,18,83,17,217
92,66,18,83,17,184
93,69,32,100,16,217
94,118,34,81,16,249
96,84,34,81,16,215
97,66,34,81,16,197
98,84,32,65,17,198
100,52,32,65,17,166
101,66,32,101,16,215
102,81,33,100,17,231
103,81,16,100,17,214
104,65,16,100,17,198
105,65,34,119,16,234
106,66,17,119,16,218
108,68,16,66,19,169
109,68,32,103,14,217
111,66,34,69,14,183
112,82,35,65,16,198
113,66,35,65,16,182
114,69,16,65,16,166
115,69,34,131,18,252
116,86,31,67,16,200
117,83,17,67,16,183
118,64,17,67,16,164
120,147,34,84,16,281
122,84,33,52,14,183
124,84,34,84,16,218
125,66,34,84,16,200
126,67,16,84,16,183
128,51,32,68,17,168
129,134,34,215,18,401
130,65,18,67,16,166
131,84,16,67,16,183
132,82,34,215,18,349
134,134,16,67,17,234
135,83,17,116,17,233
136,66,17,116,17,216
138,66,16,67,17,166
140,68,14,51,17,150
142,66,17,83,18,184
143,84,17,67,15,183
144,65,17,67,15,164
146,118,32,117,18,285
148,84,32,117,18,251
149,67,32,117,18,234
151,118,15,118,18,269
152,84,32,118,18,252
153,66,32,118,18,234
154,68,15,118,18,219
157,66,35,134,16,251
158,84,32,67,18,201
159,118,18,67,16,219
160,51,32,67,18,168
161,102,32,101,17,252
162,67,18,67,16,168
163,67,32,101,17,217
164,102,17,66,17,202
165,85,17,66,17,185
166,68,17,66,17,168
168,52,32,67,16,167
169,150,17,66,17,250
170,66,17,66,17,166
171,66,33,151,16,266
172,83,33,66,17,199
173,67,33,66,17,183
174,83,34,84,16,217
175,66,34,84,16,200
177,67,32,68,15,182
178,51,32,68,15,166
180,66,16,234,18,334
181,65,35,66,17,183
182,68,16,66,17,167
183,52,16,66,17,151
184,117,34,99,18,268
185,85,16,133,18,252
188,68,17,99,18,202
189,85,15,85,15,200
192,65,17,52,15,149
193,83,16,68,14,181
195,67,33,83,17,200
196,51,33,83,17,184
197,116,17,85,17,235
198,132,17,100,17,266
199,99,34,100,17,250
200,81,34,100,17,232
203,65,33,67,17,182
204,51,33,67,17,168
205,67,35,116,16,234
206,68,17,116,16,217
207,68,32,151,16,267
208,51,32,151,16,250
209,67,34,117,16,234
210,99,17,84,16,216
212,83,33,67,16,199
213,84,16,67,16,183
215,66,34,116,18,234
216,101,16,83,18,218
217,67,33,83,18,201
218,67,16,83,18,184
220,83,34,67,14,198
221,66,34,67,14,181
225,68,33,233,18,352
226,51,33,233,18,335
228,51,34,66,16,167
229,83,16,84,16,199
230,68,16,84,16,184
231,100,33,118,14,265
232,102,17,118,14,251
233,82,17,118,14,231
234,66,17,118,14,215
236,67,16,85,14,182
237,50,16,85,14,165
238,67,16,52,14,149
239,66,34,83,17,200
240,101,14,118,17,250
242,68,14,118,17,217
243,52,14,118,17,201
245,83,17,67,15,182
246,98,17,100,17,232
248,84,34,66,17,201
249,68,34,66,17,185
250,67,17,66,17,167
252,85,32,83,16,216
253,68,32,83,16,199
258,66,17,100,17,200
259,99,34,135,14,282
260,66,16,68,17,167
261,82,17,135,14,248
262,117,33,117,17,284
265,101,33,101,16,251
266,84,33,101,16,234
267,118,17,99,16,250
268,102,17,99,16,234
269,84,17,99,16,216
270,67,17,99,16,199
271,51,17,99,16,183
272,52,31,119,16,218
274,83,33,67,16,199
275,66,33,67,16,182
276,52,33,67,16,168
277,84,17,66,17,184
279,66,34,149,16,265
281,67,32,68,16,183
283,66,34,167,16,283
284,82,34,65,19,200
287,68,33,51,15,167
288,51,33,51,15,150
289,67,32,68,16,183
290,69,16,68,16,169
292,68,15,67,17,167
293,51,15,67,17,150
294,84,33,83,16,216
297,101,33,83,17,234
298,84,33,83,17,217
299,67,33,83,17,200
300,51,33,83,17,184
301,83,16,135,16,250
302,82,35,65,18,200
304,100,17,67,16,200
307,51,17,67,16,151
309,83,17,66,16,182
311,83,17,100,17,217
312,67,17,100,17,201
313,51,17,100,17,185
314,50,33,367,16,466
315,66,34,66,16,182
316,84,33,82,19,218
317,67,33,82,19,201
318,132,17,51,16,216
319,67,33,68,16,184
321,66,33,51,16,166
322,66,17,51,16,150
324,65,19,66,17,167
325,68,32,118,15,233
327,67,34,199,18,318
329,66,34,65,17,182
330,67,17,65,17,166
332,83,32,67,16,198
334,67,15,67,16,165
335,50,15,67,16,148
336,100,17,68,15,200
337,82,17,68,15,182
338,65,17,68,15,165
339,50,17,68,15,150
341,84,17,65,17,183
342,85,32,366,17,500
343,51,17,65,17,150
345,151,17,182,16,366
346,82,34,50,17,183
347,82,17,50,17,166
348,101,17,182,16,316
350,67,17,182,16,282
351,51,17,182,16,266
353,84,17,66,16,183
354,67,17,66,16,166
355,99,34,132,17,282
356,66,17,166,17,266
357,66,34,132,17,249
360,84,32,101,18,235
361,99,34,67,18,218
362,83,34,67,18,202
365,83,16,100,17,216
367,84,17,66,17,184
369,67,32,151,18,268
370,50,32,151,18,251
371,100,34,83,18,235
373,83,17,83,18,201
375,68,34,67,15,184
377,68,32,67,18,185
378,51,32,67,18,168
379,83,18,166,16,283
380,66,18,166,16,266
381,67,32,68,16,183
384,68,17,82,17,184
386,52,33,200,16,301
389,64,35,101,16,216
390,66,17,101,16,200
391,66,33,117,16,232
392,50,33,117,16,216
393,51,17,117,16,201
394,67,17,83,16,183
395,67,34,131,18,250
396,85,33,150,15,283
397,68,33,150,15,266
399,67,32,66,18,183
400,68,16,66,18,168
401,83,16,66,18,183
402,67,16,66,18,167
403,66,32,52,15,165
404,66,16,52,15,149
406,66,16,68,16,166
407,84,15,51,17,167
408,68,15,51,17,151
409,102,33,67,16,218
410,84,33,67,16,200
413,68,34,66,16,184
414,101,17,265,18,401
415,83,17,265,18,383
416,67,17,265,18,367
417,50,17,265,18,350
419,82,17,83,16,198
420,66,17,83,16,182
421,82,18,65,19,184
424,168,15,51,17,251
425,83,16,100,18,217
426,67,16,100,18,201
427,65,33,212,11,321
428,68,14,212,11,305
429,52,14,212,11,289
430,83,33,100,17,233
431,118,17,65,17,217
432,64,17,100,17,198
434,66,17,65,17,165
435,68,34,87,34,223
436,134,28,93,17,272
437,69,31,155,17,272
438,51,31,155,17,254
439,65,45,93,17,220
440,66,28,93,17,204
442,104,48,67,17,236
443,105,33,67,17,222
444,73,48,67,17,205
445,60,33,67,17,177
447,66,34,100,18,218
448,65,17,100,18,200
449,117,16,52,16,201
450,82,33,52,16,183
451,100,34,83,18,235
452,67,16,52,16,151
453,83,17,83,18,201
454,101,33,133,32,299
458,51,17,133,32,233
459,51,50,83,32,216
460,83,17,66,32,198
461,67,17,66,32,182
463,67,35,67,30,199
464,67,19,67,30,183
465,83,52,81,16,232
466,66,52,81,16,215
467,66,36,81,16,199
468,86,30,67,17,200
469,67,30,67,17,181
472,68,16,119,31,234
473,64,33,133,18,248
474,101,17,52,31,201
475,101,33,66,18,218
476,83,33,66,18,200
478,66,17,66,18,167
481,52,47,69,16,184
483,135,16,200,19,370
485,51,18,82,17,168
486,134,17,84,33,268
487,118,17,84,33,252
488,100,17,84,33,234
489,82,17,84,33,216
490,68,17,84,33,202
491,66,32,100,18,216
492,99,19,64,18,200
493,101,16,85,30,232
494,85,16,85,30,216
495,117,33,67,32,249
496,68,33,284,32,417
498,83,18,67,32,200
499,82,49,66,17,214
500,85,30,66,17,198
501,51,49,66,17,183
502,52,30,66,17,165
503,67,18,116,15,216
504,67,48,68,15,198
505,80,16,68,15,179
507,66,36,66,34,202
508,65,19,66,34,184
509,101,34,133,34,302
511,52,50,133,34,269
514,84,32,67,34,217
515,68,32,67,34,201
517,66,17,117,33,233
518,101,17,100,33,251
524,51,33,98,17,199
525,67,33,65,17,182
526,51,33,65,17,166
527,99,17,83,17,216
529,66,17,83,17,183
530,50,17,83,17,167
531,65,35,116,17,233
533,67,33,83,17,200
534,83,17,182,17,299
535,68,17,182,17,284
536,51,17,182,17,267
537,83,50,99,17,249
538,84,34,99,17,234
540,83,17,82,17,199
541,115,18,199,16,348
542,67,50,199,16,332
544,66,18,199,16,299
545,67,32,100,18,217
546,82,34,149,19,284
547,101,34,67,32,234
549,82,18,67,32,199
551,100,18,166,16,300
552,51,32,83,19,185
554,68,49,52,32,201
556,68,16,52,32,168
557,67,35,82,16,200
559,67,17,115,16,215
560,68,48,67,16,199
561,52,48,67,16,183
562,68,16,67,16,167
563,65,33,67,18,183
566,83,33,135,16,267
567,67,33,135,16,251
568,101,49,68,16,234
570,68,49,68,16,201
571,51,49,68,16,184
572,84,33,51,33,201
573,84,16,51,33,184
575,101,16,182,18,317
576,66,18,66,17,167
577,68,16,182,18,284
578,51,16,182,18,267
579,118,50,217,32,417
580,101,50,217,32,400
581,66,17,67,16,166
583,51,50,217,32,350
584,66,18,217,32,333
586,67,48,135,17,267
588,51,32,135,17,235
589,65,34,84,17,200
592,67,17,67,17,168
593,135,17,149,33,334
594,67,33,66,17,183
595,84,34,149,33,300
597,67,17,149,33,266
598,67,49,100,33,249
599,51,49,100,33,233
600,66,17,100,33,216
601,99,33,101,17,250
602,82,33,101,17,233
603,167,34,67,17,285
604,99,18,101,33,251
606,66,18,101,33,218
607,67,33,68,33,201
608,51,33,68,33,185
609,67,34,67,17,185
613,51,50,82,18,201
615,84,33,65,17,199
616,50,17,98,17,182
617,115,18,100,33,266
618,51,17,65,17,150
621,99,35,66,32,232
624,67,18,66,32,183
625,83,50,99,17,249
626,100,18,99,17,234
627,167,33,84,17,301
628,66,18,99,17,200
629,66,32,133,18,249
630,50,32,133,18,233
631,65,34,218,17,334
633,99,33,51,17,200
634,67,16,84,17,184
637,66,18,83,16,183
638,67,50,67,17,201
640,67,17,67,17,168
641,51,17,67,17,152
643,102,17,66,33,218
644,300,16,117,18,451
645,67,17,66,33,183
648,101,49,116,19,285
650,66,49,116,19,250
651,98,33,102,32,265
654,99,17,68,32,216
655,66,34,68,32,200
656,66,17,68,32,183
657,67,33,117,18,235
659,51,16,117,18,202
660,66,19,132,16,233
661,68,32,100,16,216
662,51,32,100,16,199
663,67,34,66,16,183
664,51,34,66,16,167
666,66,18,65,17,166
667,68,16,149,17,250
668,299,18,83,16,416
669,99,34,66,17,216
670,66,17,84,16,183
671,515,17,101,32,665
672,66,17,66,17,166
673,67,33,67,16,183
674,101,16,101,17,235
675,100,34,134,32,300
676,100,17,134,32,283
677,100,32,102,32,266
678,301,49,83,17,450
679,67,32,102,32,233
680,66,16,102,32,216
681,66,35,83,16,200
684,101,49,52,31,233
685,52,33,132,18,235
686,1469,32,115,19,1635
687,151,49,83,17,300
688,66,16,52,31,165
694,100,49,101,32,282
695,68,17,66,17,168
696,66,49,101,32,248
697,51,49,101,32,233
698,67,17,101,32,217
700,66,17,250,33,366
701,67,32,133,19,251
703,66,35,66,16,183
704,66,18,66,16,166
705,165,19,115,16,315
706,68,16,85,31,200
707,67,34,182,18,301
711,85,49,132,18,284
712,68,49,132,18,267
713,51,49,132,18,250
714,101,49,66,18,234
715,68,17,65,18,168
716,149,32,52,32,265
717,165,18,66,17,266
718,68,16,66,18,168
720,65,18,65,19,167
721,100,18,66,17,201
722,100,34,167,31,332
723,285,48,69,16,418
725,50,34,167,31,282
726,100,17,118,31,266
728,117,34,98,17,266
729,68,34,84,31,217
730,83,34,98,17,232
731,101,31,84,18,234
732,66,19,98,17,200
733,99,19,117,16,251
736,100,17,69,16,202
737,150,33,66,33,282
738,101,18,67,32,218
740,83,17,66,16,182
743,52,33,66,33,184
744,85,32,67,16,200
745,149,17,67,16,249
747,65,17,66,16,164
748,66,50,67,16,199
749,82,17,67,16,182
750,99,16,68,16,199
751,300,33,117,16,466
752,534,33,167,33,767
753,166,34,151,32,383
754,84,33,133,16,266
755,67,33,133,16,249
756,550,35,83,33,701
758,67,17,100,16,200
759,166,33,117,16,332
760,84,33,101,17,235
762,167,18,98,16,299
763,67,33,85,32,217
764,83,33,117,16,249
765,99,35,98,16,248
767,101,17,97,18,233
771,52,32,115,19,218
772,116,34,68,16,234
773,98,34,68,16,216
774,166,33,167,33,399
775,101,32,136,31,300
776,65,18,68,16,167
777,98,19,117,31,265
778,101,33,167,33,334
779,85,33,167,33,318
780,69,33,167,33,302
781,84,49,66,18,217
782,52,16,167,33,268
783,52,49,66,18,185
785,65,35,83,33,216
786,84,31,85,17,217
787,69,31,85,17,202
788,51,31,85,17,184
790,101,50,100,32,283
791,65,18,100,16,199
792,548,19,65,18,650
793,552,33,67,32,684
794,67,17,100,32,216
795,101,17,66,16,200
797,84,33,116,16,249
798,83,17,116,16,232
799,50,33,116,16,215
801,99,33,68,33,233
802,165,18,66,17,266
804,82,34,183,17,316
805,65,34,183,17,299
806,99,18,66,17,200
809,68,33,100,16,217
810,300,50,66,18,434
811,67,33,67,16,183
812,84,17,66,17,184
813,66,17,66,17,166
815,533,33,87,31,684
816,67,17,65,19,168
817,67,33,51,33,184
818,167,50,66,18,301
819,66,32,52,17,167
820,101,33,67,32,233
822,68,33,67,32,200
823,51,33,67,32,183
824,166,17,83,18,284
825,52,50,66,18,186
826,167,48,51,17,283
828,151,31,51,17,250
829,82,17,83,18,200
831,66,18,99,17,200
832,67,48,51,17,183
833,150,49,102,16,317
834,52,31,51,17,151
835,66,35,250,32,383
836,83,16,100,16,215
837,165,33,87,31,316
838,52,16,100,16,184
839,51,49,102,16,218
842,83,33,87,31,234
844,171,31,82,18,302
847,51,33,149,18,251
848,67,36,63,17,183
849,51,36,63,17,167
850,100,49,101,17,267
851,52,31,82,18,183
852,550,32,68,15,665
853,50,49,101,17,217
855,66,33,68,17,184
856,100,33,65,17,215
857,67,18,98,17,200
858,166,17,134,17,334
859,166,18,65,18,267
860,67,34,131,18,250
862,67,48,134,17,266
863,52,48,134,17,251
864,65,17,134,17,233
866,66,50,134,16,266
867,167,17,199,18,401
868,100,18,66,18,202
869,68,33,66,18,185
871,169,16,66,16,267
872,50,33,68,16,167
875,300,17,116,17,450
876,102,50,82,18,252
877,68,16,66,16,166
879,101,32,68,15,216
881,965,33,50,17,1065
882,66,16,68,15,165
883,168,17,116,17,318
886,167,50,84,32,333
889,316,17,67,16,416
890,51,17,116,17,201
893,100,33,51,32,216
894,65,18,84,32,199
895,67,33,51,32,183
897,66,33,83,17,199
901,116,17,67,16,216
902,66,17,83,17,183
903,83,17,67,16,183
904,98,18,69,31,216
906,550,33,50,17,650
907,67,33,134,17,251
908,67,17,134,17,235
911,69,31,118,31,249
912,53,31,118,31,233
913,116,18,82,17,233
914,51,17,67,34,169
915,98,17,65,17,197
917,67,17,65,17,166
918,50,17,65,17,149
919,66,19,132,16,233
920,169,48,67,17,301
922,65,17,52,32,166
924,100,48,67,17,232
925,67,19,82,33,201
926,101,16,67,17,201
928,150,33,67,16,266
929,51,16,67,17,151
930,115,33,67,16,231
931,167,34,68,31,300
935,66,33,50,17,166
936,67,16,50,17,150
937,66,34,68,31,199
938,66,17,68,31,182
939,83,17,117,16,233
942,85,31,67,18,201
943,99,35,100,17,251
946,167,17,59,25,268
948,67,16,68,17,168
949,67,34,93,25,219
950,68,16,93,25,202
951,66,34,59,25,184
953,51,17,59,25,152
954,933,49,100,19,1101
956,76,25,65,17,183
957,59,25,65,17,166
958,98,18,66,18,200
960,56,18,66,18,158
962,65,17,51,16,149
963,66,33,67,16,182
964,300,17,68,17,402
965,66,18,150,32,266
967,100,34,67,32,233
969,67,34,67,32,200
970,65,18,67,32,182
975,67,32,84,17,200
976,79,33,68,17,197
977,66,33,68,17,184
978,65,17,68,17,167
979,65,35,66,16,182
982,52,16,166,17,251
983,168,17,134,31,350
986,166,17,85,31,299
987,100,17,134,31,282
988,66,34,134,31,265
989,67,17,134,31,249
991,153,33,132,17,335
993,165,34,67,17,283
995,84,33,132,17,266
997,52,33,132,17,234
999,65,34,67,17,183
1000,298,16,84,17,415
1001,67,33,100,17,217
1002,281,19,149,32,481
1003,67,34,166,19,286
1004,101,49,100,19,269
1005,67,17,133,16,233
1006,67,49,100,19,235
1007,51,49,100,19,219
1008,167,16,84,17,284
1009,100,17,117,33,267
1011,66,17,117,33,233
1012,50,17,117,33,217
1013,168,33,67,32,300
1014,67,16,84,17,184
1017,52,49,100,32,233
1018,300,16,168,32,516
1019,68,33,67,32,200
1020,82,17,50,32,181
1021,116,18,83,16,233
1025,99,34,103,14,250
1026,50,32,67,17,166
1030,101,16,168,32,317
1031,51,16,84,18,169
1033,66,37,81,16,200
1034,86,14,149,17,266
1035,70,14,149,17,250
1036,85,16,132,17,250
1038,101,16,66,17,200
1039,81,16,66,17,180
1040,67,16,66,17,166
1042,66,49,68,34,217
1044,99,17,68,17,201
1046,151,17,199,32,399
1047,100,34,66,33,233
1048,166,18,199,19,402
1051,68,17,199,32,316
1052,100,18,199,19,336
1054,2402,33,65,17,2517
1055,99,33,68,16,216
1056,65,17,117,32,231
1057,68,33,68,16,185
1058,152,16,68,32,268
1059,66,33,100,19,218
1060,100,18,65,19,202
1061,66,35,65,19,185
1062,67,18,65,19,169
1063,152,32,134,33,351
1065,51,49,68,32,200
1066,102,32,134,33,301
1067,65,19,81,17,182
1069,84,49,66,19,218
1070,68,49,66,19,202
1071,51,49,66,19,185
1072,98,17,51,33,199
1073,67,34,51,33,185
1074,66,17,51,33,167
1075,298,19,199,16,532
1076,167,50,84,31,332
1077,151,50,84,31,316
1081,52,33,134,31,250
1082,816,17,116,17,966
1083,51,50,84,31,216
1084,115,33,68,17,233
1086,99,16,68,17,200
1087,300,32,51,17,400
1088,102,49,84,16,251
1089,84,49,84,16,233
1090,283,18,82,16,399
1095,101,18,66,16,201
1096,52,32,84,16,184
1097,300,34,65,18,417
1098,83,34,67,16,200
1100,50,34,67,16,167
1101,68,32,51,17,168
1102,82,18,82,16,198
1103,101,16,65,18,200
1105,166,34,65,18,283
1106,100,50,82,17,249
1109,99,34,65,18,216
1111,66,34,65,18,183
1112,167,34,133,16,350
1113,85,48,102,17,252
1114,52,17,66,17,152
1117,65,18,66,18,167
1118,66,34,133,16,249
1119,50,34,133,16,233
1120,101,18,83,16,218
1121,52,50,83,16,201
1122,66,18,83,16,183
1124,50,17,66,16,149
1125,2134,33,67,16,2250
1126,167,50,83,17,317
1129,51,48,185,34,318
1131,65,18,133,17,233
1132,66,50,83,17,216
1133,100,33,67,17,217
1134,102,16,67,17,202
1135,101,33,217,16,367
1136,116,34,67,32,249
1137,63,33,217,16,329
1138,101,17,67,32,217
1140,166,16,84,16,282
1141,166,33,101,16,316
1143,85,48,84,16,233
1144,100,16,84,16,216
1147,66,33,101,16,216
1148,116,32,84,16,248
1150,84,32,84,16,216
1151,169,31,133,17,350
1155,165,18,82,17,282
1156,66,19,98,18,201
1159,99,18,82,17,216
1160,50,33,100,17,200
1161,64,18,82,17,181
1162,67,34,101,16,218
1163,67,18,101,16,202
1166,99,19,83,33,234
1167,102,17,66,33,218
1168,101,32,67,16,216
1169,800,33,168,33,1034
1170,54,17,66,33,170
1172,52,16,67,16,151
1173,65,18,99,16,198
1175,66,17,66,16,165
1176,100,16,66,17,199
1177,166,33,84,16,299
1178,66,16,66,17,165
1180,99,16,117,16,248
1182,165,18,84,33,300
1183,66,33,84,16,199
1186,67,50,84,33,234
1188,168,33,65,17,283
1189,100,34,68,19,221
1192,67,17,68,19,171
1193,84,33,65,17,199
1194,101,36,131,32,300
1196,104,46,67,18,235
1197,51,36,131,32,250
1198,69,46,67,18,200
1199,167,18,149,17,351
1200,100,16,83,16,215
1202,163,16,101,17,297
1204,167,18,66,17,268
1206,99,16,101,17,233
1207,83,16,101,17,217
1210,100,49,168,33,350
1212,534,34,66,15,649
1213,52,49,168,33,302
1214,101,17,134,33,285
1216,66,17,134,33,250
1218,99,16,84,18,217
1219,99,19,149,15,282
1220,101,50,198,17,366
1221,65,19,149,15,248
1222,67,50,198,17,332
1224,167,17,83,16,283
1225,102,33,66,16,217
1226,533,48,67,17,665
1227,68,33,66,16,183
1228,285,17,66,15,383
1229,66,33,83,16,198
1230,67,17,83,16,183
1233,99,33,85,33,250
1234,66,17,66,18,167
1236,285,33,67,16,401
1237,66,33,52,33,184
1238,168,17,66,16,267
1239,66,18,100,15,199
1241,51,34,66,15,166
1243,168,33,67,16,284
1245,98,35,84,32,249
1246,66,15,68,17,166
1247,66,35,84,32,217
1249,66,33,67,16,182
1250,50,33,67,16,166
1251,101,18,115,17,251
1254,68,48,67,17,200
1255,166,33,101,16,316
1256,917,34,82,16,1049
1258,67,48,86,31,232
1260,100,16,101,16,233
1261,302,33,132,18,485
1263,167,34,67,33,301
1264,285,17,67,16,385
1266,69,48,101,33,251
1267,53,48,101,33,235
1269,284,48,84,18,434
1270,82,32,152,16,282
1273,101,33,132,18,284
1274,85,33,132,18,268
1275,67,33,132,18,250
1276,66,18,132,18,234
1277,68,17,67,16,168
1278,51,17,67,16,151
1279,65,35,149,18,267
1280,67,18,149,18,252
1282,165,16,100,17,298
1283,52,48,84,18,202
1284,51,32,84,18,185
1286,66,48,100,17,231
1289,84,18,64,17,183
1293,52,48,102,16,218
1294,67,15,102,16,200
1295,64,34,68,16,182
1296,65,17,68,16,166
1297,66,33,67,17,183
1298,66,16,67,17,166
1299,67,19,150,33,269
1301,52,48,102,33,235
1303,551,16,101,33,701
1305,65,18,65,19,167
1307,68,34,82,16,200
1308,167,16,117,17,317
1310,149,33,84,17,283
1313,166,32,67,18,283
1314,302,17,65,17,401
1315,65,33,84,17,199
1316,50,33,84,17,184
1317,66,35,66,16,183
1321,101,33,51,17,202
1322,100,17,51,17,185
1323,99,18,115,17,249
1324,300,17,84,31,432
1325,67,18,115,17,217
1327,166,34,100,17,317
1328,552,16,248,19,835
1329,51,17,65,17,150
1331,99,34,100,17,250
1332,99,17,100,17,233
1333,65,34,100,17,216
1334,116,34,84,31,265
1335,66,33,118,31,248
1336,100,17,84,31,232
1337,67,34,84,31,216
1338,67,17,84,31,199
1339,100,34,99,17,250
1340,165,18,116,17,316
1343,67,17,82,17,183
1344,167,16,67,17,267
1345,67,33,116,17,233
1346,116,33,67,17,233
1348,82,33,67,17,199
1349,66,33,67,17,183
1350,68,16,67,17,168
1351,66,35,100,16,217
1352,67,18,100,16,201
1353,151,33,150,17,351
1356,101,33,150,17,301
1357,83,33,150,17,283
1358,68,33,150,17,268
1359,51,33,150,17,251
1360,67,49,101,17,234
1361,66,32,101,17,216
1363,166,17,67,31,281
1364,66,16,68,17,167
1365,150,48,84,17,299
1366,67,16,68,31,182
1369,68,17,67,31,183
1370,67,48,84,17,216
1371,51,48,84,17,200
1372,65,17,84,17,183
1373,84,49,66,17,216
1375,99,33,67,16,215
1376,168,17,116,17,318
1379,168,31,68,18,285
1380,51,33,83,16,183
1381,66,34,116,17,233
1382,67,17,116,17,217
1384,50,34,82,17,183
1385,99,35,68,31,233
1386,66,16,68,18,168
1387,65,35,68,31,199
1388,67,17,68,31,183
1389,99,18,65,17,199
1390,167,17,67,15,266
1391,68,18,65,17,168
1392,167,18,116,16,317
1394,100,17,67,15,199
1395,66,34,67,15,182
1396,99,18,116,16,249
1397,100,32,84,16,232
1398,67,18,116,16,217
1400,534,17,84,16,651
1402,1338,34,149,17,1538
1404,50,17,166,17,250
1405,84,16,251,32,383
1406,85,34,66,17,202
1407,66,34,66,17,183
1409,83,16,51,17,167
1413,66,17,66,17,166
1414,116,34,67,16,233
1416,82,34,67,16,199
1417,66,34,67,16,183
1419,66,33,67,17,183
1420,66,17,67,17,167
1422,68,49,83,16,216
1423,51,49,83,16,199
1425,67,17,134,16,234
1426,66,50,84,16,216
1427,50,50,84,16,200
1430,66,16,117,17,216
1431,100,18,65,17,200
1434,318,32,251,17,618
1435,52,33,66,16,167
1436,51,17,66,16,150
1437,51,49,68,16,184
1438,65,17,68,16,166
1439,66,33,51,33,183
1440,66,16,51,33,166
1441,167,34,117,31,349
1442,101,50,66,16,233
1443,51,33,116,16,216
1446,149,34,151,32,366
1447,66,34,117,31,248
1448,84,32,251,17,384
1449,67,32,251,17,367
1451,66,34,151,32,283
1453,66,34,82,18,200
1456,4540,34,198,17,4789
1457,51,48,118,17,234
1458,67,17,118,17,219
1459,65,35,83,17,200
1460,65,18,83,17,183
1461,538,17,135,16,706
1462,101,18,137,17,273
1463,52,50,137,17,256
1465,67,16,171,16,270
1466,66,49,72,17,204
1467,51,49,72,17,189
1469,65,18,137,17,237
1471,89,32,117,16,254
1472,73,32,117,16,238
1476,65,33,67,17,182
1477,50,33,67,17,167
1479,66,17,149,17,249
1480,166,34,134,17,351
1481,84,34,132,15,265
1482,101,32,100,15,248
1483,50,34,132,15,231
1484,67,32,100,15,214
1486,166,35,150,16,367
1487,99,17,135,16,267
1488,66,33,135,16,250
1491,50,33,102,16,201
1492,101,33,117,16,267
1494,68,33,117,16,234
1495,84,34,248,17,383
1496,68,34,248,17,367
1498,299,33,68,17,417
1500,66,35,65,18,184
1501,65,19,65,18,167
1502,67,32,68,16,183
1504,67,33,51,16,167
1505,51,33,51,16,151
1508,84,16,100,17,217
1509,50,32,100,17,199
1510,100,33,68,17,218
1511,283,33,67,16,399
1512,149,17,166,17,349
1513,116,34,166,17,333
1514,151,15,53,15,234
1515,101,17,166,17,301
1516,550,17,66,18,651
1518,51,17,166,17,251
1519,52,32,53,15,152
1520,51,15,53,15,134
1521,300,17,65,17,399
1522,300,32,68,16,416
1525,300,16,167,18,501
1526,167,33,66,17,283
1527,64,17,84,16,181
1528,66,34,66,17,183
1529,283,33,170,10,496
1531,67,17,84,15,183
1532,67,33,66,17,183
1533,299,18,66,16,399
1535,551,33,67,16,667
1536,67,32,68,16,183
1538,66,33,167,18,284
1540,100,33,170,10,313
1541,83,33,170,10,296
1542,68,33,170,10,281
1543,51,33,170,10,264
1544,550,18,100,16,684
1545,67,17,66,18,168
1546,100,32,71,10,213
1547,66,18,66,16,166
1548,67,32,71,10,180
1549,301,17,66,17,401
1550,66,34,83,17,200
1552,66,37,63,17,183
1553,51,37,63,17,168
1554,71,29,51,17,168
1556,549,18,82,17,666
1557,67,17,201,16,301
1558,63,34,67,15,179
1559,53,34,67,15,169
1560,51,17,67,15,150
1561,101,17,66,17,201
1562,101,33,67,16,217
1564,67,33,67,16,183
1565,166,16,101,16,299
1567,66,17,66,16,165
1569,51,34,83,15,183
1570,67,32,101,16,216
1573,65,18,100,16,199
1574,66,32,84,16,198
1575,82,35,65,18,200
1576,101,33,66,16,216
1577,101,17,66,16,200
1578,67,33,66,16,182
1580,51,17,66,16,150
1581,101,16,133,16,266
1583,318,32,201,17,568
1586,85,16,99,19,219
1587,50,33,99,19,201
1588,100,33,233,17,383
1589,51,33,85,14,183
1590,99,33,69,15,216
1591,65,17,233,17,332
1592,1816,16,250,20,2102
1593,82,33,119,16,250
1594,85,14,119,16,234
1595,167,18,65,17,267
1596,52,14,119,16,201
1598,101,34,65,17,217
1599,65,17,201,17,300
1600,68,34,65,17,184
1602,83,16,66,16,181
1604,67,32,84,18,201
1607,65,17,85,14,181
1608,66,34,116,17,233
1609,64,18,116,17,215
1610,68,34,232,16,350
1611,1818,32,118,17,1985
1614,51,14,101,17,183
1616,65,34,99,17,215
1619,50,33,100,16,199
1621,100,16,68,16,200
1623,100,17,234,16,367
1624,100,34,66,18,218
1625,66,17,234,16,333
1626,66,34,66,18,184
1627,66,18,66,18,168
1629,51,33,118,18,220
1630,100,33,101,16,250
1632,66,33,101,16,216
1633,100,16,68,16,200
1634,99,37,63,18,217
1635,166,16,67,17,266
1636,66,37,63,18,184
1641,65,16,67,17,165
1642,63,34,85,17,199
1643,534,17,153,10,714
1644,66,33,218,16,333
1645,67,16,218,16,317
1646,167,34,84,16,301
1647,101,17,81,17,216
1648,68,34,81,17,200
1651,52,31,67,16,166
1652,65,34,84,16,199
1653,66,16,84,16,182
1654,65,33,100,17,215
1655,67,17,100,17,201
1657,166,16,52,15,249
1658,1034,32,118,17,1201
1659,68,16,66,17,167
1660,51,16,66,17,150
1661,169,15,68,15,267
1662,67,33,52,15,167
1664,66,34,101,15,216
1665,66,17,101,15,199
1667,304,10,170,17,501
1668,52,15,68,15,150
1670,68,33,153,10,264
1671,66,17,153,10,246
1672,51,17,153,10,231
1674,99,33,54,10,196
1675,67,16,87,10,180
1676,66,33,54,10,163
1677,100,16,68,16,200
1679,103,10,170,17,300
1680,65,32,170,17,284
1681,71,10,170,17,268
1682,54,10,170,17,251
1683,100,18,100,17,235
1684,84,18,100,17,219
1685,4079,33,67,18,4197
1686,52,18,100,17,187
1689,100,18,66,16,200
1691,283,33,115,20,451
1693,85,32,101,16,234
1694,67,32,101,16,216
1695,167,18,99,16,300
1696,66,32,250,20,368
1697,65,16,250,20,351
1698,64,34,134,16,248
1700,50,16,134,16,216
1701,101,17,66,16,200
1702,302,32,118,17,469
1703,67,17,66,16,166
1705,100,17,134,17,268
1707,66,17,134,17,234
1708,101,33,133,17,284
1709,66,19,67,14,166
1710,101,34,99,17,251
1711,99,20,99,17,235
1712,68,34,99,17,218
1713,66,20,99,17,202
1714,99,32,118,17,266
1715,85,32,118,17,252
1716,66,32,118,17,233
1718,99,33,350,16,498
1721,67,16,350,16,449
1722,52,16,350,16,434
1724,298,34,51,16,399
1727,100,19,99,16,234
1728,66,35,99,16,216
1729,65,19,99,16,199
1731,52,32,67,16,167
1732,51,16,67,16,150
1733,68,17,131,19,235
1734,66,33,66,16,181
1735,99,16,66,19,200
1736,67,32,66,19,184
1737,66,16,66,19,167
1738,99,32,101,17,249
1739,99,16,101,17,233
1740,66,32,101,17,216
1741,66,16,101,17,200
1742,167,34,82,17,300
1743,68,16,66,17,167
1744,51,16,66,17,150
1746,152,16,184,15,367
1748,166,33,51,16,266
1749,300,15,52,16,383
1751,84,33,67,17,201
1752,51,16,184,15,266
1753,99,17,51,16,183
1754,66,33,51,16,166
1756,549,18,66,16,649
1757,65,18,66,18,167
1758,84,16,51,15,166
1759,51,33,51,15,150
1760,51,16,51,15,133
1761,102,15,52,16,185
1764,51,15,52,16,134
1765,2002,15,151,15,2183
1766,69,32,67,15,183
1767,116,34,166,16,332
1768,101,34,166,16,317
1770,99,32,83,19,233
1771,65,18,166,16,265
1772,300,33,66,17,416
1774,99,34,99,17,249
1776,65,34,99,17,215
1777,100,19,132,16,267
1778,67,35,132,16,250
1779,66,19,132,16,233
1780,69,32,67,16,184
1781,100,16,68,16,200
1782,67,32,68,16,183
1783,284,35,65,18,402
1785,99,17,66,17,199
1788,84,17,100,19,220
1789,100,17,67,19,203
1790,99,34,116,17,266
1791,550,35,100,16,701
1794,301,33,101,17,452
1795,51,33,100,18,202
1796,167,35,99,17,318
1797,85,32,151,16,284
1798,52,16,65,18,151
1799,51,32,151,16,250
1800,67,33,67,17,184
1803,85,32,67,17,201
1804,285,15,49,19,368
1805,52,32,67,17,168
1807,66,17,83,16,182
1808,66,33,101,17,217
1810,67,34,67,17,185
1811,151,32,49,19,251
1812,151,15,49,19,234
1813,100,17,65,16,198
1814,101,32,49,19,201
1817,51,32,49,19,151
1819,150,33,133,17,333
1821,83,33,67,16,199
1822,49,19,100,16,184
1823,52,33,67,16,168
1825,52,33,133,17,235
1826,66,34,82,17,199
1827,1984,33,51,15,2083
1828,100,33,200,16,349
1829,100,17,200,16,333
1833,66,17,66,17,166
1834,149,17,67,16,249
1835,549,34,68,16,667
1837,151,33,51,15,250
1839,83,34,84,15,216
1840,50,17,67,16,150
1842,50,18,84,15,167
1845,67,17,66,17,167
1846,167,31,53,14,265
1847,67,15,99,20,201
1848,300,32,68,17,417
1849,100,18,84,14,216
1850,299,34,68,16,417
1851,65,18,84,14,181
1852,68,31,53,14,166
1853,168,16,84,16,284
1854,52,14,53,14,133
1857,115,34,100,17,266
1858,167,34,68,16,285
1860,101,32,68,17,218
1861,98,16,68,17,199
1862,285,17,150,17,469
1863,66,16,68,17,167
1864,1033,36,131,18,1218
1866,66,34,134,17,251
1867,50,34,134,17,235
1868,68,34,100,17,219
1869,67,17,100,17,201
1870,100,33,101,18,252
1873,300,16,66,18,400
1874,65,35,150,17,267
1876,85,16,217,15,333
1877,117,33,151,15,316
1878,52,16,217,15,300
1879,167,17,83,15,282
1880,84,15,151,15,265
1881,67,15,151,15,248
1882,99,35,83,15,232
1883,82,35,83,15,215
1885,99,16,66,18,199
1886,51,17,83,15,166
1887,99,17,99,19,234
1888,67,33,99,19,218
1891,67,15,117,18,217
1893,167,18,150,17,352
1894,68,31,69,17,185
1897,67,16,133,17,233
1898,66,34,150,17,267
1899,67,18,150,17,252
1900,69,33,66,17,185
1901,83,33,84,17,217
1902,83,17,84,17,201
1903,168,17,66,17,268
1904,49,17,84,17,167
1905,99,16,68,16,199
1906,66,33,68,16,183
1907,67,16,68,16,167
1911,67,17,50,14,148
1912,68,33,84,14,199
1913,66,17,84,14,181
1914,298,34,133,17,482
1915,116,32,154,14,316
1916,99,32,154,14,299
1919,67,14,154,14,249
1922,66,36,131,18,251
1923,84,31,167,16,298
1924,101,33,67,18,219
1925,52,31,167,16,266
1926,569,32,99,19,719
1927,169,17,65,17,268
1928,64,34,133,17,248
1929,70,14,133,17,234
1930,53,14,133,17,217
1932,67,35,65,17,184
1935,66,16,66,18,166
1936,67,33,51,17,168
1939,100,17,234,16,367
1940,84,17,234,16,351
1942,51,17,234,16,318
1943,51,33,51,15,150
1944,68,33,84,17,202
1946,300,32,69,15,416
1947,68,15,68,17,168
1948,299,33,102,16,450
1951,66,17,67,16,166
1954,51,14,52,16,133
1955,166,16,69,15,266
1956,67,32,99,19,217
1957,82,34,65,19,200
1958,102,32,69,15,218
1959,101,16,69,15,201
1960,98,33,102,16,249
1961,888,32,50,19,989
1963,65,16,102,16,199
1964,65,36,66,16,183
1966,69,32,101,16,218
1967,52,32,101,16,201
1968,102,33,234,16,385
1969,83,33,234,16,366
1973,65,19,65,17,166
1976,50,17,67,16,150
1978,65,35,81,19,200
1979,165,19,50,23,257
1980,83,17,67,16,183
1982,101,34,50,23,208
1983,99,19,50,23,191
1984,66,34,50,23,173
1985,157,31,99,16,303
1987,305,17,50,17,389
1989,307,17,81,18,423
1991,57,31,99,16,203
1992,104,33,100,18,255
1993,54,33,66,16,169
1994,97,33,102,15,247
1995,298,18,66,16,398
2000,67,33,50,17,167
2001,100,17,81,18,216
2002,183,18,66,16,283
2003,167,18,66,16,267
2005,84,35,64,17,200
2006,50,17,133,16,216
2007,165,17,83,19,284
2008,81,18,66,16,181
2013,100,19,165,18,302
2014,66,35,165,18,284
2015,66,19,165,18,268
2016,551,17,166,16,750
2018,167,33,66,18,284
2019,86,32,182,17,317
2020,67,32,182,17,298
2021,52,32,182,17,283
2022,167,32,67,17,283
2023,51,33,99,18,201
2025,52,33,66,18,169
2026,66,34,82,17,199
2027,67,16,82,17,182
2028,67,32,67,17,183
2029,68,15,67,17,167
2030,66,34,67,17,184
2031,66,16,67,17,166
2032,66,33,84,17,200
2033,65,17,84,17,183
2034,67,34,133,17,251
2035,83,33,51,17,184
2037,101,17,66,17,201
2039,67,17,66,17,167
2041,166,16,117,17,316
2042,100,34,166,16,316
2043,283,35,98,19,435
2044,301,32,66,19,418
2045,66,17,166,16,265
2046,66,32,117,17,232
2047,65,16,117,17,215
2048,66,34,100,16,216
2049,99,17,151,17,284
2050,66,33,151,17,267
2052,67,34,68,15,184
2054,167,34,82,17,300
2055,67,17,84,17,185
2056,102,32,66,19,219
2057,50,35,98,19,202
2058,68,32,66,19,185
2059,52,32,66,19,169
2060,101,32,101,17,251
2061,68,17,82,17,184
2062,66,32,101,17,216
2063,168,16,66,16,266
2065,68,15,67,17,167
2066,66,33,83,17,199
2068,67,34,66,16,183
2069,66,16,66,16,164
2070,84,16,84,16,200
2072,534,33,116,17,700
2074,66,34,150,17,267
2077,68,16,66,16,166
2079,168,17,116,18,319
2080,66,33,235,16,350
2081,150,33,66,17,266
2082,66,33,68,16,183
2083,65,17,68,16,166
2085,166,17,268,15,466
2086,51,17,116,18,202
2087,52,33,66,17,168
2088,101,33,268,15,417
2089,283,33,83,17,416
2091,66,17,268,15,366
2092,83,18,65,16,182
2093,50,35,65,16,166
2095,52,33,99,16,200
2098,99,33,116,17,265
2099,165,16,67,17,265
2100,66,33,116,17,232
2101,67,16,116,17,216
2102,301,32,201,17,551
2103,51,33,83,17,184
2104,66,33,67,17,183
2106,66,35,98,18,217
2108,68,32,117,16,233
2109,167,17,66,16,266
2110,50,17,117,16,200
2111,50,34,233,16,333
2112,98,35,66,16,215
2113,51,32,134,16,233
2114,101,32,201,17,351
2115,67,17,66,16,166
2116,83,16,201,17,317
2119,99,17,67,16,199
2120,299,33,51,17,400
2121,66,17,67,16,166
2122,50,17,67,16,150
2124,68,32,67,17,184
2125,52,32,67,17,168
2126,100,34,66,16,216
2127,151,33,167,17,368
2128,81,18,66,16,181
2129,84,33,100,17,234
2130,84,16,100,17,217
2131,51,33,100,17,201
2132,100,33,51,17,201
2133,100,17,51,17,185
2134,66,33,51,17,167
2136,66,34,100,17,217
2137,67,16,100,17,200
2138,151,16,134,16,317
2139,68,17,100,16,201
2140,51,17,100,16,184
2141,299,18,66,16,399
2142,67,33,134,16,250
2144,50,16,134,16,216
2145,67,17,100,16,200
2146,99,35,100,16,250
2147,66,16,100,17,199
2148,66,35,100,16,217
2150,300,32,68,16,416
2151,68,16,67,16,167
2153,99,18,66,16,199
2155,83,33,167,15,298
2157,84,33,83,16,216
2158,51,17,167,15,250
2159,183,35,116,17,351
2160,50,16,83,16,165
2162,100,32,68,16,216
2165,83,35,116,17,251
2166,67,35,116,17,235
2169,100,17,50,17,184
2171,67,17,50,17,151
2172,66,33,99,19,217
2173,167,16,67,18,268
2174,300,32,167,17,516
2175,67,17,65,19,168
2178,166,34,133,16,349
2179,66,16,67,18,167
2180,299,33,67,17,416
2181,169,18,50,16,253
2182,51,17,65,16,149
2183,167,16,167,17,367
2185,98,18,50,16,182
2186,99,32,167,17,315
2187,101,16,167,17,301
2188,68,32,167,17,284
2189,165,17,67,17,266
2190,66,34,133,17,250
2191,50,34,133,17,234
2192,99,33,67,17,216
2195,65,17,67,17,166
2196,66,34,67,16,183
2198,50,17,67,16,150
2199,68,16,100,16,200
2201,67,17,66,16,166
2203,99,17,51,16,183
2205,516,34,51,15,616
2206,103,30,67,16,216
2207,66,21,97,16,200
2211,100,18,99,17,234
2212,97,33,66,17,213
2213,83,33,66,17,199
2214,67,33,66,17,183
2215,50,33,66,17,166
2216,50,17,66,17,150
2217,101,16,184,16,317
2218,66,33,184,16,299
2219,67,16,184,16,283
2221,101,16,117,16,250
2222,166,34,118,15,333
2223,99,17,100,18,234
2224,285,15,83,18,401
2225,1668,15,67,18,1768
2228,66,34,118,15,233
2229,66,18,118,15,217
2230,67,33,67,18,185
2233,51,34,51,15,151
2234,83,17,66,18,184
2236,167,34,83,17,301
2237,67,15,83,18,183
2238,99,34,68,17,218
2240,66,34,68,17,185
2241,98,18,83,17,216
2243,84,34,66,17,201
2245,50,34,66,17,167
2246,101,33,65,17,216
2247,52,33,250,17,352
2248,300,34,66,15,415
2249,532,18,67,17,634
2250,99,32,135,17,283
2251,98,16,135,17,266
2252,66,32,135,17,250
2253,99,19,81,18,217
2255,65,19,81,18,183
2256,68,33,66,17,184
2257,52,33,66,17,168
2259,52,32,185,16,285
2261,64,18,151,16,249
2265,101,17,132,17,267
2266,100,34,98,17,249
2268,283,17,98,19,417
2270,84,16,65,17,182
2273,52,32,68,17,169
2274,65,33,69,16,183
2275,65,16,69,16,166
2276,65,35,67,17,184
2277,100,17,165,16,298
2278,50,18,67,17,152
2279,85,33,98,19,235
2280,52,17,165,16,250
2281,102,17,64,19,202
2282,84,17,64,19,184
2283,167,15,67,16,265
2284,165,33,84,16,298
2285,101,14,67,17,199
2286,66,32,67,17,182
2287,100,15,67,16,198
2289,68,15,67,16,166
2290,66,33,84,16,199
2291,64,17,84,16,181
2292,101,33,53,14,201
2293,298,17,69,14,398
2294,300,34,84,16,434
2296,67,33,134,16,250
2298,86,14,51,17,168
2299,50,34,51,17,152
2300,99,36,99,16,250
2302,66,36,99,16,217
2303,65,17,99,16,197
2305,65,17,102,14,198
2306,51,17,102,14,184
2307,151,33,165,17,366
2308,65,34,84,16,199
2309,100,19,164,17,300
2311,67,19,164,17,267
2314,68,32,67,17,184
2315,68,16,67,17,168
2316,65,35,98,17,215
2317,51,35,98,17,201
2318,67,32,66,17,182
2319,67,16,66,17,166
2320,99,34,118,16,267
2321,99,17,118,16,250
2322,64,34,118,16,232
2323,65,17,118,16,216
2324,165,35,201,15,416
2325,66,16,133,17,232
2326,85,15,134,16,250
2327,101,15,67,17,200
2330,66,35,201,15,317
2331,1100,18,64,17,1199
2333,550,33,99,17,699
2335,167,15,116,18,316
2336,66,31,69,16,182
2337,101,17,67,15,200
2338,102,32,116,18,268
2340,100,35,81,18,234
2341,69,15,116,18,218
2342,104,31,68,15,218
2343,165,18,68,16,267
2344,298,35,66,17,416
2345,65,16,68,15,164
2347,285,33,65,17,400
2348,81,18,68,16,183
2349,300,17,99,17,433
2350,68,33,67,16,184
2353,167,18,66,17,268
2356,51,16,67,15,149
2357,100,18,66,17,201
2358,302,30,68,16,416
2360,67,33,65,17,182
2362,68,33,99,17,217
2364,66,32,67,17,182
2365,51,32,67,17,167
2366,101,31,52,16,200
2367,285,33,132,17,467
2368,68,31,52,16,167
2369,82,38,63,16,199
2371,302,17,99,17,435
2372,83,16,68,16,183
2373,84,33,101,17,235
2374,52,16,68,16,152
2375,100,19,198,17,334
2377,167,16,99,17,299
2378,68,33,83,17,201
2379,51,33,83,17,184
2381,52,33,132,17,234
2382,99,34,99,17,249
2383,166,16,85,16,283
2384,100,33,66,17,216
2385,68,17,99,17,201
2388,284,16,132,18,450
2389,167,16,65,19,267
2390,166,32,133,17,348
2391,149,32,133,17,331
2393,67,18,64,17,166
2394,166,35,132,18,351
2395,1751,32,66,19,1868
2397,50,32,133,17,232
2398,97,35,132,18,282
2399,65,16,135,15,231
2400,65,35,132,18,250
2401,101,16,134,16,267
2402,52,16,132,18,218
2403,68,16,134,16,234
2404,68,32,102,16,218
2405,166,17,66,17,266
2407,65,18,67,16,166
2408,166,34,99,18,317
2409,52,32,101,17,202
2410,67,35,66,17,185
2412,67,32,51,16,166
2414,167,33,67,17,284
2415,67,16,99,18,200
2416,66,33,101,16,216
2417,67,16,101,16,200
2418,51,16,101,16,184
2419,66,16,68,16,166
2420,66,33,67,17,183
2422,1350,16,52,14,1432
2425,51,32,66,17,166
2426,67,33,67,16,183
2427,66,16,67,16,165
2428,98,34,68,15,215
2429,99,17,68,15,199
2430,66,34,68,15,183
2431,99,18,85,14,216
2432,67,34,85,14,200
2434,68,34,51,14,167
2435,66,19,51,14,150
2439,117,35,65,18,235
2440,51,14,102,16,183
2441,168,15,68,17,268
2442,83,16,65,18,182
2444,52,16,65,18,151
2445,52,34,66,16,168
2446,951,16,52,14,1033
2450,66,33,165,18,282
2451,100,16,132,18,266
2452,68,33,132,18,251
2453,151,33,98,18,300
2454,66,34,82,16,198
2456,84,17,64,18,183
2457,67,17,64,18,166
2458,51,17,64,18,150
2460,98,36,66,15,215
2461,99,18,66,15,198
2462,100,31,137,13,281
2463,83,31,137,13,264
2465,52,31,137,13,233
2469,67,17,99,18,201
2470,67,33,66,18,184
2473,68,19,131,16,234
2474,70,29,70,15,184
2477,150,33,184,17,384
2478,99,32,67,17,215
2479,67,19,133,15,234
2480,70,32,67,17,186
2481,52,32,67,17,168
2482,67,33,184,17,301
2483,539,15,67,17,638
2484,65,34,67,15,181
2485,66,18,67,15,166
2486,101,33,116,16,266
2487,51,34,116,17,218
2488,166,35,65,17,283
2489,52,33,116,16,217
2491,50,33,165,19,267
2492,1604,34,65,17,1720
2493,51,32,100,17,200
2495,68,17,65,17,167
2496,520,16,67,16,619
2497,51,32,66,19,168
2502,85,14,156,17,272
2503,68,14,156,17,255
2505,75,46,66,18,205
2508,1039,34,68,32,1173
2510,166,33,134,17,350
2511,67,15,67,17,166
2512,51,15,67,17,150
2514,167,33,151,16,367
2515,298,17,85,17,417
2516,67,33,134,17,251
2518,65,34,100,17,216
2519,67,16,100,17,200
2520,84,16,151,16,267
2523,66,16,67,16,165
2524,100,33,234,16,383
2525,67,16,66,18,167
2526,67,33,234,16,350
2527,99,17,85,17,218
2531,83,33,100,19,235
2532,51,16,68,16,151
2534,67,35,99,16,217
2536,51,17,99,16,183
2537,51,33,133,16,233
2538,51,17,133,16,217
2540,65,34,134,17,250
2541,150,33,51,15,249
2542,166,34,67,18,285
2543,66,21,97,17,201
2544,71,30,84,15,200
2547,51,33,51,15,150
2549,66,17,67,18,168
2550,67,32,53,32,184
2552,51,15,53,32,151
2553,84,18,115,16,233
2554,165,35,66,16,282
2555,68,49,98,18,233
2556,53,49,98,18,218
2557,150,32,136,32,350
2559,147,34,66,16,263
2560,66,35,66,16,183
2561,83,32,136,32,283
2562,66,32,136,32,266
2563,51,32,136,32,251
2564,51,16,136,32,235
2566,100,32,68,17,217
2567,66,18,68,32,184
2572,68,32,184,17,301
2573,52,32,184,17,285
2574,68,33,67,15,183
2575,101,16,85,17,219
2577,101,17,67,17,202
2578,167,34,65,17,283
2579,300,16,65,18,399
2581,301,15,150,19,485
2583,166,17,67,17,267
2584,67,34,65,17,183
2586,52,17,65,17,151
2587,99,17,67,17,200
2588,66,33,67,17,183
2590,65,34,65,17,181
2591,102,16,65,18,201
2592,67,33,65,18,183
2593,101,15,150,19,285
2594,67,32,150,19,268
2595,67,15,150,19,251
2596,534,33,67,16,650
2597,65,16,68,15,164
2600,301,33,118,17,469
2602,100,36,149,16,301
2603,65,17,52,17,151
2605,65,19,149,16,249
2606,84,17,116,16,233
2607,53,33,116,16,218
2608,52,17,116,16,201
2609,52,33,83,16,184
2611,66,16,135,15,232
2612,65,34,67,17,183
2614,66,33,118,17,234
2615,83,34,101,14,232
2617,101,17,133,17,268
2618,67,34,133,17,251
2620,100,35,66,17,218
2621,51,32,84,17,184
2624,67,33,67,16,183
2625,52,33,67,16,168
2626,84,17,83,16,200
2627,83,34,98,18,233
2629,102,16,84,17,219
2630,165,35,67,16,283
2631,67,16,84,17,184
2633,66,16,51,17,150
2634,65,33,67,17,182
2635,66,16,67,17,166
2636,66,35,67,16,184
2637,67,17,67,16,167
2638,51,17,67,16,151
2639,51,32,51,17,151
2642,67,33,167,17,284
2644,167,33,52,32,284
2645,100,17,101,17,235
2646,66,33,101,17,217
2648,66,33,200,16,315
2649,65,17,200,16,298
2650,83,16,52,32,183
2652,50,16,52,32,150
2653,184,33,116,17,350
2654,68,17,231,17,333
2655,68,50,65,16,199
2656,52,50,65,16,183
2657,66,18,65,16,165
2658,67,32,83,18,200
2660,68,33,116,17,234
2661,83,33,83,17,216
2662,65,33,83,17,198
2663,50,33,83,17,183
2664,768,32,101,16,917
2666,68,32,167,16,283
2667,52,32,167,16,267
2669,66,17,68,16,167
2670,65,35,83,16,199
2673,167,17,67,16,267
2674,68,33,83,16,200
2675,51,33,83,16,183
2676,83,16,100,16,215
2677,100,17,67,16,200
2680,66,33,69,33,201
2681,99,17,134,17,267
2682,100,35,132,16,283
2683,67,17,134,17,235
2685,166,18,65,18,267
2686,69,33,131,18,251
2687,52,33,131,18,234
2688,100,34,65,18,217
2691,168,17,134,32,351
2692,99,32,51,17,199
2693,67,16,83,17,183
2694,67,32,51,17,167
2696,65,35,134,32,266
2697,66,17,134,32,249
2698,534,32,100,16,682
2699,285,33,101,16,435
2700,102,32,117,18,269
2701,100,16,117,18,251
2702,67,32,117,18,234
2703,99,19,82,18,218
2704,66,35,82,18,201
2705,83,32,101,16,232
2706,99,34,168,16,317
2709,168,16,69,16,269
2710,66,34,65,19,184
2712,101,32,69,16,218
2713,164,20,131,18,333
2714,67,32,69,16,184
2715,1533,16,51,16,1616
2717,50,19,66,32,167
2718,51,50,131,18,250
2719,283,33,149,18,483
2720,69,16,67,16,168
2722,51,50,65,18,184
2724,66,33,166,17,282
2725,150,32,84,17,283
2727,51,32,100,16,199
2728,65,35,65,16,181
2730,166,34,99,17,316
2735,165,18,83,17,283
2737,165,18,67,18,268
2738,51,17,99,17,184
2739,52,33,151,32,268
2740,67,33,83,17,200
2742,166,18,115,17,316
2743,64,18,67,18,167
2744,66,33,167,17,283
2745,51,33,167,17,268
2747,286,32,82,18,418
2748,85,48,67,17,217
2750,534,37,63,17,651
2752,66,33,85,17,201
2753,65,16,85,17,183
2754,65,34,133,16,248
2755,550,34,65,18,667
2757,166,17,133,16,332
2758,167,33,67,16,283
2759,67,17,65,16,165
2760,551,15,167,16,749
2761,99,17,133,16,265
2763,65,17,133,16,231
2764,98,34,100,16,248
2766,66,34,100,16,216
2767,66,18,100,16,200
2771,51,33,69,32,185
2774,67,35,81,17,200
2775,167,17,200,16,400
2776,69,32,299,17,417
2777,85,37,63,17,202
2778,104,29,200,16,349
2779,534,16,100,17,667
2780,98,34,65,19,216
2781,65,17,200,16,298
2782,66,34,65,19,184
2783,83,34,65,18,200
2784,63,34,65,18,180
2785,300,17,66,19,402
2786,550,16,67,17,650
2787,299,17,52,16,384
2788,1033,35,82,16,1166
2789,100,16,133,16,265
2793,66,16,66,17,165
2794,100,33,67,17,217
2795,65,17,67,16,165
2797,99,17,66,19,201
2798,166,35,65,17,283
2799,100,17,52,16,185
2800,67,33,52,16,168
2802,100,35,65,17,217
2803,67,16,51,16,150
2804,66,35,65,17,183
2805,69,16,65,17,167
2806,52,16,65,17,150
2809,98,15,135,17,265
2810,97,35,117,17,266
2811,66,15,135,17,233
2812,100,33,67,17,217
2814,84,16,67,17,184
2815,67,16,67,17,167
2816,101,34,67,18,220
2817,67,16,168,17,268
2818,66,34,67,18,185
2821,117,32,52,16,217
2822,51,17,100,17,185
2823,83,32,52,16,183
2825,68,14,52,16,150
2827,84,33,83,16,216
2828,67,33,83,16,199
2831,148,35,83,17,283
2832,67,32,101,16,216
2833,65,17,101,16,199
2834,66,33,68,16,183
2836,65,35,83,17,200
2837,301,18,82,17,418
2838,85,16,135,31,267
2839,51,33,135,31,250
2841,99,17,68,31,215
2842,100,33,117,16,266
2843,151,31,51,16,249
2844,67,33,117,16,233
2845,100,19,82,16,217
2846,167,32,67,17,283
2847,66,19,82,16,183
2848,99,35,82,17,233
2849,52,31,51,16,150
2850,101,32,67,17,217
2851,67,18,82,17,184
2852,82,16,67,17,182
2853,66,16,67,17,166
2855,50,34,184,14,282
2856,66,33,100,18,217
2857,100,16,85,33,234
2859,116,34,51,14,215
2860,66,33,52,33,184
2862,66,34,51,14,165
2863,66,17,51,14,148
2865,67,47,102,16,232
2866,52,47,102,16,217
2867,300,16,118,17,451
2869,83,32,100,16,231
2870,52,17,132,16,217
2871,98,18,82,17,215
2873,65,18,82,17,182
2874,97,35,166,18,316
2876,100,33,66,19,218
2877,84,33,66,19,202
2878,516,16,68,17,617
2879,100,16,118,17,251
2880,51,17,66,19,153
2882,166,35,117,17,335
2883,102,15,51,17,185
2886,52,15,51,17,135
2887,101,17,117,17,252
2888,67,35,117,17,236
2890,102,31,167,17,317
2892,100,34,101,15,250
2896,65,35,66,15,181
2900,50,18,148,18,234
2901,83,32,168,16,299
2903,66,17,168,16,267
2904,98,34,51,15,198
2906,99,34,67,16,216
2907,67,17,51,15,150
2909,66,18,67,16,167
2910,68,32,150,19,269
2911,51,32,150,19,252
2912,101,33,82,19,235
2913,85,33,82,19,219
2914,67,33,82,19,201
2915,98,19,67,14,198
2917,65,19,67,14,165
2918,99,35,66,16,216
2920,66,35,66,16,183
2922,67,31,100,18,216
2923,98,19,65,18,200
2924,66,35,65,18,184
2925,85,34,82,16,217
2927,86,31,51,16,184
2928,51,18,82,16,167
2929,53,31,51,16,151
2930,65,34,67,17,183
2931,67,16,67,17,167
2932,65,33,133,15,246
2933,117,33,66,15,231
2934,51,16,133,15,215
2935,83,33,66,15,197
2936,67,33,66,15,181
2938,51,16,66,15,148
2941,66,16,67,16,165
2942,66,34,134,17,251
2943,65,19,134,17,235
2944,167,34,67,15,283
2946,67,33,118,17,235
2947,52,33,118,17,220
2948,66,34,84,17,201
2949,83,34,67,15,199
2952,100,35,66,17,218
2955,68,17,66,17,168
2957,116,34,165,17,332
2958,67,34,84,15,200
2959,83,34,165,17,299
2960,66,34,165,17,282
2961,168,16,83,17,284
2962,51,17,165,17,250
2963,52,31,68,17,168
2964,65,34,67,16,182
2965,100,16,83,17,216
2966,83,16,83,17,199
2968,52,16,83,17,168
2969,98,17,135,16,266
2972,66,34,67,16,183
2974,67,34,67,16,184
2975,67,18,67,16,168
2976,68,33,50,17,168
2977,67,17,50,17,151
2978,67,34,66,17,184
2980,67,33,66,18,184
2981,51,33,66,18,168
2982,50,17,66,18,151
2983,51,33,100,16,200
2984,66,33,266,18,383
2985,67,16,266,18,367
2987,51,34,66,16,167
2989,83,33,100,17,233
2990,100,35,65,17,217
2991,65,17,100,17,199
2994,68,31,100,18,217
2995,67,16,100,18,201
2996,50,16,100,18,184
2997,67,17,66,18,168
2998,82,17,67,15,181
3000,51,17,67,15,150
3001,67,16,85,16,184
3003,299,18,59,12,388
3006,67,34,65,19,185
3007,67,16,65,19,167
3009,51,33,134,17,235
3010,99,35,67,17,218
3011,81,35,67,17,200
3012,65,35,67,17,184
3014,51,16,67,17,151
3015,151,25,63,16,255
3016,68,34,59,12,173
3019,68,17,121,15,221
3020,51,17,121,15,204
3022,59,29,67,15,170
3023,105,33,51,16,205
3024,72,16,65,19,172
3026,99,17,119,15,250
3027,99,35,84,15,233
3028,64,17,119,15,215
3029,84,16,84,15,199
3031,151,15,85,15,266
3032,101,18,100,17,236
3033,167,35,66,16,284
3035,150,17,66,16,249
3036,284,33,100,16,433
3037,151,15,50,18,234
3038,101,17,66,16,200
3040,66,17,66,16,165
3041,150,18,67,17,252
3043,101,34,67,17,219
3044,1434,18,64,17,1533
3045,82,18,67,17,184
3047,50,18,67,17,152
3048,833,16,134,16,999
3050,85,34,66,16,201
3051,67,34,66,16,183
3052,301,15,69,17,402
3053,100,33,67,16,216
3054,102,16,67,16,201
3056,150,34,116,17,317
3058,51,34,67,14,166
3061,165,34,152,16,367
3062,51,34,116,17,218
3063,67,32,84,17,200
3064,52,32,84,17,185
3065,66,32,69,17,184
3066,99,17,152,16,284
3068,67,17,152,16,252
3071,52,17,67,16,152
3072,119,31,52,16,218
3073,299,35,100,17,451
3074,167,16,66,17,266
3075,67,31,52,16,166
3076,66,15,52,16,149
3078,68,16,99,17,200
3079,83,16,66,17,182
3082,166,16,100,17,299
3083,69,30,67,17,183
3084,52,30,67,17,166
3085,150,16,67,17,250
3086,66,15,101,18,200
3088,299,18,65,19,401
3089,84,16,67,17,184
3090,50,33,67,17,167
3093,66,34,134,16,250
3094,100,16,83,18,217
3095,51,16,134,16,217
3097,51,16,83,18,168
3098,67,15,84,16,182
3099,850,16,67,19,952
3100,66,16,51,16,149
3101,66,35,65,19,185
3103,152,16,99,16,283
3104,116,35,99,16,266
3105,550,17,101,16,684
3106,102,16,99,16,233
3107,299,33,102,15,449
3108,68,16,99,16,199
3109,100,36,297,17,450
3110,167,17,67,19,270
3111,86,17,297,17,417
3112,67,17,297,17,398
3113,51,17,297,17,382
3114,53,31,167,17,268
3116,64,17,67,19,167
3117,64,34,100,17,215
3118,183,35,64,17,299
3119,1752,14,84,16,1866
3121,67,33,102,15,217
3122,50,33,102,15,200
3123,168,31,67,17,283
3125,67,35,64,17,183
3126,65,18,64,17,164
3127,51,18,64,17,150
3128,51,33,81,17,182
3129,68,31,67,17,183
3130,299,17,234,17,567
3132,50,34,66,18,168
3133,65,33,101,16,215
3134,66,17,101,16,200
3136,67,16,202,16,301
3138,68,16,100,17,201
3139,51,16,100,17,184
3140,167,16,67,19,269
3142,66,17,50,16,149
3146,67,16,67,19,169
3147,50,16,67,19,152
3149,68,32,51,16,167
3150,67,16,51,16,150
3151,51,16,51,16,134
3152,300,19,66,16,401
3153,51,13,52,15,131
3155,84,15,69,17,185
3157,303,33,100,16,452
3158,100,17,65,17,199
3159,67,34,65,17,183
3161,69,33,98,19,219
3164,298,19,65,16,398
3165,101,30,52,17,200
3167,68,30,52,17,167
3168,65,16,52,17,150
3169,66,36,66,15,183
3170,85,33,100,16,234
3172,166,19,65,16,266
3175,66,33,50,17,166
3176,98,19,65,16,198
3177,66,34,65,16,181
3178,165,19,167,17,368
3180,85,32,51,17,185
3182,52,32,51,17,152
3183,65,35,167,17,284
3184,65,19,167,17,268
3185,83,17,83,16,199
3187,51,17,83,16,167
3188,52,34,49,16,151
3189,67,32,85,14,198
3192,285,31,117,16,449
3193,100,31,67,17,215
3196,68,14,67,17,166
3199,64,34,151,17,266
3201,84,17,102,15,218
3202,65,17,102,15,199
3203,51,17,102,15,185
3204,532,17,65,19,633
3206,52,31,117,16,216
3207,51,15,117,16,199
3208,66,19,132,15,232
3211,51,17,132,19,219
3212,100,16,67,19,202
3214,66,16,67,19,168
3216,84,32,53,13,182
3217,152,13,100,17,282
3218,51,32,53,13,149
3219,86,14,84,16,200
3220,50,33,84,16,183
3221,51,14,84,16,165
3222,70,13,100,17,200
3224,64,17,66,17,164
3225,67,33,151,16,267
3226,980,34,66,18,1098
3227,152,17,65,19,253
3228,50,33,52,17,152
3229,66,36,82,16,200
3231,85,17,65,19,186
3232,68,17,65,19,169
3233,52,17,65,19,153
3234,52,33,51,14,150
3235,66,32,167,17,282
3236,66,16,167,17,266
3238,67,14,101,16,198
3239,51,14,101,16,182
3241,69,33,65,17,184
3242,83,32,117,15,247
3243,52,17,65,17,151
3244,52,32,117,15,216
3245,65,33,84,15,197
3247,300,31,103,15,449
3249,67,34,51,14,166
3250,67,18,51,14,150
3252,67,15,151,16,249
3256,116,35,83,16,250
3258,164,17,69,15,265
3259,67,35,83,16,201
3262,52,31,103,15,201
3263,50,16,103,15,184
3265,83,16,65,17,181
3267,52,16,65,17,150
3269,69,30,85,16,200
3270,98,19,65,17,199
3271,65,36,65,17,183
3272,66,19,65,17,167
3273,97,34,118,15,264
3274,51,31,134,18,234
3275,67,34,118,15,234
3277,165,33,101,17,316
3278,85,32,100,18,235
3279,51,17,84,15,167
3280,166,16,68,17,267
3281,66,34,66,18,184
3282,67,16,66,18,167
3283,66,33,101,17,217
3284,67,15,101,17,200
3286,100,15,52,16,183
3287,66,33,52,16,167
3288,66,15,52,16,149
3289,101,33,83,18,235
3290,84,33,83,18,218
3291,68,33,83,18,202
3293,101,33,52,16,202
3294,82,33,52,16,183
3295,99,35,65,17,216
3296,64,18,52,16,150
3297,517,16,83,17,633
3298,284,31,50,18,383
3299,299,34,84,17,434
3300,168,18,67,17,270
3301,52,16,149,18,235
3304,65,17,101,17,200
3306,65,18,67,17,167
3307,68,33,99,16,216
3309,67,34,65,16,182
3310,85,31,50,18,184
3311,67,31,50,18,166
3312,150,34,133,16,333
3314,99,18,67,17,201
3315,81,18,67,17,183
3316,64,18,67,17,166
3317,50,18,67,17,152
3318,50,34,133,16,233
3319,867,34,233,16,1150
3321,101,32,83,17,233
3322,52,34,66,16,168
3324,166,17,167,18,368
3326,99,17,99,17,232
3327,66,33,99,17,215
3328,99,17,167,18,301
3330,66,17,167,18,268
3331,66,33,68,16,183
3332,83,33,51,17,184
3333,1634,33,49,17,1733
3334,167,17,100,16,300
3335,66,35,84,16,201
3336,84,33,51,16,184
3342,84,32,84,16,216
3343,99,34,99,17,249
3344,51,32,84,16,183
3345,66,34,99,17,216
3346,148,33,51,16,248
3348,67,16,118,16,217
3349,66,34,84,16,200
3350,152,32,68,16,268
3352,50,33,51,16,150
3353,169,33,65,18,285
3354,66,18,100,16,200
3355,168,32,51,16,267
3356,83,35,82,16,216
3357,102,33,65,18,218
3358,50,35,82,16,183
3360,51,33,65,18,167
3362,66,16,51,16,149
3364,67,16,135,14,232
3366,67,16,68,15,166
3367,51,16,68,15,150
3368,50,34,233,16,333
3369,102,33,66,17,218
3370,84,33,66,17,200
3371,68,33,66,17,184
3372,150,34,99,18,301
3373,101,32,66,17,216
3374,1033,17,201,17,1268
3376,299,17,68,16,400
3377,298,34,118,16,466
3378,52,34,99,18,203
3379,98,34,51,16,199
3381,300,33,51,16,400
3383,99,34,65,19,217
3384,66,17,99,19,201
3385,85,16,65,19,185
3386,68,16,65,19,168
3387,51,16,65,19,151
3388,51,32,101,16,200
3393,52,15,118,16,201
3396,65,17,51,16,149
3397,100,34,132,18,284
3398,82,34,132,18,266
3399,66,34,132,18,250
3400,84,33,301,16,434
3401,51,16,132,18,217
3402,51,33,301,16,401
3403,51,16,301,16,384
3404,100,16,183,17,316
3406,67,16,183,17,283
3407,99,34,117,17,267
3408,68,15,168,17,268
3409,68,34,117,17,236
3410,99,17,100,17,233
3411,167,33,167,16,383
3413,68,33,134,17,252
3415,101,33,167,16,317
3417,100,34,133,16,283
3419,67,34,133,16,250
3420,50,34,133,16,233
3421,67,33,83,17,200
3422,101,16,67,16,200
3423,50,17,83,17,167
3424,67,16,67,16,166
3425,100,33,49,17,199
3427,149,17,201,17,384
3428,99,17,66,16,198
3430,67,17,66,16,166
3431,66,33,201,17,317
3432,66,17,201,17,301
3434,99,17,68,16,200
3435,66,33,68,16,183
3436,66,17,68,16,167
3438,67,17,82,18,184
3439,168,33,82,18,301
3441,68,34,66,16,184
3442,66,18,66,16,166
3443,67,33,217,16,333
3444,84,33,82,18,217
3445,67,33,82,18,200
3447,98,34,84,17,233
3448,67,16,118,17,218
3450,183,33,83,17,316
3451,283,17,118,16,434
3452,66,18,84,16,184
3453,101,34,116,17,268
3454,66,17,51,16,150
3455,67,34,116,17,234
3456,301,16,67,16,400
3458,84,32,301,17,434
3459,301,32,84,17,434
3460,99,17,99,18,233
3461,65,34,99,18,216
3462,65,17,99,18,199
3463,83,17,118,16,234
3464,67,17,118,16,218
3465,51,17,118,16,202
3466,51,34,100,15,200
3467,99,34,67,16,216
3468,100,16,67,16,199
3469,166,33,51,17,267
3470,67,16,67,16,166
3473,101,33,51,17,202
3474,99,17,51,17,184
3475,67,33,51,17,168
3477,65,34,166,17,282
3478,68,16,166,17,267
3479,67,34,83,16,200
3480,68,17,83,16,184
3484,66,17,100,17,200
3485,99,33,51,17,200
3489,66,34,170,14,284
3490,167,16,70,14,267
3491,67,34,136,14,251
3492,166,18,65,17,266
3493,101,33,70,14,218
3494,101,16,70,14,201
3495,100,34,65,17,216
3496,67,16,70,14,167
3498,100,20,97,17,234
3500,66,20,97,17,200
3502,54,29,68,17,168
3505,164,32,133,18,347
3506,66,17,50,17,150
3508,68,17,65,17,167
3509,85,17,82,16,200
3510,67,17,82,16,182
3511,1022,14,82,17,1135
3513,65,33,270,17,385
3515,65,33,102,16,216
3520,67,16,204,17,304
3524,51,44,59,15,169
3527,70,33,83,16,202
3529,59,32,116,17,224
3530,53,32,116,17,218
3532,83,33,66,17,199
3533,298,34,85,16,433
3534,150,34,133,16,333
3537,167,33,66,16,282
3538,82,34,133,16,265
3541,102,33,66,16,217
3542,51,34,83,16,184
3543,68,33,66,16,183
3545,67,32,67,17,183
3546,51,32,67,17,167
3547,99,33,184,17,333
3550,50,33,184,17,284
3551,67,33,101,16,217
3553,549,18,65,18,650
3554,85,33,83,17,218
3555,52,16,66,16,150
3556,51,33,83,17,184
3557,101,33,120,14,268
3558,66,16,67,16,165
3559,66,33,120,14,233
3560,167,16,217,16,416
3561,100,32,54,14,200
3563,67,32,54,14,167
3564,51,32,54,14,151
3565,100,34,82,17,233
3566,166,16,67,17,266
3567,66,34,82,17,199
3568,70,14,82,17,183
3569,167,33,133,17,350
3570,50,33,66,17,166
3571,67,32,67,17,183
3572,96,17,100,16,229
3573,99,33,133,17,282
3574,65,17,100,16,198
3575,66,33,133,17,249
3576,549,35,66,16,666
3577,67,34,67,17,185
3578,101,16,66,17,200
3579,67,33,66,17,183
3582,167,17,199,21,404
3583,84,15,101,16,216
3584,50,32,101,16,199
3586,167,18,83,17,285
3587,167,32,51,17,267
3588,66,17,199,21,303
3589,101,34,83,17,235
3590,67,17,166,21,271
3594,67,16,51,17,151
3595,166,34,67,16,283
3596,68,16,66,21,171
3597,66,34,53,13,166
3598,67,17,53,13,150
3599,51,17,53,13,134
3600,66,16,66,17,165
3601,66,34,67,16,183
3602,70,13,67,16,166
3603,166,33,67,17,283
3607,184,16,317,16,533
3608,51,33,84,16,184
3609,68,33,67,17,185
3610,301,18,66,17,402
3612,66,17,184,18,285
3613,300,34,83,16,433
3615,100,34,83,18,235
3619,67,32,69,16,184
3620,99,18,82,18,217
3621,534,32,52,17,635
3622,100,18,66,17,201
3624,67,18,66,17,168
3625,69,32,67,16,184
3627,66,34,83,16,199
3629,66,33,66,16,181
3630,149,35,65,17,266
3632,51,33,101,14,199
3633,99,35,65,17,216
3635,66,35,65,17,183
3636,50,35,65,17,167
3637,101,32,67,17,217
3638,65,19,66,17,167
3640,52,32,67,17,168
3641,65,34,100,17,216
3643,99,33,101,17,250
3644,52,33,67,17,169
3645,67,33,101,17,218
3647,84,16,67,17,184
3649,51,16,67,17,151
3650,117,34,65,16,232
3651,101,34,65,16,216
3652,83,34,65,16,198
3655,52,17,65,16,150
3657,66,33,168,13,280
3658,66,16,168,13,263
3660,67,17,116,19,219
3661,66,34,82,19,201
3663,51,16,82,19,168
3664,152,33,66,16,267
3665,84,17,100,17,218
3666,98,19,99,16,232
3667,50,17,100,17,184
3668,65,19,99,16,199
3669,66,33,66,16,181
3670,51,33,66,16,166
3671,67,33,82,19,201
3672,167,19,83,17,286
3676,66,16,100,19,201
3678,84,32,84,17,217
3679,68,32,84,17,201
3680,52,32,84,17,185
3681,1134,34,101,16,1285
3682,51,32,52,17,152
3683,64,36,65,16,181
3684,68,17,65,16,166
3686,52,33,83,18,186
3688,98,17,100,16,231
3689,65,33,100,16,214
3690,166,16,118,18,318
3691,499,32,101,16,648
3692,68,18,114,17,217
3693,51,18,114,17,200
3696,300,15,68,16,399
3701,100,36,65,17,218
3702,51,33,51,16,151
3703,66,36,65,17,184
3704,68,18,65,17,168
3705,69,31,51,15,166
3707,51,16,51,15,133
3708,299,17,84,17,417
3713,66,34,116,17,233
3714,99,17,83,17,216
3715,68,33,83,17,201
3716,67,17,83,17,184
3717,67,32,101,16,216
3718,100,17,66,16,199
3722,67,17,84,17,185
3723,101,33,117,16,267
3724,99,17,117,16,249
3726,167,17,117,15,316
3727,66,35,98,17,216
3729,68,33,150,15,266
3731,101,32,302,16,451
3733,66,32,302,16,416
3735,65,33,67,17,182
3737,65,34,118,16,233
3739,85,15,135,15,250
3740,50,33,135,15,233
3742,67,17,101,15,200
3743,67,33,68,15,183
3744,550,31,68,17,666
3745,67,34,101,16,218
3746,167,18,200,16,401
3749,50,18,67,16,151
3752,67,18,200,16,301
3756,51,33,66,17,167
3758,116,33,68,16,233
3759,66,33,68,16,183
3760,150,33,100,17,300
3761,66,33,68,16,183
3762,67,16,68,16,167
3763,166,35,64,19,284
3764,66,18,81,19,184
3765,68,33,100,17,218
3766,300,17,200,16,533
3767,68,32,99,19,218
3768,51,32,99,19,201
3769,164,35,50,17,266
3773,68,31,68,17,184
3774,550,35,87,14,686
3778,65,17,100,16,198
3780,66,17,200,16,299
3782,51,33,66,18,168
3783,67,33,101,16,217
3784,934,16,66,16,1032
3786,101,16,67,16,200
3788,83,34,66,16,199
3789,51,16,67,16,150
3790,300,18,87,14,419
3792,99,17,254,14,384
3793,100,35,81,16,232
3794,315,36,64,17,432
3795,165,33,122,14,334
3796,85,32,165,22,304
3798,285,32,84,17,418
3799,50,17,165,22,254
3800,51,32,68,16,167
3801,64,33,122,14,233
3802,66,16,122,14,218
3803,65,35,87,14,201
3804,65,18,87,14,184
3805,1018,17,100,17,1152
3806,116,36,64,17,233
3807,100,36,64,17,217
3808,167,16,52,17,252
3809,65,36,64,17,182
3810,71,14,64,17,166
3812,167,17,82,16,282
3813,68,32,52,17,169
3814,1799,13,152,16,1980
3815,98,35,82,16,231
3816,66,17,68,16,167
3817,66,35,82,16,199
3821,68,33,65,17,183
3822,66,17,65,17,165
3823,299,34,83,17,433
3825,65,33,152,16,266
3827,65,33,135,17,250
3828,100,16,101,17,234
3830,67,16,101,17,201
3832,50,35,66,17,168
3833,53,16,66,17,152
3834,51,34,98,16,199
3836,82,34,83,17,216
3837,66,34,83,17,200
3838,1983,34,149,18,2184
3839,66,32,134,16,248
3841,66,33,134,17,250
3843,300,32,168,17,517
3844,166,17,133,17,333
3846,118,33,133,17,301
3847,167,34,166,17,384
3849,66,33,133,17,249
3853,66,34,166,17,283
3854,101,17,65,18,201
3855,67,34,65,18,184
3856,67,17,65,18,167
3857,100,33,67,17,217
3859,66,33,67,17,183
3860,66,16,67,17,166
3861,167,33,66,17,283
3865,67,35,166,16,284
3867,301,33,99,15,448
3868,83,32,101,16,232
3869,151,16,83,19,269
3870,51,32,101,16,200
3871,65,34,67,16,182
3873,66,33,83,19,201
3875,169,33,99,15,316
3876,99,17,167,15,298
3877,67,33,167,15,282
3879,67,35,81,18,201
3880,66,19,81,18,184
3881,101,32,67,15,215
3882,167,17,99,18,301
3884,52,32,67,15,166
3885,548,17,66,17,648
3887,66,33,99,18,216
3888,66,17,99,18,200
3889,67,33,66,18,184
3890,51,33,66,18,168
3891,66,33,51,17,167
3892,83,33,133,18,267
3894,67,17,133,18,235
3895,66,35,66,16,183
3897,101,33,99,17,250
3898,52,33,183,16,284
3899,101,32,67,17,217
3900,66,17,99,17,199
3901,165,34,67,16,282
3902,65,16,67,17,165
3903,65,34,84,16,199
3904,67,16,84,16,183
3905,50,16,84,16,166
3907,67,34,67,16,184
3911,51,16,185,16,268
3912,50,34,66,20,170
3913,153,13,152,16,334
3914,100,16,133,18,267
3915,100,33,152,16,301
3916,102,13,152,16,283
3918,100,17,66,18,201
3919,53,13,152,16,234
3921,85,16,50,17,168
3924,83,35,116,16,250
3925,66,35,116,16,233
3927,167,32,117,17,333
3928,52,33,83,16,184
3929,52,16,83,16,167
3930,66,15,52,16,149
3931,167,33,66,16,282
3932,99,16,117,17,249
3933,299,34,82,18,433
3934,67,16,117,17,217
3935,551,18,150,16,735
3936,51,35,148,17,251
3937,83,17,66,16,182
3939,51,17,66,16,150
3940,100,17,66,16,199
3941,66,33,66,16,181
3942,66,17,66,16,165
3943,98,34,116,18,266
3945,99,34,82,18,233
3946,66,17,116,18,217
3947,100,32,151,17,300
3949,68,32,151,17,268
3950,169,14,151,17,351
3951,51,15,151,17,234
3952,100,18,149,18,285
3953,167,33,67,16,283
3955,151,17,67,16,251
3956,68,14,151,17,250
3957,101,33,67,16,217
3959,67,33,67,16,183
3961,51,17,67,16,151
3962,82,35,150,16,283
3963,100,33,133,17,283
3964,66,18,150,16,250
3965,151,16,66,17,250
3966,67,17,133,17,234
3967,51,17,133,17,218
3969,66,34,66,17,183
3972,100,16,68,16,200
3974,66,16,68,16,166
3976,66,16,102,16,200
3977,66,35,83,15,199
3978,84,32,51,15,182
3979,68,32,51,15,166
3980,51,32,51,15,149
3981,51,16,51,15,133
3982,86,31,135,13,265
3984,51,31,135,13,230
3986,167,17,82,18,284
3987,99,33,166,16,314
3990,100,17,82,18,217
3991,532,35,66,16,649
3994,64,19,133,17,233
3995,66,33,100,17,216
3997,65,35,99,18,217
3999,68,32,67,18,185
4000,150,33,102,15,300
4001,67,33,101,16,217
4002,50,33,101,16,200
4003,65,34,232,19,350
4004,67,17,232,19,335
4005,85,15,102,15,217
4006,102,16,165,19,302
4008,100,16,68,16,200
4009,167,33,100,16,316
4010,65,16,68,16,165
4011,66,36,97,19,218
4013,68,32,100,16,216
4015,68,33,100,16,217
4020,49,35,66,16,166
4021,83,17,66,17,183
4022,100,17,68,17,202
4024,283,32,100,18,433
4026,100,18,82,17,217
4027,83,18,82,17,200
4029,68,30,69,17,184
4031,100,34,150,16,300
4032,68,15,51,17,151
4033,65,34,150,16,265
4035,69,34,116,16,235
4036,66,17,116,16,215
4038,108,11,64,18,201
4040,99,18,65,17,199
4041,165,35,83,17,300
4042,65,18,65,17,165
4043,100,33,67,18,218
4045,164,35,99,17,315
4046,50,33,67,18,168
4047,65,35,83,17,200
4048,100,16,51,17,184
4049,301,33,133,16,483
4050,66,16,51,17,150
4051,67,35,99,17,218
4052,50,35,99,17,201
4053,67,33,66,17,183
4054,67,17,66,17,167
4055,51,17,66,17,151
4056,50,33,84,16,183
4058,66,17,67,16,166
4060,51,33,83,17,184
4061,166,35,65,16,282
4062,150,35,65,16,266
4063,67,33,133,16,249
4064,284,33,182,16,515
4065,67,33,67,16,183
4066,82,35,65,16,198
4068,50,35,65,16,166
4071,300,33,66,17,416
4072,98,17,101,16,232
4076,85,33,182,16,316
4077,299,35,100,17,451
4079,52,16,182,16,266
4081,165,33,168,17,383
4083,165,33,119,16,333
4085,534,31,84,17,666
4086,149,35,100,17,301
4087,66,33,168,17,284
4089,99,35,100,17,251
4093,68,33,104,13,218
4095,172,30,66,16,284
4096,68,16,71,13,168
4097,167,32,117,18,334
4099,67,37,96,16,216
4100,67,20,96,16,199
4101,167,33,83,16,299
4103,67,32,117,18,234
4104,100,16,83,18,217
4105,62,34,83,18,197
4106,99,17,83,16,215
4107,949,17,66,17,1049
4108,101,16,167,17,301
4109,67,33,167,17,284
4110,117,31,84,17,249
4111,83,18,115,17,233
4112,85,31,84,17,217
4113,68,31,84,17,200
4115,101,33,101,15,250
4116,84,33,101,15,233
4117,66,33,101,15,215
4118,51,33,101,15,200
4120,67,17,68,15,167
4122,67,17,82,19,185
4123,168,33,182,16,399
4124,100,17,68,16,201
4126,550,33,100,17,700
4127,101,33,182,16,332
4128,66,19,81,19,185
4129,100,33,66,17,216
4130,52,33,182,16,283
4131,101,34,115,16,266
4132,52,33,66,17,168
4133,66,34,115,16,231
4134,65,19,115,16,215
4135,99,34,65,17,215
4136,83,34,65,17,199
4137,66,34,65,17,182
4138,51,34,65,17,167
4141,67,32,67,18,184
4143,65,34,184,16,299
4145,166,34,66,16,282
4147,67,34,133,16,250
4148,101,16,100,16,233
4149,67,33,100,16,216
4150,101,16,66,16,199
4151,67,34,66,16,183
4154,166,17,66,17,266
4155,100,34,99,17,250
4157,100,33,66,17,216
4159,67,33,66,17,183
4160,100,16,100,17,233
4162,101,16,67,17,201
4163,149,17,101,17,284
4164,100,17,134,17,268
4165,100,33,101,17,251
4166,66,17,134,17,234
4167,67,33,101,17,218
4168,66,17,101,17,201
4169,50,17,101,17,185
4170,800,17,83,16,916
4171,551,15,67,18,651
4174,284,33,149,17,483
4175,67,33,134,16,250
4177,551,16,133,17,717
4179,66,32,135,16,249
4180,67,14,135,16,232
4181,99,35,66,16,216
4183,66,35,66,16,183
4184,83,33,267,15,398
4185,85,17,267,15,384
4187,51,17,267,15,350
4190,99,19,81,17,216
4191,66,35,81,17,199
4192,66,19,81,17,183
4194,52,31,135,15,233
4195,116,17,68,15,216
4196,68,16,51,15,150
4197,81,17,68,15,181
4199,150,17,134,16,317
4200,67,15,67,18,167
4203,83,17,134,16,250
4204,65,17,134,16,232
4205,50,17,134,16,217
4206,69,16,133,17,235
4208,118,33,66,17,234
4209,51,15,68,16,150
4210,83,33,66,17,199
4211,67,33,66,17,183
4213,167,33,67,17,284
4214,299,17,66,16,398
4215,299,35,67,15,416
4217,66,33,100,17,216
4218,50,33,100,17,200
4219,99,34,83,17,233
4221,66,34,83,17,200
4222,549,34,85,16,684
4223,51,16,83,17,167
4225,67,34,83,16,200
4226,99,17,66,16,198
4227,550,17,117,16,700
4228,99,19,67,15,200
4229,102,31,118,16,267
4230,100,16,118,16,250
4231,99,36,131,17,283
4232,1466,18,66,17,1567
4236,52,31,67,16,166
4237,167,34,67,16,284
4239,98,33,68,16,215
4240,99,17,68,16,200
4243,99,34,82,17,232
4244,66,17,67,16,166
4245,101,33,99,17,250
4246,167,17,85,16,285
4247,101,32,67,17,217
4249,99,34,85,16,234
4250,167,17,117,16,317
4251,65,34,85,16,200
4252,83,33,201,16,333
4253,151,16,233,17,417
4254,50,33,201,16,300
4255,301,34,100,17,452
4256,2718,33,165,19,2935
4257,85,16,233,17,351
4259,99,36,66,16,217
4260,168,16,51,16,251
4262,99,16,67,18,200
4265,286,15,100,17,418
4267,299,32,85,16,432
4268,101,16,100,17,234
4269,85,16,100,17,218
4270,67,16,100,17,200
4271,2000,33,85,16,2134
4272,51,33,232,18,334
4274,66,15,101,16,198
4276,66,17,66,16,165
4278,116,32,85,16,249
4280,99,16,85,16,216
4281,66,32,85,16,199
4283,151,16,67,17,251
4284,68,15,101,17,201
4286,67,16,151,16,250
4287,51,16,151,16,234
4288,82,34,83,16,215
4289,51,16,67,17,151
4290,50,34,83,16,183
4293,51,16,198,19,284
4295,67,32,68,16,183
4296,82,33,99,19,233
4297,66,33,99,19,217
4298,49,33,99,19,200
4300,100,17,132,18,267
4301,50,18,64,19,151
4303,99,37,64,18,218
4308,101,16,67,16,200
4309,168,34,66,17,285
4311,82,17,66,17,182
4312,1033,16,134,16,1199
4315,167,34,82,18,301
4316,65,18,66,17,166
4317,66,34,66,17,183
4318,68,17,66,17,168
4320,535,16,66,17,634
4321,100,33,67,17,217
4323,166,33,66,17,282
4324,167,16,66,17,266
4326,84,33,134,16,267
4327,165,34,51,20,270
4328,65,18,134,16,233
4329,551,16,83,17,667
4331,66,32,69,16,183
4332,67,16,69,16,168
4336,50,35,66,16,167
4337,51,18,66,16,151
4338,299,17,68,17,401
4339,101,33,100,17,251
4340,166,19,81,17,283
4342,66,17,100,17,200
4343,1031,31,69,14,1145
4345,6839,33,67,17,6956
4347,166,34,51,16,267
4348,165,17,51,16,249
4349,50,16,66,17,149
4350,100,17,68,17,202
4351,65,33,68,17,183
4354,150,34,99,16,299
4357,68,33,83,17,201
4358,167,17,99,17,300
4360,50,34,99,16,199
4361,67,33,100,16,216
4362,99,17,99,17,232
4363,67,33,99,17,216
4364,67,17,99,17,200
4365,1999,35,66,17,2117
4366,83,34,67,16,200
4367,66,34,67,16,183
4368,50,34,67,16,167
4370,148,35,66,18,267
4371,101,31,119,17,268
4374,166,17,134,16,333
4376,168,17,99,16,300
4379,301,35,66,15,417
4380,301,16,66,15,398
4381,66,35,99,16,216
4382,68,17,99,16,200
4383,100,34,66,16,216
4385,67,34,66,16,183
4386,65,18,66,16,165
4387,300,31,69,14,414
4389,100,33,101,15,249
4390,51,33,68,16,168
4391,66,33,101,15,215
4392,166,18,117,17,318
4394,69,16,66,15,166
4397,68,33,117,17,235
4398,64,18,117,17,216
4400,65,19,100,14,198
4401,98,36,131,17,282
4404,285,33,100,15,433
4405,1034,31,52,14,1131
4406,550,34,66,15,665
4407,551,18,66,15,650
4408,64,19,65,17,165
4411,65,33,68,17,183
4412,67,17,68,17,169
4413,65,35,133,16,249
4414,66,18,133,16,233
4415,68,33,165,19,285
4417,101,34,66,15,216
4419,1033,34,166,16,1249
4420,84,33,65,19,201
4421,50,17,66,15,148
4422,99,17,51,16,183
4424,549,34,83,18,684
4425,66,32,69,16,183
4427,65,35,67,16,183
4428,68,16,67,16,167
4429,167,34,66,15,282
4430,168,18,66,15,267
4431,69,33,115,18,235
4432,150,32,68,16,266
4434,52,33,82,18,185
4435,100,32,68,16,216
4437,99,34,184,15,332
4438,316,34,83,18,451
4439,100,34,83,16,233
4442,51,34,83,16,184
4443,167,34,201,16,418
4444,52,33,117,15,217
4445,67,33,84,15,199
4446,102,16,66,17,201
4448,284,34,83,14,415
4449,66,34,201,16,317
4450,117,34,83,18,252
4451,99,34,83,18,234
4452,82,34,83,18,217
4453,100,34,67,15,216
4454,101,16,67,15,199
4455,66,34,67,15,182
4457,52,16,67,15,150
4458,51,33,68,16,168
4460,65,18,65,17,165
4461,101,31,52,14,198
4465,98,33,52,16,199
4467,64,33,52,16,165
4468,299,18,66,17,400
4469,52,14,52,16,134
4470,68,16,68,14,166
4471,68,33,67,17,185
4472,66,16,67,17,166
4473,52,16,67,17,152
4474,84,32,66,17,199
4475,100,34,166,16,316
4477,168,33,66,16,283
4480,68,16,218,17,319
4481,66,35,66,17,184
4482,101,16,66,16,199
4483,84,16,66,16,182
4484,68,16,66,16,166
4485,101,33,84,17,235
4486,68,16,100,17,201
4487,66,33,84,17,200
4488,66,16,84,17,183
4489,66,33,51,17,167
4490,1032,17,71,17,1137
4491,66,34,66,16,182
4492,65,18,66,16,165
4493,67,34,165,18,284
4495,151,17,83,16,267
4497,66,35,199,16,316
4498,100,17,83,16,216
4499,67,33,83,16,199
4500,67,17,83,16,183
4501,100,33,67,16,216
4502,52,32,100,16,200
4503,82,16,67,16,181
4504,165,18,65,18,266
4505,65,34,67,16,182
4506,101,16,151,13,281
4507,51,16,67,16,150
4508,99,18,65,18,200
4509,67,34,65,18,184
4510,99,17,84,13,213
4512,66,17,84,13,180
4513,67,32,134,17,250
4517,84,13,137,17,251
4518,117,33,99,18,267
4520,83,33,99,18,233
4521,66,33,99,18,216
4522,1022,33,66,17,1138
4523,52,17,99,18,186
4524,287,33,188,16,524
4525,168,33,67,16,284
4526,69,16,67,16,168
4527,68,31,52,17,168
4528,100,18,81,19,218
4530,299,17,88,16,420
4533,169,33,67,16,285
4536,65,19,99,17,200
4538,52,33,188,16,289
4540,52,33,67,16,168
4542,100,17,88,16,221
4543,166,38,66,17,287
4545,67,32,56,16,171
4546,67,16,56,16,155
4547,100,38,66,17,221
4548,171,16,52,15,254
4549,88,16,66,17,187
4550,171,18,84,15,288
4551,56,16,66,17,155
4552,55,33,85,15,188
4553,104,35,84,15,238
4554,66,16,52,15,149
4555,66,35,84,15,200
4556,550,34,116,16,716
4557,68,32,118,17,235
4559,301,33,101,17,452
4560,50,34,84,17,185
4561,66,33,252,16,367
4562,67,15,252,16,350
4565,67,34,233,17,351
4566,283,33,66,17,399
4567,51,17,233,17,318
4568,551,32,200,17,800
4569,166,33,68,17,284
4571,99,33,101,17,250
4572,51,33,66,19,169
4573,550,16,100,17,683
4574,66,16,101,17,200
4575,66,33,68,17,184
4576,65,17,68,17,167
4577,66,35,82,17,200
4578,68,16,82,17,183
4581,1035,33,200,17,1285
4582,66,17,100,16,199
4583,99,34,116,16,265
4584,67,17,101,17,202
4585,283,16,200,17,516
4587,299,33,100,17,449
4588,85,33,100,16,234
4589,68,33,100,16,217
4590,84,34,82,16,216
4591,101,31,134,16,282
4593,149,16,200,17,382
4594,66,16,134,16,232
4595,100,32,200,17,349
4596,65,18,167,15,265
4597,165,33,67,17,282
4599,51,16,200,17,284
4601,66,33,100,17,216
4603,284,16,51,17,368
4605,101,32,66,17,216
4606,84,32,66,17,199
4607,68,32,66,17,183
4608,101,16,84,16,217
4609,100,33,102,16,251
4610,168,16,51,17,252
4611,65,33,102,16,216
4612,67,16,102,16,201
4613,66,34,68,16,184
4614,66,17,68,16,167
4615,300,33,69,17,419
4616,301,15,69,17,402
4621,101,33,120,12,266
4623,165,33,69,17,284
4624,66,17,120,12,215
4625,99,33,54,12,198
4628,66,17,54,12,149
4629,66,33,69,17,185
4630,68,15,69,17,169
4631,152,14,68,16,250
4632,71,12,53,14,150
4633,102,31,68,16,217
4634,101,14,68,16,199
4635,151,17,200,17,385
4636,114,33,200,17,364
4638,551,34,65,17,667
4641,51,17,200,17,285
4642,100,17,51,16,184
4644,66,17,51,16,150
4645,66,34,67,14,181
4646,84,33,317,17,451
4647,51,17,67,14,149
4648,101,17,149,16,283
4649,51,16,317,17,401
4650,167,17,65,17,266
4652,1998,18,99,18,2133
4653,67,33,83,16,199
4654,100,17,65,17,199
4656,69,17,65,17,168
4657,99,33,67,17,216
4658,99,16,67,17,199
4659,150,16,133,17,316
4660,99,17,84,17,217
4662,167,17,65,17,266
4663,67,33,133,17,250
4664,286,32,64,19,401
4666,67,17,66,17,167
4667,84,17,65,17,183
4668,67,17,65,17,166
4669,51,17,65,17,150
4670,51,32,103,15,201
4671,169,32,64,19,284
4673,150,17,64,19,250
4674,301,15,101,17,434
4675,166,33,69,17,285
4676,86,32,64,19,201
4677,1033,36,149,16,1234
4678,53,32,64,19,168
4679,300,34,67,16,417
4680,116,36,132,17,301
4682,81,36,132,17,266
4683,283,15,117,17,432
4684,69,17,132,17,235
4686,100,15,101,17,233
4687,86,15,101,17,219
4688,67,15,101,17,200
4689,50,15,101,17,183
4690,65,18,67,17,167
4691,99,34,67,16,216
4692,99,17,67,16,199
4694,68,17,67,16,168
4695,67,32,117,17,233
4696,51,32,117,17,217
4697,300,33,100,17,450
4698,166,17,166,17,366
4701,102,32,166,17,317
4702,67,17,97,18,199
4703,99,33,83,17,232
4704,534,16,68,16,634
4705,99,32,51,17,199
4708,100,17,101,15,233
4710,66,17,101,15,199
4711,67,33,100,17,217
4714,67,16,67,17,167
4716,167,17,66,17,267
4718,51,32,67,17,167
4719,50,17,67,17,151
4721,165,33,52,16,266
4723,101,32,85,16,234
4724,100,16,85,16,217
4725,66,32,85,16,199
4726,67,16,85,16,184
4727,66,33,52,16,167
4728,66,16,52,16,150
4729,65,34,102,16,217
4731,67,34,68,16,185
4732,168,15,67,16,266
4733,52,16,68,16,152
4735,66,36,149,16,267
4737,166,34,100,17,317
4741,65,33,51,16,165
4742,65,17,51,16,149
4743,285,16,100,16,417
4745,84,16,67,17,184
4750,83,33,67,17,200
4753,300,35,99,18,452
4754,51,33,100,17,201
4759,100,34,134,17,285
4760,82,34,134,17,267
4761,1034,33,133,17,1217
4762,66,17,134,17,234
4763,67,34,66,17,184
4766,68,14,102,16,200
4768,551,34,65,16,666
4770,66,17,65,18,166
4771,102,32,68,17,219
4772,52,33,100,17,202
4773,67,32,68,17,184
4774,50,32,68,17,167
4775,2549,17,84,16,2666
4776,66,17,66,15,164
4777,83,17,136,13,249
4778,67,17,136,13,233
4779,68,33,68,14,183
4780,83,34,69,13,199
4783,67,34,149,16,266
4784,50,34,149,16,249
4785,103,30,68,16,217
4787,167,32,68,14,281
4788,299,17,51,17,384
4789,65,33,135,14,247
4791,564,33,100,17,714
4792,85,32,68,14,199
4793,68,32,68,14,182
4794,51,32,68,14,165
4795,51,16,68,14,149
4796,51,34,132,18,235
4797,100,33,65,18,216
4799,68,33,65,18,184
4804,51,33,117,17,218
4805,65,35,99,16,215
4806,68,17,99,16,200
4808,101,18,99,16,234
4810,66,18,99,16,199
4811,300,34,147,19,500
4814,66,18,116,17,217
4815,66,33,100,17,216
4816,1951,33,83,17,2084
4818,51,34,116,18,219
4820,66,18,133,17,234
4821,67,33,100,17,217
4823,66,34,181,19,300
4825,166,33,68,17,284
4826,67,18,147,19,251
4827,50,18,147,19,234
4828,51,32,66,17,166
4829,66,33,167,16,282
4831,550,16,165,17,748
4833,301,33,100,17,451
4834,98,19,99,16,232
4835,66,35,99,16,216
4836,84,33,66,16,199
4837,68,33,66,16,183
4838,84,33,118,16,251
4840,101,17,101,15,234
4841,300,34,132,17,483
4842,65,17,101,15,198
4845,66,35,67,16,184
4847,101,34,83,17,235
4849,102,32,51,17,202
4850,102,16,51,17,186
4853,100,34,132,17,283
4855,283,17,65,16,381
4856,549,34,133,16,732
4857,51,17,132,17,217
4859,65,35,165,17,282
4861,298,35,100,16,449
4862,117,34,99,16,266
4864,99,17,99,16,231
4867,67,34,65,16,182
4868,85,31,102,17,235
4870,51,31,102,17,201
4871,65,34,68,17,184
4872,65,17,68,17,167
4873,65,33,52,16,166
4874,66,17,52,16,151
4877,68,33,67,16,184
4881,66,34,66,16,182
4882,64,19,66,16,165
4883,67,32,118,16,233
4884,50,32,118,16,216
4885,100,34,150,16,300
4887,100,32,67,16,215
4888,100,16,67,16,199
4889,68,32,67,16,183
4890,68,16,67,16,167
4892,84,33,51,16,184
4893,99,35,114,18,266
4894,99,19,114,18,250
4895,67,35,114,18,234
4896,65,19,114,18,216
4898,84,33,67,16,200
4899,100,32,51,17,200
4900,302,16,66,17,401
4902,65,16,51,17,149
4903,65,35,83,17,200
4904,83,33,67,16,199
4906,535,17,83,16,651
4907,51,17,67,16,151
4909,300,33,84,16,433
4911,99,35,66,17,217
4912,101,16,66,17,200
4913,85,16,66,17,184
4914,68,16,66,17,167
4915,51,16,66,17,150
4917,101,33,67,16,217
4918,82,33,67,16,198
4919,66,33,67,16,182
4920,51,33,67,16,167
4921,65,34,100,17,216
4922,99,17,84,16,216
4923,100,33,51,16,200
4924,66,17,84,16,183
4925,67,33,51,16,167
4927,66,34,365,19,484
4930,302,16,66,16,400
4931,101,34,83,16,234
4932,66,17,184,16,283
4933,84,17,83,16,200
4934,99,17,134,16,266
4935,51,17,83,16,167
4937,66,35,99,16,216
4939,83,16,165,19,283
4940,52,32,165,19,268
4942,51,32,51,17,151
4943,99,33,84,15,231
4945,83,17,84,15,199
4946,168,15,134,17,334
4949,66,32,68,15,181
4951,65,34,134,17,250
4952,67,15,134,17,233
4954,99,20,65,17,201
4955,168,34,66,18,286
4956,300,15,68,16,399
4957,69,32,117,16,234
4958,850,32,117,15,1014
4960,102,17,66,18,203
4962,83,34,117,16,250
4964,50,34,117,16,217
4965,68,32,85,16,201
4966,83,34,51,16,184
4967,151,16,66,16,249
4968,101,15,68,16,200
4969,66,32,68,16,182
4970,166,17,84,16,283
4972,165,17,67,16,265
4973,100,33,84,16,233
4974,50,33,66,17,166
4976,65,17,84,16,182
4977,66,33,67,16,182
4978,99,15,68,18,200
4980,67,15,68,18,168
4981,84,16,118,13,231
4982,68,16,118,13,215
4985,286,17,65,16,384
4987,51,16,51,13,131
4988,51,32,68,16,167
4989,66,32,52,17,167
4992,168,17,65,16,266
4996,549,32,150,17,748
4997,66,35,65,16,182
4998,68,17,65,16,166
4999,51,17,65,16,149
5000,68,17,83,16,184
5001,68,32,51,16,167
5002,149,33,84,15,281
5004,65,19,149,15,248
5006,67,16,117,15,215
5007,100,33,66,17,216
5010,284,32,65,17,398
5011,101,31,51,17,200
5013,68,31,51,17,167
5014,68,15,51,17,151
5018,51,32,51,17,151
5019,285,16,66,16,383
5020,68,15,68,19,170
5021,64,36,64,17,181
5022,68,17,64,17,166
5024,51,32,65,17,165
5025,68,32,150,17,267
5026,166,16,66,16,264
5027,149,16,66,16,247
5029,166,33,134,16,349
5032,101,16,233,16,366
5034,1273,33,68,16,1390
5035,99,35,82,17,233
5036,82,35,82,17,216
5038,300,17,67,16,400
5039,3123,33,67,16,3239
5040,301,16,122,18,457
5041,52,14,118,16,200
5042,301,18,72,15,406
5043,66,33,66,16,181
5044,65,17,66,16,164
5045,102,32,68,16,218
5048,167,16,122,18,323
5049,99,35,67,16,217
5050,101,17,67,16,201
5053,151,17,88,17,273
5054,68,16,122,18,224
5055,51,16,122,18,207
5056,100,17,88,17,222
5060,51,23,65,17,156
5061,87,34,101,17,239
5062,540,32,51,17,640
5064,65,34,149,19,267
5065,66,17,149,19,251
5066,152,16,68,15,251
5067,50,32,201,18,301
5068,50,16,201,18,285
5070,84,16,68,15,183
5073,99,19,65,18,201
5076,68,32,51,17,168
5077,52,32,51,17,152
5078,66,33,83,16,198
5079,51,33,83,16,183
5082,51,17,64,17,149
5083,52,31,134,17,234
5084,66,33,135,17,251
5085,65,16,135,17,233
5086,64,35,66,17,182
5087,83,34,66,17,200
5088,85,17,66,17,185
5095,85,33,116,16,250
5096,51,17,100,16,184
5098,67,33,83,16,199
5099,1799,16,68,15,1898
5102,300,31,53,15,399
5103,66,17,65,18,166
5104,67,32,185,14,298
5105,185,32,52,14,283
5108,83,16,101,17,217
5109,117,32,52,14,215
5110,51,16,101,17,185
5112,68,32,52,14,166
5114,66,35,66,18,185
5115,2583,34,101,16,2734
5116,67,31,53,15,166
5119,66,17,67,16,166
5120,84,15,67,17,183
5121,67,15,67,17,166
5122,169,32,67,17,285
5123,50,34,83,16,183
5124,83,17,66,18,184
5125,99,17,66,16,198
5126,167,33,50,16,266
5127,99,16,67,17,199
5128,99,34,83,16,232
5129,67,16,67,17,167
5131,67,16,83,16,182
5132,149,16,66,17,248
5137,67,16,66,17,166
5138,50,16,66,17,149
5139,66,18,116,17,217
5140,303,34,133,16,486
5141,151,33,84,16,284
5144,65,35,150,17,267
5145,66,19,150,17,252
5146,167,35,200,17,419
5148,51,17,84,16,168
5149,101,16,52,17,186
5150,67,31,52,17,167
5151,66,16,52,17,151
5152,65,35,200,17,317
5153,85,34,133,16,268
5154,66,34,133,16,249
5157,99,17,100,17,233
5158,67,33,100,17,217
5159,66,17,100,17,200
5160,66,33,99,17,215
5161,66,17,99,17,199
5162,66,34,65,17,182
5163,67,17,65,17,166
5164,67,33,115,17,232
5165,182,34,100,18,334
5167,67,15,83,17,182
5168,65,34,116,18,233
5169,115,34,100,18,267
5172,168,32,67,17,284
5176,102,32,67,17,218
5177,67,18,133,17,235
5178,68,32,67,17,184
5179,51,32,67,17,167
5181,101,16,183,17,317
5182,150,17,67,16,250
5183,100,17,149,17,283
5184,101,34,67,16,218
5185,66,17,149,17,249
5187,50,34,67,16,167
5188,51,17,67,16,151
5190,299,34,68,15,416
5191,67,17,166,16,266
5192,99,33,68,16,216
5193,51,32,51,17,151
5196,166,32,68,15,281
5197,67,17,282,16,382
5198,299,34,101,16,450
5199,52,33,116,17,218
5201,99,16,68,15,198
5202,66,32,68,15,181
5203,100,17,68,15,200
5205,66,17,68,15,166
5206,66,34,65,18,183
5207,84,34,82,16,216
5208,68,34,82,16,200
5209,51,34,82,16,183
5210,68,31,118,17,234
5211,51,31,118,17,217
5212,99,33,68,16,216
5215,151,33,100,16,300
5218,101,33,100,16,250
5219,84,33,100,16,233
5220,101,33,67,16,217
5221,51,33,100,16,200
5222,99,34,234,16,383
5223,66,17,67,16,166
5224,166,33,116,19,334
5225,67,17,234,16,334
5227,51,33,182,19,285
5230,66,33,116,19,234
5232,166,35,65,18,284
5233,166,19,65,18,268
5237,67,16,51,17,151
5239,66,19,65,18,168
5240,169,33,66,16,284
5241,549,35,65,18,667
5242,51,17,100,16,184
5244,65,35,83,16,199
5245,67,17,83,16,183
5246,67,33,66,16,182
5247,302,16,65,19,402
5248,68,33,101,16,218
5249,66,17,101,16,200
5251,66,16,84,17,183
5252,100,34,64,19,217
5253,301,15,101,16,433
5254,67,34,64,19,184
5256,68,33,83,16,200
5257,168,16,199,18,401
5258,50,17,83,16,166
5259,51,31,52,16,150
5260,51,13,52,16,132
5261,67,16,65,19,167
5262,83,16,199,18,316
5263,65,16,199,18,298
5266,551,14,67,18,650
5267,67,15,101,16,199
5268,150,17,67,16,250
5269,102,16,65,18,201
5271,67,16,65,18,166
5272,84,17,67,16,184
5273,51,33,67,16,167
5274,300,33,52,17,402
5275,65,16,68,16,165
5279,51,33,65,17,166
5280,51,17,65,17,150
5281,66,17,168,16,267
5285,66,17,118,17,218
5286,66,33,69,16,184
5287,169,17,98,18,302
5288,67,33,52,17,169
5289,68,15,52,17,152
5291,101,17,98,18,234
5292,69,33,98,18,218
5293,67,17,98,18,200
5295,98,18,183,16,315
5297,65,18,183,16,282
5298,66,32,101,16,215
5299,99,17,66,16,198
5302,166,33,83,18,300
5303,183,33,136,31,383
5304,69,32,84,15,200
5305,83,33,51,15,182
5306,66,33,51,15,165
5307,50,33,51,15,149
5308,65,33,83,18,199
5314,83,18,150,17,268
5315,83,32,67,18,200
5316,50,18,150,17,235
5317,302,16,83,16,417
5318,284,16,83,16,399
5319,67,19,165,18,269
5321,548,35,101,19,703
5322,300,34,102,14,450
5323,50,33,119,16,218
5324,64,35,66,18,183
5325,170,16,83,16,285
5327,67,16,132,18,233
5329,67,16,67,16,166
5331,67,16,83,16,182
5332,100,32,51,18,201
5333,83,32,51,18,184
5334,150,18,67,14,249
5338,300,33,68,19,420
5339,67,18,67,14,166
5340,51,18,67,14,150
5342,167,32,52,16,267
5343,99,19,116,16,250
5345,167,16,101,19,303
5346,167,33,68,19,287
5347,52,32,84,16,184
5349,51,32,52,16,151
5350,64,35,101,19,219
5351,100,16,68,19,203
5353,68,16,68,19,171
5354,100,36,81,19,236
5355,66,15,55,14,150
5356,65,36,81,19,201
5357,103,14,67,16,200
5358,300,34,117,17,468
5359,70,14,67,16,167
5360,302,34,83,17,436
5361,50,33,133,16,232
5362,283,17,83,17,400
5363,81,32,67,16,196
5365,1950,33,85,17,2085
5367,51,33,83,18,185
5368,65,34,67,17,183
5369,67,16,67,17,167
5370,51,16,67,17,151
5371,51,33,51,17,152
5373,65,18,117,17,217
5374,67,34,83,17,201
5375,51,34,83,17,185
5376,51,17,83,17,168
5378,99,35,66,17,217
5380,65,35,66,17,183
5381,67,17,66,17,167
5383,167,17,217,17,418
5384,68,33,83,16,200
5385,83,33,119,15,250
5387,99,17,217,17,350
5388,66,33,217,17,333
5390,99,33,100,17,249
5391,150,33,83,17,283
5394,66,35,65,17,183
5395,84,33,83,17,217
5397,117,35,118,16,286
5399,80,35,118,16,249
5401,66,18,118,16,218
5403,283,34,66,15,398
5406,100,34,66,16,216
5407,549,35,117,15,716
5408,300,33,102,14,449
5409,51,34,66,16,167
5412,100,33,100,15,248
5413,98,17,100,15,230
5414,66,33,100,15,214
5415,66,17,100,15,198
5416,167,33,102,14,316
5417,101,18,82,17,218
5418,67,34,82,17,200
5421,51,32,67,17,167
5422,66,33,102,14,215
5423,100,17,68,14,199
5424,65,34,68,14,181
5427,169,16,165,19,369
5428,66,36,65,16,183
5429,150,32,67,17,266
5432,66,35,165,19,285
5433,83,32,67,17,199
5434,97,35,117,15,264
5435,51,32,67,17,167
5437,65,18,117,15,215
5438,67,32,133,19,251
5439,168,15,85,15,283
5440,100,33,102,17,252
5441,50,33,100,19,202
5443,51,33,102,17,203
5444,152,16,66,16,250
5446,85,15,52,15,167
5447,102,16,66,16,200
5448,86,16,66,16,184
5449,67,16,66,16,165
5450,52,16,66,16,150
5451,67,15,85,17,184
5452,52,15,85,17,169
5453,282,34,66,16,398
5454,66,33,67,17,183
5455,100,17,64,17,198
5456,102,32,66,17,217
5457,85,32,66,17,200
5458,68,32,66,17,183
5459,535,16,84,16,651
5460,67,32,68,18,185
5461,66,15,68,18,167
5462,64,34,52,16,166
5463,299,17,99,19,434
5464,83,17,67,16,183
5465,550,33,100,16,699
5466,86,16,66,16,184
5468,166,34,67,16,283
5469,51,33,251,17,352
5470,67,33,66,17,183
5471,300,17,116,16,449
5472,98,34,67,16,215
5475,150,32,135,17,334
5476,66,34,99,19,218
5477,67,17,99,19,202
5478,68,33,85,17,203
5479,67,16,85,17,185
5480,51,16,85,17,169
5482,151,16,84,16,267
5483,150,33,267,16,466
5484,2058,16,99,16,2189
5485,69,17,116,16,218
5487,99,17,267,16,399
5489,282,34,66,16,398
5490,99,33,65,17,214
5491,100,16,65,17,198
5492,67,33,65,17,182
5493,68,16,65,17,166
5494,67,33,100,16,216
5495,183,34,66,16,299
5497,98,17,84,17,216
5498,65,34,84,17,200
5500,66,34,234,15,349
5502,552,17,83,17,669
5503,51,34,66,16,167
5504,68,33,133,17,251
5505,1018,32,85,16,1151
5506,67,33,100,17,217
5507,301,17,150,17,485
5508,99,33,284,15,431
5511,68,15,284,15,382
5512,66,34,99,18,217
5513,101,17,83,17,218
5514,67,34,83,17,201
5518,66,33,68,15,182
5519,67,15,68,15,165
5520,50,15,68,15,148
5522,167,32,68,16,283
5523,98,17,66,19,200
5524,68,32,66,19,185
5526,150,17,83,17,267
5531,167,17,98,17,299
5533,99,19,81,18,217
5534,52,16,51,17,136
5535,65,19,81,18,183
5536,166,32,51,16,265
5537,150,32,51,16,249
5538,99,35,67,16,217
5539,52,31,67,17,167
5540,2522,16,83,17,2638
5541,150,32,68,16,266
5543,100,18,133,17,268
5544,300,35,150,16,501
5547,50,32,68,16,166
5548,51,16,68,16,151
5551,167,15,100,17,299
5553,51,33,82,18,184
5555,301,16,256,18,591
5556,98,35,150,16,299
5557,283,33,141,17,474
5558,100,33,133,17,283
5559,165,17,67,17,266
5560,83,16,133,17,249
5561,50,33,133,17,233
5562,-92747,0,0,0,-92747
5563,168,16,256,18,458
5564,99,33,51,16,199
5567,184,34,73,17,308
5568,67,34,256,18,375
5570,51,16,256,18,341
5572,101,34,73,17,225
5573,83,34,73,17,207
5575,84,40,66,16,206
5576,541,32,67,16,656
5579,306,17,67,16,406
5580,106,33,101,16,256
5581,99,17,101,16,233
5582,66,33,101,16,216
5583,67,17,101,16,201
5584,82,18,67,16,183
5592,99,35,65,17,216
5594,65,35,65,17,182
5595,84,32,67,18,201
5596,300,33,185,16,534
5598,152,16,99,16,283
5599,65,17,52,16,150
5600,533,33,66,18,650
5601,167,17,83,16,283
5602,85,16,99,16,216
5603,69,16,99,16,200
5604,85,15,67,16,183
5605,550,33,100,18,701
5609,82,33,185,16,316
5610,285,16,83,17,401
5611,166,18,66,18,268
5613,66,16,68,17,167
5614,66,33,119,16,234
5615,166,18,66,18,268
5616,101,32,135,16,284
5617,66,18,66,18,168
5618,68,32,135,16,251
5619,151,32,152,15,350
5620,167,35,99,18,319
5621,102,16,83,17,218
5622,167,33,66,18,284
5623,67,16,83,17,183
5625,52,32,152,15,251
5626,66,35,99,18,218
5627,66,17,99,18,200
5628,166,33,100,18,317
5629,67,17,66,18,168
5630,51,17,66,18,152
5631,99,17,67,16,199
5632,1032,34,66,17,1149
5633,66,17,67,16,166
5634,66,33,100,18,217
5635,68,15,100,18,201
5637,168,16,101,17,302
5638,50,17,66,18,151
5639,282,34,84,16,416
5640,168,32,52,15,267
5641,101,16,101,17,235
5642,84,16,101,17,218
5643,84,34,67,17,202
5644,168,32,118,16,334
5645,302,16,67,17,402
5646,68,32,52,15,167
5647,66,16,52,15,149
5648,66,35,66,16,183
5650,84,15,118,16,233
5651,68,15,118,16,217
5652,101,31,53,16,201
5653,50,34,84,16,184
5654,66,31,53,16,166
5655,65,15,53,16,149
5656,65,35,101,17,218
5659,84,33,51,15,183
5661,51,33,51,15,150
5663,66,17,66,17,166
5664,67,32,100,16,215
5666,166,33,218,16,433
5667,67,16,151,16,250
5668,66,34,65,17,182
5669,66,17,65,17,165
5671,66,16,150,16,248
5673,99,19,97,17,232
5674,101,32,100,15,248
5675,66,19,97,17,199
5677,53,32,100,15,200
5678,52,16,100,15,183
5679,100,16,67,18,201
5680,65,32,67,18,182
5682,65,35,50,16,166
5684,99,34,83,17,233
5686,67,34,83,17,201
5687,68,16,83,17,184
5689,102,16,66,17,201
5690,167,34,50,17,268
5691,67,16,66,17,166
5692,67,33,117,17,234
5693,100,16,84,17,217
5695,82,34,50,17,183
5697,151,33,116,17,317
5698,67,34,82,18,201
5700,68,33,101,16,218
5701,67,17,101,16,201
5702,168,32,66,18,284
5703,118,34,98,18,268
5706,101,32,66,18,217
5707,50,34,98,18,200
5708,68,32,66,18,184
5710,99,33,101,17,250
5711,82,33,101,17,233
5712,65,33,101,17,216
5715,68,18,65,17,168
5716,300,33,66,19,418
5717,52,32,82,17,183
5718,68,33,66,17,184
5721,52,35,81,16,184
5723,66,17,66,17,166
5724,66,34,99,17,216
5726,81,16,67,17,181
5727,67,16,67,17,167
5728,50,16,67,17,150
5730,99,34,84,16,233
5731,67,16,66,19,168
5733,101,15,52,16,184
5734,67,32,52,16,167
5736,102,32,51,15,200
5737,68,17,83,15,183
5739,67,16,51,15,149
5741,167,16,84,15,282
5742,150,16,84,15,265
5743,100,15,51,17,183
5744,51,15,68,16,150
5745,102,16,84,15,217
5747,167,15,166,18,366
5748,52,16,84,15,167
5749,167,16,150,18,351
5750,51,17,51,15,134
5751,550,34,64,17,665
5752,84,15,166,18,283
5753,285,31,51,16,383
5754,51,15,166,18,250
5755,68,16,150,18,252
5758,166,36,132,17,351
5759,50,33,65,18,166
5760,150,18,132,17,317
5761,52,32,51,18,153
5762,98,36,132,17,283
5763,65,17,101,17,200
5765,85,31,51,16,183
5766,51,18,132,17,218
5767,167,18,101,16,302
5769,83,33,51,16,183
5770,299,32,169,16,516
5771,99,18,101,16,234
5772,51,16,51,16,134
5773,100,16,68,16,200
5774,67,33,68,16,184
5775,67,16,68,16,167
5776,51,16,68,16,151
5777,51,33,69,15,168
5778,66,35,98,17,216
5779,84,34,64,17,199
5781,51,34,64,17,166
5782,101,32,169,16,318
5783,101,16,169,16,302
5784,66,32,169,16,283
5785,99,17,168,15,299
5786,64,34,168,15,281
5788,66,32,136,15,249
5789,66,16,136,15,233
5790,85,17,100,15,217
5791,49,36,100,15,200
5793,52,34,99,16,201
5794,169,32,67,18,286
5795,166,16,67,18,267
5796,67,33,65,17,182
5797,52,33,65,17,167
5798,66,33,66,16,181
5799,99,16,67,18,200
5803,549,34,102,16,701
5804,150,17,165,18,350
5805,167,16,99,19,301
5806,67,35,65,16,183
5807,68,17,65,16,166
5809,168,17,264,19,468
5813,550,33,200,17,800
5814,65,35,264,19,383
5815,167,17,81,19,284
5816,51,17,264,19,351
5817,52,31,52,17,152
5819,67,15,135,15,232
5820,65,35,81,19,200
5821,68,17,81,19,185
5825,98,19,83,15,215
5826,65,35,83,15,198
5827,66,19,83,15,183
5828,67,31,52,15,165
5832,64,34,102,16,216
5833,68,15,102,16,201
5834,52,15,102,16,185
5835,65,18,67,16,166
5836,69,34,132,17,252
5838,102,33,133,17,285
5840,166,33,101,16,316
5841,51,33,133,17,234
5842,66,33,200,17,316
5844,99,33,101,16,249
5847,183,33,65,19,300
5848,84,16,100,17,217
5849,168,17,65,19,269
5850,51,16,100,17,184
5852,51,17,100,16,184
5853,166,15,118,16,315
5854,67,33,65,19,184
5855,66,17,65,19,167
5856,166,30,137,17,350
5857,99,15,118,16,248
5859,101,16,83,16,216
5860,65,35,83,16,199
5862,66,30,137,17,250
5863,50,30,137,17,234
5864,284,17,134,17,452
5865,99,16,68,17,200
5866,184,15,50,17,266
5867,66,16,68,17,167
5868,104,33,65,17,219
5869,100,17,65,17,199
5870,67,33,65,17,182
5871,67,17,65,17,166
5872,150,17,134,17,318
5873,67,15,50,17,149
5874,65,33,101,18,217
5875,66,16,101,18,201
5876,65,34,134,17,250
5877,65,17,134,17,233
5880,51,18,67,16,152
5881,300,16,69,17,402
5882,67,35,66,17,185
5884,99,34,65,16,214
5885,102,17,65,16,200
5887,66,17,65,16,164
5888,97,34,66,19,216
5890,165,35,51,13,264
5892,65,35,50,16,166
5895,100,16,51,13,180
5896,85,16,51,13,165
5897,169,16,199,19,403
5898,100,30,102,18,250
5899,51,34,83,16,184
5900,286,16,132,18,452
5901,67,13,102,18,200
5902,100,33,134,15,282
5903,82,33,134,15,264
5904,83,16,134,15,248
5906,170,33,132,18,353
5908,66,35,66,15,182
5909,84,33,65,19,201
5910,51,17,66,15,149
5911,51,33,65,19,168
5915,51,32,68,15,166
5916,84,14,285,16,399
5917,100,16,166,16,298
5918,84,16,166,16,282
5919,100,17,100,17,234
5920,52,16,166,16,250
5921,165,16,102,16,299
5922,50,17,100,17,184
5923,66,16,116,17,215
5924,66,34,82,17,199
5925,167,17,51,16,251
5927,66,16,102,16,200
5928,168,32,67,16,283
5930,66,33,51,16,166
5931,66,17,51,16,150
5932,285,17,66,17,385
5934,68,32,67,16,183
5935,52,32,67,16,167
5937,51,34,98,19,202
5939,67,16,84,17,184
5941,99,16,69,17,201
5942,66,32,69,17,184
5943,100,17,66,17,200
5944,65,36,66,17,184
5945,68,17,66,17,168
5946,101,33,82,16,232
5947,102,16,82,16,216
5948,69,33,82,16,200
5949,67,16,82,16,181
5950,66,33,65,17,181
5951,52,33,65,17,167
5953,65,16,70,13,164
5954,98,37,98,15,248
5955,282,33,68,17,400
5956,65,37,98,15,215
5958,70,30,167,16,283
5960,102,33,99,16,250
5962,81,17,99,16,213
5963,52,33,99,16,200
5965,51,34,65,16,166
5966,67,32,67,17,183
5967,83,33,68,17,201
5970,65,34,51,13,163
5971,65,18,51,13,147
5972,67,34,82,17,200
5973,67,17,82,17,183
5974,51,17,82,17,167
5975,101,16,100,17,234
5977,66,16,100,17,199
5978,65,34,66,17,182
5979,65,17,66,17,165
5980,52,17,66,17,152
5981,99,17,100,19,235
5982,100,33,118,17,268
5983,66,17,100,19,202
5984,66,33,118,17,234
5988,50,18,68,15,151
5990,184,16,100,17,317
5991,69,17,149,16,251
5992,68,32,133,17,250
5995,98,16,100,17,231
5998,-100022,0,0,0,-100022
