序号,发送->接收,接收->转发,转发->接收,接收->处理,总计
2,107,32,101,20,260
3,102,32,101,20,255
4,115,35,134,16,300
5,116,18,134,16,284
7,116,20,114,18,268
8,100,20,114,18,252
9,103,30,102,16,251
11,101,20,114,16,251
12,104,48,123,26,301
13,134,34,130,18,316
14,118,34,130,18,300
16,117,32,116,16,281
17,102,32,116,16,266
20,101,16,118,17,252
21,123,41,111,23,298
22,107,41,111,23,282
23,115,15,111,23,264
24,114,34,118,16,282
25,116,16,118,16,266
26,116,35,351,10,512
27,118,17,351,10,496
30,126,23,286,10,445
31,111,23,286,10,430
33,118,16,252,10,396
35,351,10,115,16,492
36,335,10,115,16,476
39,286,10,115,16,427
40,268,10,115,16,409
41,252,10,115,16,393
42,236,10,115,16,377
43,109,32,117,16,274
44,115,16,117,16,264
45,113,32,101,18,264
46,116,16,101,18,251
47,114,34,116,18,282
48,115,17,116,18,266
49,116,33,117,17,283
50,131,34,115,17,297
52,117,16,115,17,265
53,117,35,134,14,300
55,102,17,134,14,267
56,102,32,116,17,267
57,116,33,115,19,283
58,117,17,115,19,268
59,116,32,117,17,282
61,114,37,114,17,282
64,116,17,117,15,265
66,115,19,116,17,267
67,100,19,116,17,252
68,102,32,116,17,267
70,114,17,116,16,263
71,117,32,117,18,284
73,117,35,115,17,284
74,116,17,115,17,265
75,101,17,115,17,250
76,101,32,116,18,267
77,116,33,117,17,283
78,116,16,117,17,266
80,117,18,115,18,268
81,117,32,101,16,266
83,117,34,132,17,300
86,117,17,133,16,283
87,117,34,115,19,285
89,100,18,115,19,252
90,101,33,101,17,252
91,101,17,101,17,236
92,132,34,101,16,283
94,116,17,101,16,250
95,117,35,131,17,300
97,118,33,115,18,284
100,119,16,115,19,269
101,102,16,115,19,252
102,101,32,102,15,250
103,117,33,117,16,283
106,115,18,117,16,266
107,116,34,116,15,281
108,100,34,116,15,265
109,118,32,118,14,282
110,102,32,118,14,266
111,116,32,117,16,281
112,117,16,117,16,266
115,118,32,117,18,285
117,116,33,102,15,266
118,118,14,102,15,249
119,102,14,102,15,233
120,100,33,118,17,268
121,114,34,119,15,282
123,115,35,115,17,282
127,100,17,117,18,252
128,101,34,116,18,269
129,117,33,101,16,267
130,119,15,101,16,251
131,117,33,117,18,285
132,115,17,117,18,267
133,117,35,117,16,285
135,118,33,116,17,284
136,116,18,116,17,267
137,116,33,115,18,282
138,101,33,115,18,267
140,101,34,116,15,266
141,118,33,98,17,266
142,100,33,98,17,248
143,102,16,98,17,233
144,116,17,116,16,265
146,115,18,116,17,266
151,117,32,117,16,282
152,116,16,117,16,265
153,117,34,117,17,285
154,116,17,117,17,267
156,119,16,117,16,268
157,118,34,115,17,284
158,100,34,115,17,266
159,101,17,115,17,250
161,116,35,117,15,283
162,117,17,117,15,266
163,116,33,118,15,282
164,117,16,118,15,266
165,116,33,118,16,283
166,115,17,118,16,266
167,117,34,116,16,283
169,117,32,119,16,284
170,117,15,119,16,267
171,115,34,116,17,282
172,118,15,116,17,266
173,117,34,117,16,284
175,118,32,101,17,268
176,116,16,101,17,250
177,115,35,117,15,282
181,115,34,116,16,281
182,99,34,116,16,265
183,117,33,118,15,283
185,115,33,117,16,281
186,117,15,117,16,265
189,116,32,119,15,282
190,116,16,119,15,266
191,115,34,117,18,284
192,118,15,117,18,268
193,115,33,102,15,265
194,117,16,102,15,250
196,99,35,116,17,267
198,102,32,101,17,252
199,115,35,131,18,299
201,118,31,135,16,300
203,100,16,135,16,267
204,116,17,133,16,282
205,116,33,116,18,283
206,101,33,116,18,268
207,101,16,116,18,251
208,116,15,119,16,266
209,116,35,117,17,285
210,118,17,117,17,269
211,117,33,117,16,283
212,116,17,117,16,266
214,116,18,115,17,266
216,102,33,116,18,269
220,101,32,116,17,266
221,117,33,118,16,284
223,115,35,116,16,282
224,116,18,116,16,266
225,117,33,115,18,283
226,117,16,115,18,266
228,101,32,117,16,266
229,117,34,116,18,285
231,101,16,116,18,251
232,116,16,118,17,267
234,115,18,116,16,265
235,118,32,100,17,267
237,115,35,133,15,298
239,117,34,114,19,284
241,102,17,114,19,252
242,116,16,102,16,250
243,116,34,116,17,283
245,100,17,116,17,250
246,133,34,115,17,299
247,116,34,115,17,282
249,118,32,117,17,284
251,101,16,117,17,251
254,116,16,118,17,267
255,117,34,101,15,267
256,115,17,101,15,248
257,116,34,117,17,284
258,117,17,117,17,268
260,101,33,116,18,268
263,118,32,101,16,267
264,101,32,101,16,250
265,116,35,116,17,284
267,118,33,117,16,284
269,117,33,116,17,283
270,115,18,116,17,266
271,118,33,116,18,285
272,101,33,116,18,268
274,116,17,117,16,266
277,118,33,116,17,284
278,116,17,116,17,266
280,116,18,115,18,267
281,117,33,116,17,283
282,117,16,116,17,266
283,116,34,116,17,283
284,117,17,116,17,267
285,118,32,116,18,284
289,116,33,101,15,265
290,116,17,101,15,249
293,118,33,117,17,285
294,116,18,117,17,268
295,118,34,116,16,284
296,120,14,116,16,266
297,118,32,117,17,284
298,101,32,117,17,267
299,99,17,117,17,250
301,118,34,116,16,284
302,100,34,116,16,266
303,114,32,117,16,279
306,117,17,115,17,266
309,116,33,118,16,283
310,116,16,118,16,266
311,116,33,101,17,267
312,117,16,101,17,251
313,116,33,102,17,268
314,115,17,102,17,251
315,114,34,118,12,278
318,118,16,134,16,284
319,117,34,116,16,283
320,101,34,116,16,267
321,102,17,116,16,251
322,102,31,101,17,251
324,118,12,104,15,249
325,112,38,116,17,283
326,134,32,116,18,300
327,117,32,116,18,283
328,116,16,116,18,266
329,115,34,117,16,282
331,116,33,117,15,281
333,118,34,115,17,284
334,116,17,115,17,265
335,117,33,117,16,283
337,117,33,116,17,283
339,118,32,119,15,284
343,117,34,115,19,285
344,117,16,115,19,267
345,116,33,117,16,282
346,116,17,117,16,266
347,116,33,117,18,284
348,119,15,117,18,269
350,118,16,116,18,268
351,116,34,116,17,283
354,117,16,101,17,251
355,115,35,133,15,298
358,116,18,115,19,268
360,116,17,117,16,266
362,101,33,116,18,268
365,118,34,114,18,284
366,115,19,114,18,266
367,118,32,117,16,283
369,116,34,116,16,282
372,117,16,116,16,265
373,102,16,116,16,250
374,114,18,116,17,265
375,116,33,117,18,284
376,117,16,117,18,268
377,117,33,116,18,284
378,116,16,116,18,266
381,101,16,118,16,251
382,116,17,117,16,266
385,118,32,117,18,285
386,102,32,117,18,269
390,100,33,118,17,268
393,118,35,115,18,286
394,117,18,115,18,268
397,116,35,116,17,284
398,100,35,116,17,268
401,115,36,115,17,283
402,115,18,115,17,265
403,119,32,117,17,285
404,102,32,117,17,268
405,116,34,115,18,283
406,116,17,115,18,266
407,117,32,118,16,283
409,116,34,116,17,283
410,115,17,116,17,265
412,117,17,116,16,266
413,117,33,116,16,282
415,117,33,117,17,284
416,118,16,117,17,268
417,117,33,118,17,285
418,116,17,118,17,268
419,116,33,102,17,268
420,116,16,102,17,251
421,117,33,118,16,284
422,116,16,118,16,266
424,117,17,116,16,266
425,118,34,129,19,300
427,118,33,115,17,283
429,102,16,115,17,250
430,118,16,118,15,267
431,116,33,117,17,283
433,115,31,119,17,282
434,129,36,117,17,299
435,112,36,117,17,282
437,116,33,116,19,284
438,118,15,116,19,268
439,116,34,116,17,283
442,119,17,117,16,269
444,100,34,117,17,268
445,116,34,115,17,282
446,116,19,115,17,267
447,118,32,117,17,284
448,116,17,117,17,267
450,100,33,101,16,250
451,116,35,115,17,283
453,102,17,115,17,251
456,117,17,116,17,267
457,117,33,116,18,284
460,115,17,116,18,266
461,117,35,115,16,283
462,100,35,115,16,266
463,118,32,116,17,283
464,116,17,116,17,266
467,118,33,117,17,285
468,116,18,117,17,268
469,116,32,102,15,265
470,115,16,102,15,248
471,116,34,118,16,284
472,116,17,118,16,267
473,117,33,117,16,283
474,116,16,117,16,265
475,117,35,115,16,283
476,117,17,115,16,265
477,118,32,116,18,284
478,102,32,116,18,268
479,117,34,117,15,283
480,118,16,117,15,266
482,101,32,118,16,267
483,115,33,118,17,283
484,115,16,118,17,266
485,116,35,115,18,284
486,116,18,115,18,267
488,117,15,118,17,267
490,118,16,117,17,268
492,101,34,117,17,269
493,118,33,118,14,283
494,115,18,118,14,265
495,116,34,116,18,284
497,117,33,116,17,283
499,117,34,115,18,284
500,117,17,115,18,267
502,118,14,118,17,267
503,115,36,115,17,283
504,116,18,115,17,266
506,101,32,117,16,266
508,115,18,117,15,265
509,116,33,117,16,282
511,117,33,117,16,283
514,117,16,100,18,251
515,117,33,117,16,283
516,117,15,117,16,265
517,116,34,116,17,283
518,117,16,116,17,266
519,117,33,118,16,284
523,116,32,101,16,265
524,101,32,101,16,250
525,115,34,133,17,299
526,116,17,133,17,283
527,116,34,116,17,283
528,118,16,116,17,267
529,116,33,116,17,282
531,117,33,117,16,283
532,101,33,117,16,267
533,100,17,117,16,250
534,100,33,117,17,267
536,116,17,117,16,266
538,116,17,118,17,268
539,117,33,117,17,284
541,116,34,116,17,283
542,117,17,116,17,267
544,117,16,117,17,267
545,117,35,132,16,300
546,118,17,132,16,283
548,117,17,116,18,268
552,117,17,116,17,267
553,116,33,117,16,282
554,116,16,117,16,265
555,117,34,116,16,283
556,100,34,116,16,266
558,101,32,117,17,267
559,116,34,117,16,283
560,116,17,117,16,266
563,101,16,117,17,251
565,117,34,116,17,284
566,117,17,116,17,267
567,117,33,118,16,284
568,117,16,118,16,267
569,116,34,117,16,283
570,117,17,117,16,267
571,117,33,117,17,284
574,116,17,118,17,268
575,116,34,101,16,267
576,118,16,101,16,251
577,117,33,116,18,284
578,117,16,116,18,267
579,116,34,115,17,282
581,118,34,116,16,284
582,118,17,116,16,267
583,117,33,116,17,283
584,101,33,116,17,267
587,117,32,117,16,282
588,115,17,117,16,265
589,115,34,116,18,283
590,116,16,116,18,266
591,116,34,115,18,283
594,116,16,117,16,265
595,117,33,118,16,284
596,117,16,118,16,267
597,115,35,116,17,283
598,116,18,116,17,267
599,117,33,118,14,282
600,100,33,118,14,265
601,117,32,117,17,283
603,116,34,117,16,283
604,100,34,117,16,267
605,117,34,115,19,285
606,116,17,115,19,267
607,118,32,119,15,284
608,118,14,119,15,266
609,116,34,117,16,283
610,117,17,117,16,267
612,117,16,117,16,266
613,116,35,115,18,284
614,115,19,115,18,267
615,116,32,116,17,281
616,119,15,116,17,267
619,116,33,101,17,267
620,117,16,101,17,251
622,115,18,132,17,282
624,116,17,117,17,267
626,116,18,116,16,266
627,117,33,117,17,284
628,101,33,117,17,268
630,132,34,117,16,299
631,117,34,117,16,284
632,117,17,117,16,267
633,118,32,118,17,285
636,117,17,116,16,266
638,101,33,116,16,266
639,101,16,116,16,249
640,100,33,116,18,267
641,117,34,117,17,285
642,118,17,117,17,269
643,117,32,102,16,267
645,115,33,102,17,267
646,116,16,102,17,251
647,115,35,115,18,283
649,117,34,133,16,300
650,100,34,133,16,283
653,101,17,133,16,267
655,102,16,132,17,267
656,100,33,116,19,268
658,116,17,116,15,264
660,116,17,119,14,266
661,116,32,101,17,266
662,116,16,101,17,250
666,116,15,117,17,265
667,115,35,116,17,283
668,119,14,116,17,266
669,103,14,116,17,250
672,131,33,118,18,300
674,117,17,118,18,270
676,116,17,118,17,268
677,116,34,101,14,265
678,116,17,101,14,248
679,117,32,116,17,282
680,101,32,116,17,266
684,102,33,114,17,266
686,101,33,116,15,265
687,118,31,118,18,285
688,102,31,118,18,269
690,115,16,117,20,268
691,115,33,118,16,282
692,114,17,118,16,265
693,117,33,118,17,285
694,116,15,118,17,266
695,117,36,116,16,285
698,117,20,115,16,268
699,101,20,115,16,252
700,104,30,117,17,268
701,116,34,116,17,283
702,118,17,116,17,268
703,117,33,116,17,283
705,117,34,115,17,283
707,117,33,117,16,283
708,117,17,117,16,267
709,117,33,117,15,282
710,100,33,117,15,265
714,115,17,101,16,249
717,117,32,103,15,267
718,117,15,103,15,250
719,116,35,116,17,284
720,116,18,116,17,267
721,118,34,114,18,284
722,101,34,114,18,267
723,117,34,115,16,282
724,101,34,115,16,266
725,118,32,115,19,284
726,103,32,115,19,269
728,116,17,116,17,266
729,100,17,116,17,250
730,114,18,117,16,265
731,117,33,118,16,284
732,115,16,118,16,265
734,115,19,116,16,266
735,118,32,117,17,284
737,118,33,118,16,285
738,117,16,118,16,267
739,116,34,117,16,283
741,118,33,117,16,284
742,116,16,117,16,265
743,117,34,116,16,283
744,117,17,116,16,266
745,117,33,116,16,282
746,118,16,116,16,266
747,116,33,118,15,282
748,117,16,118,15,266
749,116,33,117,17,283
751,116,33,101,16,266
753,115,33,119,17,284
754,116,16,119,17,268
755,115,34,117,16,282
757,116,34,115,17,282
758,117,17,115,17,266
759,117,34,115,17,283
760,101,34,115,17,267
761,118,34,116,16,284
762,119,17,116,16,268
764,117,16,117,17,267
766,115,17,101,17,250
768,115,17,118,16,266
769,115,34,116,18,283
770,116,16,116,18,266
771,117,33,118,15,283
772,117,17,118,15,267
774,101,33,117,17,268
776,118,16,117,16,267
777,116,34,117,16,283
778,116,18,117,16,267
779,118,32,101,17,268
780,101,32,101,17,251
783,116,33,101,16,266
784,117,16,101,16,250
785,117,34,116,16,283
786,117,16,116,16,265
787,116,32,117,18,283
788,101,32,117,18,268
789,101,15,117,18,251
790,116,18,116,16,266
791,117,34,116,16,283
793,117,31,117,17,282
794,116,16,117,17,266
795,115,35,117,16,283
796,117,18,117,16,268
797,118,32,117,18,285
798,116,16,117,18,267
800,116,16,117,16,265
801,117,33,116,19,285
803,117,34,116,18,285
804,117,16,116,18,267
805,117,34,115,17,283
806,117,18,115,17,267
808,117,16,117,18,268
809,117,35,115,17,284
810,116,19,115,17,267
812,116,18,115,17,266
814,100,32,117,16,265
816,117,18,116,17,268
817,119,32,117,17,285
818,115,17,117,17,266
819,117,33,116,19,285
820,115,17,116,19,267
822,117,16,117,17,267
823,116,35,116,16,283
825,118,33,115,17,283
826,117,17,115,17,266
827,118,34,115,16,283
828,116,19,115,16,266
830,117,17,116,16,266
831,116,33,116,18,283
832,116,16,116,18,266
833,116,33,116,18,283
836,115,16,118,16,265
837,116,33,118,17,284
839,115,35,115,18,283
840,116,18,115,18,267
843,117,33,118,16,284
844,101,33,118,16,268
845,101,16,118,16,251
847,118,33,116,16,283
848,115,18,116,16,265
850,117,17,115,18,267
851,117,33,117,17,284
852,118,16,117,17,268
854,117,15,117,17,266
855,117,33,118,16,284
858,115,18,116,16,265
859,116,34,117,16,283
860,100,34,117,16,267
861,117,32,118,16,283
862,102,32,118,16,268
863,117,33,118,16,284
864,101,33,118,16,268
866,116,16,119,15,266
867,115,35,115,18,283
868,117,16,115,18,266
870,101,33,117,16,267
871,117,33,116,19,285
872,101,33,116,19,269
873,117,33,102,16,268
875,115,34,115,18,282
876,115,18,115,18,266
877,116,33,116,18,283
879,116,35,115,16,282
881,117,33,115,16,281
883,119,32,116,18,285
885,116,34,116,16,282
887,118,32,117,17,284
888,115,16,117,17,265
889,115,33,118,17,283
891,117,35,116,17,285
893,118,32,101,17,268
894,116,16,101,17,250
897,117,34,116,17,284
898,118,17,116,17,268
902,101,34,117,16,268
903,118,32,101,15,266
904,133,34,133,16,316
905,116,34,133,16,299
906,116,17,133,16,282
908,118,14,117,17,266
913,116,34,117,16,283
914,133,33,117,16,299
915,115,33,117,16,281
916,117,17,117,16,267
917,115,34,116,18,283
921,116,33,117,16,282
922,117,16,117,16,266
923,117,33,116,17,283
925,116,35,116,17,284
926,116,18,116,17,267
927,117,31,118,17,283
928,101,31,118,17,267
929,115,34,120,14,283
930,99,34,120,14,267
931,116,33,101,16,266
932,116,17,101,16,250
935,116,33,116,18,283
936,102,33,116,18,269
939,118,34,116,16,284
940,101,34,116,16,267
942,116,16,117,17,266
944,116,18,116,18,268
945,115,32,102,14,263
946,117,16,102,14,249
948,116,16,118,17,267
949,116,34,116,18,284
950,100,34,116,18,268
951,117,35,114,18,284
954,102,32,118,15,267
955,117,34,114,19,284
956,118,17,114,19,268
957,118,33,133,16,300
958,116,18,133,16,283
960,114,18,133,16,281
962,118,15,116,17,266
963,116,34,116,17,283
964,114,19,116,17,266
965,118,33,116,16,283
966,133,33,117,17,300
967,118,33,117,17,285
968,116,17,117,17,267
969,115,33,118,17,283
970,116,17,118,17,268
971,118,34,117,16,285
973,120,32,118,17,287
974,100,32,118,17,267
978,101,34,132,17,284
980,117,16,117,15,265
983,117,31,102,15,265
984,116,15,102,15,248
986,116,16,117,16,265
989,115,35,116,17,283
990,116,17,116,17,266
991,117,33,117,17,284
992,102,33,117,17,269
993,116,33,117,16,282
994,117,16,117,16,266
995,116,34,116,17,283
996,101,34,116,17,268
999,118,34,115,18,285
1001,117,32,117,17,283
1002,101,32,117,17,267
1003,117,34,117,16,284
1005,117,33,118,16,284
1006,116,17,118,16,267
1007,116,34,116,17,283
1008,115,18,116,17,266
1010,101,33,115,18,267
1012,100,33,118,13,264
1013,117,34,132,17,300
1014,118,16,132,17,283
1015,102,16,132,17,267
1016,116,17,116,18,267
1017,117,33,118,15,283
1018,115,18,118,15,266
1019,116,31,102,17,266
1020,118,13,102,17,250
1022,132,35,116,16,299
1023,116,35,116,16,283
1024,116,18,116,16,266
1025,119,32,117,16,284
1026,101,32,117,16,266
1027,115,34,115,18,282
1028,102,34,115,18,269
1029,117,32,117,17,283
1030,117,16,117,17,267
1031,116,34,118,15,283
1032,116,16,118,15,265
1033,115,33,117,17,282
1034,100,33,117,17,267
1035,116,34,116,19,285
1036,115,18,116,19,268
1037,117,33,102,15,267
1038,117,17,102,15,251
1039,116,33,134,16,299
1040,118,15,134,16,283
1041,116,34,116,18,284
1042,117,17,116,18,268
1043,118,35,115,16,284
1046,102,31,118,16,267
1048,120,14,100,16,250
1049,117,34,132,19,302
1051,118,32,119,14,283
1052,115,16,119,14,264
1053,116,34,116,17,283
1054,118,16,116,17,267
1055,114,33,118,16,281
1056,100,33,118,16,267
1057,100,17,118,16,251
1061,101,14,118,16,249
1062,116,17,135,16,284
1064,118,16,117,17,268
1066,101,33,118,16,268
1068,118,16,101,18,253
1069,117,35,115,17,284
1070,135,33,132,17,317
1071,117,33,132,17,299
1072,117,17,132,17,283
1074,101,33,116,16,266
1075,117,33,117,16,283
1076,101,33,117,16,267
1078,115,17,117,16,265
1079,116,33,117,16,282
1080,115,17,117,16,265
1082,116,16,118,16,266
1083,114,34,117,16,281
1084,117,16,117,16,266
1085,117,33,118,16,284
1086,117,16,118,16,267
1087,117,33,117,17,284
1088,117,16,117,17,267
1090,118,16,116,17,267
1094,118,16,117,17,268
1095,117,33,115,18,283
1096,101,33,115,18,267
1098,116,17,100,16,249
1101,116,34,115,18,283
1102,100,34,115,18,267
1103,118,32,117,18,285
1104,115,18,117,18,268
1105,117,34,117,17,285
1106,100,34,117,17,268
1107,118,33,117,15,283
1108,116,17,117,15,265
1109,116,34,133,16,299
1110,115,18,133,16,282
1113,119,33,116,18,286
1114,101,33,116,18,268
1115,118,31,119,15,283
1116,101,31,119,15,266
1117,116,35,116,18,285
1119,117,34,115,17,283
1120,115,18,115,17,265
1121,117,34,115,17,283
1122,116,18,115,17,266
1123,118,31,117,17,283
1124,103,31,117,17,268
1125,116,35,118,15,284
1126,116,18,118,15,267
1128,115,17,101,16,249
1129,116,34,116,16,282
1130,115,17,116,16,264
1133,117,34,117,15,283
1134,118,15,117,15,265
1135,118,32,117,18,285
1137,116,33,102,16,267
1139,116,35,116,17,284
1140,99,35,116,17,267
1142,117,15,101,17,250
1143,116,35,115,17,283
1144,117,18,115,17,267
1145,118,33,115,18,284
1146,102,33,115,18,268
1147,117,33,100,17,267
1154,115,18,121,10,264
1157,100,15,118,16,249
1158,116,18,116,16,266
1159,118,32,117,18,285
1160,119,14,117,18,268
1161,117,32,103,16,268
1164,118,16,116,18,268
1168,117,18,115,19,269
1171,116,34,117,16,283
1173,117,32,118,16,283
1176,115,19,116,16,266
1177,118,32,100,17,267
1178,102,32,100,17,251
1179,102,16,100,17,235
1180,117,16,116,17,266
1182,101,33,118,17,269
1183,117,34,101,15,267
1185,116,34,117,16,283
1187,117,32,118,17,284
1189,116,35,115,16,282
1191,117,33,116,18,284
1192,101,33,116,18,268
1193,117,33,115,18,283
1195,102,16,115,18,251
1196,101,34,115,18,268
1197,117,31,119,14,281
1198,115,16,119,14,264
1199,116,36,132,16,300
1201,117,32,133,16,298
1202,115,18,133,16,282
1203,116,34,115,18,283
1204,115,18,115,18,266
1205,118,31,118,16,283
1206,119,14,118,16,267
1208,132,33,118,17,300
1209,118,33,118,17,286
1210,116,17,118,17,268
1211,117,34,118,12,281
1213,116,32,118,17,283
1216,118,16,115,19,268
1217,118,34,115,17,284
1218,101,34,115,17,267
1219,119,29,103,16,267
1220,118,12,103,16,249
1221,102,12,103,16,233
1223,116,34,116,17,283
1224,115,19,116,17,267
1225,117,32,118,16,283
1226,100,32,118,16,266
1228,103,34,117,16,270
1229,117,33,117,16,283
1230,133,34,116,17,300
1231,118,34,116,17,285
1232,116,17,116,17,266
1233,101,17,116,17,251
1235,102,16,117,16,251
1236,100,33,117,17,267
1239,116,34,117,15,282
1240,99,34,117,15,265
1242,117,16,116,17,266
1243,116,34,116,17,283
1244,117,17,116,17,267
1245,117,31,119,16,283
1246,116,16,119,16,267
1247,115,34,118,16,283
1249,115,34,117,16,282
1250,116,17,117,16,266
1251,116,34,115,18,283
1252,116,17,115,18,266
1253,118,33,117,16,284
1257,117,33,116,18,284
1258,117,16,116,18,267
1259,116,34,117,16,283
1260,115,18,117,16,266
1263,116,32,117,18,283
1264,116,16,117,18,267
1265,115,35,115,18,283
1266,99,35,115,18,267
1267,118,33,117,16,284
1268,117,16,117,16,266
1269,116,34,116,17,283
1270,100,34,116,17,267
1273,118,33,117,16,284
1274,115,18,117,16,266
1277,116,34,134,17,301
1278,116,17,134,17,284
1281,102,16,118,14,250
1283,116,33,116,17,282
1284,117,16,116,17,266
1285,116,35,115,16,282
1286,134,31,118,17,300
1287,117,31,118,17,283
1288,118,14,118,17,267
1289,101,14,118,17,250
1293,116,33,117,18,284
1297,117,34,117,15,283
1298,118,17,117,15,267
1299,119,31,117,19,286
1300,102,31,117,19,269
1301,116,35,117,17,285
1302,117,18,117,17,269
1303,117,33,116,18,284
1304,117,16,116,18,267
1306,117,15,101,15,248
1307,117,35,132,17,301
1309,119,33,132,18,302
1310,117,17,132,18,284
1311,117,33,117,16,283
1316,116,16,117,16,265
1317,116,33,116,17,282
1318,116,16,116,17,265
1319,117,34,118,15,284
1322,116,17,117,17,267
1323,117,32,117,16,282
1325,116,33,119,16,284
1327,115,34,117,17,283
1328,118,15,117,17,267
1330,117,17,116,16,266
1331,118,31,118,17,284
1332,102,31,118,17,268
1335,116,33,117,16,282
1336,117,17,117,16,267
1337,116,33,116,17,282
1338,116,16,116,17,265
1339,117,34,116,16,283
1340,118,17,116,16,267
1341,116,30,119,17,282
1343,101,13,119,17,250
1344,117,16,117,16,266
1346,100,33,117,16,266
1347,116,33,117,17,283
1348,116,16,117,17,266
1349,115,34,100,18,267
1350,119,17,100,18,254
1352,117,16,115,19,267
1354,117,16,116,18,267
1355,100,16,116,18,250
1356,117,17,117,16,267
1357,117,32,118,16,283
1359,115,35,115,17,282
1360,115,19,115,17,266
1361,117,33,117,16,283
1362,116,18,117,16,267
1364,117,16,118,17,268
1366,118,16,117,17,268
1367,118,33,117,17,285
1368,115,17,117,17,266
1369,117,34,118,16,285
1371,116,35,115,16,282
1373,118,32,116,17,283
1374,117,17,116,17,267
1375,118,33,118,15,284
1376,117,17,118,15,267
1378,118,16,116,17,267
1379,116,32,117,16,281
1380,115,16,117,16,264
1381,116,34,117,17,284
1382,116,17,117,17,267
1384,118,15,118,16,267
1385,115,34,117,15,281
1386,99,34,117,15,265
1388,117,16,119,15,267
1389,116,35,116,16,283
1391,116,33,116,16,281
1392,118,16,116,16,266
1393,117,32,117,16,282
1394,117,15,117,16,265
1395,116,34,116,18,284
1396,100,34,116,18,268
1397,116,33,117,16,282
1398,116,16,117,16,265
1399,115,33,117,18,283
1400,116,16,117,18,267
1402,117,16,102,17,252
1403,114,35,117,15,281
1405,117,32,118,17,284
1407,116,35,115,18,284
1408,117,18,115,18,268
1409,118,32,117,18,285
1410,102,32,117,18,269
1411,102,15,117,18,252
1412,117,15,117,17,266
1413,116,35,117,16,284
1414,118,17,117,16,268
1415,118,33,117,16,284
1416,115,18,117,16,266
1418,117,18,116,16,267
1419,117,32,117,17,283
1421,116,34,116,18,284
1422,117,16,116,18,267
1423,118,33,101,16,268
1424,117,16,101,16,250
1428,117,17,119,13,266
1429,116,34,117,14,281
1430,116,18,117,14,265
1431,117,33,115,18,283
1432,101,33,115,18,267
1433,117,33,115,19,284
1434,101,33,115,19,268
1436,119,13,102,15,249
1438,117,14,118,17,266
1440,115,18,116,16,265
1441,117,34,115,18,284
1442,115,19,115,18,267
1443,115,32,101,15,263
1444,102,32,101,15,250
1446,118,17,117,17,269
1447,118,32,102,16,268
1448,116,16,102,16,250
1449,117,35,133,16,301
1451,118,32,117,17,284
1453,116,35,116,16,283
1454,117,17,116,16,266
1455,118,33,117,16,284
1456,102,33,117,16,268
1457,101,17,117,16,251
1460,101,33,102,11,247
1461,116,33,117,17,283
1462,116,16,117,17,266
1464,117,16,116,16,265
1465,117,35,131,17,300
1469,116,34,115,18,283
1471,116,32,118,16,282
1475,120,34,117,15,286
1477,117,33,116,17,283
1478,115,18,116,17,266
1480,101,33,117,16,267
1481,117,34,116,17,284
1482,116,18,116,17,267
1483,117,32,118,16,283
1484,117,15,118,16,266
1487,116,33,117,18,284
1488,117,16,117,18,268
1489,101,16,117,18,252
1490,116,17,101,15,249
1491,116,33,117,16,282
1492,118,16,117,16,267
1493,117,32,101,18,268
1494,118,14,101,18,251
1495,115,36,116,17,284
1496,117,18,116,17,268
1497,118,31,102,16,267
1499,115,34,119,15,283
1500,117,16,119,15,267
1501,115,35,116,17,283
1502,101,35,116,17,269
1503,118,33,115,17,283
1505,118,33,116,16,283
1507,117,33,117,17,284
1508,119,15,117,17,268
1509,116,34,116,16,282
1512,115,17,117,16,265
1513,116,33,116,19,284
1514,116,16,116,19,267
1515,114,35,117,17,283
1516,117,17,117,17,268
1518,116,16,102,15,249
1520,117,16,117,18,268
1521,116,35,117,16,284
1523,117,34,114,18,283
1524,117,17,114,18,266
1525,118,31,117,18,284
1526,102,31,117,18,268
1528,100,35,116,17,268
1529,119,33,117,15,284
1531,116,33,117,16,282
1533,117,34,115,18,284
1534,117,18,115,18,268
1535,118,33,117,15,283
1536,100,33,117,15,265
1538,117,15,117,16,265
1540,117,16,116,18,267
1542,115,18,115,17,265
1543,117,32,118,17,284
1544,117,15,118,17,267
1545,115,33,119,16,283
1546,117,16,119,16,268
1548,116,18,117,16,267
1549,118,32,118,17,285
1550,115,17,118,17,267
1552,118,17,117,16,268
1553,101,17,117,16,251
1554,102,33,117,15,267
1556,117,16,118,14,265
1557,118,34,116,16,284
1558,118,17,116,16,267
1560,117,16,117,15,265
1561,116,32,118,15,281
1563,115,33,117,19,284
1564,118,14,117,19,268
1565,115,34,102,15,266
1566,116,16,102,15,249
1568,117,15,122,9,263
1569,115,33,117,17,282
1570,100,33,117,17,267
1571,114,36,115,17,282
1572,117,19,115,17,268
1573,118,32,100,17,267
1576,122,9,119,18,268
1579,117,34,117,17,285
1582,100,33,116,17,266
1583,112,34,117,15,278
1585,118,33,116,16,283
1586,101,33,116,16,266
1590,116,17,101,17,251
1591,117,33,117,18,285
1592,117,15,117,18,267
1593,115,33,119,16,283
1596,116,17,117,13,263
1597,118,34,116,16,284
1600,102,33,116,16,267
1601,118,33,116,16,283
1603,117,30,102,16,265
1604,117,13,102,16,248
1606,116,16,117,16,265
1607,117,33,117,18,285
1608,116,16,117,18,267
1609,115,33,102,17,267
1611,115,35,116,16,282
1613,117,32,118,17,284
1615,116,35,116,17,284
1616,117,18,116,17,268
1617,118,32,117,17,284
1618,102,32,117,17,268
1619,103,15,117,17,252
1621,116,35,115,18,284
1623,118,33,115,18,284
1624,116,17,115,18,266
1625,116,33,116,18,283
1626,117,17,116,18,268
1629,116,34,115,17,282
1630,115,18,115,17,265
1632,115,18,117,17,267
1633,117,34,115,16,282
1634,116,18,115,16,265
1635,117,32,118,15,282
1636,116,17,118,15,266
1637,117,33,116,19,285
1639,117,35,115,16,283
1640,117,17,115,16,265
1641,118,31,118,18,285
1642,115,16,118,18,267
1643,116,34,102,16,268
1644,118,15,102,16,251
1645,117,35,115,16,283
1647,117,31,118,16,282
1648,115,16,118,16,265
1649,116,36,115,17,284
1653,102,16,117,15,250
1654,115,16,118,17,266
1655,116,34,118,17,285
1657,116,34,117,17,284
1658,115,17,117,17,266
1659,116,32,102,17,267
1660,117,15,102,17,251
1661,101,15,102,17,235
1662,118,17,117,17,269
1664,118,17,116,16,267
1665,118,33,116,17,284
1667,117,32,101,17,267
1668,102,32,101,17,252
1669,101,15,101,17,234
1670,117,17,116,16,266
1672,116,16,116,19,267
1674,116,17,116,16,265
1675,116,33,117,16,282
1677,116,33,100,17,266
1678,116,16,100,17,249
1679,116,35,134,12,297
1681,118,31,115,19,283
1683,115,34,118,16,283
1684,117,16,118,16,267
1685,116,34,117,15,282
1686,100,34,117,15,266
1689,119,31,116,17,283
1690,103,31,116,17,267
1692,118,16,116,17,267
1695,101,15,101,18,235
1696,130,34,116,18,298
1697,118,34,116,18,286
1698,116,17,116,18,267
1700,116,17,116,17,266
1701,116,33,116,18,283
1702,101,33,116,18,268
1703,102,15,116,18,251
1704,118,16,116,18,268
1705,117,34,117,15,283
1707,117,33,117,16,283
1708,116,17,117,16,266
1709,115,34,117,15,281
1710,116,18,117,15,266
1711,117,33,117,15,282
1712,116,18,117,15,266
1713,118,32,119,16,285
1714,100,32,119,16,267
1715,116,34,101,16,267
1716,117,16,101,16,250
1717,101,16,101,16,234
1718,117,15,101,17,250
1719,102,15,101,17,235
1720,117,15,118,16,266
1721,115,35,116,17,283
1722,119,16,116,17,268
1724,101,33,117,16,267
1726,101,32,119,17,269
1727,100,15,119,17,251
1728,118,16,116,17,267
1731,117,33,117,16,283
1732,117,16,117,16,266
1734,101,35,115,18,269
1737,116,34,117,16,283
1738,116,17,117,16,266
1739,116,33,117,19,285
1740,117,16,117,19,269
1741,115,35,116,17,283
1742,115,18,116,17,266
1743,119,32,118,16,285
1745,101,16,118,16,251
1746,117,16,101,17,251
1747,116,36,114,18,284
1748,117,19,114,18,268
1749,119,32,117,16,284
1751,117,33,117,17,284
1753,117,32,102,17,268
1754,101,32,102,17,252
1755,116,35,116,17,284
1756,114,18,116,17,265
1757,117,33,116,16,282
1758,100,33,116,16,265
1759,116,34,116,16,282
1760,117,17,116,16,266
1763,117,34,117,15,283
1764,116,17,117,15,265
1765,116,32,117,17,282
1766,116,16,117,17,266
1767,115,34,117,17,283
1768,116,16,117,17,266
1769,115,35,118,15,283
1770,117,18,118,15,268
1772,117,15,102,16,250
1774,117,17,117,16,267
1775,116,34,116,17,283
1777,117,34,133,15,299
1778,118,15,133,15,281
1779,102,15,133,15,265
1781,118,32,117,17,284
1782,117,16,117,17,267
1783,116,34,116,18,284
1785,114,34,117,16,281
1786,133,33,117,17,300
1787,117,33,117,17,284
1789,117,33,116,17,283
1791,117,34,116,17,284
1793,117,33,115,18,283
1794,117,16,115,18,266
1795,118,34,116,17,285
1797,118,32,101,15,266
1798,116,17,101,15,249
1799,117,34,115,18,284
1800,116,17,115,18,266
1801,116,33,117,16,282
1802,115,18,117,16,266
1803,116,34,116,17,283
1806,101,34,116,17,268
1807,118,32,118,17,285
1808,115,18,118,17,268
1810,117,16,117,16,266
1811,116,34,116,16,282
1812,116,17,116,16,265
1813,118,34,115,18,285
1814,116,17,115,18,266
1817,118,31,116,18,283
1818,102,31,116,18,267
1819,116,33,118,16,283
1823,116,33,116,17,282
1825,117,33,117,16,283
1826,101,33,117,16,267
1828,118,16,118,16,268
1829,117,33,101,16,267
1830,116,16,101,16,249
1832,116,17,116,17,266
1833,101,17,116,17,251
1834,117,16,116,19,268
1835,116,34,118,16,284
1838,101,34,100,16,251
1839,118,32,118,15,283
1840,116,17,118,15,266
1842,116,19,115,16,266
1843,117,33,115,16,281
1844,118,16,115,16,265
1847,101,15,117,18,251
1848,118,15,118,17,268
1850,115,16,102,17,250
1851,114,33,119,17,283
1852,115,16,119,17,267
1854,100,35,116,16,267
1855,116,34,116,16,282
1856,118,17,116,16,267
1857,101,17,116,16,250
1858,102,32,100,21,255
1859,102,15,100,21,238
1860,119,17,114,19,269
1861,102,17,114,19,252
1862,116,16,118,17,267
1863,115,34,117,16,282
1864,116,16,117,16,265
1865,115,35,116,16,282
1866,100,35,116,16,267
1867,117,33,115,16,281
1868,114,19,115,16,264
1869,118,33,116,16,283
1870,118,17,116,16,267
1872,101,32,117,17,267
1873,112,34,116,17,279
1875,118,32,117,17,284
1876,115,16,117,17,265
1878,116,16,117,18,267
1879,116,34,117,18,285
1880,117,17,117,18,269
1881,116,33,118,16,283
1882,116,17,118,16,267
1883,117,33,117,16,283
1884,117,17,117,16,267
1885,116,35,133,19,303
1886,117,18,133,19,287
1887,118,34,118,13,283
1888,101,34,118,13,266
1889,119,32,116,16,283
1890,118,16,116,16,266
1891,102,16,116,16,250
1892,101,32,117,16,266
1893,116,35,117,15,283
1894,133,32,117,18,300
1895,117,32,117,18,284
1896,118,13,117,18,266
1897,102,13,117,18,250
1899,116,33,117,17,283
1900,117,16,117,17,267
1901,116,34,118,17,285
1902,117,15,118,17,267
1904,117,18,116,16,267
1905,118,33,116,17,284
1906,102,33,116,17,268
1907,118,32,118,16,284
1908,117,17,118,16,268
1909,115,35,117,14,281
1911,118,32,117,16,283
1912,116,16,117,16,265
1913,117,34,117,16,284
1914,116,17,117,16,266
1915,118,33,120,13,284
1917,116,32,118,16,282
1918,117,14,118,16,265
1919,115,34,118,15,282
1923,116,33,116,18,283
1924,120,13,116,18,267
1926,118,16,117,17,268
1927,116,33,101,16,266
1928,118,15,101,16,250
1930,116,19,133,15,283
1932,116,18,132,19,285
1933,117,33,118,16,284
1934,117,17,118,16,268
1936,101,33,117,17,268
1938,133,31,118,17,299
1940,116,16,118,17,267
1944,117,17,117,16,267
1945,118,33,118,15,284
1946,116,16,118,15,265
1948,101,34,117,16,268
1949,116,32,101,17,266
1951,116,34,118,14,282
1955,116,34,116,17,283
1957,117,34,115,18,284
1958,101,34,115,18,268
1959,100,17,115,18,250
1960,101,31,102,15,249
1961,114,34,118,17,283
1962,117,16,118,17,268
1964,116,17,101,15,249
1965,116,34,116,17,283
1967,116,32,116,18,282
1969,116,35,115,17,283
1970,118,17,115,17,267
1971,118,32,117,17,284
1972,101,32,117,17,267
1974,116,17,117,17,267
1975,118,33,101,15,267
1976,101,33,101,15,250
1978,115,17,118,16,266
1980,117,17,117,17,268
1981,117,34,116,16,283
1982,117,17,116,16,266
1985,117,34,117,16,284
1986,118,16,117,16,267
1987,117,34,116,16,283
1988,117,17,116,16,266
1989,117,32,117,17,283
1990,116,16,117,17,266
1991,117,33,118,17,285
1992,100,33,118,17,268
1993,115,34,118,15,282
1994,117,16,118,15,266
1997,116,34,101,15,266
1999,118,34,115,17,284
2000,118,17,115,17,267
2001,117,32,118,15,282
2002,118,15,118,15,266
2003,116,35,117,15,283
2004,118,17,117,15,267
2005,118,33,117,16,284
2006,101,33,117,16,267
2007,117,32,101,17,267
2008,100,32,101,17,250
2009,115,33,116,18,282
2010,118,15,116,18,267
2011,115,34,118,15,282
2013,117,34,115,21,287
2014,117,16,115,21,269
2015,118,34,102,13,267
2016,101,34,102,13,250
2018,102,32,134,17,285
2025,101,17,117,16,251
2026,117,17,116,17,267
2027,116,32,101,17,266
2028,101,32,101,17,251
2029,102,15,101,17,235
2030,130,33,117,16,296
2031,117,33,117,16,283
2033,116,34,116,17,283
2034,116,17,116,17,266
2035,116,32,118,16,282
2036,101,32,118,16,267
2037,115,33,118,16,282
2039,115,34,118,16,283
2040,117,16,118,16,267
2043,116,33,117,16,282
2045,117,33,117,17,284
2046,101,33,117,17,268
2047,116,34,115,18,283
2049,117,33,116,17,283
2050,100,33,116,17,266
2052,117,16,117,16,266
2053,116,34,116,16,282
2054,117,17,116,16,266
2055,116,33,117,16,282
2056,115,18,117,16,266
2058,116,17,117,17,267
2059,116,33,101,17,267
2060,117,16,101,17,251
2061,116,33,118,18,285
2062,116,16,118,18,268
2063,117,34,102,15,268
2064,117,16,102,15,250
2067,117,34,115,18,284
2068,101,34,115,18,268
2069,118,34,114,19,285
2070,102,34,114,19,269
2071,118,31,118,17,284
2072,102,31,118,17,268
2073,116,35,117,17,285
2074,116,18,117,17,268
2075,117,33,101,15,266
2078,114,19,116,16,265
2080,102,33,116,16,267
2081,118,34,132,17,301
2082,117,17,132,17,283
2083,102,17,132,17,268
2084,101,32,117,17,267
2085,118,33,116,18,285
2086,116,16,116,18,266
2087,116,33,118,16,283
2088,116,16,118,16,266
2090,115,17,118,17,267
2092,117,17,101,16,251
2093,117,33,116,16,282
2094,101,33,116,16,266
2095,117,33,116,19,285
2096,101,33,116,19,269
2097,117,35,115,16,283
2098,118,17,115,16,266
2100,101,32,116,16,265
2102,116,16,117,15,264
2103,115,36,115,15,281
2104,116,19,115,15,265
2105,117,31,117,17,282
2106,115,16,117,17,265
2107,115,33,116,19,283
2108,116,16,116,19,267
2111,115,34,118,18,285
2112,115,15,118,18,266
2113,100,15,118,18,251
2114,117,17,117,17,268
2115,117,34,116,17,284
2116,116,19,116,17,268
2117,118,33,116,16,283
2119,117,34,115,19,285
2121,118,33,116,17,284
2122,117,17,116,17,267
2123,119,33,116,16,284
2124,116,17,116,16,265
2125,116,32,118,17,283
2127,116,36,114,17,283
2128,115,19,114,17,265
2130,101,32,114,19,266
2131,117,32,118,17,284
2132,116,16,118,17,267
2133,116,35,117,16,284
2134,118,17,117,16,268
2135,118,32,101,16,267
2137,116,34,117,17,284
2138,114,19,117,17,267
2139,117,34,116,17,284
2140,118,17,116,17,268
2141,117,33,117,15,282
2144,101,34,115,16,266
2145,102,18,115,16,251
2146,117,17,116,16,266
2148,116,17,116,16,265
2149,116,32,118,16,282
2151,116,33,101,18,268
2152,115,16,101,18,250
2154,116,16,117,16,265
2155,116,33,100,17,266
2156,116,16,100,17,249
2157,115,34,120,14,283
2160,101,33,101,16,251
2161,116,33,118,17,284
2162,117,16,118,17,268
2163,116,35,115,17,283
2164,100,35,115,17,267
2165,117,33,116,16,282
2166,101,33,116,16,266
2167,116,32,117,17,282
2169,116,35,117,17,285
2170,118,17,117,17,269
2171,101,17,117,17,252
2172,115,17,102,15,249
2173,113,33,119,15,280
2176,100,34,117,16,267
2177,116,35,115,17,283
2178,117,17,115,17,266
2179,102,17,115,17,251
2180,102,32,117,16,267
2181,100,17,117,16,250
2182,119,15,116,17,267
2183,117,33,117,16,283
2184,117,16,117,16,266
2185,115,34,117,15,281
2186,115,17,117,15,264
2187,117,33,133,19,302
2188,117,16,133,19,285
2190,116,17,119,15,267
2191,116,33,118,17,284
2192,117,16,118,17,268
2193,116,33,117,18,284
2194,117,15,117,18,267
2195,115,34,117,16,282
2197,117,34,116,18,285
2198,119,15,116,18,268
2199,102,15,116,18,251
2200,101,34,116,17,268
2202,102,33,116,16,267
2203,118,32,117,17,284
2204,117,16,117,17,267
2205,114,35,117,16,282
2206,116,18,117,16,267
2207,117,33,117,16,283
2208,116,17,117,16,266
2209,118,32,118,15,283
2211,116,34,116,17,283
2212,117,17,116,17,267
2213,117,34,116,17,284
2215,117,33,116,16,282
2216,117,16,116,16,265
2217,117,32,119,16,284
2220,116,17,101,17,251
2221,115,34,116,18,283
2222,116,17,116,18,267
2224,116,16,119,16,267
2225,115,35,117,17,284
2226,119,16,117,17,269
2227,118,32,117,17,284
2228,101,32,117,17,267
2230,116,18,133,16,283
2231,118,33,116,16,283
2232,102,33,116,16,267
2233,116,34,132,17,299
2234,117,17,132,17,283
2235,117,32,117,17,283
2237,117,34,115,18,284
2238,133,32,117,17,299
2239,116,32,117,17,282
2240,116,16,117,17,266
2242,132,34,101,14,281
2243,117,34,101,14,266
2248,117,17,116,17,267
2249,116,35,114,17,282
2250,117,18,114,17,266
2251,118,37,112,17,284
2252,101,37,112,17,267
2253,123,28,101,17,269
2254,118,15,101,17,251
2256,116,17,117,17,267
2257,116,33,117,17,283
2259,117,35,117,16,285
2260,112,17,117,16,262
2261,116,34,114,18,282
2262,101,34,114,18,267
2268,117,16,117,17,267
2269,116,33,101,15,265
2271,117,34,117,16,284
2272,117,17,117,16,267
2273,118,33,115,21,287
2274,118,16,115,21,270
2275,116,34,102,13,265
2276,117,17,102,13,249
2277,119,32,117,17,285
2278,101,32,117,17,267
2279,116,34,117,15,282
2280,117,16,117,15,265
2281,116,36,131,17,300
2284,102,31,117,17,267
2287,116,32,102,18,268
2288,117,15,102,18,252
2289,117,35,115,17,284
2290,131,34,132,17,314
2291,118,34,132,17,301
2292,117,17,132,17,283
2293,118,33,116,17,284
2294,101,33,116,17,267
2295,117,32,101,16,266
2296,102,32,101,16,251
2297,116,33,118,16,283
2298,115,17,118,16,266
2299,115,34,118,15,282
2300,132,34,116,17,299
2301,118,34,116,17,285
2302,116,17,116,17,266
2303,115,32,101,16,264
2308,118,15,117,17,267
2310,116,17,116,16,265
2311,117,35,114,17,283
2312,101,35,114,17,267
2313,118,30,117,18,283
2314,102,30,117,18,267
2315,114,35,117,18,284
2316,117,17,117,18,269
2317,117,32,103,15,267
2318,116,16,103,15,250
2319,116,34,117,17,284
2322,117,18,116,17,268
2323,117,35,115,16,283
2326,103,31,118,15,267
2327,117,34,116,18,285
2328,117,17,116,18,268
2329,118,33,101,15,267
2330,116,17,101,15,249
2331,116,33,118,16,283
2332,115,16,118,16,265
2333,116,33,118,15,282
2334,118,15,118,15,266
2335,116,35,133,17,301
2336,116,18,133,17,284
2339,117,33,117,16,283
2340,101,33,117,16,267
2341,116,32,118,16,282
2342,101,32,118,16,267
2343,116,35,115,17,283
2344,133,33,118,14,298
2346,117,16,118,14,265
2347,116,33,118,15,282
2348,117,16,118,15,266
2349,116,33,117,16,282
2352,115,17,116,19,267
2353,115,33,102,15,265
2354,118,14,102,15,249
2355,115,34,118,16,283
2356,118,15,118,16,267
2357,116,33,117,16,282
2358,117,16,117,16,266
2360,100,35,116,17,268
2363,114,35,119,13,281
2364,118,16,119,13,266
2365,117,32,117,17,283
2366,101,32,117,17,267
2367,117,35,116,16,284
2372,119,13,102,15,249
2373,116,34,116,17,283
2374,117,17,116,17,267
2375,116,33,118,17,284
2376,116,16,118,17,267
2377,116,35,116,16,283
2378,116,19,116,16,267
2379,115,32,116,17,280
2380,102,32,116,17,267
2381,117,33,117,16,283
2382,116,17,117,16,266
2384,118,17,116,16,267
2385,119,32,118,15,284
2387,117,33,119,15,284
2388,116,17,119,15,267
2390,117,16,119,16,268
2391,115,34,118,16,283
2392,116,16,118,16,266
2394,118,15,101,19,253
2395,117,34,133,16,300
2396,119,15,133,16,283
2397,102,15,133,16,266
2398,101,34,115,17,267
2399,117,33,116,16,282
2400,118,16,116,16,266
2401,116,33,117,17,283
2404,133,33,116,19,301
2405,115,33,116,19,283
2407,115,33,117,18,283
2408,116,16,117,18,267
2411,119,31,119,16,285
2412,101,31,119,16,267
2413,116,36,115,16,283
2414,116,19,115,16,266
2415,118,33,132,17,300
2417,117,33,132,17,299
2418,117,16,132,17,282
2419,118,33,116,16,283
2420,102,33,116,16,267
2421,118,32,118,17,285
2422,115,16,118,17,266
2423,116,34,116,15,281
2424,132,33,117,17,299
2425,115,33,117,17,282
2427,115,33,117,17,282
2428,116,16,117,17,266
2429,116,35,116,18,285
2430,100,35,116,18,269
2431,118,30,120,17,285
2432,116,15,120,17,268
2433,114,36,116,19,285
2434,117,17,116,19,269
2435,117,33,102,15,267
2436,101,33,102,15,251
2437,116,35,133,17,301
2438,116,18,133,17,284
2439,119,33,117,15,284
2440,120,17,117,15,269
2441,118,34,115,17,284
2443,119,32,118,17,286
2444,102,32,118,17,269
2445,117,34,115,17,283
2446,133,32,117,16,298
2447,117,32,117,16,282
2448,117,15,117,16,265
2449,102,15,117,16,250
2450,115,17,117,16,265
2451,117,35,115,16,283
2453,118,31,117,18,284
2454,101,31,117,18,267
2456,117,16,102,15,250
2457,116,34,117,16,283
2458,117,16,117,16,266
2459,115,33,118,17,283
2462,117,18,116,16,267
2463,118,33,116,17,284
2464,102,33,116,17,268
2465,117,32,101,17,267
2466,117,16,101,17,251
2468,118,17,134,14,283
2469,118,32,116,17,283
2471,117,34,116,17,284
2475,116,35,114,19,284
2476,134,31,102,14,281
2479,116,34,116,17,283
2481,116,32,119,15,282
2482,118,14,119,15,266
2483,101,14,119,15,249
2484,114,19,114,19,266
2485,119,32,118,17,286
2486,102,32,118,17,269
2487,117,33,102,14,266
2488,100,33,102,14,249
2489,115,33,135,16,299
2490,119,15,135,16,285
2492,114,19,133,17,283
2493,119,34,116,15,284
2494,101,34,116,15,266
2495,119,31,116,19,285
2496,102,31,116,19,268
2497,115,35,115,17,282
2498,135,33,115,17,300
2499,119,33,115,17,284
2500,116,17,115,17,265
2501,116,32,118,16,282
2502,116,15,118,16,265
2503,102,15,118,16,251
2504,116,19,116,17,268
2506,115,17,118,17,267
2508,115,17,119,15,266
2509,115,34,117,17,283
2510,100,34,117,17,268
2511,118,34,117,16,285
2512,116,17,117,16,266
2513,118,34,116,16,284
2516,102,32,100,18,252
2518,117,17,115,16,265
2520,117,16,116,16,265
2521,116,33,116,19,284
2522,116,16,116,19,267
2523,115,33,102,14,264
2524,100,33,102,14,249
2525,116,32,119,16,283
2526,115,16,119,16,266
2527,114,34,117,19,284
2529,115,36,115,16,282
2530,116,19,115,16,266
2533,100,18,116,17,251
2534,102,33,117,17,269
2535,117,35,114,17,283
2536,101,35,114,17,267
2537,100,19,114,17,250
2538,115,16,117,17,265
2539,117,34,116,16,283
2541,116,34,116,16,282
2542,117,17,116,16,266
2543,118,32,117,17,284
2544,114,17,117,17,265
2545,116,34,117,17,284
2548,116,16,102,15,249
2550,116,16,117,17,266
2552,117,17,117,16,267
2553,117,34,115,17,283
2554,117,17,115,17,266
2556,102,34,114,17,267
2557,118,32,118,14,282
2559,100,17,118,14,249
2561,116,33,117,16,282
2562,115,17,117,16,265
2563,117,33,118,17,285
2564,114,17,118,17,266
2566,118,14,102,17,251
2567,115,34,118,15,282
2568,116,17,118,15,266
2569,117,33,118,16,284
2570,117,16,118,16,267
2573,116,34,115,16,281
2574,102,34,115,16,267
2575,119,31,100,17,267
2577,116,34,118,16,284
2578,100,34,118,16,268
2580,116,18,116,16,266
2581,117,31,117,16,281
2582,115,16,117,16,264
2583,115,35,116,16,282
2584,100,35,116,16,267
2586,101,33,115,19,268
2587,117,33,118,17,285
2588,116,16,118,17,267
2589,117,32,117,17,283
2590,101,32,117,17,267
2591,116,34,117,17,284
2592,116,16,117,17,266
2593,115,35,117,15,282
2594,115,19,117,15,266
2595,117,34,114,19,284
2596,118,17,114,19,268
2597,119,31,117,16,283
2598,103,31,117,16,267
2599,116,34,118,15,283
2600,117,17,118,15,267
2601,118,33,116,19,286
2602,117,15,116,19,267
2603,115,35,116,17,283
2604,114,19,116,17,266
2606,117,16,117,17,267
2608,118,15,118,14,265
2609,115,35,116,15,281
2611,119,33,116,16,284
2612,116,17,116,16,265
2613,118,32,117,18,285
2614,117,17,117,18,269
2615,115,32,122,13,282
2617,116,34,118,17,285
2618,116,15,118,17,266
2619,115,34,118,15,282
2622,117,18,115,17,267
2623,117,32,116,16,281
2624,122,13,116,16,267
2625,116,34,115,18,283
2626,118,17,115,18,268
2627,117,32,118,17,284
2628,118,15,118,17,268
2629,116,34,117,16,283
2632,116,16,101,17,250
2633,115,35,116,17,283
2635,116,34,116,16,282
2637,101,17,116,16,250
2638,117,16,118,16,267
2639,117,33,101,16,267
2640,101,33,101,16,251
2641,117,34,116,17,284
2642,116,17,116,17,266
2644,116,16,117,16,265
2645,116,34,116,18,284
2647,117,33,116,18,284
2648,101,33,116,18,268
2649,117,33,118,15,283
2650,116,17,118,15,266
2651,116,33,117,16,282
2652,117,16,117,16,266
2654,116,18,115,18,267
2655,118,33,115,18,284
2656,116,18,115,18,267
2657,118,32,117,16,283
2658,118,15,117,16,266
2659,116,33,118,16,283
2661,116,35,116,17,284
2663,118,33,116,16,283
2664,115,18,116,16,265
2665,116,32,119,16,283
2666,101,32,119,16,268
2669,117,34,117,16,284
2671,118,32,118,15,283
2672,116,16,118,15,265
2673,116,35,116,16,283
2675,117,32,115,20,284
2678,117,16,117,16,266
2679,101,16,117,16,250
2680,101,32,118,17,268
2681,114,34,101,16,265
2683,117,35,115,17,284
2684,115,20,115,17,267
2685,117,32,117,16,282
2687,100,16,117,16,249
2688,101,34,115,18,268
2689,117,32,101,17,267
2690,101,32,101,17,251
2691,102,16,101,17,236
2692,115,17,117,16,265
2694,117,16,118,16,267
2695,116,34,117,15,282
2696,115,18,117,15,265
2697,117,33,118,16,284
2698,101,33,118,16,268
2700,117,16,117,17,267
2701,116,34,118,15,283
2702,118,16,118,15,267
2703,118,32,118,17,285
2704,117,15,118,17,267
2705,115,35,116,16,282
2706,118,16,116,16,266
2707,117,33,117,16,283
2710,118,15,118,15,266
2711,101,15,118,15,249
2712,118,17,117,17,269
2713,116,32,102,16,266
2714,116,16,102,16,250
2716,117,16,118,15,266
2717,115,33,100,17,265
2718,100,33,100,17,250
2719,116,35,117,16,284
2722,102,33,117,17,269
2723,117,32,117,16,282
2724,118,15,117,16,266
2726,100,35,115,18,268
2727,117,33,116,17,283
2729,117,34,115,17,283
2730,117,17,115,17,266
2731,117,31,121,14,283
2732,117,16,121,14,268
2734,115,18,115,18,266
2735,116,33,117,16,282
2736,100,33,117,16,266
2737,116,33,116,18,283
2738,115,17,116,18,266
2739,117,34,100,15,266
2741,118,33,133,17,301
2742,115,18,133,17,283
2743,117,33,117,17,284
2745,117,34,117,15,283
2746,116,18,117,15,266
2747,114,32,118,16,280
2749,100,17,118,16,251
2750,117,16,116,17,266
2751,116,34,117,16,283
2752,117,17,117,16,267
2754,117,15,118,16,266
2755,102,15,118,16,251
2756,118,16,117,17,268
2757,116,33,116,17,282
2758,116,17,116,17,266
2759,116,34,117,15,282
2760,117,16,117,15,265
2761,116,33,117,17,283
2763,116,34,115,18,283
2767,115,33,118,17,283
2768,117,15,118,17,267
2770,117,17,117,16,267
2771,117,33,117,16,283
2772,115,18,117,16,266
2774,101,33,117,17,268
2775,116,34,115,18,283
2776,101,34,115,18,268
2780,117,16,117,17,267
2782,117,17,115,17,266
2783,117,33,116,17,283
2784,115,18,116,17,266
2785,116,32,117,16,281
2786,100,32,117,16,265
2787,115,35,116,17,283
2788,117,17,116,17,267
2789,117,32,101,17,267
2790,100,32,101,17,250
2791,117,34,116,17,284
2792,116,17,116,17,266
2793,117,32,118,18,285
2794,117,16,118,18,269
2798,101,31,118,18,268
2799,101,14,118,18,251
2800,116,17,101,16,250
2802,118,18,131,18,285
2803,118,33,132,17,300
2804,101,33,132,17,283
2805,117,33,116,16,282
2806,103,33,116,16,268
2807,118,32,117,17,284
2808,101,32,117,17,267
2810,131,34,101,16,282
2811,116,34,101,16,267
2812,116,16,101,16,249
2813,117,33,117,16,283
2814,116,16,117,16,265
2815,100,16,117,16,249
2816,117,17,116,18,268
2817,117,34,115,21,287
2819,117,32,118,16,283
2821,116,33,118,17,284
2822,117,16,118,17,268
2823,116,35,117,16,284
2827,120,30,117,17,284
2828,118,16,117,17,268
2829,117,34,115,18,284
2830,118,17,115,18,268
2831,118,33,117,15,283
2832,117,16,117,15,265
2833,102,16,117,15,250
2834,130,34,117,15,296
2835,116,34,117,15,282
2836,100,34,117,15,266
2837,100,17,117,15,249
2838,115,18,117,16,266
2839,116,32,119,16,283
2841,115,35,115,17,282
2842,116,18,115,17,266
2844,117,15,118,16,266
2845,117,34,117,16,284
2849,102,16,117,14,249
2850,100,32,114,19,265
2851,115,34,115,18,282
2852,118,16,115,18,267
2855,115,32,102,17,266
2856,117,14,102,17,250
2857,102,14,102,17,235
2858,114,19,117,18,268
2859,115,34,117,17,283
2860,115,18,117,17,267
2861,116,34,117,17,284
2863,116,32,117,19,284
2865,104,15,117,19,255
2866,117,18,101,14,250
2867,119,33,132,18,302
2869,117,34,132,17,300
2870,117,17,132,17,283
2871,117,34,115,17,283
2872,102,34,115,17,268
2873,119,33,116,16,284
2874,101,33,116,16,266
2875,118,31,118,17,284
2876,132,34,117,19,302
2879,117,34,102,17,270
2880,115,17,102,17,251
2881,101,17,102,17,237
2882,116,16,117,17,266
2883,117,34,117,15,283
2885,117,35,130,18,300
2886,117,19,130,18,284
2887,119,32,116,15,282
2888,102,32,116,15,265
2889,102,15,116,15,248
2890,117,17,132,18,284
2891,117,32,118,17,284
2892,100,32,118,17,267
2893,116,33,102,15,266
2895,113,33,117,18,281
2896,116,15,117,18,266
2897,115,34,101,17,267
2899,115,35,132,17,299
2901,101,17,132,17,267
2903,115,35,117,16,283
2904,117,18,117,16,268
2905,118,33,116,18,285
2906,101,33,116,18,268
2907,116,33,117,16,282
2908,132,33,116,19,300
2909,117,33,116,19,285
2910,118,16,116,19,269
2911,101,16,116,19,252
2912,117,16,116,18,267
2913,116,34,117,16,283
2914,116,18,117,16,267
2916,117,16,117,16,266
2917,116,35,116,16,283
2918,116,19,116,16,267
2922,117,16,116,16,265
2924,117,16,118,16,267
2926,116,16,100,17,249
2927,117,33,118,16,284
2928,115,17,118,16,266
2930,116,16,118,17,267
2932,118,16,116,19,269
2934,100,34,101,15,250
2936,118,16,117,17,268
2937,101,16,117,17,251
2939,117,34,115,17,283
2942,101,32,115,22,270
2943,116,34,103,13,266
2945,117,32,118,16,283
2946,115,17,118,16,266
2947,117,34,117,15,283
2949,117,37,130,16,300
2951,120,29,117,17,283
2952,103,29,117,17,266
2954,118,16,116,17,267
2955,117,32,117,19,285
2957,117,35,117,16,285
2959,117,33,117,16,283
2960,101,33,117,16,267
2962,116,17,117,18,268
2963,116,35,114,18,283
2964,117,19,114,18,268
2967,117,33,118,16,284
2968,117,16,118,16,267
2972,100,32,116,18,266
2973,116,33,101,20,270
2975,100,16,101,20,237
2976,118,16,118,16,268
2977,117,32,117,17,283
2978,116,15,117,17,265
2979,117,35,116,16,284
2980,116,18,116,16,266
2981,117,33,117,17,284
2984,100,34,116,16,266
2987,117,33,118,16,284
2988,116,16,118,16,266
2989,112,35,114,18,279
2990,117,17,114,18,266
2993,117,34,116,17,284
2995,117,33,116,16,282
2996,101,33,116,16,266
2999,116,33,117,18,284
3000,117,16,117,18,268
3002,116,17,116,19,268
3003,116,32,118,20,286
3004,116,16,118,20,270
3005,117,34,104,14,269
3006,116,17,104,14,251
3008,117,18,116,16,267
3010,101,34,133,16,284
3011,119,35,114,15,283
3012,118,20,114,15,267
3014,104,31,115,16,266
3015,118,32,116,19,285
3016,116,16,116,19,267
3017,117,35,115,17,284
3018,133,31,101,16,281
3019,118,31,101,16,266
3021,100,15,101,16,232
3022,115,16,102,15,248
3023,115,36,116,16,283
3024,116,19,116,16,267
3027,116,34,116,17,283
3031,100,17,101,17,235
3032,116,16,116,18,266
3033,117,32,119,14,282
3034,118,14,119,14,265
3037,118,32,118,16,284
3039,100,15,118,16,249
3040,116,18,133,17,284
3042,119,14,119,17,269
3043,115,34,117,17,283
3044,116,16,117,17,266
3047,117,34,116,16,283
3051,101,17,115,18,251
3053,116,35,116,16,283
3054,100,35,116,16,267
3055,119,31,118,16,284
3056,116,16,118,16,266
3057,115,35,117,16,283
3060,101,32,118,15,266
3062,116,16,117,15,264
3063,117,33,117,16,283
3064,101,33,117,16,267
3065,101,16,117,16,250
3066,117,16,116,18,267
3067,116,32,102,18,268
3070,117,15,102,15,249
3071,115,34,117,17,283
3073,115,35,115,18,283
3074,116,18,115,18,267
3075,117,33,115,17,282
3077,102,15,115,17,249
3078,102,32,116,17,267
3080,117,17,117,16,267
3082,115,18,117,16,266
3083,115,32,101,16,264
3084,115,17,101,16,249
3085,117,33,117,17,284
3086,116,17,117,17,267
3089,117,34,117,17,285
3090,117,16,117,17,267
3091,118,33,118,16,285
3092,101,33,118,16,268
3093,118,33,116,17,284
3096,117,16,117,17,267
3097,115,35,115,20,285
3098,117,17,115,20,269
3099,118,33,115,17,283
3100,118,16,115,17,266
3103,116,34,116,17,283
3106,115,20,131,17,283
3108,102,30,118,16,266
3109,117,33,117,16,283
3110,117,16,117,16,266
3113,117,34,117,16,284
3116,101,33,116,18,268
3120,117,16,116,17,266
3121,117,34,116,17,284
3123,116,34,133,15,298
3124,116,18,133,15,282
3125,118,32,134,17,301
3126,102,32,134,17,285
3127,116,33,118,17,284
3129,115,34,101,17,267
3130,116,17,101,17,251
3131,100,17,101,17,235
3132,115,18,101,14,248
3134,116,18,133,17,284
3135,118,34,133,16,301
3136,101,34,133,16,284
3137,101,17,133,16,267
3138,101,34,115,16,266
3140,101,32,116,18,267
3141,118,33,118,15,284
3142,133,34,116,17,300
3143,116,34,116,17,283
3144,116,17,116,17,266
3145,116,32,101,17,266
3146,115,16,101,17,249
3147,117,35,117,16,285
3148,116,18,117,16,267
3149,117,32,101,17,267
3150,101,32,101,17,251
3151,116,34,117,16,283
3155,101,16,117,16,250
3156,117,16,117,15,265
3159,101,15,118,16,250
3160,117,16,116,18,267
3162,117,16,101,17,251
3164,117,15,120,14,266
3165,115,34,117,16,282
3166,118,16,117,16,267
3167,116,34,116,17,283
3168,116,18,116,17,267
3169,117,33,116,16,282
3170,101,33,116,16,266
3171,100,16,116,16,248
3172,101,33,116,17,267
3175,117,34,101,16,268
3177,116,32,119,16,283
3178,116,16,119,16,267
3179,113,34,118,15,280
3180,116,17,118,15,266
3181,116,35,133,15,299
3186,102,33,116,16,267
3187,118,32,117,17,284
3191,117,32,101,17,267
3193,115,33,102,16,266
3195,115,34,119,15,283
3197,117,34,120,14,285
3200,101,34,116,15,266
3202,102,32,117,17,268
3204,100,34,117,15,266
3205,118,34,115,16,283
3206,120,14,115,16,265
3207,117,31,117,17,282
3208,116,15,117,17,265
3211,115,32,102,16,265
3212,117,15,102,16,250
3213,112,33,117,18,280
3215,115,34,116,17,282
3217,116,35,115,17,283
3219,117,32,117,17,283
3220,102,32,117,17,268
3221,101,16,117,17,251
3222,101,34,117,16,268
3223,118,32,118,16,284
3224,116,17,118,16,267
3225,116,34,116,17,283
3226,115,17,116,17,265
3227,116,34,117,17,284
3228,117,17,117,17,268
3229,118,33,117,16,284
3230,117,16,117,16,266
3232,118,16,119,14,267
3234,116,17,117,17,267
3235,116,35,133,16,300
3236,117,17,133,16,283
3237,117,32,117,17,283
3238,117,16,117,17,267
3239,116,33,116,18,283
3240,119,14,116,18,267
3241,117,34,117,16,284
3244,133,33,115,17,298
3247,115,33,116,18,282
3248,116,18,116,18,268
3252,116,16,117,16,265
3253,116,33,117,17,283
3254,115,17,117,17,266
3256,116,18,115,18,267
3257,117,32,118,16,283
3258,118,15,118,16,267
3259,116,33,118,17,284
3260,117,16,118,17,268
3261,117,34,117,18,286
3263,117,34,117,14,282
3265,116,33,118,16,283
3267,117,34,116,18,285
3268,118,17,116,18,269
3269,118,34,115,16,283
3270,101,34,115,16,266
3272,117,14,101,18,250
3273,114,36,134,16,300
3277,118,31,118,17,284
3278,115,16,118,17,266
3279,115,34,116,17,282
3280,101,34,116,17,268
3281,115,35,115,17,282
3282,117,17,115,17,266
3283,118,31,118,16,283
3285,101,15,118,16,250
3286,118,17,116,17,268
3287,117,32,118,16,283
3288,116,17,118,16,267
3289,115,34,116,17,282
3296,118,16,104,13,251
3297,101,16,104,13,234
3298,116,17,134,16,283
3299,116,35,131,17,299
3300,117,18,131,17,283
3301,118,36,112,16,282
3302,116,21,112,16,265
3303,120,30,117,15,282
3304,104,30,117,15,266
3305,101,17,117,15,250
3306,134,32,117,17,300
3307,117,32,117,17,283
3308,115,16,117,17,265
3309,116,33,118,16,283
3310,112,16,118,16,262
3312,117,15,117,17,266
3313,116,33,117,16,282
3314,116,16,117,16,265
3315,116,34,117,16,283
3316,117,17,117,16,267
3317,117,33,117,16,283
3318,101,33,117,16,267
3319,115,34,117,16,282
3321,117,32,118,15,282
3322,101,32,118,15,266
3323,116,34,118,16,284
3324,117,16,118,16,267
3325,116,33,118,16,283
3326,117,16,118,16,267
3327,116,34,118,16,284
3328,117,16,118,16,267
3329,117,32,119,16,284
3330,118,15,119,16,268
3331,115,35,118,14,282
3332,118,16,118,14,266
3334,101,33,116,19,269
3337,117,33,117,16,283
3339,116,32,117,18,283
3341,115,36,116,16,283
3343,117,33,116,16,282
3344,117,17,116,16,266
3345,100,17,116,16,249
3346,117,16,117,17,267
3347,115,34,116,17,282
3351,116,33,116,20,285
3354,117,17,116,17,267
3356,116,17,134,15,282
3357,116,34,133,17,300
3358,116,18,133,17,284
3359,117,35,131,16,299
3360,116,20,131,16,283
3361,119,31,116,17,283
3362,116,17,116,17,266
3364,116,18,116,17,267
3366,115,18,115,19,267
3367,118,33,117,16,284
3369,117,33,117,17,284
3370,100,33,117,17,267
3372,116,17,115,18,266
3373,118,34,117,16,285
3375,117,32,116,17,282
3376,101,32,116,17,266
3378,117,17,116,17,267
3379,117,33,116,16,282
3380,115,18,116,16,265
3382,117,16,116,14,263
3384,101,32,116,19,268
3389,114,32,103,16,265
3390,116,14,103,16,249
3391,101,14,103,16,234
3392,116,19,116,15,266
3393,118,32,117,16,283
3395,117,34,116,16,283
3396,101,34,116,16,267
3397,117,33,117,16,283
3398,103,33,117,16,269
3399,118,32,101,16,267
3401,115,34,117,17,283
3403,100,16,117,17,250
3404,116,16,118,15,265
3406,117,16,116,16,265
3407,116,34,117,16,283
3410,101,33,117,17,268
3411,117,32,102,16,267
3412,101,32,102,16,251
3414,116,16,102,16,250
3415,116,35,116,17,284
3416,117,16,116,17,266
3418,117,17,117,16,267
3420,102,33,115,17,267
3421,118,32,118,16,284
3423,115,34,117,17,283
3424,116,17,117,17,267
3425,116,34,117,16,283
3426,117,16,117,16,266
3427,101,16,117,16,250
3428,100,32,101,17,250
3432,117,17,116,16,266
3433,116,33,116,18,283
3434,117,16,116,18,267
3435,118,32,117,17,284
3437,100,15,117,17,249
3439,118,31,117,17,283
3440,101,31,117,17,266
3441,115,35,117,18,285
3442,116,18,117,18,269
3445,117,33,101,16,267
3447,116,34,118,17,285
3448,117,17,118,17,269
3450,117,18,113,17,265
3451,120,31,116,17,284
3453,118,33,100,17,268
3454,101,33,100,17,251
3456,118,17,116,16,267
3457,100,17,116,16,249
3458,113,17,119,14,263
3459,116,34,118,16,284
3461,117,34,116,17,284
3462,100,34,116,17,267
3463,116,33,117,17,283
3464,116,16,117,17,266
3465,118,32,102,17,269
3466,101,32,102,17,252
3467,116,35,117,16,284
3468,118,16,117,16,267
3469,117,33,116,16,282
3470,116,17,116,16,265
3471,116,34,116,18,284
3472,117,17,116,18,268
3473,116,33,116,16,281
3474,102,33,116,16,267
3475,116,33,116,18,283
3476,117,16,116,18,267
3478,100,32,102,16,250
3480,116,18,115,18,267
3481,117,31,102,15,265
3482,116,16,102,15,249
3483,115,35,117,16,283
3486,102,33,115,17,267
3487,117,34,116,17,284
3488,115,18,116,17,266
3492,117,16,117,16,266
3493,117,32,116,19,284
3494,115,17,116,19,267
3495,116,35,115,17,283
3496,116,17,115,17,265
3497,118,33,117,17,285
3499,116,33,117,15,281
3500,117,16,117,15,265
3501,118,34,116,17,285
3502,116,19,116,17,268
3504,115,17,101,17,250
3505,116,35,102,13,266
3507,117,31,118,17,283
3508,117,15,118,17,267
3509,117,35,116,16,284
3510,116,17,116,16,265
3511,118,36,130,16,300
3512,101,36,130,16,283
3513,119,29,117,18,283
3517,117,32,118,17,284
3518,116,16,118,17,267
3522,117,18,116,16,267
3523,117,32,118,16,283
3525,116,35,117,15,283
3526,118,17,117,15,267
3527,118,32,118,17,285
3530,116,16,102,15,249
3531,116,34,132,19,301
3533,116,33,118,15,282
3537,118,31,118,16,283
3538,102,31,118,16,267
3539,115,33,118,18,284
3540,132,34,102,15,283
3541,114,34,102,15,265
3542,118,15,102,15,250
3543,115,33,119,16,283
3546,100,34,117,16,267
3547,101,16,117,16,250
3548,118,18,116,16,268
3549,117,31,117,17,282
3551,116,35,116,17,284
3553,117,32,118,15,282
3554,101,32,118,15,266
3555,116,34,117,16,283
3556,116,16,117,16,265
3559,115,34,116,17,282
3561,117,32,118,17,284
3562,118,15,118,17,268
3563,115,34,117,17,283
3564,117,16,117,17,267
3565,117,33,101,17,268
3566,100,33,101,17,251
3569,116,34,113,21,284
3571,117,33,117,16,283
3572,117,17,117,16,267
3573,117,32,118,17,284
3574,101,32,118,17,268
3575,116,35,116,17,284
3576,117,17,116,17,267
3577,117,34,117,15,283
3578,113,21,117,15,266
3582,101,34,116,18,269
3583,117,33,101,16,267
3584,116,17,101,16,250
3587,116,33,101,17,267
3588,100,33,101,17,251
3590,116,18,115,18,267
3591,118,31,119,15,283
3592,101,31,119,15,266
3593,114,35,133,17,299
3595,118,33,134,16,301
3596,101,33,134,16,284
3597,101,16,134,16,267
3598,115,18,116,17,266
3599,117,32,101,17,267
3602,115,18,116,17,266
3603,116,34,115,19,284
3604,117,17,115,19,268
3605,118,33,116,16,283
3606,116,17,116,16,265
3608,101,33,118,14,266
3609,118,33,117,16,284
3610,116,17,117,16,266
3611,116,35,115,18,284
3612,115,19,115,18,267
3614,101,31,117,17,266
3615,115,33,119,15,282
3616,118,14,119,15,266
3617,116,34,117,17,284
3618,117,16,117,17,267
3622,102,32,101,15,250
3623,115,33,116,17,281
3624,119,15,116,17,267
3626,100,34,116,17,267
3627,117,34,116,16,283
3629,118,33,116,17,284
3630,101,33,116,17,267
3631,116,32,101,19,268
3633,116,34,116,18,284
3635,117,33,118,17,285
3636,116,16,118,17,267
3637,117,34,117,17,285
3638,116,17,117,17,267
3639,118,32,102,15,267
3641,103,13,102,15,233
3642,116,18,117,16,267
3643,117,34,116,17,284
3644,118,17,116,17,268
3645,118,33,116,16,283
3646,117,17,116,16,266
3647,115,32,116,18,281
3648,102,32,116,18,268
3650,117,16,117,17,267
3651,116,34,115,19,284
3652,116,17,115,19,267
3653,117,32,116,17,282
3654,116,16,116,17,265
3658,117,17,115,17,266
3661,118,31,101,16,266
3664,116,16,102,14,248
3669,118,34,115,17,284
3672,102,31,101,17,251
3673,116,35,117,16,284
3674,118,16,117,16,267
3675,101,16,117,16,250
3676,116,18,116,18,268
3678,115,17,118,16,266
3682,101,32,116,17,266
3684,116,18,133,15,282
3685,119,32,116,18,285
3686,102,32,116,18,268
3688,116,16,101,17,250
3689,116,33,118,16,283
3691,116,35,116,17,284
3692,116,17,116,17,266
3693,117,33,117,16,283
3694,101,33,117,16,267
3697,102,17,116,16,251
3698,102,32,117,16,267
3699,116,34,117,16,283
3700,116,17,117,16,266
3702,117,16,117,16,266
3703,116,33,117,16,282
3705,116,33,117,19,285
3708,117,16,117,16,266
3709,116,33,116,18,283
3710,117,16,116,18,267
3711,116,33,116,19,284
3712,117,16,116,19,268
3713,116,36,115,17,284
3714,100,36,115,17,268
3715,118,31,116,17,282
3716,117,16,116,17,266
3717,116,34,116,17,283
3718,116,18,116,17,267
3719,117,34,115,18,284
3720,116,19,115,18,268
3722,115,17,115,19,266
3723,117,32,118,17,284
3724,101,32,118,17,268
3725,117,34,101,17,269
3726,116,17,101,17,251
3727,118,34,133,16,301
3728,115,18,133,16,282
3729,117,34,115,17,283
3731,119,33,115,17,284
3735,117,34,117,16,284
3736,133,33,116,18,300
3737,118,33,116,18,285
3739,116,33,116,16,281
3740,115,17,116,16,264
3741,115,33,117,17,282
3742,117,16,117,17,267
3744,117,16,116,16,265
3745,117,34,117,15,283
3746,100,34,117,15,266
3750,117,17,117,16,267
3751,116,32,101,16,265
3752,116,16,101,16,249
3753,116,34,117,16,283
3754,117,15,117,16,265
3755,117,35,115,16,283
3756,117,19,115,16,267
3757,118,32,116,17,283
3758,117,16,116,17,266
3760,101,33,119,15,268
3761,115,33,101,17,266
3762,100,33,101,17,251
3763,117,33,119,16,285
3766,116,17,101,17,251
3768,119,15,116,16,266
3769,117,34,132,18,301
3770,101,34,132,18,285
3771,118,33,133,17,301
3772,102,33,133,17,285
3774,101,33,117,17,268
3775,115,32,102,17,266
3777,115,34,101,17,267
3780,117,16,117,17,267
3781,116,34,115,18,283
3782,117,17,115,18,267
3783,101,17,115,18,251
3784,102,33,117,16,268
3785,117,34,116,17,284
3786,101,34,116,17,268
3788,101,33,116,15,265
3789,117,33,115,16,281
3791,116,33,116,16,281
3792,117,16,116,16,265
3793,116,34,115,17,282
3794,116,17,115,17,265
3795,117,31,118,17,283
3796,116,15,118,17,266
3797,116,33,102,17,268
3798,115,16,102,17,250
3800,116,16,117,17,266
3801,115,34,119,15,283
3802,115,17,119,15,266
3803,116,34,116,18,284
3804,101,34,116,18,269
3806,102,32,118,15,267
3807,101,15,118,15,249
3808,100,34,116,17,267
3809,117,34,118,15,284
3810,100,34,118,15,267
3811,117,34,115,18,284
3812,116,18,115,18,267
3814,118,15,102,15,250
3816,116,17,118,17,268
3817,114,34,116,16,280
3818,118,15,116,16,265
3819,117,34,116,17,284
3822,102,32,117,18,269
3827,116,35,119,13,283
3829,118,34,117,17,286
3830,117,18,117,17,269
3831,117,32,117,16,282
3832,116,16,117,16,265
3833,117,34,116,17,284
3834,117,18,116,17,268
3835,117,32,118,16,283
3836,119,13,118,16,266
3837,116,36,115,16,283
3838,117,17,115,16,265
3839,118,31,118,16,283
3841,117,34,116,17,284
3842,116,17,116,17,266
3843,114,33,116,18,281
3844,101,33,116,18,268
3845,115,33,118,17,283
3846,115,16,118,17,266
3847,116,34,117,16,283
3850,116,17,100,17,250
3851,116,34,117,16,283
3852,116,18,117,16,267
3853,117,34,114,18,283
3854,118,17,114,18,267
3855,117,32,117,18,284
3857,117,34,116,17,284
3860,100,33,121,13,267
3861,116,33,116,18,283
3864,117,18,115,17,267
3865,118,32,118,15,283
3866,116,17,118,15,266
3867,116,34,116,16,282
3868,121,13,116,16,266
3870,101,33,116,17,267
3871,117,33,117,16,283
3873,117,33,117,17,284
3874,118,15,117,17,267
3876,116,16,116,18,266
3878,116,17,117,17,267
3879,117,33,116,17,283
3880,117,16,116,17,266
3881,115,34,117,16,282
3882,117,17,117,16,267
3883,117,33,116,16,282
3885,117,34,115,18,284
3886,117,17,115,18,267
3888,116,17,117,17,267
3890,117,16,116,17,266
3892,100,32,119,15,266
3893,115,35,118,15,283
3894,115,18,118,15,266
3896,117,17,118,16,268
3897,116,33,116,17,282
3899,117,33,117,17,284
3900,101,33,117,17,268
3901,102,15,117,17,251
3903,117,34,115,17,283
3905,118,32,117,16,283
3907,115,34,116,16,281
3909,115,34,116,17,282
3910,100,34,116,17,267
3911,116,32,118,15,281
3912,115,17,118,15,265
3914,117,16,118,16,267
3915,116,33,101,18,268
3917,114,35,116,17,282
3918,116,17,116,17,266
3919,118,32,118,16,284
3920,118,15,118,16,267
3922,118,16,117,17,268
3923,117,34,100,17,268
3925,101,16,100,17,234
3926,116,17,116,18,267
3927,116,33,116,18,283
3928,118,16,116,18,268
3929,116,34,116,16,282
3930,100,34,116,16,266
3931,116,30,102,17,265
3932,100,30,102,17,249
3933,101,13,102,17,233
3935,117,33,115,17,282
3937,117,32,118,17,284
3939,115,34,118,16,283
3942,115,17,117,18,267
3943,117,33,117,17,284
3944,115,17,117,17,266
3945,116,35,116,17,284
3946,118,17,116,17,268
3947,118,33,117,16,284
3950,101,34,116,17,268
3951,119,32,116,17,284
3952,117,17,116,17,267
3953,116,34,117,16,283
3955,116,33,116,17,282
3956,117,16,116,17,266
3957,117,34,116,16,283
3958,116,17,116,16,265
3959,118,32,117,16,283
3960,116,17,117,16,266
3961,116,34,118,16,284
3962,117,16,118,16,267
3964,116,17,116,17,266
3966,116,16,118,16,266
3967,117,33,117,17,284
3970,118,16,115,18,267
3973,116,34,134,16,300
3974,118,16,134,16,284
3975,117,33,117,17,284
3976,117,17,117,17,268
3978,115,18,115,17,265
3980,101,32,117,18,268
3981,100,15,117,18,250
3983,118,33,115,17,283
3984,101,33,115,17,266
3986,115,17,117,18,267
3987,115,35,115,18,283
3988,117,18,115,18,268
3990,100,34,115,17,266
3991,118,31,117,18,284
3992,101,31,117,18,267
3993,117,35,117,16,285
3994,117,18,117,16,268
3995,118,33,115,18,284
3996,115,18,115,18,266
3997,117,33,100,17,267
3999,118,34,115,17,284
4000,117,18,115,17,267
4002,117,16,116,18,267
4005,117,34,115,20,286
4006,100,34,115,20,269
4007,118,32,103,13,266
4008,100,32,103,13,248
4010,116,18,115,18,267
4011,101,18,115,18,252
4012,101,33,117,15,266
4014,115,20,115,16,266
4016,103,31,116,18,268
4019,117,32,134,18,301
4020,100,32,134,18,284
4021,117,34,118,16,285
4022,115,16,118,16,265
4023,118,34,115,18,285
4024,100,34,115,18,267
4026,115,18,115,17,265
4027,116,33,116,17,282
4028,118,16,116,17,267
4029,116,34,116,17,283
4030,118,16,116,17,267
4031,102,16,116,17,251
4032,100,33,115,19,267
4033,118,32,117,17,284
4034,115,17,117,17,266
4035,115,34,117,16,282
4036,116,17,117,16,266
4037,115,34,116,17,282
4042,117,17,116,18,268
4043,100,17,116,18,251
4045,116,34,116,17,283
4046,116,17,116,17,266
4047,118,34,116,16,284
4048,115,18,116,16,265
4049,118,33,117,16,284
4051,117,33,117,16,283
4052,118,16,117,16,267
4053,117,33,118,15,283
4055,117,33,117,17,284
4057,117,34,117,17,285
4058,117,16,117,17,267
4060,100,33,116,17,266
4061,117,33,117,18,285
4062,100,33,117,18,268
4063,116,34,117,16,283
4064,117,17,117,16,267
4065,116,34,116,16,282
4066,100,34,116,16,266
4067,117,32,118,16,283
4068,101,32,118,16,267
4069,115,35,114,18,282
4070,117,18,114,18,267
4071,118,32,117,17,284
4072,117,16,117,17,267
4073,116,33,118,17,284
4074,116,16,118,17,267
4075,117,34,101,16,268
4076,118,16,101,16,251
4077,117,33,117,18,285
4081,117,34,116,16,283
4082,118,17,116,16,267
4083,117,32,118,16,283
4084,101,32,118,16,267
4085,102,16,118,16,252
4087,118,32,117,16,283
4089,116,33,117,16,282
4090,116,16,117,16,265
4093,117,33,116,18,284
4094,116,16,116,18,266
4095,116,33,117,17,283
4096,100,33,117,17,267
4098,100,33,101,15,249
4100,116,16,117,18,267
4101,115,35,115,16,281
4103,117,33,115,19,284
4104,101,33,115,19,268
4105,117,32,119,15,283
4106,101,32,119,15,267
4107,116,35,115,18,284
4108,117,18,115,18,268
4109,118,31,118,16,283
4110,115,16,118,16,265
4111,115,36,115,16,282
4112,115,19,115,16,265
4114,102,32,117,16,267
4115,117,34,117,15,283
4116,115,18,117,15,265
4117,118,32,117,17,284
4119,117,33,118,16,284
4120,115,16,118,16,265
4121,114,34,117,17,282
4122,117,16,117,17,267
4123,117,33,118,16,284
4124,117,15,118,16,266
4127,117,33,117,17,284
4128,101,33,117,17,268
4129,116,34,117,15,282
4130,117,17,117,15,266
4131,116,33,116,18,283
4133,117,34,115,17,283
4135,117,33,117,16,283
4137,117,32,118,16,283
4138,117,15,118,16,266
4139,115,35,116,17,283
4140,116,18,116,17,267
4142,115,17,101,17,250
4144,117,16,116,18,267
4146,118,16,118,15,267
4147,117,34,116,17,284
4148,116,17,116,17,266
4149,118,34,117,16,285
4150,101,34,117,16,268
4152,116,18,117,16,267
4153,117,32,118,16,283
4154,118,15,118,16,267
4155,116,34,117,17,284
4158,117,16,116,17,266
4161,116,33,118,15,282
4162,118,16,118,15,267
4164,117,17,116,16,266
4165,116,33,117,16,282
4166,116,17,117,16,266
4168,116,18,115,19,268
4169,117,32,102,16,267
4170,118,15,102,16,251
4173,116,34,118,16,284
4175,101,16,118,16,251
4177,117,32,116,16,281
4178,102,32,116,16,266
4179,117,34,115,17,283
4180,117,18,115,17,267
4181,117,33,116,16,282
4182,101,33,116,16,266
4183,118,33,117,16,284
4186,100,32,118,16,266
4187,100,16,118,16,250
4188,115,17,118,16,266
4189,115,33,117,17,282
4190,116,16,117,17,266
4191,115,34,118,16,283
4193,117,33,118,17,285
4195,117,34,117,15,283
4196,118,16,117,15,266
4197,101,16,117,15,249
4198,101,33,117,18,269
4199,116,34,116,16,282
4201,117,34,115,16,282
4202,118,17,115,16,266
4203,117,31,119,15,282
4204,117,15,119,15,266
4206,117,18,116,16,267
4207,117,31,119,15,282
4208,116,16,119,15,266
4209,115,33,118,16,282
4212,119,15,118,17,269
4213,116,34,117,16,283
4214,116,16,117,16,265
4216,119,15,100,17,251
4217,117,33,117,16,283
4218,118,16,117,16,267
4220,118,17,116,16,267
4223,115,33,117,17,282
4225,116,33,118,17,284
4226,117,16,118,17,268
4227,115,34,116,17,282
4228,116,16,116,17,265
4229,116,35,116,15,282
4231,100,18,116,15,249
4232,102,32,117,16,267
4233,117,34,116,16,283
4234,118,17,116,16,267
4235,117,32,117,16,282
4236,101,32,117,16,266
4237,116,33,118,16,283
4238,116,15,118,16,265
4239,116,34,116,18,284
4242,116,16,101,16,249
4244,117,16,134,16,283
4245,115,34,116,17,282
4247,116,34,116,17,283
4248,116,18,116,17,267
4249,117,32,119,17,285
4250,101,32,119,17,269
4251,100,16,119,17,252
4253,116,33,101,16,266
4255,117,34,117,16,284
4257,117,35,115,16,283
4259,101,17,115,16,249
4260,102,32,116,17,267
4263,117,33,117,16,283
4264,117,16,117,16,266
4265,115,33,121,13,282
4266,115,16,121,13,265
4268,116,17,117,17,267
4269,117,33,117,16,283
4270,100,33,117,16,266
4271,116,33,118,17,284
4273,116,34,116,16,282
4276,117,17,116,16,266
4277,117,32,117,16,282
4279,116,35,133,16,300
4282,116,16,118,17,267
4283,115,34,101,17,267
4285,116,33,117,17,283
4286,117,16,117,17,267
4287,115,35,115,17,282
4288,133,33,117,17,300
4290,102,33,117,17,269
4291,117,32,117,17,283
4292,101,32,117,17,267
4293,101,15,117,17,250
4296,115,17,118,16,266
4297,116,35,116,16,283
4298,117,17,116,16,266
4300,102,32,117,16,267
4301,117,33,116,19,285
4302,117,16,116,19,268
4305,116,33,117,16,282
4309,116,35,117,15,283
4310,116,19,117,15,267
4312,101,32,117,16,266
4314,117,16,117,17,267
4315,116,35,116,16,283
4317,119,32,116,18,285
4319,117,33,117,17,284
4320,117,16,117,17,267
4321,116,34,116,18,284
4322,117,17,116,18,268
4324,116,16,118,15,265
4326,116,18,116,17,267
4328,117,17,117,16,267
4330,116,18,116,16,266
4331,117,32,117,17,283
4332,118,15,117,17,267
4334,116,17,119,15,267
4336,100,33,101,17,251
4337,117,33,116,17,283
4338,116,16,116,17,265
4340,117,17,116,18,268
4341,117,34,115,17,283
4343,102,15,115,17,249
4344,101,33,116,16,266
4346,116,17,119,15,267
4349,115,32,102,15,264
4350,115,17,102,15,249
4351,115,33,118,16,282
4352,116,16,118,16,266
4353,117,34,117,17,285
4354,100,34,117,17,268
4355,117,35,133,15,300
4356,117,17,133,15,282
4359,100,17,116,18,251
4360,118,16,101,17,252
4361,115,34,116,16,281
4363,116,34,116,16,282
4364,133,33,116,16,298
4365,118,33,116,16,283
4367,117,32,118,20,287
4368,101,32,118,20,271
4369,116,33,105,13,267
4371,115,34,116,18,283
4376,100,38,128,18,284
4377,121,30,133,15,299
4378,105,30,133,15,283
4379,117,33,115,18,283
4381,117,34,116,16,283
4385,115,35,115,17,282
4386,116,17,115,17,265
4387,118,33,117,17,285
4388,115,18,117,17,267
4389,117,33,116,17,283
4390,116,16,116,17,265
4392,118,17,116,17,268
4393,117,32,117,17,283
4394,115,17,117,17,266
4395,117,35,117,16,285
4396,117,17,117,16,267
4397,117,32,116,18,283
4398,116,17,116,18,267
4399,116,34,118,15,283
4402,101,33,100,16,250
4404,117,16,115,18,266
4406,116,18,118,14,266
4408,118,15,116,17,266
4409,117,35,116,17,285
4410,100,35,116,17,268
4411,117,32,101,15,265
4412,101,32,101,15,249
4414,100,32,117,18,267
4419,119,33,116,16,284
4421,116,33,116,17,282
4422,117,18,116,17,268
4423,118,34,116,16,284
4424,101,34,116,16,267
4425,117,32,118,16,283
4427,117,33,119,14,283
4428,116,16,119,14,265
4429,101,16,119,14,250
4431,117,33,117,18,285
4432,116,16,117,18,267
4433,115,34,117,15,281
4434,118,16,117,15,266
4436,119,14,118,15,266
4437,116,34,116,17,283
4438,117,16,116,17,266
4440,117,18,115,17,267
4441,117,31,118,16,282
4442,101,31,118,16,266
4444,118,15,101,17,251
4445,115,34,117,16,282
4446,116,17,117,16,266
4447,116,34,116,17,283
4449,116,33,118,15,282
4450,118,16,118,15,267
4451,116,34,116,17,283
4452,101,34,116,17,268
4454,117,16,117,18,268
4455,116,34,116,17,283
4456,116,17,116,17,266
4457,116,33,116,18,283
4459,116,34,118,15,283
4460,116,17,118,15,266
4461,117,34,116,17,284
4462,101,34,116,17,268
4464,116,17,117,18,268
4466,116,18,116,18,268
4468,118,15,116,18,267
4470,116,17,100,15,248
4471,118,34,133,17,302
4472,101,34,133,17,285
4473,119,33,132,16,300
4474,116,18,132,16,282
4476,116,18,133,17,284
4477,117,32,118,16,283
4478,100,32,118,16,266
4480,133,32,101,15,281
4482,117,15,101,15,248
4483,117,34,117,17,285
4484,115,18,117,17,267
4486,118,16,116,18,268
4489,116,32,118,17,283
4490,101,32,118,17,268
4491,117,35,116,17,285
4493,117,33,117,17,284
4494,116,18,117,17,268
4495,118,34,115,17,284
4496,118,16,115,17,266
4497,103,16,115,17,251
4499,117,33,116,17,283
4500,100,33,116,17,266
4501,118,34,116,16,284
4502,100,34,116,16,266
4503,116,32,118,17,283
4504,115,17,118,17,267
4506,115,17,102,15,249
4507,116,34,117,16,283
4508,116,17,117,16,266
4510,116,16,100,21,253
4511,117,35,116,17,285
4512,118,17,116,17,268
4514,102,32,116,17,267
4515,117,33,134,17,301
4516,117,16,134,17,284
4517,116,34,135,15,300
4518,100,34,135,15,284
4519,103,13,135,15,266
4521,101,17,116,17,251
4523,116,34,116,17,283
4526,117,18,132,17,284
4528,101,32,117,15,265
4530,101,32,117,18,268
4532,116,17,116,17,266
4533,116,34,116,17,283
4534,132,32,117,17,298
4536,117,15,117,17,266
4538,117,18,115,18,268
4539,118,32,117,16,283
4540,101,32,117,16,266
4541,117,34,116,16,283
4542,99,34,116,16,265
4543,116,33,116,17,282
4544,117,17,116,17,267
4545,117,34,117,16,284
4547,118,32,101,14,265
4548,117,16,101,14,248
4549,116,33,118,17,284
4550,116,16,118,17,267
4552,116,17,133,17,283
4555,117,33,117,16,283
4556,101,33,117,16,267
4557,117,34,117,15,283
4559,118,32,118,16,284
4560,101,32,118,16,267
4561,115,34,117,16,282
4565,116,33,117,16,282
4566,117,15,117,16,265
4569,117,33,118,16,284
4572,117,16,101,16,250
4573,115,33,117,17,282
4574,117,16,117,17,267
4576,116,18,117,14,265
4577,117,33,116,16,282
4579,117,32,118,15,282
4580,101,32,118,15,266
4581,116,34,116,18,284
4582,117,17,116,18,268
4583,117,32,102,17,268
4584,117,14,102,17,250
4585,114,34,118,16,282
4586,116,16,118,16,266
4587,116,33,117,17,283
4589,101,15,117,17,250
4590,116,18,117,16,267
4591,116,34,116,15,281
4592,102,34,116,15,267
4593,101,17,116,15,249
4594,118,16,117,18,269
4597,117,34,116,17,284
4600,116,15,119,15,265
4601,115,36,116,16,283
4602,117,18,116,16,267
4603,119,31,101,17,268
4606,116,17,116,17,266
4607,116,33,116,18,283
4608,119,15,116,18,268
4609,116,34,115,17,282
4611,118,33,117,17,285
4612,101,33,117,17,268
4613,117,33,119,15,284
4615,115,34,115,19,283
4617,116,32,102,15,265
4618,115,17,102,15,249
4619,115,35,116,18,284
4621,118,33,101,16,268
4622,119,15,101,16,251
4624,115,19,117,16,267
4627,117,34,117,16,284
4628,100,34,117,16,267
4629,116,32,118,16,282
4633,102,16,116,17,251
4634,100,34,117,16,267
4636,117,16,100,17,250
4637,117,33,117,16,283
4638,118,16,117,16,267
4639,116,33,114,19,282
4640,116,17,114,19,266
4641,116,34,116,16,282
4645,100,16,116,16,248
4646,117,16,117,17,267
4647,117,33,101,16,267
4649,115,33,119,15,282
4650,116,16,119,15,266
4652,116,16,118,16,266
4653,115,35,117,15,282
4655,103,17,117,15,252
4657,116,34,116,18,284
4658,119,15,116,18,268
4660,118,16,118,16,268
4661,116,33,116,19,284
4663,116,33,117,18,284
4664,117,16,117,18,268
4665,114,35,115,17,281
4667,117,33,117,16,283
4669,116,34,116,15,281
4670,116,19,116,15,266
4676,117,16,117,16,266
4677,102,16,117,16,251
4678,116,15,118,16,265
4679,101,15,118,16,250
4682,101,33,117,16,267
4683,116,33,117,16,282
4684,117,16,117,16,266
4685,116,33,117,17,283
4686,101,33,117,17,268
4687,115,34,116,16,281
4688,116,17,116,16,265
4689,116,33,116,17,282
4691,116,33,116,19,284
4694,117,17,116,18,268
4695,117,32,117,17,283
4697,115,34,116,17,282
4700,116,19,115,18,268
4701,118,33,120,13,284
4702,116,18,120,13,267
4705,117,33,117,17,284
4707,117,35,99,18,269
4708,115,18,99,18,250
4709,118,33,116,16,283
4710,120,13,116,16,265
4711,105,13,116,16,250
4712,118,15,117,19,269
4713,117,34,118,16,285
4715,117,32,120,16,285
4716,99,32,120,16,267
4717,111,34,116,18,279
4720,117,19,115,17,268
4721,119,32,116,17,284
4722,102,32,116,17,267
4723,116,34,116,16,282
4725,118,32,117,17,284
4727,117,34,117,16,284
4728,115,17,117,16,265
4729,116,33,116,18,283
4730,116,17,116,18,267
4731,115,33,118,15,281
4732,116,16,118,15,265
4733,102,16,118,15,251
4734,117,17,116,20,270
4736,117,16,116,17,266
4738,116,18,116,17,267
4739,117,32,101,16,266
4741,116,37,114,17,284
4742,116,20,114,17,267
4745,117,34,115,17,283
4746,116,17,115,17,265
4747,116,33,117,15,281
4748,101,33,117,15,266
4749,117,34,115,17,283
4750,114,17,115,17,263
4751,118,32,100,17,267
4752,101,32,100,17,250
4753,116,33,102,15,266
4755,116,33,102,17,268
4756,117,15,102,17,251
4757,115,34,116,18,283
4758,115,17,116,18,266
4759,117,35,116,17,285
4762,102,33,117,15,267
4763,117,33,116,16,282
4765,102,16,116,16,250
4766,116,18,117,16,267
4767,117,34,115,18,284
4768,116,17,115,18,266
4769,118,32,101,17,268
4770,117,15,101,17,250
4772,116,16,117,16,265
4773,117,34,116,17,284
4774,117,16,116,17,266
4775,116,34,116,17,283
4777,116,34,116,15,281
4778,101,34,116,15,266
4779,101,17,116,15,249
4781,115,34,118,18,285
4782,116,17,118,18,269
4783,117,34,102,14,267
4785,116,32,119,15,282
4787,116,34,117,17,284
4788,118,16,117,17,268
4792,102,30,117,18,267
4793,115,34,101,17,267
4795,116,34,116,18,284
4797,116,33,117,17,283
4798,116,15,117,17,265
4799,102,15,117,17,251
4800,117,18,119,14,268
4801,116,34,116,16,282
4802,101,34,116,16,267
4803,101,17,116,16,250
4806,117,17,100,15,249
4808,119,14,116,18,267
4809,102,14,116,18,250
4810,116,16,118,16,266
4811,117,34,117,17,285
4812,115,18,117,17,267
4813,117,32,102,15,266
4814,100,32,102,15,249
4819,118,34,132,17,301
4820,117,17,132,17,283
4821,119,33,116,16,284
4822,102,33,116,16,267
4825,115,33,118,17,283
4826,117,15,118,17,267
4827,115,34,116,18,283
4828,132,33,101,18,284
4831,116,34,117,16,283
4832,118,16,117,16,267
4833,116,34,119,14,283
4834,118,17,119,14,268
4835,118,33,115,17,283
4836,116,18,115,17,266
4837,117,33,117,17,284
4839,116,33,117,16,282
4840,117,16,117,16,266
4842,119,14,116,16,265
4843,104,14,116,16,250
4844,115,17,118,15,265
4845,114,35,116,16,281
4846,117,17,116,16,266
4847,117,32,118,17,284
4849,113,33,118,17,281
4851,117,33,102,17,269
4854,116,16,119,16,267
4855,116,35,115,18,284
4856,118,17,115,18,268
4857,118,33,117,17,285
4858,118,17,117,17,269
4859,117,32,102,15,266
4860,102,32,102,15,251
4861,116,35,117,16,284
4862,119,16,117,16,268
4863,117,33,116,16,282
4864,115,18,116,16,265
4865,117,34,115,16,282
4866,117,17,115,16,265
4870,117,16,116,17,266
4871,118,32,101,17,268
4872,116,16,101,17,250
4874,115,16,117,17,265
4875,116,36,115,16,283
4876,115,19,115,16,265
4877,117,32,116,17,282
4878,101,32,116,17,266
4880,101,32,117,19,269
4881,101,15,117,19,252
4887,116,35,114,18,283
4888,117,19,114,18,268
4889,119,31,101,15,266
4891,116,34,117,16,283
4893,117,34,116,16,283
4894,117,17,116,16,266
4895,118,33,117,16,284
4898,101,34,115,16,266
4901,116,33,118,17,284
4902,116,16,118,17,267
4903,117,34,116,18,285
4904,117,16,116,18,267
4905,102,16,116,18,252
4906,115,16,102,17,250
4907,115,35,118,14,282
4908,116,18,118,14,266
4909,117,34,116,15,282
4910,118,17,116,15,266
4911,117,33,115,19,284
4914,102,33,118,16,269
4915,102,16,118,16,252
4916,100,32,118,16,266
4917,115,33,118,17,283
4918,116,15,118,17,266
4920,115,19,116,15,265
4922,118,16,117,16,267
4924,118,16,118,16,268
4925,116,34,117,17,284
4926,118,17,117,17,269
4927,101,17,117,17,252
4928,116,15,116,19,266
4929,114,35,116,16,281
4930,117,16,116,16,265
4931,117,33,116,18,284
4933,117,34,116,16,283
4934,100,34,116,16,266
4935,117,33,116,16,282
4936,116,19,116,16,267
4937,116,32,117,18,283
4938,116,16,117,18,267
4942,116,16,117,16,265
4943,102,16,117,16,251
4944,116,16,118,15,265
4945,116,35,116,16,283
4946,117,18,116,16,267
4947,118,31,101,17,267
4948,115,16,101,17,249
4950,117,16,118,16,267
4952,118,15,117,16,266
4953,116,34,117,16,283
4954,116,16,117,16,265
4956,101,34,116,16,267
4957,117,33,116,17,283
4958,118,16,116,17,267
4959,116,32,117,17,282
4960,117,16,117,17,267
4961,115,34,118,16,283
4962,117,16,118,16,267
4963,116,33,117,19,285
4964,116,16,117,19,268
4965,115,34,102,19,270
4966,116,17,102,19,254
4968,117,17,116,19,269
4969,116,34,119,14,283
4970,118,16,119,14,267
4971,117,35,116,16,284
4972,117,19,116,16,268
4974,102,33,115,16,266
4978,119,14,117,16,266
4979,103,14,117,16,250
4980,116,16,116,17,265
4981,113,32,101,18,264
4982,115,16,101,18,250
4985,114,33,117,17,281
4986,100,33,117,17,267
4987,115,34,117,16,282
4988,116,17,117,16,266
4989,117,33,117,16,283
4991,101,15,117,16,249
4992,116,17,117,17,267
4995,117,33,116,18,284
4997,115,33,118,18,284
4999,117,34,102,15,268
5000,117,17,102,15,251
5003,116,34,118,15,283
5004,100,34,118,15,267
5006,101,35,114,17,267
5007,119,29,118,18,284
5008,102,29,118,18,267
5010,119,15,116,17,267
5013,101,15,116,18,250
5014,114,17,119,15,265
5015,116,34,115,17,282
5016,102,34,115,17,268
5019,115,34,117,16,282
5020,100,34,117,16,267
5021,118,33,100,16,267
5022,119,15,100,16,250
5023,103,15,100,16,234
5024,115,17,117,18,267
5026,118,16,117,15,266
5027,118,33,116,18,285
5028,117,16,116,18,267
5029,115,33,117,16,281
5030,100,33,117,16,266
5032,117,18,116,17,268
5033,116,32,116,17,281
5034,117,15,116,17,265
5035,115,35,116,15,281
5036,116,18,116,15,265
5037,118,32,117,16,283
5040,116,17,116,17,266
5042,101,32,101,16,250
5044,116,15,102,15,248
5045,115,34,118,17,284
5046,117,16,118,17,268
5047,116,34,118,15,283
5049,118,34,115,17,284
5050,101,34,115,17,267
5052,102,32,117,17,268
5053,116,35,99,17,267
5055,101,17,99,17,234
5057,102,15,118,16,251
5058,115,17,118,16,266
5060,117,17,117,17,268
5061,116,33,116,19,284
5062,99,33,116,19,267
5064,118,16,116,16,266
5065,102,16,116,16,250
5066,118,16,116,17,267
5067,117,34,117,15,283
5068,117,17,117,15,266
5070,101,34,133,16,284
5071,117,31,118,15,281
5072,101,31,118,15,265
5075,116,33,116,19,284
5076,117,15,116,19,267
5077,117,35,115,17,284
5078,133,31,118,18,300
5079,134,15,118,18,285
5080,118,15,118,18,269
5081,101,15,118,18,252
5083,115,35,115,18,283
5084,100,35,115,18,268
5085,119,32,118,16,285
5088,118,18,114,18,268
5090,117,17,117,17,268
5091,118,34,117,15,284
5092,115,18,117,15,265
5093,118,33,116,16,283
5094,101,33,116,16,266
5095,117,33,116,17,283
5096,114,18,116,17,265
5097,117,34,116,16,283
5098,100,34,116,16,266
5100,117,15,117,17,266
5101,115,33,118,16,282
5102,116,16,118,16,266
5103,117,34,118,16,285
5105,116,33,116,18,283
5108,117,17,117,17,268
5109,100,17,117,17,251
5110,118,16,101,16,251
5111,117,34,117,16,284
5113,117,33,100,16,266
5114,101,33,100,16,250
5116,117,17,117,15,266
5117,117,34,131,18,300
5118,101,34,131,18,284
5119,117,32,134,16,299
5124,117,15,102,15,249
5125,101,15,102,15,233
5126,131,35,115,18,299
5127,115,35,115,18,283
5129,118,34,116,16,284
5130,116,18,116,16,266
5133,116,34,118,16,284
5134,117,17,118,16,268
5135,116,34,117,16,283
5136,115,18,117,16,266
5137,117,33,116,18,284
5138,116,16,116,18,266
5139,117,34,115,17,283
5141,102,16,115,17,250
5142,101,33,113,21,268
5143,118,33,117,17,285
5144,117,16,117,17,267
5145,116,34,117,17,284
5146,116,18,117,17,268
5147,116,32,102,14,264
5148,115,17,102,14,248
5149,115,35,116,17,283
5150,113,21,116,17,267
5152,117,17,115,17,266
5154,117,17,115,16,265
5155,119,33,115,17,284
5156,102,33,115,17,267
5158,116,17,116,16,265
5161,115,33,117,17,282
5162,115,16,117,17,265
5164,115,17,117,16,265
5165,116,33,117,17,283
5166,116,16,117,17,266
5167,117,34,117,16,284
5168,117,17,117,16,267
5169,117,33,117,17,284
5170,117,17,117,17,268
5171,117,33,117,17,284
5172,117,16,117,17,267
5175,117,33,117,17,284
5176,100,33,117,17,267
5177,117,34,116,17,284
5179,100,17,116,17,250
5181,117,34,117,15,283
5182,117,17,117,15,266
5183,117,33,115,19,284
5184,101,33,115,19,268
5185,117,33,116,17,283
5187,117,34,117,16,284
5188,100,34,117,16,267
5189,117,32,101,17,267
5190,117,15,101,17,250
5191,116,35,115,17,283
5192,115,19,115,17,266
5193,118,32,116,19,285
5194,116,17,116,19,268
5196,117,16,115,17,265
5197,116,33,117,16,282
5198,101,33,117,16,267
5201,117,35,115,17,284
5202,116,19,115,17,267
5203,117,31,118,15,281
5204,115,17,118,15,265
5205,115,34,116,18,283
5206,117,16,116,18,267
5207,117,35,116,17,285
5208,100,35,116,17,268
5209,119,32,116,17,284
5210,115,17,116,17,265
5211,118,32,118,18,286
5213,115,35,116,16,282
5215,118,34,132,16,300
5216,116,17,132,16,281
5218,101,32,116,17,266
5219,116,35,115,16,282
5220,118,18,115,16,267
5222,101,31,119,16,267
5223,115,34,116,18,283
5225,117,33,101,16,267
5229,116,35,117,15,283
5231,117,33,117,15,282
5232,116,18,117,15,266
5233,118,33,117,17,285
5234,101,33,117,17,268
5235,117,34,117,15,283
5236,117,18,117,15,267
5238,117,15,117,16,265
5239,117,33,117,18,285
5240,117,15,117,18,267
5241,101,15,117,18,251
5243,118,32,117,17,284
5244,117,15,117,17,266
5247,115,35,132,18,300
5248,117,18,132,18,285
5249,117,32,134,17,300
5250,116,16,134,17,283
5252,117,17,117,17,268
5253,117,32,102,16,267
5256,115,17,117,16,265
5257,116,34,117,17,284
5258,118,16,117,17,268
5260,117,17,117,16,267
5261,103,17,117,16,253
5262,102,34,116,16,268
5265,115,35,116,16,282
5266,117,17,116,16,266
5267,117,33,118,14,282
5268,117,16,118,14,265
5269,117,33,116,18,284
5271,117,34,115,17,283
5272,101,34,115,17,267
5273,117,32,117,18,284
5274,100,32,117,18,267
5275,115,33,117,16,281
5276,118,14,117,16,265
5278,116,18,115,17,266
5279,117,32,118,16,283
5282,117,18,116,17,268
5283,116,31,117,18,282
5284,102,31,117,18,268
5286,115,17,101,16,249
5289,117,34,115,19,285
5290,116,17,115,19,267
5293,118,32,117,18,285
5294,101,32,117,18,268
5297,115,36,115,16,282
5298,115,19,115,16,265
5299,119,31,118,16,284
5300,115,17,118,16,266
5301,116,35,115,17,283
5302,117,18,115,17,267
5303,117,32,100,17,266
5305,117,33,117,18,285
5306,115,16,117,18,266
5307,117,34,118,13,282
5308,118,16,118,13,265
5310,115,17,117,18,267
5312,100,35,116,16,267
5313,100,18,116,16,250
5315,117,30,103,17,267
5316,101,30,103,17,251
5317,115,37,132,18,302
5318,117,18,132,18,285
5322,115,18,132,18,283
5323,116,33,117,16,282
5324,103,33,117,16,269
5325,101,16,117,16,250
5326,117,15,117,16,265
5327,116,33,117,18,284
5328,118,15,117,18,268
5329,117,33,117,18,285
5330,115,17,117,18,267
5333,115,33,118,15,281
5335,115,35,116,16,282
5336,117,18,116,16,267
5337,119,33,116,16,284
5338,102,33,116,16,267
5339,117,34,116,15,282
5340,101,34,116,15,266
5341,118,31,117,16,282
5342,102,31,117,16,266
5343,116,34,117,17,284
5346,116,16,118,17,267
5347,116,33,102,15,266
5348,116,15,102,15,248
5349,115,33,119,15,282
5350,117,16,119,15,267
5351,115,35,116,16,282
5353,117,34,116,16,283
5355,117,33,116,16,282
5357,118,32,117,17,284
5358,102,32,117,17,268
5359,116,33,117,17,283
5361,115,34,100,17,266
5362,116,16,100,17,249
5364,116,16,117,17,266
5366,100,34,117,17,268
5367,117,33,116,17,283
5368,117,17,116,17,267
5369,116,33,117,17,283
5371,116,34,116,17,283
5372,100,34,116,17,267
5374,117,17,115,18,267
5375,118,32,118,15,283
5378,117,17,116,18,268
5380,116,17,117,16,266
5382,115,18,115,19,267
5385,101,15,102,15,233
5387,118,32,118,16,284
5388,101,32,118,16,267
5389,117,35,116,16,284
5390,115,19,116,16,266
5393,116,36,115,18,285
5394,115,19,115,18,267
5395,118,32,101,16,267
5397,118,33,116,17,284
5400,101,34,116,17,268
5401,118,34,115,17,284
5402,115,18,115,17,265
5403,117,32,117,17,283
5406,100,33,117,18,268
5407,116,34,101,18,269
5408,116,17,101,18,252
5411,116,34,117,17,284
5412,117,17,117,17,268
5413,118,34,115,17,284
5415,118,33,116,16,283
5416,101,33,116,16,266
5417,103,15,116,16,250
5418,117,16,118,16,267
5419,116,35,116,17,284
5421,118,32,118,15,283
5422,115,17,118,15,265
5425,116,34,116,18,284
5426,118,16,116,18,268
5427,116,34,115,17,282
5428,116,17,115,17,265
5429,118,32,118,16,284
5431,116,33,117,18,284
5432,117,16,117,18,268
5433,115,35,116,16,282
5434,116,18,116,16,266
5435,117,32,118,16,283
5436,115,17,118,16,266
5438,118,16,117,16,267
5440,101,34,115,18,268
5442,116,16,101,17,250
5444,118,16,117,17,268
5447,117,34,116,16,283
5448,115,18,116,16,265
5449,117,34,115,17,283
5450,101,34,115,17,267
5451,100,17,115,17,249
5453,100,17,115,18,250
5454,101,33,117,18,269
5455,118,32,103,16,269
5456,116,16,103,16,251
5457,115,34,101,16,266
5458,115,17,101,16,249
5459,116,34,116,18,284
5460,115,18,116,18,267
5461,117,35,115,16,283
5462,117,18,115,16,266
5464,103,32,115,19,269
5465,102,16,115,19,252
5466,101,34,115,16,266
5467,119,33,116,17,285
5468,101,33,116,17,267
5469,117,32,117,17,283
5470,115,16,117,17,265
5473,118,31,103,14,266
5474,115,16,103,14,248
5476,116,17,115,18,266
5479,101,17,117,16,251
5480,116,18,114,16,264
5481,119,31,116,19,285
5482,103,31,116,19,269
5483,116,34,116,16,282
5486,117,16,116,18,267
5487,116,32,117,18,283
5488,114,16,117,18,265
5489,100,16,117,18,251
5490,116,19,115,18,268
5492,101,31,102,16,250
5493,115,35,116,17,283
5494,116,18,116,17,267
5495,118,33,115,17,283
5497,118,34,115,18,285
5498,115,18,115,18,266
5499,118,33,116,17,284
5500,102,33,116,17,268
5501,101,17,116,17,251
5502,116,17,116,18,267
5504,115,17,102,15,249
5505,116,35,119,14,284
5506,115,18,119,14,266
5508,116,17,117,17,267
5509,117,34,115,17,283
5512,102,33,116,17,268
5513,118,33,117,17,285
5516,117,17,115,18,267
5519,117,34,117,16,284
5521,114,34,115,17,280
5522,117,17,115,17,266
5523,117,33,117,15,282
5524,115,18,117,15,265
5525,118,34,116,15,283
5528,117,16,116,17,266
5531,117,33,116,18,284
5534,116,15,117,17,265
5537,117,34,116,20,287
5538,117,17,116,20,270
5539,116,33,103,14,266
5541,116,33,118,15,282
5543,117,32,101,17,267
5544,117,15,101,17,250
5545,115,38,130,16,299
5546,116,20,130,16,282
5547,121,31,115,18,285
5548,103,31,115,18,267
5549,118,32,118,16,284
5550,101,32,118,16,267
5551,116,34,117,17,284
5553,117,33,116,19,285
5554,130,34,117,17,298
5555,116,34,117,17,284
5556,115,18,117,17,267
5557,116,33,117,17,283
5558,101,33,117,17,268
5561,117,34,115,17,283
5563,119,33,116,17,285
5564,117,17,116,17,267
5565,100,17,116,17,250
5567,117,32,117,17,283
5568,115,17,117,17,266
5569,117,34,116,17,284
5571,116,34,116,17,283
5572,116,17,116,17,266
5573,117,32,101,16,266
5574,117,15,101,16,249
5577,117,33,118,16,284
5578,116,17,118,16,267
5580,116,17,116,17,266
5582,101,32,101,17,251
5584,117,16,117,17,267
5587,117,33,116,18,284
5588,100,33,116,18,267
5589,117,34,115,17,283
5590,101,34,115,17,267
5593,116,32,102,16,266
5594,117,15,102,16,250
5595,116,35,117,16,284
5599,116,35,116,15,282
5600,115,19,116,15,265
5601,117,31,118,17,283
5602,102,31,118,17,268
5604,117,16,116,16,265
5605,118,32,118,15,283
5608,116,15,118,14,263
5610,100,35,132,18,285
5611,116,32,118,16,282
5613,116,33,119,15,283
5614,118,15,119,15,267
5615,115,32,102,16,265
5618,132,34,116,17,299
5620,118,16,116,17,267
5621,116,33,118,16,283
5622,101,33,118,16,268
5623,116,33,101,17,267
5625,100,17,101,17,235
5626,117,17,118,15,267
5629,115,34,116,17,282
5630,118,16,116,17,267
5631,118,32,118,17,285
5632,101,32,118,17,268
5633,101,15,118,17,251
5635,117,35,133,16,301
5637,117,32,117,16,282
5638,116,17,117,16,266
5640,101,34,115,17,267
5641,116,34,120,11,281
5642,101,34,120,11,266
5643,118,33,116,16,283
5644,116,17,116,16,265
5645,118,32,117,17,284
5646,117,16,117,17,267
5648,115,17,118,16,266
5652,116,16,118,17,267
5653,116,34,101,15,266
5654,117,17,101,15,250
5655,118,33,116,17,284
5657,112,33,117,16,278
5658,117,17,117,16,267
5661,101,17,115,16,249
5663,117,32,118,16,283
5664,101,32,118,16,267
5665,117,33,117,18,285
5666,117,16,117,18,268
5667,115,33,119,16,283
5668,115,16,119,16,266
5669,100,16,119,16,251
5671,118,33,116,17,284
5672,101,33,116,17,267
5673,117,34,116,17,284
5675,118,33,116,16,283
5677,116,34,115,18,283
5678,115,19,115,18,267
5679,117,32,116,17,282
5680,116,17,116,17,266
5681,117,34,116,16,283
5682,116,17,116,16,265
5684,116,16,118,16,266
5686,115,18,116,16,265
5687,100,18,116,16,250
5689,116,33,118,16,283
5690,116,16,118,16,266
5691,116,34,118,16,284
5693,117,33,117,16,283
5695,117,34,117,16,284
5697,117,33,117,17,284
5698,118,16,117,17,268
5699,116,34,117,15,282
5700,100,34,117,15,266
5703,116,34,117,16,283
5704,117,16,117,16,266
5705,116,34,117,16,283
5706,117,17,117,16,267
5707,116,32,101,16,265
5708,117,15,101,16,249
5709,116,35,116,14,281
5710,100,35,116,14,265
5712,117,16,118,16,267
5713,100,16,118,16,250
5715,116,34,115,18,283
5716,101,34,115,18,268
5717,118,30,118,19,285
5719,114,36,116,16,282
5721,116,34,115,18,283
5722,117,17,115,18,267
5723,118,33,117,17,285
5724,115,18,117,17,267
5729,115,35,116,16,282
5731,118,34,115,17,284
5732,117,17,115,17,266
5733,119,33,117,15,284
5736,102,32,117,18,269
5737,101,16,117,18,252
5738,116,16,102,16,250
5739,115,34,116,18,283
5741,115,33,117,16,281
5742,117,15,117,16,265
5743,116,35,115,17,283
5744,117,18,115,17,267
5746,102,33,113,19,267
5748,101,33,116,17,267
5751,116,34,117,16,283
5752,115,17,117,16,265
5753,116,33,118,16,283
5755,117,34,117,17,285
5756,116,17,117,17,267
5757,100,17,117,17,251
5758,101,34,118,14,267
5759,101,17,118,14,250
5760,117,16,117,18,268
5763,117,34,116,17,284
5765,117,32,117,17,283
5766,118,14,117,17,266
5767,116,35,115,16,282
5768,117,18,115,16,266
5769,117,32,116,17,282
5770,117,16,116,17,266
5773,115,33,117,16,281
5774,101,33,117,16,267
5778,116,17,118,15,266
5783,101,16,103,15,235
5784,101,33,117,16,267
5785,101,16,117,16,250
5786,118,15,117,17,267
5787,120,37,113,17,287
5788,117,19,113,17,266
5789,119,31,116,17,283
5791,101,16,116,17,250
5792,101,32,101,17,251
5793,115,34,118,16,283
5794,117,17,118,16,268
5795,116,33,118,15,282
5796,113,17,118,15,263
5797,115,34,117,16,282
5798,116,17,117,16,266
5799,117,33,116,19,285
5800,101,33,116,19,269
5801,117,34,117,15,283
5802,118,16,117,15,266
5803,118,32,117,18,285
5804,101,32,117,18,268
5805,116,34,118,16,284
5806,117,16,118,16,267
5807,116,35,115,17,283
5808,116,19,115,17,267
5809,117,31,101,16,265
5811,115,35,115,19,284
5813,117,33,116,17,283
5816,115,17,117,16,265
5817,116,32,101,18,267
5818,101,32,101,18,252
5819,116,36,115,17,284
5820,115,19,115,17,266
5821,117,32,117,17,283
5823,117,33,116,17,283
5824,117,16,116,17,266
5826,101,35,116,16,268
5827,102,17,116,16,251
5828,100,32,116,18,266
5829,117,34,116,15,282
5830,117,17,116,15,265
5831,117,32,117,16,282
5832,116,17,117,16,266
5834,116,16,116,17,265
5835,117,34,117,16,284
5836,100,34,117,16,267
5840,117,16,118,16,267
5842,116,17,118,16,267
5843,100,17,118,16,251
5844,117,16,116,17,266
5845,117,34,115,16,282
5846,102,34,115,16,267
5848,118,16,118,16,268
5849,117,34,117,16,284
5850,118,16,117,16,267
5854,115,16,118,17,266
5856,118,16,115,19,268
5857,116,33,116,18,283
5858,117,16,116,18,267
5859,117,33,116,18,284
5860,100,33,116,18,267
5861,117,34,116,17,284
5862,118,17,116,17,268
5863,116,34,116,17,283
5864,115,19,116,17,267
5865,117,33,116,16,282
5866,101,33,116,16,266
5867,118,33,132,17,300
5868,116,18,132,17,283
5869,117,33,132,17,299
5870,116,17,132,17,282
5871,118,34,115,18,285
5872,99,34,115,18,266
5874,116,16,117,16,265
5875,117,33,100,18,268
5876,132,33,118,16,299
5877,116,33,118,16,283
5880,115,18,116,16,265
5881,117,32,117,18,284
5882,101,32,117,18,268
5883,115,34,117,17,283
5884,100,34,117,17,268
5885,101,16,117,17,251
5886,101,33,116,18,268
5888,116,16,101,17,250
5889,116,35,131,18,300
5890,117,18,131,18,284
5891,117,33,134,16,300
5892,117,17,134,16,284
5893,117,33,117,17,284
5894,101,33,117,17,268
5896,101,33,101,16,251
5897,101,16,101,16,234
5898,116,15,118,16,265
5899,115,36,115,18,284
5900,116,18,115,18,267
5901,119,33,116,16,284
5902,101,33,116,16,266
5903,100,17,116,16,249
5904,101,31,118,17,267
5905,115,34,101,16,266
5906,118,16,101,16,251
5907,116,35,116,17,284
5909,117,32,118,16,283
5910,116,16,118,16,266
5911,116,34,116,18,284
5912,118,17,116,18,269
5914,101,33,118,17,269
5918,118,16,116,17,267
5919,117,34,132,17,300
5920,116,18,132,17,283
5922,101,34,115,17,267
5923,118,31,117,18,284
5924,101,31,117,18,267
5926,116,17,118,16,267
5927,117,33,101,16,267
5928,117,15,101,16,249
5930,115,17,117,15,264
5931,116,34,116,17,283
5935,116,33,117,16,282
5936,101,33,117,16,267
5937,117,32,119,14,282
5938,100,32,119,14,265
5941,116,33,116,17,282
5942,115,18,116,17,266
5945,100,16,117,17,250
5946,119,14,102,17,252
5947,115,34,118,15,282
5948,116,16,118,15,265
5949,117,34,117,15,283
5951,116,34,115,18,283
5952,117,17,115,18,267
5953,116,32,101,17,266
5954,102,32,101,17,252
5956,100,33,118,16,267
5957,116,33,119,16,284
5959,115,35,116,18,284
5960,115,18,116,18,267
5961,116,32,102,15,265
5962,101,32,102,15,250
5963,115,34,117,17,283
5964,118,16,117,17,268
5967,102,16,117,16,251
5970,102,34,115,17,268
5971,118,32,117,15,282
5973,116,33,118,15,282
5974,117,16,118,15,266
5976,116,16,117,17,266
5978,115,17,117,17,266
5979,117,32,117,17,283
5980,100,32,117,17,266
5981,115,34,117,16,282
5982,118,15,117,16,266
5983,116,34,117,17,284
5985,117,34,115,16,282
5986,117,17,115,16,265
5987,117,32,119,15,283
5988,117,17,119,15,268
5989,115,33,118,15,281
5990,117,16,118,15,266
5992,117,17,115,18,267
5993,117,31,120,16,284
5994,115,16,120,16,267
5995,116,35,116,18,285
5996,119,15,116,18,268
5997,134,15,119,16,284
