序号,发送->接收,接收->转发,转发->接收,接收->处理,总计
2,117,16,101,15,249
3,104,16,101,15,236
4,117,17,115,19,268
5,117,33,115,19,284
7,116,34,116,16,282
8,117,17,116,16,266
9,117,32,100,18,267
11,116,35,133,17,301
12,115,19,133,17,284
13,119,33,117,15,284
14,101,33,117,15,266
16,116,16,118,16,266
17,101,16,118,16,251
20,133,32,118,16,299
21,119,32,118,16,285
22,117,15,118,16,266
23,116,34,117,16,283
24,118,16,117,16,267
25,116,33,133,16,298
26,100,33,133,16,282
27,117,34,115,17,283
30,101,33,116,16,266
31,116,33,118,15,282
33,116,33,133,16,298
35,116,33,116,19,284
36,115,17,116,19,267
39,115,34,116,17,282
40,118,15,116,17,266
41,117,33,117,19,286
42,133,35,101,16,285
43,117,35,101,16,269
44,116,19,101,16,252
45,118,31,119,16,284
46,102,31,119,16,268
47,114,34,116,19,283
48,99,34,116,19,268
49,117,36,130,19,302
50,117,19,130,19,285
52,101,30,119,17,267
53,114,35,118,16,283
55,118,34,132,17,301
56,101,34,132,17,284
57,118,31,118,17,284
58,114,16,118,17,265
59,114,36,132,17,299
61,117,33,116,16,282
64,132,34,115,19,300
66,118,17,115,19,269
67,116,33,118,15,282
68,115,17,118,15,265
70,116,16,100,17,249
71,116,33,118,16,283
73,116,35,117,16,284
74,115,19,117,16,267
75,118,32,116,17,283
76,118,15,116,17,266
77,116,34,132,18,300
78,100,34,132,18,284
80,118,16,117,17,268
81,102,16,117,17,252
83,100,16,117,16,249
86,132,35,132,17,316
87,115,35,132,17,299
89,116,33,116,16,281
90,117,16,116,16,265
91,102,16,116,16,250
92,101,33,133,16,283
94,117,17,116,18,268
95,99,17,116,18,250
97,115,33,119,16,283
100,116,17,118,15,266
101,117,34,132,19,302
102,116,18,132,19,285
103,118,34,132,19,303
106,102,33,118,14,267
107,102,16,118,14,250
108,118,15,118,15,266
109,102,15,118,15,250
110,118,14,117,19,268
111,116,34,119,16,285
112,117,15,119,16,267
115,101,14,102,15,232
117,114,36,116,17,283
118,100,36,116,17,269
119,117,33,132,16,298
120,102,33,132,16,283
121,116,32,100,16,264
123,116,32,117,19,284
127,116,32,117,16,281
128,116,16,117,16,265
129,117,34,132,17,300
130,100,34,132,17,283
131,100,18,132,17,267
132,102,34,131,17,284
133,117,32,135,16,300
135,116,33,102,16,267
136,117,16,102,16,251
137,101,16,102,16,235
138,132,33,102,17,284
140,115,16,102,17,250
141,114,36,133,15,298
142,116,19,133,15,283
143,118,33,115,17,283
144,102,33,115,17,267
146,119,16,134,14,283
151,117,32,133,18,300
152,115,17,133,18,283
153,115,35,116,17,283
154,115,19,116,17,267
156,114,18,117,16,265
157,116,32,101,17,266
158,115,16,101,17,249
159,116,34,119,14,283
161,117,35,116,16,284
162,116,17,116,16,265
163,119,32,133,17,301
164,101,32,133,17,283
165,117,33,134,17,301
166,101,33,134,17,285
167,117,33,134,16,300
169,115,34,116,17,282
170,116,16,116,17,265
171,116,33,118,15,282
172,117,16,118,15,266
173,116,34,135,15,300
175,115,33,117,17,282
176,118,16,117,17,268
177,116,33,118,15,282
181,116,36,117,15,284
182,135,32,117,17,301
183,118,32,117,17,284
185,101,17,117,17,252
186,101,32,102,16,251
189,119,32,117,17,285
190,117,15,117,17,266
191,102,15,117,17,251
192,100,34,116,17,267
193,117,33,115,18,283
194,102,33,115,18,268
196,131,35,117,16,299
198,117,17,117,16,267
199,117,33,121,27,298
201,117,33,115,18,283
203,117,33,135,16,301
204,118,16,135,16,285
205,116,34,117,17,284
206,117,16,117,17,267
207,101,16,117,17,251
208,121,27,119,16,283
209,133,18,117,18,286
210,115,18,117,18,268
211,116,35,117,16,284
212,135,33,134,16,318
214,101,33,134,16,284
216,104,33,117,17,271
220,117,16,114,17,264
221,117,34,132,17,300
223,117,33,116,15,281
224,117,17,116,15,265
225,118,31,117,18,284
226,116,15,117,18,266
228,114,17,102,18,251
229,117,35,134,16,302
231,116,32,118,17,283
232,116,15,118,17,266
234,117,18,117,17,269
235,119,33,101,15,268
237,102,15,101,15,233
239,117,33,115,17,282
241,101,17,115,17,250
242,117,17,114,18,266
243,116,31,117,17,281
245,115,33,101,17,266
246,131,34,117,16,298
247,115,34,117,16,282
249,115,34,133,16,298
251,117,33,116,19,285
254,101,33,117,16,267
255,117,33,133,17,300
256,117,16,133,17,283
257,117,34,135,16,302
258,133,35,116,17,301
260,116,19,116,17,268
263,116,33,101,17,267
264,116,17,101,17,251
265,116,36,130,19,301
267,119,33,116,16,284
269,118,32,116,17,283
270,102,32,116,17,267
271,102,16,116,17,251
272,101,34,132,16,283
274,130,35,133,17,315
277,116,33,117,16,282
278,116,17,117,16,266
280,132,34,117,15,298
281,117,34,117,15,283
282,117,18,117,15,267
283,116,33,134,16,299
284,133,33,117,17,300
285,117,33,117,17,284
289,102,16,116,16,250
290,117,15,117,18,267
293,117,33,101,14,265
294,117,17,101,14,249
295,116,32,117,18,283
296,116,16,117,18,267
297,115,35,133,16,299
298,117,18,133,16,284
299,117,34,115,17,283
301,102,16,115,17,250
302,101,33,116,16,266
303,118,33,133,16,300
306,133,33,134,16,316
309,118,33,117,18,286
310,116,16,117,18,267
311,117,34,101,15,267
312,133,33,116,19,301
313,117,33,116,19,285
314,116,17,116,19,268
315,117,34,101,15,267
318,117,18,132,18,285
319,119,31,119,17,286
320,101,31,119,17,268
321,116,36,114,19,285
322,116,19,114,19,268
324,101,33,115,18,267
325,118,32,118,16,284
326,132,35,132,17,316
327,117,35,132,17,301
328,101,35,132,17,285
329,102,17,132,17,268
331,118,33,133,16,300
333,117,33,133,16,299
334,101,33,133,16,283
335,116,33,116,17,282
337,118,34,116,16,284
339,101,17,116,16,250
343,116,33,116,18,283
344,116,17,116,18,267
345,116,33,134,17,300
346,116,16,134,17,283
347,115,34,117,17,283
348,99,34,117,17,267
350,100,33,101,16,250
351,117,34,116,16,283
354,116,18,116,18,268
355,116,34,116,16,282
358,101,33,117,16,267
360,116,16,101,16,249
362,116,18,133,17,284
365,116,34,133,20,303
366,117,16,133,20,286
367,117,34,119,14,284
369,118,33,133,17,301
372,101,34,133,16,284
373,117,32,117,16,282
374,117,16,117,16,266
375,117,34,132,18,301
376,119,14,132,18,283
377,103,14,132,18,267
378,117,16,134,16,283
381,117,32,117,17,283
382,117,16,117,17,267
385,115,35,116,17,283
386,117,17,116,17,267
390,117,17,116,18,268
393,115,35,133,16,299
394,116,17,133,16,282
397,100,16,117,16,249
398,116,18,116,16,266
401,100,17,132,17,266
402,116,17,116,16,265
403,117,32,117,18,284
404,101,32,117,18,268
405,116,34,118,16,284
406,116,16,118,16,266
407,116,33,117,16,282
409,116,33,117,19,285
410,116,16,117,19,268
412,117,18,116,17,268
413,117,33,117,16,283
415,117,32,118,16,283
416,117,16,118,16,267
417,116,36,115,17,284
418,117,19,115,17,268
419,119,32,117,16,284
420,116,17,117,16,266
421,116,33,134,17,300
422,117,16,134,17,284
424,101,33,118,16,268
425,117,34,100,16,267
427,117,33,116,17,283
429,116,34,132,16,298
430,134,33,115,18,300
431,117,33,115,18,283
433,101,16,115,18,250
434,100,32,118,17,267
435,115,34,118,16,283
437,117,33,117,16,283
438,132,34,134,17,317
439,115,34,134,17,300
442,118,17,117,16,268
444,101,33,100,15,249
445,117,32,117,18,284
446,117,16,117,18,268
447,101,16,117,18,252
448,134,33,117,17,301
450,100,33,117,17,267
451,116,32,118,16,282
453,116,35,136,14,301
456,100,33,117,17,267
457,116,34,133,17,300
460,102,32,118,16,268
461,101,16,118,16,251
462,136,31,115,17,299
463,119,31,115,17,282
464,117,17,115,17,266
467,117,33,117,17,284
468,118,16,117,17,268
469,102,16,117,17,252
470,114,16,118,17,265
471,116,33,102,14,265
472,115,17,102,14,248
473,117,34,115,19,285
474,117,16,115,19,267
475,116,34,117,16,283
476,117,17,117,16,267
477,117,34,131,17,299
478,101,34,131,17,283
479,102,17,131,17,267
480,102,33,115,17,267
482,115,19,115,17,266
483,117,33,117,17,284
484,117,16,117,17,267
485,116,32,102,15,265
486,131,34,133,16,314
488,115,17,133,16,281
490,115,17,116,17,265
492,117,17,116,15,265
493,118,31,118,17,284
494,102,31,118,17,268
495,116,34,116,18,284
497,117,33,118,16,284
499,115,33,118,16,282
500,116,15,118,16,265
502,118,17,132,17,284
503,118,33,132,17,300
504,101,33,132,17,283
506,101,33,116,18,268
508,101,33,116,19,269
509,116,33,118,17,284
511,117,33,102,15,267
514,116,18,118,33,285
515,117,34,117,15,283
516,101,34,117,15,267
517,118,33,116,17,284
518,102,33,116,17,268
519,118,32,101,17,268
523,103,33,131,18,285
524,117,15,116,18,266
525,116,34,117,15,282
526,116,17,117,15,265
527,101,17,117,15,250
528,101,32,119,16,268
529,114,35,132,17,298
531,116,33,116,17,282
532,116,18,116,17,267
533,117,32,134,16,299
534,117,15,134,16,282
536,100,35,115,17,267
538,115,17,116,19,267
539,117,34,116,18,285
541,116,33,116,17,282
542,134,33,117,16,300
544,115,17,117,16,265
545,117,35,132,17,301
546,116,19,132,17,284
548,101,33,116,17,267
552,117,16,118,17,268
553,117,34,117,16,284
554,132,34,117,16,299
555,117,34,117,16,284
556,116,17,117,16,266
558,101,33,117,15,266
559,101,16,117,15,249
560,118,17,133,17,285
563,116,34,117,16,283
565,116,32,134,17,299
566,100,32,134,17,283
567,115,35,132,18,300
568,133,33,117,17,300
569,117,33,117,17,284
570,118,16,117,17,268
571,116,33,118,16,283
574,118,16,118,16,268
575,117,33,121,14,285
576,116,16,121,14,267
577,115,35,118,14,282
578,117,17,118,14,266
579,117,33,116,16,282
581,117,33,116,17,283
582,118,16,116,17,267
583,117,34,133,16,300
584,121,14,133,16,284
587,115,33,133,19,300
588,116,16,133,19,284
589,99,16,133,19,267
590,116,17,118,17,268
591,113,34,116,17,280
594,117,16,117,18,268
595,116,33,102,15,266
596,117,16,102,15,250
597,116,36,131,18,301
598,118,17,131,18,284
599,119,32,117,17,285
600,101,32,117,17,267
601,117,34,132,34,317
603,118,32,115,19,284
604,102,32,115,19,268
605,115,33,101,16,265
606,131,35,117,14,297
607,116,35,117,14,282
608,117,17,117,14,265
609,101,17,117,14,249
610,132,34,117,17,300
612,115,19,117,17,268
613,117,33,101,17,268
614,101,33,101,17,252
615,116,32,119,16,283
616,117,14,119,16,266
619,118,35,133,16,302
620,117,17,133,16,283
622,101,33,116,16,266
624,102,33,134,16,285
626,101,34,116,17,268
627,117,33,116,16,282
628,133,32,135,33,333
630,116,16,135,33,300
631,115,35,113,20,283
632,99,35,113,20,267
633,118,33,117,16,284
636,100,32,117,16,265
638,117,18,115,17,267
639,118,33,133,16,300
640,100,33,133,16,282
641,117,33,116,17,283
642,100,33,116,17,266
643,117,32,118,17,284
645,116,34,134,17,301
646,115,17,134,17,283
647,119,34,117,15,285
649,116,33,116,18,283
650,100,33,116,18,267
653,118,33,134,16,301
655,116,32,118,17,283
656,100,32,118,17,267
658,116,18,132,17,283
660,100,33,116,20,269
661,101,16,116,20,253
662,134,33,116,17,300
666,132,37,130,18,317
667,115,37,130,18,300
668,116,20,130,18,284
669,119,30,118,17,284
672,116,17,101,16,250
674,101,34,117,17,269
676,130,35,114,19,298
677,115,35,114,19,283
678,100,35,114,19,268
679,101,17,114,19,251
680,101,33,117,16,267
684,102,32,116,17,267
686,114,19,134,14,281
687,117,33,115,17,282
688,117,16,115,17,265
690,132,33,102,15,282
691,117,33,102,15,267
692,116,17,102,15,250
693,101,17,102,15,235
694,134,31,118,16,299
695,117,31,118,16,282
698,120,15,115,16,266
699,104,15,115,16,250
700,102,30,101,17,250
701,115,34,134,17,300
702,131,34,117,18,300
703,117,34,117,18,286
705,113,33,102,15,263
707,116,33,117,17,283
708,101,33,117,17,268
709,115,34,117,16,282
710,100,34,117,16,267
714,102,32,133,17,284
717,116,33,117,18,284
718,117,16,117,18,268
719,116,34,101,17,268
720,115,17,101,17,250
721,117,33,133,17,300
722,133,33,117,16,299
723,117,33,117,16,283
724,100,33,117,16,266
725,116,35,115,18,284
726,117,18,115,18,268
728,101,31,102,16,250
729,115,34,117,17,283
730,133,33,117,16,299
731,116,33,117,16,282
732,117,16,117,16,266
734,115,18,132,17,282
735,116,32,117,16,281
737,116,34,134,16,300
738,100,34,134,16,284
739,117,32,118,17,284
741,116,34,118,16,284
742,132,33,135,16,316
743,116,33,135,16,300
744,117,16,135,16,284
745,116,35,116,17,284
746,134,33,135,15,317
747,118,33,135,15,301
748,102,33,135,15,285
749,100,17,135,15,267
751,101,16,117,16,250
753,118,33,115,17,283
754,100,33,115,17,265
755,117,35,132,16,300
757,118,31,117,16,282
758,102,31,117,16,266
759,117,34,116,16,283
760,133,32,118,16,299
761,117,32,118,16,283
762,115,17,118,16,266
764,132,32,118,17,299
766,117,16,118,17,268
768,116,16,102,15,249
769,117,34,133,17,301
770,100,34,133,17,284
771,101,16,133,17,267
772,132,35,115,18,300
774,118,17,115,18,268
776,102,31,102,16,251
777,115,34,120,14,283
778,133,33,118,16,300
779,116,33,118,16,283
780,117,16,118,16,267
783,118,33,117,16,284
784,102,33,117,16,268
785,118,33,134,16,301
786,101,33,134,16,284
787,103,14,134,16,267
788,101,33,117,17,268
789,117,34,117,16,284
790,117,16,117,16,266
791,101,16,117,16,250
793,114,34,116,17,281
794,134,33,132,17,316
795,117,33,132,17,299
796,117,17,132,17,283
797,116,33,116,16,281
798,100,33,116,16,265
800,100,34,132,16,282
801,118,33,115,18,284
803,117,32,101,17,267
804,100,32,101,17,250
805,115,33,117,18,283
806,116,16,117,18,267
808,132,34,134,16,316
809,116,34,134,16,300
810,115,18,134,16,283
812,101,33,117,16,267
814,101,34,132,18,285
816,101,34,116,17,268
817,105,14,116,17,252
818,134,32,134,16,316
819,117,32,134,16,299
820,117,16,134,16,283
822,116,16,117,18,267
823,112,35,116,17,280
825,101,17,116,17,251
826,100,32,101,17,250
827,116,34,117,16,283
828,134,34,116,16,300
830,117,18,116,16,267
831,117,33,134,15,299
832,100,33,134,15,282
833,116,33,116,18,283
836,100,33,101,15,249
837,101,16,101,15,233
839,116,35,131,19,301
840,134,33,117,15,299
843,117,33,115,19,284
844,101,33,115,19,268
845,117,33,118,17,285
847,117,32,103,14,266
848,131,34,118,17,300
850,117,15,118,17,267
851,117,35,117,17,286
852,115,19,117,17,268
854,118,17,133,16,284
855,101,17,133,16,267
858,118,17,115,17,267
859,102,17,115,17,251
860,117,17,131,18,283
861,117,33,116,17,283
862,115,18,116,17,266
863,119,31,102,15,267
864,101,31,102,15,249
866,115,17,116,18,266
867,115,33,101,17,266
868,131,35,148,17,331
870,116,17,148,17,298
871,117,32,116,17,282
872,102,32,116,17,267
873,117,34,132,17,300
875,118,33,116,16,283
876,101,33,116,16,266
877,116,49,118,16,299
879,133,17,101,16,267
881,117,33,134,18,302
883,115,33,119,16,283
885,112,35,117,17,281
887,118,33,101,16,268
888,101,33,101,16,251
889,117,33,101,16,267
891,117,34,116,16,283
893,116,34,132,16,298
894,117,17,132,16,282
897,118,32,118,16,284
898,101,32,118,16,267
902,132,33,116,19,300
903,116,33,116,19,284
904,115,17,116,19,267
905,116,34,116,18,284
906,118,16,116,18,268
908,101,34,100,17,252
913,117,33,133,16,299
914,116,18,133,16,283
915,119,33,116,17,285
916,100,33,116,17,266
917,115,33,100,17,265
921,100,16,117,17,250
922,133,33,117,17,300
923,116,33,117,17,283
925,117,33,117,17,284
926,100,33,117,17,267
927,117,33,118,16,284
928,117,17,118,16,268
929,116,33,101,17,267
930,132,35,133,16,316
931,116,35,133,16,300
932,117,17,133,16,283
935,118,33,116,16,283
936,101,33,116,16,266
939,116,34,115,17,282
940,133,33,133,17,316
942,116,17,133,17,283
944,116,16,118,16,266
945,115,34,100,16,265
946,133,33,119,15,300
948,115,17,119,15,266
949,116,34,100,16,266
950,133,33,116,19,301
951,117,33,116,19,285
954,100,34,101,16,251
955,118,33,117,17,285
956,119,15,117,17,268
957,117,33,118,15,283
958,100,33,118,15,266
960,116,19,133,16,284
962,101,33,116,17,267
963,116,33,100,15,264
964,117,17,100,15,249
965,118,32,133,18,301
966,101,32,133,18,284
967,117,35,116,17,285
968,133,33,117,16,299
969,117,33,117,16,283
970,116,17,117,16,266
971,100,17,117,16,250
973,116,32,102,17,267
974,117,16,102,17,252
978,117,16,133,17,283
980,100,34,116,17,267
983,101,15,117,17,250
984,116,16,134,16,282
986,133,34,115,19,301
989,116,33,101,14,264
990,117,17,101,14,249
991,117,33,134,16,300
992,101,33,134,16,284
993,117,33,101,16,267
994,116,17,101,16,250
995,116,35,114,18,283
996,115,19,114,18,266
999,116,34,117,17,284
1001,118,32,102,16,268
1002,101,32,102,16,251
1003,101,16,102,16,235
1005,118,34,133,15,300
1006,100,34,133,15,282
1007,118,34,114,17,283
1008,117,17,114,17,265
1010,102,32,116,17,267
1012,118,16,132,18,284
1013,101,16,132,18,267
1014,100,33,117,16,266
1015,116,32,118,16,282
1016,114,17,118,16,265
1017,115,34,116,19,284
1018,116,17,116,19,268
1019,115,33,102,16,266
1020,132,34,117,16,299
1022,117,16,117,16,266
1023,118,33,117,16,284
1024,118,16,117,16,267
1025,117,35,115,18,285
1026,100,35,115,18,268
1027,118,33,132,18,301
1028,102,33,132,18,285
1029,100,17,132,18,267
1030,101,32,118,16,267
1031,116,33,101,17,267
1032,117,16,101,17,251
1033,117,35,116,17,285
1034,115,18,116,17,266
1035,117,32,134,16,299
1036,132,34,116,17,299
1037,116,34,116,17,283
1038,100,34,116,17,267
1039,101,16,116,17,250
1040,101,34,132,18,285
1041,101,17,132,18,268
1042,100,33,117,16,266
1043,120,33,116,17,286
1046,116,17,135,16,284
1048,132,34,133,16,315
1049,116,34,133,16,299
1051,102,16,133,16,267
1052,116,17,116,16,265
1053,117,35,132,16,300
1054,135,32,116,17,300
1055,118,32,116,17,283
1056,102,32,116,17,267
1057,116,33,100,17,266
1061,116,35,117,16,284
1062,132,33,133,18,316
1064,116,17,133,18,284
1066,100,33,118,14,265
1068,135,33,116,17,301
1069,116,33,116,17,282
1070,117,16,116,17,266
1071,117,33,100,18,268
1072,133,32,102,17,284
1074,118,14,102,17,251
1075,101,14,102,17,234
1076,133,33,101,17,284
1078,100,33,101,17,251
1079,117,34,116,16,283
1080,100,34,116,16,266
1082,102,33,116,18,269
1083,100,16,116,18,250
1084,116,18,116,17,267
1085,118,33,134,16,301
1086,101,33,134,16,284
1087,100,16,134,16,266
1088,116,16,118,16,266
1090,99,35,116,18,268
1094,134,32,119,15,300
1095,118,32,119,15,284
1096,102,32,119,15,268
1098,99,35,133,17,284
1101,117,52,131,17,317
1102,130,21,131,17,299
1103,114,21,131,17,283
1104,119,15,116,17,267
1105,102,15,116,17,250
1106,133,33,133,18,317
1107,119,33,133,18,303
1108,101,33,133,18,285
1109,117,49,102,14,282
1110,103,49,102,14,268
1113,100,17,118,16,251
1114,117,15,118,15,265
1115,115,34,116,18,283
1116,133,32,102,16,283
1117,117,32,102,16,267
1119,102,14,102,16,234
1120,118,16,133,18,285
1121,116,32,119,16,283
1122,101,32,119,16,268
1123,102,15,119,16,252
1124,99,35,132,16,282
1125,116,31,117,17,281
1126,102,31,117,17,267
1128,117,16,116,16,265
1129,116,34,115,16,281
1130,101,34,115,16,266
1133,116,33,115,19,283
1134,117,17,115,19,268
1135,115,33,101,17,266
1137,114,33,135,16,298
1139,115,34,117,16,282
1140,117,16,117,16,266
1142,115,19,116,17,267
1143,117,33,100,16,266
1144,101,33,100,16,250
1145,117,34,115,18,284
1146,135,32,118,17,302
1147,117,32,118,17,284
1154,100,33,116,16,265
1157,101,17,116,16,250
1158,133,34,132,19,318
1159,117,34,132,19,302
1160,116,17,132,19,284
1161,118,32,119,16,285
1164,116,16,101,17,250
1168,132,35,116,16,299
1171,101,16,116,16,249
1173,101,16,133,17,267
1176,102,35,115,17,269
1177,118,30,102,16,266
1178,116,16,102,16,250
1179,115,34,118,17,284
1180,133,34,116,16,299
1182,116,17,116,16,265
1183,118,34,115,16,283
1185,101,17,115,16,249
1187,101,17,132,18,268
1189,101,17,116,15,249
1191,115,33,118,18,284
1192,115,16,118,18,267
1193,115,34,102,16,267
1195,115,33,117,18,283
1196,116,15,117,18,266
1197,116,34,101,17,268
1198,117,17,101,17,252
1199,117,35,132,16,300
1201,119,32,116,17,284
1202,102,32,116,17,267
1203,116,34,118,17,285
1204,117,18,118,17,270
1205,118,32,118,16,284
1206,101,32,118,16,267
1208,132,33,134,16,315
1209,116,33,134,16,299
1210,116,17,134,16,283
1211,117,36,114,17,284
1213,101,17,114,17,249
1216,100,32,118,16,266
1217,116,35,116,17,284
1218,134,33,116,17,300
1219,115,33,116,17,281
1220,114,17,116,17,264
1221,116,33,133,17,299
1223,117,33,117,16,283
1224,101,33,117,16,267
1225,101,16,117,16,250
1226,116,17,118,16,267
1228,100,33,117,16,266
1229,116,33,117,16,282
1230,100,33,117,16,266
1231,116,33,119,17,285
1232,117,16,119,17,269
1233,100,16,119,17,252
1235,102,16,101,32,251
1236,101,32,101,17,251
1239,116,36,115,16,283
1240,119,17,115,16,267
1242,101,32,133,18,284
1243,117,34,117,16,284
1244,101,34,117,16,268
1245,101,17,117,16,251
1246,102,33,117,16,268
1247,116,32,101,18,267
1249,102,16,101,18,237
1250,133,34,134,16,317
1251,116,34,134,16,300
1252,117,16,134,16,283
1253,117,33,117,16,283
1257,102,16,133,16,267
1258,101,33,116,17,267
1259,116,34,116,16,282
1260,100,34,116,16,266
1263,115,34,117,16,282
1264,133,33,132,18,316
1265,117,33,132,18,300
1266,116,17,132,18,283
1267,116,33,117,17,283
1268,116,16,117,17,266
1269,116,33,134,16,299
1270,116,17,134,16,283
1273,117,32,118,17,284
1274,132,35,100,17,284
1277,118,33,117,16,284
1278,101,33,117,16,267
1281,117,34,117,17,285
1283,117,34,117,16,284
1284,100,34,117,16,267
1285,102,17,117,16,252
1286,101,32,101,17,251
1287,117,34,117,16,284
1288,100,34,117,16,267
1289,117,34,132,18,301
1293,101,16,117,16,250
1297,116,33,117,17,283
1298,132,34,117,16,299
1299,115,34,117,16,282
1300,117,16,117,16,266
1301,116,33,117,16,282
1302,100,33,117,16,266
1303,116,33,117,17,283
1304,117,16,117,17,267
1306,100,34,132,19,285
1307,116,33,118,16,283
1309,116,33,101,16,266
1310,100,33,101,16,250
1311,116,34,115,17,282
1316,118,16,116,17,267
1317,101,16,116,17,250
1318,101,33,131,19,284
1319,117,32,118,16,283
1322,117,18,117,15,267
1323,116,33,115,19,283
1325,117,50,117,17,301
1327,116,19,117,17,269
1328,118,16,118,14,266
1330,117,15,118,16,266
1331,116,35,115,16,282
1332,115,19,115,16,265
1335,117,31,119,17,284
1336,101,31,119,17,268
1337,114,35,101,16,266
1338,118,16,101,16,251
1339,102,16,101,16,235
1340,115,16,118,15,264
1341,116,34,119,14,283
1343,115,35,116,17,283
1344,119,17,116,17,269
1346,101,33,100,17,251
1347,101,17,100,17,235
1348,102,31,102,20,255
1349,116,34,118,16,284
1350,119,14,118,16,267
1352,116,17,134,16,283
1354,100,33,117,15,265
1355,117,34,132,18,301
1356,102,34,132,18,286
1357,102,14,132,18,266
1359,116,35,132,16,299
1360,134,31,117,17,299
1361,117,31,117,17,282
1362,117,15,117,17,266
1364,132,32,103,16,283
1366,100,32,103,16,251
1367,114,35,116,17,282
1368,132,33,116,19,300
1369,116,33,116,19,284
1371,115,35,114,19,283
1373,117,32,117,17,283
1374,103,32,117,17,269
1375,116,33,101,16,266
1376,100,33,101,16,250
1378,100,35,116,15,266
1379,117,33,116,16,282
1380,114,19,116,16,265
1381,117,33,132,16,298
1382,101,33,132,16,282
1384,101,33,115,19,268
1385,101,17,115,19,252
1386,116,15,102,16,249
1388,116,16,119,16,267
1389,116,33,102,17,268
1391,116,35,115,18,284
1392,115,19,115,18,267
1393,117,32,118,15,282
1394,102,32,118,15,267
1395,100,16,118,15,249
1396,100,35,133,16,284
1397,116,34,115,16,281
1398,102,34,115,16,267
1399,103,17,115,16,251
1400,115,18,116,17,266
1402,101,32,101,16,250
1403,114,35,116,16,281
1405,116,32,100,17,265
1407,117,34,117,16,284
1408,116,17,117,16,266
1409,116,32,101,17,266
1410,101,32,101,17,251
1411,116,34,117,18,285
1412,116,16,117,18,267
1413,116,34,119,14,283
1414,100,34,119,14,267
1415,117,33,117,16,283
1416,117,16,117,16,266
1418,101,34,132,16,283
1419,117,34,114,18,283
1421,118,32,117,16,283
1422,101,32,117,16,266
1423,102,14,117,16,249
1424,117,16,116,18,267
1428,114,18,102,17,251
1429,114,33,133,19,299
1430,117,16,133,19,285
1431,116,34,118,15,283
1432,100,34,118,15,267
1433,117,35,114,18,284
1434,101,35,114,18,268
1436,102,30,102,17,251
1438,99,34,118,16,267
1440,118,15,117,15,265
1441,102,15,117,15,249
1442,114,18,134,16,282
1443,115,34,116,17,282
1444,102,34,116,17,269
1446,102,32,101,17,252
1447,115,32,119,16,282
1448,117,15,119,16,267
1449,116,36,116,16,284
1451,117,33,115,17,282
1453,117,34,131,17,299
1454,101,34,131,17,283
1455,101,17,131,17,266
1456,103,32,116,16,267
1457,119,33,118,14,284
1460,115,17,132,19,283
1461,115,33,118,17,283
1462,131,33,102,15,281
1464,116,16,102,15,249
1465,115,33,118,16,282
1469,114,36,115,16,281
1471,101,17,115,16,249
1475,101,16,118,15,250
1477,115,33,118,17,283
1478,115,16,118,17,266
1480,118,15,101,17,251
1481,116,33,101,15,265
1482,100,33,101,15,249
1483,116,35,117,16,284
1484,116,19,117,16,268
1487,116,33,117,17,283
1488,101,33,117,17,268
1489,116,34,132,16,298
1490,101,34,132,16,283
1491,119,33,115,17,284
1492,117,16,115,17,265
1493,117,34,132,17,300
1494,134,33,116,16,299
1495,117,33,116,16,282
1496,117,17,116,16,266
1497,102,17,116,16,251
1499,115,33,102,17,267
1500,115,17,102,17,251
1501,117,34,118,15,284
1502,132,33,134,17,316
1503,116,33,134,17,300
1505,116,35,116,16,283
1507,119,33,132,18,302
1508,102,33,132,18,285
1509,102,16,132,18,268
1512,100,34,117,17,268
1513,116,33,101,17,267
1514,116,16,101,17,250
1515,115,33,117,16,281
1516,132,34,132,17,315
1518,118,16,132,17,283
1520,100,34,115,17,266
1521,117,33,133,16,299
1523,117,32,117,18,284
1524,101,32,117,18,268
1525,115,33,102,17,267
1526,116,16,102,17,251
1528,115,17,117,16,265
1529,115,34,135,14,298
1531,117,34,115,17,283
1533,118,33,115,18,284
1534,102,33,115,18,268
1535,102,16,115,18,251
1536,101,32,101,15,249
1538,116,19,132,15,282
1540,115,17,101,15,248
1542,115,18,101,16,250
1543,117,32,102,16,267
1544,101,32,102,16,251
1545,116,35,116,16,283
1546,132,34,115,18,299
1548,101,34,115,18,268
1549,100,19,115,18,252
1550,101,33,117,15,266
1552,102,32,135,16,285
1553,117,33,118,17,285
1554,116,16,118,17,267
1556,115,18,132,18,283
1557,117,32,118,17,284
1558,100,32,118,17,267
1560,135,33,115,18,301
1561,118,33,115,18,284
1563,101,17,115,18,251
1564,132,35,132,17,316
1565,115,35,132,17,299
1566,118,17,132,17,284
1568,132,34,133,17,316
1569,116,34,133,17,300
1570,115,18,133,17,283
1571,117,33,117,16,283
1572,101,33,117,16,267
1573,116,33,117,15,281
1576,100,33,118,16,267
1579,116,33,117,16,282
1582,100,32,118,16,266
1583,115,35,134,16,300
1585,102,16,134,16,268
1586,133,33,117,16,299
1590,101,33,117,16,267
1591,115,35,133,17,300
1592,134,32,118,17,301
1593,117,32,118,17,284
1596,117,16,102,15,250
1597,116,33,134,17,300
1600,117,16,116,16,265
1601,117,34,131,19,301
1603,101,17,131,19,268
1604,102,31,100,19,252
1606,134,33,117,17,301
1607,115,33,117,17,282
1608,116,16,117,17,266
1609,115,33,101,17,266
1611,116,34,118,15,283
1613,101,15,118,15,249
1615,117,33,117,16,283
1616,101,33,117,16,267
1617,116,33,118,16,283
1618,101,33,118,16,268
1619,115,33,101,17,266
1621,115,34,134,16,299
1623,117,33,117,16,283
1624,117,16,117,16,266
1625,116,34,134,15,299
1626,100,34,134,15,283
1629,117,34,116,16,283
1630,100,34,116,16,266
1632,101,32,134,20,287
1633,115,35,119,14,283
1634,134,32,118,16,300
1635,117,32,118,16,283
1636,101,32,118,16,267
1637,117,33,101,17,268
1639,116,34,116,17,283
1640,100,34,116,17,267
1641,117,34,116,17,284
1642,119,14,116,17,266
1643,118,33,116,16,283
1644,118,16,116,16,266
1645,101,16,116,16,249
1647,116,34,101,17,268
1648,116,17,101,17,251
1649,113,34,134,15,296
1653,99,16,117,17,249
1654,118,17,133,16,284
1655,118,32,117,16,283
1657,101,15,117,16,249
1658,134,32,100,18,284
1659,118,32,100,18,268
1660,117,17,100,18,252
1661,116,34,99,17,266
1662,133,32,101,17,283
1664,117,16,101,17,251
1665,100,16,101,17,234
1667,117,33,135,15,300
1668,100,33,135,15,283
1669,101,15,135,15,266
1670,99,34,116,17,266
1672,101,34,115,19,269
1674,101,32,102,16,251
1675,115,35,100,15,265
1677,118,32,117,17,284
1678,116,17,117,17,267
1679,116,35,115,16,282
1681,117,33,133,16,299
1683,101,17,133,16,267
1684,100,32,117,16,265
1685,117,34,116,16,283
1686,100,34,116,16,266
1689,115,35,117,16,283
1690,133,32,101,16,282
1692,101,32,101,16,250
1695,116,34,133,16,299
1696,117,17,133,16,283
1697,117,34,115,19,285
1698,117,16,115,19,267
1700,101,33,101,18,253
1701,117,34,132,18,301
1702,101,34,132,18,285
1703,118,32,118,15,283
1704,101,32,118,15,266
1705,115,35,115,18,283
1707,118,33,116,18,285
1708,101,33,116,18,268
1709,102,15,116,18,251
1710,100,32,102,17,251
1711,116,33,134,18,301
1712,118,15,134,18,285
1713,117,35,117,16,285
1714,115,18,117,16,266
1715,115,34,133,16,298
1716,100,34,133,16,283
1717,118,31,118,17,284
1718,102,31,118,17,268
1719,101,14,118,17,250
1720,134,34,134,17,319
1721,117,34,134,17,302
1722,117,16,134,17,284
1724,133,33,133,16,315
1726,102,33,133,16,284
1727,101,17,133,16,267
1728,101,33,116,18,268
1731,117,34,114,17,282
1732,100,34,114,17,265
1734,101,32,116,17,266
1737,117,32,117,18,284
1738,132,33,102,14,281
1739,115,33,102,14,264
1740,114,17,102,14,247
1741,115,34,116,18,283
1742,116,17,116,18,267
1743,117,33,116,18,284
1745,117,35,116,15,283
1746,100,35,116,15,266
1747,101,18,116,15,250
1748,102,33,115,18,268
1749,118,33,132,17,300
1751,117,33,116,19,285
1753,117,32,103,15,267
1754,116,15,103,15,249
1755,102,15,103,15,235
1756,115,18,116,16,265
1757,118,32,134,16,300
1758,100,32,134,16,282
1759,117,36,114,18,285
1760,116,19,114,18,267
1763,101,16,101,15,233
1764,116,16,101,17,250
1765,116,34,101,16,267
1766,134,34,133,16,317
1767,117,34,133,16,300
1768,114,18,133,16,281
1769,117,33,116,17,283
1770,101,33,116,17,267
1772,101,34,132,16,283
1774,101,33,115,17,266
1775,101,17,115,17,250
1777,118,33,133,16,300
1778,116,17,133,16,282
1779,116,33,116,19,284
1781,116,33,133,17,299
1782,115,17,133,17,282
1783,117,34,116,17,284
1785,117,33,100,17,267
1786,100,33,100,17,250
1787,117,35,115,16,283
1789,119,31,117,18,285
1791,116,34,101,17,268
1793,116,34,132,19,301
1794,100,34,132,19,285
1795,101,17,132,19,269
1797,116,35,115,19,285
1798,117,18,115,19,269
1799,118,33,133,17,301
1800,101,33,133,17,284
1801,117,32,118,17,284
1802,100,32,118,17,267
1803,116,34,118,15,283
1806,115,19,133,15,282
1807,117,32,116,19,284
1808,133,34,101,16,284
1810,101,34,101,16,252
1811,116,32,118,16,282
1812,118,15,118,16,267
1813,117,35,132,16,300
1814,133,34,114,19,300
1817,118,31,102,15,266
1818,101,31,102,15,249
1819,100,15,102,15,232
1823,117,35,132,16,300
1825,117,31,117,17,282
1826,102,31,117,17,267
1828,134,32,117,17,300
1829,117,32,117,17,283
1830,101,32,117,17,267
1832,132,33,135,15,315
1833,117,33,135,15,300
1834,117,17,135,15,284
1835,117,34,116,18,285
1838,101,33,101,15,250
1839,117,34,117,16,284
1840,100,34,117,16,267
1842,135,33,116,17,301
1843,118,33,116,17,284
1844,116,18,116,17,267
1847,116,34,116,17,283
1848,117,16,116,17,266
1850,131,35,117,16,299
1851,116,35,117,16,284
1852,116,17,117,16,266
1854,117,17,117,15,266
1855,116,33,116,18,283
1856,100,33,116,18,267
1857,117,33,101,17,268
1858,134,34,117,17,302
1859,116,34,117,17,284
1860,117,16,117,17,267
1861,117,32,102,16,267
1862,100,32,102,16,250
1863,116,35,133,16,300
1864,116,18,133,16,283
1865,118,32,117,34,301
1866,101,32,117,34,284
1867,115,35,116,17,283
1868,117,17,116,17,267
1869,100,17,116,17,250
1870,102,32,101,17,252
1872,133,50,116,16,315
1873,116,50,116,16,298
1875,114,19,116,16,265
1876,116,17,115,19,267
1878,101,32,102,15,250
1879,102,15,102,15,234
1880,133,33,117,17,300
1881,117,33,117,17,284
1882,102,33,117,17,269
1883,116,35,131,19,301
1884,115,19,131,19,284
1885,117,31,119,15,282
1886,102,31,119,15,267
1887,115,34,117,17,283
1888,133,34,117,15,299
1889,117,34,117,15,283
1890,117,17,117,15,266
1891,118,32,100,17,267
1892,131,34,100,16,281
1893,116,34,100,16,266
1894,119,15,100,16,250
1895,102,15,100,16,233
1896,117,17,119,14,267
1897,117,32,135,16,300
1899,116,34,117,17,284
1900,100,34,117,17,268
1901,115,34,117,16,282
1902,100,34,117,16,267
1904,100,33,117,17,267
1905,102,14,117,17,250
1906,135,33,116,17,301
1907,118,33,116,17,284
1908,117,17,116,17,267
1909,118,33,116,17,284
1911,114,34,133,16,297
1912,117,17,133,16,283
1913,117,33,116,17,283
1914,133,33,117,17,300
1915,117,33,117,17,284
1917,116,33,101,17,267
1918,116,17,101,17,251
1919,116,34,133,17,300
1923,117,34,116,18,285
1924,100,34,116,18,268
1926,101,32,102,15,250
1927,101,15,102,15,233
1928,133,33,101,17,284
1930,117,16,101,17,251
1932,116,18,116,16,266
1933,117,32,117,17,283
1934,102,32,117,17,268
1936,100,34,133,16,283
1938,101,34,115,18,268
1940,116,16,117,17,266
1944,133,34,117,16,300
1945,116,34,117,16,283
1946,115,18,117,16,266
1948,101,33,117,15,266
1949,117,32,117,17,283
1951,115,33,101,17,266
1955,101,16,133,17,267
1957,101,15,118,17,251
1958,100,34,118,16,268
1959,117,34,134,16,301
1960,101,34,134,16,285
1961,116,33,117,17,283
1962,100,33,117,17,267
1964,101,34,133,16,284
1965,118,33,116,17,284
1967,101,16,116,17,250
1969,118,33,116,17,284
1970,117,17,116,17,267
1971,117,33,115,17,282
1972,133,33,133,16,315
1974,116,17,133,16,282
1975,100,17,133,16,266
1976,132,34,116,18,300
1978,116,17,116,18,267
1980,115,17,102,16,250
1981,116,34,117,16,283
1982,133,34,136,13,316
1985,117,34,115,17,283
1986,100,34,115,17,266
1987,119,32,134,16,301
1988,102,32,134,16,284
1989,116,33,117,17,283
1990,100,33,117,17,267
1991,101,16,117,17,251
1992,136,30,116,18,300
1993,120,30,116,18,284
1994,102,30,116,18,266
1997,117,33,116,18,284
1999,118,32,102,17,269
2000,129,35,116,16,296
2001,116,35,116,16,283
2002,116,18,116,16,266
2003,117,33,134,17,301
2004,100,33,134,17,284
2005,101,16,134,17,268
2006,100,34,117,14,265
2007,117,32,117,18,284
2008,102,32,117,18,269
2009,102,15,117,18,252
2010,116,16,102,15,249
2011,115,35,132,17,299
2013,118,31,118,17,284
2014,117,14,118,17,266
2015,114,36,132,17,299
2016,117,18,132,17,284
2018,102,33,116,16,267
2025,117,33,117,16,283
2026,116,16,117,16,265
2027,116,33,117,17,283
2028,100,33,117,17,267
2029,116,33,117,18,284
2030,116,16,117,18,267
2031,115,35,116,17,283
2033,117,32,101,16,266
2034,101,32,101,16,250
2035,116,34,116,17,283
2036,100,34,116,17,267
2037,117,34,134,16,301
2039,118,33,117,16,284
2040,116,17,117,16,266
2043,117,33,101,15,266
2045,117,35,133,16,301
2046,134,32,101,16,283
2047,118,32,101,16,267
2049,101,16,101,16,234
2050,116,18,117,16,267
2052,101,32,101,17,251
2053,100,17,101,17,235
2054,133,34,116,16,299
2055,117,34,116,16,283
2056,101,34,116,16,267
2058,117,16,134,17,284
2059,118,33,118,16,285
2060,101,33,118,16,268
2061,116,33,119,16,284
2062,132,34,115,18,299
2063,116,34,115,18,283
2064,116,16,115,18,265
2067,117,33,116,17,283
2068,118,16,116,17,267
2069,117,34,115,17,283
2070,101,34,115,17,267
2071,101,16,115,17,249
2072,115,18,118,17,268
2073,116,33,102,14,265
2074,132,34,117,17,300
2075,115,34,117,17,283
2078,99,33,117,17,266
2080,118,17,132,16,283
2081,102,17,132,16,267
2082,102,33,115,17,267
2083,118,33,116,17,284
2084,101,33,116,17,267
2085,101,17,116,17,251
2086,101,33,116,17,267
2087,116,33,117,15,281
2088,132,33,116,16,297
2090,115,17,116,16,264
2092,116,17,115,18,266
2093,100,17,115,18,250
2094,116,17,133,16,282
2095,116,32,117,17,282
2096,100,32,117,17,266
2097,116,33,101,18,268
2098,116,16,101,18,251
2100,115,18,133,16,282
2102,100,33,100,16,249
2103,116,33,134,17,300
2104,117,17,134,17,285
2105,117,33,118,17,285
2106,101,33,118,17,269
2107,102,15,118,17,252
2108,133,33,118,16,300
2111,117,34,117,16,284
2112,134,34,133,16,317
2113,116,34,133,16,299
2114,118,17,133,16,284
2115,118,32,117,16,283
2116,101,32,117,16,266
2117,117,34,132,17,300
2119,116,33,116,17,282
2121,116,34,116,16,282
2122,99,34,116,16,265
2123,117,32,135,16,300
2124,101,32,135,16,284
2125,115,33,118,17,283
2127,115,34,117,16,282
2128,116,17,117,16,266
2130,116,16,133,17,282
2131,116,35,115,17,283
2132,135,33,133,16,317
2133,116,33,133,16,298
2134,102,33,133,16,284
2135,101,17,133,16,267
2137,116,33,101,17,267
2138,133,34,117,17,301
2139,116,34,117,17,284
2140,115,17,117,17,266
2141,116,34,100,16,266
2144,117,17,132,18,284
2145,117,34,116,17,284
2146,101,34,116,17,268
2148,101,33,134,16,284
2149,116,33,117,16,282
2151,117,32,101,18,268
2152,132,35,117,16,300
2154,116,17,117,16,266
2155,117,34,117,16,284
2156,134,32,101,17,284
2157,118,32,101,17,268
2160,101,34,116,17,268
2161,101,16,116,17,250
2162,100,33,117,15,265
2163,116,34,115,18,283
2164,117,16,115,18,266
2165,117,34,132,17,300
2166,101,34,132,17,284
2167,117,32,117,17,283
2169,116,32,102,17,267
2170,117,15,102,17,251
2171,114,35,117,17,283
2172,115,18,117,17,267
2173,116,33,117,16,282
2176,100,34,135,14,283
2177,117,34,115,16,282
2178,102,34,115,16,267
2179,102,17,115,16,250
2180,101,33,133,17,284
2181,117,32,118,16,283
2182,117,16,118,16,267
2183,116,36,132,17,301
2184,135,30,119,14,298
2185,118,30,119,14,281
2186,115,16,119,14,264
2187,115,35,132,19,301
2188,133,33,118,14,298
2190,101,33,118,14,266
2191,101,16,118,14,249
2192,132,31,102,15,280
2193,118,31,102,15,266
2194,119,14,102,15,250
2195,116,34,134,16,300
2197,115,33,117,17,282
2198,118,14,117,17,266
2199,115,35,132,17,299
2200,116,17,132,17,282
2202,102,32,100,17,251
2203,115,34,100,17,266
2204,134,33,118,16,301
2205,115,33,118,16,282
2206,117,17,118,16,268
2207,116,33,135,17,301
2208,116,16,135,17,284
2209,117,34,118,15,284
2211,116,34,115,19,284
2212,100,34,115,19,268
2213,101,17,115,19,252
2215,117,34,132,17,300
2216,135,32,117,17,301
2217,118,32,117,17,284
2220,115,19,115,16,265
2221,117,32,134,16,299
2222,101,32,134,16,283
2224,132,34,116,16,298
2225,115,34,116,16,281
2226,117,17,116,16,266
2227,118,32,119,16,285
2228,115,16,119,16,266
2230,134,32,117,18,301
2231,117,32,117,18,284
2232,101,32,117,18,268
2233,116,33,102,16,267
2234,116,16,102,16,250
2235,116,35,132,17,300
2237,102,16,132,17,267
2238,133,34,116,17,300
2239,117,34,116,17,284
2240,101,34,116,17,268
2242,102,33,133,16,284
2243,116,32,117,17,282
2248,116,17,116,17,266
2249,117,33,133,16,299
2250,133,33,116,17,299
2251,117,33,116,17,283
2252,101,33,116,17,267
2253,117,33,117,18,285
2254,100,33,117,18,268
2256,116,17,101,16,250
2257,116,33,101,16,266
2259,117,33,116,18,284
2260,116,17,116,18,267
2261,116,35,115,16,282
2262,117,18,115,16,266
2268,116,18,116,18,268
2269,117,32,135,15,299
2271,115,34,116,17,282
2272,132,33,117,16,298
2273,116,33,117,16,282
2274,116,17,117,16,266
2275,117,35,115,16,283
2276,116,18,115,16,265
2277,118,33,116,16,283
2278,102,33,116,16,267
2279,118,32,133,18,301
2280,101,32,133,18,284
2281,117,33,118,17,285
2284,115,16,102,15,248
2287,117,33,117,17,284
2288,100,33,117,17,267
2289,116,35,115,17,283
2290,118,17,115,17,267
2291,101,17,115,17,250
2292,102,32,118,17,269
2293,116,34,133,17,300
2294,134,33,117,17,301
2295,117,33,117,17,284
2296,101,33,117,17,268
2297,116,33,117,16,282
2298,115,17,117,16,265
2299,117,35,132,17,301
2300,118,17,132,17,284
2301,117,32,117,16,282
2302,133,34,115,18,300
2303,117,34,115,18,284
2308,132,33,117,16,298
2310,117,16,117,16,266
2311,116,34,133,18,301
2312,115,18,133,18,284
2313,117,33,118,17,285
2314,118,16,118,17,269
2315,117,34,101,15,267
2316,100,34,101,15,250
2317,117,32,117,17,283
2318,117,16,117,17,267
2319,117,34,133,17,301
2322,118,17,115,16,266
2323,101,17,115,16,249
2326,117,17,101,16,251
2327,116,33,117,18,284
2328,133,33,102,15,283
2329,115,33,102,15,265
2330,115,16,102,15,248
2331,116,35,116,16,283
2332,117,17,116,16,266
2333,118,33,132,19,302
2334,101,33,132,19,285
2335,117,34,117,16,284
2336,101,34,117,16,268
2339,117,32,102,16,267
2340,116,16,102,16,250
2341,116,33,101,17,267
2342,132,35,133,16,316
2343,116,35,133,16,300
2344,117,16,133,16,282
2346,100,34,115,16,265
2347,118,32,134,16,300
2348,102,32,134,16,284
2349,117,33,117,17,284
2352,133,32,117,16,298
2353,117,32,117,16,282
2354,115,16,117,16,264
2355,115,35,133,16,299
2356,134,33,116,17,300
2357,117,33,116,17,283
2358,101,33,116,17,267
2360,100,34,116,16,266
2363,114,35,133,16,298
2364,133,33,116,17,299
2365,117,33,116,17,283
2366,116,17,116,17,266
2367,116,33,117,16,282
2372,133,33,100,18,284
2373,117,33,100,18,268
2374,116,17,100,18,251
2375,116,33,100,18,267
2376,117,16,100,18,251
2377,100,16,100,18,234
2378,100,33,102,15,250
2379,117,34,120,12,283
2380,116,17,120,12,265
2381,117,33,134,17,301
2382,100,33,134,17,284
2384,100,35,116,16,267
2385,117,32,117,17,283
2387,117,32,102,16,267
2388,120,12,102,16,250
2390,134,33,101,16,284
2391,116,33,101,16,266
2392,116,16,101,16,249
2394,117,17,116,16,266
2395,114,32,118,17,281
2396,102,32,118,17,269
2397,117,35,133,17,302
2398,118,16,133,17,284
2399,117,31,119,15,282
2400,101,31,119,15,266
2401,100,15,119,15,249
2404,100,35,133,17,285
2405,116,33,117,17,283
2407,117,32,102,15,266
2408,102,32,102,15,251
2411,117,33,117,16,283
2412,133,34,132,20,319
2413,117,34,132,20,303
2414,117,17,132,20,286
2415,117,31,101,20,269
2417,116,34,118,16,284
2418,115,17,118,16,266
2419,116,34,117,17,284
2420,117,16,117,17,267
2421,116,33,101,15,265
2422,117,15,101,15,248
2423,117,32,134,18,301
2424,101,32,134,18,285
2425,104,12,134,18,268
2427,116,34,115,18,283
2428,117,17,115,18,267
2429,116,32,118,17,283
2430,101,32,118,17,268
2431,113,33,102,16,264
2432,101,33,102,16,252
2433,115,35,117,16,283
2434,117,17,117,16,267
2435,117,33,115,18,283
2436,115,18,115,18,266
2437,118,34,133,15,300
2438,101,34,133,15,283
2439,118,33,115,17,283
2440,102,33,115,17,267
2441,117,33,99,17,266
2443,118,33,100,17,268
2444,115,18,100,17,250
2445,116,34,134,16,300
2446,133,32,118,15,298
2447,117,32,118,15,282
2448,115,17,118,15,265
2449,115,34,117,17,283
2450,99,34,117,17,267
2451,101,17,117,17,252
2453,101,16,101,16,234
2454,134,31,119,16,300
2456,102,31,119,16,268
2457,116,35,117,15,283
2458,117,17,117,15,266
2459,117,46,120,18,301
2462,112,19,119,16,266
2463,115,35,117,15,282
2464,119,16,117,15,267
2465,101,16,117,15,249
2466,117,15,133,18,283
2468,101,34,117,16,268
2469,102,18,117,16,253
2471,116,32,117,17,282
2475,117,34,118,16,285
2476,117,16,118,16,267
2479,115,34,134,17,300
2481,116,33,118,17,284
2482,101,33,118,17,269
2483,116,34,134,17,301
2484,118,16,134,17,285
2485,117,33,118,16,284
2486,101,33,118,16,268
2487,117,34,100,15,266
2488,134,34,131,18,317
2489,117,34,131,18,300
2490,101,34,131,18,284
2492,134,33,134,16,317
2493,118,33,134,16,301
2494,118,16,134,16,284
2495,101,16,134,16,267
2496,100,32,118,16,266
2497,115,33,119,15,282
2498,131,34,117,18,300
2499,116,34,117,18,285
2500,116,16,117,18,267
2501,115,35,117,15,282
2502,134,32,118,16,300
2503,119,32,118,16,285
2504,102,32,118,16,268
2506,101,33,117,17,268
2508,100,35,116,17,268
2509,117,32,117,17,283
2510,117,15,117,17,266
2511,116,34,117,16,283
2512,100,34,117,16,267
2513,116,33,117,16,282
2516,116,17,117,16,266
2518,101,33,133,17,284
2520,100,33,117,15,265
2521,101,16,117,15,249
2522,117,16,134,18,285
2523,116,34,118,15,283
2524,117,16,118,15,266
2525,117,33,100,18,268
2526,100,33,100,18,251
2527,116,32,118,15,281
2529,100,15,118,15,248
2530,134,33,117,17,301
2533,101,15,117,17,250
2534,100,32,102,16,250
2535,115,33,136,15,299
2536,100,33,136,15,284
2537,114,35,116,19,284
2538,133,34,116,16,299
2539,115,34,116,16,281
2541,116,31,101,17,265
2542,102,31,101,17,251
2543,100,15,101,17,233
2544,136,34,115,17,302
2545,118,34,115,17,284
2548,101,31,118,16,266
2550,101,34,132,19,286
2552,132,34,117,17,300
2553,117,34,117,17,285
2554,115,17,117,17,266
2556,118,16,116,18,268
2557,101,16,116,18,251
2559,116,35,101,15,267
2561,117,34,117,15,283
2562,100,34,117,15,266
2563,117,33,132,18,300
2564,101,33,132,18,284
2566,102,34,116,16,268
2567,117,31,101,17,266
2568,101,31,101,17,250
2569,115,34,116,18,283
2570,117,15,116,18,266
2573,115,34,132,19,300
2574,116,16,132,19,283
2575,101,16,132,19,268
2577,115,34,134,17,300
2578,100,34,134,17,285
2580,101,33,118,14,266
2581,100,16,118,14,248
2582,132,35,117,16,300
2583,115,35,117,16,283
2584,118,16,117,16,267
2586,134,31,119,16,300
2587,117,31,119,16,283
2588,101,31,119,16,267
2589,101,14,119,16,250
2590,117,19,117,15,268
2591,117,32,100,18,267
2592,117,16,100,18,251
2593,116,37,131,17,301
2594,136,30,118,17,301
2595,119,30,118,17,284
2596,105,30,118,17,270
2597,102,16,118,17,253
2598,117,15,135,16,283
2599,116,34,117,16,283
2600,100,34,117,16,267
2601,102,16,117,16,251
2602,131,34,115,17,297
2603,117,34,115,17,283
2604,118,17,115,17,267
2606,102,33,116,16,267
2608,117,16,133,16,282
2609,102,16,133,16,267
2611,115,34,134,16,299
2612,115,17,134,16,282
2613,118,33,117,17,285
2614,116,16,117,17,266
2615,116,33,101,18,268
2617,117,32,118,16,283
2618,100,32,118,16,266
2619,115,36,116,16,283
2622,101,33,131,20,285
2623,117,32,119,16,284
2624,101,32,119,16,268
2625,103,14,119,16,252
2626,101,33,102,15,251
2627,114,34,118,16,282
2628,116,16,118,16,266
2629,116,32,102,17,267
2632,119,16,132,16,283
2633,118,33,115,16,282
2635,117,33,133,15,298
2637,118,34,114,19,285
2638,102,34,114,19,269
2639,116,32,101,15,264
2640,132,32,119,17,300
2641,117,32,119,17,285
2642,115,16,119,17,267
2644,133,34,116,16,299
2645,116,34,116,16,282
2647,118,32,117,19,286
2648,101,32,117,19,269
2649,117,35,101,15,268
2650,119,17,101,15,252
2651,118,32,133,16,299
2652,101,32,133,16,282
2654,116,16,116,19,267
2655,101,16,116,19,252
2656,100,36,130,17,283
2657,118,31,116,16,281
2658,101,31,116,16,264
2659,116,33,134,17,300
2661,116,35,116,17,284
2663,118,31,102,16,267
2664,130,33,119,16,298
2665,115,33,119,16,283
2666,116,16,119,16,267
2669,118,34,115,16,283
2671,119,31,117,19,286
2672,102,31,117,19,269
2673,101,15,117,19,252
2675,116,33,133,16,298
2678,115,16,117,17,265
2679,115,36,131,18,300
2680,117,19,131,18,285
2681,117,32,117,18,284
2683,116,33,102,16,267
2684,100,33,102,16,251
2685,117,33,119,14,283
2687,117,33,100,17,267
2688,131,36,132,16,315
2689,115,36,132,16,299
2690,117,18,132,16,283
2691,103,18,132,16,269
2692,102,32,116,16,266
2694,101,32,135,15,283
2695,103,14,135,15,267
2696,100,35,115,17,267
2697,117,33,117,16,283
2698,132,32,101,17,282
2700,116,16,101,17,250
2701,114,35,117,16,282
2702,135,32,101,18,286
2703,118,32,101,18,269
2704,115,17,101,18,251
2705,115,34,117,18,284
2706,117,16,117,18,268
2707,117,34,101,14,266
2710,117,16,115,20,268
2711,118,32,103,14,267
2712,101,32,103,14,250
2713,115,36,114,17,282
2714,117,18,114,17,266
2716,101,33,131,18,283
2717,117,34,115,17,283
2718,115,20,115,17,267
2719,117,32,116,16,281
2722,114,17,117,18,266
2723,100,17,117,18,252
2724,131,35,133,15,314
2726,115,17,133,15,280
2727,101,17,133,15,266
2729,117,35,132,16,300
2730,100,35,132,16,283
2731,118,32,116,18,284
2732,102,32,116,18,268
2734,133,32,101,17,283
2735,117,32,101,17,267
2736,101,32,101,17,251
2737,116,34,101,16,267
2738,132,34,132,18,316
2739,116,34,132,18,300
2741,118,33,117,16,284
2742,117,16,117,16,266
2743,118,34,132,18,302
2745,117,32,118,17,284
2746,101,32,118,17,268
2747,101,16,118,17,252
2749,115,34,117,16,282
2750,117,16,117,16,266
2751,116,33,117,16,282
2752,132,35,132,16,315
2754,118,17,132,16,283
2755,101,17,132,16,266
2756,102,33,115,17,267
2757,100,17,115,17,249
2758,101,32,116,17,266
2759,116,33,100,17,266
2760,100,33,100,17,250
2761,115,34,117,17,283
2763,116,33,101,17,267
2767,116,35,117,16,284
2768,100,35,117,16,268
2770,101,33,116,16,266
2771,101,17,116,16,250
2772,101,33,116,17,267
2774,101,34,117,15,267
2775,118,33,116,17,284
2776,117,16,116,17,266
2780,116,17,134,16,283
2782,99,33,117,16,265
2783,100,15,117,16,248
2784,116,17,118,16,267
2785,100,17,118,16,251
2786,101,34,132,17,284
2787,118,33,116,16,283
2788,101,33,116,16,266
2789,116,32,117,18,283
2790,117,16,117,18,268
2791,116,35,132,17,300
2792,118,16,132,17,283
2793,102,16,132,17,267
2794,100,32,117,16,265
2798,117,18,115,17,267
2799,116,32,133,16,297
2800,132,33,116,17,298
2802,100,33,116,17,266
2803,116,34,116,17,283
2804,117,17,116,17,267
2805,117,33,132,19,301
2806,115,17,132,19,283
2807,116,33,118,16,283
2808,117,16,118,16,267
2810,116,17,118,17,268
2811,116,34,101,16,267
2812,116,17,101,16,250
2813,117,32,119,16,284
2814,132,35,116,17,300
2815,115,35,116,17,283
2816,118,16,116,17,267
2817,118,34,116,17,285
2819,101,17,116,17,251
2821,114,33,117,16,280
2822,102,33,117,16,268
2823,116,33,116,19,284
2827,117,33,133,18,301
2828,117,16,133,18,284
2829,116,33,118,16,283
2830,100,33,118,16,267
2831,117,35,116,16,284
2832,100,35,116,16,267
2833,118,31,134,18,301
2834,101,31,134,18,284
2835,115,34,118,17,284
2836,133,34,117,20,304
2837,116,34,117,20,287
2838,100,34,117,20,271
2839,102,16,117,20,255
2841,116,33,134,16,299
2842,134,35,115,18,302
2844,118,17,115,18,268
2845,117,36,113,18,284
2849,102,14,103,14,233
2850,134,34,115,17,300
2851,116,34,115,17,282
2852,115,18,115,17,265
2855,117,31,117,16,281
2856,103,31,117,16,267
2857,116,34,134,16,300
2858,133,33,101,16,283
2859,117,33,101,16,267
2860,115,17,101,16,249
2861,116,34,116,18,284
2863,118,32,102,17,269
2865,115,35,116,16,282
2866,134,32,117,18,301
2867,118,32,117,18,285
2869,117,35,133,16,301
2870,116,18,133,16,283
2871,118,32,117,18,285
2872,102,32,117,18,269
2873,116,33,102,16,267
2874,116,16,102,16,250
2875,116,35,132,17,300
2876,117,18,132,17,284
2879,116,34,116,16,282
2880,101,34,116,16,267
2881,118,32,117,17,284
2882,102,32,117,17,268
2883,101,16,117,17,251
2885,115,34,132,19,300
2886,116,17,132,19,284
2887,117,33,118,15,283
2888,116,16,118,15,265
2889,116,34,115,19,284
2890,117,17,115,19,268
2891,117,33,101,16,267
2892,101,33,101,16,251
2893,117,32,102,16,267
2895,115,34,101,16,266
2896,118,15,101,16,250
2897,101,15,101,16,233
2899,117,33,117,16,283
2901,101,17,117,16,251
2903,116,33,133,17,299
2904,101,33,133,17,284
2905,118,34,116,17,285
2906,133,33,117,16,299
2907,117,33,117,16,283
2908,117,16,117,16,266
2909,101,16,117,16,250
2910,117,16,116,16,265
2911,101,16,116,16,249
2912,133,34,116,17,300
2913,117,34,116,17,284
2914,116,17,116,17,266
2916,117,16,115,17,265
2917,116,32,135,16,299
2918,116,16,135,16,283
2922,100,33,117,17,267
2924,100,32,102,15,249
2926,100,35,134,16,285
2927,116,33,117,17,283
2928,116,17,117,17,267
2930,117,17,115,18,267
2932,102,32,101,16,251
2934,134,33,115,17,299
2936,101,33,115,17,266
2937,117,33,133,17,300
2939,118,33,117,17,285
2942,132,33,117,16,298
2943,116,33,117,16,282
2945,100,17,117,16,250
2946,133,34,115,18,300
2947,117,34,115,18,284
2949,117,32,101,15,265
2951,117,33,135,16,301
2952,100,33,135,16,284
2954,99,34,117,17,267
2955,116,34,133,16,299
2957,101,18,133,16,268
2959,117,34,133,16,300
2960,101,34,133,16,284
2962,101,33,116,17,267
2963,118,33,100,16,267
2964,133,33,133,18,317
2967,117,34,117,16,284
2968,116,17,117,16,266
2972,100,33,116,17,266
2973,100,17,116,17,250
2975,116,34,117,17,284
2976,117,16,117,17,267
2977,117,33,101,19,270
2978,100,33,101,19,253
2979,117,33,117,16,283
2980,100,33,117,16,266
2981,116,33,134,16,299
2984,117,17,115,18,267
2987,104,14,100,17,235
2988,117,16,117,18,268
2989,115,34,118,16,283
2990,100,34,118,16,268
2993,114,33,117,17,281
2995,101,16,117,17,251
2996,101,34,132,17,284
2999,118,34,132,16,300
3000,117,17,132,16,282
3002,101,33,115,17,266
3003,118,32,134,16,300
3004,100,32,134,16,282
3005,115,34,116,17,282
3006,116,17,116,17,266
3008,132,33,117,18,300
3010,115,17,117,18,267
3011,116,34,117,16,283
3012,100,34,117,16,267
3014,116,17,131,20,284
3015,99,17,131,20,267
3016,133,35,116,16,300
3017,117,35,116,16,284
3018,100,35,116,16,267
3019,119,32,117,16,284
3021,117,51,117,16,301
3022,117,34,117,16,284
3023,114,20,117,16,267
3024,118,17,116,16,267
3027,100,16,117,17,250
3031,117,32,117,17,283
3032,116,16,117,17,266
3033,116,34,100,17,267
3034,117,17,100,17,251
3037,116,34,117,16,283
3039,116,34,117,16,283
3040,117,17,117,16,267
3042,100,33,133,18,284
3043,116,33,118,14,281
3044,101,33,118,14,266
3047,116,34,133,17,300
3051,116,32,102,18,268
3053,115,35,117,15,282
3054,116,18,117,15,266
3055,116,33,117,17,283
3056,100,33,117,17,267
3057,116,34,115,17,282
3060,102,32,119,15,268
3062,117,15,101,16,249
3063,115,35,133,17,300
3064,117,17,133,17,284
3065,117,32,118,17,284
3066,115,17,118,17,267
3067,114,34,117,16,281
3070,101,34,132,17,284
3071,117,33,116,17,283
3073,118,34,117,14,283
3074,118,17,117,14,266
3075,116,32,118,17,283
3077,117,33,102,15,267
3078,115,17,102,15,249
3080,116,17,101,16,250
3082,117,14,103,15,249
3083,115,36,115,17,283
3084,118,17,115,17,267
3085,102,17,115,17,251
3086,102,33,133,17,285
3089,117,32,134,17,300
3090,103,32,134,17,286
3091,116,33,118,15,282
3092,99,33,118,15,265
3093,117,34,115,19,285
3096,116,14,103,17,250
3097,101,14,103,17,235
3098,134,32,117,18,301
3099,118,32,117,18,285
3100,118,15,117,18,268
3103,117,32,117,17,283
3106,131,36,133,16,316
3108,117,18,133,16,284
3109,119,32,117,17,285
3110,115,17,117,17,266
3113,117,32,133,18,300
3116,115,18,116,17,266
3120,100,32,118,16,266
3121,115,33,101,18,267
3123,116,35,133,16,300
3124,116,17,133,16,282
3125,100,17,133,16,266
3126,115,18,116,17,266
3127,117,33,117,16,283
3129,101,16,117,16,250
3130,101,34,115,17,267
3131,117,33,134,17,301
3132,117,16,134,17,284
3134,100,33,118,17,268
3135,116,33,102,15,266
3136,117,16,102,15,250
3137,115,33,117,18,283
3138,115,17,117,18,267
3140,134,34,116,16,300
3141,118,34,116,16,284
3142,118,17,116,16,267
3143,101,17,116,16,250
3144,102,33,133,15,283
3145,101,18,133,15,267
3146,102,33,115,19,269
3147,100,18,115,19,252
3148,132,34,118,16,300
3149,115,34,118,16,283
3150,116,16,118,16,266
3151,117,34,100,15,266
3155,118,33,115,18,284
3156,102,33,115,18,268
3159,117,32,117,17,283
3160,100,32,117,17,266
3162,115,16,118,17,266
3164,115,18,116,33,282
3165,116,32,117,17,282
3166,132,34,100,16,282
3167,117,34,100,16,267
3168,117,17,100,16,250
3169,117,34,133,16,300
3170,101,34,133,16,284
3171,118,49,100,17,284
3172,116,33,100,17,266
3175,117,32,118,17,284
3177,115,35,133,16,299
3178,133,33,116,16,298
3179,117,33,116,16,282
3180,102,33,116,16,267
3181,100,17,116,16,249
3186,133,32,118,16,299
3187,117,32,118,16,283
3191,117,34,115,17,283
3193,118,33,115,35,301
3195,101,17,115,35,268
3197,117,34,116,18,285
3200,115,17,117,16,265
3202,115,35,133,16,299
3204,118,15,118,16,267
3205,102,15,118,16,251
3206,116,18,115,17,266
3207,118,32,134,17,301
3208,101,32,134,17,284
3211,117,32,101,16,266
3212,118,16,101,16,251
3213,117,33,133,18,301
3215,116,34,117,17,284
3217,118,34,133,17,302
3219,100,17,133,17,267
3220,101,32,118,16,267
3221,117,33,101,18,269
3222,100,33,101,18,252
3223,115,35,117,15,282
3224,117,17,117,15,266
3225,117,33,133,17,300
3226,133,33,117,16,299
3227,117,33,117,16,283
3228,101,33,117,16,267
3229,101,16,117,16,250
3230,101,34,115,18,268
3232,117,15,134,16,282
3234,133,33,117,17,300
3235,116,33,117,17,283
3236,117,16,117,17,267
3237,115,34,117,16,282
3238,115,18,117,16,266
3239,116,33,133,16,298
3240,101,33,133,16,283
3241,114,34,115,18,281
3244,101,33,100,17,251
3247,118,33,116,18,285
3248,100,33,116,18,267
3252,100,33,135,14,282
3253,116,32,117,16,281
3254,117,15,117,16,265
3256,116,18,115,35,284
3257,118,33,117,17,285
3258,116,17,117,17,267
3259,116,35,115,16,282
3260,135,30,101,17,283
3261,118,30,101,17,266
3263,116,52,132,18,318
3265,134,17,133,15,299
3267,101,17,133,15,266
3268,115,16,101,15,247
3269,117,33,101,16,267
3270,101,33,101,16,251
3272,120,16,101,15,252
3273,116,34,132,18,300
3277,117,34,116,17,284
3278,101,34,116,17,268
3279,117,32,101,17,267
3280,101,32,101,17,251
3281,117,33,118,16,284
3282,132,34,117,18,301
3283,117,34,117,18,286
3285,117,34,116,16,283
3286,116,17,116,16,265
3287,101,17,116,16,250
3288,101,33,132,17,283
3289,118,33,116,17,284
3296,132,34,117,18,301
3297,115,34,117,18,284
3298,116,17,117,18,268
3299,116,33,102,17,268
3300,115,16,102,17,250
3301,116,35,133,15,299
3302,117,18,133,15,283
3303,102,18,133,15,268
3304,102,32,116,20,270
3305,101,16,116,20,253
3306,100,35,101,14,250
3307,118,33,133,17,301
3308,102,33,133,17,285
3309,102,16,133,17,268
3310,120,13,117,16,266
3312,101,35,114,17,267
3313,119,31,135,14,299
3314,101,31,135,14,281
3315,115,34,115,17,281
3316,133,33,133,16,315
3317,113,33,133,16,295
3318,100,33,133,16,282
3319,102,16,133,16,267
3321,117,35,103,13,268
3322,135,31,118,16,300
3323,119,31,118,16,284
3324,115,17,118,16,266
3325,115,34,118,16,283
3326,116,17,118,16,267
3327,117,38,113,16,284
3328,116,22,113,16,267
3329,122,29,133,16,300
3330,103,29,133,16,281
3331,102,16,133,16,267
3332,101,33,116,18,268
3334,100,34,117,16,267
3337,116,33,118,16,283
3339,116,34,115,17,282
3341,116,33,133,16,298
3343,116,32,117,18,283
3344,132,35,117,16,300
3345,115,35,117,16,283
3346,118,16,117,16,267
3347,118,32,101,17,268
3351,117,34,116,20,287
3354,100,33,103,14,250
3356,101,33,134,16,284
3357,115,33,117,16,281
3358,133,37,115,16,301
3359,117,37,115,16,285
3360,116,20,115,16,267
3361,119,30,101,17,267
3362,103,30,101,17,251
3364,134,32,118,16,300
3366,101,32,118,16,267
3367,116,35,116,17,284
3369,117,31,102,15,265
3370,101,31,102,15,249
3372,134,32,134,16,316
3373,118,32,134,16,300
3375,115,34,116,17,282
3376,116,17,116,17,266
3378,102,33,100,17,252
3379,118,33,116,17,284
3380,116,16,116,17,265
3382,134,33,117,18,302
3384,116,17,117,18,268
3389,117,33,117,17,284
3390,116,16,117,17,266
3391,116,36,132,17,301
3392,117,18,132,17,284
3393,118,30,119,17,284
3395,116,34,102,17,269
3396,133,34,101,17,285
3397,116,34,101,17,268
3398,100,34,101,17,252
3399,116,34,133,16,299
3401,118,34,115,17,284
3403,118,33,117,17,285
3404,102,33,117,17,269
3406,101,31,103,15,250
3407,114,35,116,16,281
3410,115,17,116,18,266
3411,115,35,132,17,299
3412,117,17,132,17,283
3414,103,32,117,17,269
3415,117,32,102,15,266
3416,116,16,102,15,249
3418,116,18,133,16,283
3420,132,34,115,33,314
3421,117,34,115,33,299
3423,118,33,115,18,284
3424,102,33,115,18,268
3425,118,33,100,17,268
3426,133,34,133,17,317
3427,116,34,133,17,300
3428,116,18,133,17,284
3432,115,18,101,15,249
3433,117,34,133,16,300
3434,100,34,133,16,283
3435,118,33,116,16,283
3437,118,34,116,17,285
3439,102,17,116,17,252
3440,101,31,102,16,250
3441,115,35,133,16,299
3442,133,32,117,19,301
3445,115,35,101,17,268
3447,118,39,126,17,300
3448,102,39,126,17,284
3450,106,27,116,18,267
3451,117,35,116,16,284
3453,118,31,101,16,266
3454,101,31,101,16,249
3456,126,35,115,16,292
3457,116,35,115,16,282
3458,116,18,115,16,265
3459,118,33,119,13,283
3461,115,33,132,18,298
3462,101,33,132,18,284
3463,100,17,132,18,267
3464,101,33,117,17,268
3465,117,32,102,16,267
3466,115,16,102,16,249
3467,114,34,136,15,299
3468,119,13,136,15,283
3469,103,13,136,15,267
3470,132,35,117,17,301
3471,116,35,117,17,285
3472,117,17,117,17,268
3473,118,32,102,15,267
3474,102,32,102,15,251
3475,130,19,131,17,297
3476,136,31,117,17,301
3478,103,31,117,17,268
3480,117,17,115,17,266
3481,118,31,117,16,282
3482,102,31,117,16,266
3483,116,34,133,18,301
3486,117,17,117,17,268
3487,116,33,135,16,300
3488,115,17,135,16,283
3492,133,35,117,16,301
3493,116,35,117,16,284
3494,117,17,117,16,267
3495,118,34,131,16,299
3496,101,34,131,16,282
3497,119,31,116,17,283
3499,116,34,120,13,283
3500,118,16,120,13,267
3501,116,34,115,17,282
3502,117,16,115,17,265
3504,114,17,118,15,264
3505,115,33,134,18,300
3507,115,34,118,15,282
3508,99,34,118,15,266
3509,115,33,135,15,298
3510,115,17,135,15,282
3511,117,33,102,15,267
3512,118,15,102,15,250
3513,117,34,101,15,267
3517,102,15,102,16,235
3518,135,33,116,17,301
3522,101,34,115,17,267
3523,117,33,132,18,300
3525,118,31,119,16,284
3526,131,35,117,16,299
3527,116,35,117,16,284
3530,115,17,118,15,265
3531,116,33,134,16,299
3533,115,34,116,16,281
3537,101,16,117,17,251
3538,100,33,101,16,250
3539,115,34,133,17,299
3540,134,32,101,17,284
3541,116,32,101,17,266
3542,116,16,101,17,250
3543,115,35,115,17,282
3546,101,32,118,17,268
3547,115,34,118,21,288
3548,133,32,107,15,287
3549,117,32,107,15,271
3551,115,34,122,17,288
3553,116,35,104,16,271
3554,100,35,104,16,255
3555,117,38,132,18,305
3556,101,38,132,18,289
3559,105,17,118,16,256
3561,104,17,116,17,254
3562,104,33,100,16,253
3563,103,17,100,16,236
3564,132,34,115,17,298
3565,117,34,115,17,283
3566,118,16,115,17,266
3569,117,31,103,16,267
3571,114,34,118,16,282
3572,116,16,118,16,266
3573,114,34,100,17,265
3574,115,17,100,17,249
3575,116,35,133,16,300
3576,117,17,133,16,283
3577,101,17,133,16,267
3578,103,31,118,17,269
3582,100,33,102,15,250
3583,115,35,116,17,283
3584,133,33,116,17,299
3587,117,34,117,15,283
3588,118,17,117,15,267
3590,102,32,117,18,269
3591,113,34,101,14,262
3592,116,17,101,14,248
3593,117,33,117,17,284
3595,116,33,101,17,267
3596,117,15,101,17,250
3597,117,35,115,17,284
3598,100,35,115,17,267
3599,118,31,117,17,283
3602,117,17,132,18,284
3603,116,33,117,16,282
3604,101,33,117,16,267
3605,101,16,117,16,250
3606,115,17,100,17,249
3608,117,17,117,16,267
3609,116,33,134,16,299
3610,132,34,116,17,299
3611,115,34,116,17,282
3612,117,16,116,17,266
3614,100,32,117,17,266
3615,101,15,117,17,250
3616,117,16,134,16,283
3617,116,34,116,18,284
3618,134,33,133,18,318
3622,101,33,118,17,269
3623,116,34,101,15,266
3624,134,34,134,16,318
3626,100,34,134,16,284
3627,118,32,118,15,283
3629,117,35,115,17,284
3630,100,35,115,17,267
3631,118,32,117,16,283
3633,117,35,131,17,300
3635,117,31,117,18,283
3636,102,31,117,18,268
3637,115,34,101,17,267
3638,115,17,101,17,250
3639,117,33,134,16,300
3641,117,33,117,18,285
3642,131,35,116,17,299
3643,115,35,116,17,283
3644,100,35,116,17,268
3645,118,33,117,16,284
3646,101,33,117,16,267
3647,101,16,117,16,250
3648,134,34,116,17,301
3650,101,34,116,17,268
3651,118,33,116,16,283
3652,116,17,116,16,265
3653,116,33,116,17,282
3654,117,16,116,17,266
3658,116,17,101,16,250
3661,115,34,116,18,283
3664,101,35,115,17,268
3669,102,14,102,17,235
3672,115,17,101,16,249
3673,116,34,116,17,283
3674,116,17,116,17,266
3675,116,32,133,17,298
3676,102,32,133,17,284
3678,116,18,115,17,266
3682,99,34,116,17,266
3684,101,32,115,19,267
3685,116,34,117,17,284
3686,115,17,117,17,266
3688,134,33,117,17,301
3689,117,33,117,17,284
3691,117,33,118,15,283
3692,115,19,118,15,267
3693,117,34,116,16,283
3694,100,34,116,16,266
3697,117,34,117,15,283
3698,117,17,117,15,266
3699,103,17,117,15,252
3700,101,32,135,18,286
3702,116,16,120,14,266
3703,115,35,132,16,298
3705,117,32,116,19,284
3708,135,32,117,17,301
3709,118,32,117,17,284
3710,102,32,117,17,268
3711,103,14,117,17,251
3712,132,35,116,16,299
3713,115,35,116,16,282
3714,116,19,116,16,267
3715,118,32,119,16,285
3716,100,32,119,16,267
3717,114,34,134,15,297
3718,117,17,134,15,283
3719,117,34,115,18,284
3720,101,34,115,18,268
3722,116,16,101,16,249
3723,116,35,115,16,282
3724,100,35,115,16,266
3725,118,33,115,18,284
3726,134,33,133,17,317
3727,117,33,133,17,300
3728,100,33,133,17,283
3729,117,33,117,16,283
3731,115,32,101,17,265
3735,118,33,116,16,283
3736,133,33,134,17,317
3737,117,33,134,17,301
3739,117,34,117,16,284
3740,101,34,117,16,268
3741,118,34,132,17,301
3742,117,17,132,17,283
3744,101,31,118,17,267
3745,115,35,117,17,284
3746,134,33,101,17,285
3750,132,34,115,17,298
3751,117,34,115,17,283
3752,118,17,115,17,267
3753,101,17,115,17,250
3754,117,17,115,18,267
3755,117,31,102,15,265
3756,101,31,102,15,249
3757,101,14,102,15,232
3758,133,33,117,18,301
3760,115,17,117,18,267
3761,115,35,115,17,282
3762,115,18,115,17,265
3763,116,30,102,17,265
3766,133,35,115,18,301
3768,117,18,115,18,268
3769,100,18,115,18,251
3770,115,17,134,16,282
3771,100,17,134,16,267
3772,102,34,116,17,269
3774,101,32,101,18,252
3775,101,15,101,18,235
3777,118,33,132,18,301
3780,116,17,117,17,267
3781,116,33,101,17,267
3782,101,33,101,17,252
3783,102,15,101,17,235
3784,116,15,118,17,266
3785,114,34,101,17,266
3786,132,35,133,17,317
3788,117,17,133,17,284
3789,116,33,117,16,282
3791,117,33,137,13,300
3792,102,33,137,13,285
3793,116,33,117,17,283
3794,101,33,117,17,268
3795,116,34,100,17,267
3796,133,33,117,17,300
3797,116,33,117,17,283
3798,117,16,117,17,267
3800,115,22,129,18,284
3801,120,30,117,17,284
3802,104,30,117,17,268
3803,101,17,117,17,252
3804,100,34,115,17,266
3806,101,33,133,16,283
3807,119,32,117,17,285
3808,129,35,115,18,297
3809,116,35,115,18,284
3810,117,17,115,18,267
3811,117,32,101,17,267
3812,115,17,101,17,250
3814,133,33,116,18,300
3816,101,33,116,18,268
3817,116,34,116,17,283
3818,115,18,116,17,266
3819,118,33,133,15,299
3822,115,18,115,19,267
3827,116,33,117,17,283
3829,118,34,116,15,283
3830,115,19,116,15,265
3831,118,33,132,18,301
3832,100,33,132,18,283
3833,101,16,132,18,267
3834,100,34,116,16,266
3835,118,33,134,15,300
3836,101,33,134,15,283
3837,102,17,134,15,268
3838,116,15,118,16,265
3839,114,34,117,17,282
3841,116,34,133,17,300
3842,116,16,133,17,282
3843,100,16,133,17,266
3844,134,31,101,16,282
3845,118,31,101,16,266
3846,103,31,101,16,251
3847,115,34,118,15,282
3850,100,33,100,18,251
3851,115,34,116,17,282
3852,115,17,116,17,265
3853,100,17,116,17,250
3854,101,33,134,17,285
3855,100,17,134,17,268
3857,101,15,118,15,249
3860,116,17,133,16,282
3861,117,34,115,17,283
3864,118,15,118,16,267
3865,115,34,117,17,283
3866,100,34,117,17,268
3867,117,33,101,41,292
3868,133,33,109,6,281
3870,115,17,109,6,247
3871,115,34,127,16,292
3873,117,34,109,17,277
3874,117,17,109,17,260
3876,101,41,135,17,294
3878,109,34,118,17,278
3879,125,34,118,15,292
3880,109,34,118,15,276
3881,110,16,118,15,259
3882,109,33,100,18,260
3883,135,34,116,17,302
3885,118,34,116,17,285
3886,101,34,116,17,268
3888,101,32,118,16,267
3890,100,33,101,16,250
3892,117,16,133,17,283
3893,116,34,116,17,283
3894,116,17,116,17,266
3896,101,33,133,16,283
3897,116,33,116,17,282
3899,99,17,116,17,249
3900,133,34,120,29,316
3901,116,34,120,29,299
3903,116,33,116,17,282
3905,117,33,116,18,284
3907,100,17,116,18,251
3909,116,21,114,15,266
3910,120,46,117,16,299
3911,105,46,117,16,284
3912,116,17,117,16,266
3914,100,34,133,18,285
3915,117,34,117,16,284
3917,114,33,115,19,281
3918,100,33,115,19,267
3919,100,18,115,19,252
3920,101,32,102,15,250
3922,117,16,116,18,267
3923,116,34,134,16,300
3925,102,16,134,16,268
3926,100,34,116,16,266
3927,118,32,100,17,267
3928,102,32,100,17,251
3929,116,34,118,31,299
3930,116,18,118,31,283
3931,116,34,115,18,283
3932,134,32,132,17,315
3933,119,32,132,17,300
3935,117,33,116,18,284
3937,117,19,115,17,268
3939,103,49,115,19,286
3942,132,35,117,16,300
3943,115,35,117,16,283
3944,116,18,117,16,267
3945,115,32,101,16,264
3946,117,15,101,16,249
3947,101,15,101,16,233
3950,103,31,118,17,269
3951,102,15,118,17,252
3952,117,16,101,16,250
3953,116,33,117,17,283
3955,117,33,118,17,285
3956,116,15,118,17,266
3957,115,35,133,16,299
3958,100,35,133,16,284
3959,117,32,117,16,282
3960,101,32,117,16,266
3961,101,16,117,16,250
3962,100,34,117,16,267
3964,118,17,117,16,268
3966,133,32,117,17,299
3967,117,32,117,17,283
3970,117,16,118,15,266
3973,118,33,117,16,284
3974,100,33,117,16,266
3975,117,33,100,18,268
3976,101,33,100,18,252
3978,118,15,101,16,250
3980,134,32,117,16,299
3981,117,32,117,16,282
3983,101,16,117,16,250
3984,100,34,116,16,266
3986,101,32,100,18,251
3987,116,35,133,15,299
3988,133,32,116,18,299
3990,101,32,116,18,267
3991,115,33,101,16,265
3992,116,16,101,16,249
3993,116,34,116,17,283
3994,100,34,116,17,267
3995,116,34,132,18,300
3996,133,33,117,16,299
3997,117,33,117,16,283
3999,117,34,116,17,284
4000,101,34,116,17,268
4002,116,17,101,16,250
4005,117,34,116,18,285
4006,117,16,116,18,267
4007,101,16,116,18,251
4008,116,17,134,15,282
4010,101,32,102,15,250
4011,116,35,116,16,283
4012,100,35,116,16,267
4014,101,33,116,16,266
4016,134,33,116,16,299
4019,100,18,116,16,250
4020,116,16,117,16,265
4021,117,33,134,17,301
4022,116,16,134,17,283
4023,115,35,116,15,281
4024,133,32,116,17,298
4026,116,16,116,17,265
4027,116,33,134,16,299
4028,117,16,134,16,283
4029,116,34,116,19,285
4030,100,34,116,19,269
4031,116,32,103,31,282
4032,116,15,103,31,265
4033,115,34,118,16,283
4034,99,34,118,16,267
4035,116,34,116,18,284
4036,134,35,132,17,318
4037,116,35,132,17,300
4042,118,16,134,17,285
4043,117,34,117,17,285
4045,118,33,116,16,283
4046,132,34,115,18,299
4047,117,34,115,18,284
4048,118,17,115,18,268
4049,100,17,115,18,250
4051,118,34,115,18,285
4052,100,34,115,18,267
4053,102,17,115,18,252
4055,115,35,132,17,299
4057,116,34,115,17,282
4058,116,18,115,17,266
4060,115,18,133,17,283
4061,118,32,118,16,284
4062,102,32,118,16,268
4063,102,15,118,16,251
4064,132,34,121,29,316
4065,116,34,121,29,300
4066,115,17,121,29,282
4067,117,34,116,17,284
4068,116,17,116,17,266
4069,116,33,116,18,283
4070,101,33,116,18,268
4071,117,33,101,17,268
4072,101,33,101,17,252
4073,102,15,101,17,235
4074,121,46,134,16,317
4075,104,46,134,16,300
4076,116,17,134,16,283
4077,116,34,116,16,282
4081,112,34,117,16,279
4082,117,17,117,16,267
4083,117,34,116,17,284
4084,100,34,116,17,267
4085,118,32,101,15,266
4087,115,35,115,16,281
4089,118,32,134,16,300
4090,117,16,134,16,283
4093,117,32,133,18,300
4094,101,32,133,18,284
4095,116,33,118,17,284
4096,115,16,118,17,266
4098,134,33,118,17,302
4100,116,17,118,17,268
4101,101,17,118,17,253
4103,116,35,132,18,301
4104,118,17,132,18,285
4105,116,32,118,17,283
4106,100,32,118,17,267
4107,101,15,118,17,251
4108,118,49,132,17,316
4109,102,49,132,17,300
4110,103,32,132,17,284
4111,117,32,117,17,283
4112,132,35,116,16,299
4114,118,17,116,16,267
4115,116,33,116,16,281
4116,116,16,116,16,264
4117,116,32,134,16,298
4119,115,34,116,18,283
4120,117,17,116,18,268
4121,116,33,101,17,267
4122,99,33,101,17,250
4123,115,33,118,15,281
4124,116,16,118,15,265
4127,117,34,117,15,283
4128,116,18,117,15,266
4129,117,34,131,17,299
4130,101,34,131,17,283
4131,118,31,117,17,283
4133,116,35,116,18,285
4135,118,32,102,15,267
4137,115,33,117,18,283
4138,131,34,101,17,283
4139,115,34,101,17,267
4140,117,17,101,17,252
4142,116,18,116,16,266
4144,102,32,133,16,283
4146,101,34,115,17,267
4147,118,33,116,17,284
4148,101,33,116,17,267
4149,101,16,116,17,250
4150,116,16,117,16,265
4152,133,33,117,17,300
4153,117,33,117,17,284
4154,115,17,117,17,266
4155,115,34,100,18,267
4158,117,16,117,18,268
4161,118,33,116,17,284
4162,101,33,116,17,267
4164,100,35,131,17,283
4165,101,17,131,17,266
4166,102,33,115,17,267
4168,133,33,117,15,298
4169,117,33,117,15,282
4170,116,17,117,15,265
4173,116,34,117,17,284
4175,117,33,116,17,283
4177,117,32,101,29,279
4178,100,32,101,29,262
4179,115,20,110,22,267
4180,119,49,117,16,301
4181,102,49,117,16,284
4182,117,17,117,16,267
4183,117,32,101,17,267
4186,101,29,123,16,269
4187,110,39,134,17,300
4188,116,17,134,17,284
4189,100,17,134,17,268
4190,117,16,118,17,268
4191,118,34,101,31,284
4193,106,33,134,17,290
4195,117,34,117,32,300
4196,100,34,117,32,283
4197,117,17,132,18,284
4198,118,48,102,34,302
4199,101,48,102,34,285
4201,115,19,117,32,283
4202,118,33,116,17,284
4203,117,17,116,17,267
4204,117,50,132,17,316
4206,115,18,132,17,282
4207,118,34,115,17,284
4208,102,34,115,17,268
4209,117,32,117,16,282
4212,100,17,116,17,250
4213,101,34,116,17,268
4214,117,49,116,18,300
4216,115,17,116,18,266
4217,116,33,116,17,282
4218,117,16,116,17,266
4220,118,17,133,18,286
4223,101,50,116,18,285
4225,117,32,102,16,267
4226,116,17,102,16,251
4227,116,34,118,16,284
4228,133,18,116,32,299
4229,116,18,116,32,282
4231,102,50,115,16,283
4232,116,18,115,16,265
4233,119,16,115,18,268
4234,102,16,115,18,251
4235,116,19,115,16,266
4236,118,48,118,16,300
4237,100,48,118,16,282
4238,132,33,117,17,299
4239,116,33,117,17,283
4242,100,34,133,17,284
4244,115,18,116,18,267
4245,117,33,101,33,284
4247,117,33,101,15,266
4248,117,17,101,15,250
4249,116,33,101,34,284
4250,133,35,116,33,317
4251,117,35,116,33,301
4253,117,33,116,16,282
4255,118,33,132,17,300
4257,117,34,115,17,283
4259,118,16,116,17,267
4260,116,49,134,17,316
4263,117,33,118,15,283
4264,132,34,118,32,316
4265,116,34,118,32,300
4266,115,17,118,32,282
4268,117,16,117,17,267
4269,116,34,117,33,300
4270,134,32,118,16,300
4271,117,32,118,16,283
4273,101,15,118,16,250
4276,117,17,132,17,283
4277,100,17,132,17,266
4279,133,16,118,18,285
4282,116,16,103,30,265
4283,116,33,119,32,300
4285,115,35,116,16,282
4286,115,18,116,16,265
4287,117,35,131,19,302
4288,118,18,131,19,286
4290,103,30,120,31,284
4291,116,19,101,31,267
4292,119,48,118,16,301
4293,102,48,118,16,284
4296,131,19,114,17,281
4297,117,19,114,17,267
4298,101,19,114,17,251
4300,117,17,116,18,268
4301,117,33,118,17,285
4302,101,33,118,17,269
4305,114,33,102,16,265
4309,117,17,116,17,267
4310,118,50,132,17,317
4312,102,33,132,17,284
4314,102,16,116,17,251
4315,101,34,115,17,267
4317,116,17,115,18,266
4319,102,49,117,16,284
4320,115,17,117,16,265
4321,116,33,117,17,283
4322,117,16,117,17,267
4324,116,16,101,17,250
4326,116,17,116,16,265
4328,101,32,117,16,266
4330,117,17,135,31,300
4331,117,34,115,17,283
4332,101,34,115,17,267
4334,116,16,133,17,282
4336,100,33,117,17,267
4337,116,36,132,32,316
4338,135,31,117,16,299
4340,101,31,117,16,265
4341,116,33,118,16,283
4343,116,34,117,16,283
4344,100,34,117,16,267
4346,132,32,117,17,298
4349,116,34,117,16,283
4350,100,34,117,16,267
4351,117,33,100,17,267
4352,100,33,100,17,250
4353,117,33,101,16,267
4354,115,17,101,16,249
4355,116,34,103,30,283
4356,117,17,103,30,267
4359,116,34,117,34,301
4360,100,34,117,34,285
4361,118,36,115,32,301
4363,120,30,117,17,284
4364,103,30,117,17,267
4365,116,33,101,17,267
4367,116,18,117,15,266
4368,117,34,115,16,282
4369,101,34,115,16,266
4371,102,49,117,16,284
4376,102,32,117,17,268
4377,115,35,116,33,299
4378,116,19,116,33,284
4379,118,32,117,17,284
4381,116,18,116,16,266
4385,101,17,117,16,251
4386,116,50,116,18,300
4387,100,50,116,18,284
4388,117,17,116,18,268
4389,116,33,101,32,282
4390,116,17,101,32,266
4392,117,16,119,31,283
4393,116,34,116,16,282
4394,116,17,116,16,265
4395,117,34,133,34,318
4396,100,34,133,34,301
4397,118,32,116,19,285
4398,101,32,116,19,268
4399,116,19,116,32,283
4402,116,16,101,17,250
4404,133,34,116,17,300
4406,101,34,116,17,268
4408,102,32,134,32,300
4409,117,34,116,16,283
4410,101,34,116,16,267
4411,118,17,115,16,266
4412,117,33,115,18,283
4414,116,33,117,33,299
4419,99,16,117,18,250
4421,115,18,134,33,300
4422,116,50,117,32,315
4423,117,33,117,32,299
4424,133,34,115,16,298
4425,117,34,115,16,282
4427,119,17,114,17,267
4428,102,17,114,17,250
4429,134,33,132,17,316
4431,102,33,132,17,284
4432,117,48,101,18,284
4433,101,48,101,18,268
4434,115,16,101,18,250
4436,116,16,120,31,283
4437,114,19,115,17,265
4438,118,49,117,16,300
4440,117,17,117,16,267
4441,117,18,115,17,267
4442,101,18,115,17,251
4444,120,48,118,16,302
4445,115,34,118,16,283
4446,116,17,118,16,267
4447,117,33,101,17,268
4449,115,33,136,31,315
4450,100,33,136,31,300
4451,114,35,116,16,281
4452,117,18,116,16,267
4454,118,33,133,17,301
4455,101,33,133,17,284
4456,101,17,133,17,268
4457,101,33,117,15,266
4459,119,31,117,18,285
4460,101,31,117,18,267
4461,115,34,135,31,315
4462,116,17,135,31,299
4464,118,17,115,17,267
4466,114,17,100,17,248
4468,117,18,102,31,268
4470,101,34,131,17,283
4471,118,31,117,17,283
4472,101,31,117,17,266
4473,117,37,115,31,300
4474,100,37,115,31,283
4476,102,31,115,17,265
4477,118,32,134,16,300
4478,131,34,116,17,298
4480,117,17,116,17,267
4482,115,48,133,18,314
4483,102,48,133,18,301
4484,115,17,133,18,283
4486,134,33,118,32,317
4489,115,34,116,17,282
4490,100,34,116,17,267
4491,118,32,101,17,268
4493,116,34,133,17,300
4494,117,16,133,17,283
4495,117,18,132,16,283
4496,118,49,116,16,299
4497,101,49,116,16,282
4499,116,33,133,17,299
4500,101,33,133,17,284
4501,116,33,117,17,283
4502,133,33,101,17,284
4503,115,33,101,17,266
4504,116,16,101,17,250
4506,116,16,121,15,268
4507,115,34,102,32,283
4508,133,34,117,17,301
4510,117,17,117,17,268
4511,100,17,117,17,251
4512,101,34,132,17,284
4514,102,19,113,17,251
4515,103,47,116,17,283
4516,102,32,116,17,267
4517,117,34,132,17,300
4518,117,17,132,17,283
4519,117,32,117,17,283
4521,113,34,132,19,298
4523,118,33,118,16,285
4526,132,34,100,17,283
4528,100,34,100,17,251
4530,132,19,117,31,299
4532,118,49,134,17,318
4533,102,49,134,17,302
4534,101,33,134,17,285
4536,100,33,118,16,267
4538,101,35,114,18,268
4539,117,31,101,17,266
4540,101,31,101,17,250
4541,117,35,133,33,318
4542,134,17,116,33,300
4543,117,17,116,33,283
4544,101,17,116,33,267
4545,102,49,134,15,300
4547,117,17,117,15,266
4548,101,17,117,15,250
4549,117,33,132,17,299
4550,133,33,116,17,299
4552,100,33,116,17,266
4555,117,33,117,16,283
4556,115,18,117,16,266
4557,117,32,118,32,299
4559,116,34,116,17,283
4560,116,17,116,17,266
4561,116,34,134,32,316
4565,117,17,116,17,267
4566,101,17,116,17,251
4569,116,35,132,17,300
4572,101,32,117,17,267
4573,116,35,115,17,283
4574,99,35,115,17,266
4576,102,32,133,17,284
4577,117,33,117,16,283
4579,116,34,116,16,282
4580,117,17,116,16,266
4581,117,33,115,18,283
4582,115,17,115,18,265
4583,118,33,119,31,301
4584,100,33,119,31,283
4585,116,33,117,17,283
4586,100,33,117,17,267
4587,116,33,117,17,283
4589,116,34,133,18,301
4590,99,34,133,18,284
4591,117,19,114,18,268
4592,119,48,117,34,318
4593,116,34,117,34,301
4594,117,17,117,34,285
4597,101,17,118,33,269
4600,118,33,115,18,284
4601,101,33,115,18,267
4602,117,34,133,17,301
4603,101,34,133,17,285
4606,118,48,118,17,301
4607,100,48,118,17,283
4608,100,33,118,17,268
4609,115,35,118,32,300
4611,116,34,116,33,299
4612,118,17,116,33,284
4613,117,16,117,16,266
4615,100,50,116,16,282
4617,100,17,116,16,249
4618,118,32,116,17,283
4619,101,32,116,17,266
4621,100,50,117,16,283
4622,116,17,117,16,266
4624,116,16,101,17,250
4627,116,34,115,17,282
4628,116,17,115,17,265
4629,117,33,116,16,282
4633,103,16,133,16,268
4634,100,34,115,19,268
4636,100,32,117,16,265
4637,115,33,135,17,300
4638,116,16,135,17,284
4639,115,34,101,17,267
4640,133,35,132,17,317
4641,117,35,132,17,301
4645,116,35,117,16,284
4646,135,17,116,17,285
4647,118,17,116,17,268
4649,102,49,118,31,300
4650,100,32,118,31,281
4652,101,34,115,17,267
4653,117,33,133,16,299
4655,116,33,116,17,282
4657,102,16,116,17,251
4658,118,48,117,16,299
4660,115,17,117,16,265
4661,115,34,134,16,299
4663,116,33,117,17,283
4664,116,17,117,17,267
4665,115,34,117,16,282
4667,101,17,117,16,251
4669,116,35,133,17,301
4670,134,33,117,16,300
4676,101,34,133,17,285
4677,117,33,117,26,293
4678,133,33,110,12,288
4679,117,33,110,12,272
4682,117,16,118,35,286
4683,116,34,119,31,300
4684,133,43,107,17,300
4685,117,43,107,17,284
4686,100,43,107,17,267
4687,126,12,112,17,267
4688,110,12,112,17,251
4689,105,29,116,16,266
4691,102,35,114,16,267
4694,107,17,134,17,275
4695,112,17,117,17,263
4697,116,33,133,16,298
4700,115,17,116,17,265
4701,116,35,115,16,282
4702,134,17,114,17,282
4705,102,48,118,16,284
4707,117,33,101,17,268
4708,116,17,101,17,251
4709,116,33,117,17,283
4710,115,16,117,17,265
4711,114,35,116,16,281
4712,100,35,116,16,267
4713,117,33,116,18,284
4715,118,34,115,16,283
4716,101,34,115,16,266
4717,101,17,115,16,249
4720,116,16,118,33,283
4721,115,35,116,17,283
4722,116,18,116,17,267
4723,117,31,102,17,267
4725,116,35,117,16,284
4727,117,17,116,17,267
4728,118,50,132,17,317
4729,101,50,132,17,300
4730,116,17,132,17,282
4731,118,17,115,17,267
4732,102,17,115,17,251
4733,102,49,116,16,283
4734,117,16,116,16,265
4736,101,34,134,32,301
4738,132,34,117,17,300
4739,115,34,117,17,283
4741,116,32,102,17,267
4742,116,16,102,17,251
4745,118,32,117,17,284
4746,118,16,117,17,268
4747,117,34,117,15,283
4748,117,17,117,15,266
4749,118,17,115,17,267
4750,102,17,115,17,251
4751,117,16,114,19,266
4752,116,50,117,17,300
4753,117,33,117,17,284
4755,117,32,102,16,267
4756,117,15,102,16,250
4757,115,32,119,16,282
4758,115,15,119,16,265
4759,114,34,118,16,282
4762,117,33,132,18,300
4763,100,33,132,18,283
4765,101,49,101,17,268
4766,119,16,101,17,253
4767,116,33,118,16,283
4768,101,33,118,16,268
4769,115,34,133,18,300
4770,115,17,133,18,283
4772,115,18,117,33,283
4773,117,17,115,18,267
4774,101,17,115,18,251
4775,101,49,118,32,300
4777,101,16,118,32,267
4778,133,18,116,17,284
4779,117,18,116,17,268
4781,100,48,117,17,282
4782,116,15,117,17,265
4783,100,15,117,17,249
4785,102,49,101,33,285
4787,116,33,133,16,298
4788,101,33,133,16,283
4792,116,18,133,17,284
4793,118,33,117,16,284
4795,117,32,101,17,267
4797,117,33,119,16,285
4798,116,17,119,16,268
4799,99,17,119,16,251
4800,133,17,117,17,284
4801,118,17,117,17,269
4802,100,17,117,17,251
4803,117,17,133,32,299
4806,101,18,131,19,269
4808,117,34,115,16,282
4809,117,17,115,16,265
4810,101,17,115,16,249
4811,101,32,117,17,267
4812,117,51,114,19,301
4813,131,19,114,19,283
4814,115,19,114,19,267
4819,117,17,116,32,282
4820,118,50,115,18,301
4821,102,50,115,18,285
4822,114,19,115,18,266
4825,102,33,115,17,267
4826,117,48,135,33,333
4827,116,32,135,33,316
4828,99,32,135,33,299
4831,116,32,118,17,283
4832,115,16,118,17,266
4833,115,33,102,32,282
4834,116,16,102,32,266
4835,116,35,134,33,318
4836,100,35,134,33,302
4837,118,33,116,18,285
4839,117,17,117,16,267
4840,118,49,117,16,300
4842,102,32,117,16,267
4843,117,35,115,17,284
4844,134,33,99,16,282
4845,118,33,99,16,266
4846,116,18,99,16,249
4847,117,16,134,17,284
4849,101,49,135,17,302
4851,117,34,118,16,285
4854,99,35,116,17,267
4855,118,16,117,34,285
4856,118,50,101,33,302
4857,101,50,101,33,285
4858,102,33,101,33,269
4859,118,17,117,31,283
4860,118,33,115,16,282
4861,102,33,115,16,266
4862,116,51,132,32,331
4863,117,34,132,32,315
4864,113,21,132,32,298
4865,120,33,115,16,284
4866,101,33,115,16,265
4870,114,17,119,33,283
4871,101,17,119,33,270
4872,116,48,118,17,299
4874,115,16,118,17,266
4875,116,33,102,33,284
4876,133,19,116,17,285
4877,117,19,116,17,269
4878,119,33,115,18,285
4880,117,33,100,34,284
4881,101,33,100,34,268
4887,115,18,132,19,284
4888,117,34,117,16,284
4889,100,34,117,16,267
4891,103,49,135,16,303
4893,116,32,119,16,283
4894,101,32,119,16,268
4895,115,36,133,16,300
4898,101,16,117,16,250
4901,119,16,117,17,269
4902,119,50,116,17,302
4903,102,50,116,17,285
4904,114,19,116,17,266
4905,117,16,117,17,267
4906,104,16,117,17,254
4907,101,51,114,17,283
4908,114,19,114,17,264
4909,117,17,114,18,266
4910,101,17,114,18,250
4911,103,32,117,17,269
4914,102,17,100,33,252
4915,102,48,118,15,283
4916,114,17,118,15,264
4917,114,35,118,30,297
4918,116,17,118,30,281
4920,117,33,132,16,298
4922,117,48,134,18,317
4924,118,15,134,18,285
4925,115,20,114,18,267
4926,118,47,119,31,315
4927,101,47,119,31,298
4928,116,17,119,31,283
4929,115,33,117,17,282
4930,115,16,117,17,265
4931,115,34,116,19,284
4933,114,18,117,16,265
4934,100,18,117,16,251
4935,102,34,132,32,300
4936,119,48,116,17,300
4937,102,48,116,17,283
4938,117,17,116,17,267
4942,102,16,117,16,251
4943,132,49,102,16,299
4944,117,49,102,16,284
4945,101,49,102,16,268
4946,116,17,102,16,251
4947,117,35,116,34,302
4948,115,18,116,34,283
4950,116,51,116,33,316
4952,115,19,116,33,283
4953,119,16,116,17,268
4954,102,16,116,17,251
4956,116,34,115,17,282
4957,115,19,115,17,266
4958,118,33,116,16,283
4959,102,33,116,16,267
4960,116,50,115,18,299
4961,116,34,115,18,283
4962,117,17,115,18,267
4963,117,32,117,17,283
4964,118,16,117,17,268
4965,115,34,116,18,283
4966,115,17,116,18,266
4968,116,15,103,17,251
4969,114,36,117,16,283
4970,115,18,117,16,266
4971,117,33,100,16,266
4972,101,33,100,16,250
4974,116,18,134,34,302
4978,117,16,102,33,268
4979,117,33,102,31,283
4980,100,33,102,31,266
4981,100,17,102,31,250
4982,134,34,116,32,316
4985,118,33,115,17,283
4986,102,33,115,17,267
4987,119,31,101,17,268
4988,102,31,101,17,251
4989,117,35,115,18,285
4991,118,17,116,17,268
4992,116,49,116,17,298
4995,101,17,116,17,251
4997,102,50,115,17,284
4999,116,17,115,16,264
5000,102,17,115,16,250
5003,116,33,102,31,282
5004,116,17,102,31,266
5006,115,17,117,18,267
5007,115,33,102,33,283
5008,115,17,102,33,267
5010,135,31,117,18,301
5013,117,35,132,17,301
5014,100,35,132,17,284
5015,119,33,116,17,285
5016,102,33,116,17,268
5019,118,34,131,17,300
5020,101,34,131,17,283
5021,118,16,132,17,283
5022,116,50,132,17,315
5023,117,34,132,17,300
5024,116,17,132,17,282
5026,116,18,115,17,266
5027,118,31,101,17,267
5028,131,34,116,17,298
5029,115,34,116,17,282
5030,116,17,116,17,266
5032,132,34,134,17,317
5033,116,34,134,17,301
5034,115,17,134,17,283
5035,116,34,117,32,299
5036,101,34,117,32,284
5037,101,17,117,32,267
5040,100,34,116,18,268
5042,134,17,116,17,284
5044,117,48,117,18,300
5045,102,48,117,18,285
5046,117,16,117,18,268
5047,116,35,134,32,317
5049,117,33,101,32,283
5050,100,33,101,32,266
5052,101,33,100,17,251
5053,117,34,116,16,283
5055,118,34,133,15,300
5057,118,32,116,17,283
5058,101,32,116,17,266
5060,100,33,117,16,266
5061,117,33,117,18,285
5062,116,16,117,18,267
5064,116,49,133,17,315
5065,117,32,133,17,299
5066,116,17,133,17,283
5067,116,33,117,17,283
5068,117,16,117,17,267
5070,117,18,116,15,266
5071,117,32,135,32,316
5072,100,32,135,32,299
5075,116,34,117,17,284
5076,117,17,117,17,268
5077,117,32,102,17,268
5078,116,15,102,17,250
5079,115,36,115,19,285
5080,135,32,102,31,300
5081,118,32,102,31,283
5083,117,34,133,16,300
5084,100,34,133,16,283
5085,117,33,116,17,283
5088,115,19,114,17,265
5090,102,31,135,32,300
5091,116,34,133,16,299
5092,133,33,116,17,299
5093,116,33,116,17,282
5094,100,33,116,17,266
5095,117,33,100,17,267
5096,114,17,100,17,248
5097,116,35,100,31,282
5098,100,35,100,31,266
5100,133,33,118,17,301
5101,117,33,118,17,285
5102,100,33,118,17,268
5103,117,35,116,16,284
5105,118,31,118,20,287
5108,99,19,119,29,266
5109,117,18,115,17,267
5110,118,49,134,15,316
5111,118,32,134,15,299
5113,101,16,134,15,266
5114,101,37,112,17,267
5116,104,29,119,32,284
5117,115,33,118,16,282
5118,115,16,118,16,265
5119,115,19,115,17,266
5124,119,48,119,31,317
5125,102,48,119,31,300
5126,102,32,119,31,284
5127,115,34,116,17,282
5129,101,17,116,17,251
5130,101,34,116,16,267
5133,101,34,115,16,266
5134,102,17,115,16,250
5135,102,48,118,31,299
5136,116,17,118,31,282
5137,117,33,116,17,283
5138,116,16,116,17,265
5139,115,18,115,17,265
5141,115,33,117,17,282
5142,101,33,117,17,268
5143,100,17,117,17,251
5144,118,48,134,18,318
5145,132,17,134,18,301
5146,116,17,134,18,285
5147,115,34,118,33,300
5148,116,17,118,33,284
5149,117,34,117,16,284
5150,100,34,117,16,267
5152,101,31,102,17,251
5154,134,18,115,17,284
5155,117,18,115,17,267
5156,118,49,117,15,299
5158,117,16,117,15,265
5161,101,34,115,16,266
5162,118,49,135,16,318
5164,117,17,135,16,285
5165,116,32,119,31,298
5166,100,32,119,31,282
5167,115,34,116,17,282
5168,99,34,116,17,266
5169,115,33,135,33,316
5170,116,17,135,33,301
5171,116,36,115,17,284
5172,135,16,116,16,283
5175,102,48,135,15,300
5176,116,17,135,15,283
5177,117,35,115,17,284
5179,117,33,116,17,283
5181,116,32,101,17,266
5182,102,32,101,17,252
5183,101,16,101,17,235
5184,118,49,118,16,301
5185,118,32,118,16,284
5187,99,17,118,16,250
5188,116,17,133,16,282
5189,117,32,117,17,283
5190,101,32,117,17,267
5191,115,35,116,17,283
5192,116,17,116,17,266
5193,118,33,116,16,283
5194,118,16,116,16,266
5196,133,33,118,17,301
5197,116,33,118,17,284
5198,101,33,118,17,269
5201,116,32,102,16,266
5202,100,32,102,16,250
5203,116,35,133,16,300
5204,134,17,116,16,283
5205,118,17,116,16,267
5206,101,17,116,16,250
5207,101,50,116,16,283
5208,116,18,116,16,266
5209,118,33,134,16,301
5210,102,33,134,16,285
5211,101,17,134,16,268
5213,116,34,116,16,282
5215,118,32,129,12,291
5216,116,16,129,12,273
5218,134,16,105,17,272
5219,117,16,105,17,255
5220,117,49,125,13,304
5222,116,16,125,13,270
5223,116,29,109,20,274
5225,113,27,102,16,258
5229,105,36,133,15,289
5231,109,20,115,17,261
5232,117,33,116,16,282
5233,102,33,116,16,267
5234,118,32,134,16,300
5235,102,32,134,16,284
5236,101,16,134,16,267
5238,120,32,118,16,286
5239,115,17,118,16,266
5240,116,33,101,16,266
5241,116,16,101,16,249
5243,134,33,101,16,284
5244,117,33,101,16,267
5247,100,34,116,16,266
5248,101,16,116,16,249
5249,101,34,133,16,284
5250,100,18,133,16,267
5252,118,32,101,17,268
5253,101,32,101,17,251
5256,116,35,132,17,300
5257,133,33,116,17,299
5258,119,33,116,17,285
5260,117,33,117,16,283
5261,101,33,117,16,267
5262,101,16,117,16,250
5265,132,34,116,16,298
5266,116,34,116,16,282
5267,116,17,116,16,265
5268,116,33,134,16,299
5269,117,16,134,16,283
5271,132,36,133,16,317
5272,115,36,133,16,300
5273,116,19,133,16,284
5274,118,31,118,17,284
5275,101,31,118,17,267
5276,115,35,132,18,300
5278,118,32,118,18,286
5279,102,32,118,18,270
5282,118,33,133,16,300
5283,102,33,133,16,284
5284,117,32,117,16,282
5286,116,36,132,17,301
5289,101,32,117,16,266
5290,117,33,132,19,301
5293,117,16,119,16,268
5294,115,35,117,15,282
5297,117,16,116,17,266
5298,116,32,136,13,297
5299,132,35,101,13,281
5300,116,35,101,13,265
5301,119,16,101,13,249
5302,118,32,102,15,267
5303,117,15,102,15,249
5305,116,17,116,18,267
5306,117,35,132,16,300
5307,136,33,115,16,300
5308,117,33,115,16,281
5310,117,32,116,19,284
5312,117,34,115,17,283
5313,100,34,115,17,266
5315,132,32,102,16,282
5316,119,32,102,16,269
5317,115,16,102,16,249
5318,100,16,102,16,234
5322,115,35,116,17,283
5323,118,16,116,17,267
5324,118,31,102,17,268
5325,102,31,102,17,252
5326,116,35,134,16,301
5327,132,34,116,16,298
5328,118,34,116,16,284
5329,101,34,116,16,267
5330,116,33,117,17,283
5333,102,32,102,14,250
5335,117,17,116,18,268
5336,117,32,102,14,265
5337,116,16,102,14,248
5338,116,35,133,16,300
5339,117,17,133,16,283
5340,117,31,118,17,283
5341,102,31,118,17,268
5342,115,36,115,18,284
5343,116,18,115,18,267
5346,117,33,132,19,301
5347,116,17,132,19,284
5348,119,33,118,16,286
5349,102,33,118,16,269
5350,117,34,117,16,284
5351,115,18,117,16,266
5353,116,16,101,16,249
5355,132,35,117,16,300
5357,118,16,117,16,267
5358,118,33,132,19,302
5359,117,16,132,19,284
5361,101,33,118,16,268
5362,101,17,118,16,252
5364,114,35,117,15,281
5366,116,32,100,18,266
5367,132,35,132,16,315
5368,116,35,132,16,299
5369,118,16,132,16,282
5371,102,31,117,16,266
5372,114,34,134,17,299
5374,116,33,118,16,283
5375,100,33,118,16,267
5378,117,32,103,15,267
5380,114,35,118,16,283
5382,116,33,101,17,267
5385,116,19,114,18,267
5387,103,33,115,16,267
5388,101,18,115,16,250
5389,101,33,133,17,284
5390,117,32,118,16,283
5393,114,18,117,17,266
5394,117,32,102,17,268
5395,115,16,102,17,250
5397,133,33,118,16,300
5400,102,16,118,16,252
5401,117,17,100,17,251
5402,118,31,136,16,301
5403,102,31,136,16,285
5406,117,33,132,19,301
5407,101,33,132,19,285
5408,117,31,120,14,282
5411,136,32,116,16,300
5412,118,32,116,16,282
5413,116,16,116,16,264
5415,132,33,102,17,284
5416,115,33,102,17,267
5417,120,14,102,17,253
5418,114,33,117,16,280
5419,131,33,135,16,315
5421,116,16,135,16,283
5422,115,36,115,17,283
5425,102,32,100,17,251
5426,103,15,100,17,235
5427,117,16,101,18,252
5428,116,35,133,18,302
5429,135,33,118,15,301
5431,115,17,118,15,265
5432,115,33,116,19,283
5433,100,33,116,19,268
5434,117,34,118,15,284
5435,101,34,118,15,268
5436,102,16,118,15,251
5438,117,33,118,16,284
5440,101,15,118,16,250
5442,117,32,117,16,282
5444,116,34,134,17,301
5447,101,33,118,16,268
5448,118,33,101,17,269
5449,115,17,101,17,250
5450,115,33,133,19,300
5451,117,16,133,19,285
5453,134,33,132,17,316
5454,117,33,132,17,299
5455,101,33,132,17,283
5456,102,16,132,17,267
5457,101,32,117,17,267
5458,101,15,117,17,250
5459,133,34,116,17,300
5460,117,34,116,17,284
5461,117,15,116,17,265
5462,115,33,100,17,265
5464,115,34,132,17,298
5465,117,17,132,17,283
5466,117,33,116,16,282
5467,101,33,116,16,266
5468,115,33,117,16,281
5469,116,17,117,16,266
5470,117,34,133,17,301
5473,132,33,102,17,284
5474,116,33,102,17,268
5476,116,34,135,16,301
5479,133,34,117,15,299
5480,117,34,117,15,283
5481,101,34,117,15,267
5482,101,17,117,15,250
5483,102,32,100,17,251
5486,113,33,100,16,262
5487,117,17,100,16,250
5488,117,32,117,17,283
5489,117,15,117,17,266
5490,115,33,101,17,266
5492,116,35,133,17,301
5493,117,16,133,17,283
5494,117,32,101,17,267
5495,100,32,101,17,250
5497,117,17,118,15,267
5498,117,33,100,18,268
5499,101,33,100,18,252
5500,115,34,134,16,299
5501,133,34,116,16,299
5502,117,34,116,16,283
5504,101,17,116,16,250
5505,101,32,117,18,268
5506,116,33,102,16,267
5508,116,35,115,18,284
5509,134,32,101,16,283
5512,115,35,131,17,298
5513,117,18,131,17,283
5516,115,35,116,18,284
5519,101,32,102,15,250
5521,131,35,117,15,298
5522,115,35,117,15,282
5523,117,18,117,15,267
5524,118,34,133,16,301
5525,116,18,133,16,283
5528,118,32,102,16,268
5531,117,15,135,16,283
5534,118,33,132,17,300
5537,102,32,100,17,251
5538,115,35,116,16,282
5539,135,32,133,18,318
5541,116,16,133,18,283
5543,132,34,134,16,316
5544,116,34,134,16,300
5545,100,34,134,16,284
5546,117,33,117,17,284
5547,99,33,117,17,266
5548,116,33,116,19,284
5549,133,34,118,15,300
5550,115,34,118,15,282
5551,118,16,118,15,267
5553,100,34,134,15,283
5554,117,33,116,17,283
5555,101,33,116,17,267
5556,118,34,115,19,286
5557,101,34,115,19,269
5558,117,32,102,14,265
5561,134,32,100,16,282
5563,116,17,100,16,249
5564,118,35,116,16,285
5565,115,19,116,16,266
5567,102,33,132,16,283
5568,118,32,116,17,283
5569,114,18,116,17,265
5571,100,34,116,18,268
5572,118,33,117,16,284
5573,116,16,117,16,265
5574,102,16,117,16,251
5577,116,17,115,19,267
5578,100,17,115,19,251
5580,117,32,116,16,281
5582,117,33,134,17,301
5584,101,16,134,17,268
5587,116,16,117,16,265
5588,116,32,101,18,267
5589,100,32,101,18,251
5590,115,35,133,16,299
5593,100,33,116,16,265
5594,116,33,134,17,300
5595,117,16,134,17,284
5599,133,32,102,16,283
5600,116,32,102,16,266
5601,100,32,102,16,250
5602,115,35,134,17,301
5604,116,34,117,16,283
5605,117,17,117,16,267
5608,102,16,117,16,251
5610,117,33,135,13,298
5611,134,33,115,18,300
5613,117,16,115,18,266
5614,116,33,116,17,282
5615,117,16,116,17,266
5618,116,36,132,14,298
5620,118,31,115,19,283
5621,102,31,115,19,267
5622,116,33,116,18,283
5623,116,17,116,18,267
5625,116,17,101,15,249
5626,116,35,116,16,283
5629,115,19,132,17,283
5630,118,33,116,17,284
5631,101,33,116,17,267
5632,118,32,118,16,284
5633,101,32,118,16,267
5635,116,16,100,18,250
5637,132,34,115,18,299
5638,117,34,115,18,284
5640,101,17,115,18,251
5641,101,33,116,17,267
5642,100,16,116,17,249
5643,100,34,132,16,282
5644,117,33,115,17,282
5645,101,33,115,17,266
5646,117,33,116,15,281
5648,116,33,118,16,283
5652,117,33,118,16,284
5653,115,17,118,16,266
5654,117,32,102,17,268
5655,116,15,102,17,250
5657,118,16,133,17,284
5658,117,34,116,17,284
5661,102,32,101,17,252
5663,102,33,102,16,253
5664,115,34,134,16,299
5665,133,34,116,17,300
5666,116,34,116,17,283
5667,116,17,116,17,266
5668,117,34,115,16,282
5669,101,34,115,16,266
5671,102,31,135,17,285
5672,101,15,135,17,268
5673,134,33,133,17,317
5675,116,17,133,17,283
5677,115,16,118,16,265
5678,115,35,131,19,300
5679,135,33,117,16,301
5680,119,33,117,16,285
5681,100,33,117,16,266
5682,101,16,117,16,250
5684,117,33,101,16,267
5686,101,16,101,16,234
5687,131,35,116,18,300
5689,117,16,116,18,267
5690,116,34,117,17,284
5691,100,34,117,17,268
5693,101,33,116,17,267
5695,102,32,101,17,252
5697,116,18,116,16,266
5698,116,34,133,16,299
5699,100,34,133,16,283
5700,118,32,117,17,284
5703,101,34,116,16,267
5704,118,32,117,18,285
5705,100,32,117,18,267
5706,115,35,115,16,281
5707,133,33,134,19,319
5708,118,33,134,19,304
5709,117,17,134,19,287
5710,117,32,121,13,283
5712,116,35,132,17,300
5713,100,35,132,17,284
5715,100,31,118,16,265
5716,115,36,115,16,282
5717,134,32,134,17,317
5719,121,13,134,17,285
5721,132,33,135,16,316
5722,117,33,135,16,301
5723,118,16,135,16,285
5724,117,33,102,16,268
5729,101,34,115,18,268
5731,102,33,116,16,267
5732,118,33,115,19,285
5733,102,33,115,19,269
5736,116,34,139,16,305
5737,115,18,139,16,288
5738,117,32,123,16,288
5739,116,16,123,16,271
5741,115,19,104,17,255
5742,117,32,122,16,287
5743,101,32,122,16,271
5744,117,28,110,16,271
5746,123,32,118,16,289
5748,107,16,118,16,257
5751,105,33,118,16,272
5752,110,35,116,16,277
5753,114,19,116,16,265
5755,118,16,132,19,285
5756,117,34,117,14,282
5757,101,34,117,14,266
5758,101,17,117,14,249
5759,102,32,116,16,266
5760,118,33,134,18,303
5763,132,33,133,17,315
5765,117,14,133,17,281
5766,115,33,117,17,282
5767,99,33,117,17,266
5768,115,35,134,15,299
5769,134,32,117,18,301
5770,117,32,117,18,284
5773,100,33,102,15,250
5774,116,34,117,17,284
5778,116,33,117,17,283
5783,101,33,134,15,283
5784,117,35,114,17,283
5785,115,19,114,17,265
5786,119,33,116,16,284
5787,101,33,116,16,266
5788,102,17,116,16,251
5789,101,31,101,17,250
5791,134,32,101,16,283
5792,118,32,101,16,267
5793,114,17,101,16,248
5794,115,34,116,18,283
5795,116,16,116,18,266
5796,116,33,118,16,283
5797,101,33,118,16,268
5798,115,34,132,19,300
5799,116,17,132,19,284
5800,118,32,119,16,285
5801,101,32,119,16,268
5802,115,35,133,16,299
5803,116,18,133,16,283
5804,117,33,116,17,283
5805,101,33,116,17,267
5806,117,32,101,17,267
5807,132,35,115,17,299
5808,116,35,115,17,283
5809,100,35,115,17,267
5811,133,33,116,16,298
5813,116,17,116,16,265
5816,115,33,116,17,281
5817,115,17,116,17,265
5818,115,33,134,18,300
5819,116,16,134,18,284
5820,116,33,119,15,283
5821,116,16,119,15,266
5823,116,17,117,17,267
5824,100,17,117,17,251
5826,116,34,133,16,299
5827,100,34,133,16,283
5828,117,33,116,17,283
5829,119,15,116,17,267
5830,102,15,116,17,250
5831,100,34,116,17,267
5832,101,17,116,17,251
5834,117,33,117,17,284
5835,100,33,117,17,267
5836,115,33,117,19,284
5840,118,34,133,17,302
5842,117,33,117,16,283
5843,117,17,117,16,267
5844,101,17,117,16,251
5845,117,19,115,17,268
5846,119,31,101,17,268
5848,102,15,101,17,235
5849,133,33,134,16,316
5850,117,33,134,16,300
5854,116,33,132,17,298
5856,116,32,117,18,283
5857,116,16,117,18,267
5858,115,35,117,16,283
5859,118,16,117,16,267
5860,117,33,100,16,266
5861,116,17,100,16,249
5862,116,32,117,21,286
5863,132,35,103,9,279
5864,116,35,103,9,263
5865,117,18,103,9,247
5866,116,33,134,16,299
5867,117,16,134,16,283
5868,117,32,102,16,267
5869,100,32,102,16,250
5870,116,38,113,17,284
5871,117,21,113,17,268
5872,121,29,133,18,301
5874,115,35,116,17,283
5875,134,31,102,15,282
5876,118,31,102,15,266
5877,102,31,102,15,250
5880,104,17,117,16,254
5881,101,32,117,17,267
5882,116,35,115,18,284
5883,116,17,115,18,266
5884,100,17,115,18,250
5885,102,34,116,16,268
5886,118,32,133,16,299
5888,117,33,116,17,283
5889,101,33,116,17,267
5890,116,34,116,18,284
5891,115,18,116,18,267
5892,118,33,133,19,303
5893,116,16,133,19,284
5894,116,33,119,17,285
5896,117,33,103,14,267
5897,100,33,103,14,250
5898,117,35,116,17,285
5899,116,18,116,17,267
5900,117,32,137,13,299
5901,101,32,137,13,283
5902,117,36,114,17,284
5903,119,17,114,17,267
5904,103,17,114,17,251
5905,103,32,116,17,268
5906,118,33,133,16,300
5907,116,17,133,16,282
5909,101,36,113,17,267
5910,118,30,134,16,298
5911,114,17,134,16,281
5912,100,17,134,16,267
5914,117,33,132,19,301
5918,117,34,117,16,284
5919,134,32,134,16,316
5920,117,32,134,16,299
5922,115,33,117,16,281
5923,116,16,117,16,265
5924,116,35,134,16,301
5926,117,33,117,15,282
5927,117,16,117,15,265
5928,117,33,117,16,283
5930,117,32,134,17,300
5931,101,32,134,17,284
5935,101,31,101,17,250
5936,115,34,133,17,299
5937,117,16,133,17,283
5938,117,33,117,17,284
5941,115,17,118,15,265
5942,116,34,133,16,299
5945,101,32,117,17,267
5946,116,34,118,14,282
5947,117,17,118,14,266
5948,117,33,133,18,301
5949,118,15,133,18,284
5951,133,33,117,16,299
5952,117,33,117,16,283
5953,101,33,117,16,267
5954,117,32,134,17,300
5956,114,34,117,17,282
5957,99,34,117,17,267
5959,117,17,133,16,283
5960,118,32,117,18,285
5961,117,16,117,18,268
5962,115,33,102,16,266
5963,101,33,102,16,252
5964,116,34,133,16,299
5967,133,34,115,17,299
5970,101,18,115,17,251
5971,102,31,101,17,251
5973,133,33,117,17,300
5974,116,33,117,17,283
5976,116,34,133,16,299
5978,116,34,115,19,284
5979,101,34,115,19,269
5980,117,32,102,16,267
5981,118,15,102,16,251
5982,117,34,133,17,301
5983,117,17,133,17,284
5985,133,35,149,17,334
5986,116,35,149,17,317
5987,115,19,149,17,300
5988,117,31,118,17,283
5989,102,31,118,17,268
5990,101,15,118,17,251
5992,117,34,150,17,318
5993,100,34,150,17,301
5994,118,32,118,17,285
5995,149,17,134,16,316
5996,133,17,134,16,300
5997,118,17,134,16,285
