序号,发送->接收,接收->转发,转发->接收,接收->处理,总计
2,107,15,118,19,259
3,101,15,118,19,253
4,115,17,102,15,249
5,100,17,102,15,234
7,101,16,115,18,250
8,116,17,116,17,266
9,116,36,131,15,298
11,119,30,116,17,282
12,102,30,116,17,265
13,115,34,116,18,283
14,115,18,116,18,267
16,100,33,117,16,266
17,116,34,133,16,299
20,101,32,117,16,266
21,100,17,117,16,250
22,116,18,133,16,283
23,118,32,117,17,284
24,117,16,117,17,267
25,116,34,116,16,282
26,133,32,117,18,300
27,118,32,117,18,285
30,133,33,116,18,300
31,117,33,116,18,284
33,116,32,102,16,266
35,100,16,102,16,234
36,100,35,115,17,267
39,116,35,134,14,299
40,116,18,134,14,282
41,118,33,115,17,283
42,102,33,115,17,267
43,101,17,115,17,250
44,115,17,133,18,283
45,100,17,133,18,268
46,100,33,118,16,267
47,101,15,118,16,250
48,134,31,103,14,282
49,118,31,103,14,266
50,101,31,103,14,249
52,133,34,101,17,285
53,115,34,101,17,267
55,117,36,135,12,300
56,117,17,135,12,281
57,120,31,116,18,285
58,103,31,116,18,268
59,118,34,115,18,285
61,117,32,116,19,284
64,135,30,117,16,298
66,104,30,117,16,267
67,117,33,118,15,283
68,115,18,118,15,266
70,101,34,117,15,267
71,118,31,118,17,284
73,116,35,117,15,283
74,117,16,117,15,265
75,102,16,117,15,250
76,118,15,134,16,283
77,103,15,134,16,268
78,117,15,117,16,265
80,118,17,115,17,267
81,116,32,117,16,281
83,114,35,133,16,298
86,117,16,101,16,250
87,100,16,101,16,233
89,115,33,102,15,265
90,100,33,102,15,250
91,115,35,116,17,283
92,133,32,101,17,283
94,101,32,101,17,251
95,117,35,133,16,301
97,101,17,133,16,267
100,116,17,117,15,265
101,100,17,117,15,249
102,101,34,115,17,267
103,117,33,134,18,302
106,116,16,120,13,265
107,116,33,118,17,284
108,117,15,118,17,267
109,115,34,117,18,284
110,115,17,117,18,267
111,116,35,132,16,299
112,134,31,117,18,300
115,102,13,117,18,250
117,118,34,116,17,285
118,101,34,116,17,268
119,118,32,135,15,300
120,132,34,116,17,299
121,114,34,116,17,281
123,117,34,115,17,283
127,122,34,116,17,289
128,116,19,116,17,268
129,119,32,101,16,268
130,116,17,101,16,250
131,116,33,116,18,283
132,115,17,116,18,266
133,116,33,118,16,283
135,117,35,133,17,302
136,116,17,133,17,283
137,101,17,133,17,268
138,101,33,117,16,267
140,116,18,134,16,284
141,116,33,117,20,286
142,118,16,117,20,271
143,116,34,103,12,265
144,133,33,116,18,300
146,117,16,116,18,267
151,101,20,112,18,251
152,103,29,116,19,267
153,115,35,100,15,265
154,116,18,100,15,249
156,116,16,117,17,266
157,116,34,116,18,284
158,112,18,116,18,264
159,118,34,115,16,283
161,118,31,135,17,301
162,100,31,135,17,283
163,115,35,117,15,282
164,117,17,117,15,266
165,118,34,115,17,284
166,116,18,115,17,266
167,119,31,119,15,284
169,116,35,117,16,284
170,135,32,101,17,285
171,117,32,101,17,267
172,117,15,101,17,250
173,116,34,117,16,283
175,117,33,118,15,283
176,119,15,118,15,267
177,117,34,118,16,285
181,101,18,133,17,269
182,102,31,119,15,267
183,115,33,101,15,264
185,115,35,115,18,283
186,118,16,115,18,267
189,118,32,117,17,284
190,102,32,117,17,268
191,101,15,117,17,250
192,101,34,133,16,284
193,116,33,116,19,284
194,100,33,116,19,268
196,116,16,102,14,248
198,117,17,115,17,266
199,119,33,116,16,284
201,118,35,115,16,284
203,118,31,134,17,300
204,102,31,134,17,284
205,116,33,118,15,282
206,115,17,118,15,265
207,117,33,118,16,284
208,116,16,118,16,266
209,116,34,116,18,284
210,115,16,116,18,265
211,101,16,116,18,251
212,134,32,102,15,283
214,118,15,102,15,250
216,118,16,118,14,266
220,117,17,116,15,265
221,117,34,131,17,299
223,118,30,118,18,284
224,118,14,118,18,268
225,116,37,131,17,301
226,117,18,131,17,283
228,116,15,118,16,265
229,116,34,116,20,286
231,115,35,101,15,266
232,118,18,101,15,252
234,115,16,116,18,265
235,116,33,117,17,283
237,117,36,131,17,301
239,119,32,116,16,283
241,117,33,116,16,282
242,116,18,116,16,266
243,117,33,116,17,283
245,101,17,116,17,251
246,115,16,133,16,280
247,116,33,116,19,284
249,101,16,116,19,252
251,116,34,116,17,283
254,133,35,131,17,316
255,116,35,131,17,299
256,100,35,131,17,283
257,118,33,115,17,283
258,102,33,115,17,267
260,101,32,133,16,282
263,103,15,115,17,250
264,115,16,118,17,266
265,115,34,117,16,282
267,117,33,133,18,301
269,114,33,118,18,283
270,115,17,118,18,268
271,116,35,132,19,302
272,100,35,132,19,286
274,101,32,119,17,269
277,117,36,116,17,286
278,118,18,116,17,269
280,118,14,102,16,250
281,116,36,131,18,301
282,119,17,131,18,285
283,118,30,119,15,282
284,103,30,119,15,267
285,102,13,119,15,249
289,114,34,137,14,299
290,131,33,118,18,300
293,100,15,118,18,251
294,117,14,103,16,250
295,115,34,116,18,283
296,118,16,116,18,268
297,116,37,130,17,300
298,117,20,130,17,284
299,119,32,115,16,282
301,117,32,133,16,298
302,103,32,133,16,284
303,101,16,133,16,266
306,130,33,116,18,297
309,115,34,132,18,299
310,116,17,132,18,283
311,118,34,116,17,285
312,116,18,116,17,267
313,118,32,133,17,300
314,101,32,133,17,283
315,116,34,116,17,283
318,132,35,115,17,299
319,116,35,115,17,283
320,116,17,115,17,265
321,117,32,100,17,266
322,118,15,100,17,250
324,116,17,134,16,283
325,117,34,132,17,300
326,119,16,132,17,284
327,117,32,117,17,283
328,115,17,117,17,266
329,115,34,117,16,282
331,117,34,134,14,299
333,116,32,116,18,282
334,116,16,116,18,266
335,117,34,100,16,267
337,100,17,100,16,233
339,116,35,114,18,283
343,117,33,117,16,283
344,100,33,117,16,266
345,116,34,134,17,301
346,118,16,134,17,285
347,117,33,118,15,283
348,114,18,118,15,265
350,116,18,116,16,266
351,118,32,119,33,302
354,134,32,102,16,284
355,119,32,102,16,269
358,116,16,135,17,284
360,100,52,133,16,301
362,117,17,116,16,266
365,101,15,119,15,250
366,135,34,116,16,301
367,116,34,116,16,282
369,133,16,117,17,283
372,119,15,116,19,269
373,117,35,116,17,285
374,115,19,116,17,267
375,117,32,116,17,282
376,116,16,116,17,265
377,116,34,133,17,300
378,117,17,133,17,284
381,119,33,116,15,283
382,116,17,116,15,264
385,116,34,133,17,300
386,133,32,118,17,300
390,116,15,102,16,249
393,115,34,100,17,266
394,133,34,133,16,316
397,117,33,116,18,284
398,102,33,116,18,269
401,117,33,119,14,283
402,100,33,119,14,266
403,116,34,116,18,284
404,117,16,116,18,267
405,117,34,133,16,300
406,116,18,133,16,283
407,116,33,116,19,284
409,101,16,116,19,252
410,101,32,103,14,250
412,116,18,132,17,283
413,118,33,116,17,284
415,116,35,131,17,299
416,116,19,131,17,283
417,117,30,118,18,283
418,103,30,118,18,269
419,116,34,102,14,266
420,132,34,117,16,299
421,116,34,117,16,283
422,116,17,117,16,266
424,131,35,131,17,314
425,117,35,131,17,300
427,118,34,114,17,283
429,119,31,135,15,300
430,102,31,135,15,283
431,117,33,117,17,284
433,116,33,116,16,281
434,131,34,118,16,299
435,117,34,118,16,285
437,116,35,133,15,299
438,116,19,133,15,283
439,118,32,132,19,301
442,116,16,120,16,268
444,118,16,117,16,267
445,102,16,117,16,251
446,116,17,114,17,264
447,118,31,134,18,301
448,116,16,134,18,284
450,101,35,132,19,287
451,116,33,118,16,283
453,116,32,102,17,267
456,117,17,118,15,267
457,115,33,118,16,282
460,118,16,132,18,284
461,103,16,132,18,269
462,102,32,118,16,268
463,102,15,118,16,251
464,118,15,118,18,269
467,115,33,116,17,281
468,132,34,134,14,314
469,115,34,134,14,297
470,118,16,134,14,282
471,116,35,113,19,283
472,118,18,113,19,268
473,118,32,117,15,282
474,102,32,117,15,266
475,103,15,117,15,250
476,101,32,120,13,266
477,115,35,115,16,281
478,134,33,133,16,316
479,117,33,133,16,299
480,113,19,133,16,281
482,117,15,117,19,268
483,117,33,103,15,268
484,120,13,103,15,251
485,115,33,117,17,282
486,115,16,117,17,265
488,133,35,132,17,317
490,117,19,132,17,285
492,103,30,119,15,267
493,116,34,134,16,300
494,117,17,134,16,284
495,115,34,132,19,300
497,117,34,132,18,301
499,117,32,118,15,282
500,119,15,118,15,267
502,117,17,117,15,266
503,116,32,118,18,284
504,116,16,118,18,268
506,117,15,102,15,249
508,100,33,117,18,268
509,101,15,117,18,251
511,116,36,115,17,284
514,102,32,116,18,268
515,116,34,133,17,300
516,101,34,133,17,285
517,117,32,118,16,283
518,102,32,118,16,268
519,101,15,118,16,250
523,118,33,116,16,283
524,116,17,116,16,265
525,116,33,116,17,282
526,118,16,116,17,267
527,101,16,116,17,250
528,100,34,133,18,285
529,118,33,134,15,300
531,117,32,117,18,284
532,116,16,117,18,267
533,115,34,117,18,284
534,116,17,117,18,268
536,115,18,115,18,266
538,118,16,132,18,284
539,118,33,131,19,301
541,100,18,131,19,268
542,117,18,116,17,268
544,115,18,118,15,266
545,115,33,118,16,282
546,132,32,102,16,282
548,117,14,102,16,249
552,101,32,133,16,282
553,115,34,115,17,281
554,118,16,115,17,266
555,116,33,116,19,284
556,102,33,116,19,270
558,132,33,136,15,316
559,115,33,136,15,299
560,118,15,136,15,284
563,116,36,132,15,299
565,117,31,116,19,283
566,102,31,116,19,268
567,115,36,114,19,284
568,100,36,114,19,269
569,120,32,115,17,284
570,103,32,115,17,267
571,101,17,115,17,250
574,116,19,115,17,267
575,117,34,130,19,300
576,114,19,130,19,282
577,118,31,118,32,299
578,101,31,118,32,282
579,117,35,115,18,285
581,119,32,101,16,268
582,115,17,101,16,249
583,117,32,103,15,267
584,130,51,117,18,316
587,113,19,117,18,267
588,115,18,117,16,266
589,118,34,116,16,284
590,101,34,116,16,267
591,118,31,117,17,283
594,102,34,118,14,268
595,117,34,134,16,301
596,117,16,134,16,283
597,101,16,134,16,267
598,116,16,117,17,266
599,117,33,101,15,266
600,101,33,101,15,250
601,116,32,103,15,266
603,114,36,116,17,283
604,134,33,132,17,316
605,133,17,132,17,299
606,117,17,132,17,283
607,101,17,132,17,267
608,101,34,115,16,266
609,117,32,116,17,282
610,103,32,116,17,268
612,116,17,117,15,265
613,117,32,134,16,299
614,132,33,117,17,299
615,117,33,117,17,284
616,115,16,117,17,265
619,116,33,117,17,283
620,99,33,117,17,266
622,134,33,135,16,318
624,101,33,135,16,285
626,134,33,100,15,282
627,116,33,100,15,264
628,117,17,100,15,249
630,118,15,102,15,250
631,102,15,102,15,234
632,135,32,116,17,300
633,117,32,116,17,282
636,100,35,131,16,282
638,102,31,116,19,268
639,116,34,101,16,267
640,115,17,101,16,249
641,116,33,117,17,283
642,116,17,117,17,267
643,118,33,101,17,269
645,116,35,115,17,283
646,116,19,115,17,267
647,118,32,100,16,266
649,101,16,100,16,233
650,117,17,102,14,250
653,102,20,113,19,254
655,116,36,132,16,300
656,100,36,132,16,284
658,102,33,115,17,267
660,113,19,130,18,280
661,120,31,117,15,283
662,103,31,117,15,266
666,115,17,131,19,282
667,117,32,118,16,283
668,130,33,101,16,280
669,116,33,101,16,266
672,116,17,134,14,281
674,100,31,117,17,265
676,118,16,117,17,268
677,116,33,101,17,267
678,101,33,101,17,252
679,116,35,132,17,300
680,134,31,118,17,300
684,99,35,117,15,266
686,101,32,118,15,266
687,117,34,134,15,300
688,132,34,115,18,299
690,118,17,115,18,268
691,117,32,133,18,300
692,117,15,133,18,283
693,100,15,133,18,266
694,118,15,118,15,266
695,116,35,117,14,282
698,115,18,117,17,267
699,116,32,102,17,267
700,117,16,102,17,252
701,115,33,117,17,282
702,118,15,117,17,267
703,101,15,117,17,250
705,116,36,116,15,283
707,101,17,116,15,249
708,102,33,117,15,267
709,117,32,134,18,301
710,102,32,134,18,286
714,116,15,104,14,249
717,102,15,117,17,251
718,100,34,117,17,268
719,117,36,114,17,284
720,117,18,114,17,266
721,101,18,114,17,250
722,104,31,134,17,286
723,132,17,118,14,281
724,117,17,118,14,266
725,118,34,132,17,301
726,117,17,132,17,283
728,114,17,116,16,263
729,117,34,132,16,299
730,134,31,117,19,301
731,118,31,117,19,285
732,101,31,117,19,268
734,132,33,101,17,283
735,116,33,101,17,267
737,117,34,118,16,285
738,132,35,115,16,298
739,115,35,115,16,281
741,118,32,134,17,301
742,102,32,134,17,285
743,117,33,118,16,284
744,101,33,118,16,268
745,116,34,133,15,298
746,118,16,133,15,282
747,118,32,101,15,266
748,99,32,101,15,247
749,115,35,102,14,266
751,117,33,117,18,285
753,116,33,102,15,266
754,133,36,132,14,315
755,117,36,132,14,299
757,120,32,114,18,284
758,102,32,114,18,266
759,117,34,115,15,281
760,101,34,115,15,265
761,120,32,115,18,285
762,102,32,115,18,267
764,132,32,134,16,314
766,114,18,134,16,282
768,115,15,102,16,248
769,100,15,102,16,233
770,115,18,116,17,266
771,118,32,101,17,268
772,99,32,101,17,249
774,134,33,131,18,316
776,102,33,131,18,284
777,118,33,116,19,286
778,100,33,116,19,268
779,118,34,117,17,286
780,101,34,117,17,269
783,100,17,115,19,251
784,131,37,133,15,316
785,115,37,133,15,300
786,116,19,133,15,283
787,118,33,115,17,283
788,117,17,115,17,266
789,118,33,132,17,300
790,101,33,132,17,283
791,117,33,116,17,283
793,102,16,116,17,251
794,115,18,116,15,264
795,117,32,134,15,298
796,115,17,134,15,281
797,118,33,116,17,284
798,132,34,134,16,316
800,116,17,134,16,283
801,117,32,118,15,282
803,101,15,118,15,249
804,134,32,116,18,300
805,118,32,116,18,284
806,101,32,116,18,267
808,134,31,102,15,282
809,117,31,102,15,265
810,102,31,102,15,250
812,116,17,135,14,282
814,101,33,116,17,267
816,117,16,115,18,266
817,101,16,115,18,250
818,102,31,102,16,251
819,115,37,132,15,299
820,135,31,116,17,299
822,102,31,116,17,266
823,115,34,115,18,282
825,118,33,100,16,267
826,102,33,100,16,251
827,116,34,133,16,299
828,132,32,117,16,297
830,101,32,117,16,266
831,100,17,117,16,250
832,115,18,133,17,283
833,117,34,116,18,285
836,133,32,118,17,300
837,118,32,118,17,285
839,117,34,101,17,269
840,133,35,131,18,317
843,117,31,118,17,283
844,101,31,118,17,267
845,101,15,118,17,251
847,118,31,101,17,267
848,101,31,101,17,250
850,131,35,132,15,313
851,115,35,132,15,297
852,100,35,132,15,282
854,116,16,115,21,268
855,115,34,135,17,301
858,101,33,119,15,268
859,100,16,119,15,250
860,132,36,132,17,317
861,116,36,132,17,301
862,115,21,132,17,285
863,119,33,116,15,283
864,116,19,116,15,266
866,102,32,133,16,283
867,101,15,133,16,265
868,101,33,116,18,268
870,115,17,115,17,264
871,118,32,100,16,266
872,116,15,100,16,247
873,114,34,117,17,282
875,117,34,116,17,284
876,116,18,116,17,267
877,117,32,135,17,301
879,115,36,116,15,282
881,117,32,117,16,282
883,101,17,117,16,251
885,118,34,116,17,285
887,119,32,116,34,301
888,116,15,116,34,281
889,101,15,116,34,266
891,117,32,103,15,267
893,115,35,133,17,300
894,116,17,133,17,283
897,132,19,114,17,282
898,116,19,114,17,266
902,99,34,118,16,267
903,118,33,101,15,267
904,103,33,101,15,252
905,101,16,101,15,233
906,114,17,136,14,281
908,135,33,117,16,301
913,116,37,115,15,283
914,136,31,118,16,301
915,120,31,118,16,285
916,101,31,118,16,266
917,115,34,118,13,280
921,116,32,117,15,280
922,115,15,117,15,262
923,116,35,117,15,283
925,116,31,101,17,265
926,118,13,101,17,249
927,115,34,120,14,283
928,132,32,102,18,284
929,115,32,102,18,267
930,117,15,102,18,252
931,113,35,135,16,299
932,117,15,135,16,283
935,118,32,119,17,286
936,120,14,119,17,270
939,115,35,117,18,285
940,135,32,103,15,285
942,116,16,103,15,250
944,119,17,130,19,285
945,101,17,130,19,267
946,103,30,119,17,269
948,117,18,114,16,265
949,119,33,131,17,300
950,103,33,131,17,284
951,117,30,118,17,282
954,119,17,133,16,285
955,117,31,118,17,283
956,114,16,118,17,265
957,115,34,101,17,267
958,131,34,131,17,313
960,101,34,131,17,283
962,133,33,133,18,317
963,118,33,133,18,302
964,102,33,133,18,286
965,118,33,118,14,283
966,101,33,118,14,266
967,101,16,118,14,249
968,117,14,101,17,249
969,116,36,115,19,286
970,114,19,115,19,267
971,117,33,101,16,267
973,116,32,136,14,298
974,118,14,136,14,282
978,101,33,116,16,266
980,101,32,100,18,251
983,119,33,114,18,284
984,114,19,114,18,265
986,116,16,117,16,265
989,116,32,103,13,264
990,131,34,118,15,298
991,117,34,118,15,284
992,114,18,118,15,265
993,116,33,100,17,266
994,117,16,100,17,250
995,115,36,115,16,282
996,117,18,115,16,266
999,117,34,116,18,285
1001,116,32,102,17,267
1002,100,32,102,17,251
1003,114,35,119,13,281
1005,118,34,133,17,302
1006,101,34,133,17,285
1007,116,33,117,16,282
1008,116,18,117,16,267
1010,102,33,116,17,268
1012,119,13,101,16,249
1013,116,35,100,17,268
1014,133,33,133,16,315
1015,118,33,133,16,300
1016,117,16,133,16,282
1017,116,33,133,17,299
1018,100,33,133,17,283
1019,114,34,116,16,280
1020,101,34,116,16,267
1022,100,34,115,16,265
1023,117,32,117,18,284
1024,101,32,117,18,268
1025,117,33,102,14,266
1026,116,17,102,14,249
1027,117,33,136,16,302
1028,116,16,136,16,284
1029,115,33,103,16,267
1030,115,16,103,16,250
1031,117,36,132,17,302
1032,117,18,132,17,284
1033,101,18,132,17,268
1034,102,31,118,16,267
1035,116,36,116,16,284
1036,136,32,117,15,300
1037,119,32,117,15,283
1038,103,32,117,15,267
1039,117,33,117,17,284
1040,132,33,101,16,282
1041,118,33,101,16,268
1042,101,33,101,16,251
1043,102,16,101,16,235
1046,117,15,101,17,250
1048,117,17,132,17,283
1049,117,33,116,16,282
1051,116,33,133,17,299
1052,115,18,133,17,283
1053,116,35,131,18,300
1054,101,35,131,18,285
1055,118,31,118,15,282
1056,132,33,100,17,282
1057,116,33,100,17,266
1061,133,16,118,32,299
1062,115,16,118,32,281
1064,100,33,117,18,268
1066,100,34,101,16,251
1068,117,17,116,16,266
1069,117,49,116,19,301
1070,101,49,116,19,285
1071,113,19,116,19,267
1072,117,18,117,15,267
1074,101,32,134,17,284
1075,116,33,118,15,282
1076,116,16,118,15,265
1078,102,33,118,17,270
1079,116,34,101,15,266
1080,117,15,101,15,248
1082,134,32,101,17,284
1083,117,32,101,17,267
1084,101,32,101,17,251
1085,101,15,101,17,234
1086,118,17,131,18,284
1087,116,32,117,18,283
1088,101,32,117,18,268
1090,116,17,101,16,250
1094,131,36,116,16,299
1095,116,36,116,16,284
1096,117,18,116,16,267
1098,101,32,118,15,266
1101,118,31,134,15,298
1102,104,31,134,15,284
1103,117,33,116,17,283
1104,116,16,116,17,265
1105,116,33,117,18,284
1106,118,15,117,18,268
1107,101,15,117,18,251
1108,113,17,102,16,248
1109,117,35,116,18,286
1110,134,32,119,14,299
1113,115,35,134,16,300
1114,100,35,134,16,285
1115,101,18,134,16,269
1116,102,32,118,16,268
1117,116,35,133,17,301
1119,119,31,119,16,285
1120,102,31,119,16,268
1121,116,36,114,17,283
1122,134,32,118,16,300
1123,118,32,118,16,284
1124,102,32,118,16,268
1125,101,16,118,16,251
1126,133,33,117,16,299
1128,119,16,117,16,268
1129,102,16,117,16,251
1130,114,17,117,18,266
1133,103,16,100,16,235
1134,134,32,100,17,283
1135,117,32,100,17,266
1137,102,16,100,17,235
1139,116,33,116,17,282
1140,100,33,116,17,266
1142,116,16,116,19,267
1143,116,34,101,15,266
1144,100,34,101,15,250
1145,101,17,101,15,234
1146,131,35,134,15,315
1147,115,35,134,15,299
1154,102,32,116,18,268
1157,118,32,132,19,301
1158,114,17,132,19,282
1159,116,34,117,16,283
1160,99,34,117,16,266
1161,118,33,117,16,284
1164,117,16,115,19,267
1168,117,16,132,20,285
1171,115,35,135,14,299
1173,116,32,103,14,265
1176,132,34,134,16,316
1177,115,34,134,16,299
1178,119,14,134,16,283
1179,117,37,113,17,284
1180,118,17,113,17,265
1182,103,30,134,16,283
1183,116,33,101,16,266
1185,114,34,116,18,282
1187,114,33,101,18,266
1189,116,34,133,16,299
1191,116,34,115,17,282
1192,101,34,115,17,267
1193,118,33,132,17,300
1195,118,32,117,17,284
1196,101,32,117,17,267
1197,102,14,117,17,250
1198,133,33,136,15,317
1199,117,33,136,15,301
1201,100,17,136,15,268
1202,116,16,118,16,266
1203,114,34,100,17,265
1204,117,17,100,17,251
1205,117,34,134,16,301
1206,117,17,134,16,284
1208,101,35,115,15,266
1209,119,31,117,16,283
1210,103,31,117,16,267
1211,101,16,117,16,250
1213,117,34,132,17,300
1216,115,15,118,18,266
1217,115,34,102,15,266
1218,117,16,102,15,250
1219,116,34,116,16,282
1220,99,34,116,16,265
1221,102,16,116,16,250
1223,116,35,114,17,282
1224,101,35,114,17,267
1225,118,33,116,15,282
1226,102,33,116,15,266
1228,116,16,118,17,267
1229,117,34,101,16,268
1230,118,15,101,16,250
1231,116,33,119,14,282
1232,114,17,119,14,264
1233,116,33,118,16,283
1235,101,15,118,16,250
1236,100,35,132,18,285
1239,101,16,118,16,251
1240,119,14,101,17,251
1242,100,34,117,17,268
1243,116,33,117,17,283
1244,132,34,133,17,316
1245,116,34,133,17,300
1246,118,16,133,17,284
1247,115,34,116,18,283
1249,117,33,117,16,283
1250,101,33,117,16,267
1251,118,33,117,16,284
1252,101,33,117,16,267
1253,116,33,133,16,298
1257,118,32,118,16,284
1258,101,32,118,16,267
1259,101,16,118,16,251
1260,117,16,101,16,250
1263,116,33,118,16,283
1264,114,17,118,16,265
1265,115,35,133,17,300
1266,118,16,133,17,284
1267,117,32,118,15,282
1268,101,32,118,15,266
1269,115,33,117,18,283
1270,100,33,117,18,268
1273,115,34,100,16,265
1274,133,32,118,17,300
1277,115,35,116,17,283
1278,117,18,116,17,268
1281,116,33,118,16,283
1283,116,34,118,15,283
1284,101,34,118,15,268
1285,101,17,118,15,251
1286,100,33,115,17,265
1287,118,33,133,18,302
1288,133,34,117,16,300
1289,117,34,117,16,284
1293,117,32,118,16,283
1297,115,34,117,16,282
1298,117,16,117,16,266
1299,115,35,131,16,297
1300,135,31,116,17,299
1301,120,31,116,17,284
1302,118,16,116,17,267
1303,117,34,117,15,283
1304,100,34,117,15,266
1306,100,33,132,20,285
1307,119,33,119,15,286
1309,116,33,117,17,283
1310,100,33,117,17,267
1311,115,33,117,18,283
1316,119,15,133,16,283
1317,103,15,133,16,267
1318,117,17,100,16,250
1319,116,34,115,19,284
1322,102,32,102,16,252
1323,114,34,117,16,281
1325,117,33,117,16,283
1327,100,17,117,16,250
1328,115,19,132,18,284
1330,102,33,117,14,266
1331,102,17,117,14,250
1332,117,16,117,16,266
1335,117,34,116,17,284
1336,132,32,119,15,298
1337,116,32,119,15,282
1338,117,14,119,15,265
1339,115,34,100,16,265
1340,117,16,100,16,249
1341,116,34,115,17,282
1343,117,33,132,19,301
1344,116,17,132,19,284
1346,101,33,133,17,284
1347,116,33,117,18,284
1348,100,33,117,18,268
1349,116,33,102,18,269
1350,115,17,102,18,252
1352,132,34,117,17,300
1354,118,15,117,17,267
1355,117,35,133,15,300
1356,117,18,133,15,283
1357,119,33,115,18,285
1359,101,15,115,18,249
1360,119,17,133,15,284
1361,117,32,116,18,283
1362,117,17,116,18,268
1364,133,33,118,15,299
1366,115,18,118,15,266
1367,116,34,163,4,317
1368,116,17,163,4,300
1369,118,33,130,4,285
1371,118,33,139,15,305
1373,118,33,121,18,290
1374,100,33,121,18,272
1375,116,64,122,18,320
1376,163,4,118,18,303
1378,130,4,118,18,270
1379,114,4,118,18,254
1380,119,20,116,15,270
1381,121,33,128,20,302
1382,121,18,128,20,287
1384,118,18,117,17,270
1385,118,33,118,17,286
1386,116,15,118,17,266
1388,128,37,133,17,315
1389,112,37,133,17,299
1391,118,34,133,17,302
1392,117,17,133,17,284
1393,133,17,132,16,298
1394,118,17,132,16,283
1395,118,32,116,17,283
1396,105,32,116,17,270
1397,101,16,116,17,250
1398,133,34,118,14,299
1399,116,34,118,14,282
1400,116,17,118,14,265
1402,116,16,116,17,265
1403,116,33,133,17,299
1405,116,33,117,17,283
1407,116,33,117,18,284
1408,118,14,117,18,267
1409,115,34,101,17,267
1410,116,17,101,17,251
1411,117,33,118,17,285
1412,116,17,118,17,268
1413,117,34,116,17,284
1414,117,17,116,17,267
1415,115,34,116,15,280
1416,117,18,116,15,266
1418,101,33,117,15,266
1419,102,16,117,15,250
1421,101,17,115,16,249
1422,116,17,117,16,266
1423,117,32,119,16,284
1424,116,15,119,16,266
1428,115,16,117,18,266
1429,116,34,118,15,283
1430,117,16,118,15,266
1431,116,34,116,17,283
1432,101,34,116,17,268
1433,116,33,116,18,283
1434,101,33,116,18,268
1436,117,18,117,17,269
1438,118,15,102,15,250
1440,116,17,118,16,267
1441,115,34,116,19,284
1442,116,18,116,19,269
1443,118,34,117,16,285
1444,100,34,117,16,267
1446,102,31,102,15,250
1447,116,35,117,15,283
1448,118,16,117,15,266
1449,102,16,117,15,250
1451,118,32,116,17,283
1453,118,33,117,15,283
1454,102,33,117,15,267
1455,116,32,117,18,283
1456,117,15,117,18,267
1457,101,15,117,18,251
1460,116,17,117,16,266
1461,118,32,119,16,285
1462,100,32,119,16,267
1464,117,18,116,16,267
1465,118,34,115,16,283
1469,116,34,115,19,284
1471,118,32,117,18,285
1475,115,35,117,16,283
1477,116,34,116,18,284
1478,115,19,116,18,268
1480,102,33,101,14,250
1481,118,32,119,15,284
1482,102,32,119,15,268
1483,115,34,118,16,283
1484,117,16,118,16,267
1487,119,31,101,15,266
1488,101,31,101,15,248
1489,117,34,116,18,285
1490,119,15,116,18,268
1491,116,34,116,17,283
1492,118,16,116,17,267
1493,117,33,116,16,282
1494,116,16,116,16,264
1495,118,31,101,17,267
1496,101,31,101,17,250
1497,113,36,117,15,281
1499,116,33,116,17,282
1500,100,33,116,17,266
1501,116,32,116,18,282
1502,116,16,116,18,266
1503,117,34,117,17,285
1505,117,33,116,17,283
1507,116,34,116,18,284
1508,116,17,116,18,267
1509,100,17,116,18,251
1512,117,17,101,17,252
1513,116,32,117,18,283
1514,116,17,117,18,268
1515,116,35,117,15,283
1516,116,18,117,15,266
1518,101,34,116,15,266
1520,101,31,117,18,267
1521,103,14,117,18,252
1523,118,32,116,17,283
1524,117,15,116,17,265
1525,117,33,118,15,283
1526,116,15,118,15,264
1528,100,35,115,17,267
1529,118,32,117,16,283
1531,115,33,118,15,281
1533,115,33,118,15,281
1534,118,15,118,15,266
1535,116,34,118,15,283
1536,115,17,118,15,265
1538,100,33,117,18,268
1540,118,15,102,15,250
1542,100,33,118,16,267
1543,116,34,116,19,285
1544,118,15,116,19,268
1545,116,35,114,19,284
1546,100,35,114,19,268
1548,102,33,114,19,268
1549,117,32,101,15,265
1550,102,32,101,15,250
1552,116,19,114,17,266
1553,118,33,117,16,284
1554,114,19,117,16,266
1556,114,19,117,16,266
1557,117,33,100,16,266
1558,101,33,100,16,250
1560,114,17,119,16,266
1561,100,17,119,16,252
1563,119,33,121,14,287
1564,117,16,121,14,268
1565,102,16,121,14,253
1566,100,33,102,15,250
1568,119,16,133,18,286
1569,116,33,118,16,283
1570,100,33,118,16,267
1571,116,35,115,16,282
1572,121,14,115,16,266
1573,105,14,115,16,250
1576,133,34,117,16,300
1579,113,32,101,17,263
1582,100,34,117,16,267
1583,115,35,131,18,299
1585,117,32,117,15,281
1586,117,16,117,15,265
1590,101,32,117,17,267
1591,116,33,101,16,266
1592,131,33,118,17,299
1593,115,33,118,17,283
1596,116,17,116,17,266
1597,117,33,117,17,284
1600,101,34,117,15,267
1601,117,33,117,15,282
1603,117,33,117,17,284
1604,100,33,117,17,267
1606,117,17,115,17,266
1607,101,17,115,17,250
1608,117,15,119,16,267
1609,116,33,117,17,283
1611,116,35,116,16,283
1613,117,32,117,16,282
1615,115,35,131,17,298
1616,100,35,131,17,283
1617,117,32,116,18,283
1618,102,32,116,18,268
1619,116,33,101,16,266
1621,117,33,117,17,284
1623,114,33,101,15,263
1624,131,35,132,16,314
1625,116,35,132,16,299
1626,116,18,132,16,282
1629,116,34,116,18,284
1630,117,17,116,18,268
1632,101,33,118,16,268
1633,117,33,101,17,268
1634,115,17,101,17,250
1635,116,35,116,16,283
1636,116,19,116,16,267
1637,118,33,115,17,283
1639,119,33,116,17,285
1640,118,16,116,17,267
1641,102,16,116,17,251
1642,101,33,119,14,267
1643,102,16,119,14,251
1644,116,16,118,16,266
1645,117,33,101,17,268
1647,115,34,116,18,283
1648,116,17,116,18,267
1649,116,33,116,19,284
1653,118,32,118,16,284
1654,101,32,118,16,267
1655,101,15,118,16,250
1657,115,34,101,15,265
1658,101,34,101,15,251
1659,117,31,118,18,284
1660,101,31,118,18,268
1661,115,34,102,15,266
1662,100,34,102,15,251
1664,115,20,115,17,267
1665,120,30,116,19,285
1667,115,36,114,19,284
1668,118,18,114,19,269
1669,118,32,115,19,284
1670,102,32,115,19,268
1672,115,17,115,17,264
1674,116,19,116,17,268
1675,117,34,116,17,284
1677,118,33,115,16,282
1678,101,33,115,16,265
1679,117,32,117,15,281
1681,118,34,116,18,286
1683,118,34,114,18,284
1684,116,17,114,18,265
1685,119,31,119,15,284
1686,115,16,119,15,265
1689,115,36,115,18,284
1690,98,36,115,18,267
1692,114,18,117,17,266
1695,116,33,116,18,283
1696,101,33,116,18,268
1697,116,35,115,18,284
1698,115,18,115,18,266
1700,117,17,116,16,266
1701,116,34,117,15,282
1702,101,34,117,15,267
1703,101,17,117,15,250
1704,102,32,117,16,267
1705,117,34,116,18,285
1707,117,32,117,17,283
1708,116,16,117,17,266
1709,115,34,117,16,282
1710,117,15,117,16,265
1711,103,15,117,16,251
1712,117,16,116,19,268
1713,117,35,117,14,283
1714,116,18,117,14,265
1715,118,32,117,16,283
1716,117,17,117,16,267
1717,115,33,119,15,282
1718,100,33,119,15,267
1719,116,35,116,17,284
1720,100,35,116,17,268
1721,118,31,119,14,282
1722,117,14,119,14,264
1724,99,34,119,14,266
1726,119,15,118,16,268
1727,103,15,118,16,252
1728,116,17,117,16,266
1731,115,34,117,16,282
1732,119,14,117,16,266
1734,118,16,116,16,266
1737,116,33,115,19,283
1738,102,33,115,19,269
1739,115,32,102,15,264
1740,101,32,102,15,250
1741,114,34,133,16,297
1742,116,16,133,16,281
1743,115,35,114,18,282
1745,118,33,116,17,284
1746,115,19,116,17,267
1747,99,19,116,17,251
1748,102,32,101,16,251
1749,116,33,103,15,267
1751,117,34,118,17,286
1753,118,34,116,18,286
1754,116,17,116,18,267
1755,118,35,115,17,285
1756,101,35,115,17,268
1757,118,31,101,23,273
1758,103,31,101,23,258
1759,118,35,115,18,286
1760,118,17,115,18,268
1763,118,33,116,16,283
1764,115,17,116,16,264
1765,117,34,133,16,300
1766,101,34,133,16,284
1767,106,11,133,16,266
1768,100,33,116,16,265
1769,118,33,117,15,283
1770,115,18,117,15,265
1772,116,16,119,15,266
1774,133,32,100,16,281
1775,118,32,100,16,266
1777,117,33,133,18,301
1778,117,15,133,18,283
1779,116,34,117,17,284
1781,116,33,119,15,283
1782,116,16,119,15,266
1783,116,34,100,17,267
1785,116,32,102,16,266
1786,101,32,102,16,251
1787,114,35,116,17,282
1789,117,33,116,16,282
1791,118,34,115,18,285
1793,117,31,118,17,283
1794,102,31,118,17,268
1795,115,35,115,20,285
1797,115,32,103,15,265
1798,100,32,103,15,250
1799,115,35,132,17,299
1800,115,18,132,17,282
1801,117,33,116,17,283
1802,102,33,116,17,268
1803,117,35,115,17,284
1806,103,31,119,15,268
1807,101,16,119,15,251
1808,132,34,117,17,300
1810,116,17,117,17,267
1811,118,34,117,15,284
1812,115,17,117,15,264
1813,117,33,118,15,283
1814,101,33,118,15,267
1817,118,33,117,15,283
1818,101,33,117,15,266
1819,117,32,119,15,283
1823,103,15,116,18,252
1825,116,33,115,19,283
1826,117,15,115,19,266
1828,100,34,116,16,266
1829,115,34,115,18,282
1830,100,34,115,18,267
1832,101,32,101,16,250
1833,115,34,101,15,265
1834,115,19,101,15,250
1835,115,32,135,16,298
1838,115,18,116,18,267
1839,116,34,115,19,284
1840,101,34,115,19,269
1842,101,32,102,14,249
1843,117,34,134,16,301
1844,135,34,116,17,302
1847,118,34,117,16,285
1848,115,19,117,16,267
1850,102,31,102,16,251
1851,115,35,116,17,283
1852,134,33,117,16,300
1854,100,33,117,16,266
1855,101,17,117,16,251
1856,117,16,115,16,264
1857,119,33,116,16,284
1858,102,33,116,16,267
1859,116,33,116,17,282
1860,116,17,116,17,266
1861,117,33,116,18,284
1862,117,16,116,18,267
1863,115,32,102,16,265
1864,115,16,102,16,249
1865,115,34,119,15,283
1866,116,16,119,15,266
1867,116,34,117,15,282
1868,116,17,117,15,265
1869,116,34,116,17,283
1870,116,18,116,17,267
1872,102,33,116,18,269
1873,117,33,101,15,266
1875,102,15,101,15,233
1876,117,15,117,16,265
1878,116,17,115,17,265
1879,117,34,116,17,284
1880,116,18,116,17,267
1881,116,32,115,18,281
1882,101,32,115,18,266
1883,116,32,101,15,264
1884,101,32,101,15,249
1885,115,34,116,19,284
1886,115,17,116,19,267
1887,116,35,117,14,282
1888,116,17,117,14,264
1889,101,17,117,14,249
1890,115,18,116,19,268
1891,117,34,115,19,285
1892,101,34,115,19,269
1893,118,34,116,15,283
1894,116,19,116,15,266
1895,117,31,118,16,282
1896,100,31,118,16,265
1897,103,14,118,16,251
1899,120,33,115,18,286
1900,101,33,115,18,267
1901,119,31,102,16,268
1902,100,31,102,16,249
1904,100,34,134,17,285
1905,117,34,117,16,284
1906,116,16,117,16,265
1907,102,16,117,16,251
1908,115,18,115,18,266
1909,117,32,101,16,266
1911,116,34,116,18,284
1912,134,33,101,15,283
1913,116,33,101,15,265
1914,117,16,101,15,249
1915,101,16,101,15,233
1917,117,33,102,18,270
1918,101,33,102,18,254
1919,116,34,116,17,283
1923,100,17,101,17,235
1924,118,17,132,17,284
1926,102,28,104,17,251
1927,104,10,104,17,235
1928,116,17,117,17,267
1930,101,35,114,19,269
1932,132,33,101,16,282
1933,114,33,101,16,264
1934,104,33,101,16,254
1936,117,17,133,16,283
1938,114,19,115,17,265
1940,118,16,117,15,266
1944,133,33,115,19,300
1945,118,33,115,19,285
1946,115,17,115,19,266
1948,117,15,101,16,249
1949,116,34,115,18,283
1951,117,32,117,18,284
1955,116,32,116,18,282
1957,101,16,116,18,251
1958,115,18,117,18,268
1959,117,34,117,15,283
1960,101,34,117,15,267
1961,119,32,119,15,285
1962,115,17,119,15,266
1964,116,18,117,15,266
1965,118,35,115,17,285
1967,119,31,116,18,284
1969,117,34,117,17,285
1970,100,34,117,17,268
1971,118,32,102,16,268
1972,100,32,102,16,250
1974,115,17,133,17,282
1975,116,33,117,16,282
1976,116,18,117,16,267
1978,117,17,133,18,285
1980,102,32,119,15,268
1981,100,16,119,15,250
1982,99,34,116,19,268
1985,116,34,117,17,284
1986,116,17,117,17,267
1987,117,33,101,18,269
1988,101,33,101,18,253
1989,102,15,101,18,236
1990,100,35,132,17,284
1991,118,31,118,17,284
1992,102,31,118,17,268
1993,116,35,100,14,265
1994,117,17,100,14,248
1997,103,13,119,16,251
1999,117,34,116,15,282
2000,101,34,116,15,266
2001,117,32,118,16,283
2002,100,32,118,16,266
2003,114,34,116,18,282
2004,101,34,116,18,269
2005,118,33,117,17,285
2006,116,17,117,17,267
2007,116,32,117,18,283
2008,116,15,117,18,266
2009,117,35,100,16,268
2010,118,16,100,16,250
2011,116,34,117,16,283
2013,118,33,116,17,284
2014,101,33,116,17,267
2015,117,33,115,17,282
2016,102,33,115,17,267
2018,100,33,117,16,266
2025,116,34,116,17,283
2026,117,16,116,17,266
2027,115,32,119,15,281
2028,116,15,119,15,265
2029,115,36,115,16,282
2030,117,17,115,16,265
2031,119,35,130,18,302
2033,119,30,118,15,282
2034,103,30,118,15,266
2035,116,33,119,15,283
2036,101,33,119,15,268
2037,115,33,120,14,282
2039,115,34,117,16,282
2040,113,17,117,16,263
2043,100,15,118,17,250
2045,102,15,101,17,235
2046,101,33,118,15,267
2047,103,14,118,15,250
2049,115,35,116,17,283
2050,118,17,116,17,268
2052,101,32,117,17,267
2053,114,33,101,14,262
2054,118,15,101,14,248
2055,116,35,134,15,300
2056,117,18,134,15,284
2058,116,17,116,18,267
2059,116,33,118,16,283
2060,101,33,118,16,268
2061,116,32,102,14,264
2062,101,32,102,14,249
2063,116,36,133,17,302
2064,134,33,117,15,299
2067,118,33,117,16,284
2068,118,16,117,16,267
2069,120,32,116,18,286
2070,102,32,116,18,268
2071,116,35,115,18,284
2072,116,17,115,18,266
2073,118,32,117,17,284
2074,117,15,117,17,266
2075,115,34,115,18,282
2078,101,33,117,17,268
2080,115,18,117,17,267
2081,116,33,118,16,283
2082,101,33,118,16,268
2083,116,33,101,14,264
2084,115,18,101,14,248
2085,118,34,132,18,302
2086,117,17,132,18,284
2087,118,34,116,17,285
2088,117,17,116,17,267
2090,101,33,115,17,266
2092,101,32,116,18,267
2093,116,33,116,19,284
2094,132,35,115,20,302
2095,115,35,115,20,285
2096,116,17,115,20,268
2097,116,32,103,14,265
2098,115,17,103,14,249
2100,100,34,115,18,267
2102,101,34,115,17,267
2103,117,35,130,16,298
2104,115,20,130,16,281
2105,120,30,116,19,285
2106,103,30,116,19,268
2107,101,16,116,19,252
2108,115,18,116,17,266
2111,117,33,118,16,284
2112,130,35,116,16,297
2113,116,35,116,16,283
2114,116,19,116,16,267
2115,119,32,117,17,285
2116,101,32,117,17,267
2117,117,34,117,17,285
2119,118,33,115,19,285
2121,118,33,101,15,267
2122,99,33,101,15,248
2123,117,34,117,17,285
2124,117,17,117,17,268
2125,117,34,115,17,283
2127,117,33,115,18,283
2128,101,33,115,18,267
2130,101,32,118,15,266
2131,116,35,116,17,284
2132,117,17,116,17,267
2133,117,32,117,18,284
2134,100,32,117,18,267
2135,118,34,101,17,270
2137,118,32,117,18,285
2138,118,15,117,18,268
2139,115,35,117,17,284
2140,116,17,117,17,267
2141,118,34,114,18,284
2144,101,33,115,18,267
2145,101,16,115,18,250
2146,102,33,116,15,266
2148,117,17,133,14,281
2149,118,32,133,17,300
2151,115,34,116,16,281
2152,115,18,116,16,265
2154,100,31,101,16,248
2155,114,36,115,17,282
2156,116,17,115,17,265
2157,119,32,118,16,285
2160,116,16,118,16,266
2161,100,16,118,16,250
2162,101,35,115,16,267
2163,117,32,117,18,284
2164,115,17,117,18,267
2165,118,34,117,16,285
2166,100,34,117,16,267
2167,117,33,118,15,283
2169,118,32,118,15,283
2170,115,16,118,15,264
2171,116,36,132,17,301
2172,117,18,132,17,284
2173,117,32,117,15,281
2176,118,15,118,16,267
2177,102,15,118,16,251
2178,118,15,102,17,252
2179,115,35,117,15,282
2180,116,16,117,15,264
2181,116,32,118,17,283
2182,117,15,118,17,267
2183,114,35,115,19,283
2184,118,16,115,19,268
2185,101,16,115,19,251
2186,102,32,102,16,252
2187,115,33,118,17,283
2188,117,15,118,17,267
2190,118,17,117,15,267
2191,116,34,114,20,284
2192,100,34,114,20,268
2193,117,32,102,14,265
2194,102,32,102,14,250
2195,116,34,133,16,299
2197,117,32,117,16,282
2198,100,32,117,16,265
2199,117,36,115,16,284
2200,114,20,115,16,265
2202,102,32,118,14,266
2203,117,33,117,17,284
2204,133,32,118,15,298
2205,116,32,118,15,281
2206,101,32,118,15,266
2207,101,16,118,15,250
2208,115,16,117,16,264
2209,117,33,116,18,284
2211,116,35,116,15,282
2212,117,17,116,15,265
2213,118,31,118,16,283
2215,115,34,118,17,284
2216,117,16,118,17,268
2217,114,34,101,16,265
2220,116,15,101,16,248
2221,115,34,116,17,282
2222,118,16,116,17,267
2224,118,17,115,17,267
2225,119,32,117,16,284
2226,101,32,117,16,266
2227,116,33,117,16,282
2228,101,33,117,16,267
2230,116,17,118,16,267
2231,115,34,119,16,284
2232,115,17,119,16,267
2233,116,33,116,17,282
2234,117,16,116,17,266
2235,117,33,100,18,268
2237,117,34,101,15,267
2238,118,16,101,15,250
2239,117,35,116,16,284
2240,119,16,116,16,267
2242,102,31,101,17,251
2243,116,35,116,18,285
2248,116,16,101,16,249
2249,102,16,101,16,235
2250,101,35,131,17,284
2251,118,33,115,16,282
2252,116,18,115,16,265
2253,119,33,115,18,285
2254,117,18,115,18,268
2256,101,31,102,17,251
2257,115,34,118,16,283
2259,116,33,101,16,266
2260,115,16,101,16,248
2261,116,35,135,15,301
2262,115,18,135,15,283
2268,101,35,116,17,269
2269,100,19,116,17,252
2271,118,30,118,16,282
2272,103,30,118,16,267
2273,115,35,116,16,282
2274,116,18,116,16,266
2275,118,34,116,18,286
2276,116,17,116,18,267
2277,119,31,103,14,267
2278,115,15,103,14,247
2279,115,34,102,17,268
2280,118,16,102,17,253
2281,117,33,133,19,302
2284,116,18,130,20,284
2287,118,33,100,17,268
2288,102,33,100,17,252
2289,102,16,100,17,235
2290,102,31,103,16,252
2291,115,33,118,17,283
2292,116,14,118,17,265
2293,116,36,115,18,285
2294,117,16,115,18,266
2295,116,34,115,15,280
2296,100,34,115,15,264
2297,117,32,115,18,282
2298,103,32,115,18,268
2299,116,33,100,16,265
2300,102,33,100,16,251
2301,115,34,115,19,283
2302,115,18,115,19,267
2303,116,31,103,14,264
2308,100,33,117,15,265
2310,115,19,132,17,283
2311,118,33,116,17,284
2312,103,33,116,17,269
2313,119,31,102,17,269
2314,117,15,102,17,251
2315,116,33,119,16,284
2316,117,15,119,16,267
2317,116,35,115,19,285
2318,116,16,115,19,266
2319,118,34,117,17,286
2322,102,33,115,18,268
2323,117,33,117,15,282
2326,100,34,114,18,266
2327,117,34,116,16,283
2328,100,34,116,16,266
2329,117,32,117,15,281
2330,101,32,117,15,265
2331,116,32,117,18,283
2332,100,32,117,18,267
2333,117,34,101,17,269
2334,114,18,101,17,250
2335,115,34,134,15,298
2336,116,16,134,15,281
2339,115,35,115,19,284
2340,100,35,115,19,269
2341,119,32,118,16,285
2342,101,32,118,16,267
2343,115,35,115,17,282
2344,134,33,116,17,300
2346,102,33,116,17,268
2347,118,34,117,15,284
2348,115,19,117,15,266
2349,117,32,116,20,285
2352,115,17,103,15,250
2353,117,34,118,16,285
2354,116,17,118,16,267
2355,118,33,101,16,268
2356,117,15,101,16,249
2357,116,36,114,16,282
2358,116,20,114,16,266
2360,103,30,118,17,268
2363,116,32,118,15,281
2364,101,32,118,15,266
2365,117,33,118,16,284
2366,114,16,118,16,264
2367,115,35,116,17,283
2372,100,33,118,15,266
2373,116,34,118,16,284
2374,118,16,118,16,268
2375,116,34,118,16,284
2376,116,17,118,16,267
2377,118,33,101,14,266
2378,101,33,101,14,249
2379,116,32,135,18,301
2380,118,15,135,18,286
2381,115,35,118,16,284
2382,118,16,118,16,268
2384,118,16,117,15,266
2385,116,31,101,18,266
2387,115,35,133,18,301
2388,135,34,117,16,302
2390,118,16,117,16,267
2391,116,32,116,16,280
2392,117,15,116,16,264
2394,101,33,116,20,270
2395,116,34,118,16,284
2396,133,34,116,18,301
2397,115,34,116,18,283
2398,117,16,116,18,267
2399,116,31,103,14,264
2400,116,16,103,14,249
2401,114,37,132,16,299
2404,102,32,116,18,268
2405,116,34,115,19,284
2407,119,33,115,17,284
2408,103,33,115,17,268
2411,116,34,116,17,283
2412,116,18,116,17,267
2413,100,18,116,17,251
2414,100,34,131,17,282
2415,120,31,117,17,285
2417,117,35,116,17,285
2418,116,18,116,17,267
2419,118,33,117,14,282
2420,116,17,117,14,264
2421,118,32,117,16,283
2422,116,15,117,16,264
2423,117,34,118,14,283
2424,117,17,118,14,266
2425,117,34,117,17,285
2427,117,31,103,14,265
2428,100,31,103,14,248
2429,114,34,117,18,283
2430,117,16,117,18,268
2431,116,33,102,16,267
2432,118,14,102,16,250
2433,115,36,114,17,282
2434,117,17,114,17,265
2435,117,32,117,15,281
2436,103,32,117,15,267
2437,117,34,116,17,284
2438,117,18,116,17,268
2439,116,31,102,15,264
2440,102,31,102,15,250
2441,114,34,117,17,282
2443,117,33,101,16,267
2444,117,15,101,16,249
2445,116,35,132,16,299
2446,116,17,132,16,281
2447,117,32,116,19,284
2448,102,32,116,19,269
2449,117,34,101,15,267
2450,117,17,101,15,250
2451,116,34,134,15,299
2453,117,32,117,17,283
2454,132,35,116,16,299
2456,100,35,116,16,267
2457,118,32,116,16,282
2458,101,32,116,16,265
2459,117,35,114,17,283
2462,102,32,118,16,268
2463,118,33,101,17,269
2464,116,16,101,17,250
2465,117,32,120,14,283
2466,100,32,120,14,266
2468,114,17,118,17,266
2469,116,35,115,19,285
2471,117,32,102,16,267
2475,117,35,115,19,286
2476,118,17,115,19,269
2479,117,31,119,17,284
2481,114,35,115,19,283
2482,100,35,115,19,269
2483,117,34,115,17,283
2484,115,19,115,17,266
2485,119,32,116,16,283
2486,114,18,116,16,264
2487,116,35,115,17,283
2488,101,35,115,17,268
2489,119,33,115,17,284
2490,101,33,115,17,266
2492,115,17,116,17,265
2493,118,32,119,16,285
2494,116,16,119,16,267
2495,114,35,115,18,282
2496,115,17,115,18,265
2497,118,33,115,18,284
2498,115,17,115,18,265
2499,117,33,118,14,282
2500,100,33,118,14,265
2501,117,34,117,16,284
2502,101,34,117,16,268
2503,117,33,117,18,285
2504,100,33,117,18,268
2506,115,18,102,13,248
2508,118,14,118,16,266
2509,114,35,116,17,282
2510,117,16,116,17,266
2511,118,35,114,18,285
2512,117,18,114,18,267
2513,120,32,115,17,284
2516,118,16,116,19,269
2518,116,17,116,17,266
2520,114,18,115,17,264
2521,119,32,118,16,285
2522,115,17,118,16,266
2523,116,35,117,16,284
2524,116,19,117,16,268
2525,118,32,101,16,267
2526,116,17,101,16,250
2527,117,33,119,14,283
2529,117,34,118,15,284
2530,118,16,118,15,267
2533,118,32,102,16,268
2534,101,32,102,16,251
2535,117,33,118,16,284
2536,119,14,118,16,267
2537,115,34,116,17,282
2538,118,15,116,17,266
2539,115,35,115,16,281
2541,118,32,117,16,283
2542,102,32,117,16,267
2543,115,33,116,19,283
2544,101,33,116,19,269
2545,115,33,117,17,282
2548,115,16,118,16,265
2550,117,16,118,15,266
2552,116,19,116,15,266
2553,119,32,117,17,285
2554,102,32,117,17,268
2556,118,16,101,16,251
2557,116,33,116,18,283
2559,117,33,118,16,284
2561,116,35,115,17,283
2562,117,17,115,17,266
2563,117,32,117,17,283
2564,101,32,117,17,267
2566,116,18,118,16,268
2567,116,33,101,17,267
2568,118,16,101,17,252
2569,116,33,119,15,283
2570,115,17,119,15,266
2573,118,34,115,18,285
2574,118,16,115,18,267
2575,117,32,101,16,266
2577,102,15,101,16,234
2578,119,15,118,15,267
2580,100,32,119,15,266
2581,114,35,117,17,283
2582,115,18,117,17,267
2583,116,33,101,15,265
2584,101,33,101,15,250
2586,118,15,101,16,250
2587,101,15,101,16,233
2588,119,15,117,18,269
2589,117,35,117,14,283
2590,117,17,117,14,265
2591,118,33,116,17,284
2592,101,33,116,17,267
2593,116,33,117,17,283
2594,101,33,117,17,268
2595,116,34,114,21,285
2596,101,34,114,21,270
2597,117,31,104,15,267
2598,117,14,104,15,250
2599,102,14,104,15,235
2600,116,17,116,18,267
2601,117,34,116,17,284
2602,100,34,116,17,267
2603,101,17,116,17,251
2604,114,21,113,19,267
2606,104,31,118,17,270
2608,116,18,116,17,267
2609,117,33,119,13,282
2611,102,17,119,13,251
2612,113,19,115,16,263
2613,117,34,132,15,298
2614,101,34,132,15,282
2615,102,17,132,15,266
2617,117,32,117,15,281
2618,100,32,117,15,264
2619,117,33,117,18,285
2622,132,33,116,16,297
2623,117,33,116,16,282
2624,115,18,116,16,265
2625,114,31,118,18,281
2626,101,31,118,18,268
2627,115,36,116,17,284
2628,117,18,116,17,268
2629,118,32,117,18,285
2632,116,16,119,16,267
2633,116,35,115,18,284
2635,118,33,117,18,286
2637,101,17,117,18,253
2638,101,34,115,18,268
2639,118,33,117,17,285
2640,102,33,117,17,269
2641,102,16,117,17,252
2642,100,33,117,18,268
2644,100,35,115,16,266
2645,101,18,115,16,250
2647,116,34,115,17,282
2648,100,34,115,17,266
2649,119,34,117,15,285
2650,101,34,117,15,267
2651,118,31,116,18,283
2652,115,16,116,18,265
2654,113,20,117,17,267
2655,116,33,116,17,282
2656,99,33,116,17,265
2657,116,34,117,15,282
2658,117,15,117,15,264
2659,117,33,118,15,283
2661,102,18,118,15,253
2663,118,32,118,15,283
2664,116,17,118,15,266
2665,114,33,117,17,281
2666,99,33,117,17,266
2669,116,33,101,15,265
2671,117,33,118,17,285
2672,100,33,118,17,268
2673,115,34,117,16,282
2675,115,34,114,18,281
2678,101,32,117,16,266
2679,115,35,117,15,282
2680,100,35,117,15,267
2681,118,32,117,17,284
2683,117,33,118,16,284
2684,114,18,118,16,266
2685,117,33,101,18,269
2687,115,34,118,16,283
2688,117,15,118,16,266
2689,116,34,116,16,282
2690,100,34,116,16,266
2691,119,33,117,17,286
2692,101,33,117,17,268
2694,101,33,101,15,250
2695,115,34,118,15,282
2696,118,16,118,15,267
2697,117,32,118,16,283
2698,116,16,118,16,266
2700,117,17,116,16,266
2701,116,33,117,15,281
2702,101,33,117,15,266
2703,116,33,116,18,283
2704,118,15,116,18,267
2705,102,15,116,18,251
2706,101,33,116,18,268
2707,116,33,119,14,282
2710,117,15,118,16,266
2711,114,35,115,19,283
2712,116,18,115,19,268
2713,117,33,117,17,284
2714,101,33,117,17,268
2716,119,14,102,16,251
2717,115,34,118,15,282
2718,100,34,118,15,267
2719,117,35,116,15,283
2722,101,33,116,16,266
2723,116,33,116,16,281
2724,102,33,116,16,267
2726,101,32,118,15,266
2727,117,33,119,15,284
2729,115,34,118,15,282
2730,116,16,118,15,265
2731,116,33,118,16,283
2732,116,16,118,16,266
2734,118,15,101,16,250
2735,115,34,116,17,282
2736,100,34,116,17,267
2737,116,33,118,15,282
2738,100,33,118,15,266
2739,101,15,118,15,249
2741,116,34,116,16,282
2742,101,34,116,16,267
2743,116,32,118,16,282
2745,115,33,101,18,267
2746,118,15,101,18,252
2747,115,36,135,13,299
2749,119,31,117,19,286
2750,101,31,117,19,268
2751,117,34,102,15,268
2752,100,34,102,15,251
2754,101,33,118,16,268
2755,101,15,118,16,250
2756,135,32,116,16,299
2757,120,32,116,16,284
2758,117,19,116,16,268
2759,118,31,116,18,283
2760,102,31,116,18,267
2761,115,34,116,17,282
2763,117,32,117,18,284
2767,117,33,117,16,283
2768,116,18,117,16,267
2770,116,17,116,17,266
2771,115,34,116,16,281
2772,101,34,116,16,267
2774,100,33,117,15,265
2775,101,17,117,15,250
2776,117,16,117,16,266
2780,116,16,119,16,267
2782,117,15,118,18,268
2783,115,34,102,14,265
2784,99,34,102,14,249
2785,117,34,118,17,286
2786,118,16,118,17,269
2787,117,34,101,14,266
2788,101,34,101,14,250
2789,117,34,131,18,300
2790,102,34,131,18,285
2791,118,31,118,17,284
2792,102,31,118,17,268
2793,115,36,115,18,284
2794,99,36,115,18,268
2798,131,35,101,16,283
2799,117,35,101,16,269
2800,118,17,101,16,252
2802,115,18,115,17,265
2803,119,32,116,16,283
2804,102,32,116,16,266
2805,116,35,114,17,282
2806,118,18,114,17,267
2807,118,32,116,17,283
2808,101,32,116,17,266
2810,115,17,116,18,266
2811,117,32,102,16,267
2812,100,32,102,16,250
2813,115,34,134,16,299
2814,114,17,134,16,281
2815,115,34,116,19,284
2816,116,17,116,19,268
2817,117,34,115,16,282
2819,118,33,116,17,284
2821,118,33,116,16,283
2822,118,16,116,16,266
2823,117,35,114,18,284
2827,115,35,116,16,282
2828,116,17,116,16,265
2829,116,32,119,16,283
2830,116,16,119,16,267
2831,116,35,117,16,284
2832,114,18,117,16,265
2833,118,33,116,16,283
2834,102,33,116,16,267
2835,101,16,116,16,249
2836,116,16,119,16,267
2837,116,35,117,16,284
2838,119,16,117,16,268
2839,118,33,117,17,285
2841,116,32,102,15,265
2842,116,16,102,15,249
2844,100,35,117,18,270
2845,116,33,117,16,282
2849,118,33,116,17,284
2850,102,33,116,17,268
2851,116,35,114,18,283
2852,117,18,114,18,267
2855,116,34,116,17,283
2856,117,16,116,17,266
2857,102,16,116,17,251
2858,100,33,117,16,266
2859,116,34,117,15,282
2860,114,18,117,15,264
2861,117,33,115,17,282
2863,116,33,117,18,284
2865,117,33,116,17,283
2866,117,16,116,17,266
2867,117,33,118,14,282
2869,115,33,117,19,284
2870,115,17,117,19,268
2871,116,36,115,16,283
2872,117,18,115,16,266
2873,118,31,117,17,283
2874,102,31,117,17,267
2875,115,32,118,19,284
2876,118,14,118,19,269
2879,118,31,100,18,267
2880,115,16,100,18,249
2881,117,34,134,16,301
2882,117,17,134,16,284
2883,116,35,115,18,284
2885,119,31,102,16,268
2886,100,31,102,16,249
2887,116,33,102,16,267
2888,100,33,102,16,251
2889,101,15,102,16,234
2890,134,34,114,19,301
2891,118,34,114,19,285
2892,115,18,114,19,266
2893,117,33,114,17,281
2895,117,33,115,17,282
2896,102,33,115,17,267
2897,118,33,116,17,284
2899,117,34,115,16,282
2901,117,31,117,19,284
2903,115,34,102,15,266
2904,115,17,102,15,249
2905,116,34,116,16,282
2906,99,34,116,16,265
2907,101,17,116,16,250
2908,115,16,119,16,266
2909,101,16,119,16,252
2910,117,19,115,17,268
2911,119,31,117,16,283
2912,102,31,117,16,266
2913,116,33,117,16,282
2914,99,33,117,16,265
2916,100,35,116,17,268
2917,102,16,116,17,251
2918,115,17,118,15,265
2922,117,16,119,15,267
2924,116,17,117,15,265
2926,100,33,118,15,266
2927,102,15,118,15,250
2928,101,34,117,16,268
2930,102,32,117,18,269
2932,117,15,102,16,250
2934,118,15,117,17,267
2936,117,16,115,18,266
2937,116,34,117,15,282
2939,117,31,101,18,267
2942,117,17,133,16,283
2943,116,33,116,19,284
2945,117,33,119,15,284
2946,117,15,119,15,266
2947,116,34,117,15,282
2949,117,33,116,19,285
2951,118,35,114,17,284
2952,116,19,114,17,266
2954,102,32,117,16,267
2955,101,15,117,16,249
2957,116,36,114,17,283
2959,119,31,118,16,284
2960,100,31,118,16,265
2962,117,16,117,17,267
2963,116,34,116,19,285
2964,101,34,116,19,270
2967,117,34,116,18,285
2968,100,34,116,18,268
2972,100,35,114,17,266
2973,120,34,114,16,284
2975,101,18,114,16,249
2976,103,31,117,15,266
2977,117,32,100,16,265
2978,117,15,100,16,248
2979,116,34,116,19,285
2980,114,17,116,19,266
2981,115,33,102,16,266
2984,99,33,117,16,265
2987,119,33,115,17,284
2988,102,33,115,17,267
2989,118,31,101,17,267
2990,102,31,101,17,251
2993,117,35,116,18,286
2995,118,33,118,15,284
2996,115,17,118,15,265
2999,101,17,115,17,250
3000,102,34,115,15,266
3002,101,33,116,16,266
3003,118,32,116,17,283
3004,101,32,116,17,266
3005,116,33,100,18,267
3006,115,17,100,18,250
3008,115,15,119,15,264
3010,116,16,117,16,265
3011,115,33,117,16,281
3012,116,17,117,16,266
3014,100,33,118,16,267
3015,101,15,118,16,250
3016,101,33,117,19,270
3017,115,34,102,15,266
3018,117,16,102,15,250
3019,117,33,117,17,284
3021,115,34,116,18,283
3022,118,16,116,18,268
3023,116,35,117,15,283
3024,117,19,117,15,268
3027,116,34,117,16,283
3031,118,33,117,17,285
3032,117,15,117,17,266
3033,117,35,115,16,283
3034,101,35,115,16,267
3037,117,33,116,18,284
3039,114,35,116,16,281
3040,117,17,116,16,266
3042,115,16,119,15,265
3043,116,35,115,17,283
3044,100,35,115,17,267
3047,116,33,117,16,282
3051,101,15,116,17,249
3053,118,33,117,18,286
3054,100,33,117,18,268
3055,116,33,102,16,267
3056,100,33,102,16,251
3057,114,34,105,16,269
3060,100,34,116,17,267
3062,101,34,116,15,266
3063,118,37,129,16,300
3064,102,37,129,16,284
3065,101,21,129,16,267
3066,105,29,116,17,267
3067,117,33,100,16,266
3070,116,15,119,17,267
3071,115,35,115,18,283
3073,113,33,116,17,279
3074,116,17,116,17,266
3075,117,33,116,17,283
3077,116,35,133,16,300
3078,101,35,133,16,285
3080,101,32,117,15,265
3082,100,33,119,13,265
3083,117,33,118,15,283
3084,100,33,118,15,266
3085,115,35,115,17,282
3086,133,31,101,16,281
3089,101,15,101,16,233
3090,119,13,119,15,266
3091,116,34,117,17,284
3092,118,15,117,17,267
3093,116,34,116,18,284
3096,101,34,100,16,251
3097,115,32,117,16,280
3098,102,32,117,16,267
3099,115,34,117,17,283
3100,117,17,117,17,268
3103,118,34,117,15,284
3106,102,31,117,18,268
3108,117,17,117,15,266
3109,118,32,118,15,283
3110,116,16,118,15,265
3113,117,34,115,19,285
3116,117,15,118,16,266
3120,116,17,119,15,267
3121,100,17,119,15,251
3123,117,32,118,15,282
3124,102,32,118,15,267
3125,116,33,116,19,284
3126,101,33,116,19,269
3127,117,34,116,18,285
3129,103,15,116,18,252
3130,116,16,101,15,248
3131,116,33,118,18,285
3132,118,15,118,18,269
3134,116,19,101,16,252
3135,116,33,116,15,280
3136,116,18,116,15,265
3137,117,34,114,19,284
3138,101,34,114,19,268
3140,102,34,115,18,269
3141,120,32,118,15,285
3142,101,32,118,15,266
3143,118,31,102,16,267
3144,116,15,102,16,249
3145,116,36,116,15,283
3146,114,19,116,15,264
3147,117,34,132,17,300
3148,115,18,132,17,282
3149,117,32,117,17,283
3150,101,32,117,17,267
3151,117,32,102,15,266
3155,115,35,117,17,284
3156,115,17,117,17,266
3159,118,33,116,18,285
3160,102,33,116,18,269
3162,102,33,101,15,251
3164,117,17,115,18,267
3165,117,31,102,16,266
3166,115,16,102,16,249
3167,116,36,115,18,285
3168,116,18,115,18,267
3169,118,33,116,17,284
3170,101,33,116,17,267
3171,117,33,116,17,283
3172,115,18,116,17,266
3175,117,34,118,14,283
3177,118,33,116,17,284
3178,116,17,116,17,266
3179,118,33,115,18,284
3180,116,17,115,18,266
3181,117,33,118,15,283
3186,116,17,116,18,267
3187,117,33,117,17,284
3191,114,34,116,17,281
3193,117,34,116,16,283
3195,119,33,116,16,284
3197,116,34,116,16,282
3200,101,32,118,14,265
3202,116,16,118,14,264
3204,116,16,118,15,265
3205,116,34,118,16,284
3206,116,16,118,16,266
3207,117,32,102,14,265
3208,100,32,102,14,248
3211,115,34,101,15,265
3212,99,34,101,15,249
3213,115,35,133,16,299
3215,116,33,116,16,281
3217,116,33,116,18,283
3219,116,33,101,16,266
3220,101,33,101,16,251
3221,115,34,116,17,282
3222,133,32,135,16,316
3223,119,32,135,16,302
3224,116,16,135,16,283
3225,115,35,116,16,282
3226,99,35,116,16,266
3227,119,32,118,17,286
3228,101,32,118,17,268
3229,116,34,116,17,283
3230,116,17,116,17,266
3232,101,34,115,17,267
3234,116,16,117,18,267
3235,116,35,116,17,284
3236,100,35,116,17,268
3237,118,32,101,16,267
3238,101,32,101,16,250
3239,117,33,117,17,284
3240,115,17,117,17,266
3241,116,35,115,17,283
3244,100,33,115,18,266
3247,101,17,100,15,233
3248,117,17,133,18,285
3252,115,18,101,16,250
3253,117,32,116,20,285
3254,100,32,116,20,268
3256,133,35,115,16,299
3257,117,35,115,16,283
3258,118,17,115,16,266
3259,102,17,115,16,250
3260,101,32,116,18,267
3261,102,16,116,18,252
3263,119,32,117,15,283
3265,116,32,117,17,282
3267,115,35,117,16,283
3268,99,35,117,16,267
3269,119,31,102,16,268
3270,115,15,102,16,248
3272,117,15,134,18,284
3273,116,34,118,15,283
3277,117,32,116,19,284
3278,102,32,116,19,269
3279,115,34,117,17,283
3280,116,18,117,17,268
3281,117,33,101,13,264
3282,118,15,101,13,247
3283,115,34,117,18,284
3285,117,34,101,15,267
3286,101,34,101,15,251
3287,119,33,133,16,301
3288,117,17,133,16,283
3289,116,34,115,16,281
3296,118,15,118,14,265
3297,120,32,119,16,287
3298,115,16,119,16,266
3299,115,35,118,14,282
3300,115,17,118,14,264
3301,117,32,118,15,282
3302,102,32,118,15,267
3303,114,33,118,17,282
3304,118,14,118,17,267
3305,116,35,117,16,284
3306,100,35,117,16,268
3307,101,16,117,16,250
3308,118,14,120,15,267
3309,103,14,120,15,252
3310,118,15,102,16,251
3312,118,17,134,15,284
3313,116,33,116,17,282
3314,100,33,116,17,266
3315,115,34,116,17,282
3316,101,34,116,17,268
3317,102,15,116,17,250
3318,102,34,113,19,268
3319,118,33,115,18,284
3321,117,32,117,16,282
3322,101,32,117,16,266
3323,114,34,116,17,281
3324,116,17,116,17,266
3325,117,33,118,17,285
3326,113,19,118,17,267
3327,117,34,101,13,265
3328,115,18,101,13,247
3329,118,32,117,17,284
3330,101,32,117,17,267
3331,116,34,117,17,284
3332,116,17,117,17,267
3334,100,35,114,19,268
3337,117,33,117,16,283
3339,117,34,116,16,283
3341,116,34,115,17,282
3343,120,33,116,16,285
3344,101,33,116,16,266
3345,118,32,116,18,284
3346,101,32,116,18,267
3347,116,33,101,16,266
3351,116,33,116,17,282
3354,116,18,115,18,267
3356,101,34,118,16,269
3357,100,18,118,16,252
3358,101,32,102,15,250
3359,116,33,116,18,283
3360,116,17,116,18,267
3361,117,34,117,17,285
3362,115,18,117,17,267
3364,118,16,114,20,268
3366,102,31,103,14,250
3367,101,16,103,14,234
3369,118,34,117,16,285
3370,117,17,117,16,267
3372,114,20,113,16,263
3373,119,31,116,16,282
3375,101,17,116,16,250
3376,100,32,120,13,265
3378,117,16,115,18,266
3379,118,31,102,16,267
3380,113,16,102,16,247
3382,116,16,101,17,250
3384,100,33,118,17,268
3389,117,33,116,18,284
3390,101,33,116,18,268
3391,114,34,100,14,262
3392,118,17,100,14,249
3393,118,33,117,15,283
3395,117,33,118,15,283
3396,100,33,118,15,266
3397,116,34,134,17,301
3398,116,18,134,17,285
3399,117,34,117,15,283
3401,119,31,101,16,267
3403,114,34,102,15,265
3404,118,15,102,15,250
3406,134,32,117,16,299
3407,120,32,117,16,285
3410,101,35,116,17,269
3411,117,33,115,16,281
3412,102,33,115,16,266
3414,116,17,117,17,267
3415,116,32,102,15,265
3416,101,32,102,15,250
3418,116,17,134,16,283
3420,100,31,119,16,266
3421,115,36,118,13,282
3423,118,31,118,16,283
3424,102,31,118,16,267
3425,115,36,117,16,284
3426,134,32,117,20,303
3427,119,32,117,20,288
3428,103,32,117,20,272
3432,118,16,133,18,285
3433,117,35,116,16,284
3434,117,16,116,16,265
3435,117,36,114,15,282
3437,118,29,119,16,282
3439,116,33,102,15,266
3440,133,34,134,15,316
3441,114,34,134,15,297
3442,116,16,134,15,281
3445,116,35,114,18,283
3447,118,31,117,18,284
3448,102,31,117,18,268
3450,117,17,117,16,267
3451,116,33,100,17,266
3453,115,33,133,18,299
3454,114,18,133,18,283
3456,101,34,117,15,267
3457,117,33,115,18,283
3458,117,16,115,18,266
3459,118,33,116,17,284
3461,102,16,116,17,251
3462,117,16,119,15,267
3463,117,33,118,16,284
3464,117,15,118,16,266
3465,115,34,116,18,283
3466,115,18,116,18,267
3467,116,33,101,15,265
3468,116,17,101,15,249
3469,116,34,115,19,284
3470,119,15,115,19,268
3471,101,15,115,19,250
3472,101,33,101,15,250
3473,118,34,118,14,284
3474,116,18,118,14,266
3475,118,33,118,14,283
3476,101,33,118,14,266
3478,115,19,115,17,266
3480,101,33,115,20,269
3481,118,32,117,18,285
3482,118,14,117,18,267
3483,103,14,117,18,252
3486,115,17,118,18,268
3487,117,36,115,17,285
3488,115,20,115,17,267
3492,102,34,117,15,268
3493,101,18,117,15,251
3494,102,34,114,18,268
3495,102,18,114,18,252
3496,115,17,115,17,264
3497,101,17,115,17,250
3499,118,32,118,15,283
3500,117,15,118,15,265
3501,116,34,117,16,283
3502,114,18,117,16,265
3504,100,32,101,17,250
3505,115,34,133,16,298
3507,115,33,116,18,282
3508,118,15,116,18,267
3509,117,34,115,18,284
3510,117,16,115,18,266
3511,102,16,115,18,251
3512,101,33,116,19,269
3513,102,16,116,19,253
3517,116,33,116,17,282
3518,115,18,116,17,266
3522,102,32,116,17,267
3523,118,32,118,17,285
3525,117,34,116,17,284
3526,116,17,116,17,266
3527,100,17,116,17,250
3530,100,33,117,16,266
3531,116,34,117,17,284
3533,118,32,117,16,283
3537,116,34,102,17,269
3538,117,16,102,17,252
3539,116,35,133,15,299
3540,117,17,133,15,282
3541,102,17,133,15,267
3542,102,31,117,16,266
3543,116,36,116,16,284
3546,102,32,115,17,266
3547,101,15,115,17,248
3548,133,31,102,17,283
3549,118,31,102,17,268
3551,116,35,116,16,283
3553,115,32,118,17,282
3554,115,17,118,17,267
3555,115,35,116,16,282
3556,114,19,116,16,265
3559,115,33,101,15,264
3561,101,16,101,15,233
3562,100,35,115,18,268
3563,119,32,118,16,285
3564,116,16,118,16,266
3565,115,34,116,16,281
3566,100,34,116,16,266
3569,115,35,101,16,267
3571,117,33,117,17,284
3572,118,16,117,17,268
3573,101,16,117,17,251
3574,116,16,117,16,265
3575,117,36,133,15,301
3576,100,36,133,15,284
3577,119,31,117,17,284
3578,101,31,117,17,266
3582,102,31,119,16,268
3583,114,36,115,18,283
3584,133,32,101,16,282
3587,116,35,116,16,283
3588,134,32,118,15,299
3590,103,32,118,15,268
3591,102,16,118,15,251
3592,115,18,116,17,266
3593,118,33,115,18,284
3595,118,33,118,17,286
3596,116,16,118,17,267
3597,116,33,102,15,266
3598,118,15,102,15,250
3599,102,15,102,15,234
3602,115,18,116,17,266
3603,116,35,114,19,284
3604,100,35,114,19,268
3605,117,31,102,16,266
3606,102,31,102,16,251
3608,118,14,119,16,267
3609,103,14,119,16,252
3610,116,17,117,18,268
3611,115,35,100,15,265
3612,114,19,100,15,248
3614,102,32,115,18,267
3615,115,34,115,17,281
3616,101,34,115,17,267
3617,102,16,115,17,250
3618,101,34,114,17,266
3622,115,18,101,15,249
3623,115,33,119,14,281
3624,115,17,119,14,265
3626,114,17,118,17,266
3627,116,35,116,17,284
3629,119,32,116,18,285
3630,101,32,116,18,267
3631,117,33,118,15,283
3633,103,14,118,15,250
3635,118,33,119,13,283
3636,116,17,119,13,265
3637,118,33,116,19,286
3638,101,33,116,19,269
3639,115,32,103,16,266
3641,115,35,118,16,284
3642,117,16,118,16,267
3643,117,32,102,15,266
3644,119,13,102,15,249
3645,117,36,114,18,285
3646,116,19,114,18,267
3647,118,33,116,15,282
3648,103,33,116,15,267
3650,101,33,117,15,266
3651,115,34,114,19,282
3652,102,34,114,19,269
3653,119,32,101,14,266
3654,100,32,101,14,247
3658,117,15,118,15,265
3661,119,32,100,18,269
3664,101,34,116,17,268
3669,118,34,117,16,285
3672,116,17,118,15,266
3673,116,34,115,18,283
3674,116,19,115,18,268
3675,116,31,118,16,281
3676,116,16,118,16,266
3678,117,16,117,17,267
3682,115,18,116,15,264
3684,102,32,116,20,270
3685,115,35,101,15,266
3686,117,17,101,15,250
3688,101,33,118,14,266
3689,118,31,117,17,283
3691,115,37,114,19,285
3692,116,20,114,19,269
3693,118,30,103,15,266
3694,101,30,103,15,249
3697,116,33,102,15,266
3698,117,17,102,15,251
3699,117,36,133,18,304
3700,114,19,133,18,284
3702,103,32,119,16,270
3703,115,34,101,15,265
3705,119,33,117,16,285
3708,133,34,116,15,298
3709,118,34,116,15,283
3710,119,16,116,15,266
3711,119,31,100,19,269
3712,101,31,100,19,251
3713,101,16,100,19,236
3714,117,16,118,15,266
3715,117,34,115,17,283
3716,116,17,115,17,265
3717,115,32,116,17,280
3718,116,15,116,17,264
3719,116,35,115,16,282
3720,100,35,115,16,266
3722,118,15,116,17,266
3723,116,33,117,16,282
3724,115,17,117,16,265
3725,115,33,100,16,264
3726,116,17,100,16,249
3727,114,33,119,15,281
3728,115,16,119,15,265
3729,114,34,118,16,282
3731,117,33,119,15,284
3735,118,32,118,16,284
3736,102,32,118,16,268
3737,117,34,117,16,284
3739,117,33,116,18,284
3740,101,33,116,18,268
3741,103,15,116,18,252
3742,116,15,102,20,253
3744,118,16,117,16,267
3745,116,33,117,16,282
3746,117,16,117,16,266
3750,102,34,115,17,268
3751,103,14,115,17,249
3752,101,32,116,16,265
3753,116,33,117,18,284
3754,117,16,117,18,268
3755,117,33,102,14,266
3756,115,17,102,14,248
3757,112,34,118,15,279
3758,115,17,118,15,265
3760,100,32,118,17,267
3761,115,36,115,16,282
3762,99,36,115,16,266
3763,119,31,119,16,285
3766,118,15,101,15,249
3768,101,34,134,17,286
3769,117,32,102,17,268
3770,115,16,102,17,250
3771,101,16,102,17,236
3772,119,16,115,17,267
3774,101,32,117,16,266
3775,116,35,115,19,285
3777,118,32,117,17,284
3780,115,17,101,18,251
3781,117,33,135,16,301
3782,117,16,135,16,284
3783,115,36,115,17,283
3784,115,19,115,17,266
3785,117,32,116,18,283
3786,102,32,116,18,268
3788,101,32,102,15,250
3789,102,14,102,15,233
3791,118,33,117,17,285
3792,115,17,117,17,266
3793,117,34,100,14,265
3794,116,18,100,14,248
3795,116,32,116,17,281
3796,102,32,116,17,267
3797,116,33,118,16,283
3798,116,16,118,16,266
3800,117,17,117,15,266
3801,118,33,117,16,284
3802,100,33,117,16,266
3803,118,32,101,16,267
3804,116,17,101,16,250
3806,100,34,118,14,266
3807,116,33,118,15,282
3808,117,15,118,15,265
3809,118,34,117,15,284
3810,117,16,117,15,265
3811,118,33,117,17,285
3812,101,33,117,17,268
3814,118,14,102,18,252
3816,118,15,116,17,266
3817,115,33,119,17,284
3818,117,15,119,17,268
3819,116,35,101,16,268
3822,102,35,132,17,286
3827,118,33,116,15,282
3829,116,33,116,15,280
3830,132,32,117,17,298
3831,119,32,117,17,285
3832,102,32,117,17,268
3833,115,35,116,16,282
3834,114,19,116,16,265
3835,117,31,118,15,281
3836,116,15,118,15,264
3837,114,33,120,14,281
3838,116,15,120,14,265
3839,114,35,118,15,282
3841,118,33,116,18,285
3842,116,16,116,18,266
3843,116,32,102,16,266
3844,101,32,102,16,251
3845,115,34,117,16,282
3846,120,14,117,16,267
3847,116,34,118,14,282
3850,100,34,115,18,267
3851,117,34,117,16,284
3852,102,34,117,16,269
3853,116,31,102,17,266
3854,102,31,102,17,252
3855,114,33,118,18,283
3857,116,35,115,17,283
3860,117,16,116,15,264
3861,102,16,116,15,249
3864,100,36,115,17,268
3865,119,31,101,17,268
3866,115,17,101,17,250
3867,114,33,136,16,299
3868,116,15,136,16,283
3870,100,34,118,15,267
3871,116,34,119,13,282
3873,118,33,116,18,285
3874,101,33,116,18,268
3876,136,31,102,15,284
3878,102,31,102,15,250
3879,101,15,102,15,233
3880,119,13,117,16,265
3881,102,13,117,16,248
3882,116,18,117,15,266
3883,118,34,116,17,285
3885,117,32,101,16,266
3886,102,32,101,16,251
3888,117,16,118,18,269
3890,117,15,102,14,248
3892,116,17,117,15,265
3893,118,33,115,19,285
3894,101,33,115,19,268
3896,102,34,115,19,270
3897,117,31,103,14,265
3899,115,34,117,17,283
3900,117,15,117,17,266
3901,101,15,117,17,250
3903,118,34,114,19,285
3905,120,31,119,13,283
3907,115,34,118,16,283
3909,118,32,102,15,267
3910,116,15,102,15,248
3911,116,36,116,16,284
3912,114,19,116,16,265
3914,102,30,102,16,250
3915,115,36,116,16,283
3917,117,34,116,17,284
3918,102,34,116,17,269
3919,119,32,117,16,284
3920,116,16,117,16,265
3922,102,34,115,17,268
3923,116,32,117,18,283
3925,117,35,117,16,285
3926,116,17,117,16,266
3927,117,32,118,16,283
3928,101,32,118,16,267
3929,117,33,101,15,266
3930,115,17,101,15,248
3931,116,35,115,18,284
3932,117,18,115,18,268
3933,117,33,115,18,283
3935,117,33,117,15,282
3937,118,33,117,18,286
3939,117,34,115,19,285
3942,115,18,101,16,250
3943,116,32,103,14,265
3944,117,15,103,14,249
3945,117,36,116,15,284
3946,117,18,116,15,266
3947,119,33,115,16,283
3950,101,34,132,16,283
3951,118,33,115,17,283
3952,103,33,115,17,268
3953,118,31,101,16,266
3955,102,15,101,16,234
3956,115,16,118,17,266
3957,115,35,116,17,283
3958,114,18,116,17,265
3959,118,33,115,18,284
3960,115,17,115,18,265
3961,116,33,100,19,268
3962,101,33,100,19,253
3964,101,34,115,17,267
3966,116,17,116,16,265
3967,117,33,116,16,282
3970,100,32,119,15,266
3973,116,33,101,18,268
3974,116,16,101,18,251
3975,101,16,101,18,236
3976,116,16,118,15,265
3978,119,15,117,18,269
3980,117,17,117,17,268
3981,117,34,117,15,283
3983,102,16,117,15,250
3984,102,31,119,16,268
3986,99,36,116,15,266
3987,118,33,117,15,283
3988,117,17,117,15,266
3990,117,15,117,17,266
3991,101,15,117,17,250
3992,119,16,116,17,268
3993,117,32,101,17,267
3994,116,15,101,17,249
3995,115,34,116,18,283
3996,117,15,116,18,266
3997,115,34,116,17,282
3999,116,33,118,17,284
4000,116,17,118,17,268
4002,101,33,102,15,251
4005,117,33,117,16,283
4006,100,33,117,16,266
4007,117,35,117,14,283
4008,118,17,117,14,266
4010,102,32,116,17,267
4011,118,34,117,14,283
4012,116,18,117,14,265
4014,101,32,116,18,267
4016,117,14,120,15,266
4019,117,32,134,17,300
4020,117,14,134,17,282
4021,115,35,116,18,284
4022,99,35,116,18,268
4023,115,34,117,16,282
4024,101,34,117,16,268
4026,117,17,117,17,268
4027,116,32,118,16,282
4028,102,32,118,16,268
4029,117,35,117,16,285
4030,116,18,117,16,267
4031,115,33,116,17,281
4032,117,16,116,17,266
4033,101,16,116,17,250
4034,117,17,117,14,265
4035,102,17,117,14,250
4036,102,32,116,18,268
4037,117,34,115,17,283
4042,117,14,118,17,266
4043,115,35,116,16,282
4045,116,32,117,20,285
4046,100,32,117,20,269
4047,116,34,103,15,268
4048,117,16,103,15,251
4049,115,34,134,15,298
4051,118,32,117,18,285
4052,100,32,117,18,267
4053,101,16,117,18,252
4055,119,31,116,16,282
4057,117,34,115,16,282
4058,134,33,131,18,316
4060,102,33,131,18,284
4061,118,33,116,16,283
4062,114,17,116,16,263
4063,116,32,118,16,282
4064,116,16,118,16,266
4065,116,33,118,17,284
4066,115,16,118,17,266
4067,116,33,119,15,283
4068,131,34,117,17,299
4069,115,34,117,17,283
4070,116,16,117,17,266
4071,116,34,117,16,283
4072,118,16,117,16,267
4073,101,16,117,16,250
4074,101,34,117,17,269
4075,117,32,102,15,266
4076,102,32,102,15,251
4077,116,34,116,19,285
4081,116,35,133,15,299
4082,117,17,133,15,282
4083,117,34,114,18,283
4084,102,34,114,18,268
4085,119,33,116,16,284
4087,118,32,116,18,284
4089,116,34,133,15,298
4090,133,33,115,18,299
4093,100,18,115,18,251
4094,116,16,118,15,265
4095,117,34,116,18,285
4096,116,18,116,18,268
4098,115,18,101,15,249
4100,100,33,115,19,267
4101,116,33,118,17,284
4103,102,15,118,17,252
4104,116,18,115,16,265
4105,119,33,116,16,284
4106,101,33,116,16,266
4107,101,18,116,16,251
4108,101,33,115,19,268
4109,116,34,116,16,282
4110,101,34,116,16,267
4111,101,17,116,16,250
4112,100,31,118,16,265
4114,116,16,117,17,266
4115,118,35,114,18,285
4116,115,19,114,18,266
4117,117,32,116,17,282
4119,117,33,118,15,283
4120,101,33,118,15,267
4121,116,34,116,18,284
4122,117,17,116,18,268
4123,101,17,116,18,252
4124,99,33,117,16,265
4127,116,33,134,16,299
4128,100,33,134,16,283
4129,116,35,115,18,284
4130,116,18,115,18,267
4131,101,18,115,18,252
4133,117,32,102,16,267
4135,132,17,135,14,298
4137,117,34,115,17,283
4138,115,18,115,17,265
4139,117,33,117,16,283
4140,101,33,117,16,267
4142,102,32,101,16,251
4144,117,18,116,15,266
4146,101,31,117,16,265
4147,116,34,117,17,284
4148,117,16,117,17,267
4149,117,33,101,16,267
4150,101,33,101,16,251
4152,116,15,119,17,267
4153,102,15,119,17,253
4154,117,16,103,14,250
4155,115,35,132,18,300
4158,101,34,116,16,267
4161,119,31,117,17,284
4162,103,31,117,17,268
4164,132,34,101,17,284
4165,116,34,101,17,268
4166,116,16,101,17,250
4168,114,18,115,18,265
4169,118,33,115,19,285
4170,117,17,115,19,268
4173,117,33,116,17,283
4175,102,16,116,17,251
4177,117,34,115,16,282
4178,100,34,115,16,265
4179,118,31,120,17,286
4180,114,17,120,17,268
4181,114,35,102,16,267
4182,116,17,102,16,251
4183,118,34,117,15,284
4186,115,16,101,16,248
4187,117,37,132,16,302
4188,120,17,132,16,285
4189,119,32,116,17,284
4190,102,32,116,17,267
4191,103,16,116,17,252
4193,117,34,117,15,283
4195,115,34,114,17,280
4196,132,33,115,17,297
4197,116,33,115,17,281
4198,116,17,115,17,265
4199,116,33,115,19,283
4201,102,16,115,19,252
4202,117,15,102,16,250
4203,116,33,117,17,283
4204,114,17,117,17,265
4206,115,17,117,18,267
4207,115,35,116,17,283
4208,115,19,116,17,267
4209,117,31,102,15,265
4212,117,17,116,18,268
4213,117,35,115,18,285
4214,117,18,115,18,268
4216,116,17,115,18,266
4217,117,32,101,15,265
4218,102,32,101,15,250
4220,100,34,101,15,250
4223,117,33,116,17,283
4225,118,34,116,16,284
4226,101,34,116,16,267
4227,119,33,116,18,286
4228,101,33,116,18,268
4229,100,18,116,18,252
4231,118,33,119,16,286
4232,116,17,119,16,268
4233,118,33,102,14,267
4234,116,16,102,14,248
4235,117,35,133,17,302
4236,116,18,133,17,284
4237,117,31,119,17,284
4238,101,31,119,17,268
4239,116,36,115,17,284
4242,102,31,117,17,267
4244,133,34,131,16,314
4245,119,34,131,16,300
4247,116,32,115,19,282
4248,115,17,115,19,266
4249,101,17,115,19,252
4250,117,17,116,17,267
4251,117,33,116,17,283
4253,115,33,118,15,281
4255,116,35,116,15,282
4257,118,32,118,15,283
4259,116,33,117,18,284
4260,100,33,117,18,268
4263,117,33,118,16,284
4264,116,15,118,16,265
4265,116,34,117,17,284
4266,118,15,117,17,267
4268,117,18,116,16,267
4269,117,31,101,16,265
4270,102,31,101,16,250
4271,115,34,101,15,265
4273,115,34,117,19,285
4276,116,16,103,15,250
4277,116,34,133,18,301
4279,117,32,119,14,282
4282,117,19,114,18,268
4283,119,31,116,17,283
4285,102,16,116,17,251
4286,116,17,117,15,265
4287,118,32,118,17,285
4288,101,32,118,17,268
4290,114,18,116,16,264
4291,117,32,117,15,281
4292,101,32,117,15,265
4293,117,32,118,17,284
4296,118,17,115,17,267
4297,117,33,116,18,284
4298,99,33,116,18,266
4300,100,32,102,17,251
4301,115,35,117,16,283
4302,118,17,117,16,268
4305,115,35,114,18,282
4309,101,16,116,16,249
4310,117,16,115,19,267
4312,101,34,100,17,252
4314,114,18,100,18,250
4315,115,33,117,16,281
4317,115,35,116,18,284
4319,118,32,102,15,267
4320,100,32,102,15,249
4321,103,15,102,15,235
4322,100,34,101,16,251
4324,101,32,102,17,252
4326,116,18,115,16,265
4328,102,33,114,17,266
4330,101,33,115,19,268
4331,101,17,115,19,252
4332,102,32,102,15,251
4334,115,16,116,19,266
4336,114,17,102,17,250
4337,115,36,132,17,300
4338,115,19,132,17,283
4340,102,31,118,17,268
4341,100,16,118,17,251
4343,119,31,120,16,286
4344,102,31,120,16,269
4346,132,34,115,18,299
4349,102,17,115,18,252
4350,117,14,117,19,267
4351,114,36,116,17,283
4352,100,36,116,17,269
4353,117,33,116,16,282
4354,101,33,116,16,266
4355,101,16,116,16,249
4356,115,18,115,17,265
4359,116,33,115,16,280
4360,116,17,115,16,264
4361,116,32,117,17,282
4363,117,33,116,17,283
4364,115,17,116,17,265
4365,117,35,133,15,300
4367,117,31,117,19,284
4368,115,16,117,19,267
4369,115,35,116,17,283
4371,118,32,118,16,284
4376,102,34,117,15,268
4377,118,32,118,15,283
4378,116,17,118,15,266
4379,118,33,100,18,269
4381,116,33,102,14,265
4385,117,33,116,17,283
4386,118,15,116,17,266
4387,116,35,133,15,299
4388,100,35,133,15,283
4389,101,17,133,15,266
4390,102,33,115,16,266
4392,101,33,117,17,268
4393,116,32,102,16,266
4394,116,17,102,16,251
4395,115,35,131,18,299
4396,133,31,118,18,300
4397,119,31,118,18,286
4398,115,16,118,18,267
4399,100,16,118,18,252
4402,102,31,102,16,251
4404,131,36,116,18,301
4406,100,36,116,18,270
4408,100,33,116,15,264
4409,117,32,117,17,283
4410,102,32,117,17,268
4411,116,34,116,17,283
4412,101,34,116,17,268
4414,116,18,115,17,266
4419,116,33,116,17,282
4421,116,34,116,17,283
4422,115,17,116,17,265
4423,117,32,101,16,266
4424,102,32,101,16,251
4425,116,33,118,18,285
4427,116,34,102,16,268
4428,116,17,102,16,251
4429,116,34,135,15,300
4431,117,33,102,15,267
4432,101,33,102,15,251
4433,117,35,116,17,285
4434,101,35,116,17,269
4436,102,32,101,16,251
4437,117,35,114,16,282
4438,135,30,117,17,299
4440,102,30,117,17,266
4441,115,36,116,17,284
4442,116,17,116,17,266
4444,101,32,117,15,265
4445,102,16,117,15,250
4446,114,16,118,16,264
4447,115,34,117,17,283
4449,115,35,134,15,299
4450,116,17,134,15,282
4451,117,31,118,18,284
4452,101,31,118,18,268
4454,100,34,102,17,253
4455,117,34,117,18,286
4456,117,17,117,18,269
4457,116,35,114,17,282
4459,118,33,117,16,284
4460,103,33,117,16,269
4461,118,33,116,17,284
4462,102,33,116,17,268
4464,101,34,116,16,267
4466,100,31,101,17,249
4468,117,16,115,18,266
4470,116,17,116,18,267
4471,117,33,118,16,284
4472,116,16,118,16,266
4473,118,33,116,19,286
4474,101,33,116,19,269
4476,115,18,101,16,250
4477,117,34,116,16,283
4478,116,18,116,16,266
4480,118,16,117,15,266
4482,101,34,132,16,283
4483,119,33,115,17,284
4484,101,33,115,17,266
4486,116,16,118,16,266
4489,117,34,115,18,284
4490,114,18,115,18,265
4491,116,33,118,17,284
4493,116,34,101,15,266
4494,118,16,101,15,250
4495,116,34,134,15,299
4496,101,34,134,15,284
4497,101,18,134,15,268
4499,117,35,115,16,283
4500,100,35,115,16,266
4501,117,33,115,16,281
4502,101,33,115,16,265
4503,118,34,116,14,282
4504,134,33,131,18,316
4506,102,33,131,18,284
4507,117,31,118,16,282
4508,100,31,118,16,265
4510,115,16,117,18,266
4511,116,33,117,18,284
4512,116,14,117,18,265
4514,131,34,118,16,299
4515,116,34,118,16,284
4516,118,16,118,16,268
4517,117,34,117,15,283
4518,101,34,117,15,267
4519,116,33,116,17,282
4521,118,35,115,20,288
4523,118,32,103,14,267
4526,117,15,117,18,267
4528,116,17,101,15,249
4530,115,20,112,18,265
4532,103,30,115,20,268
4533,116,34,101,14,265
4534,117,18,101,14,250
4536,101,32,135,15,283
4538,112,18,116,19,265
4539,116,35,115,17,283
4540,100,35,115,17,267
4541,119,31,101,17,268
4542,101,31,101,17,250
4543,117,35,115,16,283
4544,135,34,131,17,317
4545,119,34,131,17,301
4547,120,32,116,18,286
4548,115,17,116,18,266
4549,101,17,116,18,252
4550,101,34,115,16,266
4552,115,16,119,17,267
4555,116,35,133,16,300
4556,116,18,133,16,283
4557,117,31,118,17,283
4559,116,36,115,17,284
4560,100,36,115,17,268
4561,118,33,115,18,284
4565,118,33,117,16,284
4566,102,33,117,16,268
4569,116,34,117,17,284
4572,118,12,104,14,248
4573,102,12,104,14,232
4574,117,16,102,15,250
4576,117,17,115,17,266
4577,118,34,116,16,284
4579,116,34,114,17,281
4580,104,34,114,17,269
4581,118,31,118,16,283
4582,102,31,118,16,267
4583,100,16,118,16,250
4584,115,17,118,17,267
4585,115,34,117,16,282
4586,116,16,117,16,265
4587,118,33,118,15,284
4589,116,34,117,17,284
4590,118,16,117,17,268
4591,118,34,115,18,285
4592,101,34,115,18,268
4593,117,32,116,17,282
4594,101,32,116,17,266
4597,115,35,114,17,281
4600,115,18,115,18,266
4601,117,32,117,17,283
4602,101,32,117,17,267
4603,115,33,101,17,266
4606,114,17,119,14,264
4607,116,35,115,18,284
4608,115,18,115,18,266
4609,118,33,116,18,285
4611,116,33,101,17,267
4612,101,33,101,17,252
4613,102,16,101,17,236
4615,116,35,117,16,284
4617,117,34,115,18,284
4618,116,18,115,18,267
4619,117,32,116,17,282
4621,115,35,114,19,283
4622,101,35,114,19,269
4624,101,32,101,18,252
4627,116,32,117,20,285
4628,116,17,117,20,270
4629,115,35,102,12,264
4633,103,14,117,16,250
4634,133,36,115,16,300
4636,101,36,115,16,268
4637,121,30,101,17,269
4638,102,30,101,17,250
4639,114,33,116,19,282
4640,100,33,116,19,268
4641,115,34,101,17,267
4645,119,31,103,16,269
4646,101,31,103,16,251
4647,101,14,103,16,234
4649,118,34,115,17,284
4650,101,34,115,17,267
4652,101,33,116,15,265
4653,117,32,115,19,283
4655,102,16,115,19,252
4657,115,34,115,18,282
4658,115,17,115,18,265
4660,116,15,101,16,248
4661,115,35,117,15,282
4663,117,32,119,13,281
4664,101,32,119,13,265
4665,116,34,117,17,284
4667,116,34,117,16,283
4669,101,18,117,16,252
4670,117,15,101,17,250
4676,117,16,117,17,267
4677,116,32,102,16,266
4678,101,32,102,16,251
4679,114,35,132,18,299
4682,115,18,117,17,267
4683,116,34,116,18,284
4684,100,34,116,18,268
4685,100,17,116,18,251
4686,102,32,102,16,252
4687,114,33,118,18,283
4688,132,35,134,14,315
4689,117,35,134,14,300
4691,117,34,114,17,282
4694,102,31,118,17,268
4695,102,15,118,17,252
4697,118,33,114,17,282
4700,114,17,117,18,266
4701,115,35,116,17,283
4702,100,35,116,17,268
4705,118,32,102,15,267
4707,117,35,115,18,285
4708,117,18,115,18,268
4709,117,33,115,19,284
4710,100,33,115,19,267
4711,118,34,114,17,283
4712,100,34,114,17,265
4713,119,31,118,19,287
4715,116,35,102,14,267
4716,115,18,102,14,249
4717,117,34,133,18,302
4720,114,17,120,15,266
4721,116,37,116,15,284
4722,100,37,116,15,268
4723,120,31,100,17,268
4725,101,17,100,17,235
4727,119,33,117,15,284
4728,120,15,117,15,267
4729,102,15,117,15,249
4730,116,15,116,18,265
4731,117,33,101,16,267
4732,100,33,101,16,250
4733,101,16,101,16,234
4734,116,18,131,18,283
4736,101,31,118,15,265
4738,116,18,116,17,267
4739,117,32,101,18,268
4741,116,33,118,16,283
4742,131,33,101,18,283
4745,101,15,101,18,235
4746,116,17,134,16,283
4747,117,33,117,16,283
4748,101,33,117,16,267
4749,116,33,117,18,284
4750,101,33,117,18,269
4751,116,33,117,17,283
4752,101,33,117,17,268
4753,101,15,117,17,250
4755,116,32,102,14,264
4756,117,16,102,14,249
4757,116,35,114,18,283
4758,117,18,114,18,267
4759,117,32,118,14,281
4762,117,17,115,18,267
4763,118,31,102,15,266
4765,116,34,116,18,284
4766,114,18,116,18,266
4767,117,32,102,17,268
4768,118,14,102,17,251
4769,114,36,133,15,298
4770,115,18,133,15,281
4772,102,33,115,17,267
4773,101,18,115,17,251
4774,101,33,116,16,266
4775,116,33,117,16,282
4777,117,34,115,16,282
4778,133,32,118,17,300
4779,118,32,118,17,285
4781,100,17,118,17,252
4782,116,16,102,15,249
4783,115,34,117,16,282
4785,102,16,117,16,251
4787,116,36,133,17,302
4788,118,17,133,17,285
4792,101,32,118,15,266
4793,101,16,118,15,250
4795,114,36,118,13,281
4797,118,32,119,13,282
4798,100,32,119,13,264
4799,116,33,117,18,284
4800,118,15,117,18,268
4801,117,35,100,15,267
4802,101,35,100,15,251
4803,118,31,118,17,284
4806,119,13,102,16,250
4808,117,18,116,15,266
4809,117,32,116,16,281
4810,100,32,116,16,264
4811,114,34,117,16,281
4812,101,34,117,16,268
4813,115,32,101,18,266
4814,102,32,101,18,253
4819,115,35,118,15,283
4820,117,16,118,15,266
4821,117,34,117,16,284
4822,101,34,117,16,268
4825,118,32,101,18,269
4826,102,32,101,18,253
4827,115,34,118,16,283
4828,118,15,118,16,267
4831,117,33,118,14,282
4832,116,17,118,14,265
4833,116,34,117,14,281
4834,101,34,117,14,266
4835,116,33,118,16,283
4836,118,16,118,16,268
4837,116,32,102,15,265
4839,116,33,120,15,284
4840,118,14,120,15,267
4842,117,14,102,16,249
4843,114,36,116,18,284
4844,118,16,116,18,268
4845,116,33,116,16,281
4846,102,33,116,16,267
4847,116,33,116,17,282
4849,116,33,117,17,283
4851,115,35,114,17,281
4854,101,31,119,14,265
4855,114,34,116,17,281
4856,116,17,116,17,266
4857,117,34,116,17,284
4858,100,34,116,17,267
4859,117,32,101,17,267
4860,114,17,101,17,249
4861,116,33,116,18,283
4862,100,33,116,18,267
4863,116,34,119,14,283
4864,116,17,119,14,266
4865,116,34,117,15,282
4866,116,17,117,15,265
4870,102,32,117,16,267
4871,117,33,118,15,283
4872,119,14,118,15,266
4874,117,15,118,17,267
4875,115,35,115,18,283
4876,115,18,115,18,266
4877,119,32,101,15,267
4878,117,16,101,15,249
4880,100,33,134,16,283
4881,115,35,115,15,280
4887,116,33,101,17,267
4888,117,17,101,17,252
4889,116,31,102,18,267
4891,115,37,115,16,283
4893,119,33,116,18,286
4894,101,33,116,18,268
4895,101,17,116,18,252
4898,102,35,115,17,269
4901,115,36,115,17,283
4902,116,18,115,17,266
4903,117,31,119,14,281
4904,102,31,119,14,266
4905,115,34,116,18,283
4906,115,17,116,18,266
4907,117,34,118,14,283
4908,101,34,118,14,267
4909,117,33,117,16,283
4910,115,17,117,16,265
4911,114,32,117,19,282
4914,116,18,101,15,250
4915,117,32,117,16,282
4916,118,14,117,16,265
4917,116,34,116,19,285
4918,117,16,116,19,268
4920,101,35,114,20,270
4922,101,31,103,17,252
4924,117,16,118,16,267
4925,115,36,116,17,284
4926,116,19,116,17,268
4927,119,34,114,16,283
4928,114,20,114,16,264
4929,119,31,117,17,284
4930,103,31,117,17,268
4931,103,14,117,17,251
4933,117,35,117,16,285
4934,116,17,117,16,266
4935,102,17,117,16,252
4936,114,16,102,16,248
4937,113,35,100,17,265
4938,117,17,100,17,251
4942,117,16,115,17,265
4943,118,33,115,19,285
4944,102,33,115,19,269
4945,100,17,115,19,251
4946,100,33,115,18,266
4947,102,16,115,18,251
4948,115,18,115,17,265
4950,115,17,116,17,265
4952,115,19,115,18,267
4953,117,32,116,19,284
4954,101,32,116,19,268
4956,115,17,102,15,249
4957,117,33,102,17,269
4958,116,17,102,17,252
4959,117,35,116,18,286
4960,115,18,116,18,267
4961,119,34,114,18,285
4962,116,19,114,18,267
4963,119,33,116,19,287
4964,102,33,116,19,270
4965,119,32,103,15,269
4966,102,32,103,15,252
4968,116,18,115,17,266
4969,119,32,117,16,284
4970,114,18,117,16,265
4971,117,36,129,17,299
4972,116,19,129,17,281
4974,103,31,115,18,267
4978,117,16,117,15,265
4979,116,32,100,18,266
4980,129,35,116,18,298
4981,114,35,116,18,283
4982,115,18,116,18,267
4985,117,31,101,17,266
4986,117,15,101,17,250
4987,116,36,133,15,300
4988,100,36,133,15,284
4989,101,18,133,15,267
4991,116,32,117,17,282
4992,100,32,117,17,266
4995,117,34,116,16,283
4997,118,33,117,16,284
4999,117,33,117,18,285
5000,101,33,117,18,269
5003,117,32,118,17,284
5004,100,32,118,17,267
5006,117,16,101,15,249
5007,117,35,116,16,284
5008,117,18,116,16,267
5010,101,30,102,17,250
5013,117,33,116,17,283
5014,101,33,116,17,267
5015,117,33,118,14,282
5016,116,16,118,14,264
5019,116,33,101,16,266
5020,115,17,101,16,249
5021,117,34,117,15,283
5022,116,17,117,15,265
5023,116,32,117,17,282
5024,118,14,117,17,266
5026,116,18,115,16,265
5027,118,35,115,17,285
5028,101,35,115,17,268
5029,119,30,102,14,265
5030,102,30,102,14,248
5032,117,17,118,16,268
5033,117,32,102,16,267
5034,115,16,102,16,249
5035,115,36,133,15,299
5036,115,17,133,15,280
5037,117,31,117,21,286
5040,118,16,103,12,249
5042,102,33,117,17,269
5044,133,36,115,15,299
5045,119,36,115,15,285
5046,102,36,115,15,268
5047,119,29,101,16,265
5049,116,35,116,18,285
5050,117,17,116,18,268
5052,115,16,103,15,249
5053,116,35,116,18,285
5055,103,15,116,18,252
5057,115,36,115,18,284
5058,116,18,115,18,267
5060,103,33,116,17,269
5061,116,33,116,17,282
5062,101,33,116,17,267
5064,102,33,116,17,268
5065,117,34,115,17,283
5066,115,18,115,17,265
5067,118,33,117,17,285
5068,116,17,117,17,267
5070,116,17,117,15,265
5071,118,33,117,16,284
5072,116,17,117,16,266
5075,116,35,115,16,282
5076,117,17,115,16,265
5077,118,31,100,16,265
5078,117,15,100,16,248
5079,116,34,119,15,284
5080,117,16,119,15,267
5081,117,33,101,16,267
5083,115,33,134,18,300
5084,115,16,134,18,283
5085,115,33,119,16,283
5088,119,15,116,17,267
5090,101,32,101,18,252
5091,100,16,101,18,235
5092,117,17,133,18,285
5093,118,34,117,15,284
5094,119,16,117,15,267
5095,115,33,117,16,281
5096,116,17,117,16,266
5097,117,32,101,18,268
5098,101,32,101,18,252
5100,133,33,101,18,285
5101,115,33,101,18,267
5102,117,15,101,18,251
5103,101,15,101,18,235
5105,115,34,116,16,281
5108,101,33,115,19,268
5109,116,32,117,17,282
5110,101,32,117,17,267
5111,115,34,100,18,267
5113,115,33,117,17,282
5114,116,16,117,17,266
5116,115,19,116,16,266
5117,116,32,116,15,279
5118,102,32,116,15,265
5119,115,34,117,16,282
5124,116,16,101,16,249
5125,117,31,121,15,284
5126,116,15,121,15,267
5127,113,36,117,17,283
5129,117,34,116,16,283
5130,100,34,116,16,266
5133,101,16,117,16,250
5134,102,34,117,17,270
5135,116,34,115,19,284
5136,100,34,115,19,268
5137,117,32,102,17,268
5138,100,32,102,17,251
5139,116,33,117,18,284
5141,114,35,100,17,266
5142,117,17,100,17,251
5143,117,34,116,16,283
5144,115,19,116,16,266
5145,118,31,101,16,266
5146,102,31,101,16,250
5147,102,14,101,16,233
5148,117,18,132,17,284
5149,117,34,115,17,283
5150,100,34,115,17,266
5152,116,16,117,17,266
5154,101,34,117,15,267
5155,118,32,119,15,284
5156,132,34,116,16,298
5158,115,17,116,16,264
5161,118,32,118,17,285
5162,100,32,118,17,267
5164,119,15,117,17,268
5165,117,32,117,18,284
5166,100,32,117,18,267
5167,115,35,100,16,266
5168,114,19,100,16,249
5169,116,34,117,15,282
5170,118,17,117,15,267
5171,116,33,117,16,282
5172,101,33,117,16,267
5175,119,33,118,16,286
5176,100,33,118,16,267
5177,116,33,118,15,282
5179,116,34,117,16,283
5181,118,34,116,17,285
5182,100,34,116,17,267
5183,118,33,115,17,283
5184,118,16,115,17,266
5185,116,32,117,17,282
5187,115,34,118,15,282
5188,117,16,118,15,266
5189,116,34,116,19,285
5190,116,17,116,19,268
5191,116,32,103,13,264
5192,100,32,103,13,248
5193,115,34,102,14,265
5194,100,34,102,14,250
5196,100,33,119,15,267
5197,116,36,116,15,283
5198,116,19,116,15,266
5201,119,31,119,15,284
5202,102,31,119,15,267
5203,115,34,118,14,281
5204,100,34,118,14,266
5205,102,15,118,14,249
5206,116,15,116,17,264
5207,103,15,116,17,251
5208,132,33,116,16,297
5209,118,33,116,16,283
5210,101,33,116,16,266
5211,115,32,119,15,281
5213,114,34,117,18,283
5215,113,34,116,18,281
5216,115,18,116,18,267
5218,116,16,102,15,249
5219,114,34,102,15,265
5220,119,15,102,15,251
5222,117,18,115,16,266
5223,101,18,115,16,250
5225,118,34,114,19,285
5229,100,17,101,17,235
5231,116,33,119,16,284
5232,115,16,119,16,266
5233,116,36,116,16,284
5234,114,19,116,16,265
5235,118,33,114,18,283
5236,101,33,114,18,266
5238,102,33,116,17,268
5239,118,33,117,17,285
5240,102,33,117,17,269
5241,118,33,118,15,284
5243,115,33,116,18,282
5244,114,18,116,18,266
5247,116,34,134,16,300
5248,100,34,134,16,284
5249,117,32,118,15,282
5250,101,32,118,15,266
5252,116,18,118,15,267
5253,117,35,115,17,284
5256,116,18,116,15,265
5257,117,31,117,16,281
5258,102,31,117,16,266
5260,118,15,117,17,267
5261,117,34,117,15,283
5262,115,17,117,15,264
5265,115,33,119,16,283
5266,117,16,119,16,268
5267,114,35,116,18,283
5268,117,17,116,18,268
5269,100,17,116,18,251
5271,115,34,117,17,283
5272,100,34,117,17,268
5273,100,17,117,17,251
5274,101,34,115,19,269
5275,117,34,114,18,283
5276,116,18,114,18,266
5278,102,33,117,16,268
5279,118,33,117,16,284
5282,115,19,116,16,266
5283,118,32,100,18,268
5284,114,18,100,18,250
5286,117,16,117,15,265
5289,118,33,116,18,285
5290,116,16,116,18,266
5293,116,32,117,17,282
5294,100,32,117,17,266
5297,115,35,116,17,283
5298,116,18,116,17,267
5299,116,33,118,15,282
5300,100,33,118,15,266
5301,116,33,119,16,284
5302,117,17,119,16,269
5303,118,33,102,15,268
5305,117,34,116,19,286
5306,116,17,116,19,268
5307,116,33,102,16,267
5308,118,15,102,16,251
5310,100,35,131,19,285
5312,102,31,119,16,268
5313,116,36,115,16,283
5315,117,31,118,17,283
5316,102,31,118,17,268
5317,114,33,119,15,281
5318,131,35,117,17,300
5322,115,16,102,16,249
5323,115,35,114,18,282
5324,100,35,114,18,267
5325,118,32,100,20,270
5326,102,32,100,20,254
5327,115,35,116,15,281
5328,117,17,116,15,265
5329,118,33,116,17,284
5330,102,33,116,17,268
5333,115,34,117,18,284
5335,102,14,117,18,251
5336,116,15,103,16,250
5337,115,35,117,14,281
5338,116,17,117,14,264
5339,119,32,118,16,285
5340,101,32,118,16,267
5341,113,36,131,16,296
5342,117,18,131,16,282
5343,118,30,117,18,283
5346,117,14,102,15,248
5347,115,35,117,16,283
5348,118,16,117,16,267
5349,116,33,116,19,284
5350,131,34,117,16,298
5351,115,34,117,16,282
5353,116,34,116,16,282
5355,117,32,117,17,283
5357,116,35,114,19,284
5358,116,19,114,19,268
5359,119,32,101,16,268
5361,118,33,102,15,268
5362,116,16,102,15,249
5364,117,17,133,17,284
5366,114,19,116,18,267
5367,117,34,115,17,283
5368,101,34,115,17,267
5369,118,31,101,16,266
5371,116,34,116,17,283
5372,133,35,116,15,299
5374,116,18,116,15,265
5375,118,32,116,17,283
5378,101,33,116,17,267
5380,116,17,117,15,265
5382,116,15,116,17,264
5385,117,33,118,15,283
5387,117,32,118,17,284
5388,117,15,118,17,267
5389,114,34,101,16,265
5390,116,17,101,16,250
5393,117,33,118,16,284
5394,100,33,118,16,267
5395,116,34,117,16,283
5397,118,34,116,17,285
5400,101,31,102,17,251
5401,114,35,116,18,283
5402,118,16,116,18,268
5403,117,33,101,16,267
5406,116,17,116,17,266
5407,118,32,101,19,270
5408,102,32,101,19,254
5411,117,33,102,15,267
5412,101,33,102,15,251
5413,117,33,118,16,284
5415,116,32,102,16,266
5416,101,32,102,16,251
5417,103,13,102,16,234
5418,117,18,115,17,267
5419,119,31,117,15,282
5421,117,34,117,16,284
5422,100,34,117,16,267
5425,114,36,134,14,298
5426,115,17,134,14,280
5427,117,31,117,17,282
5428,101,31,117,17,266
5429,114,35,117,15,281
5431,117,33,116,17,283
5432,102,33,116,17,268
5433,116,35,116,16,283
5434,134,31,118,16,299
5435,118,31,118,16,283
5436,103,31,118,16,268
5438,117,15,116,19,267
5440,116,17,116,19,268
5442,116,16,115,19,266
5444,101,33,101,15,250
5447,118,34,115,17,284
5448,116,19,115,17,267
5449,117,33,115,17,282
5450,115,19,115,17,266
5451,117,32,117,18,284
5453,101,17,117,18,253
5454,99,35,100,14,248
5455,119,32,132,19,302
5456,115,17,132,19,283
5457,118,33,118,15,284
5458,115,17,118,15,265
5459,117,35,115,17,284
5460,100,35,115,17,267
5461,118,32,118,15,283
5462,100,32,118,15,265
5464,132,34,117,18,301
5465,116,34,117,18,285
5466,118,15,117,18,268
5467,101,15,117,18,251
5468,115,17,116,16,264
5469,118,33,117,15,283
5470,100,33,117,15,265
5473,116,34,115,19,284
5474,101,34,115,19,269
5476,116,16,103,15,250
5479,115,34,116,18,283
5480,116,16,116,18,266
5481,116,36,131,18,301
5482,115,19,131,18,283
5483,100,19,131,18,268
5486,102,33,116,18,269
5487,117,33,101,15,266
5488,116,18,101,15,250
5489,117,33,101,16,267
5490,115,16,101,16,248
5492,117,16,116,18,267
5493,117,34,115,19,285
5494,100,34,115,19,268
5495,119,33,101,14,267
5497,117,33,116,19,285
5498,101,33,116,19,269
5499,116,34,101,18,269
5500,116,18,101,18,253
5501,118,34,131,19,302
5502,115,19,131,19,284
5504,101,31,119,15,266
5505,116,36,114,18,284
5506,116,19,114,18,267
5508,101,33,114,17,265
5509,104,15,114,17,250
5512,119,15,101,15,250
5513,102,15,101,15,233
5516,99,32,118,18,267
5519,116,32,102,14,264
5521,100,17,102,14,233
5522,116,17,115,19,267
5523,118,35,114,16,283
5524,118,18,114,16,266
5525,101,18,114,16,249
5528,102,32,100,18,252
5531,117,31,119,15,282
5534,116,16,115,19,266
5537,103,17,116,16,252
5538,101,32,100,17,250
5539,118,32,121,14,285
5541,115,35,117,15,282
5543,116,33,117,15,281
5544,116,16,117,15,264
5545,117,34,116,15,282
5546,100,34,116,15,265
5547,117,33,133,15,298
5548,102,33,133,15,283
5549,119,32,116,18,285
5550,117,15,116,18,266
5551,115,33,118,16,282
5553,115,33,118,17,283
5554,116,15,118,17,266
5555,112,35,117,16,280
5556,117,16,117,16,266
5557,116,33,117,16,282
5558,101,33,117,16,267
5561,116,34,100,17,267
5563,116,33,116,18,283
5564,117,16,116,18,267
5565,102,16,116,18,252
5567,116,34,134,15,299
5568,100,34,134,15,283
5569,117,33,101,15,266
5571,116,34,116,16,282
5572,116,18,116,16,266
5573,117,31,119,15,282
5574,101,31,119,15,266
5577,117,33,114,19,283
5578,101,33,114,19,267
5580,116,16,116,20,268
5582,101,33,103,14,251
5584,115,16,134,18,283
5587,117,35,114,16,282
5588,101,35,114,16,266
5589,118,30,117,18,283
5590,103,30,117,18,268
5593,118,33,117,17,285
5594,117,15,117,17,266
5595,102,15,117,17,251
5599,116,33,115,19,283
5600,101,33,115,19,268
5601,116,33,117,18,284
5602,101,33,117,18,269
5604,101,35,115,16,267
5605,119,32,118,16,285
5608,115,19,117,15,266
5610,117,18,115,17,267
5611,101,18,115,17,251
5613,116,35,116,19,286
5614,118,16,116,19,269
5615,119,32,103,15,269
5618,115,17,116,17,265
5620,101,32,101,19,253
5621,114,37,130,17,298
5622,116,19,130,17,282
5623,118,31,116,17,282
5625,117,33,116,18,284
5626,116,17,116,18,267
5629,118,31,119,15,283
5630,114,16,119,15,264
5631,115,34,117,15,281
5632,116,17,117,15,265
5633,117,34,115,17,283
5635,115,33,116,18,282
5637,117,33,117,17,284
5638,101,33,117,17,268
5640,100,32,119,16,267
5641,116,34,119,14,283
5642,115,17,119,14,265
5643,117,35,117,15,284
5644,116,18,117,15,266
5645,116,33,115,19,283
5646,117,17,115,19,268
5648,102,33,101,15,251
5652,117,15,117,17,266
5653,116,35,119,13,283
5654,115,19,119,13,266
5655,117,33,115,19,284
5657,116,32,102,16,266
5658,102,32,102,16,252
5661,118,33,117,17,285
5663,104,13,117,17,251
5664,115,19,115,18,267
5665,119,31,102,15,267
5666,102,31,102,15,250
5667,101,15,102,15,233
5668,117,17,116,17,267
5669,114,33,115,18,280
5671,101,17,115,18,251
5672,115,18,115,17,265
5673,117,33,116,16,282
5675,117,33,117,16,283
5677,117,33,117,15,282
5678,115,18,117,15,265
5679,117,33,117,19,286
5680,115,17,117,19,268
5681,117,33,103,13,266
5682,116,16,103,13,248
5684,117,16,117,15,265
5686,100,32,100,16,248
5687,116,37,115,17,285
5689,119,31,101,17,268
5690,103,31,101,17,252
5691,116,32,136,14,298
5693,115,34,102,14,265
5695,116,35,116,16,283
5697,119,31,101,16,267
5698,101,31,101,16,249
5699,101,14,101,16,232
5700,117,19,114,18,268
5703,115,34,118,17,284
5704,116,16,118,17,267
5705,99,16,118,17,250
5706,101,34,115,18,268
5707,118,33,117,16,284
5708,114,18,117,16,265
5709,100,18,117,16,251
5710,101,34,116,17,268
5712,101,34,117,15,267
5713,119,32,118,15,284
5715,118,33,118,16,285
5716,100,33,118,16,267
5717,117,34,115,18,284
5719,116,33,117,15,281
5721,118,33,116,18,285
5722,118,15,116,18,267
5723,116,34,115,18,283
5724,100,34,115,18,267
5729,114,35,133,17,299
5731,116,33,117,17,283
5732,115,18,117,17,267
5733,118,35,115,16,284
5736,103,31,117,17,268
5737,117,34,116,18,285
5738,115,18,116,18,267
5739,118,34,116,17,285
5741,116,32,101,15,264
5742,115,16,101,15,247
5743,117,34,117,16,284
5744,117,17,117,16,267
5746,100,34,116,15,265
5748,100,33,117,15,265
5751,117,33,116,18,284
5752,117,16,116,18,267
5753,117,32,102,15,266
5755,115,34,100,17,266
5756,117,15,100,17,249
5757,117,33,118,16,284
5758,118,14,118,16,266
5759,115,35,115,18,283
5760,116,18,115,18,267
5763,115,35,134,16,300
5765,116,32,118,16,282
5766,102,32,118,16,268
5767,117,34,117,17,285
5768,115,18,117,17,267
5769,118,33,117,17,285
5770,101,33,117,17,268
5773,118,32,117,17,284
5774,118,16,117,17,268
5778,101,33,116,18,268
5783,117,32,101,16,266
5784,115,17,101,16,249
5785,116,35,115,17,283
5786,116,18,115,17,266
5787,118,31,117,18,284
5788,116,15,117,18,266
5789,115,35,116,18,284
5791,118,32,102,15,267
5792,101,32,102,15,250
5793,116,34,134,15,299
5794,115,17,134,15,281
5795,116,34,115,19,284
5796,101,34,115,19,269
5797,116,34,117,15,282
5798,116,18,117,15,266
5799,118,33,117,14,282
5800,102,33,117,14,266
5801,118,33,118,17,286
5802,101,33,118,17,269
5803,118,34,117,16,285
5804,115,19,117,16,267
5805,118,32,101,18,269
5806,117,15,101,18,251
5807,117,32,117,18,284
5808,117,14,117,18,266
5809,103,14,117,18,252
5811,103,17,114,16,250
5813,116,33,117,16,282
5816,102,33,116,20,271
5817,115,32,104,14,265
5818,114,16,104,14,248
5819,114,35,132,18,299
5820,116,17,132,18,283
5821,115,33,117,17,282
5823,118,36,115,15,284
5824,116,20,115,15,266
5826,104,30,118,17,269
5827,116,33,119,16,284
5828,132,35,117,16,300
5829,115,35,117,16,283
5830,117,17,117,16,267
5831,118,32,118,15,283
5832,115,15,118,15,263
5834,100,35,115,16,266
5835,118,33,115,19,285
5836,102,33,115,19,269
5840,101,32,118,16,267
5842,115,16,119,15,265
5843,114,36,116,16,282
5844,115,19,116,16,266
5845,117,32,115,20,284
5846,117,16,115,20,268
5848,101,33,102,16,252
5849,117,33,116,19,285
5850,119,15,116,19,269
5854,115,20,133,16,284
5856,102,32,101,16,251
5857,116,34,116,17,283
5858,116,19,116,17,268
5859,117,31,102,16,266
5860,101,31,102,16,250
5861,117,36,116,15,284
5862,133,33,115,17,298
5863,117,33,115,17,282
5864,101,33,115,17,266
5865,102,17,115,17,251
5866,116,17,117,14,264
5867,118,34,115,17,284
5868,102,34,115,17,268
5869,118,31,118,15,282
5870,116,15,118,15,264
5871,115,34,117,18,284
5872,115,17,117,18,267
5874,117,14,103,15,249
5875,115,35,116,18,284
5876,115,17,116,18,266
5877,116,32,102,16,266
5880,117,18,115,17,267
5881,117,31,116,19,283
5882,103,31,116,19,269
5883,116,35,115,17,283
5884,116,18,115,17,266
5885,117,32,100,16,265
5886,102,32,100,16,250
5888,115,17,133,18,283
5889,117,34,117,16,284
5890,101,34,117,16,268
5891,118,32,118,15,283
5892,115,17,118,15,265
5893,116,34,118,14,282
5894,100,34,118,14,266
5896,133,34,115,18,300
5897,118,34,115,18,285
5898,117,16,115,18,266
5899,102,16,115,18,251
5900,101,32,118,16,267
5901,117,33,117,17,284
5902,118,14,117,17,266
5903,112,36,114,17,279
5904,118,17,114,17,266
5905,117,32,116,19,284
5906,101,32,116,19,268
5907,116,33,102,16,267
5909,115,33,133,18,299
5910,117,17,133,18,285
5911,115,33,118,17,283
5912,114,17,118,17,266
5914,99,36,114,19,268
5918,117,16,101,16,250
5919,117,35,115,17,284
5920,118,17,115,17,267
5922,114,19,131,17,281
5923,117,32,116,17,282
5924,102,32,116,17,267
5926,101,34,115,16,266
5927,117,32,116,19,284
5928,100,32,116,19,267
5930,116,15,102,17,250
5931,117,34,117,15,283
5935,116,36,116,16,284
5936,116,19,116,16,267
5937,117,33,115,19,284
5938,102,33,115,19,269
5941,116,35,118,15,284
5942,100,35,118,15,268
5945,115,35,116,15,281
5946,115,19,116,15,265
5947,118,32,117,16,283
5948,103,32,117,16,268
5949,100,16,117,16,249
5951,116,34,116,19,285
5952,116,18,116,19,269
5953,118,32,103,16,269
5954,116,15,103,16,250
5956,117,16,116,16,265
5957,115,34,116,17,282
5959,118,35,114,18,285
5960,100,35,114,18,267
5961,118,31,116,17,282
5962,103,31,116,17,267
5963,101,15,116,17,249
5964,116,16,119,17,268
5967,117,34,117,16,284
5970,101,32,101,17,251
5971,117,35,132,16,300
5973,118,33,134,16,301
5974,101,33,134,16,284
5976,100,33,117,18,268
5978,101,33,102,14,250
5979,116,33,117,18,284
5980,132,35,100,14,281
5981,117,35,100,14,266
5982,115,19,100,14,248
5983,117,34,131,17,299
5985,100,18,131,17,266
5986,102,33,133,17,285
5987,118,33,117,16,284
5988,117,18,117,16,268
5989,101,18,117,16,252
5990,100,32,116,17,265
5992,131,35,115,16,297
5993,117,35,115,16,283
5994,133,33,117,14,297
5995,118,33,117,14,282
5996,117,16,117,14,264
5997,119,32,117,16,284
