序号,发送->接收,接收->转发,转发->接收,接收->处理,总计
2,57,19,17,15,108
3,49,19,17,15,100
4,34,19,17,15,85
5,17,19,17,15,68
7,17,15,16,35,83
8,15,51,14,19,99
9,16,35,14,19,84
11,19,33,16,33,101
12,14,19,16,33,82
13,19,16,15,18,68
14,16,33,33,19,101
16,18,52,15,18,103
17,15,37,15,18,85
20,0,15,33,34,82
21,18,15,34,33,100
22,0,15,34,33,82
23,15,19,15,18,67
24,19,33,20,28,100
25,15,18,20,28,81
26,18,48,35,18,119
27,0,48,35,18,101
30,20,33,16,33,102
31,15,18,16,33,82
33,16,33,15,18,82
35,18,33,15,18,84
36,15,18,15,18,66
39,18,35,28,8,89
40,0,35,28,8,71
41,19,28,8,15,70
42,28,23,16,19,86
43,8,15,16,19,58
44,15,35,15,18,83
45,16,19,15,18,68
46,19,33,16,17,85
47,0,33,16,17,66
48,18,33,15,18,84
49,16,17,15,18,66
50,17,33,15,18,83
52,18,33,18,15,84
53,0,33,18,15,66
55,18,15,19,15,67
56,15,34,17,15,81
57,0,34,17,15,66
58,32,15,35,15,97
59,17,15,35,15,82
61,0,35,15,18,68
64,18,34,16,16,84
66,34,16,15,19,84
67,16,16,15,19,66
68,16,34,16,19,85
70,19,35,48,18,120
71,16,19,48,18,101
73,0,30,36,16,82
74,15,36,50,15,116
75,18,18,50,15,101
76,18,31,19,15,83
77,0,31,19,15,65
78,15,34,16,18,83
80,15,34,16,15,80
81,84,18,84,15,201
83,50,18,84,15,167
86,18,31,53,15,117
87,16,15,53,15,99
89,19,15,19,15,68
90,34,15,16,18,83
91,19,15,16,18,68
92,15,34,16,15,80
94,18,31,19,15,83
95,16,15,19,15,65
97,19,15,16,18,68
100,18,34,15,16,83
101,0,34,15,16,65
102,19,31,19,18,87
103,15,16,19,18,68
106,18,33,16,15,82
107,13,20,16,15,64
108,20,31,19,15,85
109,98,35,17,16,166
110,82,35,17,16,150
111,67,35,17,16,135
112,48,35,17,16,116
115,0,35,17,16,68
117,17,16,16,18,67
118,16,34,15,15,80
119,34,30,16,18,98
120,18,30,16,18,82
121,15,15,16,18,64
123,16,18,16,19,69
127,15,16,19,15,65
128,16,34,16,20,86
129,0,34,16,20,70
130,15,36,15,18,84
131,36,33,16,15,100
132,20,33,16,15,84
133,15,18,16,15,64
135,16,15,19,15,65
136,15,34,15,19,83
137,19,15,15,19,68
138,15,34,16,17,82
140,19,33,15,18,85
141,0,33,15,18,66
142,17,33,16,18,84
143,0,33,16,18,67
144,18,34,16,18,86
146,18,34,17,16,85
151,0,31,20,14,65
152,15,34,16,16,81
153,20,14,16,16,66
154,14,32,17,19,82
156,16,36,15,17,84
157,17,19,15,17,68
158,19,32,18,15,84
159,15,17,18,15,65
161,0,33,19,15,67
162,15,34,16,19,84
163,19,15,16,19,69
164,15,35,83,15,148
165,0,35,83,15,133
166,19,31,52,15,117
167,16,15,52,15,98
169,18,15,19,15,67
170,15,34,34,18,101
171,19,15,34,18,86
172,15,34,18,15,82
173,19,15,18,15,67
175,18,15,34,17,84
176,15,34,17,16,82
177,34,33,17,17,101
181,0,34,16,15,65
182,17,31,17,20,85
183,16,15,17,20,68
185,17,20,16,33,86
186,20,49,17,14,100
189,21,17,81,17,136
190,0,17,81,17,115
191,14,17,50,17,98
192,36,15,16,17,84
193,34,33,16,18,101
194,15,33,16,18,82
196,17,34,16,18,85
198,18,34,15,18,85
199,16,18,15,18,67
201,15,18,17,14,64
203,17,14,17,18,66
204,14,35,19,15,83
205,17,18,19,15,69
206,18,34,33,17,102
207,19,15,33,17,84
208,15,33,17,17,82
209,15,18,17,17,67
210,18,34,17,15,84
211,17,17,17,15,66
212,17,32,16,19,84
214,15,35,17,13,80
216,19,30,18,20,87
220,20,31,15,19,85
221,0,31,15,19,65
223,15,19,15,16,65
224,19,31,19,15,84
225,15,16,19,15,65
226,16,34,20,15,85
228,15,35,17,14,81
229,20,15,17,14,66
231,17,14,19,15,65
232,14,34,19,15,82
234,34,15,19,15,83
235,19,15,19,15,68
237,19,15,16,16,66
239,16,16,19,14,65
241,0,33,16,18,67
242,14,34,17,18,83
243,16,18,17,18,69
245,17,18,16,15,66
246,18,31,19,15,83
247,16,15,19,15,65
249,19,15,35,15,84
251,16,19,15,16,66
254,16,36,34,15,101
255,16,20,34,15,85
256,85,34,18,17,154
257,65,34,18,17,134
258,49,34,18,17,118
260,16,34,18,17,85
263,18,17,13,18,66
264,17,31,17,17,82
265,0,31,17,17,65
267,17,17,16,16,66
269,16,16,21,12,65
270,37,12,33,19,101
271,33,33,19,17,102
272,12,33,19,17,81
274,16,36,15,18,85
277,15,18,17,14,64
278,18,31,19,16,84
280,14,35,16,19,84
281,19,16,16,19,70
282,16,35,16,15,82
283,0,35,16,15,66
284,19,31,19,15,84
285,16,15,19,15,65
289,19,15,16,19,69
290,50,30,17,19,116
293,0,30,17,19,66
294,15,36,16,16,83
295,17,19,16,16,68
296,19,32,19,16,86
297,16,16,19,16,67
298,16,35,16,15,82
299,19,16,16,15,66
301,0,31,16,19,66
302,81,34,16,19,150
303,66,34,16,19,135
306,14,34,16,19,83
309,35,33,14,19,101
310,19,33,14,19,85
311,0,33,14,19,66
312,16,33,16,16,81
313,14,19,16,16,65
314,19,32,16,19,86
315,16,16,16,19,67
318,35,16,16,20,87
319,32,36,17,15,100
320,16,36,17,15,84
321,16,20,17,15,68
322,20,32,16,15,83
324,15,31,19,16,81
325,16,15,19,16,66
326,15,35,15,19,84
327,19,16,15,19,69
328,16,34,34,16,100
329,15,19,34,16,84
331,15,19,16,16,66
333,16,16,15,19,66
334,31,19,15,16,81
335,15,19,15,16,65
337,0,31,18,17,66
339,0,35,18,17,70
343,13,17,17,17,64
344,34,17,18,18,87
345,17,17,18,18,70
346,17,36,49,15,117
347,0,36,49,15,100
348,33,17,17,15,82
350,17,32,17,18,84
351,17,15,17,18,67
354,18,32,18,16,84
355,16,16,18,16,66
358,0,16,15,19,50
360,19,31,53,14,117
362,15,37,16,14,82
365,0,30,19,16,65
366,33,16,84,16,149
367,19,16,84,16,135
369,16,19,49,16,100
372,16,35,16,16,83
373,19,16,16,16,67
374,16,32,19,16,83
375,32,35,17,16,100
376,16,35,17,16,84
377,0,35,17,16,68
378,16,33,15,17,81
381,32,33,35,17,117
382,17,33,35,17,102
385,35,33,17,15,100
386,17,33,17,15,82
390,15,34,19,17,85
393,36,31,19,15,101
394,17,31,19,15,82
397,19,15,14,20,68
398,15,34,16,16,81
401,16,16,18,16,66
402,16,34,15,19,84
403,118,15,19,15,167
404,100,15,19,15,149
405,84,15,19,15,133
406,69,15,19,15,118
407,50,15,19,15,99
409,16,15,19,15,65
410,15,34,16,18,83
412,15,34,49,18,116
413,16,18,49,18,101
415,0,31,18,18,67
416,0,15,18,18,51
417,18,18,16,18,70
418,18,34,16,15,83
419,0,34,16,15,65
420,18,31,17,17,83
421,16,15,17,17,65
422,15,34,34,16,99
424,17,34,16,16,83
425,16,18,16,16,66
427,16,16,19,15,66
429,19,15,16,19,69
430,15,35,16,14,80
431,16,19,16,14,65
433,16,14,19,15,64
434,14,34,19,15,82
435,19,15,19,15,68
437,19,15,16,18,68
438,15,34,14,18,81
439,0,34,14,18,66
442,18,36,16,15,85
444,19,31,16,19,85
445,0,31,16,19,66
446,15,35,16,18,84
447,35,34,33,16,118
448,35,18,33,16,102
450,34,17,16,16,83
451,16,17,16,16,65
453,16,16,15,20,67
456,20,31,15,19,85
457,16,15,15,19,65
460,19,32,16,19,86
461,16,16,16,19,67
462,16,35,15,18,84
463,0,35,15,18,68
464,19,33,34,15,101
467,15,19,34,15,83
468,19,34,15,16,84
469,15,19,15,16,65
470,19,31,19,15,84
471,15,16,19,15,65
472,16,34,19,15,84
473,19,15,19,15,68
474,15,34,16,18,83
475,19,15,16,18,68
476,15,34,15,19,83
477,0,34,15,19,68
478,0,18,15,19,52
479,15,19,13,19,66
480,19,32,16,18,85
482,19,34,33,16,102
483,0,34,33,16,83
484,18,33,32,16,99
485,0,33,32,16,81
486,16,32,36,15,99
488,16,36,15,15,82
490,35,15,20,15,85
492,15,35,16,19,85
493,20,15,16,19,70
494,15,35,15,15,80
495,16,19,15,15,65
497,0,30,16,19,65
499,16,19,16,15,66
500,19,31,34,20,104
502,15,34,20,13,82
503,19,15,20,13,67
504,15,33,35,18,101
506,0,13,35,18,66
508,15,34,16,16,81
509,18,16,16,16,66
511,16,16,16,19,67
514,34,18,16,18,86
515,15,18,16,18,67
516,18,34,32,17,101
517,16,18,32,17,83
518,18,32,17,18,85
519,0,32,17,18,67
523,17,16,17,17,67
524,16,34,13,17,80
525,0,34,13,17,64
526,47,35,17,15,114
527,30,35,17,15,97
528,17,35,17,15,84
529,20,15,17,15,67
531,17,15,20,15,67
532,15,35,16,15,81
533,0,35,16,15,66
534,31,15,16,18,80
536,15,34,34,16,99
538,18,34,16,16,84
539,16,18,16,16,66
541,16,16,20,15,67
542,68,15,17,19,119
544,32,15,17,19,83
545,17,15,17,19,68
546,15,36,16,18,85
548,19,34,17,14,84
552,14,34,17,14,79
553,15,19,17,14,65
554,19,31,20,14,84
555,0,31,20,14,65
556,14,34,19,15,82
558,14,34,16,18,82
559,0,34,16,18,68
560,15,34,15,19,83
563,15,19,16,18,68
565,16,18,15,15,64
566,18,30,20,14,82
567,0,30,20,14,64
568,15,34,17,19,85
569,20,14,17,19,70
570,50,32,35,15,132
571,36,32,35,15,118
574,19,35,15,15,84
575,0,35,15,15,65
576,19,30,20,15,84
577,0,30,20,15,65
578,35,15,35,15,100
579,20,15,35,15,85
581,0,35,15,15,65
582,20,30,19,16,85
583,15,15,19,16,65
584,15,35,15,20,85
587,0,35,16,14,65
588,20,30,17,18,85
589,16,14,17,18,65
590,14,35,17,15,81
591,17,18,17,15,67
594,15,33,19,16,83
595,17,16,19,16,68
596,16,35,16,18,85
597,35,34,34,17,120
598,16,34,34,17,101
599,16,18,34,17,85
600,18,34,17,16,85
601,16,18,17,16,67
603,0,33,16,15,64
604,0,16,16,15,47
605,16,15,19,14,64
606,0,15,19,14,48
607,0,33,17,19,69
608,14,36,16,17,83
609,0,36,16,17,69
610,19,33,15,19,86
612,17,34,34,17,102
613,15,19,34,17,85
614,19,34,17,15,85
615,16,18,17,15,66
616,18,32,15,19,84
619,15,19,15,18,67
620,19,33,16,18,86
622,18,34,16,15,83
624,18,31,17,15,81
626,15,32,19,15,81
627,17,15,19,15,66
628,34,15,20,16,85
630,51,33,16,15,115
631,36,33,16,15,100
632,16,33,16,15,80
633,33,31,33,19,116
636,15,33,19,16,83
638,15,35,16,19,85
639,19,16,16,19,70
640,16,35,31,17,99
641,16,19,31,17,83
642,19,31,17,19,86
643,116,15,15,20,166
645,85,15,15,20,135
646,68,15,15,20,118
647,49,15,15,20,99
649,19,15,15,20,69
650,15,35,15,19,84
653,34,33,16,15,98
655,0,33,16,15,64
656,18,31,16,19,84
658,15,35,15,17,82
660,19,32,18,16,85
661,15,17,18,16,66
662,17,34,16,18,85
666,18,31,20,14,83
667,16,15,20,14,65
668,15,34,17,16,82
669,20,14,17,16,67
672,16,36,17,14,83
674,20,31,17,18,86
676,14,35,16,15,80
677,17,18,16,15,66
678,18,31,19,17,85
679,16,15,19,17,67
680,15,36,15,20,86
684,20,31,16,15,82
686,16,31,20,15,82
687,16,15,20,15,66
688,15,35,16,18,84
690,15,34,15,18,82
691,16,18,15,18,67
692,33,18,16,18,85
693,15,18,16,18,67
694,18,34,17,15,84
695,16,18,17,15,66
698,15,34,17,16,82
699,0,34,17,16,67
700,18,33,15,19,85
701,17,16,15,19,67
702,16,34,15,16,81
703,15,19,15,16,65
705,15,16,23,12,66
707,50,18,19,15,102
708,27,18,19,15,79
709,15,18,19,15,67
710,18,34,17,15,84
714,15,35,51,15,116
717,16,15,20,15,66
718,35,15,16,19,85
719,20,15,16,19,70
720,15,35,16,15,81
721,0,35,16,15,66
722,19,31,16,19,85
723,66,34,16,15,131
724,50,34,16,15,115
725,35,34,16,15,100
726,19,34,16,15,84
728,35,15,35,16,101
729,16,15,35,16,82
730,34,16,16,16,82
731,19,16,16,16,67
732,16,32,16,19,83
734,16,35,16,17,84
735,16,19,16,17,68
737,16,17,17,16,66
738,17,33,15,19,84
739,0,33,15,19,67
741,15,19,15,16,65
742,34,16,19,15,84
743,31,34,19,15,99
744,16,34,19,15,84
745,19,15,19,15,68
746,15,34,16,18,83
747,19,15,16,18,68
748,31,18,17,16,82
749,16,18,17,16,67
751,17,16,13,19,65
753,32,34,18,14,98
754,19,34,18,14,85
755,19,15,18,14,66
757,18,14,17,19,68
758,14,36,14,20,84
759,50,20,13,17,100
760,33,20,13,17,83
761,14,20,13,17,64
762,20,30,18,17,85
764,17,35,17,15,84
766,17,32,19,16,84
768,15,35,16,15,81
769,19,16,16,15,66
770,16,31,17,19,83
771,16,15,17,19,67
772,15,36,15,17,83
774,34,17,16,17,84
776,17,33,16,19,85
777,0,33,16,19,68
778,17,35,16,15,83
779,0,35,16,15,66
780,19,31,17,19,86
783,17,19,16,15,67
784,19,31,17,16,83
785,16,15,17,16,64
786,15,33,20,15,83
787,33,35,16,16,100
788,16,35,16,16,83
789,0,35,16,16,67
790,15,32,20,14,81
791,16,16,20,14,66
793,20,14,19,15,68
794,14,34,16,16,80
795,19,15,16,16,66
796,31,16,19,17,83
797,16,16,19,17,68
798,35,17,16,16,84
800,65,19,15,16,115
801,48,19,15,16,98
803,16,19,15,16,66
804,19,31,16,19,85
805,15,16,16,19,66
806,16,35,15,17,83
808,19,32,16,20,87
809,0,32,16,20,68
810,17,36,16,16,85
812,0,20,16,16,52
814,16,32,83,15,146
816,16,32,51,15,114
817,16,16,51,15,98
818,16,35,50,15,116
819,35,31,19,15,100
820,16,31,19,15,81
822,34,15,20,14,83
823,34,34,17,18,103
825,20,14,17,18,69
826,14,35,17,17,83
827,0,35,17,17,69
828,18,34,17,13,82
830,17,30,18,17,82
831,17,13,18,17,65
832,13,35,18,15,81
833,35,33,34,16,118
836,15,34,34,17,100
837,18,16,34,17,85
839,16,18,34,13,81
840,0,18,34,13,65
843,33,33,20,12,98
844,20,33,20,12,85
845,0,33,20,12,65
847,20,12,17,16,65
848,12,33,18,14,77
850,16,32,19,17,84
851,18,14,19,17,68
852,14,36,16,18,84
854,17,34,16,16,83
855,0,34,16,16,66
858,16,32,19,16,83
859,16,16,19,16,67
860,16,35,16,16,83
861,19,16,16,16,67
862,16,32,18,18,84
863,16,16,18,18,68
864,34,18,16,15,83
866,18,31,16,19,84
867,16,15,16,19,66
868,15,35,16,17,83
870,52,31,17,17,117
871,33,31,17,17,98
872,17,31,17,17,82
873,31,34,17,18,100
875,17,17,17,18,69
876,17,35,17,17,86
877,17,18,17,17,69
879,0,34,50,17,101
881,50,17,48,18,133
883,19,17,48,18,102
885,66,32,19,14,131
887,35,32,19,14,100
888,18,32,19,14,83
889,32,33,19,15,99
891,19,14,19,15,67
893,19,15,16,17,67
894,15,33,16,19,83
897,0,35,16,16,67
898,19,32,16,18,85
902,18,31,17,18,84
903,16,15,17,18,66
904,15,35,16,19,85
905,35,35,16,17,103
906,18,35,16,17,86
908,19,33,15,17,84
913,17,15,19,15,66
914,15,34,17,16,82
915,0,34,17,16,67
916,15,33,19,16,83
917,0,33,19,16,68
921,0,31,19,16,66
922,15,35,15,20,85
923,0,35,15,20,70
925,0,35,19,14,68
926,20,33,17,15,85
927,19,14,17,15,65
928,46,35,16,15,112
929,32,35,16,15,98
930,15,35,16,15,81
931,16,19,16,15,66
932,19,31,19,14,83
935,19,14,17,19,69
936,50,31,16,18,115
939,0,31,16,18,65
940,15,34,16,16,81
942,18,32,19,16,85
944,16,35,16,15,82
945,19,16,16,15,66
946,16,31,20,15,82
948,15,35,34,16,100
949,0,35,34,16,85
950,15,34,16,16,81
951,16,18,16,16,66
954,16,37,48,18,119
955,16,21,48,18,103
956,21,32,16,18,87
957,13,19,16,18,66
958,19,34,16,16,85
960,34,16,16,16,82
962,16,32,19,16,83
963,67,48,18,16,149
964,51,48,18,16,133
965,35,48,18,16,117
966,16,48,18,16,98
967,16,32,18,16,82
968,12,20,18,16,66
969,20,18,16,16,70
970,18,32,33,17,100
971,32,33,17,19,101
973,19,14,17,19,69
974,50,31,19,16,116
978,16,35,16,15,82
980,16,31,20,15,82
983,20,15,16,19,70
984,15,35,16,16,82
986,19,32,16,18,85
989,0,34,16,15,65
990,18,31,17,20,86
991,0,31,17,20,68
992,52,30,12,22,116
993,37,30,12,22,101
994,20,30,12,22,84
995,30,34,19,15,98
996,49,34,85,16,184
999,0,34,85,16,135
1001,17,16,52,16,101
1002,16,34,18,16,84
1003,15,19,18,16,68
1005,18,16,16,15,65
1006,16,31,16,19,82
1007,0,31,16,19,66
1008,15,35,16,18,84
1010,19,34,16,15,84
1012,49,33,17,18,117
1013,31,33,17,18,99
1014,15,33,17,18,83
1015,17,16,17,18,68
1016,16,35,17,15,83
1017,17,18,17,15,67
1018,35,15,19,15,84
1019,17,15,19,15,66
1020,34,15,16,18,83
1022,65,16,35,17,133
1023,50,16,35,17,118
1024,34,16,35,17,102
1025,16,16,35,17,84
1026,16,35,17,17,85
1027,0,35,17,17,69
1028,16,34,16,16,82
1029,34,32,16,19,101
1030,17,32,16,19,84
1031,16,16,16,19,67
1032,16,35,15,15,81
1033,0,35,15,15,65
1034,19,30,19,15,83
1035,15,15,19,15,64
1036,15,34,16,19,84
1037,0,34,16,19,69
1038,15,35,16,18,84
1039,16,19,16,18,69
1040,19,34,16,16,85
1041,16,18,16,16,66
1042,18,32,16,19,85
1043,16,16,16,19,67
1046,19,31,19,18,87
1048,15,37,13,16,81
1049,19,18,13,16,66
1051,0,29,17,19,65
1052,16,36,16,15,83
1053,36,31,20,15,102
1054,19,31,20,15,85
1055,16,15,20,15,66
1056,15,35,16,18,84
1057,20,15,16,18,69
1061,16,16,16,19,67
1062,16,35,16,15,82
1064,19,31,19,16,85
1066,15,35,16,15,81
1068,16,31,17,18,82
1069,0,31,17,18,66
1070,15,35,15,19,84
1071,35,34,15,20,104
1072,18,34,15,20,87
1074,19,35,15,16,85
1075,0,35,15,16,66
1076,20,31,16,18,85
1078,16,34,14,19,83
1079,16,18,14,19,67
1080,18,33,16,18,85
1082,19,34,31,16,100
1083,16,18,31,16,81
1084,18,31,16,19,84
1085,16,15,16,19,66
1086,15,35,16,16,82
1087,0,35,16,16,67
1088,19,32,19,16,86
1090,16,35,16,15,82
1094,15,36,33,16,100
1095,36,33,16,16,101
1096,16,33,16,16,81
1098,18,32,17,16,83
1101,17,16,19,15,67
1102,16,34,34,16,100
1103,19,15,34,16,84
1104,15,34,16,16,81
1105,16,18,16,16,66
1106,18,32,19,14,83
1107,16,16,19,14,65
1108,16,33,17,18,84
1109,19,14,17,18,68
1110,14,35,84,17,150
1113,0,33,51,17,101
1114,15,32,19,17,83
1115,16,16,19,17,68
1116,16,36,15,19,86
1117,19,17,15,19,70
1119,15,19,15,15,64
1120,19,30,17,16,82
1121,15,15,17,16,63
1122,15,33,20,16,84
1123,33,36,16,16,101
1124,16,36,16,16,84
1125,20,16,16,16,68
1126,16,32,17,15,80
1128,16,32,33,20,101
1129,17,15,33,20,85
1130,15,33,20,16,84
1133,0,36,50,16,102
1134,16,32,18,16,82
1135,0,32,18,16,66
1137,18,16,17,17,68
1139,0,34,14,20,68
1140,51,34,16,14,115
1142,20,34,16,14,84
1143,14,20,16,14,64
1144,20,30,17,16,83
1145,16,14,17,16,63
1146,14,33,19,16,82
1147,17,16,19,16,68
1154,20,31,17,16,84
1157,17,16,20,15,68
1158,0,16,20,15,51
1159,20,15,17,14,66
1160,15,31,20,15,81
1161,17,14,20,15,66
1164,15,34,16,16,81
1168,16,33,19,15,83
1171,19,15,18,15,67
1173,18,15,20,16,69
1176,16,30,17,18,81
1177,15,15,17,18,65
1178,15,35,17,15,82
1179,0,35,17,15,67
1180,18,32,120,16,186
1182,15,34,86,16,151
1183,18,16,86,16,136
1185,19,16,51,16,102
1187,16,16,83,15,130
1189,19,16,48,15,98
1191,0,32,16,15,63
1192,16,31,17,20,84
1193,16,15,17,20,68
1195,17,20,17,16,70
1196,20,33,16,16,85
1197,17,16,16,16,65
1198,16,32,16,16,80
1199,16,16,16,16,64
1201,16,16,20,16,68
1202,16,36,16,15,83
1203,20,16,16,15,67
1204,16,31,19,16,82
1205,0,31,19,16,66
1206,15,35,16,18,84
1208,16,34,14,20,84
1209,16,18,14,20,68
1210,18,34,16,14,82
1211,0,34,16,14,64
1213,30,35,16,16,97
1216,15,32,16,19,82
1217,16,16,16,19,67
1218,16,35,17,15,83
1219,16,19,17,15,67
1220,19,32,17,18,86
1221,0,32,17,18,67
1223,0,35,16,16,67
1224,18,32,17,15,82
1225,32,32,20,15,99
1226,16,32,20,15,83
1228,15,35,16,16,82
1229,20,15,16,16,67
1230,15,32,16,20,83
1231,16,16,16,20,68
1232,16,36,15,16,83
1233,16,20,15,16,67
1235,15,16,85,15,131
1236,16,34,51,15,116
1239,17,19,15,15,66
1240,19,30,35,17,101
1242,15,35,17,16,83
1243,0,35,17,16,68
1244,18,33,15,19,85
1245,17,16,15,19,67
1246,16,34,16,16,82
1247,15,19,16,16,66
1249,16,16,16,18,66
1250,0,16,16,18,50
1251,34,32,17,16,99
1252,35,15,17,16,83
1253,17,15,17,16,65
1257,0,36,0,16,52
1258,17,32,15,20,84
1259,0,32,15,20,67
1260,16,35,47,18,116
1263,15,15,17,18,65
1264,15,35,17,15,82
1265,35,32,20,15,102
1266,18,32,20,15,85
1267,0,32,20,15,67
1268,15,35,17,15,82
1269,0,35,17,15,67
1270,15,32,17,19,83
1273,17,19,17,16,69
1274,36,16,83,15,150
1277,13,19,51,15,98
1278,35,19,16,15,85
1281,16,15,18,15,64
1283,0,33,17,16,66
1284,15,33,17,20,85
1285,17,16,17,20,70
1286,16,37,16,16,85
1287,0,37,16,16,69
1288,20,32,17,15,84
1289,0,32,17,15,64
1293,17,17,16,16,66
1297,16,19,17,16,68
1298,19,33,17,16,85
1299,0,33,17,16,66
1300,33,16,16,16,81
1301,17,16,16,16,65
1302,16,32,20,12,80
1303,0,32,20,12,64
1304,0,16,20,12,48
1306,12,36,17,16,81
1307,36,33,17,18,104
1309,17,16,17,18,68
1310,16,35,32,16,99
1311,0,35,32,16,83
1316,0,16,17,19,52
1317,0,36,17,15,68
1318,36,15,17,15,83
1319,17,15,17,15,64
1322,51,31,19,16,117
1323,36,31,19,16,102
1325,15,16,19,16,66
1327,0,35,17,15,67
1328,16,32,16,19,83
1330,15,35,16,15,81
1331,16,19,16,15,66
1332,0,19,16,15,50
1335,0,35,16,19,70
1336,18,35,16,16,85
1337,16,19,16,16,67
1338,19,32,15,19,85
1339,0,32,15,19,66
1340,16,34,16,16,82
1341,15,19,16,16,66
1343,0,32,15,19,66
1344,16,34,15,19,84
1346,19,34,32,17,102
1347,0,34,32,17,83
1348,19,32,17,15,83
1349,20,12,17,15,64
1350,44,36,16,16,112
1352,15,36,16,16,83
1354,20,32,16,18,86
1355,16,16,16,18,66
1356,16,34,16,15,81
1357,16,18,16,15,65
1359,16,15,20,15,66
1360,15,35,17,15,82
1361,35,32,19,16,102
1362,15,32,19,16,82
1364,15,35,16,19,85
1366,16,35,16,15,82
1367,16,19,16,15,66
1368,19,31,17,16,83
1369,31,33,16,18,98
1371,17,16,16,18,67
1373,16,18,83,16,133
1374,18,33,50,16,117
1375,16,17,50,16,99
1376,33,19,15,16,83
1378,19,31,18,16,84
1379,15,16,18,16,65
1380,16,34,18,16,84
1381,0,34,18,16,68
1382,16,34,17,15,82
1384,16,32,16,19,83
1385,0,32,16,19,67
1386,15,35,17,15,82
1388,19,32,19,16,86
1389,17,15,19,16,67
1391,19,16,13,20,68
1392,16,33,16,17,82
1393,0,33,16,17,66
1394,20,33,16,16,85
1395,0,33,16,16,65
1396,17,32,19,15,83
1397,16,16,19,15,66
1398,16,34,16,18,84
1399,19,15,16,18,68
1400,15,34,17,15,81
1402,18,32,35,16,101
1403,17,15,35,16,83
1405,17,18,16,16,67
1407,0,32,16,18,66
1408,32,18,17,16,83
1409,16,18,17,16,67
1410,18,33,16,19,86
1411,17,16,16,19,68
1412,32,19,15,17,83
1413,16,19,15,17,67
1414,19,32,16,16,83
1415,15,17,16,16,64
1416,17,32,19,16,84
1418,16,35,16,18,85
1419,19,16,16,18,69
1421,16,18,33,16,83
1422,18,33,16,16,83
1423,14,19,16,16,65
1424,19,32,16,19,86
1428,0,19,17,16,52
1429,33,35,16,16,100
1430,16,35,16,16,83
1431,15,20,16,16,67
1432,20,32,16,19,87
1433,32,35,17,15,99
1434,16,35,17,15,83
1436,19,32,16,17,84
1438,31,17,17,15,80
1440,0,17,17,15,49
1441,0,32,16,16,64
1442,15,32,17,17,81
1443,16,16,17,17,66
1444,33,17,35,17,102
1446,17,35,17,17,86
1447,16,19,17,17,69
1448,19,34,14,18,85
1449,17,17,14,18,66
1451,0,32,33,18,83
1453,17,16,18,18,69
1454,16,36,13,20,85
1455,18,18,13,20,69
1456,18,33,16,15,82
1457,13,20,16,15,64
1460,15,35,34,15,99
1461,0,35,34,15,84
1462,18,34,15,17,84
1464,19,32,34,15,100
1465,15,17,34,15,81
1469,15,15,20,15,65
1471,20,15,17,15,67
1475,0,35,18,14,67
1477,0,32,20,14,66
1478,14,34,16,20,84
1480,14,36,16,15,81
1481,16,20,16,15,67
1482,20,31,16,19,86
1483,16,15,16,19,66
1484,15,35,17,16,83
1487,17,16,14,18,65
1488,16,32,35,14,97
1489,14,18,35,14,81
1490,18,35,14,18,85
1491,18,17,14,18,67
1492,17,32,18,17,84
1493,14,18,18,17,67
1494,18,35,13,17,83
1495,0,35,13,17,65
1496,17,30,17,18,82
1497,13,17,17,18,65
1499,35,32,17,16,100
1500,18,32,17,16,83
1501,0,32,17,16,65
1502,31,16,17,19,83
1503,17,16,17,19,69
1505,0,36,16,16,68
1507,16,16,16,17,65
1508,16,33,33,17,99
1509,16,17,33,17,83
1512,17,36,15,16,84
1513,17,19,15,16,67
1514,19,31,16,17,83
1515,15,16,16,17,64
1516,16,33,19,16,84
1518,17,35,16,15,83
1520,16,31,20,15,82
1521,16,15,20,15,66
1523,35,32,17,20,104
1524,15,32,17,20,84
1525,17,15,17,20,69
1526,68,16,17,17,118
1528,36,16,17,17,86
1529,16,16,17,17,66
1531,17,17,80,19,133
1533,0,31,49,19,99
1534,16,36,13,19,84
1535,0,36,13,19,68
1536,20,32,16,16,84
1538,19,32,16,20,87
1540,16,36,15,15,82
1542,20,30,83,19,152
1543,0,30,83,19,132
1544,15,35,48,19,117
1545,16,19,48,19,102
1546,19,32,16,19,86
1548,16,35,16,16,83
1549,16,19,16,16,67
1550,19,32,19,15,85
1552,16,34,17,16,83
1553,19,15,17,16,67
1554,15,33,16,19,83
1556,16,35,17,16,84
1557,16,19,17,16,68
1558,19,33,17,15,84
1560,16,32,16,19,83
1561,17,15,16,19,67
1563,16,19,17,15,67
1564,19,32,15,21,87
1565,0,32,15,21,68
1566,15,36,13,19,83
1568,21,32,15,22,90
1569,0,32,15,22,69
1570,19,37,10,17,83
1571,15,22,10,17,64
1572,22,27,18,16,83
1573,10,17,18,16,61
1576,16,32,21,16,85
1579,37,32,17,15,101
1582,16,32,17,19,84
1583,0,32,17,19,68
1585,17,19,16,16,68
1586,19,32,16,16,83
1590,16,36,17,16,85
1591,20,16,17,16,69
1592,16,33,17,16,82
1593,0,33,17,16,66
1596,16,32,17,15,80
1597,17,15,17,15,64
1600,15,37,16,16,84
1601,37,32,16,17,102
1603,0,32,16,17,65
1604,16,33,35,16,100
1606,17,35,16,17,85
1607,17,18,16,17,68
1608,18,33,16,16,83
1609,16,17,16,16,65
1611,0,32,15,19,66
1613,15,19,18,15,67
1615,18,15,15,20,68
1616,15,35,13,20,83
1617,0,35,13,20,68
1618,20,33,17,15,85
1619,13,20,17,15,65
1621,17,15,16,16,64
1623,0,32,19,15,66
1624,16,34,16,20,86
1625,0,34,16,20,70
1626,15,36,31,15,97
1629,66,31,16,16,129
1630,50,31,16,16,113
1632,20,31,16,16,83
1633,31,32,20,16,99
1634,16,32,20,16,84
1635,0,32,20,16,68
1636,16,36,84,16,152
1637,0,36,84,16,136
1639,0,34,50,16,100
1640,18,31,19,16,84
1641,31,35,17,17,100
1642,15,35,17,17,84
1643,19,16,17,17,69
1644,33,17,16,17,83
1645,17,17,16,17,67
1647,0,33,15,16,64
1648,17,31,20,15,83
1649,15,16,20,15,66
1653,0,32,20,16,68
1654,36,16,15,16,83
1655,20,16,15,16,67
1657,15,16,18,16,65
1658,34,16,16,19,85
1659,34,35,16,16,101
1660,16,35,16,16,83
1661,0,35,16,16,67
1662,19,32,21,11,83
1664,16,32,17,19,84
1665,0,32,17,19,68
1667,17,19,17,16,69
1668,19,33,17,15,84
1669,17,16,17,15,65
1670,33,15,16,16,80
1672,15,32,20,16,83
1674,16,36,16,16,84
1675,20,16,16,16,68
1677,16,16,16,16,64
1678,16,32,0,20,68
1679,16,16,0,20,52
1681,0,36,15,16,67
1683,15,16,16,19,66
1684,16,35,16,18,85
1685,16,19,16,18,69
1686,35,18,16,17,86
1689,0,33,17,16,66
1690,17,33,35,12,97
1692,32,19,12,18,81
1695,47,16,19,17,99
1696,35,16,19,17,87
1697,17,16,19,17,69
1698,16,36,15,15,82
1700,17,30,20,16,83
1701,15,15,20,16,66
1702,15,36,16,15,82
1703,36,31,19,16,102
1704,16,31,19,16,82
1705,66,32,19,15,132
1707,35,32,19,15,101
1708,16,32,19,15,82
1709,16,16,19,15,66
1710,16,34,33,17,100
1711,19,15,33,17,84
1712,15,33,17,16,81
1713,15,18,17,16,66
1714,0,18,17,16,51
1715,17,16,16,20,69
1716,32,20,17,15,84
1717,16,20,17,15,68
1718,20,32,34,15,101
1719,17,15,34,15,81
1720,115,33,16,20,184
1721,100,33,16,20,169
1722,84,33,16,20,153
1724,51,33,16,20,120
1726,15,33,16,20,84
1727,18,15,16,20,69
1728,51,32,18,16,117
1731,0,32,18,16,66
1732,19,34,15,18,86
1734,0,16,15,18,49
1737,18,12,37,16,83
1738,12,37,16,16,81
1739,0,37,16,16,69
1740,20,32,17,15,84
1741,16,16,17,15,64
1742,16,32,19,15,82
1743,17,15,19,15,66
1745,19,15,18,15,67
1746,15,33,16,20,84
1747,0,33,16,20,69
1748,31,20,17,15,83
1749,16,20,17,15,68
1751,0,32,20,17,69
1753,20,17,13,17,67
1754,17,30,18,13,78
1755,13,17,18,13,61
1756,17,31,17,18,83
1757,18,13,17,18,66
1758,13,35,15,18,81
1759,35,33,18,18,104
1760,18,33,18,18,87
1763,36,28,38,15,117
1764,32,14,38,15,99
1765,14,14,38,15,81
1766,14,38,15,16,83
1767,17,21,15,16,69
1768,36,16,16,19,87
1769,15,16,16,19,66
1770,0,16,16,19,51
1772,19,32,17,15,83
1774,32,15,16,20,83
1775,17,15,16,20,68
1777,0,36,17,16,69
1778,20,33,16,16,85
1779,17,16,16,16,65
1781,48,18,16,16,98
1782,32,18,16,16,82
1783,16,18,16,16,66
1785,32,34,16,19,101
1786,16,34,16,19,85
1787,17,17,16,19,69
1789,35,32,16,22,105
1791,17,15,16,22,70
1793,0,38,13,16,67
1794,22,29,18,15,84
1795,13,16,18,15,62
1797,33,32,20,15,100
1798,15,32,20,15,82
1799,16,16,20,15,67
1800,16,35,16,16,83
1801,20,15,16,16,67
1802,15,32,16,17,80
1803,0,32,16,17,65
1806,17,34,16,19,86
1807,19,15,16,19,69
1808,15,35,17,13,80
1810,19,30,21,16,86
1811,51,16,16,16,99
1812,34,16,16,16,82
1813,21,16,16,16,69
1814,16,32,18,15,81
1817,0,33,16,19,68
1818,50,32,0,18,100
1819,35,32,0,18,85
1823,18,16,16,16,66
1825,16,16,16,17,65
1826,16,33,17,18,84
1828,17,35,17,16,85
1829,17,18,17,16,68
1830,18,33,15,18,84
1832,16,33,17,15,81
1833,15,18,17,15,65
1834,18,32,16,19,85
1835,0,32,16,19,67
1838,19,32,16,18,85
1839,0,32,16,18,66
1840,68,16,15,19,118
1842,36,16,15,19,86
1843,18,16,15,19,68
1844,16,34,16,16,82
1847,16,16,16,19,67
1848,16,35,13,20,84
1850,32,20,16,16,84
1851,13,20,16,16,65
1852,20,32,34,16,102
1854,50,32,16,20,118
1855,34,32,16,20,102
1856,18,32,16,20,86
1857,32,36,31,20,119
1858,16,36,31,20,103
1859,0,36,31,20,87
1860,20,31,20,17,88
1861,16,15,20,17,68
1862,15,37,46,16,114
1863,37,30,16,16,99
1864,17,30,16,16,79
1865,12,18,16,16,62
1866,18,32,16,21,87
1867,32,37,16,15,100
1868,16,37,16,15,84
1869,0,37,16,15,68
1870,21,31,15,19,86
1872,15,34,17,19,85
1873,15,19,17,19,70
1875,17,19,17,12,65
1876,64,20,16,17,117
1878,28,20,16,17,81
1879,16,20,16,17,69
1880,20,33,17,17,87
1881,16,17,17,17,67
1882,51,32,17,15,115
1883,34,32,17,15,98
1884,17,32,17,15,81
1885,16,16,17,15,64
1886,48,32,21,16,117
1887,32,32,21,16,101
1888,15,32,21,16,84
1889,18,14,21,16,69
1890,14,37,16,15,82
1891,21,16,16,15,68
1892,16,31,17,17,81
1893,0,31,17,17,65
1894,15,34,16,19,84
1895,0,34,16,19,69
1896,17,35,15,16,83
1897,0,35,15,16,66
1899,15,16,17,18,66
1900,16,35,16,15,82
1901,0,35,16,15,66
1902,34,15,18,15,82
1904,15,33,20,16,84
1905,33,36,16,16,101
1906,15,36,16,16,83
1907,20,16,16,16,68
1908,16,32,16,19,83
1909,16,16,16,19,67
1911,0,35,16,16,67
1912,19,32,15,19,85
1913,16,16,15,19,66
1914,16,34,19,12,81
1915,15,19,19,12,65
1917,0,31,17,19,67
1918,12,36,32,19,99
1919,0,36,32,19,87
1923,19,15,16,16,66
1924,15,32,16,19,82
1926,16,35,82,16,149
1927,0,35,82,16,133
1928,19,34,48,16,117
1930,18,32,16,16,82
1932,16,32,38,12,98
1933,16,16,38,12,82
1934,37,17,12,20,86
1936,17,32,13,20,82
1938,20,33,32,15,100
1940,20,32,15,16,83
1944,16,36,17,15,84
1945,0,36,17,15,68
1946,16,32,17,16,81
1948,15,33,19,18,85
1949,17,16,19,18,70
1951,37,30,16,19,102
1955,16,19,16,19,70
1957,16,19,16,15,66
1958,19,31,17,16,83
1959,0,31,17,16,64
1960,15,33,16,19,83
1961,17,16,16,19,68
1962,16,35,16,16,83
1964,19,32,17,16,84
1965,16,16,17,16,65
1967,0,33,16,19,68
1969,16,19,16,16,67
1970,19,32,17,15,83
1971,32,32,17,19,100
1972,16,32,17,19,84
1974,15,36,17,15,83
1975,17,19,17,15,68
1976,36,15,17,16,84
1978,15,33,32,17,97
1980,16,32,17,19,84
1981,16,16,17,19,68
1982,16,36,16,16,84
1985,0,32,82,18,132
1986,16,35,47,18,116
1987,35,32,33,17,117
1988,19,32,33,17,101
1989,16,16,33,17,82
1990,16,33,33,17,99
1991,15,18,33,17,83
1992,18,33,33,17,101
1993,0,33,33,17,83
1994,16,33,17,16,82
1997,17,16,17,17,67
1999,17,17,16,19,69
2000,17,35,17,13,82
2001,16,19,17,13,65
2002,36,13,34,16,99
2003,17,13,34,16,80
2004,13,34,16,20,83
2005,0,34,16,20,70
2006,16,36,16,16,84
2007,0,36,16,16,68
2008,20,32,16,16,84
2009,0,32,16,16,64
2010,16,32,19,16,83
2011,16,16,19,16,67
2013,19,16,16,19,70
2014,51,32,16,17,116
2015,35,32,16,17,100
2016,19,32,16,17,84
2018,15,33,16,15,79
2025,17,16,16,19,68
2026,16,35,16,16,83
2027,0,35,16,16,67
2028,19,32,17,16,84
2029,0,32,17,16,65
2030,16,33,19,17,85
2031,0,33,19,17,69
2033,19,17,13,20,69
2034,50,32,17,15,114
2035,33,32,17,15,97
2036,36,16,17,15,84
2037,16,16,17,15,64
2039,32,33,17,22,104
2040,32,16,17,22,87
2043,0,39,13,17,69
2045,46,16,35,15,112
2046,33,16,35,15,99
2047,16,16,35,15,82
2049,0,35,15,17,67
2050,19,32,17,16,84
2052,17,33,17,16,83
2053,17,16,17,16,66
2054,16,33,17,16,82
2055,0,33,17,16,66
2056,66,19,15,15,115
2058,33,19,15,15,82
2059,17,19,15,15,66
2060,19,30,20,16,85
2061,15,15,20,16,66
2062,15,36,15,17,83
2063,0,36,15,17,68
2064,16,32,17,16,81
2067,0,33,17,17,67
2068,16,34,36,12,98
2069,17,17,36,12,82
2070,17,36,12,19,84
2071,15,21,12,19,67
2072,21,31,17,17,86
2073,12,19,17,17,65
2074,19,34,32,17,102
2075,0,34,32,17,83
2078,15,32,20,16,83
2080,15,36,17,16,84
2081,36,33,16,15,100
2082,16,33,16,15,80
2083,17,16,16,15,64
2084,32,15,19,14,80
2085,16,15,19,14,64
2086,15,33,17,19,84
2087,0,33,17,19,69
2088,14,36,16,15,81
2090,19,31,20,16,86
2092,15,36,16,18,85
2093,20,16,16,18,70
2094,16,34,14,19,83
2095,16,18,14,19,67
2096,32,19,13,19,83
2097,14,19,13,19,65
2098,19,32,17,16,84
2100,19,33,17,17,86
2102,33,17,18,14,82
2103,17,17,18,14,66
2104,17,32,18,19,86
2105,0,32,18,19,69
2106,14,37,32,16,99
2107,37,32,16,14,99
2108,19,32,16,14,81
2111,49,16,33,16,114
2112,33,16,33,16,98
2113,19,16,33,16,84
2114,16,33,32,20,101
2115,17,16,32,20,85
2116,16,32,20,16,84
2117,0,32,20,16,68
2119,0,36,32,17,85
2121,16,16,17,17,66
2122,0,16,17,17,50
2123,17,17,17,19,70
2124,34,19,14,16,83
2125,17,19,14,16,66
2127,0,30,16,20,66
2128,16,36,13,22,87
2130,20,35,13,16,84
2131,35,29,17,19,100
2132,22,29,17,19,87
2133,0,29,17,19,65
2134,16,36,16,16,84
2135,0,36,16,16,68
2137,16,16,16,16,64
2138,32,16,17,16,81
2139,16,16,17,16,65
2140,33,16,17,17,83
2141,17,16,17,17,67
2144,17,34,35,15,101
2145,19,15,35,15,84
2146,15,35,31,16,97
2148,19,31,36,17,103
2149,15,16,36,17,84
2151,16,20,17,16,69
2152,20,33,13,20,86
2154,16,33,16,15,80
2155,13,20,16,15,64
2156,36,15,34,18,103
2157,31,34,18,16,99
2160,15,34,16,15,80
2161,18,16,16,15,65
2162,0,16,16,15,47
2163,0,31,20,15,66
2164,15,35,17,18,85
2165,0,35,17,18,70
2166,32,18,33,16,99
2167,17,18,33,16,84
2169,15,18,82,19,134
2170,34,16,50,19,119
2171,16,16,50,19,101
2172,16,34,16,19,85
2173,34,35,15,33,117
2176,19,48,19,16,102
2177,15,33,19,16,83
2178,13,20,19,16,68
2179,20,19,16,13,68
2180,19,29,19,16,83
2181,16,13,19,16,64
2182,0,13,19,16,48
2183,19,16,16,16,67
2184,16,32,19,16,83
2185,16,16,19,16,67
2186,16,35,16,16,83
2187,0,35,16,16,67
2188,16,32,17,16,81
2190,16,33,37,15,101
2191,17,16,37,15,85
2192,33,20,15,17,85
2193,17,20,15,17,69
2194,20,32,16,16,84
2195,15,17,16,16,64
2197,32,32,17,19,100
2198,16,32,17,19,84
2199,0,32,17,19,68
2200,33,19,17,16,85
2202,19,33,17,17,86
2203,17,16,17,17,67
2204,16,34,17,16,83
2205,17,17,17,16,67
2206,17,33,17,16,83
2207,0,33,17,16,66
2208,16,33,17,16,82
2209,17,16,17,16,66
2211,17,16,17,16,66
2212,16,33,18,16,83
2213,17,16,18,16,67
2215,34,32,86,16,168
2216,16,32,86,16,150
2217,32,36,50,16,134
2220,19,37,13,16,85
2221,19,18,13,16,66
2222,18,29,17,14,78
2224,33,14,17,16,80
2225,17,14,17,16,64
2226,14,33,16,19,82
2227,0,33,16,19,68
2228,16,35,17,15,83
2230,36,15,17,17,85
2231,17,15,17,17,66
2232,15,34,16,16,81
2233,0,34,16,16,66
2234,17,32,17,16,82
2235,16,16,17,16,65
2237,0,33,17,18,68
2238,16,35,17,16,84
2239,17,18,17,16,68
2240,18,33,18,16,85
2242,16,34,16,16,82
2243,18,16,16,16,66
2248,34,16,16,17,83
2249,18,16,16,17,67
2250,16,33,34,16,99
2251,16,17,34,16,83
2252,0,17,34,16,67
2253,17,17,16,19,69
2254,17,35,16,17,85
2256,0,19,16,17,52
2257,16,17,16,17,66
2259,33,32,15,17,97
2260,17,32,15,17,81
2261,16,16,15,17,64
2262,16,32,18,16,82
2268,16,33,18,16,83
2269,17,16,18,16,67
2271,0,34,19,17,70
2272,16,36,32,16,100
2273,0,36,32,16,84
2274,17,32,34,16,99
2275,0,32,34,16,82
2276,17,34,16,16,83
2277,16,18,16,16,66
2278,34,16,32,17,99
2279,16,16,32,17,81
2280,16,32,17,17,82
2281,16,16,17,17,66
2284,17,33,19,17,86
2287,19,17,16,16,68
2288,17,32,51,16,116
2289,16,16,51,16,99
2290,16,32,19,16,83
2291,17,15,19,16,67
2292,15,35,18,15,83
2293,19,16,18,15,68
2294,16,33,18,16,83
2295,18,15,18,16,67
2296,15,34,17,14,80
2297,18,16,17,14,65
2298,16,31,19,17,83
2299,17,14,19,17,67
2300,14,36,15,16,81
2301,19,17,15,16,67
2302,17,31,17,18,83
2303,15,16,17,18,66
2308,0,16,51,17,84
2310,16,37,12,20,85
2311,20,17,12,20,69
2312,17,32,17,16,82
2313,32,33,18,15,98
2314,20,33,18,15,86
2315,33,33,16,16,98
2316,16,33,16,16,81
2317,18,15,16,16,65
2318,15,32,19,17,83
2319,16,16,19,17,68
2322,33,17,18,16,84
2323,33,34,16,16,99
2326,16,32,16,16,80
2327,0,32,16,16,64
2328,16,32,17,19,84
2329,16,16,17,19,68
2330,16,36,16,16,84
2331,36,32,17,16,101
2332,35,16,17,16,84
2333,16,16,17,16,65
2334,16,33,16,19,84
2335,17,16,16,19,68
2336,16,35,31,20,102
2339,0,31,20,15,66
2340,15,35,32,16,98
2341,0,35,32,16,83
2342,15,32,16,19,82
2343,0,32,16,19,67
2344,16,35,17,15,83
2346,19,32,18,16,85
2347,17,15,18,16,66
2348,15,34,15,20,84
2349,0,34,15,20,69
2352,20,32,17,16,85
2353,16,16,17,16,65
2354,16,33,17,16,82
2355,17,16,17,16,66
2356,0,16,17,16,49
2357,17,16,17,16,66
2358,16,33,17,15,81
2360,16,32,20,16,84
2363,20,16,16,16,68
2364,16,32,16,20,84
2365,16,16,16,20,68
2366,16,36,13,21,86
2367,16,20,13,21,70
2372,16,36,14,19,85
2373,0,36,14,19,69
2374,32,19,17,17,85
2375,14,19,17,17,67
2376,19,34,14,17,84
2377,17,17,14,17,65
2378,17,31,18,17,83
2379,14,17,18,17,66
2380,17,35,15,18,85
2381,0,35,15,18,68
2382,17,33,15,19,84
2384,33,19,17,15,84
2385,15,19,17,15,66
2387,17,15,16,19,67
2388,15,35,16,17,83
2390,19,33,83,16,151
2391,0,33,83,16,132
2392,17,32,51,16,116
2394,16,34,17,16,83
2395,15,19,17,16,67
2396,36,16,17,15,84
2397,17,16,17,15,65
2398,16,32,16,19,83
2399,0,32,16,19,67
2400,15,35,19,18,87
2401,16,19,19,18,72
2404,18,29,16,19,82
2405,12,17,16,19,64
2407,0,35,16,16,67
2408,19,32,34,15,100
2411,17,17,31,21,86
2412,17,31,21,16,85
2413,15,16,21,16,68
2414,0,16,21,16,53
2415,21,16,17,15,69
2417,0,32,16,16,64
2418,15,32,17,16,80
2419,0,32,17,16,65
2420,16,33,19,15,83
2421,33,34,16,19,102
2422,16,34,16,19,85
2423,0,34,16,19,69
2424,31,19,13,19,82
2425,16,19,13,19,67
2427,13,19,16,16,64
2428,19,32,16,17,84
2429,16,16,16,17,65
2430,16,33,16,17,82
2431,16,17,16,17,66
2432,17,33,17,20,87
2433,16,17,17,20,70
2434,17,37,14,18,86
2435,17,20,14,18,69
2436,20,32,17,16,85
2437,14,18,17,16,65
2438,35,16,16,16,83
2439,33,32,17,19,101
2440,16,32,17,19,84
2441,0,32,17,19,68
2443,36,32,16,16,100
2444,19,32,16,16,83
2445,17,15,16,16,64
2446,15,32,19,18,84
2447,0,32,19,18,69
2448,16,37,13,19,85
2449,19,18,13,19,69
2450,18,32,14,20,84
2451,0,32,14,20,66
2453,14,20,14,19,67
2454,20,33,15,17,85
2456,19,32,17,15,83
2457,15,17,17,15,64
2458,17,32,19,15,83
2459,32,34,15,20,101
2462,50,32,16,16,114
2463,35,32,16,16,99
2464,20,32,16,16,84
2465,16,16,16,16,64
2466,16,32,19,17,84
2468,16,36,51,15,118
2469,0,36,51,15,102
2471,15,16,20,15,66
2475,0,33,34,16,83
2476,16,34,16,16,82
2479,16,16,34,17,83
2481,0,34,17,16,67
2482,17,33,16,16,82
2483,33,32,19,15,99
2484,16,32,19,15,82
2485,32,34,17,15,98
2486,35,15,17,15,82
2487,19,15,17,15,66
2488,15,32,18,17,82
2489,17,15,18,17,67
2490,15,35,16,16,82
2492,17,32,17,20,86
2493,16,16,17,20,69
2494,33,20,14,16,83
2495,17,20,14,16,67
2496,20,30,20,15,85
2497,14,16,20,15,65
2498,16,35,17,15,83
2499,52,15,17,20,104
2500,32,15,17,20,84
2501,17,15,17,20,69
2502,15,37,12,20,84
2503,37,32,16,15,100
2504,20,32,16,15,83
2506,68,19,32,16,135
2508,32,19,32,16,99
2509,17,19,32,16,84
2510,19,32,16,16,83
2511,13,19,16,16,64
2512,19,32,33,20,104
2513,16,16,33,20,85
2516,16,36,14,19,85
2518,0,16,14,19,49
2520,19,32,16,19,86
2521,32,35,17,15,99
2522,16,35,17,15,83
2523,16,19,17,15,67
2524,36,15,16,19,86
2525,17,15,16,19,67
2526,50,30,20,16,116
2527,35,30,20,16,101
2529,14,16,20,16,66
2530,16,36,32,16,100
2533,0,32,16,19,67
2534,16,35,16,16,83
2535,16,19,16,16,67
2536,19,32,16,16,83
2537,16,16,16,16,64
2538,16,32,16,17,81
2539,16,16,16,17,65
2541,16,17,17,18,68
2542,17,35,17,17,86
2543,17,18,17,17,69
2544,18,34,17,16,85
2545,34,33,16,16,99
2548,16,32,17,19,84
2550,16,36,16,17,85
2552,19,33,17,16,85
2553,0,33,17,16,66
2554,17,33,16,17,83
2556,16,33,17,15,81
2557,16,17,17,15,65
2559,17,15,17,18,67
2561,17,18,16,16,67
2562,18,32,16,19,85
2563,0,32,16,19,67
2564,32,19,14,19,84
2566,19,33,17,16,85
2567,33,33,16,16,98
2568,19,33,16,16,84
2569,0,33,16,16,65
2570,16,32,17,15,80
2573,49,19,17,16,101
2574,32,19,17,16,84
2575,17,19,17,16,69
2577,0,33,16,16,65
2578,16,32,19,15,82
2580,16,34,32,17,99
2581,19,15,32,17,83
2582,15,32,35,18,100
2583,17,15,35,18,85
2584,15,35,18,17,85
2586,18,35,21,10,84
2587,0,35,21,10,66
2588,17,31,39,13,100
2589,21,10,39,13,83
2590,10,39,13,15,77
2591,0,39,13,15,67
2592,23,28,32,17,100
2593,13,15,32,17,77
2594,15,32,17,17,81
2595,17,15,17,17,66
2596,32,17,19,15,83
2597,34,34,17,16,101
2598,17,34,17,16,84
2599,19,15,17,16,67
2600,15,33,16,20,84
2601,17,16,16,20,69
2602,16,36,16,17,85
2603,0,36,16,17,69
2604,20,33,16,16,85
2606,17,32,16,16,81
2608,64,20,14,19,117
2609,48,20,14,19,101
2611,16,20,14,19,69
2612,20,33,17,17,87
2613,14,19,17,17,67
2614,19,34,16,15,84
2615,0,34,16,15,65
2617,16,15,16,19,66
2618,15,35,16,17,83
2619,16,19,16,17,68
2622,17,31,19,16,83
2623,16,15,19,16,66
2624,15,35,16,17,83
2625,0,35,16,17,68
2626,16,33,16,16,81
2627,0,33,16,16,65
2628,17,32,19,16,84
2629,16,16,19,16,67
2632,16,34,16,15,81
2633,16,18,16,15,65
2635,16,15,18,15,64
2637,18,15,18,16,67
2638,15,34,17,16,82
2639,0,34,17,16,67
2640,16,33,17,20,86
2641,0,33,17,20,70
2642,16,37,16,15,84
2644,20,31,16,19,86
2645,0,31,16,19,66
2647,0,35,16,15,66
2648,19,31,19,16,85
2649,16,15,19,16,66
2650,15,35,14,20,84
2651,0,35,14,20,69
2652,16,34,16,17,83
2654,20,33,16,16,85
2655,0,33,16,16,65
2656,33,16,17,16,82
2657,16,16,17,16,65
2658,16,33,35,16,100
2659,0,33,35,16,84
2661,0,35,16,19,70
2663,35,29,19,16,99
2664,19,29,19,16,83
2665,12,17,19,16,64
2666,17,35,17,15,84
2669,17,15,17,18,67
2671,17,18,17,16,68
2672,18,33,20,12,83
2673,17,16,20,12,65
2675,20,12,35,16,83
2678,17,34,16,15,82
2679,16,18,16,15,65
2680,18,31,16,20,85
2681,16,15,16,20,67
2683,0,36,15,16,67
2684,35,16,149,18,218
2685,15,16,149,18,198
2687,18,15,116,18,167
2688,15,36,80,18,149
2689,18,18,80,18,134
2690,18,31,49,18,116
2691,31,35,14,18,98
2692,17,35,14,18,84
2694,17,32,16,16,81
2695,14,18,16,16,64
2696,18,32,20,16,86
2697,32,36,17,16,101
2698,36,16,17,16,85
2700,16,33,16,16,81
2701,17,16,16,16,65
2702,16,32,17,16,81
2703,16,16,17,16,65
2704,16,33,17,19,85
2705,0,33,17,19,69
2706,16,36,17,16,85
2707,36,33,14,17,100
2710,16,31,17,19,83
2711,14,17,17,19,67
2712,17,36,16,16,85
2713,17,19,16,16,68
2714,19,32,34,15,100
2716,16,34,15,19,84
2717,0,34,15,19,68
2718,16,34,13,18,81
2719,15,19,13,18,65
2722,18,35,32,18,103
2723,18,17,32,18,85
2724,17,32,18,18,85
2726,18,36,14,16,84
2727,18,18,14,16,66
2729,14,16,16,19,65
2730,16,35,16,18,85
2731,16,19,16,18,69
2732,19,34,17,15,85
2734,18,32,17,16,83
2735,0,32,17,16,65
2736,15,33,17,15,80
2737,17,16,17,15,65
2738,16,32,17,17,82
2739,0,32,17,17,66
2741,17,17,17,17,68
2742,17,34,16,19,86
2743,0,34,16,19,69
2745,0,35,16,15,66
2746,19,31,20,15,85
2747,16,15,20,15,66
2749,35,31,19,18,103
2750,15,31,19,18,83
2751,0,31,19,18,68
2752,0,16,19,18,53
2754,18,34,15,16,83
2755,17,17,15,16,65
2756,32,16,16,16,80
2757,15,16,16,16,63
2758,32,16,35,16,99
2759,16,16,35,16,83
2760,36,15,16,17,84
2761,20,15,16,17,68
2763,16,17,83,15,131
2767,16,19,16,15,66
2768,35,15,20,17,87
2770,15,37,16,17,85
2771,0,37,16,17,70
2772,17,33,17,15,82
2774,17,32,0,18,67
2775,17,15,0,18,50
2776,15,35,83,16,149
2780,17,34,16,16,83
2782,19,32,14,20,85
2783,16,16,14,20,66
2784,16,34,33,15,98
2785,0,34,33,15,82
2786,20,33,15,17,85
2787,16,17,15,17,65
2788,32,17,15,20,84
2789,15,17,15,20,67
2790,17,35,17,15,84
2791,35,32,18,17,102
2792,20,32,18,17,87
2793,0,32,18,17,67
2794,33,17,16,17,83
2798,17,33,15,17,82
2799,33,32,16,33,114
2800,32,17,16,33,98
2802,17,49,19,16,101
2803,0,49,19,16,84
2804,13,20,19,16,68
2805,39,32,16,20,107
2806,35,16,16,20,87
2807,16,16,16,20,68
2808,16,36,13,18,83
2810,20,31,17,15,83
2811,13,18,17,15,63
2812,18,32,20,15,85
2813,17,15,20,15,67
2814,35,15,35,15,100
2815,35,35,15,17,102
2816,15,35,15,17,82
2817,35,32,16,16,99
2819,15,17,16,16,64
2821,16,16,18,15,65
2822,16,33,16,20,85
2823,0,33,16,20,69
2827,17,17,15,15,64
2828,0,17,15,15,47
2829,46,17,19,15,97
2830,31,17,19,15,82
2831,16,17,19,15,67
2832,36,15,33,17,101
2833,19,15,33,17,84
2834,15,33,17,16,81
2835,0,33,17,16,66
2836,16,33,16,20,85
2837,17,16,16,20,69
2838,16,36,16,15,83
2839,0,36,16,15,67
2841,16,15,16,20,67
2842,15,36,17,19,87
2844,20,36,10,18,84
2845,17,19,10,18,64
2849,18,16,16,16,66
2850,16,32,17,19,84
2851,16,16,17,19,68
2852,16,36,18,13,83
2855,18,13,84,16,131
2856,13,35,49,16,113
2857,20,15,49,16,100
2858,32,16,16,16,80
2859,17,16,16,16,65
2860,16,32,19,17,84
2861,16,16,19,17,68
2863,19,17,34,16,86
2865,17,17,48,16,98
2866,33,13,19,16,81
2867,16,13,19,16,64
2869,0,35,19,16,70
2870,16,35,16,15,82
2871,0,35,16,15,66
2872,16,31,17,19,83
2873,16,15,17,19,67
2874,15,36,17,17,85
2875,0,36,17,17,70
2876,19,34,16,16,85
2879,0,32,17,16,65
2880,16,33,17,14,80
2881,0,33,17,14,64
2882,16,31,21,15,83
2883,17,14,21,15,67
2885,0,36,17,15,68
2886,15,32,36,19,102
2887,0,32,36,19,87
2888,15,36,19,12,82
2889,36,31,17,16,100
2890,20,31,17,16,84
2891,19,12,17,16,64
2892,12,33,16,17,78
2893,33,33,17,16,99
2895,16,17,17,16,66
2896,17,33,16,20,86
2897,17,16,16,20,69
2899,36,32,16,19,103
2901,17,15,16,19,67
2903,16,19,33,16,84
2904,19,33,16,17,85
2905,0,33,16,17,66
2906,16,33,17,15,81
2907,33,32,17,19,101
2908,17,32,17,19,85
2909,17,15,17,19,68
2910,15,36,16,15,82
2911,0,36,16,15,67
2912,19,31,17,15,82
2913,16,15,17,15,63
2914,32,15,16,20,83
2916,15,36,18,12,81
2917,16,20,18,12,66
2918,20,30,18,20,88
2922,20,32,15,17,84
2924,20,32,15,19,86
2926,17,34,33,15,99
2927,0,34,33,15,82
2928,19,33,15,18,85
2930,30,18,16,20,84
2932,0,18,16,20,54
2934,20,33,15,16,84
2936,17,31,17,15,80
2937,15,16,17,15,63
2939,0,32,35,16,83
2942,19,32,19,16,86
2943,32,35,15,20,102
2945,35,35,16,15,101
2946,16,35,16,15,82
2947,15,20,16,15,66
2949,0,31,16,16,63
2951,32,36,15,16,99
2952,16,36,15,16,83
2954,19,31,17,19,86
2955,0,31,17,19,67
2957,36,32,16,15,99
2959,17,15,16,15,63
2960,15,31,36,15,97
2962,15,36,34,16,101
2963,86,16,15,16,133
2964,66,16,15,16,113
2967,16,16,15,16,63
2968,16,31,21,16,84
2972,16,33,16,17,82
2973,14,19,16,17,66
2975,16,17,14,21,68
2976,17,35,18,11,81
2977,0,35,18,11,64
2978,21,29,0,17,67
2979,18,11,0,17,46
2980,11,34,17,16,78
2981,17,17,17,16,67
2984,16,34,16,19,85
2987,16,19,31,17,83
2988,19,31,17,19,86
2989,0,31,17,19,67
2990,15,36,17,15,83
2993,32,33,17,18,100
2995,17,16,17,18,68
2996,16,35,17,14,82
2999,17,14,17,17,65
3000,14,34,19,17,84
3002,17,36,14,17,84
3003,19,17,14,17,67
3004,31,17,15,20,83
3005,14,17,15,20,66
3006,17,35,17,16,85
3008,20,33,16,18,87
3010,16,34,16,15,81
3011,16,18,16,15,65
3012,18,31,17,18,84
3014,15,35,16,15,81
3015,17,18,16,15,66
3016,18,31,18,17,84
3017,16,15,18,17,66
3018,15,35,16,19,85
3019,18,17,16,19,70
3021,16,19,16,15,66
3022,19,31,17,16,83
3023,0,31,17,16,64
3024,15,33,33,17,98
3027,17,16,17,17,67
3031,33,36,13,20,102
3032,16,36,13,20,85
3033,16,20,13,20,69
3034,20,33,16,15,84
3037,16,15,16,20,67
3039,16,20,16,15,67
3040,20,31,16,17,84
3042,15,33,34,16,98
3043,16,17,34,16,83
3044,17,34,16,16,83
3047,16,16,17,16,65
3051,16,20,17,16,69
3053,17,16,15,16,64
3054,16,31,17,18,82
3055,15,16,17,18,66
3056,16,35,15,19,85
3057,17,18,15,19,69
3060,19,33,16,16,84
3062,15,32,17,17,81
3063,32,34,19,15,100
3064,16,34,19,15,84
3065,0,34,19,15,68
3066,17,34,49,16,116
3067,0,34,49,16,99
3070,15,35,33,20,103
3071,0,35,33,20,88
3073,0,33,20,16,69
3074,16,36,16,16,84
3075,20,16,16,16,68
3077,0,32,16,19,67
3078,16,35,17,15,83
3080,19,32,17,16,84
3082,15,33,18,16,82
3083,17,16,18,16,67
3084,34,16,16,16,82
3085,18,16,16,16,66
3086,32,16,21,16,85
3089,21,16,13,18,68
3090,16,31,31,20,98
3091,13,18,31,20,82
3092,18,31,20,16,85
3093,16,15,20,16,67
3096,16,34,13,20,83
3097,0,34,13,20,67
3098,17,33,31,18,99
3099,13,20,31,18,82
3100,20,31,18,15,84
3103,33,33,18,19,103
3106,16,37,16,16,85
3108,19,32,16,16,83
3109,32,32,17,17,98
3110,16,32,17,17,82
3113,17,17,21,17,72
3116,17,28,16,17,78
3120,17,33,18,16,84
3121,0,33,18,16,67
3123,18,16,17,19,70
3124,16,36,17,16,85
3125,17,19,17,16,69
3126,19,33,16,17,85
3127,66,32,17,16,131
3129,33,32,17,16,98
3130,17,32,17,16,82
3131,0,32,17,16,65
3132,16,33,16,19,84
3134,0,16,16,19,51
3135,16,19,17,16,68
3136,19,33,17,15,84
3137,17,16,17,15,65
3138,16,32,17,15,80
3140,15,32,20,16,83
3141,17,15,20,16,68
3142,15,36,15,17,83
3143,0,36,15,17,68
3144,16,32,36,16,100
3145,15,17,36,16,84
3146,17,36,16,14,83
3147,16,20,16,14,66
3148,36,14,17,17,84
3149,16,14,17,17,64
3150,14,34,34,15,97
3151,0,34,34,15,83
3155,15,17,16,20,68
3156,17,36,17,16,86
3159,0,33,12,17,62
3160,16,29,21,17,83
3162,17,38,16,14,85
3164,33,14,17,17,81
3165,16,14,17,17,64
3166,0,14,17,17,48
3167,17,17,16,17,67
3168,33,17,19,16,85
3169,16,17,19,16,68
3170,17,35,16,16,84
3171,19,16,16,16,67
3172,16,32,17,20,85
3175,0,37,13,19,69
3177,0,32,17,16,65
3178,36,16,17,16,85
3179,17,16,17,16,66
3180,16,33,32,17,98
3181,0,33,32,17,82
3186,18,34,16,16,84
3187,17,17,16,16,66
3191,17,16,17,16,66
3193,17,16,17,15,65
3195,17,15,20,17,69
3197,20,17,16,17,70
3200,17,33,17,16,83
3202,19,33,34,19,105
3204,16,34,19,19,88
3205,14,20,19,19,72
3206,20,38,12,17,87
3207,19,19,12,17,67
3208,0,19,12,17,48
3211,14,16,18,16,64
3212,16,34,17,16,83
3213,0,34,17,16,67
3215,0,33,34,18,85
3217,17,17,36,13,83
3219,0,36,13,17,66
3220,18,30,16,20,84
3221,0,30,16,20,66
3222,0,17,16,20,53
3223,0,36,16,17,69
3224,20,33,14,17,84
3225,16,17,14,17,64
3226,17,31,16,19,83
3227,14,17,16,19,66
3228,17,35,17,16,85
3229,16,19,17,16,68
3230,19,33,15,20,87
3232,16,35,16,17,84
3234,20,33,17,16,86
3235,0,33,17,16,66
3236,17,33,16,15,81
3237,17,16,16,15,64
3238,16,31,19,14,80
3239,16,15,19,14,64
3240,15,33,16,17,81
3241,19,14,16,17,66
3244,35,16,36,14,101
3247,17,19,14,17,67
3248,33,17,20,15,85
3252,15,32,14,19,80
3253,16,16,14,19,65
3254,16,33,17,16,82
3256,19,33,18,17,87
3257,17,16,18,17,68
3258,16,35,17,16,84
3259,35,33,17,16,101
3260,17,33,17,16,83
3261,17,16,17,16,66
3263,0,33,16,16,65
3265,32,36,16,17,101
3267,17,19,16,17,69
3268,35,17,14,19,85
3269,33,33,17,16,99
3270,17,33,17,16,83
3272,19,33,17,15,84
3273,17,16,17,15,65
3277,0,35,33,16,84
3278,19,33,16,16,84
3279,17,16,16,16,65
3280,16,32,16,20,84
3281,16,16,16,20,68
3282,16,36,15,16,83
3283,0,36,15,16,67
3285,15,16,17,19,67
3286,16,36,13,20,85
3287,17,19,13,20,69
3288,19,33,16,15,83
3289,0,33,16,15,64
3296,16,33,16,17,82
3297,17,16,16,17,66
3298,16,33,18,16,83
3299,16,17,18,16,67
3300,17,34,16,16,83
3301,0,34,16,16,66
3302,16,32,16,17,81
3303,16,16,16,17,65
3304,16,33,17,17,83
3305,16,17,17,17,67
3306,34,17,19,13,83
3307,17,17,19,13,66
3308,17,32,20,17,86
3309,19,13,20,17,69
3310,13,37,14,17,81
3312,17,31,18,17,83
3313,0,31,18,17,66
3314,17,35,17,15,84
3315,0,35,17,15,67
3316,34,15,16,17,82
3317,17,15,16,17,65
3318,15,33,16,19,83
3319,16,17,16,19,68
3321,16,19,16,16,67
3322,19,32,16,19,86
3323,16,16,16,19,67
3324,16,35,16,15,82
3325,0,35,16,15,66
3326,19,31,17,17,84
3327,16,15,17,17,65
3328,15,34,19,16,84
3329,17,17,19,16,69
3330,17,35,16,17,85
3331,19,16,16,17,68
3332,16,33,14,20,83
3334,0,17,14,20,51
3337,14,17,17,17,65
3339,17,17,15,17,66
3341,15,17,18,16,66
3343,18,16,17,16,67
3344,16,33,16,16,81
3345,17,16,16,16,65
3346,0,16,16,16,48
3347,16,16,36,17,85
3351,17,16,17,16,66
3354,16,35,17,13,81
3356,19,30,17,18,84
3357,0,30,17,18,65
3358,13,35,17,16,81
3359,17,18,17,16,68
3360,18,33,16,19,86
3361,68,31,16,20,135
3362,51,31,16,20,118
3364,19,31,16,20,86
3366,16,36,12,19,83
3367,36,31,17,18,102
3369,0,31,17,18,66
3370,19,35,16,17,87
3372,18,33,16,16,83
3373,16,17,16,16,65
3375,0,32,20,15,67
3376,16,35,16,17,84
3378,15,33,34,16,98
3379,33,34,33,15,115
3380,17,34,33,15,99
3382,17,33,15,17,82
3384,0,17,15,17,49
3389,16,17,16,16,65
3390,17,32,17,16,82
3391,0,32,17,16,65
3392,16,33,17,17,83
3393,33,34,15,20,102
3395,34,35,13,21,103
3396,17,35,13,21,86
3397,0,35,13,21,69
3398,20,34,14,15,83
3399,13,21,14,15,63
3401,0,29,36,17,82
3403,0,36,17,17,70
3404,19,34,17,14,84
3406,17,31,16,17,81
3407,31,33,20,15,99
3410,86,33,17,16,152
3411,69,33,17,16,135
3412,49,33,17,16,115
3414,18,33,17,16,84
3415,17,16,17,16,66
3416,16,33,15,17,81
3418,16,32,16,17,81
3420,17,33,16,19,85
3421,16,17,16,19,68
3423,16,19,16,19,70
3424,19,35,16,15,85
3425,16,19,16,15,66
3426,19,31,17,17,84
3427,0,31,17,17,65
3428,15,34,16,19,84
3432,19,31,32,17,99
3433,13,18,32,17,80
3434,18,32,17,17,84
3435,16,16,17,17,66
3437,17,17,16,20,70
3439,36,33,15,18,102
3440,20,33,15,18,86
3441,13,20,15,18,66
3442,20,33,17,15,85
3445,0,32,16,18,66
3447,0,34,17,17,68
3448,35,17,16,15,83
3450,17,31,18,15,81
3451,16,15,18,15,64
3453,18,15,17,20,70
3454,15,37,13,20,85
3456,20,33,17,16,86
3457,13,20,17,16,66
3458,20,33,17,16,86
3459,17,16,17,16,66
3461,0,33,16,16,65
3462,16,32,17,17,82
3463,16,16,17,17,66
3464,16,34,16,16,82
3465,0,34,16,16,66
3466,17,32,19,17,85
3467,16,16,19,17,68
3468,16,36,14,19,85
3469,36,33,17,16,102
3470,17,33,17,16,83
3471,14,19,17,16,66
3472,19,33,14,20,86
3473,17,16,14,20,67
3474,16,34,14,18,82
3475,14,20,14,18,66
3476,20,32,15,19,86
3478,18,34,16,17,85
3480,19,33,32,17,101
3481,0,33,32,17,82
3482,17,32,17,17,83
3483,0,32,17,17,66
3486,17,33,17,17,84
3487,0,33,17,17,67
3488,15,34,20,11,80
3492,47,33,16,16,112
3493,36,33,16,16,101
3494,15,33,16,16,80
3495,17,16,16,16,65
3496,16,32,19,16,83
3497,16,16,19,16,67
3499,19,16,82,17,134
3500,16,33,49,17,115
3501,16,17,49,17,99
3502,34,15,17,17,83
3504,32,17,16,18,83
3505,17,17,16,18,68
3507,16,18,17,16,67
3508,18,33,35,16,102
3509,17,16,35,16,84
3510,33,18,16,16,83
3511,35,32,16,17,100
3512,34,16,16,17,83
3513,16,16,16,17,65
3517,17,16,18,16,67
3518,16,34,18,15,83
3522,15,32,17,16,80
3523,0,32,17,16,65
3525,17,16,18,19,70
3526,16,37,13,17,83
3527,0,37,13,17,67
3530,17,35,17,16,85
3531,18,17,17,16,68
3533,17,16,15,20,68
3537,20,12,18,16,66
3538,12,34,16,17,79
3539,18,16,16,17,67
3540,16,33,17,17,83
3541,16,17,17,17,67
3542,17,34,15,17,83
3543,34,32,16,16,98
3546,17,32,35,16,100
3547,0,32,35,16,83
3548,16,35,16,16,83
3549,35,32,17,16,100
3551,16,16,17,16,65
3553,0,33,16,20,69
3554,16,36,15,17,84
3555,16,20,15,17,68
3556,35,17,16,19,87
3559,16,19,17,16,68
3561,17,16,32,16,81
3562,16,32,35,16,99
3563,17,15,35,16,83
3564,15,35,16,16,82
3565,16,19,16,16,67
3566,19,32,16,17,84
3569,0,33,16,20,69
3571,0,36,16,16,68
3572,20,32,17,15,84
3573,0,32,17,15,64
3574,16,32,17,15,80
3575,17,15,17,15,64
3576,32,15,20,17,84
3577,17,15,20,17,69
3578,15,37,15,16,83
3582,16,34,16,18,84
3583,0,34,16,18,68
3584,18,34,17,16,85
3587,17,16,17,16,66
3588,16,33,16,16,81
3590,16,32,16,21,85
3591,16,16,16,21,69
3592,16,37,32,15,100
3593,16,21,32,15,84
3595,0,32,15,18,65
3596,20,33,34,16,103
3597,15,18,34,16,83
3598,0,18,34,16,68
3599,14,20,16,17,67
3602,34,16,32,17,99
3603,65,33,17,16,131
3604,48,33,17,16,114
3605,32,33,17,16,98
3606,18,33,17,16,84
3608,33,16,18,18,85
3609,17,16,18,18,69
3610,16,36,16,14,82
3611,18,18,16,14,66
3612,18,30,17,20,85
3614,14,37,17,16,84
3615,17,20,17,16,70
3616,20,33,14,18,85
3617,17,16,14,18,65
3618,16,32,17,14,79
3622,14,33,34,17,98
3623,19,14,34,17,84
3624,14,34,34,16,98
3626,13,34,16,17,80
3627,17,17,16,17,67
3629,0,33,36,17,86
3630,17,36,17,16,86
3631,16,20,17,16,69
3633,17,16,16,15,64
3635,48,16,33,20,117
3636,32,16,33,20,101
3637,17,16,33,20,86
3638,16,33,20,16,85
3639,20,13,20,16,69
3641,0,36,17,16,69
3642,0,16,17,16,49
3643,33,34,14,17,98
3644,33,17,14,17,81
3645,17,17,14,17,65
3646,17,31,17,16,81
3647,0,31,17,16,64
3648,17,33,18,16,84
3650,16,34,49,19,118
3651,18,16,49,19,102
3652,16,32,17,19,84
3653,0,32,17,19,68
3654,14,36,17,16,83
3658,16,33,16,16,81
3661,0,32,17,17,66
3664,17,33,17,17,84
3669,17,16,17,17,67
3672,17,34,17,16,84
3673,16,18,17,16,67
3674,18,33,17,16,84
3675,17,16,17,16,66
3676,16,33,32,19,100
3678,16,32,19,17,84
3682,67,16,16,17,116
3684,34,16,16,17,83
3685,17,16,16,17,66
3686,16,33,35,17,101
3688,17,35,34,14,100
3689,0,35,34,14,83
3691,17,17,14,17,65
3692,0,17,14,17,48
3693,31,33,17,16,97
3694,17,33,17,16,83
3697,17,16,16,17,66
3698,16,33,16,19,84
3699,0,33,16,19,68
3700,17,35,14,17,83
3702,19,31,17,19,86
3703,14,17,17,19,67
3705,17,19,17,14,67
3708,14,33,17,19,83
3709,17,16,17,19,69
3710,16,36,16,16,84
3711,17,19,16,16,68
3712,19,32,33,17,101
3713,16,16,33,17,82
3714,16,33,33,17,99
3715,16,17,33,17,83
3716,17,33,17,17,84
3717,17,16,17,17,67
3718,16,34,16,16,82
3719,17,17,16,16,66
3720,17,32,18,16,83
3722,16,34,33,19,102
3723,18,16,33,19,86
3724,32,17,19,16,84
3725,16,17,19,16,68
3726,0,17,19,16,52
3727,19,16,18,15,68
3728,16,33,18,17,84
3729,18,15,18,17,68
3731,18,17,13,19,67
3735,0,32,18,16,66
3736,16,34,17,16,83
3737,18,16,17,16,67
3739,17,16,16,19,68
3740,16,35,32,17,100
3741,0,35,32,17,84
3742,19,32,33,15,99
3744,16,33,15,17,81
3745,17,16,15,17,65
3746,16,32,20,13,81
3750,13,37,17,13,80
3751,0,37,17,13,67
3752,17,30,18,16,81
3753,48,16,17,17,98
3754,31,16,17,17,81
3755,18,16,17,17,68
3756,33,17,17,16,83
3757,17,17,17,16,67
3758,17,33,16,17,83
3760,16,33,33,19,101
3761,16,17,33,19,85
3762,17,33,19,16,85
3763,0,33,19,16,68
3766,16,35,48,15,114
3768,0,17,48,15,80
3769,0,31,17,15,63
3770,16,32,17,19,84
3771,17,15,17,19,68
3772,15,36,14,20,85
3774,19,34,16,17,86
3775,0,34,16,17,67
3777,16,17,16,16,65
3780,16,35,33,17,101
3781,19,16,33,17,85
3782,16,33,17,13,79
3783,13,20,17,13,63
3784,20,30,20,17,87
3785,0,30,20,17,67
3786,0,13,20,17,50
3788,17,32,32,16,97
3789,17,15,32,16,80
3791,16,16,16,17,65
3792,16,33,18,16,83
3793,16,17,18,16,67
3794,0,17,18,16,51
3795,18,16,17,16,67
3796,16,33,17,18,84
3797,87,13,17,16,133
3798,70,13,17,16,116
3800,37,13,17,16,83
3801,19,13,17,16,65
3802,13,33,17,16,79
3803,17,16,17,16,66
3804,33,16,18,15,82
3806,16,33,18,17,84
3807,18,15,18,17,68
3808,15,35,18,16,84
3809,18,17,18,16,69
3810,17,34,15,17,83
3811,18,16,15,17,66
3812,16,32,18,15,81
3814,17,33,86,13,149
3816,15,33,53,13,114
3817,17,16,53,13,99
3818,16,33,20,13,82
3819,33,33,18,17,101
3822,13,35,17,16,81
3827,18,15,17,18,68
3829,0,35,17,16,68
3830,18,33,16,18,85
3831,0,33,16,18,67
3832,16,34,16,17,83
3833,0,34,16,17,67
3834,18,33,18,16,85
3835,16,17,18,16,67
3836,17,34,14,20,85
3837,18,16,14,20,68
3838,16,34,13,20,83
3839,34,33,17,16,100
3841,13,20,17,16,66
3842,20,33,13,21,87
3843,33,34,16,15,98
3844,16,34,16,15,81
3845,0,34,16,15,65
3846,21,31,33,17,102
3847,16,15,33,17,81
3850,16,34,15,17,82
3851,0,34,15,17,66
3852,17,32,18,16,83
3853,32,34,16,17,99
3854,17,34,16,17,84
3855,18,16,16,17,67
3857,16,17,19,17,69
3860,17,31,17,17,82
3861,13,18,17,17,65
3864,17,35,47,16,115
3865,0,35,47,16,98
3866,18,30,17,16,81
3867,13,17,17,16,63
3868,17,33,34,17,101
3870,16,34,17,17,84
3871,17,17,17,17,68
3873,17,17,18,16,68
3874,17,34,32,17,100
3876,16,32,17,17,82
3878,14,34,17,17,82
3879,34,34,17,16,101
3880,17,34,17,16,84
3881,17,17,17,16,67
3882,17,33,17,16,83
3883,0,33,17,16,66
3885,33,34,34,20,121
3886,16,34,34,20,104
3888,17,34,31,17,99
3890,16,31,17,16,80
3892,11,33,17,19,80
3893,33,36,17,15,101
3894,16,36,17,15,84
3896,19,32,36,14,101
3897,32,36,34,16,118
3899,0,36,34,16,86
3900,19,34,16,16,85
3901,14,20,16,16,66
3903,16,16,16,16,64
3905,0,32,17,16,65
3907,17,16,18,16,67
3909,18,16,18,17,69
3910,16,35,13,20,84
3911,0,35,13,20,68
3912,17,33,17,16,83
3914,20,33,16,16,85
3915,17,16,16,16,65
3917,16,16,17,16,65
3918,33,16,17,17,83
3919,67,32,16,20,135
3920,50,32,16,20,118
3922,17,32,16,20,85
3923,0,32,16,20,68
3925,0,36,14,17,67
3926,20,31,19,17,87
3927,14,17,19,17,67
3928,17,36,13,18,84
3929,36,31,18,16,101
3930,17,31,18,16,82
3931,13,18,18,16,65
3932,18,34,18,15,85
3933,18,16,18,15,67
3935,0,33,16,17,66
3937,16,17,19,13,65
3939,32,33,17,17,99
3942,13,34,20,14,81
3943,0,34,20,14,68
3944,17,34,36,13,100
3945,0,34,36,13,83
3946,14,36,13,17,80
3947,19,17,13,17,66
3950,36,14,18,19,87
3951,19,14,18,19,70
3952,14,37,14,17,82
3953,18,19,14,17,68
3955,49,16,18,15,98
3956,35,16,18,15,84
3957,18,16,18,15,67
3958,16,33,17,16,82
3959,18,15,17,16,66
3960,15,33,84,16,148
3961,17,16,84,16,133
3962,16,35,49,16,116
3964,19,32,17,16,84
3966,15,33,18,16,82
3967,0,33,18,16,67
3970,16,32,19,16,83
3973,0,35,17,17,69
3974,16,34,32,17,99
3975,17,17,32,17,83
3976,17,32,17,17,83
3978,33,17,16,17,83
3980,17,33,16,16,82
3981,16,17,16,16,65
3983,16,16,18,32,82
3984,16,50,18,17,101
3986,13,19,18,17,67
3987,19,18,17,18,72
3988,0,18,17,18,53
3990,18,32,17,16,83
3991,14,18,17,16,65
3992,18,33,17,15,83
3993,33,32,17,16,98
3994,16,32,17,16,81
3995,32,33,17,18,100
3996,15,33,17,18,83
3997,17,16,17,18,68
3999,17,18,17,16,68
4000,18,33,16,17,84
4002,16,33,16,20,85
4005,0,36,14,16,66
4006,20,30,19,16,85
4007,14,16,19,16,65
4008,16,35,17,16,84
4010,82,33,16,17,148
4011,66,33,16,17,132
4012,49,33,16,17,115
4014,16,33,16,17,82
4016,16,33,17,17,83
4019,17,17,19,16,69
4020,17,35,11,21,84
4021,19,16,11,21,67
4022,16,32,16,19,83
4023,0,32,16,19,67
4024,21,35,13,21,90
4026,19,34,33,13,99
4027,13,21,33,13,80
4028,21,33,32,15,101
4029,13,20,32,15,80
4030,20,32,32,18,102
4031,13,19,32,18,82
4032,19,32,84,16,151
4033,0,32,84,16,132
4034,17,35,49,16,117
4035,0,35,49,16,100
4036,17,33,16,16,82
4037,17,16,16,16,65
4042,18,31,17,17,83
4043,15,16,17,17,65
4045,17,17,16,17,67
4046,17,33,21,12,83
4047,16,17,21,12,66
4048,17,33,18,15,83
4049,21,12,18,15,66
4051,0,33,19,17,69
4052,15,36,17,16,84
4053,0,36,17,16,69
4055,0,33,17,15,65
4057,17,15,17,17,66
4058,32,17,17,15,81
4060,17,32,17,19,85
4061,32,36,17,15,100
4062,32,19,17,15,83
4063,17,19,17,15,68
4064,19,32,16,16,83
4065,17,15,16,16,64
4066,15,32,18,16,81
4067,32,34,17,17,100
4068,16,34,17,17,84
4069,0,34,17,17,68
4070,16,34,19,13,82
4071,0,34,19,13,66
4072,0,17,19,13,49
4073,32,36,18,16,102
4074,13,36,18,16,83
4075,16,20,18,16,70
4076,20,34,17,17,88
4077,18,16,17,17,68
4081,13,19,17,16,65
4082,19,33,17,17,86
4083,17,16,17,17,67
4084,16,34,0,16,66
4085,17,17,0,16,50
4087,0,32,18,16,66
4089,34,33,17,16,100
4090,16,33,17,16,82
4093,33,33,17,16,99
4094,16,33,17,16,82
4095,17,16,17,16,66
4096,16,33,32,20,101
4098,16,32,20,14,82
4100,16,34,16,17,83
4101,20,14,16,17,67
4103,0,33,17,19,69
4104,17,36,17,17,87
4105,0,36,17,17,70
4106,19,34,13,18,84
4107,17,17,13,18,65
4108,48,32,18,17,115
4109,31,32,18,17,98
4110,18,32,18,17,85
4111,0,32,18,17,67
4112,16,35,19,16,86
4114,17,35,16,16,84
4115,19,16,16,16,67
4116,32,16,16,15,79
4117,16,16,16,15,63
4119,16,15,17,17,65
4120,15,34,16,20,85
4121,17,17,16,20,70
4122,17,36,14,32,99
4123,0,36,14,32,82
4124,20,46,18,20,104
4127,19,18,20,16,73
4128,0,18,20,16,54
4129,20,16,17,17,70
4130,0,16,17,17,50
4131,34,32,17,18,101
4133,0,32,17,18,67
4135,17,18,13,21,69
4137,0,34,13,17,64
4138,21,30,16,17,84
4139,13,17,16,17,63
4140,17,33,17,16,83
4142,17,33,17,16,83
4144,16,33,20,16,85
4146,16,36,17,17,86
4147,20,16,17,17,70
4148,16,34,16,16,82
4149,17,17,16,16,66
4150,17,32,17,17,83
4152,33,17,16,17,83
4153,17,17,16,17,67
4154,17,33,17,16,83
4155,16,17,17,16,66
4158,34,17,50,17,118
4161,16,13,21,17,67
4162,13,38,16,17,84
4164,17,33,13,20,83
4165,16,17,13,20,66
4166,17,33,17,12,79
4168,20,29,21,17,87
4169,50,17,14,17,98
4170,33,17,14,17,81
4173,14,17,13,20,64
4175,13,20,17,15,65
4177,0,32,35,16,83
4178,15,35,16,17,83
4179,19,16,16,17,68
4180,16,33,19,16,84
4181,33,35,13,17,98
4182,17,35,13,17,82
4183,0,35,13,17,65
4186,17,34,34,16,101
4187,18,16,34,16,84
4188,16,34,16,17,83
4189,17,17,16,17,67
4190,17,33,18,16,84
4191,0,33,18,16,67
4193,0,34,19,13,66
4195,0,32,16,20,68
4196,13,36,17,16,82
4197,16,20,17,16,69
4198,20,33,17,16,86
4199,33,33,17,16,99
4201,17,16,17,16,66
4202,16,33,17,16,82
4203,17,16,17,16,66
4204,16,33,17,16,82
4206,16,33,16,17,82
4207,0,33,16,17,66
4208,16,33,16,18,83
4209,16,17,16,18,67
4212,18,33,16,20,87
4213,33,36,0,13,82
4214,32,20,0,13,65
4216,33,18,19,16,86
4217,13,18,19,16,66
4218,84,51,17,17,169
4220,47,51,17,17,132
4223,17,34,17,17,85
4225,20,17,17,17,71
4226,34,17,17,16,84
4227,17,17,17,16,67
4228,17,33,16,15,81
4229,17,16,16,15,64
4231,0,31,18,19,68
4232,33,19,48,18,118
4233,18,19,48,18,103
4234,0,19,48,18,85
4235,17,13,18,18,66
4236,13,36,14,17,80
4237,0,36,14,17,67
4238,18,31,17,18,84
4239,0,31,17,18,66
4242,18,31,18,19,86
4244,13,37,16,17,83
4245,0,37,16,17,70
4247,0,33,16,16,65
4248,17,32,17,15,81
4249,0,32,17,15,64
4250,16,32,17,19,84
4251,0,32,17,19,68
4253,17,19,17,16,69
4255,33,30,17,20,100
4257,15,15,17,20,67
4259,17,20,13,21,71
4260,20,34,13,19,86
4263,0,32,16,18,66
4264,19,34,13,20,86
4265,16,18,13,20,67
4266,18,33,13,20,84
4268,20,33,15,19,87
4269,13,20,15,19,67
4270,35,19,16,14,84
4271,15,19,16,14,64
4273,16,14,17,16,63
4276,16,34,17,19,86
4277,20,14,17,19,70
4279,17,19,13,20,69
4282,36,16,18,17,87
4283,83,15,36,18,152
4285,51,15,36,18,120
4286,33,15,36,18,102
4287,47,20,18,13,98
4288,31,20,18,13,82
4290,20,31,17,17,85
4291,0,31,17,17,65
4292,13,34,35,16,98
4293,0,34,35,16,85
4296,18,32,16,16,82
4297,0,32,16,16,64
4298,0,16,16,16,48
4300,16,34,16,17,83
4301,0,34,16,17,67
4302,17,33,17,16,83
4305,33,36,13,17,99
4309,0,30,36,15,81
4310,17,36,15,17,85
4312,19,32,18,17,86
4314,17,35,17,17,86
4315,0,35,17,17,69
4317,34,29,17,18,98
4319,17,12,17,18,64
4320,12,35,18,32,97
4321,35,50,17,17,119
4322,18,50,17,17,102
4324,13,19,17,17,66
4326,17,33,35,17,102
4328,16,35,17,16,84
4330,19,33,17,16,85
4331,17,16,17,16,66
4332,0,16,17,16,49
4334,16,34,14,17,81
4336,17,31,16,19,83
4337,14,17,16,19,66
4338,17,35,17,15,84
4340,19,32,17,16,84
4341,17,15,17,16,65
4343,17,16,16,20,69
4344,16,36,16,16,84
4346,20,32,34,17,103
4349,0,34,17,17,68
4350,17,34,17,16,84
4351,17,17,17,16,67
4352,17,33,16,16,82
4353,33,32,32,17,114
4354,16,32,32,17,97
4355,48,16,17,17,98
4356,32,16,17,17,82
4359,0,34,17,19,70
4360,17,36,18,16,87
4361,17,19,18,16,70
4363,34,33,13,19,99
4364,16,33,13,19,81
4365,0,33,13,19,65
4367,13,19,17,16,65
4368,19,33,14,18,84
4369,17,16,14,18,65
4371,14,18,16,16,64
4376,16,33,16,16,81
4377,16,17,16,16,65
4378,33,16,17,19,85
4379,16,16,17,19,68
4381,0,36,14,20,70
4385,0,30,17,16,63
4386,17,33,18,16,84
4387,0,33,18,16,67
4388,16,34,16,20,86
4389,18,16,16,20,70
4390,16,36,13,19,84
4392,20,32,17,17,86
4393,13,19,17,17,66
4394,19,34,16,16,85
4395,0,34,16,16,66
4396,17,32,18,14,81
4397,16,16,18,14,64
4398,16,32,34,17,99
4399,18,14,34,17,83
4402,16,33,19,16,84
4404,0,16,19,16,51
4406,16,32,20,15,83
4408,16,35,18,13,82
4409,20,15,18,13,66
4410,15,31,16,18,80
4411,0,31,16,18,65
4412,13,34,16,17,80
4414,18,33,16,20,87
4419,16,17,18,15,66
4421,0,33,15,17,65
4422,47,35,16,15,113
4423,32,35,16,15,98
4424,17,35,16,15,83
4425,0,35,16,15,66
4427,0,31,17,19,67
4428,15,36,16,16,83
4429,0,36,16,16,68
4431,16,16,32,17,81
4432,16,32,17,16,81
4433,0,32,17,16,65
4434,15,33,35,16,99
4436,16,35,16,18,85
4437,16,19,16,18,69
4438,19,34,16,17,86
4440,34,17,17,16,84
4441,16,17,17,16,66
4442,17,33,32,16,98
4444,33,15,16,17,81
4445,17,15,16,17,65
4446,15,33,20,16,84
4447,16,17,20,16,69
4449,36,34,14,19,103
4450,16,34,14,19,83
4451,0,34,14,19,67
4452,17,33,16,16,82
4454,19,32,16,16,83
4455,16,16,16,16,64
4456,16,32,17,17,82
4457,0,32,17,17,66
4459,0,34,18,15,67
4460,17,33,17,16,83
4461,18,15,17,16,66
4462,15,33,20,16,84
4464,16,36,17,17,86
4466,16,34,13,17,80
4468,17,30,16,17,80
4470,17,33,35,17,102
4471,16,17,35,17,85
4472,17,35,17,17,86
4473,0,35,17,17,69
4474,17,34,17,16,84
4476,17,33,16,16,82
4477,17,16,16,16,65
4478,16,32,17,20,85
4480,16,37,31,16,100
4482,20,31,16,17,84
4483,0,31,16,17,64
4484,16,33,17,14,80
4486,17,31,21,13,82
4489,21,13,17,17,68
4490,13,34,19,16,82
4491,17,17,19,16,69
4493,19,16,16,16,67
4494,16,32,16,17,81
4495,16,16,16,17,65
4496,16,33,17,16,82
4497,16,17,17,16,66
4499,0,33,17,17,67
4500,16,34,16,18,84
4501,17,17,16,18,68
4502,17,34,33,19,103
4503,0,34,33,19,86
4504,18,33,19,14,84
4506,17,33,19,14,83
4507,0,33,19,14,66
4508,0,14,19,14,47
4510,14,34,34,18,100
4511,19,15,34,18,86
4512,15,34,18,14,81
4514,0,16,18,14,48
4515,0,32,20,13,65
4516,34,13,17,17,81
4517,20,13,17,17,67
4518,13,34,16,19,82
4519,17,17,16,19,69
4521,0,35,17,16,68
4523,0,33,18,16,67
4526,16,33,17,15,81
4528,0,18,17,15,50
4530,0,15,16,16,47
4532,16,36,16,16,84
4533,17,19,16,16,68
4534,35,16,17,15,83
4536,16,32,17,19,84
4538,15,36,16,16,83
4539,17,19,16,16,68
4540,19,32,17,16,84
4541,16,16,17,16,65
4542,16,33,18,15,82
4543,17,16,18,15,66
4544,16,33,18,18,85
4545,0,33,18,18,69
4547,18,18,47,18,101
4548,18,30,17,18,83
4549,13,17,17,18,65
4550,34,18,18,17,87
4552,18,35,17,17,87
4555,0,34,32,15,81
4556,17,32,15,15,79
4557,32,30,19,16,97
4559,15,15,19,16,65
4560,15,35,14,18,82
4561,0,35,14,18,67
4565,36,33,16,18,103
4566,150,34,16,16,216
4569,100,34,16,16,166
4572,49,34,16,16,115
4573,34,34,16,16,100
4574,17,34,16,16,83
4576,18,32,17,16,83
4577,16,16,17,16,65
4579,17,16,17,17,67
4580,16,34,17,16,83
4581,17,17,17,16,67
4582,34,16,17,19,86
4583,17,16,17,19,69
4584,16,36,13,19,84
4585,0,36,13,19,68
4586,19,32,14,17,82
4587,13,19,14,17,63
4589,0,31,17,16,64
4590,17,33,18,16,84
4591,17,16,18,16,67
4592,16,34,19,13,82
4593,18,16,19,13,66
4594,16,32,20,16,84
4597,0,36,17,16,69
4600,16,33,17,16,82
4601,0,33,17,16,66
4602,32,16,19,16,83
4603,17,16,19,16,68
4606,16,33,13,21,83
4607,0,33,13,21,67
4608,16,34,17,17,84
4609,13,21,17,17,68
4611,34,29,17,20,100
4612,17,29,17,20,83
4613,13,16,17,20,66
4615,17,20,17,14,68
4617,0,31,16,19,66
4618,0,14,16,19,49
4619,16,19,16,17,68
4621,16,17,17,17,67
4622,34,17,15,19,85
4624,17,34,14,19,84
4627,33,32,16,17,98
4628,19,32,16,17,84
4629,0,32,16,17,65
4633,0,35,15,17,67
4634,17,32,17,16,82
4636,0,17,17,16,50
4637,17,16,17,16,66
4638,16,33,17,17,83
4639,33,34,17,16,100
4640,16,34,17,16,83
4641,34,33,18,16,101
4645,18,16,15,20,69
4646,16,35,32,15,98
4647,15,20,32,15,82
4649,16,16,15,16,63
4650,16,31,17,17,81
4652,0,16,17,17,50
4653,0,34,18,21,73
4655,0,39,46,17,102
4657,11,18,17,17,63
4658,18,34,17,17,86
4660,17,34,17,13,81
4661,0,34,17,13,64
4663,0,30,20,16,66
4664,13,36,16,15,80
4665,0,36,16,15,67
4667,16,15,17,17,65
4669,17,17,16,17,67
4670,0,17,16,17,50
4676,15,33,17,17,82
4677,17,16,17,17,67
4678,16,34,17,17,84
4679,17,17,17,17,68
4682,17,33,17,16,83
4683,16,17,17,16,66
4684,17,33,17,15,82
4685,17,16,17,15,65
4686,16,32,17,17,82
4687,17,15,17,17,66
4688,15,34,17,17,83
4689,17,17,17,17,68
4691,87,16,16,15,134
4694,36,16,16,15,83
4695,17,16,16,15,64
4697,16,15,17,18,66
4700,18,34,12,20,84
4701,16,18,12,20,66
4702,18,32,17,16,83
4705,17,16,18,16,67
4707,18,16,17,17,68
4708,16,34,14,19,83
4709,0,34,14,19,67
4710,17,33,17,17,84
4711,14,19,17,17,67
4712,19,34,14,19,86
4713,34,33,15,19,101
4715,14,19,15,19,67
4716,19,34,13,20,86
4717,0,34,13,20,67
4720,0,20,17,16,53
4721,17,16,16,17,66
4722,16,33,16,17,82
4723,16,17,16,17,66
4725,0,33,18,16,67
4727,18,16,15,17,66
4728,16,32,16,20,84
4729,0,32,16,20,68
4730,17,36,13,19,85
4731,0,36,13,19,68
4732,20,32,18,14,84
4733,13,19,18,14,64
4734,19,32,16,16,83
4736,14,32,18,17,81
4738,16,35,16,17,84
4739,18,17,16,17,68
4741,16,17,17,15,65
4742,17,32,17,17,83
4745,0,34,17,16,67
4746,17,33,18,18,86
4747,33,36,14,20,103
4748,16,36,14,20,86
4749,18,18,14,20,70
4750,18,34,16,17,85
4751,14,20,16,17,67
4752,20,33,16,16,85
4753,16,17,16,16,65
4755,32,32,53,15,132
4756,16,32,53,15,116
4757,32,36,32,18,118
4758,16,36,32,18,102
4759,0,36,32,18,86
4762,15,32,19,16,82
4763,18,14,19,16,67
4765,35,33,17,16,101
4766,16,33,17,16,82
4767,17,16,17,16,66
4768,16,33,17,17,83
4769,33,34,17,16,100
4770,16,34,17,16,83
4772,34,16,17,17,84
4773,17,16,17,17,67
4774,16,34,17,17,84
4775,17,17,17,17,68
4777,0,34,16,16,66
4778,33,16,17,17,83
4779,16,16,17,17,66
4781,17,17,48,16,98
4782,17,31,17,16,81
4783,17,14,17,16,64
4785,17,16,18,17,68
4787,0,35,17,18,70
4788,17,35,17,16,85
4792,16,32,17,15,80
4793,16,16,17,15,64
4795,0,32,21,13,66
4797,21,13,17,17,68
4798,13,34,16,16,79
4799,17,17,16,16,66
4800,17,32,17,19,85
4801,0,32,17,19,68
4802,16,36,14,17,83
4803,17,19,14,17,67
4806,0,17,17,17,51
4808,17,34,15,19,85
4809,34,34,18,16,102
4810,17,34,18,16,85
4811,0,34,18,16,68
4812,53,32,18,15,118
4813,34,32,18,15,99
4814,16,32,18,15,81
4819,0,34,17,17,68
4820,16,34,13,20,83
4821,17,17,13,20,67
4822,17,33,17,16,83
4825,17,16,33,17,83
4826,33,16,17,16,82
4827,17,16,17,16,66
4828,16,33,17,17,83
4831,0,34,17,16,67
4832,17,33,16,18,84
4833,0,33,16,18,67
4834,16,34,15,16,81
4835,0,34,15,16,65
4836,18,31,17,16,82
4837,0,31,17,16,64
4839,17,16,20,17,70
4840,16,37,16,16,85
4842,17,32,19,17,85
4843,0,32,19,17,68
4844,16,36,13,17,82
4845,0,36,13,17,66
4846,17,30,17,16,80
4847,13,17,17,16,63
4849,17,16,17,16,66
4851,0,33,17,16,66
4854,16,36,33,15,100
4855,36,33,15,17,101
4856,17,33,15,17,82
4857,0,33,15,17,65
4858,18,32,19,16,85
4859,15,17,19,16,67
4860,17,35,15,17,84
4861,19,16,15,17,67
4862,31,17,17,17,82
4863,15,17,17,17,66
4864,0,17,17,17,51
4865,0,34,17,16,67
4866,17,33,16,16,82
4870,16,35,14,20,85
4871,18,17,14,20,69
4872,17,34,16,16,83
4874,36,16,18,16,86
4875,16,16,18,16,66
4876,16,34,16,16,82
4877,18,16,16,16,66
4878,16,32,16,17,81
4880,16,33,18,16,83
4881,33,34,18,15,100
4887,0,33,17,16,66
4888,0,17,17,16,50
4889,17,16,34,20,87
4891,34,33,18,16,101
4893,20,13,18,16,67
4894,13,34,17,17,81
4895,0,34,17,17,68
4898,17,32,49,17,115
4901,66,36,16,16,134
4902,49,36,16,16,117
4903,34,36,16,16,102
4904,17,36,16,16,85
4905,0,36,16,16,68
4906,19,32,16,19,86
4907,16,16,16,19,67
4908,16,35,14,19,84
4909,0,35,14,19,68
4910,19,33,15,18,85
4911,33,33,16,17,99
4914,18,33,83,16,150
4915,16,17,83,16,132
4916,34,16,50,16,116
4917,17,16,50,16,99
4918,16,33,17,16,82
4920,34,16,17,18,85
4922,16,35,14,16,81
4924,32,16,34,17,99
4925,14,16,34,17,81
4926,16,34,17,18,85
4927,17,17,17,18,69
4928,17,35,32,18,102
4929,0,35,32,18,85
4930,18,32,18,17,85
4931,16,16,18,17,67
4933,18,17,15,19,69
4934,17,34,15,19,85
4935,15,19,15,19,68
4936,19,34,13,21,87
4937,0,34,13,21,68
4938,32,21,14,16,83
4942,16,33,18,17,84
4943,17,16,18,17,68
4944,16,35,17,16,84
4945,18,17,17,16,68
4946,17,33,16,18,84
4947,17,16,16,18,67
4948,32,18,17,17,84
4950,18,34,13,20,85
4952,17,33,14,19,83
4953,13,20,14,19,66
4954,20,33,17,14,84
4956,19,31,19,17,86
4957,17,14,19,17,67
4958,14,36,16,16,82
4959,19,17,16,16,68
4960,17,32,32,16,97
4961,0,32,32,16,80
4962,16,32,16,18,82
4963,17,15,16,18,66
4964,15,34,17,16,82
4965,16,18,17,16,67
4966,0,18,17,16,51
4968,16,34,16,17,83
4969,17,17,16,17,67
4970,17,33,34,16,100
4971,16,17,34,16,83
4972,17,34,16,18,85
4974,17,34,17,16,84
4978,16,33,33,16,98
4979,16,17,33,16,82
4980,33,17,16,17,83
4981,16,17,16,17,66
4982,17,33,16,20,86
4985,16,20,13,21,70
4986,20,34,14,16,84
4987,13,21,14,16,64
4988,35,16,17,17,85
4989,14,16,17,17,64
4991,17,17,34,17,85
4992,17,34,17,16,84
4995,0,33,18,13,64
4997,18,13,18,19,68
4999,37,32,17,14,100
5000,19,32,17,14,82
5003,17,14,19,16,66
5004,14,35,18,16,83
5006,16,34,17,16,83
5007,0,34,17,16,67
5008,33,16,18,16,83
5010,16,34,17,17,84
5013,0,34,16,16,66
5014,17,32,16,17,82
5015,16,16,16,17,65
5016,16,33,17,16,82
5019,33,33,18,16,100
5020,16,33,18,16,83
5021,33,34,16,17,100
5022,16,34,16,17,83
5023,18,16,16,17,67
5024,16,33,16,19,84
5026,17,35,17,16,85
5027,16,19,17,16,68
5028,19,33,17,16,85
5029,17,16,17,16,66
5030,16,33,17,16,82
5032,16,33,15,16,80
5033,0,33,15,16,64
5034,16,31,37,16,100
5035,15,16,37,16,84
5036,16,37,16,17,86
5037,0,37,16,17,70
5040,17,34,16,17,84
5042,17,33,32,18,100
5044,17,32,18,16,83
5045,16,16,18,16,66
5046,16,34,14,20,84
5047,0,34,14,20,68
5049,14,20,81,19,134
5050,20,33,48,19,120
5052,19,34,14,19,86
5053,0,34,14,19,67
5055,14,19,14,16,63
5057,0,30,18,18,66
5058,16,36,17,16,85
5060,18,33,17,16,84
5061,17,16,17,16,66
5062,16,33,17,17,83
5064,16,34,14,19,83
5065,17,17,14,19,67
5066,17,33,17,16,83
5067,0,33,17,16,66
5068,19,33,48,20,120
5070,16,32,16,20,84
5071,19,13,16,20,68
5072,13,36,14,16,79
5075,0,30,21,13,64
5076,16,34,19,17,86
5077,21,13,19,17,70
5078,13,36,16,17,82
5079,19,17,16,17,69
5080,17,33,19,12,81
5081,16,17,19,12,64
5083,0,31,16,22,69
5084,12,38,15,16,81
5085,16,22,15,16,69
5088,16,30,20,16,82
5090,0,13,20,16,49
5091,20,16,15,17,68
5092,16,32,17,17,82
5093,15,17,17,17,66
5094,34,17,35,14,100
5095,17,17,35,14,83
5096,17,35,14,16,82
5097,0,35,14,16,65
5098,19,30,17,17,83
5100,16,34,20,16,86
5101,0,34,20,16,70
5102,17,36,17,13,83
5103,20,16,17,13,66
5105,0,30,18,16,64
5108,16,36,14,17,83
5109,17,19,14,17,67
5110,33,17,18,17,85
5111,14,17,18,17,66
5113,35,34,48,16,133
5114,17,34,48,16,115
5116,16,34,14,16,80
5117,48,16,18,17,99
5118,34,16,18,17,85
5119,14,16,18,17,65
5124,16,35,17,16,84
5125,18,17,17,16,68
5126,34,16,82,19,151
5127,17,16,82,19,134
5129,16,16,50,19,101
5130,16,33,17,19,85
5133,0,36,14,21,71
5134,19,35,14,19,87
5135,0,35,14,19,68
5136,21,33,15,17,86
5137,14,19,15,17,65
5138,19,32,15,19,85
5139,32,34,15,16,97
5141,0,34,15,16,65
5142,19,31,18,16,84
5143,0,31,18,16,65
5144,16,34,16,17,83
5145,18,16,16,17,67
5146,16,33,33,17,99
5147,16,17,33,17,83
5148,17,33,17,16,83
5149,0,33,17,16,66
5150,17,33,16,17,83
5152,16,33,16,21,86
5154,0,17,16,21,54
5155,0,37,14,16,67
5156,35,16,17,19,87
5158,16,36,13,19,84
5161,0,32,17,16,65
5162,19,33,18,15,85
5164,16,33,18,14,81
5165,18,15,18,14,65
5166,15,32,19,15,81
5167,18,14,19,15,66
5168,14,34,35,15,98
5169,34,35,15,18,102
5170,15,35,15,18,83
5171,0,35,15,18,68
5172,0,19,15,18,52
5175,0,31,18,17,66
5176,17,35,18,17,87
5177,18,17,18,17,70
5179,0,35,17,16,68
5181,17,16,14,17,64
5182,16,31,19,14,80
5183,14,17,19,14,64
5184,36,14,17,20,87
5185,19,14,17,20,70
5187,17,20,15,15,67
5188,20,30,17,19,86
5189,30,36,13,17,96
5190,15,36,13,17,81
5191,0,36,13,17,66
5192,32,17,17,17,83
5193,13,17,17,17,64
5194,17,34,116,16,183
5196,34,16,83,16,149
5197,33,35,48,16,132
5198,16,35,48,16,115
5201,82,16,18,17,133
5202,65,16,18,17,116
5203,49,16,18,17,100
5204,34,16,18,17,85
5205,18,16,18,17,69
5206,16,35,17,19,87
5207,18,17,17,19,71
5208,17,36,14,16,83
5209,17,19,14,16,66
5210,19,30,19,16,84
5211,14,16,19,16,65
5213,19,16,17,16,68
5215,0,33,17,16,66
5216,16,33,17,16,82
5218,16,33,17,17,83
5219,0,33,17,17,67
5220,16,34,16,17,83
5222,17,33,17,16,83
5223,16,17,17,16,66
5225,17,16,16,20,69
5229,14,18,14,20,66
5231,0,34,17,16,67
5232,20,33,17,16,86
5233,17,16,17,16,66
5234,16,33,18,13,80
5235,17,16,18,13,64
5236,16,31,17,16,80
5238,13,33,17,17,80
5239,0,33,17,17,67
5240,16,34,18,16,84
5241,17,17,18,16,68
5243,0,34,15,17,66
5244,16,32,18,17,83
5247,18,17,17,16,68
5248,17,33,16,16,82
5249,17,16,16,16,65
5250,16,32,17,19,84
5252,16,36,16,17,85
5253,17,19,16,17,69
5256,17,32,16,18,83
5257,32,34,18,16,100
5258,16,34,18,16,84
5260,18,34,17,16,85
5261,18,16,17,16,67
5262,33,16,16,16,81
5265,16,16,17,19,68
5266,16,36,17,16,85
5267,17,19,17,16,69
5268,19,33,18,13,83
5269,17,16,18,13,64
5271,18,13,18,15,64
5272,13,33,21,12,79
5273,0,33,21,12,66
5274,15,33,36,18,102
5275,21,12,36,18,87
5276,32,16,18,12,78
5278,16,30,20,17,83
5279,18,12,20,17,67
5282,17,34,13,20,84
5283,34,33,16,15,98
5284,18,33,16,15,82
5286,20,31,14,22,87
5289,14,22,14,18,68
5290,22,32,34,17,105
5293,0,34,17,17,68
5294,33,17,33,16,99
5297,0,33,16,18,67
5298,36,18,13,19,86
5299,16,18,13,19,66
5300,18,32,33,17,100
5301,0,32,33,17,82
5302,19,33,17,17,86
5303,17,16,17,17,67
5305,17,17,17,14,65
5306,17,31,18,16,82
5307,17,14,18,16,65
5308,32,16,17,16,81
5310,16,33,33,20,102
5312,16,33,20,17,86
5313,0,33,20,17,70
5315,20,17,13,20,70
5316,17,33,15,16,81
5317,13,20,15,16,64
5318,35,16,17,16,84
5322,16,34,16,18,84
5323,17,17,16,18,68
5324,17,34,17,16,84
5325,16,18,17,16,67
5326,18,33,18,16,85
5327,0,33,18,16,67
5328,16,34,16,16,82
5329,18,16,16,16,66
5330,16,32,17,14,79
5333,17,14,21,16,68
5335,0,37,17,16,70
5336,16,33,19,15,83
5337,17,16,19,15,67
5338,35,15,16,15,81
5339,19,15,16,15,65
5340,15,31,17,20,83
5341,31,37,12,17,97
5342,32,20,12,17,81
5343,37,29,17,16,99
5346,17,33,17,20,87
5347,0,33,17,20,70
5348,16,37,17,16,86
5349,0,37,17,16,70
5350,20,33,46,17,116
5351,17,16,46,17,96
5353,13,17,16,17,63
5355,16,17,17,17,67
5357,34,33,33,18,118
5358,17,33,33,18,101
5359,0,33,33,18,84
5361,16,17,18,16,67
5362,17,34,17,19,87
5364,16,36,33,15,100
5366,19,33,15,17,84
5367,17,16,15,17,65
5368,16,32,19,15,82
5369,15,17,19,15,66
5371,0,34,17,16,67
5372,15,33,18,15,81
5374,16,33,17,16,82
5375,0,33,17,16,66
5378,35,16,13,20,84
5380,16,33,16,17,82
5382,20,33,17,14,84
5385,17,14,17,20,68
5387,17,20,13,20,70
5388,33,20,17,15,85
5389,13,20,17,15,65
5390,20,32,16,15,83
5393,0,31,16,20,67
5394,15,36,17,15,83
5395,0,36,17,15,68
5397,0,32,16,20,68
5400,20,34,17,13,84
5401,16,18,17,13,64
5402,18,30,33,17,98
5403,17,13,33,17,80
5406,15,34,16,20,85
5407,83,19,17,16,135
5408,66,19,17,16,118
5411,13,19,17,16,65
5412,19,33,17,16,85
5413,17,16,17,16,66
5415,33,34,17,16,100
5416,16,34,17,16,83
5417,0,34,17,16,67
5418,15,33,35,15,98
5419,17,16,35,15,83
5421,16,19,48,15,98
5422,19,29,19,15,82
5425,19,15,17,19,70
5426,15,36,48,16,115
5427,17,19,48,16,100
5428,19,31,17,16,83
5429,18,13,17,16,64
5431,17,16,20,16,69
5432,16,36,14,21,87
5433,0,36,14,21,71
5434,16,35,32,17,100
5435,14,21,32,17,84
5436,0,21,32,17,70
5438,17,31,53,16,117
5440,0,14,53,16,83
5442,21,34,16,15,86
5444,16,31,16,20,83
5447,16,20,34,13,83
5448,20,34,13,17,84
5449,13,21,13,17,64
5450,34,17,16,17,84
5451,13,17,16,17,63
5453,16,17,18,16,67
5454,17,34,16,20,87
5455,18,16,16,20,70
5456,16,36,17,16,85
5457,16,20,17,16,69
5458,20,33,16,16,85
5459,17,16,16,16,65
5460,16,32,16,16,80
5461,0,32,16,16,64
5462,16,32,17,17,82
5464,33,17,17,16,83
5465,17,17,17,16,67
5466,17,33,33,16,99
5467,0,33,33,16,82
5468,16,33,16,17,82
5469,18,15,16,17,66
5470,15,33,16,20,84
5473,0,36,18,12,66
5474,20,30,18,18,86
5476,30,18,14,17,79
5479,14,17,19,17,67
5480,17,36,18,14,85
5481,36,32,18,21,107
5482,17,32,18,21,88
5483,18,14,18,21,71
5486,21,29,14,16,80
5487,13,16,14,16,59
5488,16,30,18,18,82
5489,14,16,18,18,66
5490,16,36,0,18,70
5492,18,31,18,18,85
5493,18,13,18,18,67
5494,0,13,18,18,49
5495,18,18,33,17,86
5497,14,19,34,17,84
5498,19,34,17,14,84
5499,0,34,17,14,65
5500,0,17,17,14,48
5501,17,14,16,17,64
5502,0,14,16,17,47
5504,17,36,18,16,87
5505,0,36,18,16,70
5506,19,34,16,16,85
5508,32,16,18,15,81
5509,16,16,18,15,65
5512,15,33,18,17,83
5513,0,33,18,17,68
5516,0,17,17,13,47
5519,17,19,17,16,69
5521,17,16,16,17,66
5522,0,16,16,17,49
5523,16,17,17,16,66
5524,17,33,16,17,83
5525,33,33,33,19,118
5528,34,16,19,13,82
5531,0,32,20,15,67
5534,15,36,15,17,83
5537,15,17,34,16,82
5538,17,34,16,17,84
5539,0,34,16,17,67
5541,16,17,15,17,65
5543,0,32,18,16,66
5544,17,34,15,17,83
5545,18,16,15,17,66
5546,31,17,18,16,82
5547,15,17,18,16,66
5548,17,34,17,17,85
5549,18,16,17,17,68
5550,16,34,14,18,82
5551,17,17,14,18,66
5553,0,32,17,17,66
5554,18,34,16,16,84
5555,17,17,16,16,66
5556,33,16,18,16,83
5557,32,34,34,16,116
5558,16,34,34,16,100
5561,18,16,16,17,67
5563,16,17,18,16,67
5564,35,16,17,17,85
5565,18,16,17,17,68
5567,17,17,17,16,67
5568,17,33,18,16,84
5569,17,16,18,16,67
5571,18,16,14,20,68
5572,16,34,14,16,80
5573,14,20,14,16,64
5574,20,30,35,17,102
5577,19,16,17,17,69
5578,16,34,14,17,81
5580,17,31,17,17,82
5582,17,34,17,16,84
5584,34,16,18,18,86
5587,0,36,17,16,69
5588,18,33,16,16,83
5589,17,16,16,16,65
5590,32,16,17,16,81
5593,17,16,17,17,67
5594,16,34,17,16,83
5595,17,17,17,16,67
5599,17,17,17,17,68
5600,34,17,17,13,81
5601,64,37,17,14,132
5602,47,37,17,14,115
5604,13,37,17,14,81
5605,20,17,17,14,68
5608,0,14,18,16,48
5610,16,32,17,18,83
5611,0,32,17,18,67
5613,17,18,17,18,70
5614,18,35,31,16,100
5615,17,18,31,16,82
5618,17,34,50,18,119
5620,0,18,50,18,86
5621,0,32,18,18,68
5622,13,36,14,17,80
5623,18,18,14,17,67
5625,14,17,18,18,67
5626,17,36,16,17,86
5629,33,33,17,14,97
5630,17,33,17,14,81
5631,14,19,17,14,64
5632,19,31,17,17,84
5633,0,31,17,17,65
5635,0,34,17,17,68
5637,17,17,17,16,67
5638,17,33,17,17,84
5640,16,34,18,16,84
5641,17,17,18,16,68
5642,17,34,17,16,84
5643,83,15,18,16,132
5644,65,15,18,16,114
5645,49,15,18,16,98
5646,32,15,18,16,81
5648,15,34,17,16,82
5652,0,16,17,16,49
5653,17,16,20,13,66
5654,101,17,17,16,151
5655,85,17,17,16,135
5657,52,17,17,16,102
5658,34,17,17,16,84
5661,17,16,17,16,66
5663,17,16,19,16,68
5664,16,35,47,20,118
5665,19,16,47,20,102
5666,16,30,17,20,83
5667,0,30,17,20,67
5668,31,20,13,20,84
5669,37,33,52,15,137
5671,0,33,52,15,100
5672,20,31,21,15,87
5673,15,16,21,15,67
5675,21,15,14,16,66
5677,14,16,17,16,63
5678,16,33,17,17,83
5679,0,33,17,17,67
5680,16,34,18,17,85
5681,34,35,83,17,169
5682,35,17,83,17,152
5684,17,33,50,17,117
5686,16,34,16,17,83
5687,18,16,16,17,67
5689,16,17,17,17,67
5690,17,34,17,16,84
5691,34,33,33,16,116
5693,0,33,33,16,82
5695,15,18,16,16,65
5697,0,32,18,16,66
5698,16,34,18,16,84
5699,18,16,18,16,68
5700,16,34,17,16,83
5703,33,33,16,17,99
5704,33,16,16,17,82
5705,17,16,16,17,66
5706,16,33,17,17,83
5707,16,17,17,17,67
5708,17,34,34,17,102
5709,17,17,34,17,85
5710,17,34,17,14,82
5712,17,31,17,17,82
5713,17,14,17,17,65
5715,34,32,20,17,103
5716,17,32,20,17,86
5717,17,15,20,17,69
5719,20,17,17,16,70
5721,17,16,18,13,64
5722,16,31,17,19,83
5723,0,31,17,19,67
5724,13,36,16,16,81
5729,17,15,16,21,69
5731,0,37,13,17,67
5732,21,30,17,17,85
5733,0,30,17,17,64
5736,17,34,14,17,82
5737,34,31,53,15,133
5738,17,31,53,15,116
5739,14,17,53,15,99
5741,0,36,17,15,68
5742,20,32,18,17,87
5743,17,15,18,17,67
5744,15,35,17,16,83
5746,17,33,34,17,101
5748,16,34,33,16,99
5751,17,16,16,16,65
5752,0,16,16,16,48
5753,0,32,18,16,66
5755,0,34,84,16,134
5756,16,32,85,16,149
5757,18,14,85,16,133
5758,14,33,52,16,115
5759,16,17,52,16,101
5760,17,35,17,16,85
5763,17,16,15,20,68
5765,15,20,16,16,67
5766,20,32,17,16,85
5767,16,16,17,16,65
5768,16,33,20,13,82
5769,17,16,20,13,66
5770,16,33,84,17,150
5773,18,16,50,17,101
5774,16,33,17,17,83
5778,17,33,17,19,86
5783,0,32,14,19,65
5784,17,33,33,15,98
5785,14,19,33,15,81
5786,19,33,15,18,85
5787,16,17,15,18,66
5788,0,17,15,18,50
5789,0,33,14,17,64
5791,0,31,19,17,67
5792,17,36,15,16,84
5793,0,36,15,16,67
5794,17,31,18,17,83
5795,0,31,18,17,66
5796,16,35,17,17,85
5797,18,17,17,17,69
5798,17,34,14,17,82
5799,17,17,14,17,65
5800,17,31,16,20,84
5801,0,31,16,20,67
5802,17,36,14,17,84
5803,16,20,14,17,67
5804,20,31,18,16,85
5805,14,17,18,16,65
5806,17,34,18,16,85
5807,0,34,18,16,68
5808,16,34,16,19,85
5809,0,34,16,19,69
5811,16,19,13,17,65
5813,0,30,17,16,63
5816,16,34,18,16,84
5817,18,16,18,16,68
5818,16,34,21,12,83
5819,18,16,21,12,67
5820,37,12,18,17,84
5821,21,12,18,17,68
5823,18,17,17,15,67
5824,17,32,17,17,83
5826,15,34,18,13,80
5827,17,17,18,13,65
5828,17,31,17,20,85
5829,18,13,17,20,68
5830,13,37,13,17,80
5831,0,37,13,17,67
5832,20,30,19,15,84
5834,17,34,18,19,88
5835,0,34,18,19,71
5836,15,37,16,15,83
5840,15,32,16,19,82
5842,15,35,17,17,84
5843,83,17,16,20,136
5844,67,17,16,20,120
5845,48,17,16,20,101
5846,31,17,16,20,84
5848,0,17,16,20,53
5849,0,36,17,16,69
5850,20,33,17,14,84
5854,14,33,17,16,80
5856,16,33,17,16,82
5857,17,16,17,16,66
5858,16,33,17,17,83
5859,0,33,17,17,67
5860,16,34,17,16,83
5861,0,34,17,16,67
5862,17,33,17,18,85
5863,0,33,17,18,68
5864,16,35,17,17,85
5865,0,35,17,17,69
5866,18,34,117,17,186
5867,0,34,117,17,168
5868,17,33,84,17,151
5869,17,16,84,17,134
5870,47,35,18,17,117
5871,31,35,18,17,101
5872,17,35,18,17,87
5874,15,35,16,17,83
5875,18,17,16,17,68
5876,17,33,14,20,84
5877,0,33,14,20,67
5880,20,30,18,17,85
5881,13,17,18,17,65
5882,52,33,16,16,117
5883,35,33,16,16,100
5884,17,33,16,16,82
5885,17,16,16,16,65
5886,16,32,20,14,82
5888,16,34,17,15,82
5889,20,14,17,15,66
5890,14,32,17,18,81
5891,32,35,18,16,101
5892,84,35,15,16,150
5893,69,35,15,16,135
5894,52,35,15,16,118
5896,16,35,15,16,82
5897,0,35,15,16,66
5898,17,31,18,17,83
5899,15,16,18,17,66
5900,16,35,16,17,84
5901,0,35,16,17,68
5902,17,33,17,16,83
5903,16,17,17,16,66
5904,17,33,16,17,83
5905,17,16,16,17,66
5906,16,33,17,16,82
5907,0,33,17,16,66
5909,33,34,18,13,98
5910,16,34,18,13,81
5911,18,16,18,13,65
5912,16,31,34,20,101
5914,47,34,17,22,120
5918,14,39,13,16,82
5919,17,22,13,16,68
5920,22,29,18,16,85
5922,16,34,14,19,83
5923,34,33,16,16,99
5924,16,33,16,16,81
5926,19,32,17,16,84
5927,0,32,17,16,65
5928,16,33,18,16,83
5930,16,34,17,15,82
5931,34,32,34,17,117
5935,0,34,17,17,68
5936,16,34,19,14,83
5937,17,17,19,14,67
5938,17,33,16,17,83
5941,0,33,17,17,67
5942,17,34,17,16,84
5945,33,33,17,16,99
5946,16,33,17,16,82
5947,66,33,17,17,133
5948,50,33,17,17,117
5949,33,33,17,17,100
5951,17,16,17,17,67
5952,16,34,15,20,85
5953,17,17,15,20,69
5954,17,35,17,16,85
5956,20,33,16,18,87
5957,0,33,16,18,67
5959,0,34,16,15,65
5960,18,31,18,16,83
5961,0,31,18,16,65
5962,15,34,18,15,82
5963,18,16,18,15,67
5964,16,33,17,18,84
5967,17,18,20,18,73
5970,18,27,17,16,78
5971,0,27,17,16,60
5973,33,34,17,16,100
5974,34,16,17,16,83
5976,16,33,17,16,82
5978,16,33,32,19,100
5979,17,16,32,19,84
5980,16,32,36,15,99
5981,18,14,36,15,83
5982,14,36,15,17,82
5983,19,17,15,17,68
5985,32,35,16,16,99
5986,17,35,16,16,84
5987,0,35,16,16,67
5988,17,32,33,18,100
5989,16,16,33,18,83
5990,16,33,0,18,67
5992,16,34,16,16,82
5993,18,16,16,16,66
5994,16,32,17,20,85
5995,16,16,17,20,69
5996,16,37,13,19,85
5997,17,20,13,19,69
