序号,发送->接收,接收->转发,转发->接收,接收->处理,总计
1,0,53,76,17,146
2,40,17,19,17,93
3,32,17,19,17,85
5,0,17,19,17,53
6,19,32,16,35,102
7,32,51,14,19,116
9,0,51,14,19,84
11,19,33,49,33,134
12,33,16,33,33,115
13,19,16,33,33,101
14,16,33,33,19,101
15,15,18,33,19,85
16,18,52,15,18,103
17,0,52,15,18,85
18,18,19,15,18,70
19,19,15,18,15,67
22,0,15,15,19,49
23,15,19,15,18,67
24,19,33,33,15,100
25,15,18,33,15,81
26,18,48,20,33,119
27,0,48,20,33,101
30,35,18,49,33,135
33,16,33,15,18,82
34,0,33,15,18,66
35,18,33,15,18,84
37,18,33,16,19,86
39,18,35,28,8,89
40,16,19,28,8,71
43,8,15,16,19,58
44,15,35,15,18,83
45,16,19,15,18,68
46,19,33,16,17,85
47,15,18,16,17,66
49,16,17,15,18,66
51,15,18,15,18,66
52,18,33,18,15,84
53,15,18,18,15,66
54,36,15,19,15,85
56,15,34,17,15,81
58,15,32,20,15,82
60,15,35,15,18,83
61,0,35,15,18,68
62,15,33,34,16,98
63,15,18,34,16,83
64,18,34,16,16,84
65,16,18,16,16,66
67,16,16,15,19,66
68,16,34,16,19,85
69,15,19,16,19,69
70,19,35,48,18,120
71,16,19,48,18,101
72,34,15,18,18,85
73,30,36,16,15,97
75,18,18,16,15,67
76,18,31,19,15,83
77,0,31,19,15,65
79,19,15,16,18,68
81,0,34,16,15,65
82,18,31,19,18,86
83,16,15,19,18,68
84,15,37,16,15,83
88,15,34,19,15,83
89,19,15,19,15,68
90,15,34,16,18,83
92,15,34,16,15,80
93,16,18,16,15,65
94,18,31,19,15,83
96,34,15,16,18,83
97,19,15,16,18,68
98,15,34,15,19,83
100,18,34,15,16,83
101,34,31,19,18,102
102,19,31,19,18,87
103,0,31,19,18,68
104,16,37,13,20,86
105,19,18,13,20,70
106,18,33,16,15,82
108,20,31,19,15,85
109,16,15,19,15,65
111,34,33,16,19,102
112,15,33,16,19,83
113,33,35,17,16,101
114,34,19,17,16,86
115,35,33,16,18,102
116,19,33,16,18,86
117,17,16,16,18,67
118,16,34,15,15,80
120,18,30,16,18,82
122,15,34,16,19,84
124,84,34,16,20,154
125,66,34,16,20,136
126,69,15,16,20,120
128,35,15,16,20,86
129,19,15,16,20,70
130,15,36,15,18,84
131,0,36,15,18,69
132,20,33,16,15,84
134,34,15,19,15,83
135,16,15,19,15,65
136,15,34,15,19,83
138,15,34,16,17,82
140,19,33,15,18,85
142,17,33,16,18,84
143,0,33,16,18,67
144,18,34,16,18,86
146,18,34,17,16,85
148,18,33,16,15,82
149,0,33,16,15,64
151,0,31,20,14,65
152,15,34,16,16,81
153,20,14,16,16,66
154,14,32,17,19,82
157,17,19,15,17,68
158,34,17,18,15,84
159,15,17,18,15,65
160,17,33,19,15,84
161,0,33,19,15,67
162,15,34,16,19,84
163,34,35,16,15,100
164,15,35,16,15,81
165,0,35,16,15,66
166,19,31,18,15,83
168,33,15,19,15,82
169,18,15,19,15,67
170,15,34,19,15,83
171,34,34,18,15,101
172,15,34,18,15,82
173,34,33,16,18,101
174,15,33,16,18,82
175,18,15,16,18,67
177,16,18,17,16,67
178,18,33,17,17,85
180,16,34,16,15,81
181,0,34,16,15,65
182,17,31,37,16,101
183,16,15,37,16,84
184,15,37,16,33,101
185,17,20,16,33,86
188,0,33,48,19,100
189,21,17,31,19,88
192,0,17,19,15,51
193,19,15,16,17,67
195,16,17,16,18,67
196,17,34,16,18,85
197,34,34,15,18,101
198,18,34,15,18,85
199,0,34,15,18,67
200,18,33,17,14,82
203,17,14,17,18,66
204,14,35,19,15,83
205,17,18,19,15,69
206,18,34,15,18,85
207,19,15,15,18,67
208,48,34,17,15,114
209,33,34,17,15,99
210,18,34,17,15,84
212,0,17,17,15,49
213,32,35,48,20,135
215,0,35,48,20,103
216,19,30,18,20,87
217,17,13,18,20,68
218,13,38,16,15,82
220,36,15,34,15,100
221,16,15,34,15,80
225,15,16,19,15,65
226,0,16,19,15,50
228,15,35,17,14,81
229,20,15,17,14,66
230,15,31,19,15,80
231,17,14,19,15,65
232,14,34,19,15,82
233,0,34,19,15,68
234,15,34,19,15,83
236,15,34,16,16,81
237,19,15,16,16,66
238,15,32,19,14,80
239,16,16,19,14,65
240,16,33,16,18,83
242,14,34,17,18,83
243,16,18,17,18,69
245,17,18,16,15,66
246,18,31,19,15,83
248,34,15,16,19,84
249,19,15,16,19,69
250,15,35,15,16,81
252,19,31,16,20,86
253,0,31,16,20,67
258,18,31,15,19,83
259,0,31,15,19,65
260,16,34,18,17,85
261,34,35,13,18,100
262,19,35,13,18,85
265,0,31,34,16,81
266,18,34,16,16,84
267,17,17,16,16,66
268,17,32,21,12,82
269,0,32,21,12,65
270,16,33,17,16,82
271,0,33,17,16,66
272,12,33,19,17,81
274,16,36,15,18,85
275,19,17,15,18,69
276,32,18,17,14,81
277,33,31,19,16,99
279,17,14,19,16,66
281,19,16,16,19,70
283,0,35,16,15,66
284,19,31,19,15,84
287,0,34,19,15,68
288,15,34,16,19,84
289,19,15,16,19,69
290,15,35,15,15,80
292,19,30,87,16,152
293,0,30,87,16,133
294,15,36,51,16,118
297,0,32,19,16,67
298,35,16,16,15,82
299,19,16,16,15,66
300,82,31,19,15,147
301,66,31,19,15,131
302,50,31,19,15,115
304,19,31,19,15,84
307,19,15,35,17,86
309,0,35,17,16,68
311,33,33,48,19,133
312,16,33,48,19,116
313,0,33,48,19,100
314,35,16,35,16,102
315,16,16,35,16,83
316,16,35,16,16,83
317,16,19,16,16,67
318,19,32,36,17,104
319,32,36,17,15,100
321,16,20,17,15,68
322,20,32,16,15,83
324,15,31,19,16,81
325,16,15,19,16,66
327,19,16,15,19,69
329,15,19,15,19,68
330,19,34,16,16,85
332,35,16,15,19,85
334,0,16,15,19,50
335,15,19,15,16,65
336,19,31,18,17,85
337,0,31,18,17,66
338,0,16,18,17,51
339,0,35,18,17,70
341,18,17,13,17,65
342,17,30,17,17,81
343,13,17,17,17,64
345,17,17,18,18,70
346,35,18,49,15,117
347,18,18,49,15,100
348,18,32,17,15,82
350,17,32,17,18,84
351,17,15,17,18,67
353,0,35,32,18,85
354,18,32,18,16,84
355,16,16,18,16,66
356,34,16,15,19,84
357,34,34,50,18,136
360,19,31,19,18,87
361,16,15,19,18,68
362,15,37,16,14,82
365,0,30,19,16,65
367,19,16,35,14,84
369,16,19,14,16,65
370,19,30,19,16,84
371,14,16,19,16,65
373,35,32,19,16,102
375,16,16,19,16,67
377,19,16,17,16,68
378,33,16,15,17,81
379,17,16,15,17,65
380,48,33,18,17,116
381,32,33,18,17,100
384,16,35,17,16,84
386,17,33,32,18,100
389,0,32,34,19,85
390,15,34,19,17,85
391,0,34,19,17,70
392,16,36,79,20,151
393,0,36,79,20,135
394,0,17,79,20,116
395,15,16,48,20,99
396,16,34,14,20,84
397,0,34,14,20,68
399,14,20,32,18,84
400,20,32,18,16,86
401,16,16,18,16,66
402,16,34,15,19,84
403,18,16,15,19,68
404,31,19,16,18,84
406,19,34,31,19,103
407,0,34,31,19,84
408,34,15,19,15,83
409,31,34,34,16,115
410,15,34,34,16,99
413,16,18,16,15,65
414,18,31,18,18,85
415,16,15,18,18,67
416,15,36,16,18,85
417,18,18,16,18,70
419,0,34,16,15,65
420,18,31,17,17,83
421,16,15,17,17,65
424,17,34,16,16,83
425,16,18,16,16,66
426,69,15,16,19,119
427,51,15,16,19,101
428,35,15,16,19,85
429,34,35,16,14,99
430,15,35,16,14,80
431,35,30,19,15,99
432,19,30,19,15,83
434,14,34,19,15,82
435,19,15,19,15,68
436,15,34,16,18,83
437,0,34,16,18,68
438,15,34,14,18,81
439,34,32,17,19,102
440,18,32,17,19,86
442,18,36,16,15,85
443,0,36,16,15,67
444,19,31,16,19,85
445,16,15,16,19,66
447,16,19,16,18,69
448,19,34,16,17,86
449,16,18,16,17,67
450,18,33,16,16,83
451,0,33,16,16,65
452,33,16,15,20,84
453,16,16,15,20,67
454,31,20,16,15,82
458,15,34,16,16,81
459,15,19,16,16,66
460,19,32,16,19,86
461,16,16,16,19,67
463,0,35,15,18,68
464,19,33,15,19,86
465,67,34,15,16,132
466,52,34,15,16,117
467,34,34,15,16,99
468,19,34,15,16,84
469,0,34,15,16,65
472,16,34,34,16,100
473,19,15,34,16,84
474,15,34,16,18,83
475,19,15,16,18,68
476,15,34,15,19,83
478,18,34,13,19,84
481,13,19,16,18,66
483,16,18,17,16,67
485,0,33,16,16,65
486,16,32,16,20,84
487,16,16,16,20,68
488,16,36,15,15,82
489,16,20,15,15,66
490,20,30,20,15,85
491,15,15,20,15,65
492,15,35,16,19,85
493,20,15,16,19,70
494,15,35,15,15,80
495,16,19,15,15,65
496,19,30,16,19,84
498,15,35,31,19,100
499,16,19,31,19,85
500,35,15,19,15,84
501,16,15,19,15,65
502,15,34,20,13,82
503,19,15,20,13,67
504,15,33,35,18,101
505,20,13,35,18,86
507,20,15,18,16,69
508,15,34,16,16,81
509,34,32,16,19,101
511,16,16,16,19,67
514,19,33,16,18,86
515,15,18,16,18,67
517,16,18,16,16,66
518,18,32,17,18,85
524,16,34,50,15,115
525,0,34,50,15,99
526,67,15,17,15,114
527,50,15,17,15,97
529,20,15,17,15,67
530,15,32,20,15,82
531,17,15,20,15,67
533,82,18,16,18,134
534,62,18,16,18,114
535,47,18,16,18,99
536,31,18,16,18,83
537,16,18,16,18,68
538,18,34,32,20,104
540,18,32,20,15,85
541,16,16,20,15,67
542,16,35,17,15,83
544,15,32,17,19,83
545,0,32,17,19,68
546,15,36,16,18,85
547,0,36,16,18,70
549,0,34,17,14,65
551,0,31,15,19,65
552,14,34,17,14,79
554,36,14,34,19,103
556,14,34,19,15,82
557,20,14,19,15,68
559,0,34,16,18,68
560,49,34,16,18,117
561,34,34,16,18,102
562,18,34,16,18,86
563,34,34,15,15,98
566,33,15,20,14,82
567,15,15,20,14,64
568,15,34,17,19,85
570,14,36,13,19,82
571,17,19,13,19,68
572,19,32,16,19,86
573,82,15,20,15,132
575,50,15,20,15,100
576,34,15,20,15,84
577,15,15,20,15,65
578,15,35,15,20,85
579,20,15,15,20,70
580,15,35,15,15,80
581,0,35,15,15,65
583,49,16,15,20,100
584,34,16,15,20,85
586,16,35,16,14,81
588,20,30,17,18,85
589,82,15,17,16,130
592,35,15,17,16,83
593,17,15,17,16,65
594,99,18,16,18,151
595,84,18,16,18,136
597,51,18,16,18,103
598,32,18,16,18,84
599,34,34,33,16,117
600,18,34,33,16,101
601,16,18,33,16,83
602,18,33,16,15,82
603,17,16,16,15,64
604,32,15,19,14,80
606,0,15,19,14,48
607,0,33,17,19,69
608,14,36,16,17,83
609,0,36,16,17,69
613,0,34,16,18,68
615,16,18,32,15,81
616,18,32,15,19,84
617,17,15,15,19,66
618,15,34,15,18,82
621,15,18,16,18,67
624,18,31,17,15,81
625,16,15,17,15,63
626,15,32,19,15,81
627,17,15,19,15,66
628,15,34,20,16,85
629,0,34,20,16,70
630,15,36,15,18,84
631,0,36,15,18,69
633,15,18,16,15,64
634,18,31,18,15,82
637,0,33,19,16,68
638,15,35,16,19,85
640,16,35,16,15,82
641,0,35,16,15,66
643,16,15,17,19,67
644,15,36,16,14,81
645,85,15,15,20,135
648,33,15,15,20,83
650,15,35,15,19,84
651,15,20,15,19,69
654,52,31,16,19,118
655,33,31,16,19,99
656,18,31,16,19,84
657,16,15,16,19,66
659,16,19,15,17,67
660,19,32,18,16,85
661,15,17,18,16,66
662,17,34,16,18,85
663,18,16,16,18,68
664,16,34,31,20,101
666,18,31,20,14,83
667,16,15,20,14,65
668,15,34,17,16,82
669,20,14,17,16,67
670,0,14,17,16,47
671,17,16,16,20,69
672,16,36,17,14,83
673,16,20,17,14,67
674,20,31,17,18,86
675,17,14,17,18,66
676,31,18,16,15,80
677,17,18,16,15,66
678,18,31,118,15,182
679,16,15,118,15,164
680,15,36,82,15,148
681,36,35,47,15,133
684,20,31,16,15,82
685,15,16,16,15,62
686,32,15,20,15,82
687,16,15,20,15,66
688,35,15,16,18,84
694,18,34,17,15,84
695,51,15,16,18,100
696,35,15,16,18,84
697,17,15,16,18,66
698,15,34,17,16,82
700,18,33,15,19,85
701,0,33,15,19,67
703,15,19,15,16,65
704,19,31,23,12,85
705,15,16,23,12,66
706,16,35,15,18,84
707,23,12,15,18,68
711,34,32,17,18,101
712,32,15,17,18,82
713,17,15,17,18,67
714,15,35,16,15,81
715,17,18,16,15,66
716,18,31,20,15,84
717,16,15,20,15,66
718,15,35,16,19,85
720,50,31,16,19,116
721,35,31,16,19,101
722,19,31,16,19,85
723,16,15,16,19,66
725,16,19,15,19,69
726,19,34,31,19,103
728,19,31,19,16,85
729,0,31,19,16,66
730,34,16,32,16,98
731,19,16,32,16,83
732,16,32,16,19,83
733,16,16,16,19,67
736,0,19,16,17,52
737,16,17,17,16,66
738,17,33,15,19,84
740,16,34,15,16,81
743,15,16,19,15,65
744,16,34,19,15,84
745,19,15,19,15,68
747,19,15,16,18,68
748,15,34,17,16,82
749,16,18,17,16,67
750,18,33,13,19,83
751,0,33,13,19,65
752,16,32,19,15,82
753,0,32,19,15,66
754,19,34,18,14,85
755,34,32,17,19,102
756,64,19,14,20,117
758,31,19,14,20,84
759,17,19,14,20,70
760,19,34,13,17,83
762,20,30,18,17,85
763,0,30,18,17,65
764,17,35,17,15,84
765,35,32,19,16,102
767,17,15,19,16,67
771,0,31,36,15,82
772,15,36,32,16,99
773,0,36,32,16,84
774,19,32,16,17,84
775,15,17,16,17,65
776,17,33,16,19,85
777,16,17,16,19,68
778,17,35,16,15,83
779,0,35,16,15,66
780,19,31,17,19,86
781,31,36,16,15,98
782,15,36,16,15,82
783,0,36,16,15,67
785,16,15,17,16,64
786,15,33,87,14,149
787,17,16,87,14,134
788,16,35,52,14,117
790,15,32,20,14,81
791,16,16,20,14,66
792,16,34,19,15,84
793,20,14,19,15,68
794,14,34,16,16,80
795,19,15,16,16,66
797,16,16,19,17,68
798,16,36,16,16,84
799,0,36,16,16,68
801,0,32,35,15,82
802,16,35,15,16,82
804,19,31,16,19,85
805,15,16,16,19,66
806,0,16,16,19,51
809,15,17,16,20,68
810,17,36,16,16,85
811,0,36,16,16,68
812,20,32,16,16,84
813,0,32,16,16,64
815,16,16,16,16,64
816,16,32,19,16,83
817,16,16,19,16,67
818,16,35,16,15,82
819,19,16,16,15,66
820,16,31,34,20,101
822,15,34,20,14,83
823,34,34,17,18,103
824,15,34,17,18,84
825,34,35,17,17,103
826,14,35,17,17,83
828,35,17,48,17,117
829,17,17,48,17,99
831,17,13,18,17,65
832,13,35,18,15,81
833,18,17,18,15,68
834,17,33,18,16,84
835,0,33,18,16,67
836,33,16,16,18,83
837,18,16,16,18,68
838,32,18,17,17,84
839,16,18,17,17,68
842,17,33,13,20,83
844,0,20,13,20,53
847,20,12,17,16,65
848,12,33,18,14,77
849,17,16,18,14,65
850,16,32,19,17,84
851,18,14,19,17,68
852,14,36,16,18,84
853,19,17,16,18,70
855,16,18,16,16,66
856,18,32,16,16,82
857,16,16,16,16,64
858,16,32,19,16,83
859,32,35,16,16,99
860,16,35,16,16,83
862,16,32,36,16,100
863,16,16,36,16,84
864,34,18,16,15,83
866,18,31,16,19,84
867,31,35,33,16,115
868,15,35,33,16,99
869,16,19,33,16,84
871,16,17,16,15,64
872,17,31,17,17,82
875,34,35,17,17,103
876,17,35,17,17,86
877,0,35,17,17,69
879,34,31,19,17,101
881,0,31,19,17,67
882,13,36,13,18,80
883,19,17,13,18,67
886,18,35,16,16,85
889,0,32,19,14,65
890,83,33,35,16,167
893,34,33,35,16,118
894,15,33,35,16,99
895,16,17,35,16,84
897,0,35,16,16,67
901,16,18,16,15,65
902,18,31,17,18,84
903,16,15,17,18,66
904,15,35,16,19,85
906,18,35,16,17,86
907,16,19,16,17,68
908,19,33,15,17,84
911,15,17,17,15,64
912,17,32,19,15,83
913,17,15,19,15,66
914,15,34,33,19,101
915,67,35,16,15,133
917,33,35,16,15,99
918,16,35,16,15,82
919,19,16,16,15,66
920,16,31,19,16,82
922,15,35,15,20,85
924,31,20,19,14,84
925,15,20,19,14,68
926,20,33,17,15,85
928,14,32,16,19,81
929,0,32,16,19,67
930,15,35,16,15,81
931,16,19,16,15,66
935,19,14,17,19,69
936,14,36,16,15,81
937,17,19,16,15,67
938,19,31,34,16,100
939,0,31,34,16,81
942,18,32,19,16,85
943,16,16,19,16,67
946,16,31,35,16,98
948,15,35,16,18,84
949,35,34,16,16,101
950,15,34,16,16,81
951,16,18,16,16,66
953,16,16,16,21,69
954,16,37,13,19,85
956,21,32,16,18,87
957,13,19,16,18,66
958,19,34,16,16,85
960,34,16,32,19,101
962,16,32,19,16,83
963,32,35,16,32,115
964,16,35,16,32,99
965,19,16,16,32,83
967,48,18,16,16,98
969,20,18,16,16,70
970,18,32,19,14,83
975,17,19,31,19,86
976,19,31,19,16,85
977,15,16,19,16,66
978,16,35,16,15,82
979,0,35,16,15,66
982,15,35,16,19,85
983,20,15,16,19,70
986,19,32,16,18,85
987,0,32,16,18,66
988,16,34,16,15,81
989,34,31,17,20,102
991,16,15,17,20,68
993,17,20,15,15,67
995,15,15,12,22,64
997,34,34,17,16,101
999,0,34,17,16,67
1000,15,33,15,19,82
1001,17,16,15,19,67
1002,31,19,18,16,84
1003,15,19,18,16,68
1004,19,34,16,15,84
1005,18,16,16,15,65
1006,16,31,16,19,82
1007,16,15,16,19,66
1008,15,35,16,18,84
1009,16,19,16,18,69
1011,0,34,31,17,82
1012,18,31,17,16,82
1013,16,15,17,16,64
1014,15,33,17,18,83
1017,35,32,19,15,101
1018,18,32,19,15,84
1019,17,15,19,15,66
1020,15,34,16,18,83
1021,19,15,16,18,68
1025,32,35,17,17,101
1026,16,35,17,17,85
1030,17,32,16,19,84
1031,0,32,16,19,67
1033,16,19,15,15,65
1034,19,30,19,15,83
1035,15,15,19,15,64
1036,34,15,16,19,84
1038,15,35,16,18,84
1039,16,19,16,18,69
1040,19,34,32,16,101
1042,18,32,16,19,85
1044,16,35,16,15,82
1046,19,31,19,18,87
1047,16,15,19,18,68
1048,34,18,13,16,81
1051,0,29,17,19,65
1052,16,36,16,15,83
1054,19,31,20,15,85
1055,16,15,20,15,66
1056,15,35,16,18,84
1057,20,15,16,18,69
1058,49,32,16,19,116
1059,34,32,16,19,101
1060,18,32,16,19,85
1061,16,16,16,19,67
1062,16,35,16,15,82
1063,0,35,16,15,66
1065,66,31,17,18,132
1066,50,31,17,18,116
1067,35,31,17,18,101
1069,16,15,17,18,66
1070,15,35,15,19,84
1071,0,35,15,19,69
1072,18,34,15,20,87
1073,34,35,15,16,100
1074,19,35,15,16,85
1075,0,35,15,16,66
1076,20,31,16,18,85
1077,15,16,16,18,65
1081,14,19,50,15,98
1082,19,34,16,15,84
1083,0,34,16,15,65
1084,18,31,16,19,84
1086,15,35,16,16,82
1087,0,35,16,16,67
1088,0,19,16,16,51
1089,16,16,19,16,67
1090,16,35,51,16,118
1095,20,16,15,18,69
1096,16,33,16,16,81
1097,15,18,16,16,65
1098,18,32,17,16,83
1100,16,33,19,15,83
1101,17,16,19,15,67
1102,35,15,16,18,84
1103,19,15,16,18,68
1105,16,18,16,16,66
1106,18,32,19,14,83
1109,19,14,17,18,68
1111,17,18,18,15,68
1112,18,33,32,19,102
1113,33,32,19,17,101
1114,15,32,19,17,83
1117,70,30,17,16,133
1118,51,30,17,16,114
1119,34,30,17,16,97
1120,19,30,17,16,82
1121,15,15,17,16,63
1122,15,33,36,16,100
1124,52,32,17,15,116
1125,36,32,17,15,100
1126,16,32,17,15,80
1129,0,32,19,14,65
1131,0,33,20,16,69
1132,14,36,50,16,116
1133,0,36,50,16,102
1134,16,32,18,16,82
1135,0,32,18,16,66
1136,16,34,17,17,84
1137,18,16,17,17,68
1138,16,34,14,20,84
1140,17,34,34,16,101
1141,34,34,16,14,98
1143,14,20,16,14,64
1144,20,30,17,16,83
1147,17,16,19,16,68
1148,16,35,16,19,86
1150,16,35,13,20,84
1151,0,35,13,20,68
1155,31,33,20,15,99
1156,35,16,20,15,86
1159,20,15,17,14,66
1160,15,31,20,15,81
1161,31,35,18,16,100
1162,14,35,18,16,83
1163,0,35,18,16,69
1166,16,32,17,16,81
1167,16,16,17,16,65
1168,16,33,19,15,83
1169,17,16,19,15,67
1170,16,34,18,15,83
1172,15,33,20,16,84
1173,0,33,20,16,69
1175,0,36,15,15,66
1176,16,30,17,18,81
1177,15,15,17,18,65
1178,15,35,17,15,82
1180,18,32,18,16,84
1182,15,34,19,16,84
1183,18,16,19,16,69
1186,16,32,19,16,83
1188,16,35,16,16,83
1189,19,16,16,16,67
1192,16,31,17,20,84
1193,16,15,17,20,68
1194,15,37,17,16,85
1196,20,33,84,16,153
1197,17,16,84,16,133
1198,16,32,52,16,116
1199,16,16,52,16,100
1200,16,32,20,16,84
1202,16,36,31,19,102
1204,32,15,19,16,82
1206,15,35,16,18,84
1207,19,16,16,18,69
1210,18,34,16,14,82
1212,20,30,20,15,85
1213,0,30,20,15,65
1214,14,35,16,16,81
1216,15,32,16,19,82
1218,32,19,32,17,100
1219,16,19,32,17,84
1220,19,32,17,18,86
1221,0,32,17,18,67
1222,15,35,16,16,82
1224,34,16,17,15,82
1225,16,16,17,15,64
1226,16,32,20,15,83
1227,17,15,20,15,67
1228,15,35,16,16,82
1229,20,15,16,16,67
1230,15,32,16,20,83
1233,0,36,15,16,67
1234,35,16,19,15,85
1236,16,34,36,15,101
1237,19,15,36,15,85
1238,15,36,15,15,81
1239,17,19,15,15,66
1241,15,15,17,18,65
1243,0,35,17,16,68
1245,17,16,15,19,67
1246,16,34,83,15,148
1247,15,19,83,15,132
1249,16,16,51,15,98
1250,16,34,17,15,82
1251,0,34,17,15,66
1254,15,33,19,17,84
1255,33,36,16,16,101
1256,16,36,16,16,84
1258,17,32,15,20,84
1260,16,35,15,15,81
1261,15,20,15,15,65
1263,15,15,87,15,132
1264,15,35,52,15,117
1266,18,32,20,15,85
1267,17,15,20,15,67
1269,20,15,17,15,67
1270,15,32,36,17,100
1273,17,19,17,16,69
1274,19,33,13,19,84
1275,46,19,16,19,100
1276,29,19,16,19,83
1277,13,19,16,19,67
1278,19,35,16,15,85
1279,16,19,16,15,66
1280,19,31,18,15,83
1282,15,33,17,16,81
1283,33,33,17,20,103
1284,15,33,17,20,85
1286,16,37,16,16,85
1289,0,32,17,15,64
1293,17,17,16,16,66
1294,17,32,16,19,84
1295,16,16,16,19,67
1296,16,35,17,16,84
1297,0,35,17,16,68
1298,19,33,33,16,101
1299,17,16,33,16,82
1301,17,16,16,16,65
1303,16,16,32,21,85
1305,0,32,21,15,68
1307,21,15,17,16,69
1308,15,33,17,18,83
1310,16,35,16,16,83
1313,16,16,16,16,64
1314,32,16,17,19,84
1315,16,16,17,19,68
1316,16,36,17,15,84
1317,0,36,17,15,68
1321,17,15,17,19,68
1322,15,36,15,16,82
1323,17,19,15,16,67
1324,19,31,19,16,85
1325,15,16,19,16,66
1327,19,16,32,16,83
1328,16,32,16,19,83
1329,0,32,16,19,67
1331,16,19,16,15,66
1332,0,19,16,15,50
1333,0,31,17,18,66
1334,15,35,16,19,85
1335,0,35,16,19,70
1336,18,35,16,16,85
1337,16,19,16,16,67
1338,35,16,15,19,85
1339,16,16,15,19,66
1340,16,34,16,16,82
1343,16,16,15,19,66
1344,16,34,15,19,84
1345,88,12,17,15,132
1346,73,12,17,15,117
1348,39,12,17,15,83
1349,20,12,17,15,64
1350,12,32,16,20,80
1351,17,15,16,20,68
1352,15,36,16,16,83
1353,16,20,16,16,68
1356,16,34,16,15,81
1357,16,18,16,15,65
1358,18,31,20,15,84
1359,16,15,20,15,66
1360,15,35,17,15,82
1361,20,15,17,15,67
1363,17,15,19,16,67
1364,15,35,16,19,85
1365,19,16,16,19,70
1366,16,35,16,15,82
1369,16,15,17,16,64
1370,15,33,34,16,98
1371,17,16,34,16,83
1372,16,34,16,17,83
1373,0,34,16,17,67
1375,16,17,16,19,68
1376,17,35,15,16,83
1379,15,16,34,18,83
1380,16,34,18,16,84
1381,0,34,18,16,68
1382,16,34,17,15,82
1384,16,32,16,19,83
1385,0,32,16,19,67
1386,15,35,17,15,82
1387,16,19,17,15,67
1388,19,32,19,16,86
1389,17,15,19,16,67
1390,15,35,13,20,83
1391,19,16,13,20,68
1392,16,33,84,15,148
1394,69,16,19,15,119
1395,49,16,19,15,99
1396,33,16,19,15,83
1397,16,16,19,15,66
1398,16,34,16,18,84
1400,15,34,17,15,81
1402,18,32,17,18,85
1404,15,35,16,16,82
1405,17,18,16,16,67
1406,18,32,16,18,84
1407,16,16,16,18,66
1409,16,18,33,16,83
1413,16,19,15,17,67
1414,0,19,15,17,51
1416,17,32,19,16,84
1417,0,32,19,16,67
1419,19,16,16,18,69
1420,16,34,14,19,83
1422,18,33,32,16,99
1423,14,19,32,16,81
1425,16,16,16,19,67
1426,0,16,16,19,51
1427,16,19,17,16,68
1430,16,35,48,19,118
1431,0,35,48,19,102
1434,16,35,32,16,99
1435,16,19,32,16,83
1436,19,32,16,17,84
1437,0,32,16,17,65
1438,15,33,17,15,80
1439,16,17,17,15,65
1440,17,32,16,16,81
1441,98,35,17,17,167
1442,81,35,17,17,150
1443,66,35,17,17,135
1446,17,35,17,17,86
1447,0,35,17,17,69
1448,36,17,14,18,85
1449,17,17,14,18,66
1451,14,18,17,16,65
1453,17,16,18,18,69
1456,31,20,16,15,82
1457,13,20,16,15,64
1458,20,31,84,17,152
1459,0,31,84,17,132
1460,15,35,49,17,116
1461,35,34,32,15,116
1462,33,19,32,15,99
1463,15,19,32,15,81
1465,32,34,50,15,131
1466,17,34,50,15,116
1467,0,34,50,15,99
1469,15,15,20,15,65
1471,20,15,17,15,67
1472,15,32,17,18,82
1476,18,32,34,16,100
1477,0,32,34,16,82
1479,20,14,16,20,70
1480,14,36,16,15,81
1481,16,20,16,15,67
1482,20,31,16,19,86
1483,31,35,17,16,99
1484,15,35,17,16,83
1486,19,33,14,18,84
1487,17,16,14,18,65
1488,16,32,18,17,83
1491,18,17,14,18,67
1492,17,32,18,17,84
1494,18,35,13,17,83
1495,0,35,13,17,65
1496,47,35,18,14,114
1498,17,35,18,14,84
1500,36,14,17,16,83
1501,18,14,17,16,65
1502,64,19,16,16,115
1504,33,19,16,16,84
1505,17,19,16,16,68
1508,16,33,16,17,82
1509,0,33,16,17,66
1510,17,33,36,15,101
1511,16,17,36,15,84
1512,17,36,15,16,84
1513,17,19,15,16,67
1514,19,31,16,17,83
1515,15,16,16,17,64
1516,32,17,19,16,84
1518,0,17,19,16,52
1519,0,35,16,15,66
1520,32,15,35,17,99
1521,16,15,35,17,83
1522,35,15,85,16,151
1525,32,37,49,17,135
1526,15,37,49,17,118
1527,17,20,49,17,103
1528,20,32,17,17,86
1529,0,32,17,17,66
1531,0,34,15,16,65
1532,17,31,16,20,84
1533,0,31,16,20,67
1535,16,20,13,19,68
1536,20,32,32,16,100
1538,19,32,16,20,87
1540,16,36,81,16,149
1541,16,20,81,16,133
1542,20,30,51,16,117
1543,15,15,51,16,97
1544,15,35,16,16,82
1545,35,32,16,19,102
1546,19,32,16,19,86
1547,16,16,16,19,67
1548,16,35,16,16,83
1549,16,19,16,16,67
1550,19,32,19,15,85
1552,16,34,17,16,83
1553,0,34,17,16,67
1554,15,33,16,19,83
1556,16,35,17,16,84
1557,16,19,17,16,68
1558,19,33,17,15,84
1559,0,33,17,15,65
1560,16,32,16,19,83
1561,17,15,16,19,67
1562,15,35,17,15,82
1564,19,32,15,21,87
1565,17,15,15,21,68
1567,15,21,13,19,68
1569,13,19,15,22,69
1570,19,37,10,17,83
1573,45,16,17,15,93
1574,35,16,17,15,83
1575,18,16,17,15,66
1576,16,32,21,16,85
1577,0,32,21,16,69
1578,15,37,16,16,84
1580,16,32,49,19,116
1581,16,16,49,19,100
1583,17,15,17,19,68
1586,19,32,32,20,103
1587,16,16,32,20,84
1588,32,16,20,16,84
1589,16,16,20,16,68
1590,16,36,17,16,85
1591,36,33,17,16,102
1592,33,16,17,16,82
1593,17,16,17,16,66
1594,33,16,17,15,81
1595,17,16,17,15,65
1596,16,32,17,15,80
1598,15,32,17,20,84
1599,17,15,17,20,69
1600,15,37,16,16,84
1602,20,32,84,17,153
1604,0,16,84,17,117
1607,0,35,16,17,68
1608,18,33,16,16,83
1609,16,17,16,16,65
1610,17,32,15,19,83
1611,0,32,15,19,66
1614,19,33,15,20,87
1616,15,35,13,20,83
1619,0,33,17,15,65
1621,32,32,34,16,114
1623,16,16,34,16,82
1624,16,34,16,20,86
1625,0,34,16,20,70
1626,15,36,16,15,82
1627,0,36,16,15,67
1629,16,15,15,20,66
1630,15,35,15,16,81
1632,20,31,16,16,83
1633,0,31,16,16,63
1634,16,32,20,16,84
1635,32,36,16,18,102
1636,16,36,16,18,86
1641,16,15,19,16,66
1642,34,16,17,17,84
1643,19,16,17,17,69
1644,16,34,16,17,83
1645,17,17,16,17,67
1646,17,33,15,16,81
1647,0,33,15,16,64
1648,17,31,20,15,83
1651,0,35,32,20,87
1652,15,32,36,15,98
1653,16,16,36,15,83
1654,16,36,15,16,83
1655,36,31,18,16,101
1657,15,16,18,16,65
1658,16,34,16,19,85
1659,18,16,16,19,69
1660,16,35,16,16,83
1661,16,19,16,16,67
1662,19,32,21,11,83
1664,16,32,36,17,101
1665,0,32,36,17,85
1667,0,36,17,16,69
1668,19,33,17,15,84
1670,16,32,16,16,80
1671,0,32,16,16,64
1672,15,32,20,16,83
1674,16,36,16,16,84
1675,20,16,16,16,68
1676,16,32,16,16,80
1677,16,16,16,16,64
1679,16,16,20,16,68
1680,16,36,15,16,83
1681,0,36,15,16,67
1682,16,31,16,19,82
1683,15,16,16,19,66
1684,16,35,16,18,85
1685,16,19,16,18,69
1686,19,34,16,17,86
1689,33,33,16,19,101
1691,17,16,16,19,68
1693,16,19,12,18,65
1694,19,30,17,16,82
1695,12,18,17,16,63
1696,0,18,17,16,51
1697,99,36,16,15,166
1698,82,36,16,15,149
1700,47,36,16,15,114
1701,30,36,16,15,97
1702,15,36,16,15,82
1703,20,16,16,15,67
1705,16,15,19,16,66
1707,0,35,16,16,67
1708,16,32,34,15,97
1709,16,16,34,15,81
1710,16,34,15,18,83
1711,49,18,17,16,100
1712,30,18,17,16,81
1713,15,18,17,16,66
1714,0,18,17,16,51
1715,17,16,16,20,69
1716,16,36,17,15,84
1718,20,32,16,18,86
1721,16,18,15,16,65
1722,18,31,20,15,84
1724,16,35,18,15,84
1727,18,15,16,20,69
1728,15,36,32,18,101
1729,0,36,32,18,86
1731,13,19,18,16,66
1732,19,34,15,18,86
1733,0,34,15,18,67
1734,0,16,15,18,49
1735,0,33,18,12,63
1736,18,30,37,16,101
1737,18,12,37,16,83
1738,12,37,16,16,81
1739,37,32,17,15,101
1740,20,32,17,15,84
1741,32,32,19,15,98
1742,16,32,19,15,82
1743,0,32,19,15,66
1744,15,34,18,15,82
1746,15,33,16,20,84
1748,15,36,32,20,103
1749,16,20,32,20,88
1751,17,15,20,17,69
1752,35,17,13,17,82
1753,20,17,13,17,67
1754,17,30,18,13,78
1756,35,13,17,18,83
1757,31,35,15,18,99
1758,13,35,15,18,81
1759,17,18,15,18,68
1760,18,33,18,18,87
1761,15,18,18,18,69
1764,18,28,17,21,84
1765,0,28,17,21,66
1766,31,21,15,16,83
1767,38,31,16,19,104
1768,21,31,16,19,87
1770,16,35,17,15,83
1771,0,35,17,15,67
1772,19,32,32,16,99
1774,15,32,16,20,83
1776,15,36,17,16,84
1777,0,36,17,16,69
1778,20,33,16,16,85
1779,0,33,16,16,65
1780,48,34,16,16,114
1781,32,34,16,16,98
1782,16,34,16,16,82
1783,0,34,16,16,66
1785,0,32,17,17,66
1788,17,35,17,15,84
1789,16,19,17,15,67
1790,19,32,16,22,89
1791,17,15,16,22,70
1794,22,29,18,15,84
1795,13,16,18,15,62
1796,16,33,16,16,81
1797,0,33,16,16,65
1798,15,32,20,15,82
1799,32,35,16,16,99
1800,16,35,16,16,83
1803,0,32,16,17,65
1804,16,33,19,15,83
1805,0,33,19,15,67
1807,0,34,16,19,69
1808,15,35,17,13,80
1810,19,30,21,16,86
1811,17,13,21,16,67
1812,13,37,16,16,82
1813,37,32,18,15,102
1814,16,32,18,15,81
1817,33,35,16,16,100
1819,16,19,16,16,67
1821,16,16,18,16,66
1822,16,34,32,16,98
1823,18,16,32,16,82
1825,16,16,116,18,166
1826,16,33,83,18,150
1827,16,17,83,18,134
1828,17,35,48,18,118
1829,17,18,48,18,101
1833,15,18,83,16,132
1834,18,32,51,16,117
1835,17,15,51,16,99
1837,16,19,16,16,67
1839,16,16,16,18,66
1840,16,34,18,16,84
1842,18,34,34,16,102
1845,34,32,16,19,101
1846,35,16,16,19,86
1847,16,16,16,19,67
1848,0,16,16,19,51
1849,16,19,13,20,68
1850,32,20,16,16,84
1851,33,32,16,18,99
1852,20,32,16,18,86
1853,0,32,16,18,66
1854,16,34,16,16,82
1857,32,36,16,15,99
1858,16,36,16,15,83
1860,36,15,20,17,88
1861,16,15,20,17,68
1862,0,15,20,17,52
1863,20,17,12,18,67
1864,17,30,16,16,79
1866,18,32,16,21,87
1867,16,16,16,21,69
1868,16,37,16,15,84
1869,0,37,16,15,68
1870,21,31,15,19,86
1873,15,19,17,19,70
1874,19,36,17,12,84
1876,19,29,16,20,84
1877,17,12,16,20,65
1878,48,33,34,16,131
1879,36,33,34,16,119
1880,20,33,34,16,103
1881,16,17,34,16,83
1882,17,34,16,16,83
1883,17,17,16,16,66
1885,0,32,17,15,64
1886,16,32,18,14,80
1887,17,15,18,14,64
1888,33,14,21,16,84
1891,21,16,16,15,68
1893,16,15,17,17,65
1894,15,34,16,19,84
1897,16,19,15,16,66
1898,19,31,17,18,85
1899,0,31,17,18,66
1900,16,35,49,15,115
1901,35,31,18,15,99
1902,18,31,18,15,82
1903,16,15,18,15,64
1904,15,33,20,16,84
1905,18,15,20,16,69
1906,15,36,16,16,83
1907,20,16,16,16,68
1911,35,32,15,19,101
1912,19,32,15,19,85
1913,16,16,15,19,66
1914,16,34,19,12,81
1915,0,34,19,12,65
1916,19,31,36,16,102
1919,0,36,16,16,68
1922,0,16,19,15,50
1923,19,15,16,16,66
1924,31,16,16,19,82
1925,32,35,16,18,101
1926,16,35,16,18,85
1927,0,35,16,18,69
1928,19,34,16,16,85
1929,16,18,16,16,66
1930,18,32,16,16,82
1932,32,16,21,17,86
1935,38,32,13,20,103
1936,17,32,13,20,82
1939,13,20,16,16,65
1940,36,16,15,16,83
1942,16,31,20,16,83
1943,31,36,32,17,116
1944,36,16,32,17,101
1946,16,32,33,19,100
1947,17,15,33,19,84
1948,15,33,19,18,85
1951,0,37,14,16,67
1954,16,35,16,19,86
1955,0,35,16,19,70
1956,35,19,16,15,85
1957,16,19,16,15,66
1958,19,31,17,16,83
1959,0,31,17,16,64
1960,32,16,16,19,83
1961,17,16,16,19,68
1963,0,35,32,17,84
1964,19,32,17,16,84
1966,33,16,16,19,84
1967,17,16,16,19,68
1968,16,35,16,16,83
1969,0,35,16,16,67
1973,17,15,17,19,68
1976,19,32,33,16,100
1978,15,33,16,16,80
1979,0,33,16,16,65
1980,32,16,17,19,84
1982,0,16,17,19,52
1983,17,19,16,16,68
1984,19,32,35,16,102
1985,0,32,35,16,83
1987,0,35,16,16,67
1989,16,16,15,18,65
1991,15,18,33,17,83
1992,18,33,17,16,84
1993,17,16,17,16,66
1994,16,33,17,16,82
1995,33,33,17,17,100
2000,17,35,17,13,82
2001,16,19,17,13,65
2002,19,30,18,16,83
2003,17,13,18,16,64
2005,0,34,36,16,86
2006,16,36,16,16,84
2007,16,20,16,16,68
2008,20,32,16,16,84
2013,0,35,16,19,70
2014,16,35,17,15,83
2015,16,19,17,15,67
2016,19,32,16,17,84
2018,15,33,16,15,79
2019,33,31,17,18,99
2020,33,15,17,18,83
2021,16,15,17,18,66
2022,15,35,17,16,83
2023,17,18,17,16,68
2025,17,16,16,19,68
2026,16,35,16,16,83
2027,0,35,16,16,67
2028,19,32,17,16,84
2029,0,32,17,16,65
2030,16,33,19,17,85
2031,17,16,19,17,69
2032,16,36,13,20,85
2033,19,17,13,20,69
2034,17,33,16,16,82
2035,13,20,16,16,65
2037,16,16,32,17,81
2039,17,15,17,16,65
2041,17,16,17,22,72
2042,16,39,13,17,85
2043,17,22,13,17,69
2044,22,30,16,16,84
2045,0,30,16,16,62
2046,17,32,16,19,84
2047,16,16,16,19,67
2048,16,35,15,17,83
2049,0,35,15,17,67
2050,19,32,17,16,84
2052,17,33,17,16,83
2054,16,33,17,16,82
2055,17,16,17,16,66
2056,33,16,117,17,183
2057,17,16,117,17,167
2058,16,36,81,17,150
2059,0,36,81,17,134
2060,19,30,51,17,117
2061,15,15,51,17,98
2062,15,36,15,17,83
2063,20,16,15,17,68
2065,0,32,17,16,65
2066,34,16,17,17,84
2068,16,34,84,17,151
2069,17,17,84,17,135
2070,17,36,48,17,118
2072,21,31,17,17,86
2074,19,34,32,17,102
2077,0,32,17,15,64
2079,17,15,20,16,68
2080,15,36,17,16,84
2081,0,36,17,16,69
2082,16,33,16,15,80
2083,33,31,19,14,97
2085,0,31,19,14,64
2086,15,33,17,19,84
2087,19,14,17,19,69
2088,14,36,16,15,81
2089,0,36,16,15,67
2091,16,15,20,16,67
2092,15,36,16,18,85
2093,20,16,16,18,70
2095,0,34,14,19,67
2098,19,32,17,16,84
2099,13,19,17,16,65
2100,19,33,17,17,86
2101,17,16,17,17,67
2102,16,34,18,14,82
2103,17,17,18,14,66
2104,17,32,18,19,86
2106,14,37,14,18,83
2108,19,32,16,14,81
2109,14,18,16,14,62
2110,18,30,19,16,83
2111,0,30,19,16,65
2112,14,35,17,16,82
2113,19,16,17,16,68
2114,16,33,16,16,81
2115,17,16,16,16,65
2116,16,32,36,16,100
2119,20,16,16,16,68
2120,16,32,17,17,82
2121,16,16,17,17,66
2122,0,16,17,17,50
2124,17,36,14,16,83
2125,17,19,14,16,66
2126,19,30,16,20,85
2127,0,30,16,20,66
2128,16,36,13,22,87
2129,0,36,13,22,71
2130,20,35,13,16,84
2131,13,22,13,16,64
2132,22,29,17,19,87
2133,0,29,17,19,65
2134,33,19,16,16,84
2136,19,32,16,16,83
2137,0,32,16,16,64
2138,16,32,17,16,81
2139,16,16,17,16,65
2140,16,33,17,17,83
2141,17,16,17,17,67
2142,16,34,34,16,100
2144,17,34,16,19,86
2145,34,35,15,16,100
2146,15,35,15,16,81
2147,16,19,15,16,66
2148,0,19,15,16,50
2150,0,16,16,20,52
2151,0,36,17,16,69
2153,33,33,16,15,97
2155,13,20,16,15,64
2157,16,15,19,15,65
2158,15,34,18,16,83
2159,19,15,18,16,68
2160,15,34,16,15,80
2162,0,16,16,15,47
2165,0,35,17,18,70
2166,15,35,15,18,83
2169,15,18,16,16,65
2171,32,34,16,19,101
2172,16,34,16,19,85
2173,16,18,16,19,69
2174,18,35,15,33,101
2175,16,19,15,33,83
2178,33,19,16,13,81
2179,20,19,16,13,68
2180,19,29,19,16,83
2181,48,16,16,16,96
2182,64,16,35,16,131
2183,51,16,35,16,118
2185,16,16,35,16,83
2186,16,35,16,16,83
2187,0,35,16,16,67
2188,16,32,17,16,81
2189,16,16,17,16,65
2190,16,33,37,15,101
2191,0,33,37,15,85
2192,16,37,15,17,85
2195,32,32,16,16,96
2196,17,32,16,16,81
2198,16,32,17,19,84
2199,0,32,17,19,68
2201,0,36,17,16,69
2203,17,16,17,17,67
2205,0,34,33,17,84
2206,34,16,17,16,83
2207,17,16,17,16,66
2211,17,16,17,16,66
2212,16,33,18,16,83
2213,0,33,18,16,67
2214,0,16,18,16,50
2215,18,16,16,16,66
2216,16,32,17,19,84
2217,16,16,17,19,68
2218,16,36,19,18,89
2219,17,19,19,18,73
2221,19,18,46,14,97
2222,18,29,17,14,78
2223,13,16,17,14,60
2224,16,31,17,16,80
2225,0,31,17,16,64
2228,16,35,17,15,83
2229,16,19,17,15,67
2230,36,15,17,17,85
2233,17,17,16,16,66
2234,17,32,17,16,82
2236,16,33,17,18,84
2237,17,16,17,18,68
2238,33,18,17,16,84
2240,18,33,18,16,85
2241,17,16,18,16,67
2243,34,32,18,16,100
2245,16,16,18,16,66
2246,16,34,34,16,100
2247,0,34,34,16,84
2248,16,34,50,17,117
2249,0,34,50,17,101
2250,32,17,17,17,83
2251,16,17,17,17,67
2252,17,34,35,16,102
2253,17,17,35,16,85
2255,0,35,16,17,68
2256,0,19,16,17,52
2257,16,17,16,17,66
2259,16,17,16,16,65
2261,16,16,15,17,64
2265,18,16,17,16,67
2266,33,16,17,16,82
2268,16,33,18,16,83
2270,34,16,19,17,86
2273,19,17,32,16,84
2274,17,32,16,18,83
2275,0,32,16,18,66
2276,33,18,16,16,83
2277,16,18,16,16,66
2278,18,32,16,16,82
2279,0,32,16,16,64
2280,16,32,17,17,82
2281,0,32,17,17,66
2282,16,34,17,16,83
2283,17,17,17,16,67
2284,34,16,19,17,86
2285,17,16,19,17,69
2286,84,32,19,16,151
2287,68,32,19,16,135
2289,32,32,19,16,99
2290,16,32,19,16,83
2291,17,15,19,16,67
2292,15,35,18,15,83
2293,19,16,18,15,68
2294,16,33,18,16,83
2296,15,34,17,14,80
2298,16,31,19,17,83
2299,17,14,19,17,67
2300,14,36,15,16,81
2302,17,31,35,17,100
2303,0,31,35,17,83
2305,17,18,0,17,52
2306,18,33,15,16,82
2307,17,16,15,16,64
2308,16,31,20,17,84
2309,15,16,20,17,68
2311,20,17,32,17,86
2314,20,33,18,15,86
2315,17,16,18,15,66
2316,16,33,32,19,100
2317,18,15,32,19,84
2318,15,32,19,17,83
2319,0,32,19,17,68
2320,16,36,33,18,103
2321,0,36,33,18,87
2322,33,17,18,16,84
2323,16,17,18,16,67
2324,17,34,32,16,99
2325,18,16,32,16,82
2326,16,32,16,16,80
2327,16,16,16,16,64
2330,33,19,16,16,84
2331,17,19,16,16,68
2333,16,16,17,16,65
2335,17,16,16,19,68
2336,16,35,16,15,82
2337,16,19,16,15,66
2338,19,31,20,15,85
2340,15,35,16,16,82
2341,35,32,16,19,102
2342,15,32,16,19,82
2343,16,16,16,19,67
2344,16,35,32,18,101
2345,0,35,32,18,85
2347,17,15,18,16,66
2348,15,34,15,20,84
2349,18,16,15,20,69
2350,16,35,16,16,83
2353,32,33,17,16,98
2356,33,16,17,16,82
2357,17,16,17,16,66
2358,16,33,17,15,81
2360,33,15,20,16,84
2362,15,36,16,16,83
2364,16,32,16,20,84
2365,0,32,16,20,68
2366,16,36,13,21,86
2367,0,36,13,21,70
2368,20,34,47,18,119
2369,13,21,47,18,99
2371,13,16,18,18,65
2372,34,18,14,19,85
2373,18,18,14,19,69
2374,18,33,17,17,85
2375,0,33,17,17,67
2377,17,17,14,17,65
2378,17,31,18,17,83
2379,14,17,18,17,66
2381,0,35,33,15,83
2382,17,33,15,19,84
2383,15,18,15,19,67
2384,18,34,17,15,84
2385,15,19,17,15,66
2388,15,35,16,17,83
2389,16,19,16,17,68
2390,19,33,16,16,84
2391,16,17,16,16,65
2393,16,16,15,19,66
2394,50,33,17,15,115
2395,34,33,17,15,99
2397,17,16,17,15,65
2398,16,32,16,19,83
2399,0,32,16,19,67
2400,15,35,19,18,87
2401,16,19,19,18,72
2402,38,18,12,17,85
2403,19,18,12,17,66
2404,18,29,16,19,82
2405,12,17,16,19,64
2407,0,35,16,16,67
2408,19,32,34,15,100
2409,16,16,34,15,81
2410,16,34,15,16,81
2412,17,31,21,16,85
2414,16,37,17,15,85
2415,21,16,17,15,69
2416,16,32,16,16,80
2417,0,32,16,16,64
2418,15,32,17,16,80
2419,16,16,17,16,65
2420,33,16,34,16,99
2422,16,34,16,19,85
2425,0,35,13,19,67
2426,19,32,16,16,83
2427,13,19,16,16,64
2428,35,16,16,17,84
2429,16,16,16,17,65
2430,16,33,16,17,82
2431,16,17,16,17,66
2432,17,33,17,20,87
2434,17,37,14,18,86
2435,0,37,14,18,69
2439,17,16,16,16,65
2440,16,32,17,19,84
2441,16,16,17,19,68
2442,16,36,17,15,84
2444,19,32,16,16,83
2445,17,15,16,16,64
2446,15,32,19,18,84
2450,18,32,14,20,84
2451,0,32,14,20,66
2452,19,34,14,19,86
2453,14,20,14,19,67
2454,20,33,15,17,85
2456,19,32,17,15,83
2457,15,17,17,15,64
2458,17,32,19,15,83
2460,15,34,15,20,84
2461,19,15,15,20,69
2462,15,35,16,16,82
2463,15,20,16,16,67
2465,0,32,16,16,64
2469,19,17,15,16,67
2470,17,31,35,17,100
2473,20,15,17,16,68
2474,32,16,16,18,82
2477,16,18,16,16,66
2478,18,32,17,17,84
2479,16,16,17,17,66
2480,16,34,17,16,83
2481,17,17,17,16,67
2482,17,33,16,16,82
2483,0,33,16,16,65
2484,32,16,19,15,82
2485,16,16,19,15,66
2486,16,34,32,18,100
2487,0,34,32,18,84
2488,15,32,35,16,98
2489,17,15,35,16,83
2491,18,17,16,16,67
2492,17,32,17,20,86
2493,0,32,17,20,69
2495,17,20,14,16,67
2496,20,30,20,15,85
2497,0,30,20,15,65
2502,15,37,12,20,84
2503,37,32,16,15,100
2505,12,20,16,15,63
2508,15,36,32,16,99
2510,19,32,16,16,83
2511,13,19,16,16,64
2512,19,32,17,16,84
2514,0,16,17,16,49
2515,0,33,20,16,69
2516,16,36,14,19,85
2518,16,33,16,16,81
2519,33,32,16,19,100
2520,19,32,16,19,86
2523,16,19,17,15,67
2524,19,32,16,19,86
2525,32,35,14,16,97
2526,31,19,14,16,80
2527,16,19,14,16,65
2531,20,16,16,16,68
2532,16,32,16,19,83
2534,16,35,16,16,83
2536,19,32,16,16,83
2537,16,16,16,16,64
2538,16,32,16,17,81
2540,32,17,17,18,84
2541,16,17,17,18,68
2542,69,17,49,16,151
2543,52,17,49,16,134
2544,35,17,49,16,117
2547,17,16,16,16,65
2549,16,16,17,19,68
2550,16,36,16,17,85
2552,19,33,17,16,85
2553,16,17,17,16,66
2554,17,33,16,17,83
2555,17,16,16,17,66
2556,16,33,17,15,81
2557,16,17,17,15,65
2559,17,15,17,18,67
2560,15,35,16,16,82
2561,17,18,16,16,67
2562,18,32,16,19,85
2563,16,16,16,19,67
2564,16,35,14,19,84
2566,19,33,17,16,85
2567,14,19,17,16,66
2572,16,32,17,19,84
2573,0,32,17,19,68
2574,32,19,17,16,84
2575,17,19,17,16,69
2577,17,16,16,16,65
2578,16,32,19,15,82
2579,16,16,19,15,66
2581,34,32,17,18,101
2583,0,32,17,18,67
2584,15,35,18,17,85
2586,18,35,21,10,84
2587,18,17,21,10,66
2588,17,31,16,23,87
2590,0,10,16,23,49
2591,0,39,13,15,67
2592,23,28,17,15,83
2593,13,15,17,15,60
2594,15,32,17,17,81
2595,17,15,17,17,66
2596,32,17,19,15,83
2597,17,17,19,15,68
2600,32,16,16,20,84
2602,16,36,16,17,85
2603,0,36,16,17,69
2605,16,17,16,16,65
2606,33,16,16,16,81
2607,16,16,16,16,64
2608,16,32,16,20,84
2609,16,16,16,20,68
2611,16,20,14,19,69
2612,20,33,17,17,87
2614,19,34,16,15,84
2615,17,17,16,15,65
2617,0,31,16,19,66
2618,15,35,16,17,83
2620,19,33,16,15,83
2621,16,17,16,15,64
2624,15,35,16,17,83
2625,19,16,16,17,68
2626,16,33,16,16,81
2627,0,33,16,16,65
2629,0,32,19,16,67
2630,16,35,16,18,85
2631,19,16,16,18,69
2633,16,18,16,15,65
2634,18,31,18,15,82
2635,16,15,18,15,64
2636,15,33,18,16,82
2637,33,34,17,16,100
2638,33,16,17,16,82
2639,18,16,17,16,67
2642,16,37,16,15,84
2644,20,31,16,19,86
2645,16,15,16,19,66
2646,15,35,16,15,81
2648,19,31,19,16,85
2649,16,15,19,16,66
2650,100,17,16,16,149
2652,66,17,16,16,115
2653,50,17,16,16,99
2654,36,17,16,16,85
2655,16,17,16,16,65
2656,17,32,17,16,82
2657,16,16,17,16,65
2658,0,16,17,16,49
2660,16,35,35,12,98
2661,0,35,35,12,82
2662,19,35,12,17,83
2663,16,19,12,17,64
2664,19,29,19,16,83
2666,17,35,17,15,84
2667,19,16,17,15,67
2669,17,15,17,18,67
2670,32,18,17,16,83
2673,17,16,20,12,65
2674,16,32,18,17,83
2675,0,32,18,17,67
2676,12,35,16,18,81
2677,0,35,16,18,69
2680,18,31,16,20,85
2681,16,15,16,20,67
2682,15,36,15,16,82
2683,16,20,15,16,67
2685,0,31,33,18,82
2686,16,33,18,18,85
2687,33,36,14,17,100
2688,15,36,14,17,82
2691,31,35,14,18,98
2692,35,17,14,18,84
2693,35,32,16,16,99
2694,17,32,16,16,81
2696,18,32,20,16,86
2697,0,32,20,16,68
2698,16,36,33,16,101
2699,20,16,33,16,85
2700,16,33,16,16,81
2701,0,33,16,16,65
2702,16,32,17,16,81
2703,32,33,17,19,101
2704,16,33,17,19,85
2705,33,36,17,16,102
2706,16,36,17,16,85
2709,0,33,14,17,64
2710,16,31,17,19,83
2712,17,36,32,18,103
2713,17,19,32,18,86
2714,19,32,18,16,85
2715,16,16,18,16,66
2717,18,16,15,19,68
2718,16,34,13,18,81
2719,15,19,13,18,65
2720,19,31,18,17,85
2722,18,35,32,18,103
2724,17,32,18,18,85
2725,14,18,18,18,68
2727,18,18,14,16,66
2728,18,30,16,19,83
2730,32,19,16,18,85
2735,17,15,17,16,65
2737,17,16,32,17,82
2738,16,32,17,17,82
2739,17,15,17,17,66
2740,15,34,17,17,83
2742,17,34,16,19,86
2743,0,34,16,19,69
2744,17,35,16,15,83
2745,16,19,16,15,66
2747,16,15,35,15,81
2748,15,35,15,16,81
2750,15,31,19,18,83
2752,16,37,17,17,87
2753,37,34,47,16,134
2754,18,34,47,16,115
2755,17,17,47,16,97
2757,15,16,16,16,63
2758,16,32,20,15,83
2759,0,32,20,15,67
2760,16,35,16,17,84
2761,0,35,16,17,68
2763,16,17,16,16,65
2764,17,32,16,19,84
2766,32,19,16,15,82
2767,16,19,16,15,66
2771,0,37,16,17,70
2774,17,32,18,17,84
2775,17,15,18,17,67
2776,33,17,16,17,83
2777,35,33,15,19,102
2778,17,33,15,19,84
2779,16,17,15,19,67
2780,17,34,16,16,83
2781,15,19,16,16,66
2782,19,32,14,20,85
2783,16,16,14,20,66
2784,16,34,16,17,83
2785,14,20,16,17,67
2786,20,33,15,17,85
2787,0,33,15,17,65
2788,17,32,15,20,84
2789,15,17,15,20,67
2793,17,15,18,17,67
2794,99,17,15,17,148
2795,84,17,15,17,133
2797,49,17,15,17,98
2798,33,17,15,17,82
2799,16,17,15,17,65
2800,17,32,16,33,98
2802,17,49,19,16,101
2803,0,49,19,16,84
2804,13,20,19,16,68
2805,20,19,32,16,87
2806,0,19,32,16,67
2809,16,20,13,18,67
2810,20,31,17,15,83
2811,13,18,17,15,63
2812,18,32,20,15,85
2814,15,35,16,19,85
2815,20,15,16,19,70
2816,15,35,15,17,82
2817,16,19,15,17,67
2818,19,32,16,16,83
2821,16,16,18,15,65
2822,16,33,36,17,102
2823,0,33,36,17,86
2825,36,34,15,15,100
2827,17,17,15,15,64
2828,0,17,15,15,47
2831,16,17,19,15,67
2832,17,34,17,16,84
2833,0,34,17,16,67
2834,32,16,17,16,81
2836,16,33,16,20,85
2837,17,16,16,20,69
2838,0,16,16,20,52
2839,16,20,16,15,67
2841,16,15,16,20,67
2842,15,36,36,10,97
2843,16,20,36,10,82
2844,37,19,10,18,84
2845,17,19,10,18,64
2846,19,28,18,16,81
2847,10,18,18,16,62
2848,0,18,18,16,52
2849,18,16,16,16,66
2850,32,16,17,19,84
2851,16,16,17,19,68
2852,33,19,18,13,83
2853,17,19,18,13,67
2855,0,31,20,15,66
2856,13,35,17,16,81
2857,0,35,17,16,68
2859,17,16,16,16,65
2860,16,32,19,17,84
2862,16,36,17,17,86
2863,36,34,16,13,99
2865,17,17,16,13,63
2866,17,29,19,16,81
2867,16,13,19,16,64
2869,0,35,19,16,70
2870,16,35,16,15,82
2871,0,35,16,15,66
2873,0,31,36,17,84
2874,15,36,17,17,85
2876,36,17,16,16,85
2877,17,17,16,16,66
2878,17,32,17,16,82
2879,16,16,17,16,65
2880,16,33,17,14,80
2882,83,32,84,16,215
2883,67,32,84,16,199
2886,15,32,84,16,147
2887,32,36,48,16,132
2888,15,36,48,16,115
2890,20,31,17,16,84
2892,0,12,17,16,45
2896,17,33,16,20,86
2900,20,32,16,19,87
2901,17,15,16,19,67
2903,16,19,17,16,68
2904,19,33,16,17,85
2906,16,33,17,15,81
2907,16,17,17,15,65
2909,17,15,17,19,68
2910,15,36,16,15,82
2911,17,19,16,15,67
2912,19,31,17,15,82
2913,31,32,16,20,99
2914,15,32,16,20,83
2915,0,32,16,20,68
2917,16,20,18,12,66
2918,38,12,18,20,88
2920,12,38,47,17,114
2922,20,32,15,17,84
2923,12,20,15,17,64
2924,67,19,18,15,119
2925,47,19,18,15,99
2927,15,19,18,15,67
2928,19,33,15,18,85
2929,18,15,15,18,66
2930,15,33,16,20,84
2931,15,18,16,20,69
2932,18,36,16,17,87
2933,16,20,16,17,69
2934,20,33,15,16,84
2935,33,31,17,15,96
2936,17,31,17,15,80
2938,16,32,16,19,83
2941,16,19,16,16,67
2942,19,32,19,16,86
2943,16,16,19,16,67
2944,16,35,35,16,102
2946,16,35,16,15,82
2947,0,35,16,15,66
2948,20,31,16,16,83
2949,16,15,16,16,63
2952,16,36,15,16,83
2955,31,36,17,15,99
2957,17,19,17,15,68
2958,19,32,16,15,82
2959,32,31,36,15,114
2960,15,31,36,15,97
2961,16,15,36,15,82
2962,35,16,15,19,85
2963,20,16,15,19,70
2964,50,32,15,16,113
2965,81,16,21,16,134
2966,66,16,21,16,119
2968,31,16,21,16,84
2969,31,37,33,16,117
2972,16,33,16,17,82
2974,19,33,14,21,87
2975,33,35,18,11,97
2976,17,35,18,11,81
2977,14,21,18,11,64
2978,21,29,17,17,84
2980,11,34,33,17,95
2981,17,17,33,17,84
2982,17,33,17,17,84
2983,17,16,17,17,67
2984,16,34,16,19,85
2985,17,17,16,19,69
2987,16,19,16,15,66
2989,0,31,17,19,67
2990,32,19,17,15,83
2991,17,19,17,15,68
2994,15,33,35,17,100
2995,0,33,35,17,85
2996,16,35,17,14,82
2997,0,35,17,14,66
2998,18,31,17,17,83
3000,14,34,19,17,84
3001,17,17,19,17,70
3003,19,17,14,17,67
3006,17,35,17,16,85
3007,0,35,17,16,68
3009,17,16,34,16,83
3010,16,34,16,15,81
3011,16,18,16,15,65
3012,18,31,17,18,84
3014,15,35,16,15,81
3015,17,18,16,15,66
3016,34,15,18,17,84
3019,0,35,16,19,70
3020,17,35,16,15,83
3022,19,31,17,16,83
3023,16,15,17,16,64
3024,15,33,17,16,81
3026,16,33,17,17,83
3027,33,34,17,16,100
3028,16,34,17,16,83
3029,0,34,17,16,67
3031,17,16,16,20,69
3032,16,36,13,20,85
3033,0,36,13,20,69
3035,13,20,16,15,64
3036,20,31,16,20,87
3037,16,15,16,20,67
3038,31,20,16,15,82
3040,20,31,16,17,84
3041,16,15,16,17,64
3043,0,33,18,16,67
3044,17,34,16,16,83
3045,18,16,16,16,66
3047,16,16,17,16,65
3048,16,33,16,20,85
3050,16,36,17,16,85
3051,16,20,17,16,69
3052,20,33,15,16,84
3053,17,16,15,16,64
3054,16,31,17,18,82
3056,33,18,15,19,85
3058,18,34,33,16,101
3061,18,15,16,16,65
3062,15,32,17,17,81
3063,0,32,17,17,66
3064,16,34,19,15,84
3065,17,17,19,15,68
3066,17,34,15,15,81
3068,15,30,19,16,80
3071,19,16,17,16,68
3072,49,36,16,16,117
3073,33,36,16,16,101
3074,16,36,16,16,84
3075,20,16,16,16,68
3076,0,16,16,16,48
3078,16,35,32,17,100
3079,0,35,32,17,84
3082,15,33,18,16,82
3083,17,16,18,16,67
3084,16,34,16,16,82
3085,0,34,16,16,66
3086,32,16,84,15,147
3088,37,16,47,15,115
3089,21,16,47,15,99
3090,16,31,16,15,78
3093,0,31,20,16,67
3094,15,36,17,17,85
3095,0,36,17,17,70
3097,0,34,13,20,67
3098,17,33,17,14,81
3099,0,33,17,14,64
3100,20,31,33,17,101
3101,17,14,33,17,81
3103,18,15,17,16,66
3104,15,33,18,19,85
3105,0,33,18,19,70
3106,16,37,16,16,85
3107,18,19,16,16,69
3108,19,32,16,16,83
3109,32,32,17,17,98
3110,16,32,17,17,82
3111,0,32,17,17,66
3112,16,34,21,17,88
3113,0,34,21,17,72
3114,17,38,13,15,83
3116,17,28,16,17,78
3117,13,15,16,17,61
3118,15,33,17,16,81
3119,33,33,18,16,100
3121,17,16,18,16,67
3122,67,19,17,16,119
3123,51,19,17,16,103
3125,17,19,17,16,69
3126,19,33,16,17,85
3127,17,16,16,17,66
3128,16,33,16,16,81
3129,16,17,16,16,65
3130,17,32,17,16,82
3132,16,33,16,19,84
3133,17,16,16,19,68
3134,16,35,17,16,84
3136,19,33,17,15,84
3138,33,15,17,15,80
3139,17,15,17,15,64
3140,15,32,20,16,83
3142,15,36,15,17,83
3146,17,36,16,14,83
3147,16,20,16,14,66
3149,0,30,34,17,81
3150,14,34,17,17,82
3151,0,34,17,17,68
3152,34,17,15,17,83
3153,17,17,15,17,66
3155,15,17,16,20,68
3157,36,33,12,17,98
3158,20,33,12,17,82
3159,17,16,12,17,62
3161,50,17,16,14,97
3164,17,30,17,17,81
3165,16,14,17,17,64
3167,34,33,35,16,118
3168,33,17,35,16,101
3169,16,17,35,16,84
3170,36,16,16,16,84
3172,16,32,17,20,85
3175,17,20,13,19,69
3176,33,19,17,16,85
3177,32,33,17,16,98
3178,19,33,17,16,85
3180,16,33,17,15,81
3182,16,32,35,17,100
3183,17,15,35,17,84
3184,15,35,17,17,84
3185,17,18,17,17,69
3187,17,17,16,16,66
3188,17,32,17,16,82
3189,0,32,17,16,65
3192,16,33,17,15,81
3193,0,33,17,15,65
3196,15,37,16,17,85
3199,0,33,14,19,66
3201,33,33,14,20,100
3202,19,33,14,20,86
3203,17,16,14,20,67
3204,16,34,19,19,88
3206,20,38,12,17,87
3207,38,29,14,16,97
3208,19,29,14,16,78
3211,0,30,18,16,64
3212,16,34,17,16,83
3214,16,33,17,17,83
3216,16,34,18,18,86
3217,17,17,18,18,70
3218,17,36,13,17,83
3219,18,18,13,17,66
3220,18,30,16,20,84
3221,13,17,16,20,66
3222,17,36,33,14,100
3224,20,33,14,17,84
3225,33,31,16,19,99
3226,17,31,16,19,83
3227,14,17,16,19,66
3228,33,19,17,16,85
3229,16,19,17,16,68
3231,17,16,35,16,84
3232,16,35,16,17,84
3233,0,35,16,17,68
3234,20,33,17,16,86
3235,16,17,17,16,66
3236,17,33,31,19,100
3238,16,31,19,14,80
3239,0,31,19,14,64
3241,33,33,34,17,117
3242,14,33,34,17,98
3243,16,17,34,17,84
3244,35,16,17,19,87
3245,18,16,17,19,70
3247,36,31,20,15,102
3249,51,15,16,16,98
3250,37,15,16,16,84
3252,15,32,33,17,97
3256,19,33,18,17,87
3258,84,33,16,16,149
3259,68,33,16,16,133
3262,16,33,16,16,81
3263,17,16,16,16,65
3265,0,32,17,19,68
3267,0,36,16,17,69
3269,16,17,14,19,66
3270,17,33,17,16,83
3271,0,33,17,16,66
3272,19,33,17,15,84
3273,17,16,17,15,65
3274,16,32,16,19,83
3275,32,35,17,16,100
3277,16,19,17,16,68
3278,19,33,16,16,84
3279,17,16,16,16,65
3280,48,36,15,16,115
3281,32,36,15,16,99
3282,16,36,15,16,83
3283,0,36,15,16,67
3284,20,31,17,19,87
3286,16,36,13,20,85
3287,36,33,16,15,100
3288,19,33,16,15,83
3289,0,33,16,15,64
3290,20,31,19,15,85
3291,16,15,19,15,65
3293,19,15,18,16,68
3294,15,34,17,16,82
3295,0,34,17,16,67
3296,16,33,16,17,82
3297,0,33,16,17,66
3298,16,33,18,16,83
3299,16,17,18,16,67
3300,17,34,32,16,99
3301,18,16,32,16,82
3304,16,33,17,17,83
3306,17,34,19,13,83
3307,17,17,19,13,66
3309,0,32,20,17,69
3310,13,37,14,17,81
3311,20,17,14,17,68
3312,17,31,18,17,83
3314,17,35,17,15,84
3315,18,17,17,15,67
3316,17,32,33,16,98
3317,17,15,33,16,81
3318,64,19,16,16,115
3319,49,19,16,16,100
3321,16,19,16,16,67
3322,19,32,16,19,86
3324,16,35,16,15,82
3326,19,31,34,19,103
3327,0,31,34,19,84
3328,32,17,35,16,100
3330,17,35,16,17,85
3331,0,35,16,17,68
3332,0,16,16,17,49
3333,16,17,14,20,67
3334,17,34,14,17,82
3335,14,20,14,17,65
3336,20,31,17,17,85
3342,17,34,17,16,84
3343,0,34,17,16,67
3344,16,33,16,16,81
3345,0,33,16,16,65
3346,0,16,16,16,48
3348,16,36,17,16,85
3349,21,15,17,16,69
3350,15,33,17,16,81
3352,16,33,16,19,84
3353,17,16,16,19,68
3354,16,35,17,13,81
3355,0,35,17,13,65
3356,19,30,35,17,101
3357,17,13,35,17,82
3358,13,35,17,16,81
3360,18,33,16,19,86
3362,0,16,16,19,51
3364,19,31,16,20,86
3366,16,36,12,19,83
3367,16,20,12,19,67
3368,20,31,17,18,86
3369,0,31,17,18,66
3370,19,35,16,17,87
3371,0,35,16,17,68
3372,18,33,16,16,83
3373,16,17,16,16,65
3374,17,32,20,15,84
3376,16,35,16,17,84
3377,35,33,17,17,102
3378,15,33,17,17,82
3379,16,17,17,17,67
3381,17,17,16,17,67
3383,16,17,15,17,65
3384,0,17,15,17,49
3385,0,32,35,16,83
3386,17,35,16,17,85
3387,35,33,16,16,100
3388,19,33,16,16,84
3393,17,16,17,17,67
3396,17,35,13,21,86
3397,0,35,13,21,69
3398,20,34,14,15,83
3399,0,34,14,15,63
3400,21,29,17,19,86
3401,14,15,17,19,65
3402,15,36,34,17,102
3403,0,36,34,17,87
3404,19,34,17,14,84
3406,0,17,17,14,48
3407,17,14,33,20,84
3408,14,33,20,15,82
3409,16,17,20,15,68
3410,17,35,16,18,86
3411,20,15,16,18,69
3413,16,18,17,16,67
3415,17,16,17,16,66
3417,17,16,32,16,81
3419,15,17,16,17,65
3420,17,33,16,19,85
3421,16,17,16,19,68
3422,17,35,16,19,87
3423,16,19,16,19,70
3424,19,35,16,15,85
3425,16,19,16,15,66
3427,16,15,17,17,65
3428,15,34,16,19,84
3430,17,35,0,13,65
3431,0,35,0,13,48
3432,19,31,16,16,82
3434,18,32,17,17,84
3435,16,16,17,17,66
3436,16,34,16,20,86
3438,17,36,13,20,86
3439,16,20,13,20,69
3441,0,33,15,18,66
3442,20,33,17,15,85
3443,15,18,17,15,65
3444,18,32,16,18,84
3445,32,34,17,17,100
3447,16,18,17,17,68
3448,18,34,16,15,83
3450,17,31,18,15,81
3451,16,15,18,15,64
3452,15,33,17,20,85
3453,18,15,17,20,70
3454,15,37,13,20,85
3455,17,20,13,20,70
3456,20,33,17,16,86
3458,20,33,17,16,86
3459,17,16,17,16,66
3460,16,33,16,16,81
3461,17,16,16,16,65
3462,16,32,17,17,82
3463,0,32,17,17,66
3464,16,34,16,16,82
3465,0,34,16,16,66
3466,17,32,19,17,85
3467,16,16,19,17,68
3468,16,36,14,19,85
3469,0,36,14,19,69
3470,17,33,17,16,83
3473,99,34,16,17,166
3474,82,34,16,17,149
3475,66,34,16,17,133
3477,32,34,16,17,99
3478,18,34,16,17,85
3479,15,19,16,17,67
3480,19,33,17,15,84
3484,15,34,18,15,82
3485,17,17,18,15,67
3489,17,17,20,11,65
3490,17,31,21,15,84
3491,20,11,21,15,67
3492,11,36,17,16,80
3493,21,15,17,16,69
3494,15,33,16,16,80
3495,17,16,16,16,65
3496,16,32,19,16,83
3498,16,35,16,17,84
3500,16,33,17,15,81
3502,17,32,17,17,83
3505,0,34,16,18,68
3506,17,34,17,16,84
3508,18,33,17,18,86
3509,0,33,17,18,68
3510,16,35,16,16,83
3511,0,35,16,16,67
3513,16,16,33,17,82
3515,16,17,17,16,66
3520,16,33,49,16,114
3524,15,33,18,19,85
3527,0,37,13,17,67
3529,13,17,18,17,65
3530,17,35,17,16,85
3532,17,33,15,20,85
3533,0,33,15,20,68
3534,16,35,20,12,83
3537,32,34,16,17,99
3538,12,34,16,17,79
3541,33,34,15,17,99
3542,17,34,15,17,83
3543,17,17,15,17,66
3545,15,17,16,16,64
3546,17,32,17,18,84
3547,0,32,17,18,67
3550,18,32,17,16,83
3551,0,32,17,16,65
3553,0,33,16,20,69
3554,16,36,15,17,84
3555,16,20,15,17,68
3556,20,32,16,19,87
3557,15,17,16,19,67
3558,17,35,17,16,85
3559,0,35,17,16,68
3560,19,33,17,15,84
3561,0,33,17,15,65
3563,32,35,16,16,99
3564,50,32,16,17,115
3565,35,32,16,17,100
3566,19,32,16,17,84
3567,32,33,16,20,101
3568,16,33,16,20,85
3569,16,17,16,20,69
3570,17,36,16,16,85
3571,0,36,16,16,68
3572,20,32,17,15,84
3573,16,16,17,15,64
3574,16,32,17,15,80
3575,0,32,17,15,64
3576,15,32,37,15,99
3577,0,32,37,15,84
3578,15,37,15,16,83
3579,0,37,15,16,68
3582,32,18,16,18,84
3583,16,18,16,18,68
3584,18,34,17,16,85
3586,18,33,17,16,84
3587,17,16,17,16,66
3588,16,33,16,16,81
3589,0,33,16,16,65
3590,32,16,16,21,85
3594,21,32,33,14,100
3595,0,32,33,14,79
3596,20,33,14,20,87
3597,15,18,14,20,67
3598,18,34,16,17,85
3599,0,34,16,17,67
3600,20,33,17,16,86
3601,16,17,17,16,66
3602,17,33,14,18,82
3603,17,16,14,18,65
3607,17,16,17,16,66
3608,16,33,36,16,101
3609,33,36,30,17,116
3610,34,18,30,17,99
3612,18,30,17,20,85
3613,16,14,17,20,67
3615,0,37,17,16,70
3619,14,18,17,14,63
3620,18,31,19,14,82
3621,0,31,19,14,64
3622,14,33,21,13,81
3624,14,34,17,17,82
3625,21,13,17,17,68
3627,17,17,16,17,67
3629,33,36,17,16,102
3630,17,36,17,16,86
3632,37,16,16,15,84
3633,17,16,16,15,64
3635,16,15,17,16,64
3636,15,33,20,13,81
3637,17,16,20,13,66
3638,16,33,36,17,102
3640,13,36,33,17,99
3641,36,33,17,17,103
3643,17,16,17,17,67
3644,16,34,14,17,81
3645,0,34,14,17,65
3647,0,31,17,16,64
3649,0,33,18,16,67
3650,16,34,18,14,82
3651,0,34,18,14,66
3652,16,32,17,19,84
3655,17,19,17,16,69
3657,33,33,16,16,98
3658,16,33,16,16,81
3660,16,32,17,17,82
3661,16,16,17,17,66
3663,0,34,16,17,67
3664,17,33,17,17,84
3665,0,33,17,17,67
3666,17,34,17,16,84
3667,17,17,17,16,67
3668,0,17,17,16,50
3669,33,34,16,18,101
3670,16,34,16,18,84
3671,17,17,16,18,68
3672,17,34,17,16,84
3676,16,33,32,19,100
3678,16,32,19,17,84
3679,17,15,19,17,68
3680,15,36,16,17,84
3681,19,17,16,17,69
3682,17,33,17,16,83
3683,16,17,17,16,66
3684,17,33,16,17,83
3686,16,33,14,21,84
3688,52,34,14,17,117
3689,35,34,14,17,100
3690,21,34,14,17,86
3691,17,17,14,17,65
3692,17,31,17,16,81
3693,14,17,17,16,64
3696,16,33,16,17,82
3701,0,35,14,17,66
3702,19,31,17,19,86
3703,14,17,17,19,67
3704,17,36,17,14,84
3705,0,36,17,14,67
3707,0,31,17,16,64
3708,14,33,17,19,83
3713,32,33,17,16,98
3714,32,17,17,16,82
3715,16,17,17,16,66
3716,17,33,17,17,84
3717,0,33,17,17,67
3718,16,34,16,16,82
3722,16,34,16,17,83
3723,18,16,16,17,67
3724,16,33,19,16,84
3726,17,35,18,15,85
3727,0,35,18,15,68
3729,18,15,18,17,68
3731,18,17,13,19,67
3733,82,16,17,16,131
3735,50,16,17,16,99
3737,18,16,17,16,67
3739,0,33,16,19,68
3740,16,35,16,16,83
3742,19,32,17,16,84
3743,0,32,17,16,65
3744,33,16,15,17,81
3745,17,16,15,17,65
3746,31,17,20,13,81
3749,20,13,20,17,70
3752,17,30,18,16,81
3756,16,34,33,16,99
3758,34,16,16,17,83
3759,17,16,16,17,66
3760,16,33,16,17,82
3761,33,33,35,18,119
3762,17,33,35,18,103
3763,16,17,35,18,86
3764,17,35,18,17,87
3765,19,16,18,17,70
3766,34,17,15,16,82
3767,18,17,15,16,66
3768,17,31,17,15,80
3769,15,16,17,15,63
3773,0,36,14,20,70
3774,19,34,16,17,86
3778,33,16,19,16,84
3780,35,16,13,20,84
3782,16,33,17,13,79
3783,13,20,17,13,63
3784,20,30,20,17,87
3786,13,37,17,15,82
3788,17,32,32,16,97
3789,0,32,32,16,80
3790,31,16,16,17,80
3792,16,33,18,16,83
3793,16,17,18,16,67
3794,17,34,17,16,84
3795,18,16,17,16,67
3796,16,33,17,18,84
3798,33,18,19,13,83
3799,17,18,19,13,67
3800,18,32,84,15,149
3801,19,13,84,15,131
3802,13,33,51,15,112
3803,17,16,51,15,99
3804,16,33,18,15,82
3805,17,16,18,15,66
3806,16,33,18,17,84
3807,18,15,18,17,68
3808,15,35,34,15,99
3809,0,35,34,15,84
3810,17,34,15,17,83
3812,16,32,18,15,81
3813,15,17,18,15,65
3814,17,33,17,16,83
3815,18,15,17,16,66
3816,15,33,17,16,81
3817,17,16,17,16,66
3821,20,13,18,17,68
3822,13,35,17,16,81
3823,0,35,17,16,68
3825,17,16,18,15,66
3827,0,33,17,18,68
3828,15,35,33,16,99
3830,35,16,34,16,101
3832,16,34,16,17,83
3833,0,34,16,17,67
3834,18,33,18,16,85
3836,17,34,14,20,85
3837,18,16,14,20,68
3838,50,33,17,16,116
3839,34,33,17,16,100
3841,13,20,17,16,66
3843,17,16,13,21,67
3844,16,34,16,15,81
3846,37,15,17,16,85
3847,16,15,17,16,64
3849,0,33,17,17,67
3853,50,16,16,17,99
3854,35,16,16,17,84
3855,18,16,16,17,67
3856,16,33,19,17,85
3857,0,33,19,17,69
3859,36,31,17,17,101
3860,17,31,17,17,82
3861,13,18,17,17,65
3865,17,18,13,17,65
3867,0,30,17,16,63
3868,17,33,17,17,84
3869,0,33,17,17,67
3870,16,34,17,17,84
3871,0,34,17,17,68
3873,17,17,18,16,68
3875,34,32,17,17,100
3876,16,32,17,17,82
3877,18,14,17,17,66
3879,17,17,17,17,68
3880,17,34,83,17,151
3881,17,17,83,17,134
3882,17,33,50,17,117
3884,33,16,17,17,83
3885,17,16,17,17,67
3887,17,17,18,16,68
3888,17,34,20,11,82
3889,0,34,20,11,65
3890,16,31,17,16,80
3891,31,33,17,19,100
3892,11,33,17,19,80
3894,16,36,17,15,84
3895,17,19,17,15,68
3897,17,15,17,19,68
3898,15,36,14,20,85
3899,0,36,14,20,70
3900,19,34,16,16,85
3901,34,32,16,16,98
3902,20,32,16,16,84
3903,16,16,16,16,64
3904,16,32,17,16,81
3905,16,16,17,16,65
3907,17,16,18,16,67
3911,18,17,13,20,68
3912,17,33,33,16,99
3913,0,33,33,16,82
3914,20,33,16,16,85
3915,33,32,17,16,98
3916,16,32,17,16,81
3918,16,33,17,17,83
3919,0,33,17,17,67
3921,17,17,32,16,82
3924,15,36,14,17,82
3925,16,20,14,17,67
3927,14,17,36,13,80
3928,17,36,49,16,118
3929,0,36,49,16,101
3930,17,31,18,16,82
3931,13,18,18,16,65
3932,0,18,18,16,52
3933,18,16,18,15,67
3934,101,13,20,13,147
3935,85,13,20,13,131
3936,67,13,20,13,113
3937,52,13,20,13,98
3939,19,13,20,13,65
3940,13,33,17,17,80
3941,20,13,17,17,67
3942,13,34,20,14,81
3943,17,17,20,14,68
3945,20,14,19,17,70
3946,14,36,13,17,80
3947,19,17,13,17,66
3949,13,17,19,14,63
3950,17,33,18,19,87
3951,19,14,18,19,70
3952,32,19,83,15,149
3953,18,19,83,15,135
3955,14,17,52,15,98
3956,17,34,18,15,84
3957,0,34,18,15,67
3959,18,15,17,16,66
3961,17,16,16,19,68
3962,16,35,17,15,83
3963,0,35,17,15,67
3964,19,32,33,18,102
3965,0,32,33,18,83
3966,15,33,34,16,98
3967,0,33,34,16,83
3969,18,16,16,16,66
3972,16,35,17,17,85
3974,99,17,16,17,149
3976,66,17,16,17,116
3977,49,17,16,17,99
3978,33,17,16,17,83
3979,34,33,16,16,99
3980,17,33,16,16,82
3981,16,17,16,16,65
3982,17,32,18,32,99
3984,34,32,18,17,101
3986,32,18,35,14,99
3987,19,18,35,14,86
3990,18,32,17,16,83
3991,14,18,17,16,65
3994,16,32,17,16,81
3995,17,15,17,16,65
3997,17,16,17,18,68
3999,35,33,16,17,101
4000,18,33,16,17,84
4001,0,33,16,17,66
4002,16,33,85,16,150
4003,0,33,85,16,134
4004,17,36,49,16,118
4005,0,36,49,16,101
4006,20,30,19,16,85
4008,16,35,17,16,84
4009,19,16,17,16,68
4010,33,16,17,16,82
4011,17,16,17,16,66
4013,17,16,17,16,66
4015,0,33,16,17,66
4020,17,35,11,21,84
4021,19,16,11,21,67
4022,16,32,35,13,96
4024,21,35,13,21,90
4026,19,34,13,20,86
4027,13,21,13,20,67
4029,13,20,13,19,65
4031,0,32,15,17,64
4032,69,17,33,16,135
4033,50,17,33,16,116
4035,18,17,33,16,84
4036,0,17,33,16,66
4038,16,32,17,18,83
4040,16,35,15,16,82
4041,0,35,15,16,66
4042,18,31,17,17,83
4043,15,16,17,17,65
4045,34,33,21,12,100
4046,17,33,21,12,83
4047,33,33,18,15,99
4048,17,33,18,15,83
4049,0,33,18,15,66
4050,12,33,19,17,81
4051,18,15,19,17,69
4052,15,36,17,16,84
4053,19,17,17,16,69
4054,17,33,17,15,82
4055,17,16,17,15,65
4056,16,32,17,17,82
4058,15,34,17,15,81
4060,17,32,17,19,85
4061,17,15,17,19,68
4062,15,36,17,15,83
4063,17,19,17,15,68
4064,36,15,16,16,83
4065,17,15,16,16,64
4066,15,32,34,17,98
4068,16,34,17,17,84
4071,17,17,19,13,66
4072,119,34,13,19,185
4076,54,34,13,19,120
4077,34,34,13,19,100
4079,17,17,13,19,66
4081,13,19,33,17,82
4083,67,32,18,16,133
4085,34,32,18,16,100
4086,17,32,18,16,83
4087,0,32,18,16,66
4089,18,16,16,17,67
4093,17,16,17,16,66
4095,0,33,17,16,66
4096,33,16,16,16,81
4097,17,16,16,16,65
4099,16,16,20,14,66
4100,16,34,16,17,83
4101,67,36,17,17,137
4103,33,36,17,17,103
4104,17,36,17,17,87
4105,17,19,17,17,70
4106,19,34,13,18,84
4107,17,17,13,18,65
4108,17,31,16,16,80
4109,0,31,16,16,63
4110,18,32,18,17,85
4111,16,16,18,17,67
4112,16,35,19,16,86
4113,0,35,19,16,70
4115,35,32,48,17,132
4116,16,32,48,17,113
4117,16,16,48,17,97
4118,16,31,17,17,81
4120,15,34,16,20,85
4122,17,36,14,32,99
4123,0,36,14,32,82
4124,20,46,38,16,120
4126,13,19,38,16,86
4127,19,18,20,16,73
4128,18,36,17,17,88
4129,20,16,17,17,70
4130,16,34,32,17,99
4131,17,17,32,17,83
4132,17,32,17,18,84
4133,0,32,17,18,67
4134,15,35,13,21,84
4135,0,35,13,21,69
4136,0,18,13,21,52
4137,13,21,13,17,64
4138,21,30,16,17,84
4141,0,33,17,16,66
4143,17,16,17,16,66
4145,17,16,20,16,69
4147,20,16,17,17,70
4148,16,34,16,16,82
4149,17,17,16,16,66
4150,33,16,17,17,83
4151,32,34,33,17,116
4154,33,17,17,16,83
4155,16,17,17,16,66
4157,33,35,16,13,97
4159,18,17,16,13,64
4160,0,17,16,13,46
4162,13,38,16,17,84
4163,21,17,16,17,71
4164,17,33,13,20,83
4165,16,17,13,20,66
4166,67,12,21,17,117
4167,50,12,21,17,100
4168,49,38,14,17,118
4169,29,38,14,17,98
4170,12,38,14,17,81
4171,21,17,14,17,69
4174,17,33,17,15,82
4175,13,20,17,15,65
4177,32,35,16,17,100
4179,35,33,19,16,103
4180,16,33,19,16,84
4181,16,17,19,16,68
4183,0,35,13,17,65
4184,16,30,18,16,80
4185,13,17,18,16,64
4187,18,16,17,17,68
4190,33,17,34,19,103
4191,33,34,19,13,99
4192,17,34,19,13,83
4194,16,32,16,20,84
4195,19,13,16,20,68
4196,13,36,17,16,82
4197,16,20,17,16,69
4199,17,16,17,16,66
4200,16,33,17,16,82
4203,0,33,17,16,66
4204,16,33,17,16,82
4205,0,33,17,16,66
4206,16,33,84,16,149
4208,16,33,51,16,116
4209,0,33,51,16,100
4210,17,34,17,16,84
4211,16,18,17,16,67
4213,17,16,16,20,69
4214,16,36,31,19,102
4215,16,20,31,19,86
4217,13,18,19,16,66
4218,18,35,15,16,84
4219,19,16,15,16,66
4221,15,16,17,34,82
4222,16,51,17,17,101
4223,17,34,17,17,85
4225,20,17,17,17,71
4226,0,17,17,17,51
4227,17,17,17,16,67
4228,0,17,17,16,50
4229,17,16,31,18,82
4230,16,31,18,19,84
4231,16,15,18,19,68
4232,15,37,17,13,82
4236,13,36,14,17,80
4237,0,36,14,17,67
4239,0,31,17,18,66
4240,17,35,18,13,83
4243,0,31,37,16,84
4244,13,37,16,17,83
4245,18,19,16,17,70
4246,35,17,16,16,84
4247,16,17,16,16,65
4249,0,32,17,15,64
4250,16,32,17,19,84
4251,0,32,17,19,68
4252,15,36,17,16,84
4253,17,19,17,16,69
4254,19,33,15,15,82
4255,17,16,15,15,63
4256,16,30,17,20,83
4257,15,15,17,20,67
4259,17,20,13,21,71
4260,20,34,32,16,102
4262,21,32,16,18,87
4265,16,18,13,20,67
4267,33,33,15,19,100
4268,20,33,15,19,87
4269,0,33,15,19,67
4270,20,34,16,14,84
4271,0,34,16,14,64
4272,19,30,17,16,82
4274,47,34,17,19,117
4276,16,34,17,19,86
4278,14,36,13,20,83
4280,19,33,16,16,84
4281,13,20,16,16,65
4283,16,16,18,17,67
4284,16,35,16,15,82
4286,17,31,16,20,84
4287,16,15,16,20,67
4288,15,36,18,13,82
4289,16,20,18,13,67
4290,38,13,17,17,85
4293,0,34,17,18,69
4295,0,35,32,16,83
4296,18,32,16,16,82
4297,0,32,16,16,64
4298,16,32,17,17,82
4300,16,34,16,17,83
4301,17,17,16,17,67
4303,0,33,17,16,66
4308,32,17,51,17,117
4309,13,17,51,17,98
4311,36,32,18,17,103
4312,19,32,18,17,86
4315,35,34,17,12,98
4316,17,34,17,12,80
4317,34,29,17,18,98
4318,34,12,17,18,81
4320,47,50,17,17,131
4321,35,50,17,17,119
4323,50,17,17,16,100
4324,32,17,17,16,82
4326,17,33,16,19,85
4327,17,16,16,19,68
4328,0,16,16,19,51
4329,16,19,17,16,68
4331,17,16,17,16,66
4332,16,33,17,17,83
4336,17,31,16,19,83
4337,14,17,16,19,66
4338,17,35,17,15,84
4339,0,35,17,15,67
4340,19,32,17,16,84
4342,15,33,16,20,84
4343,0,33,16,20,69
4345,36,32,17,17,102
4347,16,16,17,17,66
4348,33,17,17,17,84
4349,17,17,17,17,68
4350,17,34,17,16,84
4351,0,34,17,16,67
4354,16,32,16,16,80
4357,16,16,17,17,66
4358,16,34,17,19,86
4360,17,36,18,16,87
4361,0,36,18,16,70
4362,19,34,0,16,69
4363,34,33,13,19,99
4364,16,33,13,19,81
4365,0,33,13,19,65
4366,17,32,17,16,82
4367,0,32,17,16,65
4368,19,33,32,16,100
4370,16,32,16,16,80
4371,14,18,16,16,64
4374,16,36,16,17,85
4376,16,33,16,16,81
4379,16,16,17,19,68
4380,16,36,14,20,86
4381,0,36,14,20,70
4382,19,34,13,17,83
4383,0,34,13,17,64
4385,0,30,17,16,63
4386,17,33,18,16,84
4387,0,33,18,16,67
4389,18,16,16,20,70
4390,16,36,13,19,84
4391,16,20,13,19,68
4392,20,32,17,17,86
4394,19,34,16,16,85
4397,0,32,18,14,64
4398,16,32,18,16,82
4400,14,34,17,16,81
4401,0,34,17,16,67
4404,0,16,87,15,118
4405,19,16,52,15,102
4406,16,32,20,15,83
4407,16,16,20,15,67
4408,36,15,18,13,82
4411,0,31,16,18,65
4412,13,34,16,17,80
4413,16,18,16,17,67
4414,18,33,16,20,87
4415,16,17,16,20,69
4417,16,20,16,17,69
4419,0,33,18,15,66
4420,17,33,15,17,82
4421,18,15,15,17,65
4422,15,32,51,15,113
4424,17,35,16,15,83
4425,0,35,16,15,66
4427,31,36,16,16,99
4428,15,36,16,16,83
4429,36,32,17,15,100
4430,19,32,17,15,83
4431,16,16,17,15,64
4432,81,35,16,18,150
4434,48,35,16,18,117
4435,33,35,16,18,102
4437,16,19,16,18,69
4438,19,34,16,17,86
4439,16,18,16,17,67
4442,17,33,17,15,82
4443,17,16,17,15,65
4444,33,15,16,17,81
4445,17,15,16,17,65
4446,15,33,20,16,84
4448,17,36,17,17,87
4449,20,16,17,17,70
4450,16,34,14,19,83
4451,17,17,14,19,67
4452,17,33,16,16,82
4453,0,33,16,16,65
4454,19,32,16,16,83
4455,0,32,16,16,64
4457,16,16,17,17,66
4458,16,34,18,15,83
4460,17,33,17,16,83
4461,18,15,17,16,66
4465,0,36,34,13,83
4467,17,17,13,17,64
4468,17,30,16,17,80
4469,13,17,16,17,63
4470,17,33,18,17,85
4471,16,17,18,17,68
4472,17,35,34,17,103
4473,18,17,34,17,86
4474,17,34,17,16,84
4475,17,17,17,16,67
4477,0,33,16,16,65
4480,16,37,15,16,84
4481,37,31,33,17,118
4482,20,31,33,17,101
4483,15,16,33,17,81
4484,16,33,17,14,80
4485,0,33,17,14,64
4486,0,17,17,14,48
4487,0,31,21,13,65
4488,48,34,19,16,117
4489,34,34,19,16,103
4490,13,34,19,16,82
4491,17,17,19,16,69
4492,17,35,16,16,84
4493,0,35,16,16,67
4495,16,16,16,17,65
4497,16,17,17,16,66
4498,17,33,17,17,84
4499,17,16,17,17,67
4500,16,34,16,18,84
4501,17,17,16,18,68
4502,17,34,16,17,84
4503,16,18,16,17,67
4504,18,33,19,14,84
4505,0,33,19,14,66
4506,17,33,19,14,83
4507,0,33,19,14,66
4508,14,33,19,15,81
4509,19,14,19,15,67
4510,14,34,18,16,82
4512,15,34,18,14,81
4513,0,34,18,14,66
4517,20,13,17,17,67
4518,13,34,16,19,82
4520,17,35,17,16,85
4521,16,19,17,16,68
4522,36,16,34,15,101
4523,17,16,34,15,82
4524,16,34,15,18,83
4525,34,33,17,15,99
4526,16,33,17,15,81
4527,15,18,17,15,65
4528,18,32,16,16,82
4530,0,15,16,16,47
4533,17,19,16,16,68
4536,16,32,17,19,84
4538,15,36,16,16,83
4540,19,32,17,16,84
4542,16,33,18,15,82
4543,17,16,18,15,66
4545,0,33,18,18,69
4546,15,36,13,17,81
4547,36,30,35,18,119
4548,18,30,35,18,101
4549,47,18,18,17,100
4550,34,18,18,17,87
4551,17,18,18,17,70
4552,36,17,17,17,87
4553,18,17,17,17,69
4554,17,34,13,19,83
4555,17,17,13,19,66
4556,17,32,15,15,79
4557,13,19,15,15,62
4559,0,30,19,16,65
4560,0,15,19,16,50
4561,0,35,14,18,67
4562,16,32,19,17,84
4565,19,17,15,18,69
4566,17,33,16,18,84
4567,15,18,16,18,67
4568,0,18,16,18,52
4569,16,18,32,17,83
4571,17,15,17,17,66
4572,15,34,16,18,83
4573,0,34,16,18,68
4574,17,34,16,16,83
4575,0,34,16,16,66
4576,18,32,17,16,83
4577,0,32,17,16,65
4578,16,33,17,17,83
4581,0,34,82,19,135
4582,17,33,49,19,118
4583,0,33,49,19,101
4584,16,36,13,19,84
4585,36,32,14,17,99
4587,0,32,14,17,63
4588,19,31,17,16,83
4589,14,17,17,16,64
4590,17,33,34,19,103
4591,33,34,19,13,99
4593,0,34,19,13,66
4594,16,32,20,16,84
4595,19,13,20,16,68
4596,0,13,20,16,49
4597,20,16,17,16,69
4599,17,16,18,15,66
4601,0,33,17,16,66
4603,17,16,19,16,68
4605,0,35,17,16,68
4606,16,33,13,21,83
4607,17,16,13,21,67
4608,16,34,17,17,84
4609,13,21,17,17,68
4610,21,34,13,16,84
4611,17,17,13,16,63
4612,17,29,17,20,83
4613,13,16,17,20,66
4614,16,37,17,14,84
4615,17,20,17,14,68
4616,20,31,16,19,86
4621,0,33,17,17,67
4623,34,34,14,19,101
4624,17,34,14,19,84
4625,15,19,14,19,67
4628,19,32,16,17,84
4629,17,15,16,17,65
4630,15,33,18,17,83
4631,16,17,18,17,68
4632,17,35,32,17,101
4633,18,17,32,17,84
4634,17,32,17,16,82
4635,15,17,17,16,65
4636,17,33,17,16,83
4638,0,16,17,16,49
4641,0,34,33,18,85
4642,17,33,34,15,99
4644,16,34,15,20,85
4645,18,16,15,20,69
4646,16,35,16,16,83
4647,15,20,16,16,67
4648,20,32,15,16,83
4649,16,16,15,16,63
4650,31,16,17,17,81
4652,0,16,17,17,50
4653,0,34,18,21,73
4654,17,39,11,18,85
4656,21,29,17,17,84
4657,11,18,17,17,63
4658,18,34,17,17,86
4659,0,34,17,17,68
4660,17,34,17,13,81
4662,17,30,20,16,83
4663,50,16,31,17,114
4664,33,16,31,17,97
4666,16,31,34,16,97
4667,16,15,34,16,81
4668,15,34,16,17,82
4669,17,17,16,17,67
4670,17,33,17,17,84
4671,16,17,17,17,67
4673,17,17,17,15,66
4674,17,32,17,16,82
4675,17,15,17,16,65
4676,15,33,17,17,82
4677,17,16,17,17,67
4678,16,34,17,17,84
4679,17,17,17,17,68
4680,34,17,16,17,84
4682,17,33,17,16,83
4683,16,17,17,16,66
4684,17,33,32,17,99
4686,16,32,17,17,82
4687,0,32,17,17,66
4688,15,34,17,17,83
4689,17,17,17,17,68
4690,17,34,36,17,104
4691,17,17,36,17,87
4692,17,36,17,16,86
4694,36,16,16,15,83
4695,17,16,16,15,64
4696,0,16,16,15,47
4697,16,15,17,18,66
4698,15,35,16,18,84
4701,0,34,83,16,133
4702,18,32,51,16,117
4703,12,20,51,16,99
4704,20,33,34,17,104
4705,17,16,34,17,84
4708,16,34,14,19,83
4710,17,33,17,17,84
4711,14,19,17,17,67
4714,17,33,15,19,84
4716,19,34,13,20,86
4718,32,20,33,16,101
4719,13,20,33,16,82
4721,17,16,16,17,66
4723,16,17,33,18,84
4724,0,17,33,18,68
4725,0,33,18,16,67
4726,17,34,48,20,119
4727,18,16,48,20,102
4728,0,16,48,20,84
4729,15,17,16,20,68
4731,36,32,18,14,100
4732,20,32,18,14,84
4733,13,19,18,14,64
4735,32,32,18,17,99
4737,16,16,18,17,67
4741,33,32,17,17,99
4742,17,32,17,17,83
4743,17,15,17,17,66
4745,0,34,17,16,67
4750,18,34,16,17,85
4753,33,32,16,16,97
4754,17,32,16,16,81
4759,0,36,17,15,68
4760,22,32,18,14,86
4761,0,32,18,14,64
4762,15,32,19,16,82
4763,18,14,19,16,67
4766,16,33,17,16,82
4768,16,33,17,17,83
4770,16,34,17,16,83
4771,0,34,17,16,67
4772,17,33,17,17,84
4773,17,16,17,17,67
4774,16,34,17,17,84
4775,34,34,16,16,100
4776,17,34,16,16,83
4777,0,34,16,16,66
4778,17,32,34,17,100
4779,16,16,34,17,83
4780,16,34,17,14,81
4783,17,14,17,16,64
4784,0,14,17,16,47
4785,17,16,18,17,68
4787,0,35,17,18,70
4788,17,35,17,16,85
4789,0,35,17,16,68
4791,0,33,16,16,65
4792,16,32,17,15,80
4793,32,32,21,13,98
4794,16,32,21,13,82
4795,0,32,21,13,66
4796,15,34,17,17,83
4797,0,34,17,17,68
4799,0,34,16,16,66
4804,19,31,17,17,84
4805,14,17,17,17,65
4806,0,17,17,17,51
4808,17,34,15,19,85
4810,17,34,84,15,150
4811,34,34,50,15,133
4814,16,32,18,15,81
4815,16,16,18,15,65
4816,16,33,18,16,83
4818,15,34,17,17,83
4820,16,34,13,20,83
4821,17,17,13,20,67
4823,13,20,17,16,66
4825,0,33,17,16,66
4826,16,33,17,16,82
4827,17,16,17,16,66
4828,16,33,34,17,100
4829,17,16,34,17,84
4831,34,33,16,18,101
4833,0,33,16,18,67
4834,32,18,15,16,81
4835,34,31,17,16,98
4836,18,31,17,16,82
4837,15,16,17,16,64
4838,69,17,16,16,118
4840,36,17,16,16,85
4841,20,17,16,16,69
4842,17,32,19,17,85
4845,0,36,13,17,66
4847,0,30,33,17,80
4849,17,16,17,16,66
4850,16,33,17,16,82
4853,33,36,15,18,102
4855,36,33,15,17,101
4856,17,33,15,17,82
4857,15,18,15,17,65
4859,0,32,35,15,82
4861,0,35,15,17,67
4862,16,32,17,17,82
4864,17,34,17,16,84
4867,17,16,16,16,65
4868,16,32,35,14,97
4870,16,35,14,20,85
4871,0,35,14,20,69
4872,17,34,16,16,83
4873,0,34,16,16,66
4874,20,32,18,16,86
4877,18,16,32,16,82
4881,16,17,18,16,67
4882,17,34,33,16,100
4883,18,16,33,16,83
4884,34,15,16,17,82
4885,18,15,16,17,66
4887,0,33,17,16,66
4888,17,33,17,17,84
4889,17,16,17,17,67
4890,16,34,20,13,83
4892,17,33,18,16,84
4893,33,34,17,17,101
4894,13,34,17,17,81
4895,34,34,16,16,100
4896,16,34,16,16,82
4898,17,32,17,15,81
4899,32,32,17,17,98
4900,33,15,17,17,82
4902,49,36,16,16,117
4903,34,36,16,16,102
4904,17,36,16,16,85
4906,19,32,16,19,86
4907,0,32,16,19,67
4909,16,19,33,15,83
4911,14,19,15,18,66
4912,19,33,16,17,85
4913,0,33,16,17,66
4914,18,33,33,16,100
4915,0,33,33,16,82
4917,17,16,16,17,66
4918,16,33,17,16,82
4919,16,17,17,16,66
4920,34,16,17,18,85
4921,17,16,17,18,68
4922,16,35,47,17,115
4923,0,35,47,17,99
4924,18,30,17,17,82
4925,0,30,17,17,64
4927,17,17,17,18,69
4930,18,32,18,17,85
4931,0,32,18,17,67
4932,16,35,15,19,85
4933,50,19,15,19,103
4934,32,19,15,19,85
4935,15,19,15,19,68
4937,15,19,13,21,68
4939,13,21,14,16,64
4940,21,30,17,16,84
4942,16,33,18,17,84
4943,0,33,18,17,68
4945,18,17,17,16,68
4946,17,33,16,18,84
4949,0,34,17,17,68
4951,0,34,13,20,67
4952,50,33,17,14,114
4954,20,33,17,14,84
4955,0,33,17,14,64
4956,19,31,19,17,86
4957,31,36,16,16,99
4958,14,36,16,16,82
4960,17,32,17,15,81
4962,16,32,16,18,82
4964,31,18,17,16,82
4965,16,18,17,16,67
4966,18,33,34,16,101
4967,17,16,34,16,83
4968,33,17,16,17,83
4969,17,17,16,17,67
4970,17,33,17,17,84
4972,17,34,16,18,85
4973,0,34,16,18,68
4974,17,34,17,16,84
4976,18,33,16,17,84
4977,0,33,16,17,66
4978,16,33,16,17,82
4980,17,33,16,17,83
4981,0,33,16,17,66
4982,17,33,16,20,86
4985,16,20,13,21,70
4987,0,34,14,16,64
4988,21,30,17,17,85
4989,14,16,17,17,64
4992,17,34,17,16,84
4996,16,31,18,19,84
4997,49,19,17,15,100
4998,31,19,17,15,82
4999,18,19,17,15,69
5000,19,32,17,14,82
5001,32,31,19,16,98
5002,15,31,19,16,81
5004,14,35,18,16,83
5006,16,34,17,16,83
5007,0,34,17,16,67
5010,16,34,17,17,84
5011,18,16,17,17,68
5013,0,34,32,16,82
5014,17,32,16,17,82
5018,17,33,17,16,83
5019,17,16,17,16,66
5020,33,16,18,16,83
5021,17,16,18,16,67
5022,16,34,0,16,66
5024,16,33,16,19,84
5025,16,17,16,19,68
5026,17,35,17,16,85
5027,16,19,17,16,68
5029,0,33,17,16,66
5032,16,33,15,16,80
5034,100,17,34,16,167
5035,84,17,34,16,151
5036,69,17,34,16,136
5038,32,17,34,16,99
5039,16,17,34,16,83
5040,17,34,16,17,84
5041,50,17,16,16,99
5042,33,17,16,16,82
5043,16,17,16,16,65
5044,17,32,18,16,83
5045,0,32,18,16,66
5048,16,34,14,19,83
5049,14,20,14,19,67
5050,20,33,14,20,87
5053,14,20,33,14,81
5054,20,33,14,16,83
5055,14,19,14,16,63
5056,19,30,18,18,85
5060,18,33,33,17,101
5061,17,16,33,17,83
5062,16,33,17,17,83
5064,16,34,14,19,83
5065,34,33,17,16,100
5066,17,33,17,16,83
5067,0,33,17,16,66
5068,36,16,48,20,120
5070,16,32,16,20,84
5073,36,30,21,13,100
5076,16,34,19,17,86
5077,21,13,19,17,70
5078,13,36,16,17,82
5079,19,17,16,17,69
5082,17,31,16,22,86
5083,0,31,16,22,69
5084,12,38,15,16,81
5085,0,38,15,16,69
5086,22,31,17,13,83
5087,15,16,17,13,61
5088,16,30,36,15,97
5095,34,35,14,16,99
5096,17,35,14,16,82
5098,19,30,17,17,83
5099,14,16,17,17,64
5102,53,30,18,16,117
5103,36,30,18,16,100
5104,16,30,18,16,80
5105,17,13,18,16,64
5108,16,36,14,17,83
5109,17,19,14,17,67
5110,33,17,18,17,85
5112,86,34,14,16,150
5114,51,34,14,16,115
5115,34,34,14,16,98
5116,16,34,14,16,80
5119,30,35,16,16,97
5120,16,35,16,16,83
5121,0,35,16,16,67
5122,17,32,18,17,84
5123,16,16,18,17,67
5124,16,35,17,16,84
5125,18,17,17,16,68
5126,34,16,16,16,82
5127,17,16,16,16,65
5128,16,32,17,16,81
5129,0,32,17,16,65
5131,17,16,17,19,69
5132,16,36,14,21,87
5137,33,32,15,19,99
5138,19,32,15,19,85
5139,15,17,15,19,66
5140,82,34,16,17,149
5141,65,34,16,17,132
5144,16,34,16,17,83
5145,18,16,16,17,67
5146,32,17,16,17,82
5148,17,33,33,16,99
5149,0,33,33,16,82
5150,34,16,16,17,83
5151,17,16,16,17,66
5152,16,33,16,21,86
5153,16,17,16,21,70
5154,17,37,14,16,84
5157,14,16,17,19,66
5158,16,36,13,19,84
5159,17,19,13,19,68
5160,19,32,33,18,102
5161,32,33,18,15,98
5162,19,33,18,15,85
5163,0,33,18,15,66
5164,16,33,18,14,81
5165,18,15,18,14,65
5167,18,14,19,15,66
5168,14,34,16,19,83
5169,34,35,15,18,102
5172,19,33,31,18,101
5176,17,35,18,17,87
5177,18,17,18,17,70
5178,17,35,33,14,99
5179,0,35,33,14,82
5181,17,16,14,17,64
5182,16,31,19,14,80
5183,14,17,19,14,64
5184,17,33,17,20,87
5185,0,33,17,20,70
5187,17,20,15,15,67
5188,20,30,17,19,86
5190,15,36,13,17,81
5191,17,19,13,17,66
5192,19,30,17,17,83
5193,13,17,17,17,64
5196,102,16,15,16,149
5197,85,16,15,16,132
5198,68,16,15,16,115
5199,52,16,15,16,99
5201,17,16,15,16,64
5202,16,31,18,16,81
5203,31,34,18,17,100
5205,0,34,18,17,69
5206,16,35,17,19,87
5207,18,17,17,19,71
5208,17,36,14,16,83
5209,0,36,14,16,66
5210,19,30,19,16,84
5211,14,16,19,16,65
5212,35,16,17,16,84
5215,0,33,17,16,66
5218,16,33,34,16,99
5219,33,34,16,17,100
5220,16,34,16,17,83
5221,0,34,16,17,67
5222,17,33,17,16,83
5223,0,33,17,16,66
5224,0,17,17,16,50
5225,33,36,14,18,101
5227,16,20,14,18,68
5230,18,34,17,16,85
5232,20,33,17,16,86
5233,17,16,17,16,66
5237,0,31,17,16,64
5239,0,33,17,17,67
5240,33,17,18,16,84
5241,17,17,18,16,68
5242,17,34,15,17,83
5244,31,17,18,17,83
5245,15,17,18,17,67
5246,0,17,18,17,52
5247,0,35,17,16,68
5248,17,33,16,16,82
5249,0,33,16,16,65
5251,0,32,17,19,68
5252,16,36,16,17,85
5253,0,36,16,17,69
5254,19,33,16,16,84
5256,17,32,16,18,83
5257,16,16,16,18,66
5258,16,34,18,16,84
5259,0,34,18,16,68
5260,18,34,17,16,85
5261,0,34,17,16,67
5262,16,33,16,16,81
5263,0,33,16,16,65
5266,33,19,17,16,85
5267,17,19,17,16,69
5268,19,33,18,13,83
5269,0,33,18,13,64
5271,18,13,18,15,64
5272,13,33,21,12,79
5273,0,33,21,12,66
5274,15,33,20,16,84
5275,21,12,20,16,69
5279,18,12,37,16,83
5280,12,37,16,18,83
5281,20,17,16,18,71
5285,13,20,16,15,64
5286,20,31,36,14,101
5287,0,31,36,14,81
5288,51,32,18,16,117
5289,36,32,18,16,102
5291,14,18,18,16,66
5292,0,18,18,16,52
5293,0,34,17,17,68
5295,17,17,13,20,67
5297,13,20,16,18,67
5298,20,34,32,17,103
5299,16,18,32,17,83
5302,36,16,17,17,86
5303,17,16,17,17,67
5304,16,34,17,14,81
5305,34,31,18,16,99
5306,17,31,18,16,82
5307,17,14,18,16,65
5308,14,34,17,16,81
5314,14,37,13,20,84
5315,0,37,13,20,70
5316,0,17,13,20,50
5317,13,20,15,16,64
5318,20,31,17,16,84
5319,15,16,17,16,64
5321,0,33,17,17,67
5322,16,34,16,18,84
5323,50,18,17,16,101
5324,33,18,17,16,84
5325,16,18,17,16,67
5327,33,34,49,14,130
5329,18,16,49,14,97
5331,0,32,17,14,63
5332,16,31,21,16,84
5333,17,14,21,16,68
5334,14,37,17,16,84
5338,16,34,16,15,81
5339,19,15,16,15,65
5340,15,31,17,20,83
5342,15,37,12,17,81
5343,17,20,12,17,66
5345,12,17,17,16,62
5346,17,33,17,20,87
5347,0,33,17,20,70
5349,0,37,17,16,70
5350,20,33,13,17,83
5351,63,33,17,17,130
5353,30,33,17,17,97
5354,17,33,17,17,84
5355,16,17,17,17,67
5356,17,34,18,15,84
5357,17,17,18,15,67
5358,17,33,33,18,101
5359,0,33,33,18,84
5360,15,33,18,16,82
5361,0,33,18,16,67
5362,17,34,17,19,87
5363,18,16,17,19,70
5365,17,19,17,16,69
5367,0,33,15,17,65
5368,16,32,19,15,82
5369,15,17,19,15,66
5370,36,15,17,16,84
5371,19,15,17,16,67
5373,17,16,18,15,66
5374,34,15,17,16,82
5375,18,15,17,16,66
5376,15,33,19,16,83
5378,16,35,33,16,100
5380,16,33,16,17,82
5381,66,31,17,20,134
5383,33,31,17,20,101
5384,17,31,17,20,85
5385,17,14,17,20,68
5387,17,20,13,20,70
5388,20,33,17,15,85
5390,20,32,16,15,83
5391,32,31,16,20,99
5394,15,36,17,15,83
5395,36,32,16,20,104
5397,17,15,16,20,68
5399,16,20,34,17,87
5401,16,18,17,13,64
5403,17,13,18,15,63
5406,15,34,16,20,85
5407,0,34,16,20,70
5408,17,36,13,19,85
5409,36,32,17,16,101
5412,19,33,17,16,85
5413,17,16,17,16,66
5414,16,33,19,15,83
5415,17,16,19,15,67
5416,16,34,17,16,83
5417,0,34,17,16,67
5418,15,33,35,15,98
5421,16,19,15,14,64
5422,19,29,19,15,82
5423,15,14,19,15,63
5424,0,14,19,15,48
5427,17,19,18,13,67
5428,19,31,33,20,103
5429,0,31,33,20,84
5432,16,36,14,21,87
5433,0,36,14,21,71
5434,16,35,15,17,83
5435,14,21,15,17,67
5437,15,17,17,14,63
5438,17,31,14,21,83
5439,17,14,14,21,66
5440,0,14,14,21,49
5441,14,21,18,16,69
5443,0,34,16,15,65
5444,16,31,16,20,83
5446,15,36,13,21,85
5447,0,36,13,21,70
5448,20,34,13,17,84
5449,34,30,16,17,97
5450,21,30,16,17,84
5451,13,17,16,17,63
5452,17,33,18,16,84
5453,16,17,18,16,67
5454,17,34,36,17,104
5455,18,16,36,17,87
5456,16,36,17,16,85
5457,16,20,17,16,69
5458,20,33,16,16,85
5459,17,16,16,16,65
5460,16,32,16,16,80
5461,0,32,16,16,64
5462,16,32,17,17,82
5463,16,16,17,17,66
5464,16,34,17,16,83
5465,17,17,17,16,67
5466,34,16,18,15,83
5468,16,33,16,17,82
5469,18,15,16,17,66
5470,15,33,16,20,84
5471,16,17,16,20,69
5472,17,36,18,12,83
5475,0,30,18,18,66
5476,12,36,31,19,98
5477,36,31,36,18,121
5478,18,31,36,18,103
5479,0,31,36,18,85
5480,17,36,18,14,85
5482,0,17,18,14,49
5483,18,14,18,21,71
5484,14,39,13,16,82
5485,0,39,13,16,68
5487,0,29,14,16,59
5489,14,16,18,18,66
5490,16,36,18,13,83
5491,0,36,18,13,67
5492,36,13,18,18,85
5493,18,13,18,18,67
5494,0,13,18,18,49
5495,18,18,14,19,69
5497,0,33,17,17,67
5498,19,34,47,17,117
5500,34,14,16,17,81
5502,14,33,17,19,83
5503,16,17,17,19,69
5504,17,36,34,16,103
5505,17,19,34,16,86
5506,19,34,16,16,85
5507,34,32,18,15,99
5508,16,32,18,15,81
5511,18,15,16,17,66
5512,15,33,35,17,100
5513,16,17,35,17,85
5514,17,35,17,13,82
5518,13,36,17,16,82
5519,17,19,17,16,69
5520,19,33,16,17,85
5522,0,16,16,17,49
5523,16,17,17,16,66
5524,17,33,16,17,83
5526,32,17,17,16,82
5531,19,13,20,15,67
5533,0,35,18,18,71
5534,15,36,15,17,83
5535,18,18,15,17,68
5536,18,32,34,16,100
5537,15,17,34,16,82
5538,17,34,16,17,84
5539,17,17,16,17,67
5540,17,33,15,17,82
5541,33,32,18,16,99
5543,15,17,18,16,66
5544,17,34,15,17,83
5547,0,32,18,16,66
5548,17,34,17,17,85
5551,17,17,14,18,66
5553,66,32,18,16,132
5555,34,32,18,16,100
5556,17,32,18,16,83
5557,16,16,18,16,66
5558,16,34,18,16,84
5559,0,34,18,16,68
5560,34,16,16,17,83
5561,18,16,16,17,67
5562,83,34,33,18,168
5563,67,34,33,18,152
5564,51,34,33,18,136
5567,17,17,33,18,85
5568,17,33,18,16,84
5570,16,34,14,20,84
5572,16,34,14,16,80
5573,0,34,14,16,64
5575,0,30,151,16,197
5576,16,35,116,16,183
5579,17,17,82,16,132
5580,48,34,17,16,115
5581,31,34,17,16,98
5582,17,34,17,16,84
5583,0,34,17,16,67
5584,17,33,18,18,86
5592,16,33,17,17,83
5594,33,17,17,16,83
5595,17,17,17,16,67
5596,17,33,17,17,84
5598,33,17,17,17,84
5599,17,17,17,17,68
5600,17,34,17,13,81
5601,51,13,37,17,118
5602,34,13,37,17,101
5603,17,13,37,17,84
5604,13,37,17,14,81
5605,20,17,17,14,68
5609,0,34,18,14,66
5610,16,32,17,18,83
5611,18,14,17,18,67
5613,17,18,17,18,70
5614,18,35,14,17,84
5615,17,18,14,17,66
5616,18,31,16,18,83
5617,0,31,16,18,65
5618,17,34,19,13,83
5619,34,32,18,18,102
5620,18,32,18,18,86
5621,0,32,18,18,68
5622,13,36,14,17,80
5623,36,31,18,18,103
5625,0,31,18,18,67
5626,17,36,16,17,86
5627,0,36,16,17,69
5628,34,17,14,19,84
5629,33,33,17,14,97
5630,17,33,17,14,81
5631,14,19,17,14,64
5632,19,31,17,17,84
5633,31,34,84,17,166
5634,48,34,50,17,149
5635,34,34,50,17,135
5637,0,34,50,17,101
5638,17,33,34,18,102
5639,17,16,34,18,85
5640,16,34,18,16,84
5641,0,34,18,16,68
5642,17,34,17,16,84
5643,0,34,17,16,67
5644,16,33,16,15,80
5645,17,16,16,15,64
5646,16,31,34,17,98
5647,16,15,34,17,82
5648,15,34,17,16,82
5650,16,33,17,16,82
5651,17,16,17,16,66
5652,16,33,20,13,82
5653,0,33,20,13,66
5654,16,33,18,17,84
5655,0,33,18,17,68
5656,31,17,17,17,82
5659,0,34,33,17,84
5661,17,16,17,16,66
5663,17,16,19,16,68
5664,16,35,16,14,81
5666,16,30,17,20,83
5667,47,20,13,20,100
5668,31,20,13,20,84
5669,17,20,13,20,70
5671,0,33,52,15,100
5673,15,16,21,15,67
5674,16,36,14,16,82
5675,21,15,14,16,66
5677,0,30,17,16,63
5678,16,33,17,17,83
5679,17,16,17,17,67
5680,33,17,18,17,85
5682,17,35,33,18,103
5684,17,33,18,16,84
5686,16,34,16,17,83
5687,18,16,16,17,67
5689,16,17,17,17,67
5690,17,34,17,16,84
5691,0,34,17,16,67
5692,17,33,15,18,83
5693,17,16,15,18,66
5695,15,18,16,16,65
5697,16,16,18,16,66
5698,16,34,18,16,84
5700,16,34,17,16,83
5701,18,16,17,16,67
5702,33,16,17,16,82
5703,17,16,17,16,66
5706,32,17,34,17,100
5707,33,34,17,17,101
5708,17,34,17,17,85
5710,17,34,17,14,82
5711,17,17,17,14,65
5712,17,31,17,17,82
5715,0,34,17,15,66
5716,17,32,20,17,86
5717,32,37,17,16,102
5718,15,37,17,16,85
5721,17,16,18,13,64
5723,0,31,17,19,67
5724,81,32,16,21,150
5726,83,37,13,17,150
5727,64,37,13,17,131
5728,115,34,17,17,183
5730,82,34,17,17,150
5731,67,34,17,17,135
5733,30,34,17,17,98
5734,17,34,17,17,85
5736,17,34,14,17,82
5737,0,34,14,17,65
5739,31,36,17,15,99
5741,0,36,17,15,68
5742,20,32,18,17,87
5743,17,15,18,17,67
5744,15,35,17,16,83
5745,18,17,17,16,68
5747,17,16,14,20,67
5748,16,34,17,16,83
5749,0,34,17,16,67
5750,20,33,16,16,85
5751,33,32,18,16,99
5752,48,34,18,14,114
5753,32,34,18,14,98
5754,16,34,18,14,82
5755,0,34,18,14,66
5758,14,33,19,16,82
5759,16,17,19,16,68
5760,17,35,17,16,85
5761,19,16,17,16,68
5762,33,16,15,20,84
5763,17,16,15,20,68
5765,15,20,16,16,67
5766,20,32,17,16,85
5767,0,32,17,16,65
5769,0,33,20,13,66
5770,16,33,34,16,99
5771,20,13,34,16,83
5772,13,34,16,17,80
5773,18,16,16,17,67
5774,16,33,17,17,83
5775,33,34,17,16,100
5776,17,34,17,16,84
5777,0,34,17,16,67
5778,17,33,17,19,86
5779,0,33,17,19,69
5781,17,19,15,17,68
5782,19,32,14,19,84
5783,0,32,14,19,65
5784,17,33,16,17,83
5785,14,19,16,17,66
5786,19,33,15,18,85
5788,17,33,14,17,81
5789,0,33,14,17,64
5790,0,18,14,17,49
5791,82,16,18,17,133
5793,51,16,18,17,102
5794,32,16,18,17,83
5795,15,16,18,17,66
5796,16,35,17,17,85
5797,0,35,17,17,69
5798,17,34,14,17,82
5799,17,17,14,17,65
5803,36,31,18,16,101
5804,34,17,18,16,85
5805,14,17,18,16,65
5806,0,17,18,16,51
5807,34,34,16,19,103
5809,18,16,16,19,69
5813,0,30,17,16,63
5814,17,33,18,16,84
5815,17,16,18,16,67
5816,34,16,18,16,84
5817,18,16,18,16,68
5819,18,16,21,12,67
5820,16,33,18,17,84
5821,21,12,18,17,68
5825,0,32,17,17,66
5826,15,34,18,13,80
5827,17,17,18,13,65
5828,17,31,17,20,85
5832,20,30,19,15,84
5833,0,30,19,15,64
5834,51,37,16,15,119
5835,34,37,16,15,102
5836,15,37,16,15,83
5838,35,15,48,19,117
5840,15,32,35,17,99
5841,0,32,35,17,84
5842,15,35,17,17,84
5844,19,34,14,17,84
5847,31,36,17,16,100
5848,17,36,17,16,86
5849,16,20,17,16,69
5850,20,33,17,14,84
5852,33,14,17,16,80
5853,17,14,17,16,64
5854,14,33,17,16,80
5855,17,16,17,16,66
5856,16,33,17,16,82
5857,17,16,17,16,66
5859,17,16,17,17,67
5860,16,34,33,17,100
5862,17,33,17,18,85
5863,0,33,17,18,68
5864,16,35,17,17,85
5865,0,35,17,17,69
5866,18,34,17,16,85
5867,0,34,17,16,67
5868,17,33,14,17,81
5869,17,16,14,17,64
5870,16,31,20,15,82
5871,14,17,20,15,66
5872,37,15,18,17,87
5873,35,35,33,14,117
5874,15,35,33,14,97
5875,18,17,33,14,82
5876,17,33,14,20,84
5877,0,33,14,20,67
5880,20,30,18,17,85
5881,13,17,18,17,65
5882,17,35,17,16,85
5884,17,33,16,16,82
5885,17,16,16,16,65
5887,0,32,20,14,66
5888,16,34,17,15,82
5890,14,32,17,18,81
5892,15,35,18,16,84
5895,18,16,18,17,69
5896,16,35,15,16,82
5897,0,35,15,16,66
5898,83,33,17,16,149
5899,66,33,17,16,132
5900,51,33,17,16,117
5901,35,33,17,16,101
5902,17,33,17,16,83
5903,0,33,17,16,66
5904,34,16,16,17,83
5906,32,17,17,16,82
5908,17,33,18,16,84
5909,0,33,18,16,67
5910,34,16,18,13,81
5911,18,16,18,13,65
5915,17,17,20,14,68
5916,17,34,17,22,90
5917,20,14,17,22,73
5918,14,39,13,16,82
5919,17,22,13,16,68
5920,22,29,18,16,85
5921,13,16,18,16,63
5922,16,34,14,19,83
5923,18,16,14,19,67
5924,16,33,32,17,98
5925,33,32,17,16,98
5927,0,32,17,16,65
5928,16,33,18,16,83
5930,16,34,17,15,82
5931,18,16,17,15,66
5932,16,32,18,16,82
5934,15,34,17,17,83
5935,18,16,17,17,68
5937,17,17,33,16,83
5939,19,14,16,17,66
5941,16,17,83,17,133
5942,0,17,83,17,117
5943,0,34,49,17,100
5944,17,33,16,17,83
5945,17,16,16,17,66
5946,16,33,33,17,99
5947,16,17,33,17,83
5948,17,33,17,16,83
5949,0,33,17,16,66
5950,16,33,17,17,83
5951,0,33,17,17,67
5953,0,34,15,20,69
5954,17,35,17,16,85
5955,0,35,17,16,68
5956,20,33,16,18,87
5958,16,34,16,15,81
5960,18,31,18,16,83
5962,33,16,33,17,99
5963,18,16,33,17,84
5965,18,15,17,18,68
5966,15,35,20,18,88
5967,17,18,20,18,73
5970,18,27,17,16,78
5971,0,27,17,16,60
5972,17,33,18,16,84
5973,33,34,17,16,100
5974,16,34,17,16,83
5975,18,16,17,16,67
5977,0,33,17,16,66
5978,16,33,18,14,81
5979,17,16,18,14,65
5980,16,32,19,17,84
5981,18,14,19,17,68
5982,0,14,19,17,50
5983,36,32,51,16,135
5984,17,32,51,16,116
5988,17,32,17,16,82
5990,16,33,18,16,83
5991,33,34,16,16,99
5992,16,34,16,16,82
5995,16,16,86,13,131
5998,20,32,17,13,82
