序号,发送->接收,接收->转发,转发->接收,接收->处理,总计
2,64,34,67,16,181
3,51,34,67,16,168
4,66,34,66,18,184
5,84,33,64,18,199
7,66,17,64,18,165
8,67,33,65,17,182
9,67,17,65,17,166
11,68,13,68,18,167
12,51,13,68,18,150
13,82,34,67,17,200
14,65,34,67,17,183
16,68,35,66,16,185
17,85,32,67,18,202
20,67,34,67,17,185
21,66,17,67,17,167
22,66,33,67,18,184
23,84,34,65,17,200
24,67,34,65,17,183
25,68,16,65,17,166
26,67,33,65,20,185
27,68,16,65,20,169
30,65,33,69,17,184
31,65,16,69,17,167
33,67,16,75,6,164
35,67,18,65,17,167
36,69,42,74,16,201
39,60,23,67,17,167
40,65,34,67,16,182
41,65,17,67,16,165
42,74,16,67,17,174
43,68,16,67,17,168
44,67,34,66,16,183
45,67,17,66,16,166
46,67,33,68,14,182
47,83,33,68,17,201
48,67,33,68,17,185
49,83,35,65,16,199
50,66,35,65,16,182
52,68,33,65,22,188
53,65,19,65,22,171
55,69,15,68,18,170
56,65,33,68,18,184
57,67,17,68,18,170
58,65,35,64,17,181
59,83,33,83,17,216
61,70,15,83,17,185
64,64,36,65,18,183
66,83,17,69,15,184
67,82,32,68,23,205
68,69,32,68,23,192
70,65,37,64,17,183
71,86,31,68,15,200
73,52,31,68,15,166
74,68,33,66,16,183
75,73,10,66,16,165
76,64,35,65,15,179
77,66,18,65,15,164
78,68,31,68,15,182
80,66,34,66,17,183
81,83,34,66,17,200
83,84,32,67,18,201
86,66,34,67,17,184
87,68,17,67,17,169
89,68,16,67,16,167
90,67,34,67,17,185
91,68,16,67,17,168
92,67,33,66,16,182
94,67,34,65,17,183
95,83,32,67,16,198
97,67,15,67,16,165
100,65,34,67,15,181
101,82,34,68,15,199
102,67,34,68,15,184
103,67,18,68,15,168
106,67,35,65,17,184
107,66,20,65,17,168
108,68,32,66,16,182
109,66,17,66,16,165
110,67,33,67,17,184
111,68,17,67,17,169
112,65,33,66,17,181
115,66,18,67,15,166
117,67,15,69,14,165
118,66,35,65,17,183
119,67,18,65,17,167
120,67,34,65,17,183
121,65,19,65,17,166
123,66,17,51,17,151
127,68,17,82,17,184
128,51,17,82,17,167
129,67,21,62,16,166
130,84,16,67,16,183
131,67,16,67,16,166
132,82,17,67,17,183
133,66,17,67,17,167
135,65,18,66,17,166
136,67,33,67,16,183
137,67,17,67,16,167
138,67,33,66,18,184
140,66,34,66,16,182
141,67,17,66,16,166
142,67,32,67,21,187
143,66,16,67,21,170
144,66,34,68,15,183
146,66,33,66,19,184
151,67,16,69,17,169
152,66,36,66,17,185
153,64,17,66,17,164
154,67,33,65,17,182
156,69,33,67,14,183
157,67,16,67,14,164
158,66,32,67,17,182
159,68,15,67,17,167
161,83,32,50,17,182
162,67,32,50,17,166
163,64,18,50,17,149
164,67,34,66,16,183
165,67,17,66,16,166
166,66,33,66,17,182
167,68,17,66,17,168
169,66,17,68,17,168
170,66,33,67,16,182
171,83,35,65,16,199
172,66,35,65,16,182
173,67,18,65,16,166
175,69,15,67,15,166
176,67,33,84,16,200
177,66,17,84,16,183
181,66,17,69,16,168
182,84,16,67,17,184
183,68,16,67,17,168
185,69,17,66,16,168
186,69,32,68,17,186
189,66,17,65,17,165
190,66,34,66,17,183
191,66,18,66,17,167
192,68,31,69,15,183
193,68,14,69,15,166
194,65,35,67,15,182
196,66,34,66,17,183
198,69,33,65,16,183
199,67,18,65,16,166
201,83,32,67,18,200
203,68,15,67,18,168
204,65,34,66,17,182
205,66,18,66,17,167
206,84,15,67,15,181
207,67,15,67,15,164
208,67,33,67,16,183
209,69,15,67,16,167
210,66,34,67,18,185
211,65,17,67,18,167
212,67,33,52,15,167
214,67,34,66,17,184
216,67,33,70,14,184
220,66,37,81,17,201
221,65,20,81,17,183
223,67,17,82,18,184
224,68,32,68,16,184
225,67,16,68,16,167
226,81,17,66,17,181
228,82,18,66,17,183
229,66,18,66,17,167
231,66,17,66,18,167
232,66,33,66,17,182
234,66,33,67,15,181
235,83,33,67,17,200
237,82,34,67,16,199
239,66,17,67,16,166
241,64,18,67,17,166
242,67,34,82,18,201
243,84,33,67,17,201
245,68,17,67,17,169
246,67,32,69,16,184
247,67,15,69,16,167
249,66,18,66,16,166
251,67,17,65,17,166
254,66,33,67,18,184
255,82,34,66,17,199
256,65,34,66,17,182
257,83,33,67,17,200
258,67,33,67,17,184
260,67,33,68,18,186
263,67,17,52,15,151
264,67,34,82,16,199
265,83,33,65,18,199
267,69,15,65,18,167
269,65,17,67,18,167
270,82,16,68,16,182
271,80,34,67,16,197
272,65,34,67,16,182
274,67,34,68,15,184
277,66,17,67,17,167
278,67,35,82,17,201
280,68,32,67,15,182
281,67,17,67,15,166
282,67,33,66,17,183
283,68,16,66,17,167
284,82,17,66,17,182
285,67,17,66,17,167
289,83,33,67,17,200
290,66,33,67,17,183
293,69,15,66,18,168
294,67,33,68,15,183
295,67,16,68,15,166
296,67,33,68,15,183
297,81,35,82,17,215
298,66,35,82,17,200
299,84,33,66,17,200
301,66,18,66,17,167
302,68,32,68,16,184
303,65,17,68,16,166
306,66,34,65,16,181
309,67,17,65,18,167
310,67,32,67,17,183
311,82,33,68,16,199
312,65,33,68,16,182
313,82,34,66,20,202
314,65,34,66,20,185
315,68,16,66,20,170
318,68,32,67,17,184
319,66,16,67,17,166
320,66,34,50,17,167
321,83,33,84,18,218
322,66,33,84,18,201
324,67,34,85,15,201
325,64,17,85,15,181
326,67,33,67,18,185
327,66,16,67,18,167
328,84,18,66,17,185
329,67,18,66,17,168
331,68,15,67,18,168
333,68,16,65,18,167
334,66,33,68,15,182
335,82,32,69,15,198
337,67,14,69,15,165
339,66,18,65,17,166
343,66,17,67,17,167
344,65,33,66,17,181
345,67,16,66,17,166
346,65,34,66,17,182
347,67,17,66,17,167
348,67,32,67,17,183
350,66,34,68,16,184
351,66,17,68,16,167
354,67,35,65,17,184
355,67,18,65,17,167
358,68,32,68,18,186
360,65,35,65,16,181
362,67,33,83,16,199
365,69,14,67,17,167
366,65,34,68,16,183
367,83,33,68,16,200
369,81,35,66,16,198
372,68,33,67,15,183
373,67,17,67,15,166
374,68,33,67,18,186
375,84,34,67,14,199
376,66,34,67,14,181
377,66,18,67,14,165
378,67,33,66,16,182
381,69,16,64,19,168
382,67,32,66,19,184
385,64,16,69,15,164
386,64,34,66,17,181
390,69,31,67,18,185
393,64,18,67,15,164
394,66,32,68,17,183
397,68,17,65,17,167
398,67,33,68,14,182
401,82,36,82,17,217
402,65,36,82,17,200
403,67,19,82,17,185
404,68,33,66,16,183
405,65,19,66,16,166
406,69,33,66,17,185
407,66,19,66,17,168
409,68,17,65,17,167
410,66,33,67,16,182
412,66,32,67,17,182
413,67,15,67,17,166
415,66,18,66,17,167
416,67,32,68,15,182
417,66,16,68,15,165
418,67,34,67,15,183
419,84,34,65,17,200
420,66,34,65,17,182
421,67,17,65,17,166
422,68,33,65,17,183
424,67,32,68,16,183
425,65,17,68,16,166
427,67,16,68,16,167
429,67,18,67,17,169
430,68,33,66,17,184
431,84,34,65,18,201
433,67,18,65,18,168
434,67,32,68,16,183
435,68,15,68,16,167
437,67,16,68,16,167
438,65,35,66,16,182
439,66,17,66,16,165
442,68,33,66,21,188
444,66,33,67,17,183
445,83,33,66,18,200
446,66,33,66,18,183
447,67,16,66,18,167
448,66,34,66,16,182
450,67,32,68,17,184
451,67,15,68,17,167
453,79,34,67,16,196
456,68,34,65,17,184
457,67,17,65,17,166
460,67,32,68,16,183
461,66,16,68,16,166
462,65,36,81,17,199
463,67,19,81,17,184
464,68,32,82,17,199
467,67,18,65,19,169
468,81,17,67,16,181
469,66,17,67,16,166
470,82,17,68,17,184
471,66,17,68,17,168
472,65,34,68,16,183
473,69,15,68,16,168
474,67,34,65,17,183
475,67,18,65,17,167
476,68,34,65,17,184
477,83,31,51,16,181
478,68,31,51,16,166
479,68,15,51,16,150
480,65,34,68,16,183
482,65,33,66,17,181
483,66,16,66,17,165
484,67,35,66,17,185
485,68,17,66,17,168
486,68,31,67,17,183
488,66,35,68,15,184
490,66,32,67,16,181
492,67,36,65,17,185
493,67,19,65,17,168
494,83,16,68,17,184
495,66,16,68,17,167
497,66,18,66,19,169
499,67,17,65,18,167
500,68,32,68,15,183
502,66,33,67,18,184
503,68,14,67,18,167
504,65,35,66,16,182
506,68,32,68,15,183
508,67,34,66,18,185
509,67,16,66,18,167
511,67,18,66,16,167
514,66,34,66,16,182
515,68,16,66,16,166
516,66,34,83,17,200
517,67,18,83,17,185
518,68,32,68,15,183
519,65,17,68,15,165
523,68,17,64,18,167
524,68,34,66,17,185
525,52,34,66,17,169
526,68,30,69,17,184
527,66,15,69,17,167
528,64,36,65,19,184
529,85,33,66,16,200
531,68,16,66,16,166
532,69,32,50,17,168
533,68,15,50,17,150
534,65,34,68,17,184
536,66,33,67,15,181
538,50,17,67,15,149
539,66,17,82,17,182
541,69,15,67,16,167
542,67,34,67,17,185
544,82,17,68,16,183
545,65,17,68,16,166
546,67,34,65,17,183
548,67,34,66,17,184
552,65,35,65,17,182
553,65,18,65,17,165
554,66,32,68,15,181
555,82,33,69,14,198
556,67,33,69,14,183
558,65,35,66,16,182
559,65,18,66,16,165
560,68,34,66,16,184
563,66,18,67,18,169
565,67,18,65,18,168
566,66,33,67,16,182
567,68,17,67,16,168
568,67,32,67,18,184
569,69,14,67,18,168
570,65,35,67,15,182
571,67,17,67,15,166
574,67,35,65,18,185
575,67,17,65,18,167
576,67,33,67,15,182
577,66,18,67,15,166
578,68,32,68,16,184
579,66,16,68,16,166
581,68,17,65,18,168
582,67,33,65,17,182
583,66,18,65,17,166
584,68,32,50,18,168
587,83,35,64,19,201
588,65,35,64,19,183
589,66,18,64,19,167
590,50,18,64,19,151
591,67,15,67,18,167
594,64,35,66,17,182
595,82,33,67,18,200
596,67,33,67,18,185
597,68,15,67,18,168
598,68,33,52,15,168
599,66,16,52,15,149
600,66,34,67,16,183
601,65,17,67,16,165
603,68,15,68,16,167
604,52,15,68,16,151
605,67,17,67,17,168
606,67,34,64,19,184
607,83,33,67,16,199
608,68,33,67,16,184
609,67,17,67,16,167
610,67,31,69,16,183
612,64,36,65,17,182
613,67,17,65,17,166
614,67,33,65,17,182
615,66,17,65,17,165
616,69,32,68,15,184
619,82,35,82,17,216
620,65,35,82,17,199
622,68,34,65,18,185
624,69,32,69,13,183
626,82,17,66,16,181
627,67,17,66,16,166
628,65,36,81,17,199
630,69,30,68,17,184
631,66,17,68,17,168
632,66,34,67,16,183
633,64,18,67,16,165
636,68,33,66,17,184
638,51,16,66,17,150
639,66,18,82,18,184
640,67,32,68,16,183
641,82,35,66,17,200
642,66,35,66,17,184
643,67,18,66,17,168
645,66,18,65,19,168
646,68,33,66,16,183
647,51,33,66,16,166
649,68,15,68,17,168
650,65,34,68,17,184
653,83,34,65,18,200
655,66,17,65,18,166
656,68,32,68,16,184
658,66,33,68,16,183
660,65,35,66,18,184
661,83,33,65,18,199
662,68,33,65,18,184
666,66,32,68,17,183
667,68,14,68,17,167
668,65,33,68,18,184
669,67,15,68,18,168
672,68,33,67,17,185
674,68,33,67,16,184
676,51,15,67,16,149
677,66,17,66,18,167
678,67,33,68,15,183
679,66,16,68,15,165
680,67,33,67,16,183
684,68,32,66,17,183
686,67,33,68,17,185
687,82,33,68,16,199
688,65,33,68,16,182
690,66,35,65,17,183
691,67,18,65,17,167
692,68,33,67,15,183
693,69,16,67,15,167
694,68,32,66,18,184
695,67,16,66,18,167
698,67,31,52,17,167
699,66,16,52,17,151
700,66,35,67,16,184
701,67,17,67,16,167
702,83,17,65,17,182
703,68,17,65,17,167
705,66,18,67,16,167
707,66,16,67,17,166
708,65,35,65,17,182
709,85,32,66,19,202
710,67,32,66,19,184
714,65,33,68,18,184
717,84,33,66,16,199
718,68,33,66,16,183
719,68,16,66,16,166
720,68,33,67,17,185
721,67,15,67,17,166
722,66,33,66,17,182
723,65,17,66,17,165
724,66,34,65,17,182
725,82,32,68,16,198
726,67,32,68,16,183
728,66,33,69,16,184
729,83,35,68,14,200
730,65,35,68,14,182
731,65,18,68,14,165
732,68,34,66,17,185
734,69,34,65,17,185
735,68,18,65,17,168
737,66,18,66,18,168
738,66,33,67,17,183
739,67,16,67,17,167
741,68,16,51,17,152
742,66,34,67,15,182
743,67,16,67,15,165
744,67,34,66,16,183
745,67,17,66,16,166
746,51,17,66,16,150
747,65,18,66,16,165
748,67,33,67,15,182
749,83,33,68,14,198
751,67,17,68,14,166
753,67,18,84,16,185
754,67,34,66,17,184
755,66,19,66,17,168
757,66,18,66,18,168
758,84,16,65,18,183
759,69,16,65,18,168
760,66,32,69,14,181
761,69,15,69,14,167
762,66,33,66,17,182
764,65,36,64,17,182
766,69,30,69,17,185
768,66,34,68,17,185
769,82,35,65,20,202
770,64,35,65,20,184
771,67,18,65,20,170
772,69,33,66,18,186
774,68,32,68,17,185
776,65,34,68,17,184
777,68,14,68,17,167
778,66,34,66,16,182
779,83,34,65,18,200
780,68,34,65,18,185
783,67,15,67,17,166
784,66,33,66,19,184
785,82,34,67,16,199
786,65,34,67,16,182
787,66,16,67,16,165
788,67,32,67,19,185
789,68,15,67,19,169
790,66,35,66,16,183
791,83,32,69,17,201
793,66,16,69,17,168
794,67,34,67,17,185
795,67,15,67,17,166
796,66,35,65,18,184
797,66,19,65,18,168
798,69,32,67,15,183
800,67,33,68,15,183
801,68,16,68,15,167
803,82,34,64,19,199
804,67,34,64,19,184
805,65,19,64,19,167
806,68,32,66,18,184
808,66,32,52,17,167
809,68,15,52,17,152
810,64,34,68,18,184
812,66,35,66,17,184
814,69,33,50,18,170
816,68,33,85,12,198
817,68,15,85,12,180
818,66,35,62,19,182
819,67,18,62,19,166
820,50,18,62,19,149
822,85,12,72,16,185
823,68,12,72,16,168
825,66,17,67,18,168
826,65,36,65,17,183
827,66,18,65,17,166
828,72,31,66,18,187
830,67,34,67,17,185
831,67,16,67,17,167
832,65,32,67,16,180
833,66,15,67,16,164
836,67,32,66,18,183
837,67,15,66,18,166
839,65,17,69,16,167
840,82,16,69,15,182
843,68,18,64,18,168
844,69,33,65,18,185
845,68,17,65,18,168
847,66,16,67,19,168
848,64,34,67,19,184
850,65,33,67,17,182
851,68,15,67,17,167
852,52,15,67,17,151
854,52,15,66,18,151
855,68,14,67,18,167
858,66,34,67,16,183
859,81,33,68,18,200
860,67,33,68,18,186
861,68,15,68,18,169
862,67,34,67,16,184
863,68,15,67,16,166
864,67,34,66,17,184
866,68,33,66,18,185
867,82,33,66,17,198
868,67,33,66,17,183
870,66,33,68,16,183
871,81,33,67,18,199
872,66,33,67,18,184
873,68,15,67,18,168
875,66,18,65,18,167
876,68,32,68,16,184
877,66,16,68,16,166
879,83,35,65,16,199
881,84,31,69,16,200
883,66,15,69,16,166
885,66,16,67,17,166
887,65,19,65,16,165
888,69,32,68,15,184
889,67,16,68,15,166
891,68,16,67,18,169
893,65,19,64,17,165
894,68,32,68,15,183
897,69,14,69,15,167
898,64,36,66,15,181
902,69,33,51,15,168
903,67,18,51,15,151
904,66,33,66,16,181
905,66,18,66,16,166
906,84,15,68,16,183
908,51,15,68,16,150
913,67,16,65,19,167
914,67,34,68,15,184
915,68,17,68,15,168
916,66,31,52,16,165
917,67,14,52,16,149
921,66,16,67,16,165
922,52,16,67,16,151
923,67,16,67,17,167
925,68,15,68,14,165
926,67,34,66,18,185
927,83,34,66,17,200
928,67,34,66,17,184
929,66,17,66,17,166
930,68,32,67,16,183
931,66,18,67,16,167
932,66,34,67,18,185
935,69,16,52,16,153
936,67,34,84,16,201
939,68,16,81,18,183
940,52,16,81,18,167
942,84,16,66,16,182
944,81,18,65,17,181
945,69,18,65,17,169
946,67,33,67,18,185
948,66,32,53,14,165
949,67,16,53,14,150
950,65,35,67,15,182
951,65,18,67,15,165
954,53,14,68,15,150
955,68,17,67,15,167
956,67,33,68,14,182
957,64,18,68,14,164
958,68,34,67,17,186
960,67,34,64,18,183
962,68,33,65,17,183
963,67,19,65,17,168
964,67,31,69,14,181
965,69,14,69,14,166
966,64,34,67,18,183
967,68,16,67,18,169
968,65,35,65,16,181
969,83,32,67,15,197
970,69,32,67,15,183
971,65,18,67,15,165
973,68,15,67,18,168
974,65,34,65,19,183
978,67,32,68,16,183
980,65,36,84,15,200
983,65,17,67,18,167
984,68,33,69,15,185
986,84,15,65,17,181
989,69,17,64,17,167
990,69,30,51,16,166
991,80,34,69,15,198
992,65,34,69,15,183
993,81,33,67,17,198
994,64,33,67,17,181
995,66,16,67,17,166
996,51,16,67,17,151
999,67,16,67,16,166
1001,81,34,66,17,198
1002,64,34,66,17,181
1003,83,34,66,18,201
1005,66,18,66,18,168
1006,68,32,69,16,185
1007,70,14,69,16,169
1008,66,34,66,17,183
1010,66,35,80,20,201
1012,69,31,83,19,202
1013,68,15,83,19,185
1014,66,33,69,15,183
1015,65,16,69,15,165
1016,80,20,64,17,181
1017,64,20,64,17,165
1018,83,19,66,16,184
1019,66,19,66,16,167
1020,69,31,68,16,184
1022,64,35,65,17,181
1023,67,18,65,17,167
1024,66,33,67,16,182
1025,67,17,67,16,167
1026,68,32,67,17,184
1027,67,16,67,17,167
1028,65,35,67,16,183
1029,66,18,67,16,167
1030,67,32,69,15,183
1031,67,16,69,15,167
1032,67,35,66,16,184
1033,85,34,83,16,218
1034,67,34,83,16,200
1035,67,18,83,16,184
1036,51,18,83,16,168
1037,67,17,83,18,185
1038,66,33,68,15,182
1039,66,17,68,15,166
1040,83,16,65,17,181
1041,68,16,65,17,166
1042,83,18,65,17,183
1043,67,18,65,17,167
1046,65,34,68,16,183
1048,65,33,68,15,181
1049,67,16,68,15,166
1051,66,19,67,16,168
1052,68,33,66,17,184
1053,67,17,66,17,167
1054,68,34,65,16,183
1055,67,19,65,16,167
1056,67,32,67,17,183
1057,67,16,67,17,167
1061,65,18,66,16,165
1062,67,32,68,16,183
1064,66,34,69,16,185
1066,66,34,67,15,182
1068,68,35,81,19,203
1069,67,19,81,19,186
1070,69,32,68,15,184
1071,69,16,68,15,168
1072,51,16,68,15,150
1074,81,19,65,16,181
1075,84,31,66,19,200
1076,68,31,66,19,184
1078,66,34,51,14,165
1079,67,17,51,14,149
1080,65,32,67,17,181
1082,66,33,69,15,183
1083,68,14,69,15,166
1084,51,14,69,15,149
1085,66,17,67,18,168
1086,67,35,65,18,185
1087,83,32,66,17,198
1088,69,32,66,17,184
1090,67,33,67,16,183
1094,66,34,67,17,184
1095,65,17,67,17,166
1096,67,34,66,18,185
1098,68,33,67,16,184
1101,68,16,66,18,168
1102,66,34,67,17,184
1103,68,16,67,17,168
1104,67,32,68,16,183
1105,66,16,68,16,166
1106,66,35,65,18,184
1107,66,17,65,18,166
1108,67,33,66,18,184
1109,68,16,66,18,168
1110,68,32,67,18,185
1113,66,16,66,19,167
1114,66,33,52,14,165
1115,68,15,52,14,149
1116,67,33,67,18,185
1117,67,15,67,18,167
1119,67,14,68,17,166
1120,52,14,68,17,151
1121,67,15,68,16,166
1122,67,34,66,17,184
1123,82,34,66,16,198
1124,68,34,66,16,184
1125,83,32,68,17,200
1126,68,32,68,17,185
1128,66,34,66,17,183
1129,66,17,66,17,166
1130,66,34,65,19,184
1133,68,15,68,17,168
1134,51,15,68,17,151
1135,83,35,67,16,201
1137,83,33,67,16,199
1139,68,16,67,16,167
1140,68,34,66,16,184
1142,67,33,65,18,183
1143,66,17,65,18,166
1144,50,17,65,18,150
1145,67,17,66,17,167
1146,66,32,67,18,183
1147,82,34,51,17,184
1154,68,33,67,16,184
1157,67,17,66,17,167
1158,67,33,65,18,183
1159,67,17,65,18,167
1160,67,33,66,17,183
1161,66,17,66,17,166
1164,65,34,67,16,182
1168,67,34,67,16,184
1171,66,17,67,17,167
1173,67,16,66,17,166
1176,67,33,50,16,166
1177,82,32,86,16,216
1178,66,32,86,16,200
1179,82,34,68,15,199
1180,65,34,68,15,182
1182,66,33,68,16,183
1183,66,16,68,16,166
1185,68,16,67,16,167
1187,66,18,68,15,167
1189,83,34,66,15,198
1191,68,18,66,15,167
1192,68,32,83,17,200
1193,67,17,83,17,184
1195,66,18,66,16,166
1196,66,33,67,17,183
1197,66,18,67,17,168
1198,83,17,67,17,184
1199,67,17,67,17,168
1201,67,18,68,15,168
1202,67,33,67,15,182
1203,84,35,82,15,216
1204,67,35,82,15,199
1205,68,18,82,15,183
1206,68,32,65,18,183
1208,67,33,66,16,182
1209,65,18,66,16,165
1210,82,15,66,18,181
1211,82,34,50,17,183
1213,68,16,50,17,151
1216,66,35,67,16,184
1217,66,17,67,16,166
1218,50,17,67,16,150
1219,69,15,66,18,168
1220,68,34,67,16,185
1221,66,18,67,16,167
1223,81,35,66,16,198
1224,66,35,66,16,183
1225,85,35,64,16,200
1226,67,35,64,16,182
1228,70,31,67,17,185
1229,52,31,67,17,167
1230,66,33,51,15,165
1231,83,34,83,16,216
1232,64,34,83,16,197
1233,67,18,83,16,184
1235,68,15,67,17,167
1236,51,15,67,17,150
1239,66,16,68,17,167
1240,67,34,66,18,185
1242,66,34,66,16,182
1243,84,32,67,16,199
1244,68,32,67,16,183
1245,68,15,67,16,166
1246,66,34,66,17,183
1247,68,16,66,17,167
1249,65,17,66,18,166
1250,67,33,67,16,183
1251,65,17,67,16,165
1252,66,33,68,16,183
1253,67,16,68,16,167
1257,66,18,65,18,167
1258,68,34,65,16,183
1259,66,18,65,16,165
1260,68,31,69,17,185
1263,67,16,67,17,167
1264,65,35,64,18,182
1265,65,19,64,18,166
1266,69,32,67,15,183
1267,68,15,67,15,165
1268,67,32,72,13,184
1269,68,15,72,13,168
1270,64,35,65,18,182
1273,65,22,64,15,166
1274,72,28,67,18,185
1277,86,31,69,15,201
1278,64,31,69,15,179
1281,67,16,67,16,166
1283,67,18,66,18,169
1284,69,32,66,18,185
1285,66,17,66,18,167
1286,67,34,66,17,184
1287,66,18,66,17,167
1288,66,32,67,18,183
1289,69,14,67,18,168
1293,65,16,68,17,166
1297,84,33,83,16,216
1298,68,33,83,16,200
1299,67,16,83,16,182
1300,68,34,65,18,185
1301,65,19,65,18,167
1302,82,17,67,18,184
1303,65,17,67,18,167
1304,83,16,68,17,184
1306,65,34,65,18,182
1307,68,16,65,18,167
1309,84,31,68,16,199
1310,68,31,68,16,183
1311,81,34,69,16,200
1316,68,35,64,17,184
1317,66,19,64,17,166
1318,69,32,67,16,184
1319,83,32,68,18,201
1322,64,35,67,16,182
1323,83,33,66,17,199
1325,66,17,66,17,166
1327,69,16,67,15,167
1328,67,32,68,15,182
1330,66,35,82,17,200
1331,83,33,82,18,216
1332,67,33,82,18,200
1335,66,17,68,16,167
1336,82,17,69,13,181
1337,67,17,69,13,166
1338,82,18,67,16,183
1339,67,18,67,16,168
1340,68,35,62,20,185
1341,67,19,62,20,168
1343,66,19,67,14,166
1344,67,30,51,17,165
1346,62,37,65,18,182
1347,69,17,65,18,169
1348,67,31,68,17,183
1349,65,17,68,17,167
1350,51,17,68,17,153
1352,65,34,82,19,200
1354,68,33,84,16,201
1355,66,16,84,16,182
1356,67,33,67,16,183
1357,65,17,67,16,165
1359,65,19,64,18,166
1360,84,16,66,17,183
1361,68,16,66,17,167
1362,67,32,67,17,183
1364,64,34,68,16,182
1366,66,33,69,15,183
1367,67,16,69,15,167
1368,67,35,67,15,184
1369,66,18,67,15,166
1371,85,33,66,16,200
1373,67,18,66,16,167
1374,67,32,66,18,183
1375,66,17,66,18,167
1376,65,34,66,16,181
1378,66,32,70,15,183
1379,67,16,70,15,168
1380,66,34,51,16,167
1381,66,16,51,16,149
1382,66,36,81,16,199
1384,70,31,66,16,183
1385,67,16,66,16,165
1386,51,16,66,16,149
1388,81,16,70,15,182
1389,66,16,70,15,167
1391,66,18,51,15,150
1392,67,36,64,16,183
1393,86,30,68,15,199
1394,70,30,68,15,183
1395,69,15,68,15,167
1396,51,15,68,15,149
1397,66,17,65,18,166
1398,64,34,66,17,181
1399,83,31,69,15,198
1400,68,31,69,15,183
1402,65,35,66,17,183
1403,67,17,66,17,167
1405,68,17,67,15,167
1407,83,35,66,18,202
1408,66,35,66,18,185
1409,66,18,66,18,168
1410,67,33,66,16,182
1411,67,18,66,16,167
1412,68,33,66,18,185
1413,67,17,66,18,168
1414,66,33,67,16,182
1415,69,15,67,16,167
1416,66,33,68,16,183
1418,66,34,50,16,166
1419,82,34,82,17,215
1421,67,18,82,17,184
1422,68,32,67,17,184
1423,66,16,67,17,166
1424,50,16,67,17,150
1428,67,32,67,17,183
1429,68,15,67,17,167
1430,66,35,67,16,184
1431,67,17,67,16,167
1432,67,32,51,17,167
1433,67,15,51,17,150
1434,67,35,67,15,184
1436,67,33,67,17,184
1438,68,34,50,13,165
1440,67,33,67,16,183
1441,66,18,67,16,167
1442,67,30,53,15,165
1443,69,13,53,15,150
1444,50,13,53,15,131
1446,67,31,67,18,183
1447,66,15,67,18,166
1448,53,15,67,18,153
1449,68,16,68,16,168
1451,65,17,67,17,166
1453,84,32,66,17,199
1454,68,32,66,17,183
1455,68,16,66,17,167
1456,67,35,67,14,183
1457,66,18,67,14,165
1460,66,36,65,16,183
1461,66,19,65,16,166
1462,67,32,67,17,183
1464,68,33,65,18,184
1465,67,17,65,18,167
1469,68,14,68,16,166
1471,83,34,50,16,183
1475,66,18,84,15,183
1477,67,16,67,17,167
1478,50,16,67,17,150
1480,84,15,68,16,183
1481,68,15,68,16,167
1482,67,35,65,18,185
1483,67,18,65,18,168
1484,67,33,66,18,184
1487,67,16,68,17,168
1488,65,34,66,18,183
1489,66,16,66,18,166
1490,66,34,66,16,182
1491,68,16,66,16,166
1492,68,32,67,18,185
1493,67,15,67,18,167
1494,51,15,67,18,151
1495,66,16,67,16,165
1496,66,33,68,17,184
1497,65,17,68,17,167
1499,67,16,67,15,165
1500,67,34,66,16,183
1501,67,18,66,16,167
1502,68,33,65,19,185
1503,67,16,65,19,167
1505,66,18,67,16,167
1507,65,16,67,16,164
1508,65,35,67,16,183
1509,69,16,67,16,168
1512,67,35,65,18,185
1513,83,32,68,19,202
1514,67,32,68,19,186
1515,67,16,68,19,170
1516,67,33,68,17,185
1518,65,35,67,14,181
1520,68,33,67,16,184
1521,69,14,67,16,166
1523,67,17,65,16,165
1524,67,33,65,18,183
1525,62,19,65,18,164
1526,67,32,67,16,182
1528,65,33,68,17,183
1529,67,17,68,17,169
1531,67,16,68,15,166
1533,67,18,82,16,183
1534,68,34,64,18,184
1535,67,17,64,18,166
1536,68,31,68,16,183
1538,82,16,67,19,184
1540,64,35,67,16,182
1542,68,32,65,19,184
1543,67,16,65,19,167
1544,67,35,67,16,185
1545,68,16,67,16,167
1546,51,16,67,16,150
1548,65,37,67,15,184
1549,65,18,67,15,165
1550,67,32,50,16,165
1552,69,35,67,15,186
1553,67,18,67,15,167
1554,67,31,68,17,183
1556,50,16,68,17,151
1557,66,19,64,17,166
1558,67,32,67,15,181
1560,68,32,68,17,185
1561,68,15,68,17,168
1563,84,33,66,18,201
1564,67,33,66,18,184
1565,65,18,66,18,167
1566,68,34,65,20,187
1568,67,32,66,19,184
1569,67,17,66,19,169
1570,66,33,68,17,184
1571,67,15,68,17,167
1572,65,33,52,17,167
1573,70,13,52,17,152
1576,68,34,81,18,201
1579,65,16,68,16,165
1582,66,33,67,16,182
1583,66,18,67,16,167
1585,65,18,65,17,165
1586,67,33,65,19,184
1590,65,33,69,15,182
1591,66,16,69,15,166
1592,65,35,65,19,184
1593,68,16,65,19,168
1596,69,31,53,16,169
1597,65,16,53,16,150
1600,65,35,81,17,198
1601,69,16,81,17,183
1603,65,17,66,18,166
1604,83,17,66,18,184
1606,81,17,68,16,182
1607,66,17,68,16,167
1608,66,33,69,16,184
1609,68,15,69,16,168
1611,85,34,64,18,201
1613,66,18,64,18,166
1615,67,15,68,17,167
1616,65,33,69,16,183
1617,67,15,69,16,167
1618,64,35,65,17,181
1619,83,34,65,17,199
1621,67,17,65,17,166
1623,67,15,67,19,168
1624,65,34,67,18,184
1625,65,17,67,18,167
1626,65,33,68,16,182
1629,69,15,67,16,167
1630,67,34,66,18,185
1632,68,33,51,17,169
1633,65,17,51,17,150
1634,67,33,67,16,183
1635,65,17,67,16,165
1636,66,35,65,17,183
1637,68,17,65,17,167
1639,52,32,66,17,167
1640,67,33,68,17,185
1641,65,17,68,17,167
1642,65,33,69,16,183
1643,66,16,69,16,167
1644,66,35,66,17,184
1645,85,34,65,17,201
1647,68,17,65,17,167
1648,69,32,66,18,185
1649,68,16,66,18,168
1653,82,35,65,17,199
1654,66,35,65,17,183
1655,67,17,65,17,166
1657,67,15,69,16,167
1658,51,15,69,16,151
1659,65,17,67,17,166
1660,65,35,66,17,183
1661,84,32,67,17,200
1662,69,32,67,17,185
1664,67,34,65,19,185
1665,67,17,65,19,168
1667,67,16,67,17,167
1668,67,32,67,18,184
1669,67,15,67,18,167
1670,65,35,68,14,182
1672,67,32,68,16,183
1674,67,36,65,15,183
1675,66,18,65,15,164
1677,65,18,65,17,165
1678,68,33,66,17,184
1679,66,17,66,17,166
1681,66,17,68,17,168
1683,83,34,82,18,217
1684,66,34,82,18,200
1685,68,17,82,18,185
1686,68,34,82,15,199
1689,66,17,65,18,166
1690,82,18,66,16,182
1692,82,15,69,17,183
1695,67,17,68,16,168
1696,66,34,67,17,184
1697,66,18,67,17,168
1698,69,34,66,16,185
1700,68,33,67,15,183
1701,68,17,67,15,167
1702,67,33,68,16,184
1703,67,16,68,16,167
1704,66,34,65,16,181
1705,84,34,66,16,200
1707,65,19,66,16,166
1708,68,31,67,17,183
1709,68,15,67,17,167
1710,65,35,65,17,182
1711,85,32,68,17,202
1712,66,32,68,17,183
1713,66,16,68,17,167
1714,67,33,67,16,183
1715,68,16,67,16,167
1716,65,35,83,17,200
1717,66,18,83,17,184
1718,68,32,83,17,200
1719,68,15,83,17,183
1720,67,34,66,18,185
1721,66,18,66,18,168
1722,83,17,67,15,182
1724,83,17,67,18,185
1726,66,35,66,15,182
1727,67,17,66,15,165
1728,67,32,67,16,182
1731,83,33,66,18,200
1732,66,33,66,18,183
1734,67,33,66,17,183
1737,67,17,70,14,168
1738,66,33,51,17,167
1739,83,37,81,16,217
1740,66,37,81,16,200
1741,67,20,81,16,184
1742,70,31,66,17,184
1743,66,17,66,17,166
1745,66,18,67,17,168
1746,81,16,68,17,182
1747,67,16,68,17,168
1748,66,34,66,16,182
1749,51,34,66,16,167
1751,67,17,83,15,182
1753,68,15,66,17,166
1754,66,35,66,16,183
1755,65,19,66,16,166
1756,67,31,68,16,182
1757,66,15,68,16,165
1758,66,35,65,18,184
1759,67,18,65,18,168
1760,66,33,65,17,181
1763,67,16,67,17,167
1764,65,33,68,16,182
1765,67,15,68,16,166
1766,65,34,68,17,184
1767,66,17,68,17,168
1768,67,34,67,18,186
1769,66,17,67,18,168
1770,68,34,65,17,184
1772,68,33,65,17,183
1774,67,32,68,16,183
1775,69,14,68,16,167
1777,65,16,68,16,165
1778,65,35,66,17,183
1779,64,18,66,17,165
1781,67,17,66,18,168
1782,68,33,51,15,167
1783,67,17,51,15,150
1785,83,33,67,18,201
1786,66,33,67,18,184
1787,68,15,67,18,168
1789,68,14,67,18,167
1791,67,15,67,17,166
1793,81,34,51,15,181
1794,67,34,51,15,167
1795,82,32,67,17,198
1797,66,15,67,17,165
1798,66,34,68,15,183
1799,67,15,68,15,165
1800,66,33,68,16,183
1801,66,16,68,16,166
1802,67,35,67,16,185
1803,83,33,66,17,199
1806,68,34,66,18,186
1807,67,18,66,18,169
1808,67,32,67,16,182
1810,66,34,65,19,184
1811,67,17,65,19,168
1812,66,33,67,17,183
1813,68,15,67,17,167
1814,67,32,69,15,183
1817,82,34,82,17,215
1818,67,34,82,17,200
1819,85,32,67,18,202
1823,66,17,67,18,168
1825,67,17,52,15,151
1826,67,34,65,19,185
1828,67,33,68,16,184
1829,69,15,68,16,168
1830,52,15,68,16,151
1832,65,36,66,16,183
1833,66,17,66,16,165
1834,68,33,65,17,183
1835,67,17,65,17,166
1838,66,32,67,16,181
1839,66,16,67,16,165
1840,65,34,68,16,183
1842,66,33,51,14,164
1843,67,16,51,14,148
1844,67,35,66,15,183
1847,67,14,69,16,166
1848,51,14,69,16,150
1850,66,33,66,18,183
1851,83,32,67,17,199
1852,69,32,67,17,185
1854,65,34,66,18,183
1855,68,16,66,18,168
1856,66,33,67,18,184
1857,83,33,68,15,199
1858,67,33,68,15,183
1859,66,16,68,15,165
1860,66,34,67,16,183
1861,66,16,67,16,165
1862,67,34,67,16,184
1863,68,16,67,16,167
1864,68,33,66,17,184
1865,65,18,66,17,166
1866,67,34,66,16,183
1867,65,18,66,16,165
1868,67,32,67,16,182
1869,68,16,67,16,167
1870,66,34,67,15,182
1872,66,33,66,19,184
1873,66,17,66,19,168
1875,66,18,66,16,166
1876,67,32,68,16,183
1878,66,34,66,18,184
1879,84,34,67,15,200
1880,66,34,67,15,182
1881,67,18,67,15,167
1882,68,32,67,16,183
1883,65,16,67,16,164
1884,66,35,66,16,183
1885,68,17,66,16,167
1886,67,32,67,18,184
1887,66,17,67,18,168
1888,67,34,65,19,185
1889,65,18,65,19,167
1890,66,33,68,15,182
1891,67,17,68,15,167
1892,67,32,68,17,184
1893,69,14,68,17,168
1894,65,36,66,17,184
1895,68,17,66,17,168
1896,68,32,67,17,184
1897,65,17,67,17,166
1899,66,17,50,16,149
1900,66,33,66,18,183
1901,68,16,66,18,168
1902,67,33,66,18,184
1904,66,33,67,16,182
1905,66,16,67,16,165
1906,66,33,66,18,183
1907,82,34,69,14,199
1908,66,34,69,14,183
1909,67,16,69,14,166
1911,65,16,68,16,165
1912,66,37,65,17,185
1913,85,31,51,17,184
1914,69,31,51,17,168
1915,53,31,51,17,152
1917,66,18,67,16,167
1918,65,34,65,17,181
1919,68,17,65,17,167
1923,66,16,68,16,166
1924,65,34,67,15,181
1926,66,34,67,16,183
1927,68,16,67,16,167
1928,68,33,67,15,183
1930,67,34,65,17,183
1932,67,33,69,12,181
1933,67,17,69,12,165
1934,67,32,68,15,182
1936,65,37,81,16,199
1938,69,31,83,15,198
1940,68,32,66,17,183
1944,83,15,69,17,184
1945,68,15,69,17,169
1946,66,36,66,16,184
1948,68,33,65,17,183
1949,66,18,65,17,166
1951,69,16,65,18,168
1955,65,16,67,17,165
1957,67,16,67,16,166
1958,67,33,69,15,184
1959,67,16,69,15,167
1960,67,34,68,16,185
1961,66,17,68,16,167
1962,67,35,64,18,184
1964,69,33,65,17,184
1965,67,18,65,17,167
1967,68,15,67,16,166
1969,67,16,66,18,167
1970,65,33,67,18,183
1971,66,16,67,18,167
1972,67,33,67,16,183
1974,66,34,66,19,185
1975,67,16,66,19,168
1976,67,33,66,18,184
1978,67,33,68,16,184
1980,66,33,67,18,184
1981,67,14,67,18,166
1982,66,35,50,15,166
1985,65,16,69,17,167
1986,67,33,68,15,183
1987,67,15,68,15,165
1988,65,36,66,16,183
1989,68,17,66,16,167
1990,69,32,67,17,185
1991,83,34,66,16,199
1992,68,34,66,16,184
1993,83,33,65,17,198
1994,66,33,65,17,181
1997,69,16,66,17,168
1999,66,16,68,16,166
2000,65,34,68,16,183
2001,65,17,68,16,166
2002,66,34,66,17,183
2003,67,17,66,17,167
2004,51,17,66,17,151
2005,67,18,66,16,167
2006,68,32,67,16,183
2007,83,34,66,19,202
2008,66,34,66,19,185
2009,67,17,66,19,169
2010,66,33,68,15,182
2011,66,17,68,15,166
2013,83,35,66,17,201
2014,66,35,66,17,184
2015,69,16,66,17,168
2016,68,33,65,16,182
2018,68,33,65,20,186
2025,82,34,67,16,199
2026,67,34,67,16,184
2027,51,34,67,16,168
2028,68,34,66,17,185
2029,65,17,66,17,165
2030,51,17,66,17,151
2031,68,16,66,16,166
2033,66,17,66,18,167
2034,66,33,68,17,184
2035,66,16,68,17,167
2036,66,33,52,14,165
2037,66,17,52,14,149
2039,67,17,65,21,170
2040,68,31,55,14,168
2043,65,17,66,16,164
2045,69,14,65,18,166
2046,55,14,65,18,152
2047,69,14,52,16,151
2049,79,34,65,18,196
2050,65,34,65,18,182
2052,52,16,65,18,151
2053,69,17,65,17,168
2054,68,31,71,15,185
2055,67,14,71,15,167
2056,51,14,71,15,151
2058,65,37,81,17,200
2059,85,30,68,17,200
2060,71,30,68,17,186
2061,68,15,68,17,168
2062,67,34,67,18,186
2063,67,17,67,18,169
2064,81,17,67,16,181
2067,51,33,67,15,166
2068,67,34,66,17,184
2069,84,33,65,16,198
2070,67,33,65,16,181
2071,66,17,65,16,164
2072,67,33,67,16,183
2073,64,18,67,16,165
2074,66,32,67,17,182
2075,67,15,67,17,166
2078,67,32,68,17,184
2080,67,33,68,16,184
2081,68,16,68,16,168
2082,65,35,65,17,182
2083,84,33,66,19,202
2084,68,33,66,19,186
2085,68,16,66,19,169
2086,68,32,67,19,186
2087,66,16,67,19,168
2088,65,34,65,18,182
2090,66,33,66,17,182
2092,67,32,70,17,186
2093,69,13,70,17,169
2094,65,34,53,15,167
2095,80,36,81,19,216
2096,66,36,81,19,202
2097,64,19,81,19,183
2098,70,32,68,16,186
2100,53,15,68,16,152
2102,81,19,65,17,182
2103,64,19,65,17,165
2104,68,34,64,19,185
2105,66,18,64,19,167
2106,51,18,64,19,152
2107,68,16,67,16,167
2108,65,33,67,17,182
2111,68,15,66,19,168
2112,67,33,68,16,184
2113,66,17,68,16,167
2114,67,33,51,18,169
2115,81,35,65,18,199
2116,66,35,65,18,184
2117,85,34,62,21,202
2119,67,18,62,21,168
2121,65,16,52,16,149
2122,65,31,70,17,183
2123,67,13,70,17,167
2124,62,37,68,14,181
2125,68,16,68,14,166
2127,66,17,66,16,165
2128,70,35,80,18,203
2130,68,31,84,17,200
2131,66,17,84,17,184
2132,66,33,68,17,184
2133,65,17,68,17,167
2134,80,18,68,15,181
2135,66,18,68,15,167
2137,68,17,66,17,168
2138,68,34,65,18,185
2139,52,34,65,18,169
2140,68,32,65,19,184
2141,66,17,65,19,167
2144,65,32,68,18,183
2145,68,14,68,18,168
2146,65,34,68,18,185
2148,51,15,68,18,152
2149,66,16,68,16,166
2151,67,16,66,16,165
2152,68,34,65,18,185
2154,52,16,65,18,151
2155,66,16,66,17,165
2156,66,33,67,18,184
2157,64,17,67,18,166
2160,66,34,68,16,184
2161,67,17,68,16,168
2162,67,35,67,15,184
2163,67,17,67,15,166
2164,69,33,64,19,185
2165,68,17,64,19,168
2166,68,34,64,18,184
2167,66,18,64,18,166
2169,66,15,52,16,149
2170,64,34,69,15,182
2171,67,15,69,15,166
2172,64,34,67,16,181
2173,67,16,67,16,166
2176,69,32,67,15,183
2177,66,17,67,15,165
2178,67,34,66,16,183
2179,64,18,66,16,164
2180,66,33,65,19,183
2181,84,33,68,14,199
2182,67,33,68,14,182
2183,66,18,68,14,166
2184,66,32,69,15,182
2185,65,16,69,15,165
2186,65,36,65,19,185
2187,69,17,65,19,170
2188,68,33,66,14,181
2190,69,32,67,17,185
2191,65,17,67,17,166
2192,65,34,67,17,183
2193,85,33,68,14,200
2194,66,33,68,14,181
2195,65,19,68,14,166
2197,65,17,66,17,165
2198,67,34,66,16,183
2199,70,17,66,16,169
2200,68,32,67,16,183
2202,66,34,65,17,182
2203,83,33,65,19,200
2204,66,33,65,19,183
2205,68,17,65,19,169
2206,67,32,52,12,163
2207,66,16,52,12,146
2208,65,33,68,16,182
2209,66,16,68,16,166
2211,68,12,69,18,167
2212,52,12,69,18,151
2213,69,15,66,16,166
2215,81,34,52,14,181
2216,69,34,52,14,169
2217,81,34,66,19,200
2220,68,32,70,14,184
2221,68,14,70,14,166
2222,52,14,70,14,150
2224,66,36,81,16,199
2225,67,17,81,16,181
2226,70,32,65,16,183
2227,66,18,65,16,165
2228,50,18,65,16,149
2230,81,16,68,15,180
2231,67,16,68,15,166
2232,65,33,70,16,184
2233,65,17,70,16,168
2234,65,35,67,16,183
2235,84,35,67,13,199
2237,67,20,67,13,167
2238,70,32,66,16,184
2239,68,16,66,16,166
2240,67,35,65,15,182
2242,67,31,67,16,181
2243,64,18,67,16,165
2248,67,32,67,16,182
2249,67,16,67,16,166
2250,65,33,67,18,183
2251,83,34,51,16,184
2252,65,34,51,16,166
2253,67,16,51,16,150
2254,67,33,53,14,167
2256,67,34,69,13,183
2257,67,16,69,13,165
2259,51,33,67,16,167
2260,53,14,67,16,150
2261,67,18,66,16,167
2262,69,31,65,19,184
2268,65,35,67,16,183
2269,68,16,67,16,167
2271,66,17,66,16,165
2272,69,33,69,14,185
2273,67,16,69,14,166
2274,67,33,67,17,184
2275,66,17,67,17,167
2276,66,36,64,16,182
2277,65,20,64,16,165
2278,69,31,68,16,184
2279,67,17,68,16,168
2280,67,33,67,16,183
2281,68,16,67,16,167
2284,68,32,66,18,184
2287,67,18,65,17,167
2288,66,32,68,20,186
2289,66,16,68,20,170
2290,66,33,55,13,167
2291,68,15,55,13,151
2292,65,35,65,19,184
2293,66,18,65,19,168
2294,68,33,67,17,185
2295,70,13,67,17,167
2296,55,13,67,17,152
2297,67,16,52,17,152
2298,65,35,66,16,182
2299,64,16,66,16,162
2300,67,34,66,15,182
2301,68,17,66,15,166
2302,52,17,66,15,150
2303,64,18,67,16,165
2308,67,35,65,16,183
2310,68,32,67,14,181
2311,69,16,67,14,166
2312,67,33,67,16,183
2313,66,18,67,16,167
2314,65,34,66,14,179
2315,65,18,66,14,163
2316,67,33,67,15,182
2317,66,19,67,15,167
2318,67,33,65,18,183
2319,67,17,65,18,167
2322,67,31,69,15,182
2323,66,16,69,15,166
2326,65,35,67,14,181
2327,66,19,67,14,166
2328,69,32,66,19,186
2329,83,35,64,18,200
2330,67,35,64,18,184
2331,67,19,64,18,168
2332,67,31,68,16,182
2333,66,17,68,16,167
2334,66,33,68,16,183
2335,69,14,68,16,167
2336,64,35,65,17,181
2339,65,17,67,16,165
2340,68,32,69,16,185
2341,66,16,69,16,167
2342,65,35,66,18,184
2343,66,18,66,18,168
2344,67,34,66,17,184
2346,51,18,66,17,152
2347,68,16,68,17,169
2348,50,16,68,17,151
2349,68,16,67,15,166
2352,68,33,65,18,184
2353,67,16,65,18,166
2354,67,34,66,17,184
2355,65,19,66,17,167
2356,67,31,67,16,181
2357,64,17,67,16,164
2358,65,35,65,16,181
2360,66,32,67,17,182
2363,65,17,67,17,166
2364,65,34,67,19,185
2365,64,18,67,19,168
2366,67,33,53,14,167
2367,68,16,53,14,151
2372,53,14,66,17,150
2373,50,34,67,16,167
2374,67,32,67,17,183
2375,65,15,67,17,164
2376,66,35,67,16,184
2377,67,18,67,16,168
2378,67,32,67,16,182
2379,82,35,67,15,199
2380,67,35,67,15,184
2381,67,18,67,15,167
2382,67,32,66,19,184
2384,67,35,65,18,185
2385,66,19,65,18,168
2387,66,16,68,16,166
2388,66,34,68,17,185
2390,65,34,68,14,181
2391,68,16,68,14,166
2392,68,34,64,19,185
2394,68,34,66,16,184
2395,67,17,66,16,166
2396,68,30,68,16,182
2397,66,16,68,16,166
2398,64,36,65,16,181
2399,66,17,65,16,164
2400,66,32,67,17,182
2401,68,16,67,17,168
2404,65,34,67,17,183
2405,65,18,67,17,167
2407,68,17,66,18,169
2408,51,17,66,18,152
2411,83,33,66,17,199
2412,66,33,66,17,182
2413,82,34,67,15,198
2414,66,34,67,15,182
2415,65,18,67,15,165
2417,64,17,68,17,166
2418,66,35,67,16,184
2419,67,18,67,16,168
2420,67,33,65,19,184
2421,67,18,65,19,169
2422,68,34,66,16,184
2423,68,17,66,16,167
2424,67,31,69,17,184
2425,68,15,69,17,169
2427,67,16,67,15,165
2428,66,34,65,16,181
2429,66,18,65,16,165
2430,69,33,66,16,184
2431,67,16,66,16,165
2432,67,32,67,16,182
2433,66,17,67,16,166
2434,65,34,67,16,182
2435,64,18,67,16,165
2436,66,33,66,17,182
2437,67,17,66,17,167
2438,67,34,65,18,184
2439,67,18,65,18,168
2440,67,32,68,17,184
2441,67,16,68,17,168
2443,67,16,69,15,167
2444,65,35,67,16,183
2445,84,34,65,18,201
2446,68,34,65,18,185
2447,68,17,65,18,168
2448,69,33,65,18,185
2449,66,18,65,18,167
2450,67,32,67,16,182
2451,66,16,67,16,165
2453,68,15,67,16,166
2454,65,34,68,16,183
2456,67,33,66,18,184
2457,65,17,66,18,166
2458,50,17,66,18,151
2459,65,19,66,15,165
2462,66,35,67,16,184
2463,68,17,67,16,168
2464,66,34,65,18,183
2465,65,19,65,18,167
2466,50,19,65,18,152
2468,67,32,66,21,186
2469,68,16,66,21,171
2471,67,15,54,13,149
2475,69,13,67,17,166
2476,54,13,67,17,151
2479,64,16,66,16,162
2481,66,17,67,15,165
2482,68,32,67,17,184
2483,66,16,67,17,166
2484,66,35,65,17,183
2485,65,19,65,17,166
2486,67,32,67,18,184
2487,66,17,67,18,168
2488,67,33,67,19,186
2489,68,16,67,19,170
2490,65,34,68,15,182
2492,67,33,66,19,185
2493,68,15,66,19,168
2494,67,35,66,16,184
2495,69,16,66,16,167
2496,68,31,68,15,182
2497,81,35,65,18,199
2498,66,35,65,18,184
2499,66,16,65,18,165
2500,66,33,68,16,183
2501,67,17,68,16,168
2502,68,32,69,16,185
2503,81,36,66,15,198
2504,65,36,66,15,182
2506,68,33,81,18,200
2508,69,33,66,17,185
2509,51,33,66,17,167
2510,66,32,68,17,183
2511,65,17,68,17,167
2512,65,34,66,18,183
2513,65,18,66,18,167
2516,68,32,67,16,183
2518,66,33,68,17,184
2520,65,34,67,16,182
2521,66,16,67,16,165
2522,67,34,67,16,184
2523,65,18,67,16,166
2524,68,33,66,17,184
2525,83,34,66,17,200
2526,67,34,66,17,184
2527,67,18,66,17,168
2529,66,16,51,16,149
2530,66,34,66,17,183
2533,67,16,66,17,166
2534,51,16,66,17,150
2535,68,15,68,17,168
2536,66,33,67,17,183
2537,82,35,65,18,200
2538,66,35,65,18,184
2539,65,18,65,18,166
2541,68,15,51,17,151
2542,67,33,69,15,184
2543,67,16,69,15,167
2544,65,35,65,20,185
2545,66,17,65,20,168
2548,69,31,70,13,183
2550,65,35,83,16,199
2552,66,35,64,16,181
2553,68,18,64,16,166
2554,70,32,67,14,183
2556,83,16,68,16,183
2557,66,16,68,16,166
2559,67,19,66,16,168
2561,65,19,66,17,167
2562,68,33,66,17,184
2563,68,17,66,17,168
2564,66,33,66,18,183
2566,66,33,67,16,182
2567,83,33,66,18,200
2568,66,33,66,18,183
2569,67,16,66,18,167
2570,66,34,66,17,183
2573,66,16,68,18,168
2574,66,34,68,18,186
2575,66,16,68,18,168
2577,67,17,69,12,165
2578,68,34,81,17,200
2580,68,35,63,17,183
2581,69,17,63,17,166
2582,69,29,51,18,167
2583,63,17,51,18,149
2584,81,17,51,18,167
2586,63,35,67,15,180
2587,68,18,67,15,168
2588,51,18,67,15,151
2589,52,34,66,17,169
2590,51,18,66,17,152
2591,66,19,64,17,166
2592,67,33,65,19,184
2593,66,18,65,19,168
2594,66,31,53,14,164
2595,69,14,53,14,150
2596,64,34,66,18,182
2597,66,17,66,18,167
2598,65,33,68,16,182
2599,67,14,68,16,165
2600,53,14,68,16,151
2601,50,33,51,17,151
2602,66,35,82,20,203
2603,65,17,82,20,184
2604,68,33,84,16,201
2606,51,17,84,16,168
2608,82,20,63,18,183
2609,66,20,63,18,167
2611,67,16,67,17,167
2612,67,32,52,16,167
2613,67,16,52,16,151
2614,63,35,84,17,199
2615,66,17,84,17,184
2617,68,16,68,17,169
2618,52,16,68,17,153
2619,66,19,64,18,167
2622,68,31,67,17,183
2623,69,14,67,17,167
2624,64,33,67,19,183
2625,66,15,67,19,167
2626,64,34,67,17,182
2627,81,33,69,20,203
2628,67,33,69,20,189
2629,66,16,69,20,171
2632,52,15,66,19,152
2633,67,18,66,16,167
2635,81,35,67,16,199
2637,84,32,68,16,200
2638,66,32,68,16,182
2639,78,35,65,17,195
2640,67,35,65,17,184
2641,67,16,65,17,165
2642,67,33,66,16,182
2644,68,32,67,17,184
2645,81,34,67,17,199
2647,66,17,67,17,167
2648,66,33,67,16,182
2649,83,34,66,18,201
2650,67,34,66,18,185
2651,67,17,66,18,168
2652,67,33,68,16,184
2654,67,33,67,16,183
2655,66,17,67,16,166
2656,66,35,65,18,184
2657,67,17,65,18,167
2658,68,32,67,17,184
2659,68,16,67,17,168
2661,65,17,68,18,168
2663,67,16,65,18,166
2664,67,34,67,16,184
2665,68,17,67,16,168
2666,68,31,70,14,183
2669,84,34,66,15,199
2671,65,18,66,15,164
2672,70,32,65,19,186
2673,66,18,65,19,168
2675,67,17,66,15,165
2678,65,35,66,19,185
2679,83,33,66,17,199
2680,66,33,66,17,182
2681,66,18,66,17,167
2683,82,33,69,16,200
2684,66,33,69,16,184
2685,70,14,69,16,169
2687,67,17,67,17,168
2688,67,35,66,16,184
2689,83,32,65,19,199
2690,69,32,65,19,185
2691,68,16,65,19,168
2692,67,34,65,18,184
2694,66,31,68,17,182
2695,66,15,68,17,166
2696,65,34,68,16,183
2697,67,15,68,16,166
2698,65,34,67,18,184
2700,68,34,66,15,183
2701,66,17,66,15,164
2702,68,33,84,15,200
2703,66,17,84,15,182
2704,67,33,66,17,183
2705,68,15,66,17,166
2706,66,32,68,17,183
2707,65,17,68,17,167
2710,66,34,67,17,184
2711,68,17,67,17,169
2712,68,35,67,16,186
2713,84,32,66,18,200
2714,69,32,66,18,185
2716,67,35,64,17,183
2717,67,18,64,17,166
2718,67,31,66,17,181
2719,68,15,66,17,166
2722,64,33,68,16,181
2723,81,34,68,14,197
2724,66,34,68,14,182
2726,67,34,67,16,184
2727,66,18,67,16,167
2729,67,18,64,18,167
2730,68,33,67,15,183
2731,66,19,67,15,167
2732,67,31,68,17,183
2734,64,36,66,16,182
2735,86,32,68,15,201
2736,67,32,68,15,182
2737,66,17,68,15,166
2738,68,34,65,19,186
2739,67,17,65,19,168
2741,85,31,53,15,184
2742,68,31,53,15,167
2743,66,16,53,15,150
2745,84,33,67,16,200
2746,66,33,67,16,182
2747,51,33,67,16,167
2749,65,19,64,17,165
2750,82,18,65,19,184
2751,64,18,65,19,166
2752,67,32,68,16,183
2754,64,33,69,20,186
2755,67,16,69,20,172
2756,65,35,65,16,181
2757,68,16,65,16,165
2758,68,34,66,17,185
2759,67,18,66,17,168
2760,69,31,68,16,184
2761,70,11,68,16,165
2763,65,19,65,18,167
2767,68,16,68,16,168
2768,65,35,66,16,182
2770,67,33,67,17,184
2771,67,17,67,17,168
2772,68,33,66,17,184
2774,66,34,66,16,182
2775,66,18,66,16,166
2776,67,32,69,15,183
2780,66,35,66,17,184
2782,69,33,50,15,167
2783,67,18,50,15,150
2784,68,33,65,18,184
2785,68,17,65,18,168
2786,66,32,68,16,182
2787,68,15,68,16,167
2788,65,33,67,17,182
2789,65,17,67,17,166
2790,65,35,67,15,182
2791,66,17,67,15,165
2792,68,32,67,17,184
2793,68,16,67,17,168
2794,67,35,66,15,183
2798,67,34,66,17,184
2799,67,17,66,17,167
2800,66,32,51,17,166
2802,66,34,66,18,184
2803,67,16,66,18,167
2804,66,34,67,16,183
2805,68,17,67,16,168
2806,51,17,67,16,151
2807,67,15,66,19,167
2808,66,35,67,18,186
2810,67,31,54,14,166
2811,66,15,54,14,149
2812,66,36,65,16,183
2813,67,17,65,16,165
2814,67,32,66,17,182
2815,69,14,66,17,166
2816,54,14,66,17,151
2817,82,33,68,17,200
2819,63,17,68,17,165
2821,67,17,67,16,167
2822,67,34,83,16,200
2823,67,18,83,16,184
2827,67,18,66,16,167
2828,67,32,67,17,183
2829,66,16,67,17,166
2830,66,34,66,17,183
2831,67,17,66,17,167
2832,66,33,65,20,184
2833,66,17,65,20,168
2834,67,33,68,15,183
2835,67,16,68,15,166
2836,66,32,68,18,184
2837,67,15,68,18,168
2838,65,36,66,16,183
2839,84,32,50,18,184
2841,66,17,50,18,151
2842,68,34,66,17,185
2844,66,34,67,16,183
2845,67,18,67,16,168
2849,85,33,66,16,200
2850,67,33,66,16,182
2851,68,17,66,16,167
2852,51,17,66,16,150
2855,83,34,65,22,204
2856,66,34,65,22,187
2857,67,18,65,22,172
2858,68,33,64,18,183
2859,66,18,64,18,166
2860,67,32,68,16,183
2861,83,32,69,15,199
2863,82,36,65,17,200
2865,67,18,65,17,167
2866,68,33,67,17,185
2867,79,32,69,16,196
2869,66,17,69,16,168
2870,65,35,67,17,184
2871,66,18,67,17,168
2872,67,34,66,16,183
2873,52,34,66,16,168
2874,69,33,66,16,184
2875,68,17,66,16,167
2876,67,33,67,16,183
2879,66,17,68,16,167
2880,66,34,66,16,182
2881,65,18,66,16,165
2882,67,34,65,15,181
2883,67,18,65,15,165
2885,68,16,67,16,167
2886,66,33,67,15,181
2887,83,34,65,18,200
2888,65,34,65,18,182
2889,83,33,67,16,199
2890,67,33,67,16,183
2891,67,17,67,16,167
2892,67,32,67,17,183
2893,67,17,67,17,168
2895,67,17,68,16,168
2896,50,17,68,16,151
2897,68,16,67,18,169
2899,66,19,64,19,168
2901,68,15,68,15,166
2903,68,15,68,16,167
2904,64,35,66,17,182
2905,67,16,66,17,166
2906,68,33,65,17,183
2907,83,33,66,16,198
2908,68,33,66,16,183
2909,65,17,66,16,164
2910,66,32,65,19,182
2911,68,15,65,19,167
2912,65,34,68,17,184
2913,66,17,68,17,168
2914,66,31,69,16,182
2916,65,37,65,19,186
2917,67,18,65,19,169
2918,68,32,67,17,184
2922,65,34,68,17,184
2924,52,15,68,17,152
2926,68,34,66,17,185
2927,65,18,66,17,166
2928,68,31,67,17,183
2930,65,35,65,17,182
2932,66,32,68,15,181
2934,67,33,67,17,184
2936,65,35,68,14,182
2937,65,18,68,14,165
2939,66,17,67,16,166
2942,68,31,66,18,183
2943,67,17,66,18,168
2945,66,19,65,17,167
2946,66,31,67,18,182
2947,67,16,67,18,168
2949,84,33,67,19,203
2951,67,16,67,19,169
2952,67,34,52,17,170
2954,67,33,68,17,185
2955,67,16,68,17,168
2957,68,17,64,17,166
2959,52,32,66,17,167
2960,68,32,67,16,183
2962,64,34,67,17,182
2963,83,33,66,19,201
2964,66,33,66,19,184
2967,66,18,65,20,169
2968,67,32,69,14,182
2972,65,36,65,17,183
2973,68,16,65,17,166
2975,64,17,68,17,166
2976,67,34,68,15,184
2977,81,34,67,15,197
2978,82,17,67,15,181
2979,68,17,67,15,167
2980,68,34,66,15,183
2981,68,17,66,15,166
2984,67,33,84,15,199
2987,66,17,67,19,169
2988,65,35,65,18,183
2989,66,19,65,18,168
2990,84,15,69,14,182
2993,70,14,67,18,169
2995,66,18,65,17,166
2996,51,18,65,17,151
2999,67,16,67,16,166
3000,65,32,68,17,182
3002,66,35,66,16,183
3003,66,17,66,16,165
3004,67,33,66,16,182
3005,66,17,66,16,165
3006,68,33,66,17,184
3008,66,33,66,18,183
3010,66,33,68,16,183
3011,65,17,68,16,166
3012,66,33,69,16,184
3014,66,35,67,16,184
3015,68,17,67,16,168
3016,68,34,66,16,184
3017,67,18,66,16,167
3018,69,33,65,18,185
3019,67,17,65,18,167
3021,67,17,66,16,166
3022,66,32,67,18,183
3023,66,16,67,18,167
3024,65,34,66,18,183
3027,66,17,68,15,166
3031,68,17,67,16,168
3032,68,32,51,16,167
3033,65,17,51,16,149
3034,67,35,67,16,185
3037,68,16,68,15,167
3039,68,17,65,19,169
3040,67,33,64,19,183
3042,68,32,67,17,184
3043,82,32,69,16,199
3044,65,32,69,16,182
3047,68,16,66,16,166
3051,82,33,67,17,199
3053,65,17,67,17,166
3054,65,33,67,16,181
3055,66,16,67,16,165
3056,66,34,66,18,184
3057,67,17,66,18,168
3060,67,33,68,16,184
3062,66,34,66,19,185
3063,83,34,51,16,184
3064,67,34,51,16,168
3065,85,32,68,16,201
3066,68,32,68,16,184
3067,66,16,68,16,166
3070,51,16,66,18,151
3071,68,16,67,17,168
3073,65,17,67,17,166
3074,66,34,50,16,166
3075,83,33,67,15,198
3077,68,16,67,15,166
3078,67,33,67,16,183
3080,50,16,67,16,149
3082,67,33,67,15,182
3083,83,33,67,17,200
3084,67,33,67,17,184
3085,82,34,66,16,198
3086,66,34,66,16,182
3089,66,18,67,16,167
3090,67,33,66,17,183
3091,67,16,66,17,166
3092,66,34,65,17,182
3093,67,18,65,17,167
3096,66,33,52,16,167
3097,67,16,52,16,151
3098,65,35,67,15,182
3099,66,18,67,15,166
3100,68,33,66,18,185
3103,66,19,65,17,167
3106,49,17,68,17,151
3108,65,35,65,18,183
3109,67,18,65,18,168
3110,68,33,65,18,184
3113,68,15,67,17,167
3116,65,34,67,17,183
3120,51,16,66,18,151
3121,66,17,67,17,167
3123,67,15,70,16,168
3124,66,35,51,15,167
3125,67,17,51,15,150
3126,67,35,82,16,200
3127,67,18,82,16,183
3129,68,15,67,16,166
3130,51,15,67,16,149
3131,67,14,70,14,165
3132,82,16,66,17,181
3134,67,35,81,18,201
3135,65,19,81,18,183
3136,70,31,68,17,186
3137,65,17,68,17,167
3138,66,33,67,17,183
3140,81,18,66,18,183
3141,67,18,66,18,169
3142,68,32,69,17,186
3143,68,15,69,17,169
3144,67,34,66,19,186
3145,67,17,66,19,169
3146,66,35,64,17,182
3147,67,17,64,17,165
3148,69,31,68,17,185
3149,69,14,68,17,168
3150,66,33,52,16,167
3151,67,14,52,16,149
3155,66,16,67,18,167
3156,52,16,67,18,153
3159,83,32,69,16,200
3160,67,32,69,16,184
3162,65,36,64,18,183
3164,51,17,64,18,150
3165,66,17,66,16,165
3166,69,31,68,16,184
3167,66,15,68,16,165
3168,64,35,66,16,181
3169,83,33,67,16,199
3170,66,33,67,16,182
3171,66,17,67,16,166
3172,68,33,66,18,185
3175,66,18,50,16,150
3177,67,16,68,17,168
3178,66,34,67,16,183
3179,68,16,67,16,167
3180,50,16,67,16,149
3181,67,17,66,17,167
3186,66,34,67,17,184
3187,66,17,67,17,167
3191,66,18,65,17,166
3193,67,16,66,17,166
3195,51,32,68,16,167
3197,65,17,67,16,165
3200,68,33,68,16,185
3202,67,33,66,16,182
3204,66,35,65,16,182
3205,68,17,65,16,166
3206,68,31,69,16,184
3207,68,15,69,16,168
3208,66,34,65,20,185
3211,84,30,68,18,200
3212,69,30,68,18,185
3213,69,14,68,18,169
3215,69,16,66,18,169
3217,66,16,52,15,149
3219,66,16,66,17,165
3220,66,33,67,16,182
3221,68,15,67,16,166
3222,67,33,68,15,183
3223,66,16,68,15,165
3224,66,34,67,16,183
3225,82,34,64,17,197
3226,67,34,64,17,182
3227,84,33,66,17,200
3228,68,33,66,17,184
3229,66,18,66,17,167
3230,67,31,68,19,185
3232,64,35,52,13,164
3234,66,33,67,18,184
3235,67,16,67,18,168
3236,68,32,69,17,186
3237,70,13,69,17,169
3238,52,13,69,17,151
3239,67,16,51,16,150
3240,67,34,65,19,185
3241,66,16,65,19,166
3244,67,32,51,16,166
3247,81,34,85,16,216
3248,65,34,85,16,200
3252,84,18,65,19,186
3253,66,18,65,19,168
3254,85,16,66,18,185
3256,68,32,67,17,184
3257,68,15,67,17,167
3258,65,34,67,17,183
3259,82,33,68,15,198
3260,66,33,68,15,182
3261,67,15,68,15,165
3263,65,17,67,15,164
3265,66,17,66,17,166
3267,66,18,68,17,169
3268,67,33,66,17,183
3269,65,18,66,17,166
3270,66,35,64,17,182
3272,68,31,68,17,184
3273,70,14,68,17,169
3277,64,18,67,16,165
3278,68,32,68,17,185
3279,68,15,68,17,168
3280,67,35,67,16,185
3281,67,18,67,16,168
3282,67,33,66,14,180
3283,66,17,66,14,163
3285,68,17,64,17,166
3286,67,32,68,15,182
3287,67,16,68,15,166
3288,66,32,67,17,182
3289,81,36,66,15,198
3296,66,33,66,16,181
3297,66,18,66,16,166
3298,68,33,67,15,183
3299,66,18,67,15,166
3300,66,33,67,16,182
3301,67,17,67,16,167
3302,66,34,66,18,184
3303,67,18,66,18,169
3304,67,33,51,15,166
3305,66,18,51,15,150
3306,67,33,67,17,184
3307,67,17,67,17,168
3308,66,33,69,16,184
3309,69,15,69,16,169
3310,51,15,69,16,151
3312,67,35,64,18,184
3313,66,18,64,18,166
3314,69,32,67,16,184
3315,52,32,67,16,167
3316,67,32,69,15,183
3317,66,16,69,15,166
3318,64,35,68,13,180
3319,66,17,68,13,164
3321,67,18,66,17,168
3322,69,34,65,17,185
3323,66,19,65,17,167
3324,68,32,65,18,183
3325,65,19,65,18,167
3326,66,33,68,15,182
3327,68,16,68,15,167
3328,65,32,66,20,183
3329,69,15,66,20,170
3330,65,36,66,16,183
3331,66,18,66,16,166
3332,68,30,69,18,185
3334,66,36,68,15,185
3337,67,17,62,21,167
3339,67,17,65,15,164
3341,67,12,72,16,167
3343,65,17,65,18,165
3344,65,34,67,14,180
3345,84,31,68,15,198
3346,72,31,68,15,186
3347,67,15,68,15,165
3351,65,18,68,16,167
3354,64,36,66,15,181
3356,68,32,67,18,185
3357,69,16,67,18,170
3358,68,34,66,16,184
3359,68,17,66,16,167
3360,66,33,67,16,182
3361,65,18,67,16,166
3362,67,33,68,16,184
3364,66,34,65,18,183
3366,67,34,64,19,184
3367,83,31,69,16,199
3369,68,15,69,16,168
3370,65,33,68,16,182
3372,64,36,66,17,183
3373,67,17,66,17,167
3375,67,16,67,15,165
3376,68,34,67,16,185
3378,66,33,66,16,181
3379,67,16,66,16,165
3380,67,34,66,16,183
3382,67,32,67,18,184
3384,66,34,66,18,184
3389,69,15,68,15,167
3390,66,34,65,20,185
3391,68,16,65,20,169
3392,67,34,65,18,184
3393,65,18,65,18,166
3395,65,16,67,18,166
3396,65,34,69,16,184
3397,83,33,52,17,185
3398,65,33,52,17,167
3399,68,15,52,17,152
3401,65,18,81,16,180
3403,67,17,64,19,167
3404,52,17,64,19,152
3406,81,16,67,19,183
3407,81,35,68,14,198
3410,67,32,67,19,185
3411,69,14,67,19,169
3412,67,36,64,17,184
3414,68,31,68,16,183
3415,64,17,68,16,165
3416,67,33,51,14,165
3418,64,35,82,17,198
3420,68,30,69,18,185
3421,65,14,69,18,166
3423,66,17,52,16,151
3424,82,17,67,16,182
3425,66,17,67,16,166
3426,69,34,67,17,187
3427,69,16,67,17,169
3428,52,16,67,17,152
3432,67,32,68,17,184
3433,67,15,68,17,167
3434,66,33,66,19,184
3435,68,15,66,19,168
3437,66,17,65,16,164
3439,67,14,68,16,165
3440,66,34,67,17,184
3441,67,15,67,17,166
3442,50,15,67,17,149
3445,65,17,67,18,167
3447,68,19,63,20,170
3448,69,31,66,19,185
3450,67,32,69,15,183
3451,68,14,69,15,166
3453,71,14,68,15,168
3454,66,35,65,17,183
3456,69,33,65,17,184
3457,64,18,65,17,164
3458,68,32,67,16,183
3459,64,17,67,16,164
3461,67,16,69,15,167
3462,65,34,66,18,183
3463,67,17,66,18,168
3464,67,35,66,16,184
3465,66,19,66,16,167
3466,69,31,69,16,185
3467,67,16,69,16,168
3468,66,35,65,16,182
3469,68,17,65,16,166
3470,66,34,65,16,181
3471,67,18,65,16,166
3472,69,31,67,19,186
3473,67,15,67,19,168
3474,65,34,66,16,181
3475,65,18,66,16,165
3476,65,33,69,17,184
3478,67,33,67,16,183
3480,66,36,64,16,182
3481,66,20,64,16,166
3482,69,31,68,16,184
3483,67,14,68,16,165
3486,64,35,66,16,181
3487,63,19,66,16,164
3488,68,34,64,17,183
3492,66,32,51,16,165
3493,66,16,51,16,149
3494,64,36,65,18,183
3495,66,19,65,18,168
3496,68,31,68,18,185
3497,67,16,68,18,169
3499,67,17,67,15,166
3500,65,34,66,18,183
3501,84,33,51,17,185
3502,68,33,51,17,169
3504,67,33,67,15,182
3505,64,18,67,15,164
3507,66,17,64,17,164
3508,51,17,64,17,149
3509,70,15,66,18,169
3510,67,32,69,16,184
3511,64,17,69,16,166
3512,64,34,67,17,182
3513,81,35,67,16,199
3517,68,16,66,19,169
3518,67,35,67,15,184
3522,66,36,66,15,183
3523,68,17,66,15,166
3525,83,34,66,18,201
3526,68,34,66,18,186
3527,64,19,66,18,167
3530,66,34,83,16,199
3531,68,17,83,16,184
3533,69,17,64,17,167
3537,65,16,67,17,165
3538,64,34,66,17,181
3539,67,17,66,17,167
3540,67,33,66,18,184
3541,66,17,66,18,167
3542,67,33,68,16,184
3543,83,33,67,18,201
3546,66,35,68,16,185
3547,84,32,68,17,201
3548,68,32,68,17,185
3549,67,16,68,17,168
3551,67,18,65,16,166
3553,68,16,66,15,165
3554,68,33,65,17,183
3555,67,16,65,17,165
3556,65,33,66,17,181
3559,64,17,51,16,148
3561,66,17,67,16,166
3562,66,33,67,18,184
3563,68,16,67,18,169
3564,51,16,67,18,152
3565,67,17,66,17,167
3566,67,33,68,17,185
3569,68,15,52,17,152
3571,67,18,65,17,167
3572,68,34,65,18,185
3573,67,17,65,18,167
3574,52,17,65,18,152
3575,52,31,70,15,168
3576,65,34,67,17,183
3577,65,17,67,17,166
3578,65,36,65,16,182
3582,67,34,65,18,184
3583,66,17,65,18,166
3584,65,33,66,17,181
3587,69,13,67,19,168
3588,65,34,52,15,166
3590,66,33,67,17,183
3591,64,16,67,17,164
3592,67,34,67,17,185
3593,68,15,67,17,167
3595,68,15,66,17,166
3596,67,34,65,18,184
3597,82,32,51,18,183
3598,67,32,51,18,168
3599,81,33,70,16,200
3602,65,36,67,16,184
3603,66,18,67,16,167
3604,51,18,67,16,152
3605,66,20,66,15,167
3606,70,33,65,17,185
3608,67,33,66,17,183
3609,69,17,66,17,169
3610,66,32,66,18,182
3611,65,17,66,18,166
3612,65,34,66,16,181
3614,66,32,68,15,181
3615,68,15,68,15,166
3616,66,34,68,16,184
3617,67,16,68,16,167
3618,66,34,67,15,182
3622,68,33,65,16,182
3623,68,17,65,16,166
3624,67,33,67,17,184
3626,66,32,68,17,183
3627,65,17,68,17,167
3629,66,19,64,18,167
3630,67,33,65,17,182
3631,69,16,65,17,167
3633,69,14,67,18,168
3635,81,33,68,16,198
3636,65,33,68,16,182
3637,65,16,68,16,165
3638,67,34,68,16,185
3639,67,16,68,16,167
3641,66,18,50,17,151
3642,68,34,66,16,184
3643,66,18,66,16,166
3644,68,33,66,19,186
3645,68,17,66,19,170
3646,50,17,66,19,152
3647,68,16,65,19,168
3648,66,33,67,17,183
3650,66,32,69,17,184
3651,68,13,69,17,167
3652,65,35,66,18,184
3653,68,16,66,18,168
3654,67,34,66,18,185
3658,66,34,68,17,185
3661,67,14,53,15,149
3664,68,32,66,17,183
3669,65,16,68,16,165
3672,66,34,66,17,183
3673,66,18,66,17,167
3674,68,33,67,15,183
3675,67,17,67,15,166
3676,67,33,66,18,184
3678,66,34,65,16,181
3682,66,33,67,18,184
3684,65,34,68,16,183
3685,66,18,68,16,168
3686,67,33,68,16,184
3688,67,35,66,17,185
3689,69,17,66,17,169
3691,67,17,68,14,166
3692,68,33,66,16,183
3693,66,17,66,16,165
3694,66,35,65,15,181
3697,66,17,66,17,166
3698,66,34,67,17,184
3699,83,32,67,18,200
3700,65,32,67,18,182
3702,66,35,65,18,184
3703,67,18,65,18,168
3705,69,15,68,17,169
3708,65,35,83,15,198
3709,83,32,66,18,199
3710,68,32,66,18,184
3711,67,15,66,18,166
3712,52,15,66,18,151
3713,66,18,67,15,166
3714,83,15,69,15,182
3715,66,15,69,15,165
3716,66,36,65,16,183
3717,67,18,65,16,166
3718,67,33,66,17,183
3719,66,18,66,17,167
3720,69,32,51,14,166
3722,81,18,68,16,183
3723,66,18,68,16,168
3724,66,31,69,17,183
3725,68,14,69,17,168
3726,65,37,66,17,185
3727,68,18,66,17,169
3728,68,32,67,15,182
3729,67,16,67,15,165
3731,67,17,66,16,166
3735,65,18,67,15,165
3736,66,34,67,16,183
3737,65,18,67,16,166
3739,68,17,69,12,166
3740,67,34,81,18,200
3741,66,19,81,18,184
3742,67,35,64,15,181
3744,69,31,67,15,182
3745,66,19,67,15,167
3746,66,33,64,19,182
3750,67,30,70,15,182
3751,67,15,70,15,167
3752,64,35,67,17,183
3753,84,35,66,14,199
3754,65,35,66,14,180
3755,85,32,67,17,201
3756,70,32,67,17,186
3757,66,17,67,17,167
3758,67,34,67,17,185
3760,66,33,67,15,181
3761,65,19,67,15,166
3762,67,34,65,19,185
3763,67,17,65,19,168
3766,67,32,67,18,184
3768,65,34,68,14,181
3769,67,15,68,14,164
3770,66,33,66,21,186
3771,51,33,66,21,171
3772,67,35,66,17,185
3774,68,31,67,17,183
3775,82,35,66,16,199
3777,69,14,66,16,165
3780,67,34,68,16,185
3781,63,17,68,16,164
3782,66,34,65,18,183
3783,83,34,66,15,198
3784,68,34,66,15,183
3785,67,18,66,15,166
3786,68,31,68,16,183
3788,65,35,66,16,182
3789,67,17,66,16,166
3791,65,18,67,17,167
3792,68,33,68,15,184
3793,83,34,66,16,199
3794,66,34,66,16,182
3795,67,18,66,16,167
3796,67,34,81,17,199
3797,68,17,81,17,183
3798,68,32,66,17,183
3800,66,33,66,17,182
3801,65,17,66,17,165
3802,81,17,68,16,182
3803,66,17,68,16,167
3804,66,33,68,18,185
3806,66,35,66,16,183
3807,85,33,67,17,202
3808,68,33,67,17,185
3809,84,33,66,18,201
3810,68,33,66,18,185
3811,69,15,66,18,168
3812,66,34,67,16,183
3814,67,32,68,16,183
3816,66,35,66,17,184
3817,85,33,65,18,201
3818,67,33,65,18,183
3819,66,17,65,18,166
3822,66,32,68,17,183
3827,68,15,67,17,167
3829,67,15,67,18,167
3830,65,35,66,17,183
3831,82,32,51,18,183
3832,67,32,51,18,168
3833,67,15,51,18,151
3834,67,34,68,15,184
3835,67,16,68,15,166
3836,66,35,65,17,183
3837,66,18,65,17,166
3838,69,33,66,17,185
3839,67,17,66,17,167
3841,66,17,68,16,167
3842,65,34,66,17,182
3843,66,17,66,17,166
3844,66,34,66,16,182
3845,68,17,66,16,167
3846,68,32,67,17,184
3847,67,16,67,17,167
3850,66,33,66,19,184
3851,66,17,66,19,168
3852,67,33,68,16,184
3853,67,16,68,16,167
3854,66,33,66,19,184
3855,68,15,66,19,168
3857,68,16,65,18,167
3860,66,34,67,16,183
3861,66,15,67,16,164
3864,67,34,52,17,170
3865,65,17,52,17,151
3866,67,33,66,18,184
3867,65,17,66,18,166
3868,67,36,65,16,184
3870,52,17,65,16,150
3871,67,16,68,15,166
3873,82,33,67,18,200
3874,65,33,67,18,183
3876,68,34,65,18,185
3878,67,33,66,16,182
3879,67,17,66,16,166
3880,67,32,68,18,185
3881,70,14,68,18,170
3882,65,34,69,14,182
3883,67,16,69,14,166
3885,64,18,67,17,166
3886,68,35,64,18,185
3888,69,32,66,17,184
3890,67,32,51,16,166
3892,64,34,67,16,181
3893,68,16,67,16,167
3894,66,33,68,16,183
3896,67,34,66,17,184
3897,67,16,66,17,166
3899,66,18,68,13,165
3900,68,32,66,18,184
3901,66,16,66,18,166
3903,67,19,64,17,167
3905,65,17,69,16,167
3907,67,16,66,17,166
3909,68,18,66,15,167
3910,51,18,66,15,150
3911,67,15,67,17,166
3912,51,15,67,17,150
3914,66,32,68,15,181
3915,65,17,68,15,165
3917,67,16,67,16,166
3918,65,35,66,16,182
3919,68,17,66,16,167
3920,68,32,66,17,183
3922,67,34,66,17,184
3923,65,18,66,17,166
3925,67,16,67,17,167
3926,66,34,66,18,184
3927,67,17,66,18,168
3928,66,33,68,18,185
3929,83,33,53,17,186
3930,67,33,53,17,170
3931,67,16,53,17,153
3932,66,35,82,19,202
3933,67,17,82,19,185
3935,69,17,66,14,166
3937,65,17,68,16,166
3939,83,32,68,16,199
3942,68,33,68,15,184
3943,67,17,68,15,167
3944,65,35,64,19,183
3945,68,18,64,19,169
3946,68,33,64,17,182
3947,68,17,64,17,166
3950,83,14,52,17,166
3951,67,14,52,17,150
3952,64,36,83,17,200
3953,66,19,83,17,185
3955,66,17,67,16,166
3956,52,17,67,16,152
3957,52,33,68,18,171
3958,83,17,65,17,182
3959,67,17,65,17,166
3960,67,34,64,17,182
3961,68,18,64,17,167
3962,68,31,67,18,184
3964,65,33,67,16,181
3966,64,34,66,19,183
3967,63,17,66,19,165
3970,67,33,66,17,183
3973,83,31,68,16,198
3974,68,31,68,16,183
3975,68,15,68,16,167
3976,66,35,67,15,183
3978,66,33,66,17,182
3980,52,16,66,17,151
3981,67,18,67,17,169
3983,65,17,68,16,166
3984,66,35,68,15,184
3986,67,33,65,18,183
3987,69,16,65,18,168
3988,68,35,64,17,184
3990,68,30,69,16,183
3991,66,15,69,16,166
3992,65,34,67,16,182
3993,67,16,67,16,166
3994,64,35,67,15,181
3995,84,32,67,16,199
3996,69,32,67,16,184
3997,67,16,67,16,166
3999,66,19,65,17,167
4000,67,32,66,18,183
4002,67,33,51,16,167
4005,67,16,67,18,168
4006,66,34,51,15,166
4007,68,16,51,15,150
4008,51,16,51,15,133
4010,67,33,51,16,167
4011,67,15,51,16,149
4012,51,15,51,16,133
4014,67,33,67,16,183
4016,51,16,67,16,150
4019,70,13,67,17,167
4020,67,35,66,17,185
4021,85,32,67,17,201
4022,67,32,67,17,183
4023,80,34,65,18,197
4024,67,34,65,18,184
4026,66,33,66,15,180
4027,69,16,66,15,166
4028,51,16,66,15,148
4029,67,15,68,15,165
4030,65,34,69,14,182
4031,82,34,65,17,198
4032,66,34,65,17,182
4033,83,35,63,17,198
4034,68,35,63,17,183
4035,65,20,63,17,165
4036,69,30,67,16,182
4037,54,30,67,16,167
4042,67,34,51,17,169
4043,66,18,51,17,152
4045,68,18,82,15,183
4046,69,33,64,19,185
4047,69,17,64,19,169
4048,51,17,64,19,151
4049,65,19,65,17,166
4051,66,15,68,18,167
4052,64,34,52,14,164
4053,69,15,52,14,150
4055,66,17,84,17,184
4057,67,14,69,15,165
4058,52,14,69,15,150
4060,84,17,66,17,184
4061,66,17,66,17,166
4062,69,32,67,15,183
4063,52,32,67,15,166
4064,66,34,67,16,183
4065,66,17,67,16,166
4066,66,33,67,17,183
4067,68,16,67,17,168
4068,67,34,67,16,184
4069,65,19,67,16,167
4070,67,33,66,17,183
4071,66,17,66,17,166
4072,67,34,65,20,186
4073,69,17,65,20,171
4074,67,32,68,17,184
4075,67,16,68,17,168
4076,66,33,52,14,165
4077,82,35,66,16,199
4081,68,14,68,17,167
4082,66,35,67,16,184
4083,81,33,67,17,198
4084,66,33,67,17,183
4085,65,17,67,17,166
4087,68,17,67,15,167
4089,67,17,67,17,168
4090,67,34,65,16,182
4093,66,18,67,16,167
4094,67,32,68,16,183
4095,67,15,68,16,166
4096,65,35,66,16,182
4098,67,33,67,16,183
4100,68,33,66,18,185
4101,68,17,66,18,169
4103,66,18,65,18,167
4104,67,32,68,17,184
4105,83,33,68,17,201
4106,66,33,68,17,184
4107,68,15,68,17,168
4108,50,15,68,17,150
4109,67,17,66,16,166
4110,68,33,67,15,183
4111,67,16,67,15,165
4112,68,33,65,17,183
4114,66,34,83,17,200
4115,65,18,83,17,183
4116,67,31,69,15,182
4117,65,16,69,15,165
4119,66,17,66,19,168
4120,83,17,66,16,182
4121,85,31,66,18,200
4122,69,31,66,18,184
4123,67,16,66,18,167
4124,66,35,67,16,184
4127,67,15,52,15,149
4128,66,36,66,17,185
4129,83,31,69,16,199
4130,67,31,69,16,183
4131,67,15,69,16,167
4133,67,17,67,18,169
4135,67,17,66,17,167
4137,67,17,66,17,167
4138,67,33,65,18,183
4139,83,33,67,17,200
4140,66,33,67,17,183
4142,66,32,52,17,167
4144,65,35,66,16,182
4146,67,34,67,17,185
4147,67,17,67,17,168
4148,52,17,67,17,153
4149,66,17,66,18,167
4150,66,35,66,17,184
4152,67,31,68,17,183
4153,69,14,68,17,168
4154,66,35,67,16,184
4155,68,17,67,16,168
4158,68,34,66,17,185
4161,66,17,66,18,167
4162,67,33,65,17,182
4164,66,33,66,18,183
4165,67,16,66,18,167
4166,66,32,67,19,184
4168,65,34,67,16,182
4169,65,17,67,16,165
4170,66,33,68,17,184
4173,69,15,68,17,169
4175,65,18,51,15,149
4177,66,17,67,16,166
4178,68,32,68,15,183
4179,69,15,68,15,167
4180,51,15,68,15,149
4181,67,17,65,17,166
4182,67,33,65,17,182
4183,66,17,65,17,165
4186,65,33,68,15,181
4187,66,16,68,15,165
4188,65,33,68,16,182
4189,67,16,68,16,167
4190,66,35,66,16,183
4191,67,17,66,16,166
4193,66,18,66,16,166
4195,83,33,67,17,200
4196,66,33,67,17,183
4197,67,17,67,17,168
4198,66,34,67,17,184
4199,66,18,67,17,168
4201,67,17,68,15,167
4202,67,34,67,16,184
4203,68,17,67,16,168
4204,67,34,66,17,184
4206,68,33,67,16,184
4207,84,33,67,17,201
4208,67,33,67,17,184
4209,66,17,67,17,167
4212,67,33,66,16,182
4213,67,17,66,16,166
4214,67,32,67,17,183
4216,65,34,66,18,183
4217,83,33,66,17,199
4218,66,33,66,17,182
4220,67,33,66,17,183
4223,68,15,70,14,167
4225,66,16,51,16,149
4226,66,37,80,18,201
4227,65,20,80,18,183
4228,70,30,68,17,185
4229,67,16,68,17,168
4231,69,16,65,18,168
4232,80,18,67,15,180
4233,66,18,67,15,166
4234,68,32,68,16,184
4235,66,15,68,16,165
4236,65,35,65,17,182
4237,85,33,66,18,202
4238,67,33,66,18,184
4239,83,32,67,16,198
4242,65,34,68,14,181
4244,66,33,67,17,183
4245,68,15,67,17,167
4247,85,32,66,18,201
4248,68,32,66,18,184
4249,82,34,65,18,199
4250,67,34,65,18,184
4251,68,17,65,18,168
4253,69,15,68,15,167
4255,67,15,68,17,167
4257,83,33,67,15,198
4259,83,32,69,17,201
4260,68,32,69,17,186
4263,67,18,66,18,169
4264,67,34,64,19,184
4265,65,19,64,19,167
4266,69,32,67,17,185
4268,66,32,69,15,182
4269,69,14,69,15,167
4270,64,35,69,14,182
4271,82,34,66,17,199
4273,66,17,66,17,166
4276,69,31,66,17,183
4277,66,17,66,17,166
4279,68,15,51,16,150
4282,66,33,68,15,182
4283,66,16,68,15,165
4285,69,16,66,16,167
4286,68,33,65,17,183
4287,67,17,65,17,166
4288,68,33,67,16,184
4290,66,32,69,16,183
4291,66,16,69,16,167
4292,65,35,67,17,184
4293,67,18,67,17,169
4296,69,33,65,17,184
4297,68,17,65,17,167
4298,50,17,65,17,149
4300,66,32,68,15,181
4301,66,16,68,15,165
4302,65,35,65,18,183
4305,65,19,67,17,168
4309,69,17,66,16,168
4310,67,32,68,15,182
4312,67,34,66,16,183
4314,66,34,67,15,182
4315,83,32,67,18,200
4317,66,17,67,18,168
4319,66,19,66,17,168
4320,67,32,68,16,183
4321,67,17,68,16,168
4322,67,34,65,17,183
4324,66,34,67,15,182
4326,68,31,67,15,181
4328,65,36,81,17,199
4330,67,31,67,16,181
4331,66,16,67,16,165
4332,67,34,68,16,185
4334,81,17,68,15,181
4336,67,35,65,17,184
4337,68,19,65,17,169
4338,68,33,66,18,185
4340,68,32,69,14,183
4341,67,17,69,14,167
4343,66,17,67,17,167
4344,66,35,64,17,182
4346,69,32,66,16,183
4349,81,34,67,16,198
4350,64,34,67,16,181
4351,84,32,51,17,184
4352,66,32,51,17,166
4353,65,16,51,17,149
4354,66,35,67,17,185
4355,68,16,67,17,168
4356,67,33,68,15,183
4359,66,17,84,16,183
4360,67,34,82,17,200
4361,68,17,82,17,184
4363,66,17,67,17,167
4364,84,16,66,18,184
4365,67,16,66,18,167
4367,67,17,67,17,168
4368,67,33,69,14,183
4369,66,16,69,14,165
4371,68,16,68,14,166
4376,68,32,65,17,182
4377,65,18,65,17,165
4378,65,33,68,15,181
4379,68,16,68,15,167
4381,67,16,68,16,167
4385,67,17,65,17,166
4386,68,34,66,16,184
4387,67,18,66,16,167
4388,66,31,68,17,182
4389,68,14,68,17,167
4390,65,35,50,15,165
4392,66,33,68,16,183
4393,82,32,68,17,199
4394,68,32,68,17,185
4395,68,15,68,17,168
4396,65,36,66,16,183
4397,68,17,66,16,167
4398,68,32,50,17,167
4399,67,16,50,17,150
4402,66,33,68,14,181
4404,50,17,68,14,149
4406,82,19,64,18,183
4408,68,31,69,15,183
4409,66,17,69,15,167
4410,67,33,67,19,186
4411,69,14,67,19,169
4412,64,36,64,19,183
4414,69,31,68,16,184
4419,68,16,65,18,167
4421,65,16,68,17,166
4422,67,33,67,18,185
4423,66,15,67,18,166
4424,65,35,65,18,183
4425,84,32,51,16,183
4427,67,15,51,16,149
4428,67,33,68,16,184
4429,67,15,68,16,166
4431,66,16,67,16,165
4432,51,16,67,16,150
4433,67,16,66,17,166
4434,68,33,66,16,183
4436,67,33,65,19,184
4437,82,33,51,18,184
4438,66,33,51,18,168
4440,66,32,68,17,183
4441,66,16,68,17,167
4442,65,37,65,16,183
4444,51,18,65,16,150
4445,67,17,67,17,168
4446,68,34,65,20,187
4447,83,33,68,15,199
4449,84,32,68,17,201
4450,67,32,68,17,184
4451,67,15,68,17,167
4452,65,36,67,15,183
4454,68,32,69,16,185
4455,66,17,69,16,168
4456,68,35,67,16,186
4457,65,18,67,16,166
4459,67,19,64,18,168
4460,69,33,66,17,185
4461,68,17,66,17,168
4462,67,31,69,20,187
4464,64,35,64,19,182
4466,66,34,65,17,182
4468,69,30,68,17,184
4470,64,35,67,16,182
4471,66,16,67,16,165
4472,65,33,69,15,182
4473,62,16,69,15,162
4474,68,34,68,15,185
4476,67,35,65,16,183
4477,66,19,65,16,166
4478,69,33,64,18,184
4480,68,32,67,17,184
4482,65,32,68,16,181
4483,82,35,66,16,199
4484,64,35,66,16,181
4486,67,33,66,17,183
4489,66,17,69,15,167
4490,66,33,66,17,182
4491,65,17,66,17,165
4493,86,30,68,16,200
4494,69,30,68,16,183
4495,68,15,68,16,167
4496,66,34,66,17,183
4497,66,17,66,17,166
4499,83,32,68,16,199
4500,68,32,68,16,184
4501,67,16,68,16,167
4502,66,36,84,14,200
4503,67,19,84,14,184
4504,68,32,66,17,183
4506,68,35,64,18,185
4507,67,19,64,18,168
4508,84,14,68,17,183
4510,66,33,67,19,185
4511,67,16,67,19,169
4512,64,35,65,19,183
4514,68,32,68,17,185
4515,68,15,68,17,168
4516,67,33,68,17,185
4517,68,14,68,17,167
4518,65,35,67,15,182
4519,67,16,67,15,165
4521,82,34,65,18,199
4523,83,30,53,17,183
4526,64,35,83,17,199
4528,65,35,65,16,181
4530,53,17,65,16,151
4532,83,17,68,17,185
4533,82,35,50,17,184
4534,65,35,50,17,167
4536,69,33,82,20,204
4538,68,34,68,15,185
4539,69,17,68,15,169
4540,67,34,65,16,182
4541,66,19,65,16,166
4542,82,20,80,19,201
4543,65,20,80,19,184
4544,68,31,83,17,199
4545,68,16,83,17,184
4547,67,17,67,15,166
4548,64,35,66,16,181
4549,65,19,66,16,166
4550,83,17,67,18,185
4552,67,34,67,15,183
4555,84,34,66,15,199
4556,67,34,66,15,182
4557,70,16,66,15,167
4559,83,34,66,18,201
4560,66,34,66,18,184
4561,64,18,66,18,166
4565,68,16,68,15,167
4566,66,33,67,19,185
4569,66,18,67,16,167
4572,67,35,66,16,184
4573,69,16,66,16,167
4574,51,16,66,16,149
4576,66,35,65,21,187
4577,66,16,65,21,168
4579,66,17,53,14,150
4580,68,32,68,15,183
4581,81,35,68,15,199
4582,65,35,68,15,183
4583,70,14,68,15,167
4584,53,14,68,15,150
4585,68,16,66,16,166
4586,68,35,79,20,202
4587,62,20,79,20,181
4589,66,16,82,19,183
4590,66,34,67,14,181
4591,67,18,67,14,166
4592,79,20,65,16,180
4593,64,20,65,16,165
4594,82,19,65,17,183
4597,67,18,66,18,169
4600,65,33,67,17,182
4601,68,16,67,17,168
4602,66,35,68,15,184
4603,68,17,68,15,168
4606,67,36,65,17,185
4607,66,19,65,17,167
4608,68,31,68,15,182
4609,81,34,84,16,215
4611,69,15,84,16,184
4612,65,34,84,17,200
4613,67,17,84,17,185
4615,64,17,69,14,164
4617,67,16,66,17,166
4618,84,17,65,16,182
4619,69,17,65,16,167
4621,65,17,67,18,167
4622,66,34,65,18,183
4624,65,33,67,19,184
4627,68,14,67,18,167
4628,65,35,65,20,185
4629,67,17,65,20,169
4633,67,15,70,14,166
4634,65,34,67,18,184
4636,67,36,67,13,183
4637,68,17,67,13,165
4638,70,31,68,15,184
4639,64,17,68,15,164
4640,67,36,80,18,201
4641,66,18,80,18,182
4645,65,19,66,18,168
4646,80,18,67,15,180
4647,67,18,67,15,167
4649,51,34,65,17,167
4650,66,33,66,17,182
4652,67,32,68,17,184
4653,81,34,66,16,197
4655,64,17,66,16,163
4657,51,34,66,16,167
4658,68,32,66,18,184
4660,66,34,67,17,184
4661,65,18,67,17,167
4663,65,16,69,17,167
4664,66,35,68,15,184
4665,68,17,68,15,168
4667,68,17,66,17,168
4669,68,17,66,17,168
4670,68,32,66,19,185
4676,66,34,68,17,185
4677,68,15,68,17,168
4678,66,32,53,14,165
4679,67,14,53,14,148
4682,68,31,67,18,184
4683,67,14,67,18,166
4684,53,14,67,18,152
4685,67,17,65,16,165
4686,66,32,68,17,183
4687,81,33,67,17,198
4688,67,33,67,17,184
4689,82,35,67,15,199
4691,66,19,67,15,167
4694,67,35,67,16,185
4695,86,32,67,13,198
4697,65,17,67,13,162
4700,67,32,67,18,184
4701,68,16,67,18,169
4702,51,16,67,18,152
4705,66,17,67,15,165
4707,54,32,50,18,154
4708,66,35,81,18,200
4709,84,33,66,17,200
4710,67,33,66,17,183
4711,64,18,66,17,165
4712,50,18,66,17,151
4713,64,18,51,15,148
4715,66,18,69,13,166
4716,66,32,67,17,182
4717,69,15,67,17,168
4720,69,30,67,18,184
4721,65,17,67,18,167
4722,67,36,65,16,184
4723,65,19,65,16,165
4725,67,17,68,17,169
4727,68,16,67,20,171
4728,65,34,65,18,182
4729,85,33,65,17,200
4730,68,33,65,17,183
4731,67,16,65,17,165
4732,51,16,65,17,149
4733,71,12,69,16,168
4734,65,33,70,14,182
4736,65,36,65,17,183
4738,69,34,65,15,183
4739,67,18,65,15,165
4741,67,17,67,15,166
4742,65,34,67,16,182
4745,66,18,66,17,167
4746,67,34,66,16,183
4747,65,19,66,16,166
4748,67,32,70,13,182
4749,68,16,70,13,167
4750,66,34,67,17,184
4751,68,17,67,17,169
4752,66,36,63,18,183
4753,66,20,63,18,167
4755,53,31,67,17,168
4756,67,32,52,15,166
4757,68,15,52,15,150
4758,63,35,67,16,181
4759,68,17,67,16,168
4762,52,15,68,16,151
4763,66,18,64,18,166
4765,66,17,65,18,166
4766,68,31,67,18,184
4767,67,15,67,18,167
4768,64,34,69,16,183
4769,66,16,69,16,167
4770,65,33,69,15,182
4772,67,36,64,18,185
4773,67,18,64,18,167
4774,69,33,68,17,187
4775,67,17,68,17,169
4777,66,16,54,15,151
4778,64,37,66,15,182
4779,66,19,66,15,166
4781,70,15,65,19,169
4782,54,15,65,19,153
4783,68,17,63,19,167
4785,64,16,68,15,163
4787,67,13,69,18,167
4788,63,36,65,17,181
4792,69,32,67,18,186
4793,82,39,62,16,199
4795,67,22,62,16,167
4797,64,17,67,16,164
4798,67,34,67,17,185
4799,68,16,67,17,168
4800,62,33,69,15,179
4801,67,17,69,15,168
4802,50,17,69,15,151
4803,83,35,81,18,217
4806,69,32,67,15,183
4808,67,32,69,14,182
4809,82,35,65,17,199
4810,81,18,65,17,181
4811,66,18,65,17,166
4812,67,34,65,16,182
4813,67,19,65,16,167
4814,69,31,67,17,184
4819,67,17,68,17,169
4820,67,34,66,16,183
4821,67,17,66,16,166
4822,67,34,65,18,184
4825,68,15,67,17,167
4826,66,33,66,18,183
4827,82,34,66,18,200
4828,65,34,66,18,183
4831,68,15,67,18,168
4832,66,34,68,17,185
4833,66,16,68,17,167
4834,66,33,67,16,182
4835,67,15,67,16,165
4836,67,35,65,17,184
4837,67,17,65,17,166
4839,67,15,67,18,167
4840,67,33,67,17,184
4842,65,34,67,17,183
4843,65,17,67,17,166
4844,67,33,67,16,183
4845,69,15,67,16,167
4846,67,34,65,19,185
4847,67,17,65,19,168
4849,66,16,51,16,149
4851,82,35,67,17,201
4854,51,16,67,17,151
4855,67,18,65,19,169
4856,69,33,66,16,184
4857,65,18,66,16,165
4858,67,32,67,16,182
4859,68,15,67,16,166
4860,65,34,67,15,181
4861,69,15,67,15,166
4862,66,33,68,17,184
4863,82,34,51,15,182
4864,67,34,51,15,167
4865,64,18,51,15,148
4866,67,34,67,16,184
4870,66,35,68,15,184
4871,51,35,68,15,169
4872,67,31,67,18,183
4874,66,37,65,17,185
4875,85,30,69,16,200
4876,68,30,69,16,183
4877,67,15,69,16,167
4878,67,35,67,15,184
4880,65,34,64,18,181
4881,84,33,65,17,199
4887,66,16,51,16,149
4888,65,34,67,16,182
4889,67,17,67,16,167
4891,67,16,67,18,168
4893,67,17,67,15,166
4894,67,33,66,17,183
4895,66,17,66,17,166
4898,67,32,69,15,183
4901,65,17,66,17,165
4902,66,35,65,16,182
4903,69,17,65,16,167
4904,69,31,66,18,184
4905,67,16,66,18,167
4906,66,34,50,18,168
4907,82,32,68,17,199
4908,65,32,68,17,182
4909,66,16,68,17,167
4910,66,36,64,19,185
4911,67,18,64,19,168
4914,68,32,68,16,184
4915,67,15,68,16,166
4916,64,34,67,16,181
4917,83,34,68,14,199
4918,66,34,68,14,182
4920,68,33,68,16,185
4922,67,35,66,16,184
4924,68,33,66,15,182
4925,66,19,66,15,166
4926,68,33,65,17,183
4927,68,17,65,17,167
4928,66,33,67,15,181
4929,52,33,67,15,167
4930,66,32,68,15,181
4931,65,17,68,15,165
4933,66,18,65,16,165
4934,67,33,66,16,182
4935,85,32,69,16,202
4936,68,32,69,16,185
4937,66,17,69,16,168
4938,65,34,51,15,165
4942,69,31,68,18,186
4943,69,15,68,18,170
4944,66,35,65,18,184
4945,67,18,65,18,168
4946,66,33,66,18,183
4947,66,17,66,18,167
4948,51,17,66,18,152
4950,65,34,68,16,183
4952,66,33,66,20,185
4953,66,15,66,20,167
4954,52,15,66,20,153
4956,68,31,68,17,184
4957,81,34,68,15,198
4958,66,34,68,15,183
4959,83,34,66,19,202
4960,65,34,66,19,184
4961,67,16,66,19,168
4962,68,34,65,17,184
4963,65,17,65,17,164
4964,68,32,67,16,183
4965,65,17,67,16,165
4966,66,33,68,16,183
4968,65,34,69,13,181
4969,67,17,69,13,166
4970,67,34,65,17,183
4971,64,18,65,17,164
4972,68,35,82,17,202
4974,69,30,69,17,185
4978,82,17,82,17,198
4979,69,17,82,17,185
4980,69,32,82,18,201
4981,69,15,82,18,184
4982,51,15,82,18,166
4985,65,17,67,17,166
4986,67,33,68,16,184
4987,65,18,68,16,167
4988,65,34,66,16,181
4989,67,17,66,16,166
4991,69,17,83,17,186
4992,68,32,68,16,184
4995,65,17,67,16,165
4997,67,17,65,18,167
4999,52,32,68,15,167
5000,67,33,67,17,184
5003,67,17,65,16,165
5004,68,32,68,15,183
5006,67,33,66,19,185
5007,66,16,66,19,167
5008,65,35,65,16,181
5010,68,31,69,15,183
5013,69,15,68,17,169
5014,65,35,50,15,165
5015,66,19,50,15,150
5016,69,33,67,16,185
5019,69,15,68,15,167
5020,50,15,68,15,148
5021,67,18,65,17,167
5022,67,33,66,17,183
5023,66,17,66,17,166
5024,68,32,51,16,167
5026,65,34,65,18,182
5027,66,17,65,18,166
5028,66,33,68,16,183
5029,68,16,68,16,168
5030,67,32,68,16,183
5032,65,36,65,18,184
5033,66,18,65,18,167
5034,68,32,66,17,183
5035,66,16,66,17,165
5036,68,33,66,18,185
5037,66,17,66,18,167
5040,66,33,52,17,168
5042,66,37,63,19,185
5044,70,32,67,16,185
5045,68,17,67,16,168
5046,69,31,52,15,167
5047,65,17,52,15,149
5049,67,17,64,17,165
5050,67,31,67,16,181
5052,52,15,67,16,150
5053,66,15,69,15,165
5055,82,35,66,17,200
5057,84,32,66,17,199
5058,69,32,66,17,184
5060,67,34,66,19,186
5061,68,17,66,19,170
5062,66,32,68,18,184
5064,66,34,68,15,183
5065,66,17,68,15,166
5066,66,34,67,17,184
5067,83,34,67,15,199
5068,68,34,67,15,184
5070,68,33,65,18,184
5071,64,18,65,18,165
5072,67,34,65,16,182
5075,67,16,68,17,168
5076,65,34,67,18,184
5077,66,16,67,18,167
5078,65,34,66,17,182
5079,66,18,66,17,167
5080,68,33,67,16,184
5081,67,16,67,16,166
5083,69,15,68,16,168
5084,66,34,65,19,184
5085,66,17,65,19,167
5088,68,31,69,15,183
5090,65,34,68,16,183
5091,68,15,68,16,167
5092,65,35,66,15,181
5093,67,17,66,15,165
5094,69,33,67,15,184
5095,65,18,67,15,165
5096,68,33,67,17,185
5097,66,17,67,17,167
5098,66,34,65,18,183
5100,67,33,67,16,183
5101,66,18,67,16,167
5102,67,32,68,15,182
5103,69,15,68,15,167
5105,68,17,66,16,167
5108,68,33,66,18,185
5109,65,18,66,18,167
5110,66,34,67,17,184
5111,84,32,52,15,183
5113,67,17,52,15,151
5114,66,35,65,17,183
5116,67,32,65,18,182
5117,69,15,65,18,167
5118,52,15,65,18,150
5119,65,17,68,16,166
5124,50,18,65,19,152
5125,67,16,66,17,166
5126,52,16,66,17,151
5127,67,16,68,16,167
5129,82,35,82,19,218
5130,66,35,82,19,202
5133,65,16,86,16,183
5134,51,16,86,16,169
5135,67,16,69,16,168
5136,82,19,65,17,183
5137,66,19,65,17,167
5138,69,33,65,16,183
5139,69,16,65,16,166
5141,68,16,68,15,167
5142,65,33,67,18,183
5143,65,16,67,18,166
5144,65,35,65,19,184
5145,84,32,66,16,198
5146,68,32,66,16,182
5147,66,17,66,16,165
5148,67,33,67,17,184
5149,69,15,67,17,168
5150,65,33,66,19,183
5152,66,34,66,17,183
5154,67,32,67,18,184
5155,80,34,70,14,198
5156,66,34,70,14,184
5158,66,33,51,17,167
5161,85,31,66,18,200
5162,70,31,66,18,185
5164,68,33,67,15,183
5165,65,18,67,15,165
5166,64,33,67,15,179
5167,67,16,67,15,165
5168,66,34,67,15,182
5169,69,16,67,15,167
5170,67,33,67,17,184
5171,65,18,67,17,167
5172,67,34,66,18,185
5175,67,18,51,14,150
5176,67,33,67,16,183
5177,69,16,67,16,168
5179,69,14,69,14,166
5181,67,16,65,17,165
5182,67,34,65,19,185
5183,65,18,65,19,167
5184,69,31,67,17,184
5185,64,17,67,17,165
5187,83,33,70,14,200
5188,65,33,70,14,182
5189,70,14,70,14,168
5190,67,34,68,16,185
5191,67,17,68,16,168
5192,67,36,65,17,185
5193,64,20,65,17,166
5194,70,32,66,15,183
5196,68,33,68,16,185
5197,68,17,68,16,169
5198,65,33,51,17,166
5201,65,20,66,17,168
5202,68,33,66,16,183
5203,67,17,66,16,166
5204,51,17,66,16,150
5205,66,20,66,15,167
5206,66,33,65,18,182
5207,67,16,65,18,166
5208,66,33,66,15,180
5209,69,17,66,15,167
5210,66,32,68,15,181
5211,64,17,68,15,164
5213,83,34,65,16,198
5215,66,19,65,16,166
5216,68,33,65,18,184
5218,67,32,71,14,184
5219,69,15,71,14,169
5220,65,33,67,17,182
5222,65,38,82,14,199
5223,86,29,53,14,182
5225,55,29,53,14,151
5229,68,14,68,16,166
5231,67,17,66,18,168
5232,66,34,67,16,183
5233,63,19,67,16,165
5234,68,32,51,18,169
5235,67,16,51,18,152
5236,50,16,51,18,135
5238,67,34,65,18,184
5239,67,18,65,18,168
5240,51,18,65,18,152
5241,67,15,66,17,165
5243,83,32,69,16,200
5244,65,32,69,16,182
5247,66,17,68,16,167
5248,66,35,66,19,186
5249,65,18,66,19,168
5250,69,33,65,18,185
5252,68,33,65,18,184
5253,67,17,65,18,167
5256,65,33,52,18,168
5257,67,15,52,18,152
5258,65,35,67,16,183
5260,68,35,64,17,184
5261,67,18,64,17,166
5262,52,18,64,17,151
5265,66,16,52,15,149
5266,64,34,82,18,198
5267,83,33,67,16,199
5268,66,33,67,16,182
5269,68,15,67,16,166
5271,66,18,66,17,167
5272,82,18,67,17,184
5273,82,33,68,16,199
5274,67,33,68,16,184
5275,67,17,68,16,168
5276,66,34,67,16,183
5278,67,34,66,16,183
5279,68,17,66,16,167
5282,67,33,51,17,168
5283,83,35,82,15,215
5284,66,35,82,15,198
5286,68,33,81,18,200
5289,68,17,82,16,183
5290,82,15,67,17,181
5293,65,18,66,17,166
5294,82,16,67,17,182
5297,67,17,66,19,169
5298,66,33,52,15,166
5299,67,16,52,15,150
5300,67,33,83,18,201
5301,83,34,67,17,201
5302,66,34,67,17,184
5303,68,15,67,17,167
5305,67,15,68,16,166
5306,83,18,66,18,185
5307,82,33,68,16,199
5308,67,33,68,16,184
5310,68,33,67,16,184
5312,66,35,64,17,182
5313,67,17,64,17,165
5315,68,16,66,18,168
5316,67,32,69,15,183
5317,81,34,67,16,198
5318,64,34,67,16,181
5322,69,32,68,15,184
5323,52,32,68,15,167
5324,67,34,66,18,185
5325,65,18,66,18,167
5326,66,34,66,16,182
5327,67,18,66,16,167
5328,68,32,66,18,184
5329,67,17,66,18,168
5330,66,34,66,16,182
5333,67,16,67,17,167
5335,66,16,68,16,166
5336,66,33,66,18,183
5337,66,17,66,18,167
5338,67,35,65,19,186
5339,84,31,53,16,184
5340,68,31,53,16,168
5341,68,15,53,16,152
5342,66,34,85,16,201
5343,67,16,85,16,184
5346,53,16,66,16,151
5347,67,18,66,15,166
5348,85,16,66,17,184
5349,66,16,66,17,165
5350,66,34,65,16,181
5351,66,18,65,16,165
5353,65,17,68,17,167
5355,50,33,68,15,166
5357,66,19,66,15,166
5358,68,33,67,16,184
5359,68,16,67,16,167
5361,67,18,65,18,168
5362,66,34,66,16,182
5364,67,31,68,17,183
5366,65,35,65,19,184
5367,68,17,65,19,169
5368,66,33,66,17,182
5369,66,17,66,17,166
5371,67,15,68,17,167
5372,65,34,51,16,166
5374,66,34,67,16,183
5375,83,33,67,15,198
5378,67,34,65,18,184
5380,67,33,50,17,167
5382,67,32,68,16,183
5385,67,17,67,14,165
5387,52,33,66,17,168
5388,68,34,65,18,185
5389,84,32,68,15,199
5390,67,32,68,15,182
5393,67,16,68,15,166
5394,65,35,67,17,184
5395,69,17,67,17,170
5397,66,18,66,17,167
5400,67,32,66,17,182
5401,69,15,66,17,167
5402,66,32,69,15,182
5403,68,15,69,15,167
5406,66,35,65,19,185
5407,84,32,67,18,201
5408,69,32,67,18,186
5411,66,17,68,15,166
5412,65,34,68,16,183
5413,69,15,68,16,168
5415,69,16,67,15,167
5416,68,34,65,16,183
5417,64,19,65,16,164
5418,68,33,65,18,184
5419,66,17,65,18,166
5421,67,17,51,16,151
5422,65,33,67,18,183
5425,68,16,68,16,168
5426,51,16,68,16,151
5427,68,16,66,18,168
5428,67,35,65,16,183
5429,67,17,65,16,165
5431,67,15,68,16,166
5432,51,15,68,16,150
5433,66,16,67,17,166
5434,65,34,66,18,183
5435,65,18,66,18,167
5436,68,33,66,17,184
5438,67,33,68,17,185
5440,66,33,52,16,167
5442,66,35,66,16,183
5444,68,33,67,16,184
5447,51,33,67,16,167
5448,66,34,65,17,182
5449,65,18,65,17,165
5450,67,33,67,16,183
5451,83,32,69,15,199
5453,67,16,69,15,167
5454,65,35,68,14,182
5455,66,18,68,14,166
5456,67,34,65,16,182
5457,67,18,65,16,166
5458,69,34,66,14,183
5459,67,19,66,14,166
5460,68,31,66,18,183
5461,66,17,66,18,167
5462,65,35,63,18,181
5464,66,31,67,17,181
5465,66,17,67,17,167
5466,66,32,52,16,166
5467,68,14,52,16,150
5468,63,35,69,16,183
5469,67,17,69,16,169
5470,67,33,67,16,183
5473,68,18,66,16,168
5474,69,31,66,18,184
5476,67,35,66,17,185
5479,66,15,52,15,148
5480,66,35,66,17,184
5481,68,17,66,17,168
5482,66,32,68,17,183
5483,67,15,68,17,167
5486,66,34,67,17,184
5487,66,17,67,17,167
5488,68,32,52,15,167
5489,67,15,52,15,149
5490,51,15,52,15,133
5492,67,32,66,18,183
5493,67,15,66,18,166
5494,52,15,66,18,151
5495,70,14,65,18,167
5497,67,14,67,17,165
5498,66,34,67,18,185
5499,79,33,52,15,179
5500,65,33,52,15,165
5501,66,15,52,15,148
5502,67,34,67,16,184
5504,67,33,68,16,184
5505,67,15,68,16,166
5506,52,15,68,16,151
5508,67,34,66,17,184
5509,83,32,51,14,180
5512,66,34,83,17,200
5513,68,16,83,17,184
5516,65,34,68,16,183
5519,83,33,67,18,201
5521,67,15,67,18,167
5522,68,32,53,14,167
5523,66,16,53,14,149
5524,65,35,66,18,184
5525,65,17,66,18,166
5528,53,14,67,17,151
5531,81,35,65,16,197
5534,68,33,66,17,184
5537,66,17,68,17,168
5538,65,34,66,17,182
5539,83,34,65,18,200
5541,68,17,65,18,168
5543,69,15,51,16,151
5544,66,33,67,17,183
5545,82,34,70,12,198
5546,65,34,70,12,181
5547,66,16,70,12,164
5548,67,33,66,18,184
5549,67,16,66,18,167
5550,67,37,64,17,185
5551,86,29,52,16,183
5553,65,17,52,16,150
5554,66,35,84,17,202
5555,67,17,84,17,185
5556,64,33,84,15,196
5557,69,16,84,15,184
5558,52,16,84,15,167
5561,67,17,66,17,167
5563,67,15,68,18,168
5564,66,35,65,18,184
5565,68,15,65,18,166
5567,67,16,66,18,167
5568,68,32,67,18,185
5569,66,14,67,18,165
5571,66,16,68,17,167
5572,66,33,52,16,167
5573,81,35,65,16,197
5574,67,35,65,16,183
5577,67,16,67,14,164
5578,52,16,67,14,149
5580,65,35,67,14,181
5582,67,33,66,18,184
5584,68,34,64,18,184
5587,67,18,66,17,168
5588,66,32,69,15,182
5589,83,34,68,15,200
5590,64,34,68,15,181
5593,65,18,67,15,165
5594,69,33,65,19,186
5595,66,18,65,19,168
5599,67,16,67,16,166
5600,65,36,81,18,200
5601,69,17,81,18,185
5602,67,31,68,17,183
5604,67,34,68,15,184
5605,64,18,68,15,165
5608,68,34,65,16,183
5610,68,32,67,19,186
5611,67,17,67,19,170
5613,66,16,53,15,150
5614,65,34,66,17,182
5615,66,18,66,17,167
5618,53,15,65,17,150
5620,66,33,69,15,183
5621,80,33,66,18,197
5622,65,33,66,18,182
5623,68,16,66,18,168
5625,66,19,66,16,167
5626,69,30,52,17,168
5629,85,33,83,15,216
5630,66,33,83,15,197
5631,67,17,83,15,182
5632,52,17,83,15,167
5633,66,17,66,19,168
5635,67,15,67,17,166
5637,68,15,67,20,170
5638,66,34,66,18,184
5640,52,15,66,18,151
5641,66,16,68,16,166
5642,67,33,70,16,186
5643,68,13,70,16,167
5644,66,35,65,19,185
5645,67,17,65,19,168
5646,68,35,65,15,183
5648,70,30,69,14,183
5652,65,34,67,15,181
5653,83,33,84,14,214
5654,69,33,84,14,200
5655,64,19,84,14,181
5657,67,19,64,20,170
5658,67,33,68,16,184
5661,69,14,53,15,151
5663,69,17,80,19,185
5664,68,31,81,19,199
5665,67,15,81,19,182
5666,53,15,81,19,168
5667,83,33,66,17,199
5668,80,19,66,17,182
5669,64,19,66,17,166
5671,65,19,66,16,166
5672,65,34,66,17,182
5673,69,16,66,17,168
5675,70,15,70,15,170
5677,82,36,81,15,214
5678,66,36,81,15,198
5679,66,19,81,15,181
5680,70,31,65,18,184
5681,69,16,65,18,168
5682,67,34,66,16,183
5684,81,15,69,15,180
5686,65,35,66,18,184
5687,67,17,66,18,168
5689,66,18,66,18,168
5690,69,32,68,15,184
5691,66,17,68,15,166
5693,68,16,66,18,168
5695,69,16,67,17,169
5697,82,35,66,17,200
5698,66,35,66,17,184
5699,66,17,66,17,166
5700,67,33,68,13,181
5703,68,15,65,19,167
5704,66,35,65,16,182
5705,84,30,68,15,197
5706,68,30,68,15,181
5707,80,35,65,18,198
5708,65,35,65,18,183
5709,67,16,65,18,166
5710,65,33,67,16,181
5712,68,32,68,18,186
5713,64,17,68,18,167
5715,67,17,51,15,150
5716,67,33,67,17,184
5717,68,17,67,17,169
5719,68,15,67,16,166
5721,68,16,65,18,167
5722,67,33,50,18,168
5723,66,16,50,18,150
5724,51,16,50,18,135
5729,67,18,66,16,167
5731,66,18,66,15,165
5732,66,33,67,17,183
5733,66,18,67,17,168
5736,66,34,50,17,167
5737,66,19,50,17,152
5738,67,32,85,16,200
5739,68,15,85,16,184
5741,69,17,66,18,170
5742,67,32,66,17,182
5743,66,16,66,17,165
5744,67,34,66,18,185
5746,66,32,68,17,183
5748,66,34,67,16,183
5751,66,16,68,16,166
5752,68,33,51,15,167
5753,68,16,51,15,150
5755,65,19,83,13,180
5756,68,31,65,18,182
5757,67,15,65,18,165
5758,51,15,65,18,149
5759,68,17,68,15,168
5760,83,13,70,16,182
5763,65,20,63,19,167
5765,66,17,67,15,165
5766,53,17,67,15,152
5767,68,15,67,19,169
5768,63,36,67,15,181
5769,67,17,67,15,166
5770,67,31,68,16,182
5773,67,17,65,16,165
5774,67,32,66,17,182
5778,65,33,67,16,181
5783,52,32,52,17,153
5784,67,33,68,17,185
5785,66,17,68,17,168
5786,65,36,66,14,181
5787,70,17,66,14,167
5788,52,17,66,14,149
5789,53,32,65,17,167
5791,66,17,64,20,167
5792,66,31,68,16,181
5793,66,17,68,16,167
5794,65,33,67,17,182
5795,81,35,67,15,198
5796,64,35,67,15,181
5797,70,15,67,15,167
5798,53,15,67,15,150
5799,51,32,66,19,168
5800,67,35,66,17,185
5801,64,18,66,17,165
5802,67,31,68,19,185
5803,82,35,52,15,184
5804,66,35,52,15,168
5805,84,33,84,15,216
5806,66,33,84,15,198
5807,68,16,84,15,183
5808,68,34,83,16,201
5809,68,15,83,16,182
5811,50,32,67,16,165
5813,65,15,69,15,164
5816,67,35,65,19,186
5817,65,19,65,19,168
5818,50,19,65,19,153
5819,66,18,51,14,149
5820,68,32,52,15,167
5821,68,16,52,15,151
5823,69,14,69,15,167
5824,51,14,69,15,149
5826,52,15,68,17,152
5827,65,18,64,19,166
5828,69,33,67,14,183
5829,65,18,67,14,164
5830,68,31,70,13,182
5831,68,14,70,13,165
5832,64,36,67,16,183
5834,67,34,63,19,183
5835,64,20,63,19,166
5836,70,33,64,19,186
5840,63,34,68,16,181
5842,64,36,66,16,182
5843,67,17,66,16,166
5844,70,32,66,17,185
5845,65,18,66,17,166
5846,68,34,66,17,185
5848,66,32,68,16,182
5849,68,16,68,16,168
5850,66,34,65,19,184
5854,68,31,51,16,166
5856,65,35,67,16,183
5857,67,16,67,16,166
5858,50,16,67,16,149
5859,66,16,68,16,166
5860,51,16,68,16,151
5861,66,17,67,15,165
5862,67,33,66,16,182
5863,67,17,66,16,166
5864,68,34,66,15,183
5865,66,18,66,15,165
5866,67,32,66,18,183
5867,66,17,66,18,167
5868,66,34,67,16,183
5869,84,32,67,18,201
5870,66,32,67,18,183
5871,66,17,67,18,168
5872,66,35,68,14,183
5874,67,32,68,15,182
5875,68,16,68,15,167
5876,67,36,64,18,185
5877,67,18,64,18,167
5880,68,32,65,18,183
5881,65,17,65,18,165
5882,64,35,65,16,180
5883,68,17,65,16,166
5884,67,30,51,18,166
5885,69,13,51,18,151
5886,65,35,67,16,183
5888,65,34,67,15,181
5889,64,18,67,15,164
5890,51,18,67,15,151
5891,67,17,66,18,168
5892,67,34,65,17,183
5893,67,18,65,17,167
5894,67,32,50,18,167
5896,66,33,69,15,183
5897,68,15,69,15,167
5898,65,35,67,15,182
5899,67,18,67,15,167
5900,68,34,67,15,184
5901,50,34,67,15,166
5902,51,18,67,15,151
5903,67,18,65,17,167
5904,67,34,67,13,181
5905,66,19,67,13,165
5906,67,31,68,14,180
5907,67,16,68,14,165
5909,67,19,64,17,167
5910,67,32,65,20,184
5911,65,19,65,20,169
5912,68,32,66,18,184
5914,64,33,69,16,182
5918,53,13,68,15,149
5919,67,18,65,17,167
5920,69,32,65,18,184
5922,68,33,69,14,184
5923,65,18,69,14,166
5924,65,32,69,17,183
5926,65,37,65,15,182
5927,68,19,65,15,167
5928,69,32,67,16,184
5930,69,33,65,19,186
5931,68,16,65,19,168
5935,81,34,67,16,198
5936,65,34,67,16,182
5937,69,15,67,16,167
5938,65,33,67,17,182
5941,66,16,66,17,165
5942,67,33,66,19,185
5945,66,16,67,16,165
5946,66,33,67,16,182
5947,83,34,68,18,203
5948,66,34,68,18,186
5949,83,33,68,15,199
5951,66,17,68,15,166
5952,67,35,66,14,182
5953,64,19,66,14,163
5954,68,33,67,16,184
5956,68,33,66,19,186
5957,67,18,66,19,170
5959,62,20,66,17,165
5960,67,32,66,18,183
5961,68,16,66,18,168
5962,66,34,66,17,183
5963,71,15,66,17,169
5964,66,32,67,18,183
5967,81,33,67,17,198
5970,51,16,67,17,151
5971,67,17,66,16,166
5973,51,32,67,17,167
5974,67,34,67,17,185
5976,66,33,66,16,181
5978,67,34,70,13,184
5979,67,17,70,13,167
5980,67,32,68,15,182
5981,68,15,68,15,166
5982,66,38,80,15,199
5983,87,30,65,19,201
5985,66,17,65,19,167
5986,68,32,67,19,186
5987,67,17,67,19,170
5988,80,15,53,16,164
5989,67,15,53,16,151
5990,65,34,84,16,199
5992,67,35,81,19,202
5993,68,16,81,19,184
5994,53,16,81,19,169
5995,50,32,68,14,164
5996,84,16,68,17,185
5997,65,16,68,17,166
