序号,发送->接收,接收->转发,转发->接收,接收->处理,总计
1,0,39,13,18,70
2,13,18,16,19,66
3,0,18,16,19,53
5,19,30,33,19,101
6,48,15,19,14,96
7,33,15,19,14,81
9,82,34,18,15,149
11,48,34,18,15,115
12,34,34,18,15,101
13,50,33,34,16,133
14,34,33,34,16,117
15,17,33,34,16,100
16,18,15,34,16,83
17,15,34,16,17,82
18,34,33,15,20,102
19,17,33,15,20,85
22,15,20,15,16,66
23,35,16,18,16,85
24,15,16,18,16,65
25,16,34,117,18,185
26,18,16,117,18,169
27,16,33,84,18,151
30,16,17,51,18,102
33,16,35,15,19,85
34,17,18,15,19,69
35,82,36,16,16,150
37,49,36,16,16,117
39,15,36,16,16,83
40,18,18,16,16,68
43,16,33,33,17,99
44,16,17,33,17,83
45,17,33,34,17,101
46,0,33,34,17,84
47,15,34,34,15,98
49,0,17,34,15,66
51,0,17,15,18,50
52,15,18,84,15,132
53,34,17,51,15,117
54,16,17,51,15,99
56,17,16,18,15,66
58,18,15,18,16,67
60,34,38,13,15,100
61,16,38,13,15,82
62,17,21,13,15,66
63,21,28,18,17,84
64,13,15,18,17,63
65,15,35,15,16,81
67,17,31,18,16,82
68,15,16,18,16,65
69,16,34,16,19,85
70,18,16,16,19,69
71,51,33,16,18,118
72,35,33,16,18,102
73,19,33,16,18,86
75,34,18,16,16,84
76,16,18,16,16,66
77,18,32,17,16,83
79,117,32,33,16,198
81,84,32,33,16,165
82,68,32,33,16,149
83,50,32,33,16,131
84,35,32,33,16,116
88,17,16,16,18,67
89,16,34,16,18,84
90,16,18,16,18,68
92,0,34,133,17,184
93,18,32,101,17,168
94,17,15,101,17,150
96,17,16,68,17,118
97,16,35,33,17,101
98,17,18,33,17,85
100,100,33,32,18,183
101,83,33,32,18,166
102,67,33,32,18,150
103,50,33,32,18,133
104,35,33,32,18,118
105,17,33,32,18,100
106,16,17,32,18,83
108,16,16,18,17,67
109,34,17,16,16,83
111,17,32,34,16,99
112,16,16,34,16,82
113,16,34,16,17,83
114,34,33,18,16,101
115,18,33,18,16,85
116,16,17,18,16,67
117,17,34,16,16,83
118,18,16,16,16,66
120,16,16,34,18,84
122,17,17,18,16,68
124,0,34,17,16,67
125,16,33,18,16,83
126,17,16,18,16,67
128,34,33,16,18,101
129,16,33,16,18,83
130,0,33,16,18,67
131,67,16,49,17,149
132,50,16,49,17,132
134,16,16,49,17,98
135,16,33,33,18,100
136,17,16,33,18,84
138,16,17,118,15,166
140,18,16,84,15,133
142,16,16,52,15,99
143,34,16,33,19,102
144,34,33,19,15,101
146,18,15,19,15,67
148,19,15,17,17,68
149,0,15,17,17,49
151,17,32,34,17,100
152,19,13,34,17,83
153,13,34,33,17,97
154,18,16,33,17,84
157,16,34,16,17,83
158,17,17,16,17,67
159,17,33,17,17,84
160,16,17,17,17,67
161,17,34,17,16,84
162,17,17,17,16,67
163,17,33,17,15,82
164,17,16,17,15,65
165,16,32,35,16,99
166,83,18,16,16,133
168,51,18,16,16,101
169,31,18,16,16,81
170,16,18,16,16,66
171,34,16,17,20,87
172,16,16,17,20,69
173,16,37,32,14,99
174,17,20,32,14,83
175,20,32,14,18,84
177,19,32,17,16,84
178,14,18,17,16,65
180,33,32,19,15,99
181,16,32,19,15,82
182,17,15,19,15,66
183,15,34,16,18,83
184,19,15,16,18,68
185,15,34,16,17,82
188,16,17,17,17,67
189,17,34,17,15,83
192,17,15,17,18,67
193,15,35,16,21,87
195,18,37,11,17,83
196,0,37,11,17,65
197,21,28,18,16,83
198,11,17,18,16,62
199,17,34,33,16,100
200,0,34,33,16,83
203,16,34,16,17,83
204,16,18,16,17,67
205,18,33,16,18,85
206,16,17,16,18,67
207,33,18,33,17,101
208,118,15,17,17,167
209,102,15,17,17,151
210,84,15,17,17,133
212,51,15,17,17,100
213,34,15,17,17,83
215,15,34,17,16,82
216,17,17,17,16,67
217,17,33,17,17,84
218,17,16,17,17,67
220,0,34,82,18,134
221,32,17,50,18,117
225,0,15,17,18,50
226,0,35,50,15,100
228,0,32,18,15,65
229,35,15,150,17,217
230,67,33,83,17,200
231,49,33,83,17,182
232,34,33,83,17,167
233,17,33,83,17,150
234,33,34,49,17,133
236,0,34,49,17,100
237,15,32,17,17,81
238,84,15,17,18,134
239,67,15,17,18,117
240,67,35,17,18,137
242,33,35,17,18,103
243,15,35,17,18,85
245,18,35,15,17,85
246,0,35,15,17,67
248,15,17,15,17,64
249,17,32,18,16,83
250,32,34,16,18,100
252,34,34,17,16,101
253,16,34,17,16,83
258,16,17,17,18,68
259,17,35,16,15,83
260,17,18,16,15,66
261,18,31,33,18,100
262,0,31,33,18,82
265,15,34,18,15,82
266,18,16,18,15,67
267,16,33,18,16,83
268,18,15,18,16,67
269,15,34,16,17,82
270,18,16,16,17,67
271,32,17,118,15,182
272,16,17,118,15,166
274,33,33,83,17,166
275,16,33,83,17,149
276,18,15,83,17,133
277,15,35,48,17,115
279,84,34,17,16,151
281,48,34,17,16,115
283,17,34,17,16,84
284,0,34,17,16,67
287,16,35,16,15,82
288,17,18,16,15,66
289,34,15,19,15,83
290,16,15,19,15,65
292,0,34,16,18,68
293,15,34,15,17,81
294,0,34,15,17,66
297,69,15,18,16,118
298,52,15,18,16,101
299,34,15,18,16,83
300,17,15,18,16,66
301,84,33,32,17,166
302,69,33,32,17,151
304,35,33,32,17,117
307,17,32,34,17,100
309,17,34,17,15,83
311,34,15,17,18,84
312,17,15,17,18,67
313,32,18,15,17,82
314,17,18,15,17,67
315,18,32,16,17,83
316,15,17,16,17,65
317,33,17,18,17,85
318,16,17,18,17,68
319,35,17,17,16,85
321,17,33,16,18,84
322,0,33,16,18,67
324,66,34,15,19,134
325,50,34,15,19,118
327,17,34,15,19,85
329,101,15,84,17,217
330,84,15,84,17,200
332,50,15,84,17,166
334,18,15,84,17,134
335,15,33,51,17,116
336,0,33,51,17,101
337,17,35,16,17,85
338,19,16,16,17,68
339,16,33,17,16,82
341,34,16,16,18,84
342,33,34,15,19,101
343,16,34,15,19,84
345,33,19,16,17,85
346,15,19,16,17,67
347,19,33,15,16,83
348,33,31,19,16,99
350,31,35,17,17,100
351,16,35,17,17,85
353,64,19,183,18,284
354,48,19,183,18,268
355,31,19,183,18,251
356,14,19,183,18,234
357,19,32,151,18,220
360,50,17,84,18,169
361,32,17,84,18,151
362,17,17,84,18,136
365,17,34,17,18,86
367,18,35,32,15,100
369,18,32,15,19,84
370,32,34,16,16,98
371,32,19,16,16,83
373,19,32,117,16,184
375,16,33,84,16,149
377,16,33,51,16,116
378,17,16,51,16,100
379,16,34,17,16,83
380,18,16,17,16,67
381,16,33,18,16,83
384,0,34,16,18,68
386,184,18,15,18,235
389,134,18,15,18,185
390,116,18,15,18,167
391,102,18,15,18,153
392,76,18,15,18,127
393,69,18,15,18,120
394,52,18,15,18,103
395,35,18,15,18,86
396,17,18,15,18,68
397,18,33,15,17,83
399,0,18,15,17,50
400,32,33,17,17,99
401,33,17,17,17,84
402,16,17,17,17,67
403,17,34,16,17,84
404,17,17,16,17,67
406,16,17,17,18,68
407,34,18,16,17,85
408,51,17,16,19,103
409,34,17,16,19,86
410,16,17,16,19,68
413,0,19,13,17,49
414,0,30,16,17,63
415,17,33,18,16,84
416,33,34,32,17,116
417,17,34,32,17,100
419,16,32,17,17,82
420,32,34,18,15,99
421,14,34,18,15,81
424,18,15,20,13,66
425,15,33,19,15,82
426,20,13,19,15,67
427,32,15,20,17,84
428,19,15,20,17,71
429,15,37,13,18,83
430,37,31,14,19,101
431,48,33,16,16,113
432,45,19,16,16,96
434,14,19,16,16,65
435,19,32,18,18,87
436,0,32,18,18,68
437,34,18,48,20,120
438,18,18,48,20,104
439,18,30,18,20,86
440,48,20,16,15,99
442,18,20,16,15,69
443,20,31,16,18,85
444,16,15,16,18,65
445,15,34,14,18,81
447,18,32,17,15,82
448,0,32,17,15,64
449,35,15,17,17,84
450,32,34,152,16,234
451,32,17,152,16,217
452,17,17,152,16,202
453,17,34,118,16,185
454,17,17,118,16,168
458,15,16,53,16,100
459,16,35,18,16,85
460,19,16,18,16,69
461,16,34,16,16,82
463,16,32,16,18,82
464,0,32,16,18,66
465,0,16,16,18,50
466,16,18,14,18,66
467,18,32,33,18,101
468,0,32,33,18,83
469,18,33,36,16,103
472,36,46,8,16,106
473,18,46,8,16,88
474,16,30,8,16,70
475,30,24,19,14,87
476,8,16,19,14,57
478,19,14,18,16,67
481,16,34,17,18,85
483,15,35,15,17,82
485,18,32,17,16,83
486,82,18,117,14,231
487,67,18,117,14,216
488,50,18,117,14,199
489,33,18,117,14,182
490,17,18,117,14,166
491,31,18,86,14,149
492,13,18,86,14,131
493,18,35,51,14,118
494,18,17,51,14,100
495,17,33,18,14,82
496,33,32,19,17,101
498,0,32,19,17,68
499,50,32,16,19,117
500,36,32,16,19,103
501,17,32,16,19,84
502,15,17,16,19,67
503,33,19,14,16,82
504,16,19,14,16,65
505,19,30,17,17,83
507,16,34,17,17,84
508,0,34,17,17,68
509,17,34,33,18,102
511,17,33,18,14,82
514,18,14,19,16,67
515,14,35,16,17,82
517,32,17,19,15,83
518,16,17,19,15,67
524,35,33,16,15,99
525,18,33,16,15,82
526,82,16,101,16,215
527,66,16,101,16,199
529,33,16,101,16,166
530,34,34,67,16,151
531,16,34,67,16,133
533,0,18,67,16,101
534,17,16,34,16,83
535,16,34,16,17,83
536,34,33,16,18,101
537,34,17,16,18,85
538,33,34,15,17,99
540,0,34,15,17,66
541,33,17,34,17,101
542,15,17,34,17,83
544,18,16,17,18,69
545,16,35,17,33,101
546,17,18,17,33,85
547,18,17,14,19,68
549,14,35,16,15,80
551,65,18,15,18,116
552,49,18,15,18,100
554,18,18,15,18,69
556,15,18,15,17,65
557,18,32,17,16,83
559,34,16,17,17,84
560,17,16,17,17,67
561,16,34,33,16,99
562,17,17,33,16,83
563,17,33,16,17,83
566,16,17,35,16,84
567,17,35,32,16,100
568,35,32,16,17,100
570,65,34,32,19,150
571,49,34,32,19,134
572,33,34,32,19,118
573,17,34,32,19,102
575,17,32,19,15,83
576,32,34,18,17,101
577,35,15,18,17,85
578,19,15,18,17,69
579,33,17,15,18,83
580,35,33,82,17,167
581,17,33,82,17,149
583,18,32,50,17,117
584,32,34,16,17,99
586,34,33,16,17,100
588,16,17,16,17,66
589,33,17,33,18,101
592,19,14,18,15,66
593,32,15,18,16,81
594,18,15,18,16,67
595,15,34,83,17,149
597,0,16,83,17,116
598,17,17,49,17,100
599,83,33,35,16,167
600,66,33,35,16,150
601,49,33,35,16,133
602,33,33,35,16,117
603,34,16,35,16,101
604,17,16,35,16,84
606,35,32,116,19,202
607,16,32,116,19,183
608,82,16,50,19,167
609,66,16,50,19,151
613,16,34,16,19,85
615,32,19,18,30,99
616,16,19,18,30,83
617,19,18,30,18,85
618,18,48,16,18,100
621,18,34,16,17,85
624,16,17,16,17,66
625,33,17,33,15,98
626,16,17,33,15,81
627,17,33,15,17,82
628,0,33,15,17,65
629,17,32,38,29,116
630,15,17,38,29,99
631,36,19,13,16,84
633,19,29,17,18,83
634,80,16,17,16,129
637,34,16,17,16,83
638,16,16,17,16,65
640,84,17,17,15,133
641,67,17,17,15,116
643,33,17,17,15,82
644,16,17,17,15,65
645,34,15,35,17,101
648,0,35,33,17,85
650,50,14,19,16,99
651,33,14,19,16,82
654,19,16,34,17,86
655,83,32,18,17,150
656,67,32,18,17,134
657,50,32,18,17,117
659,16,32,18,17,83
660,16,16,18,17,67
661,16,35,17,17,85
662,18,17,17,17,69
663,17,34,17,14,82
664,34,31,18,15,98
666,31,33,18,17,99
667,14,33,18,17,82
668,0,33,18,17,68
669,33,17,18,15,83
670,35,33,35,15,118
671,17,33,35,15,100
672,18,15,35,15,83
673,15,35,15,18,83
674,35,33,31,17,116
675,81,35,15,17,148
676,64,35,15,17,131
677,49,35,15,17,116
678,31,35,15,17,98
679,15,35,15,17,82
680,35,32,34,17,118
681,18,32,34,17,101
684,34,35,15,17,101
685,16,35,15,17,83
686,35,32,16,18,101
687,18,32,16,18,84
688,81,19,15,17,132
694,15,17,34,16,82
695,17,34,83,16,150
696,16,18,83,16,133
697,18,34,49,16,117
698,34,33,16,16,99
700,16,17,16,16,65
701,33,16,17,19,85
703,16,36,15,16,83
704,17,19,15,16,67
705,34,16,18,15,83
706,15,16,18,15,64
707,16,33,16,19,84
711,19,31,18,16,84
712,49,16,34,15,114
713,35,16,34,15,100
714,18,16,34,15,83
715,16,34,116,18,184
716,17,17,116,18,168
717,32,17,84,18,151
718,15,17,84,18,134
720,18,15,51,18,102
721,34,16,16,18,84
722,19,16,16,18,69
723,16,34,31,19,100
725,18,31,19,17,85
726,0,31,19,17,67
728,19,17,49,17,102
729,17,32,17,17,83
730,0,32,17,17,66
731,17,34,15,18,84
732,0,34,15,18,67
733,17,33,16,17,83
736,0,33,17,15,65
737,17,32,18,17,84
738,17,15,18,17,67
740,35,33,49,18,135
743,17,34,15,18,84
744,0,34,15,18,67
745,17,33,17,16,83
747,18,33,15,18,84
748,17,16,15,18,66
749,16,33,16,17,82
750,0,33,16,17,66
751,51,33,116,19,219
752,33,33,116,19,201
753,17,33,116,19,185
754,17,16,116,19,168
755,16,33,83,19,151
756,0,33,83,19,135
758,18,16,49,19,102
759,16,34,15,19,84
760,18,16,15,19,68
762,34,37,10,18,99
763,19,37,10,18,84
764,16,21,10,18,65
765,21,28,18,17,84
767,18,35,16,16,85
771,16,34,18,16,84
772,17,17,18,16,68
773,17,34,16,16,83
774,0,34,16,16,66
775,16,32,17,16,81
776,49,16,17,17,99
777,33,16,17,17,83
778,17,16,17,17,67
779,50,33,17,16,116
780,34,33,17,16,100
781,17,33,17,16,83
782,16,17,17,16,66
783,17,33,18,18,86
785,16,36,16,15,83
786,18,18,16,15,67
787,18,31,18,15,82
788,16,15,18,15,64
790,0,33,35,16,84
791,32,18,83,15,148
792,17,18,83,15,133
793,18,31,86,15,150
794,0,31,86,15,132
795,15,35,51,15,116
797,34,15,19,15,83
798,17,15,19,15,66
799,15,34,17,18,84
801,32,18,16,16,82
802,17,18,16,16,67
804,32,35,15,16,98
805,16,35,15,16,82
806,17,18,15,16,66
809,16,33,19,15,83
810,33,34,18,15,100
811,36,15,18,15,84
812,34,33,18,18,103
813,15,33,18,18,84
815,15,36,17,31,99
816,0,36,17,31,84
817,18,17,14,17,66
818,17,48,16,16,97
819,14,34,16,16,80
820,17,17,16,16,66
822,16,16,18,17,67
823,16,35,15,18,84
824,18,17,15,18,68
825,32,18,33,16,99
826,15,18,33,16,82
828,0,33,83,18,134
829,0,15,83,18,116
831,18,34,15,18,85
832,17,17,15,18,67
833,17,33,16,17,83
834,15,18,16,17,66
835,34,17,17,16,84
836,16,17,17,16,66
837,17,33,16,18,84
838,17,16,16,18,67
839,16,34,16,17,83
842,0,33,17,15,65
844,17,15,19,15,66
847,15,34,15,18,82
848,16,18,15,18,67
849,18,33,16,18,85
850,33,34,15,18,100
851,18,34,15,18,85
852,34,33,17,17,101
853,18,33,17,17,85
855,18,34,15,17,84
856,49,17,18,15,99
857,32,17,18,15,82
858,15,17,18,15,65
859,17,33,19,15,84
860,33,34,34,16,117
862,19,15,34,16,84
863,15,34,16,17,82
864,0,34,16,17,67
866,16,17,34,15,82
867,51,31,18,18,118
868,34,31,18,18,101
869,16,31,18,18,83
871,0,16,18,18,52
872,18,18,15,18,69
875,33,16,35,16,100
876,31,35,16,17,99
877,31,20,16,17,84
879,20,33,16,18,87
881,17,34,16,17,84
882,16,18,16,17,67
883,18,33,17,15,83
886,17,15,19,33,84
889,15,34,16,16,81
890,18,16,16,16,66
893,16,34,16,16,82
894,0,34,16,16,66
895,17,32,19,16,84
897,16,35,33,17,101
901,12,33,18,15,78
902,33,33,18,16,100
903,16,33,18,16,83
904,18,15,18,16,67
906,0,34,17,17,68
907,83,33,17,17,150
908,67,33,17,17,134
911,18,33,17,17,85
912,0,33,17,17,67
913,32,17,16,16,81
914,17,17,16,16,66
915,17,32,18,17,84
917,34,17,16,17,84
918,35,33,32,18,118
919,82,34,35,15,166
920,65,34,35,15,149
922,32,34,35,15,116
924,18,16,35,15,84
925,16,35,33,15,99
926,16,19,33,15,83
928,0,33,15,17,65
929,18,32,17,16,83
930,15,17,17,16,65
931,0,17,17,16,50
935,34,17,17,17,85
936,33,34,16,17,100
937,17,34,16,17,84
938,17,17,16,17,67
939,33,17,17,17,84
942,83,17,17,16,133
943,66,17,17,16,116
946,15,17,17,16,65
948,17,16,17,17,67
949,16,34,16,17,83
950,0,34,16,17,67
951,66,16,18,17,117
953,33,16,18,17,84
954,16,16,18,17,67
956,0,35,15,17,67
957,17,32,17,18,84
958,32,35,16,17,100
960,35,33,82,17,167
962,16,17,82,17,132
963,17,33,49,17,116
964,16,17,49,17,99
965,17,32,17,17,83
967,17,34,16,18,85
969,17,34,16,17,84
970,0,34,16,17,67
975,15,35,16,18,84
976,19,16,16,18,69
977,0,16,16,18,50
978,83,16,85,15,199
979,83,34,51,15,183
982,33,34,51,15,133
983,16,34,51,15,116
986,0,34,17,15,66
987,18,32,18,16,84
988,17,15,18,16,66
989,15,34,18,18,85
991,16,36,14,16,82
993,18,30,17,18,83
995,16,35,16,18,85
997,34,18,17,15,84
999,18,32,34,17,101
1000,17,15,34,17,83
1001,15,34,34,15,98
1002,16,18,34,15,83
1003,35,17,32,17,101
1004,34,32,17,16,99
1005,17,32,17,16,82
1006,15,17,17,16,65
1007,34,16,18,15,83
1008,17,16,18,15,66
1009,82,34,17,16,149
1011,48,34,17,16,115
1012,33,34,17,16,100
1013,17,34,17,16,84
1014,18,16,17,16,67
1017,16,33,33,17,99
1018,33,33,17,17,100
1019,15,33,17,17,82
1020,0,33,17,17,67
1021,14,34,17,17,82
1025,17,32,18,16,83
1026,84,17,15,17,133
1030,18,17,15,17,67
1031,0,17,15,17,49
1033,17,34,83,15,149
1034,0,34,83,15,132
1035,17,31,52,15,115
1036,15,16,52,15,98
1038,34,33,20,31,118
1039,33,15,20,31,99
1040,18,15,20,31,84
1042,0,20,83,15,118
1044,16,16,36,15,83
1046,17,19,32,16,84
1047,19,32,16,18,85
1048,15,17,16,18,66
1051,18,34,16,16,84
1052,66,35,15,17,133
1054,32,35,15,17,99
1055,16,35,15,17,83
1056,16,19,15,17,67
1057,19,32,31,18,100
1058,15,17,31,18,81
1059,33,15,18,16,82
1060,16,15,18,16,65
1061,15,34,34,18,101
1062,68,35,16,16,135
1063,50,35,16,16,117
1065,16,35,16,16,83
1066,18,17,16,16,67
1067,17,32,18,17,84
1069,16,35,34,32,117
1070,18,17,34,32,101
1071,17,34,15,17,83
1072,15,19,15,17,66
1073,19,32,83,16,150
1074,15,17,83,16,131
1075,17,32,51,16,116
1076,83,16,18,14,131
1077,68,16,18,14,116
1081,34,14,35,18,101
1082,18,14,35,18,85
1083,14,35,18,15,82
1084,17,18,18,15,68
1086,18,15,16,19,68
1087,15,35,114,18,182
1088,35,31,83,18,167
1089,19,31,83,18,151
1090,15,16,83,18,132
1095,32,18,17,15,82
1096,17,18,17,15,67
1097,18,32,17,19,86
1098,0,32,17,19,68
1100,0,36,15,18,69
1101,19,33,16,16,84
1102,15,18,16,16,65
1103,0,18,16,16,50
1105,34,16,17,17,84
1106,18,16,17,17,68
1109,17,33,17,15,82
1111,19,32,18,17,86
1112,32,35,15,17,99
1113,33,17,15,17,82
1114,18,17,15,17,67
1117,17,31,19,17,84
1118,0,31,19,17,67
1119,16,36,16,17,85
1120,19,17,16,17,69
1121,17,33,17,16,83
1122,84,16,82,17,199
1124,51,16,82,17,166
1125,84,32,16,17,149
1126,68,32,16,17,133
1129,17,32,16,17,82
1131,17,33,33,18,101
1132,33,33,35,16,117
1133,17,33,35,16,101
1134,19,14,35,16,84
1135,32,17,16,16,81
1136,18,17,16,16,67
1137,33,16,18,17,84
1138,16,16,18,17,67
1140,18,17,17,15,67
1141,34,15,34,16,99
1143,15,34,16,17,82
1144,0,34,16,17,67
1147,17,33,17,18,85
1148,0,33,17,18,68
1150,17,18,16,16,67
1151,82,34,35,17,168
1155,33,16,35,17,101
1156,86,16,17,16,135
1159,35,16,17,16,84
1160,33,33,16,16,98
1161,16,33,16,16,81
1162,17,16,16,16,65
1163,16,32,34,16,98
1166,18,16,16,18,68
1167,16,34,17,17,84
1168,16,18,17,17,68
1169,18,34,16,16,84
1170,17,17,16,16,66
1172,0,32,34,16,82
1173,16,34,16,16,82
1175,17,32,34,17,100
1176,16,16,34,17,83
1177,16,34,17,16,83
1178,19,15,17,16,67
1180,17,16,17,16,66
1182,33,33,17,18,101
1183,84,34,17,16,151
1186,35,34,17,16,102
1188,34,33,34,16,117
1189,36,16,34,16,102
1192,0,34,16,17,67
1193,19,33,31,19,102
1194,33,31,19,16,99
1196,16,15,19,16,66
1197,34,16,34,17,101
1198,19,16,34,17,86
1199,0,16,34,17,67
1200,17,17,17,15,66
1202,83,16,34,15,148
1204,83,18,15,17,133
1206,49,18,15,17,99
1207,32,18,15,17,82
1210,15,17,18,15,65
1212,18,15,19,14,66
1213,15,33,19,16,83
1214,19,14,19,16,68
1216,0,35,17,15,67
1218,0,32,18,17,67
1219,33,17,15,17,82
1220,18,17,15,17,67
1221,17,32,16,18,83
1222,15,17,16,18,66
1224,16,18,16,16,66
1225,18,32,85,15,150
1226,16,16,85,15,132
1227,16,34,51,15,116
1228,0,34,51,15,100
1229,17,34,17,15,83
1230,17,17,17,15,66
1233,15,36,17,14,82
1234,36,31,18,16,101
1236,17,14,18,16,65
1237,14,34,17,16,81
1238,0,34,17,16,67
1239,16,33,18,17,84
1241,16,35,15,16,82
1243,17,31,19,15,82
1245,16,34,18,15,83
1246,34,33,17,18,102
1247,15,33,17,18,83
1249,15,35,15,17,82
1250,0,35,15,17,67
1251,33,17,84,17,151
1254,17,16,51,17,101
1255,84,32,18,15,149
1256,68,32,18,15,133
1258,34,32,18,15,99
1260,17,15,18,15,65
1261,15,33,18,16,82
1263,15,34,18,15,82
1264,18,16,18,15,67
1266,33,35,33,16,117
1267,15,35,33,16,99
1269,18,33,16,19,86
1270,17,16,16,19,68
1273,19,30,35,16,100
1274,14,16,35,16,81
1275,16,35,33,18,102
1276,35,33,18,15,101
1277,18,33,18,15,84
1278,16,17,18,15,66
1279,17,33,19,14,83
1280,18,15,19,14,66
1282,19,14,83,19,135
1283,14,35,48,19,116
1284,17,18,48,19,102
1286,34,33,31,18,116
1289,19,31,18,16,84
1293,0,16,34,17,67
1294,16,18,37,29,100
1295,18,37,14,15,84
1296,17,20,14,15,66
1297,20,29,18,16,83
1298,0,29,18,16,63
1299,15,34,18,14,81
1301,16,32,19,16,83
1303,14,35,16,17,82
1305,16,33,17,16,82
1307,34,16,16,17,83
1308,17,16,16,17,66
1310,0,33,18,16,67
1313,16,33,51,15,115
1314,0,33,51,15,99
1315,32,17,18,15,82
1316,16,17,18,15,66
1317,17,33,17,21,88
1321,21,29,36,33,119
1322,0,29,36,33,98
1323,33,19,16,17,85
1324,36,33,16,17,102
1325,35,17,16,17,85
1327,17,33,15,18,83
1328,33,33,32,17,115
1329,82,33,17,18,150
1331,67,16,17,18,118
1332,49,16,17,18,100
1333,34,16,17,18,85
1334,17,16,17,18,68
1335,16,35,16,16,83
1336,35,32,17,16,100
1337,18,32,17,16,83
1338,0,32,17,16,65
1339,16,33,16,18,83
1340,17,16,16,18,67
1343,34,20,15,17,86
1344,16,20,15,17,68
1345,20,32,32,16,100
1346,15,17,32,16,80
1348,0,32,83,17,132
1349,18,35,48,17,118
1350,16,19,48,17,100
1351,19,33,32,17,101
1352,14,19,32,17,82
1353,19,32,33,16,100
1356,84,16,16,18,134
1357,67,16,16,18,117
1358,51,16,16,18,101
1359,35,16,16,18,85
1360,34,34,15,18,101
1361,16,34,15,18,83
1363,18,33,35,32,118
1364,15,18,35,32,100
1365,85,32,35,17,169
1366,134,32,34,17,217
1369,84,32,34,17,167
1370,67,32,34,17,150
1371,51,32,34,17,134
1372,35,32,34,17,118
1373,17,32,34,17,100
1375,15,34,34,16,99
1376,34,34,16,16,100
1379,17,32,17,18,84
1380,32,35,17,31,115
1381,68,49,50,17,184
1382,52,49,50,17,168
1384,17,49,50,17,133
1385,16,33,50,17,116
1386,15,18,50,17,100
1387,0,18,50,17,85
1388,50,17,33,16,116
1389,34,17,33,16,100
1390,19,17,33,16,85
1391,17,33,16,17,83
1392,0,33,16,17,66
1394,16,17,17,18,68
1395,0,17,17,18,52
1396,17,18,16,15,66
1397,34,15,17,18,84
1398,16,15,17,18,66
1400,0,35,15,17,67
1402,32,34,83,16,165
1404,16,18,83,16,133
1405,18,32,51,16,117
1406,16,16,51,16,99
1407,34,15,83,18,150
1409,15,34,118,15,182
1413,33,18,51,15,117
1414,16,18,51,15,100
1416,0,32,19,15,66
1417,15,34,18,16,83
1419,15,34,16,17,82
1420,0,34,16,17,67
1422,16,17,35,16,84
1423,17,35,32,16,100
1425,17,32,16,16,81
1426,0,32,16,16,64
1427,32,16,18,16,82
1430,18,16,16,17,67
1431,16,33,34,18,101
1434,19,15,18,16,68
1435,15,34,82,17,148
1436,34,18,64,17,133
1437,16,18,64,17,115
1438,0,18,64,17,99
1439,19,31,14,17,81
1440,31,31,66,19,147
1441,32,17,66,19,134
1442,14,17,66,19,116
1443,35,16,32,19,102
1446,18,49,16,17,100
1447,14,35,16,17,82
1448,35,33,34,15,117
1449,16,33,34,15,98
1451,17,34,15,18,84
1453,16,33,17,16,82
1456,0,33,17,16,66
1457,16,33,18,15,82
1458,17,16,18,15,66
1459,16,33,19,18,86
1460,18,15,19,18,70
1461,15,37,13,17,82
1462,19,18,13,17,67
1463,18,30,17,17,82
1465,17,34,18,31,100
1466,0,34,18,31,83
1467,35,48,18,17,118
1469,16,32,18,17,83
1471,17,35,32,17,101
1472,0,35,32,17,84
1476,17,15,19,15,66
1477,34,15,18,15,82
1479,15,33,17,17,82
1480,33,34,16,17,100
1481,15,34,16,17,82
1482,17,17,16,17,67
1483,17,33,33,18,101
1484,0,33,33,18,84
1486,17,16,18,17,68
1487,34,17,17,16,84
1488,18,17,17,16,68
1491,16,33,15,19,83
1492,15,18,15,19,67
1494,15,19,16,17,67
1495,19,33,15,18,85
1496,16,17,15,18,66
1498,84,16,16,19,135
1500,51,16,16,19,102
1501,36,16,16,19,87
1502,19,16,16,19,70
1504,35,32,84,31,182
1505,19,32,84,31,166
1508,16,17,51,31,115
1509,17,32,19,31,99
1510,51,47,19,17,134
1511,33,47,19,17,116
1512,19,47,19,17,102
1513,14,33,19,17,83
1514,33,36,16,15,100
1515,35,17,16,15,83
1516,36,31,19,14,100
1518,16,15,19,14,64
1519,15,33,19,15,82
1520,19,14,19,15,67
1521,14,34,18,16,82
1522,0,34,18,16,68
1525,0,16,17,18,51
1526,17,18,15,17,67
1527,18,32,17,15,82
1528,32,32,19,16,99
1529,17,32,19,16,84
1531,34,16,15,17,82
1532,19,16,15,17,67
1533,16,32,34,18,100
1535,17,34,18,15,84
1536,34,33,17,17,101
1538,33,34,17,15,99
1540,17,17,17,15,66
1541,17,32,19,17,85
1542,0,32,19,17,68
1543,0,15,19,17,51
1544,0,36,16,17,69
1545,17,33,15,19,84
1546,0,33,15,19,67
1547,17,34,15,17,83
1548,0,34,15,17,66
1549,19,32,34,15,100
1550,47,19,84,30,180
1552,15,19,84,30,148
1553,19,32,116,16,183
1554,0,32,116,16,164
1556,0,34,82,16,132
1557,17,18,64,16,115
1558,33,32,17,16,98
1559,15,32,17,16,80
1560,15,17,17,16,65
1561,0,17,17,16,50
1562,33,36,32,16,117
1564,18,18,32,16,84
1565,18,32,33,17,100
1567,17,33,17,18,85
1569,17,35,34,14,100
1570,0,35,34,14,83
1573,18,32,16,17,83
1574,0,32,16,17,65
1575,0,18,16,17,51
1576,16,17,16,17,66
1577,17,33,17,16,83
1578,16,17,17,16,66
1580,0,33,85,15,133
1581,16,34,51,15,116
1583,18,36,15,15,84
1586,15,15,17,16,63
1587,15,33,17,16,81
1588,0,33,17,16,66
1589,16,33,17,18,84
1590,17,16,17,18,68
1591,16,35,17,17,85
1592,17,18,17,17,69
1593,18,34,16,17,85
1594,17,17,16,17,67
1595,17,33,17,18,85
1596,16,17,17,18,68
1598,17,18,16,32,83
1599,18,16,16,16,66
1600,32,33,16,17,98
1602,16,17,16,17,66
1604,16,17,16,16,65
1607,16,32,20,14,82
1608,32,34,18,17,101
1609,14,34,18,17,83
1610,0,34,18,17,69
1611,14,35,33,16,98
1614,0,33,32,18,83
1616,32,35,16,18,101
1619,17,34,15,17,83
1621,84,33,16,18,151
1623,51,33,16,18,118
1624,34,33,16,18,101
1625,17,33,16,18,84
1626,16,17,16,18,67
1627,17,34,16,17,84
1629,18,33,83,16,150
1630,33,33,50,16,132
1632,15,18,50,16,99
1633,18,32,18,16,84
1634,50,16,19,16,101
1635,33,16,19,16,84
1636,18,16,19,16,69
1641,0,19,33,15,67
1642,16,17,15,18,66
1643,17,33,15,18,83
1644,0,33,15,18,66
1645,0,18,15,18,51
1646,15,18,33,17,83
1647,18,33,17,16,84
1648,16,17,17,16,66
1651,16,35,16,15,82
1652,0,35,16,15,66
1653,18,31,18,16,83
1654,65,34,15,18,132
1655,49,34,15,18,116
1657,16,34,15,18,83
1658,17,17,15,18,67
1659,17,33,18,15,83
1660,15,18,18,15,66
1661,18,33,17,15,83
1662,18,15,17,15,65
1664,17,15,18,18,68
1665,15,36,17,14,82
1667,18,31,17,17,83
1668,17,14,17,17,65
1670,17,17,18,17,69
1671,17,35,15,18,85
1672,35,33,18,31,117
1674,0,33,18,31,82
1675,18,18,14,17,67
1676,18,47,19,15,99
1677,14,33,19,15,81
1679,35,15,16,18,84
1680,19,15,16,18,68
1681,15,34,15,18,82
1682,0,34,15,18,67
1683,18,33,17,16,84
1684,33,33,32,17,115
1685,18,33,32,17,100
1686,17,16,32,17,82
1689,50,31,86,16,183
1691,19,31,86,16,152
1693,0,15,86,16,117
1694,18,17,51,16,102
1695,17,33,18,16,84
1696,17,16,18,16,67
1697,0,16,18,16,50
1698,18,16,16,16,66
1700,16,16,17,16,65
1701,16,33,33,18,100
1702,0,33,33,18,84
1703,16,33,18,18,85
1705,16,36,31,18,101
1707,18,31,18,17,84
1708,15,16,18,17,66
1709,16,35,15,18,84
1710,18,17,15,18,68
1711,32,18,15,18,83
1712,33,33,16,18,100
1713,18,33,16,18,85
1714,0,33,16,18,67
1715,18,34,15,17,84
1716,16,18,15,17,66
1718,115,19,16,18,168
1721,67,19,16,18,120
1722,49,19,16,18,102
1724,16,19,16,18,69
1727,18,30,135,17,200
1728,16,14,135,17,182
1729,82,34,33,17,166
1731,49,34,33,17,133
1732,33,34,33,17,117
1733,34,18,33,17,102
1734,16,18,33,17,84
1735,18,33,33,15,99
1736,15,18,33,15,81
1737,18,33,15,19,85
1738,17,16,15,19,67
1739,0,16,15,19,50
1740,34,34,16,16,100
1741,19,34,16,16,85
1742,16,18,16,16,66
1743,18,32,17,17,84
1744,0,32,17,17,66
1746,0,34,16,16,66
1748,83,15,17,18,133
1749,67,15,17,18,117
1751,35,15,17,18,85
1752,48,18,32,16,114
1753,32,18,32,16,98
1754,17,18,32,16,83
1756,17,15,16,18,66
1757,15,34,17,16,82
1758,16,18,17,16,67
1759,18,33,17,17,85
1760,0,33,17,17,67
1761,117,34,15,17,183
1764,67,34,15,17,133
1765,51,34,15,17,117
1766,34,34,15,17,100
1767,17,34,15,17,83
1768,0,34,15,17,66
1770,0,32,17,16,65
1771,17,33,16,18,84
1772,17,16,16,18,67
1774,0,34,18,16,68
1776,18,16,82,18,134
1777,16,33,49,18,116
1778,33,34,15,18,100
1779,34,18,15,18,85
1780,16,18,15,18,67
1781,18,33,33,16,100
1782,15,18,33,16,82
1783,34,17,16,18,85
1785,17,34,82,16,149
1788,16,18,48,16,98
1789,18,17,81,17,133
1790,17,47,34,17,115
1791,14,33,34,17,98
1794,19,15,17,16,67
1795,15,33,18,16,82
1796,17,16,18,16,67
1797,16,34,17,17,84
1798,18,16,17,17,68
1799,83,33,17,14,147
1800,67,33,17,14,131
1803,35,16,17,14,82
1804,33,31,37,15,116
1805,84,32,17,15,148
1807,51,32,17,15,115
1808,37,32,17,15,101
1810,15,17,17,15,64
1811,17,32,17,18,84
1812,17,15,17,18,67
1813,32,18,34,17,101
1814,86,34,47,18,185
1817,35,34,47,18,134
1819,15,19,47,18,99
1821,0,47,18,16,81
1822,16,16,18,16,66
1823,16,34,17,16,83
1825,16,33,18,15,82
1826,33,33,86,15,167
1827,16,33,86,15,150
1828,33,34,52,15,134
1829,15,34,52,15,116
1833,17,34,32,18,101
1834,34,32,18,19,103
1835,15,32,18,19,84
1837,33,19,14,17,83
1839,0,19,14,17,50
1840,48,17,32,18,115
1842,17,17,32,18,84
1845,16,34,15,17,82
1846,34,32,17,18,101
1847,16,32,17,18,83
1848,0,32,17,18,67
1849,17,35,15,19,86
1850,35,34,33,16,118
1851,33,19,33,16,101
1852,15,19,33,16,83
1853,19,33,16,17,85
1854,0,33,16,17,66
1857,32,17,33,19,101
1858,15,17,33,19,84
1860,18,15,19,14,66
1861,15,33,35,16,99
1862,19,14,35,16,84
1863,14,35,16,18,83
1864,0,35,16,18,69
1866,0,34,16,17,67
1867,34,17,83,18,152
1868,16,17,83,18,134
1869,17,33,50,18,118
1870,17,16,50,18,101
1873,15,36,33,15,99
1874,18,18,33,15,84
1876,33,33,15,17,98
1877,17,33,15,17,82
1878,33,32,17,16,98
1879,18,32,17,16,83
1880,0,32,17,16,65
1881,17,33,18,17,85
1882,0,33,18,17,68
1883,16,35,19,29,99
1885,17,19,131,15,182
1886,0,19,131,15,165
1887,13,34,84,15,146
1888,16,18,84,15,133
1891,51,31,33,17,132
1893,23,31,33,17,104
1894,16,15,33,17,81
1897,15,36,148,18,217
1898,17,19,148,18,202
1899,19,31,117,18,185
1900,14,17,117,18,166
1901,17,34,83,18,152
1902,0,34,83,18,135
1903,15,34,83,15,147
1904,0,34,83,15,132
1905,16,33,50,15,114
1906,98,35,34,16,183
1907,82,35,34,16,167
1911,15,35,34,16,100
1912,17,18,34,16,85
1913,18,34,16,17,85
1914,0,34,16,17,67
1915,16,33,15,18,82
1916,33,33,50,16,132
1919,18,34,16,16,84
1922,16,16,33,18,83
1923,16,33,18,16,83
1924,0,33,18,16,67
1925,67,18,34,15,134
1926,50,18,34,15,117
1927,50,34,32,16,132
1928,34,34,32,16,116
1929,18,34,32,16,100
1930,15,19,32,16,82
1932,15,17,16,19,67
1935,19,32,17,16,84
1936,14,18,17,16,65
1939,16,33,17,16,82
1940,0,33,17,16,66
1942,0,33,18,16,67
1943,16,34,18,15,83
1944,18,16,18,15,67
1946,51,17,15,18,101
1947,33,17,15,18,83
1948,18,17,15,18,68
1951,83,34,36,32,185
1954,32,34,36,32,134
1955,16,34,36,32,118
1956,0,34,36,32,102
1957,16,36,12,20,84
1958,16,20,12,20,68
1959,32,20,34,31,117
1960,12,20,34,31,97
1961,20,34,14,17,85
1963,18,31,16,19,84
1964,14,17,16,19,66
1966,0,35,15,18,68
1967,19,33,16,17,85
1968,15,18,16,17,66
1969,18,33,34,15,100
1973,17,31,19,15,82
1976,0,34,84,16,134
1978,33,34,17,16,100
1979,17,34,17,16,84
1980,102,33,16,17,168
1982,68,33,16,17,134
1983,51,33,16,17,117
1984,35,33,16,17,101
1985,18,33,16,17,84
1987,17,33,17,15,82
1989,17,32,19,17,85
1991,15,36,32,15,98
1992,68,32,19,16,135
1993,49,32,19,16,116
1994,32,32,19,16,99
1995,16,32,19,16,83
2000,32,34,16,16,98
2001,15,34,16,16,81
2002,18,16,16,16,66
2003,16,32,18,18,84
2005,16,36,15,17,84
2006,0,36,15,17,68
2007,18,32,17,15,82
2008,15,17,17,15,64
2013,17,32,16,19,84
2014,32,35,16,17,100
2015,16,35,16,17,84
2016,68,34,15,18,135
2018,33,34,15,18,100
2019,17,34,15,18,84
2020,17,17,15,18,67
2021,17,33,82,18,150
2022,33,32,50,18,133
2023,18,32,50,18,118
2025,16,34,34,16,100
2026,18,16,34,16,84
2027,16,34,16,16,82
2028,99,33,19,18,169
2029,83,33,19,18,153
2030,65,33,19,18,135
2031,49,33,19,18,119
2032,33,33,19,18,103
2033,117,33,16,17,183
2034,101,33,16,17,167
2035,83,33,16,17,149
2037,49,33,16,17,115
2039,18,33,16,17,84
2041,16,33,16,17,82
2042,16,17,16,17,66
2043,33,17,35,18,103
2044,16,17,35,18,86
2045,17,35,18,16,86
2046,18,17,18,16,69
2047,35,16,16,16,83
2048,18,16,16,16,66
2049,16,32,17,16,81
2050,16,16,17,16,65
2052,17,16,18,15,66
2054,18,15,17,16,66
2055,15,33,16,17,81
2056,17,16,16,17,66
2057,32,17,17,16,82
2058,16,17,17,16,66
2059,17,33,18,18,86
2060,0,33,18,18,69
2061,34,18,15,19,86
2062,18,18,15,19,70
2063,18,34,15,16,83
2065,19,31,17,17,84
2066,15,16,17,17,65
2068,17,17,17,17,68
2069,17,34,16,16,83
2070,17,17,16,16,66
2072,16,16,18,16,66
2074,18,16,18,16,68
2077,48,34,18,14,114
2079,17,34,18,14,83
2080,17,17,18,14,66
2081,17,32,18,16,83
2082,0,32,18,16,66
2083,14,34,35,16,99
2085,16,35,16,16,83
2086,35,32,84,17,168
2087,19,32,84,17,152
2088,16,16,84,17,133
2089,34,15,51,17,117
2091,32,16,18,17,83
2092,17,16,18,17,68
2093,16,35,17,17,85
2095,34,17,15,17,83
2098,15,17,18,15,65
2099,35,15,16,18,84
2100,18,15,16,18,67
2101,15,34,18,15,82
2102,16,18,18,15,67
2103,18,33,16,19,86
2104,0,33,16,19,68
2106,16,19,32,16,83
2108,15,17,16,16,64
2109,17,32,120,31,200
2110,16,16,120,31,183
2111,16,35,85,31,167
2112,18,17,85,31,151
2113,17,32,53,31,133
2114,16,16,53,31,116
2115,16,33,20,31,100
2116,18,15,20,31,84
2119,13,34,33,17,97
2120,135,34,15,17,201
2121,117,34,15,17,183
2122,101,34,15,17,167
2124,68,34,15,17,134
2125,51,34,15,17,117
2126,68,32,83,17,200
2127,52,32,83,17,184
2128,66,34,49,17,166
2129,49,34,49,17,149
2130,66,33,33,17,149
2131,51,33,33,17,134
2132,34,33,33,17,117
2133,17,33,33,17,100
2134,33,33,17,16,99
2136,16,17,17,16,66
2137,17,33,18,17,85
2138,33,35,16,15,99
2139,34,17,16,15,82
2140,18,17,16,15,66
2141,17,31,18,17,83
2142,16,15,18,17,66
2144,35,32,17,17,101
2145,17,32,17,17,83
2146,100,33,17,17,167
2147,85,33,17,17,152
2148,68,33,17,17,135
2150,34,33,17,17,101
2151,18,33,17,17,85
2153,16,34,33,17,100
2155,17,33,17,15,82
2157,35,15,18,16,84
2158,17,15,18,16,66
2159,15,34,16,18,83
2160,0,34,16,18,68
2162,0,34,33,17,84
2165,16,31,36,16,99
2166,17,14,36,16,83
2169,18,32,35,16,101
2171,0,16,35,16,67
2172,0,35,32,17,84
2173,17,32,17,16,82
2174,0,32,17,16,65
2175,33,16,84,17,150
2178,20,47,17,17,101
2179,47,34,17,17,115
2180,34,34,17,17,102
2181,17,34,17,17,85
2182,17,17,17,17,68
2183,34,17,16,15,82
2185,33,15,19,17,84
2186,31,36,15,19,101
2187,34,17,15,19,85
2188,19,17,15,19,70
2189,32,19,16,18,85
2190,15,19,16,18,68
2191,19,34,15,17,85
2192,82,16,17,17,132
2195,33,16,17,17,83
2196,16,16,17,17,66
2198,34,33,49,16,132
2199,17,33,49,16,115
2201,33,14,19,16,82
2203,14,35,17,17,83
2205,33,17,17,17,84
2206,17,17,17,17,68
2207,17,34,16,17,84
2211,17,33,17,17,84
2212,0,33,17,17,67
2213,15,34,33,18,100
2214,17,17,33,18,85
2215,100,19,49,16,184
2216,83,19,49,16,167
2217,66,19,49,16,150
2218,50,19,49,16,134
2219,32,19,49,16,116
2221,35,16,33,19,103
2222,32,33,19,31,115
2223,16,33,19,31,99
2224,0,33,19,31,83
2225,35,47,83,19,184
2228,18,16,83,19,136
2229,33,16,50,19,118
2230,17,16,50,19,102
2233,15,36,49,14,114
2234,17,19,49,14,99
2236,0,31,18,14,63
2237,15,32,87,16,150
2238,18,14,87,16,135
2240,18,16,84,18,136
2241,16,34,50,18,118
2243,15,35,15,18,83
2245,16,33,67,15,131
2246,33,33,34,15,115
2247,18,33,34,15,100
2248,16,17,34,15,82
2249,17,20,14,15,66
2250,20,46,18,16,100
2251,14,32,18,16,80
2252,15,17,18,16,66
2253,17,34,16,16,83
2255,16,32,18,18,84
2256,16,16,18,18,68
2257,34,18,15,17,84
2259,18,32,51,15,116
2261,34,16,18,15,83
2265,31,19,16,17,83
2266,16,19,16,17,68
2268,16,17,33,16,82
2270,15,18,16,16,65
2273,49,35,17,17,118
2274,33,35,17,17,102
2275,15,35,17,17,84
2276,0,35,17,17,69
2277,18,34,32,17,101
2278,17,17,32,17,83
2279,33,16,17,15,81
2280,16,16,17,15,64
2281,16,32,85,16,149
2282,32,35,50,16,133
2283,15,35,50,16,116
2284,0,35,50,16,101
2285,35,15,118,15,183
2286,33,33,85,15,166
2287,15,33,85,15,148
2289,16,33,52,15,116
2290,33,34,18,15,100
2291,34,16,18,15,83
2292,18,16,18,15,67
2293,34,15,18,16,83
2294,33,34,15,17,99
2296,34,32,19,15,100
2298,0,32,19,15,66
2299,17,34,35,16,102
2300,0,34,35,16,85
2302,0,35,16,15,66
2303,34,15,33,17,99
2305,65,17,116,17,215
2306,50,17,116,17,200
2307,33,17,116,17,183
2308,17,17,116,17,167
2309,17,35,81,17,150
2311,34,15,50,17,116
2314,17,17,16,17,67
2315,83,34,16,17,150
2316,66,34,16,17,133
2317,50,34,16,17,117
2318,33,34,16,17,100
2319,17,34,16,17,84
2320,17,17,16,17,67
2321,17,33,18,16,84
2322,33,34,18,15,100
2323,17,34,18,15,84
2324,18,16,18,15,67
2325,16,33,16,17,82
2326,0,33,16,17,66
2327,15,33,18,16,82
2330,34,33,16,19,102
2331,16,33,16,19,84
2333,15,35,16,17,83
2335,19,33,15,17,84
2336,16,17,15,17,65
2337,17,32,18,15,82
2338,15,17,18,15,65
2340,0,33,35,17,85
2341,33,17,17,16,83
2342,18,17,17,16,68
2343,34,16,17,17,84
2344,17,16,17,17,67
2345,16,34,15,17,82
2347,32,17,19,15,83
2348,15,17,19,15,66
2349,17,34,17,16,84
2350,0,34,17,16,67
2353,16,35,15,17,83
2356,114,19,17,16,166
2357,99,19,17,16,151
2358,82,19,17,16,134
2360,49,19,17,16,101
2362,15,19,17,16,67
2364,17,16,15,19,67
2365,31,19,15,17,82
2366,15,19,15,17,66
2367,19,32,16,17,84
2368,15,17,16,17,65
2369,17,33,18,18,86
2371,17,36,14,18,85
2372,0,36,14,18,68
2373,18,32,15,18,83
2374,14,18,15,18,65
2375,18,33,15,17,83
2377,18,32,16,17,83
2378,15,17,16,17,65
2379,33,17,16,18,84
2381,33,18,17,16,84
2382,34,33,18,16,101
2383,18,33,18,16,85
2384,0,33,18,16,67
2385,16,34,17,15,82
2388,0,32,18,16,66
2389,0,15,18,16,49
2390,18,16,17,17,68
2391,33,17,50,16,116
2393,0,17,50,16,83
2394,101,32,18,16,167
2395,84,32,18,16,150
2397,51,32,18,16,117
2398,35,32,18,16,101
2399,33,16,18,16,83
2400,16,16,18,16,66
2401,34,16,17,15,82
2402,66,32,34,18,150
2403,48,32,34,18,132
2404,32,32,34,18,116
2405,15,32,34,18,99
2407,15,34,18,16,83
2408,20,14,18,16,68
2409,14,34,17,18,83
2410,18,16,17,18,69
2412,0,35,15,16,66
2414,15,16,18,17,66
2415,16,35,16,19,86
2416,0,35,16,19,70
2417,17,35,16,17,85
2418,16,19,16,17,68
2419,0,19,16,17,52
2420,16,17,49,16,98
2422,0,30,19,16,65
2425,16,35,31,18,100
2426,0,35,31,18,84
2427,81,36,15,17,149
2428,64,36,15,17,132
2429,49,36,15,17,117
2430,33,36,15,17,101
2431,15,36,15,17,83
2432,17,19,15,17,68
2434,15,17,33,17,82
2435,166,19,14,17,216
2439,99,19,14,17,149
2440,82,19,14,17,132
2441,67,19,14,17,117
2442,51,19,14,17,101
2444,16,19,14,17,66
2445,19,31,17,18,85
2446,14,17,17,18,66
2450,16,16,34,16,82
2451,16,34,16,18,84
2452,0,34,16,18,68
2453,34,18,16,17,85
2454,16,18,16,17,67
2456,0,33,82,17,132
2457,17,34,48,17,116
2458,16,18,48,17,99
2460,65,33,17,16,131
2461,49,33,17,16,115
2462,32,33,17,16,98
2463,17,33,17,16,83
2465,15,33,35,16,99
2469,34,17,49,16,116
2470,16,17,49,16,98
2473,17,31,19,16,83
2474,0,31,19,16,66
2477,16,33,82,19,150
2478,0,33,82,19,134
2479,50,33,16,19,118
2480,33,33,16,19,101
2481,16,33,16,19,84
2482,33,35,15,17,100
2483,16,35,15,17,83
2484,16,19,15,17,67
2485,19,32,17,16,84
2486,15,17,17,16,65
2487,17,33,18,16,84
2488,0,33,18,16,67
2489,34,16,83,17,150
2491,16,34,49,17,116
2492,17,17,49,17,100
2493,33,18,15,17,83
2495,33,17,16,17,83
2496,32,33,18,16,99
2497,17,33,18,16,84
2502,18,16,33,17,84
2503,16,33,17,17,83
2505,16,34,16,16,82
2508,83,15,18,15,131
2510,51,15,18,15,99
2511,33,15,18,15,81
2512,18,15,18,15,66
2514,18,15,33,19,85
2515,15,33,19,16,83
2516,18,15,19,16,68
2518,19,16,17,15,67
2519,16,32,36,15,99
2520,17,15,36,15,83
2523,19,33,16,15,83
2524,15,18,16,15,64
2525,18,31,19,15,83
2526,0,31,19,15,65
2527,15,34,16,18,83
2531,18,32,18,15,83
2532,17,15,18,15,65
2534,18,15,120,15,168
2536,51,18,51,15,135
2537,33,18,51,15,117
2538,15,18,51,15,99
2540,32,34,18,15,99
2541,35,15,18,15,83
2542,19,15,18,15,67
2543,15,33,34,15,97
2544,18,15,34,15,82
2547,84,34,16,17,151
2549,51,34,16,17,118
2550,34,34,16,17,101
2552,0,34,16,17,67
2553,16,33,17,16,82
2554,16,17,17,16,66
2555,17,33,18,16,84
2556,33,34,35,31,133
2557,16,34,35,31,116
2559,16,18,32,16,82
2560,0,18,32,16,66
2561,17,31,16,17,81
2562,15,16,16,17,64
2563,16,33,17,18,84
2564,16,17,17,18,68
2566,35,33,17,16,101
2567,18,33,17,16,84
2572,15,18,17,17,67
2573,18,34,16,17,85
2574,34,33,17,16,100
2575,17,33,17,16,83
2577,34,16,18,14,82
2578,17,16,18,14,65
2579,16,32,17,17,82
2581,31,17,34,17,99
2583,17,34,17,17,85
2584,16,18,17,17,68
2586,34,18,16,32,100
2587,35,48,49,18,150
2588,34,32,49,18,133
2590,16,16,49,18,99
2591,16,32,17,18,83
2592,83,17,51,17,168
2593,66,17,51,17,151
2594,51,17,51,17,136
2595,34,17,51,17,119
2596,33,33,18,17,101
2597,17,33,18,17,85
2600,18,17,16,16,67
2602,16,16,17,16,65
2603,0,16,17,16,49
2605,0,16,18,14,48
2606,0,32,35,16,83
2607,14,35,16,17,82
2608,18,17,16,17,68
2609,17,33,34,18,102
2611,34,17,34,18,103
2612,17,17,34,18,86
2614,0,18,16,18,52
2615,16,18,16,15,65
2617,0,49,33,16,98
2618,15,18,33,16,82
2620,13,20,16,16,65
2621,36,16,17,18,87
2624,0,35,15,18,68
2625,33,18,14,17,82
2626,15,18,14,17,64
2627,18,31,34,19,102
2629,34,17,19,17,87
2630,17,17,19,17,70
2631,17,36,32,15,100
2633,33,16,15,19,83
2634,32,34,17,15,98
2635,16,34,17,15,82
2636,15,19,17,15,66
2637,0,19,17,15,51
2638,17,15,18,32,82
2639,15,18,15,17,65
2642,32,37,32,16,117
2644,17,20,32,16,85
2645,20,32,16,17,85
2646,14,18,16,17,65
2648,16,17,16,17,66
2649,99,18,17,16,150
2650,82,18,17,16,133
2652,49,18,17,16,100
2653,31,18,17,16,82
2654,16,18,17,16,67
2655,18,33,16,17,84
2656,17,16,16,17,66
2657,16,33,18,17,84
2658,84,18,14,18,134
2660,69,32,17,17,135
2661,51,32,17,17,117
2662,48,18,17,17,100
2663,32,18,17,17,84
2664,14,18,17,17,66
2666,34,33,33,17,117
2667,17,33,33,17,100
2669,16,33,17,17,83
2670,15,18,17,17,67
2673,17,17,34,30,98
2674,17,34,13,17,81
2675,15,19,13,17,64
2676,19,48,15,19,101
2677,48,34,33,16,131
2680,15,19,33,16,83
2681,35,17,16,18,86
2682,33,34,16,15,98
2683,17,34,16,15,82
2685,18,31,35,15,99
2686,0,31,35,15,81
2687,15,35,82,18,150
2688,0,35,82,18,135
2691,19,32,16,18,85
2692,15,17,16,18,66
2693,17,34,15,18,84
2694,34,33,15,19,101
2696,33,34,16,17,100
2697,18,34,16,17,85
2698,15,19,16,17,67
2699,19,33,16,17,85
2700,16,17,16,17,66
2701,84,32,17,17,150
2702,67,32,17,17,133
2703,51,32,17,17,117
2704,34,32,17,17,100
2705,18,32,17,17,84
2706,16,16,17,17,66
2709,17,35,15,17,84
2710,15,20,15,17,67
2712,15,17,14,17,63
2713,17,31,36,15,99
2714,0,31,36,15,82
2715,36,17,15,18,86
2717,17,33,82,18,150
2718,15,18,82,18,133
2719,18,34,82,18,152
2720,15,19,82,18,134
2722,14,19,49,18,100
2724,15,18,16,18,67
2725,18,34,15,16,83
2727,18,31,17,16,82
2728,15,16,17,16,64
2730,0,33,18,15,66
2735,16,35,33,16,100
2737,19,33,16,14,82
2738,14,19,16,14,63
2739,19,30,19,16,84
2740,0,30,19,16,65
2742,35,33,18,17,103
2743,16,33,18,17,84
2744,16,17,18,17,68
2745,35,17,17,16,85
2747,17,33,32,17,99
2748,17,16,32,17,82
2750,0,32,17,16,65
2752,17,16,16,18,67
2753,16,34,16,16,82
2754,34,32,19,16,101
2755,18,32,19,16,85
2757,51,33,33,18,135
2758,35,33,33,18,119
2759,16,33,33,18,100
2760,0,33,33,18,84
2761,81,35,17,15,148
2763,116,35,16,15,182
2764,100,35,16,15,166
2766,67,35,16,15,133
2767,50,35,16,15,116
2771,17,31,18,17,83
2774,18,17,33,15,83
2775,17,33,15,20,85
2776,16,17,15,20,68
2777,17,35,16,14,82
2778,15,20,16,14,65
2779,20,30,84,23,157
2780,47,18,49,23,137
2781,31,18,49,23,121
2782,17,18,49,23,107
2783,18,34,38,28,118
2784,16,18,38,28,100
2785,18,38,95,15,166
2786,66,32,35,15,148
2787,51,32,35,15,133
2788,28,32,35,15,110
2789,16,32,35,15,98
2793,18,32,35,15,100
2794,15,17,35,15,82
2795,17,35,33,15,100
2797,17,33,15,19,84
2798,15,18,15,19,67
2799,0,18,15,19,52
2800,15,19,16,17,67
2802,0,33,16,16,65
2803,17,32,34,17,100
2804,32,34,17,17,100
2805,16,34,17,17,84
2806,0,34,17,17,68
2809,17,36,13,17,83
2810,36,30,83,17,166
2811,21,30,83,17,151
2812,0,30,83,17,130
2814,17,17,49,17,100
2815,17,33,16,17,83
2816,15,18,16,17,66
2817,34,17,16,18,85
2818,16,17,16,18,67
2821,34,17,16,17,84
2822,16,17,16,17,66
2823,17,33,16,17,83
2825,17,33,33,16,99
2827,17,33,16,19,85
2828,33,35,16,15,99
2831,0,19,16,15,50
2832,0,31,18,16,65
2833,15,34,16,17,82
2834,18,16,16,17,67
2836,16,17,19,15,67
2837,17,34,17,16,84
2838,0,34,17,16,67
2839,0,15,17,16,48
2841,33,17,49,17,116
2842,17,17,49,17,100
2843,33,16,17,17,83
2844,16,16,17,17,66
2845,16,34,16,17,83
2846,50,17,17,17,101
2847,33,17,17,17,84
2848,16,17,17,17,67
2849,84,34,17,17,152
2850,67,34,17,17,135
2851,50,34,17,17,118
2852,33,34,17,17,101
2853,17,34,17,17,85
2855,0,17,17,17,51
2856,17,17,16,17,67
2857,17,33,15,18,83
2859,32,18,50,17,117
2860,33,33,17,17,100
2862,0,33,17,17,67
2863,15,34,83,17,149
2865,17,34,49,17,117
2866,16,18,49,17,100
2867,18,32,17,17,84
2869,18,34,48,20,120
2870,17,17,48,20,102
2871,32,17,16,20,85
2873,17,36,14,18,85
2874,16,20,14,18,68
2876,0,32,16,15,63
2877,84,34,16,16,150
2878,82,18,16,16,132
2879,66,18,16,16,116
2880,69,32,83,17,201
2882,34,32,83,17,166
2883,18,32,83,17,150
2886,18,15,50,17,100
2887,15,35,15,17,82
2888,18,17,15,17,67
2890,32,34,16,18,100
2892,18,16,16,18,68
2896,16,16,19,15,66
2900,16,18,17,16,67
2901,35,16,16,18,85
2903,16,34,15,18,83
2904,16,18,15,18,67
2906,33,34,16,17,100
2907,18,34,16,17,85
2909,18,33,83,17,151
2910,16,17,83,17,133
2911,17,30,53,17,117
2912,16,14,53,17,100
2913,34,17,16,17,84
2914,20,17,16,17,70
2915,17,33,16,18,84
2917,17,34,15,16,82
2918,0,34,15,16,65
2920,0,31,16,17,64
2922,16,17,84,17,134
2923,17,36,48,17,118
2924,17,19,48,17,101
2925,19,33,15,17,84
2927,33,17,17,17,84
2928,15,17,17,17,66
2929,17,34,33,17,101
2930,34,33,17,18,102
2931,17,33,17,18,85
2932,15,18,17,18,68
2933,18,35,15,17,85
2934,17,18,15,17,67
2935,18,32,16,20,86
2936,15,17,16,20,68
2938,0,36,13,17,66
2941,17,33,17,16,83
2942,17,16,17,16,66
2943,16,33,17,18,84
2944,0,33,17,18,68
2946,17,18,17,15,67
2947,18,32,18,17,85
2948,0,32,18,17,67
2949,15,35,14,18,82
2952,14,18,17,17,66
2955,17,33,84,15,149
2957,18,34,50,15,117
2958,17,17,50,15,99
2959,17,32,18,15,82
2960,16,16,18,15,65
2961,16,33,35,15,99
2962,18,15,35,15,83
2963,15,35,15,17,82
2964,0,35,15,17,67
2965,82,33,17,17,149
2966,66,33,17,17,133
2968,34,33,17,17,101
2969,17,33,17,17,84
2972,17,17,16,17,67
2974,16,17,17,16,66
2975,17,33,17,17,84
2976,0,33,17,17,67
2977,33,17,16,17,83
2978,17,17,16,17,67
2980,83,18,15,17,133
2981,67,18,15,17,117
2982,50,18,15,17,100
2983,33,18,15,17,83
2984,17,18,15,17,67
2985,18,32,15,17,82
2987,17,32,18,17,84
2989,17,35,16,16,84
2990,35,32,35,16,118
2991,17,32,35,16,100
2994,0,35,16,17,68
2995,34,17,17,16,84
2996,98,34,18,17,167
2997,82,34,18,17,151
2998,65,34,18,17,134
3000,32,34,18,17,101
3001,32,16,18,17,83
3003,82,35,34,14,165
3006,31,35,34,14,114
3007,15,35,34,14,98
3009,18,34,14,19,85
3010,17,17,14,19,67
3011,17,33,32,17,99
3012,14,19,32,17,82
3014,0,32,17,17,66
3015,16,34,15,18,83
3016,34,33,85,14,166
3019,18,34,51,14,117
3020,16,18,51,14,99
3022,34,31,19,16,100
3023,18,31,19,16,84
3024,17,14,19,16,66
3026,35,34,15,17,101
3027,16,34,15,17,82
3028,83,17,16,17,133
3029,67,17,16,17,117
3031,34,17,16,17,84
3032,17,17,16,17,67
3033,17,33,17,18,85
3035,17,35,14,19,85
3036,35,33,16,15,99
3037,32,19,16,15,82
3038,14,19,16,15,64
3040,16,15,34,16,81
3041,34,15,33,16,98
3043,15,33,16,18,82
3044,33,34,17,16,100
3045,17,34,17,16,84
3047,18,33,18,16,85
3048,17,16,18,16,67
3050,0,34,17,15,66
3051,33,15,83,18,149
3052,17,15,83,18,133
3053,15,34,49,18,116
3054,18,16,49,18,101
3056,33,34,16,18,101
3058,0,34,16,18,68
3061,0,18,16,18,52
3062,0,34,15,18,67
3063,18,33,17,15,83
3064,33,32,16,17,98
3065,35,15,16,17,83
3066,17,15,16,17,65
3068,16,17,83,18,134
3071,50,33,16,17,116
3072,34,33,16,17,100
3073,17,33,16,17,83
3074,15,18,16,17,66
3075,18,33,35,15,101
3076,0,33,35,15,83
3078,0,35,32,15,82
3079,19,32,15,18,84
3082,15,18,83,17,133
3083,0,18,83,17,118
3084,16,18,49,17,100
3085,34,16,17,17,84
3086,16,16,17,17,66
3088,17,17,16,17,67
3089,17,33,18,15,83
3090,33,33,17,16,99
3093,32,16,18,17,83
3094,17,16,18,17,68
3095,16,35,15,17,83
3097,67,15,17,18,117
3098,50,15,17,18,100
3099,35,15,17,18,85
3100,33,35,15,19,102
3101,15,35,15,19,84
3103,18,34,32,17,101
3104,83,16,33,16,148
3105,68,16,33,16,133
3106,49,16,33,16,114
3107,33,16,33,16,98
3108,17,16,33,16,82
3109,16,33,16,19,84
3110,33,35,15,18,101
3111,17,35,15,18,85
3112,35,33,15,19,102
3113,34,18,15,19,86
3114,15,18,15,19,67
3116,49,16,18,17,100
3117,34,16,18,17,85
3118,15,16,18,17,66
3119,16,35,15,16,82
3121,83,34,16,16,149
3122,66,34,16,16,132
3123,51,34,16,16,117
3125,17,34,16,16,83
3126,50,16,17,16,99
3127,33,16,17,16,82
3128,16,16,17,16,65
3129,16,33,19,16,84
3130,33,35,15,16,99
3132,19,16,15,16,66
3133,31,16,18,17,82
3134,31,35,16,19,101
3136,18,17,16,19,70
3138,35,31,17,18,101
3139,19,31,17,18,85
3140,15,16,17,18,66
3142,35,31,33,19,118
3146,0,33,19,15,67
3147,15,34,17,17,83
3149,15,34,16,18,83
3150,17,17,16,18,68
3151,17,34,17,16,84
3152,0,34,17,16,67
3153,18,33,16,17,84
3155,16,33,16,18,83
3157,17,34,16,17,84
3158,34,33,83,18,168
3159,18,33,83,18,152
3161,17,31,85,18,151
3164,18,17,50,18,103
3165,34,18,15,18,85
3167,18,33,17,15,83
3168,50,15,18,16,99
3169,35,15,18,16,84
3170,17,15,18,16,66
3172,34,33,16,16,99
3175,16,32,35,18,101
3176,16,16,35,18,85
3177,16,35,18,14,83
3178,35,32,19,15,101
3180,83,16,69,14,182
3182,51,16,69,14,150
3183,32,16,69,14,131
3184,17,16,69,14,116
3185,16,33,36,14,99
3187,15,36,14,19,84
3188,84,18,16,16,134
3189,65,18,16,16,115
3192,15,18,16,16,65
3193,18,32,18,16,84
3196,18,16,16,17,67
3199,34,17,34,17,102
3201,17,34,167,15,233
3202,17,17,167,15,216
3203,17,32,135,15,199
3204,17,15,135,15,182
3206,16,18,101,15,150
3207,18,34,67,15,134
3208,16,18,67,15,116
3211,16,20,16,15,67
3212,20,49,32,16,117
3214,15,18,32,16,81
3216,32,33,18,15,98
3217,16,33,18,15,82
3218,16,17,18,15,66
3219,17,33,18,16,84
3220,18,15,18,16,67
3221,15,34,83,17,149
3222,34,33,50,17,134
3224,0,33,50,17,100
3225,16,33,17,17,83
3226,16,17,17,17,67
3227,17,34,34,16,101
3228,17,17,34,16,84
3229,17,34,16,17,84
3231,16,33,16,18,83
3232,67,36,14,16,133
3233,51,36,14,16,117
3234,34,36,14,16,100
3235,34,20,14,16,84
3236,16,20,14,16,66
3238,14,16,18,16,64
3239,16,34,17,16,83
3241,16,33,15,17,81
3242,33,32,85,16,166
3243,16,32,85,16,149
3244,15,17,85,16,133
3245,34,18,50,16,118
3247,0,18,50,16,84
3249,34,16,33,18,101
3250,33,33,18,14,98
3252,17,16,18,14,65
3256,0,36,16,17,69
3258,33,32,17,17,99
3259,17,32,17,17,83
3262,34,34,15,17,100
3263,17,34,15,17,83
3265,82,35,15,16,148
3267,50,35,15,16,116
3269,16,35,15,16,82
3270,35,31,17,18,101
3271,16,31,17,18,82
3272,0,31,17,18,66
3273,16,35,18,16,85
3274,84,16,17,17,134
3275,67,16,17,17,117
3277,31,16,17,17,81
3278,48,17,17,18,100
3279,33,17,17,18,85
3280,17,17,17,18,69
3281,17,35,83,15,150
3282,0,35,83,15,133
3283,18,18,65,15,116
3284,18,47,18,15,98
3286,16,16,18,15,65
3287,0,16,18,15,49
3288,18,15,17,17,67
3289,15,34,17,15,81
3290,0,34,17,15,66
3291,34,15,18,17,84
3293,15,35,32,18,100
3294,0,35,32,18,85
3295,17,32,18,16,83
3296,16,16,18,16,66
3297,16,34,19,16,85
3298,18,16,19,16,69
3299,16,35,16,15,82
3300,0,35,16,15,66
3301,16,31,19,15,81
3304,19,15,18,16,68
3306,18,16,17,16,67
3307,16,33,85,16,150
3309,16,35,50,16,117
3310,17,18,50,16,101
3311,34,15,83,18,150
3312,16,15,83,18,132
3314,19,16,48,18,101
3315,16,32,34,16,98
3316,16,16,34,16,82
3317,32,18,34,17,101
3318,34,34,33,18,119
3319,85,34,16,17,152
3321,51,34,16,17,118
3322,33,34,16,17,100
3324,0,34,16,17,67
3326,16,17,16,17,66
3327,17,33,17,17,84
3328,16,17,17,17,67
3330,0,34,16,16,66
3331,17,32,33,19,101
3332,16,16,33,19,84
3333,34,15,19,16,84
3334,52,16,17,14,99
3335,34,16,17,14,81
3336,19,16,17,14,66
3342,17,18,16,16,67
3343,18,32,83,19,152
3344,32,35,48,19,134
3345,16,35,48,19,118
3346,0,35,48,19,102
3348,15,18,15,19,67
3349,18,34,16,16,84
3350,15,19,16,16,66
3352,0,32,18,16,66
3353,16,34,17,16,83
3354,18,16,17,16,67
3355,16,33,15,18,82
3356,33,33,17,16,99
3357,66,16,18,17,117
3358,50,16,18,17,101
3360,17,16,18,17,68
3362,0,35,48,18,101
3364,0,19,47,16,82
3366,69,33,19,15,136
3367,50,33,19,15,117
3368,32,33,19,15,99
3369,32,17,19,15,83
3370,16,17,19,15,67
3371,0,17,19,15,51
3372,19,15,18,17,69
3373,81,35,17,17,150
3374,66,35,17,17,135
3376,31,35,17,17,100
3377,16,35,17,17,85
3378,18,17,17,17,69
3379,34,17,15,17,83
3381,17,32,33,18,100
3383,17,33,18,15,83
3384,33,33,85,15,166
3385,17,33,85,15,150
3386,33,35,50,15,133
3387,33,17,50,15,115
3388,18,17,50,15,100
3393,32,17,18,14,81
3396,18,14,20,30,82
3397,34,48,16,17,115
3398,34,34,16,17,101
3399,48,33,17,17,115
3400,34,33,17,17,101
3401,18,33,17,17,85
3402,16,17,17,17,67
3403,17,34,16,18,85
3404,17,17,16,18,68
3406,16,18,33,17,84
3407,18,33,17,16,84
3408,16,17,17,16,66
3409,17,33,16,18,84
3410,33,34,16,15,98
3411,16,34,16,15,81
3413,18,31,34,17,100
3415,15,34,17,17,83
3417,34,17,84,15,150
3419,17,34,50,15,116
3420,0,34,50,15,99
3421,18,33,17,15,83
3422,15,18,17,15,65
3423,18,32,16,19,85
3424,17,15,16,19,67
3425,15,35,16,16,82
3427,19,32,16,18,85
3428,0,32,16,18,66
3430,16,18,17,15,66
3431,35,15,34,18,102
3432,17,15,34,18,84
3434,17,17,18,16,68
3435,17,34,17,16,84
3436,34,33,18,15,100
3438,33,33,18,16,100
3439,16,33,18,16,83
3441,15,34,18,14,81
3442,18,16,18,14,66
3443,16,32,35,17,100
3444,18,14,35,17,84
3445,14,35,34,16,99
3447,18,34,16,17,85
3448,34,33,34,17,118
3450,16,17,34,17,84
3451,17,34,17,31,99
3452,0,34,17,31,82
3453,18,17,15,16,66
3454,17,47,19,16,99
3455,82,33,17,15,147
3456,67,33,17,15,132
3458,35,33,17,15,100
3459,32,17,17,15,81
3460,16,17,17,15,65
3461,17,32,17,17,83
3462,32,34,16,19,101
3463,15,34,16,19,84
3464,17,17,16,19,69
3465,33,19,15,17,84
3466,67,20,31,16,134
3467,51,20,31,16,118
3468,32,20,31,16,99
3469,17,20,31,16,84
3470,20,47,15,17,99
3473,16,32,18,17,83
3474,15,17,18,17,67
3475,17,35,17,15,84
3477,17,32,18,15,82
3478,32,33,35,17,117
3479,15,33,35,17,100
3480,33,35,33,16,117
3484,17,16,33,17,83
3485,0,16,33,17,66
3489,16,33,33,17,99
3490,16,17,33,17,83
3491,50,34,18,17,119
3492,33,34,18,17,102
3493,16,34,18,17,85
3494,17,17,18,17,69
3495,17,35,32,17,101
3496,18,17,32,17,84
3498,0,32,35,16,83
3500,0,35,16,16,67
3502,16,16,32,18,82
3505,15,35,32,17,99
3506,18,17,32,17,84
3508,49,17,16,18,100
3509,34,17,16,18,85
3510,17,17,16,18,68
3511,84,33,16,18,151
3513,51,33,16,18,118
3515,32,17,16,18,83
3520,32,34,16,18,100
3524,0,34,15,18,67
3527,18,33,15,19,85
3529,17,34,17,15,83
3530,15,19,17,15,66
3532,32,35,15,17,99
3533,15,35,15,17,82
3534,16,19,15,17,67
3537,17,35,16,16,84
3538,16,19,16,16,67
3541,32,17,18,17,84
3542,16,17,18,17,68
3543,35,17,17,14,83
3545,17,31,19,17,84
3546,17,14,19,17,67
3547,14,36,14,19,83
3550,0,33,16,16,65
3551,19,32,83,18,152
3553,33,17,49,18,117
3554,34,32,17,18,101
3555,17,32,17,18,84
3556,16,16,17,18,67
3557,16,35,33,15,99
3558,35,33,15,17,100
3559,35,16,15,17,83
3560,83,15,17,18,133
3561,66,15,17,18,116
3563,35,15,17,18,85
3564,18,15,17,18,68
3565,15,35,15,18,83
3566,17,18,15,18,68
3567,18,33,34,16,101
3568,0,33,34,16,83
3569,18,34,34,16,102
3570,0,34,34,16,84
3571,18,34,16,16,84
3572,16,18,16,16,66
3573,18,32,49,18,117
3574,16,16,49,18,99
3575,16,34,15,18,83
3576,0,34,15,18,67
3577,19,33,17,15,84
3578,33,32,84,16,165
3579,18,32,84,16,150
3582,18,15,51,16,100
3583,15,34,17,16,82
3584,17,17,17,16,67
3586,17,16,16,18,67
3587,16,34,17,17,84
3588,16,18,17,17,68
3589,18,34,16,16,84
3590,17,17,16,16,66
3594,34,19,15,17,85
3595,17,19,15,17,68
3596,0,19,15,17,51
3597,15,35,14,17,81
3598,17,18,14,17,66
3599,0,18,14,17,49
3600,14,17,16,19,66
3601,17,35,15,17,84
3602,35,32,33,16,116
3603,19,32,33,16,100
3607,34,19,48,18,119
3608,16,19,48,18,101
3609,19,32,34,16,101
3610,0,32,34,16,82
3612,16,18,16,16,66
3613,34,16,18,15,83
3615,16,33,18,15,82
3619,33,16,19,17,85
3620,84,17,32,18,151
3621,66,17,32,18,133
3622,50,17,32,18,117
3624,31,32,34,16,113
3625,17,32,34,16,99
3627,33,16,34,16,99
3629,32,18,16,16,82
3630,34,32,86,15,167
3632,16,16,86,15,133
3633,0,16,86,15,117
3635,16,32,19,15,82
3636,18,14,19,15,66
3637,33,15,34,15,97
3638,19,15,34,15,83
3640,66,34,19,14,133
3641,49,34,19,14,116
3643,17,34,19,14,84
3644,18,16,19,14,67
3645,16,33,17,17,83
3647,14,34,17,16,81
3649,34,16,50,17,117
3650,17,16,50,17,100
3651,16,33,17,17,83
3652,0,33,17,17,67
3655,17,33,18,16,84
3657,16,34,16,17,83
3658,18,16,16,17,67
3660,16,17,33,17,83
3661,17,33,17,16,83
3663,16,33,19,15,83
3664,17,16,19,15,67
3665,50,19,16,14,99
3666,34,19,16,14,83
3667,15,19,16,14,64
3668,19,47,18,15,99
3669,16,31,18,15,80
3670,14,17,18,15,64
3671,0,17,18,15,50
3672,18,15,18,17,68
3676,16,18,16,15,65
3678,0,31,19,16,66
3679,34,16,16,18,84
3680,19,16,16,18,69
3681,16,34,82,16,148
3682,16,18,82,16,132
3683,18,31,51,16,116
3684,16,15,51,16,98
3686,19,15,17,16,67
3688,0,33,17,16,66
3689,16,33,18,18,85
3690,0,33,18,18,69
3691,16,36,14,20,86
3692,36,34,15,16,101
3693,32,20,15,16,83
3696,0,31,16,18,65
3701,16,34,34,17,101
3702,34,34,17,15,100
3703,16,34,17,15,82
3704,18,16,17,15,66
3705,16,32,17,17,82
3707,15,34,15,19,83
3708,34,34,17,16,101
3713,16,33,18,17,84
3714,33,35,15,17,100
3715,16,35,15,17,83
3716,0,35,15,17,67
3717,17,32,17,19,85
3718,15,17,17,19,68
3722,46,18,17,16,97
3723,33,18,17,16,84
3724,34,33,33,17,117
3726,0,33,33,17,83
3727,16,33,17,17,83
3729,34,17,17,18,86
3731,0,17,17,18,52
3733,18,31,17,16,82
3735,17,33,17,17,84
3737,16,34,33,18,101
3739,17,33,18,15,83
3740,0,33,18,15,66
3742,18,15,16,18,67
3743,15,34,18,15,82
3744,16,18,18,15,67
3745,18,33,18,16,85
3746,83,16,17,19,135
3749,32,16,17,19,84
3752,0,36,16,15,67
3756,102,32,33,19,186
3758,67,32,33,19,151
3759,51,32,33,19,135
3760,50,17,33,19,119
3761,33,17,33,19,102
3762,15,17,33,19,84
3763,17,33,32,19,101
3764,0,33,32,19,84
3765,67,15,36,15,133
3766,51,15,36,15,117
3767,32,15,36,15,98
3768,19,15,36,15,85
3769,32,19,15,18,84
3773,18,34,16,15,83
3774,82,15,21,31,149
3778,17,15,21,31,84
3780,21,48,15,19,103
3782,18,17,15,19,69
3783,17,34,15,16,82
3784,15,19,15,16,65
3786,0,31,18,16,65
3788,0,34,17,17,68
3789,16,34,85,33,168
3790,0,34,85,33,152
3792,0,34,51,33,118
3793,17,32,19,33,101
3794,51,33,15,18,117
3795,34,33,15,18,100
3796,19,33,15,18,85
3798,20,50,16,17,103
3799,33,17,16,17,83
3800,18,17,16,17,68
3801,33,17,15,18,83
3802,16,17,15,18,66
3803,82,35,17,17,151
3804,65,35,17,17,134
3805,68,17,17,17,119
3806,50,17,17,17,101
3807,34,17,17,17,85
3808,18,17,17,17,69
3809,17,34,17,32,100
3810,17,17,17,32,83
3812,17,49,17,17,100
3813,32,17,17,17,83
3814,16,17,17,17,67
3815,0,17,17,17,51
3816,17,17,15,18,67
3817,17,33,16,15,81
3821,15,35,17,15,82
3822,35,32,17,17,101
3823,33,15,17,17,82
3825,15,34,17,17,83
3827,17,34,16,17,84
3828,17,17,16,17,67
3830,33,33,16,18,100
3832,16,17,16,18,67
3833,17,34,115,19,185
3834,102,33,14,19,168
3836,68,33,14,19,134
3837,86,33,33,16,168
3838,68,33,33,16,150
3839,52,33,33,16,134
3841,17,33,33,16,99
3843,19,33,16,17,85
3844,0,33,16,17,66
3846,16,17,16,16,65
3847,17,32,35,15,99
3849,82,36,16,16,150
3853,16,36,16,16,84
3854,0,36,16,16,68
3855,18,32,17,17,84
3856,16,16,17,17,66
3857,16,34,33,17,100
3859,17,33,17,16,83
3860,85,47,16,17,165
3861,70,47,16,17,150
3865,32,15,16,17,80
3867,48,33,19,15,115
3868,33,33,19,15,100
3869,17,33,19,15,84
3870,17,16,19,15,67
3871,16,34,85,15,150
3873,15,37,82,32,166
3875,20,32,50,32,134
3876,14,18,50,32,114
3877,34,15,19,32,100
3879,15,19,15,17,66
3880,34,33,16,20,103
3881,15,33,16,20,84
3882,17,16,16,20,69
3884,36,30,35,15,116
3885,85,31,35,16,167
3887,50,31,35,16,132
3888,35,31,35,16,117
3889,19,31,35,16,101
3890,15,16,35,16,82
3891,84,34,15,19,152
3892,68,34,15,19,136
3894,33,34,15,19,101
3895,17,34,15,19,85
3897,17,34,14,18,83
3898,34,32,17,18,101
3899,19,32,17,18,86
3900,32,35,15,16,98
3901,35,18,15,16,84
3902,17,18,15,16,66
3903,18,31,17,18,84
3904,15,16,17,18,66
3905,16,35,16,16,83
3907,18,32,17,19,86
3911,19,16,33,16,84
3912,16,49,33,17,115
3913,16,33,33,17,99
3914,17,16,33,17,83
3915,31,18,17,16,82
3916,15,18,17,16,66
3918,17,16,16,17,66
3919,49,33,65,19,166
3921,17,33,65,19,134
3924,34,21,10,19,84
3925,16,21,10,19,66
3927,47,32,16,17,112
3928,37,32,16,17,102
3929,18,32,16,17,83
3930,15,17,16,17,65
3931,17,33,16,19,85
3932,16,17,16,19,68
3933,52,34,32,17,135
3934,35,34,32,17,118
3935,19,34,32,17,102
3936,66,32,34,16,148
3937,50,32,34,16,132
3939,16,32,34,16,98
3940,32,34,16,18,100
3941,33,16,16,18,83
3942,18,16,16,18,68
3943,16,34,17,17,84
3945,67,16,19,15,117
3946,49,16,19,15,99
3947,32,16,19,15,82
3949,16,34,18,14,82
3950,34,32,19,15,100
3951,33,14,19,15,81
3952,18,14,19,15,66
3953,14,34,17,17,82
3955,15,34,17,18,84
3956,17,17,17,18,69
3957,0,17,17,18,52
3959,34,18,49,15,116
3961,18,32,17,15,82
3962,15,17,17,15,64
3963,34,15,16,17,82
3964,17,15,16,17,65
3965,15,33,35,17,100
3966,0,33,35,17,85
3967,17,35,17,17,86
3969,16,34,15,18,83
3972,0,33,17,17,67
3974,17,17,14,18,66
3976,14,18,34,13,79
3977,18,34,13,19,84
3978,16,18,13,19,66
3979,18,32,33,18,101
3980,32,33,18,16,99
3981,19,33,18,16,86
3982,33,34,33,19,119
3984,0,34,33,19,86
3986,84,16,17,16,133
3987,67,16,17,16,116
3990,16,16,17,16,65
3991,84,32,84,17,217
3994,35,32,84,17,168
3995,18,32,84,17,151
3997,16,34,50,17,117
3999,17,33,17,17,84
4000,17,16,17,17,67
4001,16,34,48,19,117
4002,17,17,48,19,101
4003,17,33,15,19,84
4004,17,16,15,19,67
4005,31,19,15,17,82
4006,34,32,16,17,99
4008,48,17,16,17,98
4009,33,17,16,17,83
4010,16,17,16,17,66
4011,33,17,34,17,101
4013,17,19,15,17,68
4015,82,34,15,17,148
4020,16,18,15,17,66
4021,18,32,18,16,84
4022,32,34,17,18,101
4024,18,16,17,18,69
4026,0,35,16,15,66
4027,18,31,18,17,84
4029,15,35,14,19,83
4031,31,19,15,18,83
4032,14,19,15,18,66
4033,19,33,34,16,102
4035,18,34,32,16,100
4036,15,19,32,16,82
4038,16,16,33,18,83
4040,16,17,84,17,134
4041,52,33,16,17,118
4042,35,33,16,17,101
4043,17,33,16,17,83
4045,17,33,0,17,67
4046,16,17,0,17,50
4047,17,33,16,18,84
4048,0,33,16,18,67
4049,0,16,16,18,50
4050,16,18,15,19,68
4051,18,34,14,18,84
4052,15,19,14,18,66
4053,19,32,17,18,86
4054,14,18,17,18,67
4055,35,18,14,20,87
4056,17,18,14,20,69
4058,34,29,18,17,98
4060,29,35,34,16,114
4061,67,17,16,17,117
4062,52,17,16,17,102
4063,34,17,16,17,84
4064,34,33,17,15,99
4065,17,33,17,15,82
4066,33,32,17,18,100
4068,84,16,117,18,235
4071,35,16,117,18,186
4072,17,16,117,18,168
4076,16,16,51,18,101
4077,16,33,18,18,85
4079,99,17,15,17,148
4081,66,17,15,17,115
4083,34,17,15,17,83
4085,17,32,33,18,100
4086,15,17,33,18,83
4087,17,33,35,17,102
4089,34,17,17,16,84
4093,16,33,84,18,151
4095,17,33,51,18,119
4096,0,33,51,18,102
4097,17,35,16,18,86
4099,18,34,14,18,84
4100,34,32,15,19,100
4101,18,32,15,19,84
4103,18,34,17,15,84
4104,0,34,17,15,66
4105,19,32,17,17,85
4106,17,15,17,17,66
4107,15,34,15,18,82
4108,17,17,15,18,67
4109,32,18,83,17,150
4110,15,18,83,17,133
4111,18,34,49,17,118
4112,0,34,49,17,100
4113,18,34,15,17,84
4115,18,32,17,16,83
4116,15,17,17,16,65
4117,17,33,18,15,83
4118,0,33,18,15,66
4120,33,35,16,16,100
4122,17,18,16,16,67
4123,34,16,19,15,84
4124,82,17,19,30,148
4126,50,17,19,30,116
4127,48,19,30,18,115
4128,33,19,30,18,100
4129,17,19,30,18,84
4130,84,17,15,16,132
4131,65,17,15,16,113
4132,50,17,15,16,98
4133,35,17,15,16,83
4134,17,17,15,16,65
4135,17,31,35,16,99
4136,15,16,35,16,82
4137,0,16,35,16,67
4138,84,17,19,15,135
4141,33,17,19,15,84
4143,17,34,17,15,83
4145,32,15,35,15,97
4147,15,35,82,18,150
4148,17,18,82,18,135
4149,33,17,50,18,118
4150,149,17,17,17,200
4151,134,17,17,17,185
4154,84,17,17,17,135
4155,67,17,17,17,118
4157,34,17,17,17,85
4159,17,34,33,17,101
4160,0,34,33,17,84
4162,16,17,32,19,84
4163,17,32,34,18,101
4164,17,15,34,18,84
4165,34,15,18,15,82
4166,34,33,17,18,102
4167,15,33,17,18,83
4168,18,15,17,18,68
4169,15,35,82,17,149
4170,0,35,82,17,134
4171,18,34,48,17,117
4174,17,14,17,17,65
4175,14,34,16,17,81
4177,17,33,16,17,83
4179,17,33,34,18,102
4180,16,17,34,18,85
4181,35,16,18,16,85
4183,16,34,15,17,82
4184,18,16,15,17,66
4185,16,32,19,15,82
4187,17,34,17,17,85
4190,17,17,16,17,67
4191,17,33,16,19,85
4192,33,35,32,17,117
4194,16,19,32,17,84
4195,35,16,17,17,85
4196,16,16,17,17,66
4197,16,34,15,19,84
4199,17,34,81,16,148
4200,34,32,49,16,131
4203,18,33,16,16,83
4204,16,17,16,16,65
4205,17,32,18,17,84
4206,16,16,18,17,67
4208,0,35,16,16,67
4209,17,32,35,16,100
4210,0,32,35,16,83
4211,16,35,16,16,83
4213,19,32,19,17,87
4214,16,16,19,17,68
4215,0,16,19,17,52
4217,17,30,17,17,81
4218,14,16,17,17,64
4219,33,17,17,16,83
4221,17,33,16,19,85
4222,33,35,17,16,101
4223,32,19,17,16,84
4225,36,16,17,15,84
4226,17,16,17,15,65
4227,16,32,16,19,83
4228,17,15,16,19,67
4229,31,19,34,16,100
4230,16,19,34,16,85
4231,19,34,33,14,100
4232,0,34,33,14,81
4236,14,17,17,17,65
4237,17,34,16,19,86
4239,84,34,15,20,153
4240,67,34,15,20,136
4243,17,34,15,20,86
4244,16,18,15,20,69
4245,0,18,15,20,53
4246,15,20,32,16,83
4247,20,32,16,15,83
4249,32,15,34,17,98
4250,16,15,34,17,82
4251,33,16,17,17,83
4252,18,16,17,17,68
4253,16,34,16,18,84
4254,34,34,16,18,102
4255,67,18,17,16,118
4256,50,18,17,16,101
4257,34,18,17,16,85
4259,18,33,35,31,117
4260,17,16,35,31,99
4262,16,19,13,18,66
4265,35,15,19,14,83
4267,15,33,84,18,150
4268,19,14,84,18,135
4269,31,18,49,18,116
4270,17,18,49,18,102
4271,18,34,15,18,85
4272,17,17,15,18,67
4274,15,18,18,14,65
4276,18,14,18,17,67
4278,35,32,17,17,101
4280,116,16,17,16,165
4281,100,16,17,16,149
4283,67,16,17,16,116
4284,50,16,17,16,99
4286,18,16,17,16,67
4287,82,35,33,17,167
4288,66,35,33,17,151
4289,49,35,33,17,134
4290,33,35,33,17,118
4293,33,17,17,16,83
4295,17,33,17,16,83
4296,17,16,17,16,66
4297,16,33,18,15,82
4298,17,16,18,15,66
4300,18,15,116,18,167
4301,15,35,81,18,149
4303,0,17,81,18,116
4308,100,35,12,19,166
4309,85,35,12,19,151
4311,50,35,12,19,116
4312,34,35,12,19,100
4315,51,34,18,15,118
4316,31,34,18,15,98
4317,19,34,18,15,86
4318,17,17,18,15,67
4320,18,15,17,17,67
4321,15,34,17,16,82
4323,34,16,33,15,98
4324,17,16,33,15,81
4326,16,17,15,18,66
4327,17,33,16,18,84
4328,15,18,16,18,67
4329,0,18,16,18,52
4331,33,19,15,18,85
4332,15,19,15,18,67
4336,17,15,19,16,67
4337,15,35,15,17,82
4338,35,32,15,18,100
4339,16,32,15,18,81
4340,32,33,17,18,100
4342,15,18,17,18,68
4343,35,18,16,17,86
4345,18,33,16,16,83
4347,17,32,18,17,84
4348,0,32,18,17,67
4349,16,35,15,18,84
4350,0,35,15,18,68
4351,82,34,18,16,150
4354,32,34,18,16,100
4357,16,34,15,18,83
4358,34,33,16,16,99
4360,33,32,19,14,98
4361,34,16,19,14,83
4362,16,16,19,14,65
4363,35,14,19,16,84
4364,19,14,19,16,68
4365,14,35,17,16,82
4366,82,19,17,15,133
4367,63,19,17,15,114
4368,47,19,17,15,98
4370,14,19,17,15,65
4371,19,32,19,16,86
4374,19,16,17,16,68
4376,0,33,18,16,67
4379,48,34,34,17,133
4380,32,34,34,17,117
4381,16,34,34,17,101
4382,0,34,34,17,85
4383,18,34,17,15,84
4385,84,33,16,18,151
4386,84,16,16,18,134
4387,67,16,16,18,117
4389,33,16,16,18,83
4390,33,34,17,16,100
4391,32,18,17,16,83
4392,34,33,14,18,99
4394,0,33,14,18,65
4397,18,34,17,17,86
4398,16,18,17,17,68
4400,0,34,17,16,67
4401,0,17,17,16,50
4404,50,18,17,15,100
4405,34,18,17,15,84
4406,17,18,17,15,67
4407,35,15,34,16,100
4408,17,15,34,16,82
4411,17,31,17,18,83
4412,0,31,17,18,66
4413,15,35,33,16,99
4414,35,33,16,18,102
4415,34,17,16,18,85
4417,17,34,32,19,102
4419,69,16,17,15,117
4420,51,16,17,15,99
4421,34,16,17,15,82
4422,19,16,17,15,67
4424,17,15,50,16,98
4425,15,33,17,16,81
4427,67,15,17,18,117
4428,51,15,17,18,101
4429,101,15,19,16,151
4430,85,15,19,16,135
4431,67,15,19,16,117
4432,52,15,19,16,102
4434,17,15,19,16,67
4435,15,35,17,16,83
4437,16,33,15,19,83
4438,33,34,16,15,98
4439,31,19,16,15,81
4442,49,16,16,17,98
4443,33,16,16,17,82
4444,18,16,16,17,67
4445,16,33,18,16,83
4446,33,34,16,18,101
4448,50,18,33,17,118
4449,32,18,33,17,100
4450,16,18,33,17,84
4451,18,33,17,15,83
4452,16,17,17,15,65
4453,17,32,18,17,84
4454,17,15,18,17,67
4455,0,15,18,17,50
4457,33,17,18,17,85
4458,16,17,18,17,68
4460,18,17,15,17,67
4461,0,17,15,17,49
4465,33,18,16,16,83
4467,50,35,15,17,117
4468,32,35,15,17,99
4469,16,35,15,17,83
4470,0,35,15,17,67
4471,18,32,17,16,83
4472,15,17,17,16,65
4473,17,33,83,18,151
4474,68,34,14,18,134
4475,51,34,14,18,117
4477,19,34,14,18,85
4480,14,18,16,18,66
4481,18,34,32,17,101
4482,16,18,32,17,83
4483,18,32,17,16,83
4484,101,32,16,16,165
4485,85,32,16,16,149
4486,69,32,16,16,133
4487,52,32,16,16,116
4488,36,32,16,16,100
4489,18,32,16,16,82
4490,15,17,16,16,64
4491,17,32,17,18,84
4492,32,35,15,18,100
4493,16,35,15,18,84
4495,33,18,16,17,84
4497,18,33,17,17,85
4498,16,17,17,17,67
4499,0,17,17,17,51
4500,0,34,15,17,66
4501,32,17,17,16,82
4502,15,17,17,16,65
4503,17,33,19,16,85
4504,0,33,19,16,68
4505,16,35,48,19,118
4506,19,16,48,19,102
4507,32,17,15,19,83
4508,16,17,15,19,67
4509,17,34,16,16,83
4510,15,19,16,16,66
4512,16,16,18,15,65
4513,16,33,17,16,82
4517,16,35,49,17,117
4518,67,34,16,18,135
4520,32,34,16,18,100
4521,15,34,16,18,83
4522,17,17,16,18,68
4523,33,18,17,16,84
4524,16,18,17,16,67
4525,18,33,32,18,101
4526,17,16,32,18,83
4527,16,32,18,16,82
4528,15,17,18,16,66
4530,18,16,16,18,68
4533,18,33,34,15,100
4536,14,20,15,19,68
4538,15,19,14,17,65
4540,14,17,17,18,66
4542,17,18,16,16,67
4543,18,32,17,18,85
4545,33,18,15,16,82
4546,50,16,18,17,101
4547,33,16,18,17,84
4548,15,16,18,17,66
4549,85,33,49,16,183
4550,69,33,49,16,167
4551,51,33,49,16,149
4552,34,33,49,16,132
4553,19,33,49,16,117
4554,0,33,49,16,98
4555,0,16,49,16,81
4556,17,14,18,16,65
4557,14,34,36,16,100
4559,115,36,15,18,184
4560,99,36,15,18,168
4561,81,36,15,18,150
4562,63,36,15,18,132
4565,15,36,15,18,84
4566,0,36,15,18,69
4567,34,18,16,17,85
4568,15,18,16,17,66
4569,18,33,15,19,85
4571,32,19,15,18,84
4572,15,19,15,18,67
4573,19,33,49,16,117
4574,15,18,49,16,98
4575,18,32,17,16,83
4576,15,17,17,16,65
4577,34,16,18,16,84
4578,17,16,18,16,67
4581,16,33,19,16,84
4582,16,17,19,16,68
4583,17,35,16,15,83
4584,66,34,17,16,133
4585,47,34,17,16,114
4587,15,34,17,16,82
4588,18,16,17,16,67
4589,16,33,19,14,82
4590,17,16,19,14,66
4591,16,33,17,18,84
4593,49,33,18,15,115
4594,35,33,18,15,101
4595,18,33,18,15,84
4596,0,33,18,15,66
4597,17,33,17,16,83
4599,32,16,17,18,83
4601,33,18,15,18,84
4603,18,33,16,16,83
4605,18,32,17,18,85
4606,0,32,17,18,67
4607,16,35,82,17,150
4608,35,32,50,17,134
4609,35,15,50,17,117
4610,17,15,50,17,99
4611,15,35,15,17,82
4612,17,18,15,17,67
4613,33,17,16,19,85
4614,15,17,16,19,67
4615,17,35,14,17,83
4616,0,35,14,17,66
4621,115,32,117,17,281
4623,81,32,117,17,247
4624,65,32,117,17,231
4625,50,32,117,17,216
4628,17,15,117,17,166
4629,15,34,83,17,149
4630,34,33,50,17,134
4631,16,33,50,17,116
4632,18,15,50,17,100
4633,15,35,15,17,82
4634,17,18,15,17,67
4635,18,32,16,19,85
4636,15,17,16,19,67
4638,35,33,17,16,101
4641,17,33,33,16,99
4642,17,16,33,16,82
4644,18,15,83,19,135
4645,15,34,49,19,117
4646,34,32,17,19,102
4647,34,16,17,19,86
4648,16,16,17,19,68
4649,16,36,15,18,85
4650,36,33,16,15,100
4652,0,33,16,15,64
4653,34,15,35,16,100
4654,31,35,16,17,99
4656,0,35,16,17,68
4657,19,33,15,19,86
4658,16,17,15,19,67
4659,32,19,14,17,82
4660,15,19,14,17,65
4662,14,17,18,16,65
4663,17,34,16,18,85
4664,18,16,16,18,68
4666,16,18,16,16,66
4667,34,16,35,17,102
4668,67,32,51,17,167
4669,51,32,51,17,151
4670,35,32,51,17,135
4671,17,32,51,17,117
4673,49,34,17,15,115
4674,34,34,17,15,100
4675,16,34,17,15,82
4676,100,34,15,17,166
4677,83,34,15,17,149
4678,66,34,15,17,132
4679,49,34,15,17,115
4680,34,34,15,17,100
4682,0,34,15,17,66
4683,16,32,18,15,81
4684,15,17,18,15,65
4686,18,15,33,19,85
4687,48,34,17,18,117
4688,33,34,17,18,102
4689,16,34,17,18,85
4690,19,15,17,18,69
4691,32,18,34,15,99
4692,17,18,34,15,84
4694,0,34,32,13,79
4695,19,32,84,15,150
4696,0,32,84,15,131
4697,17,33,51,15,116
4698,13,20,51,15,99
4701,18,32,18,15,83
4702,99,33,33,17,182
4703,82,33,33,17,165
4704,67,33,33,17,150
4705,49,33,33,17,132
4708,0,33,33,17,83
4710,17,16,35,15,83
4711,16,35,15,16,82
4714,15,16,18,16,65
4716,18,16,17,16,67
4718,17,16,18,15,66
4719,16,33,34,17,100
4721,15,34,85,18,152
4723,32,21,47,18,118
4724,17,21,47,18,103
4725,100,18,16,18,152
4726,79,18,16,18,131
4727,69,18,16,18,121
4728,102,33,16,17,168
4729,84,33,16,17,150
4731,52,33,16,17,118
4732,34,33,16,17,100
4733,18,33,16,17,84
4735,17,33,16,18,84
4737,17,34,17,16,84
4741,16,33,15,18,82
4742,15,18,15,18,66
4743,18,33,32,17,100
4745,18,32,17,17,84
4750,18,16,15,17,66
4753,17,35,17,15,84
4754,0,35,17,15,67
4759,16,34,17,16,83
4760,0,34,17,16,67
4761,33,16,15,18,82
4762,17,16,15,18,66
4763,16,33,17,16,82
4766,17,16,34,17,84
4768,0,34,17,16,67
4770,17,16,17,17,67
4771,16,34,15,19,84
4772,0,34,15,19,68
4773,17,34,16,17,84
4774,0,34,16,17,67
4775,19,33,32,17,101
4776,0,33,32,17,82
4777,17,32,17,16,82
4778,32,33,19,15,99
4779,17,33,19,15,84
4780,17,16,19,15,67
4783,15,34,16,18,83
4784,0,34,16,18,68
4785,17,34,15,16,82
4787,18,31,83,17,149
4788,147,18,17,16,198
4789,132,18,17,16,183
4791,98,18,17,16,149
4792,83,18,17,16,134
4793,64,18,17,16,115
4794,48,18,17,16,99
4795,33,18,17,16,84
4796,16,18,17,16,67
4797,18,33,35,16,102
4799,16,35,16,18,85
4804,0,33,33,15,81
4805,31,20,15,17,83
4806,13,20,15,17,65
4808,15,17,84,17,133
4810,17,16,51,17,101
4811,84,33,101,15,233
4814,34,33,101,15,183
4815,17,33,101,15,166
4816,0,33,101,15,149
4818,17,15,69,15,116
4820,19,14,36,15,84
4821,14,36,15,17,82
4823,18,32,17,16,83
4825,17,33,17,16,83
4826,17,16,17,16,66
4827,16,33,35,16,100
4828,0,33,35,16,84
4829,16,35,16,17,84
4831,17,33,16,16,82
4833,17,32,85,16,150
4834,16,16,85,16,133
4835,33,16,52,16,117
4836,17,16,52,16,101
4837,16,34,18,16,84
4838,18,16,18,16,68
4840,34,33,36,32,135
4841,16,33,36,32,117
4842,17,16,36,32,101
4845,35,17,14,18,84
4847,17,32,17,15,81
4849,35,15,18,16,84
4850,17,15,18,16,66
4853,16,35,15,17,83
4855,19,32,17,16,84
4856,32,33,18,15,98
4857,34,16,18,15,83
4859,16,33,35,17,101
4861,15,35,17,15,82
4862,35,32,18,15,100
4864,17,15,18,15,65
4867,101,14,18,16,149
4868,86,14,18,16,134
4870,51,14,18,16,99
4871,34,14,18,16,82
4872,19,14,18,16,67
4873,14,34,18,15,81
4874,18,16,18,15,67
4877,0,15,17,17,49
4881,16,34,16,18,84
4882,85,14,18,18,135
4883,69,14,18,18,119
4884,65,36,33,15,149
4885,49,36,33,15,133
4887,14,36,33,15,98
4888,0,36,33,15,84
4889,18,33,15,16,82
4890,33,31,20,32,116
4892,15,16,20,32,83
4893,16,20,81,16,133
4894,20,48,33,16,117
4895,97,18,49,19,183
4896,81,18,49,19,167
4898,49,18,49,19,135
4899,32,18,49,19,118
4900,34,33,16,19,102
4902,0,33,16,19,68
4903,86,31,17,18,152
4904,68,31,17,18,134
4906,33,31,17,18,99
4907,19,31,17,18,85
4909,0,15,17,18,50
4911,18,34,32,18,102
4912,16,18,32,18,84
4913,18,32,18,17,85
4914,0,32,18,17,67
4915,17,35,16,15,83
4917,17,31,17,17,82
4918,16,15,17,17,65
4919,32,17,17,17,83
4920,17,17,17,17,68
4921,0,17,17,17,51
4922,34,33,15,18,100
4923,17,33,15,18,83
4924,33,33,17,16,99
4925,16,33,17,16,82
4927,18,33,16,19,86
4930,16,19,17,15,67
4931,19,32,16,17,84
4932,0,32,16,17,65
4933,15,33,35,16,99
4934,0,33,35,16,84
4935,17,35,16,16,84
4937,18,32,16,17,83
4939,16,33,19,32,100
4940,16,17,19,32,84
4942,19,48,15,19,101
4943,15,33,15,19,82
4945,16,34,17,15,82
4946,15,19,17,15,66
4949,15,34,32,18,99
4951,18,32,18,16,84
4952,17,15,18,16,66
4954,18,16,33,19,86
4955,0,16,33,19,68
4956,19,14,36,16,85
4957,14,36,16,15,81
4958,36,31,49,18,134
4960,31,34,15,18,98
4962,17,17,15,18,67
4964,15,18,118,17,168
4965,34,18,84,17,153
4966,16,18,84,17,135
4967,18,33,51,17,119
4968,15,18,51,17,101
4969,18,33,18,17,86
4970,16,17,18,17,68
4972,18,17,16,15,66
4973,17,31,17,19,84
4974,115,17,17,16,165
4976,84,17,17,16,134
4977,67,17,17,16,117
4978,48,17,17,16,98
4980,83,16,19,15,133
4981,67,16,19,15,117
4982,50,16,19,15,100
4985,16,34,17,16,83
4987,15,33,35,14,97
4988,0,33,35,14,82
4989,16,19,49,16,100
4992,83,15,17,15,130
4996,17,15,17,15,64
4997,32,15,19,16,82
4998,17,15,19,16,67
4999,15,35,33,19,102
5000,35,33,34,16,118
5001,83,34,16,16,149
5002,83,18,16,16,133
5004,50,18,16,16,100
5006,16,18,16,16,66
5007,34,16,17,18,85
5010,17,18,33,15,83
5011,85,31,18,16,150
5013,50,31,18,16,115
5014,34,31,18,16,99
5018,18,16,18,15,67
5019,34,15,17,16,82
5020,18,15,17,16,66
5021,15,33,17,17,82
5022,33,34,85,16,168
5024,17,17,85,16,135
5025,17,33,52,16,118
5026,17,16,52,16,101
5027,16,34,18,16,84
5029,17,34,17,15,83
5032,17,15,17,16,65
5034,17,16,34,17,84
5035,36,47,34,17,134
5036,34,33,34,17,118
5038,33,19,32,16,100
5039,35,48,16,17,116
5040,19,48,16,17,100
5041,48,33,19,17,117
5042,33,33,19,17,102
5043,16,33,19,17,85
5044,33,36,115,15,199
5045,17,36,115,15,183
5048,82,15,18,15,130
5049,82,33,19,15,149
5050,66,33,19,15,133
5053,15,33,19,15,82
5054,18,15,19,15,67
5055,15,34,17,18,84
5056,0,34,17,18,69
5060,35,16,15,19,85
5061,20,16,15,19,70
5062,16,34,81,16,147
5064,19,49,32,16,116
5065,0,49,32,16,97
5066,35,32,16,17,100
5067,19,32,16,17,84
5068,165,36,115,15,331
5070,133,36,115,15,299
5073,83,36,115,15,249
5076,33,36,115,15,199
5077,17,36,115,15,183
5078,36,32,83,15,166
5079,19,32,83,15,149
5082,0,32,51,15,98
5083,17,33,33,18,101
5084,0,33,33,18,84
5085,15,33,18,17,83
5086,18,15,18,17,68
5087,15,35,31,20,101
5088,0,35,31,20,86
5095,16,34,16,16,82
5096,15,19,16,16,66
5098,32,34,16,16,98
5099,16,34,16,16,82
5102,16,16,17,17,66
5103,83,35,17,14,149
5104,85,17,17,14,133
5105,68,17,17,14,116
5108,18,17,17,14,66
5109,17,31,17,17,82
5110,17,14,17,17,65
5112,34,35,16,18,103
5114,35,34,32,17,118
5115,34,18,32,17,101
5116,83,16,16,18,133
5119,34,16,16,18,84
5120,33,34,16,16,99
5121,16,34,16,16,82
5122,34,32,35,33,134
5123,34,16,35,33,118
5124,16,16,35,33,100
5125,16,35,16,17,84
5126,0,35,16,17,68
5127,19,33,15,18,85
5128,33,33,16,17,99
5129,17,33,16,17,83
5131,18,33,34,15,100
5132,0,33,34,15,82
5137,36,47,18,15,116
5138,19,47,18,15,99
5139,13,34,18,15,80
5140,17,17,18,15,67
5141,83,34,19,16,152
5144,33,34,19,16,102
5145,65,16,17,14,112
5146,53,16,17,14,100
5148,19,16,17,14,66
5149,16,31,36,16,99
5150,17,14,36,16,83
5151,0,14,36,16,66
5152,20,50,48,18,136
5153,16,34,48,18,116
5154,16,18,48,18,100
5157,51,33,17,15,116
5158,35,33,17,15,100
5159,18,33,17,15,83
5160,0,33,17,15,65
5161,16,32,85,15,148
5162,0,32,85,15,132
5163,15,33,52,15,115
5164,33,33,85,16,167
5165,15,33,85,16,149
5167,16,34,85,15,150
5168,19,15,85,15,134
5169,15,20,65,15,115
5172,16,16,18,15,65
5176,33,33,18,16,100
5177,17,33,18,16,84
5178,18,15,18,16,67
5179,82,34,16,18,150
5181,49,34,16,18,117
5182,33,34,16,18,101
5183,16,34,16,18,84
5184,34,34,51,18,137
5185,17,34,51,18,120
5187,18,32,19,18,87
5188,0,32,19,18,69
5190,19,18,13,19,69
5191,31,19,33,15,98
5192,13,19,33,15,80
5193,19,33,31,17,100
5196,31,36,16,16,99
5197,16,36,16,16,84
5198,0,36,16,16,68
5199,0,19,16,16,51
5201,48,36,15,18,117
5202,32,36,15,18,101
5203,16,36,15,18,85
5205,18,33,82,17,150
5206,33,31,51,17,132
5207,18,31,51,17,117
5208,14,17,51,17,99
5209,36,15,83,17,151
5210,34,34,49,17,134
5211,15,34,49,17,115
5212,0,34,49,17,100
5215,136,47,35,15,233
5218,86,47,35,15,183
5219,67,47,35,15,164
5220,52,47,35,15,149
5221,36,47,35,15,133
5222,20,47,35,15,117
5223,16,31,35,15,97
5224,15,16,35,15,81
5225,16,35,15,17,83
5227,18,32,19,31,100
5230,33,36,15,16,100
5232,151,16,17,17,201
5233,134,16,17,17,184
5237,67,16,17,17,117
5239,35,16,17,17,85
5240,16,16,17,17,66
5241,16,34,17,16,83
5242,0,34,17,16,67
5244,33,34,35,32,134
5245,16,34,35,32,117
5246,0,34,35,32,101
5247,17,35,16,16,84
5248,17,18,16,16,67
5249,34,16,17,14,81
5251,16,31,17,19,83
5252,0,31,17,19,67
5253,14,36,33,17,100
5254,17,19,33,17,86
5256,15,18,17,18,68
5257,67,16,17,17,117
5258,49,16,17,17,99
5259,32,16,17,17,82
5260,14,16,17,17,64
5261,16,34,16,16,82
5262,34,32,19,16,101
5263,17,32,19,16,84
5266,0,35,17,16,68
5267,16,33,16,17,82
5268,33,33,16,18,100
5269,16,33,16,18,83
5271,17,34,18,35,104
5272,16,18,18,35,87
5273,18,18,15,20,71
5274,18,35,13,18,84
5275,35,47,17,17,116
5279,16,34,15,17,82
5280,17,17,15,17,66
5281,32,17,84,17,150
5285,17,34,16,17,84
5286,17,17,16,17,67
5287,100,16,34,17,167
5288,83,16,34,17,150
5289,67,16,34,17,134
5291,35,16,34,17,102
5292,17,16,34,17,84
5293,32,18,17,15,82
5295,18,32,34,16,100
5297,15,34,151,16,216
5298,84,16,85,16,201
5299,67,16,85,16,184
5302,32,34,51,16,133
5303,16,34,51,16,117
5304,34,33,18,16,101
5305,31,17,18,16,82
5306,33,34,84,15,166
5307,17,34,84,15,150
5308,0,34,84,15,133
5314,19,15,18,16,68
5315,15,34,35,17,101
5316,0,34,35,17,86
5317,16,35,17,16,84
5318,84,16,16,19,135
5319,68,16,16,19,119
5321,32,16,16,19,83
5322,16,16,16,19,67
5323,16,35,16,17,84
5324,0,35,16,17,68
5325,19,33,17,16,85
5327,17,33,15,18,83
5329,16,33,32,16,97
5331,34,16,16,18,84
5332,16,16,16,18,66
5333,16,34,17,17,84
5334,34,34,16,17,101
5338,16,17,18,14,65
5339,35,14,17,17,83
5340,32,34,17,16,99
5342,17,17,17,16,67
5343,34,16,17,16,83
5345,16,33,35,17,101
5346,17,16,35,17,85
5347,16,35,32,16,99
5349,36,15,34,18,103
5350,17,15,34,18,84
5351,15,34,33,18,100
5353,18,33,35,15,101
5354,0,33,35,15,83
5355,33,17,33,15,98
5356,18,17,33,15,83
5357,17,33,33,17,100
5358,15,18,33,17,83
5359,18,33,17,15,83
5360,15,18,17,15,65
5361,18,32,35,16,101
5362,17,15,35,16,83
5363,15,35,16,18,84
5365,18,34,16,15,83
5367,18,31,18,16,83
5368,16,15,18,16,65
5369,15,34,18,16,83
5370,0,34,18,16,68
5371,16,34,83,15,148
5373,16,33,50,15,114
5374,33,34,31,18,116
5375,16,34,31,18,99
5376,0,34,31,18,83
5378,0,31,18,18,67
5380,36,31,18,15,100
5381,18,31,18,15,82
5383,15,33,17,17,82
5384,18,15,17,17,67
5385,32,17,19,16,84
5387,17,35,16,17,85
5388,83,19,15,17,134
5390,132,34,83,17,266
5391,116,34,83,17,250
5394,65,34,83,17,199
5395,50,34,83,17,184
5397,17,34,83,17,151
5399,36,16,82,18,152
5401,16,32,50,18,116
5403,34,17,16,18,85
5406,34,32,67,18,151
5407,18,32,67,18,135
5408,16,16,67,18,117
5409,16,34,33,18,101
5412,33,34,17,17,101
5413,15,34,17,17,83
5414,18,16,17,17,68
5415,16,34,32,17,99
5416,17,17,32,17,83
5417,17,32,17,16,82
5418,15,17,17,16,65
5421,16,34,16,18,84
5422,16,18,16,18,68
5423,118,34,50,14,216
5424,100,34,50,14,198
5427,49,34,50,14,147
5428,33,34,50,14,131
5429,17,34,50,14,115
5432,50,14,18,17,99
5433,34,14,18,17,83
5434,18,14,18,17,67
5435,14,35,34,19,102
5437,17,34,34,15,100
5438,18,16,34,15,83
5439,16,19,15,15,65
5440,0,19,15,15,49
5441,15,33,15,17,80
5443,33,17,17,18,85
5444,15,17,17,18,67
5446,0,35,14,18,67
5447,32,18,17,17,84
5448,14,18,17,17,66
5449,18,34,16,17,85
5450,17,17,16,17,67
5451,17,33,16,17,83
5452,33,33,16,17,99
5453,17,33,16,17,83
5454,33,33,33,17,116
5455,17,33,33,17,100
5456,16,17,33,17,83
5457,17,33,17,18,85
5458,16,17,17,18,68
5459,17,35,33,17,102
5460,51,17,17,15,100
5461,34,17,17,15,83
5462,16,17,17,15,65
5463,0,17,17,15,49
5464,83,16,16,19,134
5465,66,16,16,19,117
5466,51,16,16,19,102
5468,15,16,16,19,66
5469,16,35,15,18,84
5470,35,33,17,15,100
5471,34,18,17,15,84
5472,33,32,18,16,99
5475,0,15,18,16,49
5476,18,16,32,18,84
5477,132,17,17,17,183
5478,116,17,17,17,167
5479,101,17,17,17,152
5480,84,17,17,17,135
5482,48,17,17,17,99
5483,33,17,17,17,84
5484,16,17,17,17,67
5485,17,34,50,15,116
5487,34,15,18,15,82
5489,15,33,18,16,82
5490,0,33,18,16,67
5491,15,34,17,22,88
5492,34,39,13,17,103
5493,16,39,13,17,85
5494,17,22,13,17,69
5495,35,17,33,16,101
5497,17,33,32,15,97
5498,0,33,32,15,80
5500,16,16,84,15,131
5502,15,19,50,15,99
5503,19,32,18,15,84
5504,32,33,18,16,99
5505,17,33,18,16,84
5506,0,33,18,16,67
5507,15,34,35,15,99
5508,18,16,35,15,84
5511,19,32,33,17,101
5512,15,17,33,17,82
5513,17,33,17,17,84
5514,17,16,17,17,67
5518,0,34,33,16,83
5519,0,18,33,16,67
5520,33,33,17,15,98
5522,0,33,17,15,65
5523,17,32,17,17,83
5524,0,32,17,17,66
5526,17,17,33,17,84
5531,34,15,17,18,84
5533,0,15,17,18,50
5534,17,18,33,18,86
5535,18,33,33,17,101
5536,16,17,33,17,83
5537,17,33,17,15,82
5538,84,17,15,18,134
5539,66,17,15,18,116
5540,51,17,15,18,101
5541,34,17,15,18,84
5543,17,33,16,17,83
5544,33,33,15,18,99
5547,17,33,16,18,84
5548,15,18,16,18,67
5551,18,33,32,18,101
5553,18,32,18,17,85
5555,16,35,49,17,117
5556,0,35,49,17,101
5557,34,15,17,17,83
5558,17,15,17,17,66
5559,15,34,33,18,100
5560,0,34,33,18,85
5561,33,17,34,15,99
5562,33,34,15,18,100
5563,17,34,15,18,84
5564,18,16,15,18,67
5567,35,17,15,16,83
5568,17,17,15,16,65
5570,15,16,18,18,67
5572,0,36,15,17,68
5573,18,32,18,17,85
5575,17,35,14,18,84
5576,0,35,14,18,67
5579,51,33,17,18,119
5580,33,33,17,18,101
5581,14,33,17,18,82
5582,16,17,17,18,68
5583,0,17,17,18,52
5584,83,19,32,16,150
5592,16,17,16,19,68
5594,16,19,15,16,66
5595,19,31,16,19,85
5596,0,31,16,19,66
5598,35,33,15,17,100
5599,19,33,15,17,84
5600,16,17,15,17,65
5601,17,32,34,17,100
5602,15,17,34,17,83
5603,35,16,17,18,86
5604,34,35,17,14,100
5605,33,18,17,14,82
5609,14,34,34,14,96
5610,0,34,34,14,82
5611,16,34,14,19,83
5613,17,33,17,15,82
5614,14,19,17,15,65
5615,0,19,17,15,51
5616,0,32,34,18,84
5617,15,34,18,15,82
5618,34,33,17,18,102
5619,17,33,17,18,85
5620,18,15,17,18,68
5621,15,35,15,18,83
5622,17,18,15,18,68
5623,33,18,33,16,100
5625,83,36,16,17,152
5626,65,36,16,17,134
5627,50,36,16,17,119
5628,32,36,16,17,101
5629,16,36,16,17,85
5630,69,32,35,16,152
5631,51,32,35,16,134
5632,33,32,35,16,116
5633,17,32,35,16,100
5634,0,32,35,16,83
5635,0,16,35,16,67
5637,19,31,19,16,85
5638,16,15,19,16,66
5639,15,35,16,17,83
5640,0,35,16,17,68
5641,16,33,18,31,98
5642,16,17,18,31,82
5643,17,18,14,17,66
5644,18,47,34,18,117
5645,31,16,34,18,99
5646,33,34,18,15,100
5647,16,34,18,15,83
5648,34,33,18,15,100
5650,0,33,18,15,66
5651,0,15,18,15,48
5652,67,33,33,17,150
5653,49,33,33,17,132
5654,34,33,33,17,117
5655,17,33,33,17,100
5656,33,33,17,16,99
5659,0,17,17,16,50
5661,16,36,16,17,85
5663,19,33,15,16,83
5664,33,31,17,18,99
5666,15,16,17,18,66
5667,16,35,18,17,86
5668,17,18,18,17,70
5669,18,35,14,18,85
5671,17,32,150,17,216
5673,32,17,119,17,185
5674,14,17,119,17,167
5675,35,18,83,17,153
5677,33,18,50,17,118
5678,33,33,17,17,100
5679,34,17,17,17,85
5680,16,17,17,17,67
5682,17,17,15,18,67
5684,0,33,34,15,82
5686,15,19,15,18,67
5687,19,33,16,18,86
5689,18,34,14,17,83
5690,34,31,34,17,116
5691,18,31,34,17,100
5692,14,17,34,17,82
5693,17,34,17,16,84
5695,16,33,17,16,82
5697,16,33,33,18,100
5698,17,16,33,18,84
5700,17,16,18,17,68
5701,0,16,18,17,51
5702,35,34,116,16,201
5703,34,17,116,16,183
5706,33,33,50,16,132
5707,19,33,50,16,118
5708,16,17,50,16,99
5710,17,16,17,16,66
5711,16,33,17,17,83
5712,0,33,17,17,67
5715,34,16,15,18,83
5716,17,16,15,18,66
5717,16,33,16,17,82
5718,15,18,16,17,66
5721,17,35,15,17,84
5723,19,32,17,16,84
5724,0,32,17,16,65
5726,17,16,17,15,65
5727,33,15,19,16,83
5728,17,15,19,16,67
5730,19,16,16,18,69
5731,16,34,34,16,100
5733,18,34,82,17,151
5734,16,18,82,17,133
5736,16,15,51,17,99
5737,0,15,51,17,83
5739,15,34,16,18,83
5741,0,17,16,18,51
5742,34,34,14,19,101
5743,34,18,14,19,85
5744,34,33,31,17,115
5745,18,33,31,17,99
5747,34,16,17,16,83
5748,15,16,17,16,64
5749,84,33,18,16,151
5750,68,33,18,16,135
5751,51,33,18,16,118
5752,35,33,18,16,102
5753,33,17,18,16,84
5754,16,17,18,16,67
5755,17,34,16,17,84
5758,16,17,32,17,82
5759,17,32,35,16,100
5760,32,35,16,18,101
5761,16,35,16,18,85
5762,35,34,14,19,102
5763,18,34,14,19,85
5765,18,33,15,17,83
5766,14,19,15,17,65
5767,19,32,17,18,86
5769,17,35,83,16,151
5770,17,18,83,16,134
5771,18,31,52,16,117
5772,0,31,52,16,99
5773,15,35,17,16,83
5774,17,18,17,16,68
5775,18,33,33,18,102
5776,17,16,33,18,84
5777,49,34,17,15,115
5778,33,34,17,15,99
5779,18,34,17,15,84
5781,16,32,35,16,99
5782,17,15,35,16,83
5783,15,35,32,16,98
5784,17,18,32,16,83
5785,18,32,16,19,85
5786,32,35,14,20,101
5788,0,35,14,20,69
5789,19,34,14,17,84
5790,14,20,14,17,65
5791,20,31,18,16,85
5793,17,34,34,16,101
5794,84,16,17,17,134
5795,66,16,17,17,116
5796,50,16,17,17,100
5797,32,16,17,17,82
5798,16,16,17,17,66
5799,16,34,83,16,149
5803,17,32,18,16,83
5804,0,32,18,16,66
5805,152,31,16,16,215
5806,138,31,16,16,201
5807,120,31,16,16,183
5809,87,31,16,16,150
5813,20,31,16,16,83
5814,0,31,16,16,63
5815,18,32,17,17,84
5816,0,32,17,17,66
5817,16,34,16,17,83
5819,17,33,16,18,84
5820,0,33,16,18,67
5821,17,34,17,17,85
5825,33,17,15,18,83
5826,16,17,15,18,66
5827,17,33,16,16,82
5828,15,18,16,16,65
5832,35,32,17,18,102
5833,18,32,17,18,85
5834,15,17,17,18,67
5835,0,17,17,18,52
5836,17,18,16,16,67
5838,0,32,17,17,66
5840,0,34,16,17,67
5841,17,33,18,15,83
5842,16,17,18,15,66
5844,149,17,17,18,201
5847,100,17,17,18,152
5848,83,17,17,18,135
5849,65,17,17,18,117
5850,49,17,17,18,101
5852,17,17,17,18,69
5853,34,18,15,16,83
5854,17,18,15,16,66
5855,33,16,34,18,101
5856,15,16,34,18,83
5857,16,34,18,17,85
5859,35,17,16,17,85
5860,18,17,16,17,68
5862,33,33,83,17,166
5863,17,33,83,17,150
5864,15,18,83,17,133
5865,18,32,51,17,118
5866,16,16,51,17,100
5867,16,34,17,17,84
5868,18,16,17,17,68
5869,16,34,15,18,83
5870,34,33,84,16,167
5871,32,18,84,16,150
5872,15,18,84,16,133
5873,18,34,50,16,118
5874,34,31,84,18,167
5875,17,31,84,18,150
5876,31,35,49,18,133
5877,14,35,49,18,116
5880,16,16,35,16,83
5881,16,35,34,16,101
5882,17,18,34,16,85
5884,16,18,84,14,132
5885,18,33,51,14,116
5887,17,34,83,17,151
5888,34,31,85,16,166
5890,31,35,50,16,132
5892,18,17,50,16,101
5895,33,16,16,17,82
5896,16,16,16,17,65
5897,16,33,18,17,84
5898,0,33,18,17,68
5899,17,35,15,16,83
5900,0,35,15,16,66
5901,32,16,18,16,82
5902,15,16,18,16,65
5903,16,34,16,16,82
5904,18,16,16,16,66
5906,16,16,17,18,67
5908,35,33,35,16,119
5909,34,17,35,16,102
5910,16,17,35,16,84
5911,17,35,32,16,100
5915,16,33,49,17,115
5916,33,34,217,16,300
5917,17,34,217,16,284
5918,15,19,217,16,267
5919,19,32,185,16,252
5920,0,32,185,16,233
5921,17,33,152,16,218
5922,16,17,152,16,201
5923,17,34,118,16,185
5924,18,16,118,16,168
5925,16,33,85,16,150
5927,16,35,50,16,117
5928,0,35,50,16,101
5930,15,17,18,16,66
5931,0,17,18,16,51
5932,34,33,17,16,100
5934,0,33,17,16,66
5935,34,16,16,18,84
5937,32,18,16,17,83
5939,34,17,17,15,83
5941,17,32,18,16,83
5942,17,15,18,16,66
5943,15,34,17,17,83
5944,18,16,17,17,68
5945,16,34,16,16,82
5946,17,17,16,16,66
5947,17,32,35,16,100
5948,16,16,35,16,83
5949,35,16,16,16,83
5950,19,16,16,16,67
5951,16,32,84,16,148
5953,34,17,49,16,116
5954,18,17,49,16,100
5955,17,34,31,17,99
5956,16,18,31,17,82
5958,15,16,17,18,66
5960,0,35,34,16,85
5962,0,34,33,17,84
5963,19,33,17,16,85
5965,17,33,17,16,83
5966,0,33,17,16,66
5967,16,33,16,19,84
5970,35,33,32,17,117
5971,19,33,32,17,101
5972,14,19,32,17,82
5973,19,32,183,17,251
5974,32,33,150,17,232
5975,17,33,150,17,217
5977,16,33,117,17,183
5978,16,17,117,17,167
5979,17,34,83,17,151
5980,34,33,83,16,166
5981,16,33,83,16,148
5982,15,18,83,16,132
5983,101,16,17,16,150
5984,83,16,17,16,132
5988,16,16,17,16,65
5990,17,16,85,15,133
5991,35,17,49,15,116
5992,19,17,49,15,100
5995,84,34,16,19,153
5998,34,34,16,19,103
