序号,发送->接收,接收->转发,转发->接收,接收->处理,总计
1,0,33,24,16,73
2,24,16,17,17,74
3,18,16,17,17,68
5,34,33,17,16,100
6,17,33,17,16,83
7,0,33,17,16,66
9,0,33,54,12,99
11,0,33,50,17,100
12,0,17,50,17,84
13,21,12,83,17,133
14,12,34,49,17,112
15,67,33,18,17,135
16,50,33,18,17,118
17,0,33,16,17,66
18,17,33,18,17,85
19,0,33,18,17,68
22,17,32,16,18,83
23,0,32,16,18,66
24,16,34,50,16,116
25,0,34,50,16,100
26,0,18,50,16,84
27,0,33,116,18,167
30,16,33,50,18,117
33,0,34,49,17,100
34,17,34,15,17,83
35,66,35,16,15,132
37,32,35,16,15,98
39,18,17,16,15,66
40,0,17,16,15,48
43,34,35,16,16,101
44,16,35,16,16,83
45,0,35,16,16,67
46,0,17,16,16,49
47,0,32,17,17,66
49,0,34,16,18,68
51,0,34,82,16,132
52,0,18,82,16,116
53,15,17,50,16,98
54,0,17,50,16,83
56,16,32,52,15,115
58,16,35,17,15,83
60,34,15,17,17,83
61,32,34,18,19,103
62,15,34,18,19,86
63,0,34,18,19,71
64,17,37,12,18,84
65,0,37,12,18,67
67,0,30,17,18,65
68,18,35,0,15,68
69,0,35,0,15,50
70,18,31,17,17,83
71,0,31,17,17,65
72,0,16,17,17,50
73,17,17,17,15,66
75,0,32,18,17,67
76,0,15,18,17,50
77,18,17,18,15,68
79,33,32,17,17,99
81,17,15,17,17,66
82,0,15,17,17,49
83,17,17,17,17,68
84,17,34,16,18,85
88,0,18,14,17,49
89,0,31,19,15,65
90,0,17,19,15,51
92,15,34,50,16,115
93,0,34,50,16,100
94,52,32,16,19,119
96,16,32,16,19,83
97,0,32,16,19,67
98,0,16,16,19,51
100,0,19,15,17,51
101,0,32,17,16,65
102,17,33,17,16,83
103,0,33,17,16,66
104,66,16,18,17,117
105,33,33,18,17,101
106,16,33,18,17,84
108,0,16,18,17,51
109,35,33,17,17,102
111,0,33,17,17,67
112,0,18,17,17,52
113,0,34,17,17,68
114,0,17,17,17,51
115,0,34,14,17,65
116,0,17,14,17,48
117,14,17,18,15,64
118,0,17,18,15,50
120,0,15,17,17,49
122,0,17,17,17,51
124,0,17,17,17,51
125,0,34,18,16,68
126,0,17,18,16,51
128,16,32,50,17,115
129,0,32,50,17,99
130,0,17,50,17,84
131,0,33,83,17,133
132,50,33,16,17,116
134,17,33,16,17,83
135,33,33,16,17,99
136,17,33,16,17,83
138,17,33,17,17,84
140,17,34,16,18,85
142,17,34,49,16,116
143,0,34,49,16,99
144,18,32,17,16,83
146,17,33,18,16,84
148,16,34,51,17,118
149,0,34,51,17,102
151,0,32,19,17,68
152,15,36,17,15,83
153,0,36,17,15,68
154,17,32,17,16,82
157,0,33,18,17,68
158,16,35,49,27,127
159,0,35,49,27,111
160,0,17,49,27,93
161,15,17,17,27,76
162,34,27,22,18,101
163,44,22,18,16,100
164,27,22,18,16,83
165,0,22,18,16,56
166,18,34,52,15,119
168,0,16,52,15,83
169,0,34,18,15,67
170,18,33,17,16,84
171,0,33,17,16,66
172,15,33,16,17,81
173,0,33,16,17,66
174,16,33,17,17,83
175,0,33,17,17,67
177,0,34,33,18,85
178,17,33,0,18,68
180,16,34,17,15,82
181,18,16,17,15,66
182,33,15,19,17,84
183,17,15,19,17,68
184,51,32,15,18,116
185,0,36,14,18,68
188,0,18,15,18,51
189,0,33,17,17,67
192,17,32,16,18,83
193,0,32,16,18,66
195,0,34,17,18,69
196,18,35,15,17,85
197,35,32,32,18,117
198,18,32,32,18,100
199,0,32,32,18,82
200,17,32,18,17,84
203,0,35,18,15,68
204,0,17,18,15,50
205,18,15,16,18,67
206,15,34,15,17,81
207,34,32,17,16,99
208,18,32,17,16,83
209,0,32,17,16,65
210,17,33,17,17,84
212,16,34,18,14,82
213,0,34,18,14,66
215,0,32,18,17,67
216,14,35,16,16,81
217,0,35,16,16,67
218,17,32,18,16,83
220,16,34,17,17,84
221,0,34,17,17,68
225,0,33,16,17,66
226,18,33,16,17,84
228,17,33,18,17,85
229,0,33,18,17,68
230,0,17,18,17,52
231,0,35,82,16,133
232,17,33,49,16,115
233,0,33,49,16,98
234,18,37,12,16,83
236,48,34,17,17,116
237,0,28,18,16,62
238,16,34,17,17,84
239,0,34,17,17,68
240,16,34,16,17,83
242,17,33,16,17,83
243,0,33,16,17,66
245,33,34,16,17,100
246,17,34,16,17,84
248,17,33,0,17,67
249,0,33,0,17,50
250,17,34,33,16,100
252,0,17,33,16,66
253,33,33,16,18,100
258,18,33,84,17,152
259,0,33,84,17,134
260,0,18,84,17,119
261,0,33,18,15,66
262,50,35,14,18,117
265,0,35,14,18,67
266,0,17,14,18,49
267,14,18,17,16,65
268,0,18,17,16,51
269,0,33,16,17,66
270,0,16,16,17,49
271,0,33,17,16,66
272,0,17,17,16,50
274,16,34,18,15,83
275,0,34,18,15,67
276,17,33,17,16,83
277,0,33,17,16,66
279,0,33,0,17,50
281,51,17,16,18,102
283,16,17,16,18,67
284,17,34,15,17,83
287,32,32,19,17,100
288,17,32,19,17,85
289,0,32,19,17,68
290,15,36,49,17,117
292,17,33,16,17,83
293,33,33,50,15,131
294,17,33,50,15,115
297,0,34,16,15,65
298,17,31,18,17,83
299,0,31,18,17,66
300,15,35,15,17,82
301,0,35,15,17,67
302,17,32,18,16,83
304,17,34,18,15,84
307,0,33,17,18,68
309,0,35,16,16,67
311,0,32,0,17,49
312,16,34,50,16,116
313,0,34,50,16,100
314,0,17,50,16,83
315,0,32,50,17,99
316,15,34,16,17,82
317,0,34,16,17,67
318,16,33,17,16,82
319,33,33,18,16,100
321,0,33,18,16,67
322,0,16,18,16,50
324,0,16,18,15,49
325,0,33,17,18,68
327,0,35,17,16,68
329,0,33,15,18,66
330,0,16,15,18,49
332,18,31,18,17,84
334,15,35,16,18,84
335,0,35,16,18,69
336,0,17,16,18,51
337,0,34,0,16,50
338,18,33,16,18,85
339,0,33,16,18,67
341,16,18,0,15,49
342,18,32,17,15,82
343,0,32,17,15,64
345,32,36,16,17,101
346,15,36,16,17,84
347,0,36,16,17,69
348,0,18,16,17,51
350,17,33,17,16,83
351,0,33,17,16,66
353,0,33,16,17,66
354,16,33,18,16,83
355,0,33,18,16,67
356,0,17,18,16,51
357,0,34,17,17,68
360,0,17,16,17,50
361,16,17,17,16,66
362,0,17,17,16,50
365,0,33,51,15,99
367,66,36,15,18,135
369,0,33,18,18,69
370,15,36,15,18,84
371,0,36,15,18,69
373,0,33,14,17,64
375,0,31,17,17,65
377,0,34,51,15,100
378,17,34,84,16,151
379,0,34,84,16,134
380,0,16,84,16,116
381,17,15,117,17,166
384,17,33,17,16,83
386,16,33,16,17,82
389,0,33,18,15,66
390,35,15,17,17,84
391,0,33,17,17,67
392,0,15,17,17,49
393,0,34,16,17,67
394,0,17,16,17,50
395,0,33,17,16,66
396,17,33,52,15,117
397,33,34,83,17,167
399,34,33,16,17,100
400,17,33,16,17,83
401,18,15,16,17,66
402,15,33,17,17,82
403,0,33,17,17,67
404,17,34,17,16,84
406,17,33,16,18,84
407,0,33,16,18,67
408,0,16,16,18,50
409,0,34,16,17,67
410,0,18,16,17,51
413,0,34,50,16,100
414,0,17,50,16,83
415,16,17,17,16,66
416,17,33,16,17,83
417,0,33,16,17,66
419,16,17,17,16,66
420,0,17,17,16,50
421,17,16,18,15,66
424,15,34,17,17,83
425,0,34,17,17,68
426,0,16,17,17,50
427,0,34,16,17,67
428,17,33,17,16,83
429,0,33,17,16,66
430,17,33,16,18,84
431,0,33,16,18,67
432,16,34,83,17,150
434,0,18,83,17,118
435,0,33,17,17,67
436,17,34,16,17,84
437,34,33,16,18,101
438,17,33,16,18,84
439,33,34,15,17,99
440,17,34,15,17,83
442,0,18,15,17,50
443,32,34,17,15,98
444,17,34,17,15,83
445,34,32,17,17,100
447,17,15,17,17,66
448,15,34,49,18,116
449,0,34,49,18,101
450,0,17,49,18,84
451,49,18,84,16,167
452,33,18,84,16,151
453,16,18,84,16,134
454,18,33,51,16,118
458,15,34,16,17,82
459,0,34,16,17,67
460,16,33,51,16,116
461,33,34,17,16,100
463,0,34,17,16,67
464,0,18,17,16,51
465,33,33,51,16,133
466,16,33,51,16,116
467,0,33,51,16,100
468,17,33,18,16,84
469,16,17,18,16,67
472,16,33,18,15,82
473,0,33,18,15,66
474,17,33,17,17,84
475,0,33,17,17,67
476,0,15,17,17,49
478,17,33,17,16,83
481,33,33,18,16,100
483,33,34,17,16,100
485,67,35,50,16,168
486,16,33,50,17,116
487,0,33,50,17,100
488,16,35,50,16,117
489,0,35,50,16,101
490,49,34,15,18,116
491,50,16,15,18,99
492,17,34,15,18,84
493,0,34,15,18,67
494,16,33,16,17,82
495,0,33,16,17,66
496,0,18,16,17,51
498,0,17,16,17,50
499,0,33,0,17,50
500,17,35,49,17,118
501,17,18,49,17,101
502,0,18,49,17,84
503,15,17,17,17,66
504,17,34,16,17,84
505,0,34,16,17,67
507,0,33,16,17,66
508,17,33,49,19,118
509,33,33,16,19,101
511,0,33,16,19,68
514,19,33,16,15,83
515,0,33,16,15,64
517,0,31,18,17,66
518,15,35,50,17,117
524,17,34,15,17,83
525,0,34,15,17,66
526,0,18,15,17,50
527,0,32,50,17,99
529,0,33,17,17,67
530,16,34,16,18,84
531,34,34,50,17,135
533,0,34,50,17,101
534,18,32,50,17,117
535,15,17,50,17,99
536,0,17,50,17,84
537,0,35,15,17,67
538,17,32,49,18,116
540,17,34,15,18,84
541,0,34,15,18,67
542,17,33,50,17,117
544,18,32,18,17,85
545,0,32,18,17,67
546,15,35,16,17,83
547,35,33,15,18,101
549,0,33,15,18,66
551,33,35,14,19,101
552,18,35,14,19,86
554,0,19,14,19,52
556,19,33,15,18,85
557,0,33,15,18,66
559,0,33,15,17,65
560,0,18,15,17,50
561,0,32,17,17,66
562,17,34,17,17,85
563,0,34,17,17,68
566,17,33,0,16,66
567,0,33,0,16,49
568,16,33,49,17,115
570,33,18,15,17,83
571,16,18,15,17,66
572,18,32,17,17,84
573,0,32,17,17,66
575,0,34,50,17,101
576,51,33,50,17,151
577,34,33,50,17,134
578,17,33,50,17,117
579,0,33,50,17,100
580,17,33,50,16,116
581,0,33,50,16,99
583,17,17,16,16,66
584,17,32,18,17,84
586,16,35,15,17,83
588,49,33,50,17,149
589,0,32,17,16,65
592,16,34,16,17,83
593,0,34,16,17,67
594,0,17,16,17,50
595,33,33,17,17,100
597,0,33,17,17,67
598,0,16,17,17,50
599,0,34,17,17,68
600,34,17,16,17,84
601,0,34,16,17,67
602,0,17,16,17,50
603,0,33,16,17,66
604,17,33,17,17,84
606,17,34,15,17,83
607,0,34,15,17,66
608,17,32,17,17,83
609,66,34,50,15,165
613,34,34,16,15,99
615,0,34,16,15,65
616,0,18,16,15,49
617,16,15,18,17,66
618,15,35,16,18,84
621,34,32,17,16,99
624,0,17,17,16,50
625,0,33,18,17,68
626,0,16,18,17,51
627,0,35,15,18,68
628,17,33,16,16,82
629,0,33,16,16,65
630,18,32,18,17,85
631,50,17,16,17,100
633,0,35,16,17,68
634,0,17,16,17,50
637,17,15,17,16,65
638,0,15,17,16,48
640,0,16,17,18,51
641,0,35,83,17,135
643,0,32,17,17,66
644,17,34,17,17,85
645,0,34,17,17,68
648,17,32,17,17,83
650,0,17,17,17,51
651,17,17,16,17,67
654,17,34,82,18,151
655,0,34,82,18,134
656,67,17,15,18,117
657,0,33,17,17,67
659,34,33,17,17,101
660,17,33,17,17,84
661,0,33,17,17,67
662,0,18,17,17,52
663,0,34,16,17,67
664,83,33,18,15,149
666,17,33,51,15,116
667,0,33,51,15,99
668,0,18,51,15,84
669,66,32,20,14,132
670,16,33,17,15,81
671,0,33,17,15,65
672,47,34,51,16,148
673,32,34,51,16,133
674,15,34,51,16,116
675,0,34,51,16,101
676,14,34,17,16,81
677,0,34,17,16,67
678,34,16,18,16,84
679,0,33,18,16,67
680,0,16,18,16,50
681,0,34,33,17,84
684,16,34,16,16,82
685,0,34,16,16,66
686,49,34,17,17,117
687,16,16,17,17,66
688,16,34,17,17,84
694,18,33,17,16,84
695,0,33,17,16,66
696,0,18,17,16,51
697,33,33,16,18,100
698,0,16,82,19,117
700,15,34,82,16,147
701,0,34,82,16,132
703,0,34,15,18,67
704,0,19,15,18,52
705,0,33,15,16,64
706,0,18,15,16,49
707,0,31,19,17,67
711,0,31,18,17,66
712,17,35,84,15,151
713,18,17,84,15,134
714,17,32,17,18,84
715,0,32,17,18,67
716,17,35,50,15,117
717,0,35,50,15,100
718,18,32,18,15,83
720,48,34,16,17,115
721,0,33,50,17,100
722,15,34,16,17,82
723,0,34,16,17,67
725,16,17,18,17,68
726,84,33,17,17,151
728,17,32,50,17,116
729,0,32,50,17,99
730,17,33,17,17,84
731,33,34,16,17,100
732,49,33,17,17,116
733,67,34,17,17,135
736,51,34,17,14,116
737,0,34,17,17,68
738,17,34,17,14,82
740,17,31,19,17,84
743,36,31,52,14,133
744,0,17,48,17,82
745,0,31,52,14,97
747,0,34,116,17,167
748,17,32,0,18,67
749,0,32,0,18,50
750,14,35,17,17,83
751,268,34,49,17,368
752,83,33,85,16,217
753,34,32,17,16,99
754,17,32,17,16,82
755,0,32,17,16,65
756,0,17,17,16,50
758,16,33,18,16,83
759,0,33,18,16,67
760,49,34,17,16,116
762,16,34,17,16,83
763,0,34,17,16,67
764,16,33,83,17,149
765,84,15,51,17,167
767,34,32,51,17,134
771,0,34,17,17,68
772,17,34,16,17,84
773,233,33,34,17,317
774,17,33,51,15,116
775,33,34,32,18,117
776,17,34,32,18,101
777,0,34,32,18,84
778,34,15,18,16,83
779,0,32,18,16,66
780,115,33,34,17,199
781,0,34,17,17,68
782,0,16,17,17,50
783,99,34,17,15,165
785,32,33,34,17,116
786,20,33,34,17,104
787,0,33,34,17,84
788,32,17,17,15,81
790,34,15,0,18,67
791,0,32,0,18,50
792,0,15,0,18,33
793,0,35,17,17,69
794,0,17,17,17,51
795,17,17,49,17,100
797,0,33,16,17,66
798,17,33,0,16,66
799,0,33,0,16,49
801,0,33,0,16,49
802,0,17,0,16,33
804,52,32,17,16,117
805,0,34,16,16,66
806,17,32,17,16,82
809,0,33,18,16,67
810,16,34,17,17,84
811,0,34,17,17,68
812,16,34,49,17,116
813,34,32,52,15,133
815,32,34,50,17,133
816,17,34,50,17,118
817,0,34,50,17,101
818,17,33,17,17,84
819,33,34,17,17,101
820,15,34,17,17,83
822,0,17,17,17,51
823,100,32,18,16,166
824,33,15,19,16,83
825,31,35,15,17,98
826,0,15,19,16,50
828,16,32,18,16,82
829,32,34,17,15,98
831,34,32,52,17,135
832,0,16,17,15,48
833,0,32,52,17,101
834,0,15,52,17,84
835,35,34,50,15,134
836,84,32,16,18,150
837,0,34,50,15,99
838,0,17,50,15,82
839,0,33,17,15,65
842,15,34,50,16,115
844,0,18,50,16,84
847,0,33,18,17,68
848,34,17,49,16,116
849,0,35,49,16,100
850,32,17,17,16,82
851,0,32,17,16,65
852,185,33,84,15,317
853,0,33,17,18,68
855,0,35,15,16,66
856,0,18,15,16,49
857,0,31,18,16,65
858,0,16,18,16,50
859,84,18,84,15,201
860,16,35,82,17,150
862,17,33,84,15,149
863,0,33,84,15,132
864,0,18,84,15,117
866,17,34,18,15,84
867,0,34,18,15,67
868,17,33,17,17,84
869,0,33,17,17,67
871,0,34,49,17,100
872,34,15,17,17,83
875,34,34,84,16,168
876,17,34,84,16,151
877,0,34,84,16,134
879,0,32,84,16,132
881,0,33,19,16,68
882,16,35,16,16,83
883,0,35,16,16,67
886,16,35,50,17,118
889,32,35,0,17,84
890,16,35,0,17,68
893,0,33,16,16,65
894,0,16,16,16,48
895,16,16,17,17,66
897,0,34,18,16,68
901,0,32,17,19,68
902,0,17,17,19,53
903,0,36,14,18,68
904,0,19,14,18,51
906,18,33,17,15,83
907,0,33,17,15,65
908,18,32,17,17,84
911,0,34,16,17,67
912,0,17,16,17,50
913,0,33,17,18,68
914,17,35,15,17,84
915,0,35,15,17,67
917,0,32,17,17,66
918,17,34,16,17,84
919,0,34,16,17,67
920,0,17,16,17,50
922,17,33,17,17,84
924,0,17,17,17,51
925,17,17,16,16,66
926,0,17,16,16,49
928,0,16,18,15,49
929,0,33,19,15,67
930,0,15,19,15,49
931,69,33,49,17,168
935,0,33,49,17,99
936,0,18,49,17,84
937,32,34,16,17,99
938,16,34,16,17,83
939,0,34,16,17,67
942,17,34,17,16,84
943,0,34,17,16,67
946,16,34,50,16,116
948,0,17,50,16,83
949,0,32,51,16,99
950,16,34,50,19,119
951,34,33,17,19,103
953,0,33,17,19,69
954,0,16,17,19,52
956,0,19,14,17,50
957,0,31,17,16,64
958,17,33,17,16,83
960,16,33,18,15,82
962,0,16,18,15,49
963,0,33,17,16,66
964,0,15,17,16,48
965,0,33,19,16,68
967,19,16,17,17,69
969,17,17,15,17,66
970,0,17,15,17,49
975,18,16,17,17,68
976,16,34,15,17,82
977,34,32,18,17,101
978,49,35,16,15,115
979,0,32,18,17,67
982,0,17,16,15,48
983,0,31,19,17,67
986,17,31,18,15,81
987,0,31,18,15,64
988,0,15,18,15,48
989,0,33,51,17,101
991,0,35,50,17,102
993,33,34,15,19,101
995,0,34,15,19,68
997,0,34,15,17,66
999,32,34,15,18,99
1000,17,34,15,18,84
1001,0,34,15,18,67
1002,17,33,16,16,82
1003,0,33,16,16,65
1004,18,32,50,17,117
1005,0,32,50,17,99
1006,0,16,50,17,83
1007,0,35,15,17,67
1008,17,32,16,17,82
1009,0,32,16,17,65
1011,33,32,54,14,133
1012,17,32,54,14,117
1013,0,32,54,14,100
1014,0,14,54,14,82
1017,0,32,0,17,49
1018,14,34,17,17,82
1019,0,34,17,17,68
1020,67,18,49,16,150
1021,34,34,49,16,133
1025,0,33,16,16,65
1026,66,17,19,16,118
1030,0,17,19,16,52
1031,35,32,17,16,100
1033,0,32,17,16,65
1034,0,16,17,16,49
1035,33,33,17,17,100
1036,0,16,50,17,83
1038,15,34,17,17,83
1039,17,17,17,17,68
1040,0,17,17,17,51
1042,0,17,17,16,50
1044,0,16,17,17,50
1046,17,33,51,15,116
1047,33,34,17,15,99
1048,17,34,17,15,83
1051,17,15,17,18,67
1052,15,35,15,17,82
1054,0,18,15,17,50
1055,0,32,18,15,65
1056,0,17,18,15,50
1057,18,15,17,17,67
1058,0,15,17,17,49
1059,17,17,16,17,67
1060,0,17,16,17,50
1061,16,17,50,17,100
1062,0,17,50,17,84
1063,0,33,51,17,101
1065,17,17,17,17,68
1066,17,34,15,17,83
1067,17,17,15,17,66
1069,0,32,35,17,84
1070,52,32,34,16,134
1071,35,32,34,16,117
1072,18,32,34,16,100
1073,0,32,34,16,82
1074,0,15,34,16,65
1075,0,34,16,18,68
1076,15,34,50,16,115
1077,0,34,50,16,100
1081,18,16,82,17,133
1082,16,33,17,16,82
1083,0,33,17,16,66
1084,0,17,17,16,50
1086,16,33,17,16,82
1087,0,33,17,16,66
1088,0,17,17,16,50
1089,0,33,17,17,67
1090,16,34,17,16,83
1095,0,35,50,16,101
1096,18,32,50,16,116
1097,0,32,50,16,98
1098,17,34,16,16,83
1100,16,32,18,17,83
1101,0,32,18,17,67
1102,0,16,18,17,51
1103,0,35,49,17,101
1105,0,33,50,16,99
1106,17,33,117,17,184
1109,0,33,17,17,67
1111,0,34,0,17,51
1112,17,34,16,17,84
1113,0,34,16,17,67
1114,0,17,16,17,50
1117,0,32,17,17,66
1118,17,34,16,18,85
1119,17,17,16,18,68
1120,17,34,15,17,83
1121,0,34,15,17,66
1122,18,32,16,17,83
1124,17,33,17,16,83
1125,0,33,17,16,66
1126,17,33,18,17,85
1129,0,35,16,17,68
1131,0,33,17,16,66
1132,17,33,17,16,83
1133,0,33,17,16,66
1134,16,33,17,21,87
1135,0,33,17,21,71
1136,16,38,46,17,117
1137,38,30,50,16,134
1138,21,30,50,16,117
1140,18,33,49,17,117
1141,33,33,16,17,99
1143,17,16,16,17,66
1144,16,33,17,16,82
1147,0,33,51,17,101
1148,0,16,51,17,84
1150,17,34,15,17,83
1151,84,16,117,17,234
1155,0,34,117,17,168
1156,0,16,117,17,150
1159,0,33,51,17,101
1160,51,34,50,15,150
1161,0,34,17,17,68
1162,17,34,50,15,116
1163,0,34,50,15,99
1166,18,32,84,17,151
1167,17,15,84,17,133
1168,15,36,16,15,82
1169,0,36,16,15,67
1170,49,34,84,16,183
1172,15,34,84,16,149
1173,0,34,84,16,134
1175,34,32,18,16,100
1176,17,32,18,16,83
1177,0,32,18,16,66
1178,0,15,18,16,49
1180,16,34,15,17,82
1182,16,32,0,17,65
1183,0,32,0,17,49
1186,0,17,17,16,50
1188,16,34,16,17,83
1189,0,34,16,17,67
1192,17,35,14,17,83
1193,0,35,14,17,66
1194,32,17,17,17,83
1196,17,34,16,18,85
1197,0,34,16,18,68
1198,17,34,0,15,66
1199,0,34,0,15,49
1200,18,31,18,17,84
1202,0,16,18,17,51
1204,17,33,18,16,84
1206,17,34,16,17,84
1207,0,34,16,17,67
1210,17,34,83,16,150
1212,18,32,17,17,84
1213,0,32,17,17,66
1214,16,34,17,16,83
1216,184,33,17,17,251
1218,0,16,49,17,82
1219,35,31,19,16,101
1220,31,17,19,16,83
1221,31,35,16,17,99
1222,17,35,16,17,85
1224,0,16,16,17,49
1225,0,33,16,17,66
1226,0,17,16,17,50
1227,0,33,17,17,67
1228,17,34,15,17,83
1229,0,34,15,17,66
1230,17,32,17,16,82
1233,0,33,17,18,68
1234,16,35,15,17,83
1236,33,17,18,16,84
1237,0,32,18,16,66
1238,35,16,17,16,84
1239,0,34,17,16,67
1241,0,33,16,17,66
1243,0,33,17,17,67
1245,0,34,17,17,68
1246,51,32,17,17,117
1247,34,32,17,17,100
1249,0,32,17,17,66
1250,0,17,17,17,51
1251,0,34,16,17,67
1254,118,32,17,18,185
1255,0,34,15,19,68
1256,0,17,15,19,51
1258,19,33,49,18,119
1260,18,32,17,18,85
1261,0,32,17,18,67
1263,0,35,32,17,84
1264,18,32,17,20,87
1266,0,17,17,20,54
1267,37,30,17,15,99
1269,0,30,17,15,62
1270,16,32,51,16,115
1273,0,35,16,16,67
1274,18,32,18,17,85
1275,0,32,18,17,67
1276,16,35,49,17,117
1277,0,35,49,17,101
1278,17,33,16,17,83
1279,49,17,16,17,99
1280,0,17,16,17,50
1282,17,33,16,18,84
1283,0,33,16,18,67
1284,51,34,149,17,251
1286,18,34,149,17,218
1289,0,32,17,17,66
1293,0,34,0,16,50
1294,17,33,16,17,83
1295,0,33,16,17,66
1296,0,17,16,17,50
1297,0,33,16,17,66
1298,17,33,17,16,83
1299,0,33,17,16,66
1301,0,33,18,15,66
1303,0,33,17,17,67
1305,34,33,18,17,102
1307,0,33,18,17,68
1308,15,35,15,17,82
1310,17,32,17,17,83
1313,0,34,15,17,66
1314,17,32,17,17,83
1315,0,32,17,17,66
1316,17,34,50,16,117
1317,0,34,50,16,100
1321,17,16,83,17,133
1322,49,34,16,17,116
1323,0,33,17,17,67
1324,82,34,51,16,183
1325,135,33,17,16,201
1327,0,33,51,17,101
1328,17,34,51,16,118
1329,0,34,51,16,101
1331,0,34,17,16,67
1332,17,33,17,16,83
1333,0,33,17,16,66
1334,16,33,16,17,82
1335,0,33,16,17,66
1336,49,33,17,17,116
1337,0,33,16,17,66
1338,17,33,17,17,84
1339,33,34,16,17,100
1340,84,34,17,16,151
1343,0,33,17,17,67
1344,51,33,17,16,117
1345,0,34,17,16,67
1346,83,33,18,15,149
1348,16,33,16,17,82
1349,33,33,18,15,99
1350,16,33,18,15,82
1351,0,33,18,15,66
1352,0,17,18,15,50
1353,33,34,51,17,135
1356,0,17,51,17,85
1357,0,33,18,17,68
1358,0,15,18,17,50
1359,35,32,18,15,100
1360,17,32,18,15,82
1361,0,32,18,15,65
1363,0,33,17,17,67
1364,0,15,17,17,49
1365,0,34,17,16,67
1366,0,17,17,16,50
1369,0,34,49,18,101
1370,0,18,49,18,85
1371,15,17,17,18,67
1372,0,17,17,18,52
1373,35,35,48,17,135
1375,0,35,48,17,100
1376,0,20,48,17,85
1379,35,33,16,16,100
1380,17,33,16,16,82
1381,0,33,16,16,65
1382,0,17,16,16,49
1384,0,16,17,17,50
1385,0,34,18,16,68
1386,0,17,18,16,51
1387,0,34,17,15,66
1388,48,34,16,17,115
1389,0,32,17,17,66
1390,15,34,16,17,82
1391,0,34,16,17,67
1392,17,33,17,17,84
1394,0,17,17,17,51
1395,0,34,0,17,51
1396,17,32,52,15,116
1397,0,32,52,15,99
1398,0,15,52,15,82
1400,18,32,18,16,84
1402,15,34,50,16,115
1404,16,34,16,16,82
1405,0,34,16,16,66
1406,15,32,17,17,81
1407,16,16,17,17,66
1409,34,33,85,16,168
1413,0,33,17,18,68
1414,16,35,17,16,84
1416,18,33,84,16,151
1417,0,33,84,16,133
1419,0,33,17,16,66
1420,0,17,17,16,50
1422,16,34,16,18,84
1423,150,18,17,12,197
1425,34,32,17,16,99
1426,0,18,17,15,50
1427,32,33,52,12,129
1430,0,16,52,12,80
1431,52,12,20,17,101
1434,0,12,20,17,49
1435,0,37,17,16,70
1436,83,34,16,17,150
1437,0,33,51,16,100
1438,16,33,18,16,83
1439,0,33,18,16,67
1440,16,34,16,17,83
1441,34,33,18,14,99
1442,32,17,18,14,81
1443,0,33,18,14,65
1446,0,14,18,16,48
1447,0,34,51,16,101
1448,16,33,18,16,83
1449,33,34,17,16,100
1451,102,33,50,15,200
1453,0,33,51,17,101
1456,18,33,50,15,116
1457,0,33,50,15,98
1458,17,32,18,15,82
1459,0,32,18,15,65
1460,82,34,49,17,182
1461,33,34,17,17,101
1462,0,15,21,13,49
1463,0,34,17,17,68
1465,0,34,49,17,100
1466,0,17,49,17,83
1467,0,33,16,17,66
1469,0,33,0,16,49
1471,51,16,15,19,101
1472,0,18,17,16,51
1476,51,34,83,17,185
1477,0,32,17,17,66
1479,0,34,83,17,134
1480,0,17,83,17,117
1481,0,34,15,17,66
1482,17,32,50,17,116
1483,32,34,16,17,99
1484,17,34,16,17,84
1486,50,34,17,16,117
1487,0,33,51,16,100
1488,17,34,17,16,84
1491,84,15,18,17,134
1492,16,33,18,15,82
1494,36,15,18,17,86
1495,0,33,18,17,68
1496,0,15,18,17,50
1498,49,34,49,17,149
1500,17,34,49,17,117
1501,34,33,16,17,100
1502,31,18,16,17,82
1504,0,18,16,17,51
1505,33,33,50,17,133
1508,16,34,16,17,83
1509,0,34,16,17,67
1510,17,33,50,16,116
1511,0,33,50,16,99
1512,0,17,50,16,83
1513,82,18,17,17,134
1514,0,16,17,16,49
1515,17,16,16,18,67
1516,16,34,17,17,84
1518,52,32,17,17,118
1519,0,34,49,17,100
1520,17,32,17,17,83
1521,100,33,17,17,167
1522,16,34,17,17,84
1525,34,33,17,17,101
1526,17,33,17,17,84
1527,0,33,17,17,67
1528,17,34,16,17,84
1529,0,34,16,17,67
1531,33,32,17,17,99
1532,0,17,17,15,49
1533,0,32,17,17,66
1535,0,34,17,16,67
1536,0,17,17,16,50
1538,16,35,15,17,83
1540,17,32,51,16,116
1541,0,32,51,16,99
1542,17,34,17,16,84
1543,0,34,17,16,67
1544,17,33,50,16,116
1545,0,33,50,16,99
1546,0,16,50,16,82
1547,0,34,50,16,100
1548,18,32,49,18,117
1549,0,32,49,18,99
1550,0,16,49,18,83
1552,31,18,50,17,116
1553,33,34,16,17,100
1554,18,34,16,17,85
1556,17,33,0,18,68
1557,83,16,151,16,266
1558,17,35,15,16,83
1559,0,35,15,16,66
1560,32,16,151,16,215
1561,0,31,151,16,198
1562,49,34,18,15,116
1564,15,34,18,15,82
1565,0,34,18,15,67
1567,0,33,18,16,67
1569,102,32,50,16,200
1570,16,33,17,18,84
1573,35,32,50,16,133
1574,18,32,50,16,116
1575,0,32,50,16,98
1576,0,18,50,16,84
1577,16,17,51,16,100
1578,50,34,16,17,117
1580,16,34,16,17,83
1581,0,34,16,17,67
1583,0,33,18,16,67
1586,16,34,16,17,83
1587,0,34,16,17,67
1588,18,33,15,17,83
1589,0,33,15,17,65
1590,17,32,0,17,66
1591,0,32,0,17,49
1592,17,34,17,17,85
1593,0,34,17,17,68
1594,0,17,17,17,51
1595,17,17,16,17,67
1596,17,33,17,17,84
1598,0,17,17,17,51
1599,17,17,15,17,66
1600,0,17,15,17,49
1602,17,34,15,17,83
1604,16,32,84,17,149
1607,0,34,17,17,68
1608,51,33,17,16,117
1609,0,34,16,17,67
1610,0,17,16,17,50
1611,33,33,50,17,133
1614,0,16,50,17,83
1616,16,33,17,15,81
1619,0,32,17,18,67
1621,0,35,17,16,68
1623,100,33,67,16,216
1624,0,16,16,18,50
1625,0,34,49,17,100
1626,0,18,49,17,84
1627,0,33,16,17,66
1629,0,33,67,16,116
1630,17,33,16,18,84
1632,17,34,16,17,84
1633,117,16,17,17,167
1634,18,33,33,17,101
1635,0,33,33,17,83
1636,0,17,33,17,67
1641,0,34,17,16,67
1642,17,33,19,15,84
1643,0,33,19,15,67
1644,16,34,49,17,116
1645,0,34,49,17,100
1646,15,33,16,17,81
1647,0,33,16,17,66
1648,17,33,50,17,117
1651,0,34,16,17,67
1652,16,33,50,17,116
1653,0,33,50,17,100
1654,17,33,17,17,84
1655,0,33,17,17,67
1657,34,32,18,16,100
1658,17,32,18,16,83
1659,0,32,18,16,66
1660,16,34,17,18,85
1661,0,34,17,18,69
1662,16,35,15,17,83
1664,18,32,17,17,84
1665,0,32,17,17,66
1667,0,34,50,15,99
1668,17,33,82,17,149
1670,17,32,17,17,83
1671,0,32,17,17,66
1672,15,34,67,17,133
1674,33,17,17,17,84
1675,0,33,17,17,67
1676,0,17,17,17,51
1677,34,32,17,17,100
1679,0,32,17,17,66
1680,0,15,17,17,49
1681,17,17,18,15,67
1682,17,33,18,17,85
1683,0,33,18,17,68
1684,15,35,17,15,82
1685,0,35,17,15,67
1686,17,32,18,17,84
1689,0,35,49,17,101
1691,0,32,17,17,66
1693,17,17,17,16,67
1694,17,33,16,16,82
1695,0,33,16,16,65
1696,0,16,16,16,48
1697,0,32,51,17,100
1698,16,35,16,17,84
1700,33,17,0,16,66
1701,16,17,0,16,49
1702,17,33,50,18,118
1703,68,33,0,16,117
1705,18,17,15,18,68
1707,0,33,0,16,49
1708,18,32,117,17,184
1709,0,32,117,17,166
1710,32,17,17,18,84
1711,33,35,49,17,134
1712,17,35,49,17,118
1713,0,35,49,17,101
1714,18,31,18,17,84
1715,0,31,18,17,66
1716,15,35,15,17,82
1718,17,32,18,15,82
1721,0,33,18,17,68
1722,15,35,15,18,83
1724,17,33,16,17,83
1727,0,33,17,17,67
1728,17,34,16,17,84
1729,0,34,16,17,67
1731,0,33,16,18,67
1732,17,34,15,17,83
1733,0,34,15,17,66
1734,18,32,17,17,84
1735,66,35,31,18,150
1736,17,34,0,16,67
1737,0,34,0,16,50
1738,17,35,31,18,101
1739,0,35,31,18,84
1740,0,19,31,18,68
1741,0,31,51,16,98
1742,15,33,18,16,82
1743,0,33,18,16,67
1744,183,34,16,16,249
1746,16,34,16,16,82
1748,82,34,0,17,133
1749,100,34,16,16,166
1751,0,34,17,17,68
1752,17,34,0,17,68
1753,17,17,0,17,51
1754,34,17,16,16,83
1756,49,34,16,17,116
1757,16,16,17,17,66
1758,33,17,16,17,83
1759,0,34,16,17,67
1760,0,17,16,17,50
1761,0,33,16,16,65
1764,16,34,50,17,117
1765,34,34,16,17,101
1766,15,34,16,17,82
1767,0,34,16,17,67
1768,17,33,17,16,83
1770,17,33,18,14,82
1771,0,33,18,14,65
1772,48,35,50,18,151
1774,14,35,50,18,117
1776,34,16,17,18,85
1777,0,33,17,18,68
1778,0,16,17,18,51
1779,17,18,83,15,133
1780,18,32,51,15,116
1781,0,32,51,15,98
1782,34,17,17,15,83
1783,0,34,17,15,66
1785,17,15,17,17,66
1788,0,17,17,17,51
1789,0,34,17,16,67
1790,0,17,17,16,50
1791,0,33,17,16,66
1794,16,34,15,18,83
1795,0,34,15,18,67
1796,17,33,49,18,117
1797,65,35,17,15,132
1798,18,32,17,18,85
1799,0,32,17,18,67
1800,15,35,17,15,82
1803,0,32,17,19,68
1804,0,15,17,19,51
1805,0,36,15,17,68
1807,0,32,51,16,99
1808,17,33,18,16,84
1810,0,18,18,16,52
1811,0,34,16,17,67
1812,0,16,16,17,49
1813,0,33,15,17,65
1814,17,32,83,18,150
1817,0,34,17,17,68
1819,0,34,15,18,67
1821,50,15,18,16,99
1822,18,32,18,16,84
1823,0,32,18,16,66
1825,0,34,17,17,68
1826,16,34,17,16,83
1827,17,17,17,16,67
1828,50,34,17,16,117
1829,0,33,17,17,67
1833,0,33,17,17,67
1834,16,34,16,17,83
1835,67,33,18,15,133
1837,0,33,14,19,66
1839,0,33,18,15,66
1840,0,19,18,15,52
1842,65,17,17,16,115
1845,0,34,17,16,67
1846,0,17,17,16,50
1847,0,33,17,17,67
1848,0,16,17,17,50
1849,17,17,15,19,68
1850,17,34,15,16,82
1851,0,34,15,16,65
1852,119,32,16,17,184
1853,0,31,52,17,100
1854,16,35,17,17,85
1857,0,34,15,17,66
1858,17,32,16,17,82
1860,0,17,16,17,50
1861,0,33,52,15,100
1862,0,17,52,15,84
1863,0,34,18,15,67
1864,17,33,16,18,84
1866,15,34,16,18,83
1867,0,34,16,18,68
1868,0,18,16,18,52
1869,0,34,49,16,99
1870,0,18,49,16,83
1873,0,33,16,17,66
1874,0,16,16,17,49
1876,0,17,52,15,84
1877,0,35,17,15,67
1878,0,17,17,15,49
1879,17,15,17,16,65
1880,15,33,17,17,82
1881,0,33,17,17,67
1882,16,34,51,15,116
1883,17,17,51,15,100
1885,0,34,17,15,66
1886,34,15,17,18,84
1887,32,35,16,17,100
1888,15,35,16,17,83
1891,0,33,0,17,50
1893,17,16,17,17,67
1894,0,16,17,17,50
1897,0,32,18,15,65
1898,17,33,0,20,70
1899,0,33,0,20,53
1900,15,33,36,15,99
1901,20,13,36,15,84
1902,49,32,16,17,114
1903,19,17,15,17,68
1904,17,32,16,17,82
1905,0,32,16,17,65
1906,0,17,16,17,50
1907,0,33,51,17,101
1911,16,17,16,17,66
1912,17,33,65,18,133
1913,16,17,65,18,116
1914,0,17,65,18,100
1915,0,32,18,15,65
1916,0,15,18,15,48
1919,0,35,16,16,67
1922,16,35,15,17,83
1923,0,35,15,17,67
1924,32,17,16,17,82
1925,15,17,16,17,65
1926,17,33,16,17,83
1927,0,33,16,17,66
1928,17,33,17,17,84
1929,16,17,17,17,67
1930,0,17,17,17,51
1932,0,17,85,15,117
1935,33,34,17,18,102
1936,16,34,17,18,85
1939,0,35,14,18,67
1940,0,18,14,18,50
1942,18,33,18,17,86
1943,0,33,18,17,68
1944,15,35,15,18,83
1946,17,33,16,16,82
1947,0,33,16,16,65
1948,0,18,16,16,50
1951,18,15,17,17,67
1954,17,34,15,18,84
1955,0,34,15,18,67
1956,18,33,16,18,85
1957,0,33,16,18,67
1958,0,18,16,18,52
1959,0,34,15,17,66
1960,0,18,15,17,50
1961,0,32,50,18,100
1963,0,35,15,18,68
1964,0,17,15,18,50
1966,18,32,17,17,84
1967,0,32,17,17,66
1968,17,34,15,18,84
1969,0,34,15,18,67
1973,35,32,16,17,100
1976,17,33,18,15,83
1978,17,33,99,18,167
1979,0,33,99,18,150
1980,15,36,0,15,66
1982,18,32,15,16,81
1983,0,32,15,16,63
1984,17,31,18,17,83
1985,0,31,18,17,66
1987,0,35,18,15,68
1989,0,33,19,16,68
1991,19,16,65,18,118
1992,16,32,33,18,99
1993,65,34,50,16,165
1994,0,18,33,18,69
1995,17,16,51,15,99
2000,15,34,17,17,83
2001,0,34,17,17,68
2002,0,16,17,17,50
2003,0,34,49,17,100
2005,49,17,117,17,200
2006,49,33,84,17,183
2007,17,17,117,17,168
2008,85,31,18,17,151
2013,0,31,18,17,66
2014,51,33,49,17,150
2015,0,35,15,18,68
2016,99,17,17,16,149
2018,0,18,49,17,84
2019,0,35,14,17,66
2020,0,18,14,17,49
2021,14,17,17,16,64
2022,17,33,18,16,84
2023,0,33,18,16,67
2025,0,34,0,15,49
2026,16,32,17,18,83
2027,0,32,17,18,67
2028,0,17,17,18,52
2029,17,18,17,17,69
2030,18,34,15,17,84
2031,0,34,15,17,66
2032,0,17,15,17,49
2033,0,32,0,17,49
2034,17,34,17,17,85
2035,0,34,17,17,68
2037,0,34,50,15,99
2039,0,33,17,15,65
2041,0,32,18,17,67
2042,15,35,14,20,84
2043,35,34,16,16,101
2044,17,34,16,16,83
2045,0,34,16,16,66
2046,20,32,17,17,86
2047,0,32,17,17,66
2048,16,34,17,16,83
2049,34,33,17,17,101
2050,17,33,17,17,84
2052,16,34,15,17,82
2054,17,32,0,18,67
2055,0,32,0,18,50
2056,17,34,32,17,100
2057,0,34,32,17,83
2058,0,16,32,17,65
2059,32,35,0,15,82
2060,16,35,0,15,66
2061,17,18,0,15,50
2062,18,32,50,17,117
2063,0,32,50,17,99
2065,17,16,17,17,67
2066,16,34,17,17,84
2068,17,34,50,17,118
2069,0,34,50,17,101
2070,0,17,50,17,84
2072,16,34,50,17,117
2074,17,33,17,17,84
2077,17,17,48,18,100
2079,0,32,16,18,66
2080,51,32,18,17,118
2081,16,18,15,17,66
2082,18,32,18,17,85
2083,32,35,17,15,99
2085,0,35,17,15,67
2086,0,17,17,15,49
2087,0,32,16,19,67
2088,15,35,15,17,82
2089,0,35,15,17,67
2091,0,32,51,17,100
2092,134,16,18,15,183
2093,68,32,17,16,133
2095,17,17,49,16,99
2098,17,33,18,15,83
2099,17,16,18,15,66
2100,49,33,18,15,115
2101,0,33,17,16,66
2102,15,33,18,15,81
2103,0,33,18,15,66
2104,84,33,0,16,133
2106,0,15,53,15,83
2108,0,17,33,16,66
2109,0,33,0,16,49
2110,181,35,16,15,247
2111,0,33,18,15,66
2112,0,17,18,15,50
2113,18,15,17,16,66
2114,15,33,17,18,83
2115,0,33,17,18,68
2116,167,16,17,17,217
2119,0,32,17,18,67
2120,34,18,16,15,83
2121,0,35,16,15,66
2122,0,18,16,15,49
2124,33,16,17,17,83
2125,0,34,17,17,68
2126,33,17,17,15,82
2127,0,34,17,15,66
2128,0,17,17,15,49
2129,0,32,52,17,101
2130,0,15,52,17,84
2131,0,35,17,17,69
2132,18,34,16,16,84
2133,0,34,16,16,66
2134,17,32,18,15,82
2136,16,33,17,17,83
2137,33,34,50,17,134
2138,182,35,15,17,249
2139,0,34,50,17,101
2140,0,17,50,17,84
2141,0,33,17,17,67
2142,16,34,0,17,67
2144,0,17,0,17,34
2145,0,33,16,17,66
2146,0,16,16,17,49
2147,33,35,15,17,100
2148,17,35,15,17,84
2150,17,32,17,17,83
2151,0,32,17,17,66
2153,0,34,17,17,68
2155,34,31,17,17,99
2157,31,34,17,16,98
2158,16,34,17,16,83
2159,102,32,16,18,168
2160,0,17,17,16,50
2162,16,35,48,18,117
2165,99,33,17,16,165
2166,0,15,16,18,49
2169,0,33,16,17,66
2171,0,33,17,16,66
2172,17,33,51,17,118
2173,0,33,51,17,101
2174,0,16,51,17,84
2175,85,17,116,15,233
2178,17,34,116,15,182
2179,0,34,116,15,165
2180,0,17,116,15,148
2181,31,33,18,17,99
2182,16,33,18,17,84
2183,0,33,18,17,68
2185,0,35,17,15,67
2186,0,17,17,15,49
2187,0,32,18,15,65
2188,15,33,18,17,83
2189,0,33,18,17,68
2190,0,15,18,17,50
2191,0,35,50,16,101
2192,0,17,50,16,83
2195,16,16,17,16,65
2196,16,33,18,17,84
2198,16,35,32,17,100
2199,35,32,17,16,100
2201,0,32,17,16,65
2203,67,34,17,17,135
2205,0,34,17,17,68
2206,17,34,17,17,85
2207,0,34,17,17,68
2211,0,32,83,17,132
2212,17,33,50,17,117
2213,0,33,50,17,100
2214,0,17,50,17,84
2215,16,17,17,17,67
2216,17,34,49,17,117
2217,0,34,49,17,100
2218,17,32,17,17,83
2219,0,32,17,17,66
2221,0,34,18,16,68
2222,51,33,17,17,118
2223,34,33,17,17,101
2224,16,33,17,17,83
2225,0,33,17,17,67
2228,0,17,16,17,50
2229,33,33,16,18,100
2230,17,33,16,18,84
2233,0,34,49,18,101
2234,18,34,15,18,85
2236,0,17,15,18,50
2237,0,33,15,18,66
2238,18,33,17,17,85
2240,0,18,17,17,52
2241,0,34,15,17,66
2243,32,34,17,16,99
2245,0,34,17,16,67
2246,17,33,16,18,84
2247,17,16,16,18,67
2248,0,16,16,18,50
2249,0,34,48,17,99
2250,18,33,83,18,152
2251,0,33,83,18,134
2252,16,32,18,15,81
2253,15,17,18,15,65
2255,0,33,52,15,100
2256,15,36,48,19,118
2257,0,36,48,19,103
2259,0,31,17,19,67
2261,0,36,48,18,102
2265,17,18,15,18,68
2266,18,33,16,17,84
2268,0,18,16,17,51
2270,17,34,15,18,84
2273,0,33,0,15,48
2274,18,33,17,15,83
2275,0,33,17,15,65
2276,0,18,17,15,50
2277,0,32,17,17,66
2278,15,34,50,18,117
2279,0,34,50,18,102
2280,17,34,16,18,85
2281,0,34,16,18,68
2282,34,18,15,17,84
2283,16,18,15,17,66
2284,18,32,17,17,84
2285,0,32,17,17,66
2286,0,17,17,17,51
2287,34,32,18,17,101
2289,17,15,18,17,67
2290,0,15,18,17,50
2291,0,35,16,17,68
2292,17,33,17,16,83
2293,0,33,17,16,66
2294,17,33,16,17,83
2296,0,16,16,17,49
2298,17,33,17,17,84
2299,0,33,17,17,67
2300,15,34,16,17,82
2302,0,17,16,17,50
2303,0,33,17,17,67
2305,0,34,50,17,101
2306,17,33,17,17,84
2307,0,33,17,17,67
2308,51,33,49,17,150
2309,17,17,49,16,99
2311,0,33,49,17,99
2314,16,34,18,16,84
2315,17,17,18,16,68
2316,17,34,48,17,116
2317,0,34,48,17,99
2318,81,35,15,17,148
2319,0,33,50,17,100
2320,16,32,18,17,83
2321,0,32,18,17,67
2322,17,35,15,17,84
2323,102,33,16,17,168
2324,17,32,17,18,84
2325,0,32,17,18,67
2326,52,33,16,17,118
2327,0,35,49,17,101
2330,50,34,17,15,116
2331,0,33,17,17,67
2333,0,34,17,15,66
2335,0,32,17,18,67
2336,0,15,17,18,50
2337,0,35,115,18,168
2338,0,18,115,18,151
2340,0,17,51,16,84
2341,0,33,18,16,67
2342,51,34,16,16,117
2343,0,34,16,18,68
2344,16,34,16,16,82
2345,0,34,16,16,66
2347,0,32,67,17,116
2348,0,16,67,17,100
2349,33,34,50,17,134
2350,15,34,50,17,116
2353,0,33,17,17,67
2356,17,33,17,16,83
2357,0,33,17,16,66
2358,0,17,17,16,50
2360,16,33,17,16,82
2362,32,16,18,18,84
2364,0,16,18,18,52
2365,0,36,49,17,102
2366,18,32,83,18,151
2367,133,32,18,15,198
2368,17,34,16,16,83
2369,17,17,16,16,66
2371,0,32,67,18,117
2372,83,33,17,17,150
2373,35,32,18,15,100
2374,0,18,15,17,50
2375,99,33,18,15,165
2377,33,34,18,15,100
2378,0,15,17,17,49
2379,0,34,18,15,67
2381,0,33,18,15,66
2382,33,15,51,16,115
2383,0,33,51,16,100
2384,32,18,16,16,82
2385,0,35,16,16,67
2388,16,33,18,16,83
2389,0,33,18,16,67
2390,84,33,16,17,150
2391,0,34,17,17,68
2393,0,34,16,17,67
2394,0,17,16,17,50
2395,83,15,0,18,116
2397,0,33,17,15,65
2398,0,17,17,15,49
2399,0,32,0,18,50
2400,0,15,0,18,33
2401,50,17,17,16,100
2402,0,16,50,16,82
2403,16,17,17,16,66
2404,17,33,18,17,85
2405,0,33,18,17,68
2407,0,35,50,15,100
2408,0,17,50,15,82
2409,0,32,85,15,132
2410,0,15,85,15,115
2412,0,15,0,18,33
2414,34,15,51,17,117
2415,17,15,51,17,100
2416,15,33,18,17,83
2417,0,33,18,17,68
2418,0,16,18,17,51
2419,18,17,49,18,102
2420,17,33,16,18,84
2422,0,16,16,18,50
2425,0,33,16,17,66
2426,18,33,51,16,118
2427,0,33,51,16,100
2428,17,32,19,16,84
2429,0,32,19,16,67
2430,0,16,19,16,51
2431,0,35,16,18,69
2432,16,34,15,17,82
2434,0,18,15,17,50
2435,48,18,50,16,132
2439,0,32,18,16,66
2440,15,34,50,17,116
2441,18,16,50,17,101
2442,0,16,50,17,83
2444,50,33,0,17,100
2445,0,33,33,17,83
2446,17,33,0,17,67
2450,0,16,17,16,49
2451,17,16,18,17,68
2452,83,34,16,17,150
2453,0,35,17,15,67
2454,17,32,17,17,83
2456,15,34,16,17,82
2457,0,34,16,17,67
2458,50,34,17,16,117
2460,17,34,17,16,84
2461,0,34,17,16,67
2462,17,33,49,18,117
2463,100,33,17,15,165
2465,0,33,16,18,67
2469,0,33,17,15,65
2470,49,35,16,17,117
2473,0,35,16,17,68
2474,17,33,18,16,84
2477,0,34,0,16,50
2478,181,34,83,18,316
2479,33,33,17,17,100
2480,0,17,33,17,67
2481,0,33,17,17,67
2482,17,34,16,17,84
2483,0,34,16,17,67
2484,0,17,16,17,50
2485,33,32,17,17,99
2486,17,32,17,17,83
2487,0,32,17,17,66
2488,16,34,83,18,151
2489,17,17,83,18,135
2491,0,34,16,16,66
2492,0,18,16,16,50
2493,0,32,17,18,67
2495,0,35,17,16,68
2496,0,18,17,16,51
2497,0,33,16,17,66
2502,0,15,52,16,83
2503,52,16,17,17,102
2505,17,16,17,17,67
2508,17,33,16,17,83
2510,0,18,16,17,51
2511,16,17,17,17,67
2512,17,34,15,16,82
2514,32,16,18,16,82
2515,31,34,17,17,99
2516,50,34,50,16,150
2518,16,34,50,16,116
2519,34,34,16,16,100
2520,17,34,16,16,83
2523,16,16,17,18,67
2524,16,35,49,17,117
2525,0,35,49,17,101
2526,0,18,49,17,84
2527,0,33,16,17,66
2531,49,18,17,16,100
2532,0,16,51,16,83
2534,18,33,51,15,117
2536,32,18,82,17,149
2537,0,34,82,17,133
2538,0,18,82,17,117
2540,15,34,16,17,82
2541,0,34,16,17,67
2542,0,17,16,17,50
2543,33,33,17,17,100
2544,17,33,17,17,84
2547,0,34,17,17,68
2549,0,34,17,16,67
2550,17,33,17,16,83
2552,16,33,17,17,83
2553,0,33,17,17,67
2554,16,34,50,15,115
2555,0,34,50,15,99
2556,0,17,50,15,82
2557,0,33,17,15,65
2559,17,15,18,17,67
2560,15,35,17,15,82
2561,0,35,17,15,67
2562,0,17,17,15,49
2563,0,32,18,17,67
2564,0,15,18,17,50
2566,17,32,50,17,116
2567,0,32,50,17,99
2572,0,17,16,17,50
2573,33,34,17,17,101
2574,17,34,17,17,85
2575,0,34,17,17,68
2577,0,34,15,17,66
2578,17,32,16,18,83
2579,133,33,49,17,232
2581,116,18,49,17,200
2583,50,17,49,16,132
2584,0,17,17,17,51
2586,0,17,49,16,82
2587,0,33,49,17,99
2588,0,18,49,17,84
2590,16,34,18,16,84
2591,0,34,18,16,68
2592,0,17,18,16,51
2593,34,33,50,17,134
2594,16,33,50,17,116
2595,0,33,50,17,100
2596,16,34,16,17,83
2597,0,34,16,17,67
2600,17,33,17,17,84
2602,0,17,17,17,51
2603,0,34,16,16,66
2605,32,35,15,17,99
2606,16,35,15,17,83
2607,0,35,15,17,67
2608,17,32,18,16,83
2609,0,32,18,16,66
2611,0,34,16,17,67
2612,16,33,16,17,82
2614,17,33,17,16,83
2615,0,33,17,16,66
2617,0,33,51,17,101
2618,16,34,17,17,84
2620,17,34,16,17,84
2621,0,34,16,17,67
2624,50,33,17,17,117
2625,33,33,17,17,100
2626,16,33,17,17,83
2627,0,33,17,17,67
2629,0,34,16,17,67
2630,17,33,16,17,83
2631,0,33,16,17,66
2633,0,33,34,17,84
2634,17,34,50,17,118
2635,0,34,50,17,101
2636,0,17,50,17,84
2637,17,16,17,17,67
2638,283,33,17,16,349
2639,17,17,50,16,100
2642,67,16,17,17,117
2644,33,16,17,17,83
2645,0,33,17,17,67
2646,50,34,0,17,101
2648,17,34,0,17,68
2649,0,34,0,17,51
2650,0,17,0,17,34
2652,0,15,17,17,49
2653,17,17,50,16,100
2654,17,33,17,16,83
2655,33,33,16,17,99
2656,0,17,17,16,50
2657,17,16,16,17,66
2658,16,33,51,17,117
2660,0,17,51,17,85
2661,34,34,16,18,102
2662,50,34,15,18,117
2663,0,34,16,18,68
2664,33,18,15,18,84
2666,0,18,15,18,51
2667,0,33,16,16,65
2669,32,34,48,18,132
2670,16,34,48,18,116
2673,0,33,15,18,66
2674,83,34,17,16,150
2675,0,33,17,16,66
2676,35,16,18,16,85
2677,33,34,17,16,100
2680,0,16,17,16,49
2681,0,33,17,17,67
2682,0,16,17,17,50
2683,0,34,50,17,101
2685,0,33,17,17,67
2686,16,34,15,17,82
2687,84,16,17,17,134
2688,83,34,16,16,149
2691,18,16,17,17,68
2692,0,16,17,17,50
2693,0,34,16,16,66
2694,0,17,16,16,49
2696,0,16,18,17,51
2697,0,35,149,16,200
2698,0,17,149,16,182
2699,0,32,17,16,65
2700,49,34,17,17,117
2701,17,16,51,17,101
2702,16,34,17,17,84
2703,0,34,17,17,68
2704,0,16,17,17,50
2705,34,32,17,17,100
2706,83,34,16,16,149
2709,0,34,117,16,167
2710,17,34,16,16,83
2712,33,16,18,16,83
2713,32,34,49,19,134
2714,50,33,16,19,118
2715,0,34,49,19,102
2717,0,33,16,19,68
2718,16,35,15,17,83
2719,0,35,15,17,67
2720,19,32,83,17,151
2722,0,17,83,17,117
2724,51,33,49,19,152
2725,101,34,48,18,201
2727,101,36,12,18,167
2728,51,34,48,18,151
2730,17,34,48,18,117
2735,0,30,15,17,62
2737,0,32,18,15,65
2738,17,33,18,17,85
2739,0,33,18,17,68
2740,15,35,15,18,83
2742,17,33,118,16,184
2743,0,33,118,16,167
2744,51,33,18,16,118
2745,0,33,17,16,66
2747,33,34,18,16,101
2748,16,34,18,16,84
2750,0,16,18,16,50
2752,0,16,48,17,81
2753,0,33,49,17,99
2754,0,18,49,17,84
2755,15,17,17,17,66
2757,0,34,16,17,67
2758,0,17,16,17,50
2759,33,34,17,16,100
2760,0,17,51,16,84
2761,0,34,17,16,67
2763,0,33,16,16,65
2764,82,34,51,15,182
2766,16,34,17,17,84
2767,0,34,17,17,68
2771,0,34,17,15,66
2774,15,33,18,17,83
2775,0,33,18,17,68
2776,15,35,15,18,83
2777,0,35,15,18,68
2778,82,35,15,18,150
2779,0,33,82,18,133
2780,0,18,82,18,118
2781,0,32,18,17,67
2782,52,33,17,16,118
2783,0,35,15,18,68
2784,17,33,17,16,83
2785,0,33,17,16,66
2786,51,35,48,17,151
2787,33,35,48,17,133
2788,16,35,48,17,116
2789,0,35,48,17,100
2793,0,33,51,16,100
2794,17,34,82,17,150
2795,0,34,82,17,133
2797,0,33,17,15,65
2798,0,16,17,15,48
2799,0,32,17,17,66
2800,32,17,16,17,82
2802,0,17,16,17,50
2803,0,33,18,17,68
2804,0,17,18,17,52
2805,0,35,15,17,67
2806,17,32,50,16,115
2809,0,34,16,16,66
2810,0,17,16,16,49
2811,16,16,18,17,67
2812,16,35,16,16,83
2814,17,32,84,15,148
2815,0,32,84,15,131
2816,16,35,17,16,84
2817,0,35,17,16,68
2818,115,35,16,17,183
2821,0,31,51,18,100
2822,0,15,51,18,84
2823,0,34,119,16,169
2825,17,18,16,17,68
2827,0,33,51,16,100
2828,17,33,49,18,117
2831,0,34,15,18,67
2832,0,16,15,18,49
2833,0,33,50,18,101
2834,34,18,16,18,86
2836,34,18,15,16,83
2837,0,34,15,16,65
2838,0,18,15,16,49
2839,81,18,149,17,265
2841,0,34,16,18,68
2842,16,34,149,17,216
2843,0,34,149,17,200
2844,0,18,149,17,184
2845,0,33,17,15,65
2846,18,32,0,18,68
2847,0,32,0,18,50
2848,15,34,50,17,116
2849,0,34,50,17,101
2850,49,34,16,17,116
2851,16,17,17,17,67
2852,34,17,16,17,84
2853,0,34,16,17,67
2855,0,33,18,15,66
2856,0,17,18,15,50
2857,0,33,17,17,67
2859,17,17,16,17,67
2860,17,33,17,17,84
2862,17,34,14,19,84
2863,34,33,16,17,100
2865,0,33,16,17,66
2866,0,19,16,17,52
2867,0,33,16,18,67
2869,0,34,49,17,100
2870,67,17,50,17,151
2871,16,17,16,17,66
2873,16,17,50,17,100
2874,118,32,17,17,184
2876,18,32,17,17,84
2877,0,32,17,17,66
2878,17,34,16,16,83
2879,0,34,16,16,66
2880,0,17,16,16,49
2882,0,16,17,17,50
2883,0,34,0,17,51
2886,0,17,50,16,83
2887,165,34,16,18,233
2888,50,34,16,17,117
2890,16,34,16,17,83
2892,18,33,17,15,83
2896,15,34,16,18,83
2900,18,34,15,18,85
2901,0,34,15,18,67
2903,0,33,15,18,66
2904,18,33,15,17,83
2906,0,18,15,17,50
2907,0,32,17,18,67
2909,0,35,15,17,67
2910,0,18,15,17,50
2911,0,32,17,16,65
2912,34,16,117,18,185
2913,0,33,117,18,168
2914,34,17,15,18,84
2915,18,17,15,18,68
2917,15,18,16,17,66
2918,18,33,50,17,118
2920,0,17,50,17,84
2922,18,33,116,16,183
2923,33,33,16,17,99
2924,0,17,116,16,149
2925,0,33,16,17,66
2927,16,17,50,16,99
2928,17,33,17,16,83
2929,0,33,17,16,66
2930,0,16,17,16,49
2931,17,16,18,15,66
2932,16,33,18,16,83
2933,0,33,18,16,67
2934,0,15,18,16,49
2935,0,34,18,15,67
2936,0,16,18,15,49
2938,0,15,19,15,49
2941,0,33,17,17,67
2942,0,16,17,17,50
2943,0,34,16,17,67
2944,50,33,18,15,116
2946,50,33,18,17,118
2947,0,33,18,15,66
2948,16,33,18,17,84
2949,18,15,18,17,68
2952,17,32,17,17,83
2955,51,15,18,16,100
2957,17,15,18,16,66
2958,33,16,18,17,84
2959,0,34,18,17,69
2960,0,16,18,17,51
2961,0,35,15,17,67
2962,65,18,16,17,116
2963,0,32,16,18,66
2964,0,17,16,18,51
2965,0,34,16,17,67
2966,18,33,17,16,84
2968,17,33,17,16,83
2969,0,33,17,16,66
2972,0,16,84,16,116
2974,16,33,33,18,100
2975,17,16,33,18,84
2976,16,33,18,16,83
2977,0,33,18,16,67
2978,0,16,18,16,50
2980,0,16,16,18,50
2981,0,34,15,17,66
2982,50,34,17,16,117
2983,0,32,18,16,66
2984,17,34,17,16,84
2985,0,34,17,16,67
2987,0,33,17,16,66
2989,33,33,17,17,100
2990,49,34,51,15,149
2991,0,33,17,17,67
2994,17,32,19,15,83
2995,0,32,19,15,66
2996,0,15,19,15,49
2997,19,15,17,18,69
2998,15,35,16,18,84
3000,18,34,15,17,84
3001,0,34,15,17,66
3003,0,32,83,17,132
3006,19,31,17,17,84
3007,0,31,17,17,65
3009,17,17,15,17,66
3010,17,32,18,16,83
3011,0,32,18,16,66
3012,0,17,18,16,51
3014,16,34,16,18,84
3015,0,34,16,18,68
3016,0,17,16,18,51
3019,0,33,17,15,65
3020,18,32,17,18,85
3022,0,15,17,18,50
3023,0,35,15,17,67
3024,0,18,15,17,50
3026,0,17,17,16,50
3027,17,16,17,18,68
3028,0,16,17,18,51
3029,17,18,16,17,68
3031,0,33,15,18,66
3032,50,32,17,17,116
3033,0,33,15,17,65
3035,0,32,17,17,66
3036,17,34,17,17,85
3037,34,34,17,17,102
3038,17,34,17,17,85
3040,0,17,17,17,51
3041,0,34,15,17,66
3043,0,32,18,17,67
3044,0,17,18,17,52
3045,0,35,15,17,67
3047,0,32,17,16,65
3048,0,17,17,16,50
3050,16,34,16,17,83
3051,0,34,16,17,67
3052,17,33,51,16,117
3053,0,33,51,16,100
3054,17,34,17,16,84
3056,17,33,50,17,117
3058,16,34,16,17,83
3061,0,33,16,16,65
3062,17,32,50,17,116
3063,0,32,50,17,99
3064,16,35,15,17,83
3065,0,35,15,17,67
3066,17,32,51,15,115
3068,117,34,17,17,185
3071,0,31,0,19,50
3072,34,15,17,17,83
3073,68,34,17,17,136
3074,0,15,17,17,49
3075,0,34,17,17,68
3076,85,31,17,18,151
3078,0,17,17,17,51
3079,0,34,15,16,65
3082,0,16,17,18,51
3083,0,35,0,16,51
3084,0,18,0,16,34
3085,0,32,52,15,99
3086,0,16,52,15,83
3088,16,34,17,16,83
3089,34,33,18,15,100
3090,15,33,18,15,81
3093,0,33,17,18,68
3094,0,15,17,18,50
3095,0,35,17,16,68
3097,0,33,0,17,50
3098,16,34,66,17,133
3099,17,17,66,17,117
3100,0,17,66,17,100
3101,16,17,33,17,83
3103,0,33,17,16,66
3104,17,33,17,15,82
3105,0,33,17,15,65
3106,0,16,17,15,48
3107,0,32,0,19,51
3108,15,34,51,17,117
3109,19,15,51,17,102
3110,133,17,49,17,216
3111,17,17,34,15,83
3112,0,17,34,15,66
3113,0,34,0,15,49
3114,17,33,17,17,84
3116,0,18,17,17,52
3117,34,33,16,17,100
3118,17,33,16,17,83
3119,0,33,16,17,66
3121,16,17,16,18,67
3122,17,34,15,18,84
3123,0,34,15,18,67
3125,0,33,18,14,65
3126,0,18,18,14,50
3127,32,34,17,17,100
3128,14,34,17,17,82
3129,0,34,17,17,68
3130,50,33,17,15,115
3132,17,33,17,15,82
3133,0,33,17,15,65
3134,0,16,17,15,48
3136,0,15,17,17,49
3138,117,34,16,16,183
3139,0,33,16,19,68
3140,0,15,16,19,50
3142,51,34,16,16,117
3146,16,32,50,17,115
3147,16,16,50,17,99
3149,0,35,32,18,85
3150,0,17,32,18,67
3151,15,17,0,18,50
3152,35,17,49,17,118
3153,0,35,49,17,101
3155,49,17,51,15,132
3157,15,17,51,15,98
3158,17,32,19,15,83
3159,0,32,19,15,66
3161,0,34,66,20,120
3164,0,18,16,15,49
3165,16,15,20,14,65
3167,0,34,51,16,101
3168,0,14,51,16,81
3169,0,34,17,16,67
3170,0,16,17,16,49
3172,32,17,17,17,83
3175,0,34,17,17,68
3176,0,17,17,17,51
3177,66,33,18,17,134
3178,17,32,16,17,82
3180,17,33,18,17,85
3182,17,35,82,17,151
3183,0,35,82,17,134
3184,0,17,82,17,116
3185,0,33,18,15,66
3187,0,33,16,17,66
3188,15,33,17,16,81
3189,0,33,17,16,66
3192,0,16,18,16,50
3193,0,34,18,16,68
3196,16,34,17,15,82
3199,32,34,16,17,99
3201,0,34,16,17,67
3202,34,17,16,17,84
3203,16,17,16,17,66
3204,17,33,50,17,117
3206,0,17,50,17,84
3207,0,33,17,17,67
3208,49,33,51,14,147
3211,0,33,51,14,98
3212,17,34,17,14,82
3214,0,17,17,14,48
3216,14,36,15,17,82
3217,0,36,15,17,68
3218,0,18,15,17,50
3219,0,32,17,15,64
3220,17,32,84,17,150
3221,0,32,84,17,133
3222,0,15,84,17,116
3224,17,33,17,17,84
3225,50,17,18,16,101
3226,0,15,17,17,49
3227,0,34,18,16,68
3228,0,17,18,16,51
3229,18,16,51,15,100
3231,0,33,18,15,66
3232,0,16,18,15,49
3233,18,15,17,17,67
3234,83,33,50,16,182
3235,0,34,17,17,68
3236,0,17,17,17,51
3238,17,33,50,16,116
3239,0,33,50,16,99
3241,16,16,18,16,66
3242,0,16,18,16,50
3243,0,34,16,18,68
3244,16,34,17,15,82
3245,0,34,17,15,66
3247,0,32,18,17,67
3249,0,35,16,16,67
3250,17,32,0,18,67
3252,0,16,0,18,34
3256,16,32,19,16,83
3258,14,35,17,17,83
3259,0,35,17,17,69
3262,0,17,82,17,116
3263,0,33,17,17,67
3265,17,17,15,17,66
3267,0,32,17,17,66
3269,0,34,0,15,49
3270,49,35,49,17,150
3271,0,32,16,19,67
3272,0,17,16,19,52
3273,16,19,49,17,101
3274,19,32,34,17,102
3275,0,32,34,17,83
3277,17,17,51,14,99
3278,17,34,17,14,82
3279,0,34,17,14,65
3280,0,17,17,14,48
3281,17,14,20,16,67
3282,14,36,16,16,82
3283,0,36,16,16,68
3284,0,16,16,16,48
3286,16,36,14,16,82
3287,0,36,14,16,66
3288,20,30,0,17,67
3289,0,30,0,17,47
3290,16,34,17,16,83
3291,0,34,17,16,67
3293,17,16,17,17,67
3294,16,34,16,17,83
3295,50,17,0,16,83
3296,0,17,16,17,50
3297,0,33,0,16,49
3298,17,34,17,16,84
3299,0,34,17,16,67
3300,0,18,17,16,51
3301,17,16,0,15,48
3304,0,18,17,16,51
3306,16,33,0,19,68
3307,0,33,0,19,52
3309,0,33,0,17,50
3310,0,14,0,17,31
3311,0,35,17,15,67
3312,0,18,17,15,50
3314,49,32,16,20,117
3315,34,32,16,20,102
3316,17,32,16,20,85
3317,17,15,16,20,68
3318,0,15,16,20,51
3319,16,20,15,17,68
3321,0,32,17,16,65
3322,17,33,51,17,118
3324,16,34,17,17,84
3326,0,17,17,17,51
3327,17,17,15,17,66
3328,0,17,15,17,49
3330,0,17,49,17,83
3331,0,33,51,17,101
3332,17,33,18,17,85
3333,16,17,18,17,68
3334,17,35,49,18,119
3335,67,35,15,16,133
3336,0,17,49,18,84
3342,16,35,17,15,83
3343,0,35,17,15,67
3344,17,32,17,17,83
3345,0,32,17,17,66
3346,15,34,17,17,83
3348,34,17,17,16,84
3349,0,34,17,16,67
3350,17,33,18,16,84
3352,50,33,17,15,115
3353,0,34,16,17,67
3354,16,33,17,15,81
3355,0,33,17,15,65
3356,0,17,17,15,49
3357,0,32,17,17,66
3358,15,34,17,17,83
3360,51,34,15,17,117
3362,17,34,15,17,83
3364,19,32,17,17,85
3366,0,17,17,17,51
3367,34,34,15,18,101
3368,17,34,15,18,84
3369,0,34,15,18,67
3370,17,33,48,17,115
3371,33,33,15,17,98
3372,18,33,15,17,83
3373,65,33,19,15,132
3374,31,17,18,15,81
3376,17,33,19,15,84
3377,0,33,19,15,67
3378,83,34,15,17,149
3379,0,34,16,18,68
3381,34,34,15,17,100
3383,34,32,18,17,101
3384,18,32,18,17,85
3385,0,32,18,17,67
3386,17,35,15,17,84
3387,0,35,15,17,67
3388,17,32,18,15,82
3393,0,34,84,15,133
3396,17,33,17,15,82
3397,0,33,17,15,65
3398,0,17,17,15,49
3399,0,32,18,17,67
3400,0,15,18,17,50
3401,0,35,15,17,67
3402,67,16,17,16,116
3403,32,34,17,16,99
3404,17,34,17,16,84
3406,16,33,34,17,100
3407,0,33,34,17,84
3408,0,16,34,17,67
3409,0,34,17,16,67
3410,0,17,17,16,50
3411,0,33,17,17,67
3413,17,17,16,17,67
3415,0,33,17,15,65
3417,0,32,0,18,50
3419,0,35,98,19,152
3420,0,17,98,19,134
3421,0,32,17,18,67
3422,15,35,15,16,81
3423,17,18,15,16,66
3424,0,18,15,16,49
3425,31,35,49,17,132
3427,0,35,49,17,101
3428,0,16,49,17,82
3430,32,17,17,16,82
3431,17,17,17,16,67
3432,17,33,18,15,83
3434,16,33,51,16,116
3435,0,33,51,16,100
3436,0,15,51,16,82
3438,34,16,50,17,117
3439,33,35,15,17,100
3441,0,35,15,17,67
3442,0,17,15,17,49
3443,15,17,17,17,66
3444,34,17,117,17,185
3445,34,32,85,17,168
3447,0,32,85,17,134
3448,0,15,85,17,117
3450,16,35,17,17,85
3451,0,35,17,17,69
3452,17,34,16,17,84
3453,0,34,16,17,67
3454,50,32,18,16,116
3455,0,33,50,16,99
3456,49,34,16,17,116
3458,15,34,16,17,82
3459,0,34,16,17,67
3460,49,33,18,16,116
3461,0,33,17,16,66
3462,17,33,18,16,84
3463,0,33,18,16,67
3464,16,34,17,17,84
3465,0,34,17,17,68
3466,16,34,17,16,83
3467,167,33,0,17,217
3468,82,35,17,16,150
3469,33,32,18,17,100
3470,16,32,18,17,83
3473,0,35,17,16,68
3474,17,33,15,18,83
3475,0,33,15,18,66
3477,0,33,0,17,50
3478,18,33,50,17,118
3479,0,33,50,17,100
3480,0,16,50,17,83
3484,0,17,17,16,50
3485,0,33,17,18,68
3489,0,31,17,17,65
3490,14,34,16,18,82
3491,0,34,16,18,68
3492,17,34,33,17,101
3493,0,34,33,17,84
3494,18,33,17,16,84
3495,100,33,17,15,165
3496,17,33,17,17,84
3498,0,16,17,17,50
3500,82,34,0,16,132
3502,16,32,19,15,82
3505,0,34,0,16,50
3506,31,19,50,15,115
3508,0,19,50,15,84
3509,17,16,17,15,65
3510,16,32,18,17,83
3511,0,32,18,17,67
3513,0,35,15,17,67
3515,32,33,18,17,100
3520,0,17,15,17,49
3524,17,32,0,17,66
3527,0,35,16,17,68
3529,16,17,16,16,65
3530,49,35,15,18,117
3532,16,35,15,18,84
3533,0,35,15,18,68
3534,0,17,15,18,50
3537,32,35,37,13,117
3538,17,35,37,13,102
3541,0,37,0,13,50
3542,20,30,16,16,82
3543,0,30,16,16,62
3545,16,16,51,17,100
3546,16,35,16,17,84
3547,51,17,0,15,83
3550,17,32,17,17,83
3551,0,32,17,17,66
3553,17,17,0,17,51
3554,17,33,17,17,84
3555,133,33,16,17,199
3556,0,16,17,17,50
3557,17,17,83,16,133
3558,17,32,17,17,83
3559,0,32,17,17,66
3560,16,34,17,16,83
3561,34,33,16,17,100
3563,0,33,16,17,66
3564,16,33,18,15,82
3565,33,33,34,17,117
3566,17,33,34,17,101
3567,0,33,34,17,84
3568,0,15,34,17,66
3569,0,34,0,17,51
3570,17,33,17,18,85
3571,0,33,17,18,68
3572,51,34,0,15,100
3573,17,18,15,19,69
3574,18,34,0,15,67
3575,0,34,0,15,49
3576,19,32,15,17,83
3577,0,32,15,17,64
3578,0,17,15,17,49
3579,15,17,18,17,67
3582,17,32,0,17,66
3583,0,32,0,17,49
3584,0,17,0,17,34
3586,0,17,17,17,51
3587,17,17,15,17,66
3588,17,32,0,17,66
3589,0,32,0,17,49
3590,17,33,18,17,85
3594,17,32,16,18,83
3595,0,32,16,18,66
3596,0,16,16,18,50
3597,0,34,0,17,51
3598,18,34,50,17,119
3599,0,34,50,17,101
3600,0,17,50,17,84
3601,33,34,17,16,100
3602,17,34,17,16,84
3603,17,17,17,16,67
3607,0,32,18,17,67
3608,0,16,18,17,51
3609,35,33,17,16,101
3610,17,33,17,16,83
3612,0,19,17,16,52
3613,33,34,15,17,99
3615,0,34,15,17,66
3619,0,35,15,18,68
3620,17,33,48,17,115
3621,0,33,48,17,98
3622,18,33,149,17,217
3624,17,32,17,18,84
3625,0,32,17,18,67
3627,0,35,49,16,100
3629,0,32,17,16,65
3630,0,17,17,16,50
3632,50,34,16,17,117
3633,0,34,17,17,68
3635,67,33,17,17,134
3636,0,17,16,17,50
3637,0,33,16,17,66
3638,17,33,17,17,84
3640,17,34,15,18,84
3641,0,34,15,18,67
3643,100,32,83,17,232
3644,18,33,17,17,85
3645,0,33,17,17,67
3647,100,34,15,17,166
3649,0,32,83,17,132
3650,0,16,83,17,116
3651,0,34,0,17,51
3652,17,34,15,17,83
3655,32,33,17,17,99
3657,0,33,17,17,67
3658,15,34,17,17,83
3660,17,34,17,17,85
3661,0,34,17,17,68
3663,0,34,0,15,49
3664,32,16,18,17,83
3665,0,31,18,17,66
3666,34,17,16,18,85
3667,18,17,16,18,69
3668,0,17,16,18,51
3669,100,33,17,16,166
3670,18,32,17,17,84
3671,0,32,17,17,66
3672,16,34,16,17,83
3676,17,33,20,13,83
3678,0,16,20,13,49
3679,0,33,17,17,67
3680,97,16,83,19,215
3681,0,34,50,16,100
3682,0,17,50,16,83
3683,50,16,83,19,168
3684,0,16,33,18,67
3686,34,17,16,17,84
3688,0,17,16,17,50
3689,16,17,67,16,116
3690,17,34,49,17,117
3691,0,34,49,17,100
3692,19,33,16,17,85
3693,0,33,16,17,66
3696,83,34,17,15,149
3701,0,34,17,15,66
3702,16,32,33,17,98
3703,0,32,33,17,82
3704,48,35,50,17,150
3705,0,33,0,17,50
3707,0,35,50,17,102
3708,0,18,50,17,85
3713,0,33,15,17,65
3714,18,32,18,16,84
3715,0,32,18,16,66
3716,17,34,16,17,84
3717,0,34,16,17,67
3718,0,16,16,17,49
3722,17,33,83,16,149
3723,0,33,83,16,132
3724,0,18,83,16,117
3726,16,33,17,16,82
3727,84,17,50,15,166
3729,0,33,18,17,68
3731,0,35,50,15,100
3733,0,33,82,17,132
3735,17,15,50,17,99
3737,50,17,18,15,100
3739,15,17,18,15,65
3740,17,33,18,16,84
3742,0,15,18,16,49
3743,0,34,18,15,67
3744,16,33,84,17,150
3745,0,33,84,17,134
3746,15,35,49,17,116
3749,32,34,16,17,99
3752,33,17,50,16,116
3756,0,17,17,16,50
3758,16,34,17,17,84
3759,0,34,17,17,68
3760,51,32,17,18,118
3761,0,34,15,17,66
3762,17,32,17,18,84
3763,32,35,49,17,133
3764,0,17,17,18,52
3765,35,32,17,17,101
3766,0,18,49,17,84
3767,0,32,17,17,66
3768,15,34,15,18,82
3769,83,17,17,17,134
3773,0,33,17,17,67
3774,0,17,17,17,51
3778,50,34,17,15,116
3780,17,34,17,15,83
3782,0,16,17,15,48
3783,0,32,0,17,49
3784,15,34,17,17,83
3786,0,17,17,17,51
3788,17,33,17,15,82
3789,0,33,17,15,65
3790,0,18,17,15,50
3792,15,34,17,16,82
3793,0,34,17,16,67
3794,48,34,17,17,116
3795,17,16,17,17,67
3796,16,34,17,17,84
3798,17,34,50,16,117
3799,0,34,50,16,100
3800,17,33,17,16,83
3801,0,33,17,16,66
3802,17,33,17,17,84
3803,0,33,17,17,67
3804,16,34,49,18,117
3805,0,34,49,18,101
3806,17,33,16,18,84
3807,0,33,16,18,67
3808,51,32,17,19,119
3809,0,34,16,16,66
3810,18,32,17,19,86
3812,16,36,15,17,84
3813,0,36,15,17,68
3814,19,32,17,15,83
3815,0,32,17,15,64
3816,17,32,18,15,82
3817,0,32,18,15,65
3821,34,34,17,16,101
3822,17,34,17,16,84
3823,0,34,17,16,67
3825,0,33,17,17,67
3827,116,17,18,16,167
3828,0,17,48,18,83
3830,16,33,16,17,82
3832,18,33,18,16,85
3833,0,33,18,16,67
3834,0,17,18,16,51
3836,16,33,17,16,82
3837,33,33,17,17,100
3838,0,17,17,16,50
3839,0,33,17,17,67
3841,0,34,49,17,100
3843,0,33,16,17,66
3844,0,16,16,17,49
3846,17,34,16,17,84
3847,0,34,16,17,67
3849,0,33,50,16,99
3853,16,16,16,18,66
3854,16,34,50,17,117
3855,0,34,50,17,101
3856,0,18,50,17,85
3857,0,34,16,17,67
3859,16,17,17,16,66
3860,17,33,50,16,116
3861,0,33,50,16,99
3865,0,33,0,19,52
3867,0,35,48,17,100
3868,0,16,48,17,81
3869,15,17,16,17,65
3870,17,33,17,18,85
3871,33,35,16,17,101
3873,35,33,83,16,167
3875,0,33,83,16,132
3876,17,32,17,17,83
3877,0,32,17,17,66
3879,0,34,51,17,102
3880,17,33,18,17,85
3881,0,33,18,17,68
3882,16,35,15,16,82
3884,17,31,17,17,82
3885,0,31,17,17,65
3887,0,34,17,16,67
3888,17,33,17,17,84
3889,33,34,17,17,101
3890,16,34,17,17,84
3891,0,34,17,17,68
3892,17,34,15,18,84
3894,17,33,15,17,82
3895,33,32,18,18,101
3897,32,36,15,16,99
3898,17,36,15,16,84
3899,0,36,15,16,67
3900,0,18,15,16,49
3901,0,31,18,16,65
3902,16,34,18,15,83
3903,0,34,18,15,67
3904,0,16,18,15,49
3905,0,33,16,17,66
3907,0,33,18,17,68
3911,32,35,15,17,99
3912,16,35,15,17,83
3913,0,35,15,17,67
3914,17,32,16,17,82
3915,15,17,16,17,65
3916,17,33,51,15,116
3918,50,33,17,17,117
3919,133,33,18,17,201
3921,0,33,17,17,67
3924,17,33,51,17,118
3925,0,33,51,17,101
3927,0,33,18,17,68
3928,15,35,48,18,116
3929,0,35,48,18,101
3930,17,32,16,18,83
3931,0,32,16,18,66
3932,16,34,16,21,87
3933,34,37,12,18,101
3934,18,37,12,18,85
3935,0,37,12,18,67
3936,21,30,17,16,84
3937,0,30,17,16,63
3939,0,33,16,16,65
3940,32,16,17,17,82
3941,32,34,17,16,99
3942,0,16,17,17,50
3943,0,34,17,16,67
3945,0,33,19,15,67
3946,0,16,19,15,50
3947,0,34,17,16,67
3949,33,33,17,17,100
3950,16,33,17,17,83
3951,0,33,17,17,67
3952,16,34,18,17,85
3953,0,34,18,17,69
3955,0,35,15,17,67
3956,0,17,15,17,49
3957,0,32,50,17,99
3959,67,34,15,17,133
3961,0,34,17,17,68
3962,17,34,15,17,83
3963,17,17,15,17,66
3964,0,17,15,17,49
3965,0,32,17,18,67
3966,0,17,17,18,52
3967,67,33,17,16,133
3969,32,33,17,16,98
3972,17,33,16,18,84
3974,16,34,17,15,82
3976,18,32,18,17,85
3977,0,32,18,17,67
3978,15,35,17,16,83
3979,0,35,17,16,68
3980,17,33,16,17,83
3981,0,33,16,17,66
3982,16,33,17,17,83
3984,0,17,17,17,51
3986,17,32,17,18,84
3987,0,32,17,18,67
3990,0,18,49,16,83
3991,15,18,16,16,65
3994,16,35,16,16,83
3995,0,35,16,16,67
3997,0,32,50,16,98
3999,0,34,16,16,66
4000,47,35,17,16,115
4001,32,35,17,16,100
4002,16,35,17,16,84
4003,19,16,17,16,68
4004,0,16,17,16,49
4005,0,33,17,17,67
4006,50,32,84,17,183
4008,17,32,84,17,150
4009,0,32,84,17,133
4010,0,16,84,17,117
4011,18,15,17,17,67
4013,68,33,16,17,134
4015,0,34,17,16,67
4020,166,18,15,18,217
4021,0,33,17,16,66
4022,0,16,17,16,49
4024,84,33,15,18,150
4026,84,33,17,16,150
4027,0,34,15,18,67
4029,33,33,17,16,99
4031,83,16,18,15,132
4032,0,18,17,16,51
4033,0,33,17,16,66
4035,0,33,18,15,66
4036,0,16,18,15,49
4038,32,17,16,19,84
4040,0,17,16,19,52
4041,35,32,0,17,84
4042,19,32,0,17,68
4043,0,32,0,17,49
4045,0,34,16,17,67
4046,50,34,16,16,116
4047,33,34,16,16,99
4048,17,34,16,16,83
4049,34,32,18,17,101
4050,17,32,18,17,84
4051,0,32,18,17,67
4052,0,16,18,17,51
4053,0,35,15,17,67
4054,0,17,15,17,49
4055,0,32,50,15,97
4056,17,33,135,16,201
4058,16,32,51,18,117
4060,15,36,15,18,84
4061,69,34,32,17,152
4062,0,16,15,18,49
4063,15,18,17,17,67
4064,18,34,32,17,101
4065,0,34,32,17,83
4066,0,17,32,17,66
4068,0,16,0,17,33
4071,17,16,0,17,50
4072,16,34,16,16,82
4076,33,17,16,18,84
4077,0,34,16,18,68
4079,0,34,16,16,66
4081,0,32,51,17,100
4083,0,33,18,17,68
4085,68,33,16,17,134
4086,17,33,49,17,116
4087,133,33,16,18,200
4089,0,33,16,17,66
4093,0,34,15,18,67
4095,0,33,16,18,67
4096,0,18,16,18,52
4097,0,34,82,16,132
4099,49,17,82,18,166
4100,83,35,15,18,151
4101,16,17,82,18,133
4103,0,32,18,17,67
4104,0,16,18,17,51
4105,0,35,15,18,68
4106,0,17,15,18,50
4107,0,33,16,18,67
4108,0,18,16,18,52
4109,0,34,16,17,67
4110,0,18,16,17,51
4111,0,33,16,17,66
4112,17,33,17,15,82
4113,0,33,17,15,65
4115,0,32,85,15,132
4116,15,35,15,19,84
4117,69,31,88,14,202
4118,32,19,16,15,82
4120,19,31,88,14,152
4122,0,15,88,14,117
4123,0,35,16,17,68
4124,17,33,20,14,84
4126,17,34,16,17,84
4127,0,34,16,17,67
4128,14,33,82,17,146
4129,0,33,82,17,132
4130,17,33,17,17,84
4131,0,33,17,17,67
4132,17,34,15,17,83
4133,0,34,15,17,66
4134,83,34,15,18,150
4135,0,32,17,17,66
4136,0,17,17,17,51
4137,0,34,17,17,68
4138,0,17,17,17,51
4141,33,33,16,18,100
4143,0,33,16,18,67
4145,0,34,16,15,65
4147,31,34,18,16,99
4148,0,15,17,17,49
4149,0,34,18,16,68
4150,0,17,18,16,51
4151,0,34,17,17,68
4154,0,17,17,17,51
4155,34,32,50,17,133
4157,0,32,50,17,99
4159,0,34,16,17,67
4160,0,18,16,17,51
4162,17,33,51,17,118
4163,0,33,51,17,101
4164,0,16,51,17,84
4165,17,17,17,17,68
4166,17,34,15,17,83
4167,0,34,15,17,66
4168,0,17,15,17,49
4169,0,32,16,17,65
4170,0,17,16,17,50
4171,0,33,51,16,100
4174,0,16,17,16,49
4175,0,33,17,16,66
4177,0,33,18,15,66
4179,0,33,17,18,68
4180,15,35,50,15,115
4181,0,35,50,15,100
4183,0,33,17,15,65
4184,18,32,18,17,85
4185,0,32,18,17,67
4187,0,35,16,17,68
4190,17,32,17,17,83
4191,0,32,17,17,66
4192,16,34,17,17,84
4194,17,34,14,19,84
4195,0,34,14,19,67
4196,17,33,16,17,83
4197,0,33,16,17,66
4199,0,33,17,17,67
4200,0,17,17,17,51
4203,0,34,49,17,100
4204,17,33,16,17,83
4205,0,33,16,17,66
4206,18,33,83,17,151
4208,17,33,16,17,83
4209,0,33,16,17,66
4210,18,33,17,17,85
4211,0,33,17,17,67
4213,0,34,50,16,100
4214,17,33,17,16,83
4215,0,33,17,16,66
4217,0,33,18,15,66
4218,117,33,50,17,217
4219,0,33,17,17,67
4221,0,34,17,17,68
4222,17,34,15,18,84
4223,0,34,15,18,67
4225,0,33,50,17,100
4226,18,32,18,17,85
4227,17,15,18,17,67
4228,117,32,35,14,198
4229,117,17,35,14,183
4230,17,31,19,17,84
4231,0,31,19,17,67
4232,16,36,48,19,119
4236,0,17,35,14,66
4237,16,19,0,14,49
4239,0,32,16,17,65
4240,0,18,16,17,51
4243,0,32,52,17,101
4244,0,14,52,17,83
4245,0,35,17,17,69
4246,0,17,17,17,51
4247,17,17,16,17,67
4249,0,33,49,16,98
4250,34,16,50,16,116
4251,167,33,83,18,301
4252,0,16,50,16,82
4253,16,16,18,16,66
4254,0,16,18,16,50
4255,0,34,118,17,169
4256,0,16,118,17,151
4257,0,34,17,17,68
4259,0,34,50,17,101
4260,17,33,83,18,151
4262,17,34,49,18,118
4265,0,32,17,18,67
4267,17,18,83,15,133
4268,18,33,15,17,83
4269,33,32,18,15,98
4270,17,32,18,15,82
4271,0,32,18,15,65
4272,0,17,18,15,50
4274,116,34,15,17,182
4276,0,17,17,15,49
4278,84,32,50,16,182
4280,18,34,15,17,84
4281,0,34,15,17,66
4283,0,32,50,16,98
4284,0,17,50,16,83
4286,17,32,17,17,83
4287,16,16,17,17,66
4288,0,16,17,17,50
4289,0,34,17,17,68
4290,0,17,17,17,51
4293,83,18,15,16,132
4295,266,32,51,16,365
4296,0,18,48,16,82
4297,33,31,151,17,232
4298,0,18,15,16,49
4300,16,34,17,18,85
4301,0,34,17,18,69
4303,0,35,15,18,68
4308,0,17,16,17,50
4309,0,33,17,15,65
4311,0,32,51,16,99
4312,15,36,15,16,82
4315,0,31,84,18,133
4316,0,16,84,18,118
4317,233,35,15,17,300
4318,50,35,15,17,117
4320,34,18,15,17,84
4321,35,32,49,18,134
4323,0,32,49,18,99
4324,17,33,51,15,116
4326,0,16,51,15,82
4327,16,18,17,15,66
4328,117,35,15,17,184
4329,0,32,50,17,99
4331,0,35,15,17,67
4332,0,17,15,17,49
4336,0,17,15,17,49
4337,15,17,49,17,98
4338,0,17,49,17,83
4339,102,32,32,17,183
4340,0,15,51,18,84
4342,0,17,18,18,53
4343,0,36,49,15,100
4345,0,32,32,17,81
4347,17,15,17,18,67
4348,98,18,17,17,150
4349,0,35,17,16,68
4350,0,18,17,16,51
4351,33,33,17,17,100
4354,0,18,17,17,52
4357,0,32,18,15,65
4358,34,15,17,17,83
4360,0,15,17,17,49
4361,0,34,50,17,101
4362,17,33,17,17,84
4363,0,33,17,17,67
4364,15,34,16,18,83
4365,17,17,16,18,68
4366,17,34,15,17,83
4367,0,34,15,17,66
4368,0,18,15,17,50
4370,0,17,17,17,51
4371,0,34,18,16,68
4374,16,31,19,15,81
4376,15,34,18,17,84
4379,0,35,15,17,67
4380,0,17,15,17,49
4381,0,32,18,15,65
4382,50,35,50,17,152
4383,0,33,18,17,68
4385,52,15,18,17,102
4386,17,32,18,17,84
4387,17,15,18,17,67
4389,0,35,50,16,101
4390,17,32,18,16,83
4391,0,32,18,16,66
4392,0,17,18,16,51
4394,16,33,83,17,149
4397,0,34,16,16,66
4398,33,16,52,16,117
4400,16,34,18,16,84
4401,0,34,18,16,68
4404,16,32,50,17,115
4405,0,32,50,17,99
4406,15,34,16,17,82
4407,0,34,16,17,67
4408,17,33,34,16,100
4411,0,34,0,16,50
4412,17,32,219,15,283
4413,0,32,219,15,266
4414,0,16,219,15,250
4415,17,18,50,17,102
4417,0,34,16,17,67
4419,98,35,17,15,165
4420,17,32,17,16,82
4421,0,32,17,16,65
4422,0,17,17,16,50
4424,16,35,17,15,83
4425,35,32,18,15,100
4427,32,33,17,17,99
4428,33,15,17,17,82
4429,0,33,17,17,67
4430,0,15,17,17,49
4431,0,34,16,17,67
4432,17,33,17,18,85
4434,0,17,17,18,52
4435,35,32,50,17,134
4437,0,32,50,17,99
4438,83,34,17,16,150
4439,0,33,51,17,101
4442,17,34,17,16,84
4443,0,34,17,16,67
4444,0,17,17,16,50
4445,0,33,17,15,65
4446,0,16,17,15,48
4448,53,32,46,19,150
4449,0,38,47,15,100
4450,21,32,46,19,118
4451,0,32,46,19,97
4452,19,30,16,19,84
4453,15,15,16,19,65
4454,15,35,49,17,116
4455,0,35,49,17,101
4457,0,33,16,17,66
4458,0,17,16,17,50
4460,17,34,17,15,83
4461,0,34,17,15,66
4465,0,34,16,17,67
4467,0,33,17,17,67
4468,17,34,0,16,67
4469,17,17,0,16,50
4470,0,17,0,16,33
4471,0,33,0,17,50
4472,67,16,51,15,149
4473,0,34,16,16,66
4474,0,17,16,16,49
4475,32,34,17,15,98
4477,0,34,17,15,66
4480,15,38,47,17,117
4481,0,38,47,17,102
4482,21,30,50,17,118
4483,0,30,50,17,97
4484,17,34,16,17,84
4485,17,17,16,17,67
4486,50,33,17,17,117
4487,33,33,17,17,100
4488,17,33,17,17,84
4489,0,33,17,17,67
4490,0,18,17,17,52
4491,0,34,18,15,67
4492,17,33,15,17,82
4493,0,33,15,17,65
4495,0,32,51,16,99
4497,0,33,18,16,67
4498,0,16,18,16,50
4499,34,33,17,17,101
4500,16,33,17,17,83
4501,0,33,17,17,67
4502,15,34,51,16,116
4503,0,34,51,16,101
4504,0,17,51,16,84
4505,0,33,34,16,83
4506,0,17,34,16,67
4507,18,16,0,16,50
4508,16,33,51,16,116
4509,0,33,51,16,100
4510,34,16,18,16,84
4512,16,34,49,18,117
4513,0,34,49,18,101
4517,34,34,15,17,100
4518,18,34,15,17,84
4520,0,18,15,17,50
4521,81,18,51,16,166
4522,17,33,16,18,84
4523,0,33,16,18,67
4524,33,18,51,16,118
4525,0,34,51,16,101
4526,0,18,51,16,85
4527,0,34,17,16,67
4528,0,17,17,16,50
4530,16,32,17,17,82
4533,17,17,17,16,67
4536,16,35,16,15,82
4538,0,17,16,15,48
4540,0,15,17,17,49
4542,0,17,16,18,51
4543,0,34,17,17,68
4545,17,17,15,17,66
4546,17,32,17,17,83
4547,0,32,17,17,66
4548,0,17,17,17,51
4549,0,34,50,17,101
4550,117,32,18,16,183
4551,0,34,16,17,67
4552,17,33,15,18,83
4553,16,17,15,18,66
4554,17,33,50,16,116
4555,0,33,50,16,99
4556,18,32,18,16,84
4557,133,32,18,17,200
4559,0,34,17,17,68
4560,16,34,17,16,83
4561,0,34,17,16,67
4562,0,17,17,16,50
4565,0,32,18,17,67
4566,15,35,16,17,83
4567,0,35,16,17,68
4568,33,17,17,16,83
4569,99,34,17,17,167
4571,0,33,17,16,66
4572,0,16,17,16,49
4573,0,33,17,17,67
4574,0,16,17,17,50
4575,34,34,15,18,101
4576,0,17,17,17,51
4577,34,33,17,15,99
4578,0,17,15,18,50
4581,0,32,17,17,66
4582,0,15,17,17,49
4583,100,34,17,17,168
4584,0,17,17,17,51
4585,0,34,17,15,66
4587,0,32,18,16,66
4588,15,34,17,17,83
4589,0,34,17,17,68
4590,0,16,17,17,50
4591,34,34,15,17,100
4593,0,34,15,17,66
4594,0,17,15,17,49
4595,32,34,50,17,133
4596,17,34,50,17,118
4597,17,17,50,17,101
4599,0,33,34,17,84
4601,17,17,17,17,68
4603,34,32,16,18,100
4605,0,32,16,18,66
4606,0,18,16,18,52
4607,0,34,16,16,66
4608,85,32,16,18,151
4609,0,32,18,17,67
4610,0,16,18,17,51
4611,0,35,16,16,67
4612,0,17,16,16,49
4613,32,34,49,18,133
4614,0,16,16,18,50
4615,0,34,49,18,101
4616,0,18,49,18,85
4621,32,35,15,17,99
4623,35,32,18,15,100
4624,32,17,18,15,82
4625,0,32,18,15,65
4628,15,33,135,17,200
4629,0,33,135,17,185
4630,51,33,33,18,135
4631,0,34,51,15,100
4632,17,33,33,18,101
4633,0,33,33,18,84
4634,49,35,17,15,116
4635,33,35,17,15,100
4636,15,35,17,15,82
4638,0,17,17,15,49
4641,0,33,18,16,67
4642,0,15,18,16,49
4644,16,34,66,17,133
4645,0,34,66,17,117
4646,166,17,17,17,217
4647,0,33,50,17,100
4648,84,32,51,17,184
4649,33,34,17,15,99
4650,17,34,17,15,83
4652,34,15,51,17,117
4653,0,32,51,17,100
4654,32,17,17,17,83
4656,0,17,17,17,51
4657,17,17,16,17,67
4658,17,33,17,15,82
4659,99,33,18,17,167
4660,17,32,51,16,116
4662,0,15,51,16,82
4663,51,16,18,17,102
4664,16,33,18,17,84
4666,0,16,18,17,51
4667,0,35,85,15,135
4668,17,32,53,15,117
4669,183,16,17,16,232
4670,50,35,15,17,117
4671,83,17,17,17,134
4673,35,32,17,17,101
4674,0,15,15,17,47
4675,0,32,17,17,66
4676,51,33,17,16,117
4677,0,34,17,16,67
4678,17,33,17,16,83
4679,33,33,18,16,100
4680,0,16,17,16,49
4682,83,33,51,17,184
4683,0,34,16,17,67
4684,350,35,114,17,516
4686,33,17,51,17,118
4687,33,34,17,17,101
4688,34,17,17,17,85
4689,34,34,15,17,100
4690,0,17,17,17,51
4691,0,34,15,17,66
4692,17,32,51,17,117
4694,35,15,18,17,85
4695,100,34,17,17,168
4696,0,15,18,17,50
4697,18,17,15,17,67
4698,17,32,17,17,83
4701,0,34,17,17,68
4702,0,17,17,17,51
4703,34,35,114,17,200
4704,17,35,114,17,183
4705,35,32,15,17,99
4708,17,32,17,16,82
4710,34,16,50,17,117
4711,0,33,50,17,100
4714,17,33,18,16,84
4716,0,17,18,16,51
4718,16,32,50,17,115
4719,0,32,50,17,99
4721,35,32,17,16,100
4723,0,32,17,16,65
4724,0,17,17,16,50
4725,0,33,17,17,67
4726,0,16,17,17,50
4727,0,34,17,18,69
4728,17,35,15,17,84
4729,0,35,15,17,67
4731,0,32,17,16,65
4732,0,17,17,16,50
4733,83,17,17,19,136
4735,0,35,15,17,67
4737,0,32,17,19,68
4741,0,30,16,18,64
4742,16,34,17,17,84
4743,0,34,17,17,68
4745,0,34,50,17,101
4750,17,31,18,17,83
4753,0,35,15,17,67
4754,0,17,15,17,49
4759,0,33,67,17,117
4760,17,33,17,17,84
4761,67,33,50,17,167
4762,16,34,48,18,116
4763,0,34,48,18,100
4766,0,16,50,17,83
4768,18,34,33,17,102
4770,17,33,0,17,67
4771,0,33,0,17,50
4772,0,18,0,17,35
4773,0,34,16,16,66
4774,0,17,16,16,49
4775,16,16,18,16,66
4776,16,34,0,18,68
4777,0,34,0,18,52
4778,16,34,16,15,81
4779,18,16,16,15,65
4780,0,16,16,15,47
4783,35,33,17,17,102
4784,17,33,17,17,84
4785,0,33,17,17,67
4787,0,34,16,16,66
4788,17,32,17,17,83
4789,0,32,17,17,66
4791,0,34,17,17,68
4792,17,34,17,16,84
4793,34,33,17,15,99
4794,17,33,17,15,82
4795,0,33,17,15,65
4796,16,32,17,18,83
4797,0,32,17,18,67
4799,0,35,17,15,67
4804,0,17,17,17,51
4805,34,30,20,16,100
4806,17,30,20,16,83
4808,50,34,17,15,116
4810,16,34,17,15,82
4811,0,34,17,15,66
4814,15,34,18,16,83
4815,0,34,18,16,68
4816,0,17,18,16,51
4818,16,33,16,17,82
4820,17,33,17,16,83
4821,183,17,17,17,234
4823,0,33,16,17,66
4825,0,33,84,17,134
4826,17,35,49,17,118
4827,35,32,17,17,101
4828,17,32,17,17,83
4829,0,32,17,17,66
4831,34,34,49,16,133
4833,66,33,18,15,132
4834,17,32,84,17,150
4835,49,16,18,15,98
4836,50,33,18,17,118
4837,17,16,18,15,66
4838,34,15,18,17,84
4840,0,15,18,17,50
4841,0,35,49,17,101
4842,17,32,17,17,83
4845,0,34,17,17,68
4847,99,34,16,18,167
4849,83,16,16,18,133
4850,50,34,16,18,118
4853,0,34,16,18,68
4855,0,34,17,15,66
4856,0,18,17,15,50
4857,0,32,18,16,66
4859,0,34,83,17,134
4861,0,34,16,17,67
4862,16,33,16,17,82
4864,33,17,51,15,116
4867,83,18,15,17,133
4868,15,33,17,18,83
4870,15,35,15,17,82
4871,0,35,15,17,67
4872,50,34,84,15,183
4873,32,34,84,15,165
4874,17,34,84,15,150
4877,0,33,17,16,66
4881,0,33,17,18,68
4882,0,15,17,18,50
4883,0,35,17,15,67
4884,0,18,17,15,50
4885,0,32,17,17,66
4887,0,34,17,16,67
4888,0,17,17,16,50
4889,0,33,17,17,67
4890,0,16,17,17,50
4892,17,33,17,16,83
4893,0,33,17,16,66
4894,0,18,17,16,51
4895,0,33,0,17,50
4896,16,33,17,16,82
4898,0,16,17,16,49
4899,33,35,48,19,135
4900,51,32,35,16,134
4902,17,32,35,16,100
4903,0,32,35,16,83
4904,52,33,48,17,150
4906,19,33,48,17,117
4907,0,33,48,17,98
4909,0,32,33,17,82
4911,16,17,17,18,68
4912,17,35,16,17,85
4913,0,35,16,17,68
4914,0,18,16,17,51
4915,0,33,0,17,50
4917,0,34,15,17,66
4918,0,17,15,17,49
4919,15,17,17,17,66
4920,17,34,17,17,85
4921,0,34,17,17,68
4922,17,34,15,17,83
4923,17,17,15,17,66
4924,0,17,15,17,49
4925,15,17,18,16,66
4927,0,34,49,17,100
4930,16,34,118,17,185
4931,17,17,118,17,169
4932,17,35,83,17,152
4933,35,32,51,17,135
4934,17,32,51,17,117
4935,0,32,51,17,100
4937,17,17,50,17,101
4939,0,34,16,17,67
4940,0,17,16,17,50
4942,32,17,17,16,82
4943,0,32,17,16,65
4945,0,33,18,15,66
4946,0,16,18,15,49
4949,0,35,49,17,101
4951,0,32,17,17,66
4952,34,17,18,16,85
4954,17,34,0,17,68
4955,18,16,0,17,51
4956,33,16,15,19,83
4957,0,33,15,19,67
4958,31,19,16,16,82
4960,19,32,50,17,118
4962,0,16,50,17,83
4964,0,17,17,17,51
4965,17,17,17,17,68
4966,17,34,15,17,83
4967,0,34,15,17,66
4968,0,17,15,17,49
4969,0,32,50,16,98
4970,17,34,16,16,83
4972,0,16,16,16,48
4973,16,16,17,17,66
4974,16,34,18,16,84
4976,17,34,17,16,84
4977,0,34,17,16,67
4978,16,33,50,18,117
4980,16,34,16,18,84
4981,0,34,16,18,68
4982,0,17,16,18,51
4985,0,33,17,17,67
4987,17,17,49,17,100
4988,17,31,18,17,83
4989,0,31,18,17,66
4992,17,33,83,16,149
4996,0,15,51,16,82
4997,35,32,118,16,201
4998,17,32,118,16,183
4999,0,32,118,16,166
5000,0,16,118,16,150
5001,0,33,17,17,67
5002,0,15,17,17,49
5004,17,34,50,15,116
5006,16,33,17,15,81
5007,0,33,17,15,65
5010,0,15,18,16,49
5011,0,34,35,15,84
5013,0,35,15,17,67
5014,17,32,17,17,83
5018,0,17,49,15,81
5019,0,33,16,15,64
5020,17,31,18,17,83
5021,0,31,18,17,66
5022,15,35,17,18,85
5024,0,17,17,18,52
5025,0,35,48,17,100
5026,0,18,48,17,83
5027,0,33,15,17,65
5029,15,17,18,17,67
5032,17,32,17,17,83
5034,0,17,17,17,51
5035,0,34,16,16,66
5036,17,32,18,16,83
5038,0,16,18,16,50
5039,0,34,18,15,67
5040,16,33,17,17,83
5041,18,15,17,17,67
5042,0,15,17,17,49
5043,0,34,50,16,100
5044,17,33,50,18,118
5045,17,16,50,18,101
5048,16,35,15,17,83
5049,0,35,15,17,67
5050,0,18,15,17,50
5053,66,32,19,17,134
5054,17,32,84,18,151
5055,32,32,19,17,100
5056,17,32,19,17,85
5060,0,17,16,18,51
5061,34,32,17,18,101
5062,18,32,17,18,85
5064,34,18,15,17,84
5065,17,18,15,17,67
5066,18,32,16,17,83
5067,81,18,17,17,133
5068,0,17,16,17,50
5070,17,34,17,17,85
5073,83,17,16,17,133
5076,0,18,16,17,51
5077,33,33,17,16,99
5078,17,33,17,16,83
5079,0,33,17,16,66
5082,16,33,17,17,83
5083,0,33,17,17,67
5084,16,34,18,15,83
5085,17,17,18,15,67
5086,50,33,17,16,116
5087,0,33,50,16,99
5088,15,33,17,16,81
5095,0,34,16,17,67
5096,33,17,16,17,83
5098,0,17,16,17,50
5099,0,33,16,18,67
5102,18,32,18,17,85
5103,0,32,18,17,67
5104,0,15,18,17,50
5105,0,35,49,17,101
5108,17,34,17,17,85
5109,0,34,17,17,68
5110,17,34,15,18,84
5112,0,17,15,18,50
5114,18,33,17,17,85
5115,50,17,16,16,99
5116,0,17,17,17,51
5119,0,32,50,18,100
5120,0,16,50,18,84
5121,0,35,15,18,68
5122,17,33,15,17,82
5123,0,33,15,17,65
5124,0,18,15,17,50
5125,0,32,16,17,65
5126,50,34,17,16,117
5127,0,33,18,16,67
5128,0,17,18,16,51
5129,0,34,17,16,67
5131,0,33,17,16,66
5132,16,33,18,16,83
5137,0,33,17,17,67
5138,0,16,17,17,50
5139,0,34,33,17,84
5140,17,33,49,17,116
5141,0,33,49,17,99
5144,0,17,49,17,83
5145,0,32,17,17,66
5146,17,34,50,17,118
5148,0,17,50,17,84
5149,0,33,50,17,100
5150,15,34,16,17,82
5151,34,33,51,15,133
5152,17,33,51,15,116
5153,0,33,51,15,99
5154,17,34,17,15,83
5157,0,32,18,16,66
5158,0,15,18,16,49
5159,34,33,18,16,101
5160,16,33,18,16,83
5161,0,33,18,16,67
5162,0,16,18,16,50
5163,0,34,16,17,67
5164,16,33,16,17,82
5165,0,33,16,17,66
5167,0,33,18,16,67
5168,17,34,17,17,85
5169,0,34,17,17,68
5172,17,32,17,16,82
5176,0,16,17,17,50
5177,0,34,51,16,101
5178,0,17,51,16,84
5179,0,34,17,16,67
5181,0,33,16,17,66
5182,16,33,18,15,82
5183,0,33,18,15,66
5184,17,33,52,15,117
5185,50,17,50,16,133
5187,0,34,50,16,100
5188,0,17,50,16,83
5190,15,33,17,17,82
5191,17,16,17,17,67
5192,33,17,17,15,82
5193,0,34,17,15,66
5196,33,18,15,17,83
5197,0,36,15,17,68
5198,18,32,16,18,84
5199,0,32,16,18,66
5201,0,34,16,17,67
5202,18,33,15,17,83
5203,0,33,15,17,65
5205,49,17,17,17,100
5206,17,34,17,17,85
5207,0,34,17,17,68
5208,0,17,17,17,51
5209,17,17,17,16,67
5210,17,33,16,17,83
5211,33,33,16,17,99
5212,49,33,17,17,116
5215,33,34,18,16,101
5218,17,34,17,15,83
5219,0,34,17,15,66
5220,16,32,18,16,82
5221,0,32,18,16,66
5222,15,34,17,16,82
5223,0,34,17,16,67
5224,150,33,17,17,217
5225,0,33,17,17,67
5227,0,34,16,14,64
5230,14,37,50,17,118
5232,67,17,0,14,98
5233,0,33,17,17,67
5237,0,32,17,16,65
5239,17,16,50,18,101
5240,84,33,17,17,151
5241,0,34,16,18,68
5242,0,17,16,18,51
5244,18,33,17,17,85
5245,0,33,17,17,67
5246,0,17,17,17,51
5247,0,34,16,16,66
5248,17,32,16,18,83
5249,83,17,16,17,133
5251,0,34,50,17,101
5252,0,18,50,17,85
5253,0,34,16,17,67
5254,0,17,16,17,50
5256,17,33,16,17,83
5257,0,33,16,17,66
5258,16,33,51,17,117
5259,0,33,51,17,101
5260,50,35,49,17,151
5261,0,33,18,17,68
5262,16,35,49,17,117
5263,0,35,49,17,101
5266,0,17,17,17,51
5267,34,32,17,17,100
5268,17,32,17,17,83
5269,32,34,83,17,166
5271,101,33,17,17,168
5272,17,33,18,16,84
5273,33,34,16,17,100
5274,0,17,18,16,51
5275,34,33,17,17,101
5279,34,32,17,18,101
5280,17,32,17,18,84
5281,0,32,17,18,67
5285,0,33,15,17,65
5286,0,18,15,17,50
5287,0,32,18,16,66
5288,17,34,0,17,68
5289,34,34,33,16,117
5291,0,34,33,16,83
5292,82,34,17,16,149
5293,15,18,49,17,99
5295,0,32,17,17,66
5297,34,33,18,15,100
5298,0,17,17,16,50
5299,0,33,18,15,66
5302,0,15,18,16,49
5303,0,34,16,17,67
5304,16,33,67,17,133
5305,0,33,67,17,117
5306,17,34,67,17,135
5307,0,34,67,17,118
5308,17,33,0,17,67
5314,0,15,17,17,49
5315,0,34,18,15,67
5316,35,15,17,17,84
5317,0,33,17,17,67
5318,0,15,17,17,49
5319,0,34,16,18,68
5321,16,18,17,15,66
5322,0,18,17,15,50
5323,0,32,17,17,66
5324,0,15,17,17,49
5325,17,17,17,16,67
5327,0,33,16,18,67
5329,0,34,17,15,66
5331,17,15,18,17,67
5332,50,33,17,15,115
5333,0,35,16,17,68
5334,116,34,116,17,283
5338,49,34,116,17,216
5339,0,34,18,16,68
5340,17,34,116,17,184
5342,0,16,116,17,149
5343,0,33,17,15,65
5345,17,15,17,18,67
5346,15,35,16,17,83
5347,0,35,16,17,68
5349,0,33,15,19,67
5350,17,34,15,18,84
5351,0,34,15,18,67
5353,0,33,15,18,66
5354,18,33,17,17,85
5355,0,33,17,17,67
5356,68,17,19,13,117
5357,0,34,16,17,67
5358,0,17,16,17,50
5359,0,33,19,13,65
5360,0,17,19,13,49
5361,0,32,68,16,116
5362,13,35,33,16,97
5363,0,35,33,16,84
5365,0,33,49,17,99
5367,16,18,15,17,66
5368,0,18,15,17,50
5369,0,32,16,17,65
5370,17,33,0,17,67
5371,0,33,0,17,50
5373,0,33,17,17,67
5374,16,34,17,17,84
5375,0,34,17,17,68
5376,17,34,16,17,84
5378,0,17,16,17,50
5380,17,34,50,16,117
5381,34,33,17,16,100
5383,33,33,16,17,99
5384,17,33,16,17,83
5385,0,33,16,17,66
5387,33,33,17,18,101
5388,0,17,18,15,50
5390,15,35,15,17,82
5391,0,35,15,17,67
5394,84,33,51,16,184
5395,0,33,16,18,67
5397,16,18,16,17,67
5399,0,33,51,16,100
5401,33,34,84,16,167
5403,18,16,84,16,134
5406,49,33,16,16,114
5407,0,33,17,16,66
5408,17,33,16,16,82
5409,0,33,16,16,65
5412,16,34,18,15,83
5413,0,34,18,15,67
5414,0,17,18,15,50
5415,33,34,16,19,102
5416,15,34,16,19,84
5417,34,35,16,15,100
5418,51,31,35,16,133
5421,0,31,35,16,82
5422,0,15,35,16,66
5423,0,35,0,16,51
5424,17,32,50,17,116
5427,16,18,16,17,67
5428,18,33,18,15,84
5429,0,33,18,15,66
5432,15,33,83,17,148
5433,0,33,83,17,133
5434,0,15,83,17,115
5435,0,35,15,17,67
5437,0,32,16,17,65
5438,50,33,17,19,119
5439,33,33,17,19,102
5440,50,36,16,15,117
5441,0,33,17,19,69
5443,134,33,18,17,202
5444,19,31,17,18,85
5446,15,35,15,17,82
5447,35,32,17,16,100
5448,18,32,17,16,83
5449,32,33,18,17,100
5450,50,35,15,18,118
5451,33,35,15,18,101
5452,51,33,0,15,99
5453,0,35,15,18,68
5454,17,33,0,15,65
5455,0,33,0,15,48
5456,18,33,17,17,85
5457,0,33,17,17,67
5458,0,18,17,17,52
5459,0,34,16,17,67
5460,17,33,17,16,83
5461,100,32,0,17,149
5462,17,33,16,18,84
5463,0,33,16,18,67
5464,82,34,50,17,183
5465,0,34,16,16,66
5466,18,32,0,17,67
5468,16,34,50,17,117
5469,17,17,50,17,101
5470,49,35,49,18,151
5471,16,16,18,17,67
5472,16,35,49,18,118
5475,0,34,15,18,67
5476,0,17,15,18,50
5477,15,18,15,18,66
5478,18,33,17,15,83
5479,0,33,17,15,65
5480,18,32,0,17,67
5482,15,35,15,17,82
5483,0,35,15,17,67
5484,0,18,15,17,50
5485,15,17,84,16,132
5487,0,34,16,17,67
5489,33,33,17,18,101
5490,17,33,17,18,85
5491,0,33,17,18,68
5492,68,16,17,15,116
5493,0,35,17,16,68
5494,18,33,17,15,83
5495,0,33,17,15,65
5497,0,32,17,17,66
5498,49,32,18,16,115
5500,17,32,18,16,83
5502,0,15,18,16,49
5503,34,34,33,17,118
5504,16,34,33,17,100
5505,0,34,33,17,84
5506,18,33,51,17,119
5507,16,17,51,17,101
5508,0,17,51,17,85
5511,34,31,0,18,83
5512,17,31,0,18,66
5513,0,31,0,18,49
5514,16,35,16,16,83
5518,0,16,17,18,51
5519,0,35,15,18,68
5520,0,18,15,18,51
5522,0,18,49,16,83
5523,0,32,33,18,83
5524,0,15,33,18,66
5526,0,16,52,15,83
5531,0,34,17,18,69
5533,0,35,15,18,68
5534,0,18,15,18,51
5535,15,18,50,15,98
5536,18,32,18,15,83
5537,0,32,18,15,65
5538,0,17,18,15,50
5539,18,15,17,17,67
5540,182,33,18,17,250
5541,17,17,18,16,68
5543,34,33,17,17,101
5544,16,33,17,17,83
5547,0,34,15,17,66
5548,17,32,18,15,82
5551,0,33,18,17,68
5553,0,35,15,17,67
5555,0,32,16,17,65
5556,0,17,16,17,50
5557,0,33,18,16,67
5558,17,34,18,15,84
5559,0,34,18,15,67
5560,16,33,17,17,83
5561,33,34,16,17,100
5562,15,34,16,17,82
5563,0,34,16,17,67
5564,17,33,18,14,82
5567,0,32,19,17,68
5568,0,14,19,17,50
5570,82,33,17,17,149
5572,30,17,84,17,148
5573,0,32,84,17,133
5575,0,33,17,17,67
5576,0,15,17,17,49
5579,0,34,16,16,66
5580,33,16,17,18,84
5581,32,35,15,18,100
5582,0,16,17,18,51
5583,0,35,15,18,68
5584,18,33,16,17,84
5592,0,16,17,16,49
5594,16,35,50,15,116
5595,0,35,50,15,100
5596,0,17,50,15,82
5598,16,33,18,17,84
5599,18,15,18,17,68
5600,15,35,15,17,82
5601,35,32,17,17,101
5602,32,17,17,17,83
5603,0,32,17,17,66
5604,0,17,17,17,51
5605,184,17,18,14,233
5609,0,35,16,16,67
5610,0,18,16,16,50
5611,0,32,51,17,100
5613,0,34,17,17,68
5614,33,17,18,14,82
5615,17,17,18,14,66
5616,17,32,51,16,116
5617,0,32,51,16,99
5618,0,14,51,16,81
5619,0,33,18,16,67
5620,50,34,51,15,150
5621,18,16,85,15,134
5622,16,34,51,15,116
5623,34,33,84,15,166
5625,51,15,83,18,167
5626,34,15,83,18,150
5627,33,34,17,15,99
5628,0,15,83,18,116
5629,34,32,52,17,135
5630,17,32,52,17,118
5631,0,32,52,17,101
5632,84,33,16,17,150
5633,0,35,17,17,69
5634,0,18,17,17,52
5635,0,34,16,17,67
5637,33,33,17,18,101
5638,17,33,17,18,85
5639,33,35,16,15,99
5640,34,18,16,15,83
5641,0,35,16,15,66
5642,0,18,16,15,49
5643,0,31,17,16,64
5644,0,15,17,16,48
5645,33,35,0,15,83
5646,34,17,0,15,66
5647,0,35,0,15,50
5648,0,17,0,15,32
5650,0,17,17,15,49
5651,17,15,18,17,67
5652,0,15,18,17,50
5653,52,17,17,15,101
5654,51,32,0,18,101
5655,0,34,17,15,66
5656,17,32,0,18,67
5659,18,17,15,16,66
5661,0,31,51,17,99
5663,68,34,16,16,134
5664,17,33,50,16,116
5666,17,34,16,16,83
5667,0,34,16,16,66
5668,49,35,49,17,150
5669,0,32,18,17,67
5671,0,35,49,17,101
5673,33,33,17,15,98
5674,18,33,17,15,83
5675,33,32,19,16,100
5677,0,32,19,16,67
5678,15,35,17,15,82
5679,0,35,17,15,67
5680,81,33,18,18,150
5682,15,33,18,15,81
5684,16,33,18,18,85
5686,0,15,18,18,51
5687,0,36,48,17,101
5689,0,31,17,17,65
5690,84,33,15,18,150
5691,0,34,51,16,101
5692,0,17,51,16,84
5693,0,34,17,16,67
5695,33,33,17,17,100
5697,83,17,18,15,133
5698,0,18,17,17,52
5700,0,17,16,17,50
5701,0,33,18,15,66
5702,17,33,16,16,82
5703,0,33,16,16,65
5706,16,34,51,17,118
5707,0,34,51,17,102
5708,16,35,16,17,84
5710,33,17,16,16,82
5711,0,33,16,16,65
5712,0,17,16,16,49
5715,67,33,17,17,134
5716,16,32,17,16,81
5717,0,32,17,16,65
5718,182,35,16,15,248
5721,0,34,49,17,100
5723,0,32,51,17,100
5724,14,34,17,17,82
5726,86,31,17,17,151
5727,0,34,18,17,69
5728,52,31,17,17,117
5730,17,31,17,17,82
5731,0,31,17,17,65
5733,0,34,17,17,68
5734,0,17,17,17,51
5736,17,33,49,18,117
5737,50,15,84,17,166
5739,17,15,84,17,133
5741,0,35,15,17,67
5742,18,32,17,17,84
5743,0,32,17,17,66
5744,34,17,17,15,83
5745,0,34,17,15,66
5747,0,32,51,16,99
5748,0,15,51,16,82
5749,51,16,18,16,101
5750,0,16,17,16,49
5751,17,16,18,16,67
5752,16,34,17,18,85
5753,0,34,17,18,69
5754,16,35,15,17,83
5755,0,35,15,17,67
5758,0,17,49,17,83
5759,0,34,15,17,66
5760,0,18,15,17,50
5761,15,17,50,16,98
5762,17,34,16,16,83
5763,0,34,16,16,66
5765,32,35,16,18,101
5766,16,35,16,18,85
5767,0,35,16,18,69
5769,116,17,16,16,165
5770,18,33,16,17,84
5771,0,33,16,17,66
5772,18,33,16,17,84
5773,0,33,16,17,66
5774,0,17,16,17,50
5775,65,34,18,16,133
5776,17,32,17,17,83
5777,32,34,18,16,100
5778,16,34,18,16,84
5779,0,34,18,16,68
5781,34,33,18,16,101
5782,16,33,18,16,83
5783,33,34,16,17,100
5784,17,34,16,17,84
5785,34,33,0,18,85
5786,16,33,0,18,67
5788,185,33,15,17,250
5789,0,33,17,17,67
5790,83,32,17,18,150
5791,17,17,16,18,68
5793,0,34,16,16,66
5794,50,35,16,17,118
5795,0,32,17,18,67
5796,51,33,15,17,116
5797,0,35,16,17,68
5798,18,33,15,17,83
5799,0,33,15,17,65
5803,0,34,50,17,101
5804,17,33,17,17,84
5805,0,33,17,17,67
5806,17,34,0,17,68
5807,0,34,0,17,51
5809,0,33,17,17,67
5813,0,32,51,16,99
5814,51,33,85,14,183
5815,0,34,17,16,67
5816,17,33,85,14,149
5817,0,33,85,14,132
5819,34,34,49,17,134
5820,51,31,18,17,117
5821,0,34,49,17,100
5825,0,35,17,17,69
5826,17,34,16,16,83
5827,0,34,16,16,66
5828,17,32,15,18,82
5832,18,34,16,17,85
5833,0,34,16,17,67
5834,17,33,16,17,83
5835,0,33,16,17,66
5836,17,33,16,17,83
5838,17,33,17,16,83
5840,50,34,17,17,118
5841,0,33,18,16,67
5842,16,34,17,17,84
5844,16,34,17,15,82
5847,32,33,18,17,100
5848,0,15,18,15,48
5849,0,33,18,17,68
5850,0,15,18,17,50
5852,0,17,16,17,50
5853,33,31,19,18,101
5854,17,31,19,18,85
5855,0,31,19,18,68
5856,33,18,15,18,84
5857,0,37,15,18,70
5859,0,33,0,15,48
5860,18,32,18,16,84
5862,35,16,116,17,184
5863,18,16,116,17,167
5864,16,33,16,17,82
5865,198,35,16,18,267
5866,17,33,17,16,83
5867,0,33,17,16,66
5868,17,33,17,17,84
5869,0,33,17,17,67
5870,16,34,50,15,115
5871,17,17,50,15,99
5872,0,17,50,15,82
5873,17,15,51,17,100
5874,0,15,51,17,83
5875,0,33,18,17,68
5876,15,35,16,18,84
5877,0,35,16,18,69
5880,18,32,0,18,68
5881,32,34,17,17,100
5882,0,15,0,18,33
5884,0,16,17,17,50
5885,0,34,15,18,67
5887,0,33,0,16,49
5888,0,18,0,16,34
5890,0,17,16,17,50
5892,50,34,17,17,118
5895,0,34,17,17,68
5896,17,34,15,17,83
5897,134,32,17,18,201
5898,17,32,0,17,66
5899,0,32,0,17,49
5900,0,17,0,17,34
5901,0,35,15,18,68
5902,0,18,15,18,51
5903,15,18,0,15,48
5904,18,32,17,18,85
5906,0,17,17,18,52
5908,18,33,16,17,84
5909,0,33,16,17,66
5910,18,33,17,16,84
5911,0,33,17,16,66
5915,0,33,17,17,67
5916,16,34,17,16,83
5917,0,34,17,16,67
5918,17,33,51,16,117
5919,33,33,18,16,100
5920,0,16,51,16,83
5921,67,34,15,17,133
5922,15,34,49,17,115
5923,0,34,49,17,100
5924,16,34,15,17,82
5925,0,34,15,17,66
5927,0,32,17,17,66
5928,17,34,51,15,117
5930,17,34,17,15,83
5931,0,34,17,15,66
5932,0,17,17,15,49
5934,0,15,17,17,49
5935,0,34,49,17,100
5937,0,33,16,17,66
5939,16,17,17,17,67
5941,17,17,17,17,68
5942,0,17,17,17,51
5943,49,17,18,16,100
5944,17,32,18,16,83
5945,0,32,18,16,66
5946,0,17,18,16,51
5947,0,34,16,18,68
5948,16,34,16,17,83
5949,67,36,13,16,132
5950,18,33,49,16,116
5951,33,36,13,16,98
5953,0,36,13,16,65
5954,0,20,13,16,49
5955,13,16,51,17,97
5956,16,34,50,16,116
5958,33,17,16,16,82
5960,17,32,17,17,83
5962,16,34,17,17,84
5963,0,34,17,17,68
5965,0,34,16,17,67
5966,0,17,16,17,50
5967,33,34,17,17,101
5970,17,34,15,17,83
5971,0,34,15,17,66
5972,17,32,16,18,83
5973,0,32,16,18,66
5974,17,34,49,17,117
5975,0,34,49,17,100
5977,0,32,17,17,66
5978,17,34,17,17,85
5979,34,34,15,18,101
5980,17,34,15,18,84
5981,0,34,15,18,67
5982,17,33,51,16,117
5983,0,33,51,16,100
5984,0,18,51,16,85
5988,48,35,15,17,115
5990,17,35,15,17,84
5991,0,35,15,17,67
5992,50,34,17,16,117
5995,-99925,0,0,0,-99925
5998,0,16,17,16,49
