序号,发送->接收,接收->转发,转发->接收,接收->处理,总计
1,0,49,96,19,164
2,31,18,31,16,96
3,18,18,31,16,83
5,0,31,16,19,66
6,37,19,30,15,101
7,16,19,30,15,80
9,30,15,52,31,128
11,0,15,52,31,98
12,0,32,86,15,133
13,0,16,86,15,117
14,35,34,17,15,101
15,15,34,17,15,81
16,0,34,17,15,66
17,0,18,17,15,50
18,32,34,50,16,132
19,15,34,50,16,115
22,17,17,48,16,98
23,0,17,48,16,81
24,16,16,16,16,64
25,0,16,16,16,48
26,0,32,16,19,67
27,16,35,51,16,118
30,16,16,19,16,67
33,0,16,0,16,32
34,0,32,19,33,84
35,35,50,15,15,115
37,33,17,15,15,80
39,0,17,15,15,47
40,15,15,20,14,64
43,14,35,16,15,80
44,0,35,16,15,66
45,0,16,16,15,47
46,0,31,17,20,68
47,15,37,36,31,119
49,0,20,36,31,87
51,19,31,16,31,97
52,0,31,16,31,78
53,21,16,16,15,68
54,16,47,18,16,97
56,15,16,18,16,65
58,18,16,17,16,67
60,0,33,0,18,51
61,0,16,0,18,34
62,0,37,30,17,84
63,0,19,30,17,66
64,13,17,70,16,116
65,17,34,16,20,87
67,0,17,16,20,53
68,0,36,50,16,102
69,20,16,0,34,70
70,0,16,0,34,50
71,0,34,0,16,50
72,0,21,0,16,37
73,0,33,0,31,64
75,31,17,50,17,115
76,15,17,50,17,99
77,0,17,50,17,84
79,19,32,0,18,69
81,17,32,34,19,102
82,18,14,34,19,85
83,14,19,15,19,67
84,0,19,15,19,53
88,15,16,19,14,64
89,0,16,19,14,49
90,19,14,20,31,84
92,0,20,16,15,51
93,0,47,18,15,80
94,64,35,16,16,131
96,0,33,17,18,68
97,0,15,17,18,50
98,35,32,19,33,119
100,0,32,19,33,84
101,0,16,19,33,68
102,19,49,15,19,102
103,0,49,15,19,83
104,17,16,15,19,67
105,0,16,15,19,50
106,34,32,19,33,118
108,0,32,19,33,84
109,34,33,15,19,101
111,13,20,15,19,67
112,20,34,65,16,135
113,34,50,15,16,115
114,19,50,15,16,100
115,0,50,15,16,81
116,0,34,15,16,65
117,19,31,16,19,85
118,15,16,16,19,66
120,0,35,83,15,133
122,0,34,16,14,64
124,30,34,20,16,100
125,14,34,20,16,84
126,19,15,20,16,70
128,0,20,62,19,101
129,16,31,15,19,81
130,0,31,15,19,65
131,15,34,67,16,132
132,0,34,67,16,117
134,0,33,15,19,67
135,18,34,0,16,68
136,0,34,0,16,50
138,0,32,0,19,51
140,0,19,15,15,49
142,15,17,19,14,65
143,0,17,19,14,50
144,19,14,19,15,67
146,0,34,16,19,69
148,0,35,16,15,66
149,19,31,0,20,70
151,15,20,14,16,65
152,20,47,52,17,136
153,0,47,52,17,116
154,16,17,52,17,102
157,21,32,16,15,84
158,0,32,16,15,63
159,17,31,16,19,83
160,0,31,16,19,66
161,15,35,16,18,84
162,35,34,51,33,153
163,19,34,51,33,137
164,34,31,20,33,118
165,18,31,20,33,102
166,0,31,20,33,84
168,0,20,14,19,53
169,66,33,16,14,129
170,19,33,49,14,115
171,0,33,49,14,96
172,20,33,16,14,83
173,0,33,16,14,63
174,18,49,85,30,182
175,0,49,85,30,164
177,0,19,85,30,134
178,35,30,20,30,115
180,0,30,20,30,80
181,15,20,16,14,65
182,0,20,16,14,50
183,0,47,18,19,84
184,0,31,18,19,68
185,0,17,18,19,54
188,0,33,15,18,66
189,0,18,15,18,51
192,0,16,68,31,115
193,0,47,21,31,99
195,0,16,21,31,68
196,21,48,48,22,139
197,0,48,48,22,118
198,0,33,48,22,103
199,17,31,103,34,185
200,31,39,12,19,101
203,22,31,33,34,120
204,0,31,33,34,98
205,19,17,16,34,86
206,0,17,16,34,67
207,0,50,13,17,80
208,15,19,13,17,64
209,19,30,35,15,99
210,0,30,35,15,80
212,0,20,15,15,50
213,15,32,17,16,80
215,0,17,17,16,50
216,17,16,17,19,69
217,16,36,15,19,86
218,0,36,15,19,70
220,0,34,15,15,64
221,0,19,15,15,49
225,14,35,66,16,131
226,70,31,0,16,117
228,0,35,16,15,66
229,19,31,0,16,66
230,0,31,0,16,47
231,31,19,14,19,83
232,0,35,14,19,68
233,33,19,16,15,83
234,14,19,16,15,64
236,31,35,47,18,131
237,15,35,47,18,115
238,0,35,47,18,100
239,0,16,47,18,81
240,34,31,20,14,99
242,0,31,20,14,65
243,18,34,19,15,86
245,14,34,0,16,64
246,0,34,0,16,50
248,0,35,50,15,100
249,34,15,20,15,84
250,15,15,20,15,65
252,0,35,16,18,69
253,15,34,49,19,117
258,0,35,47,18,100
259,19,32,15,18,84
260,0,32,15,18,65
261,0,16,15,18,49
262,15,18,51,14,98
265,18,30,19,16,83
266,0,30,19,16,65
267,49,34,0,15,98
268,35,34,0,15,84
269,16,34,0,15,65
270,0,34,0,15,49
271,19,35,15,18,87
272,0,35,15,18,68
274,0,33,49,15,97
275,18,34,15,15,82
276,0,34,15,15,64
277,19,30,20,16,85
279,15,20,65,15,115
281,16,31,18,15,80
283,34,15,16,19,84
284,18,15,16,19,68
287,19,35,16,37,107
288,0,35,16,37,88
289,19,16,50,30,115
290,0,16,50,30,96
292,23,43,19,15,100
293,0,43,19,15,77
294,0,30,19,15,64
297,15,35,49,15,114
298,16,19,49,15,99
299,19,33,16,15,83
300,0,33,16,15,64
301,18,31,52,18,119
302,0,31,52,18,101
304,70,31,50,16,167
307,18,31,50,16,115
309,15,34,16,16,81
311,15,32,17,18,82
312,0,32,17,18,67
313,16,35,51,15,117
314,0,35,51,15,101
315,18,32,49,20,119
316,32,34,15,20,101
317,16,34,15,20,85
318,0,34,15,20,69
319,15,35,16,14,80
321,20,30,20,17,87
322,0,30,20,17,67
324,0,37,30,5,72
325,0,17,30,5,52
327,21,35,15,18,89
329,16,19,15,18,68
330,0,19,15,18,52
332,66,34,15,20,135
334,19,49,15,20,103
335,0,49,15,20,84
336,34,35,0,16,85
337,20,35,0,16,71
338,35,16,17,15,83
339,20,16,17,15,68
341,17,15,49,19,100
342,15,34,15,19,83
343,0,34,15,19,68
345,0,34,16,18,68
346,0,19,16,18,53
347,16,18,17,14,65
348,18,31,17,34,100
350,14,51,15,19,99
351,0,51,15,19,85
353,19,15,50,18,102
354,15,35,15,18,83
355,19,16,15,18,68
356,0,16,15,18,49
357,0,33,0,16,49
360,0,19,96,19,134
361,15,19,15,33,82
362,19,48,83,19,169
365,86,16,19,16,137
367,19,34,16,19,88
369,19,16,19,16,70
370,0,16,19,16,51
371,0,35,64,19,118
373,0,49,15,19,83
375,19,15,134,16,184
377,0,35,48,36,119
378,0,16,48,36,100
379,0,33,15,36,84
380,18,51,31,19,119
381,0,51,31,19,101
384,0,15,16,19,50
386,0,19,51,14,84
389,0,34,15,18,67
390,0,14,15,18,47
391,0,33,52,15,100
392,18,33,19,15,85
393,0,33,19,15,67
394,0,14,19,15,48
395,19,15,16,19,69
396,0,15,16,19,50
397,35,33,15,16,99
399,0,33,15,16,64
400,0,18,15,16,49
401,0,31,20,14,65
402,0,16,20,14,50
403,0,34,17,35,86
404,14,52,15,19,100
406,0,35,15,19,69
407,20,15,67,33,135
408,0,15,67,33,115
409,35,32,50,34,151
410,16,32,50,34,132
413,0,33,17,34,84
414,18,51,0,15,84
415,0,51,0,15,66
416,34,15,19,14,82
417,19,15,19,14,67
419,68,34,50,17,169
420,14,35,34,16,99
421,35,34,50,17,136
424,18,50,0,17,85
425,0,50,0,17,67
426,0,34,0,17,51
427,19,17,50,15,101
428,0,17,50,15,82
429,16,15,53,16,100
430,15,34,19,16,84
431,19,15,19,16,69
432,15,35,14,35,99
434,0,16,14,35,65
435,0,49,15,20,84
436,0,35,15,20,70
437,18,35,15,32,100
438,35,15,51,15,116
439,20,15,51,15,101
440,0,15,51,15,81
442,17,34,16,19,86
443,0,34,16,19,69
444,0,15,16,19,50
445,0,35,49,16,100
447,0,34,15,16,65
448,0,17,15,16,48
449,0,31,18,15,64
450,16,33,16,36,101
451,18,15,16,36,85
452,0,15,16,36,67
453,0,52,16,17,85
454,16,20,16,17,69
458,0,17,16,17,50
459,0,33,14,20,67
460,17,34,0,14,65
461,0,34,0,14,48
463,0,32,18,16,66
464,0,18,18,16,52
465,34,32,66,32,164
466,16,32,66,32,146
467,0,32,66,32,130
468,31,35,16,32,114
469,15,35,16,32,98
472,16,53,16,16,101
473,0,53,16,16,85
474,16,21,16,16,69
475,37,32,17,15,101
476,32,16,17,15,80
478,16,32,17,17,82
481,0,34,17,17,68
483,0,34,15,20,69
485,35,31,16,19,101
486,20,31,16,19,86
487,0,31,16,19,66
488,0,15,16,19,50
489,0,35,48,33,116
490,0,19,48,33,100
491,0,32,16,33,81
492,15,49,17,17,98
493,0,49,17,17,83
494,16,17,17,17,67
495,17,17,17,17,68
496,0,17,17,17,51
498,0,17,17,17,51
499,0,34,0,16,50
500,33,17,16,18,84
501,0,33,16,18,67
502,0,17,16,18,51
503,16,18,0,17,51
504,18,33,16,16,83
505,0,33,16,16,65
507,0,32,85,16,133
508,16,49,20,16,101
509,0,49,20,16,85
511,16,20,49,17,102
514,0,16,17,17,50
515,0,34,17,17,68
517,0,34,16,15,65
518,0,17,16,15,48
524,16,19,31,19,85
525,19,15,16,19,69
526,0,15,16,19,50
527,0,35,15,20,70
529,35,30,0,19,84
530,0,20,15,15,50
531,0,30,0,19,49
533,0,35,15,19,69
534,31,19,0,16,66
535,15,19,0,16,50
536,19,31,34,16,100
537,0,31,34,16,81
538,0,15,34,16,65
540,18,51,15,20,104
541,0,51,15,20,86
542,35,15,20,15,85
544,15,35,15,20,85
545,20,15,15,20,70
546,0,15,15,20,50
547,0,35,0,16,51
549,0,31,98,19,148
551,17,18,0,14,49
552,18,49,33,16,116
554,0,35,33,16,84
556,14,19,0,16,49
557,19,16,50,34,119
559,0,35,64,19,118
560,34,34,15,19,102
561,49,15,19,15,98
562,0,34,15,19,68
563,19,15,19,15,68
566,0,15,16,18,49
567,0,34,66,17,117
568,18,50,16,17,101
570,15,20,16,17,68
571,0,20,16,17,53
572,16,33,16,18,83
573,33,34,16,19,102
575,0,34,16,19,69
576,18,35,0,16,69
577,0,35,0,16,51
578,19,31,18,15,83
579,0,31,18,15,64
580,0,15,18,15,48
581,18,15,0,34,67
583,0,34,15,21,70
584,18,36,0,15,69
586,21,31,15,19,86
588,0,16,15,19,50
589,15,19,0,17,51
592,33,33,17,33,116
593,16,33,17,33,99
594,33,17,15,18,83
595,18,17,15,18,68
597,15,18,16,19,68
598,18,35,99,16,168
599,0,35,99,16,150
600,0,19,99,16,134
601,0,31,16,18,65
602,0,15,16,18,49
603,16,18,16,18,68
604,18,34,66,17,135
606,34,34,16,17,101
607,0,50,16,17,83
608,0,34,16,17,67
609,19,16,17,16,68
613,0,33,50,17,100
615,35,32,16,18,101
616,51,34,15,18,118
617,66,33,16,32,147
618,17,34,15,18,84
621,33,48,19,15,115
624,0,32,19,15,66
625,16,19,15,19,69
626,34,19,16,33,102
627,15,19,16,33,83
628,0,19,16,33,68
629,0,49,15,18,82
630,0,33,15,18,66
631,18,33,16,35,102
633,50,19,16,34,119
634,0,16,16,19,51
637,0,50,16,34,100
638,34,16,15,19,84
640,0,16,15,19,50
641,0,34,16,34,84
643,0,50,32,18,100
644,0,34,32,18,84
645,19,16,50,16,101
648,18,32,18,15,83
650,0,16,18,15,49
651,0,33,18,15,66
654,15,34,16,18,83
655,34,34,0,16,84
656,18,34,0,16,68
657,34,34,15,18,101
659,0,34,15,18,67
660,0,18,15,18,51
661,15,18,131,18,182
662,18,52,0,17,87
663,31,21,0,17,69
664,15,21,0,17,53
666,0,17,0,13,30
667,0,48,48,18,114
668,0,35,48,18,101
669,19,32,16,18,85
670,14,18,16,18,66
671,18,34,17,33,102
672,0,34,17,33,84
673,18,17,15,18,68
674,0,17,15,18,50
675,0,33,50,16,99
676,18,34,16,16,84
677,0,34,16,16,66
678,19,32,17,34,102
679,0,32,17,34,83
680,16,51,15,18,100
681,17,34,15,18,84
684,0,33,16,35,84
685,49,20,15,19,103
686,31,20,15,19,85
687,15,20,15,19,69
688,0,20,15,19,54
694,31,35,33,16,115
695,32,19,33,16,100
696,16,19,33,16,84
697,19,15,18,16,68
698,0,15,18,16,49
700,0,16,49,18,83
701,33,34,16,33,116
703,0,34,16,33,83
704,49,18,102,16,185
705,0,49,102,16,167
706,15,18,102,16,151
707,18,16,19,16,69
711,0,32,19,16,67
712,0,16,19,16,51
713,0,35,0,20,55
714,16,33,18,16,83
715,0,33,18,16,67
716,0,13,18,16,47
717,18,16,51,14,99
718,67,14,0,33,114
720,35,14,0,33,82
721,18,14,0,33,65
722,14,33,0,18,65
723,0,33,0,18,51
725,0,35,18,14,67
726,0,17,18,14,49
728,14,34,15,19,82
729,0,34,15,19,68
730,16,34,16,18,84
731,34,34,15,16,99
732,19,34,15,16,84
733,16,18,15,16,65
736,16,34,17,16,83
737,0,34,17,16,67
738,18,33,35,15,101
740,16,35,0,15,66
743,0,50,15,16,81
744,0,35,15,16,66
745,19,15,83,18,135
747,16,20,131,34,201
748,0,20,131,34,185
749,31,34,0,16,81
750,15,34,0,16,65
751,0,34,0,16,50
752,18,50,16,34,118
753,0,50,16,34,100
754,0,34,16,34,84
755,19,16,15,19,69
756,0,16,15,19,50
758,19,35,16,15,85
759,16,19,16,15,66
760,19,31,0,19,69
762,15,34,15,19,83
763,19,15,15,19,68
764,0,15,15,19,49
765,15,19,16,32,82
767,0,48,18,18,84
771,0,51,63,19,133
772,0,33,63,19,115
773,37,31,15,19,102
774,0,17,15,16,48
775,15,16,15,19,65
776,0,16,15,19,50
777,0,34,0,16,50
778,19,50,16,18,103
779,0,50,16,18,84
780,34,16,18,16,84
781,18,16,18,16,68
782,34,16,16,33,99
783,18,16,16,33,83
785,0,49,16,18,83
786,16,17,16,18,67
787,17,34,16,18,85
788,0,34,16,18,68
790,34,15,19,15,83
791,18,15,19,15,67
792,15,34,16,19,84
793,0,34,16,19,69
794,0,15,16,19,50
795,0,35,14,19,68
797,33,33,16,16,98
798,19,33,16,16,84
799,0,33,16,16,65
801,32,35,0,33,100
802,16,35,0,33,84
804,19,33,0,17,69
805,0,33,0,17,50
806,19,33,67,16,135
809,51,16,16,17,100
810,15,20,16,16,67
811,20,16,16,17,69
812,49,38,64,15,166
813,16,17,102,15,150
815,0,38,64,15,117
816,23,29,0,15,67
817,29,35,97,17,178
818,34,20,97,17,168
819,15,20,97,17,149
820,0,20,97,17,134
822,0,16,50,16,82
823,15,19,16,16,66
824,19,32,0,17,68
825,32,34,16,18,100
826,16,34,16,18,84
828,51,32,67,16,166
829,0,34,17,15,66
831,0,32,67,16,115
832,15,35,132,34,216
833,0,35,132,34,201
834,19,32,0,16,67
835,0,32,0,16,48
836,16,51,15,18,100
837,66,18,16,34,134
838,0,35,15,18,68
839,34,18,16,34,102
842,0,16,16,18,50
844,18,34,147,18,217
847,0,34,15,18,67
848,19,33,15,34,101
849,0,33,15,34,82
850,18,49,16,33,116
851,0,49,16,33,98
852,34,16,15,18,83
853,19,16,15,18,68
855,0,33,66,18,117
856,35,34,15,18,102
857,0,51,15,18,84
858,0,34,15,18,67
859,33,18,50,18,119
860,15,18,50,18,101
862,34,16,115,19,184
863,19,16,115,19,169
864,0,16,115,19,150
866,0,16,17,16,49
867,17,16,48,19,100
868,16,33,15,19,83
869,0,33,15,19,67
871,0,34,15,19,68
872,19,34,15,18,86
875,33,32,18,15,98
876,18,32,18,15,83
877,16,16,18,15,65
879,0,33,17,19,69
881,0,36,16,15,67
882,0,19,16,15,50
883,0,31,16,19,66
886,19,33,17,17,86
889,0,34,13,19,66
890,0,17,13,19,49
893,0,35,47,19,101
894,20,31,16,19,86
895,31,35,16,16,98
897,0,35,16,16,67
901,66,34,34,15,149
902,15,33,18,16,82
903,0,33,18,16,67
904,15,34,34,15,98
906,0,16,34,15,65
907,0,34,84,16,134
908,19,35,49,16,119
911,0,31,18,16,65
912,34,16,16,18,84
913,0,34,16,18,68
914,16,34,16,20,86
915,0,34,16,20,70
917,36,30,16,18,100
918,20,30,16,18,84
919,0,30,16,18,64
920,17,34,50,15,116
922,18,31,19,15,83
924,34,15,16,19,84
925,34,35,50,15,134
926,15,35,50,15,115
928,35,15,19,15,84
929,0,31,19,15,65
930,49,34,0,16,99
931,0,34,16,18,68
935,16,34,15,19,84
936,0,34,15,19,68
937,18,34,15,20,87
938,0,34,15,20,69
939,19,15,20,31,85
942,0,31,15,18,64
943,19,33,15,18,85
946,0,33,50,35,118
948,0,35,66,16,117
949,19,15,16,19,69
950,0,15,16,19,50
951,35,32,16,17,100
953,0,32,16,17,65
954,0,16,16,17,49
956,17,35,15,34,101
957,35,49,16,18,118
958,34,34,16,18,102
960,0,34,16,18,68
962,0,16,18,16,50
963,18,16,15,19,68
964,0,16,15,19,50
965,0,34,15,20,69
967,35,48,34,15,132
969,0,48,34,15,97
970,14,18,34,15,81
975,16,18,16,19,69
976,0,18,16,19,53
977,0,35,16,33,84
978,19,49,15,19,102
979,0,49,15,19,83
982,15,35,16,16,82
983,0,35,16,16,67
986,0,16,18,16,50
987,34,34,16,34,118
988,16,34,16,34,100
989,0,34,16,34,84
991,0,50,15,19,84
993,19,15,19,16,69
995,19,16,16,33,84
997,16,33,16,18,83
999,18,34,32,18,102
1000,0,34,32,18,84
1001,33,35,50,15,133
1002,0,15,17,18,50
1003,0,35,50,15,100
1004,18,34,16,15,83
1005,0,34,16,15,65
1006,18,31,117,35,201
1007,0,31,117,35,183
1008,15,35,16,35,101
1009,0,35,16,35,86
1011,0,51,15,16,82
1012,35,15,16,35,101
1013,19,15,16,35,85
1014,0,15,16,35,66
1017,19,16,15,14,64
1018,0,16,15,14,45
1019,29,22,64,19,134
1020,14,22,64,19,119
1021,0,22,64,19,105
1025,0,34,65,35,134
1026,19,49,16,35,119
1030,0,16,133,19,168
1031,0,35,0,16,51
1033,0,49,15,18,82
1034,48,18,51,34,151
1035,33,18,51,34,136
1036,15,18,51,34,118
1038,0,35,16,34,85
1039,19,16,15,19,69
1040,16,34,16,34,100
1042,19,50,15,18,102
1044,15,19,15,18,67
1046,33,16,15,19,83
1047,34,34,50,32,150
1048,0,16,15,19,50
1051,0,32,18,32,82
1052,15,50,0,35,100
1054,0,32,0,35,67
1055,18,35,0,15,68
1056,0,35,0,15,50
1057,19,15,18,15,67
1058,0,15,18,15,48
1059,0,33,19,15,67
1060,15,34,15,19,83
1061,0,34,15,19,68
1062,15,34,16,34,99
1063,34,50,15,19,118
1065,0,50,15,19,84
1066,34,34,16,17,101
1067,19,34,16,17,86
1069,19,16,48,18,101
1070,0,16,48,18,82
1071,17,15,16,18,66
1072,0,15,16,18,49
1073,0,34,0,18,52
1074,18,35,13,21,87
1075,0,35,13,21,69
1076,0,17,13,21,51
1077,13,21,0,32,66
1081,0,33,16,34,83
1082,0,16,16,34,66
1083,0,50,15,18,83
1084,15,19,15,18,67
1086,0,33,16,16,65
1087,18,16,16,19,69
1088,0,16,16,19,51
1089,0,35,48,18,101
1090,0,19,48,18,85
1095,0,32,16,19,67
1096,0,16,16,19,51
1097,0,35,17,17,69
1098,19,34,13,19,85
1100,17,32,16,35,100
1101,32,51,14,19,116
1102,19,51,14,19,103
1103,0,51,14,19,84
1105,19,33,16,16,84
1106,0,33,16,16,65
1109,16,16,16,18,66
1111,0,34,16,19,69
1112,18,35,17,15,85
1113,0,35,17,15,67
1114,19,32,66,18,135
1117,0,51,15,18,84
1118,16,19,15,18,68
1119,19,15,18,16,68
1120,0,15,18,16,49
1121,18,16,54,17,105
1122,51,36,46,18,151
1124,19,36,46,18,119
1125,19,17,46,18,100
1126,0,17,46,18,81
1129,34,32,16,18,100
1131,0,32,16,18,66
1132,16,34,15,34,99
1133,0,34,15,34,83
1134,18,49,34,15,116
1135,0,49,34,15,98
1136,34,16,18,15,83
1137,18,16,18,15,67
1138,0,16,18,15,49
1140,0,15,18,33,66
1141,0,51,0,18,69
1143,18,18,15,35,86
1144,18,50,65,16,149
1147,20,15,16,18,69
1148,15,34,16,16,81
1150,18,32,16,18,84
1151,66,36,14,34,150
1155,0,36,14,34,84
1156,0,20,14,34,68
1159,19,16,49,18,102
1160,0,16,49,18,83
1161,0,33,16,18,67
1162,18,34,16,19,87
1163,0,34,16,19,69
1166,19,33,16,32,100
1167,0,33,16,32,81
1168,0,19,16,32,67
1169,0,48,19,16,83
1170,0,32,19,16,67
1172,0,19,16,15,50
1173,0,31,50,18,99
1175,0,35,15,18,68
1176,19,33,83,16,151
1177,0,33,83,16,132
1178,18,48,19,16,101
1180,12,19,19,16,66
1182,0,19,16,16,51
1183,16,16,51,33,116
1186,19,49,16,34,118
1188,14,19,16,34,83
1189,19,16,51,16,102
1192,19,33,15,18,85
1193,17,16,15,18,66
1194,16,33,18,34,101
1196,18,52,16,15,101
1197,0,52,16,15,83
1198,34,16,65,17,132
1199,19,16,65,17,117
1200,0,16,65,17,98
1202,0,35,15,17,67
1204,0,15,17,34,66
1206,0,34,51,15,100
1207,19,31,35,35,120
1210,70,15,19,16,120
1212,0,35,15,19,69
1213,19,15,19,16,69
1214,0,15,19,16,50
1216,0,16,49,34,99
1218,0,19,64,19,102
1219,30,19,15,19,83
1220,15,19,15,19,68
1221,19,15,19,16,69
1222,0,15,19,16,50
1224,0,16,15,18,49
1225,0,33,15,18,66
1226,18,33,16,18,85
1227,33,34,16,31,114
1228,18,34,16,31,99
1229,0,34,16,31,81
1230,18,47,17,19,101
1233,16,36,15,19,86
1234,0,36,15,19,70
1236,0,15,19,15,49
1237,19,15,16,16,66
1238,0,15,16,16,47
1239,32,19,49,18,118
1241,0,19,49,18,86
1243,19,15,18,16,68
1245,0,34,15,18,67
1246,0,16,15,18,49
1247,33,52,82,18,185
1249,0,52,82,18,152
1250,16,20,82,18,136
1251,20,16,15,32,83
1254,0,32,37,16,85
1255,53,16,16,32,117
1256,0,19,50,32,101
1258,0,16,16,32,64
1260,66,16,16,18,116
1261,18,34,16,34,102
1263,18,16,16,18,68
1264,0,16,16,18,50
1266,18,35,66,15,134
1267,35,48,18,15,116
1269,0,48,18,15,81
1270,0,32,18,15,65
1273,15,34,50,16,115
1274,34,34,32,19,119
1275,18,34,32,19,103
1276,0,34,32,19,85
1277,18,16,16,19,69
1278,0,16,16,19,51
1279,16,19,16,15,66
1280,0,19,16,15,50
1282,15,36,15,34,100
1283,0,36,15,34,85
1284,0,19,15,34,68
1286,15,19,15,16,65
1289,16,18,84,34,152
1293,18,18,16,34,86
1294,18,50,17,16,101
1295,16,34,17,16,83
1296,34,17,16,16,83
1297,19,17,16,16,68
1298,0,17,16,16,49
1299,16,16,49,18,99
1301,0,35,48,33,116
1303,14,18,16,33,81
1305,31,18,16,19,84
1307,18,35,32,17,102
1308,35,17,15,17,84
1310,0,17,15,17,49
1313,0,35,15,33,83
1314,19,48,0,16,83
1315,0,48,0,16,64
1316,33,16,0,34,83
1317,18,16,0,34,68
1321,33,34,15,19,101
1322,15,34,15,19,83
1323,0,34,15,19,68
1324,18,34,51,15,118
1325,0,34,51,15,100
1327,51,15,16,18,100
1328,0,16,19,15,50
1329,19,15,16,18,68
1331,16,18,15,22,71
1332,18,37,13,15,83
1333,0,37,13,15,65
1334,0,22,13,15,50
1335,28,34,0,36,98
1336,15,34,0,36,85
1337,34,36,15,15,100
1338,15,36,15,15,81
1339,0,36,15,15,66
1340,50,34,17,33,134
1343,0,34,17,33,84
1344,18,50,15,19,102
1345,0,50,15,19,84
1346,15,18,15,19,67
1348,0,34,16,16,66
1349,19,16,16,19,70
1350,0,16,16,19,51
1351,0,35,15,19,69
1352,19,34,17,14,84
1353,0,34,17,14,65
1356,14,35,0,15,64
1357,0,35,0,15,50
1358,19,48,51,16,134
1359,0,48,51,16,115
1360,0,33,51,16,100
1361,17,33,18,16,84
1363,18,18,16,16,68
1364,0,18,16,16,50
1365,0,32,19,32,83
1366,0,16,19,32,67
1369,18,16,0,18,52
1370,0,16,0,18,34
1371,18,16,50,34,118
1372,50,50,164,19,283
1373,15,19,16,34,84
1375,0,50,164,19,233
1376,34,16,16,20,86
1379,16,20,0,31,67
1380,0,20,0,31,51
1381,0,31,16,17,64
1382,18,33,184,17,252
1384,17,32,16,19,84
1385,0,32,16,19,67
1386,0,16,16,19,51
1387,16,19,0,17,52
1388,19,34,16,33,102
1389,17,17,16,33,83
1390,0,17,16,33,66
1391,0,49,15,19,83
1392,0,33,15,19,67
1394,0,34,17,16,67
1395,19,17,16,17,69
1396,17,33,17,16,83
1397,66,33,16,35,150
1398,17,33,49,35,134
1400,16,33,16,35,100
1402,16,51,33,15,115
1404,16,19,33,15,83
1405,19,17,16,15,67
1406,33,15,18,16,82
1407,16,15,18,16,65
1409,0,34,116,35,185
1413,19,16,49,35,119
1414,16,33,16,35,100
1416,0,16,16,35,67
1417,16,35,33,31,115
1419,19,15,18,31,83
1420,0,15,18,31,64
1422,15,16,17,19,67
1423,16,36,35,14,101
1425,0,19,35,14,68
1426,0,16,48,20,84
1427,0,33,15,20,68
1430,20,34,81,35,170
1431,0,34,81,35,150
1434,15,35,16,35,101
1435,0,35,16,35,86
1436,16,51,0,17,84
1437,16,35,0,17,68
1438,0,35,0,17,52
1439,20,17,0,16,53
1440,17,32,49,19,117
1441,0,32,49,19,100
1442,0,16,49,19,84
1443,0,34,15,19,68
1446,19,48,34,17,118
1447,48,18,16,17,99
1448,0,32,34,17,83
1449,52,17,15,19,103
1451,16,17,15,19,67
1453,0,34,15,19,68
1456,0,19,16,15,50
1457,31,34,15,19,99
1458,15,34,15,19,83
1459,0,34,15,19,68
1460,0,15,15,19,49
1461,0,34,67,15,116
1462,19,49,18,15,101
1463,0,49,18,15,82
1465,18,18,15,19,70
1466,18,34,15,18,85
1467,0,34,15,18,67
1469,0,33,16,15,64
1471,0,31,19,16,66
1472,0,15,19,16,50
1476,34,16,49,16,115
1477,19,16,49,16,100
1479,0,33,16,16,65
1480,18,32,17,19,86
1481,0,32,17,19,68
1482,0,16,17,19,52
1483,0,36,0,16,52
1484,19,31,19,15,84
1486,0,15,19,15,49
1487,19,15,19,14,67
1488,15,33,16,20,84
1491,0,36,0,16,52
1492,20,32,15,19,86
1494,0,16,15,19,50
1495,15,19,16,16,66
1496,19,32,49,19,119
1498,49,35,15,34,133
1500,18,35,15,34,102
1501,0,35,15,34,84
1502,19,49,15,19,102
1504,34,34,16,18,102
1505,19,34,16,18,87
1508,0,16,18,15,49
1509,18,15,16,19,68
1510,15,35,16,15,81
1511,35,31,19,16,101
1512,19,31,19,16,85
1513,0,31,19,16,66
1514,0,15,19,16,50
1515,35,33,50,15,133
1516,16,33,50,15,114
1518,18,34,50,15,117
1519,15,19,50,15,99
1520,0,19,50,15,84
1521,0,31,19,15,65
1522,15,34,15,20,84
1525,0,35,15,35,85
1526,20,50,14,20,104
1527,0,50,14,20,84
1528,15,20,14,20,69
1529,20,14,20,15,69
1531,0,35,51,15,101
1532,0,15,51,15,81
1533,51,15,16,19,101
1535,18,15,16,19,68
1536,15,35,49,34,133
1538,19,33,16,34,102
1540,18,50,15,20,103
1541,0,50,15,20,85
1542,15,19,15,20,69
1543,19,15,50,35,119
1544,0,15,50,35,100
1545,20,15,15,35,85
1546,0,15,15,35,65
1547,31,19,16,34,100
1548,16,19,16,34,85
1549,19,16,15,19,69
1550,0,16,15,19,50
1552,19,32,84,33,168
1553,0,32,84,33,149
1554,0,17,84,33,134
1556,50,48,16,19,133
1557,35,48,16,19,118
1558,20,48,16,19,103
1559,0,48,16,19,83
1560,15,18,16,19,68
1561,18,16,19,15,68
1562,0,16,19,15,50
1564,0,15,15,19,49
1565,0,34,16,16,66
1567,0,32,52,16,100
1569,0,34,49,18,101
1570,0,15,49,18,82
1573,0,33,16,19,68
1574,18,35,15,18,86
1575,0,35,15,18,68
1576,0,19,15,18,52
1577,0,33,15,18,66
1578,18,33,65,18,134
1580,0,18,65,18,101
1581,0,49,16,18,83
1583,35,34,15,18,102
1586,0,16,15,18,49
1587,33,35,16,15,99
1588,18,35,16,15,84
1589,35,31,17,18,101
1590,20,31,17,18,86
1591,0,31,17,18,66
1592,15,35,15,19,84
1593,0,35,15,19,69
1594,0,18,15,19,52
1595,0,34,16,35,85
1596,19,51,16,33,119
1598,35,16,13,20,84
1599,21,16,13,20,70
1600,49,31,19,15,114
1602,20,31,19,15,85
1604,15,34,16,17,82
1607,0,33,15,17,65
1608,0,17,15,17,49
1609,32,20,15,17,84
1610,17,20,15,17,69
1611,35,33,17,32,117
1614,0,16,17,32,65
1616,15,17,19,15,66
1619,15,17,19,14,65
1621,0,33,17,18,68
1623,35,34,0,16,85
1624,18,34,0,16,68
1625,0,34,0,16,50
1626,19,32,18,15,84
1627,0,32,18,15,65
1629,18,15,15,19,67
1630,15,34,0,16,65
1632,19,33,15,18,85
1633,0,33,15,18,66
1634,0,17,15,18,50
1635,15,18,84,16,133
1636,18,34,16,16,84
1641,18,16,18,16,68
1642,16,34,15,19,84
1643,0,34,15,19,68
1644,0,16,15,19,50
1645,0,34,50,15,99
1646,19,31,52,15,117
1647,0,31,52,15,98
1648,34,15,18,15,82
1651,0,33,16,18,67
1652,15,34,16,20,85
1653,0,34,16,20,70
1654,18,36,15,15,84
1655,0,36,15,15,66
1657,0,30,0,18,48
1658,0,15,0,18,33
1659,0,34,18,32,84
1660,0,16,18,32,66
1661,18,32,66,35,151
1662,14,18,66,35,133
1664,0,16,21,14,51
1665,0,35,83,16,134
1667,0,50,16,17,83
1668,51,33,52,14,150
1670,0,16,115,19,150
1671,0,33,52,14,99
1672,49,33,16,19,117
1674,51,35,16,34,136
1675,0,33,16,19,68
1676,0,14,16,19,49
1677,0,35,16,34,85
1679,0,50,0,15,65
1680,15,19,0,15,49
1681,34,35,16,33,118
1682,15,35,16,33,99
1683,16,19,16,33,84
1684,0,19,16,33,68
1685,49,16,19,17,101
1686,14,19,16,19,68
1689,0,36,16,16,68
1691,16,16,18,30,80
1693,18,30,68,16,132
1694,0,30,68,16,114
1695,17,18,18,16,69
1696,0,18,18,16,52
1697,18,16,48,19,101
1698,32,16,16,19,83
1700,0,16,16,19,51
1701,0,35,18,17,70
1702,19,35,0,13,67
1703,0,35,0,13,48
1705,0,48,15,34,97
1707,19,15,51,16,101
1708,15,34,17,16,82
1709,0,34,17,16,67
1710,18,33,19,31,101
1711,33,50,16,35,134
1712,16,50,16,35,117
1713,0,50,16,35,101
1714,13,18,16,35,82
1715,18,16,14,21,69
1716,16,35,65,19,135
1718,21,51,14,19,105
1721,20,14,19,16,69
1722,14,35,16,17,82
1724,0,16,16,17,49
1727,0,33,16,16,65
1728,18,49,19,33,119
1729,0,49,19,33,101
1731,0,17,19,33,69
1732,19,33,51,15,118
1733,0,33,51,15,99
1734,19,32,19,15,85
1735,17,15,19,15,66
1736,0,15,19,15,49
1737,0,34,50,35,119
1738,15,34,16,35,100
1739,0,34,16,35,85
1740,18,51,0,15,84
1741,0,51,0,15,66
1742,15,20,0,15,50
1743,20,15,0,16,51
1744,0,15,0,16,31
1746,0,34,0,16,50
1748,0,16,15,18,49
1749,33,19,14,36,102
1751,33,36,16,15,100
1752,0,14,86,16,116
1753,0,36,16,15,67
1754,20,31,19,16,86
1756,0,15,19,16,50
1757,69,49,16,32,166
1758,0,16,15,19,50
1759,0,34,15,34,83
1760,19,49,16,32,116
1761,0,49,16,32,97
1764,0,16,15,17,48
1765,15,34,33,18,100
1766,17,17,33,18,85
1767,0,17,33,18,68
1768,18,33,50,34,135
1770,18,34,16,34,102
1771,0,34,16,34,84
1772,19,50,16,34,119
1774,15,19,16,34,84
1776,0,16,15,19,50
1777,0,34,16,18,68
1778,19,34,48,18,119
1779,49,18,49,34,150
1780,18,33,49,34,134
1781,0,33,49,34,116
1782,0,18,49,34,101
1783,15,18,16,34,83
1785,0,50,15,18,83
1788,0,33,17,17,67
1789,18,17,17,15,67
1790,0,17,17,15,49
1791,0,32,68,15,115
1794,14,17,18,15,64
1795,17,18,66,34,135
1796,18,51,15,34,118
1797,15,36,15,34,100
1798,66,19,16,18,119
1799,20,15,15,19,69
1800,0,15,15,19,49
1803,0,34,98,18,150
1804,18,49,15,19,101
1805,31,18,15,19,83
1807,18,34,15,18,85
1808,0,34,15,18,67
1810,0,15,18,16,49
1811,18,16,16,19,69
1812,0,16,16,19,51
1813,0,35,19,17,71
1814,19,36,29,33,117
1817,29,33,50,18,130
1819,16,17,50,18,101
1821,0,34,16,18,68
1822,0,17,16,18,51
1823,0,34,16,33,83
1825,65,34,18,18,135
1826,33,16,19,15,83
1827,18,16,19,15,68
1828,16,34,18,18,86
1829,19,15,18,18,70
1833,0,30,16,19,65
1834,0,15,16,19,50
1835,67,34,18,16,135
1837,0,32,0,18,50
1839,0,34,18,16,68
1840,0,16,18,16,50
1842,32,33,0,18,83
1845,18,18,0,15,51
1846,18,50,15,17,100
1847,0,50,15,17,82
1848,0,35,15,17,67
1849,19,15,17,35,86
1850,15,52,16,15,98
1851,17,35,16,15,83
1852,0,35,16,15,66
1853,19,16,15,19,69
1854,0,16,15,19,50
1857,33,33,0,16,82
1858,32,19,0,16,67
1860,19,35,15,15,84
1861,0,35,15,15,65
1862,0,19,15,15,49
1863,15,15,16,18,64
1864,0,15,16,18,49
1866,0,18,16,19,53
1867,0,35,15,18,68
1868,0,19,15,18,52
1869,33,33,49,18,133
1870,18,33,49,18,118
1873,0,33,16,18,67
1874,19,34,132,18,203
1876,18,32,18,15,83
1877,0,32,18,15,65
1878,34,15,18,33,100
1879,18,15,18,33,84
1880,15,51,16,18,100
1881,18,33,16,18,85
1882,0,33,16,18,67
1883,18,16,18,15,67
1885,18,15,17,18,68
1886,0,15,17,18,50
1887,0,35,15,35,85
1888,18,50,15,18,101
1891,20,15,18,16,69
1893,68,50,15,19,152
1894,0,16,99,19,134
1897,31,19,15,19,84
1898,15,19,15,19,68
1899,19,15,19,15,68
1900,0,15,19,15,49
1901,19,15,84,35,153
1902,0,15,84,35,134
1903,34,34,16,35,119
1904,18,34,16,35,103
1905,0,34,16,35,85
1906,19,51,16,16,102
1907,0,51,16,16,83
1911,0,31,16,19,66
1912,31,19,48,18,116
1913,16,19,48,18,101
1914,19,32,16,18,85
1915,0,32,16,18,66
1916,17,34,16,18,85
1919,0,34,15,19,68
1922,19,31,19,14,83
1923,0,31,19,14,64
1924,15,33,17,19,84
1925,0,33,17,19,69
1926,50,49,16,34,149
1927,0,36,15,34,85
1928,34,34,16,34,118
1929,0,49,16,34,99
1930,16,18,16,34,84
1932,0,16,15,19,50
1935,0,50,16,16,82
1936,15,18,16,16,65
1939,16,33,19,16,84
1940,33,19,0,16,68
1942,0,19,0,16,35
1943,0,31,18,34,83
1944,0,15,18,34,67
1946,15,19,16,34,84
1947,19,16,15,19,69
1948,16,34,66,34,150
1951,31,18,17,34,100
1954,51,49,16,18,134
1955,0,34,16,33,83
1956,19,49,16,18,102
1957,0,49,16,18,83
1958,0,33,16,18,67
1959,52,16,100,18,186
1960,68,17,19,30,134
1961,18,16,100,18,152
1963,0,35,19,30,84
1964,0,17,19,30,66
1966,0,30,16,18,64
1967,19,16,18,16,69
1968,0,16,18,16,50
1969,0,34,0,17,51
1973,0,48,34,34,116
1976,0,19,15,34,68
1978,0,34,15,18,67
1979,18,15,50,16,99
1980,0,15,50,16,81
1982,0,16,16,16,48
1983,0,52,14,18,84
1984,16,20,14,18,68
1985,0,20,14,18,52
1987,18,16,50,34,118
1989,0,34,85,33,152
1991,31,19,16,19,85
1992,15,19,16,19,69
1993,19,16,19,33,87
1994,0,16,19,33,68
1995,0,52,16,16,84
2000,17,33,68,16,134
2001,64,20,17,16,117
2002,18,51,17,16,102
2003,31,20,17,16,84
2005,20,17,16,16,69
2006,0,17,16,16,49
2007,32,50,16,34,132
2008,0,16,66,34,116
2013,0,34,17,16,67
2014,19,33,15,19,86
2015,33,34,81,19,167
2016,0,16,15,19,50
2018,19,48,18,34,119
2019,0,48,18,34,100
2020,0,32,18,34,84
2021,19,18,15,19,71
2022,0,18,15,19,52
2023,34,50,15,18,117
2025,0,50,15,18,83
2026,0,34,15,18,67
2027,19,33,33,34,119
2028,0,33,33,34,100
2029,18,17,65,19,119
2030,0,17,65,19,101
2031,0,50,15,19,84
2032,0,34,15,19,68
2033,18,15,19,16,68
2034,0,15,19,16,50
2035,19,16,16,33,84
2037,49,17,15,19,100
2039,18,17,15,19,69
2041,0,34,81,18,133
2042,19,50,16,33,118
2043,0,50,16,33,99
2044,15,19,16,33,83
2045,19,16,15,18,68
2046,0,16,15,18,49
2047,15,18,16,19,68
2048,18,35,15,16,84
2049,0,35,15,16,66
2050,0,19,15,16,50
2052,0,16,19,15,50
2054,15,35,65,33,148
2055,0,35,65,33,133
2056,19,50,15,33,117
2057,0,50,15,33,98
2058,15,19,15,33,82
2059,19,15,15,18,67
2060,0,15,15,18,48
2061,15,18,16,19,68
2062,18,35,16,18,87
2063,0,35,16,18,69
2065,34,31,17,18,100
2066,18,31,17,18,84
2068,15,35,16,20,86
2069,17,18,16,20,71
2070,54,30,16,18,118
2072,20,30,16,18,84
2074,18,34,116,17,185
2077,50,31,19,16,116
2079,19,31,19,16,85
2080,0,31,19,16,66
2081,16,19,16,17,68
2082,52,51,15,18,136
2083,16,17,15,17,65
2085,0,51,15,18,84
2086,17,19,15,18,69
2087,0,19,15,18,52
2088,15,34,17,16,82
2089,18,16,17,16,67
2091,0,33,16,16,65
2092,16,32,100,17,165
2093,0,32,100,17,149
2095,0,35,0,16,51
2098,34,32,16,18,100
2099,33,17,16,18,84
2100,32,34,17,16,99
2101,17,34,17,16,84
2102,34,17,16,16,83
2103,18,17,16,16,67
2104,0,17,16,16,49
2106,0,16,19,15,50
2108,0,15,19,15,49
2109,0,34,16,18,68
2110,98,35,0,16,149
2111,0,34,16,33,83
2112,18,49,0,35,102
2113,0,49,0,35,84
2114,33,35,0,16,84
2115,18,35,0,16,69
2116,0,35,0,16,51
2119,16,34,0,15,65
2120,0,34,0,15,49
2121,19,15,16,18,68
2122,0,15,16,18,49
2124,18,37,13,18,86
2125,37,31,16,16,100
2126,21,31,16,16,84
2127,0,31,16,16,63
2128,18,32,50,16,116
2129,0,32,50,16,98
2130,16,35,15,16,82
2131,0,35,15,16,66
2132,20,31,16,17,84
2133,0,31,16,17,64
2134,16,50,19,15,100
2136,17,17,19,15,68
2137,36,31,16,19,102
2138,34,16,16,19,85
2139,15,16,16,19,66
2140,16,35,15,18,84
2141,0,35,15,18,68
2142,19,33,15,18,85
2144,18,33,15,18,84
2145,0,33,15,18,66
2146,18,33,15,20,86
2147,0,33,15,20,68
2148,18,35,13,19,85
2150,20,32,16,34,102
2151,0,32,16,34,82
2153,0,50,50,33,133
2155,18,34,31,18,101
2157,19,16,15,18,68
2158,0,16,15,18,49
2159,0,33,50,33,116
2160,18,34,16,33,101
2162,18,49,32,18,117
2165,18,16,51,18,103
2166,0,16,51,18,85
2169,0,35,16,34,85
2171,0,50,15,35,100
2172,15,19,15,35,84
2173,19,15,50,19,103
2174,0,15,50,19,84
2175,16,19,15,19,69
2178,19,34,129,18,200
2179,0,34,129,18,181
2180,18,31,15,16,80
2181,0,31,15,16,62
2182,0,16,15,16,47
2183,15,35,15,17,82
2185,19,32,83,18,152
2186,0,32,83,18,133
2187,17,34,16,18,85
2188,0,34,16,18,68
2189,18,34,15,18,85
2190,0,34,15,18,67
2191,51,34,16,19,120
2192,0,33,16,18,67
2195,18,16,85,15,134
2196,35,15,15,19,84
2198,0,15,15,19,49
2199,0,34,17,15,66
2201,32,34,16,19,101
2203,0,34,16,19,69
2205,35,33,66,16,150
2206,19,33,66,16,134
2207,0,33,66,16,115
2211,16,19,16,16,67
2212,19,32,0,16,67
2213,32,33,18,15,98
2214,16,33,18,15,82
2215,16,17,18,15,66
2216,0,17,18,15,50
2217,33,34,15,18,100
2218,15,34,15,18,82
2219,0,34,15,18,67
2221,33,34,16,18,101
2222,18,34,16,18,86
2223,68,33,50,35,186
2224,18,34,0,17,69
2225,0,34,0,17,51
2228,0,16,50,35,101
2229,16,18,16,35,85
2230,34,35,81,17,167
2233,35,50,16,17,118
2234,0,15,15,35,65
2236,35,16,0,17,68
2237,19,16,0,17,52
2238,0,16,0,17,33
2240,0,16,19,15,50
2241,19,15,50,16,100
2243,0,34,47,19,100
2245,0,32,15,19,66
2246,16,34,16,18,84
2247,0,34,16,18,68
2248,19,34,50,16,119
2249,0,34,50,16,100
2250,18,32,18,16,84
2251,0,32,18,16,66
2252,0,15,18,16,49
2253,34,35,15,16,100
2255,0,35,15,16,66
2256,0,19,15,16,50
2257,15,16,16,18,65
2259,0,34,15,19,68
2261,0,34,16,16,66
2265,0,34,0,16,50
2266,18,51,0,16,85
2268,0,35,0,16,51
2270,0,16,16,18,50
2273,0,33,16,33,82
2274,18,49,66,19,152
2275,0,49,66,19,134
2276,15,18,66,19,118
2277,18,17,15,19,69
2278,0,17,15,19,51
2279,15,19,34,16,84
2280,0,19,34,16,69
2281,0,34,16,16,66
2282,0,19,16,16,51
2283,16,16,16,19,67
2284,0,16,16,19,51
2285,0,35,16,15,66
2286,19,31,17,18,85
2287,0,31,17,18,66
2289,51,18,14,34,117
2290,0,18,16,18,52
2291,0,34,14,34,82
2292,0,18,14,34,66
2293,14,34,85,16,149
2294,0,34,85,16,135
2296,0,17,0,16,33
2298,0,35,17,16,68
2299,19,17,48,35,119
2300,33,16,16,35,100
2302,0,16,16,35,67
2303,0,51,17,16,84
2305,0,19,17,16,52
2306,0,17,16,31,64
2307,0,47,18,19,84
2308,31,18,66,17,132
2309,17,18,66,17,118
2311,0,49,17,17,83
2314,0,17,17,35,69
2315,17,35,33,15,100
2316,0,35,33,15,83
2317,19,17,82,16,134
2318,0,17,82,16,115
2319,16,15,86,16,133
2320,0,15,86,16,117
2321,0,35,84,16,135
2322,18,32,52,16,118
2323,0,32,52,16,100
2324,0,16,52,16,84
2325,0,35,17,16,68
2326,0,16,17,16,49
2327,0,33,48,17,98
2330,16,33,19,15,83
2331,16,17,19,15,67
2333,0,34,16,35,85
2335,32,19,16,17,84
2336,16,19,16,17,68
2337,19,16,49,19,103
2338,0,16,49,19,84
2340,0,16,16,19,51
2341,16,19,15,35,85
2342,19,50,31,35,135
2343,0,50,31,35,116
2344,51,50,0,16,117
2345,22,16,50,16,104
2347,0,50,0,16,66
2348,35,16,68,16,135
2349,19,16,68,16,119
2350,0,16,68,16,100
2353,0,35,0,16,51
2356,32,18,16,34,100
2357,15,18,16,34,83
2358,18,50,16,34,118
2360,15,19,16,34,84
2362,0,16,50,18,84
2364,19,34,15,34,102
2365,0,34,15,34,83
2366,18,49,16,18,101
2367,0,49,16,18,83
2368,15,19,16,18,68
2369,19,16,18,17,70
2371,18,17,15,18,68
2372,0,17,15,18,50
2373,0,33,0,16,49
2374,18,31,19,15,83
2375,16,15,19,15,65
2377,0,34,16,18,68
2378,15,34,0,16,65
2379,0,34,0,16,50
2381,0,34,16,19,69
2382,53,31,15,18,117
2383,16,19,118,12,165
2384,19,31,15,18,83
2385,31,33,16,38,118
2388,18,54,0,12,84
2389,0,54,0,12,66
2390,0,38,0,12,50
2391,22,12,16,18,68
2393,0,34,51,32,117
2394,18,35,16,32,101
2395,51,32,16,18,117
2397,30,18,16,18,82
2398,14,18,16,18,66
2399,18,34,16,18,86
2400,34,16,18,16,84
2401,18,16,18,16,68
2402,0,16,18,16,50
2403,0,34,16,18,68
2404,0,16,16,18,50
2405,34,50,16,33,133
2407,50,16,15,18,99
2408,15,19,16,33,83
2409,19,16,15,18,68
2410,16,33,17,34,100
2412,50,19,15,33,117
2414,15,19,15,33,82
2415,19,15,16,17,67
2416,0,15,16,17,48
2417,0,33,16,18,67
2418,17,34,16,19,86
2419,0,34,16,19,69
2420,18,35,15,34,102
2422,19,49,15,19,102
2425,19,34,15,34,102
2426,34,15,15,19,83
2427,19,15,15,19,68
2428,0,15,15,19,49
2429,15,19,0,34,68
2430,19,34,49,35,137
2431,0,34,49,35,118
2432,18,49,0,35,102
2434,15,18,0,35,68
2435,18,35,14,22,89
2439,22,13,16,19,70
2440,13,35,15,34,97
2441,35,49,15,35,134
2442,19,49,15,35,118
2444,34,15,16,19,84
2445,69,33,64,19,185
2446,0,15,16,19,50
2450,17,50,65,19,151
2451,0,50,65,19,134
2452,16,18,65,19,118
2453,18,33,32,19,102
2454,14,19,32,19,84
2456,0,16,151,16,183
2457,16,19,0,15,50
2458,19,33,15,34,101
2460,0,18,15,34,67
2461,15,34,15,19,83
2462,16,18,15,19,68
2463,52,16,15,18,101
2465,19,16,15,18,68
2469,0,51,15,18,84
2470,15,19,15,18,67
2473,18,17,65,18,118
2474,0,17,65,18,100
2477,18,33,18,32,101
2478,0,33,18,32,83
2479,18,18,13,19,68
2480,0,18,13,19,50
2481,32,34,132,34,232
2482,19,34,132,34,219
2483,34,34,48,34,150
2484,19,34,48,34,135
2485,0,34,48,34,116
2486,18,32,16,34,100
2487,0,32,16,34,82
2488,20,50,16,34,120
2489,16,34,16,34,100
2491,19,16,16,18,69
2492,0,16,16,18,50
2493,34,32,19,16,101
2495,0,32,19,16,67
2496,16,35,15,19,85
2497,0,35,15,19,69
2502,0,34,67,33,134
2503,18,16,16,19,69
2505,0,35,16,33,84
2508,33,17,16,34,100
2510,33,34,0,16,83
2511,16,34,0,16,66
2512,34,16,16,18,84
2514,0,16,16,18,50
2515,0,34,65,18,117
2516,18,50,15,18,101
2518,0,34,15,18,67
2519,18,33,0,16,67
2520,15,18,0,16,49
2523,33,34,16,19,102
2524,14,34,16,19,83
2525,0,34,16,19,69
2526,18,35,48,34,135
2527,0,35,48,34,117
2531,0,50,34,15,99
2532,16,18,34,15,83
2534,0,34,0,15,49
2536,0,15,0,17,32
2537,0,35,15,35,85
2538,0,18,15,35,68
2540,16,19,17,15,67
2541,19,17,15,33,84
2542,0,17,15,33,65
2543,0,48,19,16,83
2544,0,33,19,16,68
2547,32,34,0,15,81
2549,0,34,0,15,49
2550,19,32,18,32,101
2552,49,18,0,34,101
2553,50,34,16,35,135
2554,14,18,0,34,66
2555,18,34,16,35,103
2556,34,16,51,15,116
2557,18,16,51,15,100
2559,0,35,16,15,66
2560,19,31,50,19,119
2561,0,31,50,19,100
2562,15,35,15,19,84
2563,0,35,15,19,69
2564,0,15,15,19,49
2566,19,49,83,17,168
2567,0,49,83,17,149
2572,17,33,17,34,101
2573,0,33,17,34,84
2574,18,51,17,15,101
2575,51,17,15,34,117
2577,19,17,15,34,85
2578,0,17,15,34,66
2579,15,34,16,34,99
2581,18,16,16,18,68
2583,16,18,15,16,65
2584,18,51,31,19,119
2586,16,20,31,19,86
2587,0,20,31,19,70
2588,16,34,81,17,148
2590,19,50,15,16,100
2591,65,33,18,34,150
2592,0,34,15,16,65
2593,19,15,16,17,67
2594,31,17,18,34,100
2595,33,52,67,15,167
2596,0,17,18,34,69
2597,33,19,67,15,134
2600,0,16,16,18,50
2602,0,18,17,15,50
2603,0,32,17,17,66
2605,0,34,0,16,50
2606,17,32,16,20,85
2607,0,32,16,20,68
2608,0,16,16,20,52
2609,36,32,32,32,132
2611,0,32,32,32,96
2612,48,50,36,16,150
2614,16,50,36,16,118
2615,0,50,36,16,102
2617,0,18,36,16,70
2618,19,33,14,19,85
2620,0,16,14,19,49
2621,0,33,48,19,100
2624,31,19,16,15,81
2625,15,19,16,15,65
2626,19,31,35,16,101
2627,0,31,35,16,82
2629,0,35,0,16,51
2630,19,32,19,15,85
2631,0,32,19,15,66
2633,19,15,0,34,68
2634,15,34,51,15,115
2635,0,34,51,15,100
2636,19,35,46,20,120
2637,0,35,46,20,101
2638,17,31,15,20,83
2639,0,31,15,20,66
2642,20,31,19,15,85
2644,0,15,19,15,49
2645,19,15,83,36,153
2646,0,15,83,36,134
2648,0,19,48,36,103
2649,14,19,15,36,84
2650,19,51,31,16,117
2652,16,20,31,16,83
2653,20,31,0,16,67
2654,0,31,0,16,47
2655,18,16,19,16,69
2656,16,35,15,19,85
2657,0,35,15,19,69
2658,16,34,15,18,83
2660,19,33,16,15,83
2661,0,33,16,15,64
2662,34,15,85,16,150
2663,0,31,85,16,132
2664,15,35,0,16,66
2666,19,50,16,18,103
2667,0,50,16,18,84
2669,19,16,0,18,53
2670,0,16,0,18,34
2673,0,33,83,19,135
2674,16,34,15,19,84
2675,34,34,15,19,102
2676,18,34,15,19,86
2677,0,34,15,19,68
2680,19,31,0,34,84
2681,0,31,0,34,65
2682,18,34,15,21,88
2683,0,34,15,21,70
2685,36,31,15,19,101
2686,21,31,15,19,86
2687,0,31,15,19,65
2688,0,20,15,19,54
2691,0,33,48,18,99
2692,20,31,17,18,86
2693,0,31,17,18,66
2694,15,35,16,18,84
2696,18,34,65,34,151
2697,0,34,65,34,133
2698,18,31,16,18,83
2699,31,34,0,34,99
2700,14,34,0,34,82
2701,34,34,66,18,152
2702,18,34,66,18,136
2703,0,34,66,18,118
2704,18,52,14,18,102
2705,0,52,14,18,84
2706,17,20,14,18,69
2709,68,34,16,16,134
2710,0,16,49,19,84
2712,19,34,16,16,85
2713,0,34,16,16,66
2714,19,32,50,16,117
2715,0,32,50,16,98
2717,0,34,16,16,66
2718,18,32,16,18,84
2719,32,34,16,35,117
2720,16,34,16,35,101
2722,18,51,31,19,119
2724,15,20,31,19,85
2725,20,16,15,19,70
2727,15,19,16,16,66
2728,83,18,68,31,200
2730,16,50,68,31,165
2735,21,15,16,31,83
2737,0,47,36,15,98
2738,0,31,36,15,82
2739,17,17,19,15,68
2740,0,17,19,15,51
2742,0,15,51,32,98
2743,16,20,15,32,83
2744,0,20,15,32,67
2745,15,32,16,18,81
2747,18,34,16,35,103
2748,0,34,16,35,85
2750,0,16,16,19,51
2752,19,34,15,34,102
2753,0,34,15,34,83
2754,0,19,15,34,68
2755,15,34,16,35,100
2757,19,16,99,19,153
2758,16,35,16,33,100
2759,0,35,16,33,84
2760,20,49,15,19,103
2761,0,49,15,19,83
2763,19,15,19,16,69
2764,0,15,19,16,50
2766,0,16,14,18,48
2767,32,35,15,18,100
2771,33,34,16,15,98
2774,50,34,16,19,119
2775,31,34,16,19,100
2776,15,34,16,19,84
2777,0,34,16,19,69
2778,18,35,15,18,86
2779,16,19,15,18,68
2780,19,33,99,18,169
2781,0,33,99,18,150
2782,18,49,15,19,101
2783,0,49,15,19,83
2784,16,18,15,19,68
2785,18,34,16,18,86
2786,0,34,16,18,68
2787,19,16,18,18,71
2788,0,16,18,18,52
2789,18,18,63,18,117
2793,19,15,18,16,68
2794,15,34,16,19,84
2795,0,34,16,19,69
2797,35,50,31,19,135
2798,19,50,31,19,119
2799,0,50,31,19,100
2800,14,20,31,19,84
2802,0,16,15,19,50
2803,0,34,15,18,67
2804,0,19,15,18,52
2805,0,33,31,20,84
2806,18,31,0,20,69
2809,0,36,16,33,85
2810,16,49,15,16,96
2811,0,49,15,16,80
2812,0,33,15,16,64
2814,0,31,20,15,66
2815,16,20,15,35,86
2816,0,20,15,35,70
2817,15,35,31,19,100
2818,35,15,16,19,85
2821,16,19,64,18,117
2822,0,19,64,18,101
2823,0,49,15,18,82
2825,19,33,15,19,86
2827,18,34,0,15,67
2828,34,15,35,33,117
2831,0,35,0,33,68
2832,19,33,0,17,69
2833,0,33,0,17,50
2834,18,34,0,15,67
2836,51,51,15,16,133
2837,0,34,15,36,85
2838,0,19,15,36,70
2839,0,51,15,16,82
2841,21,15,0,16,52
2842,0,15,0,16,31
2843,0,31,34,35,100
2844,15,34,0,35,84
2845,19,15,0,35,69
2846,15,35,16,15,81
2847,0,35,16,15,66
2848,19,31,51,18,119
2849,0,31,51,18,100
2850,0,15,51,18,84
2851,0,51,0,18,69
2852,49,32,15,18,114
2853,18,18,17,15,68
2855,17,15,15,18,65
2856,48,35,0,15,98
2857,0,33,35,15,83
2859,0,35,0,15,50
2860,20,34,48,34,136
2862,0,19,48,34,101
2863,14,19,15,34,82
2865,0,49,82,34,165
2866,0,34,82,34,150
2867,18,17,15,20,70
2869,0,35,15,15,65
2870,0,20,15,15,50
2871,15,15,16,18,64
2873,0,34,16,18,68
2874,18,34,18,16,86
2876,18,34,15,19,86
2877,18,16,15,19,68
2878,16,34,33,15,98
2879,0,34,33,15,82
2880,0,19,33,15,67
2882,18,49,15,18,100
2883,0,49,15,18,82
2886,15,18,19,15,67
2887,18,19,15,15,67
2888,19,30,16,19,84
2890,0,15,16,19,50
2892,19,34,12,18,83
2896,18,20,15,16,69
2900,0,17,17,17,51
2901,0,34,16,16,66
2903,0,32,18,16,66
2904,0,16,18,16,50
2906,0,16,16,16,48
2907,32,19,15,36,102
2909,0,19,15,36,70
2910,15,36,47,19,117
2911,16,20,47,19,102
2912,20,31,16,19,86
2913,0,31,16,19,66
2914,15,35,50,16,116
2915,35,32,18,16,101
2917,0,32,18,16,66
2918,15,34,16,18,83
2920,16,34,16,16,82
2922,18,32,100,34,184
2923,0,32,100,34,166
2924,16,34,15,17,82
2925,0,34,15,17,66
2927,15,34,17,34,100
2928,17,17,17,34,85
2929,0,17,17,34,68
2930,17,34,50,31,132
2931,34,35,15,31,115
2932,18,35,15,31,99
2933,0,35,15,31,81
2934,18,46,18,18,100
2935,15,31,18,18,82
2936,15,16,18,18,67
2938,0,36,50,15,101
2941,16,19,49,17,101
2942,0,19,49,17,85
2943,15,19,15,17,66
2944,0,19,15,17,51
2946,17,34,0,36,87
2947,0,34,0,36,70
2948,18,36,0,30,84
2949,36,30,15,19,100
2952,18,34,0,16,68
2955,0,35,16,15,66
2957,0,31,0,19,50
2958,15,34,0,16,65
2959,0,34,0,16,50
2960,0,15,0,16,31
2961,0,32,0,19,51
2962,16,35,0,16,67
2963,0,35,0,16,51
2964,0,16,0,16,32
2965,16,16,16,19,67
2966,0,16,16,19,51
2968,19,33,16,33,101
2969,0,33,16,33,82
2972,15,18,15,18,66
2974,0,33,49,18,100
2975,18,34,15,18,85
2976,0,34,15,18,67
2977,18,33,16,33,100
2978,0,33,16,33,82
2980,0,16,52,15,83
2981,0,33,19,15,67
2982,17,34,51,18,120
2983,19,15,51,18,103
2984,0,15,51,18,84
2985,0,35,34,16,85
2987,34,32,17,33,116
2989,0,32,17,33,82
2990,0,16,17,33,66
2991,17,33,15,19,84
2994,0,34,0,16,50
2995,19,16,0,16,51
2996,0,16,0,16,32
2997,0,35,49,15,99
2998,0,19,49,15,83
3000,14,34,0,17,65
3001,0,34,0,17,51
3003,0,36,14,18,68
3006,18,34,64,18,134
3007,34,49,48,19,150
3009,49,33,15,19,116
3010,0,34,48,19,101
3011,67,19,31,19,136
3012,15,18,15,19,67
3014,34,16,15,19,84
3015,19,16,15,19,69
3016,16,34,16,34,100
3019,50,15,50,34,149
3020,15,19,31,19,84
3022,0,15,50,34,99
3023,16,19,83,33,151
3024,19,49,34,33,135
3026,16,18,34,33,101
3027,18,34,0,33,85
3028,0,34,0,33,67
3029,19,33,17,33,102
3031,18,17,15,18,68
3032,17,33,16,18,84
3033,0,33,16,18,67
3035,34,32,86,16,168
3036,18,32,86,16,152
3037,0,32,86,16,134
3038,0,16,86,16,118
3040,33,15,20,16,84
3041,18,15,20,16,69
3043,20,16,16,15,67
3044,0,16,16,15,47
3045,0,31,0,18,49
3047,0,33,68,16,117
3048,49,34,0,16,99
3050,16,34,0,16,66
3051,0,34,0,16,50
3052,18,34,15,19,86
3053,16,18,15,19,68
3054,0,18,15,19,52
3056,19,50,0,16,85
3058,0,34,0,16,50
3061,0,49,15,18,82
3062,34,33,17,18,102
3063,18,33,17,18,86
3064,68,16,17,15,116
3065,18,17,18,16,69
3066,51,32,66,19,168
3068,0,16,17,15,48
3071,51,34,32,34,151
3072,15,18,15,19,67
3073,18,34,32,34,118
3074,34,17,15,34,100
3075,19,17,15,34,85
3076,0,17,15,34,66
3078,0,34,34,32,100
3079,52,32,17,18,119
3082,0,32,17,18,67
3083,17,17,18,17,69
3084,0,17,18,17,52
3085,18,17,49,33,117
3086,0,17,49,33,99
3088,14,51,15,19,99
3089,0,51,15,19,85
3090,33,34,17,16,100
3093,19,17,16,15,67
3094,0,17,16,15,48
3095,0,31,17,19,67
3097,0,36,15,33,84
3098,19,48,50,18,135
3099,0,48,50,18,116
3100,0,33,50,18,101
3101,18,34,16,18,86
3103,18,16,18,17,69
3104,0,16,18,17,51
3105,18,17,47,19,101
3106,0,17,47,19,83
3107,66,49,18,15,148
3108,0,16,15,19,50
3109,15,19,18,31,83
3110,19,49,18,15,101
3111,0,49,18,15,82
3112,0,31,18,15,64
3113,18,18,15,20,71
3114,0,18,15,20,53
3116,0,20,46,18,84
3117,0,31,15,18,64
3118,0,16,15,18,49
3119,15,18,15,18,66
3121,0,33,17,34,84
3122,18,51,15,17,101
3123,0,51,15,17,83
3125,19,32,16,19,86
3126,0,32,16,19,67
3127,17,35,34,15,101
3128,0,35,34,15,84
3129,19,15,19,15,68
3130,0,15,19,15,49
3132,0,15,167,16,198
3133,34,34,64,19,151
3134,18,34,64,19,135
3136,18,48,51,16,133
3138,15,18,51,16,100
3139,18,35,16,16,85
3140,0,35,16,16,67
3142,0,16,16,19,51
3146,49,33,16,18,116
3147,0,34,15,18,67
3149,0,33,16,18,67
3150,18,34,49,34,135
3151,0,34,49,34,117
3152,18,34,15,34,101
3153,0,34,15,34,83
3155,15,34,16,34,99
3157,18,16,0,34,68
3158,16,34,17,34,101
3159,34,51,0,16,101
3161,0,51,0,16,67
3164,0,16,16,16,48
3165,16,16,0,22,54
3167,0,34,82,19,135
3168,0,12,82,19,113
3169,15,20,82,16,133
3170,20,32,15,19,86
3172,15,34,16,16,81
3175,0,32,16,19,67
3176,0,16,16,19,51
3177,0,35,16,16,67
3178,19,32,15,19,85
3180,16,34,16,34,100
3182,51,18,16,16,101
3183,0,50,16,16,82
3184,16,18,16,16,66
3185,18,16,16,34,84
3187,0,50,17,18,85
3188,34,17,0,18,69
3189,18,17,0,18,53
3192,0,16,0,17,33
3193,17,33,15,17,82
3196,0,15,51,34,100
3199,31,19,17,16,83
3201,19,17,16,16,68
3202,0,17,16,16,49
3203,0,32,16,35,83
3204,16,51,33,15,115
3206,16,19,33,15,83
3207,19,16,17,15,67
3208,0,16,17,15,48
3211,36,32,50,17,135
3212,0,20,16,16,52
3214,0,16,50,17,83
3216,19,33,16,34,102
3217,33,50,16,17,116
3218,17,50,16,17,100
3219,0,50,16,17,83
3220,0,34,16,17,67
3221,19,16,50,16,101
3222,0,16,50,16,82
3224,0,18,15,16,49
3225,31,34,51,16,132
3226,16,34,51,16,117
3227,0,34,51,16,101
3228,0,15,51,16,82
3229,0,35,16,16,67
3231,0,32,17,16,65
3232,16,33,17,35,101
3233,0,33,17,35,85
3234,16,52,14,19,101
3235,0,52,14,19,85
3236,35,33,16,16,100
3238,0,33,16,16,65
3239,19,16,16,16,67
3241,0,32,18,16,66
3242,0,16,18,16,50
3243,0,34,49,19,102
3244,16,34,15,19,84
3245,0,34,15,19,68
3247,0,34,81,19,134
3249,0,49,18,14,81
3250,0,34,18,14,66
3252,0,18,14,19,51
3256,0,16,16,18,50
3258,18,34,15,35,102
3259,0,34,15,35,84
3262,15,20,15,18,68
3263,20,15,18,16,69
3265,0,34,16,35,85
3267,0,51,16,15,82
3269,19,16,15,34,84
3270,0,16,15,34,65
3271,15,34,16,18,83
3272,34,16,18,15,83
3273,18,16,18,15,67
3274,0,16,18,15,49
3275,18,15,19,32,84
3277,0,51,22,12,85
3278,14,18,22,12,66
3279,18,22,12,16,68
3280,0,22,12,16,50
3281,0,28,19,15,62
3282,16,34,16,18,84
3283,0,34,16,18,68
3284,15,34,16,34,99
3286,18,50,16,16,100
3287,0,50,16,16,82
3288,15,19,16,16,66
3289,19,16,48,18,101
3290,0,16,48,18,82
3291,0,32,84,34,150
3293,0,34,16,18,68
3294,0,18,16,18,52
3295,0,34,16,34,84
3296,18,50,16,16,100
3297,50,16,16,18,100
3298,34,16,16,18,84
3299,19,16,16,18,69
3300,0,16,16,18,50
3301,16,18,15,19,68
3304,19,31,19,15,84
3306,15,34,16,18,83
3307,34,34,15,18,101
3309,0,34,15,18,67
3310,18,33,16,17,84
3311,0,33,16,17,66
3312,18,33,16,18,85
3314,17,34,16,18,85
3315,0,34,16,18,68
3316,18,34,100,33,185
3317,0,34,100,33,167
3318,18,32,18,34,102
3319,0,32,18,34,84
3321,18,34,16,33,101
3322,14,20,16,33,83
3324,0,16,15,18,49
3326,18,32,50,18,118
3327,0,32,50,18,100
3328,0,16,50,18,84
3330,15,33,49,19,116
3331,0,33,49,19,101
3332,18,33,16,19,86
3333,0,33,16,19,68
3334,18,35,18,15,86
3335,0,35,18,15,68
3336,19,33,15,18,85
3342,16,33,17,34,100
3343,33,51,15,17,116
3344,18,51,15,17,101
3345,0,51,15,17,83
3346,0,34,15,17,66
3348,32,17,16,19,84
3349,17,17,16,19,69
3350,0,17,16,19,52
3352,19,32,16,19,86
3353,0,32,16,19,67
3354,15,35,83,16,149
3355,35,49,16,18,118
3356,19,49,16,18,102
3357,0,49,16,18,83
3358,49,34,16,18,117
3360,16,34,16,18,84
3362,0,16,16,18,50
3364,18,32,0,17,67
3366,0,16,0,17,33
3367,0,51,50,16,117
3368,0,34,50,16,100
3369,19,15,16,19,69
3370,15,35,16,33,99
3371,16,19,16,33,84
3372,19,49,0,35,103
3373,0,49,0,35,84
3374,0,33,0,35,68
3376,67,18,65,21,171
3377,20,32,0,18,70
3378,0,32,0,18,50
3379,18,18,65,21,122
3381,0,47,18,21,86
3383,16,18,49,18,101
3384,39,16,12,18,85
3385,21,16,12,18,67
3386,0,16,12,18,46
3387,0,30,117,16,163
3388,18,33,84,16,151
3393,19,15,18,16,68
3396,0,16,16,35,67
3397,0,51,16,34,101
3398,35,16,15,19,85
3399,19,16,15,19,69
3400,0,16,15,19,50
3401,34,32,50,18,134
3402,19,32,50,18,119
3403,66,34,17,16,133
3404,15,34,16,18,83
3406,18,34,17,16,85
3407,0,34,17,16,67
3408,18,33,17,15,83
3409,17,16,17,15,65
3410,0,16,17,15,48
3411,0,32,0,19,51
3413,35,33,16,33,117
3415,0,33,16,33,82
3417,0,49,16,18,83
3419,18,34,16,16,84
3420,0,34,16,16,66
3421,18,16,16,35,85
3422,0,16,16,35,67
3423,16,35,15,17,83
3424,0,35,15,17,67
3425,18,15,17,17,67
3427,17,17,18,34,86
3428,0,17,18,34,69
3430,15,19,15,33,82
3431,19,15,99,19,152
3432,30,18,0,20,68
3434,18,51,34,16,119
3435,0,51,34,16,101
3436,0,31,34,16,81
3438,34,16,16,34,100
3439,19,16,16,34,85
3441,0,50,16,16,82
3442,0,34,16,16,66
3443,19,16,16,34,85
3444,16,50,16,18,100
3445,16,34,16,18,84
3447,18,34,16,34,102
3448,65,19,16,18,118
3450,0,16,83,16,115
3451,34,34,51,15,134
3452,19,34,51,15,119
3453,0,34,51,15,100
3454,18,31,20,15,84
3455,31,35,16,34,116
3456,0,16,20,15,51
3458,15,50,16,34,115
3459,0,50,16,34,100
3460,16,18,16,34,84
3461,18,16,15,19,68
3462,0,16,15,19,50
3463,15,19,48,19,101
3464,19,32,16,19,86
3465,0,32,16,19,67
3466,0,16,16,19,51
3467,35,33,16,17,101
3468,19,33,16,17,85
3469,0,33,16,17,66
3470,0,17,16,17,50
3473,51,15,18,16,100
3474,19,32,18,16,85
3475,17,15,18,16,66
3477,0,34,82,18,134
3478,0,16,82,18,116
3479,0,35,15,16,66
3480,0,19,15,16,50
3484,18,33,16,19,86
3485,0,33,16,19,68
3489,0,48,18,16,82
3490,14,18,18,16,66
3491,36,49,17,17,119
3492,0,18,16,33,67
3493,0,49,17,17,83
3494,0,33,17,17,67
3495,52,16,17,31,116
3496,0,17,17,16,50
3498,0,16,17,31,64
3500,31,21,15,16,83
3502,0,21,15,16,52
3505,0,33,16,19,68
3506,16,35,16,15,82
3508,19,31,18,16,84
3509,0,31,18,16,65
3510,15,34,17,16,82
3511,0,34,17,16,67
3513,0,33,17,32,82
3515,0,49,20,16,85
3520,16,33,16,18,83
3524,18,50,15,18,101
3527,18,15,18,16,67
3529,18,16,18,16,68
3530,0,16,18,16,50
3532,0,16,15,18,49
3533,15,18,15,17,65
3534,0,18,15,17,50
3537,19,34,14,19,86
3538,0,34,14,19,67
3541,19,32,34,17,102
3542,0,32,34,17,83
3543,19,17,17,17,70
3545,34,33,16,34,117
3546,0,17,15,18,50
3547,33,50,15,19,117
3550,0,34,15,19,68
3551,19,34,17,16,86
3553,19,17,16,15,67
3554,0,17,16,15,48
3555,0,31,19,15,65
3556,15,34,18,16,83
3557,0,34,18,16,68
3558,0,15,18,16,49
3559,0,34,16,35,85
3560,16,51,16,16,99
3561,0,51,16,16,83
3563,0,20,16,16,52
3564,0,16,16,16,48
3565,16,16,49,17,98
3566,0,16,49,17,82
3567,0,34,15,17,66
3568,18,32,17,18,85
3569,32,35,16,34,117
3570,17,35,16,34,102
3571,35,50,16,33,134
3572,0,18,16,34,68
3573,0,50,16,33,99
3574,0,34,16,33,83
3575,18,16,15,18,67
3576,31,18,50,18,117
3577,15,18,50,18,101
3578,18,35,15,18,86
3579,0,35,15,18,68
3582,18,34,66,33,151
3583,0,34,66,33,133
3584,19,49,17,33,118
3586,34,17,51,15,117
3587,20,17,51,15,103
3588,0,17,51,15,83
3589,0,33,18,15,66
3590,18,33,16,18,85
3594,0,18,0,16,34
3595,0,50,15,18,83
3596,34,15,52,16,117
3597,34,34,49,34,151
3598,15,34,49,34,132
3599,18,16,49,34,117
3600,0,16,49,34,99
3601,34,49,16,18,117
3602,0,16,15,34,65
3603,0,49,16,18,83
3607,18,16,15,18,67
3608,0,16,15,18,49
3609,0,33,16,18,67
3610,18,34,16,18,86
3612,18,34,15,18,85
3613,0,34,15,18,67
3615,33,34,15,19,101
3619,0,34,16,33,83
3620,19,49,148,19,235
3621,0,49,148,19,216
3622,33,34,0,16,83
3624,0,34,0,16,50
3625,19,16,16,33,84
3627,0,49,49,19,117
3629,18,34,15,19,86
3630,0,34,15,19,68
3632,0,34,33,21,88
3633,36,37,61,19,153
3635,16,21,61,19,117
3636,0,21,61,19,101
3637,0,46,50,32,128
3638,0,34,50,32,116
3640,34,16,14,18,82
3641,19,16,14,18,67
3643,14,18,16,18,66
3644,18,34,115,19,186
3645,0,34,115,19,168
3647,16,18,15,18,67
3649,15,18,0,17,50
3650,18,32,16,19,85
3651,0,32,16,19,67
3652,0,15,16,19,50
3655,0,49,16,18,83
3657,18,34,34,15,101
3658,0,34,34,15,83
3660,0,15,52,15,82
3661,0,34,18,15,67
3663,0,33,16,18,67
3664,0,15,16,18,49
3665,0,34,18,15,67
3666,18,33,0,34,85
3667,33,34,15,19,101
3668,15,34,15,19,83
3669,0,34,15,19,68
3670,18,34,82,34,168
3671,0,34,82,34,150
3672,19,33,15,19,86
3676,19,49,15,19,102
3678,15,19,15,19,68
3679,19,34,31,19,103
3680,0,34,31,19,84
3681,19,16,15,19,69
3682,0,16,15,19,50
3683,0,34,16,18,68
3684,19,34,48,33,134
3686,18,33,15,33,99
3688,13,48,0,33,94
3689,0,48,0,33,81
3690,33,33,20,15,101
3691,18,33,20,15,86
3692,0,33,20,15,68
3693,17,20,15,16,68
3696,49,52,15,33,149
3701,0,20,15,33,68
3702,0,15,50,34,99
3703,0,33,17,34,84
3704,18,51,16,16,101
3705,51,16,84,33,184
3707,19,16,84,33,152
3708,0,16,84,33,133
3713,19,33,0,16,68
3714,0,33,0,16,49
3715,19,16,33,18,86
3716,0,16,33,18,67
3717,0,51,15,18,84
3718,20,18,15,18,71
3722,0,16,16,19,51
3723,35,49,16,19,119
3724,19,49,16,19,103
3726,16,18,16,19,69
3727,18,16,51,33,118
3729,19,16,16,33,84
3731,31,18,49,19,117
3733,51,16,152,15,234
3735,18,16,152,15,201
3737,19,15,51,16,101
3739,36,31,16,19,102
3740,17,31,16,19,83
3742,16,35,50,14,115
3743,0,35,50,14,99
3744,0,19,50,14,83
3745,0,31,83,17,131
3746,0,15,83,17,115
3749,34,33,83,19,169
3752,0,17,83,19,119
3756,0,16,50,16,82
3758,0,19,15,16,50
3759,0,31,19,15,65
3760,0,16,19,15,50
3761,0,34,0,34,68
3762,15,34,15,18,82
3763,0,34,15,18,67
3764,18,33,16,18,85
3765,0,33,16,18,67
3766,18,34,0,15,67
3767,34,32,15,19,100
3768,18,32,15,19,84
3769,0,32,15,19,66
3773,0,35,16,15,66
3774,19,31,100,18,168
3778,0,35,49,18,102
3780,34,15,18,16,83
3782,0,15,18,16,49
3783,18,16,15,19,68
3784,0,16,15,19,50
3786,19,51,13,19,102
3788,0,35,13,19,67
3789,20,32,17,31,100
3790,32,17,12,19,80
3792,0,17,12,19,48
3793,0,50,16,16,82
3794,19,19,16,16,70
3795,0,19,16,16,51
3796,0,16,0,16,32
3798,0,17,0,32,49
3799,0,51,16,16,83
3800,16,19,16,16,67
3801,0,19,16,16,51
3802,16,33,15,19,83
3803,16,17,15,19,67
3804,17,34,16,17,84
3805,0,34,16,17,67
3806,19,33,65,17,134
3807,0,33,65,17,115
3808,0,17,65,17,99
3809,0,48,17,17,82
3810,32,34,16,20,102
3812,17,17,16,20,70
3813,0,17,16,20,53
3814,0,36,67,14,117
3815,20,16,17,15,68
3816,16,32,49,18,115
3817,0,32,49,18,99
3821,0,34,65,19,118
3822,18,50,15,19,102
3823,0,50,15,19,84
3825,18,34,114,18,184
3827,19,16,18,16,69
3828,0,16,18,16,50
3830,0,16,64,18,98
3832,0,34,14,18,66
3833,18,32,16,20,86
3834,0,32,16,20,68
3836,0,36,13,19,68
3837,0,20,13,19,52
3838,0,32,67,33,132
3839,0,19,67,33,119
3841,0,33,85,17,135
3843,0,51,68,15,134
3844,33,21,13,17,84
3846,51,32,17,34,134
3847,0,30,49,34,113
3849,32,51,32,34,149
3853,36,49,16,34,135
3854,32,34,16,34,116
3855,0,49,16,34,99
3856,0,34,16,34,84
3857,19,16,16,18,69
3859,0,34,49,18,101
3860,18,33,16,18,85
3861,0,33,16,18,67
3865,0,34,67,15,116
3867,0,49,68,15,132
3868,16,18,68,15,117
3869,18,18,15,16,67
3870,33,16,19,15,83
3871,15,16,19,15,65
3873,0,34,17,18,69
3875,0,35,0,16,51
3876,18,31,19,32,100
3877,0,31,19,32,82
3879,19,32,15,19,85
3880,14,18,15,19,66
3881,18,34,16,18,86
3882,0,34,16,18,68
3884,0,16,18,15,49
3885,18,15,16,19,68
3887,35,32,33,17,117
3888,19,32,33,17,101
3889,0,32,33,17,82
3890,16,33,0,17,66
3891,0,33,0,17,50
3892,0,17,0,17,34
3894,0,16,17,31,64
3895,17,31,37,15,100
3897,16,21,16,15,68
3898,0,21,16,15,52
3899,0,31,83,18,132
3900,15,35,14,19,83
3901,0,35,14,19,68
3902,0,17,14,19,50
3903,14,19,15,18,66
3904,19,33,16,34,102
3905,0,33,16,34,83
3907,0,50,32,18,100
3911,16,18,16,34,84
3912,18,50,16,16,100
3913,0,50,16,16,82
3914,15,19,16,16,66
3915,19,16,16,19,70
3916,16,35,15,19,85
3918,0,19,15,19,53
3919,34,31,16,34,115
3921,0,31,16,34,81
3924,0,34,15,18,67
3925,18,33,17,18,86
3927,18,17,18,15,68
3928,17,33,15,20,85
3929,18,15,15,20,68
3930,15,35,15,19,84
3931,0,35,15,19,69
3932,20,34,116,14,184
3933,0,34,116,14,164
3934,51,33,17,15,116
3935,0,32,15,18,65
3936,15,33,17,15,80
3937,0,33,17,15,65
3939,32,33,20,14,99
3940,15,33,20,14,82
3941,0,33,20,14,67
3942,0,14,20,14,48
3943,0,34,49,19,102
3945,0,34,49,22,105
3946,15,34,15,22,86
3947,34,37,12,16,99
3949,0,37,12,16,65
3950,22,28,19,15,84
3951,0,28,19,15,62
3952,0,16,19,15,50
3953,0,34,82,18,134
3955,0,35,16,16,67
3956,19,32,15,18,84
3957,32,33,66,19,150
3959,0,33,66,19,118
3961,32,19,66,18,135
3962,16,19,66,18,119
3963,0,19,66,18,103
3964,15,36,82,16,149
3965,0,36,82,16,134
3966,0,17,82,16,115
3967,33,31,49,18,131
3969,0,31,49,18,98
3972,16,33,17,18,84
3974,18,35,16,33,102
3976,18,49,34,16,117
3977,0,49,34,16,99
3978,14,19,34,16,83
3979,19,16,18,16,69
3980,0,16,18,16,50
3981,18,16,16,34,84
3982,16,50,15,18,99
3984,0,34,15,18,67
3986,0,33,16,19,68
3987,18,16,19,32,85
3990,0,32,15,20,67
3991,18,35,0,30,83
3994,0,30,17,35,82
3995,17,17,16,19,69
3997,0,35,16,35,86
3999,32,19,15,18,84
4000,16,19,15,18,68
4001,19,15,18,16,68
4002,0,15,18,16,49
4003,18,16,15,18,67
4004,0,16,15,18,49
4005,0,33,16,19,68
4006,18,35,15,16,84
4008,34,16,16,20,86
4009,0,31,16,20,67
4010,0,16,16,20,52
4011,0,36,15,33,84
4013,29,19,16,18,82
4015,19,16,18,17,70
4020,53,33,15,33,134
4021,34,33,15,33,115
4022,19,33,15,33,100
4024,18,48,15,19,100
4026,67,16,18,16,117
4027,19,34,16,18,87
4029,19,16,18,16,69
4031,18,16,16,19,69
4032,0,16,16,19,51
4033,0,35,15,33,83
4035,15,33,15,20,83
4036,0,33,15,20,68
4038,0,15,20,14,49
4040,0,14,51,16,81
4041,0,36,15,16,67
4042,20,31,16,34,101
4043,0,31,16,34,81
4045,0,50,85,33,168
4046,0,34,85,33,152
4047,18,19,14,33,84
4048,0,19,14,33,66
4049,0,47,19,33,99
4050,0,33,19,33,85
4051,17,19,14,19,69
4052,0,19,14,19,52
4053,0,33,34,15,82
4054,19,34,50,16,119
4055,0,34,50,16,100
4056,20,31,49,19,119
4058,0,16,49,19,84
4060,16,33,81,19,149
4061,0,33,81,19,133
4062,19,33,48,19,119
4063,0,33,48,19,100
4064,17,33,15,19,84
4065,15,18,15,19,67
4066,18,34,48,35,135
4068,19,33,65,18,135
4071,15,35,15,18,83
4072,16,19,15,18,68
4076,0,16,18,33,67
4077,18,33,16,34,101
4079,18,16,83,34,151
4081,0,34,15,19,68
4083,0,34,15,34,83
4085,0,49,0,34,83
4086,0,34,0,34,68
4087,18,34,15,19,86
4089,19,15,0,19,53
4093,0,34,17,15,66
4095,0,32,16,20,68
4096,15,36,16,17,84
4097,0,36,16,17,69
4099,0,33,48,19,100
4100,17,32,16,19,84
4101,32,35,17,15,99
4103,35,32,16,16,99
4104,19,32,16,16,83
4105,0,32,16,16,64
4106,15,32,17,16,80
4107,0,32,17,16,65
4108,16,33,0,20,69
4109,0,33,0,20,53
4110,16,34,49,20,119
4111,20,14,49,20,103
4112,14,34,83,17,148
4113,17,17,83,17,134
4115,15,20,48,17,100
4116,20,33,15,17,85
4117,0,33,15,17,65
4118,0,16,15,17,48
4120,17,50,0,16,83
4122,15,19,0,16,50
4123,19,16,19,14,68
4124,0,16,19,14,49
4126,14,35,15,19,83
4127,0,35,15,19,69
4128,15,34,14,19,82
4129,0,34,14,19,67
4130,19,33,16,32,100
4131,33,48,50,36,167
4132,19,48,50,36,153
4133,48,34,16,36,134
4134,0,32,50,36,118
4135,18,34,16,36,104
4136,34,16,52,15,117
4137,18,16,52,15,101
4138,32,20,16,15,83
4141,0,31,68,15,114
4143,0,35,33,15,83
4145,0,33,15,19,67
4147,0,34,15,33,82
4148,19,48,16,17,100
4149,48,33,0,19,100
4150,15,18,16,17,66
4151,18,33,0,19,70
4154,19,34,16,17,86
4155,0,34,16,17,67
4157,0,33,16,15,64
4159,31,33,18,16,98
4160,15,33,18,16,82
4162,0,16,18,16,50
4163,0,34,49,18,101
4164,16,33,16,18,83
4165,33,34,17,33,117
4166,18,34,17,33,102
4167,0,34,17,33,84
4168,35,33,16,35,119
4169,0,50,16,35,101
4170,0,33,16,35,84
4171,19,16,16,19,70
4174,19,32,16,34,101
4175,0,32,16,34,82
4177,0,50,66,34,150
4179,19,33,0,17,69
4180,0,33,0,17,50
4181,18,17,16,34,85
4183,0,50,35,15,100
4184,34,16,19,15,84
4185,18,16,19,15,68
4187,0,34,15,20,69
4190,20,31,49,18,118
4191,0,31,49,18,98
4192,0,14,49,18,81
4194,18,33,50,34,135
4195,0,33,50,34,117
4196,18,35,64,19,136
4197,0,35,64,19,118
4199,15,34,15,19,83
4200,16,18,15,19,68
4203,19,33,16,16,84
4204,0,33,16,16,65
4205,18,16,16,34,84
4206,0,16,16,34,66
4208,0,34,16,18,68
4209,18,16,82,18,134
4210,34,16,16,20,86
4211,0,34,16,20,70
4213,0,36,12,18,66
4214,20,48,15,18,101
4215,0,48,15,18,81
4217,0,18,15,18,51
4218,15,18,49,19,101
4219,18,34,15,19,86
4221,19,15,19,16,69
4222,15,35,16,33,99
4223,19,16,16,33,84
4225,0,49,16,33,98
4226,15,18,16,33,82
4227,18,16,16,17,67
4228,32,36,15,19,102
4229,16,36,15,19,86
4230,17,19,15,19,70
4231,53,15,16,19,103
4232,15,34,16,19,84
4236,19,49,0,16,84
4237,0,49,0,16,65
4239,19,16,16,34,85
4240,0,16,16,34,66
4243,19,16,49,19,103
4244,0,16,49,19,84
4245,18,16,15,19,68
4246,0,16,15,19,50
4247,0,34,49,18,101
4249,0,32,17,18,67
4250,16,35,83,16,150
4251,0,35,83,16,134
4252,18,50,33,16,117
4253,0,50,33,16,99
4254,0,34,33,16,83
4255,19,15,18,16,68
4256,33,16,16,34,99
4257,18,16,16,34,84
4259,0,50,32,19,101
4260,15,19,32,19,85
4262,0,16,82,18,116
4265,0,33,14,18,65
4267,14,18,51,33,116
4268,18,34,17,33,102
4269,34,50,16,35,135
4270,18,50,16,35,119
4271,0,50,16,35,101
4272,14,19,16,35,84
4274,0,16,52,15,83
4276,19,32,84,16,151
4278,15,35,0,16,66
4280,20,31,18,16,85
4281,16,15,18,16,65
4283,18,16,16,18,68
4284,16,34,17,36,103
4286,18,53,14,16,101
4287,0,53,14,16,83
4288,0,36,14,16,66
4289,22,14,16,33,85
4290,0,14,16,33,63
4293,18,33,16,19,86
4295,18,35,30,18,101
4296,35,15,15,18,83
4297,19,15,15,18,67
4298,0,15,15,18,48
4300,18,36,31,34,119
4301,17,19,31,34,101
4303,15,16,0,34,65
4308,0,16,0,16,32
4309,0,47,69,32,148
4311,16,20,15,18,69
4312,0,20,15,18,53
4315,0,48,17,18,83
4316,15,17,17,18,67
4317,17,35,16,18,86
4318,0,35,16,18,69
4320,16,34,15,20,85
4321,0,34,15,20,69
4323,0,35,15,16,66
4324,20,31,50,34,135
4326,0,16,50,34,100
4327,35,49,0,16,100
4328,19,49,0,16,84
4329,0,49,0,16,65
4331,18,16,16,18,68
4332,0,16,16,18,50
4336,0,34,15,18,67
4337,33,18,15,19,85
4338,15,18,15,19,67
4339,18,34,0,15,67
4340,0,34,0,15,49
4342,15,34,16,19,84
4343,0,34,16,19,69
4345,35,34,0,14,83
4347,0,34,0,14,48
4348,0,18,0,14,32
4349,0,49,15,19,83
4350,0,35,15,19,69
4351,19,15,19,14,67
4354,0,14,0,35,49
4357,34,32,15,18,99
4358,19,32,15,18,84
4360,49,35,16,16,116
4361,15,18,16,19,68
4362,18,35,16,16,85
4363,0,35,16,16,67
4364,19,32,15,19,85
4365,0,32,15,19,66
4366,0,16,15,19,50
4367,0,34,15,16,65
4368,19,47,85,19,170
4370,0,32,85,19,136
4371,0,16,85,19,120
4374,0,34,15,19,68
4376,34,15,83,34,166
4379,0,33,50,34,117
4380,18,34,16,34,102
4381,0,34,16,34,84
4382,18,50,32,18,118
4383,0,50,32,18,100
4385,18,16,16,18,68
4386,0,16,16,18,50
4387,0,34,16,33,83
4389,0,49,0,34,83
4390,0,33,0,34,67
4391,18,34,16,35,103
4392,0,34,16,35,85
4394,0,16,16,19,51
4397,0,50,16,16,82
4398,16,20,16,16,68
4400,32,17,16,34,99
4401,16,17,16,34,83
4404,16,18,17,16,67
4405,18,17,48,20,103
4406,0,17,48,20,85
4407,16,17,15,20,68
4408,0,17,15,20,52
4411,0,49,16,16,81
4412,0,33,16,16,65
4413,19,16,16,16,67
4414,32,16,0,36,84
4415,16,16,0,36,68
4417,0,36,16,16,68
4419,64,18,34,16,132
4420,0,16,16,34,66
4421,32,18,34,16,100
4422,16,18,34,16,84
4424,0,16,18,16,50
4425,18,16,16,34,84
4427,0,50,33,17,100
4428,16,18,33,17,84
4429,18,17,16,17,68
4430,17,33,16,35,101
4431,0,33,16,35,84
4432,17,51,16,16,100
4434,16,19,16,16,67
4435,51,35,15,34,135
4437,16,35,15,34,100
4438,0,35,15,34,84
4439,19,15,16,18,68
4442,18,34,16,18,86
4443,0,34,16,18,68
4444,18,34,64,19,135
4445,16,18,64,19,117
4446,18,49,15,19,101
4448,14,19,15,19,67
4449,19,15,84,34,152
4450,0,15,84,34,133
4451,0,36,48,34,118
4452,0,17,48,34,99
4453,0,33,15,34,82
4454,18,49,15,19,101
4455,15,34,15,19,83
4457,18,15,19,16,68
4458,0,15,19,16,50
4460,16,36,14,17,83
4461,0,36,14,17,67
4465,0,33,16,34,83
4467,0,50,17,16,83
4468,16,18,17,16,67
4469,18,17,16,34,85
4470,0,17,16,34,67
4471,0,50,0,34,84
4472,0,34,0,34,68
4473,53,15,16,19,103
4474,34,15,16,19,84
4475,19,15,16,19,69
4477,0,35,50,16,101
4480,18,35,82,19,154
4481,0,35,82,19,136
4482,16,47,19,16,98
4483,0,47,19,16,82
4484,31,19,16,19,85
4485,16,19,16,19,70
4486,0,19,16,19,54
4487,16,19,16,31,82
4488,0,19,16,31,66
4489,30,17,16,20,83
4490,14,17,16,20,67
4491,17,36,0,15,68
4492,0,36,0,15,51
4493,20,15,16,18,69
4495,0,34,15,19,68
4497,0,34,16,34,84
4498,19,50,0,16,85
4499,31,19,0,16,66
4500,15,19,0,16,50
4501,19,16,50,16,101
4502,50,32,18,16,116
4503,34,32,18,16,100
4504,19,32,18,16,85
4505,0,32,18,16,66
4506,16,34,15,19,84
4507,18,16,15,19,68
4508,0,16,15,19,50
4509,0,34,0,15,49
4510,19,33,114,19,185
4512,0,18,114,19,151
4513,0,51,31,32,114
4517,0,48,70,15,133
4518,0,32,70,15,117
4520,0,19,15,18,52
4521,0,33,18,15,66
4522,18,33,16,18,85
4523,0,33,16,18,67
4524,66,35,30,19,150
4525,0,34,17,35,86
4526,18,52,30,19,119
4527,17,35,30,19,101
4528,15,20,30,19,84
4530,0,15,15,19,49
4533,0,31,19,14,64
4536,14,34,19,15,82
4538,18,34,18,15,85
4540,15,33,15,19,82
4542,15,34,51,15,115
4543,0,34,51,15,100
4545,0,35,46,16,97
4546,19,31,15,16,81
4547,0,31,15,16,62
4548,15,51,16,18,100
4549,0,51,16,18,85
4550,0,36,16,18,70
4551,54,15,18,15,102
4552,16,33,18,15,82
4553,18,15,18,15,66
4554,0,15,18,15,48
4555,33,34,16,34,117
4556,15,34,16,34,99
4557,66,18,32,18,134
4559,0,50,32,18,100
4560,34,16,16,18,84
4561,18,16,16,18,68
4562,0,16,16,18,50
4565,19,17,16,15,67
4566,0,17,16,15,48
4567,0,31,49,35,115
4568,0,15,49,35,99
4569,0,34,15,35,84
4571,0,50,16,16,82
4572,35,16,65,18,134
4573,19,16,65,18,118
4574,0,16,65,18,99
4575,16,33,16,18,83
4576,33,34,16,18,101
4577,18,34,16,18,86
4578,34,16,18,15,83
4581,33,34,16,18,101
4582,33,16,16,18,83
4583,0,34,16,18,68
4584,0,16,16,18,50
4585,34,50,16,31,131
4587,0,50,16,31,97
4588,0,34,16,31,81
4589,18,16,15,16,65
4590,0,16,15,16,47
4591,15,36,15,18,84
4593,0,20,15,18,53
4594,15,34,15,19,83
4595,18,16,15,19,68
4596,16,34,15,19,84
4597,0,34,15,19,68
4599,0,34,49,18,101
4601,0,33,34,15,82
4603,0,34,0,15,49
4605,15,17,50,31,113
4606,0,17,50,31,98
4607,15,19,16,31,81
4608,0,19,16,31,66
4609,0,47,20,33,100
4610,15,16,20,33,84
4611,16,20,14,19,69
4612,34,19,16,37,106
4613,14,19,16,37,86
4614,19,53,30,16,118
4615,31,22,30,16,99
4616,15,22,30,16,83
4621,0,35,15,33,83
4623,0,48,17,18,83
4624,15,18,17,18,68
4625,18,17,18,17,70
4628,0,17,16,15,48
4629,31,34,16,18,99
4630,15,34,16,18,83
4631,34,34,15,19,102
4632,18,34,15,19,86
4633,34,34,15,34,117
4634,18,34,15,34,101
4635,15,19,15,34,83
4636,19,49,15,19,102
4638,0,34,15,19,68
4641,19,16,48,19,102
4642,32,18,101,15,166
4644,0,18,101,15,134
4645,14,19,16,35,84
4646,19,51,32,31,133
4647,16,35,32,31,114
4648,0,35,32,31,98
4649,19,17,15,31,82
4650,82,33,16,18,149
4652,0,31,37,15,83
4653,16,19,18,15,68
4654,0,19,18,15,52
4656,15,34,49,20,118
4657,34,34,50,16,134
4658,18,34,50,16,118
4659,0,34,50,16,100
4660,0,19,50,16,85
4662,20,31,49,35,135
4663,0,31,49,35,115
4664,16,34,15,35,100
4666,19,50,16,18,103
4667,0,50,16,18,84
4668,0,35,16,18,69
4669,19,16,18,31,84
4670,0,16,18,31,65
4671,18,31,16,19,84
4673,18,35,16,15,84
4674,35,16,50,15,116
4675,0,19,16,15,50
4676,16,35,15,15,81
4677,0,35,15,15,65
4678,0,20,15,15,50
4679,0,30,20,16,66
4680,0,15,20,16,51
4682,0,16,48,19,83
4683,0,48,0,19,67
4684,14,18,0,19,51
4686,19,31,66,19,135
4687,97,19,0,16,132
4688,0,16,66,19,101
4689,0,51,34,16,101
4690,33,34,0,16,83
4691,18,34,0,16,68
4692,15,19,0,16,50
4694,0,16,14,19,49
4695,33,33,20,17,103
4696,19,33,20,17,89
4697,0,33,20,17,70
4698,16,37,17,16,86
4701,0,33,16,17,66
4702,16,33,84,16,149
4703,33,32,52,16,133
4704,17,32,52,16,117
4705,0,32,52,16,100
4708,49,34,15,16,114
4710,16,34,15,16,81
4711,0,34,15,16,65
4714,16,33,51,17,117
4716,51,33,16,16,116
4718,16,33,16,16,81
4719,0,33,16,16,65
4721,32,35,18,18,103
4723,35,36,16,15,102
4724,16,36,16,15,83
4725,0,36,16,15,67
4726,0,18,16,15,49
4727,0,31,51,15,97
4728,47,34,16,18,115
4729,0,32,50,18,100
4731,0,34,16,18,68
4732,15,34,16,18,83
4733,0,34,16,18,68
4735,0,34,16,15,65
4737,0,31,16,19,66
4741,0,33,16,16,65
4742,18,32,50,18,118
4743,0,32,50,18,100
4745,0,35,33,16,84
4750,0,18,0,16,34
4753,0,36,48,15,99
4754,18,32,82,16,148
4759,0,35,16,16,67
4760,15,32,0,20,67
4761,32,35,49,19,135
4762,16,35,49,19,119
4763,0,35,49,19,103
4766,18,34,16,16,84
4768,51,34,0,16,101
4770,16,34,0,16,66
4771,0,34,0,16,50
4772,17,32,0,17,66
4773,0,32,0,17,49
4774,0,16,0,17,33
4775,0,33,52,18,103
4776,50,36,12,19,117
4777,34,36,12,19,101
4778,15,36,12,19,82
4779,0,36,12,19,67
4780,18,31,16,19,84
4783,16,19,0,15,50
4784,19,31,15,20,85
4785,15,16,15,20,66
4787,0,35,50,15,100
4788,20,33,17,15,85
4789,14,19,17,15,65
4791,32,34,16,17,99
4792,15,34,16,17,82
4793,0,34,16,17,67
4794,0,15,16,17,48
4795,33,34,16,15,98
4796,17,34,16,15,82
4797,0,34,16,15,65
4799,16,15,19,15,65
4804,15,34,15,16,80
4805,34,31,19,15,99
4806,18,31,19,15,83
4808,16,34,83,18,151
4810,49,33,85,15,182
4811,0,34,15,18,67
4814,18,34,16,16,84
4815,0,34,16,16,66
4816,18,32,34,16,100
4818,0,16,34,16,66
4820,15,32,19,15,81
4821,0,32,19,15,66
4823,19,15,18,16,68
4825,0,34,18,15,67
4826,0,16,18,15,49
4827,0,33,16,17,66
4828,15,33,51,15,114
4829,0,33,51,15,99
4831,0,35,16,15,66
4833,16,15,19,16,66
4834,15,35,83,15,148
4835,0,35,83,15,133
4836,16,35,14,19,84
4837,68,30,20,15,133
4838,0,20,14,19,53
4840,19,30,20,15,84
4841,0,30,20,15,65
4842,0,15,20,15,50
4845,0,35,15,18,68
4847,0,33,83,15,131
4849,0,32,16,19,67
4850,0,16,16,19,51
4853,31,35,16,18,100
4855,0,35,16,18,69
4856,0,19,16,18,53
4857,34,30,0,19,83
4859,0,30,0,19,49
4861,0,35,16,19,70
4862,0,16,16,19,51
4864,0,19,16,15,50
4867,0,33,16,18,67
4868,0,15,16,18,49
4870,18,35,16,15,84
4871,0,35,16,15,66
4872,83,34,16,16,149
4873,0,31,19,15,65
4874,0,15,19,15,49
4877,34,32,18,15,99
4881,0,33,51,17,101
4882,15,36,15,17,83
4883,0,36,15,17,68
4884,20,32,16,18,86
4885,32,34,17,13,96
4887,34,30,19,16,99
4888,18,30,19,16,83
4889,0,30,19,16,65
4890,13,35,20,14,82
4892,0,16,20,14,50
4893,0,34,52,14,100
4894,14,33,19,14,80
4895,0,33,19,14,66
4896,18,33,19,16,86
4898,14,35,16,18,83
4899,0,35,16,18,69
4900,0,16,16,18,50
4902,18,32,16,16,82
4903,0,32,16,16,64
4904,16,32,19,15,82
4906,16,34,16,19,85
4907,0,34,16,19,69
4909,0,35,15,16,66
4911,0,31,17,17,65
4912,0,16,17,17,50
4913,0,34,50,16,100
4914,17,33,17,16,83
4915,0,33,17,16,66
4917,17,16,86,15,134
4918,16,34,52,15,117
4919,0,34,52,15,101
4920,33,15,18,15,81
4921,34,33,0,16,83
4922,33,15,0,16,64
4923,33,35,16,15,99
4924,15,35,16,15,81
4925,0,35,16,15,66
4927,0,31,19,16,66
4930,16,34,15,18,83
4931,0,34,15,18,67
4932,19,33,16,16,84
4933,33,32,0,19,84
4934,18,32,0,19,69
4935,0,32,0,19,51
4937,0,34,17,15,66
4939,17,15,16,20,68
4940,15,36,31,16,98
4942,20,31,0,16,67
4943,0,31,0,16,47
4945,0,36,15,15,66
4946,0,20,15,15,50
4949,33,36,16,16,101
4951,0,36,16,16,68
4952,0,15,16,16,47
4954,0,16,50,18,84
4955,0,34,16,18,68
4956,18,34,15,19,86
4957,0,34,15,19,68
4958,18,34,99,16,167
4960,0,19,99,16,134
4962,15,35,15,19,84
4964,16,34,0,16,66
4965,0,34,0,16,50
4966,19,31,18,17,85
4967,49,17,17,15,98
4968,33,17,17,15,82
4969,18,17,17,15,67
4970,0,17,17,15,49
4972,0,15,19,17,51
4973,0,36,49,16,101
4974,0,17,49,16,82
4976,0,16,18,16,50
4977,0,34,15,20,69
4978,16,35,15,18,84
4980,0,20,15,18,53
4981,33,33,15,19,100
4982,18,33,15,19,85
4985,34,33,49,17,133
4987,0,33,49,17,99
4988,18,30,52,15,115
4989,49,17,16,15,97
4992,17,31,20,16,84
4996,0,16,16,16,48
4997,0,32,16,17,65
4998,0,16,16,17,49
4999,33,33,51,15,132
5000,17,33,51,15,116
5001,0,33,51,15,99
5002,17,33,18,15,83
5004,15,33,17,17,82
5006,0,15,17,17,49
5007,0,34,50,17,101
5010,15,32,17,16,80
5011,0,32,17,16,65
5013,0,33,20,16,69
5014,16,36,15,16,83
5018,16,36,46,19,117
5019,17,19,46,19,101
5020,19,31,51,16,117
5021,31,34,17,16,98
5022,17,34,17,16,84
5024,0,19,17,16,52
5025,0,33,16,19,68
5026,0,16,16,19,51
5027,16,19,15,16,66
5029,0,31,52,16,99
5032,0,16,19,16,51
5034,16,34,15,18,83
5035,0,34,15,18,67
5036,32,18,49,19,118
5038,18,34,15,19,86
5039,0,34,15,19,68
5040,18,34,16,14,82
5041,0,34,16,14,64
5042,19,30,16,19,84
5043,0,30,16,19,65
5044,49,33,17,15,114
5045,0,35,15,18,68
5048,18,32,17,18,85
5049,0,32,17,18,67
5050,0,15,17,18,50
5053,16,18,15,16,65
5054,18,31,18,18,85
5055,0,31,18,18,67
5056,16,36,15,16,83
5060,16,35,16,18,85
5061,35,34,82,18,169
5062,19,34,82,18,153
5064,18,34,15,14,81
5065,0,34,15,14,63
5066,18,29,19,18,84
5067,29,37,15,19,100
5068,14,37,15,19,85
5070,18,34,15,16,83
5073,0,31,16,19,66
5076,19,32,33,16,100
5077,0,32,33,16,81
5078,17,33,0,16,66
5079,0,33,0,16,49
5082,0,17,16,19,52
5083,16,19,16,15,66
5084,19,31,18,16,84
5085,0,31,18,16,65
5086,15,34,16,19,84
5087,0,34,16,19,69
5088,0,16,16,19,51
5095,0,32,19,15,66
5096,0,16,19,15,50
5098,15,35,15,19,84
5099,19,16,15,19,69
5102,19,31,19,15,84
5103,31,34,50,18,133
5104,0,15,19,15,49
5105,0,34,50,18,102
5108,19,33,15,19,86
5109,15,18,15,19,67
5110,18,34,48,15,115
5112,0,19,48,15,82
5114,33,15,17,19,84
5115,15,15,17,19,66
5116,15,36,16,18,85
5119,0,34,15,19,68
5120,18,34,47,18,117
5121,15,19,47,18,99
5122,19,31,16,18,84
5123,0,31,16,18,65
5124,16,34,17,18,85
5125,0,34,17,18,69
5126,18,35,50,15,118
5127,0,35,50,15,100
5128,18,31,49,19,117
5129,0,31,49,19,99
5131,0,34,15,19,68
5132,15,34,0,16,65
5137,16,18,16,18,68
5138,52,31,18,16,117
5139,0,34,0,16,50
5140,18,31,18,16,83
5141,0,31,18,16,65
5144,16,35,15,16,82
5145,0,35,15,16,66
5146,19,31,19,17,86
5148,35,17,0,17,69
5149,19,17,0,17,53
5150,0,17,0,17,34
5151,17,16,0,15,48
5152,0,16,0,15,31
5153,15,16,84,16,131
5154,0,16,84,16,116
5157,0,33,15,16,64
5158,18,31,50,19,118
5159,0,31,50,19,100
5160,0,16,50,19,85
5161,19,16,15,19,69
5162,16,34,16,15,81
5163,0,34,16,15,65
5164,19,31,20,15,85
5165,0,31,20,15,66
5167,35,33,18,17,103
5168,15,33,18,17,83
5169,0,33,18,17,68
5172,0,17,17,14,48
5176,0,16,17,19,52
5177,36,30,19,15,100
5178,19,30,19,15,83
5179,49,15,16,18,98
5181,19,15,16,18,68
5182,15,34,17,15,81
5183,0,34,17,15,66
5184,18,32,18,15,83
5185,32,33,19,16,100
5187,0,33,19,16,68
5188,15,35,16,18,84
5190,0,16,16,18,50
5191,0,34,15,16,65
5192,18,31,19,15,83
5193,0,31,19,15,65
5196,15,34,18,16,83
5197,34,34,65,17,150
5198,15,34,65,17,131
5199,18,16,65,17,116
5201,65,36,14,19,134
5202,0,16,18,15,49
5203,18,15,84,16,133
5205,0,36,14,19,69
5206,0,19,14,19,52
5207,14,19,15,16,64
5208,19,31,17,17,84
5209,15,16,17,17,65
5210,0,16,17,17,50
5211,0,34,0,16,50
5212,17,35,14,18,84
5215,14,18,16,19,67
5218,19,31,18,15,83
5219,0,31,18,15,64
5220,15,33,0,16,64
5221,18,15,0,16,49
5222,15,36,15,18,84
5223,0,36,15,18,69
5224,0,20,15,18,53
5225,0,33,49,17,99
5227,0,30,19,17,66
5230,17,33,49,18,117
5232,0,16,49,18,83
5233,0,34,15,18,67
5237,0,34,15,16,65
5239,0,31,18,16,65
5240,0,16,18,16,50
5241,0,34,16,19,69
5242,16,35,16,15,82
5244,19,31,19,16,85
5245,31,35,16,16,98
5246,15,35,16,16,82
5247,0,35,16,16,67
5248,0,16,16,16,48
5249,16,16,18,15,65
5251,0,33,0,20,53
5252,15,34,19,15,83
5253,0,34,19,15,68
5254,0,14,19,15,48
5256,15,32,19,15,81
5257,0,32,19,15,66
5258,0,16,19,15,50
5259,0,34,19,15,68
5260,0,15,19,15,49
5261,0,34,16,18,68
5262,0,15,16,18,49
5263,34,33,50,16,133
5266,18,34,16,16,84
5267,0,34,16,16,66
5268,0,19,16,16,51
5269,32,34,17,16,99
5271,0,34,17,16,67
5272,39,16,16,18,89
5273,17,16,16,18,67
5274,16,34,15,16,81
5275,16,18,15,16,65
5279,0,34,20,15,69
5280,15,35,15,20,85
5281,0,35,15,20,70
5285,0,29,19,16,64
5286,0,15,19,16,50
5287,0,35,89,13,137
5288,16,34,17,14,81
5289,0,34,17,14,65
5291,0,31,24,13,68
5292,0,14,24,13,51
5293,0,37,49,16,102
5295,32,33,16,17,98
5297,0,33,16,17,66
5298,0,16,16,17,49
5299,0,33,51,16,100
5302,19,32,16,17,84
5303,0,32,16,17,65
5304,16,33,17,16,82
5305,33,33,17,15,98
5306,17,33,17,15,82
5307,0,33,17,15,65
5308,0,16,17,15,48
5314,19,31,21,16,87
5315,0,31,21,16,68
5316,0,15,21,16,52
5317,0,37,16,15,68
5318,16,31,16,18,81
5319,0,31,16,18,65
5321,0,34,16,19,69
5322,18,35,15,15,83
5323,0,35,15,15,65
5324,19,30,86,15,150
5325,0,30,86,15,131
5327,0,35,15,16,66
5329,0,31,20,15,66
5331,0,35,19,15,69
5332,15,34,15,20,84
5333,0,34,15,20,69
5334,15,35,13,19,82
5338,0,19,16,15,50
5339,16,15,19,15,65
5340,0,15,19,15,49
5342,15,34,15,19,83
5343,0,34,15,19,68
5345,0,34,34,15,83
5346,19,34,0,15,68
5347,0,34,0,15,49
5349,0,35,15,15,65
5350,20,30,0,17,67
5351,15,15,0,17,47
5353,0,34,18,15,67
5354,0,17,18,15,50
5355,18,15,19,15,67
5356,15,34,16,19,84
5357,0,34,16,19,69
5358,15,35,16,14,80
5359,0,35,16,14,65
5360,49,34,16,20,119
5361,0,30,19,15,64
5362,33,15,16,20,84
5363,19,15,16,20,70
5365,36,31,16,19,102
5367,31,35,17,15,98
5368,15,35,17,15,82
5369,0,35,17,15,67
5370,0,19,17,15,51
5371,0,32,15,20,67
5373,15,20,15,18,68
5374,20,33,49,15,117
5375,33,30,54,16,133
5376,18,30,54,16,118
5378,33,15,20,16,84
5380,15,36,15,18,84
5381,20,16,15,18,69
5383,33,34,17,17,101
5384,0,18,17,17,52
5385,17,17,17,17,68
5387,17,17,16,17,67
5388,0,17,16,17,50
5390,0,17,17,15,49
5391,17,15,51,15,98
5394,14,35,19,15,83
5395,0,35,19,15,69
5397,0,34,15,19,68
5399,0,34,15,15,64
5401,0,30,21,14,65
5403,0,35,19,15,69
5406,15,33,50,18,116
5407,0,33,50,18,101
5408,0,18,50,18,86
5409,0,35,15,18,68
5412,18,37,46,15,116
5413,0,37,46,15,98
5414,0,22,46,15,83
5415,27,34,19,14,94
5416,15,34,19,14,82
5417,0,34,19,14,67
5418,15,33,50,18,116
5421,0,35,49,18,102
5422,0,19,49,18,86
5423,15,18,16,18,67
5424,18,34,16,15,83
5427,0,31,19,15,65
5428,15,34,49,20,118
5429,0,34,49,20,103
5432,50,34,16,15,115
5433,0,35,16,18,69
5434,20,34,16,15,85
5435,0,34,16,15,65
5437,0,31,18,14,63
5438,15,32,20,15,82
5439,0,32,20,15,67
5440,0,14,20,15,49
5441,20,15,15,18,68
5443,33,34,16,15,98
5444,18,34,16,15,83
5446,19,31,21,15,86
5447,0,31,21,15,67
5448,0,15,21,15,51
5449,0,36,15,15,66
5450,15,30,19,15,79
5451,0,30,19,15,64
5452,49,34,51,18,152
5453,0,34,19,15,68
5454,15,34,51,18,118
5455,19,15,51,18,103
5456,0,15,51,18,84
5457,0,35,81,19,135
5458,31,18,47,19,115
5459,16,18,47,19,100
5460,18,32,49,19,118
5461,17,15,49,19,100
5462,0,15,49,19,83
5463,0,34,15,19,68
5464,19,34,115,19,187
5465,0,34,115,19,168
5466,0,19,115,19,153
5468,14,37,48,19,118
5469,37,33,15,19,104
5470,18,33,15,19,85
5471,0,33,15,19,67
5472,0,18,15,19,52
5475,0,34,15,14,63
5476,18,29,53,15,115
5477,0,29,53,15,97
5478,0,14,53,15,82
5479,0,35,18,15,68
5480,16,33,19,14,82
5482,0,15,19,14,48
5483,33,35,15,18,101
5484,14,35,15,18,82
5485,0,35,15,18,68
5487,0,33,15,19,67
5489,0,34,49,16,99
5490,19,33,47,19,118
5491,15,18,47,19,99
5492,18,32,15,19,84
5493,0,32,15,19,66
5494,0,16,15,19,50
5495,34,35,48,15,132
5497,0,35,48,15,98
5498,19,30,53,16,118
5500,48,36,15,18,117
5502,15,36,15,18,84
5503,0,36,15,18,69
5504,0,16,15,18,49
5505,0,33,16,16,65
5506,0,18,16,16,50
5507,0,32,20,15,67
5508,0,16,20,15,51
5511,0,32,50,16,98
5512,15,32,53,15,115
5513,0,32,53,15,100
5514,0,15,53,15,83
5518,15,33,16,20,84
5519,0,33,16,20,69
5520,50,30,19,15,114
5522,20,30,19,15,84
5523,0,30,19,15,64
5524,14,34,19,15,82
5526,15,34,16,17,82
5531,35,32,15,17,99
5533,0,32,15,17,64
5534,19,32,53,15,119
5535,0,32,53,15,100
5536,17,34,19,15,85
5537,0,34,19,15,68
5538,15,34,16,18,83
5539,0,34,16,18,68
5540,0,15,16,18,49
5541,0,34,118,15,167
5543,0,34,14,19,67
5544,33,19,15,16,83
5547,15,16,20,15,66
5548,0,16,20,15,51
5551,0,34,0,15,49
5553,0,33,16,18,67
5555,34,31,18,16,99
5556,18,31,18,16,83
5557,49,16,0,19,84
5558,0,16,18,16,50
5559,18,16,0,19,53
5560,16,34,68,15,133
5561,0,34,68,15,117
5562,0,15,68,15,98
5563,15,18,16,19,68
5564,34,19,15,15,83
5567,0,30,0,19,49
5568,15,34,19,16,84
5570,0,15,19,16,50
5572,16,32,102,14,164
5573,0,32,102,14,148
5575,19,15,15,19,68
5576,0,15,15,19,49
5579,0,34,14,19,67
5580,0,19,14,19,52
5581,0,33,0,16,49
5582,0,19,0,16,35
5583,0,32,0,18,50
5584,0,16,0,18,34
5592,19,34,16,15,84
5594,19,31,0,17,67
5595,31,33,16,19,99
5596,15,33,16,19,83
5598,51,32,16,16,115
5599,35,32,16,16,99
5600,19,32,16,16,83
5601,0,32,16,16,64
5602,16,32,20,15,83
5603,0,32,20,15,67
5604,16,35,100,17,168
5605,35,32,17,20,104
5609,0,37,15,16,68
5610,20,31,33,17,101
5611,31,33,49,17,130
5613,50,16,16,17,99
5614,16,33,16,17,82
5615,33,33,16,19,101
5616,0,16,16,17,49
5617,16,17,16,19,68
5618,0,17,16,19,52
5619,0,35,15,19,69
5620,19,34,16,15,84
5621,0,34,16,15,65
5622,19,31,52,15,117
5623,0,31,52,15,98
5625,0,35,17,15,67
5626,0,15,17,15,47
5627,0,32,52,15,99
5628,0,15,52,15,82
5629,35,32,16,18,101
5630,18,32,16,18,84
5631,32,34,49,22,137
5632,15,34,49,22,120
5633,0,34,49,22,105
5634,18,34,15,22,89
5635,0,34,15,22,71
5637,0,37,28,19,84
5638,22,28,19,15,84
5639,0,28,19,15,62
5640,18,34,49,19,120
5641,19,15,49,19,102
5642,0,15,49,19,83
5643,0,34,15,19,68
5644,0,17,15,19,51
5645,15,19,15,16,65
5646,19,31,83,20,153
5647,31,34,18,16,99
5648,16,34,18,16,84
5650,15,34,15,20,84
5651,0,34,15,20,69
5652,0,16,15,20,51
5653,0,35,16,15,66
5654,0,20,16,15,51
5655,0,31,16,20,67
5656,15,36,15,16,82
5659,0,31,18,15,64
5661,0,33,16,19,68
5663,0,35,17,15,67
5664,0,19,17,15,51
5666,0,15,16,19,50
5667,0,35,15,19,69
5668,19,34,79,18,150
5669,34,33,15,16,98
5671,0,33,15,16,64
5673,15,16,49,18,98
5674,16,33,50,18,117
5675,33,34,16,18,101
5677,0,34,16,18,68
5678,52,32,18,17,119
5679,0,34,115,18,167
5680,35,15,18,17,85
5682,0,15,18,17,50
5684,17,33,49,17,116
5686,0,16,49,17,82
5687,0,33,33,14,80
5689,0,33,0,14,47
5690,0,17,0,14,31
5691,0,33,17,17,67
5692,0,19,17,17,53
5693,17,17,49,16,99
5695,0,33,16,16,65
5697,0,32,16,19,67
5698,16,35,0,15,66
5700,19,35,46,17,117
5701,15,20,46,17,98
5702,0,20,46,17,83
5703,14,16,16,17,63
5706,17,36,15,16,84
5707,0,36,15,16,67
5708,19,31,20,15,85
5710,16,35,18,15,84
5711,0,35,18,15,68
5712,0,15,18,15,48
5715,0,32,52,15,99
5716,0,15,52,15,82
5717,0,35,17,15,67
5718,0,16,17,15,48
5721,0,34,19,15,68
5723,0,34,15,19,68
5724,15,34,15,19,83
5726,19,34,15,16,84
5727,0,34,15,16,65
5728,0,19,15,16,50
5730,16,34,15,18,83
5731,0,34,15,18,67
5733,33,32,19,15,99
5734,18,32,19,15,84
5736,0,15,19,15,49
5737,34,35,51,17,137
5739,35,32,19,17,103
5741,0,32,19,17,68
5742,0,14,19,17,50
5743,0,36,16,16,68
5744,0,17,16,16,49
5745,0,32,16,15,63
5747,16,15,17,19,67
5748,0,15,17,19,51
5749,0,36,14,19,69
5750,19,33,51,14,117
5751,0,33,51,14,98
5752,19,32,19,14,84
5753,0,32,19,14,65
5754,16,33,17,18,84
5755,0,33,17,18,68
5758,18,34,114,17,183
5759,0,34,114,17,165
5760,18,31,16,19,84
5761,0,31,16,19,66
5762,15,35,16,16,82
5763,0,35,16,16,67
5765,0,32,16,17,65
5766,0,16,16,17,49
5767,33,34,16,19,102
5769,0,34,16,19,69
5770,0,15,16,19,50
5771,0,35,81,17,133
5772,0,19,81,17,117
5773,0,31,19,15,65
5774,16,34,16,17,83
5775,0,34,16,17,67
5776,15,33,84,16,148
5777,16,17,84,16,133
5778,0,17,84,16,117
5779,16,19,16,17,68
5781,0,33,16,16,65
5782,68,16,16,15,115
5783,0,32,19,16,67
5784,16,35,16,15,82
5785,0,35,16,15,66
5786,16,31,19,17,83
5788,15,36,17,14,82
5789,0,36,17,14,67
5790,17,31,19,15,82
5791,31,34,16,18,99
5793,0,34,16,18,68
5794,0,15,16,18,49
5795,0,34,18,16,68
5796,18,34,51,15,118
5797,0,34,51,15,100
5798,16,33,50,17,116
5799,0,33,50,17,100
5803,0,34,17,14,65
5804,0,17,17,14,48
5805,0,31,17,20,68
5806,0,14,17,20,51
5807,0,37,13,20,70
5809,0,33,16,15,64
5813,0,34,16,18,68
5814,0,16,16,18,50
5815,0,34,15,18,67
5816,18,33,49,18,118
5817,33,33,51,14,131
5819,0,33,51,14,98
5820,18,34,31,16,99
5821,0,34,31,16,81
5825,16,19,16,16,67
5826,0,19,16,16,51
5827,16,16,16,20,68
5828,0,16,16,20,52
5832,54,31,0,16,101
5833,0,36,0,15,51
5834,20,31,0,16,67
5835,15,16,0,16,47
5836,0,16,0,16,32
5838,0,16,16,18,50
5840,18,34,15,19,86
5841,0,34,15,19,68
5842,19,34,15,16,84
5844,0,19,15,16,50
5847,0,34,16,18,68
5848,15,34,51,15,115
5849,0,34,51,15,100
5850,18,32,19,15,84
5852,34,15,21,13,83
5853,68,32,16,20,136
5854,15,34,16,16,81
5855,0,34,16,16,66
5856,0,13,16,16,45
5857,32,36,81,17,166
5859,0,36,81,17,134
5860,0,20,81,17,118
5862,18,32,16,17,83
5863,0,32,16,17,65
5864,0,15,16,17,48
5865,16,17,16,19,68
5866,17,35,14,16,82
5867,0,35,14,16,65
5868,0,19,14,16,49
5869,0,30,18,19,67
5870,0,16,18,19,53
5871,0,37,16,14,67
5872,0,19,16,14,49
5873,0,30,51,18,99
5874,14,36,15,18,83
5875,0,36,15,18,69
5876,52,32,52,16,152
5877,0,33,16,16,65
5880,0,16,52,16,84
5881,18,15,19,16,68
5882,15,35,49,18,117
5884,0,16,49,18,83
5885,0,33,16,18,67
5887,16,18,48,19,101
5888,18,33,15,19,85
5890,17,34,15,16,82
5892,19,31,19,16,85
5895,19,16,49,17,101
5896,0,16,49,17,82
5897,17,16,16,17,66
5898,32,17,83,16,148
5899,16,17,83,16,132
5900,17,32,120,13,182
5901,0,32,120,13,165
5902,0,16,120,13,149
5903,19,15,17,16,67
5904,15,33,17,16,81
5906,16,33,20,13,82
5908,16,33,14,22,85
5909,0,33,14,22,69
5910,49,34,15,15,113
5911,36,34,15,15,100
5915,30,34,19,15,98
5916,15,34,19,15,83
5917,0,34,19,15,68
5918,0,16,19,15,50
5919,0,34,15,20,69
5920,50,31,16,19,116
5921,0,35,17,14,66
5922,20,31,16,19,86
5923,0,31,16,19,66
5924,14,35,16,18,83
5925,0,35,16,18,69
5927,0,34,47,20,101
5928,18,31,16,20,85
5930,32,20,16,14,82
5931,66,36,16,15,133
5932,20,30,21,15,86
5934,14,36,16,15,81
5935,0,36,16,15,67
5937,0,31,0,18,49
5939,0,34,19,16,69
5941,19,16,15,19,69
5942,16,34,49,17,116
5943,0,34,49,17,100
5944,19,31,18,17,85
5945,0,31,18,17,66
5946,34,17,16,16,83
5947,18,17,16,16,67
5948,17,32,51,14,114
5949,0,32,51,14,97
5950,16,32,19,14,81
5951,0,32,19,14,65
5953,33,34,52,16,135
5954,14,34,52,16,116
5955,34,34,18,16,102
5956,0,15,52,16,83
5958,0,15,18,16,49
5960,32,19,16,16,83
5962,0,19,16,16,51
5963,0,32,15,19,66
5965,0,34,15,16,65
5966,19,31,19,17,86
5967,15,16,19,17,67
5970,17,34,47,18,116
5971,0,34,47,18,99
5972,19,32,84,15,150
5973,0,32,84,15,131
5974,0,16,84,15,115
5975,15,18,51,15,99
5977,0,35,16,15,66
5978,0,19,16,15,50
5979,16,15,0,16,47
5980,15,35,31,18,99
5981,0,35,31,18,84
5982,0,19,31,18,68
5983,15,16,0,18,49
5984,16,34,18,16,84
5988,16,35,31,16,98
5990,20,31,0,16,67
5991,31,35,15,16,97
5992,15,35,15,16,81
5995,15,16,17,19,67
5998,19,32,15,17,83
