序号,发送->接收,接收->转发,转发->接收,接收->处理,总计
2,92,31,85,16,224
3,84,31,85,16,216
4,67,31,85,16,199
5,52,31,85,16,184
7,84,32,168,16,300
8,65,32,168,16,281
9,67,15,168,16,266
11,50,35,101,16,202
12,51,16,101,16,184
13,117,34,133,17,301
14,68,34,167,17,286
16,101,32,68,15,216
17,68,18,133,17,236
20,66,35,98,16,215
21,50,35,98,16,199
22,67,33,65,16,181
23,51,33,65,16,165
24,68,33,166,16,283
25,85,32,134,16,267
26,66,32,134,16,248
27,66,15,134,16,231
30,99,33,101,16,249
31,82,33,101,16,232
33,101,17,67,16,201
35,66,17,67,16,166
36,83,16,51,17,167
39,84,33,118,16,251
40,67,33,118,16,234
41,51,33,118,16,218
42,51,17,118,16,202
43,68,16,84,16,184
44,67,34,82,18,201
45,68,17,82,18,185
46,51,17,82,18,168
47,100,16,66,17,199
48,65,35,66,17,183
49,83,34,64,17,198
50,66,34,64,17,181
52,69,32,166,17,284
53,50,32,166,17,265
55,50,32,85,16,183
56,81,17,100,17,215
57,66,17,100,17,200
58,66,33,67,17,183
59,66,16,67,17,166
61,68,16,65,19,168
64,84,15,68,17,184
66,65,35,66,17,183
67,68,16,66,17,167
68,51,16,66,17,150
70,68,33,102,16,219
71,82,35,67,16,200
73,84,32,51,16,183
74,68,32,51,16,167
75,83,35,81,19,218
76,67,35,81,19,202
77,66,19,81,19,185
78,67,32,68,14,181
80,51,16,68,14,149
81,51,33,101,17,202
83,84,31,118,16,249
86,101,34,65,17,217
87,67,18,83,16,184
89,52,34,65,17,168
90,52,17,65,17,151
91,52,33,66,17,168
92,67,32,51,16,166
94,99,33,67,17,216
95,67,17,50,17,151
97,67,16,67,17,167
100,50,17,100,15,182
101,65,18,67,15,165
102,67,32,101,17,217
103,67,15,101,17,200
106,67,33,99,18,217
107,65,18,99,18,200
108,68,33,66,18,185
109,83,34,66,18,201
110,66,34,66,18,184
111,51,34,66,18,169
112,50,17,66,18,151
115,67,16,68,15,166
117,67,15,67,17,166
118,84,18,66,17,185
119,66,18,66,17,167
120,50,18,66,17,151
121,99,17,67,16,199
123,67,17,67,16,167
127,84,33,67,17,201
128,67,33,67,17,184
129,66,17,67,17,167
130,83,16,52,15,166
131,99,18,66,16,199
132,100,32,66,19,217
133,66,18,66,16,166
135,133,16,51,16,216
136,84,17,132,17,250
137,67,17,132,17,233
138,66,32,51,16,165
140,85,15,66,17,183
141,68,15,66,17,166
142,51,15,66,17,149
143,101,15,51,17,184
144,85,15,51,17,168
146,83,17,68,17,185
151,51,34,66,16,167
152,85,16,49,17,167
153,68,16,49,17,150
154,51,16,49,17,133
156,82,17,100,17,216
157,65,17,100,17,199
158,49,17,100,17,183
159,49,32,168,17,266
161,83,34,67,17,201
162,66,34,67,17,184
163,52,34,67,17,170
164,68,35,116,15,234
165,66,18,116,15,215
166,51,18,116,15,200
167,52,32,67,17,168
169,67,16,118,17,218
170,82,17,84,17,200
171,67,17,84,17,185
172,67,32,69,16,184
173,67,15,69,16,167
175,82,36,82,17,217
176,101,31,101,17,250
177,67,17,82,17,183
181,81,35,102,15,233
182,64,35,102,15,216
183,66,17,102,15,200
185,67,17,200,15,299
186,101,36,64,17,218
189,86,33,132,15,266
190,69,33,132,15,249
191,85,31,116,18,250
192,100,34,67,15,216
193,53,31,116,18,218
194,64,34,67,15,180
196,65,33,49,18,165
198,67,34,100,17,218
199,84,33,67,17,201
201,85,33,166,17,301
203,52,33,166,17,268
204,66,34,66,18,184
205,85,32,52,14,183
206,67,32,52,14,165
207,52,32,52,14,150
208,51,15,52,14,132
209,67,16,66,17,166
210,66,32,68,17,183
211,67,14,68,17,166
212,100,34,67,32,233
214,66,34,67,32,199
216,85,18,64,18,185
220,99,35,67,17,218
221,82,35,67,17,201
223,67,17,67,17,168
224,67,32,52,15,166
225,85,35,83,15,218
226,67,35,83,15,200
228,67,32,66,18,183
229,69,15,66,18,168
231,67,17,66,16,166
232,66,32,166,18,282
234,66,34,66,18,184
235,83,35,65,16,199
237,65,19,65,16,165
239,65,17,66,18,166
241,68,16,85,15,184
242,65,32,53,15,165
243,51,32,53,15,151
245,66,17,151,14,248
246,67,33,66,17,183
247,51,33,66,17,167
249,83,33,52,14,182
251,81,35,165,19,300
254,85,14,53,14,166
255,51,31,53,14,149
256,52,14,53,14,133
257,68,15,68,18,169
258,65,33,67,19,184
260,53,14,67,19,153
263,67,14,134,16,231
264,53,14,134,16,217
265,68,16,132,17,233
267,64,18,66,16,164
269,65,16,67,17,165
270,82,17,66,19,184
271,134,16,67,17,234
272,66,33,52,16,167
274,67,33,67,17,184
277,69,16,66,16,167
278,52,16,66,16,150
280,67,34,99,17,217
281,65,17,99,17,198
282,49,17,99,17,182
283,65,17,66,17,165
284,50,17,66,17,150
285,85,31,67,18,201
289,102,15,68,16,201
290,66,32,68,16,182
293,100,18,66,16,200
294,100,33,65,18,216
295,99,17,65,18,199
296,68,33,65,18,184
297,83,33,67,17,200
298,67,33,67,17,184
299,84,32,52,17,185
301,50,32,52,17,151
302,65,35,65,23,188
303,101,17,54,12,184
306,123,12,105,12,252
309,71,12,105,12,200
310,83,34,54,12,183
311,66,34,54,12,166
312,86,18,66,15,185
313,63,18,66,15,162
314,51,18,66,15,150
315,66,22,93,17,198
318,66,33,100,15,214
319,85,47,83,19,234
320,63,47,83,19,212
321,81,17,83,19,200
322,80,19,64,19,182
324,66,34,63,19,182
325,66,18,63,19,166
326,70,30,70,16,186
327,53,30,70,16,169
328,64,33,53,19,169
329,81,37,69,15,202
331,67,18,69,15,169
333,67,19,63,16,165
334,53,19,63,16,151
335,53,34,96,16,199
337,82,33,67,17,199
339,63,17,67,17,164
343,51,33,100,16,200
344,84,16,100,17,217
345,82,35,99,17,233
346,66,35,99,17,217
347,85,32,67,17,201
348,68,32,67,17,184
350,67,33,102,14,216
351,82,34,68,14,198
354,84,17,198,17,316
355,68,17,198,17,300
358,68,31,51,17,167
360,65,34,67,16,182
362,82,17,65,17,181
365,134,16,67,17,234
366,67,32,67,17,183
367,66,16,67,17,166
369,83,34,85,18,220
372,67,33,70,16,186
373,67,16,70,16,169
374,103,34,65,15,217
375,102,18,65,15,200
376,69,34,65,15,183
377,68,18,65,15,166
378,52,18,65,15,150
381,65,18,66,17,166
382,80,21,98,17,216
385,54,30,68,17,169
386,66,44,94,14,218
390,68,36,67,14,185
393,64,19,65,18,166
394,70,33,81,17,201
397,84,32,51,19,186
398,65,32,51,19,167
401,67,17,66,18,168
402,83,19,97,17,216
403,65,19,97,17,198
404,51,19,97,17,184
405,69,14,133,17,233
406,52,14,133,17,216
407,67,15,100,17,199
409,66,15,66,17,164
410,84,18,134,15,251
412,100,36,134,16,286
413,65,16,52,15,148
415,85,31,51,18,185
416,67,31,51,18,167
417,68,15,51,18,152
418,52,15,51,18,136
419,66,20,67,16,169
420,82,18,65,16,181
421,98,20,66,14,198
422,51,18,65,16,150
424,67,31,68,15,181
425,83,35,64,18,200
427,51,35,64,18,168
429,64,19,84,14,181
430,68,31,53,14,166
431,52,31,53,14,150
433,153,30,154,16,353
434,65,33,66,20,184
435,69,14,66,20,169
437,85,30,154,16,285
438,83,16,154,16,269
439,80,34,103,17,234
442,50,14,103,17,184
444,84,17,235,16,352
445,64,17,235,16,332
446,67,36,79,20,202
447,66,20,79,20,185
448,69,33,66,14,182
450,69,31,100,18,218
451,119,32,118,18,287
453,62,20,65,18,165
456,67,33,69,16,185
457,52,33,69,16,170
460,68,34,97,17,216
461,52,34,97,17,200
462,51,18,97,17,183
463,67,18,63,17,165
464,50,18,63,17,148
467,81,35,65,17,198
468,63,35,65,17,180
469,66,18,65,17,166
470,66,32,67,17,182
471,68,15,67,17,167
472,85,15,51,19,170
473,68,15,51,19,153
474,50,15,51,19,135
475,65,17,100,16,198
476,67,36,64,16,183
477,66,19,64,16,165
478,51,19,64,16,150
479,53,32,131,17,233
480,68,32,99,17,216
482,64,36,63,17,180
483,51,36,63,17,167
484,68,31,67,17,183
485,83,32,52,16,183
486,67,32,52,16,167
488,63,35,69,12,179
490,67,33,99,18,217
492,68,36,96,18,218
493,51,36,96,18,201
494,69,30,66,18,183
495,52,30,66,18,166
497,68,14,51,20,153
499,51,33,170,14,268
500,84,20,62,19,185
502,51,20,62,19,152
503,53,31,101,14,199
504,69,31,70,14,184
506,62,37,65,16,180
508,50,18,65,16,149
509,53,33,98,16,200
511,83,32,117,16,248
514,64,34,83,16,197
515,66,18,83,16,183
516,66,34,65,17,182
517,84,33,66,16,199
518,68,33,66,16,183
519,85,32,69,15,201
523,83,35,66,16,200
524,66,35,66,16,183
525,66,19,66,16,167
526,50,19,66,16,151
527,102,16,84,16,218
528,85,16,84,16,201
529,69,16,84,16,185
531,67,16,52,16,151
532,84,18,65,19,186
533,65,18,65,19,167
534,67,33,68,14,182
536,52,16,68,14,150
538,65,36,65,16,182
539,67,17,65,16,165
541,51,30,117,17,215
542,66,35,99,17,217
544,65,32,67,17,181
545,67,16,67,17,167
546,51,16,67,17,151
548,66,33,67,16,182
552,50,18,66,16,150
553,100,18,184,15,317
554,67,34,184,15,300
555,84,33,99,19,235
556,66,33,99,19,217
558,67,34,65,19,185
559,85,34,83,15,217
560,67,34,83,15,199
563,102,19,83,12,216
565,69,19,83,12,183
566,69,29,66,18,182
567,68,15,66,18,167
568,85,17,67,16,185
569,66,17,67,16,166
570,64,31,68,18,181
571,69,12,68,18,167
574,67,32,66,18,183
575,98,15,51,16,180
576,86,15,51,16,168
577,68,15,51,16,150
578,98,34,66,17,215
579,66,16,67,17,166
581,66,16,66,17,165
582,51,16,66,17,150
583,68,15,66,18,167
584,67,33,66,18,184
587,65,16,67,17,165
588,50,16,67,17,150
589,67,15,51,17,150
590,51,15,51,17,134
591,83,34,167,17,301
594,51,17,167,17,252
595,66,17,232,19,334
596,67,33,67,17,184
597,68,15,67,17,167
598,51,15,67,17,150
599,67,16,68,17,168
600,100,34,134,15,283
601,150,33,67,15,265
603,67,17,134,15,233
604,51,17,134,15,217
605,51,34,64,19,168
606,51,17,64,19,151
607,151,34,83,16,284
608,51,16,67,15,149
609,66,15,119,15,215
610,299,33,101,17,450
612,67,34,83,16,200
613,66,19,83,16,184
614,51,19,83,16,169
615,51,31,102,14,198
616,65,33,69,14,181
619,50,35,66,15,166
620,52,16,66,15,149
622,101,33,101,17,252
624,66,33,101,17,217
626,65,33,68,17,183
627,69,15,68,17,169
628,66,34,100,17,217
630,52,15,100,17,184
631,766,16,50,16,848
632,68,32,68,16,184
633,66,15,68,16,165
636,66,34,50,15,165
638,100,33,67,17,217
639,52,32,100,17,201
640,66,33,67,17,183
641,67,15,67,17,166
642,50,15,67,17,149
643,66,17,100,16,199
645,165,19,82,17,283
646,67,33,85,16,201
647,67,16,85,16,184
649,66,16,51,16,149
650,67,35,82,17,201
653,51,32,67,16,166
655,51,33,69,16,169
656,99,35,66,15,215
658,67,35,66,15,183
660,166,35,66,17,284
661,52,33,64,19,168
662,101,31,67,18,217
666,64,35,66,17,182
667,50,35,66,17,168
668,532,33,52,16,633
669,67,16,51,16,150
672,66,33,50,16,165
674,51,16,50,16,133
676,66,33,136,15,250
677,100,16,102,15,233
678,50,16,136,15,217
679,66,16,102,15,199
680,67,34,68,15,184
684,102,31,119,15,267
686,68,31,119,15,233
687,53,31,119,15,218
688,66,34,85,15,200
690,97,34,102,17,250
691,150,33,52,16,251
692,66,34,102,17,219
693,65,16,102,17,200
694,168,33,67,16,284
695,84,33,52,16,185
698,51,16,52,16,135
699,64,19,100,16,199
700,68,33,67,16,184
701,84,32,51,16,183
702,52,16,67,16,151
703,52,32,51,16,151
705,64,19,83,15,181
707,82,32,51,17,182
708,118,15,269,14,416
709,51,32,51,17,151
710,83,15,269,14,381
714,51,17,67,18,153
717,84,34,65,17,200
718,85,16,65,17,183
719,50,34,65,17,166
720,52,16,65,17,150
721,100,17,69,14,200
722,66,33,69,14,182
723,64,17,69,14,164
724,65,35,65,18,183
725,65,18,65,18,166
726,68,34,99,16,217
728,100,34,68,16,218
729,52,31,135,16,234
730,99,34,99,18,250
731,50,34,68,16,168
732,681,16,52,15,764
734,68,34,65,18,185
735,167,17,98,18,300
737,67,17,67,15,166
738,67,32,50,17,166
739,166,17,133,16,332
741,165,17,51,16,249
742,82,17,66,18,183
743,149,33,67,16,265
744,50,17,66,18,151
745,65,17,133,16,231
746,98,33,67,16,214
747,83,33,67,16,199
748,66,33,67,16,182
749,101,16,67,16,200
751,102,15,68,16,201
753,67,15,68,16,166
754,67,34,133,16,250
755,65,18,133,16,232
757,65,18,99,16,198
758,68,32,67,16,183
759,167,17,118,15,317
760,66,35,115,16,232
761,50,35,115,16,216
762,67,32,68,15,182
764,100,35,65,18,218
766,65,35,65,18,183
768,83,16,52,15,166
769,67,16,52,15,150
770,50,16,52,15,133
771,68,16,67,18,169
772,83,15,68,16,182
774,52,15,68,16,151
776,67,34,66,17,184
777,67,16,66,17,166
778,68,32,66,21,187
779,52,32,66,21,171
780,153,14,67,16,250
783,50,32,68,16,166
784,66,35,67,16,184
785,70,14,67,16,167
786,53,14,67,16,150
787,50,33,66,17,166
788,68,34,101,15,218
789,63,18,101,15,197
790,299,35,65,18,417
791,100,18,65,19,202
793,67,18,65,19,169
794,67,34,50,16,167
795,51,34,50,16,151
796,69,31,67,17,184
797,52,31,67,17,167
798,65,35,65,19,184
800,50,16,65,19,150
801,51,32,52,16,151
803,100,16,65,18,199
804,65,35,65,18,183
805,167,16,101,17,301
806,151,16,101,17,285
808,68,32,101,16,217
809,65,16,101,16,198
810,83,16,101,17,217
812,50,16,101,17,184
814,67,34,51,17,169
816,67,34,67,15,183
817,51,34,67,15,167
818,68,34,64,19,185
819,51,34,64,19,168
820,51,17,64,19,151
822,67,31,102,15,215
823,100,16,67,15,198
825,68,16,67,15,166
826,66,34,67,15,182
827,69,16,67,15,167
828,302,34,66,16,418
830,101,33,82,16,232
831,164,17,168,16,365
832,67,33,82,16,198
833,51,33,82,16,182
836,65,33,168,16,282
837,66,17,168,16,267
839,67,16,102,17,202
840,101,34,66,16,217
843,51,34,66,16,167
844,69,33,67,16,185
845,85,33,66,16,200
847,52,33,66,16,167
848,100,32,67,15,214
850,67,32,67,15,181
851,66,16,67,15,164
852,100,33,101,16,250
854,515,18,66,16,615
855,65,18,101,16,200
858,150,15,52,16,233
859,50,34,51,15,150
860,166,34,66,16,282
861,68,18,83,16,185
862,85,15,52,16,168
863,99,17,51,17,184
864,501,32,52,16,601
866,83,16,66,16,181
867,67,16,66,16,165
868,935,32,135,16,1118
870,100,34,65,19,218
871,98,18,65,19,200
872,66,34,65,19,184
873,99,16,52,15,182
875,165,18,66,16,265
876,66,33,69,15,183
877,68,15,69,15,167
879,168,16,99,16,299
881,99,17,101,17,234
883,100,16,99,16,231
885,68,16,99,16,199
887,67,19,64,16,166
888,50,19,64,16,149
889,65,18,133,17,233
891,51,32,52,16,151
893,66,18,67,17,168
894,66,34,66,16,182
897,52,33,134,15,234
898,100,33,100,16,249
902,534,31,101,16,682
903,165,17,68,15,265
904,166,33,69,15,283
905,1717,35,66,17,1835
906,68,32,66,17,183
908,99,33,69,15,216
913,50,35,100,15,200
914,68,34,98,18,218
915,84,32,66,18,200
916,69,32,66,18,185
917,52,32,66,18,168
921,101,13,52,18,184
922,66,31,52,18,167
923,152,34,66,18,270
925,152,31,101,16,300
926,83,18,65,17,183
927,83,34,66,18,201
928,170,34,83,16,303
929,170,16,83,16,285
930,51,16,66,18,151
931,100,18,99,18,235
932,100,34,83,16,233
935,68,16,83,16,183
936,101,33,101,15,250
939,64,17,101,15,197
940,65,34,67,15,181
942,51,16,67,15,149
944,67,34,84,17,202
945,98,17,52,17,184
946,67,32,52,17,168
948,66,34,100,17,217
949,67,16,100,17,200
950,84,17,99,16,216
951,51,35,99,16,201
954,68,32,66,17,183
955,99,17,150,17,283
956,99,32,102,16,249
957,65,17,150,17,249
958,66,32,102,16,216
960,66,34,133,18,251
962,66,31,53,17,167
963,50,31,53,17,151
964,102,33,67,16,218
965,101,17,67,16,201
966,68,33,67,16,184
967,66,17,67,16,166
968,53,17,67,16,153
969,101,17,64,19,201
970,65,35,64,19,183
971,67,17,64,19,167
973,51,33,98,18,200
974,68,31,102,16,217
978,67,31,102,15,215
980,169,33,66,17,285
983,52,33,133,17,235
984,68,34,99,17,218
986,67,33,66,17,183
989,68,14,51,15,148
990,166,33,67,18,284
991,69,15,67,17,168
992,66,32,52,16,166
993,97,18,68,15,198
994,51,15,52,16,134
995,64,18,68,15,165
996,67,33,67,18,185
999,51,35,65,17,168
1001,66,17,68,15,166
1002,300,35,67,16,418
1003,68,15,67,17,167
1005,85,32,68,17,202
1006,68,32,68,17,185
1007,50,32,68,17,167
1008,67,34,99,18,218
1010,66,34,65,18,183
1012,68,31,52,17,168
1013,100,16,66,18,200
1014,51,14,52,17,134
1015,166,18,65,18,267
1016,65,35,67,16,183
1017,97,17,52,17,183
1018,52,17,67,16,152
1019,65,17,52,17,151
1020,66,36,65,18,185
1022,83,17,64,17,181
1023,86,32,68,15,201
1024,299,34,67,16,416
1025,51,32,68,15,166
1026,148,17,66,17,248
1027,67,14,166,18,265
1028,100,32,66,17,215
1029,100,17,66,17,200
1030,68,32,66,17,183
1031,65,17,66,17,165
1032,68,33,65,18,184
1033,51,33,65,18,167
1034,65,33,133,16,247
1035,67,16,133,16,232
1036,98,34,67,16,215
1037,66,15,53,17,151
1038,65,34,67,16,182
1039,66,16,67,16,165
1040,66,36,65,16,183
1041,68,17,65,16,166
1042,53,17,65,16,151
1043,99,18,66,19,202
1046,65,35,65,16,181
1048,300,35,67,17,419
1049,53,31,117,17,218
1051,69,15,67,16,167
1052,65,32,51,17,165
1053,66,16,51,17,150
1054,66,35,67,16,184
1055,98,17,118,17,250
1056,67,33,118,17,235
1057,167,18,67,17,269
1061,67,16,102,17,202
1062,66,35,67,17,185
1064,284,17,117,16,434
1066,167,33,52,17,269
1068,51,16,131,19,217
1069,165,16,69,16,266
1070,164,36,117,16,333
1071,300,16,66,17,399
1072,98,33,69,16,216
1074,65,33,69,16,183
1075,300,18,65,17,400
1076,85,17,117,16,235
1078,52,17,117,16,202
1079,169,16,66,17,268
1080,102,32,52,16,202
1082,66,32,52,16,166
1083,103,16,66,17,202
1084,299,34,199,16,548
1085,68,16,66,17,167
1086,67,33,67,14,181
1087,52,33,67,14,166
1088,52,16,67,14,149
1090,298,33,69,16,416
1094,100,33,150,17,300
1095,65,18,67,17,167
1096,66,33,150,17,266
1098,68,34,199,16,317
1101,51,34,64,18,167
1102,51,17,64,18,150
1103,100,16,69,16,201
1104,65,33,69,16,183
1105,65,16,69,16,166
1106,165,34,100,16,315
1107,68,17,66,16,167
1108,51,17,66,16,150
1109,51,34,66,15,166
1110,101,34,100,16,251
1113,151,34,66,16,267
1114,100,32,100,16,248
1115,101,15,100,16,232
1116,68,32,100,16,216
1117,168,16,167,17,368
1119,51,34,66,16,167
1120,66,32,69,16,183
1121,65,16,69,16,166
1122,66,34,167,17,284
1123,66,16,167,17,266
1124,66,35,66,16,183
1125,85,32,100,17,234
1126,69,32,100,17,218
1128,84,17,100,16,217
1129,300,17,67,17,401
1130,49,17,100,16,182
1133,66,17,100,15,198
1134,100,32,134,16,282
1135,84,32,134,16,266
1137,51,32,134,16,233
1139,167,16,67,17,267
1140,66,34,66,16,182
1142,68,32,67,17,184
1143,64,17,67,17,165
1144,66,34,67,17,184
1145,69,16,67,17,169
1146,66,33,51,17,167
1147,51,33,51,17,152
1154,99,34,66,16,215
1157,84,34,66,16,200
1158,51,16,66,16,149
1159,167,17,51,17,252
1160,52,16,66,16,150
1161,149,34,65,17,265
1164,299,33,68,16,416
1168,67,34,83,17,201
1171,51,31,52,17,151
1173,65,17,100,17,199
1176,101,33,68,16,218
1177,52,32,66,17,167
1178,67,33,68,16,184
1179,150,32,51,16,249
1180,65,33,67,18,183
1182,66,35,132,16,249
1183,66,18,132,16,232
1185,51,32,51,16,150
1187,50,35,81,17,183
1189,51,32,100,16,199
1191,98,17,68,17,200
1192,298,35,66,15,414
1193,65,17,68,17,167
1195,66,17,68,16,167
1196,67,34,67,16,184
1197,85,34,65,17,201
1198,167,33,52,15,267
1199,51,34,65,17,167
1201,101,16,68,17,202
1202,67,32,68,17,184
1203,99,16,52,15,182
1204,150,15,67,17,249
1205,66,16,52,15,149
1206,65,35,66,15,181
1208,68,32,67,17,184
1209,51,32,67,17,167
1210,52,15,67,17,151
1211,100,18,68,15,201
1213,64,18,68,15,165
1216,66,35,67,14,182
1217,51,35,67,14,167
1218,83,16,67,18,184
1219,51,31,67,18,167
1220,50,16,67,18,151
1221,299,15,67,17,398
1223,52,31,67,18,168
1224,67,35,65,18,185
1225,67,17,65,18,167
1226,66,32,51,18,167
1228,166,33,67,17,283
1229,67,15,66,18,166
1230,65,36,63,20,184
1231,68,18,63,20,169
1232,51,18,63,20,152
1233,51,30,100,17,198
1235,66,15,67,17,165
1236,63,36,82,17,198
1239,68,14,101,16,199
1240,53,14,101,16,184
1242,65,34,102,16,217
1243,82,33,69,16,200
1244,51,17,102,16,186
1245,51,33,69,16,169
1246,67,34,51,15,167
1247,99,20,65,16,200
1249,65,20,65,16,166
1250,69,31,67,17,184
1251,301,16,85,18,420
1252,100,33,66,18,217
1253,484,33,168,16,701
1257,50,34,66,16,166
1258,67,32,66,18,183
1259,167,16,85,18,286
1260,66,34,66,18,184
1263,51,32,52,16,151
1264,66,34,85,18,203
1265,66,16,85,18,185
1266,66,34,51,18,169
1267,153,32,65,17,267
1268,52,16,51,18,137
1269,50,35,82,17,184
1270,69,34,97,17,217
1273,52,32,65,17,166
1274,66,33,83,17,199
1277,50,32,51,17,150
1278,98,35,66,18,217
1281,67,17,66,18,168
1283,100,17,67,16,200
1284,101,32,51,17,201
1285,66,17,67,16,166
1286,66,32,51,17,166
1287,101,16,83,16,216
1288,51,14,51,17,133
1289,68,16,83,16,183
1293,299,16,52,16,383
1297,51,33,50,17,151
1298,66,34,52,15,167
1299,284,32,69,16,401
1300,51,16,52,15,134
1301,102,15,100,18,235
1302,50,17,100,16,183
1303,68,15,100,18,201
1304,167,34,66,17,284
1306,100,34,66,18,218
1307,65,16,52,16,149
1309,66,18,66,18,168
1310,65,34,66,17,182
1311,84,32,69,16,201
1316,66,35,99,17,217
1317,101,17,66,17,201
1318,69,33,66,17,185
1319,167,16,66,19,268
1322,50,16,66,17,149
1323,66,17,67,15,165
1325,99,17,66,15,197
1327,67,17,66,15,165
1328,67,32,69,15,183
1330,66,34,66,19,185
1331,498,19,99,16,632
1332,66,35,66,15,182
1335,100,16,131,18,265
1336,66,35,131,18,250
1337,70,16,131,18,235
1338,297,34,101,15,447
1339,99,17,101,16,233
1340,50,18,98,18,184
1341,64,17,101,16,198
1343,83,33,51,15,182
1344,65,33,51,15,164
1346,66,35,65,19,185
1347,66,17,65,19,167
1348,68,31,53,15,167
1349,50,31,53,15,149
1350,51,15,53,15,134
1352,65,34,101,15,215
1354,53,15,101,15,184
1355,69,15,99,17,200
1356,53,15,99,17,184
1357,64,19,99,16,198
1359,65,17,99,16,197
1360,166,34,66,18,284
1361,67,17,101,16,201
1362,65,34,67,16,182
1364,66,33,68,17,184
1366,67,34,66,18,185
1367,66,18,66,18,168
1368,67,34,67,17,185
1369,51,34,67,17,169
1371,69,15,52,15,151
1373,85,32,101,15,233
1374,150,18,98,17,283
1375,50,32,101,15,198
1376,52,15,101,15,183
1378,66,35,98,17,216
1379,149,33,65,20,267
1380,51,18,98,17,184
1381,52,32,100,15,199
1382,67,33,67,15,182
1384,98,34,65,18,215
1385,52,33,65,20,170
1386,66,34,65,18,183
1388,67,31,103,14,215
1389,51,31,103,14,199
1391,100,18,131,17,266
1392,65,36,131,17,249
1393,68,18,131,17,234
1394,103,33,65,17,218
1395,97,19,65,17,198
1396,167,34,66,19,286
1397,65,19,65,17,166
1398,66,31,100,17,214
1399,83,34,119,16,252
1400,64,34,119,16,233
1402,65,34,66,19,184
1403,66,17,66,19,168
1405,66,16,53,16,151
1407,66,17,135,15,233
1408,85,16,67,15,183
1409,69,16,67,15,167
1410,53,16,67,15,151
1411,100,19,99,16,234
1412,301,32,68,16,417
1413,83,33,66,16,198
1414,100,32,67,19,218
1415,52,33,66,16,167
1416,68,32,67,19,186
1418,65,34,115,17,231
1419,166,18,66,17,267
1421,84,32,67,18,201
1422,86,13,67,18,184
1423,150,34,118,15,317
1424,166,34,118,16,334
1428,67,34,118,15,234
1429,50,34,118,15,217
1430,100,32,86,16,234
1431,68,17,118,16,219
1432,68,32,86,16,202
1433,66,16,86,16,184
1434,50,16,86,16,168
1436,99,35,83,17,234
1438,67,35,83,17,202
1440,53,16,83,17,169
1441,66,15,117,18,216
1442,66,35,82,18,201
1443,64,18,82,18,182
1444,66,34,132,17,249
1446,52,17,132,17,218
1447,52,31,101,17,201
1448,82,18,132,17,249
1449,65,18,132,17,232
1451,301,16,65,17,399
1453,101,17,67,16,201
1454,66,34,67,16,183
1455,67,17,67,16,167
1456,66,32,168,16,282
1457,51,32,168,16,267
1460,284,16,50,17,367
1461,51,34,131,17,233
1462,51,18,131,17,217
1464,84,16,65,17,182
1465,68,16,65,17,166
1469,98,17,67,17,199
1471,168,17,99,18,302
1475,51,33,51,17,152
1477,66,17,99,18,200
1478,166,34,66,16,282
1480,51,17,83,16,167
1481,67,16,51,16,150
1482,66,33,67,15,181
1483,66,16,67,15,164
1484,65,34,66,16,181
1487,152,33,66,16,267
1488,67,33,51,18,169
1489,82,36,82,17,217
1490,66,36,82,17,201
1491,86,33,66,16,201
1492,69,33,66,16,184
1493,54,33,66,16,169
1494,101,34,100,15,250
1495,53,32,134,15,234
1496,99,32,68,15,214
1497,84,32,68,15,199
1499,52,32,68,15,167
1500,66,32,51,16,165
1501,65,16,51,16,148
1502,1282,17,65,19,1383
1503,84,31,52,15,182
1505,52,31,52,15,150
1507,65,19,66,17,167
1508,83,15,52,17,167
1509,83,35,105,10,233
1512,83,17,71,10,181
1513,67,17,71,10,165
1514,101,39,61,17,218
1515,53,32,69,16,170
1516,166,32,69,16,283
1518,71,30,132,16,249
1520,684,18,64,18,784
1521,68,15,134,17,234
1523,700,17,68,15,800
1524,97,35,98,16,246
1525,149,33,99,17,298
1526,167,32,102,15,316
1528,69,33,65,16,183
1529,52,33,65,16,166
1531,51,33,99,17,200
1533,50,32,102,15,199
1534,65,34,83,16,198
1535,64,18,83,16,181
1536,149,16,69,16,250
1538,67,35,100,16,218
1540,68,31,69,16,184
1542,50,16,69,16,151
1543,65,18,167,16,266
1544,165,33,68,17,283
1545,50,35,65,18,168
1546,69,33,65,18,185
1548,68,32,101,17,218
1549,52,32,101,17,202
1550,65,33,68,17,183
1552,65,34,51,18,168
1553,67,16,51,18,152
1554,51,16,51,18,136
1556,68,35,64,18,185
1557,50,35,64,18,167
1558,51,18,64,18,151
1560,65,34,68,15,182
1561,65,17,68,15,165
1563,67,18,65,16,166
1564,102,33,65,19,219
1565,53,32,67,15,167
1566,150,16,68,16,250
1568,99,31,68,16,214
1569,66,18,99,16,199
1570,67,31,68,16,182
1571,102,15,66,18,201
1572,99,34,65,19,217
1573,100,17,65,19,201
1576,51,17,65,19,152
1579,82,35,51,16,184
1582,52,16,51,16,135
1583,68,17,64,19,168
1585,99,16,53,13,181
1586,99,33,85,16,233
1590,268,30,53,16,367
1591,69,13,52,16,150
1592,53,13,52,16,134
1593,99,16,84,18,217
1596,52,16,84,18,170
1597,103,16,98,19,236
1600,68,34,64,19,185
1601,86,30,53,16,185
1603,50,30,53,16,149
1604,98,35,100,15,248
1606,99,31,69,15,214
1607,67,16,100,15,198
1608,53,16,100,15,184
1609,102,16,101,15,234
1611,97,19,67,15,198
1613,64,19,67,15,165
1615,166,17,100,18,301
1616,285,13,51,18,367
1617,51,35,85,16,187
1618,67,31,54,16,168
1619,52,31,54,16,153
1621,84,35,65,18,202
1623,51,35,65,18,169
1624,54,16,65,18,153
1625,168,15,116,18,317
1626,68,32,66,16,182
1629,170,14,67,17,268
1630,50,13,51,18,132
1632,82,18,82,18,200
1633,64,18,82,18,182
1634,51,18,82,18,169
1635,68,14,67,17,166
1636,100,34,67,17,218
1637,1468,16,67,16,1567
1639,63,18,67,17,165
1640,67,32,67,19,185
1641,100,18,83,15,216
1642,66,35,83,15,199
1643,67,18,83,15,183
1644,84,15,51,15,165
1645,101,16,166,16,299
1647,69,16,166,16,267
1648,83,15,67,17,182
1649,66,15,67,17,165
1653,166,16,67,18,267
1654,300,33,134,18,485
1655,66,17,50,16,149
1657,64,18,66,16,164
1658,68,32,67,18,185
1659,67,16,67,18,168
1660,50,16,67,18,151
1661,100,17,66,18,201
1662,66,33,66,18,183
1664,67,34,65,19,185
1665,83,32,86,15,216
1667,169,15,99,17,300
1668,66,33,134,18,251
1669,100,17,232,17,366
1670,50,15,134,18,217
1672,52,17,232,17,318
1674,53,15,99,17,184
1675,165,18,66,17,266
1677,64,17,68,16,165
1678,534,32,68,16,650
1679,50,33,51,18,152
1681,67,18,66,17,168
1683,66,18,66,15,165
1684,51,18,66,15,150
1685,52,32,134,16,234
1686,66,34,65,17,182
1689,85,31,51,17,184
1690,68,31,51,17,167
1692,65,35,66,16,182
1695,51,33,134,15,233
1696,51,17,134,15,217
1697,100,18,67,15,200
1698,66,34,67,15,182
1700,67,32,68,17,184
1701,52,32,68,17,169
1702,53,13,68,17,151
1703,150,33,51,16,250
1704,50,17,65,17,149
1705,63,18,65,19,165
1707,166,16,68,16,266
1708,299,32,67,18,416
1709,50,33,51,16,150
1710,65,35,64,21,185
1711,67,16,64,21,168
1712,84,16,68,16,184
1713,67,16,68,16,167
1714,51,16,68,16,151
1715,515,33,51,16,615
1716,85,15,66,16,182
1717,69,15,66,16,166
1718,53,15,66,16,150
1719,51,32,66,17,166
1720,52,16,66,17,151
1721,65,16,67,16,164
1722,66,32,67,18,183
1724,101,32,52,17,202
1726,67,32,52,17,168
1727,51,32,52,17,152
1728,286,15,84,16,401
1731,68,17,65,20,170
1732,52,17,65,20,154
1734,67,33,69,16,185
1737,51,35,216,16,318
1738,53,15,216,16,300
1739,101,15,84,16,216
1740,300,33,118,16,467
1741,113,34,68,16,231
1742,50,15,84,16,165
1743,101,16,68,16,201
1745,66,16,68,16,166
1746,51,16,68,16,151
1747,67,16,118,15,216
1748,85,17,83,15,200
1749,67,17,83,15,182
1751,100,16,85,15,216
1753,66,16,85,15,182
1754,98,33,167,18,316
1755,67,15,118,16,216
1756,99,34,51,16,200
1757,66,16,167,18,267
1758,66,34,51,16,167
1759,67,15,51,16,149
1760,52,15,51,16,134
1763,166,16,65,19,266
1764,67,32,152,17,268
1765,69,14,152,17,252
1766,51,14,152,17,234
1767,66,16,67,16,165
1768,66,34,65,19,184
1769,82,33,118,15,248
1770,52,16,65,19,152
1772,99,36,100,16,251
1774,65,36,100,16,217
1775,67,17,100,16,200
1777,52,33,67,16,168
1778,285,15,70,15,385
1779,82,35,66,16,199
1781,49,35,66,16,166
1782,50,17,66,16,149
1783,50,33,131,20,234
1785,66,17,118,15,216
1786,66,32,136,15,249
1787,66,16,136,15,233
1789,68,16,101,15,200
1791,552,32,51,16,651
1793,67,15,66,18,166
1794,51,15,66,18,150
1795,65,20,65,18,168
1797,65,16,52,15,148
1798,50,16,52,15,133
1799,69,16,67,18,170
1800,65,33,52,15,165
1801,68,15,52,15,150
1802,52,15,52,15,134
1803,67,16,133,16,232
1806,52,15,67,16,150
1807,99,17,67,18,201
1808,67,33,67,18,185
1810,50,17,67,18,152
1811,51,33,135,14,233
1812,66,34,184,16,300
1813,66,18,184,16,284
1814,85,16,67,14,182
1817,52,31,119,16,218
1818,101,32,51,16,200
1819,65,18,64,19,166
1823,67,15,101,17,200
1825,69,16,66,17,168
1826,51,16,66,17,150
1828,67,34,67,15,183
1829,67,15,67,15,164
1830,66,33,67,17,183
1832,51,16,67,17,151
1833,64,18,50,17,149
1834,67,33,99,19,218
1835,65,18,99,19,201
1838,50,17,65,19,151
1839,52,34,64,19,169
1840,68,31,52,17,168
1842,98,36,114,19,267
1843,50,33,69,17,169
1844,166,33,64,19,282
1847,50,33,100,16,199
1848,102,33,64,19,218
1850,99,34,65,18,216
1851,300,17,67,17,401
1852,66,34,65,18,183
1854,67,30,103,17,217
1855,100,16,85,16,217
1856,99,34,134,16,283
1857,68,16,85,16,185
1858,65,34,134,16,249
1859,67,16,134,16,233
1860,53,16,134,16,219
1861,101,16,67,16,200
1862,51,17,83,17,168
1863,67,16,67,16,166
1864,51,16,67,16,150
1865,66,17,67,17,167
1866,100,33,65,17,215
1867,83,33,65,17,198
1868,67,33,65,17,182
1869,51,33,65,17,166
1870,67,33,65,19,184
1872,66,32,52,15,165
1873,50,32,52,15,149
1875,65,16,102,17,200
1876,65,34,101,16,216
1878,52,15,101,16,184
1879,101,17,66,16,200
1880,68,34,66,16,184
1881,66,17,66,16,165
1882,51,17,66,16,150
1883,51,33,118,15,217
1884,67,33,85,15,200
1885,66,17,85,15,183
1886,66,32,53,15,166
1887,65,16,53,15,149
1888,65,37,98,18,218
1889,69,17,98,18,202
1890,52,17,98,18,185
1891,101,21,113,17,252
1892,106,29,66,18,219
1893,164,17,84,17,282
1894,69,29,66,18,182
1895,53,29,66,18,166
1896,67,33,100,17,217
1897,151,32,51,17,251
1899,69,17,84,17,187
1900,167,34,98,17,316
1901,83,32,51,17,183
1902,51,17,66,17,151
1904,67,34,66,17,184
1905,66,17,66,17,166
1906,66,34,98,17,215
1907,85,32,66,17,200
1908,51,17,98,17,183
1909,51,32,66,17,166
1911,99,16,52,15,182
1912,66,32,52,15,165
1913,99,16,135,17,267
1914,66,33,135,17,251
1915,166,18,66,16,266
1917,49,34,68,17,168
1918,52,15,68,17,152
1919,68,16,67,17,168
1923,50,33,65,17,165
1924,166,34,68,15,283
1926,166,33,67,18,284
1927,65,16,68,17,166
1928,65,34,51,16,166
1930,100,33,67,18,218
1932,168,33,52,16,269
1933,68,16,67,18,169
1934,167,33,117,16,333
1936,100,33,52,16,201
1938,100,33,117,16,266
1940,65,33,117,16,231
1944,52,16,249,16,333
1945,50,31,51,16,148
1946,66,36,65,18,185
1948,67,31,52,16,166
1949,82,34,66,18,200
1951,102,16,67,16,201
1955,100,17,82,19,218
1957,66,17,82,19,184
1958,67,32,69,16,184
1959,51,32,69,16,168
1960,101,35,97,18,251
1961,165,18,83,17,283
1962,82,19,97,18,216
1964,69,31,117,17,234
1965,69,15,117,17,218
1967,66,18,83,17,184
1969,63,18,51,17,149
1970,66,35,83,16,200
1971,68,17,83,16,184
1972,67,33,66,19,185
1974,51,17,66,19,153
1975,68,16,83,17,184
1976,83,16,51,17,167
1978,66,35,66,16,183
1980,83,17,100,16,216
1981,51,33,100,16,200
1982,51,17,100,16,184
1985,167,15,51,16,249
1986,66,34,65,19,184
1987,51,34,65,19,169
1988,99,33,51,16,199
1989,67,16,69,15,167
1990,150,16,68,16,250
1991,101,17,81,18,217
1992,167,33,83,17,300
1993,68,17,81,18,184
1994,52,17,81,18,168
1997,64,19,65,17,165
1999,66,18,83,17,184
2000,68,32,51,17,168
2001,52,32,51,17,152
2002,884,14,118,18,1034
2003,284,34,165,18,501
2004,66,34,100,15,215
2005,67,17,100,15,199
2006,51,17,100,15,183
2007,67,17,67,15,166
2008,67,34,66,15,182
2009,900,18,65,17,1000
2010,67,33,100,16,216
2011,84,33,67,16,200
2013,50,33,67,16,166
2014,66,33,67,16,182
2015,64,18,67,16,165
2016,66,34,165,18,283
2018,500,33,85,14,632
2025,52,30,52,16,150
2026,98,34,68,17,217
2027,67,15,102,17,201
2028,64,34,68,17,183
2029,66,16,68,17,167
2030,52,16,68,17,153
2031,66,16,119,16,217
2033,84,34,66,16,200
2034,68,34,66,16,184
2035,68,17,66,16,167
2036,52,17,66,16,151
2037,100,16,164,20,300
2039,83,32,132,20,267
2040,82,16,132,20,250
2043,82,33,85,14,214
2045,100,17,51,14,182
2046,50,17,85,14,166
2047,67,17,51,14,149
2049,102,14,118,18,252
2050,65,34,118,18,235
2052,51,14,118,18,201
2053,100,16,69,16,201
2054,53,15,84,18,170
2055,150,33,66,16,265
2056,51,16,69,16,152
2058,916,17,51,15,999
2059,67,18,65,17,167
2060,69,33,66,16,184
2061,152,34,67,14,267
2062,101,34,101,14,250
2063,100,17,101,14,232
2064,65,34,101,14,214
2067,85,32,67,16,200
2068,68,32,67,16,183
2069,51,32,67,16,166
2070,101,32,65,19,217
2071,68,17,65,16,166
2072,99,33,67,15,214
2073,51,32,65,19,167
2074,100,32,69,16,217
2075,65,17,67,15,164
2078,100,34,65,17,216
2080,101,32,67,17,217
2081,167,17,84,16,284
2082,69,32,67,17,185
2083,66,16,67,17,166
2084,50,16,67,17,150
2085,51,33,118,16,218
2086,82,17,84,16,199
2087,167,16,66,16,265
2088,84,20,129,16,249
2090,151,17,100,17,285
2092,66,34,66,16,182
2093,67,16,66,16,165
2094,63,34,100,17,214
2095,100,16,68,17,201
2096,84,16,68,17,185
2097,66,16,68,17,167
2098,50,16,68,17,151
2100,100,34,98,18,250
2102,68,34,98,18,218
2103,69,17,98,18,202
2104,67,32,66,18,183
2105,52,32,66,18,168
2106,165,33,86,15,299
2107,49,34,65,18,166
2108,66,32,51,15,164
2111,283,32,201,17,533
2112,166,33,68,16,283
2113,300,18,100,16,434
2114,51,15,86,15,167
2115,68,15,51,15,149
2116,53,15,51,15,134
2117,65,18,117,16,216
2119,66,15,68,16,165
2121,51,33,51,16,151
2122,66,35,66,15,182
2123,66,17,66,15,164
2124,84,16,201,17,318
2125,52,32,201,17,302
2127,65,18,100,16,199
2128,66,34,66,16,182
2130,68,31,51,18,168
2131,52,31,51,18,152
2132,100,34,65,16,215
2133,85,34,65,16,200
2134,66,34,65,16,181
2135,51,34,65,16,166
2137,64,17,66,17,164
2138,67,32,51,17,167
2139,68,15,51,17,151
2140,99,34,167,17,317
2141,65,18,117,17,217
2144,100,33,69,16,218
2145,152,34,64,18,268
2146,66,33,69,16,184
2148,65,35,67,17,184
2149,65,17,67,17,166
2151,52,34,64,18,168
2152,51,18,64,18,151
2154,67,31,101,16,215
2155,51,31,101,16,199
2156,149,16,72,13,250
2157,66,15,140,13,234
2160,52,18,103,13,186
2161,52,31,72,13,168
2162,52,16,72,13,153
2163,65,17,166,18,266
2164,103,30,163,16,312
2165,68,20,93,18,199
2166,72,30,163,16,281
2167,56,30,163,16,265
2169,66,14,67,18,165
2170,60,33,52,18,163
2171,64,16,52,18,150
2172,63,34,102,18,217
2173,65,16,102,18,201
2176,52,18,66,18,154
2177,150,35,99,16,300
2178,66,36,84,16,202
2179,64,20,84,16,184
2180,66,32,134,16,248
2181,68,14,134,16,232
2182,103,33,116,18,270
2183,52,35,99,16,202
2184,67,33,116,18,234
2185,66,16,116,18,216
2186,52,16,116,18,202
2187,65,19,65,16,165
2188,68,31,101,15,215
2190,66,34,117,15,232
2191,66,18,117,15,216
2192,81,18,83,15,197
2193,168,15,117,16,316
2194,50,18,83,15,166
2195,52,33,50,15,150
2197,66,16,167,17,266
2198,83,15,117,16,231
2199,100,18,81,16,215
2200,50,15,117,16,198
2202,70,33,64,17,184
2203,51,33,64,17,165
2204,51,18,64,17,150
2205,99,16,52,14,181
2206,97,35,101,14,247
2207,66,16,52,14,148
2208,64,35,101,14,214
2209,66,18,101,14,199
2211,68,14,70,14,166
2212,301,34,66,17,418
2213,101,18,64,17,200
2215,66,18,64,17,165
2216,52,18,64,17,151
2217,103,14,66,17,200
2220,97,33,69,16,215
2221,67,16,102,16,201
2222,168,33,100,16,317
2224,66,35,167,16,284
2225,100,18,66,17,201
2226,68,34,66,17,185
2227,150,34,100,18,302
2228,69,33,100,16,218
2230,67,33,67,16,183
2231,300,18,103,11,432
2232,66,34,100,18,218
2233,67,17,100,18,202
2234,50,17,100,18,185
2235,284,34,68,28,414
2237,66,17,52,14,149
2238,66,34,100,16,216
2239,873,15,51,18,957
2240,85,14,68,16,183
2242,100,34,103,11,248
2243,99,18,103,11,231
2248,169,28,109,16,322
2249,66,19,68,28,181
2250,67,36,60,25,188
2251,51,36,60,25,172
2252,102,28,109,16,255
2253,55,32,153,14,254
2254,96,40,69,16,221
2256,60,40,69,16,185
2257,74,15,69,16,174
2259,59,15,51,14,139
2260,66,35,81,18,200
2261,84,30,69,16,199
2262,69,30,69,16,184
2268,69,36,63,18,186
2269,66,20,63,18,167
2271,152,32,66,18,268
2272,99,35,98,18,250
2273,66,17,102,15,200
2274,564,33,82,17,696
2275,67,17,98,18,200
2276,52,17,98,18,185
2277,52,32,66,18,168
2278,67,35,99,17,218
2279,65,19,99,17,200
2280,67,31,68,17,183
2281,66,16,68,17,167
2284,65,34,67,16,182
2287,151,32,66,18,267
2288,51,15,51,18,135
2289,64,19,98,16,197
2290,83,18,64,16,181
2291,66,18,64,16,164
2292,51,18,64,16,149
2293,53,32,66,18,169
2294,150,15,68,16,249
2295,50,32,52,15,149
2296,64,34,67,17,182
2297,64,18,67,17,166
2298,84,15,68,16,183
2299,84,34,67,16,201
2300,101,34,115,17,267
2301,51,34,67,16,168
2302,67,34,115,17,233
2303,66,17,115,17,215
2308,66,35,167,16,284
2310,99,35,50,14,198
2311,83,35,50,14,182
2312,66,35,50,14,165
2313,166,19,81,17,283
2314,66,34,83,15,198
2315,68,18,83,15,184
2316,69,30,201,17,317
2317,52,30,201,17,300
2318,50,14,201,17,282
2319,85,31,67,16,199
2322,53,15,67,16,151
2323,50,33,67,17,167
2326,67,33,100,17,217
2327,50,33,100,17,200
2328,67,33,67,17,184
2329,67,16,67,17,167
2330,66,34,99,17,216
2331,67,17,99,17,200
2332,67,33,66,17,183
2333,50,33,66,17,166
2334,67,33,66,18,184
2335,100,16,68,17,201
2336,66,33,68,17,184
2339,82,35,67,17,201
2340,66,35,67,17,185
2341,151,33,199,16,399
2342,68,34,98,18,218
2343,151,32,68,19,270
2344,52,17,98,18,185
2346,67,33,199,16,315
2347,50,33,199,16,298
2348,66,32,68,19,185
2349,171,14,134,16,335
2352,50,17,132,16,215
2353,66,17,99,16,198
2354,68,33,134,16,251
2355,69,14,134,16,233
2356,98,34,100,18,250
2357,66,16,50,17,149
2358,65,34,100,18,217
2360,82,17,67,18,184
2363,66,17,84,17,184
2364,68,32,52,17,169
2365,68,16,52,17,153
2366,85,16,67,16,184
2367,166,18,65,17,266
2372,67,34,65,17,183
2373,65,18,65,17,165
2374,66,32,101,16,215
2375,52,32,101,16,201
2376,50,16,101,16,183
2377,167,17,65,19,268
2378,65,34,132,19,250
2379,66,17,132,19,234
2380,67,34,66,17,184
2381,167,15,135,16,333
2382,84,17,65,19,185
2384,50,17,65,19,151
2385,51,33,51,16,151
2387,101,16,100,16,233
2388,65,35,100,16,216
2390,101,33,66,16,216
2391,50,34,66,16,166
2392,168,35,65,17,285
2394,532,35,100,16,683
2395,287,34,99,16,436
2396,166,33,134,16,349
2397,51,33,100,17,201
2398,66,35,65,17,183
2399,99,17,134,15,265
2400,100,33,134,16,283
2401,67,17,134,15,233
2404,99,33,67,16,215
2405,84,33,67,16,200
2407,51,33,67,16,167
2408,67,34,99,16,216
2411,85,35,66,15,201
2412,67,35,66,15,183
2413,51,35,66,15,167
2414,68,31,67,15,181
2415,53,31,67,15,166
2417,300,16,68,15,399
2418,66,32,100,17,215
2419,151,33,67,16,267
2420,67,32,135,16,250
2421,100,18,100,16,234
2422,64,35,100,16,215
2423,84,33,67,16,200
2424,67,33,67,16,183
2425,52,33,67,16,168
2427,168,16,100,15,299
2428,298,35,66,16,415
2429,300,18,66,16,400
2430,67,32,68,15,182
2431,66,16,68,15,165
2432,51,16,68,15,150
2433,66,16,100,15,197
2434,66,34,66,15,181
2435,84,34,64,17,199
2436,166,35,66,16,283
2437,50,34,64,17,165
2438,100,32,52,16,200
2439,84,32,52,16,184
2440,66,32,52,16,166
2441,51,32,52,16,151
2443,66,18,66,16,166
2444,67,33,85,15,200
2445,69,16,85,15,185
2446,52,16,85,15,168
2447,302,16,99,17,434
2448,100,33,53,15,201
2449,65,18,66,20,169
2450,67,33,53,15,168
2451,51,33,53,15,152
2453,168,17,66,14,265
2454,66,35,132,14,247
2456,53,15,132,14,214
2457,51,33,165,17,266
2458,68,33,66,14,181
2459,64,17,66,14,161
2462,66,33,66,17,182
2463,66,17,66,17,166
2464,99,33,66,17,215
2465,1048,35,66,15,1164
2466,66,33,66,17,182
2468,66,34,87,13,200
2469,103,15,87,13,218
2471,83,34,53,13,183
2475,83,32,117,19,251
2476,68,32,117,19,236
2479,95,18,68,14,195
2481,63,18,68,14,163
2482,68,33,66,17,184
2483,98,19,99,17,233
2484,101,31,134,17,283
2485,86,31,134,17,268
2486,68,31,134,17,250
2487,52,31,134,17,234
2488,66,34,100,17,217
2489,67,17,100,17,201
2490,65,34,83,17,199
2492,802,31,119,17,969
2493,68,16,50,17,151
2494,152,16,63,18,249
2495,167,18,81,18,284
2496,66,34,68,15,183
2497,101,16,63,18,198
2498,85,16,63,18,182
2499,68,16,63,18,165
2500,52,16,63,18,149
2501,67,18,81,18,184
2502,97,35,52,16,200
2503,97,17,52,16,182
2504,98,35,99,18,250
2506,64,35,99,18,216
2508,87,16,66,18,187
2509,85,32,102,15,234
2510,52,16,66,18,152
2511,101,16,68,15,200
2512,65,34,68,15,182
2513,66,16,68,15,165
2516,102,33,65,18,218
2518,101,32,68,16,217
2520,99,33,67,17,216
2521,51,32,68,16,167
2522,65,33,67,17,182
2523,68,15,67,17,167
2524,100,32,68,16,216
2525,67,17,66,15,165
2526,68,32,68,16,184
2527,99,17,116,16,248
2529,66,17,116,16,215
2530,100,31,51,16,198
2533,167,17,66,18,268
2534,65,36,81,17,199
2535,68,18,81,17,184
2536,67,31,119,17,234
2537,66,16,119,17,218
2538,51,16,119,17,203
2539,99,17,167,16,299
2541,66,17,167,16,266
2542,67,34,67,16,184
2543,101,17,66,15,199
2544,84,17,66,15,182
2545,69,17,66,15,167
2548,67,34,67,16,184
2550,66,32,134,17,249
2552,66,35,67,16,184
2553,50,35,67,16,168
2554,83,17,98,18,216
2556,102,32,66,18,218
2557,69,17,98,18,202
2559,100,15,101,18,234
2561,66,15,101,18,200
2562,64,34,101,17,216
2563,100,17,66,17,200
2564,84,17,66,17,184
2566,52,17,66,17,152
2567,101,16,84,16,217
2568,67,34,84,16,201
2569,83,32,100,17,232
2570,83,15,100,17,215
2573,67,15,66,17,165
2574,66,34,67,16,183
2575,67,16,67,16,166
2577,68,13,100,17,198
2578,166,35,67,16,284
2580,100,32,67,18,217
2581,81,32,67,18,198
2582,68,32,67,18,185
2583,100,18,67,16,201
2584,100,32,51,16,199
2586,67,32,51,16,166
2587,67,16,51,16,150
2588,169,31,52,16,268
2589,85,32,66,18,201
2590,67,32,66,18,183
2591,51,32,66,18,167
2592,102,31,52,16,201
2593,67,17,65,18,167
2594,98,34,68,14,214
2595,150,34,83,15,282
2596,66,34,68,14,182
2597,66,16,68,14,164
2598,83,16,66,16,181
2599,51,34,66,16,167
2600,52,16,66,16,150
2601,50,34,83,15,182
2602,68,32,133,17,250
2603,98,19,82,16,215
2604,167,32,68,16,283
2606,67,31,286,16,400
2608,51,15,286,16,368
2609,50,35,65,15,165
2611,66,16,68,16,166
2612,151,16,51,16,234
2613,66,16,102,16,200
2614,65,35,265,17,382
2615,49,35,265,17,366
2617,51,32,51,16,150
2618,51,16,51,16,134
2619,52,35,66,18,171
2622,51,16,100,17,184
2623,102,16,67,15,200
2624,66,34,67,15,182
2625,68,16,67,15,166
2626,52,16,67,15,150
2627,65,17,100,16,198
2628,66,35,117,15,233
2629,65,18,117,15,215
2632,66,34,101,16,217
2633,66,17,101,16,200
2635,66,17,68,16,167
2637,50,34,67,17,168
2638,52,15,67,17,151
2639,68,17,67,15,167
2640,68,33,133,16,250
2641,164,18,83,16,281
2642,67,34,99,16,216
2644,166,32,52,15,265
2645,99,18,83,16,216
2647,65,18,83,16,182
2648,66,33,133,17,249
2649,51,33,133,17,234
2650,98,34,101,16,249
2651,168,16,66,18,268
2652,65,34,101,16,216
2654,50,16,101,16,183
2655,50,33,151,16,250
2656,167,35,66,16,284
2657,67,16,66,18,167
2658,84,17,67,16,184
2659,66,17,67,16,166
2661,50,32,51,16,149
2663,67,17,66,16,166
2664,67,32,68,16,183
2665,51,32,68,16,167
2666,51,16,68,16,151
2669,50,34,116,16,216
2671,67,16,67,17,167
2672,66,33,51,16,166
2673,67,16,51,16,150
2675,83,33,68,16,200
2678,51,16,68,16,151
2679,50,33,68,15,166
2680,51,15,68,15,149
2681,100,17,66,18,201
2683,66,17,66,18,167
2684,68,33,67,16,184
2685,83,33,117,15,248
2687,50,33,117,15,215
2688,66,34,83,15,198
2689,69,16,83,15,183
2690,83,16,66,19,184
2691,169,16,66,17,268
2692,101,31,136,16,284
2694,67,31,136,16,250
2695,101,16,66,17,200
2696,66,35,66,17,184
2697,67,16,66,17,166
2698,66,33,84,17,200
2700,68,33,166,18,285
2701,66,16,166,18,266
2702,66,35,66,17,184
2703,85,33,66,16,200
2704,68,33,66,16,183
2705,84,33,65,18,200
2706,51,17,66,16,150
2707,167,17,51,16,251
2710,66,32,86,16,200
2711,66,16,86,16,184
2712,65,35,51,16,167
2713,66,17,51,16,150
2714,151,16,65,18,250
2716,86,16,98,18,218
2717,168,14,85,17,284
2718,165,34,51,17,267
2719,51,33,65,18,167
2722,66,32,85,17,200
2723,67,14,85,17,183
2724,83,16,51,17,167
2726,168,32,49,18,267
2727,99,17,66,17,199
2729,67,17,66,17,167
2730,51,17,66,17,151
2731,51,34,64,17,166
2732,69,32,49,18,168
2734,66,32,69,16,183
2735,68,15,69,16,168
2736,283,15,67,17,382
2737,67,18,66,17,168
2738,49,18,66,17,150
2739,50,34,65,18,167
2741,52,32,51,16,151
2742,50,16,51,16,133
2743,101,16,117,16,250
2745,67,16,117,16,216
2746,51,16,117,16,200
2747,167,16,67,17,267
2749,82,33,135,16,266
2750,51,15,67,17,150
2751,50,33,135,16,234
2752,100,35,66,16,217
2754,102,32,68,15,217
2755,66,18,66,16,166
2756,69,32,68,15,184
2757,51,32,68,15,166
2758,101,34,100,15,250
2759,50,34,65,19,168
2760,66,34,100,15,215
2761,66,18,100,15,199
2763,66,16,69,15,166
2767,85,31,67,17,200
2768,69,31,67,17,184
2770,301,32,67,15,415
2771,68,16,66,17,167
2772,65,33,84,16,198
2774,100,35,100,16,251
2775,66,16,51,16,149
2776,66,35,100,16,217
2780,167,35,99,16,317
2782,550,16,83,17,666
2783,284,33,65,18,400
2784,100,35,99,16,250
2785,51,32,67,15,165
2786,84,17,99,16,216
2787,50,35,99,16,200
2788,50,17,99,16,182
2789,150,34,98,18,300
2790,168,33,65,18,284
2791,99,17,50,17,183
2792,149,17,65,18,249
2793,66,17,50,17,150
2794,67,34,98,18,217
2798,50,17,65,18,150
2799,51,34,66,17,168
2800,67,31,168,17,283
2802,65,35,67,16,183
2803,68,17,67,16,168
2804,66,33,100,17,216
2805,51,33,100,17,201
2806,168,34,66,17,285
2807,167,17,66,17,267
2808,67,32,167,16,282
2810,283,16,68,15,382
2811,66,16,83,17,182
2812,166,33,66,17,282
2813,150,33,66,17,266
2814,51,17,66,17,151
2815,165,16,51,17,249
2816,67,33,65,18,183
2817,66,17,65,18,166
2819,100,16,51,17,184
2821,100,16,68,15,199
2822,65,34,68,15,182
2823,165,18,83,17,283
2827,66,18,66,16,166
2828,167,34,100,17,318
2829,84,33,50,17,184
2830,67,33,50,17,167
2831,100,17,134,17,268
2832,66,33,134,17,250
2833,67,17,134,17,235
2834,66,34,100,17,217
2835,84,34,103,14,235
2836,83,18,103,14,218
2837,51,34,103,14,202
2838,171,31,64,19,285
2839,65,19,70,14,168
2841,67,17,100,16,200
2842,66,37,63,16,182
2844,70,31,64,19,184
2845,54,31,64,19,168
2849,65,16,68,16,165
2850,64,35,68,15,182
2851,67,16,68,15,166
2852,51,16,68,15,150
2855,65,19,115,18,217
2856,68,31,84,18,201
2857,53,31,84,18,186
2858,66,34,68,16,184
2859,152,32,101,15,300
2860,49,16,68,16,149
2861,66,18,66,18,168
2863,66,18,65,17,166
2865,52,32,101,15,200
2866,99,33,103,13,248
2867,68,15,68,15,166
2869,98,19,100,15,232
2870,50,16,103,13,182
2871,64,19,100,15,198
2872,168,32,133,16,349
2873,66,18,67,15,166
2874,50,18,67,15,150
2875,87,32,65,17,201
2876,165,35,101,15,316
2879,51,32,133,16,232
2880,64,33,53,14,164
2881,51,33,53,14,151
2882,82,18,101,15,216
2883,50,35,101,15,201
2885,68,14,69,15,166
2886,53,14,69,15,151
2887,149,33,102,16,300
2888,164,36,99,17,316
2889,83,30,69,17,199
2890,69,30,69,17,185
2891,82,33,102,16,233
2892,51,15,69,17,152
2893,301,16,84,17,418
2895,101,16,83,17,217
2896,69,33,83,17,202
2897,66,16,83,17,182
2899,52,33,50,17,152
2901,65,17,67,16,165
2903,51,34,133,16,234
2904,165,35,66,18,284
2905,51,33,166,18,268
2906,99,33,51,17,200
2907,66,16,84,17,183
2908,65,33,51,17,166
2909,50,33,51,17,151
2910,65,35,66,18,184
2911,84,33,101,16,234
2912,152,14,52,16,234
2913,52,33,101,16,202
2914,51,17,101,16,185
2916,150,16,66,17,249
2917,100,18,149,17,284
2918,167,32,51,17,267
2922,52,16,66,17,151
2924,66,32,51,17,166
2926,50,16,51,17,134
2927,101,17,67,16,201
2928,67,33,67,16,183
2930,51,17,67,16,151
2932,65,35,101,15,216
2934,67,34,132,15,248
2936,51,18,132,15,216
2937,151,32,84,17,284
2939,100,18,65,17,200
2942,67,32,84,17,200
2943,52,32,84,17,185
2945,151,32,101,16,300
2946,65,34,66,18,183
2947,67,17,66,18,168
2949,168,18,215,17,418
2951,51,32,101,16,200
2952,98,36,215,17,366
2954,64,36,215,17,332
2955,67,18,215,17,317
2957,83,34,131,17,265
2959,301,16,99,18,434
2960,67,31,100,17,215
2962,65,34,133,18,250
2963,166,17,51,16,250
2964,98,33,67,18,216
2967,83,34,51,16,184
2968,83,17,51,16,167
2972,51,16,151,16,234
2973,84,34,65,18,201
2975,99,16,52,16,183
2976,68,31,52,16,167
2977,167,15,101,15,298
2978,65,34,67,17,183
2979,100,16,66,17,199
2980,65,34,66,17,182
2981,68,16,66,17,167
2984,100,35,65,18,218
2987,83,33,65,19,200
2988,50,18,65,18,151
2989,99,17,52,15,183
2990,68,32,52,15,167
2993,100,15,67,16,198
2995,167,18,100,17,302
2996,52,15,67,16,150
2999,65,17,51,15,148
3000,101,32,68,17,218
3002,66,32,68,17,183
3003,83,33,52,15,183
3004,51,15,68,17,151
3005,50,33,52,15,150
3006,65,35,67,16,183
3008,68,32,84,17,201
3010,52,15,84,17,168
3011,164,18,52,16,250
3012,51,16,49,17,133
3014,51,18,65,17,151
3015,148,35,65,17,265
3016,151,16,65,17,249
3017,65,18,52,16,151
3018,65,33,67,18,183
3019,83,35,65,17,200
3021,51,35,65,17,168
3022,52,16,65,17,150
3023,167,17,99,18,301
3024,151,17,99,18,285
3027,516,34,67,17,634
3031,51,32,67,18,168
3032,51,15,67,18,151
3033,517,34,67,16,634
3034,167,32,84,16,299
3037,98,18,65,17,198
3039,67,18,65,17,167
3040,68,32,84,16,200
3042,100,34,167,17,318
3043,301,15,52,17,385
3044,99,33,67,17,216
3047,65,16,67,17,165
3051,83,33,101,17,234
3053,51,33,101,17,202
3054,65,34,67,17,183
3055,68,17,67,17,169
3056,67,32,52,17,168
3057,67,15,52,17,151
3060,84,17,67,16,184
3062,101,35,100,15,251
3063,99,19,100,15,233
3064,66,35,100,15,216
3065,65,19,100,15,199
3066,67,33,67,15,182
3067,66,17,67,15,165
3070,64,36,66,14,180
3071,66,18,66,14,164
3073,102,17,66,16,201
3074,286,15,67,17,385
3075,150,33,67,18,268
3077,101,16,100,18,235
3078,67,35,100,18,220
3080,66,33,67,18,184
3082,51,17,67,18,153
3083,98,18,133,18,267
3084,100,33,67,17,217
3085,66,18,133,18,235
3086,67,33,67,17,184
3089,68,18,83,15,184
3090,50,18,83,15,166
3091,65,17,51,15,148
3092,50,17,51,15,133
3093,67,16,67,15,165
3096,100,35,65,17,217
3097,65,18,64,19,166
3098,67,35,65,17,184
3099,84,29,102,17,232
3100,98,36,66,17,217
3103,886,33,66,18,1003
3106,53,16,99,18,186
3108,83,16,51,16,166
3109,284,33,64,19,400
3110,50,16,51,16,133
3113,67,16,66,16,165
3116,53,16,65,17,151
3120,65,35,66,16,182
3121,66,18,66,16,166
3123,102,17,66,18,203
3124,68,33,66,18,185
3125,67,17,66,18,168
3126,66,31,53,15,165
3127,51,31,53,15,150
3129,67,16,65,20,168
3130,66,33,100,17,216
3131,68,15,100,17,200
3132,168,35,66,16,285
3134,85,15,50,18,168
3135,67,15,50,18,150
3136,100,35,66,16,217
3137,68,15,67,16,166
3138,68,35,66,16,185
3140,100,34,65,18,217
3141,64,18,68,16,166
3142,67,34,65,18,184
3143,66,18,65,18,167
3144,66,34,83,17,200
3145,52,34,83,17,186
3146,151,17,65,17,250
3147,52,31,52,17,152
3148,65,33,69,15,182
3149,101,17,65,17,200
3150,64,36,65,17,182
3151,166,17,100,17,300
3155,50,32,52,16,150
3156,65,34,100,17,216
3159,51,34,66,17,168
3160,151,16,68,15,250
3162,68,32,65,18,183
3164,66,33,68,15,182
3165,51,33,68,15,167
3166,97,36,66,17,216
3167,99,18,66,17,200
3168,65,36,66,17,184
3169,99,16,133,17,265
3170,68,31,133,17,249
3171,65,16,133,17,231
3172,51,16,133,17,217
3175,166,18,51,15,250
3177,84,31,136,16,267
3178,67,31,136,16,250
3179,98,18,51,15,182
3180,100,34,67,16,217
3181,66,18,51,15,150
3186,51,15,67,18,151
3187,51,35,99,17,202
3191,67,15,51,17,150
3193,67,16,99,18,200
3195,166,16,103,14,299
3197,66,17,66,18,167
3200,65,34,103,14,216
3202,66,34,69,14,183
3204,52,16,69,14,151
3205,66,16,185,16,283
3206,166,33,52,16,267
3207,299,17,66,18,400
3208,69,30,100,18,217
3211,101,15,52,16,184
3212,113,17,101,16,247
3213,67,15,52,16,150
3215,66,17,101,16,200
3217,83,33,100,18,234
3219,101,17,66,18,202
3220,50,17,100,18,185
3221,99,17,166,18,300
3222,67,33,166,18,284
3223,67,17,166,18,268
3224,100,34,66,17,217
3225,65,18,133,18,234
3226,66,34,66,17,183
3227,84,32,67,18,201
3228,51,16,66,17,150
3229,169,16,101,17,303
3230,66,34,117,17,234
3232,99,34,101,17,251
3234,85,16,101,17,219
3235,67,16,101,17,201
3236,168,34,131,17,350
3237,67,17,67,17,168
3238,101,34,67,15,217
3239,66,17,51,17,151
3240,101,34,131,17,283
3241,50,34,67,15,166
3244,299,35,67,15,416
3247,65,16,67,17,165
3248,64,35,66,18,183
3252,101,33,101,15,250
3253,84,33,101,15,233
3254,549,16,68,16,649
3256,52,15,101,15,183
3257,67,16,68,15,166
3258,66,35,67,15,183
3259,65,18,67,15,165
3260,50,18,67,15,150
3261,84,34,81,18,217
3263,51,34,81,18,184
3265,52,31,50,18,151
3267,68,16,85,14,183
3268,65,34,65,18,182
3269,66,18,65,18,167
3270,50,18,65,18,151
3272,99,34,151,16,300
3273,69,14,133,18,234
3277,66,17,64,18,165
3278,69,33,65,18,185
3279,51,33,65,18,167
3280,151,16,68,16,251
3281,66,15,52,16,149
3282,98,34,68,16,216
3283,101,16,68,16,201
3285,67,16,68,16,167
3286,52,16,68,16,152
3287,67,17,66,17,167
3288,51,17,66,17,151
3289,66,18,65,16,165
3296,67,33,67,16,183
3297,166,17,67,16,266
3298,51,16,67,16,150
3299,166,17,101,17,301
3300,100,33,67,16,216
3301,66,17,100,16,199
3302,67,33,67,16,183
3303,66,17,67,16,166
3304,67,32,101,17,217
3305,65,17,101,17,200
3306,100,34,66,17,217
3307,49,35,166,17,267
3308,67,34,66,17,184
3309,169,17,67,14,267
3310,518,16,101,17,652
3312,66,34,66,17,183
3313,519,32,133,17,701
3314,83,17,67,14,181
3315,67,17,67,14,165
3316,51,17,67,14,149
3317,51,32,66,18,167
3318,66,35,149,16,266
3319,66,18,149,16,249
3321,100,17,65,18,200
3322,66,35,65,18,184
3323,67,17,65,18,167
3324,81,18,50,16,165
3325,52,33,50,16,151
3326,100,34,100,17,251
3327,82,34,100,17,233
3328,150,17,65,17,249
3329,50,34,100,17,201
3330,50,16,100,17,183
3331,102,17,65,17,201
3332,167,36,65,17,285
3334,169,32,133,17,351
3337,66,16,101,17,200
3339,150,33,67,17,267
3341,166,16,52,16,250
3343,84,33,67,17,201
3344,82,16,67,17,182
3345,300,16,51,17,384
3346,50,16,67,17,150
3347,66,16,52,16,150
3351,51,33,99,18,201
3354,166,33,67,16,282
3356,99,34,51,17,201
3357,67,16,185,16,284
3358,66,34,51,17,168
3359,98,17,67,16,198
3360,165,35,164,18,382
3361,83,35,83,16,217
3362,50,17,67,16,150
3364,100,35,164,18,317
3366,67,35,164,18,284
3367,84,32,233,18,367
3369,52,32,233,18,335
3370,51,16,233,18,318
3372,97,33,52,16,198
3373,66,15,168,18,267
3375,101,15,67,18,201
3376,285,16,66,19,386
3378,303,31,67,17,418
3379,66,16,85,16,183
3380,101,34,67,17,219
3382,168,33,66,19,286
3384,51,16,67,17,151
3389,98,19,50,14,181
3390,151,14,151,16,332
3391,66,19,50,14,149
3392,68,31,67,17,183
3393,166,17,67,16,266
3395,69,14,151,16,250
3396,98,34,67,16,215
3397,66,16,101,16,199
3398,67,34,67,16,184
3399,65,17,67,16,165
3401,68,14,119,15,216
3403,68,16,117,16,217
3404,51,16,117,16,200
3406,51,16,85,16,168
3407,165,18,51,14,248
3410,52,15,84,17,168
3411,69,16,85,14,184
3412,100,33,100,16,249
3414,68,33,100,16,217
3415,66,17,100,16,199
3416,85,14,68,16,183
3418,51,14,68,16,149
3420,100,32,101,18,251
3421,64,18,65,18,165
3423,65,16,101,18,200
3424,67,33,68,18,186
3425,151,34,66,16,267
3426,83,16,52,16,167
3427,151,34,66,16,267
3428,51,16,52,16,135
3432,52,16,66,16,150
3433,100,17,68,15,200
3434,68,32,68,15,183
3435,498,19,165,17,699
3437,50,34,65,17,166
3439,51,34,64,18,167
3440,68,31,51,17,167
3441,52,31,51,17,151
3442,98,35,66,16,215
3445,67,17,66,16,166
3447,102,15,134,16,267
3448,168,32,103,16,319
3450,51,15,134,16,216
3451,284,34,67,16,401
3453,65,17,67,16,165
3454,67,32,103,16,218
3456,64,35,68,16,183
3457,49,35,68,16,168
3458,67,33,67,16,183
3459,51,33,67,16,167
3461,84,32,167,16,299
3462,68,32,167,16,283
3463,52,32,167,16,267
3464,67,34,67,16,184
3465,51,34,67,16,168
3466,66,32,67,17,182
3467,50,32,67,17,166
3468,66,35,66,16,183
3469,68,17,66,16,167
3470,99,34,66,16,215
3471,168,16,67,18,269
3472,67,34,66,16,183
3473,99,16,101,18,234
3474,66,32,101,18,217
3475,100,16,67,18,201
3476,66,34,67,18,185
3478,66,33,166,18,283
3480,67,34,66,18,185
3481,83,34,66,16,199
3482,67,34,66,16,183
3483,85,32,132,19,268
3486,168,30,120,16,334
3487,98,16,118,16,248
3488,66,32,118,16,232
3492,68,30,120,16,234
3493,52,30,120,16,218
3494,301,34,134,15,484
3495,67,16,67,18,168
3496,82,16,52,16,166
3497,50,33,52,16,151
3499,166,16,68,16,266
3500,67,34,65,16,182
3501,68,16,65,16,165
3502,52,16,65,16,149
3504,67,32,68,16,183
3505,97,18,132,17,264
3507,99,18,134,15,266
3508,66,34,134,15,249
3509,66,18,134,15,233
3510,68,32,102,15,217
3511,100,18,68,15,201
3512,66,34,68,15,183
3513,116,36,66,15,233
3517,67,19,66,15,167
3518,68,32,66,17,183
3522,98,34,50,16,198
3523,100,17,50,16,183
3525,168,15,51,16,250
3526,165,34,67,16,282
3527,101,16,67,17,201
3530,50,16,67,17,150
3531,67,15,51,16,149
3533,66,17,67,16,166
3537,50,34,84,16,184
3538,67,32,52,16,167
3539,166,18,50,16,250
3540,66,35,67,15,183
3541,66,16,67,15,164
3542,67,33,67,17,184
3543,68,16,67,17,168
3546,67,33,99,17,216
3547,300,17,51,14,382
3548,67,33,66,17,183
3549,51,33,66,17,167
3551,51,33,85,15,184
3553,66,16,118,17,217
3554,83,17,67,17,184
3555,67,17,67,17,168
3556,50,17,67,17,151
3559,67,17,85,14,183
3561,66,17,51,14,148
3562,51,17,51,14,133
3563,948,35,66,17,1066
3564,67,32,69,15,183
3565,68,14,69,15,166
3566,284,15,166,18,483
3569,65,18,97,17,197
3571,66,17,99,19,201
3572,167,34,166,18,385
3573,50,32,67,19,168
3574,64,33,53,15,165
3575,67,15,53,15,150
3576,99,34,166,18,317
3577,65,17,69,16,167
3578,86,15,166,18,285
3582,69,30,68,15,182
3583,98,17,66,18,199
3584,65,35,66,18,184
3587,66,16,67,16,165
3588,52,16,67,16,151
3590,84,16,116,17,233
3591,83,33,83,17,216
3592,51,16,116,17,200
3593,168,17,100,17,302
3595,67,16,99,17,199
3596,516,18,66,18,618
3597,518,31,152,15,716
3598,67,33,100,17,217
3599,82,33,67,17,199
3602,66,34,50,16,166
3603,67,17,50,16,150
3604,67,33,68,15,183
3605,50,33,68,15,166
3606,67,33,132,18,250
3608,299,35,66,18,418
3609,66,18,65,17,166
3610,101,32,50,17,200
3611,66,18,64,18,166
3612,68,32,50,17,167
3614,65,32,69,17,183
3615,67,15,69,17,168
3616,165,35,66,18,284
3617,67,17,66,17,167
3618,101,32,52,14,199
3622,66,35,66,18,185
3623,65,18,66,18,167
3624,84,14,152,15,265
3626,101,37,62,18,218
3627,67,17,66,18,168
3629,67,19,62,18,166
3630,53,19,62,18,152
3631,167,17,83,16,283
3633,66,15,68,17,166
3635,100,17,83,16,216
3636,51,15,52,15,133
3637,66,17,83,16,182
3638,68,32,51,16,167
3639,67,15,51,16,149
3641,100,16,51,17,184
3642,66,33,51,17,167
3643,100,17,82,18,217
3644,51,16,51,17,135
3645,298,17,69,15,399
3646,68,33,67,16,184
3647,100,17,101,15,233
3648,101,34,82,16,233
3650,66,34,82,16,198
3651,84,32,134,16,266
3652,149,16,68,16,249
3653,51,32,134,16,233
3654,66,35,99,16,216
3658,50,16,68,16,150
3661,84,34,66,17,201
3664,69,31,52,16,168
3669,51,33,67,17,168
3672,299,34,66,18,417
3673,67,16,67,16,166
3674,51,16,67,16,150
3675,65,16,99,18,198
3676,51,16,99,18,184
3678,100,32,101,16,249
3682,534,31,134,17,716
3684,67,32,118,16,233
3685,51,32,118,16,217
3686,101,32,52,16,201
3688,66,32,52,16,166
3689,116,34,68,16,234
3691,82,34,68,16,200
3692,84,16,68,16,184
3693,84,34,132,17,267
3694,52,16,68,16,152
3697,66,18,66,16,166
3698,100,34,100,16,250
3699,167,17,68,15,267
3700,100,32,68,16,216
3702,82,16,68,16,182
3703,66,16,68,16,166
3705,67,17,68,15,167
3708,68,34,82,16,200
3709,67,18,82,16,183
3710,68,31,134,17,250
3711,101,17,66,16,200
3712,65,35,66,16,182
3713,67,17,66,16,166
3714,66,32,67,17,182
3715,51,32,67,17,167
3716,101,33,67,16,217
3717,66,17,134,16,233
3718,66,33,67,16,182
3719,66,17,67,16,166
3720,100,34,101,15,250
3722,66,34,101,15,216
3723,100,18,67,15,200
3724,168,34,133,15,350
3725,66,18,67,15,166
3726,68,31,102,17,218
3727,66,15,102,17,200
3728,167,32,102,16,317
3729,100,19,133,15,267
3731,167,15,69,16,267
3735,68,15,102,16,201
3736,64,33,69,16,182
3737,66,15,69,16,166
3739,67,17,166,16,266
3740,102,32,66,17,217
3741,768,16,66,16,866
3742,101,33,102,18,254
3744,65,33,102,18,218
3745,66,17,102,18,203
3746,98,35,99,16,248
3750,68,34,65,16,183
3751,67,18,65,16,166
3752,87,13,67,17,184
3753,52,31,67,17,167
3754,52,13,67,17,149
3755,750,34,65,17,866
3756,65,33,52,16,166
3757,63,17,52,16,148
3758,67,34,100,16,217
3760,50,17,100,16,183
3761,167,16,68,16,267
3762,52,16,66,16,150
3763,51,34,99,18,202
3766,98,35,68,16,217
3768,99,33,51,16,199
3769,65,18,68,16,167
3770,67,33,51,16,167
3771,51,33,51,16,151
3772,68,35,64,18,185
3774,168,32,133,17,350
3775,150,32,133,17,332
3777,101,18,66,16,201
3780,100,34,66,16,216
3781,101,16,66,16,199
3782,68,34,66,16,184
3783,150,33,66,16,265
3784,66,32,67,17,182
3785,66,16,67,17,166
3786,50,16,67,17,150
3788,66,33,66,16,181
3789,50,33,66,16,165
3791,68,15,68,16,167
3792,65,34,101,16,216
3793,284,33,67,16,400
3794,66,34,67,16,183
3795,65,18,67,16,166
3796,68,34,65,17,184
3797,51,34,65,17,167
3798,101,32,50,18,201
3800,67,32,50,18,167
3801,100,18,66,17,201
3802,166,35,65,17,283
3803,67,18,66,17,168
3804,82,18,68,14,182
3806,101,35,65,17,218
3807,284,33,100,16,433
3808,101,32,101,16,250
3809,68,18,65,17,168
3810,166,35,65,18,284
3811,65,18,101,16,200
3812,67,33,68,16,184
3814,65,33,167,16,281
3816,66,35,65,18,184
3817,50,35,65,18,168
3818,68,32,67,17,184
3819,67,16,67,17,167
3822,65,34,132,17,248
3827,65,17,100,19,201
3829,49,33,67,19,168
3830,66,33,53,16,168
3831,284,33,151,17,485
3832,300,34,65,17,416
3833,50,34,67,16,167
3834,67,35,165,17,284
3835,68,16,165,17,266
3836,53,16,165,17,251
3837,52,32,67,17,168
3838,67,33,51,16,167
3839,64,17,51,16,148
3841,83,33,67,17,200
3842,67,33,67,17,184
3843,51,33,67,17,168
3844,300,33,67,18,418
3845,51,33,151,17,252
3846,100,33,67,17,217
3847,66,17,65,17,165
3850,151,17,83,16,267
3851,67,15,168,16,266
3852,65,35,66,16,182
3853,65,18,66,16,165
3854,166,34,68,14,282
3855,84,32,67,16,199
3857,52,32,67,16,167
3860,65,34,68,14,181
3861,68,16,68,14,166
3864,166,35,199,19,419
3865,67,17,64,19,167
3866,100,32,102,17,251
3867,52,32,99,17,200
3868,67,32,102,17,218
3870,166,32,68,16,282
3871,101,16,52,15,184
3873,99,18,100,16,233
3874,67,35,100,16,218
3876,67,32,68,16,183
3878,52,15,68,16,151
3879,50,34,66,19,169
3880,100,32,67,17,216
3881,166,16,102,15,299
3882,68,32,67,17,184
3883,52,32,67,17,168
3885,770,14,68,17,869
3886,150,15,51,16,232
3888,102,31,51,16,200
3890,68,31,51,16,166
3892,51,15,51,16,133
3893,67,18,64,16,165
3894,82,16,67,17,182
3896,51,16,67,17,151
3897,98,18,99,17,232
3899,100,18,64,17,199
3900,49,18,99,17,183
3901,68,18,64,17,167
3903,53,31,68,18,170
3905,67,15,53,17,152
3907,101,17,97,17,232
3909,85,32,100,15,232
3910,53,17,97,17,184
3911,53,32,100,15,200
3912,100,32,69,16,217
3914,65,32,69,16,182
3915,98,18,50,18,184
3917,66,18,50,18,152
3918,166,33,67,16,282
3919,86,34,64,19,203
3920,69,34,64,19,186
3922,50,18,64,19,151
3923,102,15,67,16,200
3925,101,14,68,17,200
3926,64,33,68,17,182
3927,151,32,51,18,252
3928,100,34,83,18,235
3929,65,17,66,17,165
3930,67,34,83,18,202
3931,64,18,83,18,183
3932,68,32,51,18,169
3933,51,32,51,18,152
3935,152,32,133,16,333
3937,50,34,65,16,165
3939,85,32,133,16,266
3942,65,34,99,16,214
3943,66,18,99,16,199
3944,99,34,85,14,232
3945,51,33,100,19,203
3946,101,32,53,14,200
3947,68,17,85,14,184
3950,166,34,84,15,299
3951,183,33,51,15,282
3952,749,17,50,17,833
3953,50,33,67,17,167
3955,68,16,100,18,202
3956,750,17,83,16,866
3957,81,33,51,15,180
3958,67,33,51,15,166
3959,67,16,51,15,149
3960,51,16,51,15,133
3961,168,14,68,18,268
3962,84,15,86,15,200
3964,152,15,101,16,284
3966,68,31,68,18,185
3967,67,14,68,18,167
3970,51,15,101,16,183
3973,66,15,66,18,165
3974,51,15,66,18,150
3975,67,17,82,18,184
3976,68,31,51,18,168
3978,66,36,98,16,216
3980,67,33,65,16,181
3981,66,18,65,16,165
3983,51,33,65,21,170
3984,66,32,184,17,299
3986,65,33,68,16,182
3987,166,17,50,17,250
3988,65,34,100,17,216
3990,54,13,100,17,184
3991,51,34,66,17,168
3992,68,33,50,17,168
3993,1330,15,70,15,1430
3994,100,34,83,16,233
3995,549,34,132,19,734
3996,66,34,83,16,199
3997,67,17,83,16,183
3999,50,33,66,17,166
4000,67,34,65,18,184
4002,67,32,51,16,166
4005,102,16,51,16,185
4006,65,34,51,16,166
4007,67,16,51,16,150
4008,51,16,51,16,134
4010,52,15,101,16,184
4011,67,16,100,16,199
4012,51,16,100,16,183
4014,68,33,67,17,185
4016,100,34,66,16,216
4019,85,33,67,16,201
4020,67,33,67,16,183
4021,84,33,67,17,201
4022,100,34,132,19,285
4023,51,33,67,17,168
4024,66,34,132,19,251
4026,100,32,67,19,218
4027,51,33,67,16,167
4028,84,15,67,19,185
4029,101,17,148,19,285
4030,50,15,67,19,151
4031,67,17,148,19,251
4032,67,32,135,16,250
4033,66,16,135,16,233
4034,67,33,102,16,218
4035,68,14,102,16,200
4036,65,35,133,18,251
4037,49,35,133,18,235
4042,67,32,66,16,181
4043,83,34,133,18,268
4045,51,34,133,18,236
4046,534,31,51,16,632
4047,68,14,67,18,167
4048,66,35,84,16,201
4049,101,16,52,16,185
4051,65,16,52,16,149
4052,167,39,62,16,284
4053,51,34,66,17,168
4055,68,16,71,12,167
4057,66,16,51,16,149
4058,66,39,62,16,183
4060,282,19,82,16,399
4061,55,28,66,17,166
4062,117,16,51,15,199
4063,67,17,67,16,167
4064,111,18,67,15,211
4065,99,18,67,15,199
4066,66,35,67,15,183
4067,66,18,67,15,166
4068,67,31,70,15,183
4069,101,17,98,18,234
4070,102,34,82,16,234
4071,85,34,82,16,217
4072,82,19,82,16,199
4073,85,31,51,16,183
4074,51,19,82,16,168
4075,51,31,51,16,149
4076,65,33,85,17,200
4077,69,14,85,17,185
4081,64,18,67,16,165
4082,167,33,66,18,284
4083,67,17,65,17,166
4084,101,32,99,18,250
4085,101,16,99,18,234
4087,99,16,66,18,199
4089,67,16,66,18,167
4090,65,34,101,16,216
4093,67,15,69,16,167
4094,102,33,67,15,217
4095,166,18,132,18,334
4096,168,31,52,16,267
4098,1002,33,67,16,1118
4100,65,35,132,18,250
4101,84,31,52,16,183
4103,51,31,52,16,150
4104,66,35,66,18,185
4105,84,33,51,15,183
4106,66,33,51,15,165
4107,84,33,118,14,249
4108,52,16,51,15,134
4109,50,33,118,14,215
4110,66,33,66,19,184
4111,67,15,66,19,167
4112,151,14,68,17,250
4114,68,31,68,16,183
4115,65,16,68,16,165
4116,985,15,67,18,1085
4117,101,17,66,18,202
4119,67,17,66,18,168
4120,302,34,65,18,419
4121,166,17,66,16,265
4122,68,33,68,15,184
4123,67,16,68,15,166
4124,50,16,68,15,149
4127,67,17,66,16,166
4128,767,33,67,18,885
4129,65,18,101,15,199
4130,169,34,64,18,285
4131,67,16,102,14,199
4133,67,18,99,18,202
4135,65,19,65,18,167
4137,52,34,64,18,168
4138,68,31,68,14,181
4139,166,19,166,16,367
4140,65,33,234,16,348
4142,163,35,67,17,282
4144,68,33,166,16,283
4146,68,31,52,18,169
4147,99,17,67,17,200
4148,64,35,67,17,183
4149,68,17,67,17,169
4150,66,35,100,15,216
4152,52,18,100,15,185
4153,68,16,100,16,200
4154,67,33,67,16,183
4155,67,16,67,16,166
4158,168,33,65,18,284
4161,51,34,67,16,168
4162,66,34,116,15,231
4164,68,33,65,18,184
4165,85,31,52,15,183
4166,98,34,66,17,215
4168,64,34,66,17,181
4169,68,16,66,17,167
4170,65,33,67,18,183
4173,298,18,119,16,451
4175,65,17,134,18,234
4177,67,16,100,18,201
4178,52,16,100,18,186
4179,51,32,300,19,402
4180,52,14,300,19,385
4181,97,19,132,18,266
4182,68,32,132,18,250
4183,63,19,132,18,232
4186,66,32,119,16,233
4187,103,16,66,19,204
4188,300,33,98,18,449
4189,66,16,66,19,167
4190,66,32,53,16,167
4191,52,32,53,16,153
4193,66,16,66,19,167
4195,86,31,101,18,236
4196,53,16,66,15,150
4197,166,17,98,18,299
4198,66,35,66,18,185
4199,66,16,66,18,166
4201,50,33,68,14,165
4202,101,35,114,18,268
4203,82,35,114,18,249
4204,84,17,114,18,233
4206,51,17,114,18,200
4207,66,17,83,18,184
4208,98,36,67,15,216
4209,98,18,67,15,198
4212,83,18,65,17,183
4213,165,17,52,16,250
4214,51,18,65,17,151
4216,67,31,52,14,164
4217,52,31,52,14,149
4218,65,34,52,16,167
4220,150,16,52,16,234
4223,69,16,85,16,186
4225,67,16,52,16,151
4226,101,36,66,17,220
4227,65,16,52,15,148
4228,85,16,66,17,184
4229,68,16,66,17,167
4231,52,31,135,15,233
4232,52,15,135,15,217
4233,497,17,67,16,597
4234,66,34,66,15,181
4235,300,15,67,18,400
4236,150,17,101,17,285
4237,67,13,50,17,147
4238,100,32,101,17,250
4239,98,17,101,17,233
4242,168,32,67,18,285
4244,66,34,98,18,216
4245,67,18,98,18,201
4247,51,33,99,18,201
4248,67,32,67,18,184
4249,68,15,67,18,168
4250,65,33,52,15,165
4251,67,16,52,15,150
4253,66,16,67,16,165
4255,50,33,134,16,233
4257,65,18,66,17,166
4259,65,17,67,16,165
4260,67,33,269,15,384
4263,67,17,64,20,168
4264,67,34,50,16,167
4265,65,18,50,16,149
4266,68,30,70,15,183
4268,64,36,84,15,199
4269,68,16,84,15,183
4270,515,18,200,17,750
4271,98,18,68,15,199
4273,65,18,68,15,166
4276,50,15,51,17,133
4277,68,18,67,14,167
4279,66,17,99,19,201
4282,98,33,68,17,216
4283,52,31,52,14,149
4285,81,33,52,15,181
4286,64,33,52,15,164
4287,101,17,133,16,267
4288,52,14,52,15,133
4290,68,32,101,16,217
4291,66,15,101,16,198
4292,52,15,101,16,184
4293,101,15,50,17,183
4296,52,15,50,17,134
4297,64,18,200,17,299
4298,67,33,66,18,184
4300,100,33,134,16,283
4301,51,33,51,17,152
4302,84,15,134,16,249
4305,68,17,66,17,168
4309,50,33,66,18,167
4310,99,33,135,16,283
4312,66,33,135,16,250
4314,84,16,67,16,183
4315,166,18,66,17,267
4317,51,33,68,16,168
4319,300,16,67,15,398
4320,51,16,68,15,150
4321,65,18,66,17,166
4322,68,34,49,16,167
4324,68,32,102,15,217
4326,66,33,69,15,183
4328,49,16,69,15,149
4330,68,34,98,15,215
4331,51,34,98,15,198
4332,100,32,68,15,215
4334,65,32,68,15,180
4336,98,33,66,18,215
4337,83,33,66,18,200
4338,100,33,51,15,199
4340,101,33,102,15,251
4341,66,18,51,15,150
4343,84,33,69,15,201
4344,66,33,69,15,183
4346,166,36,65,17,284
4349,70,14,99,15,198
4350,100,36,65,17,218
4351,52,31,68,15,166
4352,66,36,65,17,184
4353,63,18,65,17,163
4354,67,32,50,17,166
4355,52,32,50,17,151
4356,52,16,50,17,135
4359,66,17,65,17,165
4360,50,17,65,17,149
4361,52,31,67,17,167
4363,67,15,101,16,199
4364,50,15,101,16,182
4365,66,16,68,16,166
4367,65,17,50,18,150
4368,50,17,50,18,135
4369,68,16,133,19,236
4371,101,17,66,19,203
4376,67,32,133,17,249
4377,51,32,133,17,233
4378,66,33,67,17,183
4379,69,14,67,17,167
4381,65,19,65,17,166
4385,51,33,67,16,167
4386,65,33,85,16,199
4387,51,33,85,16,185
4388,66,34,51,16,167
4389,67,16,51,16,150
4390,67,33,185,17,302
4392,85,16,66,16,183
4393,67,16,66,16,165
4394,51,16,66,16,149
4395,101,16,85,17,219
4396,67,33,85,17,202
4397,66,16,85,17,184
4398,66,33,133,17,249
4399,151,33,100,15,299
4402,67,35,64,17,183
4404,52,17,64,17,150
4406,99,37,63,17,216
4408,101,32,66,15,214
4409,166,18,65,18,267
4410,68,32,66,15,181
4411,85,31,118,18,252
4412,69,31,118,18,236
4414,98,31,52,18,199
4419,68,15,100,17,200
4421,300,16,67,19,402
4422,86,15,67,17,185
4423,166,16,99,18,299
4424,52,15,67,17,151
4425,65,17,67,17,166
4427,300,17,64,18,399
4428,151,16,99,19,285
4429,101,18,199,18,336
4431,85,32,99,19,235
4432,84,16,99,19,218
4433,99,16,67,19,201
4434,51,16,99,19,185
4436,100,31,100,18,249
4437,66,18,50,17,151
4438,83,16,100,18,217
4440,51,16,100,18,185
4441,68,17,64,18,167
4442,50,17,64,18,149
4444,68,32,67,19,186
4445,67,14,67,19,167
4446,64,33,53,17,167
4447,67,15,53,17,152
4449,65,16,134,17,232
4450,168,33,99,18,318
4451,85,32,132,17,266
4452,53,17,98,17,185
4454,68,33,99,17,217
4455,97,18,99,18,232
4456,98,33,84,16,231
4457,99,16,84,16,215
4459,67,16,84,16,183
4460,99,33,67,18,217
4461,51,33,134,17,235
4462,66,33,67,18,184
4464,66,34,67,17,184
4466,286,15,66,17,384
4468,101,32,102,18,253
4470,67,32,102,18,219
4471,51,32,102,18,203
4472,168,33,66,17,284
4473,68,15,166,17,266
4474,52,15,166,17,250
4476,69,33,133,18,253
4477,65,17,133,18,233
4478,151,15,134,16,316
4480,51,15,66,17,149
4482,84,15,134,16,249
4483,66,15,134,16,231
4484,518,16,101,16,651
4486,84,16,66,16,182
4489,51,33,84,15,183
4490,100,34,67,15,216
4491,66,16,51,15,148
4493,83,32,85,16,216
4494,166,34,199,16,415
4495,50,32,85,16,183
4496,85,16,50,16,167
4497,85,32,100,17,234
4499,182,33,52,16,283
4500,67,34,199,16,316
4501,82,33,118,16,249
4502,99,33,66,19,217
4503,51,33,118,16,218
4504,67,33,66,19,185
4506,151,16,101,16,284
4507,67,16,52,16,151
4508,66,33,67,16,182
4510,66,35,101,16,218
4511,68,16,101,16,201
4512,169,31,67,18,285
4514,67,33,52,15,167
4515,1448,33,67,18,1566
4516,65,36,83,15,199
4517,67,19,83,15,184
4518,69,31,67,18,185
4519,53,31,67,18,169
4521,102,15,134,17,268
4523,67,15,134,17,233
4526,99,34,101,14,248
4528,67,34,101,14,216
4530,101,32,68,17,218
4532,67,32,68,17,184
4533,100,18,65,16,199
4534,166,34,83,17,300
4536,167,33,99,16,315
4538,101,34,83,17,235
4539,67,16,51,16,150
4540,65,34,83,17,199
4541,51,34,83,17,185
4542,84,16,99,16,215
4543,67,16,99,16,198
4544,51,16,99,16,182
4545,101,17,66,20,204
4547,169,13,141,9,332
4548,67,32,54,13,166
4549,52,32,54,13,151
4550,65,34,83,18,200
4552,66,33,141,9,249
4555,51,34,107,9,201
4556,67,34,73,9,183
4557,113,41,160,15,329
4559,52,32,66,19,169
4560,85,22,160,15,282
4561,69,22,160,15,266
4565,66,14,51,17,148
4566,58,35,67,15,175
4569,65,17,101,16,199
4572,100,34,65,17,216
4573,168,15,50,17,250
4574,67,34,65,17,183
4576,83,15,67,17,182
4577,167,17,100,17,301
4579,285,33,65,18,401
4580,50,15,50,17,132
4581,66,16,68,17,167
4582,67,34,100,17,218
4583,65,17,100,17,199
4584,300,33,67,18,418
4585,101,16,68,15,200
4586,68,33,68,15,184
4587,68,16,68,15,167
4589,150,33,50,15,248
4590,66,35,116,15,232
4591,66,18,116,15,215
4592,50,18,116,15,199
4593,51,33,65,18,167
4594,68,33,50,15,166
4597,301,17,66,16,400
4600,100,32,99,19,250
4601,66,18,65,17,166
4602,83,17,99,19,218
4603,100,15,66,19,200
4606,100,31,53,15,199
4607,67,18,133,16,234
4608,68,31,53,15,167
4609,50,31,53,15,149
4611,68,17,66,16,167
4612,67,32,66,17,182
4613,52,32,66,17,167
4615,299,17,99,17,432
4617,98,17,99,18,232
4618,167,32,68,17,284
4619,99,16,150,15,280
4621,84,33,100,17,234
4622,300,35,100,15,450
4624,99,33,52,15,199
4627,49,33,52,15,149
4628,65,35,99,17,216
4629,66,17,99,17,199
4633,67,17,100,17,201
4634,67,32,68,17,184
4636,67,35,100,15,217
4637,84,33,67,15,199
4638,67,33,67,15,182
4639,102,17,134,16,269
4640,300,33,69,15,417
4641,68,17,134,16,235
4645,100,16,201,15,332
4646,99,35,64,18,216
4647,67,16,201,15,299
4649,102,17,64,17,200
4650,50,19,64,18,151
4652,51,17,64,17,149
4653,101,15,69,15,200
4655,66,15,69,15,165
4657,100,18,65,16,199
4658,50,17,50,17,134
4660,69,32,133,17,251
4661,168,16,66,19,269
4663,68,15,51,16,150
4664,65,34,66,17,182
4665,167,16,68,18,269
4667,82,33,52,16,183
4669,152,33,99,18,302
4670,66,33,68,18,185
4676,167,35,66,15,283
4677,67,15,66,18,166
4678,51,15,66,18,150
4679,784,33,68,15,900
4682,66,35,66,15,182
4683,68,17,66,15,166
4684,51,17,66,15,149
4685,52,33,166,16,267
4686,50,18,166,16,250
4687,98,18,100,16,232
4688,66,33,100,16,215
4689,66,18,100,16,200
4691,68,16,67,16,167
4694,784,16,99,18,917
4695,67,16,99,16,198
4697,101,16,66,18,201
4700,51,16,66,18,151
4701,51,32,52,15,150
4702,298,36,99,16,449
4705,82,34,69,14,199
4707,51,34,69,14,168
4708,102,34,63,18,217
4709,84,34,63,18,199
4710,69,34,63,18,184
4711,50,34,63,18,165
4712,69,32,67,15,183
4713,85,31,135,16,267
4715,51,31,135,16,233
4716,63,36,99,16,214
4717,67,18,99,16,200
4720,51,17,67,16,151
4721,50,34,133,17,234
4722,2815,16,100,18,2949
4723,51,33,68,15,167
4725,52,34,66,17,169
4727,51,34,98,17,200
4728,68,32,66,17,183
4729,52,32,66,17,167
4730,165,34,99,18,316
4731,68,16,66,18,168
4732,65,33,51,16,165
4733,66,17,51,16,150
4734,66,33,69,14,182
4736,84,16,99,18,217
4738,51,16,99,18,184
4739,66,19,131,17,233
4741,165,17,67,18,267
4742,66,33,67,17,183
4745,50,35,99,18,202
4746,167,33,68,15,283
4747,66,17,67,18,168
4748,67,34,66,17,184
4749,166,16,101,17,300
4750,66,33,101,15,215
4751,102,15,68,15,200
4752,300,36,64,19,419
4753,68,15,68,15,166
4755,67,16,101,17,201
4756,50,16,101,17,184
4757,98,18,66,17,199
4758,68,33,66,17,184
4759,66,18,66,17,167
4762,66,33,69,14,182
4763,68,16,69,14,167
4765,101,19,64,19,203
4766,66,36,64,19,185
4767,66,19,64,19,168
4768,69,32,51,17,169
4769,84,32,68,18,202
4770,68,32,68,18,186
4772,64,36,101,16,217
4773,50,36,101,16,203
4774,51,17,101,16,185
4775,51,32,69,16,168
4777,67,14,53,15,149
4778,101,31,67,15,214
4779,65,21,63,17,166
4781,181,34,101,15,331
4782,53,15,67,15,150
4783,167,18,101,15,301
4785,64,18,66,15,163
4787,66,17,68,15,166
4788,101,34,67,15,217
4792,68,32,67,17,184
4793,84,35,66,15,200
4795,152,32,50,18,252
4797,551,32,102,15,700
4798,67,34,65,17,183
4799,66,17,65,17,165
4800,66,32,50,18,166
4801,51,32,50,18,151
4802,66,33,68,17,184
4803,99,18,67,15,199
4806,168,34,65,17,284
4808,552,15,134,15,716
4809,100,18,69,13,200
4810,100,34,65,17,216
4811,65,18,69,13,165
4812,101,35,64,16,216
4813,66,18,65,17,166
4814,102,30,68,15,215
4819,68,17,65,19,169
4820,64,34,150,16,264
4821,85,31,67,19,202
4822,68,31,67,19,185
4825,68,16,134,15,233
4826,98,33,69,15,215
4827,67,16,102,15,200
4828,169,32,50,17,268
4831,68,16,66,18,168
4832,52,16,66,18,152
4833,148,34,66,16,264
4834,151,17,66,16,250
4835,65,17,50,17,149
4836,99,34,66,16,215
4837,82,34,66,16,198
4839,100,18,66,15,199
4840,83,18,66,15,182
4842,50,18,66,15,149
4843,99,18,66,17,200
4844,100,33,68,16,217
4845,66,18,66,17,167
4846,66,33,68,16,183
4847,50,33,68,16,167
4849,101,18,65,17,201
4851,68,18,65,17,168
4854,51,16,83,18,168
4855,50,33,50,18,151
4856,65,33,200,18,316
4857,99,18,66,17,200
4858,66,35,66,17,184
4859,67,18,66,17,168
4860,101,33,166,18,318
4861,51,33,66,17,167
4862,68,33,166,18,285
4863,51,33,166,18,268
4864,83,16,66,18,183
4865,549,34,68,15,666
4866,50,16,66,18,150
4870,285,15,66,18,384
4871,167,16,67,18,268
4872,51,17,66,17,151
4874,101,33,67,18,219
4875,550,34,66,15,665
4876,66,33,67,18,184
4877,66,16,67,18,167
4878,51,16,67,18,152
4880,66,34,99,18,217
4881,66,17,99,18,200
4887,65,16,100,18,199
4888,166,34,68,15,283
4889,168,16,68,15,267
4891,69,14,51,16,150
4893,166,18,66,17,267
4894,66,34,68,15,183
4895,149,32,100,16,297
4898,102,32,100,16,250
4901,52,32,100,16,200
4902,101,34,66,15,216
4903,101,17,66,15,199
4904,66,34,66,15,181
4905,68,17,66,15,166
4906,51,17,66,15,149
4907,51,32,67,17,167
4908,100,33,84,17,234
4909,98,18,84,17,217
4910,99,34,133,16,282
4911,65,18,84,17,184
4914,100,34,66,16,216
4915,52,33,66,17,168
4916,67,34,66,16,183
4917,67,17,66,16,166
4918,67,32,67,17,183
4920,100,33,67,16,216
4922,82,17,67,16,182
4924,50,17,67,16,150
4925,67,16,68,15,166
4926,66,34,100,15,215
4927,285,31,52,16,384
4928,67,34,66,15,182
4929,66,18,66,15,165
4930,101,33,117,15,266
4931,51,33,67,16,167
4933,84,34,198,18,334
4934,66,34,198,18,316
4935,101,16,100,18,235
4936,99,35,83,16,233
4937,82,35,83,16,216
4938,66,35,83,16,200
4942,166,34,68,16,284
4943,100,16,100,17,233
4944,65,34,100,17,216
4945,100,15,102,16,233
4946,168,34,66,16,284
4947,66,15,102,16,199
4948,66,34,68,16,184
4950,100,34,66,16,216
4952,85,17,66,16,184
4953,67,17,66,16,166
4954,68,33,66,17,184
4956,50,17,66,17,150
4957,166,16,198,19,399
4958,165,34,101,15,315
4959,66,17,66,16,165
4960,66,32,68,17,183
4961,284,29,54,15,382
4962,65,34,198,19,316
4963,99,18,101,15,233
4964,66,34,101,15,216
4965,65,18,101,15,199
4966,85,17,234,15,351
4968,51,17,234,15,317
4969,153,29,54,15,251
4970,101,34,64,19,218
4971,65,19,117,15,216
4972,67,34,64,19,184
4974,68,29,54,15,166
4978,64,34,67,16,181
4979,51,34,67,16,168
4980,54,15,67,16,152
4981,68,17,65,16,166
4982,69,32,68,15,184
4985,65,17,100,37,219
4986,165,37,77,16,295
4987,85,32,70,7,194
4988,68,32,70,7,177
4989,154,28,65,17,264
4991,51,33,114,16,214
4992,102,28,65,17,212
4995,53,28,65,17,163
4997,77,16,65,20,178
4999,65,32,68,16,181
5000,51,32,68,16,167
5003,65,35,67,19,186
5004,68,15,67,19,169
5006,151,32,65,18,266
5007,102,35,97,18,252
5008,65,17,101,14,197
5010,51,35,97,18,201
5013,101,31,67,18,217
5014,64,18,98,18,198
5015,97,34,51,17,199
5016,100,16,51,17,184
5019,65,33,66,19,183
5020,51,33,66,19,169
5021,67,35,64,18,184
5022,166,17,85,18,286
5023,99,33,68,17,217
5024,167,18,52,18,255
5026,99,17,85,18,219
5027,64,35,85,18,202
5028,168,18,132,16,334
5029,101,32,103,15,251
5030,99,15,103,15,232
5032,102,18,132,16,268
5033,65,38,132,16,251
5034,88,31,134,15,268
5035,52,18,132,16,218
5036,167,18,230,19,434
5037,69,34,67,16,186
5040,100,18,230,19,367
5042,67,18,230,19,334
5044,68,17,132,16,233
5045,800,33,102,16,951
5046,282,34,167,19,502
5047,65,33,67,16,181
5049,65,32,51,16,164
5050,67,15,51,16,149
5052,84,32,86,15,217
5053,67,32,86,15,200
5055,51,16,86,15,168
5057,65,34,68,15,182
5058,83,34,167,19,303
5060,49,34,167,19,269
5061,102,33,65,20,220
5062,98,18,65,20,201
5064,64,18,65,20,167
5065,67,34,85,16,202
5066,85,31,54,16,186
5067,51,16,85,16,168
5068,52,31,54,16,153
5070,165,17,66,18,266
5071,85,16,65,18,184
5072,69,16,65,18,168
5075,100,33,51,15,199
5076,64,17,66,18,165
5077,65,33,51,15,164
5078,52,33,51,15,151
5079,52,15,51,15,133
5080,101,15,66,17,199
5081,283,16,103,14,416
5083,51,15,66,17,149
5084,64,17,67,17,165
5085,66,33,51,16,166
5088,168,16,103,14,301
5090,100,16,69,16,201
5091,51,16,102,16,185
5092,67,16,69,16,168
5093,50,16,69,16,151
5094,67,16,103,14,200
5095,51,16,103,14,184
5096,69,16,68,14,167
5097,85,18,97,19,219
5098,51,34,97,19,201
5100,65,19,63,19,166
5101,68,31,51,16,166
5102,52,31,51,16,150
5103,65,32,134,18,249
5105,82,16,117,15,230
5108,51,33,84,15,183
5109,86,16,84,18,204
5110,67,16,84,18,185
5111,67,32,52,18,169
5113,84,15,68,18,185
5114,66,15,68,18,167
5116,50,37,101,16,204
5117,101,32,54,20,207
5118,153,36,61,18,268
5119,68,32,54,20,174
5124,52,36,61,18,167
5125,102,33,93,6,234
5126,55,28,51,16,150
5127,64,33,93,6,196
5129,61,34,59,6,160
5130,51,34,59,6,150
5133,69,30,68,18,185
5134,75,6,68,18,167
5135,59,6,68,18,151
5136,99,18,54,15,186
5137,65,33,54,15,167
5138,56,18,54,15,143
5139,86,18,65,15,184
5141,87,15,66,17,185
5142,54,33,66,17,170
5143,152,16,66,18,252
5144,66,17,51,16,150
5145,65,34,67,15,181
5146,98,16,66,18,198
5147,66,33,66,18,183
5148,51,33,66,18,168
5149,51,16,66,18,151
5150,52,34,167,15,268
5152,65,17,51,17,150
5154,283,32,135,16,466
5155,66,34,67,15,182
5156,167,18,66,16,267
5158,84,33,65,16,198
5161,67,33,66,16,182
5162,166,16,135,16,333
5164,82,34,67,15,198
5165,166,32,68,16,282
5166,100,16,135,16,267
5167,66,32,135,16,249
5168,67,16,135,16,234
5169,50,16,135,16,217
5170,50,35,100,16,201
5171,99,34,66,19,218
5172,51,32,68,16,167
5175,66,34,51,18,169
5176,51,34,51,18,154
5177,286,16,66,15,383
5179,66,37,62,20,185
5181,51,18,62,20,151
5182,53,29,53,16,151
5183,99,36,67,14,216
5184,66,14,52,18,150
5185,62,36,67,14,179
5187,53,16,67,14,150
5188,101,16,66,15,198
5189,87,16,66,15,184
5190,67,16,66,15,164
5191,51,16,66,15,148
5192,51,32,66,17,166
5193,65,34,65,18,182
5194,64,18,65,18,165
5196,303,14,102,18,437
5197,169,30,52,15,266
5198,67,16,70,13,166
5201,51,20,162,19,252
5202,54,32,65,17,168
5203,70,30,52,15,167
5204,100,17,65,19,201
5205,62,35,65,19,181
5206,68,17,65,19,169
5207,65,32,84,16,197
5208,168,16,53,15,252
5209,52,15,84,16,167
5210,101,17,66,18,202
5211,65,36,66,18,185
5213,52,17,66,18,153
5215,102,33,101,15,251
5216,67,16,83,17,183
5218,51,33,101,15,200
5219,101,34,98,19,252
5220,67,15,68,15,165
5222,65,17,98,19,199
5223,67,34,64,19,184
5225,68,33,82,18,201
5229,64,35,66,16,181
5231,66,34,103,20,223
5232,66,18,103,20,207
5233,51,18,103,20,192
5234,490,32,70,15,607
5235,66,34,91,15,206
5236,175,15,134,18,342
5238,172,18,67,16,273
5239,71,36,68,16,191
5240,55,36,68,16,175
5241,91,15,134,18,258
5243,65,35,67,16,183
5244,100,16,67,18,201
5247,51,16,67,18,152
5248,85,32,84,17,218
5249,99,33,51,17,200
5250,67,16,84,17,184
5252,67,15,51,17,150
5253,65,35,66,17,183
5256,50,33,65,17,165
5257,101,32,70,15,218
5258,66,17,66,16,165
5260,82,34,51,16,183
5261,99,36,97,18,250
5262,150,33,167,16,366
5265,70,31,66,18,185
5266,300,17,68,17,402
5267,51,16,66,18,151
5268,168,16,67,16,267
5269,64,33,100,17,214
5271,84,17,65,17,183
5272,100,16,67,16,199
5273,51,17,65,17,150
5274,68,16,67,16,167
5275,67,33,67,16,183
5276,99,17,166,18,300
5278,66,17,166,18,267
5279,67,33,68,17,185
5282,166,17,68,16,267
5283,67,34,65,18,184
5284,285,32,168,15,500
5286,100,17,68,16,201
5289,65,33,68,16,182
5290,66,15,68,16,165
5293,101,34,99,17,251
5294,83,34,99,17,233
5297,67,32,168,15,282
5298,150,35,66,15,266
5299,51,15,168,15,249
5300,101,16,66,16,199
5301,165,35,65,18,283
5302,66,16,66,16,164
5303,51,16,66,16,149
5305,167,33,52,16,268
5306,98,19,65,18,200
5307,66,35,65,18,184
5308,65,19,65,18,167
5310,98,16,52,16,182
5312,68,16,52,16,152
5313,83,17,83,15,198
5315,85,16,65,17,183
5316,51,33,65,17,166
5317,101,32,52,15,200
5318,100,15,52,15,182
5322,101,15,101,17,234
5323,84,15,101,17,217
5324,167,16,66,18,267
5325,102,31,52,17,202
5326,101,15,52,17,185
5327,68,31,52,17,168
5328,66,15,52,17,150
5329,101,34,116,15,266
5330,68,16,66,18,168
5333,101,33,51,15,200
5335,66,33,51,15,165
5336,148,35,132,18,333
5337,731,35,50,17,833
5338,84,32,52,15,183
5339,84,15,52,15,166
5340,49,32,52,15,148
5341,168,35,198,15,416
5342,101,15,70,14,200
5343,67,32,70,14,183
5346,50,35,99,18,202
5347,67,35,198,15,315
5348,66,19,198,15,298
5349,51,19,198,15,283
5350,53,30,201,16,300
5351,99,34,66,17,216
5353,64,34,66,17,181
5355,52,16,66,17,151
5357,68,32,67,16,183
5358,67,15,67,16,165
5359,51,15,67,16,149
5361,516,16,168,16,716
5362,64,18,67,17,166
5364,50,33,199,18,300
5366,102,16,67,17,202
5367,84,16,67,17,184
5368,68,16,67,17,168
5369,51,16,67,17,151
5371,51,16,65,18,150
5372,166,17,50,17,250
5374,66,15,51,17,149
5375,98,35,50,17,200
5378,298,19,100,16,433
5380,66,18,66,17,167
5382,167,16,168,16,367
5385,66,33,67,15,181
5387,66,33,168,16,283
5388,66,16,168,16,266
5389,66,34,66,17,183
5390,149,33,51,16,249
5393,68,32,68,16,184
5394,152,32,51,16,251
5395,66,33,51,16,166
5397,65,35,66,17,183
5400,100,17,84,16,217
5401,101,33,67,15,216
5402,168,16,50,16,250
5403,66,33,67,15,181
5406,283,34,165,19,501
5407,84,16,50,16,166
5408,98,17,52,15,182
5411,66,34,67,17,184
5412,66,16,67,17,166
5413,50,16,67,17,150
5415,52,15,201,16,284
5416,66,17,50,17,150
5417,166,33,68,16,283
5418,99,17,165,19,300
5419,84,17,165,19,285
5421,283,18,66,20,387
5422,166,17,51,16,250
5425,65,35,84,16,200
5426,67,18,84,16,185
5427,101,32,51,18,202
5428,66,17,51,16,150
5429,68,32,51,18,169
5431,65,35,66,16,182
5432,68,16,66,16,166
5433,51,16,66,16,149
5434,51,34,66,20,171
5435,155,47,67,15,284
5436,98,18,51,16,183
5438,66,18,51,16,151
5440,102,16,67,15,200
5442,69,16,67,15,167
5444,96,18,82,16,212
5447,67,32,100,16,215
5448,52,32,100,16,200
5449,49,17,100,16,182
5450,68,15,67,16,166
5451,65,33,67,19,184
5453,50,16,67,19,152
5454,98,17,184,17,316
5455,100,33,68,17,218
5456,66,17,184,17,284
5457,67,33,68,17,185
5458,701,15,67,18,801
5459,84,16,100,17,217
5460,68,16,100,17,201
5461,167,34,67,17,285
5462,165,17,67,17,266
5464,67,15,51,17,150
5465,51,15,51,17,134
5466,285,32,51,16,384
5467,66,34,67,17,184
5468,66,17,67,17,167
5469,51,17,67,17,152
5470,66,17,101,17,201
5473,67,34,66,16,183
5474,85,33,65,18,201
5476,101,16,65,18,200
5479,98,33,69,16,216
5480,51,32,51,16,150
5481,98,34,168,17,317
5482,99,16,168,17,300
5483,284,15,67,18,384
5486,67,17,69,29,182
5487,167,35,65,18,285
5488,67,14,68,16,165
5489,168,32,67,18,285
5490,66,20,81,15,182
5492,67,15,152,16,250
5493,68,35,65,18,186
5494,65,19,65,18,167
5495,163,34,68,14,279
5497,301,33,67,16,417
5498,102,16,67,17,202
5499,99,34,68,14,215
5500,66,16,67,17,166
5501,151,18,65,15,249
5502,69,16,68,14,167
5504,100,18,65,15,198
5505,67,35,65,15,182
5506,84,31,85,15,215
5508,101,17,51,15,184
5509,100,33,67,16,216
5512,66,18,67,16,167
5513,67,33,50,16,166
5516,101,16,102,16,235
5519,168,31,67,18,284
5521,67,32,133,18,250
5522,100,18,67,14,199
5523,102,31,67,18,218
5524,67,18,67,14,166
5525,67,31,67,18,183
5528,151,34,66,16,267
5531,67,35,67,15,184
5534,52,34,66,16,168
5537,67,33,65,18,183
5538,51,33,65,18,167
5539,97,34,67,17,215
5541,64,34,67,17,182
5543,65,34,66,18,183
5544,67,16,66,18,167
5545,301,34,66,17,418
5546,66,17,101,15,199
5547,67,33,68,15,183
5548,100,17,66,16,199
5549,66,35,66,16,183
5550,68,17,66,16,167
5551,51,17,66,16,150
5553,68,33,83,17,201
5554,284,33,99,16,432
5555,99,33,69,15,216
5556,98,17,69,15,199
5557,66,33,69,15,183
5558,101,17,66,17,201
5561,50,17,66,17,150
5563,69,31,52,16,168
5564,52,31,52,16,151
5565,66,35,66,17,184
5567,83,16,99,16,214
5568,84,33,66,16,199
5569,101,33,66,18,218
5571,66,33,66,18,183
5572,166,16,117,15,314
5573,99,33,133,18,283
5574,100,17,133,18,268
5577,66,34,117,15,232
5578,67,16,117,15,215
5580,100,17,103,14,234
5582,100,15,70,14,199
5584,67,15,70,14,166
5587,84,19,82,15,200
5588,66,19,82,15,182
5589,84,16,52,15,167
5590,52,30,52,15,149
5593,114,17,66,16,213
5594,68,15,100,16,199
5595,101,33,134,16,284
5599,151,17,65,18,251
5600,50,33,51,17,151
5601,100,34,65,18,217
5602,65,18,134,16,233
5604,85,33,67,16,201
5605,51,17,65,18,151
5608,100,17,98,18,233
5610,66,17,98,18,199
5611,67,32,184,16,299
5613,51,16,184,16,267
5614,49,33,67,17,166
5615,83,15,102,16,216
5618,101,16,51,16,184
5620,66,16,51,16,149
5621,102,32,67,16,217
5622,66,18,99,16,199
5623,468,31,67,17,583
5625,300,33,102,16,451
5626,167,17,84,15,283
5629,67,34,117,15,233
5630,50,34,117,15,216
5631,67,33,84,15,199
5632,167,15,101,17,300
5633,102,32,65,17,216
5635,100,32,101,17,250
5637,299,33,52,16,400
5638,69,15,101,17,202
5640,51,33,102,16,202
5641,65,36,131,18,250
5642,65,19,131,18,233
5643,69,32,65,18,184
5644,52,32,65,18,167
5645,102,31,67,17,217
5646,85,31,67,17,200
5648,50,31,67,17,165
5652,99,17,101,15,232
5653,52,15,52,16,135
5654,66,17,101,15,199
5655,67,34,100,17,218
5657,101,34,100,15,250
5658,51,33,67,17,168
5661,67,33,67,15,182
5663,67,32,67,16,182
5664,51,32,67,16,166
5665,167,32,99,19,317
5666,85,32,102,14,233
5667,67,32,102,14,215
5668,50,32,102,14,198
5669,102,32,99,19,252
5671,300,32,101,17,450
5672,52,32,99,19,202
5673,51,16,99,19,185
5675,99,32,52,16,199
5677,67,32,52,16,167
5678,66,16,52,16,150
5679,166,32,101,17,316
5680,167,17,101,17,302
5681,51,17,66,15,149
5682,52,32,101,16,201
5684,150,31,201,18,400
5686,65,17,101,17,200
5687,49,17,101,17,184
5689,150,17,66,16,249
5690,302,16,66,16,400
5691,66,35,134,15,250
5693,83,17,66,16,182
5695,52,17,66,16,151
5697,100,34,50,16,200
5698,66,17,84,16,183
5699,66,34,50,16,166
5700,51,34,50,16,151
5703,66,34,66,16,182
5704,105,45,67,17,234
5705,50,16,66,16,148
5706,102,15,67,17,201
5707,55,45,67,17,184
5708,67,15,67,17,166
5709,51,15,67,17,150
5710,61,19,65,18,163
5712,99,16,100,17,232
5713,51,16,150,16,233
5715,65,34,66,17,182
5716,67,16,66,17,166
5717,100,33,99,17,249
5719,152,15,66,39,272
5721,165,34,75,16,290
5722,66,16,66,17,165
5723,50,16,66,17,149
5724,149,39,52,19,259
5729,66,39,52,19,176
5731,73,21,64,34,192
5732,56,21,64,34,175
5733,174,18,49,16,257
5736,64,34,67,16,181
5737,61,22,67,16,166
5738,67,34,49,16,166
5739,182,32,69,14,297
5741,56,33,67,16,172
5742,83,16,51,16,166
5743,51,32,51,16,150
5744,100,32,69,14,215
5746,83,16,69,14,182
5748,51,16,69,14,150
5751,66,19,100,15,200
5752,69,30,136,15,250
5753,66,16,136,15,233
5755,85,34,66,15,200
5756,100,28,136,19,283
5757,52,34,66,15,167
5758,151,17,66,19,253
5759,65,13,136,19,233
5760,62,38,67,16,183
5763,51,32,66,19,168
5765,85,31,69,16,201
5766,67,31,69,16,183
5767,52,31,69,16,168
5768,151,16,86,15,268
5769,66,14,134,20,234
5770,64,36,67,14,181
5773,66,16,86,15,183
5774,103,31,100,19,253
5778,66,35,65,19,185
5783,166,16,66,16,264
5784,151,16,66,16,249
5785,102,15,67,16,200
5786,66,32,67,16,181
5787,68,15,67,16,166
5788,86,16,66,16,184
5789,67,16,66,16,165
5791,98,18,99,16,231
5792,67,34,99,16,216
5793,64,18,99,16,197
5794,66,33,66,16,181
5795,51,33,66,16,166
5796,67,33,84,16,200
5797,51,33,84,16,184
5798,66,33,51,16,166
5799,50,33,51,16,150
5800,66,33,68,16,183
5801,66,17,68,16,167
5802,84,16,67,18,185
5803,299,17,65,18,399
5804,51,16,67,18,152
5805,51,34,168,15,268
5806,68,33,51,17,169
5807,50,33,51,17,151
5808,50,17,51,17,135
5809,103,17,82,17,219
5811,68,17,82,17,184
5813,50,32,67,17,166
5816,67,32,65,18,182
5817,67,17,65,18,167
5818,67,35,66,14,182
5819,52,35,66,14,167
5820,67,30,50,19,166
5821,100,18,65,15,198
5823,515,35,100,15,665
5824,66,33,66,15,180
5826,50,19,66,15,150
5827,98,19,50,15,182
5828,65,34,50,15,164
5829,66,19,50,15,150
5830,66,34,64,17,181
5831,85,31,135,16,267
5832,68,31,135,16,250
5834,98,35,67,16,216
5835,100,18,67,16,201
5836,99,33,66,20,218
5840,154,15,65,17,251
5842,50,17,88,12,167
5843,104,15,65,17,201
5844,66,35,65,17,183
5845,69,15,65,17,166
5846,88,12,67,15,182
5848,167,35,98,19,319
5849,97,18,100,15,230
5850,65,35,100,15,215
5854,67,35,98,19,219
5856,83,17,65,19,184
5857,85,33,51,26,195
5858,875,27,108,21,1031
5859,50,33,51,26,160
5860,66,32,70,13,181
5861,152,31,99,18,300
5862,65,45,74,15,199
5863,69,26,74,15,184
5864,102,31,99,18,250
5865,1776,16,164,18,1974
5866,70,31,99,18,218
5867,51,31,99,18,199
5868,89,34,50,17,190
5869,81,34,50,17,182
5870,98,32,53,14,197
5871,301,19,166,16,502
5872,152,14,152,16,334
5874,66,35,100,14,215
5875,168,17,68,16,269
5876,67,32,152,16,267
5877,101,17,65,17,200
5880,50,17,65,17,149
5881,96,18,102,15,231
5882,100,36,166,16,318
5883,166,18,67,14,265
5884,65,36,166,16,283
5885,559,21,88,53,721
5886,84,16,68,14,182
5888,52,16,68,14,150
5889,152,33,86,19,290
5890,100,33,67,14,214
5891,50,34,66,16,166
5892,68,33,67,14,182
5893,52,33,67,14,166
5894,186,19,68,9,282
5896,66,34,86,12,198
5897,52,34,86,12,184
5898,119,19,68,9,215
5899,53,29,194,9,285
5900,86,19,68,9,182
5901,157,27,108,21,313
5902,52,19,68,9,148
5903,57,27,100,25,209
5904,110,27,108,21,266
5905,87,27,108,21,243
5906,68,27,108,21,224
5907,188,21,88,53,350
5909,59,34,63,48,204
5910,50,34,63,48,195
5911,177,40,53,12,282
5912,64,27,69,7,167
5914,51,21,88,53,213
5918,88,53,150,15,306
5919,79,53,150,15,297
5920,93,92,58,15,258
5922,145,44,174,32,395
5923,92,44,174,32,342
5924,138,15,145,32,330
5926,91,9,203,40,343
5927,49,34,203,40,326
5928,174,32,150,37,393
5930,145,32,150,37,364
5931,120,32,150,37,339
5935,144,40,87,14,285
5936,92,40,87,14,233
5937,81,40,87,14,222
5938,150,37,61,18,266
5941,50,37,61,18,166
5942,76,39,66,20,201
5945,105,37,51,16,209
5946,547,9,68,14,638
5947,52,26,54,19,151
5948,66,37,51,16,170
5949,64,17,51,16,148
5951,530,18,68,14,630
5952,54,19,79,25,177
5953,53,31,164,18,266
5954,51,16,164,18,249
5956,104,33,58,18,213
5957,89,33,58,18,198
5959,55,33,58,18,164
5960,75,25,68,16,184
5961,58,25,68,16,167
5962,58,33,51,16,158
5963,114,32,68,16,230
5964,58,35,70,11,174
5967,50,32,68,16,166
5970,70,30,112,18,230
5971,54,30,112,18,214
5973,-99908,0,0,0,-99908
5974,83,9,68,14,174
5976,53,9,68,14,144
5978,59,18,68,14,159
5979,68,33,67,16,184
5980,53,33,67,16,169
5981,66,35,65,17,183
5982,168,17,133,17,335
5983,68,32,67,15,182
5985,67,33,67,17,184
5986,-100139,0,0,0,-100139
5987,65,34,133,17,249
5988,85,33,67,15,200
5989,67,33,67,15,182
5990,51,33,67,15,166
5992,67,15,233,19,334
5993,65,35,66,16,182
5994,85,33,132,17,267
5995,67,33,132,17,249
5996,116,33,66,17,232
5997,101,33,66,17,217
