序号,发送->接收,接收->转发,转发->接收,接收->处理,总计
2,55,34,68,17,174
3,99,17,52,15,183
4,66,33,52,15,166
5,83,35,67,15,200
7,85,32,100,17,234
8,68,32,100,17,217
9,84,35,132,17,268
11,51,35,132,17,235
12,67,34,65,16,182
13,65,19,65,16,165
14,85,15,67,17,184
16,50,15,67,17,149
17,100,17,69,15,201
20,67,35,181,17,300
21,50,35,181,17,283
22,68,34,200,14,316
23,86,33,66,16,201
24,69,33,66,16,184
25,52,33,66,16,167
26,67,35,79,17,198
27,67,20,79,17,183
30,66,32,69,14,181
31,99,17,68,18,202
33,82,36,67,13,198
35,85,32,67,15,199
36,69,32,67,15,183
39,69,17,65,15,166
40,99,33,66,18,216
41,53,32,66,16,167
42,82,18,66,18,184
43,64,18,66,18,166
44,65,33,68,15,181
45,52,33,68,15,168
46,66,33,153,15,267
47,51,33,153,15,252
48,66,35,118,15,234
49,69,17,118,15,219
50,68,33,100,15,216
52,83,18,67,15,183
53,83,33,99,18,233
55,51,33,99,18,201
56,85,15,83,14,197
57,70,15,83,14,182
58,67,31,100,17,215
59,58,16,100,17,191
61,80,32,104,16,232
64,100,34,52,16,202
66,66,34,52,16,168
67,82,36,97,17,232
68,68,36,97,17,218
70,52,18,97,17,184
71,53,32,65,17,167
73,65,16,134,17,232
74,63,34,68,16,181
75,65,16,68,16,165
76,82,17,66,17,182
77,67,17,66,17,167
78,68,34,66,18,186
80,100,34,69,14,217
81,51,32,52,15,150
83,66,17,69,14,166
86,52,15,83,16,166
87,86,31,67,18,202
89,65,17,67,18,167
90,67,32,53,16,168
91,65,16,53,16,150
92,80,18,99,18,215
94,67,34,65,18,184
95,51,34,65,18,168
97,52,33,132,17,234
100,65,35,98,18,216
101,85,33,182,18,318
102,67,33,182,18,300
103,134,16,68,16,234
106,65,33,68,16,182
107,67,16,68,16,167
108,65,34,101,15,215
109,67,16,101,15,199
110,117,16,135,16,284
111,66,18,67,15,166
112,100,35,116,14,265
115,67,18,116,14,215
117,51,33,83,14,181
118,68,32,51,14,165
119,51,32,51,14,148
120,82,18,133,16,249
121,67,18,133,16,234
123,65,14,54,15,148
127,68,15,67,17,167
128,103,33,134,17,287
129,67,17,133,17,234
130,67,33,134,17,251
131,65,17,134,17,233
132,84,16,67,17,184
133,50,33,67,17,167
135,101,16,66,16,199
136,67,33,66,16,182
137,67,16,66,16,165
138,67,34,66,16,183
140,67,32,50,16,165
141,132,16,51,17,216
142,66,34,67,16,183
143,99,16,51,17,183
144,66,32,51,17,166
146,50,16,51,17,134
151,69,14,101,16,200
152,101,32,66,18,217
153,66,19,98,18,201
154,68,32,66,18,184
156,52,16,66,18,152
157,51,33,51,16,151
158,65,33,67,18,183
159,65,17,67,18,167
161,67,16,51,15,149
162,51,16,51,15,133
163,84,33,67,18,202
164,85,15,67,18,185
165,99,16,52,16,183
166,83,16,52,16,167
167,66,16,52,16,150
169,82,34,50,17,183
170,85,16,50,17,168
171,68,16,50,17,151
172,118,17,66,17,218
173,67,15,101,17,200
175,66,17,66,17,166
176,50,17,66,17,150
177,66,16,51,16,149
181,67,16,85,15,183
182,51,16,85,15,167
183,83,35,82,16,216
185,65,19,82,16,182
186,68,32,66,17,183
189,51,34,100,17,202
190,66,32,68,17,183
191,81,34,51,16,182
192,66,34,51,16,167
193,65,17,51,16,149
194,66,34,100,16,216
196,68,33,133,16,250
198,51,16,133,16,216
199,65,16,101,16,198
201,65,18,66,16,165
203,84,33,116,17,250
204,68,33,116,17,234
205,68,16,116,17,217
206,66,34,82,17,199
207,50,34,82,17,183
208,67,34,165,17,283
209,68,16,165,17,266
210,52,16,165,17,250
211,52,33,99,16,200
212,67,32,67,16,182
214,65,33,67,17,182
216,115,17,52,16,200
220,84,17,67,17,185
221,66,17,67,17,167
223,51,34,68,15,168
224,68,33,117,16,234
225,51,33,117,16,217
226,67,35,82,16,200
228,116,18,66,15,215
229,83,35,66,15,199
231,66,18,66,15,165
232,66,32,66,19,183
234,67,34,199,18,318
235,84,32,68,15,199
237,65,17,68,15,165
239,68,16,65,19,168
241,52,33,51,16,152
242,68,32,67,18,185
243,64,17,67,18,166
245,68,16,83,16,183
246,51,16,83,16,166
247,52,32,116,16,216
249,66,16,133,17,232
251,68,16,65,18,167
254,68,30,201,17,316
255,65,16,201,17,299
256,65,35,67,16,183
257,84,32,51,17,184
258,65,32,51,17,165
260,52,15,51,17,135
263,50,33,66,17,166
264,102,32,85,17,236
265,50,34,66,16,166
267,66,17,85,17,185
269,83,34,65,17,199
270,66,34,65,17,182
271,51,34,65,17,167
272,68,34,63,20,185
274,51,17,63,20,151
277,65,15,102,18,200
278,99,33,99,18,249
280,52,16,66,18,152
281,51,33,99,18,201
282,86,16,66,18,186
283,82,33,101,16,232
284,66,33,101,16,216
285,101,15,101,17,234
289,66,17,83,16,182
290,51,17,83,16,167
293,66,17,68,16,167
294,66,33,67,18,184
295,51,33,67,18,169
296,50,16,67,18,151
297,68,17,65,27,177
298,68,32,60,5,165
299,116,32,67,18,233
301,67,15,135,14,231
302,92,5,67,18,182
303,76,5,67,18,166
306,69,30,134,16,249
309,66,18,49,18,151
310,66,33,65,16,180
311,65,19,65,16,165
312,69,34,67,15,185
313,51,34,67,15,167
314,67,31,67,18,183
315,53,31,67,18,169
318,67,31,67,16,181
319,53,31,67,16,167
320,67,32,103,16,218
321,100,18,68,16,202
322,63,35,68,16,182
324,67,32,52,17,168
325,65,16,52,17,150
326,51,16,52,17,136
327,68,18,66,18,170
328,68,33,67,16,184
329,52,33,67,16,168
331,51,33,101,16,201
333,100,15,136,17,268
334,83,15,136,17,251
335,65,15,136,17,233
337,64,19,81,19,183
339,51,32,68,17,168
343,65,19,65,16,165
344,85,15,65,18,183
345,116,32,55,11,214
346,68,33,87,11,199
347,51,33,87,11,182
348,65,32,55,11,163
350,83,16,85,15,199
351,66,16,85,15,182
354,55,11,53,15,134
355,84,32,68,16,200
358,53,15,68,16,152
360,66,34,67,16,183
362,51,17,67,16,151
365,84,31,52,16,183
366,67,31,52,16,166
367,51,31,52,16,150
369,85,32,100,17,234
372,52,16,100,17,185
373,66,17,84,15,182
374,83,15,51,15,164
375,67,15,51,15,148
376,51,15,51,15,132
377,67,17,67,16,167
378,84,15,100,16,215
381,67,17,134,15,233
382,83,19,82,17,201
385,151,33,66,18,268
386,65,34,68,17,184
390,52,17,66,16,151
393,67,16,51,16,150
394,66,33,134,15,248
397,67,16,67,16,166
398,51,16,67,16,150
401,66,17,99,16,198
402,67,33,66,16,182
403,51,33,66,16,166
404,68,31,101,18,218
405,99,17,84,16,216
406,64,35,84,16,199
407,66,17,84,16,183
409,67,17,100,16,200
410,51,17,100,16,184
412,84,16,66,18,184
413,68,16,66,18,168
415,66,17,67,16,166
416,83,17,67,16,183
417,82,34,66,19,201
418,66,34,66,19,185
419,84,33,52,14,183
420,67,33,52,14,166
421,51,33,52,14,150
422,100,33,69,15,217
424,66,33,69,15,183
425,135,17,99,17,268
427,67,16,101,18,202
429,66,17,99,17,199
430,69,31,68,17,185
431,52,31,68,17,168
433,66,16,68,15,165
434,83,16,67,17,183
435,101,17,66,16,200
437,67,17,66,16,166
438,51,17,66,16,150
439,65,18,66,16,165
442,66,33,100,17,216
444,66,34,66,17,183
445,65,18,66,17,166
446,100,33,101,16,250
447,51,33,100,16,200
448,67,33,101,16,217
450,66,35,99,16,216
451,84,32,67,16,199
453,52,32,67,16,167
456,99,32,67,18,216
457,84,32,67,18,201
460,99,33,50,16,198
461,83,33,50,16,182
462,66,33,50,16,165
463,66,17,50,16,149
464,67,35,98,17,217
467,67,16,67,17,167
468,50,16,67,17,150
469,65,18,132,17,232
470,66,32,67,16,181
471,67,16,67,16,166
472,51,16,67,16,150
473,117,33,50,15,215
474,65,34,150,16,265
475,83,33,50,15,181
476,67,33,50,15,165
477,50,33,50,15,148
478,67,34,83,16,200
479,68,17,83,16,184
480,67,31,68,17,183
482,50,15,68,17,150
483,66,17,101,16,200
484,116,16,68,18,218
485,100,16,68,18,202
486,52,16,68,16,152
488,66,35,51,14,166
490,101,32,101,17,251
492,86,14,101,17,218
493,67,14,101,17,199
494,117,17,65,18,217
495,66,17,67,17,167
497,83,32,132,18,265
499,52,32,132,18,234
500,67,33,68,16,184
502,83,15,66,18,182
503,67,15,66,18,166
504,84,17,120,11,232
506,84,15,69,20,188
508,66,35,54,11,166
509,83,34,99,17,233
511,50,34,99,17,200
514,54,11,68,17,150
515,84,33,51,17,185
516,66,33,51,17,167
517,79,35,66,15,195
518,85,18,66,15,184
519,84,33,99,16,232
523,84,32,66,18,200
524,81,17,66,18,182
525,65,17,66,18,166
526,65,34,67,17,183
527,83,32,101,17,233
528,66,32,101,17,216
529,118,32,51,17,218
531,83,32,51,17,183
532,67,32,51,17,167
533,51,32,51,17,151
534,52,15,51,17,135
536,66,34,66,17,183
538,51,17,66,17,151
539,66,17,66,18,167
541,67,16,71,29,183
542,66,33,101,15,215
544,66,38,78,19,201
545,87,29,68,16,200
546,51,20,78,19,168
548,67,34,67,15,183
552,68,33,50,17,168
553,85,34,66,16,201
554,67,34,66,16,183
555,52,34,66,16,168
556,67,33,132,18,250
558,50,17,132,18,217
559,52,33,67,16,168
560,66,34,99,17,216
563,84,32,51,16,183
565,51,32,51,16,150
566,65,34,65,17,181
567,67,16,65,17,165
568,83,16,100,17,216
569,67,16,100,17,200
570,99,34,136,14,283
571,66,15,68,17,166
574,83,17,68,15,183
575,66,17,68,15,166
576,51,17,68,15,151
577,51,34,100,17,202
578,68,34,66,17,185
579,67,18,66,17,168
581,117,32,100,18,267
582,68,32,66,16,182
583,52,32,66,16,166
584,66,32,100,18,216
587,68,16,66,18,168
588,82,16,52,16,166
589,100,15,66,18,199
590,50,16,52,16,134
591,67,15,66,18,166
594,52,16,200,17,285
595,99,17,133,17,266
596,66,35,133,17,251
597,83,33,117,18,251
598,67,33,117,18,235
599,67,17,117,18,219
600,68,34,83,18,203
601,84,32,183,17,316
603,51,32,183,17,283
604,100,35,114,17,266
605,83,35,114,17,249
606,66,35,114,17,232
607,67,18,114,17,216
608,51,18,114,17,200
609,51,32,82,17,182
610,149,17,101,16,283
612,51,14,66,17,148
613,66,16,101,16,199
614,66,33,101,16,216
615,63,17,101,16,197
616,66,34,201,16,317
619,101,17,66,16,200
620,68,33,66,16,183
622,67,32,50,17,166
624,82,17,84,16,199
626,82,17,51,16,166
627,66,17,51,16,150
628,50,17,51,16,134
630,68,32,51,15,166
631,52,32,51,15,150
632,51,16,51,15,133
633,50,34,67,17,168
636,84,17,133,16,250
638,50,17,133,16,216
639,67,16,100,16,199
640,86,13,69,16,184
641,68,13,69,16,166
642,51,13,69,16,149
643,66,17,84,16,183
645,65,17,51,16,149
646,85,16,69,15,185
647,82,35,66,16,199
649,68,16,66,16,166
650,51,16,66,16,149
653,82,34,67,17,200
655,51,34,67,17,169
656,66,33,67,17,183
658,101,33,66,17,217
660,117,15,117,17,266
661,50,33,66,17,166
662,67,32,117,17,233
666,83,16,50,17,166
667,82,34,71,14,201
668,67,34,71,14,186
669,84,33,52,13,182
672,84,21,62,18,185
674,71,27,236,16,350
676,100,34,100,17,251
677,65,18,82,19,184
678,80,16,100,17,213
679,66,16,100,17,199
680,53,16,100,17,186
684,67,33,100,17,217
686,68,32,68,17,185
687,52,32,68,17,169
688,65,35,65,18,183
690,67,33,65,18,183
691,83,32,51,17,183
692,68,32,51,17,168
693,51,32,51,17,151
694,65,33,67,17,182
695,82,35,67,16,200
698,51,17,67,16,151
699,66,16,51,18,151
700,67,35,67,16,185
701,84,34,65,19,202
702,67,34,65,19,185
703,51,34,65,19,169
705,85,32,149,17,283
707,51,32,149,17,249
708,65,33,116,17,231
709,114,34,118,17,283
710,65,32,84,17,198
714,52,14,118,17,201
717,64,17,51,17,149
718,67,33,100,16,216
719,50,33,100,16,199
720,84,17,65,16,182
721,85,32,134,18,269
722,51,17,65,16,149
723,51,32,134,18,235
724,84,16,66,18,184
725,66,16,66,18,166
726,81,17,68,18,184
728,66,33,53,16,168
729,82,35,66,16,199
730,66,35,66,16,183
731,50,35,66,16,167
732,51,17,66,16,150
734,53,16,65,17,151
735,51,32,184,20,287
737,81,34,117,20,252
738,65,34,117,20,236
739,66,17,117,20,220
741,84,34,101,16,235
742,101,33,134,16,284
743,50,34,101,16,201
744,67,33,134,16,250
745,66,17,134,16,233
746,67,37,97,16,217
747,67,20,97,16,200
748,84,17,66,16,183
749,54,31,66,16,167
751,84,33,66,16,199
753,83,34,98,18,233
754,66,34,98,18,216
755,50,34,98,18,200
757,66,17,84,17,184
758,66,33,51,17,167
759,50,33,51,17,151
760,65,33,67,18,183
761,83,35,66,17,201
762,66,35,66,17,184
764,84,16,51,16,167
766,67,34,67,17,185
768,66,33,68,15,182
769,50,33,68,15,166
770,51,16,68,15,150
771,65,18,116,17,216
772,67,34,82,17,200
774,68,33,66,17,184
776,67,32,85,18,202
777,50,32,85,18,185
778,65,34,99,18,216
779,67,17,99,18,201
780,66,33,66,18,183
783,68,18,98,18,202
784,69,30,68,18,185
785,52,30,68,18,168
786,117,17,66,16,216
787,82,34,66,16,198
788,64,34,66,16,180
789,67,17,66,16,166
790,68,32,69,16,185
791,68,14,69,16,167
793,99,19,98,17,233
794,66,35,98,17,216
795,99,16,66,17,198
796,50,19,98,17,184
797,66,16,66,17,165
798,51,16,66,17,150
800,64,34,101,16,215
801,67,15,101,16,199
803,66,17,132,19,234
804,51,17,132,19,219
805,67,16,65,18,166
806,101,32,52,15,200
808,67,32,52,15,166
809,65,16,52,15,148
810,65,33,69,15,182
812,65,34,66,18,183
814,52,15,66,18,151
816,51,18,65,18,152
817,65,16,52,16,149
818,66,34,101,15,216
819,67,16,101,15,199
820,65,34,67,15,181
822,85,17,117,14,233
823,67,17,117,14,215
825,83,32,52,14,181
826,67,32,52,14,165
827,50,32,52,14,148
828,82,16,67,16,181
830,65,33,69,15,182
831,69,14,69,15,167
832,52,14,69,15,150
833,67,16,67,18,168
836,69,32,67,16,184
837,116,34,119,16,285
839,51,33,69,15,168
840,65,34,119,16,234
843,65,19,84,16,184
844,100,34,66,17,217
845,67,16,53,16,152
847,67,17,66,17,167
848,65,35,64,17,181
850,53,16,64,17,150
851,52,31,67,17,167
852,66,33,51,17,167
854,64,34,135,15,248
855,65,17,135,15,232
858,68,32,102,17,219
859,51,32,102,17,202
860,116,19,65,18,218
861,83,35,65,18,201
862,66,35,65,18,184
863,65,19,65,18,167
864,69,33,100,16,218
866,68,32,68,16,184
867,52,32,68,16,168
868,83,15,51,17,166
870,83,17,118,15,233
871,66,17,118,15,216
872,51,17,118,15,201
873,66,17,85,15,183
875,50,33,52,15,150
876,83,15,68,16,182
877,82,35,134,16,267
879,70,15,134,16,235
881,50,33,134,15,232
883,82,33,67,15,197
885,52,33,67,15,167
887,66,19,65,18,168
888,83,17,65,17,182
889,68,17,65,17,167
891,52,32,167,16,267
893,99,16,52,16,183
894,82,16,52,16,166
897,100,16,99,17,232
898,51,16,67,16,150
902,67,34,66,16,183
903,65,18,66,16,165
904,67,32,67,16,182
905,65,17,67,16,165
906,83,17,66,17,183
908,66,33,67,17,183
913,84,33,50,17,184
914,67,33,50,17,167
915,51,33,50,17,151
916,85,16,133,16,250
917,68,16,133,16,233
921,67,15,134,16,232
922,66,34,67,16,183
923,50,34,67,16,167
925,98,18,99,18,233
926,67,34,99,18,218
927,83,33,66,18,200
928,67,33,66,18,184
929,50,33,66,18,167
930,67,33,167,17,284
931,117,34,66,19,236
932,66,33,100,19,218
935,68,16,66,19,169
936,84,17,83,16,200
939,82,34,66,18,200
940,66,34,66,18,184
942,66,33,100,16,215
944,51,16,100,16,183
945,65,16,67,16,164
946,66,36,131,18,251
948,51,18,131,18,218
949,99,18,66,18,201
950,67,34,66,18,185
951,83,33,133,17,266
954,67,33,100,17,217
955,51,33,100,17,201
956,84,14,68,17,183
957,68,14,68,17,167
958,65,35,66,16,182
960,100,33,67,18,218
962,68,33,67,18,186
963,82,33,52,16,183
964,66,33,52,16,167
965,100,17,100,17,234
966,66,34,100,17,217
967,66,17,100,17,200
968,67,34,66,17,184
969,51,34,66,17,168
970,52,16,66,17,151
971,51,34,116,17,218
973,82,34,67,16,199
974,66,34,67,16,183
978,66,35,232,18,351
980,67,33,67,17,184
983,67,16,134,15,232
984,83,17,132,18,250
986,67,33,67,15,182
989,65,18,99,17,199
990,66,34,65,17,182
991,67,16,65,17,165
992,67,32,67,18,184
993,84,33,167,17,301
994,66,33,167,17,283
995,66,15,167,17,265
996,65,34,67,17,183
999,67,16,99,17,199
1001,51,33,100,16,200
1002,84,17,66,16,183
1003,66,17,66,16,165
1005,65,17,68,15,165
1006,83,17,133,18,251
1007,66,17,133,18,234
1008,66,34,66,16,182
1010,100,34,133,17,284
1012,66,34,133,17,250
1013,50,34,133,17,234
1014,66,33,133,17,249
1015,118,32,67,17,234
1016,67,34,132,17,250
1017,84,32,67,17,200
1018,67,32,67,17,183
1019,51,32,67,17,167
1020,83,17,66,17,183
1022,66,33,50,16,165
1023,51,33,50,16,150
1024,67,33,67,16,183
1025,83,33,68,16,200
1026,66,33,68,16,183
1027,66,16,68,16,166
1028,84,16,100,17,217
1029,99,18,83,16,216
1030,67,34,83,16,200
1031,66,18,83,16,183
1032,68,33,117,17,235
1033,50,33,117,17,217
1034,67,33,68,16,184
1035,84,33,51,17,185
1036,83,16,51,17,167
1037,67,16,51,17,151
1038,85,16,100,16,217
1039,69,16,100,16,201
1040,52,16,100,16,184
1041,67,17,133,17,234
1042,51,17,133,17,218
1043,66,16,68,16,166
1046,67,34,149,15,265
1048,68,32,67,16,183
1049,84,34,83,15,216
1051,67,17,83,15,182
1052,66,33,50,15,164
1053,50,33,50,15,148
1054,67,32,152,16,267
1055,134,16,84,16,250
1056,65,33,68,16,182
1057,49,33,68,16,166
1061,66,17,51,16,150
1062,68,33,66,17,184
1064,66,34,67,15,182
1066,51,16,67,15,149
1068,66,35,66,19,186
1069,65,18,66,19,168
1070,67,34,67,16,184
1071,65,19,67,16,167
1072,69,32,100,16,217
1074,66,35,132,17,250
1075,70,16,132,17,235
1076,67,30,68,16,181
1078,51,14,68,16,149
1079,81,33,166,18,298
1080,65,33,166,18,282
1082,51,17,166,18,252
1083,64,18,99,16,197
1084,67,34,98,18,217
1085,51,34,98,18,201
1086,51,17,98,18,184
1087,133,17,69,16,235
1088,99,33,69,16,217
1090,81,17,69,16,183
1094,68,34,66,16,184
1095,52,34,66,16,168
1096,69,32,66,16,183
1098,66,34,66,15,181
1101,82,34,69,14,199
1102,66,34,69,14,183
1103,50,34,69,14,167
1104,66,34,65,17,182
1105,50,34,65,17,166
1106,68,35,131,16,250
1107,52,35,131,16,234
1108,69,30,153,14,266
1109,84,36,65,16,201
1110,65,36,65,16,182
1113,52,32,66,19,169
1114,50,18,66,19,153
1115,51,33,100,16,200
1116,117,14,50,19,200
1117,84,33,50,19,186
1119,69,14,50,19,152
1120,116,19,66,16,217
1121,50,34,83,18,185
1122,67,35,66,16,184
1123,64,19,66,16,165
1124,50,19,66,16,151
1125,53,32,50,16,151
1126,67,34,134,15,250
1128,66,32,69,15,182
1129,68,16,69,15,168
1130,50,16,69,15,150
1133,67,18,64,18,167
1134,102,31,68,18,219
1135,86,31,68,18,203
1137,51,31,68,18,168
1139,49,33,66,19,167
1140,81,18,66,17,182
1142,68,31,52,16,167
1143,68,13,52,16,149
1144,53,13,52,16,134
1145,68,16,67,16,167
1146,83,16,68,16,183
1147,65,16,68,16,165
1154,101,31,101,18,251
1157,82,33,68,18,201
1158,63,33,68,18,182
1159,69,14,68,18,169
1160,50,14,68,18,150
1161,67,15,52,15,149
1164,53,15,166,18,252
1168,69,32,65,18,184
1171,84,33,70,15,202
1173,66,15,70,15,166
1176,51,18,65,18,152
1177,68,17,115,19,219
1178,70,31,84,19,204
1179,115,36,51,17,219
1180,65,32,71,16,184
1182,63,36,51,17,167
1183,66,18,51,17,152
1185,66,19,64,17,166
1187,86,31,99,17,233
1189,52,31,99,17,199
1191,84,31,98,17,230
1192,67,31,98,17,213
1193,65,16,98,17,196
1195,65,17,66,17,165
1196,63,35,150,17,265
1197,65,18,150,17,250
1198,49,18,150,17,234
1199,52,31,52,20,155
1201,84,37,64,17,202
1202,66,37,64,17,184
1203,67,20,64,17,168
1204,52,20,64,17,153
1205,55,29,52,15,151
1206,66,35,65,16,182
1208,64,32,132,18,246
1209,54,32,132,18,236
1210,84,16,51,18,169
1211,133,18,131,17,299
1213,80,37,131,17,265
1216,51,18,131,17,217
1217,83,35,66,17,201
1218,85,17,66,17,185
1219,83,33,67,16,199
1220,165,32,100,17,314
1221,51,33,67,16,167
1223,67,16,102,16,201
1224,83,17,167,16,283
1225,67,17,167,16,267
1226,67,32,100,17,216
1228,66,36,99,16,217
1229,65,20,99,16,200
1230,68,30,102,18,218
1231,52,30,102,18,202
1232,52,14,102,18,186
1233,84,35,99,16,234
1235,65,18,99,16,198
1236,69,33,165,17,284
1239,51,33,66,16,166
1240,66,33,66,17,182
1242,66,33,66,17,182
1243,64,17,66,17,164
1244,66,33,118,17,234
1245,65,17,118,17,217
1246,83,16,85,17,201
1247,83,34,51,17,185
1249,67,17,51,17,152
1250,84,17,66,17,184
1251,67,17,66,17,167
1252,85,17,65,17,184
1253,51,34,65,17,167
1257,66,16,69,32,183
1258,65,34,101,16,216
1259,50,34,101,16,201
1260,85,17,148,18,268
1263,52,32,67,15,166
1264,84,17,82,18,201
1265,66,17,82,18,183
1266,66,33,49,18,166
1267,120,34,165,18,337
1268,50,17,49,18,134
1269,65,18,66,18,167
1270,82,18,165,18,283
1273,52,32,67,18,169
1274,66,36,65,15,182
1277,51,31,66,18,166
1278,101,32,50,17,200
1281,102,15,68,17,202
1283,81,34,101,16,232
1284,65,34,101,16,216
1285,50,34,101,16,201
1286,50,17,101,16,184
1287,66,17,67,16,166
1288,68,34,99,16,217
1289,68,17,99,16,200
1293,66,17,66,16,165
1297,83,36,63,19,201
1298,82,20,63,19,184
1299,84,32,65,16,197
1300,69,32,65,16,182
1301,53,32,65,16,166
1302,68,31,134,17,250
1303,83,34,51,16,184
1304,63,34,51,16,164
1306,65,34,66,17,182
1307,99,16,69,15,199
1309,66,16,69,15,166
1310,51,16,69,15,151
1311,101,19,64,18,202
1316,68,32,134,16,250
1317,51,32,134,16,233
1318,82,15,117,17,231
1319,82,39,78,17,216
1322,84,17,99,18,218
1323,66,17,99,18,200
1325,52,17,84,16,169
1327,66,17,135,15,233
1328,66,33,83,19,201
1330,66,34,133,16,249
1331,68,16,133,16,233
1332,51,16,133,16,216
1335,84,33,98,18,233
1336,101,32,66,18,217
1337,86,32,66,18,202
1338,67,32,66,18,183
1339,52,32,66,18,168
1340,81,17,68,15,181
1341,83,33,68,16,200
1343,83,35,65,17,200
1344,66,35,65,17,183
1346,68,33,65,18,184
1347,66,18,65,18,167
1348,68,32,67,18,185
1349,50,32,67,18,167
1350,65,33,52,15,165
1352,65,34,52,15,166
1354,85,15,118,17,235
1355,68,15,118,17,218
1356,52,15,118,17,202
1357,68,15,84,17,184
1359,68,13,52,17,150
1360,53,13,52,17,135
1361,65,18,198,16,297
1362,68,33,99,18,218
1364,136,32,66,16,250
1366,66,34,98,16,214
1367,84,32,66,16,198
1368,67,32,66,16,181
1369,67,16,66,16,165
1371,101,16,51,17,185
1373,66,16,51,17,150
1374,66,34,67,17,184
1375,99,17,66,16,198
1376,67,34,66,16,183
1378,51,17,66,16,150
1379,85,33,117,16,251
1380,67,33,117,16,233
1381,99,19,82,16,216
1382,66,35,82,16,199
1384,68,32,66,17,183
1385,51,32,66,17,166
1386,67,34,133,15,249
1388,66,32,101,15,214
1389,67,16,101,15,199
1391,67,17,67,15,166
1392,83,17,65,17,182
1393,67,17,65,17,166
1394,51,17,65,17,150
1395,84,32,84,17,217
1396,67,32,84,17,200
1397,65,17,84,17,183
1398,65,36,133,17,251
1399,84,32,101,17,234
1400,68,32,101,17,218
1402,68,33,99,17,217
1403,67,17,99,17,200
1405,51,35,64,17,167
1407,52,33,165,18,268
1408,68,31,101,17,217
1409,51,31,101,17,200
1410,81,18,66,17,182
1411,83,33,66,18,200
1412,66,33,66,18,183
1413,66,16,66,18,166
1414,68,33,66,17,184
1415,84,33,134,17,268
1416,83,16,134,17,250
1418,66,33,101,17,217
1419,68,15,101,17,201
1421,66,17,67,17,167
1422,67,33,51,15,166
1423,49,33,51,15,148
1424,50,17,51,15,133
1428,51,15,104,14,184
1429,50,35,69,14,168
1430,67,32,100,18,217
1431,67,15,100,18,200
1432,84,20,63,18,185
1433,66,20,63,18,167
1434,69,30,66,17,182
1436,51,16,66,17,150
1438,63,33,84,17,197
1440,150,17,66,17,250
1441,64,16,119,15,214
1442,117,17,66,17,217
1443,66,17,66,18,167
1444,84,17,66,17,184
1446,51,17,66,17,151
1447,83,33,85,15,216
1448,66,33,85,15,199
1449,68,15,85,15,183
1451,66,16,100,18,200
1453,67,15,99,17,198
1454,67,33,101,16,217
1455,50,33,101,16,200
1456,52,15,101,16,184
1457,66,15,168,16,265
1460,51,15,135,16,217
1461,65,18,68,15,166
1462,68,33,67,16,184
1464,51,17,67,16,151
1465,86,32,66,36,220
1469,65,17,99,20,201
1471,68,15,66,20,169
1475,81,35,67,15,198
1477,52,35,67,15,169
1478,65,32,136,16,249
1480,52,15,136,16,219
1481,66,16,65,18,165
1482,67,32,69,16,184
1483,65,17,69,16,167
1484,67,33,52,16,168
1487,86,32,67,16,201
1488,69,32,67,16,184
1489,53,32,67,16,168
1490,52,16,67,16,151
1491,81,36,70,17,204
1492,63,36,70,17,186
1493,64,19,70,17,170
1494,67,38,101,17,223
1495,50,38,101,17,206
1496,74,32,86,16,208
1497,89,34,102,16,241
1499,105,18,99,16,238
1500,66,35,99,16,216
1501,65,18,99,16,198
1502,51,18,99,16,184
1503,52,33,66,16,167
1505,101,16,52,14,183
1507,66,16,52,14,148
1508,99,33,68,16,216
1509,64,17,67,17,165
1512,100,34,65,18,217
1513,67,17,69,13,166
1514,67,34,65,18,184
1515,65,17,65,18,165
1516,51,17,65,18,151
1518,69,30,102,16,217
1520,83,16,101,17,217
1521,83,34,67,17,201
1523,51,34,67,17,169
1524,102,33,198,18,351
1525,84,33,198,18,333
1526,68,33,198,18,317
1528,67,32,67,17,183
1529,51,32,67,17,167
1531,82,34,99,18,233
1533,67,15,99,18,199
1534,52,15,99,18,184
1535,51,35,99,17,202
1536,51,18,99,17,185
1538,151,15,50,17,233
1540,64,35,65,17,181
1542,68,32,50,17,167
1543,68,15,50,17,150
1544,52,15,50,17,134
1545,99,17,66,17,199
1546,65,34,66,17,182
1548,50,17,66,17,150
1549,50,33,134,16,233
1550,67,33,51,16,167
1552,66,33,68,16,183
1553,67,16,68,16,167
1554,84,16,135,16,251
1556,85,16,140,13,254
1557,68,16,140,13,237
1558,68,33,68,16,185
1560,67,36,84,46,233
1561,67,18,84,46,215
1563,53,32,52,46,183
1564,68,39,59,18,184
1565,66,23,59,18,166
1566,71,59,68,18,216
1568,98,35,51,17,201
1569,82,35,51,17,185
1570,59,35,51,17,162
1571,64,17,51,17,149
1572,86,17,64,20,187
1573,81,17,64,20,182
1576,52,34,67,15,168
1579,64,37,65,18,184
1582,65,18,65,15,163
1583,85,17,67,16,185
1585,65,33,75,22,195
1586,68,15,75,22,180
1590,90,22,72,18,202
1591,75,22,72,18,187
1592,120,34,99,17,270
1593,85,16,66,19,186
1596,97,14,67,17,195
1597,54,18,99,17,188
1600,69,15,133,17,234
1601,151,15,68,17,251
1603,52,15,52,15,134
1604,65,16,67,17,165
1606,67,15,68,17,167
1607,52,15,68,17,152
1608,67,16,100,18,201
1609,119,16,66,16,217
1611,68,33,66,16,183
1613,52,16,66,16,150
1615,65,34,67,17,183
1616,116,33,67,17,233
1617,50,16,67,17,150
1618,66,18,67,16,167
1619,68,33,67,17,185
1621,101,33,184,16,334
1623,67,33,184,16,300
1624,51,33,184,16,284
1625,67,34,50,17,168
1626,50,34,50,17,151
1629,67,34,83,16,200
1630,67,17,83,16,183
1632,68,16,67,17,168
1633,50,16,67,17,150
1634,65,17,67,16,165
1635,83,16,99,18,216
1636,83,33,66,18,200
1637,67,33,66,18,184
1639,151,17,99,16,283
1640,81,34,68,16,199
1641,65,34,68,16,183
1642,66,16,68,16,166
1643,66,35,99,16,216
1644,68,17,99,16,200
1645,52,17,99,16,184
1647,51,17,66,16,150
1648,66,17,65,18,166
1649,66,33,66,19,184
1653,65,34,68,16,183
1654,82,34,134,16,266
1655,66,34,134,16,250
1657,68,34,66,17,185
1658,50,34,66,17,167
1659,68,34,130,19,251
1660,65,18,130,19,232
1661,68,32,67,16,183
1662,53,32,67,16,168
1664,50,34,131,20,235
1665,99,31,134,18,282
1667,67,31,134,18,250
1668,66,15,134,18,233
1669,64,34,100,18,216
1670,82,33,67,18,200
1672,66,16,67,18,167
1674,68,17,65,17,167
1675,53,17,65,17,152
1677,52,15,152,16,235
1678,65,17,117,16,215
1679,65,34,83,16,198
1681,69,32,67,17,185
1683,66,33,67,17,183
1684,82,34,151,15,282
1685,65,34,151,15,265
1686,68,16,151,15,250
1689,67,33,68,17,185
1690,82,33,135,17,267
1692,82,35,68,14,199
1695,68,32,68,17,185
1696,51,32,68,17,168
1697,67,36,99,14,216
1698,51,36,99,14,200
1700,65,18,134,16,233
1701,68,33,66,18,185
1702,67,16,66,18,167
1703,65,34,67,16,182
1704,117,35,65,18,235
1705,81,18,51,16,166
1707,66,35,65,18,184
1708,84,32,100,16,232
1709,67,32,100,16,215
1710,53,32,100,16,201
1711,51,16,100,16,183
1712,65,17,67,16,165
1713,65,34,67,17,183
1714,67,16,67,17,167
1715,51,16,67,17,151
1716,67,17,135,15,234
1717,101,33,68,15,217
1718,83,33,68,15,199
1719,67,33,68,15,183
1720,51,33,68,15,167
1721,51,16,68,15,150
1722,84,35,123,27,269
1724,65,19,123,27,234
1726,83,32,136,16,267
1727,67,32,136,16,251
1728,83,34,102,16,235
1731,66,25,77,16,184
1732,74,43,50,18,185
1734,68,16,50,18,152
1737,67,34,100,17,218
1738,66,18,100,17,201
1739,50,18,100,17,185
1740,66,17,67,17,167
1741,50,17,67,17,151
1742,51,33,68,17,169
1743,100,34,67,16,217
1745,67,34,67,16,184
1746,68,17,67,16,168
1747,68,31,52,14,165
1748,83,36,64,16,199
1749,83,18,64,16,181
1751,67,30,69,15,181
1753,85,15,102,16,218
1754,82,35,67,16,200
1755,64,35,67,16,182
1756,64,19,67,16,166
1757,69,32,103,16,220
1758,65,17,103,16,201
1759,102,33,99,16,250
1760,68,18,100,17,203
1763,51,17,99,16,183
1764,51,35,97,17,200
1765,100,32,66,19,217
1766,68,16,65,17,166
1767,67,32,66,19,184
1768,52,32,66,19,169
1769,97,33,100,17,247
1770,64,17,52,14,147
1772,65,16,100,17,198
1774,69,14,67,17,167
1775,52,14,67,17,150
1777,66,34,67,17,184
1778,81,34,67,16,198
1779,84,17,67,16,184
1781,51,17,67,16,151
1782,65,16,50,18,149
1783,84,17,167,15,283
1785,50,17,167,15,249
1786,66,18,67,15,166
1787,68,33,66,18,185
1789,84,17,66,15,182
1791,67,32,133,18,250
1793,84,16,67,15,182
1794,67,16,67,15,165
1795,100,33,100,17,250
1797,68,33,100,17,218
1798,83,32,68,17,200
1799,67,32,68,17,184
1800,84,33,101,17,235
1801,83,15,101,17,216
1802,102,16,66,17,201
1803,65,35,66,17,183
1806,67,15,135,15,232
1807,85,16,133,18,252
1808,66,16,133,18,233
1810,66,18,66,15,165
1811,51,18,66,15,150
1812,82,35,65,17,199
1813,66,35,65,17,183
1814,84,32,69,15,200
1817,85,15,102,15,217
1818,82,36,66,15,199
1819,65,36,66,15,182
1823,51,17,66,15,149
1825,66,32,66,18,182
1826,51,32,66,18,167
1828,86,31,69,17,203
1829,67,31,69,17,184
1830,83,34,52,14,183
1832,51,34,52,14,151
1833,81,19,64,19,183
1834,65,19,64,19,167
1835,69,31,52,17,169
1838,69,14,53,14,150
1839,83,17,83,15,198
1840,66,17,83,15,181
1842,67,14,67,18,166
1843,53,14,67,18,152
1844,66,18,99,16,199
1847,85,15,66,17,183
1848,67,15,66,17,165
1850,83,31,53,16,183
1851,68,31,53,16,168
1852,66,15,53,16,150
1854,84,34,116,15,249
1855,66,34,116,15,231
1856,68,16,116,15,215
1857,101,33,51,15,200
1858,52,32,67,17,168
1859,66,33,51,15,165
1860,81,34,134,17,266
1861,65,34,134,17,250
1862,100,15,69,17,201
1863,84,15,69,17,185
1864,68,15,69,17,169
1865,84,18,66,17,185
1866,66,18,66,17,167
1867,68,33,67,17,185
1868,66,18,67,17,168
1869,69,33,115,17,234
1870,51,33,115,17,216
1872,51,34,81,17,183
1873,50,17,81,17,165
1875,51,16,65,19,151
1876,67,16,65,19,167
1878,64,17,99,20,200
1879,65,33,101,17,216
1880,67,14,101,17,199
1881,65,36,100,15,216
1882,69,17,100,15,201
1883,52,17,100,15,184
1884,66,14,70,15,165
1885,52,14,70,15,151
1886,67,15,68,18,168
1887,82,18,51,14,165
1888,66,18,51,14,149
1889,52,18,51,14,135
1890,83,32,103,15,233
1891,86,14,103,15,218
1892,83,33,70,15,201
1893,51,14,103,15,183
1894,50,33,70,15,168
1895,65,34,51,15,165
1896,65,16,51,15,147
1897,67,36,65,17,185
1899,70,30,135,17,252
1900,52,30,135,17,234
1901,84,17,100,17,218
1902,103,15,68,17,203
1904,67,15,68,17,167
1905,52,15,68,17,152
1906,67,16,133,15,231
1907,50,16,133,15,214
1908,64,19,67,17,167
1909,49,19,67,17,152
1911,51,16,66,15,148
1912,52,34,66,17,169
1913,67,32,51,15,165
1914,67,15,51,15,148
1915,51,15,51,15,132
1917,66,32,50,18,166
1918,66,15,50,18,149
1919,51,15,50,18,134
1923,68,32,117,18,235
1924,51,32,117,18,218
1926,70,15,67,15,167
1927,52,15,67,15,149
1928,101,17,51,13,182
1930,65,17,51,13,146
1932,52,33,65,17,167
1933,69,31,69,17,186
1934,68,13,69,17,167
1936,67,16,52,18,153
1938,64,18,65,18,165
1940,68,18,98,15,199
1944,82,34,68,16,200
1945,148,18,131,19,316
1946,85,31,134,18,268
1948,50,31,134,18,233
1949,65,37,131,19,252
1951,68,31,66,18,183
1955,64,33,53,15,165
1957,66,34,85,18,203
1958,68,16,85,18,187
1959,67,34,100,17,218
1960,67,15,100,17,199
1961,53,15,100,17,185
1962,50,34,66,17,167
1964,66,18,82,15,181
1965,51,18,82,15,166
1967,66,35,82,17,200
1969,66,31,101,15,213
1970,51,31,101,15,198
1971,51,15,101,15,182
1972,83,34,65,18,200
1974,66,17,65,18,166
1975,51,17,65,18,151
1976,51,33,67,14,165
1978,82,35,99,17,233
1980,66,17,99,17,199
1981,67,32,135,16,250
1982,84,34,67,15,200
1985,66,33,68,16,183
1986,119,34,99,16,268
1987,51,16,68,16,151
1988,51,34,67,17,169
1989,67,34,99,16,216
1990,65,19,99,16,199
1991,68,33,100,17,218
1992,67,17,100,17,201
1993,67,32,68,17,184
1994,52,32,68,17,169
1997,82,18,265,18,383
1999,68,31,102,18,219
2000,50,31,102,18,201
2001,83,18,66,18,185
2002,85,34,64,16,199
2003,67,34,64,16,181
2004,67,17,64,16,164
2005,70,32,67,15,184
2006,52,32,67,15,166
2007,114,19,65,18,216
2008,67,14,67,16,164
2009,114,17,102,17,250
2010,64,19,65,18,166
2011,99,33,69,17,218
2013,67,33,69,17,186
2014,84,33,102,15,234
2015,65,33,102,15,215
2016,50,33,102,15,200
2018,86,33,65,16,200
2025,65,34,68,15,182
2026,51,34,68,15,168
2027,66,33,66,17,182
2028,51,33,66,17,167
2029,67,35,66,16,184
2030,69,17,66,16,168
2031,68,31,133,18,250
2033,66,35,81,17,199
2034,83,32,133,18,266
2035,66,32,133,18,249
2036,67,16,133,18,234
2037,67,35,65,16,183
2039,116,16,99,17,248
2040,82,34,99,17,232
2043,65,33,66,17,181
2045,67,34,67,18,186
2046,67,16,67,18,168
2047,51,16,67,18,152
2049,83,18,65,17,183
2050,83,31,103,15,232
2052,51,31,103,15,200
2053,53,13,103,15,184
2054,83,35,67,15,200
2055,65,35,67,15,182
2056,64,18,67,15,164
2058,101,18,65,18,202
2059,84,18,65,18,185
2060,67,18,65,18,168
2061,67,33,67,15,182
2062,52,33,67,15,167
2063,66,32,135,18,251
2064,51,32,135,18,236
2067,67,33,85,15,200
2068,117,34,166,18,335
2069,68,33,99,17,217
2070,66,17,99,17,199
2071,66,34,166,18,284
2072,51,34,166,18,269
2073,67,33,66,17,183
2074,51,33,66,17,167
2075,52,15,66,17,150
2078,64,17,67,18,166
2080,66,16,101,18,201
2081,101,34,65,17,217
2082,67,17,134,15,233
2083,67,34,65,17,183
2084,68,16,65,17,166
2085,68,33,67,15,183
2086,102,14,67,17,200
2087,85,14,67,17,183
2088,81,35,65,17,198
2090,86,32,100,17,235
2092,64,17,100,17,198
2093,67,33,134,16,250
2094,117,33,67,16,233
2095,82,17,67,17,183
2096,67,17,67,17,168
2097,85,15,67,16,183
2098,134,16,68,16,234
2100,67,17,67,16,167
2102,66,16,68,16,166
2103,83,18,133,17,251
2104,66,18,133,17,234
2105,67,34,116,17,234
2106,66,18,116,17,217
2107,68,32,84,17,201
2108,84,33,133,17,267
2111,65,34,83,16,198
2112,100,17,65,17,199
2113,84,17,65,17,183
2114,50,34,65,17,166
2115,85,16,99,18,218
2116,67,16,99,18,200
2117,83,16,67,18,184
2119,65,33,52,16,166
2121,82,17,66,17,182
2122,83,34,67,16,200
2123,67,34,67,16,184
2124,68,16,67,16,167
2125,52,16,67,16,151
2127,117,16,68,17,218
2128,65,18,50,15,148
2130,64,16,68,17,165
2131,85,15,118,18,236
2132,68,15,118,18,219
2133,50,15,118,18,201
2134,66,18,83,18,185
2135,85,14,70,18,187
2137,84,17,133,18,252
2138,84,35,98,18,235
2139,101,32,66,18,217
2140,102,14,66,18,200
2141,70,32,66,18,186
2144,65,18,67,16,166
2145,81,17,100,17,215
2146,80,34,66,17,197
2148,69,16,66,17,168
2149,116,17,68,17,218
2151,67,33,68,17,185
2152,65,17,68,17,167
2154,67,17,51,16,151
2155,67,34,99,17,217
2156,66,19,99,17,201
2157,85,16,100,16,217
2160,52,34,164,18,268
2161,67,32,85,15,199
2162,82,34,51,15,182
2163,66,34,51,15,166
2164,51,34,51,15,151
2165,66,32,66,18,182
2166,82,34,66,18,200
2167,85,15,66,18,184
2169,51,15,66,18,150
2170,68,14,52,16,150
2171,66,34,66,18,184
2172,99,16,67,15,197
2173,84,16,67,15,182
2176,100,17,50,16,183
2177,52,14,68,17,151
2178,66,17,50,16,149
2179,82,18,69,15,184
2180,82,33,117,19,251
2181,68,33,117,19,237
2182,50,33,117,19,219
2183,84,18,81,19,202
2184,69,18,81,19,187
2185,69,30,51,19,169
2186,52,30,51,19,152
2187,83,17,66,17,183
2188,65,17,66,17,165
2190,85,30,69,15,199
2191,70,30,69,15,184
2192,53,30,69,15,167
2193,83,19,64,17,183
2194,66,19,64,17,166
2195,66,33,66,15,180
2197,69,31,68,16,184
2198,52,31,68,16,167
2199,81,18,65,19,183
2200,85,33,51,15,184
2202,51,33,51,15,150
2203,68,32,101,17,218
2204,51,32,101,17,201
2205,65,34,101,17,217
2206,69,15,101,17,202
2207,101,32,66,17,216
2208,50,35,66,17,168
2209,69,32,66,17,184
2211,118,15,66,19,218
2212,85,32,66,19,202
2213,66,32,66,19,183
2215,51,15,66,19,151
2216,100,15,68,16,199
2217,65,33,68,16,182
2220,68,15,84,16,183
2221,52,15,84,16,167
2222,67,16,50,16,149
2224,84,31,52,15,182
2225,69,31,52,15,167
2226,51,31,52,15,149
2227,50,16,52,15,133
2228,67,17,69,14,167
2230,68,15,68,15,166
2231,52,15,68,15,150
2232,50,36,130,18,234
2233,101,32,102,14,249
2234,65,18,65,17,165
2235,68,32,102,14,216
2237,80,17,69,14,180
2238,66,17,69,14,166
2239,65,33,67,18,183
2240,83,36,82,16,217
2242,68,18,82,16,184
2243,51,18,82,16,167
2248,68,16,68,16,168
2249,51,16,68,16,151
2250,66,17,50,16,149
2251,51,17,50,16,134
2252,100,16,100,16,232
2253,84,16,100,16,216
2254,51,32,100,16,199
2256,117,33,118,16,284
2257,66,33,68,16,183
2259,100,35,83,16,234
2260,50,33,118,16,217
2261,66,35,83,16,200
2262,85,31,68,18,202
2268,67,16,67,16,166
2269,68,33,135,15,251
2271,52,15,135,15,217
2272,65,18,66,16,165
2273,99,34,100,16,249
2274,65,16,69,15,165
2275,66,34,100,16,216
2276,84,35,65,16,200
2277,101,32,99,18,250
2278,66,19,65,16,166
2279,69,32,99,18,218
2280,52,32,99,18,201
2281,67,33,66,18,184
2284,100,16,101,18,235
2287,66,34,67,18,185
2288,68,16,67,18,169
2289,67,33,100,17,217
2290,68,15,100,17,200
2291,52,15,100,17,184
2292,101,14,51,16,182
2293,85,14,51,16,166
2294,67,14,51,16,148
2295,52,14,51,16,133
2296,67,16,85,16,184
2297,66,33,52,16,167
2298,65,16,52,16,149
2299,85,17,100,16,218
2300,67,17,100,16,200
2301,68,33,98,18,217
2302,68,16,98,18,200
2303,52,16,98,18,184
2308,66,15,52,16,149
2310,66,17,67,17,167
2311,83,16,51,17,167
2312,67,16,51,17,151
2313,52,16,51,17,136
2314,67,17,83,17,184
2315,101,33,65,17,216
2316,84,33,65,17,199
2317,101,33,84,17,235
2318,84,33,84,17,218
2319,67,33,84,17,201
2322,52,32,52,17,153
2323,65,34,133,17,249
2326,85,31,102,15,233
2327,52,17,65,16,150
2328,52,31,102,15,200
2329,66,34,68,15,183
2330,66,16,68,15,165
2331,65,33,101,17,216
2332,66,17,101,17,201
2333,84,18,165,18,285
2334,66,18,165,18,267
2335,68,33,50,18,169
2336,52,33,50,18,153
2339,66,35,64,18,183
2340,68,18,64,18,168
2341,50,18,64,18,150
2342,52,30,52,16,150
2343,65,34,66,19,184
2344,67,15,66,19,167
2346,67,16,51,14,148
2347,52,16,51,14,133
2348,100,14,52,17,183
2349,66,33,52,17,168
2352,67,19,65,17,168
2353,69,33,67,17,186
2354,66,17,67,17,167
2355,101,35,100,17,253
2356,52,32,52,16,152
2357,82,18,100,17,217
2358,66,18,100,17,201
2360,101,16,133,17,267
2363,50,16,133,17,216
2364,83,34,65,17,199
2365,84,17,65,17,183
2366,84,32,134,15,265
2367,68,32,134,15,249
2372,67,17,67,15,166
2373,67,32,183,18,300
2374,52,32,183,18,285
2375,51,15,183,18,267
2376,67,17,166,15,265
2377,67,33,133,15,248
2378,65,18,133,15,231
2379,85,15,133,17,250
2380,67,15,133,17,232
2381,65,35,66,15,181
2382,65,20,66,15,166
2384,64,19,65,17,165
2385,68,33,67,16,184
2387,66,32,51,17,166
2388,84,35,98,19,236
2390,67,18,98,19,202
2391,67,33,65,19,184
2392,52,33,65,19,169
2394,51,32,168,16,267
2395,82,16,85,17,200
2396,66,16,85,17,184
2397,65,35,67,15,182
2398,69,16,67,15,167
2399,52,16,67,15,150
2400,66,17,135,15,233
2401,67,35,66,16,184
2404,52,33,99,18,202
2405,68,33,66,18,185
2407,115,17,67,16,215
2408,51,34,50,17,152
2411,66,35,65,17,183
2412,68,17,65,17,167
2413,50,17,65,17,149
2414,52,32,50,16,150
2415,67,33,67,18,185
2417,65,33,100,18,216
2418,68,16,100,18,202
2419,50,16,100,18,184
2420,50,34,117,17,218
2421,67,35,64,18,184
2422,68,17,64,18,167
2423,52,17,64,18,151
2424,52,31,100,18,201
2425,66,33,67,18,184
2427,64,35,133,17,249
2428,68,17,133,17,235
2429,51,17,133,17,218
2430,50,32,51,18,151
2431,52,15,51,18,136
2432,67,15,68,17,167
2433,65,36,83,15,199
2434,84,32,99,15,230
2435,51,18,83,15,167
2436,51,32,99,15,197
2437,68,32,67,15,182
2438,67,15,67,15,164
2439,83,15,66,20,184
2440,68,15,66,20,169
2441,51,15,66,20,152
2443,52,15,84,15,166
2444,63,18,168,17,266
2445,86,14,134,17,251
2446,68,14,134,17,233
2447,67,32,136,15,250
2448,69,15,136,15,235
2449,51,15,136,15,217
2450,65,17,66,17,165
2451,51,17,66,17,151
2453,168,21,63,17,269
2454,67,16,132,18,233
2456,66,17,116,17,216
2457,67,32,66,18,183
2458,50,32,66,18,166
2459,167,33,66,18,284
2462,83,35,99,18,235
2463,66,35,99,18,218
2464,63,17,99,18,197
2465,67,33,66,18,184
2466,51,33,66,18,168
2468,99,17,66,17,199
2469,50,16,67,16,149
2471,66,34,117,16,233
2475,50,16,70,15,151
2476,65,17,51,16,149
2479,101,34,82,16,233
2481,51,16,132,20,219
2482,100,18,65,20,203
2483,80,18,65,20,183
2484,65,18,65,20,168
2485,67,31,54,13,165
2486,51,31,54,13,149
2487,82,16,67,18,183
2488,67,16,67,18,168
2489,117,15,69,15,216
2490,50,33,52,16,151
2492,68,15,69,15,167
2493,52,15,69,15,151
2494,97,19,67,16,199
2495,52,16,67,16,151
2496,99,17,68,16,200
2497,69,32,68,16,185
2498,83,35,66,16,200
2499,67,35,66,16,184
2500,86,33,67,12,198
2501,67,33,67,12,179
2502,52,33,67,12,164
2503,117,18,94,21,250
2504,52,33,128,21,234
2506,66,18,94,21,199
2508,51,32,62,21,166
2509,66,32,168,17,283
2510,65,17,168,17,267
2511,64,30,55,17,166
2512,52,30,55,17,154
2513,62,40,82,16,200
2516,53,32,116,18,219
2518,51,33,65,18,167
2520,83,32,135,17,267
2521,66,32,135,17,250
2522,50,32,135,17,234
2523,65,36,116,15,232
2524,66,18,116,15,215
2525,68,32,67,17,184
2526,51,32,67,17,167
2527,68,33,51,15,167
2529,65,34,100,15,214
2530,68,17,100,15,200
2533,51,15,101,17,184
2534,99,18,101,16,234
2535,82,18,101,16,217
2536,65,18,101,16,200
2537,68,33,132,17,250
2538,100,17,165,18,300
2539,84,17,165,18,284
2541,67,34,131,18,250
2542,86,31,135,16,268
2543,68,31,135,16,250
2544,51,31,135,16,233
2545,81,17,67,18,183
2548,65,17,68,16,166
2550,51,33,51,16,151
2552,85,32,67,16,200
2553,68,32,67,16,183
2554,50,32,67,16,165
2556,83,33,51,15,182
2557,66,33,51,15,165
2559,67,33,100,18,218
2561,66,33,67,18,184
2562,68,15,67,18,168
2563,51,15,67,18,151
2564,50,33,102,15,200
2566,65,17,68,15,165
2567,85,16,99,18,218
2568,68,16,99,18,201
2569,102,32,51,17,202
2570,51,34,65,18,168
2573,82,17,67,18,184
2574,65,17,67,18,167
2575,83,17,66,18,184
2577,51,17,66,18,152
2578,84,34,99,16,233
2580,67,16,99,16,198
2581,66,32,67,16,181
2582,67,14,67,16,164
2583,52,14,67,16,149
2584,65,18,67,15,165
2586,65,16,69,13,163
2587,67,35,66,17,185
2588,85,34,81,16,216
2589,67,34,81,16,198
2590,51,34,81,16,182
2591,69,32,65,17,183
2592,53,32,65,17,167
2593,131,36,64,18,249
2594,83,33,52,17,185
2595,64,33,52,17,166
2596,84,36,64,18,202
2597,65,36,64,18,183
2598,84,33,65,17,199
2599,69,33,65,17,184
2600,52,33,65,17,167
2601,118,16,68,15,217
2602,101,16,68,15,200
2603,82,16,68,15,181
2604,66,16,68,15,165
2606,116,33,50,16,215
2608,50,34,135,15,234
2609,68,33,50,16,167
2611,84,16,69,15,184
2612,83,33,134,16,266
2613,66,33,134,16,249
2614,51,33,134,16,234
2615,50,16,134,16,216
2617,51,18,64,17,150
2618,67,16,67,16,166
2619,86,14,134,16,250
2622,83,34,66,16,199
2623,83,18,66,16,183
2624,82,32,67,17,198
2625,68,32,67,17,184
2626,51,32,67,17,167
2627,66,34,50,16,166
2628,66,18,50,16,150
2629,66,33,68,16,183
2632,51,33,51,16,151
2633,101,32,67,17,217
2635,68,32,67,17,184
2637,51,16,67,17,151
2638,67,14,67,16,164
2639,64,35,100,16,215
2640,83,32,68,16,199
2641,67,32,68,16,183
2642,66,15,68,16,165
2644,64,19,67,15,165
2645,67,33,168,14,282
2647,68,34,83,14,199
2648,200,20,130,17,367
2649,67,32,102,14,215
2650,117,33,136,15,301
2651,66,32,70,14,182
2652,67,15,70,14,166
2654,68,14,136,15,233
2655,82,20,130,17,249
2656,85,33,66,15,199
2657,70,33,66,15,184
2658,65,19,66,15,165
2659,70,31,66,17,184
2661,80,19,65,16,180
2663,66,31,69,18,184
2664,101,17,53,15,186
2665,66,34,53,15,168
2666,84,35,131,19,269
2669,87,15,65,18,185
2671,53,15,65,18,151
2672,52,34,83,16,185
2673,116,15,136,17,284
2675,51,14,52,16,133
2678,66,16,66,18,166
2679,52,16,66,18,152
2680,50,33,85,14,182
2681,68,33,52,14,167
2683,66,35,98,16,215
2684,71,17,98,16,202
2685,68,31,67,16,182
2687,52,14,67,16,149
2688,80,35,67,17,199
2689,98,33,103,15,249
2690,63,18,67,17,165
2691,83,17,103,15,218
2692,81,34,69,15,199
2694,85,34,50,16,185
2695,67,34,50,16,167
2696,120,31,100,16,267
2697,68,35,97,18,218
2698,84,31,100,16,231
2700,67,16,100,16,199
2701,50,16,100,16,182
2702,85,31,50,19,185
2703,82,15,50,19,166
2704,67,15,50,19,151
2705,84,16,66,19,185
2706,82,35,99,17,233
2707,65,35,99,17,216
2710,82,36,66,16,200
2711,66,36,66,16,184
2712,69,17,66,16,168
2713,67,32,50,17,166
2714,51,32,50,17,150
2716,83,33,83,17,216
2717,66,33,83,17,199
2718,84,33,101,17,235
2719,135,32,149,19,335
2722,85,32,149,19,285
2723,68,32,149,19,268
2724,65,17,149,19,250
2726,68,16,65,17,166
2727,50,16,65,17,148
2729,51,16,66,16,149
2730,64,17,50,19,150
2731,99,35,63,18,215
2732,65,17,68,17,167
2734,51,35,63,18,167
2735,69,33,81,19,202
2736,85,30,51,19,185
2737,68,30,51,19,168
2738,69,13,51,19,152
2739,50,13,51,19,133
2741,63,37,65,16,181
2742,83,32,66,18,199
2743,70,32,66,18,186
2745,69,33,66,17,185
2746,69,15,66,17,167
2747,65,33,66,17,181
2749,84,15,68,17,184
2750,81,33,52,17,183
2751,83,16,52,17,168
2752,83,35,133,18,269
2754,65,18,133,18,234
2755,68,34,65,18,185
2756,68,17,65,18,168
2757,52,17,65,18,152
2758,52,34,65,18,169
2759,68,31,133,16,248
2760,82,34,64,19,199
2761,65,34,64,19,182
2763,65,33,82,20,200
2767,64,35,68,17,184
2768,97,20,215,16,348
2770,65,20,215,16,316
2771,51,20,215,16,302
2772,52,32,65,18,167
2774,86,31,68,16,201
2775,66,31,68,16,181
2776,51,31,68,16,166
2780,65,18,50,16,149
2782,66,18,67,14,165
2783,67,32,100,19,218
2784,68,16,100,19,203
2785,50,16,100,19,185
2786,68,17,84,16,185
2787,67,33,51,16,167
2788,51,33,51,16,151
2789,83,17,68,16,184
2790,82,35,65,17,199
2791,65,35,65,17,182
2792,70,16,65,17,168
2793,51,16,65,17,149
2794,52,33,166,18,269
2798,86,32,67,18,203
2799,132,34,66,18,250
2800,99,17,52,16,184
2802,66,17,52,16,151
2803,65,34,66,18,183
2804,65,17,66,18,166
2805,67,34,67,15,183
2806,51,34,67,15,167
2807,52,16,67,15,150
2808,66,17,68,15,166
2810,66,17,65,18,166
2811,50,17,65,18,150
2812,85,32,100,16,233
2813,68,32,100,16,216
2814,82,35,65,16,198
2815,100,32,67,16,215
2816,68,17,65,16,166
2817,67,32,67,16,182
2819,67,33,68,17,185
2821,99,34,117,17,267
2822,84,34,117,17,252
2823,67,34,117,17,235
2827,134,34,131,17,316
2828,51,32,52,17,152
2829,65,35,68,13,181
2830,66,17,68,13,164
2831,50,17,68,13,148
2832,51,34,131,17,233
2833,52,17,131,17,217
2834,67,18,97,17,199
2835,81,19,100,16,216
2836,64,19,100,16,199
2837,66,33,67,16,182
2838,83,32,101,17,233
2839,65,32,101,17,215
2841,65,35,66,17,183
2842,66,18,66,17,167
2844,51,33,67,16,167
2845,84,17,50,15,166
2849,50,17,66,16,149
2850,67,15,86,16,184
2851,82,18,117,16,233
2852,65,18,117,16,216
2855,86,16,66,17,185
2856,102,17,100,17,236
2857,101,32,68,17,218
2858,101,16,68,17,202
2859,67,32,68,17,184
2860,150,32,51,15,248
2861,83,17,100,17,217
2863,66,34,66,17,183
2865,68,32,51,15,166
2866,51,32,51,15,149
2867,51,15,51,15,132
2869,83,15,67,17,182
2870,66,15,67,17,165
2871,66,34,67,17,184
2872,50,34,67,17,168
2873,66,33,67,16,182
2874,67,15,67,16,165
2875,52,15,67,16,150
2876,67,17,83,15,182
2879,51,16,50,15,132
2880,66,17,168,17,268
2881,66,32,69,16,183
2882,66,15,69,16,166
2883,50,15,69,16,150
2885,67,34,67,17,185
2886,84,34,67,15,200
2887,51,18,67,17,153
2888,51,34,67,15,167
2889,118,17,98,18,251
2890,85,34,98,18,235
2891,101,32,134,17,284
2892,85,32,134,17,268
2893,67,32,134,17,250
2895,66,33,267,16,382
2896,65,17,267,16,365
2897,82,16,68,17,183
2899,66,33,67,17,183
2901,51,15,67,17,150
2903,68,32,100,18,218
2904,50,32,100,18,200
2905,67,34,66,18,185
2906,50,34,66,18,168
2907,66,34,100,15,215
2908,49,34,100,15,198
2909,68,32,68,15,183
2910,51,32,68,15,166
2911,66,34,100,17,217
2912,51,34,100,17,202
2913,66,34,66,17,183
2914,100,18,66,17,201
2916,65,18,66,17,166
2917,67,33,67,16,183
2918,51,33,67,16,167
2922,83,33,66,16,198
2924,149,34,65,17,265
2926,67,18,65,17,167
2927,68,31,67,16,182
2928,83,34,65,17,199
2930,65,18,65,17,165
2932,66,16,66,17,165
2934,67,16,51,17,151
2936,82,34,51,15,182
2937,66,34,51,15,166
2939,169,31,53,16,269
2942,68,15,102,17,202
2943,51,15,102,17,185
2945,68,31,53,16,168
2946,67,14,53,16,150
2947,52,14,53,16,135
2949,67,33,65,18,183
2951,53,16,65,18,152
2952,66,15,102,16,199
2954,65,16,69,16,166
2955,83,15,167,17,282
2957,51,15,167,17,250
2959,51,18,65,18,152
2960,67,16,67,16,166
2962,66,17,66,17,166
2963,65,34,67,19,185
2964,67,16,67,19,169
2967,66,35,66,19,186
2968,83,31,117,18,249
2972,84,33,67,16,200
2973,66,33,67,16,182
2975,85,17,66,16,184
2976,100,18,67,17,202
2977,67,33,67,17,184
2978,81,33,201,16,331
2979,67,33,201,16,317
2980,99,18,84,17,218
2981,66,34,84,17,201
2984,85,31,68,16,200
2987,101,32,83,18,234
2988,84,32,83,18,217
2989,99,34,49,18,200
2990,52,32,83,18,185
2993,66,32,167,19,284
2995,50,16,167,19,252
2996,67,18,66,16,167
2999,117,18,83,17,235
3000,100,18,83,17,218
3002,65,18,83,17,183
3003,66,32,51,17,166
3004,51,32,51,17,151
3005,66,34,99,17,216
3006,84,34,82,17,217
3008,67,17,82,17,183
3010,65,16,101,16,198
3011,66,33,68,16,183
3012,82,34,68,16,200
3014,66,17,68,16,167
3015,50,17,68,16,151
3016,84,34,168,13,299
3017,68,34,168,13,283
3018,85,32,66,19,202
3019,68,32,66,19,185
3021,66,34,65,19,184
3022,84,32,101,16,233
3023,66,32,101,16,215
3024,50,32,101,16,199
3027,84,18,63,17,182
3031,68,32,67,17,184
3032,65,16,67,17,165
3033,164,32,68,16,280
3034,91,26,66,18,201
3037,133,34,69,16,252
3039,60,32,68,16,176
3040,51,32,68,16,167
3042,67,16,69,16,168
3043,50,16,69,16,151
3044,84,35,66,14,199
3047,69,31,118,18,236
3051,66,34,97,18,215
3053,69,32,167,16,284
3054,52,32,167,16,267
3055,66,35,132,16,249
3056,69,18,132,16,235
3057,67,30,202,16,315
3060,84,33,66,16,199
3062,52,33,66,16,167
3063,69,33,65,17,184
3064,84,33,67,16,200
3065,66,33,67,16,182
3066,114,35,83,17,249
3067,66,32,51,18,167
3070,84,34,99,17,234
3071,67,34,99,17,217
3073,118,17,65,19,219
3074,84,34,65,19,202
3075,66,34,65,19,184
3077,66,33,99,19,217
3078,52,33,99,19,203
3080,67,15,67,19,168
3082,104,13,86,16,219
3083,66,33,86,16,201
3084,82,36,66,17,201
3085,117,17,52,16,202
3086,67,17,66,17,167
3089,86,16,133,16,251
3090,67,16,133,16,232
3091,83,16,116,16,231
3092,52,33,116,16,217
3093,52,16,116,16,200
3096,81,35,134,16,266
3097,65,35,134,16,250
3098,85,32,102,16,235
3099,68,32,102,16,218
3100,101,16,134,16,267
3103,66,35,64,17,182
3106,84,31,102,16,233
3108,81,35,167,17,300
3109,99,34,65,19,217
3110,66,18,167,17,268
3113,51,18,65,19,153
3116,67,16,85,16,184
3120,101,16,151,15,283
3121,68,33,151,15,267
3123,52,16,151,15,234
3124,64,19,64,17,164
3125,67,33,84,15,199
3126,66,17,84,15,182
3127,67,31,68,18,184
3129,64,36,66,17,183
3130,65,19,66,17,167
3131,99,34,149,17,299
3132,82,34,149,17,282
3134,51,34,149,17,251
3135,83,15,51,16,165
3136,66,15,51,16,148
3137,51,15,51,16,133
3138,82,33,135,16,266
3140,66,16,135,16,233
3141,51,16,135,16,218
3142,67,16,51,15,149
3143,66,34,68,16,184
3144,66,17,68,16,167
3145,67,32,119,18,236
3146,67,15,119,18,219
3147,51,15,119,18,203
3148,68,17,83,18,186
3149,68,31,70,15,184
3150,67,15,70,15,167
3151,83,19,67,17,186
3155,70,32,65,18,185
3156,54,32,65,18,169
3159,66,31,52,17,166
3160,51,31,52,17,151
3162,66,18,165,18,267
3164,100,18,65,19,202
3165,52,17,66,17,152
3166,100,17,134,16,267
3167,82,17,134,16,249
3168,114,35,68,16,233
3169,66,31,53,16,166
3170,52,31,53,16,152
3171,65,35,68,16,184
3172,67,16,68,16,167
3175,86,17,64,16,183
3177,68,33,183,16,300
3178,66,17,183,16,282
3179,67,31,52,17,167
3180,67,14,52,17,150
3181,80,20,65,17,182
3186,136,16,65,19,236
3187,65,34,98,19,216
3191,51,16,65,19,151
3193,50,15,52,15,132
3195,65,34,52,16,167
3197,52,15,52,16,135
3200,117,32,68,14,231
3202,99,16,68,14,197
3204,66,16,68,14,164
3205,82,17,49,19,167
3206,65,17,49,19,150
3207,65,35,98,19,217
3208,65,19,98,19,201
3211,68,33,51,14,166
3212,85,32,83,16,216
3213,66,32,83,16,197
3215,65,33,66,17,181
3217,51,14,66,17,148
3219,83,16,103,16,218
3220,64,16,103,16,199
3221,66,34,69,16,185
3222,65,17,69,16,167
3223,64,35,50,16,165
3224,67,18,50,16,151
3225,69,34,83,14,200
3226,52,34,83,14,183
3227,85,16,100,19,220
3228,52,32,100,19,203
3229,66,35,65,19,185
3230,52,35,65,19,171
3232,67,14,68,16,165
3234,66,17,65,18,166
3235,65,33,69,14,181
3236,68,14,69,14,165
3237,68,32,68,17,185
3238,50,32,68,17,167
3239,83,19,132,16,250
3240,83,31,51,15,180
3241,50,19,132,16,217
3244,67,16,133,18,234
3247,51,15,100,18,184
3248,84,34,65,17,200
3252,51,31,102,15,199
3253,65,34,68,15,182
3254,67,16,68,15,166
3256,67,16,66,17,166
3257,51,16,66,17,150
3258,84,31,56,27,198
3259,68,31,56,27,182
3260,51,31,56,27,165
3261,66,37,64,16,183
3263,68,19,61,17,165
3265,83,18,67,16,184
3267,80,17,67,16,180
3268,61,17,67,16,161
3269,66,34,66,18,184
3270,85,33,100,17,235
3272,67,17,100,17,201
3273,67,33,100,17,217
3277,100,33,67,16,216
3278,84,33,67,16,200
3279,84,16,67,16,183
3280,66,16,67,16,165
3281,51,16,67,16,150
3282,67,16,67,16,166
3283,100,33,200,18,351
3285,67,33,200,18,318
3286,83,36,131,16,266
3287,67,36,131,16,250
3288,66,20,131,16,233
3289,166,34,134,17,351
3296,50,34,134,17,235
3297,68,33,234,16,351
3298,116,32,134,16,298
3299,67,34,84,17,202
3300,84,32,134,16,266
3301,67,32,134,16,249
3302,102,16,83,16,217
3303,85,16,83,16,200
3304,67,16,83,16,182
3305,51,16,83,16,166
3306,68,17,131,18,234
3307,52,17,131,18,218
3308,66,17,66,16,165
3309,67,32,101,17,217
3310,82,34,166,16,298
3312,65,18,166,16,265
3313,98,35,99,16,248
3314,66,16,67,18,167
3315,66,35,99,16,216
3316,50,35,99,16,200
3317,50,17,99,16,182
3318,51,32,134,16,233
3319,85,16,100,16,217
3321,66,33,67,16,182
3322,66,16,67,16,165
3323,83,18,100,17,218
3324,65,18,100,17,200
3325,67,33,67,17,184
3326,83,34,118,15,250
3327,67,34,118,15,234
3328,51,34,118,15,218
3329,67,33,85,15,200
3330,51,33,85,15,184
3331,67,33,52,15,167
3332,51,33,52,15,151
3334,85,32,100,17,234
3337,100,34,99,17,250
3339,82,17,99,17,215
3341,83,17,66,17,183
3343,84,17,66,16,183
3344,67,17,66,16,166
3345,50,17,66,16,149
3346,67,16,101,16,200
3347,83,17,67,16,183
3351,67,34,66,16,183
3354,84,33,133,16,266
3356,50,33,133,16,232
3357,66,34,99,16,215
3358,50,34,99,16,199
3359,166,34,66,17,283
3360,51,32,67,16,166
3361,50,16,67,16,149
3362,50,35,66,17,168
3364,67,16,67,16,166
3366,50,34,66,17,167
3367,83,16,50,17,166
3369,51,16,50,17,134
3370,101,17,232,19,369
3372,66,17,232,19,334
3373,99,37,80,18,234
3375,66,37,80,18,201
3376,65,21,80,18,184
3378,53,31,67,16,167
3379,100,35,65,19,219
3380,84,35,65,19,203
3382,83,32,133,17,265
3384,50,32,133,17,232
3389,52,16,100,15,183
3390,85,31,102,16,234
3391,69,31,102,16,218
3392,66,15,102,16,199
3393,65,35,67,16,183
3395,81,17,166,17,281
3396,65,17,166,17,265
3397,50,17,166,17,250
3398,85,32,51,18,186
3399,67,32,51,18,168
3401,118,18,99,16,251
3403,65,36,99,16,216
3404,67,18,99,16,200
3406,67,15,69,16,167
3407,83,16,52,17,168
3410,66,18,133,16,233
3411,69,33,100,16,218
3412,52,33,100,16,201
3414,51,32,202,14,299
3415,65,35,66,17,183
3416,68,16,66,17,167
3418,69,17,168,16,270
3420,65,17,67,16,165
3421,66,32,103,16,217
3423,134,34,65,16,249
3424,66,18,101,15,200
3425,67,34,67,15,183
3426,84,34,65,16,199
3427,69,34,65,16,184
3428,52,34,65,16,167
3432,53,32,56,28,169
3433,65,33,65,19,182
3434,65,17,65,19,166
3435,88,42,68,16,214
3437,56,42,68,16,182
3439,101,32,68,17,218
3440,61,17,100,17,195
3441,83,16,68,17,184
3442,66,16,68,17,167
3445,81,19,82,17,199
3447,68,33,66,18,185
3448,69,16,66,18,169
3450,52,32,101,15,200
3451,82,17,101,15,215
3453,66,33,101,15,215
3454,69,15,101,15,200
3456,50,34,67,15,166
3457,116,18,52,15,201
3458,83,33,52,15,183
3459,68,33,52,15,168
3461,67,31,120,15,233
3462,52,31,120,15,218
3463,64,36,84,15,199
3464,85,31,53,15,184
3465,52,15,84,15,166
3466,52,31,53,15,151
3467,67,34,134,17,252
3468,80,34,67,17,198
3469,65,34,67,17,183
3470,69,15,67,17,168
3471,53,15,67,17,152
3472,83,33,68,16,200
3473,68,33,68,16,185
3474,65,17,68,16,166
3475,50,17,68,16,151
3476,51,33,99,18,201
3478,85,31,68,16,200
3480,82,33,51,17,183
3481,66,33,51,17,167
3482,82,35,66,17,200
3483,64,35,66,17,182
3486,66,17,99,18,200
3487,51,17,99,18,185
3488,100,17,165,17,299
3492,50,32,133,17,232
3493,84,16,99,17,216
3494,67,16,99,17,199
3495,66,34,65,17,182
3496,51,34,65,17,167
3497,83,17,102,15,217
3499,66,33,69,15,183
3500,65,16,69,15,165
3501,82,18,68,14,182
3502,50,35,68,14,167
3504,51,34,64,18,167
3505,69,34,98,16,217
3507,68,30,68,16,182
3508,52,30,68,16,166
3509,64,35,84,16,199
3510,100,17,51,16,184
3511,81,17,51,16,165
3512,100,18,65,17,200
3513,119,16,68,15,218
3517,67,32,119,16,234
3518,51,32,119,16,218
3522,66,17,135,15,233
3523,51,17,135,15,218
3525,65,34,100,16,215
3526,68,16,100,16,200
3527,51,16,100,16,183
3530,65,19,97,18,199
3531,68,32,65,18,183
3533,66,33,117,17,233
3537,65,35,67,17,184
3538,67,17,67,17,168
3539,82,19,99,20,220
3540,65,19,99,20,203
3541,85,17,86,13,201
3542,118,32,99,18,267
3543,67,34,100,16,217
3546,65,18,99,18,200
3547,66,33,66,18,183
3548,117,31,67,16,231
3549,65,35,66,15,181
3551,68,31,67,16,182
3553,84,17,99,16,216
3554,67,17,99,16,199
3555,81,17,67,16,181
3556,65,17,67,16,165
3559,99,33,68,16,216
3561,67,33,68,16,184
3562,101,16,51,17,185
3563,64,33,51,17,165
3564,68,16,51,17,152
3565,83,18,65,16,182
3566,67,18,65,16,166
3569,51,17,66,16,150
3571,65,34,67,16,182
3572,65,18,67,16,166
3573,82,17,68,16,183
3574,65,17,68,16,166
3575,67,34,100,16,217
3576,51,34,100,16,201
3577,67,34,66,16,183
3578,67,18,66,16,167
3582,68,16,66,17,167
3583,66,33,134,15,248
3584,66,17,134,15,232
3587,66,36,165,16,283
3588,67,19,165,16,267
3590,99,18,134,15,266
3591,67,34,134,15,250
3592,66,18,134,15,233
3593,65,33,67,16,181
3595,150,18,65,16,249
3596,51,34,67,15,167
3597,100,34,65,16,215
3598,52,33,134,16,235
3599,83,18,65,16,182
3602,53,33,100,15,201
3603,82,17,68,15,182
3604,66,17,68,15,166
3605,65,35,64,17,181
3606,50,35,64,17,166
3608,85,31,52,16,184
3609,68,31,52,16,167
3610,52,31,52,16,151
3611,64,35,65,19,183
3612,83,33,67,17,200
3614,51,33,67,17,168
3615,119,16,66,18,219
3616,51,32,101,18,202
3617,65,35,66,18,184
3618,67,16,66,18,167
3622,51,31,84,18,184
3623,50,16,84,18,168
3624,67,16,50,18,151
3626,66,17,67,16,166
3627,118,16,99,17,250
3629,50,18,64,19,151
3630,52,32,99,17,200
3631,83,16,102,15,216
3633,64,34,100,18,216
3635,66,33,101,17,217
3636,69,14,101,17,201
3637,53,14,101,17,185
3638,65,18,134,15,232
3639,83,17,169,15,284
3641,118,17,67,16,218
3642,68,16,68,15,167
3643,83,17,67,16,183
3644,68,17,67,16,168
3645,51,17,67,16,151
3646,50,34,67,15,166
3647,101,34,166,16,317
3648,51,33,98,18,200
3650,133,16,50,18,217
3651,67,31,83,18,199
3652,52,31,83,18,184
3653,65,33,50,18,166
3654,66,16,50,18,150
3658,66,18,132,18,234
3661,67,32,101,16,216
3664,51,33,134,16,234
3669,51,17,165,17,250
3672,66,17,99,17,199
3673,66,34,99,17,216
3674,66,18,99,17,200
3675,67,32,67,17,183
3676,67,16,67,17,167
3678,67,16,68,16,167
3682,50,34,132,19,235
3684,67,17,67,16,167
3685,50,17,67,16,150
3686,99,18,84,14,215
3688,66,18,84,14,182
3689,67,32,101,17,217
3691,102,31,134,17,284
3692,50,35,66,17,168
3693,67,31,134,17,249
3694,51,31,134,17,233
3697,66,34,65,17,182
3698,66,17,65,17,165
3699,52,17,65,17,151
3700,116,34,235,15,400
3702,82,34,235,15,366
3703,65,34,235,15,349
3705,51,17,235,15,318
3708,51,32,68,17,168
3709,84,16,51,15,166
3710,68,16,51,15,150
3711,66,34,84,17,201
3712,65,17,84,17,183
3713,85,15,69,15,184
3714,50,32,69,15,166
3715,51,15,69,15,150
3716,67,17,200,15,299
3717,67,34,65,16,182
3718,67,17,65,16,165
3719,69,32,99,17,217
3720,83,33,234,16,366
3722,82,33,68,15,198
3723,98,33,68,16,215
3724,66,17,68,15,166
3725,66,33,68,16,183
3726,64,17,68,16,165
3727,49,17,68,16,150
3728,67,18,67,15,167
3729,68,33,67,17,185
3731,68,34,66,16,184
3735,67,33,100,16,216
3736,51,33,100,16,200
3737,66,32,68,16,182
3739,98,35,65,19,217
3740,65,16,51,16,148
3741,65,35,65,19,184
3742,68,16,65,19,168
3744,51,32,100,17,200
3745,51,16,100,17,184
3746,66,15,67,17,165
3750,99,18,65,18,200
3751,67,35,65,18,185
3752,99,18,98,17,232
3753,67,34,98,17,216
3754,67,18,98,17,200
3755,69,31,67,17,184
3756,69,14,67,17,167
3757,51,14,67,17,149
3758,133,17,99,17,266
3760,65,16,83,17,181
3761,51,16,83,17,167
3762,66,17,99,17,199
3763,84,18,65,17,184
3766,133,18,65,17,233
3768,83,35,65,17,200
3769,65,35,65,17,182
3770,67,18,65,17,167
3771,68,33,66,17,184
3772,68,16,66,17,167
3774,51,32,51,17,151
3775,65,34,100,16,215
3777,66,34,100,15,215
3780,51,33,99,17,200
3781,67,33,66,17,183
3782,66,17,66,17,166
3783,66,34,65,19,184
3784,66,18,65,19,168
3785,82,17,52,16,167
3786,66,17,52,16,151
3788,102,16,99,17,234
3789,84,16,99,17,216
3791,85,16,66,17,184
3792,68,16,66,17,167
3793,68,34,65,18,185
3794,83,32,51,17,183
3795,67,32,51,17,167
3796,99,16,100,19,234
3797,117,17,65,19,218
3798,65,16,100,19,200
3800,85,32,100,17,234
3801,68,32,100,17,217
3802,51,32,100,17,200
3803,67,33,99,18,217
3804,67,15,99,18,199
3806,100,17,101,17,235
3807,52,15,65,18,150
3808,65,17,101,17,200
3809,84,15,69,17,185
3810,98,17,67,17,199
3811,118,16,64,19,217
3812,67,17,67,17,168
3814,84,33,65,18,200
3816,68,16,65,18,167
3817,67,31,101,18,217
3818,66,14,101,18,199
3819,64,34,234,18,350
3822,66,16,51,17,150
3827,85,15,50,17,167
3829,52,15,50,17,134
3830,99,17,51,16,183
3831,82,17,51,16,166
3832,65,17,51,16,149
3833,86,14,85,17,202
3834,69,14,85,17,185
3835,52,14,85,17,168
3836,50,34,51,17,152
3837,84,17,66,16,183
3838,65,17,66,16,164
3839,51,17,66,16,150
3841,68,32,67,16,183
3842,99,18,67,15,199
3843,82,18,67,15,182
3844,65,18,67,15,165
3845,66,33,67,16,182
3846,84,34,65,16,199
3847,67,34,65,16,182
3850,52,33,100,16,201
3851,67,32,68,16,183
3852,51,32,68,16,167
3853,81,19,99,22,221
3854,66,19,99,22,206
3855,67,33,66,22,188
3857,68,32,105,30,235
3860,68,16,71,30,185
3861,66,22,79,15,182
3864,87,30,333,16,466
3865,71,30,333,16,450
3866,79,34,100,15,228
3867,66,34,100,15,215
3868,50,34,100,15,199
3870,99,17,133,17,266
3871,100,34,65,18,217
3873,83,17,65,18,183
3874,68,17,65,18,168
3876,85,31,51,16,183
3878,82,34,66,17,199
3879,65,34,66,17,182
3880,84,33,67,16,200
3881,65,33,67,16,181
3882,66,16,67,16,165
3883,51,16,67,16,150
3885,83,17,133,16,249
3886,66,17,133,16,232
3888,65,17,68,16,166
3890,67,16,135,15,233
3892,50,35,100,15,200
3893,84,16,117,15,232
3894,67,16,117,15,215
3896,66,22,79,15,182
3897,70,30,100,16,216
3899,102,30,52,17,201
3900,52,34,66,16,168
3901,64,30,52,17,163
3903,64,36,66,15,181
3905,66,33,66,17,182
3907,84,18,118,16,236
3909,66,33,66,19,184
3910,83,33,100,16,232
3911,66,33,100,16,215
3912,84,33,168,16,301
3914,103,16,67,15,201
3915,66,35,67,15,183
3917,68,32,68,16,184
3918,51,32,68,16,167
3919,51,16,68,16,151
3920,64,19,66,16,165
3922,84,33,133,17,267
3923,68,33,133,17,251
3925,66,32,66,17,181
3926,101,15,85,15,216
3927,65,33,85,15,198
3928,67,15,85,15,182
3929,50,15,85,15,165
3930,67,15,52,15,149
3931,83,18,65,18,184
3932,65,18,65,18,166
3933,151,20,63,16,250
3935,52,15,71,13,151
3937,83,20,63,16,182
3939,71,31,200,18,320
3942,51,32,51,15,149
3943,63,34,69,13,179
3944,84,32,69,13,198
3945,66,32,69,13,180
3946,66,15,69,13,163
3947,84,19,65,18,186
3950,52,32,51,10,145
3951,102,28,54,17,201
3952,84,28,54,17,183
3953,65,28,54,17,164
3955,51,10,54,17,132
3956,82,37,100,16,235
3957,62,37,100,16,215
3958,64,17,100,16,197
3959,105,33,67,15,220
3960,65,19,66,16,166
3961,71,33,67,15,186
3962,51,33,67,15,166
3964,52,33,167,15,267
3966,65,18,98,19,200
3967,67,35,63,19,184
3970,53,32,66,15,166
3973,63,35,51,14,163
3974,84,35,65,16,200
3975,66,35,65,16,182
3976,51,35,65,16,167
3978,51,30,136,16,233
3980,50,35,67,15,167
3981,98,34,50,20,202
3983,51,17,68,16,152
3984,85,34,65,16,200
3986,85,36,131,13,265
3987,68,36,131,13,248
3988,50,36,131,13,230
3990,84,37,129,18,268
3991,102,30,99,18,249
3992,65,21,129,18,233
3993,66,30,99,18,213
3994,98,19,64,18,199
3995,67,35,64,18,184
3996,86,32,67,18,203
3997,65,32,67,18,182
3999,67,32,134,15,248
4000,51,32,134,15,232
4002,86,30,69,15,200
4005,53,12,69,15,149
4006,66,16,67,17,166
4007,83,16,66,17,182
4008,65,16,66,17,164
4010,65,18,84,16,183
4011,67,33,51,16,167
4012,66,16,51,16,149
4014,51,33,134,16,234
4016,67,16,69,15,167
4019,52,17,117,15,201
4020,51,34,64,19,168
4021,69,31,99,18,217
4022,66,16,99,18,199
4023,98,34,66,16,214
4024,102,15,66,16,199
4026,83,32,68,17,200
4027,52,15,66,16,149
4028,101,16,51,15,183
4029,66,34,51,15,166
4030,65,16,51,15,147
4031,66,34,100,18,218
4032,101,15,68,18,202
4033,85,15,68,18,186
4034,67,15,68,18,168
4035,51,15,68,18,152
4036,69,15,52,15,151
4037,85,15,133,17,250
4042,83,31,68,18,200
4043,68,31,68,18,185
4045,84,16,52,14,166
4046,83,34,100,15,232
4047,65,34,100,15,214
4048,66,17,100,15,198
4049,68,32,68,15,183
4051,82,18,67,17,184
4052,65,18,67,17,167
4053,81,19,67,16,183
4055,68,33,116,17,234
4057,67,34,82,17,200
4058,52,34,82,17,185
4060,52,34,65,18,169
4061,68,31,69,16,184
4062,51,31,69,16,167
4063,117,17,67,14,215
4064,66,17,102,14,199
4065,65,35,67,14,181
4066,84,31,66,19,200
4067,69,31,66,19,185
4068,52,31,66,19,168
4069,51,15,66,19,151
4070,84,30,52,17,183
4071,97,35,99,17,248
4072,65,16,52,17,150
4073,66,35,99,17,217
4074,83,34,65,17,199
4075,65,34,65,17,181
4076,85,32,100,18,235
4077,52,17,65,17,151
4081,65,34,99,18,216
4082,51,34,99,18,202
4083,50,17,99,18,184
4084,84,35,66,17,202
4085,67,35,66,17,185
4087,51,17,66,17,151
4089,84,17,99,19,219
4090,66,17,99,19,201
4093,72,28,53,15,168
4094,54,28,53,15,150
4095,82,17,51,16,166
4096,82,34,67,17,200
4098,101,16,72,27,216
4100,51,33,72,27,183
4101,101,38,128,17,284
4103,67,38,128,17,250
4104,67,21,128,17,233
4105,51,21,128,17,217
4106,57,27,101,17,202
4107,50,15,101,17,183
4108,65,19,65,17,166
4109,63,32,66,17,178
4110,65,18,66,17,166
4111,68,33,67,17,185
4112,51,33,67,17,168
4114,68,16,51,17,152
4115,66,34,132,19,251
4116,67,17,132,19,235
4117,50,17,132,19,218
4119,68,33,99,19,219
4120,66,18,99,19,202
4121,67,32,67,19,185
4122,50,32,67,19,168
4123,65,33,53,14,165
4124,67,16,53,14,150
4127,52,15,83,19,169
4128,50,33,102,17,202
4129,53,14,102,17,186
4130,83,34,115,19,251
4131,68,34,115,19,236
4133,69,33,66,16,184
4135,67,32,50,19,168
4137,65,34,51,15,165
4138,66,17,51,15,149
4139,66,35,99,15,215
4140,65,19,99,15,198
4142,100,17,65,19,201
4144,67,17,65,19,168
4146,64,19,67,17,167
4147,68,31,53,16,168
4148,66,16,53,16,151
4149,65,36,84,15,200
4150,69,17,84,15,185
4152,69,16,51,15,151
4153,53,16,51,15,135
4154,83,33,65,18,199
4155,66,33,65,18,182
4158,50,32,67,16,165
4161,83,16,100,18,217
4162,66,16,100,18,200
4164,66,18,66,18,168
4165,50,18,66,18,152
4166,67,16,67,19,169
4168,51,33,53,15,152
4169,84,16,118,16,234
4170,117,32,52,16,217
4173,53,15,66,18,152
4175,66,34,66,18,184
4177,66,34,68,16,184
4178,68,16,68,16,168
4179,52,16,68,16,152
4180,50,32,52,15,149
4181,51,15,52,15,133
4182,84,31,68,16,199
4183,68,31,68,16,183
4186,65,18,67,17,167
4187,65,34,65,17,181
4188,65,18,65,17,165
4189,68,33,66,16,183
4190,52,33,66,16,167
4191,116,17,68,14,215
4193,65,34,68,14,181
4195,66,36,98,15,215
4196,85,32,100,15,232
4197,70,32,100,15,217
4198,53,32,100,15,200
4199,68,34,66,15,183
4201,66,32,66,16,180
4202,53,32,66,16,167
4203,66,34,64,18,182
4204,52,34,64,18,168
4206,65,17,100,17,199
4207,135,31,52,14,232
4208,67,16,68,17,168
4209,64,37,65,18,184
4212,53,31,52,14,150
4213,68,34,64,22,188
4214,67,17,64,22,170
4216,67,14,117,17,215
4217,52,14,117,17,200
4218,66,15,52,19,152
4220,68,49,101,14,232
4223,102,33,67,17,219
4225,64,33,67,17,181
4226,120,30,69,15,234
4227,101,30,69,15,215
4228,50,37,69,30,186
4229,70,30,69,15,184
4231,106,30,66,14,216
4232,66,22,76,20,184
4233,69,30,66,14,179
4234,55,30,66,14,165
4235,69,32,66,17,184
4236,84,34,132,16,266
4237,62,34,132,16,244
4238,65,20,132,16,233
4239,66,32,66,16,180
4242,86,32,99,19,236
4244,52,32,99,19,202
4245,66,34,65,19,184
4247,66,32,52,17,167
4248,67,16,52,17,152
4249,66,33,68,19,186
4250,68,15,68,19,170
4251,84,17,116,16,233
4253,52,17,116,16,201
4255,87,13,52,16,168
4257,51,13,52,16,132
4259,67,33,201,18,319
4260,65,16,201,18,300
4263,68,33,83,23,207
4264,84,31,52,23,190
4265,99,36,66,18,219
4266,52,31,52,23,158
4268,87,39,194,15,335
4269,83,23,194,15,315
4270,52,39,194,15,300
4271,102,32,67,16,217
4273,66,32,67,16,181
4276,70,19,64,16,169
4277,69,30,134,17,250
4279,83,18,100,17,218
4282,82,32,300,16,430
4283,83,17,300,16,416
4285,184,16,100,16,316
4286,66,18,66,18,168
4287,66,32,52,16,166
4288,51,32,52,16,151
4290,84,34,100,16,234
4291,84,16,100,16,216
4292,67,16,100,16,199
4293,101,33,100,16,250
4296,67,15,100,16,198
4297,51,15,100,16,182
4298,99,16,69,15,199
4300,131,19,64,18,232
4301,66,34,67,16,183
4302,82,35,64,18,199
4305,69,32,66,18,185
4309,64,34,51,16,165
4310,67,16,51,16,150
4312,50,35,67,15,167
4314,51,32,68,15,166
4315,51,16,68,15,150
4317,100,33,66,16,215
4319,68,33,66,16,183
4320,51,33,66,16,166
4321,66,34,65,16,181
4322,51,34,65,16,166
4324,152,32,99,19,302
4326,66,17,67,16,166
4328,66,19,131,19,235
4330,52,32,99,19,202
4331,51,16,99,19,185
4332,83,36,166,16,301
4334,66,18,166,16,266
4336,70,13,67,17,167
4337,86,16,100,16,218
4338,68,16,100,16,200
4340,65,15,100,17,197
4341,67,35,65,17,184
4343,67,33,84,16,200
4344,65,18,84,16,183
4346,51,32,52,16,151
4349,69,31,67,15,182
4350,53,31,67,15,166
4351,52,16,67,15,150
4352,51,33,101,17,202
4353,98,33,67,17,215
4354,67,16,133,15,231
4355,67,33,67,17,184
4356,51,33,67,17,168
4359,67,33,99,16,215
4360,69,16,99,16,200
4361,51,16,99,16,182
4363,66,34,67,15,182
4364,115,35,83,16,249
4365,82,17,102,16,217
4367,66,35,83,16,200
4368,86,32,51,16,185
4369,67,32,51,16,166
4371,67,35,67,15,184
4376,117,33,53,14,217
4377,67,31,134,17,249
4378,51,31,134,17,233
4379,83,16,53,14,166
4381,64,34,67,17,182
4385,101,33,67,17,218
4386,66,17,67,17,167
4387,84,16,67,17,184
4388,65,16,67,17,165
4389,51,16,67,17,151
4390,50,34,66,16,166
4392,50,33,101,17,201
4393,84,16,68,17,185
4394,66,16,68,17,167
4395,82,18,67,17,184
4396,65,18,67,17,167
4397,101,33,64,21,219
4398,84,33,64,21,202
4399,68,33,64,21,186
4402,67,16,249,16,348
4404,64,16,53,16,149
4406,68,15,65,16,164
4408,52,33,149,16,250
4409,87,14,51,18,170
4410,66,14,51,18,149
4411,51,14,51,18,134
4412,84,33,64,19,200
4414,65,18,64,19,166
4419,100,30,52,15,197
4421,67,30,52,15,164
4422,52,30,52,15,149
4423,118,15,66,17,216
4424,81,33,66,17,197
4425,64,33,66,17,180
4427,52,15,66,17,150
4428,98,15,103,17,233
4429,99,35,85,17,236
4431,101,33,52,17,203
4432,65,18,85,17,185
4433,84,16,52,17,169
4434,67,16,52,17,152
4436,68,18,81,17,184
4437,85,17,98,18,218
4438,68,17,98,18,201
4440,52,33,98,17,200
4441,98,34,102,14,248
4442,115,33,134,17,299
4444,84,33,134,17,268
4445,65,33,134,17,249
4446,69,15,134,17,235
4447,84,20,130,16,250
4449,50,20,130,16,216
4450,66,18,65,17,166
4451,51,18,65,17,151
4452,52,32,132,18,234
4454,83,33,66,18,200
4455,65,33,66,18,182
4456,51,33,66,18,168
4457,66,34,68,16,184
4459,67,32,52,17,168
4460,82,36,64,17,199
4461,66,36,64,17,183
4462,86,33,65,18,202
4464,52,33,65,18,168
4466,51,31,101,16,199
4468,65,17,101,17,200
4470,67,15,68,17,167
4471,85,16,67,13,181
4472,68,16,67,13,164
4473,51,16,67,13,147
4474,83,33,101,16,233
4476,67,16,101,16,200
4477,67,33,68,16,184
4478,51,33,68,16,168
4480,100,17,66,17,200
4482,71,17,66,17,171
4483,51,17,66,17,151
4484,52,31,68,17,168
4486,68,15,65,18,166
4489,68,32,68,16,184
4490,65,15,68,16,164
4491,50,15,68,16,149
4493,65,35,65,17,182
4494,83,34,64,19,200
4495,133,33,68,16,250
4496,50,34,64,19,167
4497,69,31,52,15,167
4499,82,16,68,16,182
4500,82,34,133,16,265
4501,64,34,133,16,247
4502,69,15,133,16,233
4503,67,34,99,16,216
4504,50,34,99,16,199
4506,65,17,135,16,233
4507,67,35,84,16,202
4508,65,19,84,16,184
4510,52,31,69,16,168
4511,66,34,100,16,216
4512,84,35,65,16,200
4514,69,16,65,16,166
4515,53,16,65,16,150
4516,102,16,71,29,218
4517,51,15,50,17,133
4518,81,33,67,18,199
4519,65,33,67,18,183
4521,87,18,96,16,217
4523,71,29,100,17,217
4526,65,15,67,17,164
4528,67,16,99,17,199
4530,99,17,67,17,200
4532,66,17,67,17,167
4533,99,35,115,18,267
4534,51,32,52,15,150
4536,101,15,67,16,199
4538,67,15,67,16,165
4539,85,15,50,18,168
4540,68,15,50,18,151
4541,65,34,66,19,184
4542,82,34,66,17,199
4543,67,34,66,17,184
4544,65,18,66,17,166
4545,119,15,51,16,201
4547,85,15,51,16,167
4548,69,15,51,16,151
4549,51,15,51,16,133
4550,84,32,133,19,268
4552,50,32,133,19,234
4555,81,17,67,19,184
4556,82,34,66,17,199
4557,66,34,66,17,183
4559,66,33,68,16,183
4560,51,33,68,16,168
4561,50,17,68,16,151
4565,84,17,82,18,201
4566,65,17,82,18,182
4569,65,34,67,15,181
4572,64,18,99,17,198
4573,50,18,99,17,184
4574,52,33,66,17,168
4576,66,18,101,19,204
4577,66,33,68,19,186
4579,66,33,100,17,216
4580,51,33,100,17,201
4581,66,35,65,17,183
4582,84,19,113,16,232
4583,68,19,113,16,216
4584,51,19,113,16,199
4585,54,46,67,16,183
4586,117,32,101,16,266
4587,65,35,100,16,216
4589,69,32,101,16,218
4590,84,34,101,16,235
4591,67,34,101,16,218
4592,66,18,101,16,201
4593,66,34,100,15,215
4594,68,17,100,15,200
4597,83,18,98,19,218
4600,84,31,102,16,233
4601,67,31,102,16,216
4602,66,16,102,16,200
4603,81,17,101,16,215
4606,69,15,67,16,167
4607,53,15,67,16,151
4608,51,34,67,17,169
4609,68,33,166,17,284
4611,67,34,100,16,217
4612,64,18,100,16,198
4613,67,33,67,16,183
4615,51,16,67,16,150
4617,66,34,67,17,184
4618,65,18,67,17,167
4619,67,32,117,16,232
4621,66,35,82,16,199
4622,67,18,82,16,183
4624,51,31,67,18,167
4627,82,16,118,16,232
4628,81,35,133,16,265
4629,67,35,133,16,251
4633,67,34,103,30,234
4634,83,33,100,17,233
4636,66,16,100,17,199
4637,51,16,100,17,184
4638,66,18,66,17,167
4639,83,20,80,16,199
4640,50,36,80,16,182
4641,50,20,80,16,166
4645,80,16,134,18,248
4646,83,34,67,17,201
4647,66,34,67,17,184
4649,67,34,84,16,201
4650,66,18,84,16,184
4652,51,33,100,15,199
4653,67,33,67,15,182
4655,66,34,67,17,184
4657,51,16,67,17,151
4658,50,33,166,17,266
4660,64,19,84,15,182
4661,84,15,100,17,216
4663,66,34,66,17,183
4664,69,16,66,17,168
4665,66,33,166,18,283
4667,84,16,133,18,251
4669,102,32,83,16,233
4670,65,19,64,18,166
4676,67,15,99,19,200
4677,65,34,100,18,217
4678,100,16,67,18,201
4679,84,16,67,18,185
4682,66,15,69,16,166
4683,65,35,132,19,251
4684,67,16,132,19,234
4685,51,16,132,19,218
4686,68,16,166,17,267
4687,69,34,132,17,252
4688,84,33,99,17,233
4689,68,33,99,17,217
4691,67,31,85,17,200
4694,67,15,100,18,200
4695,50,15,100,18,183
4697,68,34,99,17,218
4700,66,16,233,18,333
4701,66,34,67,17,184
4702,83,33,51,16,183
4705,67,34,132,18,251
4707,67,33,99,18,217
4708,100,17,136,15,268
4709,51,16,99,18,184
4710,83,33,51,17,184
4711,66,33,51,17,167
4712,65,17,51,17,150
4713,66,33,70,15,184
4715,66,35,67,17,185
4716,68,17,67,17,169
4717,51,17,67,17,152
4720,84,33,65,18,200
4721,67,33,65,18,183
4722,52,33,65,18,168
4723,65,32,51,17,165
4725,51,14,51,17,133
4727,83,17,66,16,182
4728,82,32,167,18,299
4729,51,17,66,16,150
4730,50,32,167,18,267
4731,101,33,100,18,252
4732,65,18,66,18,167
4733,66,33,100,18,217
4734,65,17,100,18,200
4736,68,16,100,18,202
4738,68,17,65,18,168
4739,51,17,65,18,151
4741,51,16,51,16,134
4742,67,15,51,19,152
4745,103,31,66,17,217
4746,85,31,66,17,199
4747,70,31,66,17,184
4748,52,31,66,17,166
4749,83,16,101,17,217
4750,82,34,99,17,232
4751,63,34,99,17,213
4752,82,34,65,17,198
4753,66,34,65,17,182
4755,101,32,101,17,251
4756,51,33,67,16,167
4757,99,35,100,17,251
4758,117,33,67,17,234
4759,82,18,100,17,217
4762,66,17,67,17,167
4763,68,33,135,16,252
4765,83,17,101,16,217
4766,67,17,101,16,201
4767,67,33,68,16,184
4768,67,16,68,16,167
4769,51,16,68,16,151
4770,66,17,67,16,166
4772,84,32,66,17,199
4773,68,32,66,17,183
4774,52,32,66,17,167
4775,67,32,201,19,319
4777,82,16,67,16,181
4778,66,16,67,16,165
4779,66,34,133,19,252
4781,51,17,133,19,220
4782,83,35,84,14,216
4783,83,19,84,14,200
4785,68,31,53,14,166
4787,100,33,100,18,251
4788,84,33,100,18,235
4792,51,35,65,18,169
4793,68,33,83,17,201
4795,151,17,67,15,250
4797,65,35,65,18,183
4798,68,17,65,18,168
4799,50,17,65,18,150
4800,67,17,67,15,166
4801,100,35,66,16,217
4802,82,35,66,16,199
4803,83,17,66,16,182
4806,52,32,101,16,201
4808,66,17,67,16,166
4809,66,32,51,17,166
4810,101,17,83,17,218
4811,50,16,51,17,134
4812,100,17,67,16,200
4813,83,17,67,16,183
4814,51,33,67,16,167
4819,67,32,66,17,182
4820,51,32,66,17,166
4821,85,16,66,18,185
4822,67,16,66,18,167
4825,100,33,69,16,218
4826,65,17,68,16,166
4827,134,34,100,16,284
4828,67,15,69,16,167
4831,68,34,100,16,218
4832,66,18,100,16,200
4833,69,31,168,18,286
4834,50,31,168,18,267
4835,50,15,168,18,251
4836,67,16,51,17,151
4837,81,19,83,16,199
4839,69,33,66,18,186
4840,67,17,66,18,168
4842,52,31,53,14,150
4843,166,34,98,16,314
4844,67,16,67,15,165
4845,84,14,102,17,217
4846,68,14,102,17,201
4847,53,14,102,17,186
4849,67,34,98,16,215
4851,69,33,65,16,183
4854,52,34,99,16,201
4855,67,31,101,15,214
4856,83,34,67,15,199
4857,65,34,67,15,181
4858,82,34,67,16,199
4859,99,33,67,17,216
4860,84,33,67,17,201
4861,68,33,67,17,185
4862,52,33,67,17,169
4863,67,34,66,16,183
4864,84,33,100,17,234
4865,67,33,100,17,217
4866,51,33,100,17,201
4870,66,17,51,16,150
4871,82,18,132,17,249
4872,65,18,132,17,232
4874,51,33,99,17,200
4875,67,33,66,17,183
4876,51,33,66,17,167
4877,66,35,64,18,183
4878,115,33,69,16,233
4880,52,31,51,15,149
4881,66,33,69,16,184
4887,69,32,68,16,185
4888,67,16,68,16,167
4889,52,16,68,16,152
4891,64,36,82,17,199
4893,84,15,138,30,267
4894,66,15,138,30,249
4895,52,15,138,30,235
4898,66,17,70,30,183
4901,83,20,96,18,217
4902,67,20,96,18,201
4903,50,20,96,18,184
4904,84,33,51,15,183
4905,67,33,51,15,166
4906,50,33,51,15,149
4907,63,33,67,17,180
4908,66,16,67,17,166
4909,84,15,67,16,182
4910,67,15,67,16,165
4911,51,15,67,16,149
4914,66,16,99,18,199
4915,83,19,64,18,184
4916,85,32,67,15,199
4917,68,32,67,15,182
4918,65,18,67,15,165
4920,83,35,66,16,200
4922,68,17,66,16,167
4924,64,19,99,17,199
4925,84,17,67,17,185
4926,83,34,65,19,201
4927,66,34,65,19,184
4928,51,34,65,19,169
4929,66,33,51,17,167
4930,84,32,101,16,233
4931,67,32,101,16,216
4933,84,17,65,16,182
4934,69,17,65,16,167
4935,133,34,67,18,252
4936,66,17,134,18,235
4937,101,34,67,18,220
4938,82,34,67,18,201
4942,69,14,118,15,216
4943,52,14,118,15,199
4944,150,33,68,16,267
4945,132,33,68,16,249
4946,67,14,167,17,265
4947,53,14,167,17,251
4948,82,33,68,16,199
4950,99,15,67,17,198
4952,68,15,67,17,167
4953,52,15,67,17,151
4954,83,33,83,16,215
4956,82,33,50,16,181
4957,67,33,50,16,166
4958,51,33,50,16,150
4959,66,33,50,19,168
4960,67,16,50,19,152
4961,83,16,69,16,184
4962,99,19,66,17,201
4963,83,19,66,17,185
4964,118,33,200,15,366
4965,50,19,66,17,152
4966,52,33,98,19,202
4968,52,33,200,15,300
4969,83,15,52,15,165
4970,67,15,52,15,149
4971,50,15,52,15,132
4972,66,16,167,17,266
4974,82,35,66,15,198
4978,64,17,67,17,165
4979,101,32,84,18,235
4980,83,32,84,18,217
4981,66,32,84,18,200
4982,52,32,84,18,186
4985,67,32,66,17,182
4986,52,32,66,17,167
4987,102,31,67,18,218
4988,85,31,67,18,201
4989,67,31,67,18,183
4991,66,35,166,17,284
4992,84,32,102,15,233
4995,51,16,102,15,184
4997,68,32,66,17,183
4999,84,18,149,17,268
5000,66,18,149,17,250
5003,100,32,68,15,215
5004,67,17,83,17,184
5006,51,32,68,15,166
5007,84,15,152,15,266
5008,117,35,64,18,234
5010,100,20,64,18,202
5013,70,31,51,15,167
5014,167,15,69,15,266
5015,66,33,102,14,215
5016,84,33,69,14,200
5019,51,15,69,14,149
5020,67,15,69,15,166
5021,66,36,65,17,184
5022,84,33,65,17,199
5023,69,33,65,17,184
5024,51,33,65,17,166
5026,52,32,50,17,151
5027,98,34,67,17,216
5028,51,33,67,17,168
5029,65,34,67,17,183
5030,50,34,67,17,168
5032,50,33,116,16,215
5033,67,34,133,17,251
5034,67,17,133,17,234
5035,84,15,66,19,184
5036,68,15,66,19,168
5037,51,15,66,19,151
5040,100,16,49,17,182
5042,68,16,49,17,150
5044,100,17,69,16,202
5045,84,17,69,16,186
5046,65,17,69,16,167
5047,49,17,69,16,151
5049,82,20,98,18,218
5050,86,32,66,18,202
5052,134,16,84,17,251
5053,51,16,66,18,151
5055,64,34,84,17,199
5057,66,32,102,16,216
5058,67,14,102,16,199
5060,82,35,65,17,199
5061,84,17,65,17,183
5062,66,17,65,17,165
5064,69,15,67,16,167
5065,53,15,67,16,151
5066,82,35,83,17,217
5067,82,18,83,17,200
5068,64,18,83,17,182
5070,51,33,67,15,166
5071,51,17,67,15,150
5072,51,33,100,16,200
5075,82,17,100,18,217
5076,65,17,100,18,200
5077,66,34,66,18,184
5078,65,18,66,18,167
5079,66,33,51,17,167
5080,84,33,68,16,201
5081,67,33,68,16,184
5083,51,15,68,16,150
5084,68,17,64,17,166
5085,68,33,116,16,233
5088,81,34,51,16,182
5090,66,17,51,16,150
5091,65,33,102,15,215
5092,67,15,102,15,199
5093,67,34,68,15,184
5094,100,17,68,17,202
5095,83,17,68,17,185
5096,65,17,68,17,167
5097,67,35,65,17,184
5098,84,33,132,18,267
5100,85,32,85,15,217
5101,68,32,85,15,200
5102,51,32,85,15,183
5103,133,32,67,18,250
5105,65,35,63,19,182
5108,114,36,100,16,266
5109,67,31,220,17,335
5110,81,36,100,16,233
5111,63,36,100,16,215
5113,85,15,67,16,183
5114,67,15,67,16,165
5116,69,15,66,18,168
5117,84,16,68,16,184
5118,66,16,68,16,166
5119,67,33,51,17,168
5124,52,33,84,17,186
5125,51,17,84,17,169
5126,151,31,49,19,250
5127,83,15,101,15,214
5129,65,36,80,19,200
5130,84,31,49,19,183
5133,85,16,101,15,217
5134,82,34,67,15,198
5135,65,34,67,15,181
5136,66,19,67,15,167
5137,49,19,67,15,150
5138,100,17,99,18,234
5139,101,33,66,18,218
5141,67,33,66,18,184
5142,84,33,51,15,183
5143,67,33,51,15,166
5144,67,16,51,15,149
5145,66,33,132,18,249
5146,102,15,99,18,234
5147,66,33,99,18,216
5148,67,15,99,18,199
5149,82,19,64,18,183
5150,65,19,64,18,166
5152,83,31,53,14,181
5154,83,34,67,18,202
5155,64,34,67,18,183
5156,66,16,67,18,167
5158,51,33,68,16,168
5161,85,16,67,16,184
5162,66,16,67,16,165
5164,66,18,67,16,167
5165,101,34,65,18,218
5166,83,34,65,18,200
5167,67,34,65,18,184
5168,51,34,65,18,168
5169,67,31,101,19,218
5170,52,31,101,19,203
5171,65,34,86,14,199
5172,67,16,86,14,183
5175,52,15,53,14,134
5176,67,16,68,16,167
5177,67,33,51,16,167
5179,53,14,51,16,134
5181,68,32,67,18,185
5182,65,16,67,18,166
5183,67,32,53,16,168
5184,52,32,53,16,153
5185,64,35,66,16,181
5187,85,16,65,19,185
5188,69,16,65,19,169
5189,53,16,65,19,153
5190,51,32,52,15,150
5191,82,17,218,15,332
5192,64,17,218,15,314
5193,65,34,66,19,184
5194,84,34,66,18,202
5196,85,32,118,15,250
5197,100,34,67,17,218
5198,81,34,67,17,199
5201,66,32,168,17,283
5202,65,14,168,17,264
5203,52,14,168,17,251
5204,65,17,51,15,148
5205,84,15,67,17,183
5206,66,15,67,17,165
5207,52,15,67,17,151
5208,68,15,67,17,167
5209,51,15,67,17,150
5210,65,17,51,16,149
5211,67,34,84,15,200
5213,67,33,85,15,200
5215,51,16,85,15,167
5216,84,32,101,15,232
5218,67,15,101,15,198
5219,66,34,98,18,216
5220,67,15,98,18,198
5222,67,16,64,18,165
5223,52,16,64,18,150
5225,82,16,53,15,166
5229,66,33,100,19,218
5231,86,17,65,19,187
5232,85,31,53,17,186
5233,68,31,53,17,169
5234,66,15,53,17,151
5235,86,14,67,16,183
5236,82,36,147,17,282
5238,68,17,147,17,249
5239,53,17,147,17,234
5240,114,34,100,17,265
5241,67,33,100,17,217
5243,64,34,100,17,215
5244,50,34,100,17,201
5247,68,32,67,17,184
5248,99,17,67,15,198
5249,66,34,67,15,182
5250,67,17,67,15,166
5252,51,33,69,14,167
5253,67,34,100,17,218
5256,50,35,65,17,167
5257,69,31,68,16,184
5258,52,31,68,16,167
5260,67,18,100,18,203
5261,65,34,84,16,199
5262,68,17,84,16,185
5265,67,33,83,18,201
5266,50,33,83,18,184
5267,66,34,67,16,183
5268,50,34,67,16,167
5269,67,32,100,19,218
5271,66,35,65,19,185
5272,83,34,149,15,281
5273,67,34,149,15,265
5274,52,34,149,15,250
5275,100,34,84,15,233
5276,52,31,52,16,151
5278,68,15,84,15,182
5279,83,16,65,19,183
5282,82,32,168,16,298
5283,67,32,168,16,283
5284,81,33,52,15,181
5286,69,14,52,15,150
5289,85,15,68,16,184
5290,66,15,68,16,165
5293,65,34,66,17,182
5294,83,34,100,15,232
5297,68,32,68,15,183
5298,52,32,68,15,167
5299,99,35,66,15,215
5300,67,16,101,15,199
5301,83,17,66,15,181
5302,100,16,133,17,266
5303,51,17,66,15,149
5305,66,35,98,17,216
5306,149,32,51,16,248
5307,66,32,66,17,181
5308,117,32,51,16,216
5310,65,17,67,16,165
5312,51,32,51,16,150
5313,83,18,102,13,216
5315,67,32,100,20,219
5316,50,32,100,20,202
5317,84,17,66,20,187
5318,120,30,69,15,234
5322,53,30,69,15,167
5323,66,34,67,19,186
5324,50,34,67,19,170
5325,64,35,51,17,167
5326,86,32,67,15,200
5327,69,32,67,15,183
5328,64,17,67,15,163
5329,50,17,67,15,149
5330,69,17,66,15,167
5333,67,35,100,15,217
5335,66,33,97,18,214
5336,86,41,56,18,201
5337,68,41,56,18,183
5338,53,41,56,18,168
5339,74,26,99,17,216
5340,59,26,99,17,201
5341,67,30,69,17,183
5342,52,30,69,17,168
5343,56,34,52,15,157
5346,68,16,84,15,183
5347,69,32,101,17,219
5348,51,32,101,17,201
5349,52,15,101,17,185
5350,82,33,66,17,198
5351,66,33,66,17,182
5353,52,15,66,17,150
5355,116,16,84,18,234
5357,99,36,66,15,216
5358,66,16,84,18,184
5359,65,36,66,15,182
5361,69,31,67,17,184
5362,83,35,66,17,201
5364,65,18,66,17,166
5366,52,32,51,15,150
5367,67,34,65,19,185
5368,84,32,101,25,242
5369,66,32,101,25,224
5371,83,16,93,24,216
5372,66,16,93,24,199
5374,67,17,57,24,165
5375,69,32,82,19,202
5378,74,40,68,17,199
5380,98,19,100,16,233
5382,57,19,100,16,192
5385,101,35,67,16,219
5387,65,35,67,16,183
5388,85,32,68,17,202
5389,68,32,68,17,185
5390,83,35,115,16,249
5393,67,33,65,17,182
5394,51,33,65,17,166
5395,68,32,100,16,216
5397,65,33,67,16,181
5400,65,16,68,17,166
5401,50,16,68,17,151
5402,66,16,66,18,166
5403,83,18,101,17,219
5406,82,35,66,18,201
5407,66,35,66,18,185
5408,136,15,135,15,301
5411,69,32,135,15,251
5412,83,34,67,17,201
5413,51,15,135,15,216
5415,66,32,69,15,182
5416,81,35,66,18,200
5417,83,18,66,18,185
5418,83,34,65,18,200
5419,67,34,65,18,184
5421,52,17,65,18,152
5422,102,15,67,17,201
5425,65,35,98,17,215
5426,50,35,98,17,200
5427,51,17,98,17,183
5428,99,15,68,17,199
5429,67,32,68,17,184
5431,64,34,51,16,165
5432,66,17,51,16,150
5433,66,34,101,16,217
5434,100,16,68,16,200
5435,85,16,68,16,185
5436,68,16,68,16,168
5438,101,17,98,17,233
5440,67,17,98,17,199
5442,66,15,102,15,198
5444,66,16,68,15,165
5447,67,35,65,18,185
5448,66,18,65,18,167
5449,68,34,66,17,185
5450,84,31,52,15,182
5451,69,31,52,15,167
5453,65,35,83,17,200
5454,50,35,83,17,185
5455,66,32,51,17,166
5456,67,15,51,17,150
5457,85,15,68,16,184
5458,82,35,134,15,266
5459,65,35,134,15,249
5460,66,17,134,15,232
5461,51,17,134,15,217
5462,83,33,168,14,298
5464,66,17,168,14,265
5465,100,34,82,18,234
5466,66,18,67,14,165
5467,67,34,82,18,201
5468,69,16,82,18,185
5469,68,33,99,17,217
5470,52,33,99,17,201
5473,65,35,131,17,248
5474,67,18,131,17,233
5476,53,32,68,15,168
5479,65,35,65,16,181
5480,51,35,65,16,167
5481,68,31,68,16,183
5482,51,31,68,16,166
5483,66,34,101,15,216
5486,100,17,99,18,234
5487,68,33,99,18,218
5488,67,17,99,18,201
5489,67,34,117,14,232
5490,51,34,117,14,216
5492,51,33,67,17,168
5493,67,32,52,14,165
5494,65,17,52,14,148
5495,83,17,133,17,250
5497,67,31,69,16,183
5498,52,31,69,16,168
5499,84,17,67,17,185
5500,66,17,67,17,167
5501,66,34,132,17,249
5502,83,33,199,17,332
5504,84,32,67,17,200
5505,67,32,67,17,183
5506,100,16,67,16,199
5508,116,34,66,17,233
5509,50,16,67,16,149
5512,66,17,66,17,166
5513,83,17,85,16,201
5516,68,15,100,17,200
5519,85,16,133,17,251
5521,85,15,101,17,218
5522,51,32,101,17,201
5523,50,15,101,17,183
5524,99,16,51,15,181
5525,66,33,51,15,165
5528,67,17,66,17,167
5531,51,15,67,18,151
5534,66,16,100,18,200
5537,85,16,99,18,218
5538,68,16,99,18,201
5539,68,32,85,15,200
5541,83,16,51,15,165
5543,66,33,84,17,200
5544,51,33,84,17,185
5545,67,33,68,15,183
5546,49,33,68,15,165
5547,66,35,70,29,200
5548,50,35,70,29,184
5549,68,33,66,17,184
5550,83,37,79,19,218
5551,105,29,69,14,217
5553,70,29,69,14,182
5554,54,29,69,14,166
5555,66,32,51,17,166
5556,51,32,51,17,151
5557,61,37,99,17,214
5558,84,31,68,17,200
5561,102,34,99,17,252
5563,65,34,99,17,215
5564,51,34,99,17,201
5565,68,33,66,17,184
5567,84,17,64,18,183
5568,67,17,64,18,166
5569,99,32,67,17,215
5571,98,34,185,14,331
5572,66,15,67,17,165
5573,82,16,185,14,297
5574,67,16,185,14,282
5577,67,34,66,19,186
5578,101,16,183,18,318
5580,68,16,183,18,285
5582,83,35,100,16,234
5584,67,16,100,16,199
5587,52,14,85,18,169
5588,66,13,53,18,150
5589,63,37,67,17,184
5590,66,17,67,17,167
5593,53,18,134,14,219
5594,84,32,69,14,199
5595,67,32,69,14,182
5599,65,36,148,18,267
5600,66,18,148,18,250
5601,69,31,66,18,184
5602,67,17,66,18,168
5604,133,17,68,14,232
5605,64,33,51,18,166
5608,66,17,68,14,165
5610,51,34,66,16,167
5611,51,18,66,16,151
5613,68,32,200,17,317
5614,52,32,200,17,301
5615,66,33,100,16,215
5618,68,15,102,17,202
5620,84,33,84,16,217
5621,67,33,84,16,200
5622,66,17,84,16,183
5623,51,17,84,16,168
5625,67,33,99,17,216
5626,68,16,99,17,200
5629,85,14,102,15,216
5630,68,14,102,15,199
5631,116,18,100,14,248
5632,82,35,100,14,231
5633,83,18,100,14,215
5635,68,34,164,16,282
5637,50,19,164,16,249
5638,52,33,66,17,168
5640,85,33,65,16,199
5641,66,33,65,16,180
5642,84,33,131,19,267
5643,66,33,131,19,249
5644,51,33,131,19,234
5645,50,16,131,19,216
5646,52,32,99,19,202
5648,64,17,66,19,166
5652,52,31,87,14,184
5653,85,15,100,19,219
5654,67,15,100,19,201
5655,65,35,65,19,184
5657,53,16,65,19,153
5658,68,14,100,19,201
5661,84,15,133,17,249
5663,100,33,67,17,217
5664,100,14,67,17,198
5665,67,33,67,17,184
5666,81,36,131,18,266
5667,117,16,53,13,199
5668,51,36,131,18,236
5669,51,18,131,18,218
5671,67,34,66,18,185
5672,102,13,119,16,250
5673,65,32,119,16,232
5675,53,13,119,16,201
5677,84,15,68,17,184
5678,97,19,65,16,197
5679,103,32,66,17,218
5680,67,19,65,16,167
5681,69,32,66,17,184
5682,67,16,66,17,166
5684,51,33,100,17,201
5686,82,36,98,17,233
5687,66,36,98,17,217
5689,50,19,98,17,184
5690,68,16,101,17,202
5691,84,18,66,17,185
5693,66,32,51,14,163
5695,67,34,65,19,185
5697,66,31,119,14,230
5698,69,14,119,14,216
5699,51,14,119,14,198
5700,82,33,52,14,181
5703,152,15,52,15,234
5704,64,16,201,16,297
5705,66,33,86,15,200
5706,66,14,86,15,181
5707,118,16,68,15,217
5708,68,15,52,15,150
5709,67,34,68,15,184
5710,82,33,100,17,232
5712,67,15,100,17,199
5713,52,15,100,17,184
5715,51,17,99,16,183
5716,82,33,116,19,250
5717,67,33,116,19,235
5719,99,33,68,14,214
5721,67,33,68,14,182
5722,84,35,97,19,235
5723,50,17,68,14,149
5724,85,33,166,17,301
5729,64,33,102,17,216
5731,64,37,82,17,200
5732,69,18,82,17,186
5733,52,18,82,17,169
5736,66,17,66,17,166
5737,65,34,65,19,183
5738,51,34,65,19,169
5739,101,33,135,16,285
5741,118,17,132,16,283
5742,66,16,135,16,233
5743,65,36,132,16,249
5744,69,17,132,16,234
5746,85,30,69,16,200
5748,64,16,69,16,165
5751,66,33,67,16,182
5752,68,17,67,16,168
5753,52,17,67,16,152
5755,100,33,66,15,214
5756,66,18,65,17,166
5757,67,33,66,15,181
5758,51,33,66,15,165
5759,67,32,67,15,181
5760,68,15,67,15,165
5763,66,33,50,18,167
5765,82,19,67,14,182
5766,84,34,67,15,200
5767,67,34,67,15,183
5768,52,34,67,15,168
5769,50,18,67,15,150
5770,53,33,99,17,202
5773,67,31,100,18,216
5774,52,31,100,18,201
5778,67,16,68,16,167
5783,51,17,65,17,150
5784,83,34,68,15,200
5785,83,17,68,15,183
5786,65,17,68,15,165
5787,99,34,66,16,215
5788,83,34,66,16,199
5789,68,34,66,16,184
5791,68,32,133,17,250
5792,51,32,133,17,233
5793,100,34,65,17,216
5794,83,34,65,17,199
5795,66,34,65,17,182
5796,51,34,65,17,167
5797,50,18,65,17,150
5798,84,32,101,17,234
5799,67,32,101,17,217
5800,83,35,66,17,201
5801,82,18,66,17,183
5802,65,18,66,17,166
5803,67,33,167,16,283
5804,68,17,167,16,268
5805,84,17,54,29,184
5806,67,17,54,29,167
5807,66,34,100,16,216
5808,67,17,100,16,200
5809,87,46,66,17,216
5811,54,46,66,17,183
5813,66,34,66,17,183
5816,51,32,118,16,217
5817,83,17,84,16,200
5818,66,17,84,16,183
5819,83,16,100,17,216
5820,99,19,65,17,200
5821,51,16,100,17,184
5823,68,32,67,16,183
5824,67,16,67,16,166
5826,101,17,100,16,234
5827,82,17,100,16,215
5828,66,17,100,16,199
5829,67,34,99,16,216
5830,66,18,99,16,199
5831,101,33,100,17,251
5832,84,33,100,17,234
5834,51,33,100,17,201
5835,66,33,67,17,183
5836,52,33,67,17,169
5840,84,33,133,16,266
5842,51,33,133,16,233
5843,65,33,69,14,181
5844,67,17,69,14,167
5845,66,33,67,16,182
5846,67,15,67,16,165
5848,86,31,100,17,234
5849,69,31,100,17,217
5850,51,31,100,17,199
5854,68,17,199,16,300
5856,52,32,101,15,200
5857,67,34,67,15,183
5858,66,17,67,15,165
5859,66,33,66,17,182
5860,51,33,66,17,167
5861,84,17,66,16,183
5862,67,17,66,16,166
5863,67,32,67,18,184
5864,65,17,67,18,167
5865,100,33,50,17,200
5866,66,17,66,17,166
5867,66,33,50,17,166
5868,51,33,50,17,151
5869,85,15,68,16,184
5870,68,15,68,16,167
5871,83,17,84,16,200
5872,67,17,84,16,184
5874,66,17,50,16,149
5875,84,17,65,19,185
5876,84,33,133,19,269
5877,67,33,133,19,252
5880,66,16,68,18,168
5881,65,36,65,19,185
5882,168,14,101,17,300
5883,51,17,65,19,152
5884,52,32,116,17,217
5885,86,15,67,16,184
5886,67,15,67,16,165
5888,69,14,101,17,201
5889,100,33,166,17,316
5890,65,17,167,17,266
5891,67,33,166,17,283
5892,64,17,166,17,264
5893,83,18,67,15,183
5894,66,18,67,15,166
5896,68,17,200,17,302
5897,68,33,133,16,250
5898,52,33,133,16,234
5899,67,33,100,16,216
5900,65,18,100,16,199
5901,66,32,68,16,182
5902,67,15,68,16,166
5903,65,34,68,17,184
5904,67,17,68,17,169
5905,66,34,134,17,251
5906,83,34,66,15,198
5907,68,34,66,15,183
5909,68,32,68,17,185
5910,84,34,51,15,184
5911,83,17,51,15,166
5912,84,34,133,17,268
5914,64,19,133,17,233
5918,85,32,52,15,184
5919,66,32,52,15,165
5920,99,17,65,17,198
5922,66,17,65,17,165
5923,50,17,65,17,149
5924,68,15,236,16,335
5926,66,16,67,16,165
5927,99,33,68,17,217
5928,65,17,101,17,200
5930,99,17,52,16,184
5931,67,33,52,16,168
5935,68,33,101,16,218
5936,85,35,66,16,202
5937,52,16,101,16,185
5938,102,14,118,17,251
5941,65,36,99,16,216
5942,67,18,99,16,200
5945,52,16,101,15,184
5946,66,18,67,15,166
5947,82,17,100,18,217
5948,117,33,132,18,300
5949,67,34,66,18,185
5951,67,33,132,18,250
5952,51,33,132,18,234
5953,67,33,133,18,251
5954,51,33,133,18,235
5956,51,32,168,20,271
5957,65,34,101,15,215
5959,84,15,68,15,182
5960,66,15,68,15,164
5961,67,34,87,30,218
5962,101,16,116,17,250
5963,85,16,116,17,234
5964,67,16,116,17,216
5967,67,20,63,17,167
5970,101,17,66,17,201
5971,83,17,66,17,183
5973,64,33,65,19,181
5974,50,33,65,19,167
5976,67,16,100,16,199
5978,82,35,68,14,199
5979,84,16,68,14,182
5980,67,16,68,14,165
5981,67,33,66,17,183
5982,50,33,66,17,166
5983,51,17,66,17,151
5985,68,31,201,18,318
5986,83,34,101,17,235
5987,66,34,101,17,218
5988,67,17,101,17,202
5989,81,18,67,17,183
5990,67,18,67,17,169
5992,85,33,66,18,202
5993,68,33,66,18,185
5994,52,33,66,18,169
5995,67,32,68,16,183
5996,51,32,68,16,167
5997,82,17,99,17,215
