序号,发送->接收,接收->转发,转发->接收,接收->处理,总计
2,61,17,52,15,145
3,119,15,67,17,218
4,101,15,67,17,200
5,66,33,67,17,183
7,85,16,83,16,200
8,68,16,83,16,183
9,67,33,100,16,216
11,84,17,117,15,233
12,66,17,117,15,215
13,99,34,99,17,249
14,84,34,99,17,234
16,67,16,99,17,199
17,66,34,65,17,182
20,67,15,50,18,150
21,51,15,50,18,134
22,67,16,67,16,166
23,65,35,84,16,200
24,65,18,84,16,183
25,68,32,68,15,183
26,51,32,68,15,166
27,101,34,99,17,251
30,83,33,66,17,199
31,150,17,133,18,318
33,67,34,66,17,184
35,82,17,133,18,250
36,67,17,133,18,235
39,66,33,66,18,183
40,118,32,101,15,266
41,51,16,66,18,151
42,84,32,101,15,232
43,67,32,101,15,215
44,117,32,66,17,232
45,66,35,66,15,182
46,85,32,66,17,200
47,82,17,66,17,182
48,66,17,66,17,166
49,67,34,150,17,268
50,67,16,150,17,250
52,83,34,84,17,218
53,83,17,84,17,201
55,66,33,51,17,167
56,51,33,51,17,152
57,89,12,100,17,218
58,84,34,83,16,217
59,134,33,67,17,251
61,51,17,83,16,167
64,83,33,100,18,234
66,66,16,100,18,200
67,100,34,66,16,216
68,51,34,100,16,201
70,67,17,66,16,166
71,68,32,84,16,200
73,84,16,66,18,184
74,67,16,66,18,167
75,50,16,66,18,150
76,66,17,66,17,166
77,67,33,83,18,201
78,100,15,68,15,198
80,83,34,83,16,216
81,116,18,82,17,233
83,83,18,82,17,200
86,81,35,67,17,200
87,64,35,67,17,183
89,65,34,67,16,182
90,50,34,67,16,167
91,52,17,67,16,152
92,83,34,84,16,217
94,84,33,100,17,234
95,67,33,100,17,217
97,50,17,100,17,184
100,68,16,67,16,167
101,100,34,100,17,251
102,83,34,100,17,234
103,101,32,68,17,218
106,82,35,65,18,200
107,101,33,84,16,234
108,66,18,65,18,167
109,67,33,84,16,200
110,84,32,68,17,201
111,68,32,68,17,185
112,51,32,68,17,168
115,84,16,83,17,200
117,52,16,83,17,168
118,50,33,67,16,166
119,52,16,67,16,151
120,66,17,66,16,165
121,67,33,66,17,183
123,50,17,66,17,150
127,49,17,66,17,149
128,67,17,183,16,283
129,99,34,51,15,199
130,67,16,68,17,168
131,66,34,51,15,166
132,66,17,51,15,149
133,83,17,83,16,199
135,51,17,83,16,167
136,51,32,67,17,167
137,84,16,66,18,184
138,67,16,66,18,167
140,82,33,100,18,233
141,67,33,100,18,218
142,66,16,100,18,200
143,66,35,83,16,200
144,117,32,135,15,299
146,66,18,50,16,150
151,50,16,66,17,149
152,50,34,67,15,166
153,68,32,50,18,168
154,65,17,50,18,150
156,66,18,83,17,184
157,67,33,67,15,182
158,52,33,67,15,167
159,50,18,67,15,150
161,83,17,67,16,183
162,68,17,67,16,168
163,50,17,67,16,150
164,50,34,66,16,166
165,69,33,49,17,168
166,84,33,82,17,216
167,67,33,82,17,199
169,66,33,66,17,182
170,66,17,66,17,166
171,49,17,66,17,149
172,99,17,67,17,200
173,82,17,67,17,183
175,83,17,134,16,250
176,83,33,101,16,233
177,99,34,83,15,231
181,67,32,101,16,216
182,65,17,101,16,199
183,66,35,82,17,200
185,67,31,51,17,166
186,68,15,51,17,151
189,66,33,66,17,182
190,66,17,66,17,166
191,51,17,66,17,151
192,68,17,132,18,235
193,99,34,84,15,232
194,67,16,100,18,201
196,66,17,84,15,182
198,50,33,51,15,149
199,51,16,51,15,133
201,84,15,67,16,182
203,51,15,67,16,149
204,69,16,65,17,167
205,68,32,83,18,201
206,63,19,83,18,183
207,67,33,50,18,168
208,64,17,50,18,149
209,65,34,67,17,183
210,52,34,67,17,170
211,67,34,84,16,201
212,51,34,84,16,185
214,84,34,99,16,233
216,68,17,99,16,200
220,99,17,67,16,199
221,66,33,67,16,182
223,66,34,217,15,332
224,84,33,67,16,200
225,67,33,67,16,183
226,67,17,67,16,167
228,118,33,68,16,235
229,84,16,101,16,217
231,67,33,68,16,184
232,117,35,66,16,234
234,82,35,66,16,199
235,66,35,66,16,183
237,50,18,66,16,150
239,51,15,51,17,134
241,66,33,51,16,166
242,66,17,51,16,150
243,101,34,67,16,218
245,66,34,67,16,183
246,68,16,67,16,167
247,83,16,51,16,166
249,101,32,100,17,250
251,83,16,100,17,216
254,82,35,83,16,216
255,100,32,67,16,215
256,84,32,67,16,199
257,68,32,67,16,183
258,67,16,67,16,166
260,66,16,67,16,165
263,67,33,83,18,201
264,50,33,83,18,184
265,67,33,116,19,235
267,66,35,81,19,201
269,101,32,134,17,284
270,67,18,67,16,168
271,68,32,134,17,251
272,52,32,134,17,235
274,66,19,83,16,184
277,51,16,67,17,151
278,86,32,101,15,234
280,67,16,101,15,199
281,67,34,67,15,183
282,67,17,67,15,166
283,66,32,118,17,233
284,66,16,118,17,217
285,101,32,51,17,201
289,67,33,68,17,185
290,68,15,68,17,168
293,51,17,66,16,150
294,50,33,66,16,165
295,68,33,84,16,201
296,67,16,84,16,183
297,66,33,133,16,248
298,82,33,68,16,199
299,66,33,68,16,183
301,84,16,165,19,284
302,217,32,102,13,364
303,67,34,65,16,182
306,66,16,99,19,200
309,99,32,102,13,246
310,65,18,51,16,150
311,67,32,102,13,214
312,67,16,102,13,198
313,66,35,67,13,181
314,69,16,67,13,165
315,51,16,67,13,147
318,83,32,68,16,199
319,99,33,101,16,249
320,63,19,68,16,166
321,66,33,101,16,216
322,66,16,101,16,199
324,71,16,66,16,169
325,52,16,66,16,150
326,51,32,124,17,224
327,67,34,90,17,208
328,116,30,73,17,236
329,66,34,56,17,173
331,68,30,73,17,188
333,90,17,81,17,205
334,105,16,68,16,205
335,103,34,117,16,270
337,84,17,117,16,234
339,98,34,117,16,265
343,68,32,85,16,201
344,66,17,85,16,184
345,66,33,101,16,216
346,83,34,118,15,250
347,65,34,118,15,232
348,50,34,118,15,217
350,68,16,65,19,168
351,52,16,65,19,152
354,65,16,135,16,232
355,65,34,51,15,165
358,83,33,68,16,200
360,66,15,68,16,165
362,84,33,67,17,201
365,51,17,67,17,152
366,100,18,83,17,218
367,68,32,83,17,200
369,67,33,134,17,251
372,68,16,101,17,202
373,66,34,67,17,184
374,66,17,67,17,167
375,67,33,66,16,182
376,50,33,66,16,165
377,84,17,83,17,201
378,67,17,83,17,184
381,82,17,118,17,234
382,65,17,118,17,217
385,68,33,67,16,184
386,52,33,67,16,168
390,68,17,199,17,301
393,65,35,99,16,215
394,66,18,99,16,199
397,67,34,83,17,201
398,84,33,67,16,200
401,50,17,67,16,150
402,83,34,68,16,201
403,66,34,68,16,184
404,67,17,68,16,168
405,67,33,83,16,199
406,51,33,83,16,183
407,67,35,64,18,184
409,68,32,82,17,199
410,52,32,82,17,183
412,82,34,101,16,233
413,64,34,101,16,215
415,66,33,68,16,183
416,66,17,68,16,167
417,67,34,66,17,184
418,66,17,66,17,166
419,101,32,151,16,300
420,85,32,151,16,284
421,68,32,151,16,267
422,117,34,66,17,234
424,99,18,66,17,200
425,66,34,66,17,183
427,68,32,117,18,235
429,66,34,83,18,201
430,50,34,83,18,185
431,66,33,101,16,216
433,84,16,68,16,184
434,83,35,99,16,233
435,101,33,66,16,216
437,68,33,66,16,183
438,84,33,66,18,201
439,68,33,66,18,185
442,67,16,84,16,183
444,83,33,102,16,234
445,66,33,102,16,217
446,67,15,102,16,200
447,66,34,149,17,266
448,50,34,149,17,250
450,66,16,51,17,150
451,102,33,100,16,251
453,68,33,100,16,217
456,84,33,67,16,200
457,81,17,67,16,181
460,100,16,67,15,198
461,68,32,67,15,182
462,84,33,84,16,217
463,67,33,84,16,200
464,84,34,99,17,234
467,51,16,99,17,183
468,101,16,68,16,201
469,84,16,68,16,184
470,66,16,68,16,166
471,66,33,68,16,183
472,51,33,68,16,168
473,65,35,66,17,183
474,66,18,66,17,167
475,68,33,99,17,217
476,51,33,99,17,200
477,84,17,66,17,184
478,84,34,65,17,200
479,100,32,67,17,216
480,67,17,65,17,166
482,83,33,117,16,249
483,66,33,117,16,232
484,82,34,83,16,215
485,65,34,83,16,198
486,66,17,83,16,182
488,100,17,66,18,201
490,67,17,66,18,168
492,66,16,135,17,234
493,118,16,67,17,218
494,67,16,54,29,166
495,84,16,67,17,184
497,88,47,66,17,218
499,54,47,66,17,184
500,100,16,67,16,199
502,97,16,83,18,214
503,86,16,83,18,203
504,101,17,67,16,201
506,66,17,67,16,166
508,66,17,66,17,166
509,67,34,100,17,218
511,67,32,167,16,282
514,85,33,66,16,200
515,117,16,66,16,215
516,84,33,66,16,199
517,68,33,66,16,183
518,68,16,66,16,166
519,81,18,101,16,216
523,66,33,100,16,215
524,67,17,100,16,200
525,66,35,98,17,216
526,66,19,98,17,200
527,68,34,131,17,250
528,86,31,132,19,268
529,69,31,132,19,251
531,65,33,168,16,282
532,82,34,65,19,200
533,81,17,65,19,182
534,84,33,51,17,185
536,84,32,69,16,201
538,82,36,66,16,200
539,84,17,66,16,183
541,51,17,66,16,150
542,51,33,101,15,200
544,116,35,149,15,315
545,66,33,101,15,215
546,66,17,101,15,199
548,67,18,149,15,249
552,66,18,83,15,182
553,81,18,65,18,182
554,66,18,65,18,167
555,67,34,116,17,234
556,67,18,116,17,218
558,68,15,67,18,168
559,65,32,102,17,216
560,67,14,102,17,200
563,85,17,99,18,219
565,53,17,99,18,187
566,51,32,85,15,183
567,67,34,51,15,167
568,66,17,51,15,149
569,66,33,100,18,217
570,64,18,100,18,200
571,67,33,67,18,185
574,84,34,67,17,202
575,66,34,67,17,184
576,65,17,67,17,166
577,67,33,51,17,168
578,68,15,51,17,151
579,52,15,51,17,135
581,67,34,50,15,166
582,66,17,50,15,148
583,51,17,50,15,133
584,83,32,68,16,199
587,50,15,68,16,149
588,66,17,65,17,165
589,67,33,82,17,199
590,83,32,67,18,200
591,68,32,67,18,185
594,100,17,134,16,267
595,65,34,134,16,249
596,83,34,100,16,233
597,67,34,100,16,217
598,50,34,100,16,200
599,101,34,84,17,236
600,51,33,67,16,167
601,67,34,84,17,202
603,67,33,68,15,183
604,51,33,68,15,167
605,101,34,66,16,217
606,50,34,66,17,167
607,67,34,66,16,183
608,85,32,65,17,199
609,68,32,65,17,182
610,101,17,83,17,218
612,83,31,119,18,251
613,66,31,119,18,234
614,99,19,83,18,219
615,101,33,68,14,216
616,65,19,83,18,185
619,101,36,64,17,218
620,52,32,100,17,201
622,67,18,64,17,166
624,53,31,50,16,150
626,82,33,117,17,249
627,64,33,117,17,231
628,67,16,117,17,217
630,68,29,70,17,184
631,80,20,67,18,185
632,116,34,67,16,233
633,67,33,52,16,168
636,67,17,67,16,167
638,50,34,67,16,167
639,52,16,67,16,151
640,51,33,99,17,200
641,166,34,66,17,283
642,99,17,66,17,199
643,67,33,66,17,183
645,50,17,66,17,150
646,51,32,51,16,150
647,99,33,134,17,283
649,66,33,134,17,250
650,67,16,134,17,234
653,99,35,82,18,234
655,101,33,67,15,216
656,83,33,67,15,198
658,101,17,82,18,218
660,66,17,82,18,183
661,67,33,67,17,184
662,67,18,67,17,169
666,67,18,65,16,166
667,67,32,68,16,183
668,101,16,51,15,183
669,100,35,66,17,218
672,83,31,52,16,182
674,51,31,52,16,150
676,69,16,66,16,167
677,66,33,99,18,216
678,67,16,99,18,200
679,52,16,99,18,185
680,166,16,100,16,298
684,100,16,100,16,232
686,68,16,100,16,200
687,100,35,82,18,235
688,65,17,67,16,165
690,65,19,82,18,184
691,68,32,100,16,216
692,52,32,100,16,200
693,67,33,67,16,183
694,151,33,185,16,385
695,65,35,65,17,182
698,152,33,65,17,267
699,151,17,65,17,250
700,50,33,185,16,284
701,65,35,98,17,215
702,66,18,98,17,199
703,68,33,65,17,183
705,51,17,65,17,150
707,98,33,68,16,215
708,66,16,52,16,150
709,65,33,68,16,182
710,101,16,100,16,233
714,100,17,50,17,184
717,66,34,100,17,217
718,65,18,100,17,200
719,167,34,83,15,299
720,67,17,67,17,168
721,50,17,67,17,151
722,51,33,51,17,152
723,100,34,83,15,232
724,68,16,99,18,201
725,84,17,83,15,199
726,50,34,83,15,182
728,82,33,67,18,200
729,99,33,52,17,201
730,65,17,67,18,167
731,65,33,52,17,167
732,67,15,52,17,151
734,68,16,116,18,218
735,85,17,81,18,201
737,168,33,67,16,284
738,51,32,67,17,167
739,51,16,67,17,151
741,166,33,66,16,281
742,298,17,52,16,383
743,67,33,67,16,183
744,301,16,66,16,399
745,66,34,132,16,248
746,68,17,132,16,233
747,166,33,52,16,267
748,83,34,65,16,198
749,101,32,85,16,234
751,67,32,85,16,200
753,66,33,52,16,167
754,99,17,52,16,184
755,65,33,52,16,166
757,85,16,66,16,183
758,85,33,101,14,233
759,52,16,66,16,150
760,52,33,101,14,200
761,52,16,101,14,183
762,66,16,68,14,164
764,65,17,67,16,165
766,84,32,51,15,182
768,286,32,100,16,434
769,49,18,51,15,133
770,83,33,84,16,216
771,299,33,50,17,399
772,502,16,134,15,667
774,100,18,68,16,202
776,65,18,68,16,167
777,50,18,68,16,152
778,99,19,98,16,232
779,66,36,98,16,216
780,67,19,98,16,200
783,52,16,100,16,184
784,151,33,66,17,267
785,65,33,50,17,165
786,65,17,50,17,149
787,166,33,67,16,282
788,302,16,116,17,451
789,67,33,66,17,183
790,51,33,66,17,167
791,50,17,66,17,150
793,83,16,67,16,182
794,67,16,67,16,166
795,50,16,67,16,149
796,66,17,66,18,167
797,67,33,134,15,249
798,67,16,134,15,232
800,166,18,66,16,266
801,66,34,116,17,233
803,51,16,116,17,200
804,51,33,100,16,200
805,101,34,65,17,217
806,65,18,66,16,165
808,65,19,65,17,166
809,301,34,64,18,417
810,67,17,100,16,200
812,67,17,67,16,167
814,50,34,100,16,200
816,100,18,67,16,201
817,67,34,67,16,184
818,66,18,67,16,167
819,100,34,66,17,217
820,152,32,67,20,271
822,51,34,66,17,168
823,67,34,64,18,183
825,68,32,67,20,187
826,101,15,55,29,200
827,153,47,65,19,284
828,67,15,55,29,166
830,66,17,67,16,166
831,67,20,63,17,167
832,70,47,65,19,201
833,55,47,65,19,186
836,63,17,199,16,295
837,67,32,66,17,182
839,65,34,68,16,183
840,68,15,68,16,167
843,167,35,65,17,284
844,83,33,100,16,232
845,84,17,100,16,217
847,734,34,67,16,851
848,52,32,100,17,201
850,84,33,66,16,199
851,67,33,66,16,182
852,51,33,66,16,166
854,101,17,67,16,201
855,65,34,67,16,182
858,66,16,51,16,149
859,284,17,66,17,384
860,67,17,66,16,166
861,83,16,68,20,187
862,67,16,68,20,171
863,101,34,83,17,235
864,67,16,166,17,266
866,66,18,83,17,184
867,68,20,63,17,168
868,166,16,51,17,250
870,69,15,117,17,218
871,166,34,83,16,299
872,63,17,66,17,163
873,66,32,51,17,166
875,100,34,83,16,233
876,100,17,83,16,216
877,66,34,83,16,199
879,51,17,83,16,167
881,101,32,67,16,216
883,67,32,67,16,182
885,150,17,85,15,267
887,65,34,67,16,182
888,66,17,67,16,166
889,83,17,85,15,200
891,50,17,85,15,167
893,67,32,67,17,183
894,51,32,67,17,167
897,66,33,51,17,167
898,66,17,51,17,151
902,50,35,115,18,218
903,167,34,167,16,384
904,184,33,83,17,317
905,67,35,84,15,201
906,66,18,84,15,183
908,51,32,135,15,233
913,52,15,83,17,167
914,69,16,100,16,201
915,67,34,66,16,183
916,149,32,52,16,249
917,100,34,67,17,218
921,66,32,52,16,166
922,51,32,52,16,151
923,50,16,52,16,134
925,67,33,66,17,183
926,68,16,66,17,167
927,52,16,66,17,151
928,101,16,118,15,250
929,66,33,118,15,232
930,66,16,118,15,215
931,66,34,99,17,216
932,51,34,99,17,201
935,67,32,51,17,167
936,66,16,51,17,150
939,66,34,116,16,232
940,50,34,116,16,216
942,49,33,99,18,199
944,50,33,66,18,167
945,100,32,50,17,199
946,66,18,66,16,166
948,67,16,50,17,150
949,100,33,117,17,267
950,84,33,117,17,251
951,299,34,68,16,417
954,65,20,81,17,183
955,69,32,100,16,217
956,302,17,66,15,400
957,68,34,82,16,200
958,52,34,82,16,184
960,83,34,66,17,200
962,150,33,51,18,252
963,66,32,102,16,216
964,67,16,102,16,201
965,168,34,65,16,283
966,67,16,68,16,167
967,66,33,51,18,168
968,50,33,51,18,152
969,67,35,66,15,183
970,67,17,66,15,165
971,68,34,65,16,183
973,166,34,83,16,299
974,98,18,49,17,182
978,67,16,67,17,167
980,84,33,66,18,201
983,101,32,135,16,284
984,100,16,135,16,267
986,99,16,83,18,216
989,66,34,67,16,183
990,50,34,67,16,167
991,53,15,67,16,151
992,50,33,67,16,166
993,67,34,67,16,184
994,282,32,117,24,455
995,100,34,83,17,234
996,51,33,83,17,184
999,67,33,100,16,216
1001,150,17,66,17,250
1002,67,17,99,17,200
1003,66,34,65,17,182
1005,83,17,66,17,183
1006,51,33,66,17,167
1007,50,17,66,17,150
1008,50,32,117,24,223
1010,66,17,83,24,190
1012,84,33,66,17,200
1013,101,40,60,16,217
1014,51,33,66,17,167
1015,67,40,60,16,183
1016,90,26,84,17,217
1017,73,26,84,17,200
1018,57,26,84,17,184
1019,66,34,50,17,167
1020,100,17,67,16,200
1022,66,17,67,16,166
1023,50,17,67,16,150
1024,67,17,82,19,185
1025,100,34,66,17,217
1026,152,32,49,17,250
1027,67,34,66,17,184
1028,66,18,66,17,167
1029,67,34,65,16,182
1030,65,19,65,16,165
1031,68,32,49,17,166
1032,52,32,49,17,150
1033,66,33,99,17,215
1034,68,16,99,17,200
1035,65,33,66,17,181
1036,65,17,66,17,165
1037,166,34,66,17,283
1038,67,17,65,18,167
1039,99,34,85,15,233
1040,100,17,85,15,217
1041,66,34,85,15,200
1042,65,17,85,15,182
1043,83,16,66,17,182
1046,51,37,81,16,185
1048,67,15,52,16,150
1049,51,15,52,16,134
1051,81,16,83,15,195
1052,166,15,135,16,332
1053,68,33,117,17,235
1054,51,33,117,17,218
1055,68,34,100,17,219
1056,65,18,100,17,200
1057,98,34,68,16,216
1061,83,17,98,17,215
1062,67,17,98,17,199
1064,51,33,100,17,201
1066,66,17,67,17,167
1068,98,18,66,16,198
1069,100,33,65,18,216
1070,66,18,66,16,166
1071,67,33,65,18,183
1072,685,33,82,18,818
1074,68,16,134,16,234
1075,98,35,83,17,233
1076,49,32,65,7,153
1078,166,17,84,16,283
1079,67,30,53,17,167
1080,81,37,117,16,251
1082,66,18,117,16,217
1083,67,33,84,16,200
1084,170,34,66,16,286
1085,63,33,67,17,180
1086,101,15,52,17,185
1087,66,32,52,17,167
1088,67,15,52,17,151
1090,83,34,66,16,199
1094,67,15,50,17,149
1095,499,35,66,17,617
1096,67,16,100,17,200
1098,65,17,84,16,182
1101,65,35,101,16,217
1102,68,16,101,16,201
1103,67,33,183,18,301
1104,51,33,183,18,285
1105,52,16,183,18,269
1106,98,19,115,18,250
1107,66,35,115,18,234
1108,165,17,66,17,265
1109,68,33,82,18,201
1110,1016,34,66,18,1134
1113,51,47,66,17,181
1114,65,17,66,17,165
1115,100,31,135,17,283
1116,313,34,101,16,464
1117,67,31,135,17,250
1119,66,34,67,17,184
1120,66,17,67,17,167
1121,83,17,66,17,183
1122,68,17,66,17,168
1123,52,17,66,17,152
1124,183,34,101,16,334
1125,101,33,51,15,200
1126,66,17,65,19,167
1128,67,16,51,15,149
1129,99,34,101,16,250
1130,82,34,101,16,233
1133,167,32,134,17,350
1134,100,16,102,17,235
1135,100,35,67,17,219
1137,101,32,134,17,284
1139,67,32,134,17,250
1140,118,33,66,17,234
1142,84,33,66,17,200
1143,67,33,66,17,183
1144,84,33,100,16,233
1145,101,33,67,16,217
1146,51,33,100,16,200
1147,66,33,67,16,182
1154,101,16,66,16,199
1157,67,33,68,16,184
1158,68,16,68,16,168
1159,66,33,100,17,216
1160,65,17,100,17,199
1161,101,33,82,17,233
1164,52,33,82,17,184
1168,66,17,66,18,167
1171,100,31,54,15,200
1173,66,31,54,15,166
1176,83,34,83,17,217
1177,66,34,83,17,200
1178,100,16,66,16,198
1179,169,35,66,17,287
1180,149,35,66,17,267
1182,98,17,118,17,250
1183,67,33,118,17,235
1185,101,32,51,17,201
1187,68,32,51,17,168
1189,50,17,51,17,135
1191,66,34,65,18,183
1192,68,17,65,18,168
1193,301,31,85,16,433
1195,65,34,101,16,216
1196,66,16,101,16,199
1197,65,34,99,16,214
1198,167,16,66,19,268
1199,52,16,99,16,183
1201,284,16,67,17,384
1202,99,16,66,19,200
1203,67,32,66,19,184
1204,99,19,50,15,183
1205,65,35,50,15,165
1206,83,31,85,16,215
1208,51,31,85,16,183
1209,66,34,67,17,184
1210,69,15,67,17,168
1211,100,32,67,17,216
1213,85,16,67,17,185
1216,151,32,67,16,266
1217,99,34,66,16,215
1218,83,34,66,16,199
1219,67,34,66,16,183
1220,84,32,67,16,199
1221,50,17,66,16,149
1223,66,34,133,18,251
1224,65,18,133,18,234
1225,66,33,68,16,183
1226,66,17,68,16,167
1228,67,19,65,18,169
1229,167,33,66,18,284
1230,167,17,66,18,268
1231,167,32,102,16,317
1232,168,15,102,16,301
1233,65,34,65,19,183
1235,165,33,102,16,316
1236,66,17,66,18,167
1239,65,34,84,16,199
1240,68,15,84,16,183
1242,67,15,102,16,200
1243,52,15,102,16,185
1244,83,32,51,17,183
1245,68,32,51,17,168
1246,50,32,51,17,150
1247,51,16,51,17,135
1249,67,33,66,16,182
1250,84,33,68,16,201
1251,51,17,66,16,150
1252,52,33,68,16,169
1253,66,33,67,17,183
1257,68,32,51,17,168
1258,68,16,51,17,152
1259,67,33,68,14,182
1260,102,17,65,18,202
1263,51,17,65,18,151
1264,165,18,66,17,266
1265,68,32,67,17,184
1266,64,18,67,17,166
1267,65,32,52,16,165
1268,68,14,52,16,150
1269,99,33,135,14,281
1270,67,18,66,17,168
1273,52,16,135,14,217
1274,51,33,83,19,186
1277,66,34,100,16,216
1278,83,35,65,16,199
1281,69,33,65,16,183
1283,68,32,66,18,184
1284,1100,17,67,18,1202
1285,65,33,102,17,217
1286,51,33,102,17,203
1287,65,33,69,17,184
1288,65,17,69,17,168
1289,99,36,66,16,217
1293,69,32,84,16,201
1297,98,34,66,18,216
1298,65,16,100,18,199
1299,84,16,66,18,184
1300,68,16,66,18,168
1301,66,36,63,19,184
1302,168,17,81,16,282
1303,70,30,52,17,169
1304,66,16,52,17,151
1306,68,15,117,16,216
1307,63,36,81,16,196
1309,102,32,67,16,217
1310,100,16,67,16,199
1311,69,32,67,16,184
1316,67,16,115,19,217
1317,67,33,82,19,201
1318,119,32,100,17,268
1319,103,32,100,17,252
1322,67,17,100,17,201
1323,67,34,66,17,184
1325,98,34,66,16,214
1327,66,34,66,16,182
1328,69,16,66,16,167
1330,67,16,68,16,167
1331,100,35,66,15,216
1332,82,35,66,15,198
1335,500,34,82,17,633
1336,83,34,99,16,232
1337,51,16,101,16,184
1338,51,34,99,16,200
1339,100,33,65,18,216
1340,65,19,65,16,165
1341,68,33,65,18,184
1343,67,32,134,18,251
1344,52,32,134,18,236
1346,100,17,66,18,201
1347,83,17,66,18,184
1348,67,17,66,18,168
1349,51,17,66,18,152
1350,102,16,82,16,216
1352,67,16,82,16,181
1354,68,16,99,17,200
1355,100,32,136,15,283
1356,50,32,67,17,166
1357,66,32,136,15,249
1359,99,34,82,17,232
1360,101,17,82,17,217
1361,84,17,82,17,200
1362,68,17,82,17,184
1364,51,32,102,14,199
1366,67,17,132,18,234
1367,67,32,100,18,217
1368,66,17,100,18,201
1369,102,34,65,16,217
1371,67,34,65,16,182
1373,168,32,168,16,384
1374,52,31,68,17,168
1375,99,34,100,16,249
1376,51,34,101,14,200
1378,67,18,100,16,201
1379,68,32,168,16,284
1380,82,35,65,16,198
1381,51,15,168,16,250
1382,150,33,51,17,251
1384,64,19,100,16,199
1385,68,32,68,16,184
1386,52,32,68,16,168
1388,51,33,51,17,152
1389,65,35,84,17,201
1391,68,33,100,16,217
1392,52,33,100,16,201
1393,685,16,67,15,783
1394,52,33,67,16,168
1395,84,17,64,17,182
1396,68,17,64,17,166
1397,51,17,64,17,149
1398,52,32,99,17,200
1399,67,32,67,17,183
1400,148,33,83,19,283
1402,68,18,65,18,169
1403,67,32,51,16,166
1405,67,33,83,19,202
1407,65,34,151,15,265
1408,66,16,151,15,248
1409,51,16,151,15,233
1410,66,17,99,19,201
1411,67,35,64,19,185
1412,65,19,64,19,167
1413,84,16,100,16,216
1414,116,34,68,16,234
1415,167,34,82,18,301
1416,83,34,68,16,201
1418,67,15,68,16,166
1419,51,15,68,16,150
1421,68,34,82,18,202
1422,99,16,68,17,200
1423,68,32,68,17,185
1424,66,16,68,17,167
1428,84,33,67,15,199
1429,68,33,67,15,183
1430,551,33,119,16,719
1431,51,16,67,15,149
1432,51,32,85,16,184
1433,65,35,98,19,217
1434,65,18,98,19,200
1436,102,16,68,15,201
1438,68,16,68,15,167
1440,102,17,64,19,202
1441,63,36,64,19,182
1442,67,17,64,19,167
1443,68,31,52,17,168
1444,301,16,67,18,402
1446,81,36,149,16,282
1447,83,17,149,16,265
1448,49,36,149,16,250
1449,52,17,149,16,234
1451,68,33,84,16,201
1453,65,33,134,18,250
1454,82,35,65,16,198
1455,66,35,65,16,182
1456,165,18,85,16,284
1457,68,32,67,18,185
1460,50,33,119,16,218
1461,65,34,85,16,200
1462,65,18,85,16,184
1464,299,19,64,19,401
1465,52,16,115,16,199
1469,67,33,67,16,183
1471,66,31,52,15,164
1475,67,31,51,17,166
1477,52,15,51,17,135
1478,169,16,100,17,302
1480,115,35,100,17,267
1481,100,35,100,17,252
1482,102,16,100,17,235
1483,64,35,100,17,216
1484,68,16,100,17,201
1487,68,33,83,16,200
1488,66,16,83,16,181
1489,100,32,67,18,217
1490,68,17,65,18,168
1491,99,33,52,16,200
1492,50,32,67,18,167
1493,99,34,83,18,234
1494,66,16,52,16,150
1495,167,33,115,17,332
1496,165,18,115,17,315
1497,67,34,67,15,183
1499,52,16,67,15,150
1500,151,32,66,18,267
1501,68,33,115,17,233
1502,83,34,98,18,233
1503,67,34,98,18,217
1505,99,34,67,16,216
1507,66,34,67,16,183
1508,168,17,66,16,267
1509,66,32,101,16,215
1512,50,35,66,16,167
1513,67,33,66,16,182
1514,118,33,134,16,301
1515,51,17,66,16,150
1516,99,17,134,16,266
1518,66,17,134,16,233
1520,66,17,67,16,166
1521,284,16,67,16,383
1523,68,32,66,17,183
1524,67,17,66,17,167
1525,167,33,134,16,350
1526,100,16,67,18,201
1528,67,16,67,18,168
1529,167,33,100,16,316
1531,99,34,67,16,216
1533,101,33,100,16,250
1534,68,16,67,16,167
1535,67,33,100,16,216
1536,66,17,100,16,199
1538,83,33,67,16,199
1540,167,17,83,17,284
1542,65,17,50,17,149
1543,100,33,83,17,233
1544,66,18,100,16,200
1545,67,33,83,17,200
1546,67,17,83,17,184
1548,101,17,66,16,200
1549,66,34,66,16,182
1550,67,17,66,16,166
1552,66,17,67,16,166
1553,50,17,67,16,150
1554,50,33,100,16,199
1556,66,18,66,16,166
1557,67,32,50,17,166
1558,66,16,50,17,149
1560,100,17,51,17,185
1561,82,17,51,17,167
1563,101,34,83,17,235
1564,82,34,83,17,216
1565,84,17,83,17,201
1566,68,17,83,17,185
1568,99,16,69,14,198
1569,66,33,69,14,182
1570,66,16,69,14,165
1571,65,35,66,17,183
1572,84,34,82,16,216
1573,51,17,66,17,151
1576,51,32,66,18,167
1579,66,32,68,16,182
1582,483,34,66,17,600
1583,66,34,168,16,284
1585,68,32,67,17,184
1586,483,33,68,16,600
1590,67,16,101,17,201
1591,67,44,107,17,235
1592,66,27,107,17,217
1593,76,25,82,17,200
1596,52,32,67,16,167
1597,57,34,66,17,174
1600,66,17,66,16,165
1601,67,33,100,16,216
1603,66,33,67,16,182
1604,50,33,67,16,166
1606,100,17,66,17,200
1607,66,34,66,17,183
1608,83,33,101,16,233
1609,67,33,101,16,217
1611,67,33,68,16,184
1613,66,34,134,17,251
1615,101,32,68,17,218
1616,66,18,83,17,184
1617,68,32,68,17,185
1618,51,32,68,17,168
1619,99,35,100,16,250
1621,65,35,100,16,216
1623,168,32,68,17,285
1624,150,32,68,17,267
1625,101,34,82,18,235
1626,83,34,82,18,217
1629,68,32,68,17,185
1630,101,17,50,31,199
1632,302,17,66,16,401
1633,167,33,133,17,350
1634,66,18,149,16,249
1635,85,50,82,16,233
1636,98,19,82,16,215
1637,100,33,133,17,283
1639,67,33,133,17,250
1640,83,33,133,16,265
1641,51,17,133,17,218
1642,52,33,133,16,234
1643,66,32,133,18,249
1644,66,16,133,18,233
1645,65,35,66,16,182
1647,67,33,65,18,183
1648,67,17,65,18,167
1649,51,17,65,18,151
1653,99,33,51,16,199
1654,166,16,68,17,267
1655,66,33,51,16,166
1657,51,16,51,16,134
1658,100,16,68,17,201
1659,84,16,68,17,185
1660,67,16,68,17,168
1661,102,33,65,18,218
1662,168,16,67,17,268
1664,84,31,68,17,200
1665,68,31,68,17,184
1667,165,35,100,16,316
1668,67,16,67,17,167
1669,65,34,68,15,182
1670,66,16,68,15,165
1672,67,16,135,16,234
1674,84,33,149,17,283
1675,68,33,149,17,267
1677,68,32,51,16,167
1678,67,16,51,16,150
1679,100,32,67,16,215
1681,67,32,67,16,182
1683,101,33,67,16,217
1684,101,17,67,16,201
1685,66,33,67,16,182
1686,66,17,67,16,166
1689,64,36,84,16,200
1690,68,16,84,16,184
1692,51,33,134,17,235
1695,84,16,67,17,184
1696,51,33,67,17,168
1697,51,16,67,17,151
1698,100,18,67,15,200
1700,65,18,67,15,165
1701,67,33,100,15,215
1702,50,33,100,15,198
1703,52,16,100,15,183
1704,51,34,66,15,166
1705,67,32,66,19,184
1707,151,49,99,17,316
1708,67,17,51,32,167
1709,98,19,131,17,265
1710,66,17,68,17,168
1711,166,34,50,17,267
1712,68,49,99,17,233
1713,166,33,133,17,349
1714,68,17,99,17,201
1715,100,34,50,17,201
1716,66,15,67,17,165
1717,65,34,50,17,166
1718,66,17,50,17,150
1719,66,33,133,17,249
1720,65,17,133,17,232
1721,84,17,66,17,184
1722,50,34,66,17,167
1724,51,33,167,16,267
1726,285,32,133,16,466
1727,99,35,66,16,216
1728,67,16,135,17,235
1731,68,33,266,16,383
1732,66,18,266,16,366
1734,100,18,82,18,218
1737,101,32,133,16,282
1738,50,34,83,16,183
1739,68,32,133,16,249
1740,168,16,67,16,267
1741,100,33,100,16,249
1742,65,18,66,16,165
1743,83,16,100,16,215
1745,51,16,100,16,183
1746,68,16,67,16,167
1747,66,33,50,16,165
1748,65,17,50,16,148
1749,66,34,68,32,200
1751,67,32,68,17,184
1753,301,34,66,15,416
1754,67,19,65,16,167
1755,68,32,67,15,182
1756,285,31,100,18,434
1757,68,33,100,16,217
1758,300,18,65,18,401
1759,65,34,66,16,181
1760,66,18,66,16,166
1763,67,33,199,18,317
1764,68,16,199,18,301
1765,100,34,66,15,215
1766,167,18,65,18,268
1767,67,34,66,15,182
1768,84,31,100,18,233
1769,68,31,100,18,217
1770,52,31,100,18,201
1772,551,32,84,16,683
1774,301,16,66,16,399
1775,69,31,67,18,185
1777,99,33,67,17,216
1778,68,16,51,16,151
1779,149,16,67,16,248
1781,67,34,100,16,217
1782,67,16,100,16,199
1783,51,16,100,16,183
1785,100,34,66,16,216
1786,66,16,67,16,165
1787,66,34,66,16,182
1789,51,16,66,16,149
1791,67,33,100,16,216
1793,101,33,83,16,233
1794,66,19,65,16,166
1795,68,33,83,16,200
1797,68,32,67,17,184
1798,918,33,117,16,1084
1799,65,35,116,16,232
1800,101,16,84,16,217
1801,67,32,84,16,199
1802,300,17,67,16,400
1803,167,34,167,16,384
1806,167,16,67,16,266
1807,66,34,67,16,183
1808,67,16,67,16,166
1810,300,18,82,16,416
1811,101,32,84,18,235
1812,67,16,67,16,166
1813,67,32,84,18,201
1814,65,16,84,18,183
1817,67,33,101,16,217
1818,100,18,99,17,234
1819,68,34,99,17,218
1823,101,32,135,16,284
1825,67,32,135,16,250
1826,51,32,135,16,234
1828,67,17,133,17,234
1829,66,32,101,17,216
1830,66,16,101,17,200
1832,66,18,66,17,167
1833,67,34,131,17,249
1834,67,18,131,17,233
1835,69,32,99,17,217
1838,99,17,67,16,199
1839,66,32,67,16,181
1840,99,16,70,31,216
1842,66,16,70,31,183
1843,65,34,118,17,234
1844,67,17,118,17,219
1847,101,33,117,16,267
1848,53,31,68,16,168
1850,51,33,117,16,217
1851,64,35,82,16,197
1852,68,17,82,16,183
1854,52,33,65,17,167
1855,101,32,84,16,233
1856,65,18,198,17,298
1857,82,16,84,16,198
1858,66,16,84,16,182
1859,65,33,67,17,182
1860,67,16,67,17,167
1861,65,35,82,16,198
1862,283,33,68,17,401
1863,68,32,66,17,183
1864,83,34,66,17,200
1865,51,16,66,17,150
1866,50,34,66,17,167
1867,165,34,66,18,283
1868,167,16,66,18,267
1869,100,33,50,17,200
1870,66,17,133,18,234
1872,101,16,66,18,201
1873,67,34,66,18,185
1875,151,17,66,17,251
1876,50,33,68,17,168
1878,65,17,52,33,167
1879,66,35,66,17,184
1880,68,17,66,17,168
1881,151,16,101,15,283
1882,102,16,66,16,200
1883,52,49,66,16,183
1884,67,16,66,16,165
1885,66,33,101,15,215
1886,66,16,101,15,198
1887,167,34,66,16,283
1888,150,34,66,16,266
1889,168,33,66,17,284
1890,65,17,85,17,184
1891,66,35,100,16,217
1892,84,34,66,16,200
1893,68,34,66,16,184
1894,67,19,66,16,168
1895,69,33,66,17,185
1896,67,17,66,17,167
1897,67,33,99,16,215
1899,165,34,134,33,366
1900,66,17,116,18,217
1901,99,33,100,17,249
1902,67,16,83,18,184
1904,67,16,100,17,200
1905,66,34,134,33,267
1906,65,18,134,33,250
1907,168,33,82,17,300
1908,66,18,67,33,184
1909,68,32,68,33,201
1911,66,35,66,17,184
1912,151,33,167,16,367
1913,67,33,82,17,199
1914,85,33,66,17,201
1915,68,33,66,17,184
1917,99,33,66,17,215
1918,67,16,167,16,266
1919,66,33,66,17,182
1923,99,34,100,17,250
1924,67,16,68,16,167
1926,49,34,100,17,200
1927,66,34,66,17,183
1928,50,34,66,17,167
1930,67,17,66,16,166
1932,65,18,85,16,184
1933,66,33,52,16,167
1934,67,16,52,16,151
1936,67,17,135,16,235
1938,84,32,84,17,217
1940,52,32,84,17,185
1944,67,18,65,18,168
1945,68,33,84,32,217
1946,84,32,134,17,267
1948,51,32,134,17,234
1949,166,33,84,16,299
1951,67,17,82,17,183
1955,165,34,66,17,282
1957,66,33,85,16,200
1958,99,17,52,16,184
1959,66,33,52,16,167
1960,100,16,66,17,199
1961,66,34,66,17,183
1962,166,17,82,19,284
1964,102,15,116,19,252
1965,52,16,66,17,151
1967,66,34,82,19,201
1969,66,34,67,15,182
1970,83,32,67,17,199
1971,100,35,65,17,217
1972,51,32,67,17,167
1974,84,32,66,19,201
1975,67,32,66,19,184
1976,168,17,65,16,266
1978,68,16,52,17,153
1980,102,17,65,16,200
1981,66,36,65,16,183
1982,68,17,65,16,166
1985,68,33,67,15,183
1986,65,17,67,15,164
1987,65,34,67,16,182
1988,67,18,67,16,168
1989,67,33,66,17,183
1990,99,19,99,16,233
1991,67,34,99,16,216
1992,85,32,67,16,200
1993,67,32,67,16,182
1994,50,32,67,16,165
1997,65,34,66,17,182
1999,284,16,83,17,400
2000,101,15,66,19,201
2001,67,33,66,19,185
2002,82,33,101,17,233
2003,151,15,51,16,233
2004,101,15,68,17,201
2005,66,33,68,17,184
2006,66,15,68,17,166
2007,66,34,51,16,167
2008,68,15,51,16,150
2009,52,15,51,16,134
2010,83,33,83,17,216
2011,68,33,83,17,201
2013,167,34,65,19,285
2014,51,35,116,16,218
2015,68,33,83,16,200
2016,66,18,83,16,183
2018,66,17,99,19,201
2025,65,36,65,18,184
2026,67,17,65,18,167
2027,68,32,99,19,218
2028,51,32,99,19,201
2029,167,19,65,18,269
2030,298,18,118,32,466
2031,150,49,66,16,281
2033,99,19,65,18,201
2034,83,19,65,18,185
2035,66,19,65,18,168
2036,150,32,66,19,267
2037,52,49,66,16,183
2039,68,34,98,19,219
2040,83,32,66,19,200
2043,66,34,118,32,250
2045,166,18,65,17,266
2046,66,16,86,32,200
2047,300,34,84,31,449
2049,67,33,133,17,250
2050,102,49,115,18,284
2052,67,49,115,18,249
2053,51,49,115,18,233
2054,67,17,115,18,217
2055,67,33,82,18,200
2056,65,17,82,18,182
2058,100,16,99,19,234
2059,66,33,99,19,217
2060,67,16,99,19,201
2061,66,34,84,31,215
2062,65,18,84,31,198
2063,100,32,68,17,217
2064,165,18,101,16,300
2067,84,49,101,16,250
2068,99,18,101,16,234
2069,51,49,101,16,217
2070,66,18,101,16,201
2071,50,18,101,16,185
2072,66,17,99,17,199
2073,51,17,99,17,184
2074,52,33,66,17,168
2075,67,34,100,16,217
2078,51,32,68,16,167
2080,67,17,67,17,168
2081,83,17,165,18,283
2082,67,17,165,18,267
2083,51,17,165,18,251
2084,101,16,99,18,234
2085,67,33,99,18,217
2086,149,33,67,17,266
2087,66,33,133,17,249
2088,315,35,65,7,422
2090,49,33,51,16,149
2092,51,33,67,17,168
2093,51,15,67,17,150
2094,66,16,67,16,165
2095,51,16,67,16,150
2096,66,16,99,19,200
2097,101,33,132,7,273
2098,167,16,65,7,255
2100,66,17,132,7,222
2102,82,35,65,7,189
2103,65,35,65,7,172
2104,68,16,65,7,156
2105,67,33,72,16,188
2106,68,16,72,16,172
2107,100,24,65,18,207
2108,81,24,65,18,188
2111,56,32,101,16,205
2112,56,33,68,16,173
2113,82,35,100,16,233
2114,65,35,100,16,216
2115,49,35,100,16,200
2116,68,33,67,16,184
2117,51,33,67,16,167
2119,100,17,115,19,251
2121,67,17,115,19,218
2122,165,36,66,16,283
2123,51,32,66,17,166
2124,66,32,51,19,168
2125,99,16,102,16,233
2127,99,19,66,16,200
2128,83,19,66,16,184
2130,51,19,66,16,152
2131,101,17,99,18,235
2132,69,33,99,18,219
2133,85,33,166,18,302
2134,66,33,166,18,283
2135,52,33,166,18,269
2137,66,16,52,16,150
2138,65,34,100,18,217
2139,101,16,66,18,201
2140,66,34,66,18,184
2141,68,16,66,18,168
2144,51,16,51,15,133
2145,66,16,68,16,166
2146,667,33,83,17,800
2148,51,15,100,18,184
2149,84,32,51,16,183
2151,66,16,51,16,149
2152,67,33,67,18,185
2154,83,16,132,19,250
2155,83,33,66,18,200
2156,51,16,132,19,218
2157,168,15,68,18,269
2160,467,33,67,15,582
2161,100,15,68,18,201
2162,66,33,68,18,185
2163,66,15,68,18,167
2164,84,16,67,15,182
2165,68,16,67,15,166
2166,52,16,67,15,150
2167,50,33,66,18,167
2169,98,17,67,17,199
2170,99,34,134,17,284
2171,166,17,133,16,332
2172,66,34,134,17,251
2173,66,16,134,17,233
2176,67,34,133,16,250
2177,66,17,133,16,232
2178,67,33,51,16,167
2179,150,33,67,15,265
2180,101,33,83,17,234
2181,50,34,133,15,232
2182,84,16,83,17,200
2183,83,33,67,15,198
2184,1184,16,100,18,1318
2185,100,18,66,18,202
2186,66,34,66,18,184
2187,65,18,66,18,167
2188,67,33,51,15,166
2190,67,33,233,19,352
2191,51,33,233,19,336
2192,84,15,67,16,182
2193,83,33,101,16,233
2194,51,15,67,16,149
2195,51,33,101,16,201
2197,66,16,67,16,165
2198,167,33,66,17,283
2199,66,17,119,14,216
2200,67,34,85,14,200
2202,67,33,52,14,166
2203,51,33,52,14,150
2204,67,33,66,17,183
2205,101,14,134,17,266
2206,66,33,134,17,250
2207,69,14,134,17,234
2208,52,14,134,17,217
2209,50,33,67,18,168
2211,64,18,66,17,165
2212,84,16,102,16,218
2213,167,18,83,15,283
2215,50,34,100,16,200
2216,66,34,66,16,182
2217,67,17,66,16,166
2220,68,32,51,15,166
2221,99,15,69,16,199
2222,66,31,69,16,182
2224,548,17,135,15,715
2225,67,15,100,18,200
2226,100,33,101,17,251
2227,84,33,101,17,235
2228,69,33,101,17,220
2230,100,34,100,16,250
2231,150,32,67,17,266
2232,66,34,100,16,216
2233,68,16,100,16,200
2234,151,16,118,15,300
2235,85,32,67,17,201
2237,50,32,67,17,166
2238,100,33,85,15,233
2239,68,16,118,15,217
2240,66,33,85,15,199
2242,67,33,52,15,167
2243,283,33,68,15,399
2248,100,34,100,18,252
2249,50,33,134,18,235
2250,65,34,100,18,217
2251,98,17,135,15,265
2252,100,34,150,16,300
2253,167,16,99,17,299
2254,152,16,99,17,284
2256,100,34,99,17,250
2257,51,33,68,15,167
2259,67,16,99,17,199
2260,101,32,66,17,216
2261,67,18,98,17,200
2262,68,32,66,17,183
2268,66,35,132,18,251
2269,100,17,99,18,234
2271,100,18,65,18,201
2272,51,17,99,18,185
2273,67,18,65,18,168
2274,67,33,65,19,184
2275,51,33,65,19,168
2276,99,33,67,17,216
2277,67,16,84,16,183
2278,98,35,65,18,216
2279,50,33,67,17,167
2280,65,35,65,18,183
2281,300,17,100,17,434
2284,51,16,51,16,134
2287,67,16,66,18,167
2288,101,32,68,16,217
2289,84,32,68,16,200
2290,68,32,68,16,184
2291,68,14,68,16,166
2292,84,15,51,17,167
2293,67,15,51,17,150
2294,50,15,51,17,133
2295,65,17,100,17,199
2296,51,17,100,17,185
2297,100,16,132,19,267
2298,51,17,84,15,167
2299,83,34,98,19,234
2300,66,34,98,19,217
2301,167,15,67,18,267
2302,50,17,98,19,184
2303,67,15,66,19,167
2308,85,15,51,16,167
2310,52,15,51,16,134
2311,516,33,101,16,666
2312,170,33,65,17,285
2313,66,16,69,15,166
2314,51,16,69,15,151
2315,51,33,69,15,168
2316,103,33,65,17,218
2317,85,33,65,17,200
2318,102,31,117,18,268
2319,52,33,65,17,167
2322,64,34,134,16,248
2323,66,17,134,16,233
2326,51,17,67,16,151
2327,51,33,83,16,183
2328,67,34,65,17,183
2329,66,18,65,17,166
2330,67,33,66,16,182
2331,51,33,66,16,166
2332,99,34,51,15,199
2333,67,16,67,18,168
2334,65,34,51,15,165
2335,66,17,51,15,149
2336,66,33,85,16,200
2339,68,15,101,16,200
2340,51,15,101,16,183
2341,68,16,100,18,202
2342,51,16,100,18,185
2343,67,16,66,18,167
2344,52,16,66,18,152
2346,67,33,133,16,249
2347,100,18,65,16,199
2348,66,36,65,16,183
2349,166,16,66,19,267
2352,67,34,66,17,184
2353,65,18,66,17,166
2354,163,35,100,16,314
2355,66,16,66,19,167
2356,151,16,100,16,283
2357,50,34,51,16,151
2358,98,35,100,16,249
2360,533,34,101,16,684
2363,50,34,66,16,166
2364,69,33,66,17,185
2365,65,18,66,17,166
2366,100,33,99,19,251
2367,51,33,67,16,167
2372,67,32,52,14,165
2373,100,16,134,16,266
2374,66,33,134,16,249
2375,66,16,134,16,232
2376,65,33,51,16,165
2377,68,14,51,16,149
2378,52,14,51,16,133
2379,84,32,84,16,216
2380,68,32,84,16,200
2381,165,16,52,15,248
2382,51,16,84,16,167
2384,66,33,67,18,184
2385,66,17,67,18,168
2387,167,16,51,17,251
2388,100,33,68,16,217
2390,67,33,68,16,184
2391,50,33,68,16,167
2392,100,35,65,17,217
2394,66,35,65,17,183
2395,83,33,66,16,198
2396,68,33,66,16,183
2397,301,16,84,16,417
2398,51,17,66,16,150
2399,82,34,68,16,200
2400,65,34,68,16,183
2401,99,17,51,17,184
2404,67,35,65,18,185
2405,68,17,65,18,168
2407,52,33,150,16,251
2408,51,17,150,16,234
2411,83,33,67,18,201
2412,66,33,67,18,184
2413,150,33,50,18,251
2414,101,33,83,18,235
2415,83,33,83,18,217
2417,283,33,85,16,417
2418,51,16,83,18,168
2419,51,33,50,18,152
2420,66,34,66,17,183
2421,66,17,66,17,166
2422,83,18,82,17,200
2423,83,32,67,16,198
2424,100,33,67,17,217
2425,100,16,67,17,200
2427,67,16,67,17,167
2428,65,34,67,17,183
2429,83,33,85,16,217
2430,100,34,67,16,217
2431,50,33,85,16,184
2432,67,34,67,16,184
2433,67,17,67,16,167
2434,67,32,101,17,217
2435,51,32,101,17,201
2436,66,35,99,16,216
2437,84,33,66,16,199
2438,67,33,66,16,182
2439,50,33,66,16,165
2440,51,17,66,16,150
2441,165,17,67,15,264
2443,67,16,168,16,267
2444,66,33,51,16,166
2445,65,17,51,16,149
2446,83,17,67,15,182
2447,66,17,67,15,165
2448,67,33,68,16,184
2449,51,33,68,16,168
2450,151,15,69,14,249
2451,50,34,50,15,149
2453,100,15,69,14,198
2454,168,32,67,17,284
2456,50,15,69,14,148
2457,85,34,65,17,201
2458,66,34,65,17,182
2459,84,32,67,17,200
2462,99,34,83,17,233
2463,51,33,51,17,152
2464,65,34,83,17,199
2465,51,34,83,17,185
2466,67,34,66,16,183
2468,51,17,66,16,150
2469,51,32,100,18,201
2471,66,17,66,18,167
2475,101,17,66,17,201
2476,66,35,66,17,184
2479,51,32,51,15,149
2481,67,16,99,16,198
2482,66,32,67,16,181
2483,50,32,67,16,165
2484,51,15,67,16,149
2485,83,32,167,16,298
2486,67,32,167,16,282
2487,66,16,167,16,265
2488,51,16,167,16,250
2489,50,35,65,17,167
2490,67,32,83,17,199
2492,100,35,66,16,217
2493,101,18,66,16,201
2494,65,35,66,16,182
2495,66,18,66,16,166
2496,68,32,116,16,232
2497,82,34,67,15,198
2498,67,34,67,15,183
2499,50,34,67,15,166
2500,66,32,50,16,164
2501,51,32,50,16,149
2502,101,31,51,16,199
2503,85,31,51,16,183
2504,67,31,51,16,165
2506,467,33,68,17,585
2508,66,32,86,16,200
2509,67,16,86,16,185
2510,51,16,86,16,169
2511,99,17,135,16,267
2512,67,32,135,16,250
2513,66,17,135,16,234
2516,167,33,67,16,283
2518,55,12,68,16,151
2520,166,34,65,17,282
2521,63,17,66,16,162
2522,68,33,67,16,184
2523,151,32,101,17,301
2524,66,33,66,17,182
2525,166,16,68,17,267
2526,66,34,65,17,182
2527,66,18,65,17,166
2529,99,16,68,17,200
2530,99,34,51,16,200
2533,66,17,51,16,150
2534,67,34,84,16,201
2535,84,33,99,17,233
2536,68,33,99,17,217
2537,51,33,99,17,200
2538,51,16,99,17,183
2539,102,16,101,15,234
2541,67,16,101,15,199
2542,67,32,69,15,183
2543,50,32,69,15,166
2544,67,34,50,17,168
2545,98,19,98,18,233
2548,69,32,101,16,218
2550,50,17,101,16,184
2552,98,35,83,16,232
2553,101,17,83,16,217
2554,166,34,66,17,283
2556,67,32,100,16,215
2557,52,32,100,16,200
2559,65,17,67,16,165
2561,67,16,66,17,166
2562,51,16,66,17,150
2563,317,35,69,10,431
2564,67,33,68,15,183
2566,83,17,66,17,183
2567,66,17,66,17,166
2568,101,32,51,16,200
2569,300,21,64,16,401
2570,151,16,51,17,235
2573,67,17,66,18,168
2574,66,33,51,17,167
2575,51,33,51,17,152
2577,166,21,64,16,267
2578,550,16,83,17,666
2580,100,37,64,16,217
2581,51,32,68,16,167
2582,67,37,64,16,184
2583,65,21,64,16,166
2584,69,31,115,16,231
2586,167,32,51,16,266
2587,52,33,98,18,201
2588,64,33,116,16,229
2589,54,33,116,16,219
2590,66,33,66,17,182
2591,67,16,66,17,166
2592,98,34,67,16,215
2593,149,34,51,17,251
2594,65,34,67,16,182
2595,66,16,67,16,165
2596,66,33,67,18,184
2597,67,16,67,18,168
2598,51,16,67,18,152
2599,151,32,68,16,267
2600,67,33,67,17,184
2601,83,35,65,17,200
2602,85,17,65,17,184
2603,68,17,65,17,167
2604,100,33,83,17,233
2606,100,35,65,18,218
2608,65,35,65,18,183
2609,66,18,65,18,167
2611,67,17,98,19,201
2612,100,34,51,31,216
2613,66,17,66,19,168
2614,65,34,51,31,181
2615,67,16,51,31,165
2617,67,16,75,16,174
2618,66,50,57,18,191
2619,67,31,57,18,173
2622,324,17,67,16,424
2623,505,18,100,17,640
2624,57,35,65,18,175
2625,66,17,65,18,166
2626,67,33,66,18,184
2627,100,16,52,16,184
2628,51,17,66,18,152
2629,66,16,52,16,150
2632,50,16,67,16,149
2633,117,33,67,16,233
2635,99,17,67,16,199
2637,65,17,67,16,165
2638,66,35,66,16,183
2639,65,19,66,16,166
2640,68,32,99,17,216
2641,68,16,99,17,200
2642,101,33,67,17,218
2644,82,17,67,17,183
2645,66,17,67,17,167
2647,51,32,101,17,201
2648,65,35,100,17,217
2649,66,18,100,17,201
2650,67,34,83,16,200
2651,51,34,83,16,184
2652,52,17,83,16,168
2654,66,34,66,16,182
2655,66,17,66,16,165
2656,66,33,133,17,249
2657,517,33,101,16,667
2658,51,16,133,17,217
2659,67,16,66,17,166
2661,65,17,67,17,166
2663,82,34,51,16,183
2664,66,34,51,16,167
2665,50,34,51,16,151
2666,67,33,66,17,183
2669,50,34,82,18,184
2671,50,32,68,16,166
2672,66,36,65,16,183
2673,65,19,65,16,165
2675,66,18,66,16,166
2678,65,33,151,17,266
2679,100,18,66,17,201
2680,100,33,68,16,217
2681,84,33,68,16,201
2683,51,33,68,16,168
2684,51,16,68,16,151
2685,51,33,101,16,201
2687,66,18,66,16,166
2688,166,35,166,16,383
2689,84,33,67,15,199
2690,51,17,65,18,151
2691,151,32,68,17,268
2692,66,32,67,18,183
2694,100,32,68,17,217
2695,85,32,68,17,202
2696,67,32,68,17,184
2697,51,32,68,17,168
2698,101,34,133,16,284
2700,66,34,133,16,249
2701,102,16,100,16,234
2702,68,33,100,16,217
2703,83,33,67,16,199
2704,51,16,100,16,183
2705,51,33,67,16,167
2706,66,33,149,19,267
2707,65,17,149,19,250
2710,67,33,82,19,201
2711,1183,34,67,16,1300
2712,67,33,68,16,184
2713,67,17,68,16,168
2714,66,33,66,17,182
2716,66,35,66,14,181
2717,151,33,66,16,266
2718,68,31,100,18,217
2719,99,18,99,16,232
2722,165,35,66,16,282
2723,50,33,66,16,165
2724,169,32,200,16,417
2726,99,35,66,16,216
2727,69,16,67,16,168
2729,50,35,66,16,167
2730,101,34,100,16,251
2731,51,32,200,16,299
2732,67,34,100,16,217
2734,166,33,134,15,348
2735,99,16,101,16,232
2736,99,35,101,16,251
2737,67,16,101,16,200
2738,65,35,101,16,217
2739,67,17,101,16,201
2741,168,17,66,16,267
2742,169,33,115,16,333
2743,83,35,66,15,199
2745,50,35,66,15,166
2746,101,33,115,16,265
2747,68,17,66,16,167
2749,52,33,115,16,216
2750,165,32,101,16,314
2751,50,33,82,16,181
2752,99,33,84,16,232
2754,66,33,84,16,199
2755,100,16,101,16,233
2756,66,32,101,16,215
2757,66,16,101,16,199
2758,65,36,116,16,233
2759,68,17,116,16,217
2760,68,32,100,17,217
2761,84,33,67,17,201
2763,49,33,67,17,166
2767,83,34,82,17,216
2768,51,16,66,18,151
2770,51,17,82,17,167
2771,948,34,68,14,1064
2772,501,33,67,16,617
2774,66,33,67,16,182
2775,50,33,67,16,166
2776,50,17,67,16,150
2780,67,33,68,16,184
2782,67,34,167,16,284
2783,83,34,99,17,233
2784,67,34,99,17,217
2785,285,33,67,16,401
2786,167,34,67,15,283
2787,166,17,67,15,265
2788,167,32,135,16,350
2789,51,34,66,16,167
2790,99,34,67,15,215
2791,166,18,67,14,265
2792,66,34,67,15,182
2793,100,16,135,16,267
2794,66,32,135,16,249
2798,167,33,66,18,284
2799,84,34,66,17,201
2800,102,33,66,16,217
2802,67,33,66,16,182
2803,101,17,66,18,202
2804,100,33,67,17,217
2805,67,17,66,18,168
2806,99,33,51,16,199
2807,52,33,67,17,169
2808,66,33,51,16,166
2810,66,34,65,17,182
2811,165,17,84,15,281
2812,84,16,165,17,282
2813,68,16,165,17,266
2814,99,34,84,15,232
2815,65,16,133,17,231
2816,167,31,52,16,266
2817,65,17,84,15,181
2819,534,17,66,17,634
2821,67,18,83,16,184
2822,68,31,52,16,167
2823,301,16,50,17,384
2827,150,34,66,17,267
2828,102,33,100,17,252
2829,51,34,84,16,185
2830,68,33,100,17,218
2831,64,19,100,17,200
2832,67,34,66,17,184
2833,102,16,66,17,201
2834,84,16,66,17,183
2835,70,16,66,17,169
2836,51,16,66,17,150
2837,99,16,101,16,232
2838,99,34,83,17,233
2839,165,18,66,17,266
2841,49,34,83,17,183
2842,50,17,83,17,167
2844,67,34,66,17,184
2845,66,18,66,17,167
2849,167,17,65,18,267
2850,66,33,67,17,183
2851,100,16,83,16,215
2852,66,33,83,16,198
2855,166,16,84,16,282
2856,67,34,149,16,266
2857,99,16,55,15,185
2858,68,31,55,15,169
2859,66,16,55,15,152
2860,65,34,84,16,199
2861,103,15,99,16,233
2863,166,19,133,16,334
2865,52,32,100,16,200
2866,68,32,68,16,184
2867,63,16,68,16,163
2869,66,19,133,16,234
2870,100,34,66,16,216
2871,67,17,100,16,200
2872,68,34,66,16,184
2873,52,34,66,16,168
2874,67,32,84,16,199
2875,51,32,84,16,183
2876,66,34,66,16,182
2879,66,17,83,18,184
2880,67,33,50,18,168
2881,67,16,50,18,151
2882,66,33,84,16,199
2883,100,18,100,16,234
2885,66,18,100,16,200
2886,50,18,100,16,184
2887,101,16,51,17,185
2888,68,32,51,17,168
2889,67,16,51,17,151
2890,65,35,66,16,182
2891,50,35,66,16,167
2892,166,33,51,16,266
2893,300,17,65,18,400
2895,100,17,50,17,184
2896,66,33,50,17,166
2897,66,17,50,17,150
2899,66,16,51,16,149
2901,101,16,67,15,199
2903,99,17,68,16,200
2904,51,16,67,15,149
2905,100,17,65,18,200
2906,100,34,66,16,216
2907,66,17,65,18,166
2908,101,31,101,16,249
2909,66,19,66,16,167
2910,68,31,101,16,216
2911,51,31,101,16,199
2912,100,33,66,18,217
2913,101,17,66,18,202
2914,66,33,66,18,183
2916,51,17,66,18,152
2917,99,17,83,16,215
2918,299,34,66,18,417
2922,168,33,99,17,317
2924,67,32,52,17,168
2926,102,33,99,17,251
2927,167,17,66,18,268
2928,84,17,99,17,217
2930,52,17,99,17,185
2932,65,34,66,18,183
2934,66,33,200,16,315
2936,151,15,51,17,234
2937,101,15,68,16,200
2939,67,15,68,16,166
2942,83,18,82,18,201
2943,65,18,82,18,183
2945,150,33,67,16,266
2946,51,17,67,17,152
2947,51,33,99,17,200
2949,166,18,67,16,267
2951,50,33,67,16,166
2952,67,32,102,16,217
2954,100,32,67,16,215
2955,65,18,67,16,166
2957,83,35,115,18,251
2959,50,35,115,18,218
2960,165,35,65,17,282
2962,67,33,184,16,300
2963,51,33,184,16,284
2964,65,33,52,17,167
2967,67,18,65,17,167
2968,168,32,100,17,317
2972,65,35,99,16,215
2973,65,18,99,16,198
2975,50,32,100,17,199
2976,51,16,100,17,184
2977,101,16,151,15,283
2978,65,34,151,15,265
2979,150,34,65,18,267
2980,51,16,151,15,233
2981,100,17,84,15,216
2984,101,32,101,16,250
2987,51,32,101,16,200
2988,66,33,68,16,183
2989,101,17,116,16,250
2990,65,35,116,16,232
2993,83,33,66,17,199
2995,99,18,84,15,216
2996,100,32,101,16,249
2999,67,16,101,16,200
3000,50,16,101,16,183
3002,65,34,84,16,199
3003,83,34,66,17,200
3004,67,34,66,17,184
3005,50,34,66,17,167
3006,68,32,84,18,202
3008,66,34,100,18,218
3010,50,16,100,18,184
3011,50,33,67,18,168
3012,67,35,98,18,218
3014,68,32,201,16,317
3015,167,19,64,17,267
3016,67,34,69,15,185
3017,168,16,67,16,267
3018,66,32,52,16,166
3019,732,18,100,16,866
3021,100,16,67,16,199
3022,84,16,67,16,183
3023,67,16,67,16,166
3024,52,16,67,16,151
3027,66,17,65,17,165
3031,66,16,101,17,200
3032,65,33,68,17,183
3033,66,16,68,17,167
3034,151,17,99,17,284
3037,51,33,133,17,234
3039,167,16,200,16,399
3040,100,33,99,17,249
3042,67,33,99,17,216
3043,50,33,99,17,199
3044,299,34,100,16,449
3047,166,16,67,16,265
3051,100,16,67,16,199
3053,67,16,67,16,166
3054,100,34,51,16,201
3055,100,17,51,16,184
3056,150,16,67,16,249
3057,99,18,100,16,233
3060,68,33,67,16,184
3062,51,16,67,16,150
3063,167,16,69,17,269
3064,100,33,167,16,316
3065,99,17,167,16,299
3066,83,17,167,16,283
3067,66,17,167,16,266
3070,165,35,66,17,283
3071,67,17,116,17,217
3073,51,34,82,17,184
3074,100,35,66,17,218
3075,51,31,134,18,234
3077,67,17,66,17,167
3078,66,33,134,15,248
3080,51,17,134,15,217
3082,66,33,100,17,216
3083,101,17,98,17,233
3084,84,17,98,17,216
3085,516,33,101,15,665
3086,101,32,50,17,200
3089,50,32,50,17,149
3090,98,34,99,19,250
3091,100,17,99,19,235
3092,65,34,99,19,217
3093,67,17,99,19,202
3096,101,32,68,16,217
3097,100,16,68,16,200
3098,502,33,66,15,616
3099,166,17,100,17,300
3100,64,35,66,16,181
3103,168,15,100,18,301
3106,66,34,66,17,183
3108,67,32,100,18,217
3109,301,18,202,17,538
3110,100,33,101,15,249
3113,66,16,101,15,198
3116,66,34,69,15,184
3120,68,35,66,15,184
3121,100,18,202,17,337
3123,84,33,66,15,198
3124,50,18,202,17,287
3125,53,33,66,15,167
3126,165,49,88,17,319
3127,66,17,67,16,166
3129,166,21,67,17,271
3130,66,33,120,17,236
3131,51,33,120,17,221
3132,171,33,68,16,288
3134,1387,17,100,17,1521
3135,67,21,67,17,172
3136,70,34,50,17,171
3137,54,34,50,17,155
3138,88,34,99,18,239
3140,67,34,99,18,218
3141,84,34,65,18,201
3142,50,17,99,18,184
3143,51,34,65,18,168
3144,68,32,51,17,168
3145,67,16,51,17,151
3146,66,33,84,18,201
3147,67,16,84,18,185
3148,65,35,67,16,183
3149,67,17,67,16,167
3150,51,17,67,16,151
3151,66,18,98,18,200
3155,52,32,67,17,168
3156,66,32,100,17,215
3159,66,17,99,17,199
3160,299,34,66,17,416
3162,52,16,66,17,151
3164,99,35,66,16,216
3165,99,18,66,16,199
3166,66,35,66,16,183
3167,66,18,66,16,166
3168,69,32,66,17,184
3169,52,32,66,17,167
3170,51,16,66,17,150
3171,100,16,68,16,200
3172,66,32,68,16,182
3175,102,16,66,16,200
3177,68,16,66,16,166
3178,68,32,68,16,184
3179,51,32,68,16,167
3180,66,34,100,16,216
3181,98,18,82,17,215
3186,168,31,101,16,316
3187,152,31,101,16,300
3191,85,31,101,16,233
3193,100,17,134,16,267
3195,100,16,66,17,199
3197,68,16,66,17,167
3200,67,33,100,17,217
3202,100,33,117,17,267
3204,100,33,66,18,217
3205,301,17,67,17,402
3206,67,33,66,18,184
3207,83,34,50,17,184
3208,66,34,50,17,167
3211,67,16,183,19,285
3212,66,35,100,17,218
3213,67,17,100,17,201
3215,101,17,81,19,218
3217,67,17,81,19,184
3219,101,17,66,15,199
3220,51,17,67,17,152
3221,67,17,66,15,165
3222,67,33,66,17,183
3223,84,33,66,17,200
3224,67,33,66,17,183
3225,50,33,66,17,166
3226,165,35,98,18,316
3227,168,18,98,18,302
3228,66,33,68,15,182
3229,66,16,68,15,165
3230,66,33,184,17,300
3232,101,32,101,16,250
3234,68,32,101,16,217
3235,51,32,101,16,200
3236,67,34,67,16,184
3237,167,17,50,17,251
3238,66,32,51,17,166
3239,183,35,65,17,300
3240,66,35,65,18,184
3241,67,17,65,18,167
3244,51,17,50,17,135
3247,67,17,65,17,166
3248,50,17,65,17,149
3252,65,34,66,18,183
3253,66,17,66,18,167
3254,67,34,67,17,185
3256,52,16,67,17,152
3257,51,32,117,17,217
3258,101,17,65,17,200
3259,83,17,65,17,182
3260,67,17,65,17,166
3261,51,17,65,17,150
3263,67,16,65,19,167
3265,65,17,84,17,183
3267,150,33,66,18,267
3268,65,35,67,16,183
3269,317,33,67,16,433
3270,67,34,65,19,185
3272,52,17,65,19,153
3273,99,16,85,16,216
3277,101,49,66,17,233
3278,166,33,67,16,282
3279,68,49,66,17,200
3280,52,49,66,17,184
3281,115,33,67,16,231
3282,51,16,66,17,150
3283,82,33,67,16,198
3285,300,16,51,15,382
3286,66,34,66,18,184
3287,100,16,51,16,183
3288,100,33,86,32,251
3289,67,16,51,16,150
3296,86,48,51,15,200
3297,68,48,51,15,182
3298,817,16,133,18,984
3299,182,34,66,19,301
3300,51,16,51,15,133
3301,80,34,67,17,198
3302,65,34,67,17,183
3303,815,34,133,17,999
3304,51,15,67,17,150
3305,100,16,66,19,201
3306,67,34,66,19,186
3307,66,16,66,19,167
3308,67,33,101,16,217
3309,66,16,101,16,199
3310,67,33,68,16,184
3312,85,16,65,17,183
3313,149,35,67,16,267
3314,52,16,65,17,150
3315,168,16,67,17,268
3316,301,33,100,17,451
3317,148,35,146,20,349
3318,65,35,67,16,183
3319,50,35,67,16,168
3321,83,35,146,20,284
3322,302,32,66,18,418
3323,50,35,146,20,251
3324,67,32,67,17,183
3325,150,33,100,17,300
3326,67,34,80,20,201
3327,67,17,80,20,184
3328,66,33,133,17,249
3329,66,17,133,17,233
3330,100,34,99,17,250
3331,50,33,100,17,200
3332,66,34,99,17,216
3334,67,34,65,17,183
3337,54,32,66,18,170
3339,100,16,68,15,199
3341,100,16,133,18,267
3343,67,16,133,18,234
3344,51,16,133,18,218
3345,50,34,99,18,201
3346,68,32,67,18,185
3347,65,17,67,18,167
3351,51,33,69,31,184
3354,51,17,65,17,150
3356,69,31,85,17,202
3357,315,34,166,18,533
3358,99,33,100,18,250
3359,152,31,100,17,300
3360,65,33,100,18,216
3361,66,16,100,18,200
3362,67,35,65,18,185
3364,84,15,100,17,216
3366,51,15,100,17,183
3367,66,16,66,17,165
3369,115,34,166,18,333
3370,52,15,85,16,168
3372,66,34,166,18,284
3373,65,17,166,18,266
3375,51,34,66,18,169
3376,52,16,66,18,152
3378,67,33,66,18,184
3379,65,17,66,18,166
3380,66,34,66,17,183
3382,51,16,66,17,150
3384,66,34,151,16,267
3389,66,17,66,18,167
3390,151,16,66,17,250
3391,116,34,66,17,233
3392,300,34,66,17,417
3393,101,16,66,17,200
3395,68,16,66,17,167
3396,51,16,66,17,150
3397,50,33,50,17,150
3398,100,34,100,16,250
3399,99,17,100,16,232
3401,66,17,100,16,199
3403,51,35,131,17,234
3404,69,31,100,17,217
3406,100,33,67,16,216
3407,100,17,67,16,200
3410,67,33,67,16,183
3411,66,17,67,16,166
3412,66,34,67,15,182
3414,67,33,67,15,182
3415,51,33,67,15,166
3416,67,34,66,16,183
3418,67,33,66,17,183
3420,67,33,67,17,184
3421,168,16,232,19,435
3423,51,33,135,33,252
3424,167,34,83,16,300
3425,51,34,67,16,168
3426,67,33,232,19,351
3427,100,18,99,18,235
3428,51,16,232,19,318
3432,68,33,115,16,232
3433,85,32,83,16,216
3434,518,48,67,17,650
3435,101,16,100,16,233
3437,68,16,100,16,200
3439,67,16,100,16,199
3440,67,32,117,18,234
3441,65,16,117,18,216
3442,166,34,67,16,283
3445,51,33,67,16,167
3447,98,18,67,16,199
3448,100,33,152,32,317
3450,100,34,65,17,216
3451,51,33,152,32,268
3453,67,18,65,17,167
3454,67,33,68,17,185
3456,50,17,68,17,152
3457,51,32,53,32,168
3458,101,17,65,16,199
3459,66,19,65,17,167
3461,51,17,65,16,149
3462,101,33,84,17,235
3463,68,16,67,17,168
3464,165,34,66,17,282
3465,65,16,84,17,182
3466,67,34,67,17,185
3467,83,33,51,17,184
3468,67,33,51,17,168
3469,100,17,66,17,200
3470,67,34,66,17,184
3471,85,34,116,17,252
3472,67,34,116,17,234
3473,50,34,116,17,217
3474,51,17,116,17,201
3475,51,32,84,17,184
3476,66,34,133,16,249
3478,98,35,82,17,232
3480,66,35,82,17,200
3481,67,17,82,17,183
3482,67,32,101,16,216
3483,52,32,101,16,201
3486,66,33,67,17,183
3487,66,17,67,17,167
3488,101,33,200,16,350
3492,50,17,200,16,283
3493,68,15,101,18,202
3494,65,35,66,18,184
3495,66,18,66,18,168
3496,84,16,166,16,282
3497,167,16,101,15,299
3499,51,33,100,17,201
3500,84,16,134,15,249
3501,67,16,134,15,232
3502,100,33,68,15,216
3504,67,33,68,15,183
3505,65,17,68,15,165
3507,66,16,50,17,149
3508,101,32,67,19,219
3509,66,19,99,19,203
3510,68,32,67,19,186
3511,66,17,67,19,169
3512,101,33,83,18,235
3513,51,34,52,31,168
3517,69,48,117,16,250
3518,52,48,117,16,233
3522,168,34,66,16,284
3523,150,34,66,16,266
3525,66,17,101,16,200
3526,166,33,66,17,282
3527,85,34,66,16,201
3530,68,33,150,15,266
3531,66,17,150,15,248
3533,66,17,66,17,166
3537,67,16,51,15,149
3538,66,33,100,17,216
3539,50,33,100,17,200
3540,51,16,100,17,184
3541,67,15,67,17,166
3542,51,15,67,17,150
3543,84,32,67,17,200
3546,67,35,65,16,183
3547,66,18,65,16,165
3548,67,32,68,17,184
3549,66,16,68,17,167
3551,99,19,66,16,200
3553,65,19,66,16,166
3554,68,32,66,18,184
3555,51,32,66,18,167
3556,52,15,66,18,151
3559,65,16,67,17,165
3561,66,16,67,16,165
3562,66,33,67,17,183
3563,66,17,67,17,167
3564,101,33,101,15,250
3565,66,17,67,16,166
3566,67,33,101,15,216
3569,67,17,101,32,217
3571,51,33,68,32,184
3572,101,34,85,30,250
3573,66,18,99,20,203
3574,67,34,85,30,216
3575,66,19,85,30,200
3576,68,32,53,30,183
3577,84,33,66,17,200
3578,66,33,66,17,182
3582,53,46,69,15,183
3583,151,32,101,16,300
3584,66,34,67,16,183
3587,50,35,64,18,167
3588,101,32,100,18,251
3590,67,32,100,18,217
3591,66,16,100,18,200
3592,298,34,134,16,482
3593,49,35,65,18,167
3595,51,34,66,16,167
3596,69,31,51,16,167
3597,67,15,51,16,149
3598,65,35,66,16,182
3599,50,35,66,16,167
3602,51,16,84,17,168
3603,68,15,67,16,166
3604,66,33,134,16,249
3605,100,17,134,16,267
3606,300,35,67,16,418
3608,67,32,68,16,183
3609,51,32,68,16,167
3610,66,35,83,16,200
3611,67,17,83,16,183
3612,67,33,66,16,182
3614,302,32,52,17,403
3615,66,18,100,16,200
3616,67,32,68,16,183
3617,151,32,152,17,352
3618,99,35,67,16,217
3622,84,16,152,17,269
3623,52,32,152,17,253
3624,51,16,152,17,236
3626,100,32,52,17,201
3627,51,33,67,17,168
3629,101,17,100,16,234
3630,65,35,100,16,216
3631,67,17,100,16,200
3633,51,34,164,18,267
3635,51,32,132,18,233
3636,66,34,65,17,182
3637,165,16,67,16,264
3638,164,35,99,20,318
3639,166,17,99,20,302
3641,50,33,100,16,199
3642,65,33,67,16,181
3643,100,17,99,20,236
3644,66,35,99,20,220
3645,167,16,54,17,254
3646,84,16,87,17,204
3647,170,34,66,18,288
3648,51,16,87,17,171
3650,67,32,54,17,170
3651,67,16,54,17,154
3652,87,34,66,18,205
3653,171,34,83,18,306
3654,52,34,66,18,170
3658,68,15,52,17,152
3661,85,17,133,16,251
3664,51,32,117,17,217
3669,85,16,83,17,201
3672,51,33,50,17,151
3673,51,17,50,17,135
3674,65,16,101,16,198
3675,83,17,66,16,182
3676,67,17,66,16,166
3678,100,17,67,16,200
3682,101,17,100,16,234
3684,84,34,98,17,233
3685,67,34,98,17,216
3686,51,34,98,17,200
3688,67,16,66,17,166
3689,167,32,52,17,268
3691,66,32,51,16,165
3692,66,16,51,16,149
3693,66,35,65,19,185
3694,66,18,65,19,168
3697,284,18,65,18,385
3698,102,17,166,15,300
3699,166,33,118,15,332
3700,85,31,50,17,183
3702,52,31,50,17,150
3703,101,33,118,15,267
3705,65,33,118,15,231
3708,99,18,65,18,200
3709,67,34,65,18,184
3710,67,18,65,18,168
3711,50,18,65,18,151
3712,184,35,99,15,333
3713,65,34,67,16,182
3714,68,15,67,16,166
3715,50,15,67,16,148
3716,68,15,134,18,235
3717,52,15,134,18,219
3718,82,35,99,15,231
3719,102,33,100,15,250
3720,65,19,99,15,198
3722,65,18,100,15,198
3723,100,34,99,16,249
3724,102,16,99,16,233
3725,99,34,65,16,214
3726,68,16,99,16,199
3727,66,34,65,16,181
3728,100,17,84,16,217
3729,100,33,67,16,216
3731,99,35,98,19,251
3735,68,32,66,19,185
3736,84,33,52,16,185
3737,152,16,65,18,251
3739,169,29,118,15,331
3740,82,35,65,18,200
3741,166,35,83,15,299
3742,69,16,65,18,168
3744,51,36,64,16,167
3745,100,35,83,15,233
3746,52,29,118,15,214
3750,103,17,100,16,236
3751,51,17,65,17,150
3752,66,17,100,16,199
3753,66,32,101,16,215
3754,67,15,101,16,199
3755,101,32,167,17,317
3756,66,19,150,15,250
3757,68,32,167,17,284
3758,99,17,68,17,201
3760,67,17,68,17,169
3761,65,33,101,17,216
3762,66,17,101,17,201
3763,66,35,99,16,216
3766,52,32,67,16,167
3768,50,34,83,16,183
3769,99,34,83,19,235
3770,98,18,83,19,218
3771,67,34,83,19,203
3772,167,19,63,19,268
3774,152,30,52,16,250
3775,66,35,65,17,183
3777,67,35,63,19,184
3780,151,34,98,18,301
3781,516,16,50,20,602
3782,66,16,69,16,167
3783,63,35,67,16,181
3784,87,34,98,18,237
3785,52,16,67,16,151
3786,85,33,116,16,250
3788,99,16,84,16,215
3789,300,33,82,17,432
3791,65,33,67,17,182
3792,100,17,133,16,266
3793,65,35,133,16,249
3794,67,17,133,16,233
3795,68,32,68,17,185
3796,68,16,68,17,169
3797,67,34,133,17,251
3798,66,17,133,17,233
3800,67,17,99,17,200
3801,68,33,115,17,233
3802,51,33,115,17,216
3803,67,33,82,17,199
3804,50,33,82,17,182
3806,82,33,50,20,185
3807,149,20,129,18,316
3808,67,16,50,20,153
3809,66,33,67,18,184
3810,100,20,129,18,267
3811,83,20,129,18,250
3812,66,20,129,18,233
3814,167,16,69,15,267
3816,101,16,66,18,201
3817,65,32,66,18,181
3818,100,16,69,15,200
3819,51,16,66,18,151
3822,82,35,82,18,217
3827,66,35,99,16,216
3829,66,34,65,16,181
3830,67,18,65,16,166
3831,167,34,166,19,386
3832,50,33,65,18,166
3833,51,16,65,18,150
3834,51,32,51,16,150
3835,65,33,52,16,166
3836,64,17,52,16,149
3837,65,34,166,19,284
3838,101,16,132,19,268
3839,51,16,166,19,252
3841,101,33,66,19,219
3842,99,17,66,19,201
3843,67,33,66,19,185
3844,100,15,52,15,182
3845,84,15,52,15,166
3846,99,16,67,17,199
3847,99,34,83,18,234
3850,99,16,68,15,198
3851,52,15,83,18,168
3852,151,32,67,18,268
3853,167,33,117,18,335
3854,98,18,99,18,233
3855,67,34,99,18,218
3857,68,32,67,18,185
3860,101,16,101,16,234
3861,65,34,101,16,216
3864,51,34,67,16,168
3865,168,34,117,17,336
3866,66,17,67,16,166
3867,67,34,83,16,200
3868,65,18,83,16,182
3870,51,33,115,19,218
3871,67,34,117,17,235
3873,67,32,85,17,201
3874,67,16,85,17,185
3876,152,31,84,16,283
3878,166,17,66,17,266
3879,68,34,65,16,183
3880,52,34,65,16,167
3881,100,34,66,17,217
3882,53,31,84,16,184
3883,99,33,66,18,216
3885,164,35,82,17,298
3886,52,33,66,18,169
3888,67,16,68,17,168
3890,101,17,82,17,217
3892,67,17,82,17,183
3893,68,33,66,17,184
3894,51,33,66,17,167
3896,67,16,66,17,166
3897,66,33,67,16,182
3899,66,33,50,17,166
3900,99,17,83,17,216
3901,66,34,83,17,200
3903,67,33,116,18,234
3905,50,17,116,18,201
3907,68,32,67,17,184
3909,50,17,67,17,151
3910,99,18,66,16,199
3911,65,34,66,16,181
3912,101,17,67,16,201
3914,300,17,102,16,435
3915,51,17,67,16,151
3917,66,35,65,18,184
3918,100,15,52,16,183
3919,67,31,52,16,166
3920,67,15,52,16,150
3922,68,16,67,16,167
3923,165,34,68,16,283
3925,52,16,84,16,168
3926,67,16,67,16,166
3927,67,33,102,16,218
3928,65,17,102,16,200
3929,66,34,68,16,184
3930,67,16,68,16,167
3931,83,16,68,15,182
3932,51,32,68,15,166
3933,50,16,68,15,149
3935,68,32,66,17,183
3937,52,16,66,17,151
3939,66,32,166,16,280
3942,51,34,66,16,167
3943,66,34,83,15,198
3944,83,32,116,17,248
3945,85,15,116,17,233
3946,51,32,116,17,216
3947,101,31,67,17,216
3950,81,34,66,17,198
3951,100,33,100,17,250
3952,100,17,100,17,234
3953,65,33,100,17,215
3955,167,34,101,16,318
3956,51,33,67,17,168
3957,167,32,133,19,351
3958,85,32,101,15,233
3959,151,15,133,19,318
3960,51,32,101,15,199
3961,67,34,101,16,218
3962,67,17,101,16,201
3964,100,16,133,17,266
3966,68,16,133,17,234
3967,165,35,134,16,350
3970,83,31,102,16,232
3973,550,16,116,18,700
3974,150,32,51,16,249
3975,83,16,66,19,184
3976,118,32,51,16,217
3978,815,35,65,17,932
3980,50,32,51,16,149
3981,66,35,132,17,250
3983,51,16,132,17,216
3984,67,16,68,16,167
3986,64,19,65,17,165
3987,67,33,82,16,198
3988,166,16,52,16,250
3990,52,32,118,16,218
3991,98,33,52,16,199
3992,51,33,85,16,185
3993,98,34,135,16,283
3994,967,17,67,14,1065
3995,66,34,135,16,251
3996,101,16,101,16,234
3997,67,34,101,16,218
3999,52,16,101,16,185
4000,67,16,68,16,167
4002,67,16,116,18,217
4005,168,32,117,16,333
4006,83,34,116,16,249
4007,50,17,67,15,149
4008,51,34,116,16,217
4010,66,18,83,16,183
4011,67,32,117,16,232
4012,51,32,117,16,216
4014,167,16,68,16,267
4016,84,34,132,16,266
4019,66,32,68,16,182
4020,66,16,68,16,166
4021,99,35,65,17,216
4022,99,19,65,17,200
4023,65,35,65,17,182
4024,65,19,65,17,166
4026,67,16,50,18,151
4027,100,35,118,16,269
4028,84,35,118,16,253
4029,82,18,118,16,234
4030,49,35,118,16,218
4031,50,18,118,16,202
4032,52,33,85,16,186
4033,101,32,134,18,285
4034,51,33,52,16,152
4035,66,32,134,18,250
4036,103,16,66,16,201
4037,65,36,66,16,183
4042,65,17,201,16,299
4043,49,17,201,16,283
4045,100,33,67,14,214
4046,67,17,100,14,198
4047,83,17,67,14,181
4048,51,33,67,14,165
4049,51,17,67,14,149
4051,65,35,115,17,232
4052,68,16,115,17,216
4053,67,34,98,17,216
4055,69,33,65,17,184
4057,67,32,67,17,183
4058,53,32,67,17,169
4060,65,17,166,18,266
4061,99,33,67,16,215
4062,101,16,67,16,200
4063,84,16,67,16,183
4064,68,16,67,16,167
4065,51,16,67,16,150
4066,85,32,66,18,201
4067,166,34,66,17,283
4068,51,32,66,18,167
4069,67,32,52,16,167
4070,51,32,52,16,151
4071,64,34,100,17,215
4072,66,16,100,17,199
4073,84,16,66,17,183
4074,68,16,66,17,167
4075,101,33,85,15,234
4076,100,16,85,15,216
4077,67,33,85,15,200
4081,66,34,101,16,217
4082,83,33,100,16,232
4083,85,15,100,16,216
4084,100,16,67,16,199
4085,52,15,100,16,183
4087,50,16,67,16,149
4089,68,32,101,16,217
4090,67,16,101,16,200
4093,65,34,67,15,181
4094,66,17,67,15,165
4095,67,34,66,18,185
4096,69,16,66,18,169
4098,51,33,67,17,168
4100,165,16,68,16,265
4101,165,34,118,16,333
4103,100,32,68,16,216
4104,167,18,67,17,269
4105,99,34,118,16,267
4106,98,17,118,16,249
4107,65,34,118,16,233
4108,148,35,67,16,266
4109,66,34,67,17,184
4110,66,18,67,17,168
4111,100,35,67,16,218
4112,83,35,67,16,201
4114,50,35,67,16,168
4115,166,33,68,17,284
4116,68,16,66,17,167
4117,52,16,66,17,151
4119,67,32,68,17,184
4120,150,33,103,13,299
4121,66,33,68,17,184
4122,67,16,68,17,168
4123,166,34,65,19,284
4124,66,18,66,16,166
4127,101,34,65,19,219
4128,154,29,85,17,285
4129,100,36,62,17,215
4130,119,29,85,17,250
4131,67,36,62,17,182
4133,70,29,85,17,201
4135,65,33,52,17,167
4137,62,33,101,19,215
4138,66,16,101,19,202
4139,50,16,101,19,186
4140,66,17,65,19,167
4142,52,33,101,17,203
4144,151,33,64,17,265
4146,99,18,97,17,231
4147,83,18,97,17,215
4148,67,18,97,17,199
4149,51,18,97,17,183
4150,50,33,64,17,164
4152,66,17,133,17,233
4153,65,32,101,17,215
4154,148,33,168,17,366
4155,64,36,97,19,216
4158,53,32,65,19,169
4161,65,32,120,16,233
4162,162,18,134,17,331
4164,67,17,84,16,184
4165,51,17,84,16,168
4166,51,32,85,16,184
4168,63,18,134,17,232
4169,64,36,98,17,215
4170,68,16,98,17,199
4173,53,16,65,17,151
4175,98,33,119,15,265
4177,65,33,119,15,232
4178,116,35,65,16,232
4179,99,35,65,16,215
4180,84,35,65,16,200
4181,67,35,65,16,183
4182,100,18,65,18,201
4183,69,33,65,18,185
4186,68,15,51,17,151
4187,283,16,83,17,399
4188,66,17,167,18,268
4189,83,17,66,16,182
4190,66,17,66,16,165
4191,51,17,66,16,150
4193,51,16,50,17,134
4195,66,33,67,16,182
4196,100,16,100,17,233
4197,50,17,67,16,150
4198,66,16,100,17,199
4199,66,34,83,17,200
4201,51,16,83,17,167
4202,50,33,133,18,234
4203,166,34,100,19,319
4204,66,16,152,14,248
4206,67,17,66,18,168
4207,50,17,66,18,151
4208,50,32,86,14,182
4209,66,34,100,19,219
4212,99,14,100,19,232
4213,52,17,84,14,167
4214,68,14,100,19,201
4216,65,17,66,19,167
4217,298,34,166,18,516
4218,299,16,166,18,499
4220,102,16,132,18,268
4223,68,32,51,17,168
4225,52,15,51,17,135
4226,65,18,65,18,166
4227,83,17,132,19,251
4228,83,32,67,16,198
4229,100,34,166,18,318
4231,65,34,166,18,283
4232,168,16,65,18,267
4233,66,33,52,16,167
4234,50,33,52,16,151
4235,167,33,101,16,317
4236,65,17,118,16,216
4237,166,34,67,16,283
4238,84,32,84,16,216
4239,52,16,65,18,151
4242,165,17,133,16,331
4244,67,16,67,16,166
4245,84,16,135,14,249
4247,51,16,135,14,216
4248,66,17,133,16,232
4249,101,32,102,16,251
4250,66,18,67,14,165
4251,68,32,102,16,218
4253,101,32,150,16,299
4255,300,32,100,18,450
4257,102,32,65,18,217
4259,67,32,65,18,182
4260,53,32,65,18,168
4263,64,33,69,16,182
4264,65,16,69,16,166
4265,65,34,101,16,216
4266,66,16,101,16,199
4268,101,16,100,18,235
4269,69,32,100,18,219
4270,117,33,67,16,233
4271,167,34,66,18,285
4273,66,33,67,16,182
4276,102,16,66,18,202
4277,66,34,66,18,184
4279,67,31,53,15,166
4282,65,17,67,17,166
4283,84,15,51,17,167
4285,53,15,51,17,136
4286,84,34,67,16,201
4287,67,34,67,16,184
4288,66,17,67,16,166
4290,101,16,66,15,198
4291,66,35,66,15,182
4292,84,33,65,18,200
4293,67,33,65,18,183
4296,49,33,102,14,198
4297,66,32,70,14,182
4298,100,17,132,18,267
4300,67,17,132,18,234
4301,50,17,132,18,217
4302,168,16,100,18,302
4305,65,34,133,18,250
4309,67,33,168,16,284
4310,67,15,168,16,266
4312,49,34,51,16,150
4314,66,16,67,18,167
4315,300,35,99,18,452
4317,100,34,66,17,217
4319,67,34,66,17,184
4320,67,16,66,17,166
4321,51,16,66,17,150
4322,166,16,51,18,251
4324,66,16,66,17,165
4326,67,17,67,16,167
4328,66,16,51,18,151
4330,66,18,99,18,201
4331,83,18,65,18,184
4332,85,32,101,16,234
4334,101,16,68,16,201
4336,101,15,51,16,183
4337,83,15,51,16,165
4338,67,15,51,16,149
4340,67,17,83,16,183
4341,151,16,100,17,284
4343,100,34,100,17,251
4344,100,16,100,17,233
4346,166,17,101,17,301
4349,68,33,50,17,168
4350,83,33,101,17,234
4351,67,33,101,17,218
4352,67,17,101,17,202
4353,66,34,84,15,199
4354,50,34,84,15,183
4355,50,17,84,15,166
4356,100,18,99,16,233
4359,84,15,117,16,232
4360,734,16,84,17,851
4361,52,15,117,16,200
4363,99,33,67,18,217
4364,82,33,67,18,200
4365,67,33,67,18,185
4367,66,33,150,17,266
4368,82,34,116,17,249
4369,50,16,150,17,233
4371,67,33,83,17,200
4376,65,17,51,15,148
4377,67,33,87,13,200
4378,83,33,101,15,232
4379,67,33,101,15,216
4381,51,15,101,15,182
4385,54,13,117,17,201
4386,51,34,83,17,185
4387,100,34,66,17,217
4388,62,18,50,17,147
4389,67,34,66,17,184
4390,67,17,66,17,167
4392,68,17,67,16,168
4393,50,17,67,16,150
4394,100,17,66,17,200
4395,66,34,66,17,183
4396,67,17,66,17,167
4397,67,33,134,17,251
4398,66,17,134,17,234
4399,50,17,134,17,218
4402,67,17,67,17,168
4404,100,17,99,16,232
4406,84,33,66,16,199
4408,51,33,66,16,166
4409,67,32,85,15,199
4410,50,32,85,15,182
4411,65,34,66,17,182
4412,66,16,66,17,165
4414,66,17,50,16,149
4419,50,16,69,16,151
4421,284,16,168,16,484
4422,85,33,66,17,201
4423,168,33,66,17,284
4424,84,33,66,17,200
4425,50,17,66,17,150
4427,99,33,66,17,215
4428,100,16,66,17,199
4429,66,33,66,17,182
4431,66,33,84,17,200
4432,51,33,84,17,185
4433,66,33,168,16,283
4434,66,16,168,16,266
4436,49,33,51,17,150
4437,66,35,65,17,183
4438,67,17,65,17,166
4440,51,33,67,16,167
4441,100,35,65,18,218
4442,82,35,65,18,200
4444,66,18,65,18,167
4445,67,32,51,17,167
4446,67,16,51,17,151
4447,151,17,66,17,251
4449,65,35,84,15,199
4450,67,17,84,15,183
4451,51,17,84,15,167
4452,51,33,66,17,167
4454,66,16,51,17,150
4455,65,34,67,17,183
4456,167,18,65,16,266
4457,150,18,65,16,249
4459,51,17,100,16,184
4460,99,18,65,16,198
4461,84,18,65,16,183
4462,67,18,65,16,166
4464,53,32,67,17,169
4466,66,17,68,16,167
4468,100,17,65,17,199
4470,68,17,65,17,167
4471,51,17,65,17,150
4472,117,34,66,16,233
4473,67,32,100,16,215
4474,150,32,68,16,266
4476,49,34,66,16,165
4477,66,34,66,17,183
4478,84,32,68,16,200
4480,151,33,82,18,284
4482,67,18,67,17,169
4483,66,34,63,19,182
4484,85,33,82,18,218
4486,52,33,82,18,185
4489,50,13,52,18,133
4490,66,19,65,17,167
4491,68,32,66,16,182
4493,103,33,66,18,220
4494,167,16,51,16,250
4495,65,33,66,18,182
4496,68,16,66,18,168
4497,66,33,134,16,249
4499,66,33,51,16,166
4500,66,16,51,16,149
4501,66,34,166,18,284
4502,84,33,101,16,234
4503,150,16,67,18,251
4504,100,17,99,18,234
4506,66,17,99,18,200
4507,83,16,67,18,184
4508,66,16,67,18,167
4510,100,16,100,18,234
4511,99,35,65,18,217
4512,167,16,101,16,300
4514,68,17,65,18,168
4515,67,32,68,16,183
4516,100,16,101,16,233
4517,67,33,101,16,217
4518,66,16,101,16,199
4519,83,17,66,16,182
4521,51,17,66,16,150
4523,101,33,66,19,219
4526,66,17,66,19,168
4528,68,16,100,17,201
4530,51,32,68,17,168
4532,67,16,65,18,166
4533,100,32,51,16,199
4534,67,17,67,16,167
4536,66,15,51,16,148
4538,67,17,65,17,166
4539,67,32,100,17,216
4540,115,33,134,18,300
4541,51,16,100,17,184
4542,82,33,134,18,267
4543,65,33,134,18,250
4544,166,17,51,16,250
4545,66,34,67,17,184
4547,84,17,66,18,185
4548,50,34,66,18,168
4549,101,33,66,18,218
4550,65,17,51,16,149
4552,167,19,65,17,268
4555,51,16,69,12,148
4556,50,32,67,16,165
4557,66,37,65,17,185
4559,69,30,52,14,165
4560,64,18,52,14,148
4561,67,35,83,17,202
4565,52,14,52,17,135
4566,167,17,100,17,301
4569,101,33,100,17,251
4572,65,17,100,17,199
4573,99,34,82,18,233
4574,67,16,66,17,166
4576,68,17,82,18,185
4577,68,32,68,17,185
4579,66,35,50,16,167
4580,66,18,50,16,150
4581,67,33,100,16,216
4582,66,18,100,16,200
4583,85,16,67,16,184
4584,84,33,66,17,200
4585,50,16,67,16,149
4586,51,33,66,17,167
4587,165,34,66,18,283
4589,67,32,86,15,200
4590,66,16,86,15,183
4591,99,34,66,18,217
4592,50,33,53,15,151
4593,65,34,66,18,183
4594,102,15,67,16,200
4597,484,17,100,16,617
4600,98,17,67,17,199
4601,167,33,101,16,317
4602,66,17,67,17,167
4603,51,17,67,17,152
4606,101,16,101,16,234
4607,67,33,101,16,217
4608,68,16,101,16,201
4609,284,17,100,16,417
4611,150,15,68,16,249
4612,66,16,51,15,148
4613,101,31,68,16,216
4615,67,31,68,16,182
4617,51,15,68,16,150
4618,100,18,99,17,234
4619,64,35,99,17,215
4621,285,16,67,17,385
4622,100,16,67,16,199
4624,68,16,67,16,167
4627,51,15,68,16,150
4628,66,17,50,18,151
4629,67,34,50,16,167
4633,50,18,99,17,184
4634,52,32,67,17,168
4636,50,33,99,18,200
4637,164,34,68,16,282
4638,65,18,99,17,199
4639,67,33,66,17,183
4640,67,16,66,17,166
4641,51,16,66,17,150
4645,99,35,66,17,217
4646,66,16,68,16,166
4647,67,35,66,17,185
4649,68,33,99,19,219
4650,84,33,85,14,216
4652,101,16,52,14,183
4653,66,33,52,14,165
4655,99,33,118,15,265
4657,66,33,118,15,232
4658,115,34,51,15,215
4660,83,34,51,15,183
4661,66,34,51,15,166
4663,67,35,66,18,186
4664,67,17,66,18,168
4665,52,17,66,18,153
4667,51,15,53,16,135
4669,84,16,133,16,249
4670,68,16,133,16,233
4676,51,33,67,16,167
4677,50,16,67,16,149
4678,162,27,67,16,272
4679,453,19,66,16,554
4682,66,29,126,17,238
4683,78,27,67,16,188
4684,288,33,83,18,422
4685,188,16,51,16,271
4686,56,33,66,17,172
4687,60,34,99,17,210
4688,67,17,99,17,200
4689,67,32,67,17,183
4691,66,33,51,16,166
4694,83,33,66,16,198
4695,166,35,66,16,283
4697,51,16,66,16,149
4700,98,19,66,16,199
4701,167,32,100,18,317
4702,166,16,100,18,300
4705,68,33,50,16,167
4707,98,34,84,17,233
4708,101,16,84,17,218
4709,65,34,84,17,200
4710,66,16,84,17,183
4711,50,16,84,17,167
4712,100,16,100,18,234
4713,100,35,65,18,218
4715,66,35,65,18,184
4716,67,17,65,18,167
4717,51,17,65,18,151
4720,100,16,68,15,199
4721,151,16,99,16,282
4722,67,16,68,15,166
4723,50,16,68,15,149
4725,86,16,99,16,217
4727,52,16,99,16,183
4728,51,32,67,16,166
4729,102,32,66,17,217
4730,83,32,66,17,198
4731,67,32,66,17,182
4732,100,17,66,17,200
4733,67,33,66,17,183
4734,101,16,135,13,265
4736,66,16,135,13,230
4738,100,18,67,13,198
4739,101,33,100,17,251
4741,68,33,100,17,218
4742,51,33,100,17,201
4745,67,32,101,16,216
4746,52,32,101,16,201
4747,100,33,134,15,282
4748,84,33,134,15,266
4749,83,16,134,15,248
4750,169,16,69,16,270
4751,51,16,134,15,216
4752,83,33,67,15,198
4753,67,33,67,15,182
4755,50,17,67,15,149
4756,100,18,66,16,200
4757,299,34,67,16,416
4758,66,18,66,16,166
4759,101,32,67,16,216
4762,300,18,67,17,402
4763,166,33,101,16,316
4765,66,33,66,17,182
4766,99,17,67,16,199
4767,167,33,83,18,301
4768,67,17,67,16,167
4769,66,33,101,16,216
4770,83,34,67,16,200
4772,100,17,83,18,218
4773,166,35,67,16,284
4774,66,17,83,18,184
4775,101,32,52,16,201
4777,67,32,52,16,167
4778,51,32,52,16,151
4779,66,35,67,16,184
4781,67,33,100,17,217
4782,51,33,100,17,201
4783,52,16,100,17,185
4785,100,33,67,15,215
4787,67,33,67,15,182
4788,102,16,67,16,201
4792,85,33,84,14,216
4793,67,33,84,14,198
4795,67,32,118,15,232
4797,100,31,67,17,215
4798,66,19,83,15,183
4799,67,31,67,17,182
4800,51,31,67,17,166
4801,52,14,67,17,150
4802,50,33,102,16,201
4803,64,34,68,16,182
4806,50,34,118,16,218
4808,83,33,67,17,200
4809,68,33,67,17,185
4810,67,17,67,17,168
4811,67,35,116,15,233
4812,168,16,67,17,268
4813,68,32,66,18,184
4814,84,32,52,15,183
4819,84,15,51,17,167
4820,67,15,51,17,150
4821,52,15,51,17,135
4822,65,18,167,16,266
4825,151,17,49,18,235
4826,52,33,100,16,201
4827,67,34,82,18,201
4828,84,33,49,18,184
4831,50,17,49,18,134
4832,66,17,99,16,198
4833,66,34,133,16,249
4834,66,18,133,16,233
4835,166,34,66,17,283
4836,99,17,101,16,233
4837,66,33,101,16,216
4839,65,34,100,17,216
4840,66,18,100,17,201
4842,51,34,66,17,168
4843,68,33,67,16,184
4844,52,33,67,16,168
4845,67,33,67,17,184
4846,700,17,100,16,833
4847,66,34,82,18,200
4849,67,33,67,15,182
4851,67,33,99,19,218
4854,66,18,84,16,184
4855,99,33,68,15,215
4856,50,32,52,16,150
4857,66,33,68,15,182
4858,501,17,100,16,634
4859,165,35,133,16,349
4860,69,16,100,16,201
4861,52,16,100,16,184
4862,51,33,67,16,167
4863,68,32,100,19,219
4864,64,17,100,19,200
4865,65,35,133,16,249
4866,85,33,51,15,184
4870,102,15,133,17,267
4871,65,34,133,17,249
4872,117,32,67,17,233
4874,151,32,84,16,283
4875,100,35,100,16,251
4876,65,16,67,17,165
4877,66,35,100,16,217
4878,67,16,100,16,199
4880,51,32,84,16,183
4881,67,33,51,16,167
4887,51,16,68,16,151
4888,66,16,102,16,200
4889,65,35,67,16,183
4891,68,33,120,13,234
4893,68,34,86,13,201
4894,66,18,86,13,183
4895,98,35,83,16,232
4898,68,16,83,16,183
4901,55,13,50,16,134
4902,165,17,200,16,398
4903,166,35,198,18,417
4904,63,16,67,16,162
4905,50,16,67,16,149
4906,801,16,67,15,899
4907,100,35,198,18,351
4908,99,19,198,18,334
4909,67,35,198,18,318
4910,66,19,198,18,301
4911,67,31,68,17,183
4914,85,33,99,18,235
4915,66,33,99,18,216
4916,51,33,99,18,201
4917,101,33,51,17,202
4918,51,33,66,18,168
4920,67,16,51,17,151
4922,65,17,101,17,200
4924,49,35,166,16,266
4925,100,34,66,17,217
4926,118,33,67,16,234
4927,67,34,66,17,184
4928,83,33,67,16,199
4929,66,33,67,16,182
4930,67,16,67,16,166
4931,51,16,67,16,150
4933,100,33,166,17,316
4934,66,17,84,17,184
4935,67,33,166,17,283
4936,66,17,166,17,266
4937,104,31,64,18,217
4938,66,21,80,15,182
4942,167,16,102,15,300
4943,95,34,135,15,279
4944,81,34,135,15,265
4945,64,34,135,15,248
4946,48,34,135,15,232
4947,83,16,102,15,216
4948,66,16,102,15,199
4950,68,16,67,15,166
4952,100,18,100,16,234
4953,67,35,100,16,218
4954,83,33,83,18,217
4956,51,33,83,18,185
4957,100,35,82,17,234
4958,68,15,51,18,152
4959,65,35,82,17,199
4960,101,18,232,16,367
4961,67,34,232,16,349
4962,66,18,232,16,332
4963,51,18,232,16,317
4964,99,17,67,17,200
4965,99,32,52,16,199
4966,66,17,67,17,167
4968,150,35,115,17,317
4969,101,33,67,16,217
4970,84,33,67,16,200
4971,84,16,67,16,183
4972,67,16,67,16,166
4974,167,16,85,16,284
4978,66,17,117,16,216
4979,97,35,66,17,215
4980,67,16,85,16,184
4981,65,35,66,17,183
4982,67,17,66,17,167
4985,101,34,66,17,218
4986,67,16,66,17,166
4987,66,34,66,17,183
4988,50,34,66,17,167
4989,66,32,67,17,182
4991,66,34,68,16,184
4992,66,17,68,16,167
4995,302,32,67,16,417
4997,484,17,84,16,601
4999,302,32,66,17,417
5000,67,18,81,17,183
5003,67,33,135,16,251
5004,99,17,51,16,183
5006,65,17,51,16,149
5007,49,17,51,16,133
5008,83,32,67,16,198
5010,101,18,65,17,201
5013,67,32,66,17,182
5014,99,17,84,17,217
5015,100,33,51,17,201
5016,100,16,51,17,184
5019,99,35,84,16,234
5020,67,16,68,16,167
5021,66,35,84,16,201
5022,84,33,133,18,268
5023,51,17,84,16,168
5024,51,33,133,18,235
5026,66,16,51,17,150
5027,65,35,66,18,184
5028,84,33,83,16,216
5029,51,16,66,18,151
5030,51,33,83,16,183
5032,66,16,167,16,265
5033,66,34,67,16,183
5034,68,16,67,16,167
5035,99,35,66,16,216
5036,150,33,99,16,298
5037,66,35,66,16,183
5040,51,33,99,17,200
5042,284,34,65,17,400
5044,165,18,67,16,266
5045,66,33,67,16,182
5046,66,16,67,16,165
5047,66,33,84,17,200
5049,66,34,67,16,183
5050,65,18,67,16,166
5052,832,18,84,16,950
5053,68,33,66,17,184
5055,101,32,68,16,217
5057,67,32,68,16,183
5058,100,16,51,17,184
5060,151,33,67,16,267
5061,300,32,83,17,432
5062,66,18,98,17,199
5064,51,33,65,17,166
5065,51,17,65,17,150
5066,116,35,82,17,250
5067,66,32,51,17,166
5068,82,35,82,17,216
5070,65,18,82,17,182
5071,67,33,49,17,166
5072,67,17,49,17,150
5075,67,32,83,17,199
5076,83,32,51,17,183
5077,49,17,83,17,166
5078,67,15,51,17,150
5079,83,17,66,16,182
5080,85,32,85,16,218
5081,51,17,66,16,150
5083,102,32,68,17,219
5084,65,18,100,17,200
5085,66,32,68,17,183
5088,2053,33,84,17,2187
5090,51,33,133,16,233
5091,101,33,67,16,217
5092,66,16,66,16,164
5093,66,33,67,16,182
5094,65,17,67,16,165
5095,66,33,217,20,336
5096,150,32,51,16,249
5097,100,34,66,17,217
5098,66,18,84,16,184
5100,284,32,52,16,384
5101,100,34,83,20,237
5102,52,32,51,16,151
5103,84,16,83,20,203
5105,50,16,83,20,169
5108,99,20,115,16,250
5109,103,31,65,19,218
5110,86,31,65,19,201
5111,101,32,52,16,201
5113,99,33,168,16,316
5114,51,32,52,16,151
5116,65,17,168,16,266
5117,84,16,67,16,183
5118,68,16,67,16,167
5119,52,16,67,16,151
5124,52,32,50,17,151
5125,51,16,50,17,134
5126,84,33,101,16,234
5127,167,33,82,17,299
5129,50,17,101,16,184
5130,100,19,66,16,201
5133,68,33,82,17,200
5134,51,33,82,17,183
5135,68,33,66,16,183
5136,52,33,66,16,167
5137,66,32,135,16,249
5138,100,17,67,17,201
5139,65,34,67,17,183
5141,66,34,67,16,183
5142,50,34,67,16,167
5143,68,33,66,16,183
5144,67,17,66,16,166
5145,166,34,100,18,318
5146,51,34,65,17,167
5147,67,32,134,16,249
5148,99,17,68,16,200
5149,66,33,68,16,183
5150,65,17,68,16,166
5152,166,17,67,17,267
5154,68,17,84,15,184
5155,152,15,83,18,268
5156,100,17,67,17,201
5158,66,17,67,17,167
5161,167,33,66,17,283
5162,1019,34,84,15,1152
5164,66,16,50,17,149
5165,67,34,66,17,184
5166,64,18,66,17,165
5167,83,17,66,17,183
5168,50,33,66,17,166
5169,50,17,66,17,150
5170,101,16,68,15,200
5171,66,33,68,15,182
5172,100,17,66,16,199
5175,67,34,165,18,284
5176,66,18,165,18,267
5177,100,33,134,17,284
5179,167,32,69,17,285
5181,99,34,66,17,216
5182,100,18,66,17,201
5183,67,34,66,17,184
5184,67,18,66,17,168
5185,100,34,52,14,200
5187,100,35,165,18,318
5188,68,16,52,14,150
5189,165,34,67,18,284
5190,51,35,165,18,269
5191,69,31,67,16,183
5192,51,31,67,16,165
5193,52,14,67,16,149
5194,318,33,68,16,435
5196,283,33,68,16,400
5197,67,34,84,19,204
5198,50,34,84,19,187
5201,67,35,50,17,169
5202,121,32,51,15,219
5203,168,33,68,16,285
5204,70,32,51,15,168
5205,66,32,51,15,164
5206,52,32,51,15,150
5207,50,17,51,15,133
5208,84,33,68,16,201
5209,83,15,68,16,182
5210,68,15,68,16,167
5211,99,35,50,16,200
5213,66,35,50,16,167
5215,100,34,118,15,267
5216,51,32,68,16,167
5218,83,34,84,15,216
5219,50,16,118,15,199
5220,50,34,84,15,183
5222,66,17,66,18,167
5223,67,33,167,16,283
5225,84,15,102,15,216
5229,51,16,68,15,150
5231,166,35,65,18,284
5232,65,19,131,17,232
5233,68,32,67,15,182
5234,301,16,64,18,399
5235,98,35,65,18,216
5236,67,16,118,17,218
5238,67,17,65,18,167
5239,67,32,51,17,167
5240,100,16,67,19,202
5241,67,33,67,19,186
5243,167,33,67,16,283
5244,68,17,83,17,185
5247,67,35,64,18,184
5248,68,16,64,18,166
5249,83,17,67,16,183
5250,67,17,67,16,167
5252,98,18,98,19,233
5253,64,36,98,19,217
5256,1245,36,67,16,1364
5257,52,17,65,19,153
5258,51,34,82,17,184
5260,101,16,183,17,317
5261,65,35,183,17,300
5262,69,16,183,17,285
5265,101,33,84,17,235
5266,65,17,117,17,216
5267,66,33,84,17,200
5268,167,17,65,19,268
5269,750,17,66,17,850
5271,101,33,65,19,218
5272,300,15,118,16,449
5273,68,33,65,19,185
5274,66,17,65,19,167
5275,66,33,83,17,199
5276,51,33,83,17,184
5278,50,32,51,17,150
5279,65,33,68,17,183
5282,66,17,84,15,182
5283,51,17,84,15,167
5284,66,16,100,16,198
5286,67,15,118,16,216
5289,166,34,50,17,267
5290,83,34,66,17,200
5293,100,34,50,17,201
5294,284,34,66,17,401
5297,66,34,99,17,216
5298,50,34,99,17,200
5299,68,33,134,16,251
5300,51,33,134,16,234
5301,50,17,134,16,217
5302,50,33,67,17,167
5303,66,33,84,17,200
5305,66,34,50,17,167
5306,83,34,66,17,200
5307,101,33,66,17,217
5308,85,33,66,17,201
5310,51,33,66,17,167
5312,50,33,66,17,166
5313,66,33,66,17,182
5315,50,16,66,17,149
5316,66,16,67,16,165
5317,66,33,67,18,184
5318,66,16,67,18,167
5322,300,16,51,17,384
5323,168,33,115,19,335
5324,84,31,52,17,184
5325,98,36,67,16,217
5326,100,18,67,16,201
5327,101,33,115,19,268
5328,283,33,67,15,398
5329,67,33,115,19,234
5330,52,33,115,19,219
5333,100,32,51,17,200
5335,67,32,51,17,167
5336,66,16,51,17,150
5337,65,35,115,18,233
5338,84,33,82,18,217
5339,67,33,82,18,200
5340,51,33,82,18,184
5341,51,17,82,18,168
5342,52,33,67,15,167
5343,99,34,101,16,250
5346,65,18,101,16,200
5347,67,34,67,16,184
5348,99,17,51,15,182
5349,68,32,51,15,166
5350,67,17,51,15,150
5351,66,35,65,17,183
5353,67,31,67,16,181
5355,51,15,67,16,149
5357,82,16,67,16,181
5358,82,34,101,16,233
5359,101,33,68,16,218
5361,67,33,68,16,184
5362,83,33,100,17,233
5364,701,17,67,16,801
5366,500,17,67,16,600
5367,84,16,66,17,183
5368,68,16,66,17,167
5369,100,33,100,17,250
5371,65,33,100,17,215
5372,166,16,67,18,267
5374,115,34,67,18,234
5375,50,17,66,17,150
5378,168,16,67,16,267
5380,50,35,83,17,185
5382,101,16,67,16,200
5385,50,16,67,16,149
5387,51,17,82,17,167
5388,50,33,66,16,165
5389,67,32,101,16,216
5390,66,16,101,16,199
5393,66,33,168,16,283
5394,50,33,168,16,267
5395,67,34,167,16,284
5397,51,16,167,16,250
5400,83,33,67,16,199
5401,67,33,67,16,183
5402,101,17,65,18,201
5403,67,34,65,18,184
5406,100,16,133,17,266
5407,67,32,133,17,249
5408,66,16,133,17,232
5411,66,33,66,17,182
5412,66,17,66,17,166
5413,67,34,85,14,200
5415,67,32,53,14,166
5416,67,16,53,14,150
5417,301,33,167,16,517
5418,65,19,98,16,198
5419,85,14,102,16,217
5421,101,33,51,17,202
5422,168,17,66,16,267
5425,102,33,66,16,217
5426,66,19,66,17,168
5427,68,33,66,16,183
5428,166,16,84,17,283
5429,51,17,66,16,150
5431,66,33,167,16,282
5432,50,33,167,16,266
5433,98,34,50,17,199
5434,100,16,50,17,183
5435,65,34,50,17,166
5436,299,16,84,16,415
5438,87,30,67,16,200
5440,53,30,67,16,166
5442,66,18,100,16,200
5444,51,33,83,16,183
5447,66,34,67,15,182
5448,100,16,84,16,216
5449,67,32,84,16,199
5450,67,16,84,16,183
5451,101,31,102,16,250
5453,67,31,102,16,216
5454,51,31,102,16,200
5455,66,34,100,17,217
5456,67,16,100,17,200
5457,83,17,233,16,349
5458,50,35,233,16,334
5459,168,33,85,16,302
5460,100,16,101,17,234
5461,68,32,101,17,218
5462,99,17,67,17,200
5464,100,15,85,16,216
5465,66,33,85,16,200
5466,68,15,85,16,184
5467,52,15,85,16,168
5468,66,18,67,16,167
5469,67,32,102,16,217
5470,66,15,102,16,199
5473,67,33,133,16,249
5474,50,33,133,16,232
5476,83,33,132,17,265
5479,67,33,68,14,182
5480,51,33,68,14,166
5481,66,33,66,17,182
5482,99,19,65,17,200
5483,101,31,67,18,217
5486,52,31,67,18,168
5487,100,33,66,17,216
5488,101,16,66,17,200
5489,65,33,66,17,181
5490,68,16,66,17,167
5492,84,32,67,18,201
5493,51,16,67,16,150
5494,99,18,199,17,333
5495,101,32,100,18,251
5497,67,32,100,18,217
5498,101,16,101,16,234
5499,67,34,101,16,218
5500,100,18,67,16,201
5501,167,32,83,19,301
5502,66,18,67,16,167
5504,82,35,115,19,251
5505,66,35,115,19,235
5506,50,35,115,19,219
5508,51,32,83,19,185
5509,67,33,69,19,188
5512,66,16,102,16,200
5513,102,33,66,16,217
5516,52,33,66,16,167
5519,66,33,99,16,214
5521,66,32,67,16,181
5522,165,17,52,16,250
5523,65,33,67,17,182
5524,66,16,67,17,166
5525,65,34,68,17,184
5528,66,17,52,16,151
5531,68,33,84,14,199
5534,51,32,66,19,168
5537,65,33,68,17,183
5538,101,16,83,18,218
5539,66,35,83,18,202
5541,52,16,83,18,169
5543,68,34,67,16,185
5544,66,17,67,16,166
5545,67,34,65,18,184
5546,167,16,134,17,334
5547,68,33,66,16,183
5548,84,32,50,21,187
5549,67,32,50,21,170
5550,101,16,134,17,268
5551,65,34,134,17,250
5553,66,37,63,17,183
5554,66,21,63,17,167
5555,50,21,63,17,151
5556,53,30,67,17,167
5557,67,33,67,16,183
5558,84,34,66,16,200
5561,67,33,165,18,283
5563,67,33,150,16,266
5564,50,33,150,16,249
5565,165,33,67,17,282
5567,67,33,65,18,183
5568,67,17,65,18,167
5569,99,33,67,17,216
5571,65,33,67,17,182
5572,66,16,67,17,166
5573,65,34,66,18,183
5574,316,33,66,18,433
5577,67,33,67,18,185
5578,66,16,67,18,167
5580,67,17,67,16,167
5582,101,17,65,17,200
5584,84,33,65,19,201
5587,152,15,67,16,250
5588,82,33,66,18,199
5589,65,33,66,18,182
5590,101,15,67,16,199
5593,67,32,85,17,201
5594,100,17,134,16,267
5595,101,32,69,16,218
5599,67,35,67,16,185
5600,67,17,67,16,167
5601,101,33,67,16,217
5602,51,34,100,16,201
5604,67,17,67,16,167
5605,100,34,100,15,249
5608,100,17,99,17,233
5610,299,18,66,18,401
5611,50,17,99,17,183
5613,65,35,65,18,183
5614,67,17,65,18,167
5615,99,33,67,16,215
5618,66,16,67,16,165
5620,68,15,285,16,384
5621,51,15,285,16,367
5622,99,18,66,18,201
5623,51,16,100,18,185
5625,152,17,116,16,301
5626,66,17,118,14,215
5629,66,35,116,16,233
5630,68,17,116,16,217
5631,51,17,116,16,200
5632,51,32,67,17,167
5633,67,32,101,16,216
5635,50,14,101,16,181
5637,84,16,133,16,249
5638,82,33,133,17,265
5640,51,33,133,17,234
5641,66,35,98,17,216
5642,65,19,98,17,199
5643,84,18,64,17,183
5644,85,31,85,16,217
5645,100,33,100,18,251
5646,53,31,85,16,185
5648,65,17,100,18,200
5652,302,15,52,15,384
5653,100,33,53,16,202
5654,101,15,53,16,185
5655,282,19,65,18,384
5657,50,15,53,16,134
5658,166,16,69,17,268
5661,53,16,64,19,152
5663,66,32,69,17,184
5664,99,15,52,15,181
5665,64,34,52,15,165
5666,98,19,65,18,200
5667,82,19,65,18,184
5668,66,19,65,18,168
5669,50,19,65,18,152
5671,52,15,133,18,218
5672,51,33,100,18,202
5673,65,35,65,18,183
5675,51,17,65,18,151
5677,100,35,65,18,218
5678,67,15,68,16,166
5679,65,35,65,18,183
5680,68,17,65,18,168
5681,67,33,66,16,182
5682,165,18,68,15,266
5684,50,32,100,19,201
5686,67,16,102,15,200
5687,66,34,68,15,183
5689,50,18,68,15,151
5690,66,16,118,17,217
5691,66,36,64,18,184
5693,68,32,133,17,250
5695,51,17,133,17,218
5697,64,35,66,17,182
5698,67,17,66,17,167
5699,50,17,66,17,150
5700,52,32,102,15,201
5703,166,34,68,13,281
5704,86,35,66,16,203
5705,67,35,66,16,184
5706,50,35,66,16,167
5707,301,32,66,18,417
5708,51,32,102,13,198
5709,67,34,68,13,182
5710,65,18,68,13,164
5712,51,33,99,16,199
5713,67,35,131,16,249
5715,68,32,99,16,215
5716,100,16,133,18,267
5717,67,32,133,18,250
5719,64,35,64,17,180
5721,67,32,66,18,183
5722,67,16,66,18,167
5723,1050,17,66,18,1151
5724,100,17,100,17,234
5729,102,32,67,18,219
5731,100,37,98,16,251
5732,67,15,67,18,167
5733,167,33,65,17,282
5736,166,16,83,17,282
5737,67,35,165,17,284
5738,50,35,165,17,267
5739,65,33,65,17,180
5741,68,32,83,17,200
5742,66,16,83,17,182
5743,65,33,67,17,182
5744,66,17,67,17,167
5746,150,33,51,15,249
5748,67,17,84,17,185
5751,99,34,99,17,249
5752,168,15,135,16,334
5753,67,34,99,17,217
5755,67,32,133,18,250
5756,51,32,133,18,234
5757,51,15,133,18,217
5758,67,15,135,16,233
5759,83,16,66,18,183
5760,99,18,66,16,199
5763,51,18,66,16,151
5765,66,35,99,17,217
5766,67,17,99,17,200
5767,66,35,64,17,182
5768,66,19,64,17,166
5769,167,33,69,15,284
5770,52,31,66,19,168
5773,64,33,102,15,214
5774,82,33,69,15,199
5778,150,35,98,17,300
5783,67,35,98,17,217
5784,86,31,101,16,234
5785,67,31,101,16,215
5786,52,31,101,16,200
5787,51,15,101,16,183
5788,150,34,117,17,318
5789,98,34,117,16,265
5791,67,34,117,16,234
5792,66,17,117,16,216
5793,66,34,117,17,234
5794,50,34,117,17,218
5795,68,32,67,18,185
5796,99,18,51,17,185
5797,82,18,51,17,168
5798,66,18,51,17,152
5799,66,33,67,19,185
5800,170,12,52,17,251
5801,85,17,51,12,165
5802,103,15,66,17,201
5803,100,31,52,17,200
5804,517,33,66,16,632
5805,67,31,52,17,167
5806,149,33,68,15,265
5807,51,12,52,17,132
5808,98,17,67,16,198
5809,83,17,67,16,183
5811,170,32,100,17,319
5813,67,34,101,16,218
5816,66,18,67,16,167
5817,68,32,100,17,217
5818,66,17,100,17,200
5819,49,17,100,17,183
5820,284,32,100,20,436
5821,67,33,66,16,182
5823,51,17,66,16,150
5824,101,17,67,17,202
5826,99,16,52,16,183
5827,66,32,52,16,166
5828,99,18,132,18,267
5829,50,16,52,16,134
5830,101,16,66,16,199
5831,166,33,53,14,266
5832,68,16,66,16,166
5834,51,32,100,20,203
5835,65,34,66,20,185
5836,98,17,53,14,182
5840,68,15,153,15,251
5842,70,14,83,18,185
5843,53,14,83,18,168
5844,66,16,86,15,183
5845,51,16,86,15,168
5846,97,18,100,17,232
5848,66,18,100,17,201
5849,68,33,67,17,185
5850,52,33,67,17,169
5854,66,16,67,17,166
5856,51,33,51,15,150
5857,65,34,65,18,182
5858,515,33,68,16,632
5859,67,32,51,17,167
5860,67,15,51,17,150
5861,51,15,51,17,134
5862,501,16,134,17,668
5863,150,16,66,16,248
5864,283,30,53,15,381
5865,51,17,50,16,134
5866,166,17,51,17,251
5867,85,16,66,16,183
5868,83,33,84,17,217
5869,164,36,65,18,283
5870,50,33,84,17,184
5871,65,33,51,17,166
5872,98,16,101,18,233
5874,65,16,101,18,200
5875,65,36,65,18,184
5876,68,17,65,18,168
5877,51,17,65,18,151
5880,68,14,67,17,166
5881,83,15,202,16,316
5882,66,15,202,16,299
5883,53,15,202,16,286
5884,81,33,68,16,198
5885,84,16,68,16,184
5886,66,16,68,16,166
5888,66,16,134,17,233
5889,168,32,66,17,283
5890,167,16,66,17,266
5891,68,33,66,17,184
5892,67,17,66,17,167
5893,102,32,66,17,217
5894,101,16,66,17,200
5896,100,15,101,19,235
5897,66,32,101,19,218
5898,65,15,101,19,200
5899,98,35,66,17,216
5900,68,14,101,17,200
5901,66,35,66,17,184
5902,66,18,66,17,167
5903,69,32,51,15,167
5904,65,16,51,15,147
5905,67,34,84,16,201
5906,84,32,52,16,184
5907,83,15,52,16,166
5909,85,17,82,16,200
5910,165,16,66,17,264
5911,84,16,132,17,249
5912,116,33,66,17,232
5914,99,16,66,17,198
5918,67,16,85,16,184
5919,51,16,85,16,168
5920,300,17,132,18,467
5922,101,16,66,17,200
5923,85,16,66,17,184
5924,69,16,66,17,168
5926,52,33,82,16,183
5927,51,17,82,16,166
5928,165,17,132,18,332
5930,67,16,101,16,200
5931,66,32,69,16,183
5935,67,34,98,18,217
5936,85,32,66,18,201
5937,69,32,66,18,185
5938,51,32,66,18,167
5941,165,35,66,15,281
5942,65,17,67,16,165
5945,100,35,66,15,216
5946,52,32,51,16,151
5947,67,35,66,15,183
5948,65,19,66,15,165
5949,67,32,85,16,200
5951,285,16,100,16,417
5952,51,34,133,16,234
5953,299,32,118,16,465
5954,101,16,117,16,250
5956,69,16,117,16,218
5957,300,33,66,18,417
5959,64,34,51,16,165
5960,82,33,67,17,199
5961,66,33,67,17,183
5962,66,17,67,17,167
5963,67,34,100,16,217
5964,67,16,100,16,199
5967,99,35,99,18,251
5970,66,18,99,18,201
5971,100,32,52,16,200
5973,68,32,52,16,168
5974,300,18,67,16,401
5976,83,34,50,18,185
5978,50,34,50,18,152
5979,52,16,50,18,136
5980,66,18,200,16,300
5981,68,34,99,16,217
5982,84,32,67,16,199
5983,100,33,50,16,199
5985,99,34,67,16,216
5986,66,17,50,16,149
5987,65,34,67,16,182
5988,99,16,68,16,199
5989,67,32,68,16,183
5990,67,16,68,16,167
5992,167,18,99,16,300
5993,67,33,115,18,233
5994,133,18,99,16,266
5995,68,34,81,18,201
5996,100,18,99,16,233
5997,82,18,99,16,215
