序号,发送->接收,接收->转发,转发->接收,接收->处理,总计
1,94,48,56,30,228
2,0,26,94,17,137
3,162,46,173,30,411
5,0,48,56,30,134
6,67,21,145,14,247
7,16,35,21,30,102
9,17,21,145,14,197
11,0,30,62,22,114
12,22,46,173,30,271
13,0,46,173,30,249
14,30,38,16,29,113
15,30,22,16,29,97
16,54,45,38,36,173
17,22,16,15,14,67
18,45,16,38,36,135
19,29,16,38,36,119
22,0,23,51,30,104
23,0,51,46,16,113
24,36,30,16,16,98
25,52,32,15,23,122
26,0,30,16,16,62
27,37,16,15,23,91
30,68,37,61,18,184
33,71,22,44,18,155
34,0,37,61,18,116
35,23,35,44,18,120
37,22,26,87,30,165
39,16,36,12,19,83
40,36,31,50,20,137
43,0,19,50,20,89
44,0,20,30,20,70
45,79,33,33,23,168
46,19,20,29,17,85
47,49,33,33,23,138
49,18,33,33,23,107
51,0,16,33,23,72
52,33,23,0,15,71
53,16,23,0,15,54
54,0,23,0,15,38
56,128,39,19,33,219
58,16,16,66,19,117
60,16,17,91,33,157
61,0,17,91,33,141
62,33,39,19,33,124
63,18,39,19,33,109
64,0,39,19,33,91
65,0,20,19,33,72
67,98,44,274,15,431
68,23,48,35,26,132
69,0,48,35,26,109
70,54,44,274,15,387
71,0,18,35,26,79
72,61,35,18,16,130
73,18,26,274,15,333
75,16,35,18,16,85
76,0,35,18,16,69
77,0,18,18,16,52
79,33,16,54,15,118
81,0,16,54,15,85
82,39,15,15,32,101
83,23,15,15,32,85
84,30,32,15,16,93
88,31,40,0,15,86
89,16,40,0,15,71
90,0,40,0,15,55
92,0,15,98,16,129
93,15,30,26,27,98
94,83,16,16,22,137
96,26,43,16,22,107
97,27,16,16,22,81
98,19,16,16,22,73
100,0,38,0,15,53
101,22,15,15,15,67
102,0,15,15,15,45
103,30,15,70,35,150
104,15,15,70,35,135
105,0,15,70,35,120
106,21,33,67,16,137
108,68,16,83,29,196
109,0,51,144,22,217
111,21,16,83,29,149
112,16,45,38,29,128
113,16,29,38,29,112
114,0,29,38,29,96
115,81,38,15,14,148
116,38,29,16,22,105
117,61,22,15,14,112
118,149,51,16,15,231
120,16,22,15,14,67
122,0,29,0,26,55
124,0,26,146,16,188
125,57,21,16,15,109
126,19,51,16,15,101
128,14,21,16,15,66
129,0,21,16,15,52
130,16,15,53,29,113
131,15,37,16,29,97
132,0,37,16,29,82
134,45,16,21,29,111
135,29,16,21,29,95
136,14,16,21,29,80
138,21,51,15,29,116
140,14,22,15,29,80
142,15,52,50,15,132
143,29,23,50,15,117
144,14,23,50,15,102
146,14,15,21,15,65
148,0,21,15,16,52
149,0,31,130,22,183
151,38,40,22,15,115
152,23,40,22,15,100
153,28,12,22,15,77
154,51,15,52,32,150
157,15,37,31,16,99
158,84,15,37,30,166
159,37,47,37,30,151
160,0,15,68,16,99
161,16,31,37,30,114
162,52,46,236,32,366
163,82,21,46,22,171
164,21,46,236,32,335
165,46,21,46,22,135
166,30,21,46,22,119
168,21,32,14,22,89
169,0,32,14,22,68
170,15,36,147,32,230
171,215,37,117,15,384
172,22,30,68,17,137
173,45,31,22,17,115
174,51,16,22,17,106
175,15,31,22,17,85
177,16,22,17,16,71
178,0,22,17,16,55
180,0,16,63,22,101
181,48,37,117,15,217
182,11,21,67,14,113
183,36,22,117,15,190
184,0,37,117,15,169
185,0,22,117,15,154
188,51,14,37,16,118
189,0,22,15,14,51
192,0,22,46,14,82
193,60,23,31,14,128
195,97,22,14,30,163
196,14,23,31,14,82
197,68,22,14,30,134
198,81,46,37,14,178
199,0,52,14,30,96
200,14,22,14,30,80
203,0,46,37,14,97
204,15,16,37,14,82
205,0,16,37,14,67
206,51,23,114,30,218
207,99,52,15,30,196
208,14,23,114,30,181
209,0,23,114,30,167
210,47,52,15,30,144
212,21,52,15,30,118
213,67,46,22,15,150
215,52,32,22,15,121
216,15,46,22,15,98
217,46,22,15,36,119
218,16,16,22,15,69
220,37,36,0,15,88
221,15,36,0,15,66
225,30,21,80,15,146
226,16,21,80,15,132
228,15,50,83,31,179
229,65,15,116,18,214
230,15,21,83,31,150
231,36,15,116,18,185
232,30,37,16,31,114
233,15,37,16,31,99
234,0,37,16,31,84
236,63,34,52,15,164
237,16,31,52,12,111
238,15,16,52,12,95
239,102,15,15,22,154
240,34,30,22,15,101
242,18,12,22,15,67
243,49,37,15,30,131
245,15,37,15,30,97
246,52,46,37,15,150
248,15,46,37,15,113
249,30,16,37,15,98
250,15,16,37,15,83
252,0,21,68,15,104
253,0,46,37,16,99
258,16,51,15,15,97
259,30,21,15,15,81
260,14,21,15,15,65
261,0,21,15,15,51
262,15,15,15,22,67
265,22,30,15,22,89
266,0,30,15,22,67
267,15,37,51,34,137
268,37,34,17,34,122
269,0,22,51,34,107
270,34,17,12,22,85
271,36,34,17,15,102
272,51,32,67,15,165
274,22,32,67,15,136
275,0,32,67,15,114
276,15,45,104,30,194
277,0,45,104,30,179
279,15,22,15,30,82
281,45,23,14,30,112
283,14,23,14,30,81
284,0,23,14,30,67
287,14,37,14,16,81
288,0,37,14,16,67
289,22,30,53,16,121
290,0,30,53,16,99
292,0,37,83,16,136
293,84,21,16,36,157
294,0,16,83,36,135
297,15,21,16,36,88
298,21,52,41,22,136
299,81,34,16,15,146
300,0,36,41,22,99
301,22,29,50,15,116
302,29,34,16,15,94
304,34,31,15,22,102
307,15,37,45,24,121
309,22,29,16,24,91
311,30,24,110,21,185
312,16,24,110,21,171
313,0,24,110,21,155
314,32,16,15,15,78
315,23,16,15,15,69
316,31,31,37,30,129
317,15,31,37,30,113
318,15,16,37,30,98
319,0,16,37,30,83
321,67,22,0,15,104
322,0,30,0,16,46
324,53,46,101,13,213
325,37,46,101,13,197
327,68,45,18,16,147
329,0,16,101,13,130
330,85,16,0,13,114
332,99,31,53,16,199
334,18,16,0,13,47
335,16,35,15,16,82
336,0,35,15,16,66
337,22,31,53,16,122
338,0,31,53,16,100
339,16,38,15,16,85
341,37,16,67,14,134
342,15,16,67,14,112
343,16,30,88,30,164
345,66,23,29,15,133
346,0,22,81,15,118
347,29,23,29,15,96
348,14,23,29,15,81
350,0,14,81,15,110
351,30,16,20,30,96
353,36,52,297,16,401
354,35,37,297,16,385
355,30,22,297,16,365
356,15,22,297,16,350
357,0,22,297,16,335
360,38,16,80,12,146
361,38,45,47,23,153
362,45,16,47,23,131
365,34,17,119,31,201
367,17,35,47,21,120
369,0,23,47,21,91
370,0,31,16,21,68
371,15,37,16,31,99
373,114,38,79,15,246
375,0,60,134,15,209
377,0,29,134,15,178
378,55,32,15,15,117
379,70,30,17,15,132
380,22,32,15,15,84
381,32,30,17,15,94
384,15,32,83,16,146
386,0,15,83,16,114
389,15,15,53,15,98
390,150,35,49,15,249
391,0,31,52,22,105
392,16,37,114,21,188
393,0,37,114,21,172
394,15,37,16,14,82
395,0,37,16,14,67
396,22,30,15,20,87
397,0,30,15,20,65
399,35,33,62,23,153
400,53,31,15,16,115
401,0,33,62,23,118
402,21,31,15,16,83
403,31,31,120,14,196
404,46,38,0,15,99
406,0,16,120,14,150
407,0,38,0,15,53
408,82,29,53,14,178
409,15,15,66,15,111
410,0,15,66,15,96
413,29,38,15,14,96
414,14,38,15,14,81
415,15,23,15,14,67
416,52,37,178,20,287
417,15,14,0,22,51
419,51,15,16,23,105
420,29,15,16,23,83
421,14,15,16,23,68
424,104,15,14,20,153
425,45,21,15,15,96
426,30,21,15,15,81
427,134,30,37,16,217
428,21,30,14,20,85
429,64,34,67,16,181
430,15,34,12,22,83
431,98,37,0,16,151
432,54,30,37,16,137
434,22,30,37,16,105
435,52,15,0,16,83
436,37,15,0,16,68
437,37,30,82,22,171
438,15,30,82,22,149
439,52,15,15,15,97
440,14,37,15,15,81
442,0,15,15,15,45
443,15,15,15,22,67
444,135,15,81,19,250
445,37,29,150,19,235
447,0,29,150,19,198
448,83,37,44,19,183
449,38,31,81,19,169
450,15,31,81,19,146
451,0,31,81,19,131
452,67,14,15,19,115
453,37,29,15,19,100
454,22,29,15,19,85
458,0,19,16,14,49
459,16,14,23,15,68
460,14,38,49,11,112
461,0,38,49,11,98
463,32,28,23,15,98
464,45,38,14,23,120
465,17,11,23,15,66
466,11,38,14,23,86
467,0,38,14,23,75
468,29,23,83,16,151
469,68,30,118,21,237
472,45,38,51,14,148
473,0,30,118,21,169
474,15,38,51,14,118
475,0,38,51,14,103
476,0,16,51,14,81
478,36,14,52,14,116
481,0,36,16,14,66
483,0,30,16,21,67
485,0,37,14,15,66
486,21,29,52,15,117
487,0,29,52,15,96
488,0,15,52,15,82
489,37,30,15,22,104
490,36,15,15,22,88
491,67,30,0,15,112
492,15,37,66,17,135
493,0,37,66,17,120
494,22,30,0,15,67
495,30,36,34,10,110
496,115,36,0,15,166
498,55,30,21,15,121
499,64,36,0,15,115
500,0,17,66,15,98
501,0,30,21,15,66
502,41,15,0,15,71
503,36,30,51,15,132
504,0,15,0,15,30
505,0,30,51,15,96
507,36,30,0,22,88
508,44,38,15,14,111
509,0,30,0,22,52
511,0,38,15,14,67
514,14,38,47,15,114
515,0,38,47,15,100
517,0,31,16,15,62
518,151,30,50,15,246
524,14,38,80,15,147
525,0,38,80,15,133
526,15,30,50,15,110
527,65,30,16,16,127
529,35,30,16,16,97
530,14,30,16,16,76
531,0,30,16,16,62
533,32,38,251,15,336
534,54,36,15,14,119
535,23,15,251,15,304
536,29,22,15,14,80
537,14,22,15,14,65
538,22,29,15,21,87
540,14,36,48,16,114
541,36,32,48,16,132
542,53,32,116,23,224
544,16,32,116,23,187
545,32,32,137,14,215
546,32,16,137,14,199
547,0,32,137,14,183
549,84,23,44,15,166
551,68,30,81,14,193
552,15,38,44,15,112
554,23,30,81,14,148
556,22,29,22,15,88
557,14,15,22,15,66
559,0,37,81,22,140
560,15,29,23,14,81
561,66,37,45,15,163
562,0,14,23,14,51
563,0,37,82,15,134
566,22,30,83,14,149
567,0,30,83,14,127
568,99,14,22,15,150
570,38,15,15,14,82
571,38,29,22,15,104
572,15,29,22,15,81
573,15,14,22,15,66
575,22,15,91,22,150
576,44,41,394,16,495
577,29,41,394,16,480
578,99,23,127,23,272
579,84,23,127,23,257
580,18,21,22,23,84
581,21,45,127,23,216
583,165,38,15,15,233
584,89,31,216,15,351
586,29,22,46,15,112
588,53,30,156,15,254
589,0,31,216,15,262
592,83,37,112,22,254
593,23,15,15,15,68
594,0,15,15,15,45
595,0,30,88,15,133
597,37,29,52,15,133
598,22,29,52,15,118
599,29,37,15,15,96
600,0,14,52,15,81
601,22,15,15,15,67
602,15,30,57,26,128
603,46,22,60,22,150
604,0,15,57,26,98
606,22,19,0,26,67
607,0,19,0,26,45
608,0,41,104,16,161
609,18,15,104,16,153
613,14,15,23,14,66
615,0,37,0,16,53
616,14,31,15,22,82
617,68,31,0,14,113
618,83,37,94,23,237
621,16,15,0,14,45
624,0,23,94,23,140
625,28,36,15,15,94
626,14,36,15,15,80
627,66,39,29,15,149
628,44,39,29,15,127
629,30,39,29,15,113
630,15,39,29,15,98
631,0,39,29,15,83
633,29,35,64,22,150
634,14,35,64,22,135
637,0,33,16,15,64
638,0,22,16,15,53
640,51,37,14,14,116
641,0,36,51,14,101
643,0,37,14,14,65
644,36,14,67,15,132
645,14,14,67,15,110
648,37,15,15,22,89
650,15,37,49,15,116
651,101,37,0,15,153
654,50,37,0,15,102
655,21,15,15,22,73
656,67,14,39,8,128
657,37,29,39,8,113
659,0,29,39,8,76
660,0,14,39,8,61
661,15,24,146,16,201
662,50,36,132,16,234
663,47,15,132,16,210
664,18,36,132,16,202
666,15,31,85,16,147
667,15,16,85,16,132
668,0,16,85,16,117
669,15,23,15,16,69
670,23,31,16,16,86
671,15,16,16,16,63
672,64,15,52,17,148
673,0,32,0,16,48
674,47,37,32,16,132
675,0,31,52,17,100
676,84,32,23,15,154
677,0,37,32,16,85
678,15,32,55,15,117
679,48,16,23,15,102
680,17,32,23,15,87
681,55,15,15,14,99
684,15,29,220,14,278
685,0,29,220,14,263
686,234,14,17,15,280
687,36,30,23,15,104
688,29,15,23,15,82
694,11,35,23,15,84
695,35,38,152,14,239
696,15,38,152,14,219
697,54,14,17,15,100
698,77,38,14,15,144
700,0,14,17,15,46
701,32,38,14,15,99
703,0,38,14,15,67
704,45,37,50,15,147
705,14,15,23,14,66
706,15,37,50,15,117
707,23,14,50,15,102
711,35,37,81,15,168
712,148,31,19,16,214
713,0,37,81,15,133
714,22,29,52,15,118
715,29,37,15,15,96
716,51,30,15,16,112
717,0,37,15,15,67
718,37,15,15,16,83
720,0,15,15,16,46
721,0,31,19,16,66
722,16,35,104,18,173
723,35,37,15,14,101
725,0,37,15,14,66
726,53,38,47,14,152
728,0,14,122,14,150
729,0,38,47,14,99
730,106,14,53,16,189
731,0,32,15,14,61
732,29,14,52,15,110
733,15,14,52,15,96
736,14,30,23,16,83
737,0,30,23,16,69
738,54,30,15,16,115
740,16,30,15,16,77
743,0,31,52,15,98
744,16,37,15,15,83
745,0,37,15,15,67
747,30,38,183,16,267
748,68,16,15,21,120
749,38,31,15,21,105
750,46,36,116,16,214
751,31,36,116,16,199
752,31,21,116,16,184
753,15,21,116,16,168
754,0,21,116,16,153
755,0,27,22,15,64
756,37,15,52,16,120
758,15,37,46,14,112
759,0,37,46,14,97
760,0,22,46,14,82
762,16,29,119,15,179
763,15,14,119,15,163
764,14,38,51,14,117
765,0,38,51,14,103
767,14,15,22,14,65
771,54,15,283,15,367
772,15,38,283,15,351
773,23,15,283,15,336
774,0,15,283,15,313
775,0,29,22,16,67
776,15,38,51,14,118
777,0,38,51,14,103
778,16,28,119,15,178
779,28,37,15,20,100
780,14,37,15,20,86
781,105,29,153,15,302
782,14,35,47,15,111
783,0,35,47,15,97
785,0,33,46,22,101
786,0,21,46,22,89
787,98,31,121,15,265
788,54,30,16,15,115
790,22,30,16,15,83
791,46,15,121,15,197
792,15,31,121,15,182
793,16,15,121,15,167
794,0,15,121,15,151
795,23,15,113,15,166
797,30,32,83,22,167
798,15,32,83,22,152
799,53,15,153,15,236
801,21,15,153,15,204
802,0,15,153,15,183
804,15,39,14,15,83
805,17,22,14,15,68
806,22,29,85,18,154
809,0,32,23,15,70
810,0,16,23,15,54
811,0,38,79,22,139
812,48,28,40,15,131
813,0,33,0,18,51
815,0,28,40,15,83
816,28,22,195,21,266
817,18,22,195,21,256
818,22,30,105,9,166
819,15,15,105,9,144
820,82,38,0,9,129
822,0,22,15,15,52
823,30,38,0,9,77
824,15,38,0,9,62
825,0,38,0,9,47
826,67,15,21,15,118
828,21,30,21,15,87
829,0,30,21,15,66
831,0,36,15,21,72
832,51,30,0,15,96
833,0,36,15,15,66
834,21,30,0,15,66
835,15,15,0,15,45
836,0,15,0,15,30
837,15,21,15,15,66
838,21,30,81,17,149
839,0,30,81,17,128
842,0,22,79,19,120
844,15,32,18,19,84
847,0,37,16,15,68
848,0,19,16,15,50
849,0,31,15,17,63
850,30,17,116,22,185
851,0,32,116,22,170
852,0,17,116,22,155
853,39,31,83,15,168
855,0,31,83,15,129
856,0,16,83,15,114
857,31,37,112,21,201
858,15,37,112,21,185
859,0,37,112,21,170
860,0,22,112,21,155
862,0,15,82,21,118
863,68,35,112,22,237
864,67,21,112,22,222
866,0,15,117,15,147
867,35,31,15,22,103
868,37,15,15,22,89
869,0,31,15,22,68
871,37,29,52,16,134
872,0,22,145,21,188
875,37,31,48,21,137
876,22,31,48,21,122
877,31,36,78,22,167
879,19,17,78,22,136
881,0,33,15,16,64
882,0,21,15,16,52
883,0,31,36,15,82
886,22,30,232,22,306
889,68,30,22,15,135
890,52,30,22,15,119
893,0,30,22,15,67
894,0,15,22,15,52
895,22,15,15,15,67
897,67,30,22,14,133
901,0,30,22,14,66
902,15,36,53,14,118
903,0,36,53,14,103
904,29,15,23,14,81
906,0,15,23,14,52
907,83,18,83,21,205
908,29,16,0,15,60
911,70,30,16,21,137
912,18,37,16,14,85
913,53,14,16,21,104
914,19,30,16,21,86
915,16,14,16,21,67
917,0,37,46,16,99
918,0,21,46,16,83
919,0,31,15,16,62
920,46,37,15,15,113
922,0,16,22,15,53
924,0,15,15,15,45
925,0,30,22,15,67
926,15,37,84,14,150
928,15,31,16,21,83
929,31,37,16,14,98
930,15,37,16,14,82
931,37,30,15,21,103
935,36,31,183,14,264
936,21,31,183,14,249
937,0,31,183,14,228
938,15,36,16,15,82
939,0,36,16,15,67
942,0,15,16,18,49
943,0,34,52,15,101
946,20,30,81,16,147
948,0,15,81,16,112
949,29,38,45,22,134
950,66,16,83,22,187
951,68,37,15,15,135
953,14,16,83,22,135
954,16,37,15,15,83
956,22,30,16,22,90
957,0,30,16,22,68
958,15,38,78,22,153
960,22,30,16,16,84
962,14,32,16,22,84
963,32,38,47,15,132
964,16,38,47,15,116
965,0,38,47,15,100
967,16,15,46,22,99
969,16,15,15,22,68
970,15,37,15,16,83
975,0,31,40,18,89
976,15,40,77,19,151
977,0,40,77,19,136
978,18,18,27,15,78
979,0,18,27,15,60
982,15,36,17,15,83
983,36,32,16,15,99
986,46,37,114,22,219
987,0,31,0,22,53
988,15,37,114,22,188
989,0,37,114,22,173
991,30,39,0,16,85
993,55,15,36,15,121
995,16,15,36,15,82
997,14,22,0,15,51
999,0,31,14,21,66
1000,0,16,14,21,51
1001,35,29,83,16,163
1002,21,29,83,16,149
1003,167,27,18,21,233
1004,14,36,16,15,81
1005,67,32,16,23,138
1006,15,31,16,16,78
1007,16,15,16,16,63
1008,31,16,16,23,86
1009,71,27,18,21,137
1011,39,27,18,21,105
1012,89,30,120,15,254
1013,27,39,81,14,161
1014,11,39,81,14,145
1017,30,36,52,17,135
1018,15,36,52,17,120
1019,65,40,15,15,135
1020,21,29,23,17,90
1021,29,40,15,15,99
1025,0,30,15,21,66
1026,15,36,47,15,113
1030,15,31,184,21,251
1031,0,31,184,21,236
1033,67,35,30,22,154
1034,102,15,52,21,190
1035,95,37,234,16,382
1036,15,35,30,22,102
1038,14,30,52,21,117
1039,0,30,52,21,103
1040,0,15,52,21,88
1042,115,37,31,15,198
1044,21,31,0,15,67
1046,15,33,120,14,182
1047,0,33,120,14,167
1048,0,18,120,14,152
1051,31,30,82,22,165
1052,22,30,82,22,156
1054,0,15,82,22,119
1055,0,36,46,22,104
1056,113,30,89,14,246
1057,16,14,54,15,99
1058,14,38,16,15,83
1059,0,38,16,15,69
1060,0,22,16,15,53
1061,31,30,89,14,164
1062,15,30,89,14,148
1063,15,15,89,14,133
1065,38,30,51,15,134
1066,16,30,51,15,112
1067,51,14,16,15,96
1069,35,31,119,15,200
1070,14,31,119,15,179
1071,0,31,119,15,165
1072,120,29,16,22,187
1073,0,38,81,15,134
1074,37,15,147,20,219
1075,15,15,147,20,197
1076,15,37,110,20,182
1077,123,8,16,20,167
1081,16,22,63,15,116
1082,22,27,16,20,85
1083,0,27,16,20,63
1084,24,20,52,15,111
1086,20,37,15,15,87
1087,0,37,15,15,67
1088,37,15,50,15,117
1089,15,15,50,15,95
1090,15,35,382,15,447
1095,0,37,51,15,103
1096,15,29,188,14,246
1097,66,30,52,14,162
1098,15,37,52,15,119
1100,15,30,52,14,111
1101,67,29,85,15,196
1102,15,37,52,16,120
1103,0,37,52,16,105
1105,0,29,85,15,129
1106,0,14,85,15,114
1109,30,31,450,21,532
1111,0,31,450,21,502
1112,0,15,450,21,486
1113,16,22,15,15,68
1114,0,22,15,15,52
1117,38,35,80,14,167
1118,0,16,18,17,51
1119,62,37,16,14,129
1120,17,27,17,20,81
1121,0,27,17,20,64
1122,18,37,16,14,85
1124,20,30,215,21,286
1125,30,38,146,15,229
1126,30,22,146,15,213
1129,0,30,16,15,61
1131,0,31,23,15,69
1132,0,15,23,15,53
1133,38,31,16,15,100
1134,30,16,16,15,77
1135,31,31,16,21,99
1136,47,37,46,22,152
1137,0,31,16,21,68
1138,15,37,46,22,120
1140,21,31,15,22,89
1141,0,31,15,22,68
1143,0,37,47,15,99
1144,22,32,84,15,153
1147,15,15,268,16,314
1148,15,34,51,16,116
1150,18,35,16,16,85
1151,100,31,17,23,171
1155,64,40,48,15,167
1156,48,40,48,15,151
1159,0,40,48,15,103
1160,0,23,48,15,86
1161,33,30,48,22,133
1162,31,15,48,22,116
1163,15,15,48,22,100
1166,0,16,16,22,54
1167,0,38,111,22,171
1168,22,33,31,16,102
1169,49,15,0,16,80
1170,32,15,0,16,63
1172,15,32,15,22,84
1173,47,22,84,16,169
1175,0,37,84,16,137
1176,0,22,84,16,122
1177,0,30,23,31,84
1178,15,23,31,16,85
1180,31,16,17,15,79
1182,33,15,47,15,110
1183,0,32,47,15,94
1186,15,32,117,23,187
1188,15,39,14,15,83
1189,0,39,14,15,68
1192,15,32,17,23,87
1193,0,32,17,23,72
1194,0,8,17,23,48
1196,55,33,48,16,152
1197,32,33,48,16,129
1198,23,33,48,16,120
1199,17,16,48,16,97
1200,47,33,100,16,196
1202,15,33,100,16,164
1204,0,16,100,16,132
1206,16,25,28,15,84
1207,53,15,85,16,169
1210,31,16,22,16,85
1212,38,16,64,17,135
1213,22,16,64,17,119
1214,16,31,16,17,80
1216,81,39,16,15,151
1218,0,17,0,17,34
1219,17,15,55,15,102
1220,54,31,165,16,266
1221,39,31,165,16,251
1222,53,31,102,16,202
1224,31,15,102,16,164
1225,16,15,102,16,149
1226,78,39,32,16,165
1227,32,31,0,23,86
1228,16,31,0,23,70
1229,31,39,32,16,118
1230,10,39,32,16,97
1233,0,32,264,22,318
1234,0,16,264,22,302
1236,16,38,47,15,116
1237,0,38,47,15,100
1238,0,20,47,15,82
1239,32,30,132,22,216
1241,0,30,132,22,184
1243,70,30,32,22,154
1245,22,16,115,16,169
1246,16,30,32,22,100
1247,45,17,53,16,131
1249,15,17,53,16,101
1250,39,16,47,16,118
1251,0,38,47,16,101
1254,16,32,15,21,84
1255,32,36,96,17,181
1256,0,16,15,21,52
1258,91,26,58,9,184
1260,0,16,81,18,115
1261,38,26,58,9,131
1263,0,26,58,9,93
1264,52,32,23,16,123
1266,18,32,23,16,89
1267,0,32,23,16,71
1269,39,30,70,15,154
1270,16,30,70,15,131
1273,54,16,0,15,85
1274,0,21,133,15,169
1275,17,16,0,15,48
1276,16,30,16,22,84
1277,0,30,16,22,68
1278,0,15,16,22,53
1279,38,32,180,15,265
1280,22,32,180,15,249
1282,17,30,0,15,62
1283,30,31,50,22,133
1284,15,31,50,22,118
1286,51,37,0,16,104
1289,15,22,0,16,53
1293,15,15,166,22,218
1294,15,38,34,13,100
1295,0,38,34,13,85
1296,0,22,34,13,69
1297,97,31,52,14,194
1298,32,14,67,22,135
1299,94,37,15,14,160
1301,0,36,31,22,89
1303,31,37,15,14,97
1305,52,14,53,16,135
1307,15,14,53,16,98
1308,14,38,15,16,83
1310,15,31,83,15,144
1313,35,33,15,15,98
1314,14,33,15,15,77
1315,0,33,15,15,63
1316,15,30,0,22,67
1317,0,30,0,22,52
1321,0,31,0,21,52
1322,15,36,64,19,134
1323,0,36,64,19,119
1324,0,15,64,19,98
1325,36,28,99,22,185
1327,0,28,99,22,149
1328,17,33,51,15,116
1329,0,33,51,15,99
1331,66,37,150,14,267
1332,29,15,22,15,81
1333,14,15,22,15,66
1334,15,37,150,14,216
1335,0,37,150,14,201
1336,0,15,150,14,179
1337,68,30,52,14,164
1338,15,38,112,22,187
1339,0,38,112,22,172
1340,16,30,52,14,112
1343,15,22,45,22,104
1344,51,38,15,16,120
1345,0,29,53,16,98
1346,14,38,15,16,83
1348,53,33,15,22,123
1349,31,33,15,22,101
1350,16,33,15,22,86
1351,0,33,15,22,70
1352,17,37,0,14,68
1353,0,37,0,14,51
1356,0,15,115,22,152
1357,37,32,0,16,85
1358,68,15,82,21,186
1359,0,32,0,16,48
1360,15,31,82,21,149
1361,16,15,82,21,134
1363,0,37,45,21,103
1364,88,30,16,15,149
1365,0,29,16,21,66
1366,14,37,16,14,81
1369,0,30,16,15,61
1370,0,14,16,15,45
1371,0,31,51,22,104
1372,52,36,15,16,119
1373,0,37,51,16,104
1375,36,31,15,21,103
1376,0,22,15,16,53
1379,0,36,45,15,96
1380,51,30,84,20,185
1381,0,30,15,15,60
1382,30,15,84,20,149
1384,0,15,84,20,119
1385,0,38,82,14,134
1386,0,16,82,14,112
1387,96,37,151,14,298
1388,19,33,53,14,119
1389,0,33,53,14,100
1390,20,30,23,14,87
1391,30,37,151,14,232
1392,14,37,151,14,216
1394,14,30,53,15,112
1395,0,30,53,15,98
1396,14,38,15,15,82
1397,16,22,15,15,68
1398,37,15,53,14,119
1400,15,37,16,14,82
1402,0,21,16,14,51
1404,14,37,45,16,112
1405,37,30,53,16,136
1406,37,15,53,16,121
1407,15,15,53,16,99
1409,15,16,22,16,69
1413,31,30,58,9,128
1414,45,41,17,9,112
1416,0,15,58,9,82
1417,0,41,17,9,67
1419,66,30,99,16,211
1420,0,9,267,22,298
1422,22,30,99,16,167
1423,14,16,99,16,145
1425,30,38,16,15,99
1426,54,31,16,22,123
1427,38,31,16,22,107
1430,15,38,46,14,113
1431,16,22,46,14,98
1434,0,16,82,16,114
1435,0,29,267,23,319
1436,14,38,31,15,98
1437,0,38,31,15,84
1438,0,16,31,15,62
1439,68,32,66,16,182
1440,16,37,98,16,167
1441,0,37,98,16,151
1442,69,15,36,16,136
1443,0,32,66,16,114
1446,15,36,31,20,102
1447,36,31,20,12,99
1448,14,31,20,12,77
1449,0,31,20,12,63
1451,0,32,23,15,70
1453,0,38,50,15,103
1456,14,36,0,16,66
1457,0,36,0,16,52
1458,15,31,22,16,84
1459,16,15,22,16,69
1460,0,15,22,16,53
1461,68,31,18,22,139
1462,16,30,49,22,117
1463,0,30,49,22,101
1465,49,22,33,16,120
1466,27,22,33,16,98
1467,18,22,33,16,89
1469,49,16,16,15,96
1471,0,32,16,15,63
1472,0,16,16,15,47
1476,65,22,84,14,185
1477,0,29,15,22,66
1479,52,15,18,17,102
1480,37,15,18,17,87
1481,0,30,18,17,65
1482,0,15,18,17,50
1483,0,35,48,16,99
1484,50,31,15,22,118
1486,45,37,82,15,179
1487,0,31,15,22,68
1488,16,37,82,15,150
1491,0,30,52,15,97
1492,0,15,52,15,82
1494,15,30,0,16,61
1495,0,30,0,16,46
1496,15,37,16,15,83
1498,0,21,16,15,52
1500,15,36,16,15,82
1501,0,36,16,15,67
1502,21,31,80,21,153
1504,50,30,51,16,147
1505,35,30,51,16,132
1508,14,36,45,22,117
1509,0,36,45,22,103
1510,21,31,14,22,88
1511,15,16,14,22,67
1512,0,16,14,22,52
1513,0,36,16,19,71
1514,22,35,50,15,122
1515,0,35,50,15,100
1516,19,19,31,15,84
1518,31,15,17,16,79
1519,23,15,17,16,71
1520,0,15,17,16,48
1521,17,16,16,15,64
1522,16,31,54,15,116
1525,31,38,48,16,133
1526,15,38,48,16,117
1527,23,15,48,16,102
1528,15,33,15,16,79
1529,0,33,15,16,64
1531,0,31,186,15,232
1532,16,37,15,15,83
1533,37,30,52,15,134
1535,30,37,15,15,97
1536,52,30,52,15,149
1538,51,37,150,15,253
1540,15,37,150,15,217
1541,0,37,150,15,202
1542,52,37,15,15,119
1543,15,15,52,15,97
1544,0,15,52,15,82
1545,0,37,15,15,67
1546,22,30,53,15,120
1547,15,15,53,15,98
1548,15,34,49,16,114
1549,0,34,49,16,99
1550,50,31,15,22,118
1552,30,16,15,22,83
1553,0,31,15,22,68
1554,16,37,249,16,318
1556,22,30,55,15,122
1557,30,31,24,15,100
1558,30,16,24,15,85
1559,15,16,24,15,70
1560,16,39,47,15,117
1561,0,39,47,15,101
1562,15,31,47,23,116
1564,15,31,87,16,149
1565,16,15,87,16,134
1567,0,39,111,16,166
1569,0,32,79,16,127
1570,0,16,79,16,111
1573,0,32,15,16,63
1574,15,31,268,15,329
1575,31,40,15,17,103
1576,16,40,15,17,88
1577,0,40,15,17,72
1578,0,24,15,17,56
1580,17,31,250,15,313
1581,0,31,250,15,296
1583,34,36,95,15,180
1586,19,31,47,17,114
1587,31,31,33,15,110
1588,47,33,85,15,180
1589,31,33,85,15,164
1590,15,33,85,15,148
1591,70,32,16,15,133
1592,0,17,85,15,117
1593,0,37,48,15,100
1594,0,22,48,15,85
1595,32,31,85,15,163
1596,16,31,85,15,147
1598,0,15,85,15,115
1599,0,32,53,15,100
1600,16,37,114,22,189
1602,15,31,16,21,83
1604,52,31,52,15,150
1607,0,31,52,15,98
1608,0,15,52,15,82
1609,37,30,51,15,133
1610,22,30,51,15,118
1611,0,30,51,15,96
1614,14,37,15,21,87
1616,15,36,197,16,264
1619,12,16,19,15,62
1621,34,37,163,17,251
1623,22,15,163,17,217
1624,0,15,163,17,195
1625,15,17,0,17,49
1626,17,35,47,15,114
1627,17,18,47,15,97
1629,47,15,83,23,168
1630,46,34,49,23,152
1632,0,15,83,23,121
1633,18,16,49,23,106
1634,33,16,153,14,216
1635,17,16,153,14,200
1636,0,16,153,14,183
1641,0,27,53,14,94
1642,17,37,16,14,84
1643,22,15,16,14,67
1644,0,15,16,14,45
1645,30,38,15,15,98
1646,82,37,100,14,233
1647,16,22,15,15,68
1648,0,22,15,15,52
1651,137,30,83,15,265
1652,0,22,100,14,136
1653,130,36,84,15,265
1654,15,40,30,14,99
1655,70,30,83,15,198
1657,30,30,83,15,158
1658,22,30,83,15,150
1659,30,36,84,15,165
1660,68,15,16,15,114
1661,36,31,16,15,98
1662,22,31,16,15,84
1664,0,15,16,15,46
1665,0,31,22,15,68
1667,22,15,80,22,139
1668,45,36,202,16,299
1670,51,36,112,23,222
1671,0,36,202,16,254
1672,66,16,14,14,110
1674,22,32,14,14,82
1675,0,32,14,14,60
1676,30,14,106,16,166
1677,28,37,69,16,150
1679,37,38,31,16,122
1680,0,15,69,16,100
1681,0,38,31,16,85
1682,54,32,14,22,122
1683,31,32,14,22,99
1684,22,32,14,22,90
1685,0,32,14,22,68
1686,52,34,20,29,135
1689,0,34,20,29,83
1691,0,20,29,16,65
1693,68,36,15,16,135
1694,46,36,15,16,113
1695,0,30,15,21,66
1696,14,36,15,16,81
1697,36,31,14,22,103
1698,21,31,14,22,88
1700,16,36,114,16,182
1701,0,36,114,16,166
1702,22,31,51,16,120
1703,31,37,14,16,98
1705,37,30,84,15,166
1707,30,32,16,21,99
1708,16,32,16,21,85
1709,0,32,16,21,69
1710,16,37,15,15,83
1711,0,37,15,15,67
1712,21,30,118,14,183
1713,30,37,118,14,199
1714,15,37,118,14,184
1715,37,30,15,21,103
1716,22,30,15,21,88
1718,30,21,15,14,80
1721,0,29,23,14,66
1722,14,37,47,15,113
1724,42,34,119,21,216
1727,124,14,15,21,174
1728,15,38,15,14,82
1729,53,14,0,23,90
1731,0,29,0,23,52
1732,37,14,15,21,87
1733,23,14,15,21,73
1734,0,14,15,21,50
1735,66,36,45,22,169
1736,21,30,51,14,116
1737,30,36,45,22,133
1738,14,36,45,22,117
1739,36,29,16,22,103
1740,50,38,194,22,304
1741,29,38,194,22,283
1742,14,38,194,22,268
1743,0,38,194,22,254
1744,22,30,14,22,88
1746,14,36,45,22,117
1748,22,31,14,22,89
1749,0,31,14,22,67
1751,52,14,53,15,134
1752,22,30,53,15,120
1753,0,30,53,15,98
1754,0,14,53,15,82
1756,83,39,27,21,170
1757,0,37,50,19,106
1758,15,30,66,21,132
1759,0,30,66,21,117
1760,14,39,27,21,101
1761,39,27,89,15,170
1764,18,36,84,15,153
1765,0,36,84,15,135
1766,31,14,54,15,114
1767,30,38,16,15,99
1768,52,31,48,24,155
1770,63,16,15,24,118
1771,103,31,82,15,231
1772,15,33,15,24,87
1774,0,16,15,24,55
1776,86,36,15,15,152
1777,0,31,82,15,128
1778,46,36,15,15,112
1779,31,36,15,15,97
1780,36,15,15,15,81
1781,36,30,172,15,253
1782,15,30,172,15,232
1783,30,38,83,21,172
1785,0,38,83,21,142
1788,15,36,181,15,247
1789,0,36,181,15,232
1790,40,21,45,15,121
1791,39,30,15,15,99
1794,37,15,82,15,149
1795,0,30,82,15,127
1796,15,30,22,16,83
1797,0,30,22,16,68
1798,37,16,82,15,150
1799,105,30,82,22,239
1800,16,29,23,15,83
1803,38,30,82,22,172
1804,15,30,82,22,149
1805,0,30,82,22,134
1807,67,37,15,16,135
1808,45,37,15,16,113
1810,15,37,15,16,83
1811,0,37,15,16,68
1812,22,31,86,17,156
1813,31,32,54,17,134
1814,62,22,18,17,119
1817,14,22,18,17,71
1819,18,17,34,14,83
1821,0,34,14,16,64
1822,83,37,15,15,150
1823,0,30,97,15,142
1825,82,15,15,24,136
1826,67,15,15,24,121
1827,22,15,15,15,67
1828,15,30,15,24,84
1829,15,15,15,24,69
1833,0,29,150,15,194
1834,66,15,16,15,112
1835,37,30,16,15,98
1837,0,30,16,15,61
1839,31,37,216,15,299
1840,15,37,216,15,283
1842,14,30,22,15,81
1845,0,37,96,23,156
1846,96,15,53,15,179
1847,0,26,55,15,96
1848,0,11,55,15,81
1849,19,22,29,23,93
1850,0,22,29,23,74
1851,14,15,53,15,97
1852,0,15,53,15,83
1853,0,38,150,14,202
1854,45,38,29,16,128
1857,0,38,29,16,83
1858,0,23,29,16,68
1860,14,31,52,16,113
1861,99,38,45,16,198
1862,0,15,52,16,83
1863,52,16,15,23,106
1864,46,38,45,16,145
1866,16,38,45,16,115
1867,38,31,53,15,137
1868,23,31,53,15,122
1869,15,16,53,15,99
1870,0,16,53,15,84
1873,0,38,16,16,70
1874,0,15,16,16,47
1876,16,33,48,23,120
1877,33,32,154,16,235
1878,21,32,154,16,223
1879,104,30,15,14,163
1880,0,16,154,16,186
1881,39,33,45,14,131
1882,23,33,45,14,115
1883,33,30,15,14,92
1885,45,14,54,16,129
1886,30,14,54,16,114
1887,15,14,54,16,99
1888,14,39,83,15,151
1891,15,16,120,14,165
1893,82,15,202,15,314
1894,0,15,90,14,119
1897,15,15,202,15,247
1898,38,14,67,16,135
1899,68,36,0,16,120
1900,45,36,0,16,97
1901,31,36,0,16,83
1902,0,15,22,14,51
1903,0,36,0,16,52
1904,14,34,17,11,76
1905,0,34,17,11,62
1906,0,18,17,11,46
1907,17,11,22,14,64
1911,0,37,14,15,66
1912,0,22,14,15,51
1913,14,15,53,14,96
1914,15,38,15,14,82
1915,0,38,15,14,67
1916,23,29,37,15,104
1919,37,29,51,15,132
1922,51,29,0,22,102
1923,23,14,14,15,66
1924,14,29,0,22,65
1925,29,37,0,15,81
1926,15,37,0,15,67
1927,0,37,0,15,52
1928,15,31,22,14,82
1929,0,31,22,14,67
1930,38,14,15,15,82
1932,29,15,20,12,76
1935,20,12,84,23,139
1936,35,16,15,14,80
1939,15,14,39,14,82
1940,14,39,79,15,147
1942,0,23,79,15,117
1943,94,37,249,16,396
1944,0,15,266,16,297
1946,96,15,52,15,178
1947,67,30,52,15,164
1948,15,37,249,16,317
1951,0,30,52,15,97
1954,111,38,0,15,164
1955,81,15,16,22,134
1956,15,37,15,15,82
1957,0,37,15,15,67
1958,21,30,16,22,89
1959,46,22,0,15,83
1960,0,15,16,22,53
1961,38,29,34,13,114
1963,0,29,34,13,76
1964,0,14,34,13,61
1966,0,16,0,13,29
1967,101,36,0,16,153
1968,0,22,81,21,124
1969,30,36,113,21,200
1973,15,21,0,16,52
1976,0,15,15,15,45
1978,15,37,0,15,67
1979,37,30,185,15,267
1980,21,30,185,15,251
1982,53,30,15,21,119
1983,0,38,81,15,134
1984,16,30,15,21,82
1985,0,30,15,21,66
1987,36,30,15,22,103
1989,30,37,14,15,96
1991,0,37,14,15,66
1992,22,29,65,19,135
1993,0,29,65,19,113
1994,15,42,23,19,99
1995,16,26,23,19,84
2000,0,16,118,15,149
2001,0,37,81,15,133
2002,14,29,84,22,149
2003,81,15,85,15,196
2005,67,39,61,23,190
2006,0,15,46,22,83
2007,29,39,61,23,152
2008,15,39,61,23,138
2013,0,30,120,15,165
2014,15,39,81,15,150
2015,0,39,81,15,135
2016,61,21,215,15,312
2018,0,15,81,22,118
2019,51,15,15,22,103
2020,21,30,15,22,88
2021,67,30,365,22,484
2022,0,15,15,22,52
2023,15,22,15,15,67
2025,0,30,365,22,417
2026,15,37,81,15,148
2027,0,37,81,15,133
2028,89,29,16,21,155
2029,27,40,14,15,96
2030,56,29,16,21,122
2031,0,40,14,15,69
2032,88,30,51,16,185
2033,96,37,112,16,261
2034,15,37,30,15,97
2035,0,37,30,15,82
2037,30,37,112,16,195
2039,0,37,112,16,165
2041,67,30,119,14,230
2042,83,31,22,14,150
2043,37,30,119,14,200
2044,67,16,22,14,119
2045,30,31,22,14,97
2046,15,31,22,14,82
2047,0,31,22,14,67
2048,0,16,22,14,52
2049,52,15,21,14,102
2050,45,35,271,14,365
2052,0,15,21,14,50
2054,14,31,36,15,96
2055,16,15,36,15,82
2056,37,14,85,15,151
2057,22,14,85,15,136
2058,83,31,49,15,178
2059,15,16,19,19,69
2060,16,38,16,15,85
2061,38,31,49,15,133
2062,50,33,117,15,215
2063,31,33,117,15,196
2065,0,33,117,15,165
2066,0,17,117,15,149
2068,31,24,14,17,86
2069,16,24,14,17,71
2070,0,24,14,17,55
2072,0,17,15,15,47
2074,52,31,54,15,152
2077,16,15,54,15,100
2079,69,34,80,15,198
2080,15,38,18,16,87
2081,38,34,80,15,167
2082,0,15,18,16,49
2083,34,32,48,15,129
2085,64,31,52,19,166
2086,15,32,83,19,149
2087,0,32,83,19,134
2088,47,37,15,19,118
2089,53,15,15,19,102
2091,0,37,15,19,71
2092,49,36,149,14,248
2093,15,19,81,14,129
2095,0,36,149,14,199
2098,51,37,16,14,118
2099,30,37,16,14,97
2100,51,30,23,14,118
2101,0,37,16,14,67
2102,14,30,23,14,81
2103,0,30,23,14,67
2104,14,37,46,22,119
2106,44,38,45,21,148
2108,14,38,45,21,118
2109,16,22,45,21,104
2110,22,29,118,14,183
2111,0,29,118,14,161
2112,0,14,118,14,146
2113,37,31,186,17,271
2114,0,21,15,16,52
2115,0,31,186,17,234
2116,0,16,186,17,219
2119,29,37,15,21,102
2120,37,14,15,21,87
2121,0,37,15,21,73
2122,50,30,36,20,136
2124,36,15,36,20,107
2125,15,15,36,20,86
2126,34,17,50,16,117
2127,36,20,61,15,132
2128,83,30,89,15,217
2129,0,20,61,15,96
2130,46,30,89,15,180
2131,37,30,89,15,171
2132,16,30,89,15,150
2133,0,30,89,15,134
2134,82,37,30,15,164
2136,22,30,52,15,119
2137,67,30,0,15,112
2138,15,37,30,15,97
2139,52,15,0,15,82
2140,15,30,0,15,60
2141,30,37,262,19,348
2142,135,15,67,15,232
2144,0,22,262,19,303
2145,15,16,15,21,67
2146,31,21,16,15,83
2147,15,21,16,15,67
2148,21,31,67,15,134
2150,0,15,67,15,97
2151,31,36,30,22,119
2153,0,36,30,22,88
2155,15,15,52,15,97
2157,67,37,21,30,155
2158,15,30,58,30,133
2159,30,37,21,30,118
2160,52,21,92,16,181
2162,69,10,22,15,116
2165,22,10,22,15,69
2166,0,10,22,15,47
2169,0,31,53,15,99
2171,99,38,46,22,205
2172,15,30,16,15,76
2173,61,38,46,22,167
2174,15,31,53,15,114
2175,69,30,53,15,167
2178,45,38,15,15,113
2179,30,38,15,15,98
2180,83,31,37,16,167
2181,0,38,15,15,68
2182,120,31,100,17,268
2183,0,30,52,16,98
2185,52,16,0,16,84
2186,52,31,100,17,200
2187,68,36,64,17,185
2188,16,31,100,17,164
2189,16,15,100,17,148
2190,0,15,100,17,132
2191,0,36,64,17,117
2192,30,15,86,16,147
2195,0,34,0,17,51
2196,18,37,15,16,86
2198,20,31,15,22,88
2199,15,16,15,22,68
2201,0,37,46,14,97
2203,30,30,52,21,133
2205,0,30,52,21,103
2206,14,37,51,15,117
2207,0,37,51,15,103
2211,96,37,45,21,199
2212,81,37,45,21,184
2213,30,36,82,21,169
2214,15,36,82,21,154
2215,22,14,82,21,139
2216,14,37,45,21,117
2217,37,30,52,16,135
2218,21,30,52,16,119
2219,0,30,52,16,98
2221,104,29,47,17,197
2222,21,32,15,21,89
2223,0,32,15,21,68
2224,0,16,15,21,52
2225,101,28,256,16,401
2228,50,28,256,16,350
2229,0,36,115,15,166
2230,21,28,256,16,321
2233,0,35,52,15,102
2234,0,15,52,15,82
2236,15,30,21,14,80
2237,0,30,21,14,65
2238,0,15,21,14,50
2240,50,32,113,16,211
2241,0,36,15,17,68
2243,62,37,114,16,229
2245,15,15,52,15,97
2246,52,30,16,16,114
2247,37,30,16,16,99
2248,31,15,16,16,78
2249,46,16,22,15,99
2250,0,15,16,16,47
2251,54,15,15,16,100
2252,68,16,21,15,120
2253,0,37,15,16,68
2255,0,31,21,15,67
2256,0,16,21,15,52
2257,36,30,22,14,102
2259,0,30,22,14,66
2261,36,31,57,8,132
2265,22,18,45,15,100
2266,18,25,88,15,146
2268,81,30,134,16,261
2270,15,38,111,22,186
2273,82,14,15,22,133
2274,15,31,50,22,118
2275,0,31,50,22,103
2276,16,35,15,22,88
2277,35,37,16,15,103
2278,29,22,16,15,82
2279,15,22,16,15,68
2280,53,31,36,15,135
2281,134,30,87,15,266
2282,15,31,36,15,97
2283,67,36,0,15,118
2284,15,36,15,21,87
2285,36,36,0,15,87
2286,65,15,87,15,182
2287,36,30,87,15,168
2289,65,29,23,15,132
2290,65,14,23,15,117
2291,0,35,15,14,64
2292,21,29,23,15,88
2293,15,14,23,15,67
2294,37,15,81,18,151
2296,0,15,81,18,114
2298,51,33,16,20,120
2299,21,15,33,16,85
2300,15,33,16,20,84
2302,18,36,15,15,84
2303,0,36,15,15,66
2305,30,36,29,16,111
2306,15,36,29,16,96
2307,0,36,29,16,81
2308,0,21,29,16,66
2309,0,29,0,16,45
2311,69,30,22,15,136
2314,30,15,22,15,82
2315,30,37,15,21,103
2316,0,15,22,15,52
2317,0,37,15,21,73
2318,51,31,51,14,147
2319,15,21,15,16,67
2320,52,29,22,14,117
2321,31,29,22,14,96
2322,16,29,22,14,81
2323,65,31,116,21,233
2324,81,36,15,21,153
2325,22,14,16,15,67
2326,14,31,116,21,182
2327,0,31,116,21,168
2330,94,21,15,18,148
2331,0,36,0,15,51
2333,44,21,15,18,98
2335,68,30,20,15,133
2336,0,21,15,18,54
2337,0,33,30,20,83
2338,18,30,20,15,83
2340,16,35,0,15,66
2341,35,37,46,15,133
2342,15,37,46,15,113
2343,201,31,219,16,467
2344,83,37,0,15,135
2345,15,16,15,15,61
2347,0,30,22,15,67
2348,52,30,139,15,236
2349,37,30,139,15,221
2350,30,15,139,15,199
2353,36,31,219,16,302
2356,52,36,0,15,103
2357,0,36,15,21,72
2358,50,30,15,21,116
2360,36,15,15,21,87
2362,0,15,15,21,51
2364,21,30,21,15,87
2365,30,36,269,16,351
2366,15,36,269,16,336
2367,0,36,269,16,321
2368,15,31,85,12,143
2369,0,31,85,12,128
2371,0,33,116,21,170
2372,31,22,43,20,116
2373,15,22,43,20,100
2374,22,27,16,20,85
2375,43,20,16,21,100
2377,88,16,14,23,141
2378,20,37,113,16,186
2379,0,37,113,16,166
2381,0,31,14,23,68
2382,30,23,16,15,84
2383,37,31,14,16,98
2384,23,31,14,16,84
2385,0,31,14,16,61
2388,31,17,52,17,117
2389,69,32,19,18,138
2390,0,17,52,17,86
2391,37,32,19,18,106
2393,32,37,145,16,230
2394,36,18,145,16,215
2395,0,37,145,16,198
2397,65,30,50,16,161
2398,23,32,15,15,85
2399,0,32,15,15,62
2400,31,15,50,16,112
2401,15,15,50,16,96
2402,0,15,50,16,81
2403,34,32,70,16,152
2404,48,33,85,16,182
2405,102,33,31,13,179
2407,17,16,85,16,134
2408,38,15,64,13,130
2409,0,37,64,13,114
2410,15,33,31,13,92
2412,0,17,31,13,61
2414,16,32,0,18,66
2415,13,19,0,18,50
2416,77,9,22,16,124
2417,37,30,22,16,105
2418,0,19,0,21,40
2419,0,30,22,16,68
2420,31,16,0,17,64
2422,16,32,98,18,164
2425,16,16,50,16,98
2426,16,34,50,16,116
2427,0,34,50,16,100
2428,18,32,149,17,216
2429,0,32,149,17,198
2430,34,16,70,10,130
2431,34,35,97,17,183
2432,16,35,97,17,165
2434,0,17,97,17,131
2435,35,28,17,17,97
2439,0,34,0,17,51
2440,0,17,0,17,34
2441,0,33,125,29,187
2442,32,18,91,29,170
2444,18,32,156,16,222
2445,0,32,156,16,204
2446,16,40,19,29,104
2450,29,15,53,16,113
2451,36,31,153,14,234
2452,15,31,153,14,213
2453,0,31,153,14,198
2454,15,38,16,16,85
2456,32,16,15,15,78
2457,0,32,15,15,62
2458,0,16,15,15,46
2460,0,15,154,15,184
2461,67,33,16,23,139
2462,44,33,16,23,116
2463,0,30,87,15,132
2465,72,30,15,15,132
2469,0,30,15,15,60
2470,15,30,22,15,82
2473,0,37,57,28,122
2474,15,30,55,17,117
2477,0,27,128,15,170
2478,28,17,15,15,75
2479,20,17,15,15,67
2480,17,30,53,15,115
2481,30,38,15,15,98
2482,15,38,15,15,83
2483,38,30,87,9,164
2484,22,30,87,9,148
2485,0,30,87,9,126
2486,78,33,24,16,151
2487,63,33,24,16,136
2488,0,16,15,15,46
2489,30,33,24,16,103
2491,0,33,24,16,73
2492,33,16,16,17,82
2493,24,16,16,17,73
2495,64,36,78,21,199
2496,0,17,83,16,116
2497,0,31,15,21,67
2502,0,16,67,16,99
2503,46,21,46,21,134
2505,0,36,46,21,103
2508,130,22,81,15,248
2510,21,31,16,16,84
2511,0,31,16,16,63
2512,0,16,16,16,48
2514,16,38,81,15,150
2515,38,30,81,22,171
2516,22,30,81,22,155
2518,52,30,15,22,119
2519,36,30,15,22,103
2520,21,30,15,22,88
2523,37,26,0,24,87
2524,48,39,16,15,118
2525,26,39,16,15,96
2526,10,39,16,15,80
2527,0,39,16,15,70
2531,54,15,334,12,415
2532,0,15,372,12,399
2534,15,334,0,12,361
2536,56,31,54,15,156
2537,23,21,219,17,280
2538,11,21,219,17,268
2540,0,31,54,15,100
2541,15,38,134,16,203
2542,0,38,134,16,188
2543,15,31,16,15,77
2544,16,15,16,15,62
2547,0,15,72,16,103
2549,48,33,16,15,112
2550,23,16,111,23,173
2552,80,16,54,16,166
2553,0,17,16,15,48
2554,31,32,54,16,133
2555,15,32,54,16,117
2556,16,16,54,16,102
2557,0,16,54,16,86
2559,195,29,86,15,325
2560,16,16,16,25,73
2561,0,16,16,25,57
2562,56,17,16,15,104
2563,0,25,15,17,57
2564,0,32,16,15,63
2566,16,15,57,8,96
2567,15,36,21,8,80
2572,23,16,47,15,101
2573,78,33,85,16,212
2574,16,15,49,15,95
2575,0,15,49,15,79
2577,15,33,85,16,149
2578,88,15,15,16,134
2579,15,39,214,15,283
2581,22,31,15,16,84
2583,0,15,15,16,46
2584,15,16,152,15,198
2586,69,31,15,23,138
2587,22,31,114,16,183
2588,0,31,114,16,161
2590,0,31,15,23,69
2591,0,16,15,23,54
2592,15,23,45,16,99
2593,0,23,45,16,84
2594,14,15,16,16,61
2595,47,33,26,26,132
2596,32,33,26,26,117
2597,16,33,26,26,101
2600,26,40,22,16,104
2602,17,14,22,16,69
2603,0,14,22,16,52
2605,16,31,16,23,86
2606,70,31,16,16,133
2607,55,31,16,16,118
2608,16,23,47,16,102
2609,23,31,16,16,86
2611,15,32,82,15,144
2612,16,16,82,15,129
2614,0,30,52,15,97
2615,52,30,53,15,150
2617,15,30,53,15,113
2618,98,36,83,15,232
2620,37,31,15,21,104
2621,14,31,15,21,81
2624,0,36,83,15,134
2625,51,38,15,15,119
2626,30,38,15,15,98
2627,15,38,15,15,83
2629,0,22,15,15,52
2630,45,17,99,22,183
2631,15,32,99,22,168
2633,17,31,22,15,85
2634,18,13,22,15,68
2635,13,37,16,15,81
2636,0,37,16,15,68
2637,15,31,22,15,83
2638,16,15,22,15,68
2639,0,15,22,15,52
2642,0,31,15,21,67
2644,36,31,69,15,151
2645,21,31,69,15,136
2646,31,38,31,15,115
2648,69,30,152,15,266
2649,100,22,129,17,268
2650,15,16,30,16,77
2652,0,30,152,15,197
2653,68,15,0,15,98
2654,0,38,129,17,184
2655,67,22,62,17,168
2656,30,37,62,17,146
2657,15,37,62,17,131
2658,0,37,62,17,116
2660,79,15,169,16,279
2661,47,32,169,16,264
2662,0,32,134,21,187
2663,15,32,169,16,232
2664,0,32,169,16,217
2666,20,21,30,15,86
2667,21,30,31,21,103
2669,22,31,98,22,173
2670,0,31,98,22,151
2673,0,16,14,16,46
2674,30,31,22,15,98
2675,16,31,22,15,84
2676,0,31,22,15,68
2677,15,37,82,16,150
2680,0,30,52,16,98
2681,15,37,119,14,185
2682,37,31,88,14,170
2683,68,15,81,15,179
2685,16,37,81,15,149
2686,52,14,22,14,102
2687,0,15,81,15,111
2688,29,36,16,15,96
2691,14,31,52,12,109
2692,31,37,15,12,95
2693,0,15,52,12,79
2694,0,37,15,12,64
2696,27,37,151,15,230
2697,12,37,151,15,215
2698,0,37,151,15,203
2699,20,31,89,15,155
2700,0,31,89,15,135
2701,0,16,89,15,120
2702,52,15,84,22,173
2703,16,30,84,22,152
2704,0,30,84,22,136
2705,37,15,84,14,150
2706,37,31,16,22,106
2709,82,37,45,22,186
2710,38,29,16,21,104
2712,0,29,16,21,66
2713,30,21,45,22,118
2714,0,37,45,22,104
2715,0,21,45,22,88
2717,15,37,15,14,81
2718,103,30,112,23,268
2719,22,29,15,22,88
2720,66,30,112,23,231
2722,0,37,46,15,98
2724,61,38,0,12,111
2725,30,15,81,23,149
2727,15,38,0,12,65
2728,0,38,0,12,50
2730,43,23,48,16,130
2735,0,15,16,16,47
2737,32,17,54,16,119
2738,0,33,54,16,103
2739,0,17,54,16,87
2740,54,16,17,15,102
2742,32,32,16,15,95
2743,0,16,17,15,48
2744,32,31,50,17,130
2745,15,31,50,17,113
2747,15,34,54,15,118
2748,0,34,54,15,103
2750,16,17,51,15,99
2752,36,30,24,14,104
2753,15,30,24,14,83
2754,0,30,24,14,68
2755,15,38,116,17,186
2757,0,14,116,17,147
2758,0,31,15,21,67
2759,51,30,36,20,137
2760,15,21,66,20,122
2761,51,36,51,16,154
2763,34,17,51,16,118
2764,103,31,53,16,203
2766,0,29,53,16,98
2767,0,9,53,16,78
2771,116,36,0,17,169
2774,84,21,0,17,122
2775,47,36,0,17,100
2776,31,36,0,17,84
2777,15,36,0,17,68
2778,0,36,0,17,53
2779,0,21,0,17,38
2780,62,39,15,16,132
2781,0,15,53,16,84
2782,15,15,54,16,100
2783,15,39,15,16,85
2784,0,39,15,16,70
2785,31,16,15,15,77
2786,0,31,15,15,61
2787,16,30,51,16,113
2788,0,30,51,16,97
2789,15,36,123,7,181
2793,38,14,56,7,115
2794,51,16,69,15,151
2795,29,16,69,15,129
2797,0,16,69,15,100
2798,49,20,52,15,136
2799,24,20,52,15,111
2800,17,20,52,15,104
2802,15,15,318,16,364
2803,0,15,318,16,349
2804,22,15,100,15,152
2805,84,31,15,15,145
2806,0,31,53,16,100
2809,22,31,15,15,83
2810,0,31,15,15,61
2811,16,30,22,14,82
2812,15,15,22,14,66
2814,106,29,181,25,341
2815,61,23,14,15,113
2816,0,31,16,23,70
2817,15,39,14,15,83
2818,16,23,14,15,68
2821,31,16,83,21,151
2822,70,30,15,21,136
2823,69,15,15,21,120
2825,37,15,15,21,88
2827,0,15,15,21,51
2828,81,25,76,21,203
2831,0,15,14,25,54
2832,0,39,76,21,136
2833,0,25,76,21,122
2834,0,26,0,20,46
2836,0,35,51,15,101
2837,0,15,51,15,81
2838,36,30,16,22,104
2839,21,30,16,22,89
2841,15,38,15,15,83
2842,0,38,15,15,68
2843,0,22,15,15,52
2844,0,30,183,16,229
2845,15,36,80,15,146
2846,65,36,113,22,236
2847,116,38,45,22,221
2848,29,36,113,22,200
2849,14,36,113,22,185
2850,0,36,113,22,171
2851,21,30,23,15,89
2852,0,30,23,15,68
2853,15,38,45,22,120
2855,15,30,155,14,214
2856,0,30,155,14,199
2857,16,37,81,15,149
2859,0,22,81,15,118
2860,0,30,51,15,96
2862,0,36,52,14,102
2863,0,21,52,14,87
2865,15,36,55,30,136
2866,36,37,18,30,121
2867,33,18,18,30,99
2869,66,15,14,21,116
2870,0,18,59,21,98
2871,0,45,14,21,80
2873,29,21,16,16,82
2874,14,21,16,16,67
2876,0,32,16,15,63
2877,16,31,118,15,180
2878,0,31,118,15,164
2879,15,36,16,14,81
2880,0,36,16,14,66
2882,30,37,97,16,180
2883,14,37,97,16,164
2886,0,30,67,16,113
2887,15,37,15,15,82
2888,15,22,15,15,67
2890,98,31,87,15,231
2892,0,31,22,15,68
2896,0,31,87,15,133
2900,0,29,36,12,77
2901,98,15,21,15,149
2903,15,29,122,14,180
2904,48,15,21,15,99
2906,70,37,51,15,173
2907,15,36,66,22,139
2909,30,22,51,15,118
2910,0,37,51,15,103
2911,37,14,22,15,88
2912,15,14,22,15,66
2913,14,37,46,21,118
2914,0,37,46,21,104
2915,15,30,119,15,179
2917,134,15,53,15,217
2918,0,37,45,22,104
2920,0,30,120,15,165
2922,15,22,15,15,67
2923,0,22,15,15,52
2924,0,30,53,15,98
2925,0,15,53,15,83
2927,16,37,84,15,152
2928,37,31,105,15,188
2929,15,31,105,15,166
2930,16,15,105,15,151
2931,0,15,105,15,135
2932,16,22,67,15,120
2933,37,15,0,15,67
2934,15,15,0,15,45
2935,0,15,0,15,30
2936,0,37,15,20,72
2938,70,30,46,15,161
2941,18,30,46,15,109
2942,30,31,52,14,127
2943,22,31,52,14,119
2944,46,15,89,14,164
2946,15,15,89,14,133
2947,134,15,118,14,281
2948,36,30,23,14,103
2949,14,30,23,14,81
2952,68,37,15,14,134
2955,15,37,15,14,81
2957,0,22,15,14,51
2958,15,14,52,14,95
2959,14,37,15,14,80
2960,0,37,15,14,66
2961,44,38,46,22,150
2962,29,38,46,22,135
2963,37,15,46,22,120
2964,0,38,46,22,106
2965,30,15,167,20,232
2966,15,15,167,20,217
2968,38,32,15,14,99
2969,0,22,178,21,221
2972,0,29,0,23,52
2974,0,39,12,17,68
2975,28,17,267,15,327
2976,29,35,35,16,115
2977,17,35,35,16,103
2978,0,35,35,16,86
2980,35,32,30,22,119
2981,21,32,30,22,105
2982,62,37,98,15,212
2983,0,16,30,22,68
2984,83,15,0,16,114
2985,15,37,98,15,165
2987,62,21,15,15,113
2989,52,30,51,16,149
2990,0,37,15,15,67
2991,51,36,31,16,134
2994,0,36,31,16,83
2995,52,37,81,14,184
2996,0,31,214,22,267
2997,82,36,46,21,185
2998,37,29,52,14,132
3000,29,36,46,21,132
3001,80,37,0,16,133
3003,88,31,51,11,181
3006,37,31,51,11,130
3007,21,31,51,11,114
3009,0,15,51,11,77
3010,14,22,349,15,400
3011,22,26,208,15,271
3012,26,36,22,15,99
3014,58,15,16,15,104
3015,45,31,165,23,264
3016,37,31,165,23,256
3019,81,38,46,15,180
3020,36,30,53,14,133
3022,30,38,46,15,129
3023,30,23,46,15,114
3024,38,29,17,15,99
3026,29,32,54,15,130
3027,0,14,17,15,46
3028,70,31,87,15,203
3029,38,15,16,15,84
3031,15,31,87,15,148
3032,0,31,87,15,133
3033,15,32,23,16,86
3035,0,15,23,16,54
3036,39,31,100,16,186
3037,47,32,68,16,163
3038,0,31,100,16,147
3040,100,31,66,20,217
3041,15,30,23,15,83
3043,53,31,66,20,170
3044,0,38,46,24,108
3045,15,31,66,20,132
3047,81,36,15,21,153
3048,0,39,27,20,86
3050,0,27,88,15,130
3051,16,36,15,21,88
3052,0,36,15,21,72
3053,52,31,51,15,149
3054,36,31,51,15,133
3056,16,15,51,15,97
3058,0,30,21,15,66
3061,15,32,15,16,78
3062,47,16,73,15,151
3063,31,16,73,15,135
3064,15,16,73,15,119
3065,53,36,15,15,119
3066,73,30,15,21,139
3068,0,36,15,15,66
3071,51,31,15,15,112
3072,36,31,15,15,97
3073,21,31,15,15,82
3074,16,15,15,15,61
3075,83,36,0,15,134
3076,82,22,0,15,119
3078,52,22,0,15,89
3079,15,36,0,15,66
3082,0,30,15,21,66
3083,0,15,15,21,51
3084,36,30,63,19,148
3085,21,30,63,19,133
3086,41,26,26,19,112
3088,0,37,26,19,82
3089,0,26,26,19,71
3090,26,35,0,22,83
3093,16,37,66,15,134
3094,0,37,66,15,118
3095,44,37,147,22,250
3097,81,36,15,15,147
3098,0,37,147,22,206
3099,44,36,15,15,110
3100,0,30,117,22,169
3101,81,35,16,22,154
3103,0,15,15,15,45
3104,65,38,16,15,134
3105,50,38,16,15,119
3106,35,38,16,15,104
3107,14,38,16,15,83
3108,0,38,16,15,69
3109,38,15,14,15,82
3110,0,31,14,15,60
3111,44,36,31,23,134
3112,14,15,22,14,65
3113,15,36,31,23,105
3114,0,36,31,23,90
3116,0,31,0,23,54
3117,15,34,86,15,150
3118,23,11,86,15,135
3119,0,11,86,15,112
3121,81,37,83,15,216
3122,0,37,45,22,104
3123,0,22,45,22,89
3125,0,15,83,21,119
3126,15,22,83,15,135
3127,0,22,83,15,120
3128,0,31,15,21,67
3129,30,21,99,16,166
3130,15,21,99,16,151
3132,0,31,53,15,99
3133,15,31,22,15,83
3134,0,31,22,15,68
3136,37,31,14,22,104
3138,0,31,14,22,67
3139,51,30,36,15,132
3140,51,15,36,15,117
3142,15,15,36,15,81
3146,84,15,81,15,195
3147,53,31,81,15,180
3149,35,15,81,15,146
3150,0,31,81,15,127
3151,0,15,81,15,111
3152,0,30,237,16,283
3153,0,15,237,16,268
3155,45,38,0,14,97
3157,15,38,0,14,67
3158,0,38,0,14,52
3159,0,16,0,14,30
3161,37,14,68,16,135
3164,15,15,22,16,68
3165,15,38,83,14,150
3167,16,31,15,22,84
3168,0,31,15,22,68
3169,30,22,15,14,81
3170,15,22,15,14,66
3172,0,29,53,15,97
3175,0,22,15,15,52
3176,0,30,55,15,100
3177,32,18,117,15,182
3178,17,18,117,15,167
3180,0,35,180,21,236
3182,67,30,186,15,298
3183,52,30,186,15,283
3184,67,37,46,21,171
3185,22,30,186,15,253
3187,15,37,46,21,119
3188,37,31,80,22,170
3189,21,31,80,22,154
3192,0,36,82,15,133
3193,21,30,14,22,87
3196,36,31,46,22,135
3199,15,31,52,15,113
3201,67,15,0,16,98
3202,37,30,0,16,83
3203,22,30,0,16,68
3204,0,30,0,16,46
3206,53,18,20,29,120
3207,0,23,148,14,185
3208,14,18,20,29,81
3211,29,14,16,15,74
3212,36,31,118,22,207
3214,0,31,118,22,171
3216,22,14,15,23,74
3217,29,23,16,14,82
3218,0,38,16,14,68
3219,23,30,181,21,255
3220,0,30,181,21,232
3221,14,36,16,16,82
3222,0,36,16,16,68
3224,62,37,151,15,265
3225,16,30,52,15,113
3226,30,37,151,15,233
3227,15,37,151,15,218
3228,0,37,151,15,203
3229,22,30,16,21,89
3231,15,37,46,22,120
3232,167,37,30,15,249
3233,0,21,46,22,89
3234,0,30,54,15,99
3235,52,31,46,22,151
3236,0,38,315,15,368
3238,31,31,15,22,99
3239,0,15,46,22,83
3241,20,37,30,15,102
3242,0,37,30,15,82
3243,0,22,30,15,67
3244,0,30,186,15,231
3245,21,37,0,16,74
3247,53,36,82,15,186
3249,0,15,51,14,80
3250,0,36,82,15,133
3252,29,37,16,15,97
3256,62,32,22,14,130
3258,31,32,22,14,99
3259,15,32,22,14,83
3262,104,31,15,18,168
3263,14,31,120,11,176
3265,15,37,181,15,248
3267,15,31,15,18,79
3269,0,16,15,18,49
3270,33,30,56,15,134
3271,37,11,56,15,119
3272,0,30,56,15,101
3273,31,22,60,16,129
3274,56,15,47,23,141
3275,51,31,39,17,138
3277,15,31,39,17,102
3278,31,39,84,15,169
3279,31,23,84,15,153
3280,0,39,84,15,138
3281,0,23,84,15,122
3282,0,32,150,15,197
3283,67,15,113,15,210
3284,15,15,22,15,67
3286,22,15,113,15,165
3287,31,15,181,22,249
3288,0,31,181,22,234
3289,30,15,52,15,112
3290,0,30,52,15,97
3291,82,39,15,15,151
3293,114,37,16,14,181
3294,30,39,15,15,99
3295,15,39,15,15,84
3296,0,39,15,15,69
3297,0,23,15,15,53
3298,0,30,121,14,165
3299,0,15,121,14,150
3300,15,22,16,14,67
3301,0,22,16,14,52
3304,20,12,22,14,68
3306,36,32,52,15,135
3307,14,32,52,15,113
3309,0,16,52,15,83
3310,38,29,15,22,104
3311,52,37,81,16,186
3312,14,15,15,22,66
3314,15,22,81,16,134
3315,0,22,81,16,119
3316,0,29,52,16,97
3317,51,31,118,9,209
3318,15,22,15,16,68
3319,22,31,118,9,180
3321,16,30,88,9,143
3322,0,30,88,9,127
3324,88,9,120,15,232
3326,37,30,201,16,284
3327,27,30,201,16,274
3328,49,38,15,15,117
3330,13,38,15,15,81
3331,22,16,15,15,68
3332,0,16,15,15,46
3333,30,38,48,15,131
3334,31,22,48,15,116
3335,16,22,48,15,101
3336,38,16,47,16,117
3342,32,17,55,15,119
3343,0,33,55,15,103
3344,0,17,55,15,87
3345,0,40,15,15,70
3346,0,23,15,15,53
3348,15,30,22,14,81
3349,52,14,48,22,136
3350,15,36,48,22,121
3352,14,32,53,15,114
3353,85,15,14,22,136
3354,0,16,53,15,84
3355,38,30,14,22,104
3356,22,30,14,22,88
3357,30,36,48,17,131
3358,0,15,14,22,51
3360,87,35,14,15,151
3362,99,15,136,19,269
3364,81,40,25,20,166
3366,36,15,136,19,206
3367,29,40,25,20,114
3368,15,40,25,20,100
3369,16,24,25,20,85
3370,0,24,25,20,69
3371,25,41,49,11,126
3372,17,41,49,11,118
3373,20,21,49,11,101
3374,0,21,49,11,81
3376,20,30,204,11,265
3377,19,11,204,11,245
3378,0,11,204,11,226
3379,34,37,48,16,135
3381,0,37,48,16,101
3383,15,15,34,16,80
3384,0,15,34,16,65
3385,34,38,15,16,103
3386,32,22,15,16,85
3387,0,38,15,16,69
3388,0,22,15,16,53
3393,0,35,54,15,104
3396,16,37,19,16,88
3397,22,15,19,16,72
3398,15,35,196,18,264
3399,35,29,119,15,198
3400,16,29,119,15,179
3401,0,29,119,15,163
3402,31,23,0,17,71
3403,15,23,0,17,55
3404,0,23,0,17,40
3406,0,17,17,14,48
3407,31,31,17,16,95
3408,45,33,0,18,96
3409,0,31,17,16,64
3410,15,33,0,18,66
3411,17,16,0,18,51
3413,0,35,16,16,67
3415,0,32,48,21,101
3417,34,35,62,24,155
3419,35,32,183,16,266
3420,153,37,15,16,221
3421,0,32,183,16,231
3422,0,16,183,16,215
3423,15,15,85,22,137
3424,39,15,202,14,270
3425,0,39,202,14,255
3427,15,16,15,22,68
3428,16,37,15,16,84
3430,22,31,15,16,84
3431,0,31,15,16,62
3432,0,16,15,16,47
3434,37,20,144,15,216
3435,21,20,144,15,200
3436,0,20,144,15,179
3438,38,15,84,15,152
3439,14,15,84,15,128
3441,0,31,84,15,130
3442,0,16,84,15,115
3443,53,15,16,15,99
3444,36,15,16,15,82
3445,14,15,16,15,60
3447,31,38,31,15,115
3448,0,15,54,15,84
3450,32,15,50,15,112
3451,31,36,14,15,96
3452,30,21,14,15,80
3453,15,21,14,15,65
3454,0,21,14,15,50
3455,14,15,22,15,66
3456,52,30,38,15,135
3458,15,30,38,15,98
3459,0,30,38,15,83
3460,53,31,15,21,120
3461,38,31,15,21,105
3462,17,31,15,21,84
3463,46,21,49,17,133
3464,0,16,15,21,52
3465,36,31,55,8,130
3466,52,35,83,16,186
3467,0,31,55,8,94
3468,50,28,71,16,165
3469,35,28,71,16,150
3470,17,28,71,16,132
3473,24,9,22,16,71
3474,31,16,231,21,299
3475,38,31,21,15,105
3477,0,31,21,15,67
3478,15,36,30,22,103
3479,36,30,66,22,154
3480,15,30,66,22,133
3484,0,15,14,15,44
3485,0,29,120,14,163
3489,30,36,52,14,132
3490,15,36,52,14,117
3491,0,36,52,14,102
3492,81,31,0,23,135
3493,0,30,36,15,81
3494,14,36,214,22,286
3495,36,31,0,23,90
3496,14,31,0,23,68
3498,39,15,46,17,117
3500,0,15,46,17,78
3502,15,32,0,17,64
3505,0,37,150,16,203
3506,0,20,150,16,186
3508,15,37,45,16,113
3509,0,37,45,16,98
3510,22,30,15,16,83
3511,0,30,15,16,61
3513,98,38,65,16,217
3515,67,38,65,16,186
3520,22,29,134,15,200
3524,68,22,44,22,156
3527,51,15,68,16,150
3529,14,15,68,16,113
3530,15,37,0,16,68
3532,0,22,0,16,38
3533,0,31,32,16,79
3534,15,32,86,21,154
3537,0,31,76,8,115
3538,70,21,44,15,150
3541,16,21,44,15,96
3542,0,21,44,15,80
3543,0,30,14,15,59
3545,14,15,100,22,151
3546,15,32,53,15,115
3547,16,16,53,15,100
3550,15,30,0,22,67
3551,15,15,0,22,52
3553,0,31,22,14,67
3554,45,38,46,15,144
3555,22,14,54,14,104
3556,14,38,46,15,113
3557,0,38,46,15,99
3558,0,23,46,15,84
3559,16,14,67,15,112
3560,14,31,36,15,96
3561,67,30,36,15,148
3563,88,14,0,15,117
3564,29,15,36,15,95
3565,0,30,36,15,81
3566,0,15,36,15,66
3567,105,31,99,15,250
3568,14,31,168,15,228
3569,0,31,168,15,214
3570,0,16,168,15,199
3571,38,31,99,15,183
3572,31,16,99,15,161
3573,0,31,99,15,145
3574,31,18,0,16,65
3575,33,37,29,15,114
3576,18,37,29,15,99
3577,66,38,111,23,238
3578,0,21,29,15,65
3579,15,14,15,23,67
3582,40,9,37,16,102
3583,0,26,37,16,79
3584,0,9,37,16,62
3586,63,23,114,17,217
3587,16,16,16,23,71
3588,32,23,114,17,186
3589,16,23,114,17,170
3590,0,23,114,17,154
3594,85,30,134,15,264
3595,37,32,15,15,99
3596,54,30,134,15,233
3597,15,17,15,15,62
3598,47,37,14,15,113
3599,30,37,14,15,96
3600,15,37,14,15,81
3601,0,37,14,15,66
3602,0,16,14,15,45
3603,29,37,15,16,97
3607,0,31,0,15,46
3608,16,31,21,15,83
3609,0,31,21,15,67
3610,52,34,87,15,188
3612,99,15,52,15,181
3613,34,35,0,15,84
3615,132,32,23,9,196
3619,0,37,15,15,67
3620,45,32,23,9,109
3621,62,32,24,15,133
3622,15,32,23,9,79
3624,15,32,24,15,86
3625,56,15,0,16,87
3627,102,32,23,15,172
3629,16,16,15,16,63
3630,0,16,15,16,47
3632,16,32,23,15,86
3633,101,31,23,15,170
3635,0,38,16,15,69
3636,46,31,23,15,115
3637,31,31,23,15,100
3638,15,31,23,15,84
3640,53,32,48,22,155
3641,0,38,49,15,102
3643,0,32,48,22,102
3644,16,32,16,22,86
3645,32,38,16,15,101
3647,0,38,16,15,69
3649,31,28,52,22,133
3650,0,15,49,15,79
3651,0,28,52,22,102
3652,38,15,182,22,257
3655,0,38,51,15,104
3657,0,29,22,15,66
3658,0,15,22,15,52
3660,0,15,16,15,46
3661,0,31,148,16,195
3663,0,31,16,22,69
3664,15,38,16,16,85
3665,0,38,16,16,70
3666,86,31,89,16,222
3667,0,32,47,16,95
3668,0,16,47,16,79
3669,63,38,14,15,130
3670,47,38,14,15,114
3671,15,16,89,16,136
3672,16,38,14,15,83
3676,37,16,15,15,83
3678,0,16,15,15,46
3679,0,30,53,15,98
3680,15,31,189,14,249
3681,53,15,16,14,98
3682,15,37,16,14,82
3683,22,15,16,14,67
3684,130,14,172,15,331
3686,14,37,99,16,166
3688,14,29,0,19,62
3689,0,29,0,19,48
3690,17,33,172,15,237
3691,19,14,172,15,220
3692,37,14,0,16,67
3693,23,14,0,16,53
3696,52,30,22,15,119
3701,37,30,0,22,89
3702,15,30,0,22,67
3703,0,30,0,22,52
3704,0,15,0,22,37
3705,22,16,30,16,84
3707,15,15,85,30,145
3708,15,31,54,30,130
3713,15,30,25,16,86
3714,55,31,22,29,137
3715,0,25,197,17,239
3716,15,31,22,29,97
3717,31,22,0,29,82
3718,15,22,0,29,66
3722,37,52,26,17,132
3723,81,12,68,23,184
3724,29,23,26,17,95
3726,0,23,26,17,66
3727,26,39,14,15,94
3729,68,23,66,16,173
3731,0,29,38,30,97
3733,23,45,66,22,156
3735,0,30,66,22,118
3737,21,31,14,22,88
3739,51,44,39,15,149
3740,36,44,39,15,134
3742,44,23,46,15,128
3743,82,46,105,30,263
3744,14,23,46,15,98
3745,0,23,46,15,84
3746,0,31,15,15,61
3749,15,16,105,30,166
3752,29,17,15,22,83
3756,22,30,15,22,89
3758,15,37,45,22,119
3759,37,29,16,22,104
3760,22,29,16,22,89
3761,0,29,16,22,67
3762,14,38,15,19,86
3763,38,15,19,17,89
3764,56,17,0,17,90
3765,0,15,19,17,51
3766,53,17,165,16,251
3767,0,17,0,17,34
3768,51,28,51,31,161
3769,34,28,51,31,144
3773,15,14,22,31,82
3774,0,14,22,31,67
3778,0,15,23,16,54
3780,16,16,201,15,248
3782,67,45,22,29,163
3783,15,15,171,30,231
3784,37,45,22,29,133
3786,30,15,22,29,96
3788,15,22,67,15,119
3789,22,45,22,15,104
3790,29,16,22,15,82
3792,16,22,67,15,120
3793,0,22,67,15,104
3794,0,45,22,15,82
3795,30,22,65,34,151
3796,84,17,50,30,181
3798,0,48,67,30,145
3799,33,17,50,30,130
3800,35,34,46,23,138
3801,0,17,50,30,97
3802,0,34,46,23,103
3803,23,46,0,23,92
3804,0,46,0,23,69
3805,15,15,0,23,53
3806,53,15,15,14,97
3807,0,23,132,15,170
3808,0,30,15,14,59
3809,44,22,14,15,95
3810,29,22,14,15,80
3812,22,29,89,15,155
3813,29,22,82,30,163
3814,15,22,82,30,149
3815,37,30,22,15,104
3816,15,30,22,15,82
3817,67,30,15,22,134
3821,30,37,14,15,96
3822,15,37,14,15,81
3823,15,22,14,15,66
3825,0,29,54,18,101
3827,17,15,22,18,72
3828,0,15,22,18,55
3830,0,35,64,36,135
3832,0,49,15,36,100
3833,52,36,16,29,133
3834,37,36,16,29,118
3836,0,36,16,29,81
3837,104,16,14,14,148
3838,16,29,15,23,83
3839,0,29,15,23,67
3841,0,38,16,28,82
3843,0,16,14,14,44
3844,0,50,220,27,297
3846,0,22,220,27,269
3847,31,36,16,30,113
3849,0,36,16,30,82
3853,15,15,92,27,149
3854,52,30,52,16,150
3855,0,23,164,15,202
3856,29,15,52,16,112
3857,30,25,27,16,98
3859,25,43,134,15,217
3860,27,16,134,15,192
3861,102,38,14,30,184
3865,112,16,22,15,165
3867,67,31,22,15,135
3868,51,31,22,15,119
3869,29,31,22,15,97
3870,114,37,15,15,181
3871,15,16,22,15,68
3873,22,46,82,21,171
3875,31,37,15,15,98
3876,15,37,15,15,82
3877,37,30,15,21,103
3879,30,36,85,16,167
3880,15,36,85,16,152
3881,36,16,16,15,83
3882,21,16,16,15,68
3884,0,47,22,16,85
3885,53,46,52,16,167
3887,22,46,52,16,136
3888,81,33,85,16,215
3889,30,35,81,23,169
3890,15,35,81,23,154
3891,52,16,85,16,169
3892,22,33,85,16,156
3894,16,32,217,16,281
3895,71,14,114,14,213
3897,39,14,114,14,181
3898,23,14,114,14,165
3899,14,45,150,23,232
3900,45,23,15,16,99
3901,0,29,150,23,202
3902,14,23,15,16,68
3903,0,23,15,16,54
3904,15,16,15,14,60
3905,16,51,14,16,97
3907,0,36,14,16,66
3911,38,15,18,15,86
3912,23,15,18,15,71
3913,33,15,16,14,78
3914,0,33,16,14,63
3915,0,15,16,14,45
3916,30,16,36,15,97
3918,37,46,18,17,118
3919,21,46,18,17,102
3921,15,16,18,17,66
3924,17,35,165,16,233
3925,0,35,165,16,216
3927,34,30,70,31,165
3928,0,47,70,31,148
3929,30,32,38,31,131
3930,15,32,38,31,116
3931,0,32,38,31,101
3932,15,22,96,21,154
3933,69,32,138,16,255
3934,32,15,16,16,79
3935,31,32,138,16,217
3936,85,16,15,16,132
3937,32,38,0,16,86
3939,0,38,0,16,54
3940,21,16,15,16,68
3941,0,16,15,16,47
3942,0,47,15,22,84
3943,69,16,16,32,133
3945,15,22,16,16,69
3946,22,16,16,32,86
3947,16,48,16,20,100
3949,0,32,16,20,68
3950,16,36,94,22,168
3951,0,36,94,22,152
3952,20,16,78,22,136
3953,16,49,166,15,246
3955,0,33,166,15,214
3956,35,34,16,31,116
3957,17,34,16,31,98
3959,22,47,53,30,152
3961,69,15,15,15,114
3962,16,38,82,30,166
3963,68,31,36,15,150
3964,0,22,82,30,134
3965,0,15,15,15,45
3966,15,31,36,15,97
3967,52,45,37,30,164
3969,21,45,37,30,133
3972,82,22,97,15,216
3974,67,46,15,21,149
3976,15,22,97,15,149
3977,0,22,97,15,134
3978,0,46,15,21,82
3979,31,36,15,15,97
3980,133,15,0,19,167
3981,15,21,15,15,66
3982,21,30,67,19,137
3984,15,38,14,15,82
3986,22,29,0,19,70
3987,29,19,81,15,144
3990,0,50,0,31,81
3991,12,21,0,31,64
3994,16,37,14,16,83
3995,15,22,14,16,67
3997,68,15,14,15,112
3999,38,15,14,15,82
4000,23,15,14,15,67
4001,0,15,14,15,44
4002,14,31,37,14,96
4003,15,16,37,14,82
4004,37,46,122,15,220
4005,51,16,122,15,204
4006,30,16,122,15,183
4008,38,47,53,15,153
4009,22,47,53,15,137
4010,16,31,53,15,115
4011,31,31,22,15,99
4013,0,31,22,15,68
4015,22,46,53,26,147
4020,121,30,16,21,188
4021,0,16,15,11,42
4022,26,28,44,15,113
4024,57,30,16,21,124
4026,21,30,16,21,88
4027,30,37,31,15,113
4029,0,37,31,15,83
4031,85,32,15,15,147
4032,0,46,70,15,131
4033,15,16,70,15,116
4035,23,32,15,15,85
4036,0,32,15,15,62
4038,96,16,302,15,429
4040,51,31,302,15,399
4041,0,21,15,15,51
4042,15,31,302,15,363
4043,15,16,302,15,348
4045,89,45,153,30,317
4046,68,45,153,30,296
4047,53,45,153,30,281
4048,0,16,86,18,120
4049,38,29,153,30,250
4050,64,18,12,22,116
4051,66,34,16,30,146
4052,14,37,12,22,85
4053,37,34,16,30,117
4054,0,18,12,22,52
4055,34,16,66,30,146
4056,22,16,66,30,134
4058,30,21,15,30,96
4060,0,21,15,30,66
4061,15,52,96,15,178
4062,0,52,96,15,163
4063,15,22,96,15,148
4064,0,22,96,15,133
4065,14,15,22,15,66
4066,15,22,45,15,97
4068,15,15,66,15,111
4071,15,22,14,15,66
4072,0,22,14,15,51
4076,51,37,96,15,199
4077,0,30,16,21,67
4079,0,37,96,15,148
4081,0,16,166,29,211
4083,52,14,0,15,81
4085,29,34,17,20,100
4086,14,34,17,20,85
4087,0,34,17,20,71
4089,37,15,0,29,81
4093,51,15,67,15,148
4095,15,15,67,15,112
4096,15,37,97,14,163
4097,0,37,97,14,148
4099,0,15,15,15,45
4100,30,22,81,14,147
4101,15,22,81,14,132
4103,15,51,52,15,133
4104,29,22,52,15,118
4105,119,47,52,14,232
4106,0,22,52,15,89
4107,15,14,38,16,83
4108,14,23,15,16,68
4109,0,23,15,16,54
4110,15,16,15,16,62
4111,16,47,52,14,129
4112,0,47,52,14,113
4113,16,16,52,14,98
4115,37,29,121,16,203
4116,74,30,68,16,188
4117,15,14,121,16,166
4118,14,23,98,16,151
4120,30,49,86,15,180
4122,0,49,86,15,150
4123,15,19,86,15,135
4124,54,30,105,15,204
4126,16,30,105,15,166
4127,30,21,115,30,196
4128,15,21,115,30,181
4129,66,39,114,14,233
4130,115,30,16,21,182
4131,30,39,114,14,197
4132,69,46,16,21,152
4133,0,39,114,14,167
4134,23,15,62,21,121
4135,15,46,16,21,98
4136,0,46,16,21,83
4137,0,30,16,21,67
4138,15,37,46,21,119
4141,30,37,52,15,134
4143,0,37,52,15,104
4145,30,22,66,15,133
4147,0,22,66,15,103
4148,0,44,122,16,182
4149,29,22,46,15,112
4150,14,22,46,15,97
4151,99,23,60,20,202
4154,29,16,23,16,84
4155,15,16,23,16,70
4157,0,23,60,20,103
4159,18,46,15,21,100
4160,82,15,84,29,210
4162,20,36,15,30,101
4163,0,36,15,30,81
4164,66,16,38,29,149
4165,45,16,38,29,128
4166,0,46,38,29,113
4167,15,16,38,29,98
4168,0,16,38,29,83
4169,38,29,22,15,104
4170,16,29,22,15,82
4171,0,29,22,15,66
4174,44,22,67,30,163
4175,0,29,36,15,80
4177,22,51,16,30,119
4179,15,22,16,30,83
4180,38,46,21,15,120
4181,16,46,21,15,98
4183,15,16,21,15,67
4184,0,16,21,15,52
4185,21,51,148,23,243
4187,119,44,21,23,207
4190,15,31,87,23,156
4191,15,16,87,23,141
4192,0,16,87,23,126
4194,0,44,21,23,88
4195,15,14,21,23,73
4196,14,21,0,23,58
4197,0,21,0,23,44
4199,25,31,103,15,174
4200,16,31,103,15,165
4203,22,44,23,29,118
4204,15,29,23,29,96
4205,0,29,23,29,81
4206,0,15,23,29,67
4208,0,45,22,30,97
4209,15,16,22,30,83
4210,38,45,37,31,151
4211,36,31,37,31,135
4213,16,15,37,31,99
4214,15,22,61,22,120
4215,68,37,30,15,150
4217,31,37,30,15,113
4218,53,15,15,15,98
4219,37,15,15,15,82
4221,45,16,22,16,99
4222,30,16,22,16,84
4223,15,16,22,16,69
4225,38,16,16,15,85
4226,16,16,16,15,63
4227,0,16,16,15,47
4228,0,46,17,23,86
4229,47,23,15,18,103
4230,32,23,15,18,88
4231,55,44,69,16,184
4232,103,17,87,31,238
4236,17,38,87,31,173
4237,54,15,0,16,85
4239,31,32,153,15,231
4240,15,32,153,15,215
4243,55,32,97,22,206
4244,31,32,97,22,182
4245,23,32,97,22,174
4246,0,32,97,22,151
4247,30,37,114,15,196
4249,15,22,114,15,166
4250,0,22,114,15,151
4251,14,15,70,30,129
4252,15,38,47,15,115
4253,38,32,97,15,182
4254,22,32,97,15,166
4255,32,30,16,21,99
4256,23,30,16,21,90
4257,0,30,16,21,67
4259,37,16,66,14,133
4260,37,51,15,14,117
4262,29,22,15,14,80
4265,0,29,89,15,133
4267,37,29,23,15,104
4268,21,29,23,15,88
4269,29,23,132,15,199
4270,64,17,19,15,115
4271,0,23,132,15,170
4272,0,44,19,15,78
4274,17,34,16,16,83
4276,15,32,22,15,84
4278,38,45,102,15,200
4280,45,22,14,15,96
4281,0,30,102,15,147
4283,0,22,14,15,51
4284,29,15,22,29,95
4286,15,22,14,15,66
4287,36,31,155,30,252
4288,29,16,155,30,230
4289,15,16,155,30,216
4290,0,16,155,30,201
4293,0,31,22,29,82
4295,22,44,22,30,118
4296,0,44,22,30,96
4297,15,15,22,30,82
4298,0,15,22,30,67
4300,30,15,22,15,82
4301,16,15,22,15,68
4303,22,46,220,29,317
4308,86,30,38,29,183
4309,0,30,16,19,65
4311,0,35,30,22,87
4312,19,30,38,29,116
4315,0,22,16,29,67
4316,0,45,37,14,96
4317,15,14,37,14,80
4318,14,22,15,14,65
4320,29,16,21,30,96
4321,81,16,89,29,215
4323,21,46,89,29,185
4324,30,16,89,29,164
4326,0,16,89,29,134
4327,36,31,36,15,118
4328,30,16,36,15,97
4329,15,16,36,15,82
4331,22,45,88,29,184
4332,14,31,88,29,162
4336,15,30,103,15,163
4337,14,16,103,15,148
4338,38,45,21,30,134
4339,36,31,21,30,118
4340,29,16,21,30,96
4342,0,16,21,30,67
4343,68,33,16,15,132
4345,15,17,49,15,96
4347,17,16,16,15,64
4348,47,38,52,17,154
4349,31,38,52,17,138
4350,105,33,63,15,216
4351,0,38,52,17,107
4354,22,17,49,31,119
4357,16,47,16,15,94
4358,78,39,33,16,166
4360,16,31,16,23,86
4361,31,39,33,16,119
4362,15,39,33,16,103
4363,0,39,33,16,88
4364,23,33,16,16,88
4365,0,33,16,16,65
4366,39,33,15,16,103
4367,0,16,48,16,80
4368,16,17,15,16,64
4370,15,32,54,15,116
4371,16,16,54,15,101
4374,0,16,23,15,54
4376,0,46,71,16,133
4379,33,22,16,16,87
4380,16,22,16,16,70
4381,22,32,62,23,139
4382,0,32,62,23,117
4383,46,16,136,20,218
4385,31,39,15,16,101
4386,32,23,15,16,86
4387,39,15,48,18,120
4389,0,15,48,18,81
4390,0,33,116,16,165
4391,50,36,47,16,149
4392,100,32,17,18,167
4394,36,31,49,18,134
4397,70,18,83,16,187
4398,0,32,17,18,67
4400,0,35,83,16,134
4401,18,47,15,21,101
4404,15,36,32,15,98
4405,36,16,63,22,137
4406,21,16,63,22,122
4407,0,16,63,22,101
4408,0,47,70,31,148
4411,70,31,16,15,132
4412,38,47,16,15,116
4413,32,31,16,15,94
4414,16,31,16,15,78
4415,0,31,16,15,62
4417,0,31,23,32,86
4419,55,46,38,17,156
4420,32,46,38,17,133
4421,23,46,38,17,124
4422,15,31,38,17,101
4424,71,34,15,30,150
4425,22,33,49,30,134
4427,0,17,49,30,96
4428,0,34,15,30,79
4429,167,33,38,30,268
4430,61,17,13,29,120
4431,30,33,13,29,105
4432,15,33,13,29,90
4434,17,42,24,16,99
4435,13,29,24,16,82
4437,0,24,16,17,57
4438,15,33,38,30,116
4439,33,23,15,30,101
4442,0,45,103,16,164
4443,0,30,103,16,149
4444,15,31,0,23,69
4445,31,23,0,16,70
4446,54,17,66,30,167
4448,0,33,66,30,129
4449,17,32,80,16,145
4450,16,16,80,16,128
4451,16,34,148,15,213
4452,0,34,148,15,197
4453,17,46,71,31,165
4454,0,46,71,31,148
4455,15,16,71,31,133
4457,0,32,23,16,71
4458,0,16,23,16,55
4460,16,31,15,16,78
4461,31,31,23,15,100
4465,0,23,145,16,184
4467,100,30,54,18,202
4468,0,46,22,16,84
4469,15,15,22,16,68
4470,15,22,100,18,155
4471,22,46,54,18,140
4472,16,30,54,18,118
4473,0,30,54,18,102
4474,15,37,17,18,87
4475,0,37,17,18,72
4477,35,31,80,16,162
4480,37,48,15,16,116
4481,0,17,79,21,117
4482,31,17,15,16,79
4483,16,17,15,16,64
4484,48,21,16,29,114
4485,31,21,16,29,97
4486,37,45,105,30,217
4487,21,45,105,30,201
4488,16,29,105,30,180
4489,0,29,105,30,164
4490,14,21,84,30,149
4491,36,31,38,30,135
4492,15,31,38,30,114
4493,16,15,38,30,99
4495,68,38,16,15,137
4497,30,38,16,15,99
4498,15,38,16,15,84
4499,69,30,0,22,121
4500,39,45,0,22,106
4501,61,22,85,13,181
4502,45,22,85,13,165
4503,0,30,0,22,52
4504,14,22,85,13,134
4505,0,22,85,13,120
4506,16,17,52,13,98
4507,145,22,30,16,213
4508,0,34,177,22,233
4509,49,47,0,16,112
4510,31,47,0,16,94
4512,17,30,0,16,63
4513,0,30,0,16,46
4517,30,31,84,18,163
4518,15,31,84,18,148
4520,84,33,70,15,202
4521,22,47,15,18,102
4522,47,33,70,15,165
4523,0,31,15,18,64
4524,16,33,70,15,134
4525,49,17,133,20,219
4526,18,33,133,20,204
4527,0,33,133,20,186
4528,136,14,0,20,170
4530,15,15,67,14,111
4533,32,33,0,20,85
4536,34,50,82,15,181
4538,0,50,82,15,147
4540,19,16,17,32,84
4542,17,32,17,15,81
4543,0,32,17,15,64
4545,0,32,67,19,118
4546,34,17,31,19,101
4547,86,50,16,18,170
4548,117,34,15,15,181
4549,50,50,16,18,134
4550,62,18,16,18,114
4551,19,50,16,18,103
4552,0,50,16,18,84
4553,70,30,35,17,152
4554,0,18,16,18,52
4555,64,35,0,17,116
4556,18,30,35,17,100
4557,30,35,0,17,82
4559,0,35,0,17,52
4560,17,32,36,32,117
4561,17,15,36,32,100
4562,83,33,116,18,250
4565,0,32,15,18,65
4566,17,33,116,18,184
4567,51,50,14,18,133
4568,0,18,116,18,152
4569,18,50,14,18,100
4571,17,18,14,18,67
4572,0,18,14,18,50
4573,32,34,82,19,167
4574,18,34,82,19,153
4575,0,34,82,19,135
4576,52,33,50,34,169
4577,67,34,16,34,151
4578,19,33,50,34,136
4581,0,34,16,34,84
4582,19,16,99,18,152
4583,50,50,15,18,133
4584,50,34,15,18,117
4585,18,50,15,18,101
4587,34,33,132,18,217
4588,18,33,132,18,201
4589,33,31,18,18,100
4590,49,36,116,34,235
4591,31,36,116,34,217
4593,0,36,116,34,186
4594,18,30,186,32,266
4595,30,20,48,18,116
4596,15,20,48,18,101
4597,35,18,15,18,86
4599,18,33,34,31,116
4601,18,34,0,31,83
4603,298,36,16,18,368
4605,15,16,68,18,117
4606,0,16,68,18,102
4607,19,49,100,18,186
4608,67,48,16,18,149
4609,16,17,100,18,151
4610,0,17,100,18,135
4611,50,16,16,18,100
4612,32,16,16,18,82
4613,17,16,16,18,67
4614,50,18,0,33,101
4615,0,34,135,32,201
4616,153,32,115,18,318
4621,36,34,0,32,102
4623,34,32,115,18,199
4624,18,32,115,18,183
4625,0,32,115,18,165
4628,0,47,18,18,83
4629,17,16,18,18,69
4630,16,36,14,18,84
4631,36,32,66,18,152
4632,32,18,66,18,134
4633,32,18,115,19,184
4634,0,18,66,18,102
4635,51,50,14,18,133
4636,33,50,14,18,115
4638,33,17,14,18,82
4641,0,32,19,32,83
4642,18,19,15,17,69
4644,32,34,14,18,98
4645,51,48,117,15,231
4646,0,34,14,18,66
4647,18,48,117,15,198
4648,114,36,15,15,180
4649,70,30,51,15,166
4650,16,36,96,19,167
4652,19,30,51,15,115
4653,0,30,51,15,96
4654,18,36,15,15,84
4656,48,36,15,17,116
4657,30,36,15,17,98
4658,15,36,15,17,83
4659,68,19,15,18,120
4660,0,17,15,17,49
4662,17,19,15,18,69
4663,34,18,68,32,152
4664,15,18,68,32,133
4666,50,18,32,34,134
4667,18,17,33,17,85
4668,35,32,0,34,101
4669,18,32,0,34,84
4670,32,34,97,18,181
4671,17,34,97,18,166
4673,19,33,0,32,84
4674,33,50,83,32,198
4675,18,50,83,32,183
4676,0,50,83,32,165
4677,17,18,83,32,150
4678,0,18,83,32,133
4679,83,48,18,17,166
4680,18,18,33,32,101
4682,116,34,14,17,181
4683,50,16,18,17,101
4684,0,48,18,17,83
4686,0,16,18,17,51
4687,35,34,14,17,100
4688,17,34,14,17,82
4689,34,31,0,17,82
4690,20,31,0,17,68
4691,14,17,0,17,48
4692,17,35,0,31,83
4694,49,36,48,17,150
4695,31,36,48,17,132
4696,52,32,16,17,117
4697,36,32,16,17,101
4698,17,32,16,17,82
4701,0,33,16,23,72
4702,17,39,11,18,85
4703,133,33,86,33,285
4704,23,29,115,18,185
4705,29,32,16,17,94
4708,17,33,50,18,118
4710,0,17,50,18,85
4711,33,35,51,33,152
4714,0,18,51,33,102
4716,17,19,15,18,69
4718,15,18,47,18,98
4719,51,50,15,18,134
4721,17,50,15,18,100
4723,18,18,15,18,69
4724,152,33,83,17,285
4725,15,18,15,17,65
4726,18,32,0,18,68
4727,32,36,33,33,134
4728,86,33,83,17,219
4729,0,36,33,33,102
4731,16,50,83,17,166
4732,50,16,15,18,99
4733,0,33,83,17,133
4735,16,50,17,17,100
4737,18,17,17,17,69
4741,0,32,118,17,167
4742,35,33,18,31,117
4743,18,33,18,31,100
4745,18,49,85,33,185
4750,0,49,18,33,100
4753,18,33,19,15,85
4754,33,34,48,18,133
4759,50,33,83,18,184
4760,17,18,0,33,68
4761,18,33,83,18,152
4762,33,50,15,18,116
4763,17,50,15,18,100
4766,34,18,85,16,153
4768,18,18,114,18,168
4770,32,18,33,31,114
4771,17,18,33,31,99
4772,18,17,130,18,183
4773,47,17,167,18,249
4774,47,18,0,33,98
4775,14,17,167,18,216
4776,68,18,14,18,118
4777,51,18,14,18,101
4778,0,51,14,18,83
4779,36,32,167,17,252
4780,0,18,14,18,50
4783,49,17,50,17,133
4784,0,48,50,17,115
4785,14,17,50,17,98
4787,18,18,65,17,118
4788,49,18,49,19,135
4789,0,31,18,33,82
4791,18,33,16,19,86
4792,33,35,15,17,100
4793,52,32,15,17,116
4794,0,35,15,17,67
4795,19,32,15,17,83
4796,32,50,14,17,113
4797,17,50,14,17,98
4799,102,31,0,18,151
4804,18,31,0,18,67
4805,0,31,0,18,49
4806,17,18,0,18,53
4808,0,49,0,17,66
4810,33,18,33,17,101
4811,68,17,0,17,102
4814,0,19,0,17,36
4815,17,49,16,18,100
4816,17,32,16,18,83
4818,52,33,51,33,169
4820,135,50,14,19,218
4821,33,33,18,33,117
4823,15,18,18,33,84
4825,18,33,64,19,134
4826,0,33,64,19,116
4827,166,35,15,19,235
4828,0,50,14,19,83
4829,48,19,0,33,100
4831,14,19,0,33,66
4833,0,33,15,17,65
4834,18,32,50,19,119
4835,0,32,50,19,101
4836,33,19,15,19,86
4837,0,35,15,19,69
4838,34,19,183,33,269
4840,19,34,15,18,86
4841,34,33,15,17,99
4842,34,18,15,17,84
4845,0,32,49,18,99
4847,0,32,52,33,117
4849,52,33,149,18,252
4850,0,18,32,18,68
4853,0,18,149,18,185
4855,0,36,84,32,152
4856,18,33,14,18,83
4857,33,32,19,32,116
4859,0,32,19,32,83
4861,0,19,66,32,117
4862,32,34,47,17,130
4864,34,32,15,17,98
4867,18,50,17,32,117
4868,0,50,17,32,99
4870,0,18,17,32,67
4871,49,18,14,18,99
4872,32,18,14,18,82
4873,18,18,14,18,68
4874,0,18,14,18,50
4877,36,32,50,17,135
4881,32,35,118,32,217
4882,18,35,118,32,203
4883,35,16,102,32,185
4884,33,35,16,33,117
4885,0,16,102,32,150
4887,20,49,66,17,152
4888,0,49,66,17,132
4889,33,18,14,18,83
4890,51,18,16,17,102
4892,0,32,16,17,65
4893,18,50,18,31,117
4894,0,50,18,31,99
4895,52,46,18,18,134
4896,0,17,18,31,66
4898,31,15,18,18,82
4899,18,15,18,18,69
4900,33,18,15,17,83
4902,18,32,19,31,100
4903,0,32,19,31,82
4904,17,19,14,17,67
4906,31,17,17,33,98
4907,51,51,100,19,221
4909,17,51,100,19,187
4911,18,18,100,19,155
4912,33,19,0,32,84
4913,15,19,0,32,66
4914,19,32,0,14,65
4915,0,32,0,14,46
4917,0,34,83,17,134
4918,20,19,81,32,152
4919,0,19,81,32,132
4920,113,19,81,17,230
4921,31,18,49,19,117
4922,52,32,0,19,103
4923,67,19,81,17,184
4924,17,32,0,19,68
4925,15,17,0,19,51
4927,19,32,0,32,83
4930,0,49,100,17,166
4931,52,51,14,18,135
4932,0,17,100,17,134
4933,49,19,14,18,100
4934,0,51,14,18,83
4935,17,19,14,18,68
4937,0,32,32,17,81
4939,17,50,15,17,99
4940,0,50,15,17,82
4942,0,18,15,17,50
4943,32,18,0,18,68
4945,18,49,19,31,117
4946,49,19,14,17,99
4949,50,18,81,17,166
4951,17,18,81,17,133
4952,33,16,18,18,85
4954,34,18,50,17,119
4955,18,18,50,17,103
4956,18,31,19,17,85
4957,31,19,50,32,132
4958,17,19,50,32,118
4960,32,18,64,18,132
4962,18,32,82,18,150
4964,35,51,63,16,165
4965,0,18,14,18,50
4966,14,37,63,16,130
4967,0,37,63,16,116
4968,50,18,14,16,98
4969,31,18,14,16,79
4970,18,18,14,16,66
4972,30,21,99,32,182
4973,16,21,99,32,168
4974,53,17,0,32,102
4976,66,18,32,16,132
4977,17,50,32,16,115
4978,32,18,32,16,98
4980,0,18,32,16,66
4981,98,34,166,17,315
4982,17,33,33,16,99
4985,0,33,16,18,67
4987,0,34,166,17,217
4988,18,32,19,32,101
4989,0,32,19,32,83
4992,32,19,0,31,82
4996,51,36,0,31,118
4997,0,18,51,31,100
4998,0,51,0,31,82
4999,36,31,19,31,117
5000,50,19,97,19,185
5001,0,31,19,31,81
5002,17,19,97,19,152
5004,0,49,267,33,349
5006,0,18,267,33,318
5007,0,33,15,19,67
5010,34,18,14,18,84
5011,33,32,69,31,165
5013,0,32,69,31,132
5014,34,17,117,18,186
5018,0,49,16,19,84
5019,31,35,15,18,99
5020,33,19,15,18,85
5021,0,35,15,18,68
5022,19,33,0,33,85
5024,102,49,15,19,185
5025,33,33,18,22,106
5026,18,33,18,22,91
5027,0,33,18,22,73
5029,18,49,15,19,101
5032,17,34,67,32,150
5034,0,19,67,32,118
5035,34,33,0,32,99
5036,115,36,50,32,233
5038,18,32,15,17,82
5039,32,32,0,18,82
5040,49,36,50,32,167
5041,0,32,0,18,50
5042,17,36,50,32,135
5043,36,32,33,17,118
5044,83,33,168,15,299
5045,116,15,18,17,166
5048,116,18,49,33,216
5049,66,35,18,33,152
5050,0,16,168,15,199
5053,0,35,18,33,86
5054,35,33,16,33,117
5055,0,18,49,33,100
5056,0,33,16,33,82
5060,19,34,98,17,168
5061,0,34,98,17,149
5062,0,19,98,17,134
5064,50,20,66,16,152
5065,52,48,34,32,166
5066,37,48,34,32,151
5067,51,17,34,32,134
5068,66,48,0,18,132
5070,0,17,34,32,83
5073,0,32,0,18,50
5076,0,17,15,17,49
5077,82,12,89,15,198
5078,17,18,133,15,183
5079,18,44,89,15,166
5082,83,33,18,17,151
5083,39,32,18,15,104
5084,17,32,18,15,82
5085,32,33,18,17,100
5086,17,33,18,17,85
5087,68,33,15,19,135
5088,0,15,18,17,50
5095,0,31,18,15,64
5096,15,33,18,17,83
5098,0,15,18,17,50
5099,18,17,0,15,50
5102,0,18,17,17,52
5103,84,18,32,15,149
5104,17,18,64,18,117
5105,32,36,32,15,115
5108,32,18,50,19,119
5109,14,18,50,19,101
5110,18,33,66,17,134
5112,54,16,98,16,184
5114,49,35,15,19,118
5115,47,18,15,19,99
5116,64,19,50,17,150
5119,15,19,50,17,101
5120,19,31,19,17,86
5121,0,31,19,17,67
5122,16,19,79,21,135
5123,19,46,21,33,119
5124,46,21,130,20,217
5125,50,33,97,20,200
5126,38,33,97,20,188
5127,21,33,97,20,171
5128,12,21,97,20,150
5129,55,47,83,19,204
5131,17,47,83,19,166
5132,31,16,83,19,149
5137,0,30,51,19,100
5138,15,36,113,19,183
5139,70,16,100,33,219
5140,19,34,79,19,151
5141,0,34,79,19,132
5144,32,17,182,17,248
5145,18,17,182,17,234
5146,0,17,182,17,216
5148,19,18,96,21,154
5149,0,18,96,21,135
5150,33,48,15,21,117
5151,19,48,15,21,103
5152,0,48,15,21,84
5153,35,36,81,19,171
5154,185,16,16,18,235
5157,0,31,50,19,100
5158,35,17,34,33,119
5159,35,34,0,33,102
5160,17,34,0,33,84
5161,0,34,0,33,67
5162,19,33,32,18,102
5163,33,16,16,18,83
5164,18,16,16,18,68
5165,16,34,297,16,363
5167,18,49,15,17,99
5168,0,49,15,17,81
5169,48,17,17,16,98
5172,84,18,17,17,136
5176,0,18,67,17,102
5177,0,18,17,17,52
5178,34,47,50,16,147
5179,0,17,232,18,267
5181,32,37,13,16,98
5182,15,37,13,16,81
5183,18,19,13,16,66
5184,48,20,64,18,150
5185,29,20,64,18,131
5187,20,47,86,33,186
5188,33,14,86,33,166
5190,0,14,86,33,133
5191,17,18,100,15,150
5192,18,35,32,17,102
5193,67,17,16,15,115
5196,16,17,16,15,64
5197,17,49,18,17,101
5198,31,18,18,17,84
5199,15,18,18,17,68
5201,35,33,15,18,101
5202,17,33,15,18,83
5203,0,33,15,18,66
5205,0,33,102,32,167
5206,35,48,37,32,152
5207,31,34,37,32,134
5208,48,20,80,17,165
5209,34,20,80,17,151
5210,37,49,15,16,117
5211,20,49,15,16,100
5212,32,17,15,16,80
5215,31,34,16,18,99
5218,0,17,16,18,51
5219,83,17,201,18,319
5220,18,18,67,16,119
5221,18,48,201,18,285
5222,31,17,201,18,267
5223,14,17,201,18,250
5224,36,47,118,17,218
5225,0,19,65,18,102
5227,0,31,118,17,166
5230,18,16,66,17,117
5232,66,17,216,18,317
5233,69,18,14,18,119
5237,0,18,14,18,50
5239,50,18,17,32,117
5240,32,18,17,32,99
5241,0,35,17,32,84
5242,0,18,17,32,67
5244,65,17,17,18,117
5245,17,16,17,17,67
5246,50,35,48,18,151
5247,34,35,48,18,135
5248,17,35,48,18,118
5249,0,35,48,18,101
5251,33,33,134,33,233
5252,18,33,134,33,218
5253,0,33,134,33,200
5254,18,33,149,18,218
5256,17,32,17,18,84
5257,84,50,15,18,167
5258,17,35,34,33,119
5259,0,35,34,33,102
5260,18,17,17,33,85
5261,0,17,17,33,67
5262,17,33,15,18,83
5263,0,33,15,18,66
5266,52,17,83,31,183
5267,0,17,17,17,51
5268,0,34,83,31,148
5269,0,17,83,31,131
5271,17,18,35,31,101
5272,0,18,35,31,84
5273,35,31,101,17,184
5274,33,16,101,17,167
5275,0,31,101,17,149
5279,52,50,14,17,133
5280,18,17,15,17,67
5281,0,17,15,17,49
5285,14,17,34,18,83
5286,51,18,114,18,201
5287,0,19,15,18,52
5288,0,33,114,18,165
5289,0,18,114,18,150
5291,67,18,64,19,168
5292,33,17,32,18,100
5293,32,18,64,19,133
5295,50,18,14,19,101
5297,18,18,14,19,69
5298,51,17,15,18,101
5299,33,17,15,18,83
5302,15,33,84,17,149
5303,0,33,84,17,134
5304,99,17,68,17,201
5305,0,19,16,16,51
5306,32,16,17,17,82
5307,16,16,17,17,66
5308,0,16,17,17,50
5314,17,17,15,17,66
5315,0,17,15,17,49
5316,0,32,68,32,132
5317,17,50,132,19,218
5318,68,49,15,19,151
5319,85,17,15,19,136
5321,18,49,15,19,101
5322,14,35,15,19,83
5323,18,17,15,19,69
5324,0,17,15,19,51
5325,15,19,0,31,65
5327,0,31,0,19,50
5329,19,33,15,17,84
5331,52,16,18,15,101
5332,66,15,0,19,100
5333,66,19,0,33,118
5334,0,16,18,15,49
5338,33,50,49,17,149
5339,134,32,135,33,334
5340,32,18,49,17,116
5342,0,18,49,17,84
5343,14,17,117,17,165
5345,0,35,32,18,85
5346,17,32,135,33,217
5347,0,32,135,33,200
5349,0,33,17,17,67
5350,0,15,17,17,49
5351,17,17,0,16,50
5353,51,17,33,18,119
5354,0,18,67,18,103
5355,85,34,0,16,135
5356,17,33,18,34,102
5357,0,33,18,34,85
5358,49,20,0,16,85
5359,18,34,0,16,68
5360,50,32,16,18,116
5361,0,20,0,16,36
5362,48,34,66,18,166
5363,0,32,16,18,66
5365,0,34,66,18,118
5367,0,32,116,18,166
5368,69,47,68,17,201
5369,34,18,0,31,83
5370,34,47,68,17,166
5371,0,18,0,31,49
5373,17,16,68,17,118
5374,33,18,0,18,69
5375,17,18,0,18,53
5376,18,18,66,17,119
5378,0,49,48,17,114
5380,0,17,48,17,82
5381,81,18,50,17,166
5383,0,31,16,18,65
5384,17,34,50,17,118
5385,34,35,117,31,217
5387,0,35,117,31,183
5388,17,32,0,19,68
5390,67,17,33,16,133
5391,0,19,66,31,116
5394,35,49,17,31,132
5395,18,49,17,31,115
5397,16,18,17,31,82
5399,17,49,35,33,134
5401,17,18,35,33,103
5403,35,33,150,17,235
5406,84,17,67,17,185
5407,0,33,50,32,115
5408,51,17,67,17,152
5409,33,17,67,17,134
5412,0,49,150,15,214
5413,35,18,17,32,102
5414,84,18,65,15,182
5415,18,49,18,32,117
5416,0,49,18,32,99
5417,0,32,18,32,82
5418,18,18,65,15,116
5421,18,15,52,18,103
5422,0,15,52,18,85
5423,18,15,19,18,70
5424,52,32,66,17,167
5427,32,32,83,17,164
5428,18,32,83,17,150
5429,0,32,83,17,132
5432,31,18,49,15,113
5433,17,18,49,15,99
5434,0,18,49,15,82
5435,14,17,68,33,132
5437,68,33,50,16,167
5438,0,15,20,15,50
5439,68,33,52,32,185
5440,48,33,52,32,165
5441,0,33,50,16,99
5443,0,33,52,32,117
5444,18,33,19,32,102
5446,49,33,0,20,102
5447,0,19,14,18,51
5448,0,47,0,20,67
5449,0,33,0,20,53
5450,51,31,0,19,101
5451,0,20,66,32,118
5452,47,19,50,17,133
5453,0,31,0,19,50
5454,51,35,17,33,136
5455,0,19,50,17,86
5456,0,50,17,33,100
5457,17,18,17,33,85
5458,101,49,18,32,200
5459,17,33,100,32,182
5460,0,33,100,32,165
5461,18,33,67,32,150
5462,33,49,18,32,132
5463,17,49,18,32,116
5464,0,49,18,32,99
5465,17,18,18,32,85
5466,36,50,14,17,117
5468,99,15,101,17,232
5469,18,18,14,17,67
5470,0,18,14,17,49
5471,31,33,101,17,182
5472,17,33,101,17,168
5475,35,34,99,18,186
5476,17,34,99,18,168
5477,51,48,0,17,116
5478,19,17,250,34,320
5479,0,17,250,34,301
5480,0,48,0,17,65
5482,50,18,14,17,99
5483,0,34,32,17,83
5484,35,50,50,31,166
5485,0,18,14,17,49
5487,68,18,14,17,117
5489,15,17,18,31,81
5490,35,50,14,20,119
5491,18,50,14,20,102
5492,84,30,18,17,149
5493,17,19,14,20,70
5494,0,19,14,20,53
5495,0,34,15,15,64
5497,65,17,15,17,114
5498,15,35,17,32,99
5500,17,17,15,17,66
5502,0,50,15,18,83
5503,68,32,39,13,152
5504,51,32,39,13,135
5505,33,32,39,13,117
5506,68,34,215,19,336
5507,15,17,39,13,84
5508,17,18,50,18,103
5511,79,50,15,17,161
5512,16,18,97,17,148
5513,83,17,15,17,132
5514,0,32,0,33,65
5518,65,17,18,16,116
5519,65,34,0,19,118
5520,17,33,18,16,84
5522,17,34,0,19,70
5523,0,34,0,19,53
5524,35,32,67,17,151
5526,32,50,34,32,148
5531,17,49,33,17,116
5533,0,32,33,17,82
5534,17,18,99,18,152
5535,18,48,18,18,102
5536,48,36,15,18,117
5537,17,16,18,18,69
5538,52,33,16,17,118
5539,0,36,15,18,69
5540,18,33,16,17,84
5541,66,31,19,32,148
5543,0,33,14,17,64
5544,17,31,19,32,99
5547,0,19,14,18,51
5548,0,49,15,18,82
5551,33,18,15,18,84
5553,18,33,0,31,82
5555,18,49,51,32,150
5556,31,18,51,32,132
5557,17,18,51,32,118
5558,0,18,51,32,101
5559,99,33,0,19,151
5560,17,17,81,19,134
5561,17,48,18,15,98
5562,0,48,18,15,81
5563,17,16,18,15,66
5564,0,16,18,15,49
5567,51,18,33,18,120
5568,0,50,33,18,101
5570,0,18,33,18,69
5572,33,33,67,32,165
5573,18,33,67,32,150
5575,18,34,14,19,85
5576,0,34,14,19,67
5579,19,47,17,18,101
5580,32,15,17,18,82
5581,18,15,17,18,68
5582,50,34,182,18,284
5583,17,18,16,18,69
5584,18,34,182,18,252
5592,33,18,14,17,82
5594,49,35,14,18,116
5595,31,35,14,18,98
5596,17,35,14,18,84
5598,0,18,14,18,50
5599,99,33,83,17,232
5600,18,35,83,17,153
5601,0,35,83,17,135
5602,83,18,115,15,231
5603,0,32,116,17,165
5604,17,33,83,17,150
5605,33,18,115,15,181
5609,48,17,33,15,113
5610,18,32,33,15,98
5611,32,33,0,15,80
5613,0,33,0,15,48
5614,0,18,0,15,33
5615,0,34,18,31,83
5616,19,18,0,31,68
5617,18,49,117,19,203
5618,0,49,117,19,185
5619,16,18,117,19,170
5620,0,18,117,19,154
5621,67,32,18,19,136
5622,0,17,0,17,34
5623,0,35,184,31,250
5625,0,32,18,19,69
5626,17,18,0,19,54
5627,100,18,15,19,152
5628,50,32,116,17,215
5629,0,31,184,31,246
5630,18,32,116,17,183
5631,0,32,116,17,165
5632,16,18,15,19,68
5633,52,50,149,15,266
5634,115,19,99,15,248
5635,19,50,149,15,233
5637,17,19,149,15,200
5638,50,19,99,15,183
5639,50,49,15,17,131
5640,17,19,99,15,150
5641,0,19,99,15,133
5642,49,32,18,15,114
5643,17,18,15,17,67
5644,18,32,18,15,83
5645,0,32,18,15,65
5646,17,33,18,17,85
5647,0,33,18,17,68
5648,33,17,81,18,149
5650,17,17,15,18,67
5651,17,51,31,19,118
5652,33,18,31,19,101
5653,18,18,31,19,86
5654,0,18,31,19,68
5655,31,19,166,32,248
5656,18,19,166,32,235
5659,18,49,17,31,115
5661,17,17,17,31,82
5663,48,18,18,32,116
5664,31,18,18,32,99
5666,0,18,18,32,68
5667,18,48,134,15,215
5668,0,48,134,15,197
5669,17,16,134,15,182
5671,33,35,15,18,101
5673,50,18,116,17,201
5674,67,49,17,18,151
5675,0,33,116,17,166
5677,48,18,17,18,101
5678,66,18,15,17,116
5679,15,18,17,18,68
5680,35,18,15,17,85
5682,18,32,19,33,102
5684,0,17,19,33,69
5686,0,33,14,18,65
5687,0,19,14,18,51
5689,18,15,35,18,86
5690,50,18,15,18,101
5691,35,18,15,18,86
5692,18,18,15,18,69
5693,84,48,17,19,168
5695,18,33,48,17,116
5697,18,48,17,19,102
5698,31,17,17,19,84
5700,0,17,17,19,53
5701,0,36,0,30,66
5702,0,19,0,30,49
5703,30,36,232,18,316
5706,18,32,18,32,100
5707,32,18,100,32,182
5708,17,18,100,32,167
5710,0,50,64,18,132
5711,18,18,64,18,118
5712,49,19,14,18,100
5715,51,18,100,32,201
5716,50,32,0,18,100
5717,18,18,100,32,168
5718,0,18,100,32,150
5721,0,18,50,32,100
5723,101,32,52,32,217
5724,115,33,83,18,249
5726,17,34,15,17,83
5727,0,34,15,17,66
5728,18,32,52,32,134
5730,0,17,52,32,101
5731,0,33,83,18,134
5733,19,48,85,17,169
5734,0,48,85,17,150
5736,0,16,85,17,118
5737,34,32,50,17,133
5739,0,32,50,17,99
5741,36,31,83,17,167
5742,31,17,83,17,148
5743,0,31,83,17,131
5744,0,17,83,17,117
5745,0,33,50,17,100
5747,16,19,82,18,135
5748,34,17,50,18,119
5749,32,36,49,15,132
5750,17,36,49,15,117
5751,68,32,69,31,200
5752,0,19,49,15,83
5753,32,32,69,31,164
5754,18,32,69,31,150
5755,50,17,17,17,101
5758,0,17,17,17,51
5759,34,31,18,15,98
5760,17,31,18,15,81
5761,31,33,18,16,98
5762,35,15,18,16,84
5763,0,33,18,16,67
5765,0,34,83,17,134
5766,16,18,15,18,67
5767,100,19,14,18,151
5769,50,17,33,18,118
5770,0,17,266,18,301
5771,15,17,33,18,83
5772,17,19,14,18,68
5773,0,19,14,18,51
5774,49,17,14,19,99
5775,35,17,14,19,85
5776,0,17,17,33,67
5777,17,49,18,36,120
5778,14,35,18,36,103
5779,0,35,18,36,89
5781,18,36,230,32,316
5782,0,36,230,32,298
5783,0,22,230,32,284
5784,113,32,85,32,262
5785,46,49,15,17,127
5786,0,33,81,18,132
5788,0,49,15,17,81
5789,67,35,115,17,234
5790,32,17,85,32,166
5791,32,35,115,17,199
5793,0,35,115,17,167
5794,99,18,15,17,149
5795,50,50,15,17,132
5796,17,18,0,32,67
5797,0,18,0,32,50
5798,0,50,15,17,82
5799,17,18,15,17,67
5803,35,33,14,20,102
5804,17,33,14,20,84
5805,33,34,0,32,99
5806,32,20,0,32,84
5807,66,34,148,18,266
5809,32,34,148,18,232
5813,0,34,132,15,181
5814,52,18,114,18,202
5815,0,33,18,31,82
5816,18,18,114,18,168
5817,0,18,114,18,150
5819,71,33,101,15,220
5820,0,18,98,17,133
5821,32,33,101,15,181
5825,0,18,83,15,116
5826,0,51,32,15,98
5827,17,19,32,15,83
5828,0,19,32,15,66
5832,0,19,14,17,50
5833,14,17,151,17,199
5834,17,35,64,19,135
5835,0,35,64,19,118
5836,17,20,16,28,81
5838,16,28,88,15,147
5840,14,34,54,15,117
5841,69,19,15,33,136
5842,50,19,15,33,117
5844,84,32,18,18,152
5847,33,32,18,18,101
5848,17,32,18,18,85
5849,15,17,18,18,68
5850,17,18,82,17,134
5852,0,50,17,32,99
5853,0,32,17,32,81
5854,102,34,98,17,251
5855,17,50,65,17,149
5856,0,50,65,17,132
5857,17,18,65,17,117
5859,65,35,49,17,166
5860,65,18,49,17,149
5862,82,33,15,19,149
5863,17,18,49,17,101
5864,67,17,15,19,118
5865,49,17,15,19,100
5866,18,33,15,19,85
5867,0,33,15,19,67
5868,32,19,115,17,183
5869,0,34,115,17,166
5870,101,19,147,18,285
5871,82,19,147,18,266
5872,17,18,100,32,167
5873,83,17,18,32,150
5874,14,37,147,18,216
5875,18,19,147,18,202
5876,0,19,147,18,184
5877,14,17,18,32,81
5880,51,32,15,18,116
5881,18,19,14,18,69
5882,51,33,0,18,102
5884,0,18,15,18,51
5885,0,33,0,18,51
5887,0,18,97,19,134
5888,31,18,0,15,64
5890,0,18,0,15,33
5892,52,17,183,17,269
5895,49,16,152,31,248
5896,32,16,152,31,231
5897,67,19,17,29,132
5898,0,16,152,31,199
5899,17,17,0,19,53
5900,17,19,17,29,82
5901,19,46,18,18,101
5902,0,46,18,18,82
5903,29,36,114,18,197
5904,14,36,114,18,182
5906,0,18,114,18,150
5908,31,19,47,18,115
5909,83,18,119,31,251
5910,0,19,47,18,84
5911,0,32,67,17,116
5915,18,48,17,18,101
5916,33,15,17,18,83
5917,17,15,17,18,67
5918,68,49,49,18,184
5919,0,35,81,17,133
5920,36,49,49,18,152
5921,0,18,98,18,134
5922,0,49,49,18,116
5923,17,18,49,18,102
5924,0,18,49,18,85
5925,31,36,15,18,100
5927,36,33,15,18,102
5928,18,33,15,18,84
5930,69,48,150,15,282
5931,0,33,34,32,99
5932,18,18,16,32,84
5934,0,48,150,15,213
5935,0,32,150,15,197
5937,0,32,68,17,117
5939,0,35,18,32,85
5941,18,48,17,15,98
5942,15,33,17,15,80
5943,33,32,70,31,166
5944,0,16,17,15,48
5945,85,48,34,18,185
5946,15,35,84,34,168
5947,0,35,84,34,153
5948,0,18,84,34,136
5949,18,48,34,18,118
5950,0,48,34,18,100
5951,31,18,51,31,131
5953,0,18,51,31,100
5954,0,34,48,19,101
5955,35,31,0,19,85
5956,48,19,117,33,217
5958,17,19,117,33,186
5960,67,50,199,34,350
5962,34,50,199,34,317
5963,50,18,199,34,301
5965,18,18,199,34,269
5966,51,33,14,18,116
5967,98,19,14,17,148
5970,49,19,14,17,99
5971,201,16,14,18,249
5972,18,19,14,17,68
5973,69,32,49,19,169
5974,14,36,66,34,150
5975,17,19,66,34,136
5977,32,34,15,19,100
5978,34,18,15,19,86
5979,49,19,30,18,116
5980,18,34,30,18,100
5981,0,34,30,18,82
5982,19,16,14,18,67
5983,0,16,14,18,48
5984,64,18,116,18,216
5988,18,18,14,17,67
5990,14,36,115,18,183
5991,50,18,48,18,134
5992,0,19,115,18,152
5995,16,18,49,18,101
5998,18,35,97,20,170
