序号,发送->接收,接收->转发,转发->接收,接收->处理,总计
2,18,15,65,16,114
3,31,32,84,17,164
4,16,32,84,17,149
5,49,50,69,15,183
7,0,17,16,34,67
8,16,34,69,15,134
9,0,34,69,15,118
11,0,17,17,17,51
12,0,34,18,15,67
13,35,15,51,17,118
14,101,33,15,35,184
16,0,33,18,17,68
17,16,35,48,35,134
20,48,35,17,15,115
21,0,16,15,35,66
22,50,17,49,17,133
23,84,34,132,17,267
24,36,32,17,17,102
25,66,17,132,17,232
26,15,17,17,17,66
27,0,17,17,17,51
30,48,18,22,11,99
31,72,11,19,14,116
33,116,18,150,18,302
35,44,50,150,18,262
36,83,18,132,18,251
39,33,18,132,18,201
40,18,18,132,18,186
41,0,18,132,18,168
42,14,18,0,17,49
43,53,33,0,16,102
44,0,35,14,19,68
45,18,33,0,16,67
46,14,19,0,16,49
47,0,19,0,16,35
48,0,32,51,33,116
49,0,16,51,33,100
50,0,34,17,33,84
52,50,16,0,16,82
53,0,33,0,16,49
55,50,34,16,18,118
56,0,34,201,14,249
57,33,19,16,18,86
58,15,19,16,18,68
59,0,19,16,18,53
61,18,32,0,16,66
64,16,16,17,33,82
66,0,50,19,14,83
67,0,33,19,14,66
68,17,19,14,18,68
70,0,32,148,17,197
71,18,33,49,17,117
73,50,32,49,17,148
74,49,17,49,17,132
75,85,49,0,16,150
76,51,16,100,17,184
77,0,17,49,17,83
78,0,35,100,17,152
80,14,35,0,16,65
81,17,18,0,16,51
83,0,16,0,17,33
86,0,34,131,17,182
87,116,32,0,17,165
89,51,33,82,18,184
90,35,33,82,18,168
91,19,33,82,18,152
92,0,33,82,18,133
94,16,16,0,17,49
95,16,34,16,18,84
97,17,34,116,17,184
100,0,34,15,34,83
101,0,17,15,34,66
102,64,18,32,17,131
103,0,34,65,17,116
106,0,18,32,17,67
107,17,49,19,15,100
108,0,49,19,15,83
109,0,34,19,15,68
110,0,17,19,15,51
111,0,19,31,17,67
112,31,33,101,33,198
115,16,34,67,33,150
117,0,13,67,33,113
118,0,35,32,33,100
119,0,17,32,33,82
120,0,32,33,18,83
121,0,17,33,18,68
123,36,16,0,16,68
127,0,16,201,18,235
128,68,33,50,17,168
129,0,19,17,15,51
130,48,17,50,17,132
131,15,33,50,17,115
132,0,33,50,17,100
133,0,17,50,17,84
135,19,33,133,16,201
136,0,33,133,16,182
137,17,33,68,16,134
138,66,35,0,16,117
140,0,33,0,18,51
141,0,15,0,18,33
142,0,35,0,16,51
143,0,17,0,16,33
144,32,34,232,17,315
146,16,18,232,17,283
151,0,15,100,17,132
152,20,15,31,18,84
153,0,15,31,18,64
154,0,31,0,18,49
156,0,34,116,18,168
157,0,16,116,18,150
158,0,51,32,18,101
159,34,15,50,18,117
161,132,16,18,33,199
162,0,35,15,18,68
163,18,33,49,16,116
164,0,33,49,16,98
165,50,33,18,33,134
166,32,33,18,33,116
167,49,51,66,18,184
169,67,17,0,16,100
170,68,33,16,18,135
171,15,18,66,18,117
172,51,17,16,18,102
173,0,17,0,16,33
175,51,32,19,15,117
176,34,32,19,15,100
177,18,32,19,15,84
181,0,15,133,18,166
182,18,16,0,17,51
183,0,16,0,17,33
185,0,16,66,18,100
186,32,34,0,18,84
189,0,16,0,18,34
190,0,36,14,16,66
191,18,30,18,16,82
192,30,34,17,18,99
193,16,34,17,18,85
194,51,18,0,17,86
196,0,35,0,17,52
198,0,32,50,34,116
199,0,15,50,34,99
201,47,18,31,18,114
203,16,18,31,18,83
204,18,16,100,16,150
205,16,33,67,16,132
206,0,33,67,16,116
207,18,35,15,17,85
208,0,35,15,17,67
209,21,32,67,16,136
210,15,17,67,16,115
211,17,34,67,17,135
212,16,18,67,17,118
214,0,33,83,16,132
216,0,34,17,15,66
220,0,33,16,18,67
221,0,16,16,18,50
223,18,51,51,14,134
224,0,51,51,14,116
225,15,19,51,14,99
226,19,15,167,36,237
228,0,36,0,14,50
229,0,17,0,14,31
231,0,17,33,17,67
232,0,33,0,17,50
234,0,35,48,20,103
235,0,18,48,20,86
237,15,36,14,17,82
239,20,31,0,17,68
241,17,34,50,16,117
242,34,34,16,16,100
243,0,17,50,16,83
245,0,19,16,16,51
246,0,32,66,19,117
247,16,50,16,19,101
249,33,35,0,18,86
251,35,18,64,17,134
254,16,15,0,17,48
255,115,33,34,15,197
256,0,33,0,17,50
257,0,16,0,17,33
258,0,33,101,15,149
260,0,34,49,18,101
263,16,34,0,15,65
264,0,34,0,15,49
265,18,32,0,17,67
267,0,17,0,17,34
269,84,32,33,18,167
270,18,17,15,18,68
271,0,17,15,18,50
272,33,32,33,18,116
274,16,16,33,18,83
277,12,35,132,18,197
278,0,35,132,18,185
280,0,36,30,18,84
281,20,30,34,17,101
282,0,30,34,17,81
283,33,16,101,15,165
284,18,16,101,15,150
285,0,16,101,15,132
289,16,35,15,17,83
290,0,35,15,17,67
293,0,17,51,34,102
294,85,16,100,17,218
295,48,20,50,16,134
296,0,50,50,16,116
297,0,34,50,16,100
298,20,16,100,17,153
299,16,34,66,17,133
301,48,35,0,17,100
302,31,35,0,17,83
303,0,15,16,19,50
306,33,34,32,17,116
309,109,9,15,21,154
310,0,32,34,24,90
311,17,34,0,24,75
312,34,33,15,21,103
313,41,9,15,21,86
314,0,33,15,21,69
315,45,48,65,18,176
318,0,48,65,18,131
319,15,19,65,18,117
320,19,32,0,33,84
321,32,33,50,17,132
322,18,33,50,17,118
324,17,18,0,32,67
325,50,49,19,17,135
326,15,17,49,19,100
327,17,49,19,17,102
328,17,32,19,17,85
329,68,16,0,17,101
331,36,16,0,17,69
333,33,16,33,19,101
334,66,35,0,15,116
335,16,33,0,19,68
337,15,35,0,15,65
339,31,19,33,17,100
343,69,28,20,14,131
344,0,31,0,21,52
345,0,14,0,21,35
346,0,49,20,14,83
347,0,28,20,14,62
348,36,34,33,14,117
350,14,20,33,14,81
351,20,33,0,14,67
354,14,18,0,15,47
355,0,18,0,15,33
358,19,33,0,16,68
360,34,33,34,16,117
362,67,32,0,19,118
365,16,32,0,19,67
366,0,32,0,19,51
367,50,36,0,14,100
369,0,15,167,16,198
372,14,17,16,18,65
373,0,17,16,18,51
374,0,34,0,17,51
375,66,18,16,34,134
376,17,15,34,16,82
377,15,34,16,34,99
378,0,34,16,34,84
381,34,17,17,16,84
382,18,17,17,16,68
385,50,34,33,16,133
386,0,34,216,16,266
390,0,33,217,15,265
393,0,17,0,16,33
394,49,33,18,16,116
397,33,18,99,35,185
398,84,16,34,35,169
401,0,16,0,17,33
402,17,16,34,35,102
403,85,32,67,16,200
404,19,15,35,16,85
405,15,35,49,17,116
406,0,35,49,17,101
407,19,32,67,16,134
409,0,16,67,16,99
410,34,33,0,16,83
412,0,33,0,16,49
413,16,33,34,17,100
415,51,32,0,35,118
416,66,35,0,15,116
417,18,32,0,35,85
418,32,35,0,15,82
419,0,15,0,35,50
420,117,35,0,16,168
421,34,17,0,34,85
422,15,17,0,34,66
424,0,34,16,35,85
425,18,51,0,16,85
427,16,19,0,16,51
429,16,33,33,17,99
430,16,17,33,17,83
431,17,33,49,19,118
433,15,49,0,19,83
434,17,32,0,19,68
435,0,32,0,19,51
437,0,19,115,19,153
438,115,19,131,17,282
439,133,16,0,16,165
442,11,19,131,17,178
444,65,33,17,16,131
445,0,16,0,16,32
446,67,33,17,17,134
447,0,18,17,16,51
448,66,34,18,16,134
450,33,34,18,16,101
451,16,34,18,16,84
453,17,34,0,15,66
456,0,32,168,16,216
457,0,17,168,16,201
460,0,32,16,18,66
461,50,33,18,16,117
462,0,34,132,18,184
463,51,34,49,16,150
464,0,33,18,16,67
467,32,17,16,16,81
468,0,33,16,16,65
469,0,17,16,16,49
470,0,32,18,16,66
471,34,16,134,17,201
472,68,33,67,17,185
473,0,16,134,17,167
474,34,33,67,17,151
475,84,34,0,17,135
476,0,33,67,17,117
477,16,33,0,17,66
478,0,33,0,17,50
479,16,34,0,17,67
480,34,32,67,17,150
482,32,35,16,16,99
483,0,15,67,17,99
484,0,35,16,16,67
485,18,32,0,17,67
486,32,34,16,18,100
488,17,17,16,18,68
490,16,18,49,16,99
492,34,31,50,18,133
493,16,31,50,18,115
494,0,31,50,18,99
495,50,34,16,18,118
497,16,34,16,18,84
499,18,34,216,15,283
500,82,19,0,16,117
502,16,16,16,19,67
503,0,16,16,19,51
504,35,32,67,18,152
506,32,35,82,15,164
508,35,32,82,18,167
509,50,33,117,16,216
511,18,33,117,16,184
514,0,32,35,17,84
515,50,34,16,16,116
516,0,35,50,16,101
517,52,32,17,16,117
518,0,34,16,16,66
519,0,17,16,16,49
523,16,50,0,18,84
524,33,17,0,18,68
525,33,18,17,16,84
526,17,18,17,16,68
527,0,18,17,16,51
528,33,33,101,16,183
529,33,16,101,16,166
531,0,16,101,16,133
532,34,34,0,16,84
533,17,34,0,16,67
534,0,34,0,16,50
536,0,33,0,16,49
538,0,33,67,15,115
539,17,34,134,15,200
541,18,33,0,15,66
542,0,33,0,15,48
544,0,33,0,16,49
545,0,18,0,16,34
546,32,36,0,15,83
548,0,36,0,15,51
552,35,33,16,17,101
553,18,33,16,17,84
554,0,33,16,17,66
555,217,32,67,16,332
556,83,17,17,16,133
558,50,17,17,16,100
559,16,34,17,16,83
560,0,34,17,16,67
563,16,33,51,16,116
565,16,35,16,16,83
566,0,35,16,16,67
567,50,33,18,16,117
568,0,32,67,16,115
569,33,16,18,16,83
570,0,33,18,16,67
571,16,34,100,33,183
574,0,33,16,18,67
575,0,17,16,18,51
576,34,33,15,18,100
577,0,18,0,17,35
578,17,16,15,18,66
579,0,16,15,18,49
581,35,16,0,19,70
582,0,33,0,19,52
583,0,16,0,19,35
584,33,35,33,16,117
587,16,33,0,16,65
588,49,18,0,17,84
589,16,34,0,17,67
590,0,34,0,17,51
591,0,18,0,17,35
594,16,16,16,16,64
595,82,34,0,16,132
596,0,32,68,16,116
597,0,16,68,16,100
598,18,16,18,16,68
599,16,34,0,16,66
600,50,16,35,16,117
601,16,32,35,16,99
603,0,16,35,16,67
604,0,35,0,16,51
605,32,17,99,17,165
606,132,34,117,16,299
607,0,17,99,17,133
608,0,33,66,17,116
609,0,17,66,17,100
610,66,34,117,16,233
612,0,33,101,16,150
613,51,33,100,17,201
614,0,34,117,16,167
615,167,16,17,18,218
616,0,33,100,17,150
619,17,33,83,18,151
620,33,33,17,16,99
622,101,32,100,16,249
624,235,31,0,17,283
626,35,32,100,16,183
627,101,16,17,16,150
628,0,32,100,16,148
630,35,32,17,16,100
631,17,32,17,16,82
632,432,34,0,17,483
633,16,33,35,17,101
636,0,35,17,14,66
638,0,31,0,17,48
639,0,14,0,17,31
640,101,34,0,17,152
641,233,18,33,17,301
642,100,32,134,17,283
643,50,34,0,17,101
645,233,17,0,17,267
646,0,34,0,17,51
647,115,34,33,17,199
649,116,33,133,16,298
650,484,17,16,16,533
653,101,17,0,17,135
655,51,34,0,17,102
656,100,33,17,16,166
658,0,34,0,17,51
660,33,33,17,16,99
661,0,16,0,17,33
662,0,33,17,16,66
666,234,32,68,17,351
667,100,18,32,22,172
668,834,33,0,16,883
669,100,15,84,16,215
672,101,33,16,16,166
674,233,34,116,16,399
676,0,35,0,16,51
677,0,13,0,16,29
678,0,33,16,16,65
679,2617,34,83,16,2750
680,0,32,68,17,117
684,33,33,134,16,216
686,0,33,134,16,183
687,0,16,134,16,166
688,102,32,116,18,268
690,0,33,83,16,132
691,100,16,17,17,150
692,0,35,81,17,133
693,18,32,116,18,184
694,0,32,116,18,166
695,100,15,17,18,150
698,0,34,18,15,67
699,485,32,0,16,533
700,0,33,17,18,68
701,32,18,0,15,65
702,0,35,0,15,50
703,101,15,52,16,184
705,102,14,101,17,234
707,482,34,0,17,533
708,233,33,0,16,282
709,0,15,52,16,83
710,1568,33,17,17,1635
714,33,33,168,15,249
717,35,16,0,16,67
718,0,33,0,16,49
719,99,18,34,15,166
720,0,34,16,17,67
721,235,15,0,18,268
722,0,33,0,16,49
723,17,34,34,15,100
724,0,34,34,15,83
725,100,18,99,17,234
726,232,35,17,16,300
728,233,33,82,17,365
729,0,17,0,16,33
730,34,32,0,18,84
731,0,18,99,17,134
732,99,33,19,16,167
734,0,33,0,18,51
735,0,15,0,18,33
737,0,16,0,17,33
738,101,33,66,16,216
739,251,34,16,17,318
741,482,34,166,17,699
742,0,33,82,17,132
743,49,32,17,17,115
744,0,33,66,16,115
745,18,32,17,17,84
746,0,32,17,17,66
747,32,17,68,16,133
748,17,17,68,16,118
749,17,34,133,17,201
751,102,17,32,17,168
753,17,34,16,17,84
754,0,34,16,17,67
755,966,17,83,18,1084
757,0,17,32,17,66
758,99,33,49,18,199
759,34,17,167,15,233
760,100,34,150,19,303
761,0,17,167,15,199
762,33,33,49,18,133
764,33,34,150,19,236
766,0,34,150,19,203
768,0,33,66,17,116
769,0,18,66,17,101
770,0,34,166,17,217
771,0,17,166,17,200
772,102,32,32,17,183
774,234,33,68,15,350
776,485,16,17,17,535
777,483,34,149,17,683
778,0,32,32,17,81
779,102,16,49,17,184
780,99,33,16,17,165
783,34,16,49,17,116
784,234,31,0,19,284
785,116,34,98,19,267
786,33,33,68,15,149
787,0,18,16,17,51
788,0,33,68,15,116
789,51,34,98,19,202
790,101,34,166,17,318
791,99,19,166,17,301
793,115,34,34,17,200
794,7498,33,18,17,7566
795,33,19,166,17,235
796,34,31,0,19,84
797,50,34,34,17,135
798,99,33,17,17,166
800,0,34,34,17,85
801,0,15,34,17,66
803,16,33,17,17,83
804,33,34,149,17,233
805,99,18,15,17,149
806,0,34,149,17,200
808,0,31,85,16,132
809,0,14,85,16,115
810,0,36,15,17,68
812,231,34,34,18,317
814,33,34,49,19,135
816,234,33,184,16,467
817,101,16,16,16,149
818,0,34,50,16,100
819,100,16,0,18,134
820,482,16,117,17,632
822,0,32,16,16,64
823,250,32,0,17,299
825,0,16,0,18,34
826,234,34,83,17,368
827,50,33,184,16,283
828,2833,35,49,16,2933
830,33,32,0,18,83
831,0,15,184,16,215
832,0,32,0,18,50
833,15,35,16,18,84
836,34,32,0,17,83
837,101,16,50,17,184
839,99,18,49,16,182
840,233,35,15,17,300
843,16,34,49,16,115
844,0,34,49,16,99
845,100,18,166,17,301
847,33,16,117,17,183
848,0,32,117,17,166
850,35,32,0,18,85
851,34,16,0,18,68
852,0,32,0,18,50
854,100,34,0,17,151
855,32,17,0,17,66
858,101,32,68,17,218
859,33,17,0,17,67
860,969,31,101,16,1117
861,0,17,0,17,34
862,0,34,82,18,134
863,49,33,17,18,117
864,100,32,34,17,183
866,33,35,50,16,134
867,16,35,50,16,117
868,0,35,50,16,101
870,232,35,67,15,349
871,49,33,0,17,99
872,0,34,134,17,185
873,2833,16,16,19,2884
875,104,13,32,17,166
876,966,35,17,16,1034
877,49,35,32,17,133
879,233,18,0,17,268
881,45,35,67,15,162
883,98,19,0,15,132
885,0,18,67,15,100
887,3768,15,18,17,3818
888,0,34,0,15,49
889,0,19,0,15,34
891,235,16,0,16,267
893,35,16,34,15,100
894,0,33,34,15,82
897,33,17,0,16,66
898,232,34,115,18,399
902,34,33,0,16,83
903,250,31,101,16,398
904,0,33,0,16,49
905,0,16,0,16,32
906,966,33,51,16,1066
908,0,33,99,36,168
913,102,14,101,16,233
914,0,32,53,14,99
915,1900,17,67,16,2000
916,0,36,17,14,67
917,21,31,101,16,169
921,33,19,0,16,68
922,0,34,0,16,50
923,35,17,16,17,85
925,0,17,16,17,50
926,33,33,0,19,85
927,0,17,167,17,201
928,233,33,51,17,334
929,233,15,51,17,316
930,233,33,50,17,333
931,34,13,18,17,82
932,0,32,18,17,67
935,483,33,51,16,583
936,0,33,50,16,99
939,249,33,52,16,350
940,0,32,0,18,50
942,1900,33,52,16,2001
944,33,35,15,17,100
945,0,15,50,17,82
946,35,32,134,18,219
948,232,34,0,16,282
949,0,17,134,18,169
950,2834,34,17,17,2902
951,967,16,16,18,1017
954,0,33,52,16,101
955,15,34,18,16,83
956,100,34,0,16,150
957,233,17,33,17,300
958,100,33,51,16,200
960,99,34,17,16,166
962,0,34,0,16,50
963,101,16,0,17,134
964,33,34,17,16,100
965,35,16,17,16,84
966,0,34,17,16,67
967,482,33,17,18,550
968,0,33,0,17,50
969,33,17,33,17,100
970,0,34,33,17,84
971,0,17,33,17,67
973,0,16,33,17,66
974,100,34,166,17,317
978,0,33,34,17,84
980,101,32,16,19,168
983,0,15,184,16,215
984,233,35,49,16,333
986,99,32,67,17,215
989,117,33,17,18,185
990,32,32,67,17,148
991,100,16,17,18,151
992,99,35,49,16,199
993,0,15,67,17,99
994,0,34,0,17,51
995,16,33,17,18,84
996,0,33,17,18,68
999,0,18,49,16,83
1001,17,33,34,16,100
1002,0,33,34,16,83
1003,2833,18,15,16,2882
1005,0,16,34,17,67
1006,101,33,50,17,201
1007,0,18,49,18,85
1008,33,34,0,16,83
1010,0,34,0,16,50
1012,232,33,0,18,283
1013,0,17,50,17,84
1014,0,33,34,16,83
1015,34,17,66,17,134
1016,0,34,66,17,117
1017,100,19,131,17,267
1018,33,33,66,17,149
1019,0,17,16,17,50
1020,0,33,66,17,116
1022,0,36,131,17,184
1023,249,34,0,17,300
1024,98,33,0,17,148
1025,16,33,0,18,67
1026,33,35,67,16,151
1027,0,16,0,18,34
1028,235,32,16,19,302
1029,100,17,66,17,200
1030,0,33,0,17,50
1031,0,18,0,17,35
1032,0,34,83,16,133
1033,33,17,66,17,133
1034,0,33,66,17,116
1035,0,17,66,17,100
1036,0,32,34,17,83
1037,34,16,0,17,67
1038,0,34,0,17,51
1039,232,33,102,16,383
1040,231,18,102,16,367
1041,0,17,116,16,149
1042,98,34,50,33,215
1043,16,35,17,14,82
1046,31,34,50,33,148
1048,99,18,102,16,235
1049,32,17,83,17,149
1051,17,50,102,16,185
1052,0,50,102,16,168
1053,0,33,102,16,151
1054,486,33,0,16,535
1055,0,17,85,16,118
1056,0,33,52,16,101
1057,50,35,100,16,201
1061,33,16,17,15,81
1062,100,32,18,16,166
1064,0,32,17,18,67
1066,0,35,0,16,51
1068,100,32,0,19,151
1069,50,34,0,17,101
1070,0,34,34,17,85
1071,16,34,0,17,67
1072,34,32,0,19,85
1074,0,32,0,19,51
1075,99,16,0,18,133
1076,0,34,167,16,217
1078,33,33,0,18,84
1079,0,17,33,18,68
1080,0,33,0,18,51
1082,33,18,0,16,67
1083,99,16,83,19,217
1084,100,34,0,17,151
1085,32,18,16,16,82
1086,0,34,16,16,66
1087,0,18,16,16,50
1088,32,34,0,17,83
1090,0,34,0,17,51
1094,0,35,0,16,51
1095,0,19,0,16,35
1096,0,31,67,18,116
1098,0,34,51,17,102
1101,16,35,132,18,201
1102,102,32,133,17,284
1103,33,17,150,17,217
1104,0,33,150,17,200
1105,33,18,0,17,68
1106,34,32,133,17,216
1107,35,15,133,17,200
1108,233,34,31,34,332
1109,33,15,18,15,81
1110,101,32,17,17,167
1113,0,15,18,17,50
1114,0,35,17,15,67
1115,0,17,17,15,49
1116,0,32,17,17,66
1117,32,17,0,16,65
1119,116,34,67,17,234
1120,234,34,65,17,350
1121,0,18,17,17,52
1122,234,32,99,20,385
1123,0,17,31,34,82
1124,0,31,85,16,132
1125,234,16,101,15,366
1126,234,34,16,16,300
1128,33,34,0,17,84
1129,0,17,18,16,51
1130,0,34,0,17,51
1133,33,18,65,17,133
1134,99,34,16,16,165
1135,0,18,65,17,100
1137,233,16,151,16,416
1139,102,15,0,15,132
1140,101,33,32,18,184
1142,0,32,150,17,199
1143,967,17,17,17,1018
1144,0,35,0,15,50
1145,232,16,17,16,281
1146,0,33,32,18,83
1147,0,18,32,18,68
1154,0,33,52,16,101
1157,0,17,17,16,50
1158,33,33,99,17,182
1159,33,16,99,17,165
1160,0,33,99,17,149
1161,33,16,0,18,67
1164,0,33,68,15,116
1168,35,33,0,16,84
1171,0,18,0,16,34
1173,0,18,15,16,49
1176,0,34,34,17,85
1177,99,17,34,17,167
1178,0,34,66,17,117
1179,0,17,66,17,100
1180,0,34,0,15,49
1182,32,34,200,18,284
1183,34,17,200,18,269
1185,0,17,200,18,235
1187,100,17,0,16,133
1189,101,17,51,17,186
1191,3117,34,49,18,3218
1192,100,35,97,35,267
1193,101,17,97,35,250
1195,34,16,167,17,234
1196,484,16,49,17,566
1197,0,16,167,17,200
1198,0,35,97,35,167
1199,234,14,17,17,282
1201,17,34,0,17,68
1202,0,34,0,17,51
1203,100,16,66,17,199
1204,0,31,52,16,99
1205,49,33,66,17,165
1206,0,35,99,17,151
1208,0,33,66,17,116
1209,233,17,82,17,349
1210,234,33,49,17,333
1211,0,17,66,17,100
1213,31,17,0,17,65
1216,34,33,0,17,84
1217,0,17,33,17,67
1218,233,32,0,17,282
1219,0,16,0,17,33
1220,0,33,0,17,50
1221,0,16,0,17,33
1223,0,17,82,17,116
1224,0,33,49,17,99
1225,99,17,32,17,165
1226,32,34,17,17,100
1228,100,34,117,16,267
1229,34,17,32,17,100
1230,0,34,32,17,83
1231,17,32,0,17,66
1232,32,34,117,16,199
1233,15,34,117,16,182
1235,50,35,49,16,150
1236,100,33,0,16,149
1239,0,18,49,16,83
1240,233,34,0,15,282
1242,0,33,0,16,49
1243,99,18,67,15,199
1244,0,33,18,17,68
1245,52,33,67,15,167
1246,0,35,15,18,68
1247,17,33,67,15,132
1249,100,19,0,15,134
1250,0,33,34,15,82
1251,99,34,49,18,200
1252,34,34,0,15,83
1253,482,35,17,17,551
1257,233,17,17,17,284
1258,968,34,0,15,1017
1259,99,19,48,18,184
1260,0,33,34,16,83
1263,0,16,0,16,32
1264,0,35,48,18,101
1265,100,17,17,17,151
1266,0,32,16,18,66
1267,32,18,0,15,65
1268,232,35,17,17,301
1269,116,35,0,16,167
1270,32,34,50,17,133
1273,249,34,50,18,351
1274,32,35,0,16,83
1277,233,16,134,16,399
1278,33,32,100,18,183
1281,0,16,100,18,134
1283,483,34,17,16,550
1284,0,34,15,16,65
1285,0,17,15,16,48
1286,31,34,50,18,133
1287,100,18,15,21,154
1288,102,36,0,13,151
1289,33,16,134,16,199
1293,33,21,0,13,67
1297,483,35,82,17,617
1298,0,33,34,17,84
1299,0,17,34,17,68
1300,0,34,0,17,51
1301,0,18,0,17,35
1302,0,33,200,15,248
1303,0,16,200,15,231
1304,0,33,0,17,50
1306,0,33,17,17,67
1307,0,16,17,17,50
1309,233,16,84,17,350
1310,33,34,17,16,100
1311,34,15,17,16,82
1316,3301,33,15,19,3368
1317,0,19,0,15,34
1318,98,34,18,17,167
1319,51,32,84,17,184
1322,0,32,84,17,133
1323,0,16,84,17,117
1325,0,17,18,17,52
1327,32,17,50,17,116
1328,232,34,99,17,382
1330,0,33,34,15,82
1331,234,17,50,16,317
1332,34,32,67,17,150
1335,35,17,32,17,101
1336,234,33,84,16,367
1337,3299,17,17,16,3349
1338,100,33,50,16,199
1339,0,17,0,17,34
1340,34,34,99,17,184
1341,34,17,99,17,167
1343,482,35,0,15,532
1344,33,34,16,16,99
1346,0,34,16,16,66
1347,0,17,16,16,49
1348,32,33,84,16,165
1349,1932,18,17,16,1983
1350,0,33,84,16,133
1352,35,35,14,16,100
1354,0,35,14,16,65
1355,0,18,14,16,48
1356,98,33,0,16,147
1357,233,16,35,15,299
1359,99,16,0,18,133
1360,98,35,0,16,149
1361,99,17,0,16,132
1362,0,33,0,16,49
1364,0,32,0,18,50
1366,0,35,0,16,51
1367,99,18,0,15,132
1368,32,33,35,15,115
1369,0,16,0,17,33
1371,33,18,0,15,66
1373,33,18,33,18,102
1374,0,33,33,18,84
1375,0,18,33,18,69
1376,0,33,49,17,99
1378,11701,32,50,17,11800
1379,232,17,0,18,267
1380,32,35,17,18,102
1381,34,18,17,18,87
1382,35,35,0,31,101
1384,99,33,67,16,215
1385,482,34,34,16,566
1386,0,31,16,17,64
1388,33,33,67,16,149
1389,0,17,17,16,50
1391,99,17,0,18,134
1392,0,34,0,18,52
1393,0,17,0,18,35
1394,0,33,0,16,49
1395,31,17,0,18,66
1396,100,33,17,17,167
1397,101,16,17,17,151
1398,100,34,66,18,218
1399,1932,18,15,19,1984
1400,482,17,67,17,583
1402,0,33,17,17,67
1403,0,16,17,17,50
1405,34,16,0,17,67
1407,3866,18,0,15,3899
1408,1933,35,16,17,2001
1409,34,17,0,15,66
1410,0,35,0,15,50
1411,0,17,0,15,32
1412,32,34,34,16,116
1413,0,17,68,16,101
1414,0,34,34,16,84
1415,99,18,34,17,168
1416,0,34,0,16,50
1418,31,35,34,17,117
1419,484,32,49,19,584
1421,33,19,166,17,235
1422,0,34,166,17,217
1423,484,35,15,17,551
1424,232,34,17,17,300
1428,0,34,67,17,118
1429,101,17,50,16,184
1430,0,33,0,18,51
1431,98,17,100,17,232
1432,0,34,84,16,134
1433,233,17,14,18,282
1434,34,32,100,17,183
1436,232,33,50,17,332
1438,100,34,0,17,151
1440,0,34,0,15,49
1441,0,17,0,15,32
1442,100,32,49,19,200
1443,99,18,49,19,185
1444,0,34,0,17,51
1446,233,34,17,16,300
1447,233,17,17,16,283
1448,100,32,16,18,166
1449,101,17,16,18,152
1451,0,16,50,17,83
1453,235,16,17,17,285
1454,0,32,16,18,66
1455,33,18,33,17,101
1456,34,33,0,17,84
1457,0,18,33,17,68
1460,0,34,17,16,67
1461,34,16,83,17,150
1462,0,33,83,17,133
1464,0,33,17,16,66
1465,103,15,17,16,151
1469,100,16,18,15,149
1471,0,15,17,16,48
1475,99,18,49,17,183
1477,100,17,15,17,149
1478,102,32,17,16,167
1480,34,34,15,17,100
1481,35,17,15,17,84
1482,0,34,15,17,66
1483,232,18,33,15,298
1484,32,33,18,17,100
1487,0,16,18,17,51
1488,35,32,0,17,84
1489,484,32,0,18,534
1490,0,32,0,17,49
1491,100,18,33,15,166
1492,0,34,149,18,201
1493,99,18,49,18,184
1494,0,32,35,15,82
1495,0,15,35,15,65
1496,0,35,33,15,83
1497,0,18,33,15,66
1499,0,18,49,18,85
1500,0,32,100,17,149
1501,0,17,100,17,134
1502,35,32,18,15,100
1503,0,18,50,15,83
1505,0,17,18,15,50
1507,0,15,34,16,65
1508,34,33,18,17,102
1509,0,17,16,17,50
1512,102,32,0,18,152
1513,0,17,299,18,334
1514,99,33,33,18,183
1515,102,15,33,18,168
1516,99,33,102,16,250
1518,0,32,0,18,50
1520,0,33,33,18,84
1521,33,15,102,16,166
1523,33,17,16,17,83
1524,35,33,0,17,85
1525,33,17,0,17,67
1526,33,34,98,17,182
1528,34,32,18,16,100
1529,0,17,98,17,132
1531,0,16,18,16,50
1533,0,16,65,16,97
1534,0,32,17,16,65
1535,0,17,17,16,50
1536,0,33,0,16,49
1538,0,35,98,18,151
1540,0,31,19,15,65
1542,34,33,169,15,251
1543,100,17,65,17,199
1544,33,35,17,17,102
1545,34,17,17,17,85
1546,35,34,65,17,151
1548,0,34,65,17,116
1549,99,18,15,17,149
1550,0,31,18,16,65
1552,34,35,15,17,101
1553,0,16,50,17,83
1554,0,35,15,17,67
1556,0,32,0,17,49
1557,0,17,0,17,34
1558,0,35,17,14,66
1560,0,31,34,17,82
1561,0,14,34,17,65
1563,0,17,0,17,34
1564,484,17,16,16,533
1565,34,17,33,17,101
1566,36,33,0,17,86
1568,0,33,0,17,50
1569,35,16,17,17,85
1570,33,34,100,15,182
1571,33,17,100,15,165
1572,0,34,100,15,149
1573,51,32,0,15,98
1576,0,32,0,15,47
1579,0,19,32,17,68
1582,0,35,0,16,51
1583,34,17,0,15,66
1585,32,16,0,17,65
1586,31,35,32,18,116
1590,0,32,0,18,50
1591,0,17,0,18,35
1592,234,34,65,17,350
1593,33,16,101,16,166
1596,0,33,101,17,151
1597,0,16,101,17,134
1600,0,35,66,18,119
1601,234,15,17,18,284
1603,34,16,51,16,117
1604,483,19,0,16,518
1606,34,33,32,17,116
1607,33,16,32,17,98
1608,0,33,32,17,82
1609,3866,16,0,18,3900
1611,100,18,99,20,237
1613,35,15,17,18,85
1615,98,19,0,15,132
1616,35,32,16,19,102
1617,484,33,67,17,601
1618,32,35,0,15,82
1619,33,19,0,15,67
1621,0,19,0,15,34
1623,0,17,51,16,84
1624,34,33,67,16,150
1625,1931,15,100,21,2067
1626,0,33,67,16,116
1629,34,17,35,16,102
1630,0,33,35,16,84
1632,0,35,0,16,51
1633,0,19,0,16,35
1634,99,33,33,16,181
1635,98,18,33,16,165
1636,232,34,49,17,332
1637,0,17,68,16,101
1639,0,18,0,15,33
1640,231,34,67,16,348
1641,100,17,67,17,201
1642,0,33,33,16,82
1643,0,17,33,16,66
1644,99,34,49,17,199
1645,0,17,0,16,33
1647,0,17,67,17,101
1648,0,33,17,17,67
1649,0,16,17,17,50
1653,32,17,67,16,132
1654,235,32,134,17,418
1655,0,17,67,16,100
1657,3868,15,33,17,3933
1658,102,32,16,18,168
1659,0,16,0,16,32
1660,0,33,83,18,134
1661,34,18,66,17,135
1662,233,34,0,17,284
1664,232,34,32,17,315
1665,0,17,16,18,51
1667,0,18,32,17,67
1668,32,34,66,18,150
1669,0,15,134,17,166
1670,0,34,66,18,118
1672,0,33,0,17,50
1674,0,33,100,17,150
1675,34,16,0,17,67
1677,482,34,16,17,549
1678,233,34,0,15,282
1679,0,17,32,17,66
1681,32,18,98,17,165
1683,101,15,51,17,184
1684,0,31,19,16,66
1685,0,16,19,16,51
1686,1936,32,17,16,2001
1689,32,17,83,16,148
1690,0,34,83,16,133
1692,233,34,16,17,300
1695,1936,16,16,17,1985
1696,232,34,17,15,298
1697,0,16,0,18,34
1698,36,32,167,17,252
1700,0,32,167,17,216
1701,0,17,167,17,201
1702,0,34,0,15,49
1703,32,17,18,16,83
1704,0,32,18,16,66
1705,0,17,18,16,51
1707,32,17,18,16,83
1708,99,51,50,17,217
1709,100,34,50,17,201
1710,99,18,50,17,184
1711,0,16,17,15,48
1712,0,32,0,17,49
1713,0,15,0,17,32
1714,33,18,50,17,118
1715,101,17,50,17,185
1716,0,18,50,17,85
1717,234,17,32,17,300
1718,33,34,50,17,134
1719,0,16,17,17,50
1720,0,34,50,17,101
1721,0,17,50,17,84
1722,484,16,115,18,633
1724,0,34,48,18,100
1726,0,32,16,18,66
1727,33,18,0,17,68
1728,0,34,0,17,51
1731,0,17,32,17,66
1732,0,32,118,15,165
1734,6702,32,49,17,6800
1737,0,17,66,18,101
1738,0,35,16,15,66
1739,23,31,100,21,175
1740,99,32,21,14,166
1741,0,15,100,21,136
1742,0,35,16,17,68
1743,0,17,16,17,50
1745,1935,15,16,17,1983
1746,32,35,0,17,84
1747,0,17,21,14,52
1748,485,17,99,17,618
1749,0,14,0,17,31
1751,480,19,33,17,549
1753,35,14,17,17,83
1754,0,32,17,17,66
1755,0,14,17,17,48
1756,100,34,133,17,284
1757,0,17,84,16,117
1758,968,32,101,15,1116
1759,0,18,50,16,84
1760,0,32,100,18,150
1763,0,16,133,17,166
1764,34,32,34,17,117
1765,32,16,34,17,99
1766,0,32,34,17,83
1767,0,16,34,17,67
1768,34,33,0,17,84
1769,33,16,0,17,66
1770,100,35,99,17,251
1772,0,34,16,17,67
1774,33,35,99,17,184
1775,35,17,99,17,168
1777,99,17,33,16,165
1778,30,19,33,17,99
1779,0,34,33,17,84
1781,33,17,33,16,99
1782,1932,34,116,17,2099
1783,0,17,33,16,66
1785,0,16,100,16,132
1786,100,34,15,19,168
1787,0,17,18,17,52
1789,32,17,16,18,83
1791,33,18,15,19,85
1793,0,18,15,19,52
1794,34,32,100,17,183
1795,0,19,0,15,34
1797,101,16,17,16,150
1798,0,35,33,16,84
1799,0,17,33,16,66
1800,481,18,15,17,531
1801,233,18,199,16,466
1802,0,32,17,16,65
1803,0,16,17,16,49
1806,0,33,52,16,101
1807,34,17,49,17,117
1808,0,35,49,17,101
1810,0,33,16,17,66
1811,98,17,101,15,231
1812,0,33,83,17,133
1813,100,17,33,17,167
1814,34,32,101,15,182
1817,34,17,33,17,101
1818,34,33,0,17,84
1819,0,17,33,17,67
1823,32,17,34,16,99
1825,0,17,34,16,67
1826,0,34,66,17,117
1828,0,34,15,17,66
1829,100,17,34,17,168
1830,0,32,0,17,49
1832,0,33,134,18,185
1833,33,17,34,17,101
1834,100,34,0,18,152
1835,17,34,0,17,68
1838,32,34,0,18,84
1839,33,16,0,18,67
1840,34,33,0,17,84
1842,481,19,217,17,734
1843,0,15,0,17,32
1844,968,32,17,17,1034
1847,0,15,0,19,34
1848,0,35,100,17,152
1850,233,33,50,16,332
1851,32,17,34,17,100
1852,967,33,34,15,1049
1854,101,33,16,17,167
1855,232,16,15,19,282
1856,100,33,17,16,166
1857,34,16,133,16,199
1858,0,33,133,16,182
1859,34,15,16,17,82
1860,99,34,83,18,234
1861,0,15,16,17,48
1862,100,32,15,19,166
1863,0,17,17,16,50
1864,33,34,83,18,168
1865,0,16,50,16,82
1866,100,35,82,17,234
1867,967,16,17,17,1017
1868,101,33,49,17,200
1869,101,17,49,17,184
1870,34,35,82,17,168
1872,0,35,82,17,134
1873,0,18,82,17,117
1875,0,17,49,17,83
1876,232,33,34,16,315
1878,0,35,83,17,135
1879,100,17,16,18,151
1880,32,35,16,17,100
1881,33,17,16,17,83
1882,0,35,16,17,68
1883,0,17,16,17,50
1884,0,33,16,18,67
1885,33,18,0,17,68
1886,233,34,32,17,316
1887,0,18,0,17,35
1888,1932,35,16,17,2000
1889,0,15,33,17,65
1890,33,34,0,16,83
1891,0,17,34,16,67
1892,100,34,116,17,267
1893,33,18,66,16,133
1894,0,34,66,16,116
1895,0,18,66,16,100
1896,0,32,0,17,49
1897,0,16,0,17,33
1899,0,17,116,17,150
1900,0,34,32,17,83
1901,117,34,33,17,201
1902,32,34,50,17,133
1904,0,34,50,17,101
1905,0,17,50,17,84
1906,0,33,67,17,117
1907,0,17,67,17,101
1908,0,34,33,17,84
1909,0,17,33,17,67
1911,0,16,34,15,65
1912,34,33,35,15,117
1913,0,17,0,15,32
1914,233,34,99,17,383
1915,235,17,99,17,368
1917,0,18,0,15,33
1918,0,30,202,17,249
1919,0,15,202,17,234
1923,0,15,135,17,167
1924,0,34,17,17,68
1926,34,34,99,17,184
1927,0,17,34,17,68
1928,0,34,99,17,150
1930,967,31,68,16,1082
1932,50,16,101,17,184
1933,33,16,101,17,167
1934,237,32,0,17,286
1936,0,33,0,17,50
1938,100,34,17,17,168
1940,0,34,0,17,51
1944,234,33,17,16,300
1945,0,18,17,17,52
1946,0,34,32,17,83
1948,0,32,0,17,49
1949,0,16,0,17,33
1951,0,18,48,17,83
1955,0,17,17,17,51
1957,0,17,0,16,33
1958,0,33,17,16,66
1959,233,18,15,19,285
1960,33,34,17,16,100
1961,0,16,18,16,50
1962,100,34,0,18,152
1964,33,33,34,18,118
1965,101,14,17,18,150
1967,0,17,34,18,69
1969,0,16,0,18,34
1970,32,35,15,19,101
1971,232,17,17,17,283
1972,0,35,15,19,69
1974,0,34,33,15,82
1975,35,17,100,16,168
1976,0,33,100,16,149
1978,33,32,17,18,100
1980,32,35,16,17,100
1981,0,17,17,18,52
1982,0,35,16,17,68
1985,34,17,31,18,100
1986,0,34,31,18,83
1987,98,18,66,18,200
1988,231,34,51,17,333
1989,0,15,68,16,99
1990,0,36,32,16,84
1991,32,18,66,18,134
1992,481,17,0,16,514
1993,0,18,66,18,102
1994,34,32,100,18,184
1997,35,16,32,18,101
1999,48,34,51,17,150
2000,0,32,0,18,50
2001,0,18,0,18,36
2002,0,34,51,17,102
2003,0,16,51,17,84
2004,101,33,0,16,150
2005,33,17,0,15,65
2006,33,33,16,17,99
2007,483,33,117,17,650
2008,98,35,50,18,201
2009,0,18,16,17,51
2010,0,33,0,16,49
2011,0,17,0,16,33
2013,967,17,16,17,1017
2014,0,35,50,18,103
2015,0,18,50,18,86
2016,99,33,0,17,149
2018,234,32,17,17,300
2025,99,19,15,17,150
2026,0,33,117,17,167
2027,0,16,117,17,150
2028,0,34,15,19,68
2029,0,18,15,19,52
2030,34,32,17,17,100
2031,0,19,15,17,51
2033,17,34,33,16,100
2034,985,15,34,15,1049
2035,500,18,49,15,582
2036,33,34,33,17,117
2037,0,17,117,17,151
2039,35,16,17,16,84
2040,0,33,17,16,66
2043,33,17,17,16,83
2045,117,32,84,17,250
2046,233,33,21,29,316
2047,34,15,66,18,133
2049,0,15,66,18,99
2050,34,32,84,17,167
2052,0,32,84,17,133
2053,100,17,16,17,150
2054,34,34,16,17,101
2055,33,17,16,17,83
2056,0,34,16,17,67
2058,233,33,166,17,449
2059,233,17,166,17,433
2060,233,34,17,16,300
2061,99,19,16,15,149
2062,483,18,50,16,567
2063,246,34,200,17,497
2064,18,18,49,15,100
2067,35,15,0,18,68
2068,0,31,0,18,49
2069,15,35,16,17,83
2070,0,35,16,17,68
2071,0,17,16,17,50
2072,233,33,0,17,283
2073,0,17,166,17,200
2074,34,33,0,16,83
2075,34,16,0,16,66
2078,34,32,50,17,133
2080,32,33,17,17,99
2081,966,17,66,17,1066
2082,0,33,17,17,67
2083,0,15,17,17,49
2084,0,34,233,17,284
2085,0,17,233,17,267
2086,0,33,0,17,50
2087,0,16,0,17,33
2088,233,35,15,18,301
2090,0,34,50,16,100
2092,233,32,200,18,483
2093,33,16,0,15,64
2094,34,33,50,16,133
2095,0,16,0,15,31
2096,0,33,50,16,99
2097,0,18,50,16,84
2098,0,33,17,16,66
2100,33,35,15,18,101
2102,100,33,0,18,151
2103,18,33,15,17,83
2104,0,33,15,17,65
2105,234,16,18,16,284
2106,0,32,200,18,250
2107,101,33,0,16,150
2108,234,33,18,16,301
2111,234,16,67,17,334
2112,484,17,0,17,518
2113,33,16,0,17,66
2114,234,35,0,17,286
2115,0,16,0,17,33
2116,101,33,18,16,168
2117,0,18,16,16,50
2119,16,34,333,17,400
2121,34,15,18,16,83
2122,0,33,18,16,67
2123,0,15,18,16,49
2124,101,32,101,17,251
2125,233,17,66,17,333
2127,483,33,17,16,549
2128,0,35,0,17,52
2130,0,32,101,17,150
2131,98,18,49,17,182
2132,951,17,132,17,1117
2133,0,16,17,18,51
2134,101,32,0,17,150
2135,18,32,49,17,116
2137,1419,32,16,17,1484
2138,0,34,66,17,117
2139,0,17,66,17,100
2140,0,32,0,17,49
2141,0,17,0,17,34
2144,0,33,0,17,50
2145,0,16,0,17,33
2146,233,33,0,17,283
2148,231,34,17,20,302
2149,52,32,34,16,134
2151,18,32,34,16,100
2152,32,34,50,16,132
2154,0,34,50,16,100
2155,950,31,102,16,1099
2156,0,33,17,16,66
2157,34,16,17,16,83
2160,33,34,17,20,104
2161,101,15,0,17,133
2162,0,34,17,20,71
2163,0,17,17,20,54
2164,37,29,0,17,83
2165,0,20,62,18,100
2166,0,29,0,17,46
2167,0,15,0,17,32
2169,233,18,116,17,384
2170,101,33,17,17,168
2171,33,16,18,16,83
2172,33,34,50,17,134
2173,0,16,18,16,50
2176,33,34,49,18,134
2177,0,17,17,17,51
2178,0,34,49,18,101
2179,38,12,50,18,118
2180,483,18,98,17,616
2181,46,34,0,15,95
2182,0,34,116,17,167
2183,0,18,116,17,151
2184,0,34,0,15,49
2185,0,18,0,15,33
2186,0,31,101,17,149
2187,0,16,101,17,134
2188,0,35,132,17,184
2190,33,33,0,17,83
2191,0,17,99,17,133
2192,0,33,0,17,50
2193,234,16,0,17,267
2194,100,33,100,17,250
2195,1616,34,117,17,1784
2197,34,17,16,17,84
2198,34,33,100,17,184
2199,967,16,67,18,1068
2200,33,33,0,18,84
2202,0,33,0,18,51
2203,33,17,32,17,99
2204,0,35,32,17,84
2205,0,17,32,17,66
2206,32,35,98,17,182
2207,0,16,0,17,33
2208,99,34,0,17,150
2209,33,18,31,18,100
2211,483,35,15,17,550
2212,0,31,102,16,149
2213,99,17,16,18,150
2215,100,18,84,14,216
2216,102,32,16,17,167
2217,0,16,84,17,117
2220,234,32,16,17,299
2221,50,33,117,18,218
2222,32,33,117,18,200
2224,0,33,117,18,168
2225,100,17,51,16,184
2226,0,33,0,17,50
2227,0,14,0,17,31
2228,0,35,83,16,134
2230,0,32,51,16,99
2231,0,17,51,16,84
2232,0,35,98,17,150
2233,18,32,16,17,83
2234,0,32,16,17,65
2235,233,16,33,17,299
2237,0,17,83,17,117
2238,0,33,0,17,50
2239,17,35,15,17,84
2240,485,16,17,16,534
2242,0,32,17,16,65
2243,0,17,17,16,50
2248,0,33,33,17,83
2249,34,15,35,16,100
2250,101,32,67,18,218
2251,32,18,100,16,166
2252,0,35,100,16,151
2253,985,32,99,18,1134
2254,0,33,16,16,65
2256,0,32,67,18,117
2257,33,18,0,16,67
2259,34,16,18,15,83
2260,32,33,51,17,133
2261,100,17,17,16,150
2262,0,33,51,17,101
2268,0,33,17,16,66
2269,483,33,17,17,550
2271,233,16,168,15,432
2272,34,34,48,18,134
2273,0,17,50,15,82
2274,0,34,48,18,100
2275,48,35,83,16,182
2276,31,35,83,16,165
2277,15,35,83,16,149
2278,35,34,0,15,84
2279,0,18,83,16,117
2280,233,34,0,15,282
2281,102,15,0,17,134
2284,100,33,68,15,216
2287,0,15,0,17,32
2288,0,34,201,16,251
2289,0,17,201,16,234
2290,0,33,68,15,116
2291,0,15,68,15,98
2292,0,34,117,17,168
2293,32,18,0,15,65
2294,0,34,0,15,49
2295,33,18,0,15,66
2296,100,33,50,16,199
2297,0,18,0,15,33
2298,0,33,17,17,67
2299,0,18,17,17,52
2300,0,34,16,17,67
2301,0,17,16,17,50
2302,0,33,50,16,99
2303,232,19,14,17,282
2308,0,35,65,17,117
2310,0,33,0,15,48
2311,19,32,99,18,168
2312,100,31,100,18,249
2313,0,17,99,18,134
2314,33,35,14,17,99
2315,233,16,17,16,282
2316,0,35,14,17,66
2317,33,17,100,18,168
2318,483,16,17,17,533
2319,17,37,33,15,102
2322,0,33,0,15,48
2323,100,16,17,16,149
2326,0,35,0,16,51
2327,0,17,0,16,33
2328,0,32,17,16,65
2329,0,16,17,16,49
2330,0,33,18,17,68
2331,34,17,17,17,85
2332,35,34,16,17,102
2333,0,17,17,17,51
2334,34,33,0,16,83
2335,0,17,16,17,50
2336,0,33,0,16,49
2339,234,15,134,19,402
2340,99,33,17,17,166
2341,33,16,135,17,201
2342,0,33,135,17,185
2343,233,17,16,17,283
2344,35,33,17,17,102
2346,0,33,17,17,67
2347,0,16,17,17,50
2348,1049,17,50,16,1132
2349,0,17,33,17,67
2352,32,34,66,17,149
2353,233,15,18,15,281
2354,0,34,66,17,117
2355,33,17,16,17,83
2356,1049,19,66,15,1149
2357,0,17,16,17,50
2358,100,34,17,15,166
2360,0,34,117,15,166
2363,98,15,168,17,298
2364,234,33,68,16,351
2365,2501,17,100,17,2635
2366,32,33,168,17,250
2367,33,15,168,17,233
2372,33,33,0,17,83
2373,4699,18,66,16,4799
2374,0,33,0,17,50
2375,34,17,67,17,135
2376,234,32,52,17,335
2377,101,17,49,17,184
2378,232,34,18,17,301
2379,0,16,68,16,100
2380,0,34,17,17,68
2381,34,17,49,17,117
2382,34,31,50,18,133
2384,31,35,33,16,115
2385,483,32,101,17,633
2387,32,18,84,17,151
2388,0,33,84,17,134
2390,32,34,18,17,101
2391,968,16,134,33,1151
2392,34,35,15,17,101
2394,484,17,101,14,616
2395,1864,19,65,17,1965
2396,99,34,83,16,232
2397,233,17,50,16,316
2398,0,34,116,17,167
2399,100,16,17,17,150
2400,0,33,83,17,133
2401,0,16,83,17,116
2404,483,17,32,17,549
2405,99,17,50,16,182
2407,0,17,82,18,117
2408,0,33,16,17,66
2411,484,35,198,17,734
2412,484,18,198,17,717
2413,18,32,101,17,168
2414,0,32,101,17,150
2415,0,16,101,17,134
2417,0,18,15,19,52
2418,966,34,17,15,1032
2419,19,32,49,18,118
2420,0,32,49,18,99
2421,34,17,101,14,166
2422,34,33,68,14,149
2423,100,18,31,18,167
2424,33,33,133,17,216
2425,0,18,68,14,100
2427,100,17,32,17,166
2428,0,35,31,18,84
2429,32,17,169,14,232
2430,31,35,32,17,115
2431,0,17,169,14,200
2432,0,35,32,17,84
2433,0,17,32,17,66
2434,32,35,32,17,116
2435,34,18,32,17,101
2436,102,36,12,17,167
2437,967,16,50,17,1050
2438,32,35,198,17,282
2439,0,17,83,17,117
2440,0,35,198,17,250
2441,0,18,198,17,233
2443,34,17,116,17,184
2444,244,19,15,19,297
2445,483,34,51,15,583
2446,101,32,51,17,201
2447,232,19,15,16,282
2448,99,34,17,17,167
2449,232,16,17,16,281
2450,34,32,51,17,134
2451,34,17,51,17,119
2453,0,17,51,17,85
2454,0,34,17,17,68
2456,233,35,82,17,367
2457,99,16,17,16,148
2458,33,34,15,16,98
2459,0,19,15,19,53
2462,31,33,0,18,82
2463,0,16,17,16,49
2464,235,32,18,16,301
2465,968,16,100,17,1101
2466,234,34,16,17,301
2468,0,33,117,17,167
2469,232,17,50,17,316
2471,0,18,82,17,117
2475,3516,35,32,18,3601
2476,10033,34,0,33,10100
2479,0,15,18,16,49
2481,233,16,50,17,316
2482,33,33,17,17,100
2483,101,32,0,17,150
2484,33,34,49,17,133
2485,112,34,83,17,246
2486,484,17,100,17,618
2487,0,17,49,17,83
2488,32,17,0,17,66
2489,32,17,51,16,116
2490,34,34,83,17,168
2492,34,33,50,17,134
2493,100,17,67,17,201
2494,0,33,50,17,100
2495,99,16,152,15,282
2496,482,20,65,17,584
2497,32,17,67,17,133
2498,34,32,152,15,233
2499,967,17,67,16,1067
2500,32,35,0,17,84
2501,0,16,152,15,183
2502,0,35,0,17,52
2503,236,14,34,17,301
2504,232,34,34,17,317
2506,99,34,100,17,250
2508,10033,33,83,16,10165
2509,33,15,100,18,166
2510,233,35,65,17,350
2511,0,15,100,18,133
2512,100,34,34,17,185
2513,0,17,100,17,134
2516,32,34,34,17,117
2518,0,34,34,17,85
2520,0,34,17,16,67
2521,0,17,17,16,50
2522,33,35,65,17,150
2523,31,20,65,17,133
2524,0,35,65,17,117
2525,102,17,32,17,168
2526,966,34,49,16,1065
2527,17,34,17,17,85
2529,100,16,0,17,133
2530,99,34,0,18,151
2533,0,17,0,17,34
2534,33,34,0,18,85
2535,0,16,0,17,33
2536,34,34,67,17,152
2537,0,17,0,18,35
2538,34,34,0,16,84
2539,33,17,0,16,66
2541,0,17,0,16,33
2542,0,33,66,17,116
2543,484,31,18,17,550
2544,0,32,0,17,49
2545,232,17,34,16,299
2548,484,16,34,16,550
2550,0,33,17,16,66
2552,100,33,34,16,183
2553,0,16,50,17,83
2554,0,33,34,16,83
2556,0,34,67,16,117
2557,33,17,34,16,100
2559,0,17,34,16,67
2561,0,17,198,18,233
2562,3869,30,52,16,3967
2563,33,17,36,14,100
2564,33,36,31,15,115
2566,36,31,0,15,82
2567,32,17,0,15,64
2568,31,34,15,16,96
2569,0,17,0,15,32
2570,0,34,15,16,65
2573,234,16,18,16,284
2574,35,33,34,16,118
2575,0,17,50,17,84
2577,33,17,0,16,66
2578,966,34,18,16,1034
2580,101,31,18,16,166
2581,34,17,17,17,85
2582,100,34,17,16,167
2583,232,17,51,17,317
2584,232,35,99,18,384
2586,0,31,18,16,65
2587,100,17,49,17,183
2588,101,32,69,16,218
2589,33,16,34,17,100
2590,33,34,49,17,133
2591,33,17,49,17,116
2592,0,34,49,17,100
2593,98,20,99,18,235
2594,32,34,51,17,134
2595,0,15,69,16,100
2596,102,32,17,17,168
2597,32,20,99,18,169
2598,0,35,99,18,152
2599,36,17,15,17,85
2600,0,33,15,17,65
2601,32,17,17,17,83
2602,32,34,18,16,100
2603,0,17,17,17,51
2604,34,34,15,16,99
2606,0,34,15,16,65
2608,31,35,100,18,184
2609,35,16,100,18,169
2611,99,17,18,14,148
2612,34,31,18,17,100
2613,0,18,66,18,102
2614,0,31,18,17,66
2615,32,17,18,14,81
2617,0,17,18,14,49
2618,0,32,0,20,52
2619,0,14,0,20,34
2622,0,35,0,16,51
2623,35,16,268,16,335
2624,32,33,0,17,82
2625,0,16,268,16,300
2626,0,33,0,17,50
2627,101,16,17,16,150
2628,34,32,0,18,84
2629,10567,17,16,17,10617
2632,101,34,100,15,250
2633,968,16,16,16,1016
2635,0,16,68,17,101
2637,233,16,50,18,317
2638,100,34,67,16,217
2639,33,17,200,15,265
2640,234,33,66,16,349
2641,0,17,200,15,232
2642,965,35,0,15,1015
2644,101,32,50,18,201
2645,0,16,67,16,99
2647,34,18,132,18,202
2648,0,35,132,18,185
2649,0,18,132,18,168
2650,0,32,50,18,100
2651,0,16,50,18,84
2652,100,34,67,17,218
2654,99,33,84,18,234
2655,0,18,66,16,100
2656,32,34,67,17,150
2657,0,17,83,18,118
2658,34,33,84,18,169
2659,32,17,84,18,151
2661,33,18,0,17,68
2663,35,16,17,18,86
2664,99,33,102,14,248
2665,99,16,102,14,231
2666,99,35,67,14,215
2669,101,16,35,14,166
2671,101,17,34,14,166
2672,0,35,67,14,116
2673,34,16,35,14,99
2675,0,16,35,14,65
2678,0,34,0,14,48
2679,0,20,0,14,34
2680,0,31,0,18,49
2681,0,17,0,18,35
2683,33,16,18,17,84
2684,99,34,16,16,165
2685,965,18,34,15,1032
2687,0,17,32,18,67
2688,32,34,16,16,98
2689,0,17,0,18,35
2690,34,32,100,17,183
2691,32,16,100,17,165
2692,0,32,100,17,149
2694,0,33,34,17,84
2695,34,16,134,16,200
2696,0,34,134,16,184
2697,0,16,134,16,166
2698,33,35,0,15,83
2700,0,35,0,15,50
2701,0,18,0,15,33
2702,482,17,16,17,532
2703,102,14,18,16,150
2704,34,33,0,18,85
2705,968,16,67,15,1066
2706,967,35,15,17,1034
2707,0,17,0,18,35
2710,34,33,36,15,118
2711,485,31,51,17,584
2712,101,33,35,14,183
2713,100,16,35,14,165
2714,36,32,17,16,101
2716,100,31,68,15,214
2717,99,17,68,15,199
2718,0,33,35,14,82
2719,7215,34,16,16,7281
2722,31,35,0,15,81
2723,35,17,0,15,67
2724,0,35,0,15,50
2726,99,33,201,15,348
2727,0,18,49,17,84
2729,0,19,81,19,119
2730,32,33,201,15,281
2731,33,17,201,15,266
2732,0,33,201,15,249
2734,0,35,15,16,66
2735,101,16,51,17,185
2736,31,36,15,16,98
2737,0,16,20,16,52
2738,36,31,51,17,135
2739,31,16,51,17,115
2741,32,18,34,15,99
2742,0,34,34,15,83
2743,0,18,34,15,67
2745,0,17,0,15,32
2746,98,36,15,17,166
2747,231,19,0,19,269
2749,15,33,0,19,67
2750,0,33,0,19,52
2751,0,15,0,19,34
2752,100,35,13,19,167
2754,99,32,0,19,150
2755,0,17,67,32,116
2756,0,32,0,18,50
2757,0,15,0,18,33
2758,35,32,0,19,86
2759,234,15,52,15,316
2760,0,32,0,19,51
2761,0,19,0,19,38
2763,0,16,67,15,98
2767,0,17,83,15,115
2768,0,32,0,18,50
2770,34,32,52,15,133
2771,233,17,48,17,315
2772,32,35,17,15,99
2774,0,35,17,15,67
2775,34,15,100,18,167
2776,0,32,100,18,150
2780,34,31,18,17,100
2782,0,31,18,17,66
2783,35,17,48,17,117
2784,100,35,48,17,200
2785,32,18,50,17,117
2786,33,32,18,17,100
2787,33,17,18,17,85
2788,0,32,18,17,67
2789,234,17,0,17,268
2790,35,35,13,17,100
2791,32,20,13,17,82
2792,0,35,13,17,65
2793,0,20,13,17,50
2794,30,34,18,16,98
2798,0,34,165,17,216
2799,965,17,32,17,1031
2800,233,34,67,16,350
2802,0,34,0,17,51
2803,0,17,0,17,34
2804,0,33,35,15,83
2805,234,17,33,14,298
2806,1934,33,16,18,2001
2807,32,16,17,18,83
2808,0,31,17,18,66
2810,0,35,15,18,68
2811,33,18,17,17,85
2812,0,33,17,17,67
2813,0,18,17,17,52
2814,233,33,0,17,283
2815,100,17,0,14,131
2816,0,32,0,18,50
2817,98,18,33,17,166
2819,3866,17,16,17,3916
2821,0,17,0,14,31
2822,966,32,50,17,1065
2823,967,17,50,17,1051
2827,35,15,0,17,67
2828,33,34,17,15,99
2829,32,17,17,15,81
2830,34,32,235,16,317
2831,0,17,17,15,49
2832,233,34,50,16,333
2833,0,15,235,16,266
2834,0,35,15,17,67
2835,0,18,15,17,50
2836,0,32,34,16,82
2837,34,17,33,17,101
2838,34,33,0,17,84
2839,0,17,33,17,67
2841,3868,15,0,17,3900
2842,0,35,32,17,84
2844,0,32,17,17,66
2845,0,17,17,17,51
2849,34,16,65,18,133
2850,0,33,65,18,116
2851,0,16,65,18,99
2852,1933,35,31,18,2017
2855,0,15,352,16,383
2856,35,32,0,17,84
2857,0,17,32,17,66
2858,0,32,0,17,49
2859,0,16,0,17,33
2860,968,34,17,16,1035
2861,967,18,17,16,1018
2863,99,18,15,19,151
2865,0,16,16,18,50
2866,34,33,15,19,101
2867,0,18,48,19,85
2869,0,18,15,19,52
2870,34,33,0,16,83
2871,35,17,0,16,68
2872,0,33,0,16,49
2873,0,17,0,16,33
2874,0,33,17,16,66
2875,34,16,17,17,84
2876,0,33,17,17,67
2879,0,17,32,18,67
2880,32,33,134,17,216
2881,0,17,50,17,84
2882,0,33,134,17,184
2883,32,17,17,16,82
2885,34,16,268,16,334
2886,221,12,0,17,250
2887,100,17,32,18,167
2888,3868,34,0,16,3918
2889,967,16,36,15,1034
2890,0,32,368,15,415
2891,33,17,32,18,100
2892,0,34,32,18,84
2893,0,17,32,18,67
2895,233,17,0,16,266
2896,0,36,0,19,55
2897,100,17,66,16,199
2899,46,34,66,16,162
2901,0,17,50,16,83
2903,0,17,66,16,99
2904,32,34,0,16,82
2905,0,16,0,17,33
2906,0,34,0,16,50
2907,0,17,0,16,33
2908,33,34,17,17,101
2909,234,17,16,18,285
2910,0,34,17,17,68
2911,102,16,0,16,134
2912,100,34,17,16,167
2913,32,18,33,16,99
2914,1932,33,0,17,1982
2916,966,33,18,16,1033
2917,0,16,0,16,32
2918,3867,32,50,16,3965
2922,0,33,16,18,67
2924,234,33,99,17,383
2926,32,33,0,18,83
2927,0,17,0,16,33
2928,33,35,133,16,217
2930,0,35,133,16,184
2932,0,31,0,17,48
2934,102,33,117,18,270
2936,483,18,199,17,717
2937,33,17,99,17,166
2939,0,17,99,17,133
2942,32,34,0,17,83
2943,101,18,0,15,134
2945,7715,34,17,17,7783
2946,0,33,36,15,84
2947,483,34,66,18,601
2949,233,17,16,18,284
2951,0,15,151,16,182
2952,0,34,117,16,167
2954,33,35,49,16,133
2955,0,15,0,19,34
2957,0,16,49,16,81
2959,0,17,83,18,118
2960,0,32,85,16,133
2962,35,34,199,17,285
2963,33,18,199,17,267
2964,0,34,199,17,250
2967,32,19,31,18,100
2968,35,31,51,16,133
2972,0,34,17,16,67
2973,234,16,150,17,417
2975,0,16,18,16,50
2976,3866,35,17,15,3933
2977,33,15,34,18,100
2978,0,32,34,18,84
2979,99,17,0,18,134
2980,34,35,32,18,119
2981,102,16,150,17,285
2984,0,32,0,18,50
2987,32,17,18,15,82
2988,0,33,18,15,66
2989,100,17,34,16,167
2990,0,33,0,17,50
2993,0,15,0,18,33
2995,34,17,0,16,67
2996,34,31,18,17,100
2999,100,18,31,18,167
3000,0,35,34,16,85
3002,34,34,31,18,117
3003,33,18,31,18,100
3004,0,34,31,18,83
3005,0,18,31,18,67
3006,232,34,117,15,398
3008,100,35,16,17,168
3010,0,32,0,18,50
3011,100,17,149,17,283
3012,101,33,0,16,150
3014,35,33,149,17,234
3015,0,17,16,17,50
3016,33,33,0,16,82
3017,33,17,0,16,66
3018,0,33,0,16,49
3019,0,17,0,16,33
3021,0,18,117,15,150
3022,32,33,52,15,132
3023,14351,32,33,18,14434
3024,0,33,52,15,100
3027,0,17,18,15,50
3031,0,15,0,17,32
3032,0,35,16,17,68
3033,34,17,0,15,66
3034,0,33,0,15,48
3037,0,17,0,19,36
3039,0,15,33,17,65
3040,33,38,30,17,118
3042,0,38,30,17,85
3043,0,21,30,17,68
3044,495,34,17,16,562
3047,0,15,35,16,66
3051,98,17,118,17,250
3053,7717,32,18,16,7783
3054,34,31,118,17,200
3055,0,17,14,17,48
3056,483,15,168,15,681
3057,102,16,83,34,235
3060,0,33,82,17,132
3062,33,34,15,17,99
3063,0,16,83,34,133
3064,0,34,15,17,66
3065,0,17,15,17,49
3066,0,32,100,17,149
3067,485,34,49,16,584
3070,969,31,17,17,1034
3071,34,15,0,17,66
3073,1932,18,16,17,1983
3074,233,34,17,18,302
3075,99,18,33,18,168
3077,484,33,33,18,568
3078,0,34,0,33,67
3080,0,33,33,18,84
3082,33,33,168,15,249
3083,100,16,17,18,151
3084,33,33,169,15,250
3085,0,15,168,15,198
3086,234,33,0,17,284
3089,33,18,66,15,132
3090,35,32,17,17,101
3091,0,18,66,15,99
3092,0,32,17,17,66
3093,0,17,17,17,51
3096,0,34,49,16,99
3097,34,17,33,17,101
3098,232,33,16,17,298
3099,0,17,33,17,67
3100,499,34,66,17,616
3103,0,16,0,18,34
3106,0,33,33,18,84
3108,33,33,83,16,165
3109,35,15,83,16,149
3110,1933,34,16,17,2000
3113,97,19,16,18,150
3116,0,33,0,35,68
3120,34,33,0,15,82
3121,0,18,0,16,34
3123,115,34,66,17,232
3124,0,32,16,19,67
3125,33,19,48,17,117
3126,0,35,48,17,100
3127,0,19,48,17,84
3129,15,34,66,17,132
3130,100,34,0,17,151
3131,34,16,17,16,83
3132,33,33,17,17,100
3134,0,33,17,17,67
3135,33,17,0,17,67
3136,101,33,235,15,384
3137,34,17,17,16,84
3138,34,33,67,17,151
3140,482,17,50,17,566
3141,100,17,83,16,216
3142,0,33,235,15,283
3143,1935,17,82,17,2051
3144,101,32,50,16,199
3145,16,34,83,16,149
3146,0,34,83,16,133
3147,34,16,0,17,67
3148,33,32,50,16,131
3149,33,15,50,16,114
3150,0,32,50,16,98
3151,49,32,19,17,117
3155,35,17,33,15,100
3156,0,36,33,15,84
3159,0,18,0,15,33
3160,0,33,84,16,133
3162,1934,33,32,17,2016
3164,34,33,15,17,99
3165,0,17,48,17,82
3166,0,33,15,17,65
3167,98,17,68,15,198
3168,32,34,16,17,99
3169,235,16,0,16,267
3170,34,33,68,15,150
3171,233,17,50,18,318
3172,33,34,0,17,84
3175,115,34,0,16,165
3177,0,17,99,16,132
3178,99,33,50,18,200
3179,3868,17,16,15,3916
3180,33,34,0,16,83
3181,33,16,0,16,65
3186,234,33,18,15,300
3187,99,17,0,18,134
3191,234,16,32,18,300
3193,0,17,0,18,35
3195,0,16,118,15,149
3197,0,17,117,16,150
3200,100,32,0,18,150
3202,233,34,33,16,316
3204,101,32,0,17,150
3205,482,34,99,18,633
3206,32,35,17,15,99
3207,0,16,0,18,34
3208,0,35,17,15,67
3211,232,17,50,17,316
3212,35,32,67,16,150
3213,0,18,66,17,101
3215,967,16,17,15,1015
3217,0,17,33,16,66
3219,948,36,33,16,1033
3220,100,34,16,17,167
3221,34,18,0,15,67
3222,34,32,50,17,133
3223,100,17,0,16,133
3224,0,32,50,17,99
3225,0,17,50,17,84
3226,34,33,0,16,83
3227,0,17,16,17,50
3228,99,34,99,18,250
3229,0,17,0,16,33
3230,0,37,29,16,82
3232,45,18,99,18,180
3234,34,32,35,17,118
3235,102,15,18,17,152
3236,0,32,35,17,84
3237,100,17,133,16,266
3238,35,32,18,17,102
3239,233,16,68,17,334
3240,0,32,18,17,67
3241,966,17,66,19,1068
3244,0,32,0,17,49
3247,0,18,98,18,134
3248,32,34,50,17,133
3252,32,35,82,17,166
3253,483,34,32,17,566
3254,0,35,82,17,134
3256,234,33,49,15,331
3257,0,16,66,17,99
3258,34,32,0,17,83
3259,99,17,0,17,133
3260,99,33,117,15,264
3261,101,16,117,15,249
3263,101,17,15,18,151
3265,7717,33,0,17,7767
3267,0,16,117,15,148
3268,0,35,15,18,68
3269,50,32,17,15,114
3270,33,32,17,15,97
3272,231,34,0,18,283
3273,0,16,17,15,48
3277,0,19,33,16,68
3278,0,33,32,17,82
3279,99,16,0,17,132
3280,32,34,32,17,115
3281,0,16,166,17,199
3282,34,32,0,17,83
3283,0,17,32,17,66
3285,33,17,0,18,68
3286,0,34,0,18,52
3287,483,35,17,15,550
3288,0,34,0,17,51
3289,33,15,52,17,117
3296,0,33,16,17,66
3297,18,33,66,19,136
3298,0,33,66,19,118
3299,0,17,66,19,102
3300,0,32,68,15,115
3301,100,17,17,17,151
3302,233,35,17,15,300
3303,99,17,50,17,183
3304,1935,31,18,17,2001
3305,497,17,134,17,665
3306,0,32,17,17,66
3307,235,15,17,17,284
3308,1935,32,84,17,2068
3309,17,33,17,17,84
3310,233,33,84,18,368
3312,101,32,18,15,166
3313,17,32,17,18,84
3314,99,33,17,17,166
3315,15,35,17,15,82
3316,1935,33,167,16,2151
3317,50,33,17,17,117
3318,0,32,18,15,65
3319,248,34,134,17,433
3321,49,33,84,18,184
3322,34,33,84,18,169
3323,17,33,84,18,152
3324,0,33,84,18,135
3325,16,33,51,18,118
3326,102,31,0,17,150
3327,967,16,18,16,1017
3328,234,34,0,17,285
3329,17,34,16,15,82
3330,34,31,0,17,82
3331,0,18,16,15,49
3332,100,32,67,17,216
3334,34,35,32,17,118
3337,484,32,85,18,619
3339,17,33,17,17,84
3341,50,34,15,18,117
3343,34,17,15,18,84
3344,0,34,15,18,67
3345,0,17,15,18,50
3346,99,34,16,17,166
3347,35,15,101,17,168
3351,485,32,50,16,583
3354,0,33,17,15,65
3356,32,34,67,17,150
3357,32,17,67,17,133
3358,34,35,49,17,135
3359,34,18,49,17,118
3360,0,35,49,17,101
3361,18,32,233,17,300
3362,32,34,17,15,98
3364,233,35,32,16,316
3366,32,34,101,17,184
3367,232,17,50,16,315
3369,50,35,81,18,184
3370,0,34,17,18,69
3372,99,35,32,16,182
3373,50,32,184,18,284
3375,100,17,50,16,183
3376,0,32,184,18,234
3378,100,33,18,16,167
3379,0,18,32,16,66
3380,32,33,17,16,98
3382,234,34,0,16,284
3384,484,15,18,17,534
3389,0,18,0,16,34
3390,0,31,0,18,49
3391,0,15,0,18,33
3392,0,34,34,17,85
3393,0,16,34,17,67
3395,1932,17,0,17,1966
3396,0,34,0,16,50
3397,101,15,150,15,281
3398,0,33,632,17,682
3399,966,17,49,17,1049
3401,34,15,150,15,214
3403,0,15,150,15,180
3404,16,18,166,16,216
3406,0,32,0,17,49
3407,101,15,18,17,151
3410,0,34,16,15,65
3411,33,15,18,17,83
3412,31,35,16,17,99
3414,0,35,16,17,68
3415,0,17,16,17,50
3416,33,35,49,17,134
3418,35,31,18,17,101
3420,31,35,16,16,98
3421,16,35,16,16,83
3423,49,34,17,17,117
3424,483,17,15,17,532
3425,16,34,17,17,84
3426,0,34,17,17,68
3427,0,16,17,17,50
3428,34,33,17,16,100
3432,233,32,34,17,316
3433,34,16,198,17,265
3434,100,34,49,17,200
3435,48,34,16,18,116
3437,485,35,15,17,552
3439,33,18,49,17,117
3440,0,34,49,17,100
3441,0,18,49,17,84
3442,33,33,166,17,249
3445,0,17,166,17,200
3447,0,15,34,17,66
3448,34,34,0,17,85
3450,966,33,0,17,1016
3451,0,17,0,17,34
3453,0,17,15,17,49
3454,0,32,100,17,149
3456,1933,34,16,35,2018
3457,0,17,49,17,83
3458,234,32,18,17,301
3459,32,17,33,18,100
3461,100,18,15,17,150
3462,0,33,50,18,101
3463,99,17,201,17,334
3464,0,33,17,18,68
3465,482,35,83,17,617
3466,234,34,32,19,319
3467,18,32,201,17,268
3468,99,35,65,17,216
3469,967,18,15,19,1019
3470,484,16,35,15,550
3471,0,17,50,17,84
3472,32,35,65,17,149
3473,232,16,0,18,266
3474,100,34,32,19,185
3475,0,17,65,17,99
3476,0,32,67,17,116
3478,0,33,66,19,118
3480,0,34,32,19,85
3481,0,17,32,19,68
3482,32,34,33,18,117
3483,0,15,400,18,433
3486,0,33,0,18,51
3487,16,35,17,15,83
3488,35,32,0,17,84
3492,33,35,83,17,168
3493,0,16,68,16,100
3494,233,33,0,17,283
3495,33,17,99,18,167
3496,0,33,99,18,150
3497,99,17,0,18,134
3499,34,17,32,18,101
3500,0,35,32,18,85
3501,99,16,135,15,265
3502,32,34,50,15,131
3504,34,32,135,15,216
3505,233,16,67,32,348
3507,234,17,33,32,316
3508,967,34,83,17,1101
3509,0,15,0,17,32
3510,0,34,0,17,51
3511,0,17,0,17,34
3512,35,33,50,16,134
3513,0,18,15,18,51
3517,0,17,18,16,51
3518,34,34,33,32,133
3522,0,33,233,16,282
3523,99,19,0,15,133
3525,101,17,100,16,234
3526,0,35,15,19,69
3527,0,18,15,19,52
3530,0,32,100,16,148
3531,0,17,100,16,133
3533,0,16,34,16,66
3537,101,16,0,18,135
3538,0,50,17,17,84
3539,34,17,0,17,68
3540,234,33,18,17,302
3541,34,16,0,18,68
3542,3866,35,100,15,4016
3543,100,18,32,15,165
3546,101,32,17,16,166
3547,98,17,17,16,148
3548,0,36,32,15,83
3549,0,18,32,15,65
3551,32,17,17,16,82
3553,0,17,17,16,50
3554,484,16,18,16,534
3555,1933,17,233,18,2201
3556,35,34,15,18,102
3559,99,16,150,35,300
3561,0,18,17,17,52
3562,0,34,15,16,65
3563,32,16,150,35,233
3564,31,34,83,17,165
3565,16,34,83,17,150
3566,0,34,83,17,134
3569,0,17,16,17,50
3571,0,17,17,17,51
3572,100,35,32,17,184
3573,33,35,15,18,101
3574,101,32,133,17,283
3575,0,35,15,18,68
3576,19,15,67,17,118
3577,33,17,32,17,99
3578,35,32,133,17,217
3582,101,32,17,17,167
3583,99,17,17,17,150
3584,0,34,18,16,68
3587,0,16,49,17,82
3588,0,32,17,17,66
3590,0,34,183,17,234
3591,0,17,183,17,217
3592,34,32,50,17,133
3593,99,17,233,17,366
3595,32,33,234,16,315
3596,101,33,0,16,150
3597,33,17,233,17,300
3598,17,17,233,17,284
3599,100,17,67,16,200
3602,0,33,0,16,49
3603,101,16,166,18,301
3604,484,16,51,16,567
3605,0,17,67,16,100
3606,484,16,100,16,616
3608,484,16,17,34,551
3609,233,16,33,17,299
3610,0,37,97,17,151
3611,34,16,0,17,67
3612,114,15,18,17,164
3614,0,34,0,17,51
3615,0,17,0,17,34
3616,0,34,83,16,133
3617,0,17,83,16,116
3618,32,35,32,18,117
3622,32,33,67,17,149
3623,16,33,67,17,133
3624,100,34,0,17,151
3626,0,51,100,16,167
3627,0,34,100,16,150
3629,0,16,0,17,33
3630,483,17,18,15,533
3631,0,17,0,17,34
3633,1932,17,33,19,2001
3635,966,18,0,16,1000
3636,34,51,15,16,116
3637,98,18,100,16,232
3638,0,51,15,16,82
3639,34,15,200,19,268
3641,0,15,200,19,234
3642,0,34,100,16,150
3643,0,18,100,16,134
3644,0,33,16,17,66
3645,0,17,16,17,50
3646,233,33,17,17,300
3647,0,17,50,17,84
3648,0,34,16,17,67
3650,0,33,33,19,85
3651,484,33,18,33,568
3652,0,33,0,19,52
3653,0,16,0,19,35
3654,34,33,83,17,167
3658,233,33,33,17,316
3661,32,17,68,14,131
3664,0,32,118,16,166
3669,117,34,17,17,185
3672,33,33,51,17,134
3673,49,34,17,17,117
3674,0,33,51,17,101
3675,14,34,17,17,82
3676,0,34,17,17,68
3678,11368,33,17,17,11435
3682,483,18,98,19,618
3684,34,33,135,16,218
3685,33,15,135,16,199
3686,100,35,0,16,151
3688,0,35,100,16,151
3689,32,17,0,17,66
3691,101,16,50,18,185
3692,234,34,67,17,352
3693,0,18,0,16,34
3694,33,32,50,18,133
3697,0,16,50,18,84
3698,33,17,0,18,68
3699,32,18,32,17,99
3700,35,32,0,17,84
3702,100,32,35,17,184
3703,0,17,0,17,34
3705,0,17,0,16,33
3708,0,32,35,17,84
3709,238,14,0,17,269
3710,0,35,98,19,152
3711,102,14,168,17,301
3712,0,33,0,16,49
3713,0,16,0,16,32
3714,0,32,0,19,51
3715,0,16,0,19,35
3716,0,33,168,17,218
3717,0,14,168,17,199
3718,34,35,33,17,119
3719,233,17,50,17,317
3720,0,35,33,17,85
3722,33,34,49,16,132
3723,0,14,0,17,31
3724,234,31,67,18,350
3725,0,17,49,16,82
3726,3867,33,14,17,3931
3727,0,17,17,16,50
3728,0,33,0,17,50
3729,0,16,0,17,33
3731,0,15,0,19,34
3735,35,17,81,17,150
3736,101,32,18,15,166
3737,0,17,81,17,115
3739,34,18,15,17,84
3740,0,35,15,17,67
3741,0,18,15,17,50
3742,32,33,50,17,132
3744,33,35,15,17,100
3745,33,17,15,17,82
3746,968,34,216,17,1235
3750,0,33,19,14,66
3751,0,15,19,14,48
3752,0,33,18,17,68
3753,0,14,18,17,49
3754,0,35,67,18,120
3755,32,18,83,16,149
3756,99,33,17,17,166
3757,484,33,67,17,601
3758,0,34,49,16,99
3760,32,33,17,17,99
3761,0,14,17,16,47
3762,33,34,66,17,150
3763,0,16,17,17,50
3766,34,32,0,17,83
3768,0,32,0,17,49
3769,0,15,0,17,32
3770,34,33,17,18,102
3771,35,15,17,18,85
3772,0,33,17,18,68
3774,0,35,100,15,150
3775,0,18,100,15,133
3777,0,19,0,16,35
3780,967,32,84,17,1100
3781,0,17,49,16,82
3782,33,32,18,15,98
3783,100,17,0,18,135
3784,0,32,18,15,65
3785,0,16,18,15,49
3786,0,33,67,17,117
3788,3867,34,17,17,3935
3789,0,17,0,18,35
3791,0,15,0,17,32
3792,235,33,0,17,285
3793,33,18,0,17,68
3794,99,19,50,17,185
3795,101,16,17,17,151
3796,34,49,50,17,150
3797,31,35,50,17,133
3798,0,49,50,17,116
3800,35,34,67,17,153
3801,100,17,0,17,134
3802,34,34,216,17,301
3803,0,17,67,17,101
3804,0,34,216,17,267
3806,0,33,0,17,50
3807,0,17,0,17,34
3808,33,34,116,17,200
3809,0,16,0,17,33
3810,0,34,116,17,167
3811,101,15,17,17,150
3812,482,17,17,17,533
3814,0,34,0,17,51
3816,3865,33,18,16,3932
3817,0,15,17,17,49
3818,34,34,98,18,184
3819,0,17,98,17,132
3822,0,32,84,16,132
3827,0,17,52,14,83
3829,0,16,18,14,48
3830,3866,34,17,18,3935
3831,33,14,0,18,65
3832,0,33,0,18,51
3833,0,14,0,18,32
3834,0,35,66,17,118
3835,0,17,66,17,100
3836,34,32,84,17,167
3837,101,17,33,16,167
3838,100,33,149,17,299
3839,0,16,84,17,117
3841,484,32,17,20,553
3842,0,34,33,16,83
3843,33,17,149,17,216
3844,0,33,149,17,199
3845,966,17,18,17,1018
3846,966,35,15,17,1033
3847,33,17,118,15,183
3850,0,33,133,18,184
3851,32,18,50,15,115
3852,35,32,84,17,168
3853,1934,16,18,15,1983
3854,0,32,84,17,133
3855,35,15,17,16,83
3857,32,16,85,16,149
3860,35,32,50,17,134
3861,0,17,50,16,83
3864,0,34,82,17,133
3865,0,16,82,17,115
3866,0,33,0,17,50
3867,34,17,49,20,120
3868,34,32,17,20,103
3870,0,32,17,20,69
3871,102,16,17,17,152
3873,0,20,0,13,33
3874,0,30,18,16,64
3876,34,34,0,16,84
3878,101,32,33,18,184
3879,966,16,35,15,1032
3880,0,33,200,16,249
3881,101,15,34,17,167
3882,0,34,16,16,66
3883,0,19,16,16,51
3885,0,16,33,18,67
3886,101,33,65,18,217
3888,0,34,51,16,101
3890,233,35,15,17,300
3892,0,33,65,18,116
3893,99,16,0,18,133
3894,233,33,0,16,282
3896,100,34,18,17,169
3897,0,15,84,17,116
3899,484,31,34,17,566
3900,33,34,18,17,102
3901,99,17,33,16,165
3903,0,17,18,17,52
3905,0,17,15,17,49
3907,3867,16,34,16,3933
3909,0,16,0,16,32
3910,0,34,0,21,55
3911,101,16,52,15,184
3912,0,33,133,18,184
3914,484,18,14,17,533
3915,101,15,0,18,134
3917,101,15,33,17,166
3918,34,33,0,18,85
3919,34,15,0,18,67
3920,33,33,33,17,116
3922,0,33,33,17,83
3923,98,16,34,17,165
3925,0,15,0,17,32
3926,0,35,65,17,117
3927,484,35,0,15,534
3928,0,31,34,17,82
3929,235,18,14,17,284
3930,0,34,0,17,51
3931,486,31,0,18,535
3932,0,34,33,17,84
3933,0,17,33,17,67
3935,232,17,17,17,283
3937,33,18,166,17,234
3939,0,18,166,17,201
3942,100,33,17,17,167
3943,99,17,17,17,150
3944,31,34,168,15,248
3945,101,17,0,16,134
3946,101,32,0,17,150
3947,33,17,17,17,84
3950,0,34,0,16,50
3951,101,17,0,15,133
3952,0,32,0,17,49
3953,33,17,35,15,100
3955,99,17,0,18,134
3956,0,35,0,15,50
3957,0,17,0,15,32
3958,231,35,48,18,332
3959,966,17,33,16,1032
3960,99,33,167,17,316
3961,35,15,35,16,101
3962,33,35,50,16,134
3964,0,35,50,16,101
3966,33,33,18,15,99
3967,34,16,18,15,83
3970,232,34,34,18,318
3973,0,17,48,18,83
3974,0,33,50,16,99
3975,0,17,50,16,83
3976,0,33,17,16,66
3978,0,33,16,17,66
3980,0,33,18,14,65
3981,0,17,18,14,49
3983,100,15,0,19,134
3984,34,34,0,18,86
3986,34,33,0,19,86
3987,34,15,0,19,68
3988,101,32,34,16,183
3990,36,32,66,16,150
3991,97,18,67,17,199
3992,32,32,34,16,114
3993,100,18,15,18,151
3994,32,34,67,17,150
3995,0,15,34,16,65
3996,34,34,15,18,101
3997,0,18,67,17,102
3999,33,18,17,17,85
4000,0,33,17,17,67
4002,0,34,31,17,82
4005,0,16,102,17,135
4006,33,19,17,14,83
4007,35,17,33,17,102
4008,235,34,18,14,301
4010,98,34,33,16,181
4011,0,19,17,16,52
4012,232,34,0,16,282
4014,0,32,50,17,99
4016,236,31,50,17,334
4019,0,17,34,17,68
4020,0,34,17,17,68
4021,0,18,17,17,52
4022,34,32,0,17,83
4023,99,19,31,16,165
4024,32,34,0,16,82
4026,484,18,83,15,600
4027,0,17,0,16,33
4028,0,35,31,16,82
4029,968,17,19,13,1017
4030,0,31,50,17,98
4031,0,17,50,17,84
4032,967,33,50,17,1067
4033,235,16,16,17,284
4034,0,32,0,17,49
4035,101,17,50,17,185
4036,18833,33,18,16,18900
4037,33,17,84,17,151
4042,234,32,17,17,300
4043,483,32,0,17,532
4045,33,16,16,17,82
4046,0,32,16,17,65
4047,0,16,16,17,49
4048,33,34,34,16,117
4049,35,16,34,16,101
4051,233,18,64,17,332
4052,235,31,0,17,283
4053,1933,17,17,17,1984
4055,966,18,15,19,1018
4057,0,15,17,17,49
4058,34,32,0,17,83
4060,101,31,0,17,149
4061,32,17,17,18,84
4062,234,33,17,17,301
4063,100,16,17,18,151
4064,967,35,15,17,1034
4065,0,18,64,17,99
4066,0,31,0,17,48
4067,33,16,17,18,84
4068,0,33,17,18,68
4069,100,17,0,17,134
4070,235,33,116,16,400
4071,0,18,32,17,67
4072,0,32,0,17,49
4073,967,17,101,16,1101
4074,34,33,17,17,101
4075,0,17,0,17,34
4076,99,35,33,17,184
4077,232,17,50,17,316
4081,34,17,33,17,101
4082,0,35,33,17,85
4083,33,17,116,16,182
4084,0,33,116,16,165
4085,233,17,150,16,416
4087,484,33,32,17,566
4089,0,13,300,17,330
4090,33,33,17,17,100
4093,0,16,17,17,50
4094,34,34,16,17,101
4095,0,17,17,17,51
4096,34,33,150,16,233
4098,99,35,49,16,199
4100,101,32,17,16,166
4101,233,19,16,17,285
4103,100,16,16,17,149
4104,0,35,49,16,100
4105,0,17,49,16,82
4106,32,33,16,17,98
4107,235,17,0,16,268
4108,33,33,17,18,101
4109,32,17,17,18,84
4110,0,33,17,18,68
4111,0,17,17,18,52
4112,35,34,16,17,102
4114,99,34,0,16,149
4115,101,17,0,16,134
4116,33,32,34,16,115
4117,0,17,32,17,66
4119,0,17,34,16,67
4120,968,32,34,17,1051
4121,101,15,0,18,134
4122,35,32,68,14,149
4123,0,19,15,17,51
4124,0,32,68,14,114
4127,100,15,33,18,166
4128,0,36,0,14,50
4129,232,17,17,18,284
4130,485,12,18,15,530
4131,35,15,33,18,101
4133,0,15,33,18,66
4135,234,15,52,16,317
4137,33,16,34,16,99
4138,0,32,34,16,82
4139,33,17,0,16,66
4140,0,34,0,16,50
4142,99,33,52,16,200
4144,0,35,64,18,117
4146,31,33,52,16,132
4147,0,15,85,16,116
4148,484,18,48,18,568
4149,100,16,17,16,149
4150,101,33,21,12,167
4152,0,33,132,18,183
4153,33,16,17,16,82
4154,0,33,17,16,66
4155,33,16,21,12,82
4158,0,33,18,15,66
4161,0,15,51,17,83
4162,34,34,49,17,134
4164,100,34,50,17,201
4165,100,17,50,17,184
4166,0,34,133,16,183
4168,486,14,16,17,533
4169,485,33,66,16,600
4170,34,35,15,17,101
4173,0,18,15,17,50
4175,483,34,100,17,634
4177,0,18,48,18,84
4178,0,32,34,17,83
4179,32,18,17,17,84
4180,483,17,17,17,534
4181,35,17,15,17,84
4182,0,34,15,17,66
4183,32,17,67,18,134
4186,0,34,0,17,51
4187,34,16,0,18,68
4188,100,32,68,16,216
4189,3866,17,17,15,3915
4190,34,33,17,15,99
4191,102,14,16,17,149
4193,0,18,17,15,50
4195,483,33,50,17,583
4196,0,35,16,17,68
4197,0,14,16,17,47
4198,0,33,66,16,115
4199,0,17,66,16,99
4201,0,18,0,15,33
4202,32,34,100,17,183
4203,233,17,67,16,333
4204,100,34,0,17,151
4206,32,34,17,17,100
4207,0,16,68,17,101
4208,484,18,16,15,533
4209,101,17,0,15,133
4212,99,35,0,15,149
4213,33,17,0,15,65
4214,0,33,0,15,48
4216,233,33,151,15,432
4217,0,17,67,16,100
4218,484,16,51,16,567
4220,0,32,117,17,166
4223,484,33,18,16,551
4225,0,16,50,17,83
4226,33,34,49,16,132
4227,32,17,49,16,114
4228,1934,32,34,18,2018
4229,0,17,49,16,82
4231,33,16,167,18,234
4232,0,32,167,18,217
4233,0,16,167,18,201
4234,34,35,16,15,100
4235,0,17,0,17,34
4236,0,35,16,15,66
4237,100,16,102,16,234
4238,98,34,17,16,165
4239,233,16,18,16,283
4242,0,33,102,16,151
4244,0,34,17,16,67
4245,0,16,17,16,49
4247,0,16,51,16,83
4248,0,35,16,16,67
4249,101,16,16,16,149
4250,99,32,35,16,182
4251,0,16,17,16,49
4253,0,16,18,16,50
4255,99,16,0,18,133
4257,0,16,35,16,67
4259,33,16,0,18,67
4260,100,32,0,18,150
4263,233,16,34,18,301
4264,0,34,0,17,51
4265,0,18,0,17,35
4266,0,32,0,18,50
4268,35,33,0,15,83
4269,33,17,0,15,65
4270,33,34,15,18,100
4271,0,17,0,15,32
4273,101,17,0,18,136
4276,0,32,34,18,84
4277,99,17,133,17,266
4279,0,17,0,18,35
4282,32,34,99,17,182
4283,0,17,133,17,167
4285,484,33,16,18,551
4286,33,33,0,18,84
4287,0,17,33,18,68
4288,33,33,102,16,184
4290,0,33,102,16,151
4291,482,35,48,18,583
4292,0,35,98,17,150
4293,0,18,98,17,133
4296,34,31,17,18,100
4297,233,17,16,17,283
4298,31,35,0,15,81
4300,101,35,0,16,152
4301,0,18,0,15,33
4302,233,34,67,15,349
4305,0,17,17,18,52
4309,0,17,66,16,99
4310,99,34,67,15,215
4312,0,33,99,17,149
4314,33,34,67,15,149
4315,51,32,17,18,118
4317,35,15,17,18,85
4319,0,15,17,18,50
4320,0,35,48,18,101
4321,967,17,16,18,1018
4322,481,18,100,17,616
4324,34,32,0,17,83
4326,0,32,0,17,49
4328,0,34,50,17,101
4330,0,34,49,17,100
4331,33,17,66,17,133
4332,0,33,66,17,116
4334,0,33,0,17,50
4336,0,33,0,17,50
4337,100,17,32,17,166
4338,13318,17,33,15,13383
4340,33,33,32,17,115
4341,13318,34,82,16,13450
4343,32,17,34,18,101
4344,483,16,84,17,600
4346,0,34,67,17,118
4349,0,16,66,18,100
4350,99,34,17,17,167
4351,234,17,50,17,318
4352,7716,17,0,17,7750
4353,0,16,0,18,34
4354,235,32,0,15,282
4355,0,15,16,18,49
4356,34,34,33,17,118
4359,32,18,17,17,84
4360,33,34,82,17,166
4361,0,18,17,17,52
4363,0,17,82,17,116
4364,0,32,50,17,99
4365,17,35,32,15,99
4367,33,17,0,15,65
4368,233,31,51,17,332
4369,0,17,0,15,32
4371,234,18,83,16,351
4376,0,33,85,15,133
4377,485,34,16,17,552
4378,0,35,16,18,69
4379,484,33,0,16,533
4381,0,18,16,15,49
4385,0,18,83,16,117
4386,0,33,50,16,99
4387,0,17,50,16,83
4388,100,35,31,17,183
4389,0,17,17,16,50
4390,33,34,0,17,84
4392,0,34,0,17,51
4393,99,16,35,16,166
4394,35,31,68,16,150
4395,0,18,31,17,66
4396,232,32,35,17,316
4397,100,15,35,17,167
4398,33,35,0,16,84
4399,0,16,35,16,67
4402,0,31,35,17,83
4404,234,34,134,15,417
4406,34,33,0,16,83
4408,33,32,35,17,117
4409,0,17,0,16,33
4410,0,32,35,17,84
4411,0,16,35,17,68
4412,234,34,49,17,334
4414,233,33,33,16,315
4419,0,18,134,15,167
4421,232,18,16,18,284
4422,483,16,17,18,534
4423,98,18,33,16,165
4424,0,34,0,17,51
4425,0,18,0,17,35
4427,0,17,49,17,83
4428,33,33,16,17,99
4429,34,17,16,17,84
4431,0,17,16,17,50
4432,0,33,118,17,168
4433,234,16,102,15,367
4434,34,34,50,17,135
4436,0,34,50,17,101
4437,33,17,67,17,134
4438,482,17,0,17,516
4440,0,35,16,16,67
4441,0,17,16,16,49
4442,0,32,168,15,215
4444,24517,17,34,33,24601
4445,0,18,15,16,49
4446,31,34,17,16,98
4447,16,34,17,16,83
4449,33,16,17,18,84
4450,0,33,17,18,68
4451,0,16,17,18,51
4452,0,35,82,17,134
4454,33,34,15,17,99
4455,0,18,0,17,35
4456,99,33,34,16,182
4457,32,17,0,16,65
4459,234,16,0,16,266
4460,0,33,0,16,49
4461,0,17,0,16,33
4462,0,33,34,16,83
4464,0,34,33,17,84
4466,33,34,0,16,83
4468,34,32,34,16,116
4470,0,32,34,16,82
4471,100,17,117,17,251
4472,484,17,17,15,533
4473,32,18,167,15,232
4474,0,34,167,15,216
4476,99,34,17,17,167
4477,0,17,117,17,151
4478,0,33,49,18,100
4480,101,32,17,17,167
4482,100,34,17,15,166
4483,0,18,17,17,52
4484,0,34,0,15,49
4486,0,32,17,17,66
4489,0,17,17,15,49
4490,232,34,17,16,299
4491,32,17,0,17,66
4493,34,16,54,13,117
4494,233,33,51,17,334
4495,0,16,54,13,83
4496,35,32,51,15,133
4497,0,17,132,17,166
4499,0,13,51,15,79
4500,34,32,51,16,133
4501,0,17,17,15,49
4502,0,32,51,16,99
4503,0,15,51,16,82
4504,0,34,17,16,67
4506,234,33,17,16,300
4507,100,17,17,17,151
4508,0,33,51,17,101
4510,102,33,83,16,234
4511,34,17,17,17,85
4512,482,18,17,15,532
4514,0,34,33,15,82
4515,32,18,83,16,149
4516,33,33,0,16,82
4517,0,18,83,16,117
4518,33,33,17,16,99
4519,0,18,0,16,34
4521,0,17,17,16,50
4523,101,15,100,17,233
4526,0,33,50,17,100
4528,0,33,100,17,150
4530,0,34,0,16,50
4532,34,32,0,17,83
4533,33,17,0,17,67
4534,32,34,33,16,115
4536,0,34,33,16,83
4538,0,33,134,16,183
4539,234,16,17,16,283
4540,0,34,17,15,66
4541,35,15,34,17,101
4542,0,32,34,17,83
4543,0,15,34,17,66
4544,34,34,116,16,200
4545,233,17,49,16,315
4547,33,17,99,17,166
4548,33,32,0,18,83
4549,0,17,99,17,133
4550,0,32,0,18,50
4552,0,34,17,16,67
4555,99,17,68,18,202
4556,34,34,49,16,133
4557,34,17,49,16,116
4559,100,17,18,15,150
4560,0,32,68,18,118
4561,34,16,18,17,85
4565,35,15,182,20,252
4566,0,33,182,20,235
4569,0,14,0,19,33
4572,966,18,16,18,1018
4573,0,17,50,16,83
4574,-76281,0,0,0,-76281
4576,968,33,16,18,1035
4577,0,16,67,16,99
4579,102,15,102,15,234
4580,0,31,16,18,65
4581,0,17,16,18,51
4582,101,32,67,17,217
4583,0,18,0,17,35
4584,32,35,0,17,84
4585,0,15,102,15,132
4586,102,32,67,34,235
4587,34,15,67,17,133
4589,232,17,32,18,299
4590,35,32,67,34,168
4591,32,17,67,34,150
4592,0,32,67,34,133
4593,1934,17,16,18,1985
4594,0,34,0,16,50
4597,100,17,32,18,167
4600,0,32,66,18,116
4601,0,16,66,18,100
4602,101,32,0,19,152
4603,33,16,0,18,67
4606,100,35,15,18,168
4607,0,17,32,19,68
4608,482,18,49,18,567
4609,234,17,15,18,284
4611,0,14,0,18,32
4612,101,34,82,18,235
4613,0,17,15,18,50
4615,0,18,33,17,68
4617,34,17,82,18,151
4618,0,34,82,18,134
4619,34,15,0,18,67
4621,0,15,0,18,33
4622,0,35,15,18,68
4624,0,33,99,18,150
4627,233,18,0,16,267
4628,0,50,16,18,84
4629,0,34,16,18,68
4633,481,19,16,17,533
4634,101,33,0,16,150
4636,966,34,34,17,1051
4637,0,18,49,18,85
4638,34,33,0,16,83
4639,101,18,0,13,132
4640,0,33,0,16,49
4641,0,18,0,16,34
4645,99,18,66,15,198
4646,0,31,0,16,47
4647,0,18,0,16,34
4649,0,17,67,19,103
4650,0,35,66,15,116
4652,0,32,117,34,183
4653,0,17,117,34,168
4655,30,18,18,14,80
4657,0,18,18,14,50
4658,482,17,52,15,566
4660,52,16,17,17,102
4661,232,18,84,16,350
4663,0,16,17,17,50
4664,34,31,17,19,101
4665,32,16,17,19,84
4667,33,19,15,18,85
4669,0,19,15,18,52
4670,0,33,0,15,48
4676,32,19,98,18,167
4677,101,17,15,18,151
4678,0,19,98,18,135
4679,3870,13,16,17,3916
4682,0,34,15,18,67
4683,0,17,15,18,50
4684,0,33,99,18,150
4685,33,17,52,15,117
4686,32,34,18,15,99
4687,0,17,52,15,84
4688,0,34,18,15,67
4689,34,15,50,17,116
4691,0,15,50,17,82
4694,34,34,216,18,302
4695,33,18,216,18,285
4697,0,18,216,18,252
4700,101,33,100,16,250
4701,100,17,100,16,233
4702,0,32,50,17,99
4705,0,17,16,17,50
4707,17,34,16,18,85
4708,0,34,16,18,68
4709,233,17,51,15,316
4710,34,32,16,18,100
4711,0,18,133,17,168
4712,100,33,49,17,199
4713,0,16,16,18,50
4715,102,15,50,17,184
4716,0,34,50,15,99
4717,32,18,49,17,116
4720,967,32,34,17,1050
4721,233,15,18,16,282
4722,0,34,51,15,100
4723,483,33,0,18,534
4725,0,17,67,17,101
4727,98,17,51,16,182
4728,34,34,132,17,217
4729,3867,16,0,32,3915
4730,232,53,33,14,332
4731,0,17,132,17,166
4732,0,32,51,16,99
4733,0,17,51,16,84
4734,100,34,0,18,152
4736,0,34,118,34,186
4738,99,53,33,14,199
4739,3866,18,15,16,3915
4741,-79064,0,0,0,-79064
4742,0,32,19,34,85
4745,0,34,33,14,81
4746,0,21,33,14,68
4747,0,16,31,18,65
4748,98,35,100,18,251
4749,0,14,67,18,99
4750,34,33,0,18,85
4751,0,16,33,18,67
4752,0,33,0,18,51
4753,0,16,0,18,34
4755,32,17,134,17,200
4756,32,34,34,18,118
4757,0,17,134,17,168
4758,0,34,34,18,86
4759,0,17,34,18,69
4762,100,32,0,17,149
4763,0,15,150,17,182
4765,484,33,67,17,601
4766,0,34,132,17,183
4767,100,17,67,15,199
4768,0,32,0,17,49
4769,0,17,0,17,34
4770,100,35,0,15,150
4772,102,32,34,17,185
4773,0,17,67,15,99
4774,0,32,67,16,115
4775,0,15,67,16,98
4777,1934,17,198,17,2166
4778,0,32,34,17,83
4779,0,17,34,17,68
4781,0,18,0,17,35
4782,0,32,0,17,49
4783,0,15,0,17,32
4785,101,15,51,17,184
4787,99,18,266,17,400
4788,34,31,51,17,133
4792,0,35,266,17,318
4793,34,17,67,17,135
4795,0,17,67,17,101
4797,101,16,17,18,152
4798,34,33,367,15,449
4799,233,16,183,18,450
4800,0,33,367,15,415
4801,33,16,17,18,84
4802,33,35,82,17,167
4803,33,18,82,17,150
4806,99,32,183,18,332
4808,100,34,0,17,151
4809,100,17,0,17,134
4810,0,34,16,16,66
4811,33,16,183,18,250
4812,233,34,0,17,284
4813,33,17,0,17,67
4814,0,34,0,17,51
4819,3866,15,259,10,4150
4820,32,35,15,18,100
4821,34,17,15,18,84
4822,102,32,17,18,169
4825,234,17,51,17,319
4826,34,32,17,18,101
4827,0,18,0,17,35
4828,482,17,33,18,550
4831,34,16,50,16,116
4832,0,32,50,16,98
4833,0,16,50,16,82
4834,0,32,18,16,66
4835,0,15,18,16,49
4836,34,34,51,17,136
4837,33,17,51,17,118
4839,967,18,0,15,1000
4840,235,31,17,17,300
4842,99,35,115,17,266
4843,482,33,67,17,599
4844,31,34,17,18,100
4845,102,15,83,17,217
4846,0,34,17,18,69
4847,34,18,115,17,184
4849,0,18,115,17,150
4851,31,19,14,17,81
4854,31,34,33,18,116
4855,34,17,33,18,102
4856,34,33,35,15,117
4857,0,17,33,18,68
4858,99,35,32,17,183
4859,0,15,35,15,65
4860,233,34,16,17,300
4861,0,17,131,17,165
4862,98,33,17,17,165
4863,33,18,32,17,100
4864,35,32,50,17,134
4865,33,17,50,17,117
4866,0,32,50,17,99
4870,34,33,67,17,151
4871,0,17,18,15,50
4872,0,33,67,17,117
4874,102,31,51,17,201
4875,33,17,0,17,67
4876,33,35,65,17,150
4877,101,16,17,17,151
4878,3869,32,0,15,3916
4880,0,31,51,17,99
4881,0,16,51,17,84
4887,34,17,0,18,69
4888,0,33,0,18,51
4889,35,17,49,18,119
4891,232,16,0,17,265
4893,17,34,0,15,66
4894,34,33,0,15,82
4895,33,18,0,15,66
4898,0,32,0,18,50
4901,98,18,32,22,170
4902,101,32,68,16,217
4903,17,32,0,17,66
4904,0,32,0,17,49
4905,0,16,0,17,33
4906,0,35,32,22,89
4907,0,18,32,22,72
4908,0,32,68,16,116
4909,37,13,16,17,83
4910,0,35,16,17,68
4911,0,13,16,17,46
4914,0,33,66,17,116
4915,0,17,66,17,100
4916,0,34,15,17,66
4917,483,32,0,18,533
4918,0,32,17,18,67
4920,0,35,15,17,67
4922,0,32,16,20,68
4924,234,32,18,15,299
4925,0,20,14,16,50
4926,0,30,16,18,64
4927,32,18,17,15,82
4928,102,33,115,17,267
4929,15402,15,52,15,15484
4930,233,34,17,15,299
4931,33,18,48,18,117
4933,33,18,115,17,183
4934,481,17,67,17,582
4935,18,33,15,17,83
4936,33,32,18,15,98
4937,234,16,0,17,267
4938,32,33,17,17,99
4942,0,34,51,15,100
4943,35,16,17,15,83
4944,34,32,0,18,84
4945,115,34,17,17,183
4946,484,16,17,18,535
4947,15,34,84,17,150
4948,0,34,84,17,135
4950,33,34,17,17,101
4952,0,34,17,17,68
4953,0,17,17,17,51
4954,484,16,51,17,568
4956,233,34,15,16,298
4957,0,18,99,18,135
4958,0,34,115,17,166
4959,102,32,17,17,168
4960,0,33,0,32,65
4961,98,17,99,19,233
4962,0,32,67,17,116
4963,0,17,67,17,101
4964,0,50,17,17,84
4965,99,18,15,16,148
4966,17,17,99,19,152
4968,0,34,0,16,50
4969,33,18,15,16,82
4970,34,31,19,16,100
4971,101,18,14,17,150
4972,0,31,19,16,66
4974,0,35,17,18,70
4978,15414,17,50,17,15498
4979,0,17,35,16,68
4980,0,35,16,16,67
4981,0,17,16,16,49
4982,482,18,133,15,648
4985,17,35,15,17,84
4986,100,33,167,18,318
4987,32,17,16,17,82
4988,0,32,16,17,65
4989,33,17,0,17,67
4991,235,16,19,14,284
4992,483,19,15,17,534
4995,0,18,167,19,204
4997,0,20,130,19,169
4999,34,18,50,16,118
5000,0,35,50,16,101
5003,34,16,19,14,83
5004,34,33,16,17,100
5006,0,33,16,17,66
5007,963,18,51,15,1047
5008,0,33,17,18,68
5010,0,35,133,15,183
5013,98,19,15,19,151
5014,100,34,15,17,166
5015,32,18,201,14,265
5016,33,34,15,19,101
5019,0,19,15,19,53
5020,34,32,16,17,99
5021,34,17,16,17,84
5022,0,32,16,17,65
5023,33,17,17,15,82
5024,0,33,17,15,65
5026,0,32,0,19,51
5027,15,36,49,17,117
5028,0,36,49,17,102
5029,0,17,49,17,83
5030,0,32,17,17,66
5032,34,49,16,17,116
5033,17,49,16,17,99
5034,31,18,16,17,82
5035,34,16,17,17,84
5036,234,33,259,10,536
5037,0,16,17,17,50
5040,1934,33,16,19,2002
5042,0,33,17,14,64
5044,232,34,124,10,400
5045,0,14,401,18,433
5046,100,34,133,18,285
5047,99,17,133,18,267
5049,3867,16,16,17,3916
5050,0,33,259,10,302
5052,235,34,17,15,301
5053,17,33,100,18,168
5055,484,33,18,17,552
5057,0,17,18,16,51
5058,0,34,124,10,168
5060,32,35,15,18,100
5061,0,16,18,17,51
5062,35,33,51,15,134
5064,99,35,49,17,200
5065,42,10,17,15,84
5066,0,34,17,15,66
5067,42,35,49,17,143
5068,17,15,135,16,183
5070,101,34,16,17,168
5071,33,15,85,17,150
5072,31,35,16,18,100
5075,51,33,15,17,116
5076,99,33,19,14,165
5077,18,33,15,17,83
5078,0,33,15,17,65
5079,0,17,15,17,49
5080,0,32,17,16,65
5081,17,33,19,14,83
5083,100,16,52,17,185
5084,0,33,18,17,68
5085,0,14,18,17,49
5088,965,34,102,17,1118
5090,7734,33,116,17,7900
5091,0,34,17,16,67
5092,22,17,16,17,72
5093,0,17,16,17,50
5094,231,36,65,18,350
5095,100,17,84,14,215
5096,0,34,99,20,153
5097,231,19,0,15,265
5098,0,31,119,14,164
5100,0,35,84,14,133
5101,0,17,84,14,115
5102,0,33,101,32,166
5103,967,17,98,18,1100
5105,0,12,101,15,128
5108,0,36,65,18,119
5109,0,18,65,18,101
5110,0,32,0,15,47
5111,0,19,0,15,34
5113,7717,34,16,18,7785
5114,0,33,0,18,51
5116,483,16,18,16,533
5117,34,15,66,16,131
5118,33,35,82,15,165
5119,0,15,66,16,97
5124,967,33,166,18,1184
5125,0,17,18,15,50
5126,33,34,68,17,152
5127,7716,34,101,16,7867
5129,484,35,33,16,568
5130,0,34,18,16,68
5133,99,17,0,15,131
5134,0,34,49,17,100
5135,33,17,33,15,98
5136,0,33,33,15,81
5137,33,17,0,15,65
5138,99,32,18,16,165
5139,32,19,82,16,149
5141,35,16,50,16,117
5142,0,32,50,16,98
5143,234,15,16,19,284
5144,0,32,18,16,66
5145,34,16,102,17,169
5146,0,34,102,17,153
5147,100,18,198,18,334
5148,484,17,32,19,552
5149,33,19,133,16,201
5150,0,35,133,16,184
5152,98,35,33,16,182
5154,32,33,16,19,100
5155,0,15,49,19,83
5156,33,35,33,16,117
5158,0,35,33,16,84
5161,0,17,98,18,133
5162,232,34,32,19,317
5164,31,33,18,16,98
5165,35,15,18,16,84
5166,101,32,19,15,167
5167,482,33,235,15,765
5168,34,34,132,19,219
5169,0,16,85,15,116
5170,0,34,132,19,185
5171,0,18,132,19,169
5172,32,34,34,15,115
5175,0,15,34,15,64
5176,100,33,166,18,317
5177,32,17,19,15,83
5179,0,17,19,15,51
5181,0,15,16,17,48
5182,0,33,166,18,217
5183,33,18,0,18,69
5184,34,34,0,17,85
5185,36,16,0,17,69
5187,0,16,0,17,33
5188,0,34,15,18,67
5189,0,17,15,18,50
5190,0,33,49,16,98
5191,0,18,49,16,83
5192,0,31,18,16,65
5193,483,33,32,19,567
5194,484,17,32,19,552
5196,33,34,0,18,85
5197,0,16,235,15,266
5198,34,33,18,17,102
5201,0,15,18,17,50
5202,0,35,17,15,67
5203,0,17,17,15,49
5204,32,34,33,15,114
5205,0,15,19,15,49
5206,3854,13,51,16,3934
5207,483,33,131,18,665
5208,0,33,67,16,116
5209,0,15,67,16,98
5210,0,34,33,16,83
5211,0,19,33,16,68
5213,0,18,0,16,34
5215,969,13,35,16,1033
5216,33,33,16,17,99
5218,33,33,0,16,82
5219,0,18,16,17,51
5220,0,33,0,16,49
5222,33,32,36,15,116
5223,34,15,36,15,100
5225,0,15,36,15,66
5229,0,18,67,16,101
5231,101,19,131,18,269
5232,103,34,0,15,152
5233,0,18,67,15,100
5234,101,30,0,18,149
5235,32,19,131,18,200
5236,0,33,131,18,182
5238,483,16,32,22,553
5239,0,19,0,15,34
5240,0,30,0,18,48
5241,33,17,165,19,234
5243,32,17,0,18,67
5244,485,13,35,16,549
5247,0,16,52,14,82
5248,0,33,33,18,84
5249,34,14,0,18,66
5250,33,33,168,18,252
5252,1934,34,0,17,1985
5253,0,15,168,18,201
5256,33,32,17,18,100
5257,31,17,17,18,83
5258,32,35,0,15,82
5260,0,35,0,15,50
5261,486,31,34,17,568
5262,483,16,34,17,550
5265,231,17,0,18,266
5266,0,34,32,22,88
5267,34,14,84,17,149
5268,32,35,49,17,133
5269,36,13,49,17,115
5271,95,17,16,17,145
5272,482,18,65,18,583
5273,97,17,0,18,132
5274,35,33,16,17,101
5275,0,17,33,16,66
5276,33,33,0,18,84
5278,0,33,0,18,51
5279,0,17,0,18,35
5282,0,33,167,17,217
5283,0,17,167,17,201
5284,35,31,166,17,249
5286,0,31,166,17,214
5289,484,32,68,16,600
5290,31,34,82,18,165
5293,34,17,66,16,133
5294,0,34,66,16,116
5297,231,18,0,17,266
5298,101,33,0,18,152
5299,0,18,0,16,34
5300,0,34,65,18,117
5301,101,16,33,33,183
5302,-88415,0,0,0,-88415
5303,0,15,67,17,99
5305,0,16,0,18,34
5306,0,34,33,33,100
5307,0,16,33,33,82
5308,0,33,15,18,66
5310,101,34,16,16,167
5312,35,33,66,17,151
5313,101,16,68,16,201
5315,100,16,17,18,151
5316,34,32,68,16,150
5317,234,17,234,16,501
5318,100,33,16,17,166
5322,35,33,16,17,101
5323,0,18,99,16,133
5324,99,33,234,16,382
5325,33,17,0,16,66
5326,33,33,67,15,148
5327,0,17,0,16,33
5328,0,33,67,15,115
5329,0,17,67,15,99
5330,965,36,15,16,1032
5333,233,16,0,18,267
5335,0,17,17,17,51
5336,0,34,0,17,51
5337,17,34,0,16,67
5338,34,33,32,19,118
5339,33,17,32,19,101
5340,0,33,32,19,84
5341,35,14,0,19,68
5342,0,32,0,19,51
5343,33,16,16,16,81
5346,100,34,64,18,216
5347,0,16,0,18,34
5348,102,31,69,16,218
5349,34,16,134,16,200
5350,0,33,134,16,183
5351,99,15,0,18,132
5353,0,17,64,18,99
5355,32,15,0,18,65
5357,0,15,0,18,33
5358,36,32,0,17,85
5359,0,18,64,18,100
5361,0,16,0,17,33
5362,100,34,0,17,151
5364,3868,35,99,16,4018
5366,33,34,0,17,84
5367,0,16,0,16,32
5368,0,34,0,17,51
5369,35,16,51,16,118
5371,32,17,68,16,133
5372,0,33,68,16,117
5374,232,36,15,16,299
5375,32,18,66,15,131
5378,0,48,0,18,66
5380,35,33,132,18,218
5382,0,33,132,18,183
5385,100,16,168,15,299
5387,32,19,15,16,82
5388,235,33,0,16,284
5389,34,16,168,15,233
5390,31,50,51,16,148
5393,0,32,51,16,99
5394,236,32,16,17,301
5395,0,19,15,17,51
5397,0,17,34,16,67
5400,33,33,0,16,82
5401,0,17,0,15,32
5402,33,33,0,17,83
5403,0,18,0,16,34
5406,0,35,0,14,49
5407,0,18,0,14,32
5408,0,32,16,17,65
5411,483,19,116,15,633
5412,100,34,16,17,167
5413,0,18,50,16,84
5415,483,33,0,16,532
5416,0,33,50,17,100
5417,234,16,0,16,266
5418,0,34,16,17,67
5419,32,17,117,16,182
5421,100,17,17,16,150
5422,33,34,50,16,133
5425,0,16,50,16,82
5426,33,33,102,19,187
5427,100,16,68,16,200
5428,0,33,102,19,154
5429,0,16,102,19,137
5431,0,16,0,16,32
5432,0,32,68,16,116
5433,1935,16,99,18,2068
5434,0,36,32,16,84
5435,37,13,51,16,117
5436,0,32,51,16,99
5438,0,51,116,15,182
5440,101,34,68,14,217
5442,100,33,35,14,182
5444,0,33,0,16,49
5447,33,18,35,14,100
5448,0,33,35,14,82
5449,234,16,0,18,268
5450,483,16,35,15,549
5451,0,17,32,16,65
5453,0,18,0,16,34
5454,98,34,17,16,165
5455,34,17,16,15,82
5456,0,34,16,15,65
5457,99,16,0,18,133
5458,0,31,102,17,150
5459,34,15,17,16,82
5460,34,33,0,18,85
5461,0,15,17,16,48
5462,100,35,0,15,150
5464,0,35,0,17,52
5465,0,17,0,17,34
5466,967,34,166,16,1183
5467,0,15,0,17,32
5468,100,33,102,15,250
5469,0,18,0,15,33
5470,98,34,0,17,149
5473,0,16,33,18,67
5474,33,34,0,17,84
5476,0,34,0,17,51
5479,233,17,0,16,266
5480,0,35,65,18,118
5481,34,19,197,18,268
5482,100,33,32,17,182
5483,33,17,0,18,68
5486,35,33,32,17,117
5487,99,17,0,16,132
5488,0,33,32,17,82
5489,0,18,32,17,67
5490,0,32,34,16,82
5492,0,34,0,16,50
5493,0,17,0,16,33
5494,32,35,33,16,116
5495,0,16,18,17,51
5497,0,17,33,16,66
5498,0,33,0,16,49
5499,0,15,0,16,31
5500,0,34,101,16,151
5501,18,32,17,18,85
5502,0,32,17,18,67
5504,35,34,49,17,135
5505,234,17,199,16,466
5506,233,33,133,17,416
5508,34,32,66,17,149
5509,33,17,66,17,133
5512,0,33,83,17,133
5513,18,33,0,17,68
5516,482,17,167,18,684
5519,100,18,166,16,300
5521,17,34,0,16,67
5522,34,34,166,16,250
5523,0,20,0,16,36
5524,99,33,16,18,166
5525,0,18,166,16,200
5528,0,34,0,17,51
5531,100,16,66,19,201
5534,34,32,66,19,151
5537,34,17,0,15,66
5538,0,35,0,15,50
5539,32,16,0,19,67
5541,233,17,116,17,383
5543,100,16,99,18,233
5544,32,35,33,16,116
5545,0,17,167,18,202
5546,485,15,68,16,584
5547,0,17,33,16,66
5548,0,33,99,18,150
5549,32,17,49,17,115
5550,99,35,81,17,232
5551,34,16,16,17,83
5553,100,15,67,18,200
5554,33,35,81,17,166
5555,0,17,116,17,150
5556,35,31,67,18,151
5557,33,15,67,18,133
5558,233,32,133,18,416
5561,483,34,101,16,634
5563,485,33,33,17,568
5564,0,34,51,15,100
5565,965,18,149,18,1150
5567,99,17,133,18,267
5568,233,33,68,16,350
5569,32,18,0,15,65
5571,234,17,17,16,284
5572,0,32,133,18,183
5573,0,17,133,18,168
5574,0,33,68,16,117
5577,31,18,16,16,81
5578,0,34,16,16,66
5580,0,32,0,18,50
5582,968,34,133,16,1151
5584,0,35,17,16,68
5587,0,16,0,16,32
5588,1932,34,68,15,2049
5589,100,17,84,16,217
5590,100,35,99,16,250
5593,235,16,16,16,283
5594,33,35,99,16,183
5595,0,17,84,16,117
5599,0,16,17,16,49
5600,0,33,34,16,83
5601,16,34,0,16,66
5602,234,32,67,16,349
5604,232,34,18,15,299
5605,0,16,0,19,35
5608,0,32,34,17,83
5610,483,18,65,18,584
5611,34,15,18,17,84
5613,33,17,0,16,66
5614,0,35,0,16,51
5615,232,18,100,15,365
5618,34,33,134,16,217
5620,0,33,134,16,183
5621,31,18,149,18,216
5622,0,34,149,18,201
5623,35,17,48,18,118
5625,33,15,17,18,83
5626,0,31,17,18,66
5629,34,17,51,16,118
5630,33,34,82,18,167
5631,0,17,51,16,84
5632,34,33,0,15,82
5633,484,34,132,18,668
5635,0,16,0,15,31
5637,0,19,148,18,185
5638,-94015,0,0,0,-94015
5640,100,33,82,18,233
5641,33,16,50,18,117
5642,31,35,49,18,133
5643,0,16,50,18,84
5644,35,33,82,18,168
5645,32,18,82,18,150
5646,484,15,34,16,549
5648,0,34,165,18,217
5652,0,33,82,17,132
5653,35,17,16,17,85
5654,0,34,16,17,67
5655,1933,17,16,17,1983
5657,49,34,17,17,117
5658,32,34,17,17,100
5661,98,19,50,15,182
5663,0,17,132,18,167
5664,0,33,0,15,48
5665,32,19,50,15,116
5666,34,32,18,15,99
5667,102,15,0,19,136
5668,0,32,18,15,65
5669,0,17,18,15,50
5671,33,15,0,19,67
5672,234,34,83,17,368
5673,0,15,0,19,34
5675,233,17,66,15,331
5677,0,16,0,16,32
5678,0,33,0,16,49
5679,100,17,18,16,151
5680,0,33,0,18,51
5681,0,17,0,18,35
5682,101,34,66,15,216
5684,0,34,18,16,68
5686,99,35,132,18,284
5687,0,16,83,17,116
5689,33,15,101,17,166
5690,31,35,132,18,216
5691,0,15,101,17,133
5693,233,17,16,18,284
5695,34,17,17,17,85
5697,0,17,17,17,51
5698,0,34,50,15,99
5699,0,17,50,15,82
5700,0,32,18,15,65
5703,0,15,200,19,234
5704,0,34,68,15,117
5705,3866,17,16,16,3915
5706,0,34,16,18,68
5707,1933,17,15,18,1983
5708,34,50,83,17,184
5709,101,15,67,16,199
5710,0,50,83,17,150
5712,0,19,83,17,119
5713,0,15,18,15,48
5715,98,18,17,17,150
5716,0,35,17,15,67
5717,33,15,51,17,116
5719,0,15,51,17,83
5721,485,33,0,16,534
5722,0,34,67,16,117
5723,0,17,67,16,100
5724,0,33,0,16,49
5729,34,16,33,17,100
5731,-95565,0,0,0,-95565
5732,0,33,0,17,50
5733,97,17,35,15,164
5736,0,36,13,17,66
5737,0,18,13,17,48
5738,965,32,17,18,1032
5739,0,17,35,15,67
5741,102,16,32,17,167
5742,0,33,0,17,50
5743,35,17,0,18,70
5744,34,34,32,17,117
5746,34,32,33,16,115
5748,97,35,0,17,149
5751,0,16,0,16,32
5752,0,32,17,18,67
5753,33,18,0,17,68
5755,35,17,68,16,136
5756,0,34,68,16,118
5757,34,15,16,20,85
5758,0,32,16,20,68
5759,31,20,0,16,67
5760,36,31,68,15,150
5763,232,18,47,19,316
5765,34,18,82,17,151
5766,101,33,34,16,184
5767,0,18,82,17,117
5768,482,16,17,18,533
5769,0,18,0,16,34
5770,100,34,47,19,200
5773,1934,17,16,16,1983
5774,0,34,34,17,85
5778,97,35,16,17,165
5783,0,15,0,17,32
5784,0,35,16,17,68
5785,0,18,16,17,51
5786,33,34,17,17,101
5787,0,17,134,16,167
5788,0,34,17,17,68
5789,35,17,82,16,150
5791,99,16,17,18,150
5792,233,32,16,18,299
5793,34,17,16,16,83
5794,100,32,16,17,165
5795,101,15,16,17,149
5796,32,35,65,17,149
5797,0,16,17,18,51
5798,35,32,16,17,100
5799,968,15,35,15,1033
5800,32,33,35,17,117
5801,31,17,35,17,100
5802,33,35,99,16,183
5803,0,17,35,17,69
5804,0,35,99,16,150
5805,0,18,99,16,133
5806,32,34,0,15,81
5807,0,15,16,18,49
5808,233,34,15,18,300
5809,33,18,67,16,134
5811,0,18,67,16,101
5813,34,17,65,18,134
5816,0,33,133,18,184
5817,34,15,83,18,150
5818,967,34,166,17,1184
5819,0,15,83,18,116
5820,0,34,0,17,51
5821,0,16,0,17,33
5823,32,18,0,18,68
5824,33,33,35,16,117
5826,484,20,29,17,550
5827,33,17,0,16,66
5828,967,34,50,16,1067
5829,99,17,33,18,167
5830,0,32,84,16,132
5831,0,16,84,16,116
5832,0,33,51,16,100
5834,0,34,33,18,85
5835,966,17,52,16,1051
5836,0,33,166,17,216
5840,968,34,32,16,1050
5842,99,33,19,16,167
5843,0,16,16,18,50
5844,0,34,32,17,83
5845,0,18,32,17,67
5846,0,32,68,17,117
5848,33,35,134,15,217
5849,0,16,19,16,51
5850,105,29,35,15,184
5854,38,29,35,15,117
5856,0,29,35,15,79
5857,0,15,35,15,65
5858,0,35,33,17,85
5859,233,18,0,16,267
5860,33,34,0,16,83
5861,0,18,0,17,35
5862,34,31,0,18,83
5863,0,17,0,16,33
5864,0,31,0,18,49
5865,33,16,0,18,67
5866,489,14,81,17,601
5867,34,16,0,16,66
5868,34,33,34,16,117
5869,0,16,0,16,32
5870,0,33,34,16,83
5871,0,17,34,16,67
5872,34,33,100,17,184
5874,101,32,83,17,233
5875,483,34,16,17,550
5876,100,33,0,16,149
5877,34,18,65,16,133
5880,98,34,50,16,198
5881,0,16,83,17,116
5882,33,33,17,17,100
5883,32,17,17,17,83
5884,33,34,50,16,133
5885,234,18,32,16,300
5886,0,34,50,16,100
5888,0,34,16,16,66
5889,33,16,16,17,82
5890,32,33,52,16,133
5891,967,15,167,18,1167
5892,0,33,52,16,101
5893,234,17,0,16,267
5894,0,36,81,17,134
5896,0,32,0,16,48
5897,98,17,50,17,182
5898,34,32,0,16,82
5899,0,18,32,16,66
5900,99,33,0,16,148
5901,482,17,51,16,566
5902,100,50,67,17,234
5903,-98430,0,0,0,-98430
5904,34,33,0,16,83
5905,34,17,0,16,67
5906,234,32,100,18,384
5907,101,17,67,33,218
5909,235,16,50,16,317
5910,40,33,67,33,173
5911,0,18,49,17,84
5912,33,33,34,33,133
5914,0,33,34,33,100
5918,33,32,100,18,183
5919,487,33,167,18,705
5920,965,35,65,17,1082
5922,34,35,31,18,118
5923,0,16,50,16,82
5924,0,35,31,18,84
5926,31,49,51,16,147
5927,34,31,51,16,132
5928,100,34,17,17,168
5930,0,17,51,16,84
5931,0,17,0,18,35
5935,35,17,16,16,84
5936,34,32,17,17,100
5937,99,17,18,15,149
5938,-99015,0,0,0,-99015
5941,233,17,0,16,266
5942,33,33,33,18,117
5945,0,15,33,18,66
5946,0,33,69,15,117
5947,0,15,69,15,99
5948,0,33,167,18,218
5949,0,15,167,18,200
5951,34,18,15,17,84
5952,33,32,0,16,81
5953,0,18,15,17,50
5954,32,33,16,17,98
5956,0,33,16,17,66
5957,33,17,68,18,136
5959,0,17,68,18,103
5960,-99380,0,0,0,-99380
5961,0,15,0,17,32
5962,0,35,18,16,69
5963,0,18,18,16,52
5964,100,34,33,33,200
5967,0,17,34,16,67
5970,-99548,0,0,0,-99548
5971,99,17,0,17,133
5973,0,17,0,33,50
5974,33,32,0,17,82
5976,0,32,0,17,49
5978,0,35,65,17,117
5979,0,18,65,17,100
5980,99,33,16,17,165
5981,100,17,16,17,150
5982,0,33,34,16,83
5983,99,17,18,16,150
5985,0,17,133,18,168
5986,-99814,0,0,0,-99814
5987,0,17,16,17,50
5988,-99847,0,0,0,-99847
5989,102,16,32,18,168
5990,0,34,83,16,133
5992,33,34,32,18,117
5993,35,16,32,18,101
5994,0,34,32,18,84
5995,-99965,0,0,0,-99965
5996,0,32,0,18,50
5997,0,16,0,18,34
