序号,发送->接收,接收->转发,转发->接收,接收->处理,总计
1,0,30,18,15,63
2,33,48,101,17,199
3,15,48,101,17,181
5,15,17,101,17,150
6,17,17,16,34,84
7,33,34,0,17,84
9,0,34,0,17,51
11,0,17,17,17,51
12,17,17,33,17,84
13,35,15,0,17,67
14,33,33,18,17,101
15,32,16,18,17,83
16,33,35,0,17,85
17,16,35,0,17,68
18,18,17,0,17,52
19,17,33,15,35,100
22,50,17,66,16,149
23,35,17,66,16,134
24,19,17,66,16,118
25,32,17,17,17,83
26,66,35,0,13,114
27,0,17,17,17,51
30,0,35,0,13,48
33,40,11,19,14,84
34,33,33,200,18,284
35,11,33,200,18,262
37,14,50,18,32,114
39,33,18,32,17,100
40,18,18,32,17,85
43,18,35,14,19,86
44,68,32,116,18,234
45,18,33,0,16,67
46,14,19,0,16,49
47,35,16,116,18,185
49,34,16,66,16,132
51,0,16,66,16,98
52,50,16,102,16,184
53,33,16,102,16,167
54,18,16,102,16,152
56,34,34,34,16,118
58,0,34,34,16,84
60,34,32,16,16,98
61,18,32,16,16,82
62,16,16,16,16,64
63,16,32,50,19,117
64,65,17,19,14,115
65,16,50,19,14,99
67,33,19,0,14,66
68,17,19,0,14,50
69,0,19,0,14,33
70,0,32,17,16,65
71,51,34,81,17,183
72,0,33,49,17,99
73,16,34,81,17,148
75,33,17,49,17,116
76,15,17,49,17,98
77,17,35,181,19,252
79,16,49,16,17,98
81,17,18,16,17,68
82,0,18,16,17,51
83,68,17,15,16,116
84,17,18,17,17,69
88,0,31,16,19,66
89,16,35,49,16,116
90,35,33,82,18,168
92,33,32,117,34,216
93,18,32,117,34,201
94,49,17,16,18,100
96,17,17,16,18,68
97,33,18,0,17,68
98,16,18,0,17,51
100,0,34,49,33,116
101,0,17,49,33,99
102,15,34,133,16,198
103,67,17,68,15,167
104,136,31,17,16,200
105,33,17,68,15,133
106,50,34,67,16,167
108,32,17,67,16,132
109,17,17,67,16,117
111,19,31,17,16,83
112,148,17,83,16,264
113,16,33,84,17,150
114,33,34,18,17,102
115,0,16,84,17,117
116,0,34,18,17,69
117,13,35,47,18,113
118,35,32,83,16,166
120,0,32,83,16,131
122,51,16,16,16,99
124,0,34,16,16,66
125,0,16,16,16,48
126,16,16,53,15,100
128,36,32,151,15,234
129,19,32,151,15,217
130,32,33,118,15,198
131,15,33,118,15,181
132,0,33,118,15,166
134,15,19,99,18,151
135,19,33,51,15,118
136,33,33,18,15,99
138,33,33,18,17,101
140,33,35,16,16,100
142,0,35,16,16,67
143,0,17,16,16,49
144,0,32,16,18,66
146,0,34,17,17,68
148,0,34,116,16,166
149,99,16,117,18,250
151,115,51,83,16,265
152,66,34,66,17,183
153,15,31,117,18,181
154,15,16,117,18,166
157,0,16,66,17,99
158,17,34,83,16,150
159,0,34,83,16,133
160,19,15,17,18,69
161,0,15,17,18,50
162,133,51,0,17,201
163,0,18,15,18,51
164,0,33,16,16,65
165,18,32,84,17,151
166,0,32,84,17,133
168,33,51,0,17,101
169,16,51,0,17,84
170,0,51,0,17,68
171,15,18,0,17,50
172,18,17,49,18,102
173,17,33,50,16,116
174,0,33,50,16,99
175,0,17,50,16,83
177,18,32,19,15,84
178,0,32,19,15,66
180,0,34,18,16,68
181,82,32,52,18,184
182,0,34,117,18,169
183,33,16,50,16,115
184,0,33,50,16,99
185,82,36,14,16,148
188,0,34,18,18,70
189,16,36,14,16,82
192,0,30,18,16,64
193,50,35,82,34,201
195,16,35,82,34,167
196,35,32,100,33,200
197,18,32,100,33,183
198,0,32,100,33,165
199,34,14,17,34,99
200,19,14,17,34,84
203,16,18,16,33,83
204,18,16,15,18,67
205,0,16,15,18,49
206,68,32,16,18,134
207,18,35,48,18,119
208,35,32,16,18,101
209,36,17,16,18,87
210,32,34,17,16,99
212,67,34,17,15,133
213,0,18,17,16,51
215,16,34,17,15,82
216,0,34,17,15,66
217,0,18,17,15,50
218,17,15,316,20,368
220,0,33,100,19,152
221,50,51,34,17,152
225,34,15,19,17,85
226,70,31,85,15,201
228,36,31,85,15,167
229,0,17,48,16,81
230,0,31,85,15,131
231,0,17,85,15,117
232,33,35,148,19,235
233,16,35,148,19,218
234,0,35,148,19,202
236,0,32,16,20,68
237,51,31,49,19,150
238,67,34,66,17,184
239,51,34,66,17,168
240,48,17,66,17,148
242,0,34,66,17,117
243,0,17,66,17,100
245,19,32,85,18,154
246,32,50,16,19,117
248,50,35,132,17,234
249,33,35,132,17,217
250,53,18,81,16,168
252,37,31,17,16,101
253,66,16,149,17,248
258,17,16,83,18,134
259,0,16,83,18,117
260,0,34,49,18,101
261,84,32,117,16,249
262,33,34,100,33,200
265,18,32,117,16,183
266,0,32,117,16,165
267,0,17,117,16,150
268,0,51,17,33,101
269,34,17,86,12,149
270,18,17,86,12,133
271,32,18,116,20,186
272,33,32,21,12,98
274,0,32,21,12,65
275,16,33,51,20,120
276,33,35,51,15,134
277,164,15,18,16,213
279,0,17,51,15,83
281,20,30,51,15,116
283,15,34,50,16,115
284,34,32,18,16,100
287,0,15,18,16,49
288,0,34,50,17,101
289,51,32,118,17,218
290,67,35,66,17,185
292,0,32,118,17,167
293,17,35,66,17,135
294,17,18,66,17,118
297,84,31,16,19,150
298,20,16,81,19,136
299,33,17,83,16,149
300,0,34,83,16,133
301,33,15,16,19,83
302,16,15,16,19,66
304,16,19,82,17,134
307,0,16,15,19,50
309,19,32,17,17,85
311,17,34,24,9,84
312,0,34,24,9,67
313,65,21,62,18,166
314,24,9,15,21,69
315,0,9,15,21,45
316,36,48,200,16,300
317,21,48,200,16,285
318,0,48,200,16,264
319,34,32,16,17,99
321,65,18,15,17,115
322,18,33,33,17,101
324,135,33,17,16,201
325,18,32,68,17,135
327,17,49,36,16,118
329,0,32,36,16,84
330,69,33,52,16,170
332,84,15,19,16,134
334,0,33,52,16,101
335,16,33,19,16,84
336,0,33,19,16,68
337,15,35,15,19,84
338,0,35,15,19,69
339,16,34,0,16,66
341,35,17,17,14,83
342,0,33,17,14,64
343,97,20,81,18,216
345,14,49,285,16,364
346,21,28,285,16,350
347,0,28,285,16,329
348,16,20,81,18,135
350,14,20,0,15,49
351,0,20,0,15,35
353,18,32,15,35,100
354,14,18,15,35,82
355,0,18,15,35,68
356,15,35,15,18,83
357,35,33,67,16,151
360,67,34,16,16,133
361,16,33,18,16,83
362,33,34,16,16,99
365,16,32,52,18,118
367,86,31,16,18,151
369,65,17,16,18,116
370,0,36,82,15,133
371,18,31,16,18,83
373,33,18,17,15,83
375,84,50,133,18,285
377,15,34,67,17,133
378,0,34,67,17,118
379,18,50,133,18,219
380,0,50,133,18,201
381,68,16,51,17,152
384,33,34,116,33,216
386,0,34,116,33,183
389,83,49,51,16,199
390,49,17,16,33,115
391,0,18,16,17,51
392,0,33,16,33,82
393,0,17,16,33,66
394,49,33,18,16,116
395,0,33,51,16,100
396,18,33,18,16,85
397,0,33,18,16,67
399,34,16,83,19,152
400,99,35,148,18,300
401,16,33,85,16,150
402,17,16,85,16,134
403,0,16,85,16,117
404,19,15,16,19,69
406,35,32,0,17,84
407,19,32,0,17,68
408,16,16,0,17,49
409,16,34,17,16,83
410,17,17,17,16,67
413,16,33,51,15,115
414,0,33,51,15,99
415,0,17,51,15,83
416,0,34,17,15,66
417,18,32,16,19,85
419,0,15,16,19,50
420,35,32,101,16,184
421,85,51,16,16,168
424,34,51,16,16,117
425,18,51,16,16,101
426,0,51,16,16,83
427,35,16,16,17,84
428,19,16,16,17,68
429,16,33,18,15,82
430,16,17,18,15,66
431,0,17,18,15,50
432,33,49,115,8,205
434,0,49,115,8,172
435,0,32,115,8,155
436,17,19,96,8,140
437,51,64,19,19,153
438,0,32,64,8,104
439,16,64,19,19,118
440,83,19,15,16,133
442,77,18,17,16,128
443,19,31,51,16,117
444,0,31,51,16,98
445,16,34,17,16,83
447,18,33,50,17,118
448,0,33,50,17,100
449,49,34,18,16,117
450,33,34,18,16,101
451,16,34,18,16,84
452,17,17,18,16,68
453,0,17,18,16,51
454,0,34,0,15,49
458,35,32,16,18,101
459,34,16,16,18,84
460,32,34,51,16,133
461,0,16,16,18,50
463,18,33,50,17,118
464,0,33,50,17,100
465,115,34,51,16,216
466,34,33,283,16,366
467,16,33,283,16,348
468,0,33,283,16,332
469,49,34,51,16,150
472,85,16,84,15,200
473,116,34,17,15,182
474,67,33,17,17,134
475,18,33,84,15,150
476,0,33,84,15,132
478,0,33,17,17,67
481,116,34,16,18,184
483,15,35,49,17,116
485,34,16,17,17,84
486,32,34,16,18,100
487,16,34,16,18,84
488,68,34,15,16,133
489,0,17,16,18,51
490,0,34,49,16,99
491,18,34,15,16,83
492,0,34,15,16,65
493,16,31,50,18,115
494,15,16,50,18,99
495,16,34,16,18,84
496,0,34,16,18,68
498,16,18,117,16,167
499,18,34,48,19,119
500,0,34,48,19,101
501,18,32,16,19,85
502,67,32,17,18,134
503,0,16,16,19,51
504,16,19,16,16,67
505,35,16,17,18,86
507,16,35,14,18,83
508,35,32,82,18,167
509,18,32,82,18,150
511,18,33,17,15,83
514,32,35,200,17,284
515,15,35,200,17,267
517,18,34,49,16,117
518,0,34,49,16,99
524,0,50,35,16,101
525,84,33,84,17,218
526,35,33,183,18,269
527,0,18,17,16,51
529,83,34,115,18,250
530,17,16,84,17,134
531,50,34,115,18,217
533,17,34,115,18,184
534,34,33,115,18,200
535,19,33,115,18,185
536,0,33,115,18,166
537,33,17,82,18,150
538,16,17,82,18,133
540,34,33,101,15,183
541,18,33,101,15,167
542,33,33,16,16,98
544,15,18,16,16,65
545,0,18,16,16,50
546,0,32,51,15,98
547,0,16,51,15,82
549,17,30,151,17,215
551,50,33,83,17,183
552,0,35,49,17,101
554,0,33,83,17,133
556,50,16,51,16,133
557,0,17,84,16,117
559,16,34,83,18,151
560,34,33,17,16,100
561,17,33,17,16,83
562,33,33,183,18,267
563,16,33,183,18,250
566,0,35,83,16,134
567,18,32,51,16,117
568,32,33,50,17,132
570,33,34,84,16,167
571,16,34,84,16,150
572,50,17,16,18,101
573,16,33,16,18,83
575,17,34,184,16,251
576,0,34,184,16,234
577,35,16,85,14,150
578,99,33,19,16,167
579,16,33,17,16,82
580,33,33,19,14,99
581,18,33,19,14,84
583,49,35,17,16,117
584,33,35,17,16,101
586,0,35,17,16,68
588,33,34,17,17,101
589,67,17,48,16,148
592,17,17,48,16,98
593,33,16,16,16,81
594,16,16,16,16,64
595,16,32,84,16,148
597,0,16,84,16,116
598,284,17,17,16,334
599,16,34,100,16,166
600,18,16,100,16,150
601,16,32,68,16,132
602,83,17,150,16,266
603,51,33,150,16,250
604,0,35,16,17,68
606,99,33,17,17,166
607,83,33,17,17,150
608,51,15,16,17,99
609,0,17,18,15,50
613,551,34,49,16,650
615,551,32,168,17,768
616,0,33,17,17,67
617,16,34,16,17,83
618,0,34,16,17,67
621,417,34,49,16,516
624,0,33,17,18,68
625,51,32,116,19,218
626,35,32,116,19,202
627,50,35,16,16,117
628,99,33,16,19,167
629,416,34,67,17,534
630,788,13,49,16,866
631,249,34,49,16,348
633,1233,17,17,15,1282
634,0,33,16,19,68
637,0,19,48,18,85
638,1448,18,16,18,1500
640,0,35,149,16,200
641,484,33,267,16,800
643,50,34,49,16,149
644,100,33,17,17,167
645,233,17,17,16,283
648,99,34,67,17,217
650,251,16,51,16,334
651,50,34,67,17,168
654,0,34,67,17,118
655,0,18,67,17,102
656,0,33,17,17,67
657,16,34,17,16,83
659,1750,33,184,19,1986
660,33,33,17,16,99
661,0,16,117,16,149
662,0,33,17,16,66
663,0,16,17,16,49
664,33,33,18,16,100
666,0,33,18,16,67
667,0,17,18,16,51
668,0,34,17,16,67
669,16,33,267,16,332
670,0,33,267,16,316
671,50,32,84,16,182
672,0,34,17,15,66
673,101,17,49,18,185
674,0,32,84,16,132
675,115,35,116,17,283
676,0,35,49,16,100
677,46,32,117,18,213
678,33,32,117,18,200
679,484,32,83,18,617
680,0,32,117,18,167
681,51,33,83,17,184
684,0,33,83,17,133
685,16,33,50,17,116
686,33,34,16,17,100
687,0,16,50,17,83
688,34,33,17,18,102
694,0,32,16,16,64
695,16,32,52,15,115
696,32,34,18,15,99
697,118,31,18,17,184
698,0,34,18,15,67
700,99,35,17,15,166
701,15,35,214,18,282
703,18,31,18,17,84
704,0,31,18,17,66
705,102,14,184,17,317
706,968,33,184,19,1204
707,101,16,83,16,216
711,33,16,83,16,148
712,0,35,83,16,134
713,31,18,15,18,82
714,33,33,150,18,234
715,51,33,50,17,151
716,116,17,184,15,332
717,35,16,50,17,118
718,100,34,16,18,168
720,50,17,184,15,266
721,0,18,33,16,67
722,16,17,184,15,232
723,100,17,16,18,151
725,52,32,16,18,118
726,100,32,51,16,199
728,32,34,16,16,98
729,235,16,15,18,284
730,99,34,85,16,234
731,0,18,16,16,50
732,483,17,50,16,566
733,484,33,149,17,683
736,34,33,83,18,168
737,101,16,15,18,150
738,33,35,267,15,350
740,101,32,17,17,167
743,16,33,49,17,115
744,0,33,49,17,99
745,484,33,18,19,554
747,117,34,48,17,216
748,0,34,16,18,68
749,101,18,48,17,184
750,0,34,17,17,68
751,0,18,17,17,52
752,34,34,48,17,133
753,17,34,48,17,116
754,0,34,48,17,99
755,0,18,48,17,83
756,0,33,49,17,99
758,32,34,50,16,132
759,0,17,49,18,84
760,0,34,50,16,100
762,115,18,17,17,167
763,18,33,184,19,254
764,33,34,15,18,100
765,50,33,17,17,117
767,17,33,17,17,84
771,32,17,83,19,151
772,0,32,83,19,134
773,34,16,18,19,87
774,33,37,13,19,102
775,0,16,18,19,53
776,101,34,82,17,234
777,19,32,49,17,117
778,98,33,182,19,332
779,252,33,48,17,350
780,0,32,51,16,99
781,16,34,82,17,149
782,0,34,82,17,133
783,0,17,82,17,116
785,16,33,50,17,116
786,0,33,50,17,100
787,51,34,17,17,119
788,16,17,83,18,134
790,101,34,83,16,234
791,17,34,15,18,84
792,101,31,19,15,166
793,17,33,48,17,115
794,0,33,48,17,98
795,0,18,48,17,83
797,0,19,83,16,118
798,31,34,84,17,166
799,36,15,84,17,152
801,49,33,17,17,116
802,101,31,18,18,168
804,33,34,17,14,98
805,250,34,48,16,348
806,101,32,17,16,166
809,0,14,18,18,50
810,0,36,15,17,68
811,50,33,234,18,335
812,32,33,234,18,317
813,17,33,234,18,302
815,1104,13,115,19,1251
816,34,34,15,19,102
817,51,34,48,16,149
818,0,34,15,19,68
819,18,34,48,16,116
820,98,34,84,15,231
822,98,34,50,15,197
823,882,34,16,16,948
824,234,32,17,17,300
825,16,34,84,15,149
826,0,34,84,15,133
828,34,33,17,15,99
829,36,15,17,15,83
831,666,15,51,16,748
832,101,32,17,17,167
833,15,35,50,16,116
834,101,34,17,16,168
835,51,32,17,17,117
836,2133,33,84,17,2267
837,117,34,216,16,383
838,0,32,17,17,66
839,117,33,183,16,349
842,33,34,216,16,299
844,451,15,51,16,533
847,17,32,51,16,116
848,32,35,50,17,134
849,51,32,18,17,118
850,0,35,50,17,102
851,18,32,18,17,85
852,232,33,85,16,366
853,16,35,15,17,83
855,450,32,17,18,517
856,99,34,16,16,165
857,101,17,16,16,150
858,33,34,17,17,101
859,0,16,17,17,50
860,34,34,16,16,100
862,34,32,50,18,134
863,0,17,16,16,49
864,32,33,85,16,166
866,0,33,85,16,134
867,16,35,83,16,150
868,35,32,51,16,134
869,35,15,51,16,117
871,49,33,17,17,116
872,34,33,17,17,101
875,104,13,115,19,251
876,0,34,16,16,66
877,0,17,16,16,49
879,16,35,115,19,185
881,45,35,300,17,397
882,0,32,17,18,67
883,250,32,52,16,350
886,232,34,117,16,399
889,19,33,115,17,184
890,233,33,16,17,299
893,18,33,16,18,85
894,0,33,16,18,67
895,483,33,200,17,733
897,250,34,17,15,316
901,36,16,17,16,85
902,34,33,16,17,100
903,33,16,16,17,82
904,99,33,51,15,198
906,33,33,50,17,133
907,0,17,17,16,50
908,33,33,51,15,132
911,16,34,17,15,82
912,234,33,86,13,366
913,49,36,80,19,184
914,0,32,15,21,68
915,116,34,49,17,216
917,52,34,15,19,120
918,0,31,134,18,183
919,48,34,49,17,148
920,0,34,15,19,68
922,100,33,118,16,267
924,233,34,50,15,332
925,0,17,200,17,234
926,33,33,118,16,200
928,0,33,118,16,167
929,3565,16,50,18,3649
930,0,34,50,17,101
931,47,35,17,16,115
935,0,17,17,16,50
936,33,34,50,15,132
937,33,17,50,15,115
938,0,34,50,15,99
939,500,16,17,17,550
942,33,33,18,17,101
943,33,15,18,17,83
946,18,17,117,15,167
948,32,34,51,15,132
949,17,34,51,15,117
950,100,34,18,16,168
951,0,16,51,15,82
953,17482,34,117,17,17650
954,33,34,18,16,101
956,0,34,18,16,68
957,233,17,17,16,283
958,0,34,49,17,100
960,233,33,17,17,300
962,17,17,134,17,185
963,984,36,14,16,1050
964,234,33,16,18,301
965,0,17,84,17,118
967,100,16,84,16,216
969,2700,16,50,18,2784
970,0,34,17,16,67
975,251,32,17,15,315
976,34,33,16,18,101
977,233,17,17,15,282
978,33,34,17,15,99
979,50,32,18,17,117
982,0,32,18,17,67
983,33,17,67,15,132
986,32,35,0,15,82
987,500,17,49,17,583
988,16,19,0,15,50
989,19,32,17,15,83
991,34,15,18,16,83
993,49,33,17,18,117
995,33,16,17,18,84
997,0,16,17,18,51
999,0,18,49,16,83
1000,233,33,17,17,300
1001,234,17,17,17,285
1002,1833,33,84,17,1967
1003,0,16,18,16,50
1004,0,34,0,16,50
1005,16,34,216,17,283
1006,101,33,0,16,150
1007,0,18,216,17,251
1008,17,16,50,17,100
1009,0,16,50,17,83
1011,118,33,132,18,301
1012,0,33,0,16,49
1013,33,17,17,17,84
1014,0,33,17,17,67
1017,967,15,19,15,1016
1018,0,33,132,18,183
1019,0,17,132,18,167
1020,33,36,14,16,99
1021,17,36,14,16,83
1025,16,33,50,18,117
1026,234,34,84,14,366
1030,2699,34,50,16,2799
1031,117,34,50,16,217
1033,966,16,117,16,1115
1034,499,32,17,18,566
1035,0,17,116,16,149
1036,50,16,50,16,132
1038,18,16,50,16,100
1039,117,31,50,17,215
1040,101,31,50,17,199
1042,16,16,16,19,67
1044,0,35,49,16,100
1046,0,31,50,17,98
1047,14,34,116,17,181
1048,0,34,116,17,167
1051,17,50,17,16,100
1052,1834,33,50,16,1933
1054,35,33,168,16,252
1055,33,17,168,16,234
1056,0,33,168,16,217
1057,50,35,17,16,118
1058,101,32,17,18,168
1059,51,33,151,16,251
1060,6601,34,84,16,6735
1061,16,33,151,16,216
1062,0,33,151,16,200
1063,234,15,84,33,366
1065,0,15,17,18,50
1066,0,35,16,16,67
1067,118,32,19,15,184
1069,0,16,150,17,183
1070,100,34,84,33,251
1071,50,32,19,15,116
1072,0,34,51,15,100
1073,115,33,133,18,299
1074,99,33,133,18,283
1075,0,15,19,15,49
1076,0,34,84,33,151
1077,0,15,84,33,132
1081,16,51,32,18,117
1082,51,16,16,18,101
1083,99,16,18,16,149
1084,18,16,16,18,68
1086,966,35,15,18,1034
1087,0,18,50,16,84
1088,0,32,18,16,66
1089,234,17,49,18,318
1090,34,33,51,15,133
1095,35,15,51,16,117
1096,31,34,17,16,98
1097,0,15,51,16,82
1098,0,34,17,16,67
1100,33,35,49,18,135
1101,16,35,49,18,118
1102,102,32,18,15,167
1103,249,34,51,17,351
1105,983,33,83,18,1117
1106,0,34,83,15,132
1109,99,17,49,17,182
1111,33,15,84,17,149
1112,0,33,84,17,134
1113,483,32,50,18,583
1114,35,32,17,17,101
1117,15,34,51,17,117
1118,0,34,51,17,102
1119,116,34,51,16,217
1120,0,34,81,18,133
1121,0,18,81,18,117
1122,17,17,200,16,250
1124,0,31,151,18,200
1125,250,34,52,15,351
1126,16,18,51,16,101
1129,17,34,50,18,119
1131,33,17,50,16,116
1132,0,34,50,16,100
1133,0,17,50,16,83
1134,233,32,18,16,299
1135,100,17,52,15,184
1136,0,32,17,16,65
1137,49,34,52,15,150
1138,0,33,17,17,67
1140,0,34,52,15,101
1141,0,17,52,15,84
1143,116,34,16,17,183
1144,0,35,15,18,68
1147,50,34,16,17,117
1148,32,34,16,17,99
1150,968,33,52,14,1067
1151,0,16,16,17,49
1155,483,34,49,19,585
1156,35,33,50,16,134
1159,33,16,17,16,82
1160,0,33,17,16,66
1161,16,33,50,16,115
1162,33,33,83,18,167
1163,16,33,83,18,150
1166,0,33,17,18,68
1167,33,18,15,18,84
1168,0,35,15,18,68
1169,0,18,15,18,51
1170,0,33,16,18,67
1172,34,31,51,17,133
1173,0,18,116,17,151
1175,16,34,17,17,84
1176,34,34,49,17,134
1177,233,17,84,16,350
1178,0,34,49,17,100
1180,34,32,83,19,168
1182,0,32,83,19,134
1183,34,17,49,19,119
1186,33,35,15,17,100
1188,16,19,15,17,67
1189,3867,18,15,19,3919
1192,100,35,282,17,434
1193,17,33,17,16,83
1194,33,33,18,17,101
1196,0,33,18,17,68
1197,34,17,282,17,350
1198,35,32,17,17,101
1199,49,34,116,17,216
1200,32,34,116,17,199
1202,34,31,16,19,100
1204,99,34,83,17,233
1206,102,32,17,17,168
1207,19,33,52,14,118
1210,100,34,50,16,200
1212,0,32,17,17,66
1213,14,34,51,16,115
1214,233,34,17,17,301
1216,34,33,17,16,100
1218,33,33,51,16,133
1219,33,16,51,16,116
1220,0,33,51,16,100
1221,0,16,51,16,83
1222,233,33,0,17,283
1224,0,33,17,15,65
1225,33,15,51,17,116
1226,0,32,51,17,100
1227,15,34,17,17,83
1228,0,34,17,17,68
1229,0,17,17,17,51
1230,233,33,251,16,533
1233,15,34,15,18,82
1234,1934,33,17,18,2002
1236,0,33,0,17,50
1237,18,35,81,17,151
1238,51,16,116,18,201
1239,0,18,81,17,116
1241,16,33,16,17,82
1243,16,33,251,16,316
1245,0,17,251,16,284
1246,35,33,166,17,251
1247,17,33,166,17,233
1249,18,33,17,17,85
1250,0,33,17,17,67
1251,16,34,116,16,182
1254,966,34,48,19,1067
1255,0,19,116,16,151
1256,31,18,16,17,82
1258,18,16,83,19,136
1260,0,33,135,15,183
1261,0,16,135,15,166
1263,0,16,83,18,117
1264,101,32,117,17,267
1266,32,34,49,17,132
1267,3883,32,85,15,4015
1269,484,33,51,16,584
1270,0,32,117,17,166
1273,49,35,49,16,149
1274,966,34,50,17,1067
1275,15,35,49,16,115
1276,0,35,49,16,100
1277,0,17,49,16,82
1278,0,33,16,16,65
1279,0,17,16,16,49
1280,32,35,17,17,101
1282,0,35,17,17,69
1283,51,31,217,18,317
1284,0,34,49,16,99
1286,31,34,150,17,232
1289,484,32,50,16,582
1293,0,18,15,21,54
1294,1932,35,116,15,2098
1295,34,17,84,16,151
1296,0,30,84,16,130
1297,0,17,84,16,117
1298,33,34,49,17,133
1299,0,17,51,16,84
1301,35,16,50,16,117
1303,32,17,151,16,216
1305,34,16,52,15,117
1307,33,17,18,15,83
1308,101,33,83,17,234
1310,232,34,216,17,499
1313,0,15,48,19,82
1314,0,33,83,17,133
1315,31,19,49,17,116
1316,100,32,17,17,166
1317,101,16,17,17,151
1321,17,32,17,17,83
1322,0,32,17,17,66
1323,251,32,135,16,434
1324,484,18,17,18,537
1325,0,17,216,17,250
1327,32,17,16,17,82
1328,232,34,116,16,398
1329,251,33,17,17,318
1331,51,32,18,17,118
1332,34,32,18,17,101
1333,17,32,18,17,84
1334,0,32,18,17,67
1335,0,17,18,17,52
1336,234,33,17,18,302
1337,49,34,101,16,200
1338,232,35,17,18,302
1339,34,17,101,16,168
1340,34,34,116,16,200
1343,17,33,17,17,84
1344,500,33,82,17,632
1345,0,17,17,17,51
1346,0,34,16,16,66
1348,499,34,15,17,565
1349,0,16,17,16,49
1350,0,33,17,18,68
1351,51,35,48,17,151
1352,0,35,17,18,70
1353,35,18,48,17,118
1356,0,30,117,16,163
1357,16,35,50,16,117
1358,0,35,50,16,101
1359,0,17,50,16,83
1360,233,33,82,17,365
1361,99,17,16,16,148
1363,32,16,84,16,148
1364,0,32,84,16,132
1365,100,16,17,18,151
1366,100,35,49,17,201
1369,251,35,47,17,350
1370,33,35,49,17,134
1371,3867,17,17,16,3917
1372,0,35,49,17,101
1373,251,33,50,17,351
1375,0,18,82,17,117
1376,99,35,116,16,266
1379,48,35,116,16,215
1380,1932,35,15,18,2000
1381,17,35,116,16,184
1382,0,35,116,16,167
1384,0,35,47,17,99
1385,49,33,50,17,149
1386,31,33,50,17,131
1387,18,33,50,17,118
1388,33,33,184,16,266
1389,0,17,50,17,84
1390,0,33,184,16,233
1391,99,17,218,17,351
1392,34,33,16,17,100
1394,0,33,16,17,66
1395,0,15,16,17,48
1396,33,35,49,16,133
1397,235,17,116,15,383
1398,100,34,217,15,366
1400,99,33,17,16,165
1402,0,33,17,17,67
1404,0,34,217,15,266
1405,234,15,17,18,284
1406,0,33,17,16,66
1407,16,33,50,17,116
1409,34,17,116,15,182
1413,0,17,116,18,151
1414,967,33,116,18,1134
1416,100,34,49,16,199
1417,250,34,49,17,350
1419,32,18,15,19,84
1420,3868,32,51,16,3967
1422,3865,34,117,18,4034
1423,19,33,16,16,84
1425,115,34,49,17,215
1426,99,34,49,17,199
1427,16,34,18,15,83
1430,0,33,18,16,67
1431,33,16,49,17,115
1434,100,34,49,17,200
1435,49,34,17,17,117
1436,32,34,17,17,100
1437,17,34,17,17,85
1438,0,34,17,17,68
1439,250,32,184,16,482
1440,0,34,49,17,100
1441,17,32,17,17,83
1442,0,32,17,17,66
1443,0,17,17,17,51
1446,0,34,115,17,166
1447,117,32,184,16,349
1448,100,32,184,16,332
1449,18,33,117,17,185
1451,51,32,184,16,283
1453,51,34,84,16,185
1456,0,34,84,16,134
1457,118,33,17,16,184
1458,33,34,17,16,100
1459,17,34,17,16,84
1460,484,17,15,17,533
1461,50,33,17,16,116
1462,33,33,17,16,99
1463,16,33,17,16,82
1465,18,33,17,17,85
1466,33,34,50,16,133
1467,16,34,50,16,116
1469,17,33,50,16,116
1471,15,33,116,18,182
1472,17,16,116,18,167
1476,3867,33,51,15,3966
1477,0,15,50,18,83
1479,32,18,17,17,84
1480,16,18,17,17,68
1481,117,35,15,17,184
1482,0,34,83,17,134
1483,232,18,15,18,283
1484,32,33,50,17,132
1486,33,35,15,17,100
1487,16,35,15,17,83
1488,0,35,15,17,67
1491,100,18,15,18,151
1492,34,32,50,18,134
1494,32,35,15,18,100
1495,32,18,15,18,83
1496,0,35,15,18,68
1498,33,32,85,15,165
1500,0,32,85,15,132
1501,252,34,15,17,318
1502,17,18,50,15,100
1504,99,33,18,17,167
1505,17,33,184,17,251
1508,0,34,16,17,67
1509,0,17,16,17,50
1510,0,33,18,17,68
1511,485,31,51,16,583
1512,0,35,117,15,167
1513,967,16,17,17,1017
1514,99,33,18,15,165
1515,18,34,15,17,84
1516,0,34,15,17,66
1518,32,33,18,15,98
1519,101,17,214,19,351
1520,234,32,17,16,299
1521,0,15,18,15,48
1522,233,33,317,17,600
1525,0,17,214,19,250
1526,33,34,16,16,99
1527,232,16,51,16,315
1528,100,32,17,16,165
1529,0,17,16,16,49
1531,34,16,15,17,82
1532,99,35,0,15,149
1533,97,19,0,15,131
1535,235,17,49,16,317
1536,0,33,317,17,367
1538,0,35,0,15,50
1540,0,31,51,16,98
1541,101,17,218,14,350
1542,0,34,17,16,67
1543,117,31,18,16,182
1544,0,33,18,17,68
1545,34,17,218,14,283
1546,0,35,218,14,267
1547,51,31,18,16,116
1548,0,34,49,16,99
1549,17,31,18,16,82
1550,966,33,49,17,1065
1552,0,34,50,17,101
1553,234,17,15,18,284
1554,102,31,17,17,167
1556,98,34,17,34,183
1557,34,18,48,17,117
1558,0,35,48,17,100
1559,0,18,48,17,83
1560,233,34,81,17,365
1561,31,17,17,34,99
1562,0,34,17,34,85
1564,51,17,15,18,101
1565,101,16,17,17,151
1567,232,17,51,17,317
1569,1918,31,84,17,2050
1570,33,34,48,18,133
1573,51,32,15,19,117
1574,100,32,51,17,200
1575,37,18,15,19,89
1576,6915,18,14,18,6965
1577,0,18,15,19,52
1578,484,16,49,16,565
1580,100,31,85,17,233
1581,0,17,51,17,85
1583,0,18,48,16,82
1586,0,31,85,17,133
1587,0,16,85,17,118
1588,0,35,15,17,67
1589,117,33,16,17,183
1590,499,35,83,16,633
1591,17,35,49,16,117
1592,483,19,83,16,601
1593,0,17,49,16,82
1594,0,32,17,16,65
1595,100,17,16,17,150
1596,33,33,85,16,167
1598,0,33,85,16,134
1599,17,35,16,17,85
1600,0,35,16,17,68
1602,0,33,17,16,66
1604,0,33,18,16,67
1607,0,16,49,16,81
1608,99,33,83,19,234
1609,48,34,150,17,249
1610,99,35,15,17,166
1611,33,17,150,17,217
1614,33,35,15,17,100
1616,0,35,15,17,67
1619,17,35,83,16,151
1621,34,17,83,18,152
1623,37,14,216,18,285
1624,0,34,216,18,268
1625,31,16,16,18,81
1626,33,34,16,17,100
1627,50,33,51,16,150
1629,102,16,49,18,185
1630,0,33,51,16,100
1632,0,35,148,17,200
1633,0,19,148,17,184
1634,0,32,49,18,99
1635,98,18,49,17,182
1636,32,35,49,17,133
1641,0,18,49,17,84
1642,0,33,16,17,66
1643,33,17,16,17,83
1644,33,33,184,16,266
1645,33,17,184,16,250
1646,100,32,51,16,199
1647,0,17,184,16,217
1648,0,33,17,17,67
1651,17,32,51,16,116
1652,0,32,51,16,99
1653,0,15,51,16,82
1654,101,33,17,18,169
1655,50,34,50,18,152
1657,16,34,50,18,118
1658,0,34,50,18,102
1659,0,16,50,18,84
1660,0,33,17,18,68
1661,0,17,17,18,52
1662,0,35,0,15,50
1664,0,32,83,17,132
1665,51,32,17,17,117
1667,18,32,17,17,84
1668,482,16,68,17,583
1670,235,31,84,17,367
1671,0,17,16,17,50
1672,0,33,17,16,66
1674,33,34,17,17,101
1675,0,16,117,18,151
1676,0,34,17,17,68
1677,33,17,49,18,117
1679,0,17,49,18,84
1680,0,32,17,18,67
1681,15,35,50,16,116
1682,35,31,84,17,167
1683,0,18,50,16,84
1684,0,31,84,17,132
1685,51,32,83,19,185
1686,19,16,17,15,67
1689,0,15,83,19,117
1691,0,17,17,17,51
1693,17,34,49,18,118
1694,0,34,49,18,101
1695,50,36,15,17,118
1696,31,36,15,17,99
1697,34,18,15,17,84
1698,36,32,0,17,85
1700,0,32,0,17,49
1701,0,17,0,17,34
1702,100,33,51,15,199
1703,32,17,50,17,116
1705,35,16,84,15,150
1707,49,34,32,17,132
1708,0,33,51,15,99
1709,51,32,17,34,134
1710,34,32,17,34,117
1711,33,15,17,34,99
1712,32,51,0,17,100
1713,0,15,17,34,66
1714,0,51,0,17,68
1715,34,17,17,16,84
1716,18,17,17,16,68
1718,33,34,50,17,134
1721,50,34,0,15,99
1722,0,33,66,16,115
1724,0,34,0,15,49
1727,0,17,51,17,85
1728,3867,33,18,16,3934
1729,0,18,51,15,84
1731,49,33,17,17,116
1732,32,33,17,17,99
1733,15,33,17,17,82
1734,0,33,17,17,67
1735,50,35,16,15,116
1736,34,35,16,15,100
1737,52,31,83,17,183
1738,35,31,83,17,166
1739,122,32,21,14,189
1740,31,35,100,17,183
1741,0,15,83,17,115
1742,233,34,150,16,433
1743,0,17,100,17,134
1744,0,33,84,16,133
1746,966,33,17,16,1032
1748,233,34,18,16,301
1749,0,14,49,17,80
1751,0,16,16,17,49
1752,0,33,18,14,65
1753,17,32,17,17,83
1754,0,32,17,17,66
1756,0,34,150,16,200
1757,0,17,150,16,183
1758,0,34,116,16,166
1759,118,32,51,16,217
1760,233,33,101,16,383
1761,233,17,101,16,367
1764,100,33,201,17,351
1765,16,32,51,16,115
1766,32,34,50,17,133
1767,0,16,51,16,83
1768,34,33,201,17,285
1770,0,33,201,17,251
1771,234,16,51,17,318
1772,0,34,16,17,67
1774,117,17,50,16,200
1776,101,33,84,17,235
1777,32,34,17,16,99
1778,0,49,17,16,82
1779,233,18,15,19,285
1780,236,34,67,15,352
1781,0,17,50,16,83
1782,33,33,51,17,134
1783,0,17,84,17,118
1785,251,33,82,16,382
1788,35,32,83,17,167
1789,49,34,15,19,117
1790,499,33,17,17,566
1791,33,18,15,19,85
1794,101,33,82,16,232
1795,34,17,18,17,86
1796,100,32,17,16,165
1797,0,17,18,17,52
1798,35,33,82,16,166
1799,17,33,82,16,148
1800,98,33,52,16,199
1803,0,16,17,16,49
1804,0,33,17,16,66
1805,33,16,52,16,117
1807,0,16,52,16,84
1808,35,33,16,17,101
1810,33,33,16,18,100
1811,32,17,16,18,83
1812,483,16,50,18,567
1813,51,32,250,16,349
1814,34,32,250,16,332
1817,17,34,16,17,84
1819,233,16,17,17,283
1821,0,17,17,17,51
1822,34,32,83,17,166
1823,32,17,83,17,149
1825,0,17,83,17,117
1826,233,34,50,18,335
1827,233,16,50,18,317
1828,34,32,17,16,99
1829,485,33,49,17,584
1833,50,34,50,16,150
1834,0,34,118,15,167
1835,51,32,118,15,216
1837,18,32,118,15,183
1839,99,18,50,16,183
1840,102,31,19,16,168
1842,0,33,17,18,68
1845,485,33,149,17,684
1846,965,34,16,17,1032
1847,15,35,84,16,150
1848,35,33,16,17,101
1849,249,33,17,17,316
1850,0,33,16,17,66
1851,16,33,85,16,150
1852,16,17,85,16,134
1853,17,34,17,17,85
1854,0,34,17,17,68
1857,34,16,49,17,116
1858,0,33,49,17,99
1860,33,33,17,16,99
1861,115,32,15,19,181
1862,0,33,17,16,66
1863,17,33,17,17,84
1864,0,33,17,17,67
1866,0,34,47,19,100
1867,17,32,15,19,83
1868,32,34,35,16,117
1869,101,17,149,17,284
1870,34,35,48,16,133
1873,117,32,84,18,251
1874,99,32,84,18,233
1876,0,31,169,17,217
1877,51,32,84,18,185
1878,0,35,17,15,67
1879,34,15,84,18,151
1880,32,35,16,17,100
1881,0,15,84,18,117
1882,0,35,16,17,68
1883,17,33,82,17,149
1885,233,17,184,16,450
1886,0,34,48,17,99
1887,8201,16,84,15,8316
1888,0,32,16,17,65
1891,117,34,184,16,351
1893,250,34,100,17,401
1894,100,34,49,17,200
1897,16,34,184,16,250
1898,0,34,184,16,234
1899,33,18,49,17,117
1900,34,32,50,17,133
1901,0,18,49,17,84
1902,0,32,50,17,99
1903,38,17,16,17,88
1904,0,34,16,17,67
1905,101,16,49,18,184
1906,0,33,84,17,134
1907,101,17,50,18,186
1911,33,17,50,18,118
1912,34,33,17,18,102
1913,484,32,51,17,584
1914,33,35,115,16,199
1915,0,18,17,18,53
1916,35,30,0,19,84
1919,0,15,0,19,34
1922,0,32,51,17,100
1923,100,17,99,17,233
1924,967,35,83,15,1100
1925,16,34,17,17,84
1926,0,34,17,17,68
1927,17,34,99,17,167
1928,0,34,99,17,150
1929,0,17,99,17,133
1930,33,50,33,16,132
1932,499,34,49,17,599
1935,0,16,84,17,117
1936,33,34,117,17,201
1939,0,17,117,17,151
1940,0,34,116,16,166
1942,0,32,51,17,100
1943,232,17,50,16,315
1944,16,18,50,16,100
1946,101,31,17,17,166
1947,33,16,150,17,216
1948,483,17,15,18,533
1951,49,34,17,17,117
1954,234,34,101,16,385
1955,235,16,101,16,368
1956,0,34,50,16,100
1957,101,16,49,17,183
1958,33,33,18,16,100
1959,117,33,0,18,168
1960,0,33,18,16,67
1961,232,19,66,15,332
1963,0,16,49,17,82
1964,100,32,17,18,167
1966,33,34,101,16,184
1967,0,17,0,18,35
1968,101,34,66,15,216
1969,98,19,66,15,198
1973,18,34,66,15,133
1976,33,33,15,17,98
1978,0,33,15,17,65
1979,0,18,15,17,50
1980,0,32,85,17,134
1982,0,35,83,15,133
1983,233,17,18,16,284
1984,33,34,99,16,182
1985,0,17,50,15,82
1987,17,31,18,18,84
1989,99,18,15,17,149
1991,0,18,14,18,50
1992,0,32,184,17,233
1993,0,18,184,17,219
1994,482,17,83,18,600
1995,0,18,15,17,50
2000,0,32,85,17,134
2001,486,34,15,17,552
2002,34,35,16,17,102
2003,966,17,333,18,1334
2005,0,17,16,17,50
2006,234,31,16,17,298
2007,32,18,49,16,115
2008,0,33,49,16,98
2013,33,18,50,18,119
2014,0,35,50,18,103
2015,0,18,50,18,86
2016,17,16,49,17,99
2018,1933,35,49,17,2034
2019,18,31,16,17,82
2020,0,31,16,17,64
2021,101,16,16,18,151
2022,16568,33,0,16,16617
2023,118,34,15,17,184
2025,0,17,17,16,50
2026,0,33,16,18,67
2027,966,17,17,16,1016
2028,34,34,15,17,100
2029,18,34,15,17,84
2030,0,34,15,17,66
2031,118,34,17,16,185
2032,0,32,118,16,166
2033,484,50,18,14,566
2034,488,29,18,14,549
2035,235,15,50,16,316
2037,17,34,17,16,84
2039,35,16,50,17,118
2041,16,33,51,16,116
2042,100,33,50,16,199
2043,0,16,51,16,83
2044,0,34,116,16,166
2045,117,32,18,16,183
2046,33,33,50,16,132
2047,115,34,83,17,249
2048,0,33,50,16,99
2049,0,15,50,16,81
2050,0,34,16,16,66
2052,248,19,16,15,298
2054,0,34,83,17,134
2055,482,34,17,16,549
2056,0,34,16,17,67
2057,483,33,17,17,550
2058,965,35,16,16,1032
2059,33,17,333,18,401
2060,0,33,333,18,384
2061,0,17,333,18,368
2062,0,50,18,14,82
2063,61,19,16,15,111
2065,0,18,115,17,150
2066,14,19,16,15,64
2068,0,31,51,17,99
2069,15,35,84,16,150
2070,35,33,17,17,102
2072,0,33,17,17,67
2074,34,33,16,18,101
2077,16,34,17,15,82
2079,483,33,18,15,549
2080,32,33,17,17,99
2081,33,15,17,17,82
2082,33,34,17,16,100
2083,0,15,17,17,49
2085,0,17,17,16,50
2086,1933,33,51,16,2033
2087,16,34,51,15,116
2088,0,34,51,15,100
2089,117,33,16,17,183
2091,35,15,18,16,84
2092,115,17,17,16,165
2093,16581,34,17,18,16650
2095,248,33,118,16,415
2098,232,51,33,18,334
2099,118,32,17,16,183
2100,0,33,117,16,166
2101,51,33,15,17,116
2102,0,35,15,18,68
2103,51,32,17,16,116
2104,0,33,15,17,65
2106,0,32,17,16,65
2108,0,33,18,15,66
2109,16,33,118,16,183
2110,0,33,118,16,167
2111,99,18,16,16,149
2112,51,16,85,16,168
2113,249,35,0,17,301
2114,18,16,85,16,135
2115,101,16,84,15,216
2116,0,35,16,16,67
2119,16,34,84,15,149
2120,0,34,84,15,133
2121,49,34,17,15,115
2122,0,33,18,16,67
2124,18,16,17,15,66
2125,16,32,17,18,83
2126,32,35,0,17,84
2127,116,35,49,17,217
2128,484,17,17,16,534
2129,18,32,83,18,151
2130,101,32,168,14,315
2131,49,35,49,17,150
2132,101,34,116,18,269
2133,51,32,168,14,265
2134,0,35,49,17,101
2136,3864,33,135,17,4049
2137,18,34,116,18,186
2138,0,34,116,18,168
2139,0,17,116,18,151
2140,0,32,17,17,66
2141,34,17,216,17,284
2142,0,34,216,17,267
2144,0,33,101,15,149
2145,33,18,48,18,117
2146,0,35,48,18,101
2147,0,18,48,18,84
2148,0,32,16,18,66
2150,100,33,17,16,166
2151,18,32,18,16,84
2153,35,16,16,17,84
2155,115,34,37,14,200
2157,0,17,17,16,50
2158,0,33,33,17,83
2159,16,33,71,14,134
2160,33,34,37,14,118
2162,501,33,49,17,600
2165,100,16,17,16,149
2166,46,16,85,16,163
2169,34,16,17,16,83
2171,49,34,116,18,217
2172,235,31,18,17,301
2173,483,33,51,16,583
2174,0,34,116,18,168
2175,16,33,83,18,150
2178,101,34,15,16,166
2179,17,33,150,17,217
2180,0,33,150,17,200
2181,46,34,15,16,111
2182,0,34,16,18,68
2183,485,31,118,18,652
2185,33,16,18,17,84
2186,482,16,17,16,531
2187,34,17,83,17,151
2188,0,35,83,17,135
2189,966,17,17,16,1016
2190,0,33,50,17,100
2191,50,34,216,18,318
2192,99,34,51,15,199
2195,233,18,15,18,284
2196,0,32,151,16,199
2198,0,34,51,15,100
2199,33,17,18,15,83
2201,0,17,18,15,50
2203,15,35,16,16,82
2205,0,17,16,16,49
2206,0,32,85,14,131
2207,33,18,15,18,84
2211,18,31,118,18,185
2212,0,31,118,18,167
2213,14,34,17,16,81
2214,0,34,17,16,67
2215,0,16,17,16,49
2216,33,35,49,17,134
2217,117,33,216,17,383
2218,0,35,49,17,101
2219,17,34,48,17,116
2221,0,18,48,17,83
2222,232,33,16,17,298
2223,17,33,216,17,283
2224,0,33,216,17,266
2225,36,14,17,18,85
2228,0,35,83,16,134
2229,50,35,16,16,117
2230,0,32,83,17,132
2233,0,18,16,16,50
2234,0,32,16,17,65
2236,0,33,16,17,66
2237,50,35,116,16,217
2238,100,33,51,16,200
2240,0,35,116,16,167
2241,33,17,118,15,183
2243,484,34,82,18,618
2245,16,34,17,16,83
2246,0,34,17,16,67
2247,100,18,49,16,183
2248,0,33,33,17,83
2249,0,16,33,17,66
2250,0,33,51,17,101
2251,15,35,49,16,115
2252,0,35,49,16,100
2253,34,17,16,16,83
2255,0,17,16,16,49
2256,233,33,17,17,300
2257,51,32,84,17,184
2259,483,34,83,18,618
2261,0,16,84,17,117
2265,250,34,15,17,316
2266,34,33,50,17,134
2268,234,32,83,17,366
2270,0,33,17,17,67
2273,117,34,15,17,183
2274,0,34,183,15,232
2275,48,35,184,15,282
2276,16,15,184,17,232
2277,15,35,184,15,249
2278,234,34,16,18,302
2279,52,32,83,17,184
2280,967,34,48,16,1065
2281,19,32,83,17,151
2282,0,32,83,17,132
2283,0,17,83,17,117
2284,33,33,17,17,100
2285,16,33,17,17,83
2286,33,34,83,18,168
2287,15,34,83,18,150
2289,35,15,83,18,151
2290,0,33,83,18,134
2291,0,15,83,18,116
2292,0,34,16,18,68
2293,50,33,183,18,284
2294,16,18,15,18,67
2296,33,33,17,17,100
2298,0,33,17,17,67
2299,35,17,16,17,85
2300,101,32,236,14,383
2302,33,34,115,17,199
2303,0,17,50,16,83
2305,19,32,236,14,301
2306,0,32,236,14,282
2307,16,35,33,15,99
2308,0,35,33,15,83
2309,18,33,49,16,116
2311,34,17,82,17,150
2314,0,33,136,15,184
2315,32,19,14,17,82
2316,35,31,18,19,103
2317,50,37,14,19,120
2318,31,37,14,19,101
2319,17,37,14,19,87
2320,37,33,81,16,167
2321,0,19,14,19,52
2322,0,33,81,16,130
2323,0,19,81,16,116
2324,30,35,16,16,97
2325,3866,17,50,17,3950
2326,100,35,50,17,202
2327,33,16,51,17,117
2330,0,33,18,17,68
2331,51,34,49,18,152
2333,250,34,16,17,317
2335,50,34,48,16,148
2336,98,33,18,17,166
2337,17,34,48,16,115
2338,0,34,48,16,98
2340,497,35,83,17,632
2341,0,16,17,16,49
2342,0,33,18,17,68
2343,0,16,18,17,51
2344,35,33,17,17,102
2345,483,33,51,16,583
2347,33,17,16,17,83
2348,0,34,16,17,67
2349,50,32,50,17,149
2350,0,33,17,15,65
2353,1949,35,82,17,2083
2356,33,33,151,15,232
2357,103,14,16,18,151
2358,33,34,117,15,199
2360,0,34,117,15,166
2362,33,34,84,16,167
2364,0,34,84,16,134
2365,0,18,84,16,118
2366,100,33,134,17,284
2367,15,33,135,17,200
2368,0,33,135,17,185
2369,15,35,83,17,150
2371,33,16,134,17,200
2372,33,33,51,16,133
2373,100,16,84,15,215
2374,33,34,17,16,100
2375,34,17,17,16,84
2377,0,17,17,16,50
2378,966,35,15,17,1033
2379,33,17,17,17,84
2381,0,17,17,17,51
2382,0,34,16,15,65
2383,249,34,33,17,333
2384,0,31,18,17,66
2385,250,33,0,17,300
2388,0,33,16,16,65
2389,119,32,17,17,185
2390,0,32,84,17,133
2391,0,16,84,17,117
2393,52,32,17,17,118
2394,484,17,66,17,584
2395,17,32,17,17,83
2397,17,34,33,17,101
2398,0,34,33,17,84
2399,17,33,0,17,67
2400,33,34,16,16,99
2401,232,16,84,17,349
2402,232,35,83,17,367
2403,0,17,16,16,49
2404,233,34,233,15,515
2405,16,34,17,16,83
2407,17,33,49,18,117
2408,33,33,16,18,100
2409,233,17,66,17,333
2410,0,33,16,18,67
2412,0,34,16,16,66
2414,0,32,84,17,133
2415,51,34,233,15,333
2416,236,31,18,17,302
2417,52,32,17,17,118
2418,0,34,233,15,282
2419,34,17,17,17,85
2420,0,32,17,17,66
2422,100,35,49,17,201
2425,51,35,49,17,152
2426,33,35,49,17,134
2427,16,35,49,17,117
2428,0,35,49,17,101
2429,32,17,18,17,84
2430,98,35,15,17,165
2431,0,17,18,17,52
2432,35,32,17,18,102
2434,32,35,15,17,99
2435,0,17,17,18,52
2439,34,18,48,17,117
2440,233,34,183,17,467
2441,0,18,48,17,83
2442,36,29,51,16,132
2444,0,29,51,16,96
2445,51,33,49,17,150
2446,101,32,17,17,167
2450,0,34,49,17,100
2451,119,33,49,16,217
2452,231,35,17,16,299
2453,17,34,183,17,251
2454,0,34,183,17,234
2456,0,34,183,16,233
2457,50,34,116,16,216
2458,0,33,49,16,98
2460,0,34,116,16,166
2461,19,31,17,16,83
2462,0,31,17,16,64
2463,117,35,82,17,251
2465,16,35,17,16,84
2469,16,35,82,17,150
2470,35,31,51,17,134
2473,50,34,17,15,116
2474,234,49,17,17,317
2477,17,32,50,17,116
2478,0,32,50,17,99
2479,965,17,133,17,1132
2480,0,34,16,17,67
2481,16,33,21,12,82
2482,0,33,21,12,66
2483,0,17,21,12,50
2484,116,17,51,16,200
2485,12,34,66,17,129
2486,0,34,66,17,117
2487,100,17,83,17,217
2488,485,14,218,17,734
2489,15,17,17,17,66
2491,0,17,51,16,84
2492,0,34,83,17,134
2493,0,17,83,17,117
2495,250,32,51,17,350
2496,0,33,17,17,67
2497,98,18,17,16,149
2502,235,32,218,17,502
2503,0,18,17,16,51
2505,0,16,15,19,50
2508,233,33,83,17,366
2510,32,34,84,16,166
2511,15,34,84,16,149
2512,34,34,50,16,134
2514,34,32,218,17,301
2515,0,17,50,16,83
2516,0,32,218,17,267
2518,101,35,14,17,167
2519,98,20,14,17,149
2520,0,34,82,17,133
2523,0,16,83,17,116
2524,0,35,14,17,66
2525,51,34,17,17,119
2526,31,34,17,17,99
2527,34,17,17,17,85
2531,49,33,17,17,116
2532,7716,17,17,17,7767
2534,33,34,133,17,217
2536,0,34,133,17,184
2537,101,17,49,17,184
2538,485,18,46,19,568
2540,0,34,50,15,99
2541,17,33,49,17,116
2542,0,33,49,17,99
2543,0,17,49,17,83
2544,32,34,183,17,266
2547,0,17,183,17,217
2549,0,17,17,16,50
2550,33,33,250,17,333
2552,233,36,46,19,334
2553,234,18,46,19,317
2554,0,33,17,17,67
2555,117,33,115,19,284
2556,0,34,50,17,101
2557,33,17,50,17,117
2559,233,16,18,17,284
2560,232,35,83,16,366
2561,101,18,46,19,184
2562,965,34,51,16,1066
2563,50,36,46,19,151
2564,500,32,17,17,566
2566,18,18,46,19,101
2567,18,31,83,17,149
2572,99,34,84,17,234
2573,34,17,83,16,150
2574,35,33,17,17,102
2575,250,33,17,17,317
2577,0,16,17,17,50
2578,34,32,18,17,101
2579,17,32,18,17,84
2581,34,17,149,17,217
2583,17,34,15,16,82
2584,0,34,15,16,65
2586,0,31,84,17,132
2587,0,16,84,17,117
2588,0,34,50,17,101
2590,99,34,51,17,201
2591,50,32,17,17,116
2592,0,34,17,15,66
2593,17,32,17,17,83
2594,0,32,17,17,66
2595,0,15,17,17,49
2596,102,32,52,16,202
2597,100,17,52,16,185
2600,0,33,32,17,82
2602,32,34,18,16,100
2603,0,17,52,16,85
2605,235,14,50,19,318
2606,34,31,19,16,100
2607,0,16,15,16,47
2608,117,14,18,17,166
2609,51,34,84,14,183
2611,16,34,84,14,148
2612,484,17,16,16,533
2614,98,34,51,16,199
2615,0,14,18,17,49
2617,35,14,50,19,118
2618,32,34,51,16,133
2620,34,35,48,17,134
2621,97,17,17,17,148
2624,0,32,218,16,266
2625,115,34,17,16,182
2626,33,34,50,16,133
2627,34,17,50,16,117
2629,0,17,50,16,83
2630,0,32,51,16,99
2631,485,33,16,18,552
2633,0,16,17,16,49
2634,0,33,18,16,67
2635,16,34,51,17,118
2636,235,32,83,17,367
2637,233,16,83,17,349
2638,34,34,16,16,100
2639,16,34,16,16,82
2642,98,35,51,16,200
2644,34,32,17,18,101
2645,965,17,34,16,1032
2646,0,32,17,18,67
2648,0,35,51,16,102
2649,100,18,15,17,150
2650,0,32,83,17,132
2652,100,34,16,17,167
2653,0,16,83,16,115
2654,99,33,16,18,166
2655,0,18,15,17,50
2656,965,36,49,16,1066
2657,234,16,150,17,417
2658,0,34,16,17,67
2660,33,34,17,16,100
2661,0,17,16,18,51
2662,0,34,17,16,67
2663,18,33,17,18,86
2664,0,33,17,18,68
2666,483,16,18,16,533
2667,49,33,150,17,249
2669,34,16,150,17,217
2670,0,33,150,17,200
2673,18,32,18,17,85
2674,0,32,18,17,67
2675,16,35,14,20,85
2676,18,17,14,20,69
2677,17,34,14,17,82
2680,116,17,15,17,165
2681,250,34,50,18,352
2682,0,35,50,17,102
2683,249,33,184,16,482
2685,233,16,184,16,449
2686,18,17,15,17,67
2687,49,34,16,16,115
2688,0,32,83,16,131
2691,249,33,84,15,381
2692,965,33,19,17,1034
2693,0,16,17,16,49
2694,0,33,18,16,67
2696,34,33,184,16,267
2697,99,17,34,16,166
2698,0,33,184,16,233
2699,484,34,115,16,649
2700,0,35,49,17,101
2701,33,17,34,16,100
2702,49,17,16,17,99
2703,0,17,34,16,67
2704,17,17,16,17,67
2705,17,33,84,15,149
2706,99,33,119,17,268
2709,0,14,18,16,48
2710,34,33,119,17,203
2712,0,33,119,17,169
2713,116,35,14,17,182
2714,0,36,49,16,101
2715,19,32,149,18,218
2717,0,17,149,18,184
2718,0,33,84,17,134
2719,117,33,82,17,249
2720,35,31,68,15,149
2722,31,35,15,18,99
2724,0,35,15,18,68
2725,32,18,82,17,149
2727,0,18,82,17,117
2728,0,34,115,16,165
2730,32,33,50,16,131
2735,50,36,15,16,117
2737,486,32,50,16,584
2738,36,31,51,17,135
2739,16,31,51,17,115
2740,0,31,51,17,99
2742,101,32,52,17,202
2743,250,35,13,19,317
2744,0,34,15,18,67
2745,17,33,17,15,82
2747,0,18,17,15,50
2748,0,32,52,17,101
2750,0,33,19,17,69
2752,0,36,166,16,218
2753,99,17,13,19,148
2754,0,32,50,17,99
2755,218,32,18,16,284
2757,1933,17,50,16,2016
2758,0,35,13,19,67
2759,0,17,13,19,49
2760,0,32,35,16,83
2761,19,35,0,16,70
2763,32,19,130,18,199
2764,99,34,117,17,267
2766,232,34,114,17,397
2767,115,35,17,15,182
2771,0,16,117,17,150
2774,35,32,18,17,102
2775,0,17,17,15,49
2776,0,32,18,17,67
2777,15,35,14,20,84
2778,485,17,0,15,517
2779,7715,35,16,16,7782
2780,965,34,16,17,1032
2781,951,34,16,17,1018
2782,31,35,83,17,166
2783,251,34,16,16,317
2784,100,35,133,16,284
2785,0,17,83,17,117
2786,0,33,15,17,65
2787,18,32,18,17,85
2788,102,30,17,17,166
2789,17,35,133,16,201
2793,968,16,18,16,1018
2794,0,30,17,17,64
2795,234,16,17,18,285
2797,117,33,0,18,168
2798,0,34,16,16,66
2799,16,32,17,17,82
2800,0,32,17,17,66
2802,34,33,0,18,85
2803,234,16,51,17,318
2804,0,33,0,18,51
2805,34,17,0,15,66
2806,0,35,0,15,50
2809,33,18,15,18,84
2810,0,35,15,18,68
2811,51,34,16,16,117
2812,0,33,117,17,167
2814,0,34,16,16,66
2815,100,17,14,18,149
2816,0,32,51,17,100
2817,233,17,0,17,267
2818,35,33,14,18,100
2821,7716,32,17,17,7782
2822,99,33,66,17,215
2823,51,34,67,17,169
2825,233,17,16,17,283
2827,0,17,67,17,101
2828,0,33,66,17,116
2831,0,17,0,17,34
2832,233,34,50,16,333
2833,32,18,149,17,216
2834,35,32,117,17,201
2836,15,17,117,17,166
2837,17,34,16,17,84
2838,234,34,16,15,299
2839,484,33,15,19,551
2841,34,18,49,17,118
2842,0,35,49,17,101
2843,100,17,83,15,215
2844,0,32,17,17,66
2845,17,34,50,16,117
2846,34,33,83,15,165
2847,101,16,16,15,148
2848,33,33,18,16,100
2849,0,17,83,15,115
2850,0,33,18,16,67
2851,34,16,16,15,81
2852,0,34,16,15,65
2853,0,16,16,15,47
2855,15,35,133,16,199
2856,969,33,17,16,1035
2857,100,34,32,18,184
2859,16,34,17,34,101
2860,235,33,82,17,367
2862,101,33,15,19,168
2863,0,34,32,18,84
2865,32,18,48,19,117
2866,34,33,15,19,101
2867,0,18,48,19,85
2869,18,34,133,15,200
2870,0,34,133,15,182
2871,967,17,18,17,1019
2873,33,17,82,17,149
2874,0,33,82,17,132
2876,0,33,17,17,67
2877,100,15,17,17,149
2878,34,32,233,18,317
2879,483,33,83,18,617
2880,99,33,151,18,301
2882,233,36,281,18,568
2883,49,33,151,18,251
2886,33,35,16,16,100
2887,16,35,16,16,83
2888,485,16,16,18,535
2890,98,36,281,18,433
2892,0,34,50,18,102
2896,484,18,465,18,985
2900,0,34,50,16,100
2901,0,17,50,16,83
2903,484,31,52,17,584
2904,0,32,17,17,66
2906,34,33,83,18,168
2907,0,17,16,17,50
2909,0,17,83,18,118
2910,484,17,49,16,566
2911,0,18,49,18,85
2912,34,33,17,16,100
2913,32,18,17,16,83
2914,33,33,16,18,100
2915,35,16,16,18,85
2917,99,17,117,17,250
2918,0,34,17,16,67
2920,0,33,82,17,132
2922,99,33,18,17,167
2923,51,32,16,17,116
2924,0,34,465,18,517
2925,33,17,16,17,83
2927,0,17,16,17,50
2928,33,35,48,18,134
2929,234,16,19,15,284
2930,0,35,48,18,101
2931,48,35,17,17,117
2932,0,31,52,17,100
2933,14,35,17,17,83
2934,17,18,17,17,69
2935,0,18,17,17,52
2936,34,33,49,16,132
2938,0,33,49,16,98
2941,0,17,16,16,49
2942,32,34,17,16,99
2943,0,16,19,15,50
2944,0,34,17,16,67
2946,0,33,118,15,166
2947,0,16,118,15,149
2948,969,31,18,17,1035
2949,33,15,151,16,215
2952,34,33,19,16,102
2955,34,16,49,16,115
2957,0,16,49,16,81
2958,0,33,83,18,134
2959,0,17,83,18,118
2960,0,32,51,18,101
2961,16,35,50,16,117
2962,0,35,50,16,101
2963,17,34,48,19,118
2964,0,34,48,19,101
2965,0,18,48,19,85
2966,0,32,84,16,132
2968,484,17,49,17,567
2969,19,31,18,16,84
2972,18,16,51,16,101
2974,234,33,18,15,300
2975,233,17,18,15,283
2976,234,33,150,17,434
2977,33,15,119,16,183
2978,0,32,119,16,167
2980,101,34,216,17,368
2981,17,35,15,17,84
2982,0,35,15,17,67
2983,233,17,49,17,316
2984,1949,16,17,16,1998
2985,17,34,216,17,284
2987,99,15,52,17,183
2989,0,17,18,15,50
2990,18,15,150,17,200
2991,32,15,52,17,116
2994,0,35,17,17,69
2995,0,17,17,17,51
2996,0,34,49,17,100
2997,33,15,18,17,83
2998,0,31,18,17,66
3000,0,35,68,14,117
3001,34,17,34,14,99
3003,17,34,0,14,65
3006,0,31,18,17,66
3007,35,17,50,15,117
3009,49,33,18,17,117
3010,0,32,18,15,65
3011,16,33,18,17,84
3012,101,33,16,18,168
3014,234,33,50,18,335
3015,99,18,16,16,149
3016,0,33,0,16,49
3019,233,18,16,17,284
3020,34,32,85,15,166
3022,0,32,85,15,132
3023,965,18,17,16,1016
3024,0,33,52,15,100
3026,17,17,284,17,335
3027,17,33,50,18,118
3028,33,33,17,18,101
3029,1933,16,17,17,1983
3031,32,18,16,17,83
3032,35,33,15,17,100
3033,0,18,16,17,51
3035,116,38,146,17,317
3036,0,32,19,15,66
3037,0,17,19,15,51
3038,0,34,16,17,67
3040,0,33,118,17,168
3041,34,21,146,17,218
3043,249,35,17,16,317
3044,245,18,17,16,296
3045,34,15,51,17,117
3047,50,33,16,17,116
3048,0,35,49,17,101
3050,232,34,15,17,298
3051,115,35,17,16,183
3052,499,33,117,18,667
3053,34,17,48,18,117
3054,0,34,48,18,100
3056,99,33,17,17,166
3058,0,35,17,16,68
3061,16,33,17,17,83
3062,33,34,15,17,99
3063,50,32,85,15,182
3064,17,17,15,17,66
3065,49,51,100,16,216
3066,100,32,17,17,166
3068,33,18,100,16,167
3071,34,15,17,17,83
3072,249,16,18,16,299
3073,32,17,17,16,82
3074,34,33,34,33,134
3075,0,17,17,16,50
3076,0,33,34,33,100
3078,0,34,0,33,67
3079,17,33,17,16,83
3082,234,34,116,17,401
3083,483,33,283,17,816
3084,50,16,18,16,100
3085,0,15,51,16,82
3086,17,16,18,16,67
3088,0,34,17,18,69
3089,482,35,16,18,551
3090,35,32,49,19,135
3093,485,33,15,17,550
3094,17,17,182,18,234
3095,17,34,116,17,184
3097,0,19,116,17,152
3098,0,32,50,16,98
3099,250,33,118,17,418
3100,17,16,17,16,66
3101,16,33,217,16,282
3103,0,16,217,16,249
3104,35,33,16,17,101
3105,0,17,49,17,83
3106,0,33,16,17,66
3107,0,18,16,17,51
3108,33,33,115,19,200
3109,17,33,115,19,184
3110,0,33,115,19,167
3111,114,35,16,18,183
3112,0,33,283,17,333
3113,15,33,118,17,183
3114,0,33,118,17,168
3116,0,33,150,19,202
3117,16,35,16,18,85
3118,0,35,16,18,69
3119,19,34,81,19,153
3121,118,31,17,17,183
3122,0,33,15,17,65
3123,32,17,16,19,84
3125,0,17,16,19,52
3126,234,33,51,16,334
3127,50,34,17,16,117
3128,0,31,17,17,65
3129,15,34,17,16,82
3130,484,18,49,17,568
3132,0,33,17,16,66
3133,16,33,17,17,83
3134,0,33,17,17,67
3136,0,34,67,16,117
3138,0,34,117,17,168
3139,50,33,18,16,117
3140,33,33,18,16,100
3142,0,33,18,16,67
3146,0,34,17,16,67
3147,967,16,50,17,1050
3149,98,16,19,17,150
3150,0,32,85,17,134
3151,0,15,85,17,117
3152,0,34,16,16,66
3153,32,16,19,17,84
3155,484,33,17,18,552
3157,482,35,166,16,699
3158,0,33,49,17,99
3159,485,33,16,17,551
3161,0,18,50,17,85
3164,34,33,117,16,200
3165,17,33,117,16,183
3167,16,32,17,17,82
3168,99,34,17,17,167
3169,17,34,151,15,217
3170,0,34,151,15,200
3172,233,35,166,16,450
3175,482,34,50,17,583
3176,0,34,15,17,66
3177,100,16,50,18,184
3178,99,33,17,18,167
3180,100,35,166,16,317
3182,968,32,84,18,1102
3183,250,33,18,15,316
3184,0,33,17,18,68
3185,234,17,18,15,284
3187,18,33,16,17,84
3188,98,34,118,15,265
3189,101,16,118,15,250
3192,32,34,118,15,199
3193,250,35,200,16,501
3196,1933,34,17,15,1999
3199,0,17,18,15,50
3201,0,15,83,16,114
3202,0,33,150,18,201
3203,249,33,16,18,316
3204,18435,33,16,17,18501
3206,32,35,200,16,283
3207,233,18,16,18,285
3208,35,32,17,18,102
3211,15,35,83,16,149
3212,35,32,83,18,168
3214,0,32,83,18,133
3216,17,17,17,16,67
3217,34,16,16,18,84
3218,101,32,83,21,237
3219,32,18,16,18,84
3220,0,34,16,18,68
3221,0,18,16,18,52
3222,100,33,117,15,265
3224,0,32,83,21,136
3225,51,33,117,15,216
3226,34,33,117,15,199
3227,484,33,49,17,583
3228,99,34,50,17,200
3229,99,18,50,17,184
3231,0,21,13,16,50
3232,0,29,16,18,63
3233,16,34,50,17,117
3234,0,34,50,17,101
3235,50,35,99,17,201
3236,500,33,149,19,701
3238,35,32,84,18,169
3239,34,15,84,18,151
3241,33,17,16,16,82
3242,35,32,17,18,102
3243,33,16,17,18,84
3244,233,34,116,16,399
3245,33,18,82,16,149
3247,0,18,82,16,116
3249,234,17,16,17,284
3250,0,34,16,16,66
3252,233,33,149,19,434
3256,33,34,116,16,199
3258,0,34,116,16,166
3259,49,34,16,17,116
3262,34,33,332,17,416
3263,0,17,16,17,50
3265,17,33,149,19,218
3267,100,16,17,15,148
3269,0,17,82,15,114
3270,33,32,17,15,97
3271,984,34,31,17,1066
3272,0,32,17,15,64
3273,1933,18,49,16,2016
3274,17,15,85,16,133
3275,234,16,17,15,282
3277,52,32,17,17,118
3278,99,32,17,17,165
3279,33,16,17,17,83
3280,98,34,0,18,150
3281,0,16,17,17,50
3282,34,32,17,17,100
3283,101,16,17,15,149
3284,0,32,17,17,66
3286,968,34,15,18,1035
3287,0,17,0,18,35
3288,101,34,15,18,168
3289,33,15,135,15,198
3290,32,35,49,18,134
3291,117,33,50,16,216
3293,52,33,48,17,150
3294,100,32,53,15,200
3295,17,33,48,17,115
3296,98,34,83,17,232
3297,18,33,50,16,117
3298,0,33,50,16,99
3299,32,17,53,15,117
3300,965,34,118,15,1132
3301,51,34,49,17,151
3304,34,32,17,17,100
3306,49,17,50,17,133
3307,51,33,51,15,150
3309,17,33,51,15,116
3310,0,33,51,15,99
3311,117,32,50,17,216
3312,17,17,17,15,66
3314,0,32,17,18,67
3315,15,35,50,15,115
3316,235,34,31,17,317
3317,18,32,50,17,117
3318,99,33,17,16,165
3319,48,34,17,16,115
3321,49,33,17,16,115
3322,969,32,50,16,1067
3324,33,33,184,17,267
3326,0,33,184,17,234
3327,0,16,184,17,217
3328,100,34,117,17,268
3330,16,18,31,17,82
3331,18,31,101,17,167
3332,31,34,117,17,199
3333,15,34,117,17,183
3334,34,35,15,17,101
3335,52,32,50,17,151
3336,0,35,15,17,67
3342,34,34,15,18,101
3343,983,34,49,17,1083
3344,34,33,17,15,99
3345,0,17,15,18,50
3346,99,34,16,17,166
3348,967,32,51,17,1067
3349,15,34,50,17,116
3350,34,34,16,17,101
3352,234,32,18,16,300
3353,50,32,51,18,151
3354,33,32,51,18,134
3355,982,35,50,18,1085
3356,0,32,51,18,101
3357,49,35,15,17,116
3358,34,35,15,17,101
3360,1935,32,17,16,2000
3362,233,32,83,17,365
3364,0,34,50,16,100
3366,100,35,81,18,234
3367,15,34,51,18,118
3368,234,33,84,18,369
3369,50,35,81,18,184
3370,0,34,17,18,69
3371,16,35,81,18,150
3372,35,32,115,17,199
3373,50,32,83,17,182
3374,0,32,115,17,164
3376,17,15,83,17,132
3377,0,15,83,17,115
3378,0,35,48,17,100
3379,0,18,48,17,83
3381,17,33,84,18,152
3383,0,17,84,18,119
3384,499,35,50,18,602
3385,482,35,50,18,585
3386,34,35,49,16,134
3387,966,17,17,15,1015
3388,233,34,49,17,333
3393,0,16,51,17,84
3396,99,34,49,17,199
3397,116,34,15,17,182
3398,0,33,17,15,65
3399,0,17,17,15,49
3400,100,32,51,17,200
3401,115,34,83,17,249
3402,0,34,49,17,100
3403,231,17,17,18,283
3404,16,18,15,17,66
3406,100,31,18,17,166
3407,34,17,83,17,151
3408,0,34,83,17,134
3409,51,31,18,17,117
3410,0,34,16,15,65
3411,99,17,17,18,151
3413,50,33,17,18,118
3415,17,33,17,18,85
3417,34,18,49,17,118
3419,116,34,84,16,250
3420,0,31,18,17,66
3421,16,35,16,16,83
3422,0,35,16,16,67
3423,17,32,18,16,83
3424,32,34,84,16,166
3425,50,34,16,17,117
3427,16,34,16,17,83
3428,0,34,16,17,67
3430,33,33,47,19,132
3431,233,17,17,15,282
3432,0,33,47,19,99
3434,34,32,83,18,167
3435,48,34,16,18,116
3436,100,33,16,17,166
3438,0,34,16,18,68
3439,51,33,16,17,117
3441,51,33,17,15,116
3442,0,33,16,17,66
3443,18,33,17,15,83
3444,0,33,17,15,65
3445,49,34,17,17,117
3447,249,33,18,15,315
3448,34,34,17,17,102
3450,34,34,49,17,134
3451,34,17,49,17,117
3452,0,34,49,17,100
3453,0,17,49,17,83
3454,32,34,49,17,132
3455,117,33,18,15,183
3456,233,35,116,16,400
3458,251,15,84,16,366
3459,249,35,15,17,316
3460,232,35,15,17,299
3461,17,33,18,15,83
3462,235,32,17,16,300
3463,34,15,17,18,84
3464,100,35,116,16,267
3465,0,15,17,18,50
3466,119,15,84,16,234
3467,18,32,0,18,68
3468,0,32,0,18,50
3469,17,35,116,16,184
3470,0,35,116,16,167
3473,15,35,15,17,82
3474,100,34,17,15,166
3475,17,32,17,16,82
3477,101,15,19,15,150
3478,0,33,17,17,67
3479,101,15,17,16,149
3480,34,32,19,15,100
3484,102,32,17,16,167
3485,232,16,18,17,283
3489,232,17,18,16,283
3490,17,15,17,16,65
3491,15,33,18,17,83
3492,0,33,18,17,68
3493,100,16,18,17,151
3494,35,33,50,17,135
3495,117,32,18,16,183
3496,0,33,50,17,100
3498,0,32,18,17,67
3500,250,18,215,19,502
3502,0,32,18,16,66
3505,0,16,82,17,115
3506,32,33,34,17,116
3508,0,33,34,17,84
3509,32,17,0,17,66
3510,0,34,0,17,51
3511,34,18,15,18,85
3513,117,34,82,18,251
3515,18,32,84,17,151
3520,99,35,117,16,267
3524,101,32,51,16,200
3527,0,18,117,16,151
3529,34,17,51,16,118
3530,32,33,50,17,132
3532,0,33,50,17,100
3533,16,34,100,17,167
3534,233,36,15,17,301
3537,101,16,51,15,183
3538,1933,34,49,17,2033
3541,34,16,51,15,116
3542,33,33,18,15,99
3543,482,34,16,35,567
3545,0,15,18,15,48
3546,101,32,85,17,235
3547,33,18,15,17,83
3550,233,31,17,17,298
3551,32,17,85,17,151
3553,50,35,17,17,119
3554,0,33,84,18,135
3555,16,35,17,17,85
3556,0,35,17,17,69
3557,0,17,17,17,51
3558,101,31,17,17,166
3559,50,34,15,16,115
3560,0,33,49,16,98
3561,18,34,15,16,83
3563,115,33,100,18,266
3564,0,31,17,17,65
3565,33,17,166,18,234
3566,0,34,166,18,218
3567,50,33,100,18,201
3568,233,33,52,16,334
3569,100,35,33,17,185
3570,0,33,100,18,151
3571,17,34,16,35,102
3572,0,34,16,35,85
3573,0,17,16,35,68
3574,0,51,33,17,101
3575,1950,35,16,17,2018
3576,19,15,18,17,69
3577,966,16,51,34,1067
3578,0,35,83,16,134
3579,0,17,83,16,116
3582,33,34,18,16,101
3583,233,33,67,17,350
3584,0,34,18,16,68
3586,0,34,15,17,66
3587,48,34,133,18,233
3588,32,34,133,18,217
3589,34,17,133,18,202
3590,0,34,133,18,185
3594,966,33,52,15,1066
3595,0,15,67,18,100
3596,50,17,83,17,167
3597,33,17,83,17,150
3598,34,34,16,17,101
3599,0,17,83,17,117
3600,0,34,16,17,67
3601,32,17,16,17,82
3602,16,17,16,17,66
3603,33,17,34,17,101
3607,33,16,50,16,115
3608,0,33,50,16,99
3609,99,17,17,17,150
3610,0,37,13,16,66
3612,13,16,17,17,63
3613,16,34,17,17,84
3615,101,17,16,16,150
3619,0,15,100,17,132
3620,0,35,16,16,67
3621,966,17,16,17,1016
3622,32,33,67,17,149
3624,33,51,16,17,117
3625,0,15,67,17,99
3627,0,34,16,17,67
3629,16,34,17,16,83
3630,34,33,133,16,216
3632,0,33,133,16,182
3633,115,19,15,16,165
3635,0,16,51,34,101
3636,0,34,17,34,85
3637,98,18,49,17,182
3638,0,51,15,16,82
3640,234,34,49,17,334
3641,0,15,83,17,115
3643,251,33,18,15,317
3644,33,33,84,16,166
3645,17,33,84,16,150
3647,0,17,84,16,117
3649,17,33,17,16,83
3650,233,32,18,18,301
3651,50,34,49,17,150
3652,3767,34,83,16,3900
3655,0,15,49,17,81
3657,48,33,17,17,115
3658,100,32,18,18,168
3660,233,33,302,16,584
3661,248,34,85,33,400
3663,968,17,19,14,1018
3664,0,32,18,18,68
3665,0,15,18,18,51
3666,0,36,14,18,68
3667,0,18,14,18,50
3668,0,32,16,17,65
3669,0,18,16,17,51
3670,33,33,84,17,167
3671,0,17,52,14,83
3672,33,33,302,16,384
3676,235,32,283,17,567
3678,99,19,33,15,166
3679,0,17,16,17,50
3680,99,33,50,17,199
3681,17,51,33,15,116
3682,0,51,33,15,99
3683,33,15,117,18,183
3684,0,19,33,15,67
3686,0,33,50,17,100
3688,35,32,283,17,367
3689,100,17,16,16,149
3690,0,32,283,17,332
3691,17,35,16,17,85
3692,35,33,16,16,100
3693,1935,16,49,18,2018
3696,32,50,371,14,467
3701,0,18,115,17,150
3702,0,32,17,17,66
3703,0,17,17,17,51
3704,100,35,117,15,267
3705,0,17,16,18,51
3707,102,16,16,16,150
3708,0,32,52,16,100
3713,32,16,19,14,81
3714,1933,32,51,17,2033
3715,0,16,19,14,49
3716,0,33,52,17,102
3717,0,14,52,17,83
3718,1933,35,50,16,2034
3722,99,33,17,15,164
3723,31,17,15,17,80
3724,99,32,19,17,167
3726,0,32,17,16,65
3727,17,33,17,15,82
3729,33,15,19,17,84
3731,0,15,19,17,51
3733,49,35,14,17,115
3735,52,31,118,17,218
3737,17,31,118,17,183
3739,34,18,15,17,84
3740,100,35,84,14,233
3742,0,32,18,15,65
3743,17,33,85,15,150
3744,33,35,84,14,166
3745,0,15,85,15,115
3746,484,18,83,17,602
3749,17,33,68,15,133
3752,101,34,49,16,200
3756,0,33,16,18,67
3758,99,34,19,15,167
3759,18,32,17,16,83
3760,0,32,17,16,65
3761,0,14,17,16,47
3762,101,32,17,17,167
3763,33,17,19,15,84
3764,0,34,19,15,68
3765,0,17,19,15,51
3766,0,34,49,17,100
3767,0,15,49,17,81
3768,99,35,83,17,234
3769,99,18,83,17,217
3773,0,15,49,19,83
3774,0,35,83,17,135
3778,232,33,17,18,300
3780,0,34,83,15,132
3782,33,32,18,15,98
3783,0,18,50,15,83
3784,16,16,18,15,65
3786,33,34,149,35,251
3788,34,33,17,16,100
3789,35,15,17,16,83
3790,0,33,17,16,66
3792,33,35,17,17,102
3793,0,16,17,18,51
3794,118,16,17,17,168
3795,18,34,14,35,101
3796,0,34,14,35,83
3798,49,16,17,17,99
3799,969,15,51,17,1052
3800,236,34,49,17,336
3801,0,16,17,17,50
3802,0,34,17,17,68
3803,34,17,16,17,84
3804,233,34,16,18,301
3805,0,17,16,17,50
3806,0,33,17,16,66
3807,34,16,49,18,117
3808,234,32,151,14,431
3809,483,32,51,17,583
3810,34,33,15,19,101
3812,0,33,15,19,67
3813,33,19,49,17,118
3814,0,34,49,17,100
3815,0,19,49,17,85
3816,0,32,17,17,66
3817,0,15,17,17,49
3821,0,18,15,17,50
3822,0,32,151,14,197
3823,0,17,151,14,182
3825,31,17,85,14,147
3827,0,17,85,14,116
3828,0,34,18,14,66
3830,100,34,16,16,166
3832,0,33,18,17,68
3833,14,35,50,16,115
3834,0,35,50,16,101
3836,0,34,16,16,66
3837,967,16,18,15,1016
3838,482,17,17,17,533
3839,33,17,17,17,84
3841,0,17,17,17,51
3843,17,33,66,18,134
3844,0,33,66,18,117
3846,0,33,33,18,84
3847,0,17,33,18,68
3849,0,17,33,17,67
3853,0,18,133,17,168
3854,0,32,0,18,50
3855,101,17,17,15,150
3856,0,33,51,17,101
3857,0,15,51,17,83
3859,16,35,17,15,83
3860,35,32,18,16,101
3861,116,34,15,17,182
3865,967,15,50,18,1050
3867,34,17,15,17,83
3868,34,32,17,20,103
3869,0,17,15,17,49
3870,32,37,13,17,99
3871,0,17,17,20,54
3873,3767,17,16,18,3818
3875,35,16,82,19,152
3876,1936,32,17,15,2000
3877,0,16,82,19,117
3879,116,33,18,16,183
3880,0,33,250,15,298
3881,0,17,250,15,282
3882,99,34,17,17,167
3884,99,34,116,16,265
3885,233,16,50,17,316
3887,33,16,17,17,83
3888,101,32,18,15,166
3889,0,16,17,17,50
3890,233,35,81,18,367
3891,50,32,18,15,115
3892,33,32,18,15,98
3894,99,33,17,17,166
3895,234,16,16,18,284
3897,0,15,52,15,82
3898,0,34,50,17,101
3899,34,15,17,17,83
3900,33,34,84,16,167
3901,0,15,17,17,49
3902,0,34,84,16,134
3903,35,17,81,18,151
3904,0,35,81,18,134
3905,966,15,51,17,1049
3907,17,33,16,18,84
3911,250,35,149,16,450
3912,33,33,33,18,117
3913,45,33,18,16,112
3914,100,33,116,16,265
3915,16,33,18,16,83
3916,0,33,18,16,67
3918,34,33,116,16,199
3919,115,35,149,16,315
3921,15,33,50,18,116
3924,3766,35,33,17,3851
3925,115,34,50,16,215
3927,0,18,149,16,183
3928,99,33,83,18,233
3929,50,34,50,16,150
3930,101,33,117,17,268
3931,17,34,50,16,117
3932,0,34,50,16,100
3933,118,33,17,18,186
3934,0,33,83,18,134
3935,15,33,117,17,182
3936,0,33,117,17,167
3937,101,18,115,17,251
3939,33,18,17,18,86
3940,0,33,17,18,68
3941,35,18,115,17,185
3942,967,33,17,17,1034
3943,251,33,49,15,348
3945,234,18,49,15,316
3946,0,34,50,17,101
3947,50,34,16,16,116
3949,34,17,16,16,83
3950,17,17,16,16,66
3951,33,16,52,17,118
3952,32,34,50,18,134
3953,33,17,50,18,118
3955,116,33,51,17,217
3956,485,14,18,16,533
3957,17,33,49,15,114
3959,251,33,151,14,449
3961,252,33,17,16,318
3962,235,33,17,16,301
3963,100,16,84,17,217
3964,968,34,49,17,1068
3965,17,33,51,15,116
3966,33,33,84,17,167
3967,0,17,51,15,83
3969,49,35,115,17,216
3972,35,33,151,14,233
3974,16,17,151,14,198
3976,0,33,17,16,66
3977,35,16,117,16,184
3978,0,33,117,16,166
3979,101,14,18,16,149
3980,484,17,14,19,534
3981,0,17,118,15,150
3982,32,34,18,16,100
3984,34,34,18,15,101
3986,34,33,85,15,167
3987,34,15,85,15,149
3990,36,32,17,15,100
3991,49,32,135,15,231
3994,32,34,16,18,100
3995,49,34,98,17,198
3997,102,17,15,16,150
3999,0,18,98,17,133
4000,0,33,17,17,67
4001,250,34,16,17,317
4002,0,34,15,16,65
4003,0,17,15,16,48
4004,0,31,83,19,133
4005,0,16,83,19,118
4006,52,17,14,19,102
4008,36,33,48,17,134
4009,115,34,16,17,182
4010,1933,32,85,15,2065
4011,36,16,15,17,84
4013,0,16,15,17,48
4015,484,35,48,17,584
4020,0,34,52,14,100
4021,35,17,49,17,118
4022,233,34,16,17,300
4024,0,32,184,17,233
4026,100,35,15,17,167
4027,33,19,0,14,66
4029,33,17,151,17,218
4031,485,32,84,16,617
4032,101,33,84,17,235
4033,34,17,17,17,85
4035,233,17,18,16,284
4036,101,32,18,17,168
4038,499,33,50,17,599
4040,34,32,18,17,101
4041,49,35,48,17,149
4042,32,35,48,17,132
4043,50,32,16,17,115
4045,33,16,16,17,82
4046,48,17,18,16,99
4047,249,34,17,18,318
4048,101,34,17,15,167
4049,17,34,50,18,119
4050,0,34,50,18,102
4051,16,34,16,18,84
4052,0,34,16,18,68
4053,18,34,17,15,84
4054,16,18,17,15,66
4055,0,18,17,15,50
4056,0,32,51,15,98
4058,0,34,17,15,66
4060,232,34,150,17,433
4061,15,34,17,18,84
4062,0,34,17,18,69
4063,234,16,17,17,284
4064,17,18,15,16,66
4065,49,33,50,17,149
4066,31,33,50,17,131
4068,233,35,16,17,301
4071,13485,31,51,17,13584
4072,32,34,150,17,233
4076,0,33,17,17,67
4077,249,33,17,17,316
4079,0,17,16,16,49
4081,483,33,17,18,551
4083,50,34,48,17,149
4085,17,34,48,17,116
4086,99,33,17,17,166
4087,0,17,48,17,82
4089,496,17,84,17,614
4093,0,16,17,17,50
4095,984,33,17,16,1050
4096,0,34,49,18,101
4097,0,17,49,18,84
4099,101,17,49,16,183
4100,34,32,49,18,133
4101,34,16,49,18,117
4103,0,16,49,18,83
4104,0,35,49,16,100
4105,17,32,83,18,150
4106,32,33,50,18,133
4107,0,18,83,18,119
4108,33,33,17,18,101
4109,49,35,15,19,118
4110,0,33,17,18,68
4111,119,32,84,17,252
4112,0,35,15,19,69
4113,18,34,16,17,85
4115,0,19,16,17,52
4116,0,33,0,15,48
4117,17,32,84,17,150
4118,32,34,16,19,101
4120,1933,35,16,15,1999
4122,0,35,15,17,67
4123,51,32,85,15,183
4124,0,32,17,15,64
4126,99,33,17,16,165
4127,15,36,81,16,148
4128,0,36,81,16,133
4129,0,18,81,16,115
4130,0,31,50,16,97
4131,0,17,50,16,83
4132,101,32,17,17,167
4133,15,33,51,16,115
4134,100,34,50,18,202
4135,34,17,82,17,150
4136,0,35,82,17,134
4137,0,17,82,17,116
4138,0,32,17,17,66
4141,101,15,85,16,217
4143,0,17,17,18,52
4145,100,17,33,17,167
4147,48,35,33,17,133
4148,101,33,17,16,167
4149,15,35,33,17,100
4150,0,35,33,17,85
4151,0,17,33,17,67
4154,0,33,17,16,66
4155,33,16,21,12,82
4157,16,33,18,15,82
4159,230,18,15,17,280
4160,236,32,34,16,318
4162,102,32,84,17,235
4163,0,16,134,17,167
4164,100,34,17,18,169
4165,51,32,84,17,184
4166,49,17,84,17,167
4167,49,34,17,18,118
4168,101,32,34,16,183
4169,51,35,15,17,118
4170,235,32,17,17,301
4171,484,34,48,18,584
4174,0,32,34,16,82
4175,234,16,18,16,284
4177,0,18,0,16,34
4179,0,16,16,18,50
4180,34,34,49,17,134
4181,35,17,49,17,118
4183,0,17,49,17,83
4184,32,34,0,17,83
4185,17,34,0,17,68
4187,17,33,18,16,84
4190,99,35,16,17,167
4191,0,16,15,18,49
4192,33,32,117,17,199
4194,0,32,117,17,166
4195,15,35,16,17,83
4196,234,34,17,17,302
4197,47,34,48,18,147
4199,17,34,48,18,117
4200,0,34,48,18,100
4203,484,32,17,17,550
4204,0,34,117,17,168
4205,118,34,16,17,185
4206,32,34,84,17,167
4208,0,34,84,17,135
4209,51,34,16,17,118
4210,0,34,17,17,68
4211,17,34,16,17,84
4213,0,17,16,17,50
4214,249,17,16,17,299
4215,32,17,18,17,84
4217,52,32,16,18,118
4218,35,32,16,18,101
4219,32,17,16,18,83
4221,0,17,16,18,51
4222,34,33,116,16,199
4223,35,16,116,16,183
4225,965,17,17,17,1016
4226,232,34,84,16,366
4227,15,34,16,17,82
4228,483,16,18,17,534
4229,116,35,16,15,182
4230,33,32,17,17,99
4231,100,18,16,15,149
4232,0,32,17,17,66
4236,0,35,16,15,66
4237,0,18,16,15,49
4239,49,33,51,16,149
4240,0,34,84,16,134
4243,34,16,17,16,83
4244,102,32,17,16,167
4245,0,16,17,16,49
4246,17,16,17,18,68
4247,16,35,115,16,182
4249,1950,35,115,16,2116
4250,499,34,15,17,565
4251,483,34,15,17,549
4252,33,34,67,16,150
4253,0,16,0,18,34
4254,34,32,18,17,101
4255,32,16,18,17,83
4256,0,32,18,17,67
4257,34,17,183,17,251
4259,33,16,50,18,117
4260,0,32,50,18,100
4262,0,34,84,17,135
4265,35,15,83,19,152
4267,0,15,83,19,117
4268,235,32,17,17,301
4269,0,17,16,17,50
4270,33,34,49,16,132
4271,100,16,52,16,184
4272,99,34,251,16,400
4274,0,33,16,16,65
4276,0,32,52,16,100
4278,967,33,50,18,1068
4280,100,33,16,17,166
4281,0,16,15,17,48
4283,100,17,183,18,318
4284,100,33,17,18,168
4286,99,35,33,17,184
4287,17,33,183,18,251
4288,0,33,183,18,234
4289,102,16,17,17,152
4290,101,34,16,15,166
4293,0,18,33,17,68
4295,16,34,16,15,81
4296,0,34,16,15,65
4297,233,17,16,17,283
4298,0,31,84,17,132
4300,35,34,49,18,136
4301,0,18,183,17,218
4303,34,17,17,18,86
4308,0,33,49,17,99
4309,0,17,49,17,83
4311,0,17,16,17,50
4312,482,18,16,17,533
4315,233,17,17,17,284
4316,0,34,17,15,66
4317,35,15,17,18,85
4318,0,32,17,18,67
4320,485,16,15,18,534
4321,33,17,49,17,116
4323,0,17,49,17,83
4324,0,34,166,17,217
4326,32,34,17,17,100
4327,0,17,51,17,85
4328,51,17,16,17,101
4329,0,17,17,17,51
4331,100,16,50,18,184
4332,232,34,18,16,300
4336,33,35,316,17,401
4337,0,16,50,18,84
4338,35,33,16,17,101
4339,0,18,316,17,351
4340,98,34,18,16,166
4342,0,33,15,17,65
4343,0,17,15,17,49
4345,17,34,18,16,85
4347,0,17,18,16,51
4348,0,34,15,18,67
4349,233,17,15,17,282
4350,33,33,18,15,99
4351,35,16,18,15,84
4354,33,34,49,18,134
4357,102,17,15,17,151
4358,34,33,183,16,266
4360,0,33,183,16,232
4361,18,34,15,17,84
4362,116,17,15,18,166
4363,49,35,115,16,215
4364,231,35,16,18,300
4365,17,35,115,16,183
4366,0,35,115,16,166
4367,18,32,15,18,83
4368,15,17,15,18,65
4370,0,33,17,16,66
4371,0,18,17,16,51
4374,33,33,151,17,234
4376,33,35,16,18,102
4379,0,17,16,18,51
4380,0,34,16,15,65
4381,18,31,17,18,84
4382,0,31,17,18,66
4383,50,33,84,16,183
4385,18,33,84,16,151
4386,33,33,17,16,99
4387,117,35,148,17,317
4389,0,17,17,16,50
4390,0,33,18,16,67
4391,50,35,148,17,250
4392,0,34,50,16,100
4394,234,33,16,16,299
4397,100,15,18,17,150
4398,0,33,51,15,99
4400,0,35,16,15,66
4401,483,33,83,18,617
4404,35,34,82,18,169
4405,17,34,82,18,151
4406,0,34,82,18,134
4407,0,17,82,18,117
4408,33,32,84,16,165
4411,0,16,84,16,116
4412,0,35,49,16,100
4413,35,16,16,16,83
4414,0,33,16,16,65
4415,99,17,17,15,148
4417,16,34,51,15,116
4419,18,34,17,15,84
4420,0,34,17,15,66
4421,0,17,17,15,49
4422,0,32,16,18,66
4424,0,34,49,18,101
4425,18,34,15,18,85
4427,99,17,16,18,150
4428,99,34,34,15,182
4429,0,18,16,17,51
4430,0,33,83,18,134
4431,17,33,16,18,84
4432,7717,18,15,18,7768
4434,100,35,49,18,202
4435,0,18,34,15,67
4437,18,32,18,17,85
4438,0,32,18,17,67
4439,0,17,18,17,52
4442,32,35,15,16,98
4443,33,18,15,16,82
4444,0,35,15,16,66
4445,49,34,50,18,151
4446,0,31,0,18,49
4448,0,34,50,18,102
4449,49,35,50,17,151
4450,0,33,50,18,101
4451,101,17,15,17,150
4452,0,35,50,17,102
4453,233,17,17,17,284
4454,33,34,15,17,99
4455,0,18,115,17,150
4457,232,16,18,16,282
4458,98,34,50,17,199
4460,0,33,16,17,66
4461,0,17,16,17,50
4465,100,16,18,16,150
4467,117,34,50,16,217
4468,0,34,16,16,66
4469,99,18,50,16,183
4470,116,17,50,16,199
4471,483,34,17,15,549
4472,0,34,184,17,235
4473,16,34,50,16,116
4474,0,34,50,16,100
4475,51,33,49,18,151
4477,17,33,49,18,117
4480,0,33,16,18,67
4481,233,16,151,16,416
4482,34,34,15,17,100
4483,18,34,15,17,84
4484,234,32,17,17,300
4485,236,13,17,17,283
4486,0,32,17,17,66
4487,117,33,151,16,317
4488,34,32,17,17,100
4489,234,15,18,16,283
4490,32,34,51,17,134
4491,483,33,50,17,583
4492,34,33,151,16,234
4493,17,33,151,16,217
4495,34,17,49,17,117
4497,0,17,49,17,83
4498,32,34,17,15,98
4499,13,34,17,15,79
4500,0,34,17,15,66
4501,0,17,17,15,49
4502,234,33,116,17,400
4503,49,33,17,16,115
4504,34,33,17,16,100
4505,3867,16,50,17,3950
4506,33,33,51,17,134
4507,33,16,51,17,117
4508,101,34,48,18,201
4509,16,35,183,16,250
4510,0,35,183,16,234
4512,0,33,34,15,82
4513,484,32,18,16,550
4517,33,18,50,16,117
4518,0,33,50,16,99
4520,0,33,50,17,100
4521,0,17,50,17,84
4522,17,16,17,17,67
4523,116,34,16,18,184
4524,0,34,16,17,67
4525,0,17,16,17,50
4526,233,34,50,16,333
4527,50,34,16,18,118
4528,0,33,100,17,150
4530,233,34,84,15,366
4533,50,34,49,18,151
4536,34,33,16,18,101
4538,33,34,50,16,133
4540,967,34,49,17,1067
4542,0,32,18,16,66
4543,49,34,50,15,148
4545,100,15,51,16,182
4546,967,32,18,17,1034
4547,100,16,17,16,149
4548,0,33,32,18,83
4549,100,16,51,17,184
4550,0,32,51,16,99
4551,485,31,250,17,783
4552,34,33,51,17,135
4553,0,16,17,16,49
4554,101,32,86,15,234
4555,16,34,17,17,84
4556,233,34,201,17,485
4557,0,17,17,17,51
4559,17,32,86,15,150
4560,32,33,18,17,100
4561,103,15,18,14,150
4562,101,32,19,15,167
4565,101,15,201,17,334
4566,33,32,19,15,99
4567,0,15,18,14,47
4568,100,32,18,16,166
4569,14,34,201,17,266
4571,32,17,17,15,81
4572,0,34,17,15,66
4573,234,17,82,17,350
4574,1933,33,133,17,2116
4575,15,34,16,20,85
4576,34,36,47,18,135
4577,983,34,182,17,1216
4578,101,32,18,17,168
4581,0,17,250,17,284
4582,0,34,17,15,66
4583,0,18,17,15,50
4584,0,32,18,17,67
4585,0,15,18,17,50
4587,233,16,50,16,315
4588,99,34,116,17,266
4589,50,32,82,19,183
4590,35,32,82,19,168
4591,483,32,117,34,666
4593,99,19,49,17,184
4594,0,34,116,17,167
4595,0,17,116,17,150
4596,33,34,49,17,133
4597,32,19,49,17,117
4599,0,19,49,17,85
4601,100,17,16,16,149
4603,49,35,16,16,116
4605,3867,16,117,16,4016
4606,0,35,16,16,67
4607,0,17,16,16,49
4608,32,33,50,18,133
4609,35,14,50,18,117
4610,1934,33,18,16,2001
4611,115,34,82,18,249
4612,101,34,82,18,235
4613,100,17,82,18,217
4614,33,33,116,18,200
4615,117,35,15,18,185
4616,0,33,116,18,167
4621,116,50,66,17,249
4623,0,17,15,18,50
4624,33,33,16,34,116
4625,51,50,66,17,184
4628,0,50,66,17,133
4629,16,18,66,17,117
4630,18,16,135,15,184
4631,34,16,49,18,117
4632,101,34,0,15,150
4633,0,16,49,18,83
4634,3867,32,17,16,3932
4635,17,34,182,17,250
4636,3866,33,117,17,4033
4638,1932,35,49,17,2033
4641,99,18,16,17,150
4642,0,32,49,18,99
4644,0,36,47,17,100
4645,0,18,47,17,82
4646,0,31,16,17,64
4647,1937,15,50,17,2019
4648,0,33,17,18,68
4649,0,17,17,18,52
4650,0,35,51,15,101
4652,0,32,117,34,183
4653,17,34,51,14,116
4654,0,34,51,14,99
4656,33,32,68,17,150
4657,102,16,49,16,183
4658,0,32,68,17,117
4659,14,52,132,18,216
4660,102,31,51,18,202
4662,35,34,15,16,100
4663,33,17,15,16,81
4664,251,16,82,18,367
4666,0,31,51,18,100
4667,16,36,15,18,85
4668,0,36,15,18,69
4669,0,19,15,18,52
4670,0,33,150,16,199
4671,18,33,15,18,84
4673,102,16,82,18,218
4674,33,51,16,17,117
4675,0,18,16,35,69
4676,0,51,16,17,84
4677,118,33,15,17,183
4678,19,16,82,18,135
4679,98,18,15,17,148
4680,0,33,49,18,100
4682,0,34,15,18,67
4683,1933,17,116,16,2082
4684,33,32,150,18,233
4686,232,35,19,13,299
4687,102,15,17,17,151
4688,100,34,51,15,200
4689,0,16,51,15,82
4690,483,18,150,16,667
4691,15,33,17,17,82
4692,101,32,54,13,200
4694,0,34,51,15,100
4695,17,34,17,15,83
4696,0,34,17,15,66
4697,18,32,54,13,117
4698,0,32,54,13,99
4701,0,18,19,13,50
4702,19,13,67,17,116
4703,13,34,184,17,248
4704,235,33,150,16,434
4705,50,34,117,17,218
4708,233,34,117,17,401
4710,0,34,16,16,66
4711,18,32,183,17,250
4714,0,34,116,17,167
4716,34,33,150,16,233
4718,0,33,150,16,199
4719,0,18,150,16,184
4721,32,17,117,17,183
4723,0,17,117,17,151
4724,0,33,51,16,100
4725,35,15,18,16,84
4726,233,34,51,34,352
4727,15,34,117,16,182
4728,9884,16,250,17,10167
4729,9899,18,66,16,9999
4731,49,33,18,16,116
4732,0,32,51,16,99
4733,101,16,17,17,151
4735,0,15,18,16,49
4737,49,34,51,34,168
4741,0,17,51,34,102
4742,101,31,51,16,199
4743,33,34,98,16,181
4745,232,17,52,15,316
4750,0,34,83,17,134
4753,0,16,118,17,151
4754,101,34,49,17,201
4759,17,34,49,17,117
4760,34,33,50,17,134
4761,0,17,49,17,83
4762,33,33,17,17,100
4763,97,17,117,18,249
4766,99,35,150,15,299
4768,0,32,117,18,167
4770,0,33,52,15,100
4771,0,16,52,15,83
4772,235,33,16,18,302
4773,99,17,16,18,150
4774,0,32,17,18,67
4775,15,35,48,18,116
4776,35,32,16,18,101
4777,0,18,48,18,84
4778,231,35,49,17,332
4779,0,17,16,18,51
4780,0,34,83,17,134
4783,1932,17,18,15,1982
4784,35,33,16,18,102
4785,0,18,16,17,51
4787,0,17,16,18,51
4788,100,33,16,17,166
4789,100,17,16,17,150
4791,15,35,49,17,116
4792,1935,32,84,17,2068
4793,34,17,16,17,84
4794,16,17,16,17,66
4795,0,17,16,17,50
4796,33,34,116,16,199
4797,17,34,116,16,183
4799,0,17,116,16,149
4804,100,34,49,17,200
4805,250,32,18,17,317
4806,0,31,51,17,99
4808,0,34,117,17,168
4810,0,34,49,17,100
4811,6866,17,51,17,6951
4814,967,33,17,17,1034
4815,17,34,17,16,84
4816,499,34,235,15,783
4818,0,33,166,17,216
4820,0,32,18,17,67
4821,118,32,17,18,185
4823,17,33,16,18,84
4825,0,18,16,18,52
4826,34,32,17,18,101
4827,251,34,15,16,316
4828,32,35,16,16,99
4829,0,15,17,18,50
4831,0,18,16,16,50
4833,48,34,117,16,215
4834,50,16,117,16,199
4835,233,18,17,15,283
4836,236,32,16,19,303
4837,118,31,51,18,218
4838,0,34,133,17,184
4840,16,18,49,16,99
4841,18,34,15,16,83
4842,17,17,15,16,65
4845,16,34,235,15,300
4847,119,31,52,15,217
4849,233,16,50,17,316
4850,0,32,16,19,67
4853,19,31,52,15,117
4855,17,34,18,15,84
4856,34,33,50,16,133
4857,17,33,50,16,116
4859,15,35,15,16,81
4861,482,35,82,18,617
4862,31,35,15,17,98
4864,0,35,15,17,67
4867,17,33,117,17,184
4868,0,33,117,17,167
4870,0,34,50,17,101
4871,0,17,50,17,84
4872,0,33,17,17,67
4873,482,34,16,16,548
4874,966,36,15,18,1035
4877,34,18,49,16,117
4881,0,16,51,17,84
4882,0,34,17,17,68
4883,0,16,17,17,50
4884,0,34,49,17,100
4885,0,17,49,17,83
4887,18,33,250,16,317
4888,6867,34,17,15,6933
4889,101,18,15,18,152
4890,3869,31,16,17,3933
4892,0,33,16,18,67
4893,0,17,16,18,51
4894,965,34,67,15,1081
4895,101,15,184,17,317
4896,98,34,16,16,164
4898,99,32,17,18,166
4899,0,17,18,15,50
4900,0,33,184,17,234
4902,0,34,16,16,66
4903,17,32,17,18,84
4904,32,35,17,15,99
4906,35,32,84,17,168
4907,9869,15,135,16,10035
4909,99,17,17,17,150
4911,0,13,16,17,46
4912,33,33,17,17,100
4913,0,17,82,17,116
4914,482,17,184,17,700
4915,0,17,17,17,51
4917,17,32,17,18,84
4918,231,36,15,18,300
4919,120,30,51,15,216
4920,235,33,198,18,484
4921,50,36,64,17,167
4922,0,32,16,20,68
4923,17,36,64,17,134
4924,100,32,69,15,216
4925,101,15,69,15,200
4927,0,16,51,15,82
4930,0,32,69,15,116
4931,0,15,69,15,99
4932,0,36,15,18,69
4933,18,33,198,18,267
4934,0,33,198,18,249
4935,116,34,184,17,351
4937,0,18,15,17,50
4939,118,32,51,16,217
4940,33,34,184,17,268
4942,34,34,50,16,134
4943,51,32,51,16,150
4945,16,32,51,16,115
4946,0,32,51,16,99
4949,49,34,67,15,165
4951,16,34,67,15,132
4952,0,34,67,15,116
4954,34,33,15,19,101
4955,17,33,15,19,84
4956,48,19,132,17,216
4957,0,18,15,19,52
4958,34,33,0,32,99
4960,0,33,0,32,65
4962,99,34,49,16,198
4964,33,17,135,16,201
4965,0,32,135,16,183
4966,34,34,49,16,133
4967,0,17,17,17,51
4968,0,34,49,16,99
4969,33,18,15,16,82
4970,49,16,19,16,100
4972,15,16,19,16,66
4973,16,35,49,17,117
4974,101,35,48,17,201
4976,0,35,49,17,101
4977,49,35,48,17,149
4978,31,35,48,17,131
4980,35,32,116,17,200
4981,33,16,116,17,182
4982,0,32,116,17,165
4985,117,33,16,18,184
4987,232,18,16,16,282
4988,0,32,16,17,65
4989,17,33,17,16,83
4992,0,33,16,18,67
4996,101,32,53,14,200
4997,483,32,19,17,551
4998,0,29,51,16,96
4999,34,18,16,16,84
5000,101,33,84,17,235
5001,485,32,49,34,600
5002,0,32,53,14,99
5004,0,34,19,14,67
5006,234,34,15,17,300
5007,0,14,84,17,115
5010,101,33,15,19,168
5011,18,33,66,15,132
5013,33,17,82,19,151
5014,231,36,14,18,299
5018,34,34,15,17,100
5019,0,19,15,19,53
5020,34,32,50,15,131
5021,249,18,216,18,501
5022,97,36,14,18,165
5024,0,33,17,15,65
5025,0,17,17,15,49
5026,100,34,265,18,417
5027,15,36,14,18,83
5029,31,18,49,34,132
5032,34,49,216,18,317
5034,1949,19,15,18,2001
5035,250,33,17,17,317
5036,0,18,216,18,252
5038,0,34,0,18,52
5039,0,17,0,18,35
5040,0,35,50,14,99
5041,99,19,15,15,148
5042,50,14,184,17,265
5043,0,18,17,14,49
5044,31,37,15,15,98
5045,14,37,15,15,81
5048,0,30,18,15,63
5049,33,15,17,17,82
5050,0,33,17,17,67
5053,17,33,17,17,84
5054,101,32,18,17,168
5055,117,35,15,18,185
5056,34,34,50,17,135
5060,0,32,18,17,67
5061,135,15,117,18,285
5062,968,35,47,17,1067
5064,0,33,51,15,99
5065,69,15,117,18,219
5066,101,31,117,17,266
5067,27,15,117,18,177
5068,17,15,117,18,167
5070,0,35,82,18,135
5073,15,35,434,16,500
5076,0,34,65,17,116
5077,34,17,15,17,83
5078,250,17,16,17,300
5079,49,33,100,18,200
5082,33,33,18,17,101
5083,234,18,49,17,318
5084,100,52,33,17,202
5085,99,34,33,17,183
5086,35,32,18,34,119
5087,17,32,18,34,101
5088,32,52,33,17,134
5095,0,17,116,17,150
5096,34,31,51,17,133
5098,482,15,86,16,599
5099,16,35,134,32,217
5102,33,32,82,19,166
5103,37,12,82,19,150
5104,32,33,49,19,133
5105,0,12,82,19,113
5108,0,36,83,15,134
5109,18,32,15,18,83
5110,0,32,15,18,65
5112,33,33,18,16,100
5114,0,33,18,16,67
5115,248,34,51,17,350
5116,483,16,18,16,533
5119,0,15,99,18,132
5120,0,35,47,17,99
5121,0,18,47,17,82
5122,97,34,0,17,148
5123,17,33,18,15,83
5124,33,33,86,16,168
5125,0,17,18,15,50
5126,235,34,48,16,333
5127,49,34,51,17,151
5128,0,34,0,17,51
5129,17,34,51,17,119
5131,118,33,116,16,283
5132,101,33,116,16,266
5137,232,19,15,18,284
5138,115,16,18,16,165
5139,17,34,48,16,115
5140,0,34,48,16,98
5141,35,16,16,16,83
5144,16,16,18,16,66
5145,0,16,18,16,50
5146,0,34,84,18,136
5148,102,32,84,17,235
5149,102,15,84,17,218
5150,0,35,15,18,68
5151,102,15,116,17,250
5152,33,32,84,17,166
5153,35,15,84,17,151
5154,0,32,84,17,133
5157,99,18,14,17,148
5158,234,32,51,17,334
5159,485,34,15,18,552
5160,33,34,14,17,98
5161,484,33,98,18,633
5162,0,34,14,17,65
5163,0,18,14,17,49
5164,482,15,18,16,531
5165,17,33,18,16,84
5167,13532,18,49,16,13615
5168,0,34,16,18,68
5169,0,16,16,18,50
5172,484,15,18,17,534
5176,100,33,16,18,167
5177,17,32,19,15,83
5178,32,34,67,18,151
5179,36,15,67,18,136
5181,482,34,231,19,766
5182,969,30,18,17,1034
5183,968,15,18,17,1018
5184,0,34,18,16,68
5185,18,34,67,16,135
5187,33,17,15,18,83
5188,34,33,98,18,183
5190,33,31,18,16,98
5191,116,34,152,15,317
5192,965,33,52,16,1066
5193,0,15,18,16,49
5196,100,35,51,15,201
5197,232,19,231,19,501
5198,235,33,82,18,368
5199,116,34,18,15,183
5201,0,15,18,17,50
5202,35,32,19,15,101
5203,17,32,19,15,83
5205,97,19,231,19,366
5206,101,33,82,18,234
5207,15,33,49,18,115
5208,1934,33,16,17,2000
5209,30,19,231,19,299
5210,0,34,231,19,284
5211,0,19,231,19,269
5212,0,33,82,18,133
5215,233,18,14,17,282
5218,231,36,16,18,301
5219,18,33,134,31,216
5220,0,33,134,31,198
5221,0,17,134,31,182
5222,485,14,52,16,567
5223,0,17,51,17,85
5224,0,32,51,18,101
5225,115,36,16,18,185
5227,0,17,15,18,50
5230,0,31,18,18,67
5232,103,34,15,15,167
5233,0,18,16,18,52
5237,34,19,15,15,83
5239,234,15,19,16,284
5240,0,30,18,17,65
5241,100,16,84,15,215
5242,101,33,51,15,200
5244,32,34,84,15,165
5245,17,34,84,15,150
5246,0,34,84,15,133
5247,0,16,84,15,115
5248,52,14,52,16,134
5249,231,18,216,17,482
5251,115,32,220,13,380
5252,0,33,19,16,68
5253,115,35,51,15,216
5254,100,35,51,15,201
5256,0,33,49,18,100
5257,16,32,220,13,281
5258,221,13,49,17,300
5259,34,18,51,15,118
5260,35,33,216,17,301
5261,118,32,53,13,216
5262,0,33,216,17,266
5263,234,17,16,17,284
5266,34,32,53,13,132
5267,16,32,53,13,114
5268,0,32,53,13,98
5269,0,14,53,13,80
5271,247,31,84,17,379
5272,0,31,51,17,99
5273,482,32,17,16,547
5274,101,34,16,17,168
5275,101,16,16,17,150
5279,119,31,84,17,251
5280,34,33,117,16,200
5281,482,33,17,18,550
5285,17,31,84,17,149
5286,31,36,15,16,98
5287,0,14,84,17,115
5288,36,31,51,17,135
5289,234,15,17,16,282
5291,16,34,82,18,150
5292,34,34,16,15,99
5293,17,34,16,15,82
5295,0,17,16,15,48
5297,982,33,18,18,1051
5298,101,33,18,16,168
5299,34,18,17,15,84
5302,967,32,151,16,1166
5303,231,19,249,17,516
5304,33,34,17,16,100
5305,116,35,16,17,184
5306,34,33,15,18,100
5307,99,18,16,17,150
5308,0,33,15,18,66
5314,99,33,250,17,399
5315,482,35,165,18,700
5316,0,34,249,17,300
5317,0,19,249,17,285
5318,32,33,250,17,332
5319,33,16,250,17,316
5321,117,33,183,17,350
5322,0,35,66,16,117
5323,966,18,49,17,1050
5324,0,33,16,17,66
5325,50,33,183,17,283
5327,17,33,183,17,250
5329,482,36,16,16,550
5331,0,17,83,17,117
5332,0,34,116,17,167
5333,100,17,51,14,182
5334,232,35,17,16,300
5338,0,34,51,14,99
5339,0,17,51,14,82
5340,33,32,19,16,100
5342,32,35,165,18,250
5343,14,35,165,18,232
5345,0,16,165,18,199
5346,32,35,17,16,100
5347,34,17,17,16,84
5349,0,17,17,16,50
5350,33,34,199,17,283
5351,232,17,17,16,282
5353,233,16,16,18,283
5354,0,31,51,18,100
5355,231,18,116,18,383
5356,101,32,18,17,168
5357,100,15,18,17,150
5358,0,36,16,16,68
5359,100,17,17,16,150
5360,0,32,151,16,199
5361,33,15,18,17,83
5362,0,32,18,17,67
5363,0,15,18,17,50
5365,0,17,17,16,50
5367,484,32,50,17,583
5368,234,33,150,32,449
5369,35,16,117,32,200
5370,966,33,18,16,1033
5371,117,48,18,15,198
5373,17,34,16,18,85
5374,0,34,16,18,68
5375,50,48,18,15,131
5376,482,17,83,17,599
5378,482,18,48,17,565
5380,17,18,49,17,101
5381,116,36,15,16,183
5383,484,34,50,16,584
5384,233,34,48,18,333
5385,17,32,17,19,85
5387,100,32,19,15,166
5388,235,33,50,18,336
5390,100,32,50,17,199
5391,34,32,19,15,100
5394,0,17,19,15,51
5395,-89963,0,0,0,-89963
5397,33,18,48,18,117
5399,34,17,15,18,84
5401,0,17,15,18,50
5403,0,18,50,18,86
5406,0,35,48,17,100
5407,250,33,0,18,301
5408,0,32,117,16,165
5409,0,18,117,16,151
5412,0,34,50,16,100
5413,118,33,18,15,184
5414,100,33,18,15,166
5415,16,33,67,18,134
5416,33,34,33,18,118
5417,16,34,33,18,101
5418,483,18,33,18,552
5421,17,33,0,18,68
5422,33,34,100,16,183
5423,33,16,100,16,165
5424,0,34,100,16,150
5427,17,33,18,16,84
5428,0,33,18,16,67
5429,16,34,216,17,283
5432,0,32,303,14,349
5433,483,33,151,16,683
5434,0,36,48,35,119
5435,18,32,16,35,101
5437,978,35,67,15,1095
5438,7716,17,16,17,7766
5439,35,16,15,18,84
5440,35,33,82,18,168
5441,0,16,15,18,49
5443,51,34,33,18,136
5444,967,32,17,18,1034
5446,102,32,0,16,150
5447,100,18,0,16,134
5448,0,33,216,16,265
5449,0,18,216,16,250
5450,0,35,14,18,67
5451,1948,33,17,18,2016
5452,0,32,0,16,48
5453,0,18,0,16,34
5454,0,33,199,17,249
5455,0,17,199,17,233
5456,99,33,151,16,299
5457,115,35,17,15,182
5458,16,15,102,17,150
5459,49,33,151,16,249
5460,234,33,51,16,334
5461,48,35,17,15,115
5462,17,16,151,16,200
5463,100,18,65,17,200
5464,0,35,17,15,67
5465,0,17,17,15,49
5466,32,35,65,17,149
5468,100,33,51,16,200
5469,233,19,148,17,417
5470,0,34,147,19,200
5471,34,16,17,16,83
5472,98,33,16,19,166
5475,0,16,51,16,83
5476,34,33,16,19,102
5477,33,16,16,19,84
5478,102,31,18,17,168
5479,0,16,16,19,51
5480,35,34,148,17,234
5482,231,35,67,15,348
5483,0,19,148,17,184
5484,0,31,18,17,66
5485,35,17,82,17,151
5487,483,32,51,17,583
5489,18,32,17,17,84
5490,0,32,17,17,66
5491,484,33,34,16,567
5492,34,32,53,15,134
5493,33,16,53,15,117
5494,0,32,53,15,100
5495,34,17,67,15,133
5497,99,17,17,18,151
5498,0,33,135,16,184
5500,101,34,49,17,201
5502,49,18,115,18,200
5503,34,18,115,18,185
5504,17,18,115,18,168
5505,0,18,115,18,151
5506,34,34,47,18,133
5507,35,18,47,18,118
5508,0,34,47,18,99
5511,17,33,15,18,83
5512,0,33,15,18,66
5513,233,17,300,18,568
5514,33,32,51,17,133
5518,0,35,16,17,68
5519,0,17,16,17,50
5520,0,33,34,16,83
5522,34,34,0,14,82
5523,20,34,0,14,68
5524,99,33,16,18,166
5526,0,31,300,18,349
5531,0,16,16,18,50
5533,967,18,83,18,1086
5534,0,34,117,16,167
5535,0,18,117,16,151
5536,32,35,50,16,133
5537,101,16,15,17,149
5538,35,31,119,16,201
5539,98,17,18,17,150
5540,0,31,119,16,166
5541,101,17,49,17,184
5543,116,33,17,16,182
5544,-92448,0,0,0,-92448
5547,0,17,49,17,83
5548,0,33,117,17,167
5551,0,17,17,16,50
5553,16,33,51,15,115
5555,250,35,15,17,317
5556,116,17,51,16,200
5557,0,17,16,15,48
5558,0,31,85,16,132
5559,15,35,217,15,282
5560,101,33,18,15,167
5561,3866,18,16,17,3917
5562,32,34,151,15,232
5563,35,16,151,15,217
5564,34,33,18,15,100
5567,233,16,18,15,282
5568,0,33,17,18,68
5570,35,32,52,15,134
5572,0,32,52,15,99
5573,251,33,50,17,351
5575,49,34,16,16,115
5576,0,34,16,18,68
5579,118,33,116,17,284
5580,0,32,18,15,65
5581,117,33,50,17,217
5582,101,33,50,17,201
5583,0,15,18,17,50
5584,101,34,83,18,236
5592,101,32,49,18,200
5594,1934,50,33,15,2032
5595,17,35,81,18,151
5596,0,35,81,18,134
5598,32,33,117,16,198
5599,0,16,49,18,83
5600,33,34,16,16,99
5601,16,34,16,16,82
5602,0,34,16,16,66
5603,0,18,16,16,50
5604,0,32,19,16,67
5605,0,16,19,16,51
5609,33,17,17,15,82
5610,34,32,18,17,101
5611,100,16,17,17,150
5613,484,31,84,18,617
5614,233,35,16,17,301
5615,17,32,17,17,83
5616,99,34,149,18,300
5617,0,16,17,17,50
5618,0,34,101,16,151
5619,17,33,0,16,66
5620,234,33,0,15,282
5621,15,34,149,18,216
5622,34,34,48,18,134
5623,485,33,50,17,585
5625,483,34,83,16,616
5626,99,34,149,16,298
5627,117,33,0,15,165
5628,3869,33,117,16,4035
5629,34,17,16,18,85
5630,967,34,49,17,1067
5631,51,33,0,15,99
5632,34,33,0,15,82
5633,1934,17,17,16,1984
5634,0,33,0,15,48
5635,1933,16,16,16,1981
5637,0,19,15,18,52
5638,0,33,49,16,98
5639,18,34,15,16,83
5640,499,33,18,15,565
5641,99,18,16,18,151
5642,31,35,49,18,133
5643,16,35,49,18,118
5644,0,35,49,18,102
5645,32,18,16,18,84
5646,33,34,48,18,133
5647,18,34,48,18,118
5648,0,34,48,18,100
5650,0,33,115,17,165
5651,483,33,118,17,651
5652,33,34,83,16,166
5653,0,18,50,17,85
5654,0,34,83,16,133
5655,50,32,84,17,183
5656,33,32,84,17,166
5659,101,17,15,19,152
5661,234,15,150,17,416
5663,33,17,15,19,84
5664,0,33,15,19,67
5666,0,34,15,17,66
5667,0,19,15,17,51
5668,0,32,18,15,65
5669,235,15,85,17,352
5671,483,32,84,17,616
5673,99,17,51,15,182
5674,34,34,16,17,101
5675,98,17,118,17,250
5677,32,17,51,15,115
5678,0,33,51,15,99
5679,33,17,118,17,185
5680,0,33,118,17,168
5682,33,34,51,17,135
5684,34,34,65,18,151
5686,34,34,49,17,134
5687,99,17,83,17,216
5689,33,15,84,17,149
5690,231,34,50,18,333
5691,0,15,84,17,116
5692,35,32,100,18,185
5693,32,17,100,18,167
5695,0,17,100,18,135
5697,233,35,33,15,316
5698,34,32,84,17,167
5700,0,32,84,17,133
5701,18,33,51,17,119
5702,33,34,50,18,135
5703,0,15,51,17,83
5706,0,34,16,18,68
5707,17,34,98,19,168
5708,0,34,98,19,151
5710,31,19,33,15,98
5711,0,35,33,15,83
5712,0,19,33,15,67
5715,34,16,17,15,82
5716,0,35,17,15,67
5717,0,16,17,15,48
5718,32,34,34,16,116
5721,0,18,34,16,68
5723,100,17,51,15,183
5724,0,33,16,18,67
5726,34,33,51,15,133
5727,0,18,16,17,51
5728,0,33,51,15,99
5730,33,33,117,17,200
5731,100,18,48,17,183
5733,0,15,117,17,149
5734,33,36,48,17,134
5736,36,30,18,17,101
5737,482,35,149,18,684
5739,0,17,18,17,52
5741,984,32,217,17,1250
5742,33,34,49,17,133
5743,0,18,34,18,70
5744,0,34,49,17,100
5745,0,17,49,17,83
5747,0,16,15,17,48
5748,32,33,16,16,97
5749,17,33,16,16,82
5750,100,34,48,20,202
5751,0,16,16,16,48
5752,0,32,318,17,367
5753,51,34,48,20,153
5754,101,36,47,17,201
5755,234,18,116,18,386
5758,0,32,52,15,99
5759,98,17,50,18,183
5760,16,20,47,17,100
5761,20,31,50,18,119
5762,31,33,50,18,132
5763,0,15,50,18,83
5765,17,35,149,18,219
5766,967,33,18,15,1033
5767,0,18,149,18,185
5769,0,18,116,18,152
5770,100,34,47,19,200
5771,0,17,16,17,50
5772,0,33,68,17,118
5773,17,34,16,18,85
5774,0,34,16,18,68
5775,966,16,17,17,1016
5776,0,34,47,19,100
5777,100,15,84,18,217
5778,0,32,50,15,97
5779,0,15,50,15,80
5781,485,33,83,17,618
5782,99,34,34,15,182
5783,32,18,101,15,166
5784,35,33,51,17,136
5785,102,17,15,18,152
5786,0,33,51,17,101
5788,0,34,34,15,83
5789,35,17,15,18,85
5790,232,35,17,15,299
5791,32,18,16,17,83
5793,0,18,16,17,51
5794,33,32,250,17,332
5795,250,33,83,17,383
5796,115,17,0,17,149
5797,51,32,217,17,317
5798,35,32,217,17,301
5799,483,35,82,17,617
5803,34,18,17,15,84
5804,0,35,17,15,67
5805,0,18,17,15,50
5806,0,32,217,16,265
5807,49,33,83,17,182
5809,33,18,83,17,151
5813,-96930,0,0,0,-96930
5814,34,33,50,16,133
5815,966,18,16,17,1017
5816,33,32,18,16,99
5817,49,34,17,17,117
5819,116,33,18,17,184
5820,34,34,51,15,134
5821,0,16,17,17,50
5825,102,16,17,16,151
5826,0,33,18,17,68
5827,0,15,18,17,50
5828,100,34,17,16,167
5832,17,16,17,17,67
5833,16,34,17,16,83
5834,100,34,17,16,167
5835,17,33,84,16,150
5836,-97314,0,0,0,-97314
5838,100,34,17,15,166
5840,101,32,152,15,300
5841,0,15,17,16,48
5842,237,29,17,18,301
5844,0,34,17,15,66
5847,15,33,19,16,83
5848,235,34,132,16,417
5849,121,29,17,18,185
5850,19,16,17,15,67
5852,32,38,398,16,484
5853,53,29,17,18,117
5854,0,38,398,16,452
5855,20,29,17,18,84
5856,0,29,17,18,64
5857,15,35,116,16,182
5859,33,18,117,16,184
5860,33,34,132,16,215
5862,0,34,132,16,182
5863,33,15,18,16,82
5864,31,34,18,16,99
5865,0,15,18,16,49
5866,0,34,18,16,68
5867,0,16,18,16,50
5868,485,16,82,17,600
5869,0,16,16,17,49
5870,0,33,16,18,67
5871,33,18,16,17,84
5872,0,34,16,17,67
5873,119,32,49,17,217
5874,101,32,49,17,199
5875,51,34,16,16,117
5876,0,34,115,17,166
5877,18,34,16,16,84
5880,0,32,49,17,98
5881,0,16,49,17,82
5882,0,33,50,17,100
5884,33,34,66,16,149
5885,117,33,150,17,317
5887,17,34,117,16,184
5888,0,34,117,16,167
5890,32,33,150,17,232
5892,33,36,48,18,135
5895,14,32,82,17,145
5896,98,33,184,17,332
5897,32,18,115,17,182
5898,0,34,115,17,166
5899,0,18,115,17,150
5900,483,31,35,16,565
5901,33,17,184,17,251
5902,0,33,184,17,234
5903,0,17,184,17,218
5904,0,34,16,17,67
5906,0,33,16,34,83
5908,50,18,100,33,201
5909,118,34,65,18,235
5910,22,18,100,33,173
5911,0,18,100,33,151
5915,17,34,65,18,134
5916,34,33,50,16,133
5917,19,33,50,16,118
5918,99,35,49,31,214
5919,22,32,18,16,88
5920,101,31,18,31,181
5921,17,34,132,18,201
5922,0,34,132,18,184
5923,32,19,49,31,131
5924,-98781,0,0,0,-98781
5925,967,16,50,17,1050
5927,483,33,16,17,549
5928,0,49,35,16,100
5930,17,17,18,16,68
5931,119,32,17,17,185
5932,0,34,16,18,68
5934,-98947,0,0,0,-98947
5935,0,18,116,17,151
5937,17,32,17,17,83
5939,0,16,17,17,50
5941,101,15,50,19,185
5942,0,33,51,15,99
5943,0,17,51,15,83
5944,99,36,15,18,168
5945,15,33,50,19,117
5946,0,33,50,19,102
5947,15,33,17,19,84
5948,33,36,15,18,102
5949,51,33,15,17,116
5950,101,33,16,17,167
5951,100,17,16,17,150
5953,0,18,15,17,50
5954,0,32,16,17,65
5955,33,17,16,17,83
5956,0,33,16,17,66
5958,0,33,18,15,66
5960,0,33,17,18,68
5962,0,35,116,18,169
5963,-99430,0,0,0,-99430
5965,0,16,49,17,82
5966,0,32,50,18,100
5967,250,33,50,17,350
5970,0,34,316,16,366
5971,51,33,49,18,151
5972,-99582,0,0,0,-99582
5973,99,18,49,16,182
5974,-99615,0,0,0,-99615
5975,19,32,50,17,118
5977,251,33,18,16,318
5978,0,35,49,16,100
5979,50,33,50,17,150
5980,32,33,50,17,132
5981,17,33,50,17,117
5982,33,34,16,17,100
5983,233,16,18,18,285
5984,100,34,16,17,167
5988,0,33,18,16,67
5990,0,34,16,17,67
5991,99,16,18,18,151
5992,33,34,16,16,99
5995,-99965,0,0,0,-99965
5998,0,36,116,15,167
