序号,发送->接收,接收->转发,转发->接收,接收->处理,总计
2,0,26,94,17,137
3,60,16,18,17,111
4,17,48,18,17,100
5,32,16,18,17,83
7,51,21,198,15,285
8,56,30,0,16,102
9,17,21,198,15,251
11,0,30,0,16,46
12,22,46,54,29,151
13,100,45,0,23,168
14,84,45,0,23,152
16,0,38,0,16,54
17,22,16,119,30,187
20,14,16,0,23,53
21,0,16,0,23,39
22,23,51,0,30,104
23,51,30,70,30,181
24,66,32,15,23,136
25,52,32,15,23,122
26,30,32,15,23,100
27,21,32,15,23,91
30,38,30,116,18,202
31,53,37,13,22,125
33,21,37,13,22,93
35,23,35,26,18,102
36,0,35,26,18,79
39,16,36,0,31,83
40,0,36,0,31,67
41,0,18,0,31,49
42,0,31,0,20,51
43,19,20,0,30,69
44,50,20,79,16,165
45,0,50,79,16,145
46,19,20,79,16,134
47,20,29,166,16,231
48,29,33,101,16,179
49,18,33,101,16,168
50,17,16,101,16,150
52,0,33,0,23,56
53,0,16,0,23,39
55,15,30,137,19,201
56,30,32,105,19,186
57,63,17,15,18,113
58,48,17,15,18,98
59,16,33,15,18,82
61,0,17,15,18,50
64,0,39,19,33,91
66,0,19,0,33,52
67,0,33,65,18,116
68,23,48,17,18,106
70,37,17,18,26,98
71,0,18,17,18,53
73,0,44,0,17,61
74,26,35,0,18,79
75,16,35,0,18,69
76,0,35,0,18,53
77,36,16,0,17,69
78,51,16,16,23,106
80,0,33,16,23,72
81,0,16,16,23,55
83,23,15,0,15,53
86,32,31,0,16,79
87,16,31,0,16,63
89,71,45,69,16,201
90,0,40,86,27,153
91,39,45,69,16,169
92,15,45,69,16,145
94,0,30,69,16,115
95,15,26,162,16,219
97,27,16,135,17,195
100,83,15,37,17,152
101,37,45,37,17,136
102,0,15,15,15,45
103,0,45,37,17,99
106,70,35,0,16,121
107,0,33,16,35,84
108,0,17,16,35,68
109,112,22,45,16,195
110,14,21,0,16,51
111,21,16,0,16,53
112,0,16,0,16,32
115,52,29,0,16,97
117,16,29,0,16,61
118,29,38,29,26,122
119,14,38,29,26,107
120,16,22,29,26,93
121,51,26,0,27,104
123,14,26,0,27,67
127,82,37,16,29,164
128,51,15,53,29,148
129,21,31,53,29,134
130,179,22,15,29,245
131,0,15,53,29,97
132,37,16,81,14,148
133,21,16,81,14,132
135,0,45,21,29,95
136,51,51,15,29,146
137,37,51,15,29,132
138,21,51,15,29,116
140,36,15,171,28,250
141,0,22,15,29,66
142,0,15,171,28,214
143,52,29,0,21,102
144,14,23,29,21,87
146,0,29,0,21,50
151,66,12,89,32,199
152,51,12,89,32,184
153,0,40,89,32,161
154,51,15,52,32,150
156,22,15,52,32,121
157,15,37,294,22,368
158,37,15,47,21,120
159,37,47,0,21,105
161,0,47,0,21,68
162,16,15,0,21,52
163,36,46,0,21,103
164,21,46,0,21,88
165,46,21,46,22,135
166,0,30,0,21,51
167,15,21,46,22,104
169,46,22,98,17,183
170,0,15,14,22,51
171,0,36,98,17,151
172,52,46,22,17,137
173,0,30,68,17,115
175,30,16,22,17,85
176,15,16,22,17,70
177,38,33,16,32,119
181,85,15,15,14,129
182,11,21,0,15,47
183,36,22,15,29,102
185,117,22,15,16,170
186,0,15,15,14,44
189,0,22,66,16,104
190,15,14,37,16,82
191,14,22,15,16,67
192,53,52,81,30,216
193,98,52,97,14,261
194,45,23,81,30,179
196,14,23,81,30,148
198,164,37,18,29,248
199,0,52,97,14,163
201,22,14,0,30,66
203,30,16,37,14,97
204,15,16,37,14,82
205,16,22,15,14,67
206,0,22,15,14,51
207,29,23,18,29,99
208,0,37,18,29,84
209,23,18,29,29,99
210,0,18,29,29,76
211,29,52,83,15,179
212,21,52,83,15,171
214,15,23,83,15,136
216,29,32,37,36,134
220,0,22,15,36,73
221,0,51,15,30,96
223,21,15,14,16,66
224,15,51,15,29,110
225,0,51,15,29,95
226,16,21,15,29,81
228,44,21,15,15,95
229,29,21,15,15,80
231,21,30,69,15,135
232,0,30,69,15,114
234,37,16,16,15,84
235,22,16,16,15,69
237,0,47,16,18,81
239,16,34,52,15,117
241,36,12,22,15,85
242,0,30,22,15,67
243,0,12,22,15,49
245,15,37,30,15,97
246,37,15,67,31,150
247,67,16,21,31,135
249,15,31,21,31,98
251,37,46,22,15,120
254,15,15,22,15,67
255,0,15,22,15,52
256,22,31,236,34,323
257,15,16,236,34,301
258,0,16,236,34,286
260,132,37,162,22,353
263,15,37,0,30,82
264,67,37,162,22,288
265,52,37,162,22,273
267,15,37,162,22,236
269,0,22,162,22,206
270,34,17,12,22,85
271,19,17,12,22,70
272,0,17,12,22,51
274,22,32,15,30,99
277,0,45,22,15,82
278,120,44,104,16,284
280,37,30,23,14,104
281,45,23,59,22,149
282,30,23,59,22,134
283,14,23,59,22,118
284,37,30,104,16,187
285,0,44,104,16,164
289,0,22,129,21,172
290,0,30,15,22,67
293,0,22,0,16,38
294,0,16,0,16,32
295,0,46,233,16,295
296,30,21,93,22,166
297,15,21,93,22,151
298,0,21,93,22,136
299,0,52,0,29,81
301,0,22,0,29,51
302,0,29,12,22,63
303,51,31,15,22,119
306,0,31,15,22,68
309,22,29,16,24,91
310,69,32,31,15,147
311,14,40,63,15,132
312,16,24,63,15,118
313,0,24,63,15,102
314,32,16,15,15,78
315,23,16,15,15,69
318,98,38,30,15,181
319,32,21,68,15,136
320,16,21,68,15,120
321,134,16,114,22,286
322,30,38,30,15,113
324,53,46,114,22,235
325,22,15,160,22,219
326,0,15,160,22,197
327,0,46,114,22,182
328,98,34,13,22,167
329,16,22,92,22,152
331,0,45,18,16,79
333,14,34,13,22,83
334,34,35,15,16,100
335,16,35,15,16,82
337,0,22,15,16,53
339,0,16,53,16,85
343,0,16,67,14,97
344,0,30,37,14,81
345,15,22,15,14,66
346,0,22,15,14,51
347,0,52,95,15,162
348,14,23,95,15,147
350,14,46,20,30,110
351,30,16,20,30,96
354,20,52,15,14,101
355,0,52,15,14,81
358,15,14,16,22,67
360,38,16,183,16,253
362,0,16,183,16,215
365,0,16,18,17,51
366,0,35,12,23,70
367,29,23,16,15,83
369,39,15,16,21,91
372,0,37,16,31,84
373,37,60,55,9,161
374,16,60,55,9,140
375,0,60,55,9,124
376,16,29,55,9,109
377,29,17,16,22,84
378,55,32,115,15,217
381,0,32,115,15,162
382,23,30,0,17,70
385,17,15,53,15,100
386,151,37,45,20,253
390,46,37,166,15,264
393,52,22,45,20,139
394,0,15,166,15,196
397,30,35,118,15,198
398,0,14,15,20,49
401,33,31,15,16,95
402,37,15,15,16,83
403,16,15,15,16,62
404,15,31,38,15,99
405,0,31,38,15,84
406,0,16,38,15,69
407,53,15,66,15,149
409,0,30,66,15,111
410,52,29,118,15,214
412,22,29,118,15,184
413,0,29,118,15,162
415,53,14,51,15,133
416,0,23,80,15,118
417,0,29,51,15,95
418,0,14,51,15,80
419,0,37,14,15,66
420,83,30,100,12,225
421,0,29,0,16,45
422,15,39,66,15,135
424,0,23,66,15,104
425,0,30,100,12,142
427,0,36,64,12,112
429,0,30,120,15,165
430,15,34,86,15,150
431,14,20,86,15,135
433,34,30,67,22,153
434,22,30,67,22,141
435,30,37,30,22,119
437,0,37,30,22,89
438,15,30,37,15,97
439,0,30,37,15,82
442,0,15,0,15,30
444,0,15,0,15,30
445,0,37,67,16,120
446,105,15,66,15,201
447,0,29,23,15,67
448,14,38,83,14,149
450,0,15,83,14,112
451,0,31,66,15,112
453,0,37,15,14,66
456,64,14,219,15,312
457,15,19,0,16,50
460,0,14,219,15,248
461,0,38,49,11,98
462,47,28,23,15,113
463,0,32,51,15,98
464,83,37,267,14,401
467,38,37,267,14,356
468,15,37,267,14,333
469,68,30,0,22,120
470,54,30,0,22,106
471,0,31,15,15,61
472,15,30,0,22,67
473,30,38,15,14,97
474,15,38,15,14,82
475,0,38,15,14,67
476,0,16,15,14,45
477,0,29,88,14,131
478,0,14,88,14,116
479,22,14,52,14,102
480,14,36,16,14,80
482,21,30,118,15,184
483,30,37,45,21,133
484,0,14,118,15,147
485,0,37,45,21,103
486,50,37,45,22,154
488,52,30,120,17,219
490,88,30,70,10,198
492,118,34,0,10,162
493,0,37,15,15,67
494,22,30,70,10,132
495,45,21,17,17,100
497,0,36,17,17,70
499,0,34,0,10,44
500,0,17,0,10,27
502,86,36,30,22,174
503,0,36,52,14,102
504,15,30,133,15,193
506,15,36,30,22,103
508,14,30,22,16,82
509,0,30,22,16,68
511,0,38,44,23,105
514,67,16,53,15,151
515,15,23,15,16,69
516,23,31,53,15,122
517,0,31,53,15,99
518,32,15,52,14,113
519,97,38,51,14,200
523,29,38,51,14,132
524,14,38,51,14,117
525,38,30,50,15,133
526,15,30,50,15,110
527,30,35,15,15,95
528,19,35,15,15,84
529,0,35,15,15,65
531,0,30,32,23,85
532,15,32,52,22,121
533,0,32,52,22,106
534,39,15,36,15,105
536,95,21,64,16,196
538,0,22,161,16,199
539,0,29,68,16,113
541,68,32,32,16,148
542,85,32,69,15,201
544,32,16,32,16,96
545,0,32,32,16,80
546,48,39,98,14,199
548,55,30,0,15,100
552,0,15,0,15,30
553,38,30,14,15,97
554,53,29,52,14,148
555,0,30,14,15,59
556,22,29,52,14,117
558,37,15,103,14,169
559,0,37,103,14,154
560,30,14,23,14,81
563,0,37,97,23,157
565,0,37,0,14,51
566,22,30,15,15,82
567,0,30,15,15,60
568,0,16,15,15,46
569,0,30,0,23,53
570,0,15,0,23,38
571,89,15,0,14,118
574,14,37,0,14,65
575,22,15,0,14,51
576,29,15,84,23,151
577,91,45,15,14,165
578,56,21,74,15,166
579,41,21,74,15,151
581,0,21,74,15,110
582,22,23,15,14,74
583,15,23,15,14,67
584,0,23,15,14,52
587,0,37,61,23,121
588,0,22,61,23,106
589,0,31,83,15,129
590,31,15,53,15,114
591,15,15,53,15,98
594,15,30,15,22,82
595,0,30,15,22,67
596,15,37,0,15,67
597,0,37,0,15,52
598,22,29,22,15,88
599,0,29,22,15,66
600,81,38,0,19,138
601,0,37,0,15,52
603,68,19,26,15,128
604,53,19,26,15,113
605,16,22,0,19,57
606,0,22,0,19,41
607,0,19,26,15,60
608,0,41,52,15,108
609,18,15,52,15,100
610,0,15,52,15,82
612,16,29,23,14,82
613,150,15,51,14,230
614,15,37,99,14,165
615,37,31,15,22,105
616,14,31,15,22,82
619,53,15,51,14,133
620,22,31,51,14,118
622,0,15,51,14,80
624,0,23,14,14,51
626,50,30,83,20,183
627,0,36,15,15,66
628,14,30,83,20,147
630,0,15,83,20,118
631,23,16,15,14,68
632,31,14,35,11,91
633,0,29,35,11,75
636,0,20,64,22,106
638,22,31,22,14,89
639,16,15,22,14,67
640,0,15,22,14,51
641,0,36,51,14,101
642,0,14,51,14,79
643,37,28,67,15,147
645,14,14,67,15,110
646,0,14,67,15,96
647,0,38,14,15,67
649,14,15,37,14,80
650,30,22,0,14,66
653,28,36,15,22,101
655,0,36,15,22,73
656,15,37,0,15,67
658,37,14,15,24,90
660,0,14,15,24,53
661,65,36,0,15,116
662,0,24,62,15,101
666,0,15,0,15,30
667,31,38,31,16,116
668,16,38,31,16,101
669,0,38,31,16,85
672,79,37,15,17,148
674,0,16,53,15,84
676,100,16,23,15,154
677,0,37,15,17,69
678,15,32,55,15,117
679,15,17,55,15,102
680,0,17,55,15,87
684,0,15,15,14,44
686,14,36,168,16,234
687,0,36,168,16,220
688,14,30,100,23,167
690,15,38,162,22,237
691,65,35,23,15,138
692,15,27,58,15,115
693,27,35,23,15,100
694,11,35,23,15,84
695,0,35,23,15,73
698,0,15,0,16,31
699,0,30,32,22,84
700,0,14,32,22,68
701,32,38,116,15,201
702,0,15,52,15,82
703,22,16,116,15,169
705,0,29,0,23,52
707,23,14,50,15,102
708,14,30,20,15,79
709,65,37,162,13,277
710,50,37,162,13,262
714,37,14,133,13,197
717,15,22,96,13,146
718,37,15,103,15,170
719,30,31,19,16,96
720,15,31,19,16,81
721,31,35,0,13,79
722,64,24,128,23,239
723,0,35,0,13,48
724,29,24,128,23,204
725,13,24,128,23,188
726,0,24,128,23,175
728,0,14,16,22,52
729,38,32,66,15,151
730,83,37,30,23,173
731,32,29,67,23,151
732,29,14,67,23,133
734,14,37,30,23,104
735,0,37,30,23,90
737,15,15,0,23,53
738,0,15,0,23,38
739,23,16,45,16,100
741,45,16,221,15,297
742,0,16,31,22,69
743,0,31,221,15,267
744,38,15,15,15,83
745,0,37,15,15,67
746,15,30,69,15,129
747,15,15,69,15,114
748,0,15,69,15,99
749,117,15,37,15,184
751,31,36,0,12,79
753,0,36,0,12,48
754,33,15,37,15,100
755,49,15,0,15,79
757,0,37,0,15,52
758,0,15,0,15,30
759,37,31,0,15,83
760,0,22,31,15,68
761,31,29,0,23,83
762,0,16,0,15,31
764,37,15,0,14,66
766,0,15,0,14,29
768,0,15,67,23,105
769,22,14,16,15,67
770,0,14,16,15,45
771,0,31,52,15,98
772,15,38,29,22,104
774,0,15,29,22,66
776,15,38,14,14,81
777,22,16,14,14,66
778,16,28,23,14,81
779,65,35,0,12,112
780,37,14,0,15,66
783,35,33,129,23,220
784,32,21,129,23,205
785,0,33,129,23,185
786,0,21,129,23,173
787,29,39,30,16,114
788,15,39,30,16,100
789,0,39,30,16,85
790,22,30,0,16,68
791,30,31,53,15,129
793,69,30,53,15,167
794,68,15,53,15,151
795,0,38,30,16,84
796,30,15,53,15,113
797,46,16,21,15,98
798,31,16,21,15,83
800,0,16,21,15,52
801,36,30,53,15,134
803,83,15,0,16,114
804,15,39,14,15,83
805,39,29,0,16,84
806,22,29,0,16,67
808,47,38,183,15,283
809,55,15,183,15,268
810,87,28,70,15,200
812,0,15,183,15,213
814,18,28,70,15,131
816,0,10,70,15,95
817,18,22,113,22,175
818,89,30,38,9,166
819,0,30,52,15,97
820,82,38,0,9,129
822,0,22,46,22,90
823,30,38,0,9,77
825,0,38,0,9,47
826,22,30,0,15,67
827,45,15,72,15,147
828,36,15,72,15,138
830,0,15,72,15,102
831,0,36,15,21,72
832,15,36,96,15,162
833,51,15,0,15,81
836,15,36,15,15,81
837,66,37,44,17,164
839,30,37,44,17,128
840,15,37,44,17,113
843,29,32,18,19,98
844,15,32,18,19,84
845,15,17,18,19,69
847,37,31,0,15,83
848,19,31,0,15,65
850,15,32,101,15,163
851,15,17,101,15,148
852,17,39,0,15,71
854,47,31,37,15,130
855,15,16,16,15,62
858,15,37,30,15,97
859,0,37,30,15,82
860,37,15,38,15,105
861,0,30,38,15,83
862,30,23,44,21,118
863,0,38,44,21,103
864,23,30,14,21,88
866,15,35,31,15,96
867,66,37,14,15,132
868,0,21,31,15,67
870,30,22,14,15,81
871,0,37,14,15,66
872,51,37,79,21,188
873,0,29,137,15,181
875,37,31,136,15,219
876,37,16,136,15,204
877,31,36,130,16,213
879,19,17,130,16,182
881,48,16,66,16,146
883,0,31,66,16,113
885,0,36,0,15,51
887,30,39,29,15,113
888,15,39,29,15,98
889,16,23,29,15,83
891,29,30,22,15,96
893,0,30,22,15,67
894,0,15,22,15,52
897,30,37,52,14,133
898,15,37,52,14,118
902,37,14,0,15,66
903,22,14,0,15,51
904,0,14,0,15,29
905,168,30,68,15,281
906,15,37,46,18,116
908,45,33,18,19,115
913,0,37,0,16,53
914,35,14,68,15,132
915,129,37,15,15,196
916,0,14,68,15,97
917,37,31,31,22,121
921,0,31,0,22,53
922,53,30,0,22,105
923,52,15,0,22,89
925,0,30,0,22,52
926,0,15,0,22,37
927,53,15,170,16,254
928,0,15,16,15,46
929,0,31,170,16,217
930,52,30,52,15,149
931,37,30,52,15,134
932,37,14,52,15,118
935,0,36,31,14,81
936,21,31,0,14,66
939,14,22,65,17,118
940,22,31,16,18,87
942,0,15,16,18,49
944,18,37,0,15,70
945,0,37,0,15,52
946,0,20,0,15,35
948,0,15,15,14,44
949,52,15,14,16,97
950,37,15,14,16,82
951,120,15,54,14,203
954,16,37,15,15,83
955,37,30,54,14,135
956,37,15,54,14,120
957,0,30,54,14,98
958,0,15,54,14,83
960,38,14,48,22,122
962,14,32,16,22,84
963,16,16,16,22,70
964,0,16,16,22,54
965,16,22,0,16,54
966,22,31,16,15,84
967,16,15,16,15,62
968,15,31,15,22,83
969,68,31,148,19,266
970,15,37,84,18,154
971,0,37,84,18,139
973,31,31,22,18,102
974,16,31,22,18,87
978,18,18,59,19,114
980,0,42,17,19,78
983,36,32,16,15,99
984,19,32,16,15,82
986,15,31,53,14,113
989,0,37,53,16,106
990,15,30,23,16,84
991,16,14,23,16,69
992,53,31,14,22,120
993,0,39,45,22,106
994,16,31,14,22,83
995,31,36,45,21,133
996,0,15,14,22,51
999,15,16,14,21,66
1001,14,21,81,15,131
1002,50,36,31,16,133
1003,0,29,67,16,112
1005,21,15,31,16,83
1006,0,15,31,16,62
1007,16,15,48,23,102
1008,0,15,48,23,86
1010,202,14,23,17,256
1012,39,11,54,15,119
1013,0,27,54,15,96
1014,0,11,54,15,80
1015,0,39,15,15,69
1016,0,21,15,15,51
1017,30,36,15,14,95
1018,51,29,23,17,120
1019,0,36,15,14,65
1020,73,17,82,15,187
1022,14,40,82,15,151
1023,40,30,200,15,285
1024,0,17,82,15,114
1025,30,36,16,15,97
1026,82,31,117,15,245
1027,0,36,16,15,67
1028,37,15,16,15,83
1029,62,37,15,15,129
1030,15,31,117,15,178
1031,31,37,15,15,98
1032,15,37,15,15,82
1033,15,22,15,15,67
1034,22,30,65,22,139
1035,65,30,22,15,132
1036,15,35,15,15,80
1037,0,35,15,15,65
1038,29,15,22,15,81
1039,149,18,18,19,204
1040,0,15,22,15,52
1041,0,37,15,21,73
1042,15,36,16,15,82
1043,0,36,16,15,67
1046,15,33,18,19,85
1048,55,31,30,22,138
1049,18,19,0,9,46
1051,0,31,30,22,83
1052,52,36,0,16,104
1053,0,30,66,16,112
1054,51,30,0,16,97
1055,0,36,0,16,52
1056,14,30,0,16,60
1057,16,14,0,16,46
1061,0,31,0,15,46
1062,15,30,22,16,83
1064,0,15,22,16,53
1066,16,30,21,14,81
1068,15,35,84,15,149
1069,21,14,84,15,134
1070,14,31,134,16,195
1071,0,31,134,16,181
1072,0,15,134,16,165
1074,0,22,15,15,52
1075,81,15,57,8,161
1076,15,37,14,15,81
1078,0,21,14,15,50
1079,14,15,57,8,94
1080,72,8,16,20,116
1082,0,22,19,8,49
1083,0,27,16,20,63
1084,24,20,117,15,176
1085,16,20,117,15,168
1086,72,15,50,15,152
1087,0,37,80,15,132
1088,52,35,52,15,154
1090,15,35,52,15,117
1094,15,37,14,15,81
1095,0,37,14,15,66
1096,15,29,89,15,148
1098,0,15,89,15,119
1101,0,30,22,15,67
1102,15,37,15,14,81
1103,22,15,15,14,66
1104,0,15,15,14,44
1105,0,29,23,16,68
1106,14,39,0,16,69
1107,0,39,0,16,55
1108,16,30,0,16,62
1109,16,14,0,16,46
1110,30,15,0,16,61
1113,38,30,0,22,90
1114,22,30,0,22,74
1115,15,15,0,22,52
1116,15,38,18,17,88
1117,0,38,18,17,73
1119,0,35,27,17,79
1120,0,17,27,17,61
1121,0,27,53,14,94
1122,18,37,30,16,101
1123,17,20,30,16,83
1124,20,30,16,22,88
1125,30,38,30,16,114
1126,14,38,30,16,98
1128,83,38,31,16,168
1129,30,31,38,15,114
1130,15,31,38,15,99
1133,38,31,16,15,100
1134,15,31,16,15,77
1135,0,31,16,15,62
1137,16,15,37,16,84
1139,0,37,0,16,53
1140,21,31,84,15,151
1142,0,15,84,15,114
1143,0,37,0,16,53
1144,38,16,46,18,118
1145,62,34,20,15,131
1146,0,16,46,18,80
1147,15,15,16,18,64
1154,16,33,31,17,97
1157,0,31,17,23,71
1158,16,40,95,16,167
1159,0,40,95,16,151
1160,0,23,95,16,134
1161,33,30,0,16,79
1164,15,32,102,16,165
1168,22,33,16,15,86
1171,31,32,52,15,130
1173,0,32,52,15,99
1176,22,30,164,23,239
1177,0,30,164,23,217
1178,15,23,31,16,85
1179,23,47,47,15,132
1180,31,16,47,15,109
1182,0,16,47,15,78
1183,32,30,32,23,117
1185,85,16,53,8,162
1187,0,32,92,8,132
1189,0,39,53,8,100
1191,29,32,121,15,197
1192,119,33,196,22,370
1193,0,32,121,15,168
1195,72,33,196,22,323
1196,23,32,49,15,119
1197,0,32,49,15,96
1198,23,33,196,22,274
1199,81,16,0,16,113
1201,0,31,17,16,64
1202,64,16,25,28,133
1203,17,16,0,16,49
1204,32,16,25,28,101
1205,0,32,25,28,85
1206,0,16,25,28,69
1208,28,15,0,16,59
1209,66,38,15,16,135
1210,0,15,0,16,31
1211,32,38,15,16,101
1213,0,38,15,16,69
1216,16,33,102,16,167
1217,104,31,0,16,151
1218,0,17,102,16,135
1219,17,15,164,23,219
1220,15,39,78,16,148
1221,17,22,78,16,133
1223,31,31,53,10,125
1224,15,31,53,10,109
1225,0,31,53,10,94
1226,31,16,70,16,133
1228,47,39,0,16,102
1229,31,39,0,16,86
1230,10,39,0,16,65
1231,23,16,0,16,55
1232,0,16,0,16,32
1233,32,32,38,9,111
1235,0,32,38,9,79
1236,0,16,38,9,63
1239,0,32,15,15,62
1240,23,30,132,22,207
1242,15,32,237,16,300
1243,0,32,237,16,285
1244,15,38,45,17,115
1245,68,32,184,23,307
1246,46,32,184,23,285
1247,30,32,184,23,269
1249,32,38,31,16,117
1250,17,38,31,16,102
1251,101,36,0,16,153
1252,16,31,47,21,115
1253,31,32,83,23,169
1257,0,36,0,16,52
1258,53,38,26,17,134
1259,0,32,81,18,131
1260,0,16,81,18,115
1263,0,26,35,23,84
1264,52,32,23,16,123
1265,58,9,23,16,106
1266,0,18,155,16,189
1267,55,16,16,14,101
1268,0,9,23,16,48
1269,23,16,16,14,69
1270,0,16,16,14,46
1273,54,16,15,15,100
1274,38,16,15,15,84
1277,0,30,16,22,68
1278,0,15,16,22,53
1281,0,32,15,15,62
1283,0,30,0,15,45
1284,0,15,0,15,30
1285,0,31,50,22,103
1286,0,16,50,22,88
1287,21,14,37,16,88
1288,14,37,47,15,113
1289,115,22,15,19,171
1293,0,30,38,15,83
1297,0,34,0,13,47
1298,19,27,67,22,135
1299,0,27,67,22,116
1300,0,14,67,22,103
1301,0,36,17,14,67
1302,15,31,89,15,150
1303,31,37,15,14,97
1304,36,15,15,14,80
1306,30,14,23,15,82
1307,0,29,23,15,67
1309,137,30,22,15,204
1310,0,15,0,15,30
1311,66,33,52,15,166
1316,15,30,22,15,82
1317,0,30,22,15,67
1318,15,37,16,15,83
1319,22,15,16,15,68
1322,15,36,14,22,87
1323,21,15,14,22,72
1325,14,22,11,17,64
1327,28,33,51,15,127
1328,17,33,51,15,116
1330,14,37,29,22,102
1331,0,37,29,22,88
1332,29,15,52,15,111
1335,37,30,22,16,105
1336,15,30,22,16,83
1337,15,15,22,16,68
1338,15,38,112,22,187
1339,68,37,15,14,134
1340,0,16,112,22,150
1341,30,37,15,14,96
1343,37,29,16,22,104
1344,22,29,16,22,89
1346,0,14,16,22,52
1347,38,31,16,17,102
1348,0,22,15,16,53
1349,0,31,16,17,64
1350,0,16,16,17,49
1352,0,17,15,22,54
1354,36,15,85,15,151
1355,29,37,17,15,98
1356,0,15,85,15,115
1357,17,20,17,15,69
1359,0,32,31,15,78
1360,0,15,31,15,61
1361,16,15,15,22,68
1362,30,22,82,14,148
1364,22,29,53,14,118
1366,14,37,83,15,149
1367,0,37,83,15,135
1368,21,30,104,15,170
1369,30,31,22,15,98
1371,0,31,22,15,68
1373,22,15,36,15,88
1374,15,36,0,15,66
1375,36,31,15,21,103
1376,37,16,15,21,89
1378,52,30,15,15,112
1379,36,30,15,15,96
1380,21,30,15,15,81
1381,0,30,15,15,60
1382,30,15,0,22,67
1384,15,38,46,20,119
1385,52,19,13,20,104
1386,49,33,165,16,263
1388,32,20,165,16,233
1389,0,33,165,16,214
1391,0,30,120,15,165
1392,37,14,301,16,368
1393,0,37,301,16,354
1394,14,30,53,15,112
1395,30,38,30,16,114
1396,67,15,53,14,149
1397,38,30,53,14,135
1398,37,15,53,14,119
1399,0,30,53,14,97
1400,0,15,53,14,82
1402,0,21,67,15,103
1403,30,37,99,16,182
1405,52,15,31,22,120
1407,0,30,31,22,83
1408,0,15,31,22,68
1409,0,31,0,22,53
1410,0,16,0,22,38
1411,54,15,0,15,84
1412,0,16,102,17,135
1413,31,30,23,18,102
1414,15,30,23,18,86
1415,0,30,23,18,71
1416,0,15,23,18,56
1418,0,18,126,22,166
1419,17,9,100,22,148
1421,40,30,30,22,122
1422,0,22,60,22,104
1423,14,16,30,22,82
1424,16,30,107,15,168
1428,0,16,69,15,100
1429,0,31,38,15,84
1430,15,38,0,15,68
1431,0,38,0,15,53
1432,0,22,0,15,37
1433,60,38,100,15,213
1434,0,16,15,14,45
1436,36,16,100,15,167
1438,0,16,100,15,131
1440,16,37,32,15,100
1441,37,32,52,14,135
1442,0,22,32,15,69
1443,0,32,52,14,98
1444,16,30,36,16,98
1446,0,15,36,16,67
1447,0,36,0,16,52
1448,65,12,88,15,180
1449,0,31,135,16,182
1451,55,15,65,16,151
1453,67,36,148,22,273
1454,0,15,65,16,96
1455,29,36,148,22,235
1456,14,36,148,22,220
1457,36,31,90,9,166
1460,37,16,52,9,114
1461,38,30,49,22,139
1462,95,22,33,16,166
1464,15,31,136,16,198
1465,49,22,33,16,120
1469,0,33,0,16,49
1471,0,32,0,16,48
1475,0,37,14,15,66
1477,29,37,0,15,81
1478,15,37,0,15,67
1480,70,17,33,15,135
1481,15,15,0,18,48
1482,129,22,52,15,218
1483,18,17,33,15,83
1484,36,14,0,15,65
1487,0,31,0,15,46
1488,0,16,0,15,31
1489,37,30,52,15,134
1490,0,22,52,15,89
1491,15,15,52,15,97
1492,67,15,16,21,119
1493,37,30,16,21,104
1494,30,15,16,21,82
1495,0,30,16,21,67
1496,0,15,16,21,52
1497,0,37,16,15,68
1499,16,15,52,15,98
1500,51,31,15,20,117
1501,0,36,46,20,102
1502,52,35,233,17,337
1503,66,30,36,15,147
1505,0,35,233,17,285
1507,0,30,36,15,81
1508,14,36,0,15,65
1509,15,21,0,15,51
1512,0,16,14,22,52
1513,36,35,0,19,90
1514,38,19,0,19,76
1515,0,35,0,19,54
1516,0,19,0,19,38
1518,0,46,17,16,79
1520,0,15,17,16,48
1521,95,38,48,16,197
1523,85,15,48,16,164
1524,46,38,48,16,148
1525,31,38,48,16,133
1526,38,15,48,16,117
1528,0,15,48,16,79
1529,79,22,15,15,131
1531,0,31,52,15,98
1533,0,37,15,15,67
1534,22,30,16,21,89
1535,0,30,16,21,67
1536,15,37,45,22,119
1538,66,22,0,15,103
1540,30,22,0,15,67
1542,0,22,0,15,37
1543,0,30,52,15,97
1544,52,30,0,18,100
1545,0,37,15,15,67
1546,0,22,15,15,52
1548,15,34,34,15,98
1549,0,34,34,15,83
1550,35,15,0,15,65
1552,30,16,0,15,61
1553,31,37,45,16,129
1554,0,16,0,15,31
1556,0,22,45,16,83
1557,0,30,55,15,100
1558,46,39,16,15,116
1560,16,39,16,15,86
1561,24,15,16,15,70
1563,31,31,16,23,101
1564,0,15,16,15,46
1565,47,23,0,16,86
1566,0,15,16,23,54
1568,39,16,135,15,205
1569,16,16,135,15,182
1570,32,16,17,15,80
1571,16,16,17,15,64
1572,33,15,15,16,79
1573,32,31,0,16,79
1576,32,24,32,16,104
1579,32,31,70,15,148
1582,49,36,0,15,100
1583,34,36,0,15,85
1585,0,36,0,15,51
1586,50,31,0,16,97
1590,15,33,169,16,233
1591,0,33,169,16,218
1592,32,22,16,16,86
1593,0,37,16,16,69
1596,16,31,69,16,132
1597,0,31,69,16,116
1600,16,37,16,15,84
1601,84,21,0,16,121
1603,0,31,16,21,68
1604,0,15,16,21,52
1606,37,15,15,22,89
1607,16,15,15,22,68
1608,0,15,15,22,52
1609,37,30,15,14,96
1611,30,29,73,12,144
1613,29,37,15,21,102
1615,22,15,15,21,73
1616,15,36,47,15,113
1617,36,28,19,15,98
1618,21,28,19,15,83
1619,12,16,19,15,62
1621,19,15,0,22,56
1623,0,37,15,17,69
1624,15,32,35,16,98
1625,0,32,35,16,83
1626,0,17,35,16,68
1629,0,31,16,15,62
1630,46,34,0,17,97
1632,0,15,34,17,66
1633,0,34,0,17,51
1634,0,16,0,17,33
1635,0,33,0,16,49
1636,0,16,0,16,32
1637,16,23,0,16,55
1639,0,34,27,22,83
1640,18,27,0,22,67
1641,27,37,68,15,147
1642,137,15,52,15,219
1643,0,37,68,15,120
1644,31,14,0,16,61
1645,0,30,0,16,46
1647,53,15,52,15,135
1648,52,37,100,14,203
1649,0,30,52,15,97
1653,0,30,136,16,182
1654,15,40,74,22,151
1655,40,30,0,14,84
1657,30,30,14,22,96
1658,88,31,16,15,150
1659,14,16,14,22,66
1660,16,36,0,16,68
1661,0,36,0,16,52
1662,22,31,16,15,84
1664,0,15,16,15,46
1665,16,15,22,15,68
1667,22,15,80,22,139
1668,0,15,80,22,117
1669,15,15,72,16,118
1670,37,14,14,22,87
1672,0,14,14,22,50
1674,38,16,28,22,104
1675,0,32,28,22,82
1677,28,37,38,9,112
1678,14,37,38,9,98
1679,22,15,38,9,84
1681,0,38,31,16,85
1683,31,32,119,16,198
1684,90,34,49,16,189
1685,16,16,119,16,167
1686,86,20,29,16,151
1689,54,45,16,14,129
1690,16,20,29,16,81
1692,0,45,16,14,75
1695,0,30,15,21,66
1696,50,31,36,16,133
1697,36,31,36,16,119
1698,21,31,36,16,104
1700,30,22,16,15,83
1701,67,37,46,16,166
1702,22,31,51,16,120
1703,16,15,51,16,98
1704,0,15,51,16,82
1705,0,37,46,16,99
1707,30,32,236,12,310
1708,0,16,16,16,48
1709,0,32,236,12,280
1710,16,37,67,15,135
1711,67,37,45,21,170
1712,21,30,15,22,88
1713,30,37,45,21,133
1714,67,15,88,14,184
1715,37,30,88,14,169
1716,22,30,88,14,154
1717,81,14,218,21,334
1718,15,36,66,12,129
1719,36,29,218,21,304
1720,0,21,66,12,99
1721,0,29,218,21,268
1722,14,37,0,12,63
1724,42,34,0,22,98
1726,16,34,0,22,72
1727,0,34,0,22,56
1728,105,14,15,21,155
1731,15,14,118,21,168
1732,66,21,81,14,182
1734,29,21,81,14,145
1737,45,21,45,22,133
1738,14,36,45,22,117
1739,0,36,45,22,103
1740,66,22,0,16,104
1741,29,38,0,16,83
1742,14,38,0,16,68
1743,16,22,0,16,54
1745,0,30,148,16,194
1746,28,22,16,15,81
1747,0,36,16,15,67
1748,38,15,14,22,89
1749,31,36,16,14,97
1751,0,36,16,14,66
1753,16,14,15,16,61
1754,82,30,118,14,244
1755,53,15,16,14,98
1756,0,16,22,15,53
1757,87,19,0,9,115
1758,84,27,104,16,231
1759,30,39,0,9,78
1760,14,39,0,9,62
1763,27,36,16,14,93
1764,54,30,38,16,138
1765,36,30,38,16,120
1766,15,30,38,16,99
1767,53,15,31,17,116
1768,14,38,31,17,100
1769,0,38,31,17,86
1770,31,15,48,24,118
1772,32,16,15,24,87
1774,0,16,15,24,55
1775,122,15,15,15,167
1777,0,31,200,18,249
1778,0,15,200,18,233
1779,31,36,15,15,97
1781,0,36,15,15,66
1782,45,38,83,21,187
1783,15,15,81,22,133
1785,15,23,83,21,142
1786,23,29,135,15,202
1787,65,39,90,22,216
1789,75,30,30,15,150
1791,39,30,30,15,114
1793,30,30,30,22,112
1794,22,30,30,22,104
1795,0,30,30,22,82
1797,15,15,0,22,52
1798,0,15,0,22,37
1799,22,16,67,15,120
1800,16,29,53,15,113
1801,67,30,0,22,119
1802,53,30,0,22,105
1803,0,38,30,22,90
1806,53,29,0,15,97
1807,0,38,14,15,67
1808,60,22,0,15,97
1810,15,37,0,15,67
1811,68,32,14,22,136
1812,22,31,46,22,121
1813,99,35,0,11,145
1814,16,32,14,22,84
1817,71,34,127,15,247
1818,57,34,127,15,233
1819,0,35,0,11,46
1823,0,30,97,15,142
1825,67,30,0,15,112
1826,15,37,0,15,67
1828,15,30,0,15,60
1829,0,30,0,15,45
1830,15,39,0,15,69
1832,24,29,165,22,240
1833,0,29,165,22,216
1834,0,14,165,22,201
1835,83,15,67,22,187
1838,0,15,16,15,46
1839,0,31,67,22,120
1840,15,37,52,15,119
1842,14,30,22,15,81
1843,15,15,22,15,67
1844,37,15,0,15,67
1847,0,26,41,14,81
1848,0,11,41,14,66
1850,22,29,53,15,119
1851,14,15,53,15,97
1852,15,38,30,15,98
1854,15,30,0,15,60
1855,30,38,15,14,97
1856,30,23,15,14,82
1857,53,14,53,14,134
1858,52,31,106,15,204
1859,15,14,53,14,96
1860,14,31,106,15,166
1861,0,31,106,15,152
1862,0,15,106,15,136
1863,22,14,0,16,52
1864,30,16,365,23,434
1865,32,38,61,23,154
1866,0,16,365,23,404
1867,38,31,14,16,99
1868,23,31,14,16,84
1869,84,15,136,8,243
1870,30,16,151,23,220
1872,16,38,136,8,198
1873,0,38,136,8,182
1875,0,32,33,16,81
1876,16,33,71,8,128
1878,53,39,33,15,140
1879,16,16,39,8,79
1880,0,16,39,8,63
1881,16,23,33,15,87
1882,23,33,0,15,71
1883,33,30,15,14,92
1884,25,30,15,14,84
1885,45,14,0,23,82
1886,30,14,0,23,67
1887,15,14,0,23,52
1888,14,39,0,15,68
1889,0,39,0,15,54
1890,16,31,0,15,62
1891,0,31,0,15,46
1892,31,15,22,15,83
1893,67,30,23,14,134
1894,0,15,22,15,52
1895,0,37,0,15,52
1896,15,30,23,14,82
1897,0,30,23,14,67
1899,0,37,0,16,53
1900,30,15,22,14,81
1901,0,31,22,14,67
1902,15,36,51,11,113
1904,14,34,50,14,112
1905,51,11,102,15,179
1906,18,28,102,15,163
1907,64,37,44,23,168
1908,33,14,0,15,62
1909,36,37,44,23,140
1911,0,37,44,23,104
1912,0,22,44,23,89
1913,44,23,15,14,96
1914,0,15,53,14,82
1915,67,37,0,15,119
1917,0,29,15,22,66
1918,14,37,0,15,66
1919,37,29,23,14,103
1923,23,14,66,15,118
1924,14,29,22,15,80
1926,52,31,36,15,134
1927,0,37,129,23,189
1928,30,16,36,15,97
1930,0,16,36,15,67
1932,29,15,20,12,76
1933,0,30,20,12,62
1934,86,29,0,16,131
1936,0,12,23,16,51
1938,0,16,15,14,45
1940,14,39,0,14,67
1944,0,15,21,14,50
1945,35,30,171,15,251
1946,14,30,171,15,230
1948,15,37,0,15,67
1949,52,15,67,16,150
1951,15,15,67,16,113
1955,14,15,52,15,96
1957,16,21,15,15,67
1958,0,21,15,15,51
1959,0,30,85,16,131
1960,53,29,34,13,129
1961,16,22,112,16,166
1962,51,34,49,16,150
1964,0,14,34,13,61
1965,34,35,14,16,99
1967,13,22,14,16,65
1969,14,16,465,19,514
1970,16,36,15,21,88
1971,36,36,16,15,103
1972,0,14,15,21,50
1974,52,30,16,21,119
1975,31,30,16,21,98
1976,0,15,67,15,97
1978,67,15,22,16,120
1980,21,30,22,16,89
1981,52,16,81,15,164
1982,37,16,81,15,149
1985,0,30,51,15,96
1986,15,36,15,15,81
1987,0,36,15,15,66
1988,21,30,66,16,133
1989,15,15,66,16,112
1990,15,37,94,19,165
1991,0,37,94,19,150
1992,51,42,23,19,135
1993,0,29,0,16,45
1994,31,26,23,19,99
1997,23,35,133,17,208
1999,72,29,0,23,124
2000,0,16,133,17,166
2001,52,14,0,23,89
2002,14,29,0,23,66
2003,0,29,0,23,52
2004,14,38,14,15,81
2005,23,15,14,15,67
2006,15,29,0,17,61
2007,0,29,0,17,46
2008,0,15,0,17,32
2009,17,22,16,15,70
2010,53,30,39,15,137
2011,31,30,39,15,115
2013,15,15,39,15,84
2014,0,15,39,15,69
2015,23,16,0,15,54
2016,0,16,0,15,31
2018,0,15,36,15,66
2025,45,22,0,11,78
2026,0,15,0,15,30
2027,0,37,0,11,48
2028,49,40,14,15,118
2029,27,40,14,15,96
2030,16,40,14,15,85
2031,122,14,15,22,173
2033,0,29,16,21,66
2034,15,37,16,14,82
2035,0,37,16,14,67
2036,21,30,15,22,88
2037,0,30,15,22,67
2039,0,37,0,14,51
2040,0,22,0,14,36
2043,15,22,30,15,82
2045,30,31,88,14,163
2046,46,36,0,16,98
2047,0,31,88,14,133
2049,36,31,21,14,102
2050,0,14,0,16,30
2052,0,15,21,14,50
2053,35,31,22,14,102
2054,30,15,22,14,81
2055,0,31,22,14,67
2056,0,15,22,14,51
2058,29,16,19,19,83
2059,0,31,19,19,69
2060,54,31,0,16,101
2061,38,31,0,16,85
2062,19,31,0,16,66
2063,0,31,0,16,47
2064,15,33,31,16,95
2067,31,40,31,15,117
2068,15,40,31,15,101
2069,0,40,31,15,86
2070,24,31,67,16,138
2071,0,31,67,16,114
2072,0,17,67,16,100
2073,67,31,16,15,129
2074,0,15,16,21,52
2075,0,37,0,16,53
2078,46,38,0,18,102
2080,15,38,0,18,71
2081,0,38,0,18,56
2082,0,15,0,18,33
2083,18,16,132,15,181
2084,16,32,0,16,64
2085,32,32,31,22,117
2086,15,32,31,22,100
2087,16,16,31,22,85
2088,32,15,338,15,400
2090,15,37,15,19,86
2092,15,34,0,17,66
2093,0,34,0,17,51
2094,0,19,0,17,36
2095,0,36,45,14,95
2096,19,29,83,14,145
2097,29,30,23,14,96
2098,21,30,23,14,88
2100,14,37,201,15,267
2102,81,30,16,22,149
2103,0,30,0,23,53
2104,14,37,30,16,97
2105,0,37,30,16,83
2106,44,38,66,15,163
2107,0,30,16,22,68
2108,14,38,66,15,133
2111,0,29,0,16,45
2112,14,37,168,15,234
2113,0,37,168,15,220
2114,0,21,168,15,204
2115,15,16,116,21,168
2116,0,16,116,21,153
2117,0,35,15,14,64
2119,117,15,102,15,249
2121,0,37,36,15,88
2122,50,30,102,15,197
2123,36,30,102,15,183
2124,21,30,102,15,168
2125,0,30,102,15,147
2127,0,36,66,15,117
2128,17,20,30,16,83
2130,30,16,45,22,113
2131,37,30,134,15,216
2132,16,30,134,15,195
2133,67,30,22,15,134
2134,15,37,180,21,253
2135,37,30,22,15,104
2137,0,30,22,15,67
2138,67,15,0,15,97
2139,67,37,67,16,187
2140,0,15,15,15,45
2141,15,15,0,15,45
2144,0,22,67,16,105
2145,15,16,15,21,67
2146,16,36,47,15,114
2148,21,31,16,15,83
2149,0,31,16,15,62
2151,67,30,67,19,183
2152,15,36,82,15,148
2154,21,30,67,19,137
2155,0,30,67,19,116
2156,0,15,67,19,101
2157,37,30,19,18,104
2160,15,37,0,21,73
2161,37,21,30,10,98
2162,69,10,52,16,147
2163,0,21,30,10,61
2164,0,40,52,16,108
2165,22,10,52,16,100
2166,32,15,54,15,116
2167,22,15,54,15,106
2169,0,31,23,15,69
2170,0,16,23,15,54
2171,0,38,46,15,99
2172,114,30,218,15,377
2173,30,31,23,15,99
2176,68,15,218,15,316
2177,38,30,218,15,301
2178,0,15,15,15,45
2179,46,22,15,15,98
2180,0,15,218,15,248
2181,38,30,52,16,136
2182,37,15,52,16,120
2183,30,31,21,16,98
2184,15,31,21,16,83
2185,0,31,21,16,68
2186,15,37,0,16,68
2187,0,37,0,16,53
2188,16,31,51,15,113
2190,0,15,51,15,81
2191,21,15,15,15,66
2192,15,30,16,18,79
2193,0,30,16,18,64
2194,15,34,68,15,132
2195,0,34,68,15,117
2197,17,20,0,15,52
2198,0,20,0,15,35
2199,68,30,16,14,128
2200,83,30,0,22,135
2202,0,22,46,14,82
2203,0,30,16,14,60
2204,15,30,0,22,67
2205,0,30,0,22,52
2206,14,37,15,21,87
2207,22,15,15,21,73
2208,30,21,0,15,66
2209,15,21,0,15,51
2211,15,15,66,16,112
2212,0,15,66,16,97
2213,0,30,22,14,66
2215,0,36,82,21,139
2216,14,37,15,15,81
2217,0,37,15,15,67
2220,15,36,0,16,67
2221,15,21,0,16,52
2222,0,21,0,16,37
2224,0,16,129,20,165
2225,36,29,47,17,129
2226,21,29,47,17,114
2227,0,29,47,17,93
2228,14,36,11,17,78
2230,69,15,22,15,121
2231,0,28,0,20,48
2232,17,35,22,15,89
2233,0,35,22,15,72
2234,15,37,0,15,67
2235,22,15,0,15,52
2237,0,30,71,15,116
2238,50,36,99,15,200
2239,35,36,99,15,185
2240,14,36,99,15,164
2242,20,32,0,15,67
2243,0,32,0,15,47
2248,16,30,0,16,62
2249,15,15,0,16,46
2250,47,37,0,15,99
2251,0,32,37,15,84
2252,0,16,37,15,68
2253,37,31,233,16,317
2254,0,15,0,15,30
2256,37,15,182,15,249
2257,21,15,182,15,233
2259,0,30,22,14,66
2260,15,36,0,16,67
2261,0,36,0,16,52
2262,14,31,22,18,85
2268,0,8,20,15,43
2269,20,15,16,22,73
2271,0,38,15,15,68
2272,22,30,103,16,171
2273,0,30,103,16,149
2274,15,31,50,22,118
2275,15,16,50,22,103
2276,0,16,50,22,88
2277,21,14,37,16,88
2278,14,37,16,15,82
2279,37,31,16,15,99
2280,0,22,16,15,53
2281,47,15,72,15,149
2284,0,15,72,15,102
2287,36,30,50,14,130
2288,0,21,94,23,138
2289,0,30,50,14,94
2290,29,21,29,23,102
2291,0,35,29,23,87
2292,36,14,89,15,154
2293,0,29,89,15,133
2294,0,14,89,15,118
2295,23,15,66,15,119
2296,15,30,21,15,81
2297,30,36,233,15,314
2298,15,36,233,15,299
2299,0,36,233,15,284
2300,15,33,0,16,64
2301,15,18,0,16,49
2302,0,18,0,16,34
2303,0,36,111,22,169
2308,0,21,45,22,88
2310,15,38,16,15,84
2311,0,38,16,15,69
2312,0,22,16,15,53
2313,46,15,200,22,283
2314,0,15,134,15,164
2315,52,15,15,21,103
2316,103,16,51,14,184
2317,37,36,15,16,104
2318,15,36,15,16,82
2319,0,36,15,16,67
2322,16,29,22,14,81
2323,0,29,22,14,65
2326,14,31,22,14,81
2327,0,31,22,14,67
2328,0,15,22,14,51
2329,22,14,15,21,72
2330,0,14,15,21,50
2331,15,21,44,21,101
2332,21,30,14,21,86
2333,0,30,14,21,65
2334,0,15,14,21,50
2335,0,35,15,18,68
2336,36,18,30,20,104
2339,30,35,135,15,215
2340,16,35,135,15,201
2341,20,15,135,15,185
2342,30,22,15,16,83
2343,0,37,15,16,68
2344,0,22,15,16,53
2346,16,30,22,15,83
2347,30,37,51,15,133
2348,15,37,51,15,118
2349,52,15,51,16,134
2352,15,36,53,14,118
2353,67,36,15,21,139
2354,15,31,22,14,82
2355,0,31,22,14,67
2356,16,36,15,21,88
2357,22,14,15,21,72
2358,80,36,15,15,146
2360,36,15,15,21,87
2363,36,30,36,15,117
2364,21,30,36,15,102
2365,30,36,31,17,114
2366,51,31,48,22,152
2367,0,36,31,17,84
2372,16,37,100,15,168
2373,37,27,141,16,221
2374,0,22,100,15,137
2375,15,12,141,16,184
2376,28,20,82,23,153
2377,16,20,82,23,141
2378,36,21,45,23,125
2379,37,31,68,14,150
2380,36,16,68,14,134
2381,31,37,31,14,113
2382,16,37,31,14,98
2384,0,23,31,14,68
2385,45,16,0,15,76
2387,45,17,69,19,150
2388,0,16,0,15,31
2390,0,17,69,19,105
2391,37,32,0,19,88
2392,14,32,0,19,65
2394,36,18,0,10,64
2395,0,37,0,10,47
2396,18,33,32,15,98
2397,0,33,32,15,80
2398,23,32,0,15,70
2399,32,30,200,13,275
2400,16,30,200,13,259
2401,48,16,166,13,243
2404,0,16,166,13,195
2405,0,32,55,15,102
2407,33,37,0,16,86
2408,53,33,15,16,117
2411,16,17,15,16,64
2412,0,17,15,16,48
2413,63,37,52,16,168
2414,0,16,69,21,106
2415,0,32,0,18,50
2417,0,37,52,16,105
2418,19,30,86,16,151
2419,0,30,86,16,132
2420,0,9,86,16,111
2421,22,16,0,17,55
2422,16,32,82,16,146
2423,0,32,82,16,130
2424,15,32,50,16,113
2425,0,32,50,16,98
2427,0,34,32,18,84
2428,84,35,35,10,164
2429,32,34,0,18,84
2430,16,34,0,18,68
2431,0,34,0,18,52
2432,34,17,35,10,96
2433,18,17,35,10,80
2434,17,35,0,10,62
2435,146,18,166,22,352
2436,0,17,0,10,27
2437,28,34,33,16,111
2438,18,34,33,16,101
2439,0,34,33,16,83
2440,66,18,166,22,272
2441,17,16,0,16,49
2443,66,40,19,29,154
2444,18,32,88,15,153
2445,0,32,88,15,135
2446,16,40,19,29,104
2447,0,40,19,29,88
2448,17,19,29,15,80
2449,48,15,16,15,94
2450,44,31,22,16,113
2451,21,15,16,15,67
2453,31,38,0,16,85
2454,15,38,0,16,69
2456,32,16,0,15,63
2457,47,15,169,15,246
2458,0,16,0,15,31
2459,0,30,169,15,214
2462,44,33,54,15,146
2463,0,30,17,16,63
2464,14,33,54,15,116
2465,0,33,54,15,102
2466,55,30,0,15,100
2468,23,30,0,15,68
2469,0,30,0,15,45
2471,0,30,94,28,152
2475,85,17,15,15,132
2476,14,27,0,28,69
2479,20,17,15,15,67
2481,30,38,0,15,83
2482,15,38,0,15,68
2483,131,33,24,16,204
2484,37,15,17,16,85
2485,0,30,17,16,63
2486,48,30,57,16,151
2487,0,33,87,16,136
2488,0,16,87,16,119
2489,30,33,24,16,103
2490,15,33,24,16,88
2492,33,16,79,21,149
2493,40,33,99,15,187
2494,80,36,0,16,132
2495,0,33,99,15,147
2496,17,31,36,16,100
2497,0,31,36,16,83
2498,51,32,0,15,98
2499,36,32,0,15,83
2500,21,32,0,15,68
2501,47,16,15,21,99
2502,0,16,0,15,31
2503,15,16,15,21,67
2504,16,36,46,21,119
2506,21,27,19,21,88
2508,51,31,16,16,114
2509,19,21,79,22,141
2510,68,16,38,14,136
2511,0,31,16,16,63
2512,48,38,14,16,116
2513,16,16,38,14,84
2516,22,30,15,21,88
2518,31,21,15,15,82
2520,0,21,15,15,51
2521,45,22,26,24,117
2522,0,15,15,22,52
2523,15,22,26,24,87
2524,0,22,26,24,72
2525,0,26,55,15,96
2526,10,39,16,15,80
2527,0,39,16,15,70
2529,0,31,403,12,446
2530,15,31,372,12,430
2533,0,38,334,12,384
2534,15,334,0,12,361
2535,369,21,16,15,421
2536,35,21,16,15,87
2537,44,31,54,15,144
2538,11,21,16,15,63
2539,52,38,134,16,240
2541,100,15,105,16,236
2542,54,15,16,15,100
2543,15,31,16,15,77
2544,62,56,16,16,150
2545,0,15,16,15,46
2548,56,16,207,15,294
2550,55,17,31,16,119
2552,0,33,31,16,80
2553,0,17,31,16,64
2554,31,32,70,16,149
2556,0,32,70,16,118
2557,0,16,70,16,102
2559,23,32,0,16,71
2561,0,16,0,16,32
2562,16,25,32,16,89
2563,57,31,88,16,192
2564,48,15,88,16,167
2566,31,36,21,8,96
2567,51,29,55,15,150
2568,36,29,55,15,135
2569,18,29,55,15,117
2570,0,29,55,15,99
2573,47,31,72,16,166
2574,16,15,16,15,62
2575,79,39,46,16,180
2577,0,15,72,16,103
2578,33,39,46,16,134
2580,70,31,53,16,170
2581,0,22,46,16,84
2582,0,31,100,15,146
2583,0,15,100,15,130
2584,0,31,53,16,100
2586,38,31,69,14,152
2587,22,31,69,14,136
2588,0,31,69,14,114
2589,31,16,0,15,62
2590,0,31,0,15,46
2591,31,23,61,23,138
2592,0,38,61,23,122
2593,0,23,61,23,107
2594,0,29,32,23,84
2595,15,32,0,23,70
2596,0,32,0,23,55
2597,16,33,26,26,101
2598,59,40,22,16,137
2599,0,10,26,26,62
2600,26,40,22,16,104
2601,109,39,31,16,195
2602,53,16,47,23,139
2603,14,38,47,23,122
2604,0,38,47,23,108
2606,31,39,31,16,117
2608,0,39,31,16,86
2609,54,32,52,15,153
2611,47,30,90,14,181
2612,0,32,52,15,99
2613,0,16,52,15,83
2614,67,30,134,16,247
2615,52,30,134,16,232
2617,15,30,134,16,195
2618,0,30,134,16,180
2619,0,15,134,16,165
2622,0,31,166,18,215
2623,51,30,100,18,199
2624,36,30,100,18,184
2625,51,38,15,15,119
2626,0,30,100,18,148
2627,15,38,15,15,83
2628,16,22,15,15,68
2629,67,17,68,16,168
2632,0,32,68,16,116
2633,0,17,68,16,101
2635,35,15,31,22,103
2637,46,37,0,16,99
2638,0,31,22,15,68
2639,15,37,0,16,68
2640,0,37,0,16,53
2641,15,31,67,15,128
2642,0,31,67,15,113
2644,36,31,99,16,182
2645,21,31,99,16,167
2647,15,38,15,16,84
2648,15,23,15,16,69
2649,38,16,15,15,84
2650,0,31,15,15,61
2651,114,37,15,15,181
2652,83,15,202,15,315
2654,16,22,15,15,68
2655,0,22,15,15,52
2656,15,15,202,15,247
2657,15,37,15,15,82
2658,0,37,15,15,67
2659,37,15,17,15,84
2661,15,32,52,21,120
2663,15,32,20,21,88
2664,17,15,20,21,73
2665,15,41,61,21,138
2666,0,41,61,21,123
2669,22,31,51,16,120
2671,16,37,150,15,218
2672,0,37,150,15,202
2673,0,16,150,15,181
2675,32,15,135,22,204
2678,22,15,15,15,67
2679,0,15,15,15,45
2680,52,15,0,15,82
2681,15,37,0,15,67
2683,15,31,52,14,112
2684,0,31,52,14,97
2685,0,16,52,14,82
2687,0,15,65,16,96
2688,0,29,119,12,160
2689,14,36,83,12,145
2690,36,31,0,15,82
2691,0,14,83,12,109
2692,16,15,0,15,46
2694,15,22,184,15,236
2695,0,22,184,15,221
2696,15,12,89,16,132
2697,0,12,89,16,117
2698,0,37,0,15,52
2700,31,37,0,15,83
2701,16,37,0,15,68
2702,67,37,0,16,120
2703,16,30,22,15,83
2704,52,15,0,16,83
2705,0,15,22,15,52
2706,53,15,16,22,106
2707,31,15,16,22,84
2710,0,38,177,22,237
2711,22,29,0,16,67
2712,0,29,0,16,45
2713,14,37,45,22,118
2714,16,21,45,22,104
2716,0,30,81,22,133
2717,0,15,81,22,118
2718,0,37,15,14,66
2719,22,29,15,22,88
2722,0,37,111,17,165
2723,22,30,135,17,204
2724,128,37,64,16,245
2726,16,15,22,16,69
2727,37,16,29,14,96
2729,16,29,101,16,162
2730,0,29,101,16,146
2731,0,17,101,16,134
2732,37,32,32,16,117
2734,0,32,32,16,80
2735,0,15,32,16,63
2736,0,32,16,17,65
2737,16,33,54,16,119
2738,0,33,54,16,103
2739,0,17,54,16,87
2741,0,22,49,15,86
2742,80,15,50,17,162
2743,0,16,32,16,64
2745,46,34,16,17,113
2746,16,15,50,17,98
2747,0,15,50,17,82
2749,50,36,114,21,221
2750,16,17,150,21,204
2751,17,36,114,21,188
2752,0,36,114,21,171
2754,135,30,19,17,201
2755,39,14,0,16,69
2756,24,14,0,16,54
2757,14,31,102,20,167
2758,0,31,102,20,153
2759,51,30,19,17,117
2760,36,30,19,17,102
2761,51,36,51,16,154
2763,51,29,53,16,149
2767,31,16,167,17,231
2768,22,16,167,17,222
2770,31,31,0,22,84
2771,16,31,0,22,69
2772,31,38,31,15,115
2774,69,36,47,15,167
2775,16,31,83,15,145
2776,0,31,83,15,129
2780,85,16,0,15,116
2782,30,39,0,15,84
2783,15,39,0,15,69
2784,136,31,0,22,189
2785,47,30,159,7,243
2786,15,16,133,15,179
2787,46,36,67,15,164
2788,81,16,0,22,119
2789,0,15,159,7,181
2790,0,36,67,15,118
2791,45,36,56,7,144
2792,31,36,56,7,130
2793,16,36,56,7,115
2794,22,14,56,7,99
2798,49,20,83,15,167
2799,0,7,17,20,44
2800,17,20,83,15,135
2802,30,37,47,22,136
2803,0,15,22,15,52
2804,0,37,47,22,106
2805,15,31,16,22,84
2806,31,38,15,16,100
2807,15,38,15,16,84
2808,38,31,52,14,135
2810,46,15,52,15,128
2811,16,30,52,15,113
2812,0,30,52,15,97
2813,0,15,52,15,82
2814,0,36,199,15,250
2815,14,31,0,16,61
2816,0,31,0,16,47
2817,15,39,0,14,68
2819,0,23,0,14,37
2821,0,15,100,15,130
2822,32,38,30,15,115
2823,16,38,30,15,99
2827,0,15,132,20,167
2828,0,36,0,16,52
2829,117,35,66,16,234
2830,0,31,0,14,45
2831,15,39,0,9,63
2832,14,25,0,9,48
2833,25,26,0,20,71
2834,0,26,0,20,46
2835,52,36,15,15,118
2836,71,30,68,15,184
2837,0,15,66,16,97
2838,36,30,68,15,149
2839,21,30,68,15,134
2841,15,38,15,15,83
2842,0,38,15,15,68
2844,15,15,51,14,95
2845,30,21,44,21,116
2849,14,36,30,23,103
2850,0,36,30,23,89
2851,21,30,135,15,201
2852,30,38,14,16,98
2855,0,15,14,16,45
2856,30,37,15,15,97
2857,0,16,0,15,31
2858,0,37,15,15,67
2859,22,30,0,15,67
2860,30,36,15,15,96
2861,81,36,0,19,136
2863,0,21,15,15,51
2865,15,36,0,19,70
2866,36,37,18,30,121
2867,33,18,18,30,99
2869,66,15,14,21,116
2870,0,18,59,21,98
2871,30,15,14,21,80
2872,22,15,14,21,72
2873,0,15,14,21,50
2874,0,35,196,15,246
2875,37,16,164,15,232
2876,32,31,118,15,196
2879,15,36,45,22,118
2880,0,36,45,22,103
2881,21,30,119,15,185
2882,0,30,119,15,164
2883,51,30,98,22,201
2885,22,30,98,22,172
2886,0,30,98,22,150
2887,0,15,98,22,135
2888,0,37,114,15,166
2889,0,22,114,15,151
2890,15,15,84,15,129
2891,15,31,68,22,136
2892,0,31,68,22,121
2893,0,15,68,22,105
2895,0,15,83,14,112
2896,31,37,164,15,247
2897,15,37,164,15,231
2899,15,29,21,15,80
2901,14,36,0,12,62
2903,15,29,19,15,78
2904,29,34,154,15,232
2905,17,34,154,15,220
2906,19,15,154,15,203
2907,15,36,52,14,117
2908,0,36,52,14,102
2909,118,30,53,14,215
2910,52,14,52,15,133
2911,0,22,96,16,134
2912,0,29,52,15,96
2913,14,37,30,16,97
2914,0,37,30,16,83
2916,0,30,53,14,97
2917,31,21,16,14,82
2918,53,14,0,15,82
2922,67,31,37,16,151
2924,0,30,68,16,114
2926,31,37,69,15,152
2927,38,15,69,15,137
2928,22,15,69,15,121
2930,16,15,0,16,47
2932,16,22,67,15,120
2934,30,37,0,15,82
2936,0,37,0,15,52
2937,0,22,0,15,37
2939,0,20,65,16,101
2942,30,31,15,15,91
2943,83,36,15,15,149
2945,0,15,15,15,45
2946,30,36,15,15,96
2947,15,36,15,15,81
2949,14,30,37,16,97
2951,0,15,37,16,68
2952,37,31,0,15,83
2954,0,31,0,15,46
2955,67,14,233,23,337
2957,22,29,233,23,307
2959,51,29,0,23,103
2960,0,37,135,16,188
2962,29,38,30,16,113
2963,98,22,47,14,181
2964,38,30,0,16,84
2967,15,38,47,14,114
2968,0,38,47,14,99
2972,0,29,68,20,117
2973,14,39,12,17,82
2975,131,16,83,15,245
2976,0,29,70,16,115
2977,17,35,14,21,87
2978,0,35,14,21,70
2979,0,15,14,21,50
2980,14,21,62,22,119
2981,21,32,83,15,151
2984,30,37,31,16,114
2987,15,31,52,15,113
2988,0,31,52,15,98
2989,0,15,52,15,82
2990,0,37,199,16,252
2993,15,36,112,21,184
2995,0,21,112,21,154
2996,0,31,16,21,68
2999,36,14,15,21,86
3000,15,14,15,21,65
3002,0,36,16,14,66
3003,21,30,16,21,88
3004,0,30,16,21,67
3005,0,14,16,21,51
3006,37,31,14,22,104
3008,0,31,14,22,67
3010,51,11,58,15,135
3011,0,22,54,8,84
3012,0,26,58,15,99
3014,0,36,22,15,73
3015,45,31,15,21,112
3016,22,15,16,15,68
3017,15,31,15,21,82
3018,16,15,15,21,67
3019,0,15,15,21,51
3021,21,30,15,23,89
3022,45,23,130,17,215
3023,15,38,130,17,200
3024,0,38,130,17,185
3027,46,38,0,16,100
3031,15,31,55,16,117
3032,48,15,23,16,102
3033,15,32,23,16,86
3034,0,32,23,16,71
3037,47,32,15,15,109
3039,15,32,15,15,77
3040,0,32,15,15,62
3042,0,30,186,21,237
3043,15,38,16,15,84
3044,0,38,16,15,69
3047,0,15,15,24,54
3051,36,16,15,21,88
3053,0,16,15,21,52
3054,36,31,51,15,133
3055,21,31,51,15,118
3056,0,31,51,15,97
3057,15,30,36,16,97
3060,0,36,85,15,136
3062,0,32,170,16,218
3063,0,16,170,16,202
3064,15,16,118,21,170
3065,16,37,15,21,89
3066,0,37,15,21,73
3067,15,36,82,15,148
3070,66,31,15,15,127
3071,0,15,52,15,82
3073,52,30,74,15,171
3074,0,31,15,15,61
3075,30,15,74,15,134
3077,15,38,143,26,222
3078,38,36,0,15,89
3080,36,30,15,21,102
3082,0,30,15,21,66
3083,15,36,30,11,92
3084,0,36,30,11,77
3085,21,30,11,26,88
3086,30,37,45,16,128
3089,26,26,57,15,124
3090,26,35,22,15,98
3091,35,16,22,15,88
3092,35,37,66,15,153
3093,16,37,66,15,134
3096,29,37,15,15,96
3097,14,37,15,15,81
3098,0,37,15,15,67
3099,14,30,117,22,183
3100,15,15,117,22,169
3103,0,15,103,16,134
3106,35,38,262,15,350
3108,38,31,14,15,98
3109,22,31,14,15,82
3110,60,36,54,11,161
3113,0,15,22,14,51
3116,0,31,54,14,99
3120,0,34,52,15,101
3121,29,22,15,15,81
3123,156,31,135,15,337
3124,15,15,15,22,67
3125,15,37,0,16,68
3126,0,37,0,16,53
3127,38,15,67,16,136
3129,51,31,135,15,232
3130,15,21,144,22,202
3131,52,31,104,15,202
3132,0,31,135,15,181
3134,16,15,104,15,150
3135,0,15,104,15,134
3136,37,31,14,22,104
3137,15,31,14,22,82
3138,67,30,36,15,148
3140,14,22,66,15,117
3141,22,30,36,15,103
3142,115,19,31,15,180
3143,36,15,68,16,135
3144,21,15,68,16,120
3145,46,37,31,15,129
3146,0,31,0,18,49
3147,0,16,0,18,34
3148,18,19,31,15,83
3149,35,15,0,15,65
3150,127,38,51,14,230
3151,0,15,0,15,30
3155,15,30,22,16,83
3156,30,38,51,14,133
3159,30,15,36,15,96
3160,14,15,36,15,80
3162,36,30,69,15,150
3164,0,30,69,15,114
3165,15,38,97,16,166
3166,0,38,97,16,151
3167,16,31,37,15,99
3168,16,15,37,15,83
3169,0,15,37,15,67
3170,15,22,82,15,134
3171,0,22,82,15,119
3172,29,38,15,15,97
3175,52,35,20,15,122
3177,15,35,20,15,85
3178,17,18,20,15,70
3179,0,18,20,15,53
3180,0,35,15,15,65
3181,15,30,52,15,112
3186,0,30,37,15,82
3187,119,30,135,15,299
3191,0,16,36,14,66
3193,87,31,16,15,149
3195,0,16,135,15,166
3197,0,22,47,15,84
3200,31,37,150,14,232
3202,0,37,150,14,201
3204,15,15,53,18,101
3205,0,15,53,18,86
3206,53,18,49,14,134
3207,0,23,14,18,55
3208,162,38,300,16,516
3211,29,14,0,16,59
3212,22,14,0,16,52
3213,0,14,0,16,30
3215,15,36,68,14,133
3217,14,38,300,16,368
3219,53,36,47,15,151
3220,82,16,82,15,195
3221,28,22,47,15,112
3222,0,36,47,15,98
3223,54,30,15,22,121
3224,16,16,82,15,129
3225,0,16,82,15,113
3226,0,30,15,22,67
3227,15,37,15,15,82
3228,0,37,15,15,67
3229,22,30,53,14,119
3230,0,30,53,14,97
3232,0,37,46,22,105
3234,30,38,0,16,84
3235,114,37,30,15,196
3236,0,38,0,16,54
3237,64,20,67,15,166
3238,0,31,11,20,62
3239,0,15,11,20,46
3240,31,37,30,15,113
3241,57,30,15,22,124
3244,30,37,0,16,83
3247,22,31,51,14,118
3248,0,31,51,14,96
3252,97,31,0,16,144
3253,29,22,16,15,82
3254,0,37,16,15,68
3256,0,31,99,16,146
3257,62,16,89,15,182
3258,0,31,0,16,47
3259,15,32,89,15,151
3260,16,16,89,15,136
3261,0,16,89,15,120
3263,14,31,83,18,146
3265,37,15,165,16,233
3267,15,31,33,19,98
3268,15,16,33,19,83
3269,0,16,33,19,68
3270,15,18,30,20,83
3272,0,30,56,15,101
3273,11,42,60,16,129
3277,15,31,123,15,184
3278,16,15,123,15,169
3279,0,15,123,15,153
3280,16,23,99,16,154
3281,0,23,99,16,138
3282,0,32,52,15,99
3283,0,15,52,15,82
3285,52,31,0,15,98
3286,22,15,31,15,83
3287,15,31,0,15,61
3288,16,15,0,15,46
3289,45,37,69,15,166
3296,0,39,0,15,54
3297,0,23,0,15,38
3298,15,15,0,15,45
3299,15,37,84,14,150
3300,121,14,0,16,151
3301,0,22,84,14,120
3302,0,30,0,20,50
3303,14,32,201,15,262
3304,0,32,201,15,248
3305,0,12,201,15,228
3306,68,38,14,15,135
3307,14,32,52,15,113
3308,32,38,14,15,99
3309,0,16,52,15,83
3310,38,29,0,15,82
3312,14,15,0,15,44
3313,0,15,0,15,30
3314,0,37,215,9,261
3315,0,22,215,9,246
3316,29,37,0,15,81
3317,14,37,0,15,66
3318,15,22,0,15,52
3319,0,22,0,15,37
3321,16,30,88,9,143
3322,0,30,88,9,127
3323,14,88,19,8,129
3324,0,88,19,8,115
3325,0,9,10,8,27
3326,10,27,98,16,151
3327,27,30,0,22,79
3328,19,30,0,22,71
3329,98,38,63,16,215
3330,13,38,30,16,97
3331,38,30,54,16,138
3332,16,30,54,16,116
3334,15,38,63,16,132
3337,32,31,32,16,111
3339,16,15,32,16,79
3341,0,32,0,16,48
3343,50,23,96,16,185
3344,0,17,55,15,87
3345,100,36,16,16,168
3346,38,15,52,14,119
3347,30,30,52,16,128
3351,36,32,38,15,121
3354,0,16,38,15,69
3356,0,22,30,14,66
3357,81,16,98,16,211
3358,0,15,0,14,29
3359,14,22,65,13,114
3360,0,22,65,13,100
3361,15,16,98,16,145
3362,16,34,0,13,63
3364,17,35,14,15,81
3366,0,22,14,15,51
3367,14,15,0,16,45
3369,40,25,119,16,200
3370,24,25,119,16,184
3372,37,21,78,16,152
3373,0,41,78,16,135
3375,0,30,19,11,60
3376,20,30,18,16,84
3378,29,16,37,15,97
3379,34,37,30,18,119
3380,83,34,0,16,133
3382,0,21,30,18,69
3384,0,15,87,16,118
3389,31,29,51,16,127
3390,45,35,16,16,112
3391,0,29,51,16,96
3392,85,37,102,17,241
3393,0,35,16,16,67
3395,16,16,22,15,69
3396,16,37,102,17,172
3397,0,37,102,17,156
3398,0,15,102,17,134
3399,0,35,67,17,119
3401,29,38,51,14,132
3403,15,23,51,14,103
3404,0,23,51,14,88
3406,0,17,62,17,96
3407,47,15,33,18,113
3410,0,15,33,18,66
3411,0,33,0,18,51
3412,0,16,0,18,34
3414,17,32,69,16,134
3415,16,16,69,16,117
3416,0,16,69,16,101
3418,16,35,0,16,67
3420,53,30,54,16,153
3421,16,16,15,15,62
3423,15,15,54,16,100
3424,15,39,46,22,122
3425,0,39,46,22,107
3426,15,31,37,15,98
3427,15,16,37,15,83
3428,68,16,15,16,115
3432,0,16,15,16,47
3433,31,41,60,15,147
3434,37,20,60,15,132
3435,0,41,60,15,116
3437,31,29,0,15,75
3439,60,39,29,16,144
3440,0,15,0,15,30
3441,15,16,0,17,48
3442,0,16,0,17,33
3445,29,31,0,22,82
3447,31,38,16,15,100
3448,0,15,0,22,37
3450,0,16,16,15,47
3451,16,15,50,15,96
3453,15,21,14,15,65
3454,21,29,22,15,87
3456,52,30,171,20,273
3457,0,37,51,17,105
3458,66,17,46,21,150
3459,0,30,171,20,221
3461,0,38,46,21,105
3462,0,17,46,21,84
3463,31,36,49,17,133
3464,0,16,102,20,138
3465,36,31,18,17,102
3466,21,31,18,17,87
3467,0,31,18,17,66
3468,33,17,20,8,78
3469,55,8,55,16,134
3470,17,28,55,16,116
3471,20,8,55,16,99
3472,32,9,22,16,79
3473,55,16,16,15,102
3474,31,16,16,15,78
3475,38,31,21,15,105
3476,16,31,21,15,83
3478,66,15,88,16,185
3480,15,30,88,16,149
3481,0,30,88,16,134
3482,0,15,88,16,119
3483,0,37,97,21,155
3486,15,38,132,15,200
3487,22,16,132,15,185
3488,0,16,132,15,163
3492,31,14,151,17,213
3493,16,14,151,17,198
3494,14,36,15,16,81
3495,0,36,15,16,67
3496,0,14,15,16,45
3497,31,38,115,15,199
3499,38,31,15,17,101
3500,0,15,115,15,145
3501,0,31,15,17,63
3502,15,32,0,17,64
3504,99,22,0,15,136
3505,0,37,15,15,67
3507,0,30,15,22,67
3508,30,22,0,15,67
3509,15,22,0,15,52
3510,22,30,31,22,105
3511,45,16,0,22,83
3512,0,15,31,22,68
3513,15,16,0,22,53
3517,15,14,16,22,67
3518,0,14,16,22,52
3522,29,21,0,16,66
3523,15,21,0,16,52
3525,0,32,0,15,47
3526,0,16,0,15,31
3527,15,22,129,16,182
3530,15,37,16,15,83
3531,0,37,16,15,68
3533,0,31,16,16,63
3537,0,31,39,16,86
3538,0,15,39,16,70
3539,106,29,85,15,235
3540,18,37,59,16,130
3541,37,30,45,16,128
3542,80,32,53,15,180
3543,44,15,85,15,159
3546,31,16,53,15,115
3547,16,16,53,15,100
3548,0,16,53,15,84
3549,0,38,30,22,90
3551,52,9,22,14,97
3553,0,31,22,14,67
3554,0,9,22,14,45
3555,22,14,0,15,51
3556,52,30,119,14,215
3559,0,30,119,14,163
3561,31,36,0,15,82
3562,15,36,0,15,66
3563,0,36,0,15,51
3564,44,36,53,16,149
3565,66,31,38,15,150
3566,51,31,38,15,135
3569,15,16,38,15,84
3571,0,38,0,15,53
3572,16,31,15,18,80
3573,46,18,0,16,80
3574,49,37,15,14,115
3575,0,33,0,16,49
3576,0,18,0,16,34
3577,0,37,15,14,66
3578,0,21,15,14,50
3582,40,9,85,23,157
3583,17,9,85,23,134
3584,0,9,85,23,117
3587,0,32,70,15,117
3588,0,16,70,15,101
3590,23,31,130,21,205
3591,0,31,130,21,182
3592,22,31,0,15,68
3593,31,37,0,15,83
3595,0,37,0,15,52
3596,54,30,0,21,105
3597,0,32,96,22,150
3598,0,17,96,22,135
3599,0,30,0,21,51
3602,30,15,120,15,180
3603,0,29,120,15,164
3604,15,37,31,15,98
3605,0,37,31,15,83
3606,0,15,31,15,61
3608,16,31,90,15,152
3609,0,31,90,15,136
3610,37,15,69,15,136
3611,70,35,82,15,202
3612,15,34,35,15,99
3614,16,35,82,15,148
3615,0,35,82,15,132
3616,30,15,122,9,176
3617,0,30,122,9,161
3618,15,37,15,15,82
3622,0,15,55,9,79
3623,32,32,86,16,166
3624,15,32,86,16,149
3626,111,32,54,15,212
3627,55,16,15,16,102
3629,118,15,16,15,164
3630,79,38,16,15,148
3631,15,16,101,16,148
3633,0,32,54,15,101
3635,23,15,16,15,69
3636,77,38,49,15,179
3637,100,32,32,16,180
3638,15,31,23,15,84
3639,0,31,23,15,69
3641,38,32,32,16,118
3642,0,15,49,15,79
3643,133,28,74,14,249
3644,86,31,0,11,128
3645,32,38,59,21,150
3646,15,38,59,21,133
3647,16,22,59,21,118
3648,22,31,0,11,64
3650,15,28,74,14,131
3651,11,17,74,14,116
3652,38,15,0,16,69
3653,21,15,0,16,52
3654,15,38,113,15,181
3658,99,15,0,16,130
3661,31,31,0,16,78
3664,53,32,63,22,170
3669,0,32,15,16,63
3672,0,16,52,15,83
3673,52,15,0,22,89
3674,0,16,14,15,45
3675,29,38,15,15,97
3676,37,16,15,15,83
3678,31,15,53,15,114
3682,82,37,12,17,148
3684,0,15,152,14,181
3685,67,29,123,15,234
3686,63,17,123,15,218
3688,0,14,12,17,43
3689,29,33,23,14,99
3691,56,14,16,15,101
3692,0,14,23,14,51
3693,23,14,16,15,68
3694,0,14,16,15,45
3697,0,37,52,15,104
3698,45,37,15,15,112
3699,82,15,53,15,165
3700,15,37,15,15,82
3702,67,16,15,15,113
3703,52,16,15,15,98
3705,0,38,15,15,68
3708,15,31,54,30,130
3709,0,31,54,30,115
3710,54,45,25,16,140
3711,0,39,15,30,84
3712,21,45,25,16,107
3713,15,30,25,16,86
3714,55,31,22,29,137
3715,25,31,22,29,107
3716,15,31,22,29,97
3717,0,31,22,29,82
3718,0,15,22,29,66
3719,51,22,229,21,323
3720,29,22,229,21,301
3722,37,52,14,12,115
3723,15,52,14,12,93
3724,0,52,14,12,78
3725,52,12,68,23,155
3726,0,23,14,12,49
3727,14,12,68,23,117
3728,29,22,0,29,80
3729,0,39,0,29,68
3731,29,23,0,15,67
3735,0,30,132,23,185
3736,15,21,0,16,52
3737,21,31,134,30,216
3739,81,14,0,23,118
3740,0,36,16,28,80
3741,120,46,22,29,217
3742,0,44,0,23,67
3744,14,23,31,30,98
3745,69,31,22,29,151
3746,0,31,0,30,61
3750,52,32,37,30,151
3751,22,46,37,30,135
3752,46,37,67,29,179
3753,0,32,37,30,99
3754,54,30,37,29,150
3755,0,37,67,29,133
3756,22,30,37,29,118
3757,0,30,37,29,96
3758,15,37,0,29,81
3760,51,38,15,19,123
3761,67,15,0,19,101
3762,14,38,15,19,86
3763,38,15,0,19,72
3766,0,36,79,15,130
3768,17,17,45,15,94
3769,34,28,51,31,144
3770,17,28,51,31,127
3771,28,29,91,16,164
3772,18,29,91,16,154
3774,0,14,91,16,121
3775,53,15,55,30,153
3777,15,15,55,30,115
3780,0,32,67,30,129
3781,0,16,67,30,113
3782,97,15,89,15,216
3783,30,22,15,15,82
3784,0,15,134,22,171
3785,37,30,89,15,171
3786,67,45,0,22,134
3788,15,22,45,22,104
3789,51,16,0,22,89
3791,97,22,0,15,134
3792,83,22,0,15,120
3793,37,30,0,22,89
3794,0,45,0,22,67
3795,82,18,17,34,151
3796,14,22,0,15,51
3797,0,22,0,15,37
3798,15,33,17,34,99
3800,18,17,80,23,138
3801,17,34,114,14,179
3802,34,46,0,23,103
3803,23,46,0,23,92
3804,0,46,0,23,69
3806,68,51,51,15,185
3807,0,23,0,15,38
3808,15,15,15,14,59
3809,30,36,51,15,132
3810,51,29,22,15,117
3811,14,22,51,15,102
3812,0,22,51,15,88
3814,15,22,15,30,82
3816,45,22,15,30,112
3817,0,30,67,15,112
3818,15,22,15,30,82
3819,0,22,15,30,67
3822,15,37,29,17,98
3827,17,15,22,18,72
3829,0,22,18,17,57
3830,47,37,30,21,135
3831,44,22,30,21,117
3832,27,22,30,21,100
3833,15,22,30,21,88
3834,37,36,16,29,118
3835,51,45,15,23,134
3836,96,23,97,14,230
3837,21,45,15,23,104
3838,16,29,15,23,83
3839,0,29,15,23,67
3841,38,16,14,14,82
3842,23,16,14,14,67
3843,30,36,15,16,97
3844,0,50,15,16,81
3845,14,22,15,16,67
3846,0,22,15,16,53
3847,15,16,0,14,45
3850,22,16,112,25,175
3851,46,15,92,27,180
3852,30,15,92,27,164
3853,15,15,92,27,149
3854,15,23,69,27,134
3855,0,23,69,27,119
3857,30,25,208,22,285
3860,0,43,0,15,58
3861,19,16,0,15,50
3864,0,22,15,15,52
3865,30,38,29,15,112
3866,15,38,29,15,97
3867,16,22,29,15,82
3868,22,14,68,15,119
3870,0,46,105,30,181
3871,15,16,105,30,166
3873,68,37,45,21,171
3874,46,37,45,21,149
3876,52,30,15,21,118
3878,0,21,45,21,87
3879,0,30,15,21,66
3880,0,15,15,21,51
3881,36,16,16,15,83
3882,21,16,16,15,68
3883,16,47,22,16,101
3885,0,31,22,16,69
3886,38,46,52,16,152
3888,46,35,104,14,199
3890,15,35,104,14,168
3892,0,22,104,14,140
3893,17,16,85,16,134
3894,16,32,16,23,87
3896,0,16,16,23,55
3897,0,39,82,15,136
3899,30,29,23,15,97
3900,0,45,23,15,83
3901,29,23,15,16,83
3903,54,51,68,15,188
3905,0,16,15,14,45
3907,14,22,68,15,119
3909,30,38,0,15,83
3910,69,33,82,15,199
3911,116,16,36,15,183
3912,38,33,82,15,168
3914,18,15,82,15,130
3915,15,46,36,15,112
3917,14,16,36,15,81
3918,0,16,36,15,67
3919,102,35,34,30,201
3920,81,35,34,30,180
3922,34,17,13,22,86
3923,119,15,54,16,204
3925,0,35,34,30,99
3926,0,22,34,30,86
3927,81,15,69,16,181
3928,17,30,54,16,117
3929,30,32,69,16,147
3930,15,32,69,16,132
3931,32,22,16,31,101
3932,15,22,16,31,84
3933,22,47,0,16,85
3935,31,32,38,16,117
3937,16,16,38,16,86
3939,38,16,0,31,85
3942,0,47,37,16,100
3943,85,48,36,16,185
3944,16,37,16,16,85
3945,53,48,36,16,153
3946,0,22,16,16,54
3947,0,16,0,16,32
3950,16,36,0,16,68
3951,68,33,17,34,152
3952,20,16,147,16,199
3953,0,16,147,16,179
3955,0,33,17,34,84
3956,18,17,34,16,85
3957,51,47,16,22,136
3958,50,31,16,22,119
3959,22,47,16,22,107
3960,0,47,16,22,85
3961,0,31,16,22,69
3962,16,38,30,15,99
3964,0,22,30,15,67
3966,0,46,88,15,149
3967,15,16,88,15,134
3970,67,45,0,22,134
3973,22,45,0,22,89
3974,67,46,51,15,179
3975,30,22,61,21,134
3976,52,31,51,15,149
3978,0,46,51,15,112
3980,15,36,82,15,148
3981,104,29,69,31,233
3983,30,38,29,19,116
3984,53,29,69,31,182
3986,22,29,69,31,151
3987,14,15,69,31,129
3988,0,15,69,31,115
3990,29,21,31,15,96
3991,12,21,31,15,79
3992,21,31,67,15,134
3993,31,37,30,15,113
3994,31,22,30,15,98
3995,0,37,30,15,82
3996,0,22,30,15,67
3997,83,45,21,30,179
3999,38,15,14,15,82
4000,150,22,100,15,287
4002,0,45,21,30,96
4005,51,16,38,31,136
4006,30,16,38,31,115
4007,14,16,38,31,99
4008,38,47,53,15,153
4010,63,15,37,31,146
4011,0,31,53,15,99
4012,16,31,37,31,115
4014,15,22,15,31,83
4016,0,46,15,22,83
4019,107,29,98,15,249
4020,53,39,127,15,234
4021,0,16,15,11,42
4022,15,39,127,15,196
4023,11,28,127,15,181
4024,57,30,37,16,140
4026,21,30,37,16,104
4027,30,37,31,15,113
4028,68,46,121,30,265
4029,0,37,31,15,83
4030,21,16,85,16,138
4031,62,23,16,16,117
4032,30,16,121,30,197
4033,15,16,121,30,182
4034,0,16,121,30,167
4035,23,32,133,30,218
4036,62,15,201,19,297
4037,112,16,134,19,281
4042,0,46,134,19,199
4043,0,31,134,19,184
4045,21,46,22,16,105
4046,0,46,22,16,84
4047,15,16,22,16,69
4048,83,37,34,16,170
4049,0,22,45,19,86
4051,0,29,0,19,48
4052,14,37,34,16,101
4053,19,18,34,16,87
4055,0,34,0,16,50
4057,0,16,0,30,46
4058,30,21,15,30,96
4060,0,21,15,30,66
4061,0,15,0,30,45
4062,0,52,51,15,118
4063,0,37,51,15,103
4064,0,22,51,15,88
4065,14,15,118,15,162
4066,52,15,0,30,97
4067,22,30,0,30,82
4068,15,15,0,30,60
4069,0,15,0,30,45
4070,15,37,45,21,118
4071,0,37,45,21,103
4072,0,22,45,21,88
4073,14,15,16,21,66
4074,15,37,0,30,82
4075,37,30,16,21,104
4076,21,30,16,21,88
4077,30,37,30,15,112
4081,0,16,80,15,111
4082,0,51,80,20,151
4083,15,22,80,20,137
4084,37,14,51,20,122
4085,15,14,51,20,100
4087,34,37,81,15,167
4089,37,15,15,14,81
4090,20,15,15,14,64
4093,14,22,149,29,214
4094,37,15,15,22,89
4095,30,37,185,15,267
4096,52,15,82,14,163
4098,22,15,82,14,133
4100,67,51,98,16,232
4101,37,15,149,16,217
4103,15,51,98,16,180
4104,51,29,69,16,165
4105,14,22,98,16,150
4106,0,22,98,16,136
4107,15,14,69,16,114
4108,68,47,66,23,204
4109,38,16,15,16,85
4110,46,32,66,23,167
4111,16,47,66,23,152
4112,31,16,66,23,136
4114,53,29,0,23,105
4115,15,22,29,23,89
4116,22,29,0,23,74
4117,0,29,0,23,52
4119,0,23,45,15,83
4120,30,49,131,16,226
4121,21,49,131,16,217
4122,15,34,131,16,196
4123,34,19,46,21,120
4124,0,19,131,16,166
4127,30,21,84,15,150
4128,15,21,84,15,135
4129,21,45,100,16,182
4130,0,45,100,16,161
4131,0,30,100,16,146
4133,0,39,15,16,70
4135,46,15,37,30,128
4137,30,37,0,30,97
4138,0,15,37,30,82
4139,16,21,0,30,67
4140,0,21,0,30,51
4142,14,37,0,30,81
4144,51,22,15,29,117
4146,15,22,15,29,81
4147,37,29,22,15,103
4148,15,29,22,15,81
4149,0,29,22,15,66
4150,51,17,14,15,97
4152,15,17,14,15,61
4153,0,17,14,15,46
4154,14,31,169,15,229
4155,15,16,169,15,215
4158,0,34,61,21,116
4161,73,15,68,16,172
4162,0,20,15,21,56
4164,36,46,22,16,120
4165,30,31,22,16,99
4166,0,46,22,16,84
4168,83,22,133,30,268
4169,0,22,16,29,67
4170,0,45,22,15,82
4173,0,22,133,30,185
4175,0,29,22,29,80
4177,36,37,16,30,119
4178,51,16,15,15,97
4179,15,22,16,30,83
4180,38,46,21,15,120
4181,31,31,21,15,98
4182,30,16,21,15,82
4183,15,16,21,15,67
4186,15,36,30,15,96
4187,0,36,30,15,81
4188,51,31,37,29,148
4189,15,46,37,29,127
4190,15,31,37,29,112
4191,0,31,37,29,97
4193,37,29,69,16,151
4195,29,21,23,25,98
4196,35,48,53,29,165
4197,44,25,53,29,151
4198,48,31,22,29,130
4199,25,31,22,29,107
4201,16,15,22,29,82
4202,0,15,22,29,66
4203,22,44,23,29,118
4204,29,15,23,29,96
4206,67,16,22,30,135
4207,23,45,22,30,120
4208,29,16,22,30,97
4209,15,16,22,30,83
4212,14,31,37,31,113
4213,16,15,37,31,99
4214,37,46,215,23,321
4216,30,16,215,23,284
4217,31,37,30,15,113
4218,16,37,30,15,98
4220,0,22,30,15,67
4223,31,22,16,16,85
4225,38,16,63,23,140
4226,16,16,63,23,118
4227,47,15,99,21,182
4228,0,46,99,21,166
4229,15,15,99,21,150
4231,0,40,15,18,73
4232,38,44,69,16,167
4233,128,32,24,31,215
4234,0,44,69,16,129
4235,0,26,69,16,111
4236,17,38,16,15,86
4237,21,17,16,15,69
4238,0,17,16,15,48
4239,16,15,0,16,47
4242,169,15,38,32,254
4244,31,32,119,32,214
4245,40,15,119,32,206
4247,0,15,119,32,166
4248,30,22,14,15,81
4249,51,15,38,32,136
4250,0,22,14,15,51
4251,14,15,38,32,99
4253,38,32,15,15,100
4255,0,32,15,15,62
4257,15,15,16,21,67
4259,37,16,66,14,133
4260,0,21,16,29,66
4263,52,14,16,21,103
4264,0,22,15,14,51
4265,0,29,16,21,66
4266,14,37,52,15,118
4268,21,29,23,15,88
4269,29,23,15,29,96
4270,14,23,15,29,81
4271,0,23,15,29,67
4273,29,34,16,16,95
4276,0,15,16,16,47
4277,0,32,37,30,99
4279,37,30,22,29,118
4282,15,22,66,29,132
4283,0,22,66,29,117
4285,0,30,22,29,81
4286,51,31,36,15,133
4287,22,45,36,15,118
4288,0,45,36,15,96
4290,0,16,36,15,67
4291,21,46,88,30,185
4292,30,16,88,30,164
4293,0,31,88,30,149
4296,0,44,22,30,96
4297,66,31,68,15,180
4298,51,31,68,15,165
4300,14,31,68,15,128
4301,16,15,68,15,114
4302,83,36,15,15,149
4305,0,31,0,15,46
4309,15,15,65,22,117
4310,15,35,30,22,102
4312,19,30,38,29,116
4314,0,13,38,29,80
4315,53,14,22,29,118
4317,0,29,22,29,80
4319,22,45,21,30,118
4320,0,45,21,30,96
4321,14,16,21,30,81
4322,0,16,21,30,67
4324,30,16,36,15,97
4326,83,22,14,15,134
4328,0,46,22,29,97
4330,0,16,22,29,67
4331,22,45,21,29,117
4332,66,45,22,29,162
4334,37,45,22,29,133
4336,0,45,22,29,96
4337,14,16,22,29,81
4338,0,16,22,29,67
4340,0,45,21,30,96
4341,0,31,21,30,82
4343,0,21,80,16,117
4344,0,47,17,16,80
4346,17,33,104,17,171
4349,31,38,0,35,104
4350,15,38,0,35,88
4351,38,35,50,16,139
4352,18,35,50,16,119
4353,35,17,17,16,85
4354,22,17,17,16,72
4355,0,17,17,16,50
4356,33,47,47,23,150
4359,0,31,47,23,101
4360,0,16,47,23,86
4361,47,23,33,16,119
4363,16,23,33,16,88
4364,23,33,229,22,307
4365,33,16,48,16,113
4367,0,16,48,16,80
4368,16,17,15,16,64
4369,17,47,15,16,95
4371,32,31,23,15,101
4376,0,46,187,16,249
4377,0,31,187,16,234
4378,15,33,139,15,202
4379,33,22,132,16,203
4381,0,22,132,16,170
4385,15,16,0,16,47
4386,16,39,15,16,86
4387,70,17,100,16,203
4388,0,23,15,16,54
4389,31,17,100,16,164
4390,66,36,47,16,165
4392,33,36,47,16,132
4393,18,36,47,16,117
4394,36,31,16,16,99
4395,20,31,16,16,83
4396,31,32,118,16,197
4397,21,32,118,16,187
4398,150,16,16,15,197
4399,16,35,83,16,150
4402,32,15,15,21,83
4404,51,16,16,15,98
4406,37,47,101,16,201
4408,0,47,101,16,164
4409,15,16,101,16,148
4410,32,22,94,23,171
4411,38,16,101,32,187
4412,22,16,101,32,171
4414,47,31,70,15,163
4419,55,46,180,29,310
4421,23,46,180,29,278
4422,0,46,180,29,255
4423,31,22,112,16,181
4424,54,17,79,16,166
4425,38,17,79,16,150
4427,0,17,79,16,112
4428,34,45,155,15,249
4429,23,45,155,15,238
4431,15,15,155,15,200
4432,15,33,66,16,130
4433,16,17,66,16,115
4434,30,29,24,16,99
4436,0,29,24,16,69
4437,24,33,155,16,228
4438,15,33,155,16,219
4440,55,30,16,15,116
4441,0,23,61,15,99
4442,0,45,16,15,76
4444,15,31,105,17,168
4445,87,32,49,15,183
4446,15,23,16,17,71
4447,0,23,16,17,56
4449,0,17,16,16,49
4450,16,16,49,15,96
4451,0,16,49,15,80
4452,34,46,16,16,112
4454,30,16,16,16,78
4455,15,16,16,16,63
4456,48,23,62,16,149
4457,0,32,23,16,71
4459,0,23,62,16,101
4460,0,47,54,15,116
4461,31,31,23,15,100
4462,16,31,23,15,85
4464,0,16,23,15,54
4466,0,31,68,16,115
4468,68,46,103,17,234
4470,37,46,103,17,203
4471,22,46,103,17,188
4472,0,46,103,17,166
4473,30,37,17,18,102
4474,31,21,17,18,87
4476,21,17,49,17,104
4477,0,17,49,17,83
4478,18,31,17,31,97
4480,37,48,15,16,116
4482,15,33,15,16,79
4483,16,17,15,16,64
4484,17,31,21,16,85
4486,16,21,0,16,53
4489,0,29,36,16,81
4490,14,21,68,16,119
4491,21,46,68,15,150
4493,69,30,121,16,236
4494,0,15,68,15,98
4495,22,46,121,16,205
4496,16,30,121,16,183
4497,15,15,121,16,167
4499,0,38,16,15,69
4500,84,22,16,17,139
4501,83,33,165,31,312
4502,0,45,22,16,83
4503,30,22,16,17,85
4504,14,22,16,17,69
4506,49,18,48,30,145
4507,0,17,165,31,213
4508,0,34,48,30,112
4510,31,47,53,31,162
4511,0,13,17,30,60
4512,17,30,53,31,131
4514,15,38,30,16,99
4515,0,38,30,16,84
4516,22,15,15,16,68
4517,15,46,22,16,99
4518,0,46,22,16,84
4519,31,22,0,16,69
4521,84,18,0,16,118
4523,0,31,15,18,64
4526,18,33,119,14,184
4528,0,17,119,14,150
4530,15,15,167,17,214
4532,30,18,19,14,81
4533,14,18,19,14,65
4534,18,33,0,20,71
4536,0,14,0,20,34
4538,31,19,16,17,83
4539,15,19,16,17,67
4540,35,49,88,30,202
4541,16,49,88,30,183
4542,0,49,88,30,167
4543,64,36,116,18,234
4544,16,32,0,19,67
4545,0,32,0,19,51
4547,0,36,116,18,170
4548,0,17,116,18,151
4549,0,20,11,19,50
4550,44,36,34,30,144
4552,0,50,34,30,114
4555,0,34,0,30,64
4556,33,15,18,17,83
4557,30,35,0,17,82
4559,0,35,0,17,52
4560,17,32,18,18,85
4561,32,36,83,32,183
4565,0,32,0,15,47
4566,68,50,14,18,150
4569,33,35,14,18,100
4572,18,32,0,16,66
4573,0,32,0,16,48
4574,18,34,34,33,119
4576,0,18,34,33,85
4577,49,18,84,16,167
4579,0,33,84,16,133
4580,52,16,34,16,118
4581,0,34,0,16,50
4582,19,16,34,16,85
4583,66,34,0,33,133
4584,34,50,0,33,117
4585,34,34,0,33,101
4586,0,50,0,33,83
4587,49,18,49,18,134
4589,49,15,86,33,183
4590,0,18,49,18,85
4591,31,36,0,30,97
4592,149,18,100,32,299
4593,0,36,0,30,66
4594,18,30,20,33,101
4597,0,20,15,18,53
4600,0,33,100,32,165
4601,18,34,197,18,267
4602,0,34,197,18,249
4603,18,47,19,32,116
4606,16,19,49,18,102
4607,19,49,82,18,168
4608,0,49,82,18,149
4609,16,17,82,18,133
4611,18,48,52,33,151
4612,64,18,18,33,133
4613,33,34,18,33,118
4615,0,34,18,33,85
4617,0,18,15,18,51
4618,15,32,19,17,83
4619,0,32,19,17,68
4621,0,36,34,32,102
4622,17,34,115,18,184
4624,0,18,115,18,151
4627,18,47,50,18,133
4628,47,36,32,18,133
4629,83,18,18,33,152
4633,0,32,18,33,83
4634,18,18,200,32,268
4636,0,33,64,18,115
4637,0,17,64,18,99
4638,50,32,250,15,347
4639,0,35,32,19,86
4640,49,19,80,18,166
4641,32,19,80,18,149
4645,17,34,14,18,83
4646,16,18,14,18,66
4647,66,36,0,30,132
4649,18,16,117,15,166
4650,33,19,0,30,82
4652,31,18,51,15,115
4653,12,18,51,15,96
4655,0,36,132,18,186
4657,15,15,51,17,98
4658,51,32,19,33,135
4660,49,19,15,18,101
4661,32,19,15,18,84
4663,0,19,15,18,52
4664,0,33,68,32,133
4665,0,18,68,32,118
4667,18,17,33,17,85
4669,117,50,83,32,282
4670,32,34,0,33,99
4676,32,18,83,32,165
4677,17,18,83,32,150
4678,0,18,83,32,133
4679,14,18,18,33,83
4682,0,33,66,17,116
4683,18,48,135,31,232
4684,32,16,135,31,214
4685,51,17,167,32,267
4686,0,16,135,31,182
4687,0,35,167,32,234
4688,0,17,167,32,216
4689,14,20,14,17,65
4691,0,31,102,32,165
4694,0,18,81,18,117
4695,31,36,14,18,99
4697,0,36,14,18,68
4700,18,33,183,18,252
4701,16,17,183,18,234
4702,0,17,183,18,218
4705,29,32,83,18,162
4707,32,33,50,18,133
4708,50,33,86,33,202
4709,0,33,50,18,101
4710,0,17,50,18,85
4711,0,33,86,33,152
4712,15,35,15,17,82
4713,50,17,19,33,119
4715,0,32,19,33,84
4716,69,33,14,18,134
4717,0,19,15,18,52
4720,0,33,14,18,65
4721,17,50,134,33,234
4722,0,50,134,33,217
4723,51,18,32,18,119
4725,0,33,32,18,83
4727,0,32,102,16,150
4728,17,36,16,17,86
4729,52,50,16,33,151
4730,18,16,150,32,216
4731,0,16,150,32,198
4732,17,33,16,33,99
4733,33,16,15,18,82
4734,34,50,66,18,168
4736,15,35,66,18,134
4738,0,17,66,18,101
4739,34,32,18,33,117
4741,32,18,51,31,132
4742,17,18,51,31,117
4745,18,49,0,18,85
4746,18,31,0,18,67
4747,31,18,17,32,98
4748,17,18,17,32,84
4749,0,18,17,32,67
4750,0,49,18,33,100
4751,165,18,33,31,247
4752,18,18,14,19,69
4753,51,34,48,18,151
4755,53,48,0,18,119
4756,0,34,48,18,100
4757,0,15,48,18,81
4758,31,17,0,18,66
4759,32,18,33,31,114
4762,0,33,0,31,64
4763,33,34,33,18,118
4765,34,33,101,31,199
4766,34,18,101,31,184
4767,15,18,101,31,165
4768,18,18,114,18,168
4769,68,17,65,33,183
4770,32,18,82,33,165
4772,18,17,65,33,133
4773,33,31,83,18,165
4774,16,31,83,18,148
4775,31,18,0,33,82
4777,0,18,0,33,51
4778,0,51,148,17,216
4779,68,18,98,17,201
4781,165,18,0,33,216
4782,18,18,98,17,151
4783,0,18,98,17,133
4785,31,36,117,32,216
4787,0,36,117,32,185
4788,0,18,117,32,167
4792,33,35,0,32,100
4793,17,35,0,32,84
4795,19,32,0,32,83
4797,49,18,14,17,98
4798,50,31,183,19,283
4799,17,18,14,17,66
4800,18,31,183,19,251
4801,14,17,183,19,233
4802,17,36,232,16,301
4803,36,31,0,18,85
4806,17,18,0,18,53
4808,18,31,0,17,66
4809,0,31,0,17,48
4810,16,35,14,19,84
4811,0,35,14,19,68
4812,51,17,83,33,184
4813,33,17,83,33,166
4814,36,49,16,18,119
4819,34,33,0,15,82
4820,51,33,18,33,135
4821,33,33,18,33,117
4822,0,18,0,15,33
4825,18,33,116,32,199
4826,33,50,14,19,116
4827,18,50,14,19,101
4828,0,50,14,19,83
4831,33,33,32,16,114
4832,19,33,32,16,100
4833,65,35,15,19,134
4834,18,32,0,16,66
4835,32,35,15,19,101
4836,17,35,15,19,86
4837,16,19,15,19,69
4839,0,34,131,17,182
4840,68,18,0,32,118
4842,19,33,0,32,84
4843,15,18,0,32,65
4844,18,32,117,33,200
4845,32,32,151,18,233
4846,17,32,151,18,218
4847,0,32,151,18,201
4849,52,33,66,18,169
4851,83,18,84,32,217
4854,0,51,84,32,167
4855,0,36,84,32,152
4856,0,18,84,32,134
4857,214,18,217,17,466
4858,32,18,19,32,101
4859,14,18,19,32,83
4860,37,32,0,34,103
4861,0,19,14,18,51
4862,32,34,0,32,98
4863,18,34,0,32,84
4864,0,34,0,32,66
4865,84,18,217,17,336
4866,64,18,217,17,316
4870,0,18,217,17,252
4871,17,50,14,18,99
4872,14,36,14,18,82
4874,0,18,14,18,50
4875,14,18,19,17,68
4876,18,19,49,14,100
4877,0,19,49,14,82
4878,63,18,167,18,266
4880,18,32,167,18,235
4881,0,32,167,18,217
4887,20,49,18,32,119
4888,0,49,18,32,99
4889,33,18,14,18,83
4891,18,32,16,17,83
4893,18,50,199,17,284
4894,50,18,198,33,299
4895,17,17,199,17,250
4898,46,36,182,19,283
4901,18,18,182,19,237
4902,0,18,182,19,219
4903,99,17,66,19,201
4904,17,19,216,19,271
4905,135,34,66,19,254
4906,0,48,17,33,98
4907,17,17,17,33,84
4908,0,17,17,33,67
4909,0,17,66,19,102
4910,33,18,15,19,85
4911,18,18,15,19,70
4914,19,32,34,19,104
4915,0,32,34,19,85
4916,17,34,83,17,151
4917,82,17,18,17,134
4918,68,17,18,17,120
4920,96,17,65,18,196
4922,17,18,68,32,135
4924,17,32,65,18,132
4925,15,17,65,18,115
4926,0,17,65,18,100
4927,34,17,66,32,149
4928,15,17,66,32,130
4929,17,49,17,32,115
4930,0,49,17,32,98
4931,18,17,17,32,84
4933,0,17,0,32,49
4934,15,36,32,17,100
4935,0,36,32,17,85
4936,19,32,32,17,100
4937,0,32,32,17,81
4938,18,17,65,17,117
4942,50,18,49,19,136
4943,32,18,49,19,118
4944,84,19,166,17,286
4945,36,31,0,19,86
4946,0,49,0,19,68
4947,31,19,166,17,233
4948,17,19,166,17,219
4950,31,18,81,17,147
4952,0,18,81,17,116
4953,31,36,67,33,167
4954,16,36,67,33,152
4956,18,31,0,19,68
4957,31,19,17,33,100
4958,17,19,17,33,86
4959,19,50,0,32,101
4960,50,32,18,32,132
4961,33,32,18,32,115
4962,18,32,18,32,100
4963,32,18,64,18,132
4964,67,19,31,18,135
4965,50,19,31,18,118
4966,0,51,31,18,100
4968,19,31,183,17,250
4969,49,51,114,17,231
4970,18,18,165,17,218
4971,32,37,114,17,200
4972,0,51,114,17,182
4974,0,21,114,17,152
4978,0,50,15,17,82
4979,18,18,15,17,68
4980,18,32,51,15,116
4981,0,32,51,15,98
4982,0,17,51,15,83
4985,0,33,0,16,49
4986,15,34,51,32,132
4987,0,34,51,32,117
4988,0,18,51,32,101
4989,32,19,14,18,83
4991,83,18,18,32,151
4992,32,19,13,18,82
4995,0,31,18,32,81
4997,0,18,217,33,268
4999,0,36,64,17,117
5000,19,31,19,31,100
5003,50,18,15,18,101
5004,0,49,15,18,82
5006,85,33,83,18,219
5007,0,33,34,33,100
5008,52,33,83,18,186
5010,52,32,0,16,100
5013,0,32,0,16,48
5014,51,18,0,18,87
5015,51,49,0,16,116
5016,0,17,18,18,53
5019,31,35,0,33,99
5020,17,35,0,33,85
5021,0,35,0,33,68
5022,34,18,33,15,100
5023,0,33,33,15,81
5024,0,18,33,15,66
5026,18,33,67,15,133
5027,0,33,67,15,115
5028,36,49,101,32,218
5029,18,49,101,32,200
5030,22,27,101,32,182
5032,17,34,16,18,85
5033,0,34,16,18,68
5034,53,33,47,17,150
5035,0,34,33,32,99
5036,18,33,47,17,115
5037,0,33,47,17,97
5040,17,32,167,18,234
5042,35,18,50,32,135
5044,0,18,50,32,100
5045,0,32,18,32,82
5046,51,33,18,15,117
5047,18,48,18,15,99
5049,17,16,18,15,66
5050,0,16,18,15,49
5052,15,35,18,33,101
5053,0,35,18,33,86
5055,18,33,49,15,115
5057,0,19,49,15,83
5058,16,33,48,18,115
5060,85,32,20,31,168
5061,15,19,84,31,149
5062,19,32,66,17,134
5064,18,32,20,31,101
5065,0,32,20,31,83
5066,17,20,14,17,68
5067,20,48,66,18,152
5068,66,48,35,32,181
5070,35,48,35,32,150
5071,0,18,383,31,432
5072,0,48,35,32,115
5075,67,18,83,32,200
5076,0,17,32,18,67
5077,0,32,33,17,82
5078,35,44,22,17,118
5079,0,18,83,32,133
5080,66,17,83,17,183
5081,17,12,22,17,68
5083,22,17,83,17,139
5084,17,32,51,17,117
5085,0,32,51,17,100
5088,83,34,0,31,148
5090,0,17,48,19,84
5091,0,33,65,18,116
5092,18,34,0,31,83
5093,0,34,0,31,65
5094,19,31,0,18,68
5095,31,33,0,18,82
5096,0,15,0,18,33
5097,18,15,0,18,51
5098,0,15,0,18,33
5100,67,17,150,19,253
5101,33,34,150,19,236
5102,18,34,150,19,221
5103,116,18,50,19,203
5105,50,18,82,19,169
5108,18,32,50,19,119
5109,0,32,50,19,101
5110,68,35,14,17,134
5111,0,33,66,17,116
5113,36,16,14,17,83
5114,35,49,65,19,168
5116,0,49,65,19,133
5117,17,18,65,19,119
5118,18,34,15,16,83
5119,15,19,15,16,65
5124,0,46,33,21,100
5125,0,29,33,21,83
5126,0,17,33,21,71
5127,0,21,12,21,54
5129,0,21,217,16,254
5130,0,34,63,20,117
5133,48,20,116,32,216
5134,133,19,149,32,333
5135,0,36,116,32,184
5136,0,20,116,32,168
5137,47,19,132,18,216
5138,15,36,132,18,201
5139,17,19,132,18,186
5141,0,34,149,32,215
5142,19,16,63,19,117
5143,16,49,51,33,149
5144,32,17,51,33,133
5145,18,17,51,33,119
5146,0,17,51,33,101
5147,33,18,33,32,116
5148,37,33,84,31,185
5149,0,18,33,32,83
5150,0,33,84,31,148
5152,0,48,136,33,217
5154,16,36,31,18,101
5155,0,36,31,18,85
5156,0,21,31,18,70
5158,0,17,102,16,135
5161,0,34,33,16,83
5162,19,33,0,16,68
5164,0,18,0,16,34
5165,50,49,15,17,131
5166,98,17,119,32,266
5167,34,33,15,17,99
5168,0,49,15,17,81
5169,48,17,119,32,216
5170,0,18,15,17,50
5171,81,18,18,17,134
5172,17,33,52,17,119
5175,0,34,18,17,69
5176,0,18,18,17,53
5177,0,18,34,32,84
5179,32,32,18,19,101
5181,32,37,13,16,98
5182,65,16,20,33,134
5183,0,37,13,16,66
5184,0,19,13,16,48
5185,0,29,20,33,82
5187,0,20,133,33,186
5188,33,14,52,18,117
5189,17,14,52,18,101
5190,0,14,52,18,84
5191,17,18,35,16,86
5192,0,18,35,16,69
5193,0,35,0,16,51
5194,0,18,0,16,34
5196,64,18,18,17,117
5197,17,49,18,17,101
5198,31,18,18,17,84
5201,18,17,15,18,68
5202,50,33,31,17,131
5203,33,33,31,17,114
5204,33,18,31,17,99
5205,0,33,31,17,81
5206,18,17,85,32,152
5207,17,48,150,18,233
5208,14,34,150,18,216
5209,34,20,17,32,103
5210,17,20,17,32,86
5211,0,20,17,32,69
5213,47,16,50,18,131
5215,15,16,50,18,99
5216,0,16,50,18,84
5218,0,17,16,18,51
5219,16,18,66,19,119
5220,36,48,0,19,103
5222,97,17,18,18,150
5223,31,19,0,16,66
5225,35,31,18,18,102
5229,36,16,148,17,217
5231,0,16,148,17,181
5232,32,17,52,32,133
5233,18,17,52,32,119
5234,0,17,52,32,101
5235,17,17,18,32,84
5236,49,33,0,17,99
5238,82,17,65,17,181
5239,50,18,32,17,117
5240,15,35,32,17,99
5241,0,35,32,17,84
5243,49,16,34,17,116
5244,0,48,34,17,99
5247,34,35,0,33,102
5248,17,35,0,33,85
5249,50,18,33,33,134
5250,51,33,117,17,218
5252,0,18,33,33,84
5253,33,33,32,17,115
5256,17,32,0,17,66
5257,0,32,0,17,49
5258,17,35,17,17,86
5260,18,17,134,30,199
5261,17,50,33,17,117
5262,0,50,33,17,100
5265,84,48,66,19,217
5266,18,17,0,17,52
5267,0,17,0,17,34
5268,17,17,65,18,117
5269,47,18,66,19,150
5271,17,18,66,19,120
5272,0,18,66,19,103
5273,35,31,150,17,233
5274,100,18,81,17,216
5275,0,31,150,17,198
5276,16,19,0,32,67
5278,0,50,81,17,148
5279,17,18,81,17,133
5282,0,50,14,17,81
5283,17,18,14,17,66
5284,0,18,14,17,49
5286,36,33,0,32,101
5289,0,18,0,32,50
5290,0,50,15,17,82
5293,0,32,118,33,183
5294,0,17,118,33,168
5297,0,36,50,33,119
5298,0,18,50,33,101
5299,33,17,15,18,83
5300,19,17,15,18,69
5301,0,17,15,18,50
5302,0,48,84,17,149
5303,33,19,0,32,84
5305,0,19,0,32,51
5306,0,48,34,15,97
5307,16,16,34,15,81
5308,0,16,34,15,65
5310,17,32,53,32,134
5312,0,17,53,32,102
5313,53,32,151,31,267
5315,17,32,151,31,231
5316,0,32,151,31,214
5317,17,50,101,31,199
5318,50,18,64,19,151
5322,0,49,15,19,83
5323,18,17,15,19,69
5324,51,31,19,33,134
5325,34,31,19,33,117
5326,0,19,31,19,69
5327,0,31,19,33,83
5328,18,19,0,33,70
5329,0,19,0,33,52
5330,0,33,66,15,114
5333,17,16,18,15,66
5335,33,19,0,33,85
5336,15,19,0,33,67
5337,0,19,0,33,52
5338,33,50,14,17,114
5339,18,50,14,17,99
5340,0,50,14,17,81
5341,35,31,0,18,84
5342,0,18,14,17,49
5343,31,35,15,17,98
5346,0,17,15,17,49
5347,15,17,168,18,218
5348,17,33,85,17,152
5349,0,33,85,17,135
5350,0,15,85,17,117
5351,34,34,34,33,135
5353,16,18,34,33,101
5355,34,33,116,18,201
5357,0,33,116,18,167
5358,17,18,0,34,69
5359,18,34,82,15,149
5361,0,20,82,15,117
5362,0,48,49,17,114
5364,17,34,15,17,83
5366,33,17,18,16,84
5367,0,32,18,16,66
5368,17,34,18,31,100
5369,18,16,18,31,83
5371,0,18,64,18,100
5372,14,33,17,18,82
5374,0,16,17,18,51
5375,53,49,34,31,167
5378,49,34,0,31,114
5380,0,17,34,31,82
5382,17,31,0,16,64
5385,0,34,18,17,69
5387,0,35,0,32,67
5388,32,17,33,17,99
5389,32,19,14,17,82
5390,0,17,33,17,67
5393,17,17,98,17,149
5394,17,18,0,31,66
5395,0,18,0,31,49
5397,0,34,17,31,82
5400,67,50,0,33,150
5401,70,33,0,33,136
5402,18,18,0,17,53
5403,35,33,0,33,101
5406,101,49,18,17,185
5407,0,33,50,32,115
5408,18,33,0,17,68
5411,0,17,0,32,49
5412,84,32,0,18,134
5413,0,35,18,17,70
5415,0,18,132,15,165
5416,0,49,0,18,67
5417,32,18,149,16,215
5418,18,18,149,16,201
5419,50,15,102,16,183
5421,18,15,102,16,151
5422,33,15,37,32,117
5425,19,18,32,16,85
5426,0,18,32,16,66
5427,14,18,0,16,48
5428,18,32,100,18,168
5429,0,32,100,18,150
5431,20,49,165,17,251
5432,14,35,165,17,231
5433,17,18,165,17,217
5434,67,15,0,20,102
5435,31,33,0,20,84
5436,17,33,0,20,70
5438,15,20,0,15,50
5440,0,48,85,32,165
5442,18,33,52,32,135
5444,35,16,33,18,102
5447,19,47,36,31,133
5448,0,47,36,31,114
5449,18,15,36,31,100
5450,35,47,0,19,101
5451,20,47,0,19,86
5453,31,19,0,32,82
5454,17,19,0,32,68
5455,0,19,0,32,51
5456,32,18,17,33,100
5457,17,18,17,33,85
5458,18,17,66,31,132
5459,0,17,66,31,114
5460,33,33,14,17,97
5461,18,33,14,17,82
5462,33,49,82,17,181
5464,0,49,82,17,148
5465,17,18,82,17,134
5466,0,18,82,17,117
5467,0,18,81,18,117
5468,32,18,14,17,81
5469,18,18,14,17,67
5470,49,33,18,17,117
5473,68,34,17,32,151
5474,15,35,0,34,84
5476,17,34,17,32,100
5479,17,48,17,17,99
5480,0,48,17,17,82
5481,85,50,15,17,167
5482,33,17,18,31,99
5483,34,18,14,17,83
5486,50,32,0,18,100
5487,17,19,15,17,68
5488,0,19,15,17,51
5489,50,50,99,17,216
5490,17,18,0,31,66
5492,0,50,99,17,166
5493,0,36,99,17,152
5494,83,35,0,17,135
5495,0,34,165,32,231
5497,48,17,0,17,82
5498,15,35,0,17,67
5499,35,17,0,32,84
5500,17,17,0,32,66
5501,17,50,83,21,171
5502,50,33,0,32,115
5504,18,33,0,32,83
5505,0,33,0,32,65
5506,18,32,0,18,68
5508,17,18,68,32,135
5509,101,17,65,17,200
5512,16,18,97,17,148
5513,18,32,65,17,132
5516,0,50,15,17,82
5519,15,17,51,16,99
5521,0,33,34,19,86
5522,35,16,0,19,70
5523,18,16,0,19,53
5524,50,17,67,17,151
5525,0,19,0,32,51
5528,0,50,17,17,84
5531,17,49,33,17,116
5534,17,18,15,17,67
5537,17,16,18,18,69
5538,34,18,0,33,85
5539,0,36,0,33,69
5541,0,33,64,19,116
5543,0,33,0,31,64
5544,17,31,0,19,67
5545,0,31,0,19,50
5546,17,19,49,15,100
5547,19,49,184,32,284
5548,0,49,184,32,265
5549,18,17,184,32,251
5550,0,17,184,32,233
5551,0,33,0,18,51
5553,82,18,219,15,334
5554,64,18,219,15,316
5555,18,49,219,15,301
5556,0,49,219,15,283
5557,17,18,219,15,269
5558,18,34,17,32,101
5561,65,33,0,19,117
5563,17,16,33,19,85
5564,0,16,33,19,68
5565,84,18,151,32,285
5567,19,50,151,32,252
5568,32,18,151,32,233
5569,35,18,15,18,86
5571,100,18,14,19,151
5572,0,33,15,18,66
5573,18,33,131,18,200
5574,100,47,51,18,216
5577,32,19,64,18,133
5578,14,19,64,18,115
5580,0,47,51,18,116
5582,66,18,15,17,116
5584,18,34,15,17,84
5587,0,32,16,17,65
5588,50,18,117,32,217
5589,0,33,18,33,84
5590,17,18,117,32,184
5593,18,18,31,17,84
5594,0,18,31,17,66
5595,31,35,299,18,383
5599,0,32,0,17,49
5600,53,32,133,15,233
5601,0,35,83,17,135
5602,151,32,15,18,216
5604,17,33,133,15,198
5605,0,33,133,15,181
5608,0,50,15,17,82
5610,0,18,15,17,50
5611,0,32,15,18,65
5613,33,34,18,31,116
5614,33,19,18,31,101
5615,52,49,49,18,168
5618,0,49,49,18,116
5620,50,35,50,19,154
5621,0,32,85,19,136
5622,0,17,85,19,121
5623,85,50,184,31,350
5625,0,32,18,19,69
5626,17,18,19,31,85
5629,0,31,184,31,246
5630,18,32,33,19,102
5631,32,18,34,31,115
5632,16,18,34,31,99
5633,0,18,34,31,83
5635,33,36,14,17,100
5637,0,36,14,17,67
5638,0,19,14,17,50
5640,36,49,15,17,117
5641,0,19,81,18,118
5642,0,49,15,17,81
5643,85,15,35,17,152
5644,18,32,18,15,83
5645,15,17,18,15,65
5646,0,17,18,15,50
5648,50,17,64,18,149
5652,0,51,50,33,134
5653,0,36,50,33,119
5654,0,18,50,33,101
5655,0,31,19,33,83
5657,0,19,15,18,52
5658,33,49,84,32,198
5661,17,17,84,32,150
5663,48,18,149,18,233
5664,31,18,149,18,216
5665,16,18,149,18,201
5666,0,18,149,18,185
5667,50,16,134,15,215
5668,0,48,134,15,197
5669,17,16,134,15,182
5671,0,33,18,17,68
5672,16,35,166,19,236
5673,18,17,166,19,220
5675,0,33,33,15,81
5677,48,18,50,17,133
5678,31,18,50,17,116
5679,15,18,50,17,100
5680,0,18,50,17,85
5681,35,32,134,18,219
5682,50,19,133,33,235
5684,17,19,133,33,202
5686,0,33,14,18,65
5687,51,15,53,33,152
5689,18,15,53,33,119
5690,15,35,18,33,101
5691,35,18,66,31,150
5693,18,33,233,32,316
5695,0,18,233,32,283
5697,18,48,36,30,132
5698,0,48,36,30,114
5699,34,36,0,30,100
5700,0,17,36,30,83
5703,130,36,50,32,248
5704,17,36,114,17,184
5705,0,36,114,17,167
5706,0,18,114,17,149
5707,32,18,14,18,82
5708,116,19,14,18,167
5709,18,50,50,32,150
5710,14,36,50,32,132
5712,18,31,84,17,150
5713,0,31,84,17,132
5715,51,18,32,18,119
5716,14,36,32,18,100
5717,0,36,32,18,86
5719,15,17,218,32,282
5721,68,32,132,18,250
5722,33,49,132,18,232
5723,18,49,132,18,217
5724,17,32,132,18,199
5729,0,32,0,16,48
5731,16,17,83,18,134
5732,36,48,16,18,118
5733,152,17,14,17,200
5736,0,16,16,18,50
5737,50,16,50,17,133
5738,18,32,50,17,117
5739,0,32,50,17,99
5741,36,31,0,18,85
5742,81,35,15,17,148
5743,0,31,0,18,49
5744,17,33,103,32,185
5746,65,17,0,17,99
5748,34,17,0,17,68
5751,36,32,32,18,118
5752,51,32,0,18,101
5753,32,32,0,18,82
5755,0,32,0,18,50
5756,15,35,17,17,84
5757,18,17,17,17,69
5758,51,31,0,18,100
5759,17,48,0,18,83
5760,0,48,0,18,66
5763,67,18,167,33,285
5765,0,34,0,18,52
5766,16,18,167,33,234
5767,51,17,131,19,218
5768,33,17,131,19,200
5769,18,17,131,19,185
5770,0,17,131,19,167
5773,19,49,17,33,118
5774,0,49,17,33,99
5778,0,49,18,36,103
5783,22,31,15,18,86
5784,31,33,0,32,96
5785,28,18,0,32,78
5786,15,18,0,32,65
5787,32,35,15,17,99
5788,14,35,15,17,81
5789,0,35,15,17,67
5791,0,32,0,18,50
5792,0,17,0,18,35
5793,0,35,15,17,67
5794,0,17,15,17,49
5795,0,32,83,17,132
5796,17,18,0,32,67
5797,0,18,0,32,50
5798,0,50,15,17,82
5799,17,18,15,17,67
5800,18,32,82,20,152
5801,15,17,82,20,134
5802,0,17,82,20,119
5803,0,35,133,15,183
5804,17,33,34,32,116
5805,47,20,32,16,115
5806,18,34,32,16,100
5807,66,34,0,15,115
5808,20,32,34,15,101
5809,0,32,34,15,81
5811,68,33,18,31,150
5813,0,34,33,18,85
5816,18,18,63,18,117
5817,114,18,0,18,150
5818,0,49,14,18,81
5819,71,33,0,18,122
5820,50,33,0,18,101
5821,0,32,0,15,47
5823,33,18,65,18,134
5824,0,18,0,18,36
5826,32,19,196,19,266
5827,0,36,196,19,251
5828,51,34,0,31,116
5829,0,32,0,15,47
5830,18,34,0,31,83
5831,0,34,0,31,65
5832,0,19,0,31,50
5834,0,17,55,16,88
5835,18,17,133,19,187
5836,37,44,136,15,232
5840,102,48,68,32,250
5842,15,35,19,15,84
5843,18,17,19,15,69
5844,0,17,19,15,51
5845,19,48,68,32,167
5846,0,48,68,32,148
5848,17,32,18,18,85
5849,0,32,18,18,68
5850,35,50,0,17,102
5854,0,18,0,17,35
5856,15,35,133,16,199
5857,0,35,133,16,184
5858,50,19,115,15,199
5859,0,17,48,17,82
5860,0,34,115,15,164
5861,19,49,15,18,101
5862,0,49,15,18,82
5863,17,18,15,18,68
5864,67,17,98,18,200
5865,0,33,0,16,49
5866,51,34,115,17,217
5867,48,19,115,17,199
5868,17,34,115,17,183
5869,15,19,115,17,166
5870,0,19,115,17,151
5871,50,51,49,32,182
5872,0,17,83,17,117
5874,32,19,49,32,132
5875,18,19,49,32,118
5876,33,17,0,18,68
5877,14,17,0,18,49
5880,0,51,14,18,83
5881,0,37,14,18,69
5882,0,19,14,18,51
5883,32,33,0,18,83
5884,0,18,0,15,33
5885,0,33,0,18,51
5886,0,18,0,18,36
5888,0,49,84,32,165
5889,50,19,50,32,151
5890,0,18,84,32,134
5891,67,17,0,32,116
5892,52,17,0,32,101
5893,33,17,0,32,82
5894,19,17,0,32,68
5896,32,16,17,17,82
5897,17,16,17,17,67
5898,16,34,19,17,86
5899,0,34,19,17,70
5900,17,19,214,18,268
5901,19,46,0,18,83
5902,17,29,0,18,64
5903,15,14,0,18,47
5904,32,18,0,17,67
5905,18,18,0,17,53
5906,0,18,0,17,35
5907,0,17,82,15,114
5909,17,19,83,33,152
5910,19,32,33,18,102
5911,47,18,101,18,184
5912,51,18,16,17,102
5914,18,18,16,17,69
5918,0,15,17,18,50
5919,0,35,18,31,84
5920,18,18,63,17,116
5922,63,17,136,32,248
5923,35,31,136,32,234
5924,18,31,136,32,217
5926,17,36,15,18,86
5927,0,36,15,18,69
5928,0,18,15,18,51
5930,18,33,18,16,85
5931,33,18,133,32,216
5935,0,32,15,17,64
5936,0,17,15,17,49
5937,0,32,53,32,117
5938,17,35,18,32,102
5941,0,18,15,17,50
5942,0,48,185,17,250
5945,17,15,53,17,102
5946,0,15,53,17,85
5947,0,35,66,18,119
5948,36,48,52,17,153
5949,0,18,148,19,185
5951,49,34,17,31,131
5952,16,18,16,18,68
5953,0,18,16,18,52
5954,0,34,17,31,82
5956,0,48,19,33,100
5957,0,31,19,33,83
5959,0,19,16,17,52
5960,0,33,48,18,99
5961,51,50,14,19,134
5962,0,34,64,19,117
5963,50,18,14,19,101
5964,14,36,14,19,83
5967,0,33,16,17,66
5970,0,17,133,34,184
5971,0,32,69,32,133
5973,19,50,32,34,135
5974,0,50,32,34,116
5976,0,19,32,34,85
5978,34,18,15,19,86
5979,0,34,15,19,68
5980,18,34,30,18,100
5981,0,34,30,18,82
5982,0,19,30,18,67
5983,80,18,18,31,147
5985,36,32,18,31,117
5986,18,32,18,31,99
5987,14,18,18,31,81
5988,18,18,64,18,118
5989,18,50,32,16,116
5990,14,36,32,16,98
5992,0,19,32,16,67
5993,0,32,34,32,98
5994,18,34,32,17,101
5995,16,18,32,17,83
5996,0,18,32,17,67
5997,0,32,0,17,49
