序号,发送->接收,接收->转发,转发->接收,接收->处理,总计
1,109,30,119,17,275
2,101,13,119,17,250
3,116,18,116,17,267
5,119,13,120,16,268
6,114,33,118,18,283
7,114,16,118,18,266
9,119,17,115,18,269
11,100,33,115,18,266
12,115,34,116,17,282
13,120,16,116,17,269
14,119,33,117,15,284
15,118,18,117,15,268
16,117,33,151,16,317
17,115,18,151,16,300
18,132,18,118,16,284
19,115,18,118,16,267
22,118,32,117,17,284
23,117,15,117,17,266
24,117,34,118,20,289
25,151,16,104,28,299
26,136,16,104,28,284
27,118,16,104,28,266
30,115,34,117,15,281
33,118,20,130,16,284
34,120,28,118,17,283
35,104,28,118,17,267
37,117,17,118,15,267
39,117,15,118,17,267
40,133,17,117,15,282
43,118,17,116,16,267
44,118,32,116,17,283
45,118,15,116,17,266
46,116,34,118,14,282
47,118,17,118,14,267
49,117,15,116,17,265
51,116,16,117,18,267
52,131,17,116,18,282
53,116,17,116,18,267
54,116,33,125,27,301
56,114,34,118,17,283
58,133,18,117,16,284
60,133,18,118,16,285
61,116,18,118,16,268
62,139,44,115,17,315
63,125,44,115,17,301
64,108,44,115,17,284
65,118,17,115,17,267
67,117,16,116,18,267
68,119,33,117,16,285
69,118,16,117,16,267
70,126,18,117,17,278
71,115,18,117,17,267
72,117,32,102,16,267
73,115,17,102,16,250
75,116,18,115,17,266
76,117,32,117,18,284
77,117,16,117,18,268
79,117,17,116,16,266
81,118,16,117,16,267
82,117,33,118,15,283
83,115,17,118,15,265
84,116,35,116,15,282
88,116,33,118,15,282
89,117,16,118,15,266
90,117,33,118,15,283
92,116,33,118,16,283
93,116,15,118,16,265
94,132,17,118,15,282
96,134,15,118,17,284
97,118,15,118,17,268
98,115,33,119,16,283
100,115,34,117,17,283
101,118,16,117,17,268
102,117,33,117,18,285
103,118,15,117,18,268
104,115,35,115,18,283
105,118,17,115,18,268
106,117,33,115,17,282
108,133,17,117,15,282
109,117,17,117,15,266
111,117,18,116,15,266
112,117,33,116,16,282
113,115,18,116,16,265
114,116,32,116,19,283
115,115,17,116,19,267
116,116,33,123,28,300
117,117,15,123,28,283
118,116,33,118,16,283
120,116,34,117,17,284
122,117,35,117,15,284
124,138,44,118,15,315
125,123,44,118,15,300
126,105,44,118,15,282
128,116,34,117,17,284
129,117,17,117,17,268
130,118,33,117,17,285
131,117,15,117,17,266
132,111,34,117,17,279
134,117,32,117,17,283
135,118,15,117,17,267
136,116,35,116,17,284
138,132,17,117,18,284
140,118,34,116,15,283
142,117,32,117,16,282
143,117,17,117,16,267
144,116,34,117,16,283
146,117,35,114,17,283
148,133,15,118,16,282
149,116,15,118,16,265
151,117,16,117,17,267
152,134,16,118,14,282
153,117,16,118,14,265
154,116,33,117,17,283
157,101,33,118,15,267
158,116,34,117,16,283
159,117,17,117,16,267
160,134,14,118,17,283
161,118,14,118,17,267
162,116,35,115,19,285
163,117,17,115,19,268
164,117,32,118,16,283
165,118,15,118,16,267
166,116,34,117,17,284
168,132,17,116,18,283
169,118,17,116,18,269
170,117,34,115,17,283
171,115,19,115,17,266
172,133,16,118,16,283
173,118,16,118,16,268
174,116,34,116,16,282
175,117,17,116,16,266
177,116,18,115,17,266
178,119,32,118,16,285
180,116,34,115,17,282
181,118,16,115,17,266
182,117,32,119,15,283
183,116,16,119,15,266
184,116,34,117,16,283
185,115,17,117,16,265
188,116,32,117,17,282
189,115,17,117,17,266
192,117,33,116,18,284
193,117,16,116,18,267
195,114,19,118,15,266
196,118,33,118,15,284
197,117,17,118,15,267
198,115,34,116,18,283
199,116,18,116,18,268
200,132,18,115,19,284
203,118,15,116,17,266
204,117,33,118,17,285
205,118,15,118,17,268
206,117,35,117,17,286
207,116,18,117,17,268
208,119,33,115,19,286
209,115,19,115,19,268
210,116,32,102,14,264
212,133,17,134,14,298
213,118,17,134,14,283
215,117,17,114,17,265
216,134,19,114,17,284
217,115,19,114,17,265
218,119,32,116,16,283
220,116,35,114,18,283
221,134,31,117,16,298
225,114,17,117,18,266
226,117,33,119,16,285
228,117,35,117,15,284
229,114,18,117,15,264
230,118,32,118,17,285
231,117,16,118,17,268
232,134,18,117,15,284
233,117,18,117,15,267
234,118,33,133,18,302
236,135,15,119,15,284
237,117,15,119,15,266
238,134,17,117,16,284
239,118,17,117,16,268
240,118,32,116,17,283
242,115,21,129,17,282
243,133,33,117,16,299
245,119,15,117,16,267
246,116,34,120,29,299
248,116,32,117,17,282
249,116,17,117,17,267
250,129,17,118,17,281
252,115,33,117,17,282
253,100,33,117,17,267
258,117,35,116,16,284
259,118,17,116,16,267
260,118,32,117,17,284
261,117,17,117,17,268
262,113,33,117,17,280
265,116,18,117,17,268
266,133,16,116,17,282
267,116,16,116,17,265
268,117,34,116,16,283
269,117,17,116,16,266
270,116,33,116,16,281
271,117,17,116,16,266
272,118,34,115,17,284
274,117,32,116,18,283
275,101,32,116,18,267
276,116,33,117,17,283
277,116,16,117,17,266
279,116,16,115,18,265
281,115,17,118,15,265
283,116,18,115,19,268
284,117,33,116,17,283
287,115,18,120,15,268
288,116,34,117,17,284
289,118,15,117,17,267
290,117,35,116,17,285
292,133,17,116,17,283
293,116,17,116,17,266
294,102,17,116,17,252
297,117,17,116,17,267
298,118,34,117,17,286
299,116,17,117,17,267
300,118,32,116,19,285
301,116,17,116,19,268
302,114,34,116,17,281
304,117,33,117,17,284
307,117,17,132,17,283
309,102,33,116,17,268
311,116,17,101,16,250
312,134,17,118,14,283
313,117,17,118,14,266
314,116,33,116,19,284
315,132,34,115,16,297
316,118,34,115,16,283
317,116,17,115,16,264
318,118,34,132,17,301
319,101,34,132,17,284
321,118,14,118,17,267
322,117,36,116,15,284
324,118,30,118,17,283
325,115,16,118,17,266
327,132,34,115,17,298
329,118,17,115,17,267
330,118,32,117,17,284
332,117,34,118,16,285
334,117,33,117,17,284
335,117,16,117,17,267
336,132,17,117,17,283
337,115,17,117,17,266
338,115,34,116,17,282
339,117,17,116,17,267
341,118,16,133,17,284
342,117,33,117,17,284
343,117,17,117,17,268
345,117,17,116,17,267
346,133,17,117,18,285
347,116,17,117,18,268
348,132,17,115,17,281
350,117,34,132,17,300
351,117,17,132,17,283
353,116,17,134,16,283
354,117,35,133,16,301
355,117,18,133,16,284
356,118,31,118,16,283
357,115,17,118,16,266
360,117,34,117,16,284
361,117,17,117,16,267
362,117,34,117,15,283
365,118,16,117,17,268
367,116,18,115,17,266
369,117,16,116,18,267
370,117,33,116,17,283
371,117,15,116,17,265
373,117,17,117,17,268
375,115,17,117,17,266
377,116,18,116,16,266
378,131,17,117,18,283
379,116,17,117,18,268
380,134,17,115,17,283
381,117,17,115,17,266
384,117,33,117,17,284
386,117,35,115,18,285
389,100,32,116,17,265
390,133,17,117,18,285
391,116,17,117,18,268
392,133,17,101,15,266
393,117,17,101,15,250
394,117,34,116,17,284
395,115,18,116,17,266
396,118,32,117,17,284
397,116,17,117,17,267
399,117,18,133,16,284
400,118,33,134,15,300
401,101,33,134,15,283
402,118,33,116,17,284
403,116,17,116,17,266
404,134,17,118,15,284
406,117,34,116,15,282
407,115,18,116,15,264
408,118,34,131,19,302
409,134,32,118,16,300
410,118,32,118,16,284
413,118,15,117,17,267
414,117,32,119,15,283
415,116,15,119,15,265
416,115,34,119,14,282
417,131,35,134,15,315
419,118,16,134,15,283
420,116,33,116,18,283
421,117,17,116,18,268
424,117,33,119,16,285
425,119,14,119,16,268
426,114,36,115,17,282
427,134,33,132,16,315
428,118,33,132,16,299
429,116,18,132,16,282
430,117,33,133,16,299
431,117,18,133,16,284
432,133,16,133,16,298
434,117,33,116,17,283
435,115,17,116,17,265
436,117,33,116,17,283
437,117,15,116,17,265
438,117,34,116,17,284
439,133,33,117,15,298
440,116,33,117,15,281
442,117,33,116,18,284
443,116,17,116,18,267
444,115,33,117,17,282
445,116,17,117,17,267
447,116,17,117,17,267
448,117,32,119,15,283
449,117,15,119,15,266
450,116,35,116,17,284
451,116,18,116,17,267
452,134,17,100,17,268
453,117,17,100,17,251
454,134,17,132,18,301
458,117,34,117,17,285
459,116,17,117,17,267
460,117,34,116,16,283
461,100,34,116,16,266
463,116,16,118,15,265
464,115,34,117,17,283
465,118,16,117,17,268
466,117,34,115,17,283
467,117,17,115,17,266
468,133,16,116,17,282
469,116,16,116,17,265
472,115,35,117,15,282
473,117,17,117,15,266
474,132,17,117,17,283
475,115,17,117,17,266
476,116,33,118,16,283
478,132,18,116,17,283
481,117,15,116,17,265
483,117,17,116,16,266
485,118,16,116,17,267
486,117,34,117,15,283
487,116,17,117,15,265
488,116,32,118,16,282
489,116,17,118,16,267
490,133,16,118,17,284
491,116,16,118,17,267
492,115,34,101,16,266
493,116,17,101,16,250
494,116,33,117,16,282
495,117,15,117,16,265
496,117,34,117,18,286
498,117,34,116,16,283
499,118,17,116,16,267
500,118,34,115,17,284
501,101,34,115,17,267
502,117,31,119,15,282
503,117,16,119,15,267
504,115,36,131,17,299
505,117,18,131,17,283
507,101,31,117,17,266
508,116,34,117,16,283
509,115,17,117,16,265
511,119,15,117,17,268
514,116,34,116,16,282
515,117,17,116,16,266
517,117,16,116,18,267
518,115,34,133,17,299
524,115,35,117,17,284
525,116,18,117,17,268
526,117,33,116,18,284
527,117,16,116,18,267
529,118,16,117,17,268
530,117,33,116,18,284
531,120,14,116,18,268
533,117,17,116,16,266
534,117,33,117,16,283
535,116,18,117,16,267
536,117,33,115,18,283
537,117,17,115,18,267
538,115,33,116,19,283
540,116,33,118,16,283
541,116,16,118,16,266
542,117,34,116,18,285
544,132,18,118,17,285
545,115,18,118,17,268
546,118,35,114,18,285
547,116,19,114,18,267
549,118,16,117,17,268
551,116,18,118,15,267
552,119,34,114,18,285
554,119,32,117,15,283
556,133,17,115,17,282
557,117,17,115,17,266
559,118,15,115,18,266
560,116,33,116,18,283
561,114,18,116,18,266
562,118,32,117,18,285
563,117,15,117,18,267
566,114,34,116,16,280
567,115,18,116,16,265
568,118,34,117,16,285
570,117,33,116,17,283
571,117,18,116,17,268
572,118,34,116,17,285
573,118,17,116,17,268
575,116,16,102,16,250
576,135,16,115,19,285
577,117,16,115,19,267
578,118,33,117,15,283
579,116,17,117,15,265
580,116,34,117,17,284
581,116,17,117,17,267
583,102,33,119,30,284
584,116,34,115,18,283
586,134,15,119,15,283
588,134,17,114,17,282
589,117,17,114,17,265
592,119,33,115,17,284
593,115,18,115,17,265
594,117,32,117,16,282
595,119,15,117,16,267
597,114,17,119,14,264
598,131,16,117,18,282
599,116,16,117,18,267
600,117,33,116,18,284
601,115,17,116,18,266
602,115,33,117,17,282
603,117,16,117,17,267
604,117,33,119,15,284
606,115,36,118,30,299
607,117,18,118,30,283
608,119,32,134,15,300
609,116,18,134,15,283
613,119,15,116,18,268
615,118,48,117,15,298
616,119,33,117,15,284
617,134,33,117,15,299
618,118,33,117,15,283
621,116,18,117,17,268
624,117,33,118,15,283
625,117,15,118,15,265
626,117,33,117,16,283
627,117,15,117,16,265
628,117,35,133,17,302
629,117,17,133,17,284
630,118,32,118,19,287
631,117,16,118,19,270
633,118,15,104,31,268
634,132,16,102,17,267
637,133,36,131,16,316
638,117,36,131,16,300
640,119,31,116,15,281
641,104,31,116,15,266
643,102,32,116,18,268
644,117,33,117,16,283
645,117,15,117,16,265
648,117,31,119,16,283
650,114,35,116,16,281
651,116,18,116,16,266
654,133,17,115,18,283
655,116,17,115,18,266
656,117,33,116,17,283
657,119,16,116,17,268
659,116,16,118,17,267
660,116,34,116,18,284
661,118,16,116,18,268
662,116,34,115,18,283
663,115,18,115,18,266
664,116,33,118,15,282
666,117,34,116,17,284
667,118,17,116,17,268
668,117,33,117,17,284
669,116,18,117,17,268
670,118,33,117,17,285
671,115,18,117,17,267
672,117,33,101,15,266
673,118,15,101,15,249
674,116,34,116,16,282
675,116,17,116,16,265
676,135,17,132,17,301
677,117,17,132,17,283
678,119,33,116,17,285
679,117,17,116,17,267
680,116,33,117,15,281
681,101,33,117,15,266
684,133,16,118,17,284
685,132,34,116,17,299
686,133,17,116,17,283
687,116,17,116,17,266
688,118,32,118,17,285
694,118,32,117,19,286
695,101,32,117,19,269
696,116,34,118,14,282
697,118,17,118,14,267
698,118,34,117,15,284
700,133,15,118,17,283
701,116,15,118,17,266
703,117,19,131,17,284
704,119,30,118,16,283
705,118,14,118,16,266
706,133,15,118,15,281
707,117,15,118,15,265
711,114,17,115,18,264
712,115,33,116,17,281
713,118,16,116,17,267
714,115,33,116,19,283
715,118,15,116,19,268
716,116,34,101,15,266
717,117,16,101,15,249
718,117,33,117,17,284
720,132,17,117,17,283
721,116,17,117,17,267
722,131,19,117,14,281
723,116,19,117,14,266
725,101,32,117,18,268
726,118,34,117,15,284
728,118,33,117,16,284
729,117,17,117,16,267
730,118,32,117,17,284
731,117,14,117,17,265
732,116,36,115,18,285
733,117,18,115,18,268
736,116,34,117,17,284
737,117,16,117,17,267
738,115,33,117,16,281
740,116,35,115,18,284
743,117,18,115,18,268
744,133,17,115,19,284
745,117,17,115,19,268
747,117,16,118,16,267
748,116,35,116,16,283
749,115,18,116,16,265
750,133,18,116,17,284
751,115,18,116,17,266
752,117,34,117,16,284
753,115,19,117,16,267
754,134,16,118,17,285
755,118,16,118,17,269
756,117,33,117,17,284
758,117,34,118,14,283
759,116,17,118,14,265
760,118,34,115,18,285
762,134,17,115,17,283
763,118,17,115,17,267
764,118,32,118,16,284
765,102,32,118,16,268
767,118,14,117,18,267
771,115,17,117,16,265
772,135,16,117,17,285
773,118,16,117,17,268
774,116,33,117,16,282
775,117,18,117,16,268
776,118,34,116,17,285
777,100,34,116,17,267
778,118,32,117,19,286
779,117,16,117,19,269
780,115,35,115,18,283
781,117,17,115,18,267
782,119,32,117,16,284
783,117,16,117,16,266
785,116,17,115,18,266
786,133,19,114,17,283
787,117,19,114,17,267
788,132,18,116,18,284
790,117,32,118,17,284
791,117,16,118,17,268
792,116,34,115,19,284
793,115,18,115,19,267
794,117,33,118,14,282
795,114,17,118,14,263
797,116,18,116,15,265
798,118,33,117,14,282
799,102,33,117,14,266
801,115,19,116,18,268
802,118,31,103,15,267
804,115,34,118,16,283
805,116,15,118,16,265
806,134,14,117,19,284
809,116,18,114,18,266
810,117,33,115,18,283
811,103,33,115,18,269
812,117,32,116,17,282
813,118,16,116,17,267
815,117,19,117,15,268
816,118,32,115,17,282
817,114,18,115,17,264
818,117,34,115,16,282
819,115,18,115,16,264
820,132,17,117,18,284
822,117,34,116,17,284
823,117,15,116,17,265
824,118,32,119,16,285
825,115,17,119,16,267
826,116,33,118,17,284
828,116,36,115,18,285
829,117,18,115,18,268
831,116,17,116,16,265
832,136,16,117,17,286
833,119,16,117,17,269
834,118,33,115,18,284
835,118,17,115,18,268
836,117,34,117,16,284
837,115,18,117,16,266
838,133,16,117,18,284
839,116,16,117,18,267
842,118,32,116,18,284
844,117,34,118,16,285
847,117,18,116,18,269
848,116,32,118,15,281
849,117,14,118,15,264
850,117,35,117,17,286
851,116,18,117,17,268
852,134,16,117,15,282
853,118,16,117,15,266
855,116,18,117,17,268
856,116,31,117,19,283
857,118,15,117,19,269
858,116,36,116,15,283
859,117,17,116,15,265
860,133,15,118,15,281
862,117,35,116,17,285
863,117,17,116,17,267
864,118,33,116,17,284
866,117,31,119,16,283
867,116,15,119,16,266
868,114,34,117,17,282
869,118,15,117,17,267
871,116,17,117,15,265
872,119,33,133,17,302
875,119,16,117,16,268
876,132,17,117,17,283
877,117,17,117,17,268
879,117,15,118,16,266
881,133,33,115,18,299
882,133,16,115,18,282
883,117,16,115,18,266
886,116,33,117,15,281
889,115,19,116,17,267
890,117,32,118,15,282
893,117,15,117,16,265
894,133,15,116,17,281
895,117,15,116,17,265
897,116,17,116,17,266
901,117,16,117,17,267
902,115,33,119,16,283
903,116,17,119,16,268
904,115,35,115,19,284
906,131,19,116,17,283
907,116,19,116,17,268
908,118,32,117,18,285
911,119,16,101,16,252
912,117,34,131,19,301
913,115,19,131,19,284
914,135,17,131,18,301
915,116,17,131,18,282
917,117,18,115,17,267
918,117,31,118,17,283
919,101,31,118,17,267
920,102,15,118,17,252
922,115,33,118,16,282
924,115,35,117,17,284
925,115,17,117,17,266
926,116,34,115,18,283
928,118,33,116,18,285
929,117,18,116,18,269
930,116,32,119,14,281
931,118,16,119,14,267
935,115,18,115,17,265
936,118,34,117,14,283
937,116,18,117,14,265
938,135,14,116,18,283
939,119,14,116,18,267
942,117,33,116,18,284
943,115,17,116,18,266
946,130,18,117,15,280
948,116,33,118,15,282
949,117,16,118,15,266
950,117,34,117,17,285
951,116,18,117,17,268
953,117,18,116,16,267
954,119,31,117,17,284
956,115,34,118,16,283
957,118,15,118,16,267
958,117,35,118,15,285
960,118,32,120,30,300
962,116,33,117,16,282
963,117,17,117,16,267
964,115,34,118,16,283
965,118,16,118,16,268
967,118,15,117,15,265
969,120,46,118,18,302
970,118,32,118,18,286
975,117,15,118,17,267
976,113,34,116,17,280
977,118,15,116,17,266
978,117,35,115,17,284
979,118,18,115,17,268
982,116,34,117,15,282
983,118,17,117,15,267
986,116,34,117,15,282
987,115,17,117,15,264
988,115,32,118,16,281
989,117,15,118,16,266
991,117,15,117,17,266
993,118,18,115,17,268
995,117,15,118,17,267
997,118,16,101,16,251
999,117,17,116,18,268
1000,116,34,116,16,282
1001,115,17,116,16,264
1002,117,33,116,19,285
1003,118,17,116,19,270
1004,117,33,102,15,267
1005,101,33,102,15,251
1006,117,34,117,16,284
1007,116,18,117,16,267
1008,117,32,117,19,285
1009,116,16,117,19,268
1011,116,19,114,16,265
1012,119,32,116,17,284
1013,102,32,116,17,267
1014,118,33,117,16,284
1017,117,19,116,16,268
1018,119,30,118,16,283
1019,114,16,118,16,264
1020,115,35,118,14,282
1021,116,17,118,14,265
1025,116,16,115,17,264
1026,118,32,118,17,285
1030,115,34,102,15,266
1031,117,16,102,15,250
1033,115,17,116,18,266
1034,134,17,114,19,284
1035,118,17,114,19,268
1036,116,34,115,17,282
1038,118,32,116,16,282
1039,102,32,116,16,266
1040,118,33,116,18,285
1042,116,34,115,18,283
1044,117,33,116,16,282
1046,117,32,119,15,283
1047,116,16,119,15,266
1048,117,35,115,19,286
1051,115,18,101,16,250
1052,117,32,117,17,283
1054,116,34,117,17,284
1055,119,15,117,17,268
1056,133,19,115,17,284
1057,115,19,115,17,266
1058,119,32,118,14,283
1059,101,32,118,14,265
1060,117,33,117,18,285
1061,117,17,117,18,269
1062,115,34,117,15,281
1063,117,17,117,15,266
1065,115,17,117,17,266
1066,116,32,117,17,282
1067,118,14,117,17,266
1069,117,18,115,16,266
1070,118,31,117,16,282
1071,117,15,117,16,265
1072,116,35,116,18,285
1073,117,17,116,18,268
1074,116,32,118,16,282
1075,117,17,118,16,268
1076,116,33,118,17,284
1077,115,16,118,17,266
1081,116,18,116,17,267
1082,135,16,117,17,285
1083,118,16,117,17,268
1084,117,34,115,18,284
1086,118,32,118,16,284
1087,119,15,118,16,268
1088,116,35,115,18,284
1089,116,17,115,18,266
1090,117,33,116,16,282
1095,118,16,117,15,266
1096,116,34,117,16,283
1097,115,18,117,16,266
1098,117,32,101,16,266
1100,117,34,116,17,284
1101,116,17,116,17,266
1102,116,32,119,16,283
1103,117,15,119,16,267
1105,117,16,116,18,267
1106,117,33,116,18,284
1109,116,17,117,16,266
1111,119,16,116,17,268
1112,116,34,116,17,283
1113,116,18,116,17,267
1114,133,18,116,16,283
1117,117,16,118,16,267
1118,115,34,116,18,283
1119,116,17,116,18,267
1120,117,34,117,16,284
1121,116,17,117,16,266
1122,118,32,118,16,284
1124,134,16,117,17,284
1125,118,16,117,17,268
1126,117,34,115,19,285
1129,117,16,116,16,265
1131,118,16,118,15,267
1132,116,34,115,18,283
1133,117,17,115,18,267
1134,118,34,115,15,282
1135,115,19,115,15,264
1136,132,16,118,16,282
1137,116,16,118,16,266
1138,115,34,118,16,283
1140,116,34,116,17,283
1141,115,18,116,17,266
1143,115,15,118,17,265
1144,134,16,118,16,284
1147,118,16,116,16,266
1148,102,16,116,16,250
1150,117,33,117,16,283
1151,118,17,117,16,268
1155,116,16,117,17,266
1156,132,18,116,18,284
1159,117,16,117,17,267
1160,115,35,115,18,283
1161,117,17,115,18,267
1162,118,32,101,16,267
1163,117,17,101,16,251
1166,117,33,117,17,284
1167,117,17,117,17,268
1168,132,18,116,16,282
1169,115,18,116,16,265
1170,118,32,118,16,284
1172,117,34,116,17,284
1173,117,16,116,17,266
1175,117,17,116,16,266
1176,118,32,117,16,283
1177,116,16,117,16,265
1178,134,16,133,16,299
1180,116,33,116,17,282
1182,116,33,117,17,283
1183,116,16,117,17,266
1186,115,34,117,18,284
1188,117,33,102,15,267
1189,116,17,102,15,250
1192,117,33,119,13,282
1193,101,33,119,13,266
1194,116,35,131,18,300
1196,119,31,134,17,301
1197,102,31,134,17,284
1198,116,34,133,17,300
1199,117,16,133,17,283
1200,118,32,118,18,286
1202,115,34,118,15,282
1204,116,34,117,17,284
1206,116,33,117,18,284
1207,133,35,116,17,301
1210,117,31,102,16,266
1212,115,35,117,16,283
1213,117,17,117,16,267
1214,117,34,116,17,284
1216,118,33,115,18,284
1218,117,33,118,14,282
1219,102,33,118,14,267
1220,117,33,117,17,284
1221,117,16,117,17,267
1222,117,34,115,18,284
1224,132,18,116,16,282
1225,115,18,116,16,265
1226,117,32,118,16,283
1227,118,14,118,16,266
1228,115,35,117,17,284
1229,117,17,117,17,268
1230,117,33,115,17,282
1233,116,16,118,17,267
1234,132,16,117,18,283
1236,116,35,115,16,282
1237,117,17,115,16,265
1238,119,31,118,17,285
1239,115,17,118,17,267
1241,118,17,116,17,268
1243,117,18,116,15,266
1245,115,16,119,15,265
1246,117,35,117,15,284
1247,118,17,117,15,267
1249,116,17,115,18,266
1250,117,32,118,17,284
1251,116,15,118,17,266
1254,134,15,117,16,282
1255,117,15,117,16,265
1256,116,34,117,15,282
1258,116,34,116,17,283
1260,116,34,116,16,282
1261,114,21,116,16,267
1263,102,31,101,18,252
1264,117,33,118,16,284
1266,115,35,117,16,283
1267,116,17,117,16,266
1269,116,16,117,15,264
1270,117,34,117,15,283
1273,118,16,117,17,268
1274,116,34,117,17,284
1275,117,16,117,17,267
1276,116,32,117,18,283
1277,117,15,117,18,267
1278,133,15,118,16,282
1279,117,15,118,16,266
1280,116,34,117,16,283
1282,116,34,115,18,283
1283,117,17,115,18,267
1284,117,33,115,17,282
1286,133,16,116,17,282
1289,117,16,118,16,267
1293,115,17,117,16,265
1294,115,34,118,18,285
1295,116,17,118,18,269
1296,116,34,118,15,283
1297,118,16,118,15,267
1298,118,32,120,31,301
1299,115,17,120,31,283
1301,117,16,118,16,267
1303,118,18,115,16,267
1305,102,31,116,17,266
1307,120,47,117,16,300
1308,103,47,117,16,283
1310,115,34,116,17,282
1313,116,17,117,17,267
1314,114,34,115,18,281
1315,116,18,115,18,267
1316,117,32,101,16,266
1317,117,16,101,16,250
1321,117,17,116,17,267
1322,133,18,119,31,301
1323,115,18,119,31,283
1324,117,34,116,16,283
1325,101,34,116,16,267
1327,116,18,116,17,267
1328,133,17,117,16,283
1329,116,17,117,16,266
1331,119,47,116,18,300
1332,118,32,116,18,284
1333,116,16,116,18,266
1334,101,16,116,18,251
1335,116,17,116,17,266
1336,117,33,116,19,285
1337,117,16,116,19,268
1338,114,34,116,17,281
1339,116,17,116,17,266
1340,117,33,116,18,284
1343,116,17,116,18,267
1344,132,19,116,16,283
1345,116,19,116,16,267
1346,118,32,117,16,283
1348,118,34,116,17,285
1349,116,18,116,17,267
1350,118,33,117,16,284
1351,116,18,117,16,267
1352,135,16,117,16,284
1353,116,16,117,16,265
1356,117,34,115,18,284
1357,116,17,115,18,266
1358,118,33,116,18,285
1359,117,16,116,18,267
1360,116,33,117,16,282
1361,117,16,117,16,266
1363,117,16,116,18,267
1364,116,34,116,17,283
1365,115,18,116,17,266
1366,116,34,116,15,281
1369,117,16,118,18,269
1370,116,34,117,17,284
1371,116,18,117,17,268
1372,118,33,116,17,284
1373,116,17,116,17,266
1375,116,15,118,18,267
1376,134,18,115,17,284
1379,117,17,115,17,266
1380,118,32,134,18,302
1381,116,17,134,18,285
1382,116,35,117,17,285
1384,117,33,115,18,283
1385,115,17,115,18,265
1386,117,32,119,14,282
1387,115,17,119,14,265
1388,117,34,117,16,284
1389,118,16,117,16,267
1390,117,35,114,18,284
1391,117,17,114,18,266
1392,118,32,117,15,282
1394,118,32,119,16,285
1395,119,14,119,16,268
1396,115,34,118,15,282
1397,117,16,118,15,266
1398,115,34,115,17,281
1400,135,15,118,16,284
1402,114,35,115,17,281
1404,117,32,118,15,282
1405,118,15,118,15,266
1406,117,33,118,16,284
1407,115,17,118,16,266
1409,118,16,117,17,268
1413,118,15,117,17,267
1414,117,34,117,18,286
1416,116,34,116,16,282
1417,100,34,116,16,266
1419,117,18,116,16,267
1420,132,17,117,17,283
1422,116,35,116,17,284
1423,117,18,116,17,268
1425,116,16,118,16,266
1426,116,34,118,15,283
1427,116,16,118,15,265
1430,117,34,116,16,283
1431,116,17,116,16,265
1434,116,33,116,18,283
1435,118,15,116,18,267
1436,116,35,115,18,284
1437,117,17,115,18,267
1438,133,16,118,17,284
1439,116,16,118,17,267
1440,132,17,102,16,267
1441,116,17,102,16,251
1442,115,34,116,18,283
1443,116,18,116,18,268
1446,117,34,115,17,283
1447,118,17,115,17,267
1448,119,32,116,18,285
1449,102,32,116,18,268
1451,116,18,115,18,267
1453,116,17,118,15,266
1456,116,34,115,18,283
1457,116,18,115,18,267
1458,118,33,116,18,285
1459,115,18,116,18,267
1460,135,15,116,19,285
1461,118,15,116,19,268
1462,134,15,103,15,267
1463,117,15,103,15,250
1465,115,18,117,17,267
1466,118,34,114,19,285
1467,116,18,114,19,267
1469,116,19,115,17,267
1471,103,31,118,16,268
1472,117,35,116,17,285
1476,134,17,117,15,283
1477,115,17,117,15,264
1479,118,16,117,18,269
1480,116,34,116,17,283
1481,116,17,116,17,266
1482,119,34,115,16,284
1483,116,18,115,16,265
1484,118,31,118,17,284
1486,115,36,114,19,284
1487,117,18,114,19,268
1488,118,32,118,15,283
1491,115,16,116,18,265
1492,115,35,117,15,282
1494,117,34,114,18,283
1495,114,19,114,18,265
1496,118,32,117,16,283
1498,117,33,117,17,284
1500,134,15,117,18,284
1501,117,15,117,18,267
1502,102,15,117,18,252
1504,115,33,117,16,281
1505,117,16,117,16,266
1508,116,34,115,18,283
1509,101,34,115,18,268
1510,119,32,117,16,284
1511,116,17,117,16,266
1512,133,16,117,16,282
1513,117,16,117,16,266
1514,116,34,117,16,283
1515,116,17,117,16,266
1516,117,34,116,17,284
1518,118,32,115,18,283
1519,117,16,115,18,266
1520,116,33,117,16,282
1521,117,16,117,16,266
1522,116,34,116,18,284
1525,116,17,117,16,266
1526,117,32,118,15,282
1527,101,32,118,15,266
1528,116,33,117,19,285
1529,117,16,117,19,269
1531,116,18,117,16,267
1532,134,16,117,17,284
1533,117,16,117,17,267
1535,118,15,117,17,267
1536,116,36,115,16,283
1538,119,32,117,17,285
1540,116,34,115,18,283
1541,117,17,115,18,267
1542,117,32,117,15,281
1543,117,17,117,15,266
1544,117,33,117,18,285
1545,115,16,117,18,266
1546,115,35,115,18,283
1547,117,17,115,18,267
1548,117,33,116,16,282
1549,115,18,116,16,265
1550,118,31,120,16,285
1552,115,36,116,16,283
1553,117,18,116,16,267
1554,117,33,116,16,282
1556,118,32,117,17,284
1557,116,16,117,17,266
1558,116,35,115,19,285
1559,120,16,115,19,270
1560,118,32,116,18,284
1561,116,16,116,18,266
1562,117,33,118,17,285
1564,116,34,117,19,286
1565,117,17,117,19,270
1567,115,19,114,18,266
1569,116,18,115,18,267
1570,117,34,115,18,284
1573,117,19,114,17,267
1574,133,18,117,15,283
1575,114,18,117,15,264
1576,118,33,117,16,284
1577,115,18,117,16,266
1578,132,18,116,16,282
1580,117,33,115,18,283
1581,114,17,115,18,264
1583,117,15,118,16,266
1586,117,33,118,16,284
1587,99,33,118,16,266
1588,116,34,116,17,283
1589,115,18,116,17,266
1590,116,33,117,18,284
1591,118,16,117,18,269
1592,116,34,101,15,266
1593,117,17,101,15,250
1594,134,16,116,18,284
1595,118,16,116,18,268
1596,118,33,117,18,286
1598,133,18,117,16,284
1599,117,18,117,16,268
1600,118,32,116,18,284
1602,116,34,117,15,282
1604,118,34,115,17,284
1607,117,16,115,18,266
1608,118,33,116,17,284
1609,116,18,116,17,267
1610,118,32,117,17,284
1611,117,15,117,17,266
1614,131,18,117,16,282
1616,118,33,117,16,284
1619,117,17,117,17,268
1621,117,18,116,15,266
1623,117,16,118,18,269
1624,134,16,118,15,283
1625,117,16,118,15,266
1626,117,34,118,15,284
1627,117,17,118,15,267
1629,116,15,101,18,250
1630,115,37,115,16,283
1632,134,15,118,16,283
1633,118,15,118,16,267
1634,116,34,115,19,284
1635,118,15,115,19,267
1636,116,33,118,17,284
1641,101,33,118,16,268
1642,130,19,116,16,281
1643,115,19,116,16,266
1644,133,17,132,17,299
1645,118,17,132,17,284
1646,117,33,116,17,283
1647,101,33,116,17,267
1648,134,16,116,17,283
1651,116,16,116,16,264
1652,115,34,117,16,282
1653,132,34,115,19,300
1654,116,34,115,19,284
1655,116,17,115,19,267
1657,116,17,118,15,266
1658,132,16,117,18,283
1659,116,16,117,18,267
1660,115,35,117,18,285
1661,98,35,117,18,268
1662,116,35,115,17,283
1664,135,15,116,16,282
1665,118,15,116,16,265
1667,117,18,118,16,269
1668,133,18,116,16,283
1670,119,32,118,15,284
1671,115,17,118,15,265
1672,115,32,119,16,282
1674,117,35,116,14,282
1675,118,16,116,14,264
1676,134,16,133,17,300
1677,116,16,133,17,282
1679,118,15,117,16,266
1680,117,34,116,17,284
1681,119,16,116,17,268
1682,116,30,120,17,283
1683,116,14,120,17,267
1684,113,36,118,16,283
1685,133,33,101,17,284
1686,132,16,101,17,266
1689,116,17,116,18,267
1691,120,17,116,17,270
1693,118,16,116,18,268
1694,117,32,117,19,285
1695,101,32,117,19,269
1696,116,35,116,17,284
1697,116,18,116,17,267
1698,117,33,115,18,283
1700,132,18,117,15,282
1701,116,18,117,15,266
1702,117,34,116,16,283
1703,117,19,116,16,268
1705,116,17,116,16,265
1707,115,18,116,18,267
1708,135,15,117,16,283
1709,117,15,117,16,265
1710,117,34,116,17,284
1711,116,16,116,17,265
1712,133,16,119,16,284
1713,116,16,119,16,267
1714,117,35,116,17,285
1715,116,18,116,17,267
1716,116,32,117,16,281
1718,115,34,132,18,299
1721,101,34,134,15,284
1722,118,33,116,16,283
1724,117,32,118,15,282
1727,132,36,116,15,299
1728,114,36,116,15,281
1729,134,31,118,16,299
1731,116,16,118,16,266
1732,100,16,118,16,250
1733,118,15,119,16,268
1734,115,34,117,16,282
1735,119,15,117,16,267
1736,116,33,117,16,282
1737,116,15,117,16,264
1738,116,34,117,16,283
1739,118,16,117,16,267
1740,116,34,117,15,282
1741,119,16,117,15,267
1742,116,32,117,16,281
1743,117,16,117,16,266
1744,132,16,118,16,282
1746,115,34,118,17,284
1748,115,33,116,18,282
1749,117,15,116,18,266
1751,117,16,116,17,266
1752,134,16,117,17,284
1753,118,16,117,17,268
1754,134,17,116,16,283
1756,131,18,117,17,283
1757,116,18,117,17,268
1758,117,32,118,19,286
1759,116,17,118,19,270
1760,115,35,115,17,282
1761,117,17,115,17,266
1764,118,34,133,16,301
1765,117,17,133,16,283
1766,119,35,114,17,285
1767,118,19,114,17,268
1768,119,30,119,15,283
1770,115,34,100,18,267
1771,115,18,100,18,251
1772,116,34,119,13,282
1774,117,33,119,14,283
1776,118,33,118,17,286
1777,119,15,118,17,269
1778,118,33,117,17,285
1779,118,15,117,17,267
1780,115,33,128,17,293
1781,119,13,128,17,277
1782,116,34,94,17,261
1783,119,14,94,17,244
1785,118,17,124,17,276
1788,114,27,132,18,291
1789,101,27,132,18,278
1790,108,33,117,17,275
1791,94,33,117,17,261
1794,126,18,116,16,276
1795,109,18,116,16,259
1796,132,35,115,18,300
1797,115,35,115,18,283
1798,117,17,115,18,267
1799,118,33,116,16,283
1800,117,18,116,16,267
1803,115,33,118,17,283
1804,118,15,118,17,268
1805,115,35,116,17,283
1807,118,32,118,16,284
1808,116,16,118,16,266
1810,116,18,117,16,267
1811,116,34,117,16,283
1812,118,17,117,16,268
1813,118,33,116,16,283
1814,116,17,116,16,265
1817,118,33,117,16,284
1819,116,34,119,14,283
1821,117,32,117,17,283
1822,116,16,117,17,266
1823,115,33,118,16,282
1825,115,34,117,17,283
1826,117,16,117,17,267
1827,115,34,115,18,282
1828,119,14,115,18,266
1829,117,33,116,17,283
1833,116,34,116,19,285
1834,117,17,116,19,269
1835,114,33,119,14,280
1837,133,17,117,18,285
1839,132,18,117,17,284
1840,116,18,117,17,268
1842,116,19,115,17,267
1845,117,35,114,20,286
1846,117,18,114,20,269
1847,119,33,117,18,287
1848,117,17,117,18,269
1849,118,33,102,14,267
1850,115,17,102,14,248
1851,115,32,117,17,281
1852,117,16,117,17,267
1853,116,36,131,16,299
1854,114,20,131,16,281
1857,119,32,117,14,282
1858,102,32,117,14,265
1860,117,17,117,17,268
1861,118,33,116,19,286
1862,131,35,117,14,297
1863,115,35,117,14,281
1864,132,31,117,17,297
1866,117,14,117,17,265
1867,116,35,116,14,281
1868,117,17,116,14,264
1869,118,34,133,17,302
1870,116,19,133,17,285
1873,114,34,119,11,278
1874,117,17,119,11,264
1876,116,14,121,16,267
1877,115,37,118,13,283
1878,133,33,116,17,299
1879,133,16,116,17,282
1880,119,16,116,17,268
1881,118,29,104,16,267
1882,119,11,104,16,250
1883,113,38,116,16,283
1885,102,16,116,16,250
1886,118,13,117,19,267
1887,114,35,116,17,282
1888,116,17,116,17,266
1891,114,34,117,17,282
1893,114,35,115,16,280
1894,117,19,115,16,267
1897,117,33,120,15,285
1898,101,33,120,15,269
1899,116,34,117,15,282
1900,117,17,117,15,266
1901,118,32,117,19,286
1902,115,16,117,19,267
1903,133,17,118,17,285
1904,116,17,118,17,268
1905,117,35,115,18,285
1906,120,15,115,18,268
1907,118,31,118,17,284
1911,119,33,116,17,285
1912,118,17,116,17,268
1913,115,33,116,17,281
1914,115,18,116,17,266
1915,117,33,116,16,282
1916,118,17,116,16,267
1919,116,34,116,16,282
1922,116,17,116,16,265
1923,117,32,117,16,282
1924,116,16,117,16,265
1925,133,18,115,18,284
1926,116,18,115,18,267
1927,133,16,101,17,267
1928,116,16,101,17,250
1929,116,33,119,16,284
1930,116,16,119,16,267
1932,117,16,102,15,250
1935,117,34,132,16,299
1936,101,34,132,16,283
1939,118,32,102,15,267
1940,102,32,102,15,251
1942,116,16,117,18,267
1943,115,34,116,18,283
1944,116,16,116,18,266
1946,115,19,99,15,248
1947,119,32,117,18,286
1948,102,32,117,18,269
1951,117,33,117,17,284
1954,99,34,116,16,265
1955,118,34,115,16,283
1956,117,18,115,16,266
1957,119,32,132,19,302
1958,116,17,132,19,284
1959,118,34,117,15,284
1960,117,17,117,15,266
1961,119,32,117,16,284
1963,116,33,116,17,282
1964,115,16,116,17,264
1966,132,34,118,15,299
1967,115,34,118,15,282
1968,117,15,118,15,265
1969,101,15,118,15,249
1973,117,34,116,20,287
1976,118,15,117,17,267
1978,117,17,117,15,266
1979,118,32,119,17,286
1980,117,16,119,17,269
1982,116,20,120,9,265
1983,132,17,116,16,281
1984,117,17,116,16,266
1985,117,32,118,16,283
1987,116,36,116,15,283
1989,119,30,119,15,283
1991,106,9,119,15,249
1992,116,16,119,16,267
1993,133,16,117,18,284
1994,118,16,117,18,269
1995,115,33,117,18,283
2000,119,16,116,17,268
2001,117,34,114,19,284
2002,117,18,114,19,268
2003,117,33,117,16,283
2005,117,33,116,17,283
2006,117,18,116,17,268
2007,132,17,117,17,283
2008,116,17,117,17,267
2013,118,33,117,15,283
2014,116,17,117,15,265
2015,117,34,115,18,284
2016,117,17,115,18,267
2018,116,16,116,19,267
2019,115,33,102,17,267
2020,117,15,102,17,251
2021,116,33,119,16,284
2022,117,15,119,16,267
2023,115,35,116,17,283
2025,132,19,115,19,285
2026,116,19,115,19,269
2027,117,33,101,15,266
2028,102,33,101,15,251
2029,117,33,117,16,283
2030,119,16,117,16,268
2031,118,33,117,17,285
2032,116,17,117,17,267
2033,118,35,114,18,285
2034,115,19,114,18,266
2035,117,32,116,16,281
2037,116,33,116,18,283
2039,117,34,115,17,283
2041,118,33,116,17,284
2042,114,18,116,17,265
2043,117,32,118,15,282
2044,116,16,118,15,265
2045,115,35,115,18,283
2046,116,18,115,18,267
2047,117,32,118,18,285
2048,115,17,118,18,268
2049,134,17,102,15,268
2050,116,17,102,15,250
2052,118,15,119,15,267
2054,115,18,119,13,265
2055,118,35,113,19,285
2056,101,35,113,19,268
2057,119,31,118,16,284
2058,102,31,118,16,267
2059,116,33,101,17,267
2060,119,15,101,17,252
2061,117,33,117,18,285
2062,119,13,117,18,267
2063,115,35,116,16,282
2065,117,33,116,17,283
2066,118,16,116,17,267
2068,101,33,115,17,266
2069,114,34,115,17,280
2070,117,18,115,17,267
2072,116,16,118,16,266
2074,116,17,115,19,267
2077,116,34,118,17,285
2079,116,34,115,17,282
2080,118,16,115,17,266
2081,117,34,114,20,285
2082,115,19,114,20,268
2083,119,35,116,15,285
2085,120,32,116,16,284
2086,103,32,116,16,267
2087,117,31,119,15,282
2088,115,17,119,15,266
2089,117,36,115,16,284
2091,117,32,117,15,281
2092,116,15,117,15,263
2093,116,33,117,17,283
2095,118,33,117,16,284
2098,115,16,117,18,266
2099,114,33,117,18,282
2100,117,15,117,18,267
2101,115,35,115,17,282
2102,117,17,115,17,266
2103,116,32,117,17,282
2104,117,16,117,17,267
2106,117,18,116,17,268
2108,117,18,117,16,268
2109,117,32,101,17,267
2110,115,17,101,17,250
2111,116,34,116,18,284
2112,117,17,116,18,268
2113,117,34,117,16,284
2114,116,17,117,16,266
2115,118,33,134,16,301
2116,117,16,134,16,283
2119,101,15,118,18,252
2120,116,18,101,16,251
2121,117,33,116,17,283
2122,117,16,116,17,266
2124,117,17,116,16,266
2125,117,34,115,17,283
2126,118,18,115,17,268
2127,119,33,116,16,284
2128,117,17,116,16,266
2129,117,32,117,16,282
2130,116,17,117,16,266
2131,116,33,116,18,283
2132,116,16,116,18,266
2133,116,34,116,18,284
2134,115,17,116,18,266
2136,116,16,120,12,264
2137,117,33,117,16,283
2138,117,16,117,16,266
2139,116,34,117,16,283
2140,116,18,117,16,267
2141,117,34,118,14,283
2142,116,18,118,14,266
2144,120,12,119,15,266
2145,115,34,118,17,284
2146,117,16,118,17,268
2147,117,34,117,17,285
2148,117,16,117,17,267
2150,118,14,117,17,266
2151,131,15,117,16,279
2153,116,35,116,16,283
2155,117,33,117,17,284
2157,131,17,117,17,282
2158,117,17,117,17,268
2159,116,32,117,17,282
2160,117,16,117,17,267
2162,116,16,117,16,265
2165,118,33,116,17,284
2166,117,17,116,17,267
2169,116,33,117,17,283
2171,115,33,119,14,281
2172,116,15,119,14,264
2173,133,17,116,17,283
2174,116,17,116,17,266
2175,118,32,118,15,283
2178,117,17,116,19,269
2179,134,14,118,17,283
2180,119,14,118,17,268
2181,115,35,118,16,284
2182,116,17,118,16,267
2183,132,15,117,17,281
2185,116,36,115,18,285
2186,116,19,115,18,268
2187,117,32,115,23,287
2188,118,17,115,23,273
2189,117,34,104,11,266
2190,118,16,104,11,249
2191,132,17,102,16,267
2192,117,17,102,16,252
2195,132,23,113,15,283
2196,115,23,113,15,266
2198,104,30,114,18,266
2199,119,33,116,18,286
2201,118,33,122,11,284
2203,119,32,117,18,286
2205,117,34,117,15,283
2206,114,18,117,15,264
2207,116,35,115,17,283
2211,105,11,115,17,248
2212,117,18,117,14,266
2213,119,31,117,18,285
2214,117,15,117,18,267
2215,115,35,117,16,283
2216,115,17,117,16,265
2217,126,17,118,18,279
2218,115,17,118,18,268
2219,116,33,118,16,283
2221,115,35,116,16,282
2222,117,18,116,16,267
2223,117,33,117,17,284
2224,117,16,117,17,267
2225,118,35,114,18,285
2228,118,16,117,16,267
2229,117,33,118,17,285
2230,116,16,118,17,267
2233,117,33,116,18,284
2234,114,18,116,18,266
2236,117,16,120,15,268
2237,134,17,115,18,284
2238,118,17,115,18,268
2240,115,17,116,19,267
2241,117,35,116,16,284
2243,118,33,115,16,282
2245,117,33,115,17,282
2246,115,18,115,17,265
2247,118,34,115,16,283
2248,116,19,115,16,266
2249,118,32,116,17,283
2250,116,16,116,17,265
2251,114,32,117,19,282
2252,115,16,117,19,267
2253,116,34,117,18,285
2255,117,33,118,16,284
2256,115,16,118,16,265
2257,115,34,118,16,283
2259,117,35,117,17,286
2261,119,33,101,15,268
2265,117,34,118,16,285
2266,118,16,118,16,268
2268,117,17,116,16,266
2270,116,18,114,17,265
2273,134,16,115,18,283
2274,118,16,115,18,267
2275,116,33,117,17,283
2276,116,16,117,17,266
2277,117,32,118,16,283
2278,114,17,118,16,265
2279,115,36,116,15,282
2280,120,16,116,15,267
2281,117,32,115,17,281
2282,101,32,115,17,265
2283,133,17,115,18,283
2284,117,17,115,18,267
2285,119,32,115,19,285
2286,102,32,115,19,268
2287,114,33,117,18,282
2289,117,33,119,15,284
2290,115,17,119,15,266
2291,132,18,116,16,282
2292,115,18,116,16,265
2293,131,19,115,18,283
2294,115,19,115,18,267
2296,101,34,115,17,267
2298,119,15,116,17,267
2299,117,33,116,18,284
2300,116,16,116,18,266
2302,115,18,116,17,266
2303,133,17,117,17,284
2305,115,33,116,18,282
2306,116,17,116,18,267
2307,132,18,117,16,283
2308,116,18,117,16,267
2309,118,33,117,17,285
2311,117,34,117,15,283
2314,116,18,116,18,268
2315,118,33,117,16,284
2316,117,16,117,16,266
2317,117,34,116,17,284
2318,117,17,116,17,267
2319,117,32,117,18,284
2320,117,15,117,18,267
2321,117,35,115,19,286
2322,116,18,115,19,268
2323,117,32,116,17,282
2324,117,16,116,17,266
2325,133,17,118,15,283
2326,116,17,118,15,266
2327,132,18,116,16,282
2330,115,19,115,18,267
2331,118,31,118,15,282
2333,116,34,117,15,282
2335,117,33,117,18,285
2336,116,16,117,18,267
2337,117,35,116,17,285
2338,115,18,116,17,266
2340,118,15,119,16,268
2341,114,33,119,15,281
2342,117,15,119,15,266
2343,115,36,116,17,284
2344,117,18,116,17,268
2345,118,33,117,16,284
2347,134,16,116,16,282
2348,119,16,116,16,267
2349,117,32,118,17,284
2350,102,32,118,17,269
2353,117,33,116,16,282
2356,116,16,117,17,266
2357,133,17,117,21,288
2358,118,17,117,21,273
2360,117,14,119,16,266
2362,116,16,101,18,251
2364,117,17,116,19,269
2365,116,39,111,17,283
2366,117,21,111,17,266
2367,121,28,117,17,283
2368,119,16,117,17,269
2369,117,32,119,16,284
2371,116,36,115,16,283
2372,116,19,115,16,266
2373,132,17,116,16,281
2374,111,17,116,16,260
2375,116,34,116,16,282
2377,116,33,117,17,283
2378,119,16,117,17,269
2379,118,32,102,14,266
2381,133,16,119,16,284
2382,116,16,119,16,267
2383,115,34,120,13,282
2384,116,16,120,13,265
2385,115,35,116,16,282
2388,116,19,116,16,267
2389,118,33,116,16,283
2390,119,16,116,16,267
2391,117,32,118,16,283
2393,115,34,116,19,284
2394,116,16,116,19,267
2395,118,33,117,18,286
2397,115,33,117,17,282
2398,116,16,117,17,266
2399,113,34,116,17,280
2400,118,16,116,17,267
2401,116,35,115,17,283
2402,116,19,115,17,267
2403,118,33,116,16,283
2404,117,18,116,16,267
2405,133,17,116,17,283
2407,116,33,119,15,283
2408,116,17,119,15,267
2409,117,34,115,20,286
2410,115,17,115,20,267
2412,116,16,116,18,266
2414,116,17,116,17,266
2415,117,34,116,17,284
2416,119,15,116,17,267
2417,132,20,115,17,284
2418,115,20,115,17,267
2419,118,32,118,14,282
2420,116,18,118,14,266
2422,116,17,116,18,267
2425,118,34,117,15,284
2426,115,17,117,15,264
2427,118,32,117,17,284
2428,118,14,117,17,266
2429,103,14,117,17,251
2430,116,18,116,18,268
2431,117,34,117,17,285
2432,117,17,117,17,268
2434,117,15,116,21,269
2435,114,34,103,14,265
2439,134,17,116,16,283
2440,117,17,116,16,266
2441,117,35,130,16,298
2442,116,21,130,16,283
2444,103,30,134,17,284
2445,117,35,116,15,283
2446,115,19,116,15,265
2450,130,34,115,17,296
2451,116,34,115,17,282
2452,134,32,118,16,300
2453,118,32,118,16,284
2454,116,15,118,16,265
2456,116,17,118,17,268
2457,116,34,118,16,284
2458,118,16,118,16,268
2460,115,17,117,18,267
2461,115,34,117,16,282
2462,118,16,117,16,267
2463,117,35,115,16,283
2465,117,33,116,16,282
2469,117,32,118,17,284
2470,117,16,118,17,268
2473,114,34,118,15,281
2474,116,16,118,15,265
2477,116,35,116,16,283
2478,118,17,116,16,267
2479,118,32,116,18,284
2480,102,32,116,18,268
2481,116,33,118,16,283
2482,118,15,118,16,267
2483,116,34,116,18,284
2484,117,17,116,18,268
2485,116,33,116,19,284
2486,116,16,116,19,267
2487,117,34,119,13,283
2488,116,18,119,13,266
2489,116,33,117,17,283
2491,133,18,115,19,285
2492,116,18,115,19,268
2493,132,19,116,16,283
2495,119,31,118,16,284
2496,119,13,118,16,266
2497,115,35,115,18,283
2502,116,16,117,16,265
2503,114,33,118,17,282
2505,116,34,118,15,283
2508,117,16,116,16,265
2510,117,16,118,15,266
2511,116,35,115,17,283
2512,118,17,115,17,267
2514,118,15,117,14,264
2515,115,33,116,17,281
2516,116,16,116,17,265
2518,118,15,117,19,269
2519,115,34,116,18,283
2520,115,17,116,18,266
2523,114,35,119,15,283
2524,116,17,119,15,267
2525,132,19,133,15,299
2526,117,19,133,15,284
2527,119,32,116,17,284
2531,118,33,119,16,286
2532,119,15,119,16,269
2534,133,32,117,16,298
2536,116,17,117,16,266
2537,116,34,116,16,282
2538,117,17,116,16,266
2540,119,16,115,17,267
2541,118,32,116,18,284
2542,100,32,116,18,266
2543,117,33,117,18,285
2544,117,16,117,18,268
2547,131,17,116,17,281
2549,133,18,115,18,284
2550,116,18,115,18,267
2552,117,18,114,18,267
2553,118,33,115,17,283
2554,118,17,115,17,267
2555,118,32,116,19,285
2556,116,17,116,19,268
2557,133,18,117,17,285
2559,117,33,117,15,282
2560,114,18,117,15,264
2561,116,33,116,18,283
2562,115,17,116,18,266
2563,117,35,116,16,284
2564,116,19,116,16,267
2566,117,17,116,17,267
2567,119,31,119,15,284
2572,116,16,117,15,264
2573,116,34,118,16,284
2574,116,17,118,16,267
2575,117,32,116,19,284
2577,117,34,118,16,285
2578,115,18,118,16,267
2579,133,15,119,16,283
2581,115,36,116,16,283
2583,117,33,117,16,283
2584,116,19,117,16,268
2586,118,16,116,16,266
2587,117,33,116,17,283
2588,119,16,116,17,268
2590,116,16,116,18,266
2591,118,34,116,17,285
2592,117,16,116,17,266
2593,132,16,118,16,282
2594,116,16,118,16,266
2595,115,34,114,20,283
2596,116,17,114,20,267
2597,116,34,115,17,282
2600,116,17,115,17,265
2602,118,16,133,18,285
2603,117,34,117,16,284
2605,118,32,117,18,285
2606,115,17,117,18,267
2607,116,33,116,17,282
2608,115,17,116,17,265
2609,133,16,118,16,283
2611,119,34,117,17,287
2612,117,16,117,17,267
2614,117,18,118,13,266
2615,119,31,118,18,286
2617,115,35,117,17,284
2618,118,16,117,17,268
2620,117,17,116,16,266
2621,118,31,119,17,285
2624,118,18,116,14,266
2625,133,17,116,17,283
2626,117,17,116,17,267
2627,117,32,117,18,284
2629,114,35,115,18,282
2630,119,17,115,18,269
2631,118,30,120,14,282
2633,133,17,115,17,282
2634,116,17,115,17,265
2635,133,18,117,16,284
2636,117,18,117,16,268
2637,117,33,116,16,282
2638,115,18,116,16,265
2639,117,31,117,17,282
2642,115,17,117,18,267
2644,117,16,117,14,264
2645,118,32,118,17,285
2646,100,32,118,17,267
2648,117,17,118,15,267
2649,117,35,117,16,285
2650,117,18,117,16,268
2652,117,14,119,16,266
2653,134,17,115,16,282
2654,118,17,115,16,266
2655,119,31,119,16,285
2656,118,15,119,16,268
2657,116,35,116,17,284
2658,117,16,116,17,266
2660,119,16,117,16,268
2661,116,32,119,16,283
2662,115,16,119,16,266
2663,134,16,115,18,283
2664,119,16,115,18,268
2666,116,17,115,18,266
2667,133,16,118,16,283
2669,117,34,115,19,285
2670,119,16,115,19,269
2673,117,33,117,17,284
2674,115,18,117,17,267
2675,116,34,116,17,283
2676,118,16,116,17,267
2677,131,19,115,16,281
2680,117,16,116,16,265
2681,118,34,117,15,284
2682,117,17,117,15,266
2683,116,33,117,16,282
2685,134,16,101,18,269
2686,115,16,101,18,250
2687,115,33,119,15,282
2688,116,16,119,15,266
2691,101,15,100,16,232
2692,117,16,117,16,266
2693,117,34,117,16,284
2694,101,34,117,16,268
2696,119,15,117,15,266
2697,115,35,116,15,281
2698,100,35,116,15,266
2699,117,32,117,16,282
2700,117,16,117,16,266
2701,133,16,119,12,280
2702,117,16,119,12,264
2703,116,31,120,16,283
2704,117,15,120,16,268
2705,116,34,117,19,286
2706,116,15,117,19,267
2709,135,12,102,18,267
2710,119,12,102,18,251
2712,120,16,116,17,269
2713,117,34,116,17,284
2714,102,34,116,17,269
2715,118,32,118,16,284
2717,114,34,117,16,281
2718,102,34,117,16,269
2719,116,33,117,15,281
2720,116,17,117,15,265
2722,116,17,117,17,267
2724,118,16,117,15,266
2725,116,33,116,19,284
2727,117,32,103,16,268
2728,117,15,103,16,251
2730,117,17,114,17,265
2735,118,30,101,19,268
2737,100,14,101,19,234
2738,114,17,116,19,266
2739,115,33,118,17,283
2740,117,16,118,17,268
2742,114,17,117,16,264
2743,115,33,118,16,282
2744,101,33,118,16,268
2745,117,35,115,16,283
2747,118,33,116,17,284
2748,118,17,116,17,268
2750,117,16,118,17,268
2752,118,16,118,17,269
2753,118,32,103,16,269
2754,115,16,103,16,250
2755,133,17,117,16,283
2757,117,34,116,15,282
2758,118,17,116,15,266
2759,117,34,131,18,300
2760,118,17,131,18,284
2761,119,33,116,16,284
2763,118,32,115,18,283
2764,117,16,115,18,266
2766,116,15,118,19,268
2767,133,15,119,15,282
2771,116,33,116,18,283
2774,118,19,129,19,285
2775,118,31,132,18,299
2776,119,15,132,18,284
2777,116,32,118,16,282
2778,117,15,118,16,266
2779,117,35,118,16,286
2780,116,18,118,16,268
2781,117,31,118,19,285
2782,129,34,117,17,297
2783,113,34,117,17,281
2784,117,15,117,17,266
2785,115,34,117,18,284
2786,118,16,117,18,269
2787,117,35,116,16,284
2788,118,16,116,16,266
2789,132,19,114,18,283
2793,116,35,115,18,284
2794,117,18,115,18,268
2795,116,32,118,16,282
2797,117,34,116,16,283
2798,114,18,116,16,264
2799,118,32,118,17,285
2800,101,32,118,17,268
2802,115,18,115,17,265
2803,117,33,118,15,283
2804,118,16,118,15,267
2805,118,32,119,14,283
2806,116,16,119,14,265
2809,118,32,116,18,284
2810,115,17,116,18,266
2811,115,34,117,15,281
2812,118,15,117,15,265
2814,119,14,118,16,267
2815,115,36,116,15,282
2816,115,19,116,15,265
2817,119,32,118,15,284
2818,116,18,118,15,267
2821,114,34,101,17,266
2822,118,16,101,17,252
2823,117,33,121,11,282
2825,117,34,116,18,285
2827,116,34,115,18,283
2828,117,18,115,18,268
2831,117,30,103,15,265
2832,121,11,103,15,250
2833,113,36,117,17,283
2834,116,18,117,17,268
2836,115,18,118,15,266
2837,116,34,115,18,283
2838,115,18,115,18,266
2839,114,34,116,15,279
2841,119,33,117,16,285
2842,117,17,117,16,267
2843,119,32,116,18,285
2844,118,15,116,18,267
2845,117,34,115,17,283
2846,115,18,115,17,265
2847,118,32,117,17,284
2848,116,15,117,17,265
2849,115,35,114,19,283
2850,117,16,114,19,266
2851,116,33,116,17,282
2852,116,18,116,17,267
2853,118,32,119,15,284
2855,115,34,119,16,284
2856,117,17,119,16,269
2857,115,34,101,15,265
2859,118,33,116,17,284
2860,116,17,116,17,266
2862,119,15,118,15,267
2863,102,15,118,15,250
2865,120,31,119,16,286
2866,101,31,119,16,267
2867,116,34,101,16,267
2869,115,33,128,23,299
2870,118,15,128,23,284
2871,114,33,118,17,282
2873,116,35,116,16,283
2874,119,16,116,16,267
2876,101,33,123,6,263
2877,116,27,120,18,281
2878,128,40,116,15,299
2879,109,40,116,15,280
2880,118,17,116,15,266
2882,116,16,117,17,266
2883,116,30,121,17,284
2886,117,18,118,16,269
2887,133,15,118,17,283
2888,116,15,118,17,266
2890,117,17,117,18,269
2892,121,17,117,16,271
2896,118,17,116,18,269
2900,101,32,117,17,267
2901,117,33,116,17,283
2903,117,34,115,19,285
2904,116,18,115,19,268
2906,116,15,118,15,264
2907,115,35,117,16,283
2909,118,32,116,18,284
2910,116,17,116,18,267
2911,117,35,116,17,285
2912,115,19,116,17,267
2913,117,31,102,17,267
2914,118,15,102,17,252
2915,115,35,117,16,283
2917,118,33,115,18,284
2918,116,18,115,18,267
2920,116,17,115,17,265
2922,102,31,117,17,267
2923,114,35,117,15,281
2924,117,16,117,15,265
2925,118,33,117,16,284
2927,132,17,120,14,283
2928,115,17,120,14,266
2929,115,33,116,18,282
2930,117,17,116,18,268
2931,115,33,117,16,281
2932,117,15,117,16,265
2933,117,34,116,18,285
2934,117,16,116,18,267
2935,117,34,116,18,285
2936,120,14,116,18,268
2938,116,18,117,16,267
2941,115,35,117,15,282
2942,116,18,117,15,266
2943,114,34,116,17,281
2944,116,18,116,17,267
2946,117,16,119,14,266
2947,117,34,115,18,284
2948,101,34,115,18,268
2949,118,32,118,16,284
2952,116,17,115,18,266
2955,115,34,116,17,282
2957,116,33,118,16,283
2958,101,33,118,16,268
2959,116,34,115,17,282
2960,115,18,115,17,265
2961,115,32,118,15,280
2962,118,15,118,15,266
2963,117,34,116,18,285
2964,116,17,116,18,267
2965,116,34,116,17,283
2966,118,16,116,17,267
2968,115,17,117,16,265
2969,115,33,117,16,281
2972,116,18,117,16,267
2974,116,17,117,15,265
2975,118,32,118,18,286
2976,117,16,118,18,269
2977,115,33,118,18,284
2978,117,16,118,18,269
2980,117,16,101,15,249
2981,117,32,119,16,284
2982,117,15,119,16,267
2983,116,36,115,18,285
2984,118,18,115,18,269
2985,119,33,118,14,284
2987,117,31,118,17,283
2989,115,35,117,17,284
2990,119,16,117,17,269
2991,117,34,115,18,284
2994,118,14,118,16,266
2995,117,34,117,16,284
2996,118,17,117,16,268
2997,116,34,116,17,283
2998,117,17,116,17,267
3000,115,18,117,16,266
3001,115,33,117,14,279
3003,117,33,117,17,284
3006,116,17,115,17,265
3007,118,33,117,16,284
3009,116,31,120,22,289
3010,117,14,120,22,273
3011,114,36,111,20,281
3012,117,17,111,20,265
3014,115,17,117,18,267
3015,133,16,116,17,282
3016,117,16,116,17,266
3019,123,25,117,18,283
3020,111,20,117,18,266
3022,117,18,116,16,267
3023,117,32,118,16,283
3024,116,17,118,16,267
3026,109,19,116,17,261
3027,123,32,117,15,287
3028,117,18,117,15,267
3029,117,33,119,17,286
3031,117,34,118,14,283
3032,118,16,118,14,266
3033,118,34,116,16,284
3035,119,31,118,17,285
3036,117,15,118,17,267
3037,115,37,115,16,283
3038,119,17,115,16,267
3040,118,14,118,15,265
3041,115,34,118,16,283
3043,116,34,116,17,283
3044,118,17,116,17,268
3045,115,33,116,19,283
3047,115,32,103,15,265
3048,118,15,103,15,251
3050,118,16,117,15,266
3051,117,33,117,17,284
3052,116,17,117,17,267
3053,116,35,114,20,285
3054,116,19,114,20,269
3056,103,32,116,16,267
3058,117,15,120,15,267
3061,118,35,114,16,283
3062,114,20,114,16,264
3063,119,30,119,14,282
3064,116,16,119,14,265
3065,115,35,115,17,282
3066,120,15,115,17,267
3068,117,15,117,17,266
3071,135,14,101,18,268
3072,119,14,101,18,252
3073,113,34,134,16,297
3074,115,17,134,16,282
3075,115,34,116,18,283
3076,117,17,116,18,268
3078,118,16,118,15,267
3079,115,34,116,17,282
3082,134,34,117,16,301
3083,117,34,117,16,284
3084,116,18,117,16,267
3085,117,32,118,15,282
3086,118,15,118,15,266
3088,116,17,116,16,265
3089,116,33,117,20,286
3090,116,17,117,20,270
3093,133,15,117,17,282
3094,118,15,117,17,267
3095,116,33,118,18,285
3097,116,38,113,16,283
3098,117,20,113,16,266
3099,119,29,118,16,282
3100,103,29,118,16,266
3101,115,34,117,16,282
3103,117,35,115,18,285
3104,118,18,115,18,269
3105,118,31,120,15,284
3106,113,16,120,15,264
3107,116,34,118,16,284
3108,118,16,118,16,268
3109,117,33,117,16,283
3110,100,33,117,16,266
3111,116,35,116,15,282
3112,115,18,116,15,264
3113,118,33,115,16,282
3114,120,15,115,16,266
3116,118,16,115,19,268
3117,117,32,118,19,286
3118,117,16,118,19,270
3119,116,33,117,17,283
3121,113,33,119,14,279
3122,115,16,119,14,264
3123,131,19,115,17,282
3125,134,19,114,16,283
3126,118,19,114,16,267
3127,132,17,117,18,284
3128,117,17,117,18,269
3129,117,32,121,14,284
3130,119,14,121,14,268
3132,115,17,118,16,266
3133,133,16,117,16,282
3134,114,16,117,16,263
3136,100,35,116,17,268
3138,121,14,117,17,269
3139,117,34,117,16,284
3140,118,16,117,16,267
3142,117,16,118,17,268
3146,117,17,116,16,266
3147,133,16,117,16,282
3149,117,34,117,16,284
3150,118,17,117,16,268
3151,117,33,116,15,281
3152,117,16,116,15,264
3153,117,32,117,16,282
3155,115,34,116,17,282
3157,116,34,115,19,284
3158,117,16,115,19,267
3159,132,15,118,17,282
3161,115,34,119,16,284
3164,116,17,101,16,250
3165,131,19,115,18,283
3167,133,17,118,15,283
3168,118,17,118,15,268
3169,117,34,116,16,283
3170,119,16,116,16,267
3172,101,33,118,15,267
3175,118,32,117,18,285
3176,118,15,117,18,268
3177,115,33,117,17,282
3178,116,16,117,17,266
3180,118,15,117,16,266
3182,115,16,119,16,266
3183,114,36,116,16,282
3184,117,18,116,16,267
3185,118,32,118,16,284
3187,132,16,118,17,283
3188,117,16,118,17,268
3189,117,34,118,15,284
3192,116,16,117,16,265
3193,117,34,117,17,285
3196,101,34,117,15,267
3199,116,33,118,16,283
3201,115,35,115,18,283
3202,117,17,115,18,267
3203,117,32,116,19,284
3204,117,15,116,19,267
3206,100,34,117,16,267
3207,117,33,116,16,282
3208,101,33,116,16,266
3211,131,19,115,17,282
3212,116,19,115,17,267
3214,117,16,117,17,267
3216,116,16,117,17,266
3217,116,34,118,15,283
3218,116,16,118,15,265
3219,117,34,116,17,284
3220,115,17,116,17,265
3221,116,34,116,17,283
3222,117,17,116,17,267
3224,117,17,116,19,269
3225,116,33,119,15,283
3226,118,15,119,15,267
3227,116,34,117,17,284
3228,116,17,117,17,267
3229,116,34,100,17,267
3231,118,34,132,16,300
3232,116,19,132,16,283
3233,117,32,116,17,282
3234,119,15,116,17,267
3235,117,34,116,16,283
3236,117,17,116,16,266
3238,100,32,117,17,266
3239,102,15,117,17,251
3241,131,17,118,17,283
3242,116,17,118,17,268
3243,116,33,117,17,283
3244,116,16,117,17,266
3245,132,17,116,18,283
3247,117,34,117,16,284
3249,118,34,116,15,283
3250,118,17,116,15,266
3252,117,17,119,15,268
3256,117,16,117,17,267
3258,116,15,117,18,266
3259,116,35,117,15,283
3262,117,16,117,16,266
3263,116,34,117,15,282
3265,132,18,117,15,282
3267,132,15,118,15,280
3269,115,34,117,16,282
3270,117,16,117,16,266
3271,116,33,116,17,282
3272,117,15,116,17,265
3273,117,33,117,19,286
3274,117,15,117,19,268
3275,115,33,118,17,283
3277,115,34,118,15,282
3278,117,16,118,15,266
3279,131,17,117,16,281
3280,116,17,117,16,266
3281,115,36,116,16,283
3282,117,19,116,16,268
3283,118,32,116,17,283
3284,118,17,116,17,268
3286,118,15,117,16,266
3287,117,33,118,18,286
3288,117,16,118,18,269
3289,135,16,117,17,285
3290,116,16,117,17,266
3291,117,33,116,16,282
3293,116,32,117,18,283
3294,117,16,117,18,268
3295,116,36,116,15,283
3296,118,18,116,15,267
3297,117,33,117,16,283
3298,101,33,117,16,267
3299,118,31,102,17,268
3300,116,16,102,17,251
3301,133,18,115,17,283
3304,116,15,118,15,264
3306,117,16,115,20,268
3307,118,32,103,13,266
3309,117,33,118,17,285
3310,115,17,118,17,267
3311,115,33,119,17,284
3312,118,15,119,17,269
3314,115,20,113,17,265
3315,118,31,117,15,281
3316,103,31,117,15,266
3317,118,34,119,15,286
3318,118,17,119,15,269
3319,117,34,117,14,282
3321,119,31,119,14,283
3322,113,17,119,14,263
3324,117,15,119,15,266
3326,119,15,114,17,265
3327,117,31,117,17,282
3328,117,14,117,17,265
3330,119,14,117,17,267
3331,134,15,117,16,282
3332,119,15,117,16,267
3333,129,17,117,17,280
3334,114,17,117,17,265
3335,114,34,119,15,282
3336,117,17,119,15,268
3342,117,17,116,17,267
3343,136,15,117,15,283
3344,119,15,117,15,266
3345,118,34,116,16,284
3346,116,19,116,16,267
3348,102,32,117,18,269
3349,117,33,116,17,283
3350,116,17,116,17,266
3352,117,15,116,17,265
3353,117,34,133,18,302
3354,116,16,133,18,283
3355,117,35,116,15,283
3356,117,18,116,15,266
3357,119,31,117,19,286
3358,116,17,117,19,269
3360,116,17,118,16,267
3362,133,33,117,17,300
3364,116,15,117,17,265
3366,117,19,114,18,268
3367,120,31,119,16,286
3368,118,16,119,16,269
3369,117,34,101,17,269
3370,117,17,101,17,252
3371,116,33,118,16,283
3372,117,17,118,16,268
3373,117,34,117,15,283
3374,114,18,117,15,264
3376,119,16,116,18,269
3377,102,16,116,18,252
3378,101,32,102,15,250
3379,102,15,102,15,234
3381,118,32,118,16,284
3383,132,18,115,14,279
3384,116,18,115,14,263
3385,117,31,118,16,282
3386,102,31,118,16,267
3387,115,33,117,16,281
3388,132,34,116,19,301
3393,114,36,118,16,284
3396,117,16,120,17,270
3397,115,36,115,18,284
3398,116,19,115,18,268
3399,118,30,118,18,284
3400,118,16,118,18,270
3401,114,36,117,17,284
3402,118,16,117,17,268
3403,118,35,114,17,284
3404,120,17,114,17,268
3406,115,18,115,17,265
3407,119,33,117,17,286
3408,118,18,117,17,270
3409,133,17,114,17,281
3410,117,17,114,17,265
3411,131,17,115,17,280
3413,117,33,116,19,285
3415,117,35,114,19,285
3417,131,17,118,16,282
3419,132,17,117,17,283
3420,115,17,117,17,266
3421,116,36,116,16,284
3422,116,19,116,16,267
3423,117,33,115,17,282
3424,114,19,115,17,265
3425,119,32,118,15,284
3427,118,33,117,17,285
3428,117,17,117,17,268
3430,116,16,116,18,266
3431,118,33,118,16,285
3432,115,17,118,16,266
3434,118,15,117,17,267
3435,117,34,116,17,284
3436,117,17,116,17,267
3438,116,18,115,18,267
3439,135,16,116,17,284
3441,116,33,115,19,283
3442,117,17,115,19,268
3443,117,33,117,18,285
3444,116,17,117,18,268
3445,117,34,101,16,268
3447,116,33,117,17,283
3448,116,17,117,17,267
3450,115,19,115,18,267
3451,134,18,114,18,284
3452,117,18,114,18,267
3453,119,32,119,14,284
3454,101,32,119,14,266
3455,117,34,116,15,282
3456,117,17,116,15,265
3458,115,18,116,17,266
3459,117,33,118,15,283
3460,114,18,118,15,265
3461,116,33,116,17,282
3462,119,14,116,17,266
3463,102,14,116,17,249
3464,116,15,118,16,265
3465,116,35,115,18,284
3466,116,17,115,18,266
3467,118,33,124,13,288
3468,118,15,124,13,270
3469,114,33,104,12,263
3470,116,17,104,12,249
3473,132,18,118,16,284
3474,115,18,118,16,267
3475,139,13,112,18,282
3477,121,31,115,17,284
3478,104,31,115,17,267
3479,118,31,116,18,283
3480,116,17,116,18,267
3484,112,18,101,15,246
3485,118,33,116,19,286
3489,115,35,115,18,283
3490,115,19,115,18,267
3491,119,31,102,15,267
3492,101,31,102,15,249
3493,116,36,115,17,284
3494,116,19,115,17,267
3495,120,33,115,16,284
3496,118,17,115,16,266
3498,115,18,116,18,267
3500,102,32,117,16,267
3502,115,17,112,22,266
3505,116,36,115,17,284
3506,116,18,115,17,266
3508,117,16,101,17,251
3509,116,35,116,18,285
3510,112,22,116,18,268
3511,118,32,117,16,283
3513,116,34,116,17,283
3515,117,33,117,16,283
3520,117,16,117,17,267
3524,117,16,117,17,267
3527,133,17,116,21,287
3529,117,33,104,13,267
3530,116,17,104,13,250
3532,117,17,117,16,267
3533,117,34,117,15,283
3534,118,18,117,15,268
3537,121,29,119,17,286
3538,104,29,119,17,269
3541,117,33,118,17,285
3542,117,15,118,17,267
3543,102,15,118,17,252
3545,116,36,115,15,282
3546,119,17,115,15,266
3547,118,31,117,17,283
3550,118,17,116,16,267
3551,117,32,117,15,281
3553,132,15,118,18,283
3554,115,15,118,18,266
3555,116,35,116,17,284
3556,117,17,116,17,267
3557,116,33,119,14,282
3558,116,16,119,14,265
3559,117,32,118,17,284
3560,117,15,118,17,267
3561,115,36,115,17,283
3563,118,32,117,17,284
3564,116,17,117,17,267
3565,116,33,118,17,284
3566,119,14,118,17,268
3567,116,34,116,18,284
3568,101,34,116,18,269
3569,117,33,116,18,284
3570,115,17,116,18,266
3571,134,17,100,17,268
3572,117,17,100,17,251
3573,132,17,116,15,280
3574,118,17,116,15,266
3575,118,33,116,16,283
3576,116,18,116,16,266
3577,118,33,116,18,285
3578,101,33,116,18,268
3579,117,34,115,18,284
3582,116,15,102,16,249
3583,116,34,133,17,300
3584,116,16,133,17,282
3586,116,18,115,16,265
3587,117,33,116,17,283
3588,100,33,116,17,266
3589,117,33,115,16,281
3590,102,33,115,16,266
3594,115,16,117,16,264
3595,116,35,116,17,284
3596,116,17,116,17,266
3597,132,16,102,16,266
3598,115,16,102,16,249
3599,116,34,118,17,285
3600,117,16,118,17,268
3601,116,33,118,16,283
3602,117,16,118,16,267
3603,115,35,115,18,283
3607,115,36,115,18,284
3608,118,17,115,18,268
3609,118,32,117,17,284
3610,118,16,117,17,268
3612,115,18,118,16,267
3613,117,34,114,19,284
3615,132,18,117,15,282
3619,118,34,117,17,286
3620,118,16,117,17,268
3621,118,33,117,16,284
3622,114,19,117,16,266
3624,100,32,118,15,265
3625,116,34,118,17,285
3627,133,17,116,15,281
3629,120,32,117,16,285
3630,101,32,117,16,266
3632,118,15,118,18,269
3633,116,36,116,17,285
3635,117,31,102,16,266
3636,116,15,102,16,249
3637,115,34,118,15,282
3638,117,16,118,15,266
3640,118,18,115,16,267
3641,133,17,116,15,281
3643,117,33,117,14,281
3644,102,33,117,14,266
3645,117,32,118,17,284
3647,116,33,118,17,284
3649,133,15,102,17,267
3650,116,15,102,17,250
3651,115,33,118,16,282
3652,117,14,118,16,265
3655,118,33,117,17,285
3657,117,34,116,18,285
3658,102,34,116,18,270
3660,118,16,119,15,268
3661,134,15,116,18,283
3663,116,35,115,17,283
3664,117,17,115,17,266
3665,117,34,116,15,282
3666,116,18,116,15,265
3667,119,31,118,16,284
3668,119,15,118,16,268
3669,115,34,117,18,284
3670,116,18,117,18,269
3671,116,33,114,18,281
3672,115,17,114,18,264
3676,118,16,117,16,267
3678,117,18,116,14,265
3679,119,30,119,15,283
3680,102,30,119,15,266
3681,114,35,116,17,282
3682,118,16,116,17,267
3683,133,16,116,17,282
3684,117,16,116,17,266
3686,116,14,119,16,265
3688,119,15,119,14,267
3689,115,34,117,16,282
3690,116,17,117,16,266
3691,116,33,117,16,282
3692,116,17,117,16,266
3693,115,34,116,18,283
3696,119,14,102,17,252
3701,115,35,116,17,283
3702,116,18,116,17,267
3703,116,33,117,18,284
3704,102,33,117,18,270
3705,117,33,117,15,282
3707,117,32,118,17,284
3708,117,16,118,17,268
3713,119,30,117,17,283
3714,117,15,117,17,266
3715,134,17,117,17,285
3716,118,17,117,17,269
3717,117,32,102,17,268
3718,100,32,102,17,251
3722,117,17,116,17,267
3723,116,35,117,15,283
3724,117,17,117,15,266
3726,102,33,118,16,269
3727,101,16,118,16,251
3729,116,34,121,14,285
3731,134,15,118,16,283
3733,115,35,116,16,282
3735,119,32,117,17,285
3737,118,34,115,18,285
3739,116,33,116,17,282
3740,101,33,116,17,267
3742,116,16,118,16,266
3743,117,34,116,17,284
3744,117,17,116,17,267
3745,114,33,117,16,280
3746,115,18,117,16,266
3749,116,34,116,17,283
3752,116,17,115,18,266
3756,116,18,116,18,268
3758,116,17,101,14,248
3759,117,33,117,15,282
3760,115,18,117,15,265
3761,116,33,116,18,283
3762,119,14,116,18,267
3763,117,35,116,15,283
3764,116,18,116,15,265
3765,118,32,116,17,283
3766,101,32,116,17,266
3767,118,32,118,17,285
3768,117,15,118,17,267
3769,130,18,115,17,280
3773,134,17,117,16,284
3774,116,17,117,16,266
3778,115,17,117,17,266
3780,117,16,118,17,268
3782,117,16,117,17,267
3783,116,35,116,17,284
3784,115,19,116,17,267
3786,102,32,117,18,269
3788,118,17,116,16,267
3789,117,33,118,14,282
3790,117,17,118,14,266
3792,116,17,115,16,264
3793,118,34,117,14,283
3794,117,18,117,14,266
3795,118,31,118,16,283
3796,116,16,118,16,266
3798,118,14,101,18,251
3799,115,33,117,17,282
3800,115,16,117,17,265
3801,115,34,119,16,284
3802,117,14,119,16,266
3803,116,34,118,17,285
3804,118,16,118,17,269
3805,115,32,103,16,266
3806,119,14,103,16,252
3807,102,14,103,16,235
3808,117,17,102,17,253
3809,133,16,117,14,280
3810,119,16,117,14,266
3812,118,17,115,18,268
3813,117,33,114,18,282
3814,103,33,114,18,268
3815,119,33,116,18,286
3816,102,33,116,18,269
3817,116,31,117,19,283
3821,117,32,117,16,282
3822,114,18,117,16,265
3823,115,35,116,16,282
3825,131,19,117,16,283
3827,135,16,100,17,268
3828,117,16,100,17,250
3830,117,16,116,18,267
3832,116,16,117,16,265
3833,118,34,116,17,285
3834,117,16,116,17,266
3836,100,32,118,17,267
3837,116,34,121,14,285
3838,116,18,121,14,269
3839,133,16,118,16,283
3841,115,34,116,16,281
3843,116,34,115,17,282
3844,118,17,115,17,267
3846,101,34,116,15,266
3847,118,32,116,18,284
3849,133,16,119,16,284
3853,112,33,117,16,278
3854,116,15,117,16,264
3855,115,35,114,19,283
3856,116,18,114,19,267
3857,118,33,117,17,285
3859,118,34,115,16,283
3860,116,19,115,16,266
3861,132,16,118,16,282
3865,116,34,117,16,283
3867,119,31,118,16,284
3868,115,16,118,16,265
3869,116,34,118,16,284
3870,100,34,118,16,268
3871,118,33,117,16,284
3873,115,35,116,15,281
3875,118,32,117,17,284
3876,118,16,117,17,268
3877,116,34,115,19,284
3879,118,32,119,17,286
3880,117,16,119,17,269
3881,114,33,103,15,265
3882,116,15,103,15,249
3884,117,17,115,17,266
3885,116,34,117,16,283
3887,118,34,114,18,284
3888,119,17,114,18,268
3889,118,32,119,13,282
3890,103,32,119,13,267
3891,117,32,117,17,283
3892,115,17,117,17,266
3894,117,16,115,17,265
3895,116,33,116,18,283
3897,117,32,102,16,267
3898,119,13,102,16,250
3899,117,34,117,18,286
3900,117,17,117,18,269
3901,131,17,118,17,283
3902,115,17,118,17,267
3903,134,18,117,17,286
3904,116,18,117,17,268
3905,115,33,115,18,281
3907,118,34,115,16,283
3911,118,34,114,19,285
3912,117,17,114,19,267
3913,118,32,117,17,284
3914,115,18,117,17,267
3915,117,32,120,14,283
3916,115,16,120,14,265
3918,116,18,117,17,268
3919,117,33,115,16,281
3921,119,33,116,17,285
3924,120,14,118,17,269
3925,116,36,115,16,283
3927,120,30,119,14,283
3928,115,16,119,14,264
3929,115,35,116,18,284
3930,116,17,116,18,267
3931,115,34,115,18,282
3932,118,17,115,18,268
3933,116,32,116,17,281
3934,115,16,116,17,264
3935,135,14,118,17,284
3936,119,14,118,17,268
3937,115,36,117,14,282
3939,117,33,115,20,285
3940,115,18,115,20,268
3941,117,32,103,14,266
3942,116,17,103,14,250
3943,115,34,115,18,282
3945,117,32,118,18,285
3946,117,14,118,18,267
3947,116,37,115,16,284
3949,120,32,117,15,284
3950,103,32,117,15,267
3951,118,32,115,20,285
3952,115,18,115,20,268
3953,115,35,116,17,283
3955,119,32,118,13,282
3956,115,16,118,13,262
3957,117,33,115,19,284
3959,118,35,116,16,285
3961,118,33,115,17,283
3962,116,17,115,17,265
3963,117,30,119,17,283
3964,118,13,119,17,267
3965,113,36,118,15,282
3966,115,19,118,15,267
3967,119,33,116,19,287
3969,116,33,115,20,284
3972,119,17,116,16,268
3974,118,15,117,15,265
3976,116,19,114,17,266
3977,119,33,115,17,284
3978,102,33,115,17,267
3979,133,16,101,15,265
3980,116,16,101,15,248
3981,132,15,117,16,280
3982,117,15,117,16,265
3984,114,17,118,17,266
3986,115,17,118,17,267
3987,117,34,116,16,283
3990,117,16,118,16,267
3991,116,36,117,17,286
3994,118,17,115,17,267
3995,120,31,118,17,286
3997,117,33,102,17,269
3999,115,36,114,20,285
4000,117,17,114,20,268
4001,117,32,116,17,282
4002,115,17,116,17,265
4003,117,34,117,15,283
4004,118,17,117,15,267
4005,118,31,118,17,284
4006,102,31,118,17,268
4008,114,20,113,19,266
4009,119,31,115,17,282
4010,116,17,115,17,265
4011,116,33,118,18,285
4013,132,17,117,17,283
4015,118,34,114,17,283
4020,118,18,113,17,266
4021,119,32,118,14,283
4022,102,32,118,14,266
4024,114,17,118,20,269
4026,100,37,111,19,267
4027,118,30,119,15,282
4029,115,34,116,19,284
4031,118,37,113,17,285
4032,118,20,113,17,268
4033,121,29,116,17,283
4035,117,34,118,16,285
4036,119,15,118,16,268
4038,116,19,114,18,267
4040,113,17,117,16,263
4041,103,17,117,16,253
4042,116,17,121,13,267
4043,114,35,118,17,284
4045,118,33,115,17,283
4046,114,18,115,17,264
4047,117,33,116,17,283
4048,117,16,116,17,266
4049,118,33,118,15,284
4050,121,13,118,15,267
4051,115,36,117,13,281
4052,118,17,117,13,265
4053,103,17,117,13,250
4054,115,17,119,14,265
4055,132,17,118,15,282
4056,116,17,118,15,266
4058,118,15,117,19,269
4060,117,13,103,14,247
4061,117,33,118,16,284
4062,100,33,118,16,267
4063,116,34,119,17,286
4064,118,15,119,17,269
4065,115,36,116,15,282
4066,117,19,116,15,267
4068,103,30,119,15,267
4071,134,17,117,13,281
4072,119,17,117,13,266
4076,119,15,116,18,268
4077,116,35,115,16,282
4079,116,31,119,17,283
4081,114,37,115,16,282
4083,118,31,118,15,282
4085,118,32,120,16,286
4086,115,16,120,16,267
4087,113,36,117,15,281
4089,115,32,118,16,281
4093,117,35,115,18,285
4095,117,32,116,17,282
4096,117,15,116,17,265
4097,116,34,115,18,283
4099,116,33,116,16,281
4100,116,18,116,16,266
4101,115,34,116,15,280
4103,131,17,118,16,282
4104,116,17,118,16,267
4105,115,34,115,18,282
4106,115,18,115,18,266
4107,118,32,117,17,284
4108,116,16,117,17,266
4109,116,33,118,16,283
4110,116,15,118,16,265
4111,135,16,116,17,284
4112,118,16,116,17,267
4113,118,33,117,16,284
4115,117,33,117,16,283
4116,117,17,117,16,267
4117,116,33,119,14,282
4118,118,16,119,14,267
4120,116,17,116,18,267
4122,117,16,117,16,266
4123,117,33,116,17,283
4124,117,16,116,17,266
4126,119,14,118,16,267
4127,116,35,116,17,284
4128,116,18,116,17,267
4129,117,32,118,16,283
4130,117,16,118,16,267
4131,132,17,117,18,284
4132,116,17,117,18,268
4133,132,16,118,14,280
4134,118,16,118,14,266
4135,117,34,115,18,284
4136,116,17,115,18,266
4137,117,33,118,15,283
4138,118,16,118,15,267
4141,117,31,117,16,281
4143,115,35,116,18,284
4145,134,15,119,15,283
4147,117,32,118,17,284
4148,119,12,118,17,266
4149,102,12,118,17,249
4150,117,16,119,16,268
4151,116,36,115,19,286
4154,119,15,115,17,266
4155,130,17,118,16,281
4157,118,33,118,16,285
4159,117,35,116,15,283
4160,115,19,116,15,265
4162,115,17,117,16,265
4163,116,35,115,17,283
4164,118,16,115,17,266
4165,117,33,115,18,283
4166,118,16,115,18,267
4167,118,32,118,14,282
4168,116,15,118,14,263
4169,117,33,117,17,284
4170,117,16,117,17,267
4171,114,34,117,16,281
4174,115,18,117,17,267
4175,116,31,103,15,265
4177,115,35,116,18,284
4179,117,33,118,16,284
4180,117,16,118,16,267
4181,117,35,115,17,284
4183,117,34,114,17,282
4184,103,34,114,17,268
4185,119,32,117,17,285
4187,134,16,117,17,284
4190,115,17,117,18,267
4191,133,17,116,17,283
4192,114,17,116,17,264
4194,117,17,116,17,267
4195,117,33,117,15,282
4196,117,17,117,15,266
4197,118,34,115,15,282
4199,119,31,117,19,286
4200,102,31,117,19,269
4203,117,32,116,19,284
4204,117,15,116,19,267
4205,116,32,103,17,268
4206,115,15,103,17,250
4208,117,19,117,14,267
4209,135,14,118,17,284
4210,118,14,118,17,267
4211,115,35,115,17,282
4213,118,32,118,16,284
4214,103,32,118,16,269
4215,117,33,118,17,285
4217,114,35,116,17,282
4218,118,17,116,17,268
4219,119,32,118,15,284
4221,115,34,118,16,283
4222,100,34,118,16,268
4223,115,34,117,16,282
4225,117,33,116,16,282
4226,116,17,116,16,265
4227,118,32,119,16,285
4228,118,15,119,16,268
4229,115,35,115,18,283
4230,118,16,115,18,267
4231,134,16,116,18,284
4232,117,16,116,18,267
4236,119,16,117,17,269
4237,116,33,117,15,281
4239,116,34,115,18,283
4240,116,18,115,18,267
4243,133,17,116,16,282
4244,117,17,116,16,266
4245,119,31,118,15,283
4246,117,15,118,15,265
4247,116,35,117,16,284
4249,117,32,117,17,283
4250,118,15,117,17,267
4251,115,34,117,16,282
4252,116,16,117,16,265
4253,116,32,118,19,285
4254,118,15,118,19,270
4255,135,16,102,15,268
4256,117,16,102,15,250
4257,132,17,116,17,282
4259,116,33,116,17,282
4260,117,16,116,17,266
4262,101,36,114,17,268
4265,101,17,116,16,250
4267,132,17,117,17,283
4268,116,17,117,17,267
4269,116,34,117,16,283
4270,114,17,117,16,264
4271,116,33,117,17,283
4272,116,16,117,17,266
4274,116,17,117,17,267
4276,117,17,117,16,267
4278,117,16,116,18,267
4280,117,17,116,16,266
4281,118,33,117,16,284
4283,117,33,117,17,284
4284,117,16,117,17,267
4286,116,18,116,17,267
4287,133,16,118,15,282
4288,116,16,118,15,265
4289,116,34,121,12,283
4290,117,16,121,12,266
4293,118,33,117,16,284
4295,117,32,117,17,283
4296,118,15,117,17,267
4297,115,34,118,16,283
4298,121,12,118,16,267
4300,116,17,118,16,267
4301,117,33,116,17,283
4303,116,33,118,17,284
4308,118,16,116,18,268
4309,117,32,102,14,265
4311,117,35,116,17,285
4312,118,17,116,17,268
4315,115,35,116,15,281
4316,116,18,116,15,265
4317,119,32,99,17,267
4318,102,32,99,17,250
4320,116,17,132,16,281
4321,118,34,114,18,284
4323,134,15,117,16,282
4324,116,15,117,16,264
4326,99,33,119,15,266
4327,115,34,118,17,284
4328,132,34,119,15,300
4329,115,34,119,15,283
4331,116,32,102,17,267
4332,101,32,102,17,252
4336,118,17,116,17,268
4337,119,33,117,15,284
4338,119,15,117,15,266
4339,103,15,117,15,250
4340,102,34,131,18,285
4342,117,18,134,17,286
4343,117,33,118,16,284
4345,132,15,117,17,281
4347,115,33,101,17,266
4348,131,36,116,16,299
4349,116,36,116,16,284
4350,116,18,116,16,266
4351,118,33,115,17,283
4354,117,17,116,17,267
4357,119,31,116,16,282
4358,116,16,116,16,264
4360,115,17,116,17,265
4361,117,33,118,15,283
4362,116,17,118,15,266
4363,134,16,116,16,282
4364,115,16,116,16,263
4365,132,16,119,15,282
4366,116,16,119,15,266
4367,116,34,116,18,284
4368,116,17,116,18,267
4370,118,15,118,16,267
4371,115,33,118,15,281
4374,119,15,116,17,267
4376,116,18,117,18,269
4379,117,32,118,16,283
4380,118,15,118,16,267
4381,114,34,134,16,298
4382,116,17,134,16,283
4383,117,36,114,17,284
4385,118,30,118,16,282
4386,102,30,118,16,266
4387,133,16,117,18,284
4389,134,17,116,17,284
4390,117,17,116,17,267
4391,116,33,117,17,283
4392,114,17,117,17,265
4394,118,16,119,14,267
4397,118,32,116,17,283
4398,116,17,116,17,266
4400,117,17,116,16,266
4401,117,32,118,17,284
4404,115,17,117,16,265
4405,133,17,118,15,283
4406,116,17,118,15,266
4407,133,16,117,16,282
4408,116,16,117,16,265
4411,118,32,119,14,283
4412,117,16,119,14,266
4413,117,33,119,15,284
4414,118,15,119,15,267
4415,116,33,118,16,283
4417,115,34,116,18,283
4419,116,33,118,16,283
4420,119,14,118,16,267
4421,134,15,118,17,284
4422,119,15,118,17,269
4424,118,16,102,14,250
4425,116,34,117,16,283
4427,132,16,117,18,283
4428,118,16,117,18,269
4429,133,17,116,16,282
4430,118,17,116,16,267
4431,118,31,117,17,283
4432,116,17,117,17,267
4434,117,16,118,16,267
4435,116,35,116,17,284
4437,117,32,101,17,267
4438,116,16,101,17,250
4439,118,33,116,18,285
4442,118,16,116,18,268
4443,117,34,100,16,267
4444,116,17,100,16,249
4445,117,34,132,17,300
4446,101,34,132,17,284
4448,116,18,117,17,268
4449,132,18,116,15,281
4450,116,18,116,15,265
4451,117,31,118,17,283
4452,100,31,118,17,266
4453,114,35,118,16,283
4454,132,34,115,19,300
4455,118,34,115,19,286
4457,101,17,115,19,252
4458,116,15,118,16,265
4460,118,17,116,16,267
4461,118,34,132,18,302
4465,118,31,118,15,282
4467,116,33,119,16,284
4468,116,16,119,16,267
4469,114,34,116,16,280
4470,132,34,116,16,298
4471,135,16,116,16,283
4472,116,16,116,16,264
4473,117,32,117,18,284
4474,118,15,117,18,268
4475,135,16,115,17,283
4477,118,31,118,17,284
4480,116,16,117,18,267
4481,132,18,116,17,283
4482,117,18,116,17,268
4483,131,17,101,17,266
4484,115,17,101,17,250
4485,117,34,116,17,284
4486,118,17,116,17,268
4487,117,34,117,15,283
4488,117,18,117,15,267
4489,118,33,117,17,285
4490,116,17,117,17,267
4491,118,32,102,16,268
4492,101,32,102,16,251
4493,116,34,116,18,284
4495,117,33,118,17,285
4497,134,17,117,18,286
4498,117,17,117,18,269
4499,117,33,117,15,282
4500,102,33,117,15,267
4501,118,33,116,17,284
4502,116,18,116,17,267
4503,116,34,116,15,281
4504,118,17,116,15,266
4505,117,35,115,15,282
4506,117,18,115,15,265
4507,119,30,117,17,283
4508,117,15,117,17,266
4509,117,34,117,15,283
4510,116,17,117,15,265
4512,116,15,118,17,266
4513,114,34,101,16,265
4517,117,32,117,18,284
4518,117,15,117,18,267
4520,100,35,116,17,268
4521,116,34,117,16,283
4522,101,34,117,16,268
4523,118,32,116,17,283
4524,116,17,116,17,266
4525,132,18,117,15,282
4526,117,18,117,15,267
4527,117,33,117,18,285
4528,116,17,117,18,268
4530,117,16,116,18,267
4533,117,33,117,18,285
4536,117,18,114,18,267
4538,116,18,116,16,266
4540,118,15,118,15,266
4542,117,18,113,20,268
4543,117,33,117,16,283
4545,117,33,117,15,282
4546,116,16,117,15,264
4547,116,32,118,17,283
4548,101,32,118,17,268
4549,116,35,115,19,285
4550,113,20,115,19,267
4551,135,16,116,17,284
4552,117,16,116,17,266
4553,116,32,118,17,283
4554,117,15,118,17,267
4555,115,35,117,17,284
4556,118,17,117,17,269
4557,120,34,116,15,285
4559,117,32,117,18,284
4560,116,17,117,18,268
4561,116,34,116,15,281
4562,118,17,116,15,266
4565,119,31,118,18,286
4566,116,15,118,18,267
4567,116,36,116,15,283
4568,117,18,116,15,266
4569,118,30,119,17,284
4571,132,17,116,18,283
4572,115,17,116,18,266
4573,133,18,115,16,282
4574,118,18,115,16,267
4575,118,31,117,17,283
4576,116,15,117,17,265
4577,116,35,116,16,283
4578,119,17,116,16,268
4581,133,16,118,17,284
4582,115,16,118,17,266
4583,132,17,117,17,283
4584,117,17,117,17,268
4585,116,33,117,17,283
4587,117,33,119,15,284
4588,116,16,119,15,266
4589,116,35,116,17,284
4590,118,17,116,17,268
4591,118,33,115,16,282
4593,133,17,116,18,284
4594,117,17,116,18,268
4595,117,33,116,17,283
4596,119,15,116,17,267
4597,116,34,117,16,283
4599,117,31,121,14,283
4601,115,36,117,16,284
4603,131,17,119,16,283
4605,116,34,101,16,267
4606,117,16,101,16,250
4607,118,33,117,17,285
4608,121,14,117,17,269
4609,117,34,116,16,283
4610,117,16,116,16,265
4611,118,34,115,18,285
4612,119,16,115,18,268
4613,117,32,116,17,282
4614,101,32,116,17,266
4615,131,17,116,16,280
4616,117,17,116,16,266
4621,117,32,117,15,281
4623,116,33,118,17,284
4624,116,16,118,17,267
4625,116,36,114,19,285
4628,101,30,118,18,267
4629,116,33,118,16,283
4630,117,15,118,16,266
4631,115,36,117,17,285
4632,118,17,117,17,269
4633,117,34,117,14,282
4634,114,19,117,14,264
4635,133,18,133,15,299
4636,118,18,133,15,284
4638,118,16,117,17,268
4641,119,31,119,16,285
4642,117,14,119,16,266
4644,133,32,116,17,298
4645,118,32,116,17,283
4646,117,17,116,17,267
4647,115,33,117,18,283
4648,115,16,117,18,266
4649,133,16,117,15,281
4650,119,16,117,15,267
4652,116,17,116,16,265
4653,118,32,118,16,284
4654,116,17,118,16,267
4656,117,18,115,18,268
4657,133,15,120,15,283
4658,117,15,120,15,267
4659,116,33,118,17,284
4660,116,16,118,17,267
4662,118,16,116,17,267
4663,133,18,118,15,284
4664,115,18,118,15,266
4666,120,15,115,16,266
4667,118,33,116,16,283
4668,118,17,116,16,267
4669,132,17,116,18,283
4670,116,17,116,18,267
4671,117,34,118,16,285
4673,114,32,118,16,280
4674,115,16,118,16,265
4675,115,34,119,15,283
4676,116,16,119,15,266
4677,117,34,119,15,285
4678,116,18,119,15,268
4679,115,34,115,18,282
4680,118,16,115,18,267
4682,118,16,118,16,268
4683,135,15,117,15,282
4684,119,15,117,15,266
4686,119,15,116,18,268
4687,116,33,115,19,283
4688,115,18,115,19,267
4689,134,16,116,18,284
4690,118,16,116,18,268
4691,132,15,102,17,266
4692,117,15,102,17,251
4694,116,18,114,18,266
4695,119,33,115,16,283
4696,101,33,115,16,265
4697,117,33,118,14,282
4698,116,18,118,14,266
4701,117,33,115,19,284
4702,114,18,115,19,266
4703,118,32,119,15,284
4704,115,16,119,15,265
4705,136,14,117,16,283
4708,116,16,118,18,268
4710,115,19,116,18,268
4711,118,32,102,16,268
4714,117,16,117,16,266
4716,118,18,115,17,268
4718,116,18,120,14,268
4719,117,32,118,16,283
4721,117,32,117,18,284
4723,115,35,116,17,283
4724,115,17,116,17,265
4725,138,14,116,16,284
4726,120,14,116,16,266
4727,118,32,116,16,282
4728,118,16,116,16,266
4729,118,33,116,17,284
4731,117,33,117,15,282
4732,116,17,117,15,265
4733,130,16,115,19,280
4735,116,32,116,19,283
4737,117,34,117,17,285
4741,114,36,115,17,282
4742,115,19,115,17,266
4743,118,33,116,16,283
4745,118,33,117,16,284
4750,115,17,118,14,264
4753,116,34,101,15,266
4754,117,16,101,15,249
4759,115,36,116,17,284
4760,117,18,116,17,268
4761,117,32,117,16,282
4762,101,32,117,16,266
4763,117,33,118,14,282
4766,118,16,117,18,269
4768,116,17,116,16,265
4770,117,16,118,14,265
4771,117,32,118,17,284
4772,118,14,118,17,267
4773,115,36,117,14,282
4774,117,18,117,14,266
4775,117,32,117,16,282
4776,116,16,117,16,265
4777,116,32,121,14,283
4778,118,14,121,14,267
4779,114,35,116,17,282
4780,118,17,116,17,268
4783,115,34,116,17,282
4784,117,16,116,17,266
4785,135,14,115,18,282
4787,117,33,116,18,284
4788,116,17,116,18,267
4789,115,34,117,17,283
4791,117,32,118,17,284
4792,116,17,118,17,268
4793,113,34,116,16,279
4794,115,18,116,16,265
4795,117,34,118,15,284
4796,116,18,118,15,267
4797,134,17,115,17,283
4799,119,33,115,18,285
4804,118,15,116,17,266
4805,116,33,116,17,282
4806,115,17,116,17,265
4808,115,18,116,20,269
4810,102,33,118,15,268
4811,115,33,118,16,282
4814,116,17,116,18,267
4815,134,20,114,17,285
4816,116,20,114,17,267
4818,118,15,117,16,266
4820,118,16,118,15,267
4821,118,33,117,17,285
4823,117,34,116,15,282
4825,116,32,118,17,283
4826,117,16,118,17,268
4827,115,34,116,20,285
4828,118,15,116,20,269
4829,118,34,102,13,267
4831,117,31,118,17,283
4833,115,36,116,16,283
4834,118,17,116,16,267
4835,116,35,132,16,299
4836,116,20,132,16,284
4837,119,30,118,17,284
4838,102,30,118,17,267
4840,118,17,114,20,269
4841,116,33,101,16,266
4842,116,16,101,16,249
4845,119,33,116,18,286
4847,118,33,115,16,282
4849,117,32,117,17,283
4850,101,32,117,17,267
4853,115,36,116,15,282
4855,121,30,119,15,285
4856,115,16,119,15,265
4857,115,35,116,16,282
4859,118,33,133,16,300
4861,116,33,116,19,284
4862,116,15,116,19,266
4864,119,15,117,16,267
4867,116,34,117,17,284
4868,115,18,117,17,267
4870,116,19,117,17,269
4871,117,31,103,14,265
4872,117,16,103,14,250
4873,134,16,118,16,284
4874,118,16,118,16,268
4877,118,35,131,18,302
4881,116,34,116,17,283
4882,118,16,116,17,267
4883,117,32,118,18,285
4884,115,17,118,18,268
4885,114,34,117,16,281
4887,117,34,116,18,285
4888,118,16,116,18,268
4889,116,33,117,17,283
4890,116,17,117,17,267
4892,118,18,114,17,267
4893,119,31,117,18,285
4894,117,16,117,18,268
4895,115,35,116,16,282
4896,116,18,116,16,266
4898,117,17,116,18,268
4899,117,32,117,17,283
4900,114,17,117,17,265
4902,117,18,116,15,266
4903,118,32,116,18,284
4904,116,16,116,18,266
4906,116,18,115,17,266
4907,101,18,115,17,251
4909,117,32,118,17,284
4911,115,35,116,18,284
4912,116,18,116,18,268
4913,117,33,116,18,284
4914,115,17,116,18,266
4915,117,34,116,17,284
4917,117,33,115,17,282
4918,102,33,115,17,267
4919,118,34,117,17,286
4920,100,34,117,17,268
4921,118,33,116,18,285
4922,116,18,116,18,268
4923,117,33,116,17,283
4924,116,17,116,17,266
4925,117,32,117,17,283
4927,135,17,115,17,284
4930,116,18,117,19,270
4931,118,32,117,15,282
4932,116,17,117,15,265
4933,118,33,118,16,285
4934,117,17,118,16,268
4935,132,17,117,17,283
4937,117,37,112,18,284
4939,121,28,102,16,267
4940,117,15,102,16,250
4942,118,16,118,14,266
4943,117,34,116,15,282
4945,116,33,116,16,281
4946,112,18,116,16,262
4949,118,30,118,16,282
4951,115,33,119,15,282
4952,116,15,119,15,265
4954,116,16,118,16,266
4955,116,35,115,18,284
4956,132,32,101,16,281
4957,132,16,101,16,265
4958,118,16,101,16,251
4960,119,15,101,15,250
4962,118,16,117,16,267
4964,115,18,117,15,265
4965,117,33,117,15,282
4966,101,33,117,15,266
4967,116,33,116,18,283
4968,116,18,116,18,268
4969,116,33,117,15,281
4970,117,16,117,15,265
4972,117,15,119,15,266
4973,116,33,119,16,284
4974,117,15,119,16,267
4976,116,18,116,18,268
4977,117,31,103,14,265
4978,117,15,103,14,249
4980,119,15,118,16,268
4981,116,34,116,16,282
4982,119,16,116,16,267
4985,118,33,116,16,283
4987,116,33,117,17,283
4988,118,16,117,17,268
4989,116,32,102,15,265
4992,116,15,135,17,283
4996,117,17,115,17,266
4997,118,31,119,16,284
4998,102,31,119,16,268
4999,115,35,117,16,283
5000,135,32,117,17,301
5001,134,15,117,17,283
5002,118,15,117,17,267
5004,115,17,116,16,264
5006,119,16,117,16,268
5007,118,33,116,16,283
5010,117,17,118,17,269
5011,133,16,103,15,267
5013,133,16,117,15,281
5014,117,16,117,15,265
5018,118,17,115,17,267
5019,119,33,117,14,283
5020,103,33,117,14,267
5021,117,31,117,19,284
5022,117,15,117,19,268
5024,119,15,116,19,269
5025,115,34,117,18,284
5026,115,17,117,18,267
5027,117,32,119,15,283
5029,115,36,115,17,283
5032,102,33,115,17,267
5034,117,18,116,15,266
5035,133,15,117,18,283
5036,119,15,117,18,269
5038,115,17,116,17,265
5039,118,33,118,17,286
5040,115,17,118,17,267
5041,116,33,116,18,283
5042,116,15,116,18,265
5043,115,35,115,16,281
5044,117,18,115,16,266
5045,118,32,117,17,284
5048,118,17,116,15,266
5049,117,32,116,17,282
5050,116,18,116,17,267
5053,116,35,117,15,283
5054,117,17,117,15,266
5055,116,32,118,16,282
5056,116,15,118,16,265
5060,118,17,116,17,268
5061,117,32,101,18,268
5062,117,15,101,18,251
5064,118,16,117,16,267
5065,117,33,117,19,286
5066,116,17,117,19,269
5067,116,34,118,17,285
5068,116,17,118,17,268
5070,101,32,117,17,267
5073,117,36,116,17,286
5076,118,17,115,15,265
5077,117,31,118,16,282
5078,117,17,118,16,268
5079,134,15,117,19,285
5082,116,17,116,17,266
5083,132,15,119,18,284
5084,115,15,119,18,267
5085,116,35,117,17,285
5086,118,16,117,17,268
5087,116,35,114,18,283
5088,117,19,114,18,268
5095,118,33,116,18,285
5096,114,18,116,18,266
5098,114,17,118,16,265
5099,115,35,116,18,284
5102,115,17,102,18,252
5103,117,35,134,14,300
5104,116,18,134,14,282
5105,119,32,116,18,285
5108,116,18,115,20,269
5109,119,33,116,18,286
5110,102,33,116,18,269
5112,134,32,117,15,298
5114,116,18,117,15,266
5115,117,36,131,17,301
5116,115,20,131,17,283
5119,117,33,102,14,266
5120,114,19,102,14,249
5121,119,31,134,18,302
5122,117,15,134,18,284
5123,116,35,117,16,284
5124,131,36,129,18,314
5125,134,19,129,18,300
5126,116,19,129,18,282
5127,121,29,118,17,285
5128,102,29,118,17,266
5129,115,34,118,15,282
5131,116,34,117,14,281
5132,117,16,117,14,264
5137,115,32,102,16,265
5138,118,15,102,16,251
5139,133,14,120,14,281
5140,117,14,120,14,265
5141,114,35,117,18,284
5144,117,17,117,16,267
5145,117,33,118,16,284
5146,118,17,118,16,269
5148,120,14,119,17,270
5149,132,18,116,17,283
5150,117,18,116,17,268
5151,117,33,117,15,282
5152,100,33,117,15,265
5153,117,34,115,17,283
5154,118,16,115,17,266
5157,118,33,117,16,284
5158,116,17,117,16,266
5159,116,32,118,16,282
5160,117,15,118,16,266
5161,114,34,114,21,283
5162,115,17,114,21,267
5163,116,32,118,17,283
5164,114,17,118,17,266
5165,115,35,118,16,284
5167,133,16,119,15,283
5168,118,16,119,15,268
5169,117,35,116,16,284
5172,118,17,118,17,270
5176,119,15,117,14,265
5177,105,15,117,14,251
5178,116,16,114,20,266
5179,117,35,115,16,283
5181,133,14,117,19,283
5182,117,14,117,19,267
5183,113,33,119,18,283
5184,117,14,119,18,268
5185,114,36,116,15,281
5187,116,32,119,13,280
5188,115,16,119,13,263
5190,117,19,115,18,269
5191,133,18,113,18,282
5192,119,18,113,18,268
5193,121,30,119,16,286
5196,119,13,102,16,250
5197,116,36,132,16,300
5198,115,18,132,16,281
5199,117,32,116,18,283
5201,116,34,116,16,282
5202,101,34,116,16,267
5203,115,33,115,17,280
5205,117,33,118,17,285
5206,132,34,115,18,299
5207,118,34,115,18,285
5208,116,18,115,18,267
5209,116,32,118,17,283
5210,116,16,118,17,267
5211,132,17,118,17,284
5212,115,17,118,17,267
5215,102,17,114,18,251
5218,118,17,117,14,266
5219,119,33,133,18,303
5220,118,17,133,18,286
5221,116,33,118,15,282
5222,114,18,118,15,265
5223,118,34,117,15,284
5224,117,17,117,15,266
5225,117,31,120,17,285
5227,115,35,117,17,284
5230,118,15,117,17,267
5232,117,15,119,14,265
5233,115,36,130,19,300
5237,132,17,116,18,283
5239,116,32,120,15,283
5240,119,14,120,15,268
5241,114,33,119,14,280
5242,130,33,117,19,299
5244,117,14,117,19,267
5245,115,36,115,18,284
5246,116,18,115,18,267
5247,134,15,115,16,280
5248,120,15,115,16,266
5249,117,31,120,14,282
5251,114,36,114,17,281
5252,117,19,114,17,267
5253,118,33,115,16,282
5254,115,18,115,16,264
5256,115,16,117,17,265
5257,134,14,117,17,282
5258,120,14,117,17,268
5259,117,33,117,19,286
5260,114,17,117,19,267
5261,116,33,103,16,268
5262,115,16,103,16,250
5263,116,34,116,17,283
5266,117,17,118,15,267
5267,134,19,115,16,284
5268,117,19,115,16,267
5269,119,31,119,14,283
5271,117,33,117,17,284
5272,116,17,117,17,267
5273,116,34,116,18,284
5274,118,15,116,18,267
5275,117,33,118,15,283
5279,117,34,116,17,284
5280,117,17,116,17,267
5281,131,18,114,20,283
5285,114,34,116,18,282
5286,117,17,116,18,268
5287,117,33,119,14,283
5288,116,17,119,14,266
5289,132,20,117,14,283
5291,117,32,117,18,284
5292,102,32,117,18,269
5293,117,34,116,17,284
5295,118,32,117,17,284
5297,118,33,118,16,285
5298,117,14,118,16,265
5299,115,36,115,17,283
5302,101,32,118,15,266
5303,131,17,119,14,281
5304,117,17,119,14,267
5305,115,33,117,16,281
5306,118,16,117,16,267
5307,116,34,117,17,284
5308,115,17,117,17,266
5314,117,16,117,19,269
5315,116,35,101,16,268
5316,117,17,101,16,251
5317,116,33,116,16,281
5318,117,17,116,16,266
5319,115,32,120,15,282
5321,116,36,114,18,284
5322,117,19,114,18,268
5323,118,31,117,17,283
5324,101,31,117,17,266
5325,116,33,117,16,282
5327,118,35,115,17,285
5329,118,33,117,15,283
5331,116,33,117,17,283
5332,117,17,117,17,268
5333,117,32,119,16,284
5334,117,16,119,16,268
5338,117,15,118,15,265
5339,116,35,116,18,285
5340,117,17,116,18,268
5342,102,33,121,12,268
5343,118,32,101,17,268
5345,133,15,118,17,283
5346,118,15,118,17,268
5347,115,36,114,18,283
5349,117,32,117,16,282
5350,121,12,117,16,266
5351,118,35,114,18,285
5353,118,32,115,19,284
5354,118,17,115,19,269
5355,117,33,115,19,284
5356,114,18,115,19,266
5357,112,33,118,17,280
5358,117,16,118,17,268
5359,116,34,116,18,284
5360,114,18,116,18,266
5361,117,34,115,18,284
5362,115,19,115,18,267
5363,119,33,115,17,284
5365,117,34,115,17,283
5367,119,33,115,17,284
5368,116,18,115,17,266
5369,119,33,116,17,285
5370,115,18,116,17,266
5371,134,17,117,15,283
5373,115,34,117,15,281
5374,115,17,117,15,264
5375,117,33,117,17,284
5376,115,17,117,17,266
5378,116,17,117,16,266
5380,117,15,102,17,251
5381,115,34,118,16,283
5383,116,35,116,18,285
5384,117,17,116,18,268
5385,117,33,117,17,284
5387,117,32,102,15,266
5388,102,32,102,15,251
5390,118,16,116,17,267
5391,133,18,115,16,282
5394,117,17,117,16,267
5395,117,33,116,17,283
5397,117,32,119,18,286
5399,116,33,104,15,268
5401,115,35,117,14,281
5403,118,33,115,19,285
5406,119,18,116,14,267
5407,120,29,101,18,268
5408,104,29,101,18,252
5409,100,14,101,18,233
5412,115,19,116,18,268
5413,134,14,102,15,265
5414,116,14,102,15,247
5415,115,35,114,18,282
5416,119,17,114,18,268
5417,117,33,115,17,282
5418,118,18,115,17,268
5421,131,18,116,17,282
5422,117,18,116,17,268
5423,117,32,116,18,283
5424,114,18,116,18,266
5427,116,34,115,18,283
5428,115,17,115,18,265
5429,117,34,118,15,284
5432,116,18,116,16,266
5433,135,17,115,18,285
5434,118,17,115,18,268
5435,118,32,116,17,283
5437,116,34,116,17,283
5438,118,15,116,17,266
5439,118,32,117,19,286
5440,116,16,117,19,268
5441,115,35,116,18,284
5443,119,32,117,18,286
5444,116,17,117,18,268
5446,116,17,117,17,267
5447,117,35,116,15,283
5448,117,19,116,15,267
5449,119,33,115,17,284
5450,116,18,115,17,266
5451,119,33,115,18,285
5452,117,18,115,18,268
5453,118,33,117,15,283
5454,101,33,117,15,266
5455,118,32,116,19,285
5456,116,15,116,19,266
5457,116,34,116,17,283
5458,115,17,116,17,265
5459,133,18,116,15,282
5460,115,18,116,15,264
5461,117,32,116,19,284
5462,117,15,116,19,267
5463,115,35,116,18,284
5464,116,19,116,18,269
5465,118,32,102,15,267
5466,101,32,102,15,250
5468,116,15,117,19,267
5469,114,36,115,18,283
5470,116,19,115,18,268
5471,119,34,116,16,285
5472,116,18,116,16,266
5475,118,33,116,17,284
5476,117,19,116,17,269
5477,119,33,115,17,284
5478,115,18,115,17,265
5479,117,33,117,17,284
5480,116,16,117,17,266
5482,116,17,116,15,264
5483,119,33,115,18,285
5484,116,17,115,18,266
5485,118,32,116,18,284
5487,133,17,115,16,281
5489,117,31,117,16,281
5490,116,15,117,16,264
5491,115,35,118,14,282
5492,115,18,118,14,265
5493,118,33,117,17,285
5494,116,18,117,17,268
5495,116,32,102,16,266
5497,115,33,118,17,283
5498,117,16,118,17,268
5500,118,14,117,18,267
5502,117,17,114,18,266
5503,118,33,115,18,284
5504,102,33,115,18,268
5505,118,33,116,17,284
5506,118,17,116,17,268
5507,131,18,115,19,283
5508,117,18,115,19,269
5511,132,18,116,17,283
5512,115,18,116,17,266
5513,133,17,117,17,284
5514,116,17,117,17,267
5518,102,32,117,16,267
5519,118,33,116,18,285
5520,116,17,116,18,267
5522,117,17,117,15,266
5523,133,18,118,17,286
5524,114,18,118,17,267
5526,117,16,102,14,249
5531,117,36,114,18,285
5533,118,33,116,15,282
5534,102,33,116,15,266
5535,119,32,117,16,284
5536,116,17,117,16,266
5537,116,31,119,16,282
5538,101,31,119,16,267
5539,113,36,116,18,283
5540,114,18,116,18,266
5541,118,32,102,15,267
5543,116,34,116,17,283
5544,117,16,116,17,266
5547,117,35,116,17,285
5548,116,18,116,17,267
5551,117,32,118,16,283
5553,116,35,115,19,285
5555,118,33,117,15,283
5556,116,17,117,15,265
5557,118,34,114,17,283
5558,115,19,114,17,265
5559,119,32,117,16,284
5560,118,16,117,16,267
5561,117,35,115,16,283
5562,115,19,115,16,265
5563,118,31,117,18,284
5564,117,15,117,18,267
5567,115,34,117,16,282
5568,117,16,117,16,266
5570,115,16,119,16,266
5572,117,18,117,15,267
5573,119,31,117,17,284
5575,115,34,116,17,282
5576,117,16,116,17,266
5579,135,15,116,19,285
5580,117,15,116,19,267
5581,116,33,119,14,282
5582,117,17,119,14,267
5583,116,33,119,16,284
5584,116,17,119,16,268
5592,119,16,117,16,268
5594,116,16,117,18,267
5595,116,34,101,18,269
5596,114,17,101,18,250
5598,118,17,117,17,269
5599,133,16,116,18,283
5600,117,16,116,18,267
5601,118,33,117,17,285
5602,117,18,117,17,269
5603,118,33,116,19,286
5604,101,33,116,19,269
5605,116,35,115,17,283
5609,119,33,117,17,286
5610,117,17,117,17,268
5611,131,19,115,17,282
5613,117,32,116,15,280
5614,115,17,116,15,263
5615,117,32,117,17,283
5616,115,16,117,17,265
5617,134,17,114,18,283
5618,117,17,114,18,266
5619,119,32,117,16,284
5620,115,17,117,16,265
5621,133,15,118,18,284
5622,116,15,118,18,267
5623,115,35,119,15,284
5625,115,34,116,18,283
5626,114,18,116,18,266
5627,117,33,117,15,282
5628,117,16,117,15,265
5629,117,34,116,18,285
5630,118,18,116,18,270
5631,118,33,117,17,285
5632,119,15,117,17,268
5633,118,34,115,19,286
5634,116,18,115,19,268
5635,117,31,117,17,282
5637,116,36,115,17,284
5638,116,18,115,17,266
5639,116,33,132,17,298
5640,101,33,132,17,283
5641,118,34,115,19,286
5642,115,19,115,19,268
5643,132,17,103,16,268
5644,117,17,103,16,253
5645,116,34,117,15,282
5646,115,17,117,15,264
5647,116,33,119,16,284
5648,115,17,119,16,267
5650,115,19,113,20,267
5651,120,32,101,16,269
5652,103,32,101,16,252
5653,118,31,133,18,300
5654,117,15,133,18,283
5655,116,36,115,18,285
5656,119,16,115,18,268
5659,117,30,119,16,282
5661,115,33,119,16,283
5663,113,36,116,16,281
5664,115,18,116,16,265
5666,114,18,117,17,266
5667,116,33,117,16,282
5668,119,16,117,16,268
5669,117,33,118,16,284
5671,117,33,116,19,285
5673,117,35,114,17,283
5674,117,17,114,17,265
5675,117,32,117,16,282
5677,116,34,115,19,284
5678,118,16,115,19,268
5679,132,19,116,17,284
5680,116,19,116,17,268
5682,114,17,117,17,265
5684,117,16,117,18,268
5686,115,19,114,18,266
5687,119,33,116,17,285
5689,134,17,101,16,268
5690,117,17,101,16,251
5691,116,35,116,15,282
5692,117,18,116,15,266
5693,133,18,115,20,286
5695,116,34,117,17,284
5697,118,32,118,15,283
5698,117,16,118,15,266
5700,116,15,118,15,264
5701,117,36,114,16,283
5702,115,20,114,16,265
5703,118,33,116,16,283
5706,118,15,117,16,266
5707,115,33,118,17,283
5708,118,15,118,17,268
5710,114,16,119,15,264
5711,133,16,118,15,282
5712,116,16,118,15,265
5715,133,17,116,17,283
5716,118,17,116,17,268
5717,118,32,117,19,286
5718,119,15,117,19,270
5721,117,33,134,17,301
5723,116,34,117,17,284
5724,116,17,117,17,267
5726,117,19,115,16,267
5727,117,31,119,16,283
5728,102,31,119,16,268
5730,134,34,115,16,299
5731,117,34,115,16,282
5733,101,17,115,16,249
5734,115,16,119,16,266
5736,119,16,117,15,267
5737,118,32,117,18,285
5739,116,32,118,17,283
5741,115,36,115,19,285
5742,119,16,115,19,269
5743,116,32,102,16,266
5744,117,15,102,16,250
5745,101,15,102,16,234
5747,119,32,116,16,283
5748,118,17,116,16,267
5749,115,35,114,18,282
5750,115,19,114,18,266
5751,117,32,117,17,283
5752,102,32,117,17,268
5753,117,34,115,18,284
5754,133,31,118,18,300
5755,118,31,118,18,285
5758,114,18,117,15,264
5759,116,34,117,15,282
5760,117,17,117,15,266
5761,116,33,117,15,281
5762,115,18,117,15,265
5763,118,34,98,18,268
5765,119,31,118,17,285
5766,117,15,118,17,267
5767,115,34,116,18,283
5769,117,33,119,15,284
5770,117,15,119,15,266
5771,116,34,118,15,283
5772,98,34,118,15,265
5773,116,34,117,16,283
5774,118,17,117,16,268
5775,116,33,117,17,283
5776,101,33,117,17,268
5777,134,15,101,16,266
5778,119,15,101,16,251
5779,116,33,118,16,283
5781,134,16,118,14,282
5782,117,16,118,14,265
5783,118,34,133,15,300
5784,117,17,133,15,282
5785,116,33,115,19,283
5786,101,33,115,19,268
5788,118,16,116,17,267
5789,134,14,118,15,281
5790,118,14,118,15,265
5791,115,35,116,15,281
5793,117,34,115,17,283
5794,115,19,115,17,266
5795,117,32,117,17,283
5796,116,17,117,17,267
5797,132,15,117,19,283
5798,118,15,117,19,269
5799,116,33,103,15,267
5803,117,34,116,18,285
5804,117,17,116,18,268
5805,117,34,115,18,284
5806,117,19,115,18,269
5807,118,32,118,15,283
5809,117,33,118,17,285
5813,119,33,115,18,285
5814,115,18,115,18,266
5815,118,32,118,15,283
5816,118,15,118,15,266
5817,117,35,117,16,285
5819,118,33,116,16,283
5820,116,17,116,16,265
5821,118,33,116,17,284
5825,115,35,115,18,283
5826,117,16,115,18,266
5827,117,32,118,15,282
5828,116,16,118,15,265
5832,118,15,118,18,269
5833,131,18,116,17,282
5834,115,18,116,17,266
5835,117,32,118,16,283
5836,101,32,118,16,267
5838,117,17,114,17,265
5840,102,34,132,18,286
5841,119,32,118,16,285
5842,101,32,118,16,267
5844,118,16,117,16,267
5847,115,35,118,15,283
5848,115,17,118,15,265
5849,117,34,116,17,284
5850,134,32,117,18,301
5852,117,16,117,18,268
5853,118,33,118,16,285
5854,119,15,118,16,268
5855,116,34,118,16,284
5856,118,15,118,16,267
5857,115,34,115,18,282
5859,117,34,116,17,284
5860,117,18,116,17,268
5862,118,16,117,18,269
5863,115,34,117,15,281
5864,118,16,117,15,266
5865,117,33,115,18,283
5866,115,18,115,18,266
5867,117,34,115,19,285
5868,116,17,115,19,267
5869,117,34,116,16,283
5870,117,18,116,16,267
5871,117,31,118,15,281
5872,117,15,118,15,265
5873,117,34,118,15,284
5874,115,18,118,15,266
5875,116,35,116,18,285
5876,115,19,116,18,268
5877,134,16,102,14,266
5880,118,15,118,15,266
5881,117,34,118,15,284
5882,118,15,118,15,266
5884,116,18,113,20,267
5885,118,31,118,16,283
5887,116,32,102,16,266
5888,118,15,102,16,251
5890,118,15,120,15,268
5892,113,20,116,16,265
5895,117,32,119,16,284
5896,102,32,119,16,269
5897,115,35,116,16,282
5898,120,15,116,16,267
5899,119,33,117,17,286
5900,116,16,117,17,266
5901,116,34,117,14,281
5902,117,17,117,14,265
5903,118,33,116,16,283
5904,119,16,116,16,267
5906,116,16,117,18,267
5908,117,17,115,18,267
5909,117,31,117,17,282
5910,117,14,117,17,265
5911,114,34,117,18,283
5915,117,33,117,16,283
5916,115,18,117,16,266
5917,116,32,116,18,282
5918,117,17,116,18,268
5919,133,18,117,15,283
5920,117,18,117,15,267
5921,118,34,115,16,283
5922,117,17,115,16,265
5923,119,32,117,16,284
5924,117,16,117,16,266
5925,118,33,116,17,284
5927,117,33,118,15,283
5928,117,15,118,15,265
5930,115,16,117,16,264
5931,133,16,117,16,282
5932,117,16,117,16,266
5934,116,17,118,15,266
5935,133,15,117,18,283
5937,116,33,118,17,284
5939,115,34,116,18,283
5941,117,33,118,16,284
5942,118,15,118,16,267
5943,132,18,116,17,283
5944,117,18,116,17,268
5945,134,17,117,16,284
5946,118,17,117,16,268
5947,117,33,115,21,286
5948,116,18,115,21,270
5949,116,33,119,15,283
5950,118,16,119,15,268
5951,117,34,114,19,284
5953,134,16,116,18,284
5954,117,16,116,18,267
5955,118,36,114,16,284
5956,115,21,114,16,266
5958,103,31,115,16,265
5960,114,19,117,16,266
5962,116,18,116,16,266
5963,119,32,118,17,286
5965,130,16,118,17,281
5966,115,16,118,17,266
5967,117,35,117,17,286
5970,116,16,117,15,264
5971,116,35,117,17,285
5972,118,17,117,17,269
5973,119,32,102,13,266
5974,118,17,102,13,250
5975,133,17,132,17,299
5977,133,15,118,16,282
5978,117,15,118,16,266
5979,134,17,113,18,282
5980,117,17,113,18,265
5981,119,31,115,18,283
5982,102,31,115,18,266
5983,116,33,118,18,285
5984,132,33,118,17,300
5988,113,18,117,16,264
5990,115,18,117,18,268
5991,117,36,115,17,285
5992,118,18,115,17,268
5995,119,32,117,16,284
5998,117,18,134,15,284
