序号,发送->接收,接收->转发,转发->接收,接收->处理,总计
2,101,13,119,17,250
3,116,18,116,17,267
4,119,31,120,16,286
5,119,13,120,16,268
7,114,16,118,18,266
8,132,17,115,18,282
9,119,17,115,18,269
11,116,17,115,18,266
12,115,34,116,17,282
13,120,16,116,17,269
14,119,33,117,15,284
16,117,33,151,16,317
17,115,18,151,16,300
20,115,34,116,16,281
21,116,17,116,16,265
22,118,32,117,17,284
23,117,15,117,17,266
24,117,34,118,20,289
25,151,16,104,28,299
26,136,16,104,28,284
27,118,16,104,28,266
30,115,34,117,15,281
31,117,17,117,15,266
33,118,20,130,16,284
35,104,28,118,17,267
36,133,17,118,15,283
39,117,15,118,17,267
40,133,17,117,15,282
41,113,17,117,15,262
42,119,33,116,16,284
43,118,17,116,16,267
44,118,32,116,17,283
45,118,15,116,17,266
46,116,34,118,14,282
47,118,17,118,14,267
48,134,15,116,17,282
49,117,15,116,17,265
50,133,16,117,18,284
52,131,17,116,18,282
53,116,17,116,18,267
55,118,14,125,27,284
56,114,34,118,17,283
57,116,17,118,17,268
58,133,18,117,16,284
59,117,18,117,16,268
61,116,18,118,16,268
64,108,44,115,17,284
66,101,17,115,17,250
67,117,16,116,18,267
68,119,33,117,16,285
70,126,18,117,17,278
71,115,18,117,17,267
73,115,17,102,16,250
74,132,18,115,17,282
75,116,18,115,17,266
76,117,32,117,18,284
77,117,16,117,18,268
78,117,35,116,16,284
80,119,32,117,16,284
81,102,32,117,16,267
83,115,17,118,15,265
86,133,16,116,17,282
87,116,16,116,17,265
89,117,16,118,15,266
90,117,33,118,15,283
91,118,15,118,15,266
92,116,33,118,16,283
94,115,34,118,15,282
95,116,17,118,15,266
97,118,15,118,17,268
100,115,34,117,17,283
101,118,16,117,17,268
102,117,33,117,18,285
103,118,15,117,18,268
106,117,33,115,17,282
107,119,16,115,17,267
108,133,17,117,15,282
109,117,17,117,15,266
110,116,34,116,15,281
111,117,18,116,15,266
112,117,33,116,16,282
115,115,17,116,19,267
117,117,15,123,28,283
118,116,33,118,16,283
119,116,15,118,16,265
120,116,34,117,17,284
121,116,16,117,17,266
123,116,19,117,15,267
127,118,16,118,15,267
128,116,34,117,17,284
129,117,17,117,17,268
130,118,33,117,17,285
131,117,15,117,17,266
132,111,34,117,17,279
133,115,18,117,17,267
135,118,15,117,17,267
136,116,35,116,17,284
137,117,17,116,17,267
138,132,17,117,18,284
140,118,34,116,15,283
141,117,17,116,15,265
142,117,32,117,16,282
143,117,17,117,16,267
144,116,34,117,16,283
146,117,35,114,17,283
151,117,16,117,17,267
152,134,16,118,14,282
153,117,16,118,14,265
154,116,33,117,17,283
156,116,33,118,15,282
157,118,16,118,15,267
158,116,34,117,16,283
159,117,17,117,16,267
161,118,14,118,17,267
162,116,35,115,19,285
163,117,17,115,19,268
164,117,32,118,16,283
165,118,15,118,16,267
166,116,34,117,17,284
167,117,16,117,17,267
169,118,17,116,18,269
170,117,34,115,17,283
171,115,19,115,17,266
172,133,16,118,16,283
173,118,16,118,16,268
175,117,17,116,16,266
176,117,34,115,17,283
177,116,18,115,17,266
181,118,16,115,17,266
182,117,32,119,15,283
183,116,16,119,15,266
185,115,17,117,16,265
186,117,34,114,19,284
189,115,17,117,17,266
190,135,15,116,18,284
191,119,15,116,18,268
192,117,33,116,18,284
193,117,16,116,18,267
194,115,34,118,15,282
196,118,33,118,15,284
198,115,34,116,18,283
199,116,18,116,18,268
201,116,18,115,19,268
203,118,15,116,17,266
204,117,33,118,17,285
205,118,15,118,17,268
206,117,35,117,17,286
207,116,18,117,17,268
208,119,33,115,19,286
209,115,19,115,19,268
210,116,32,102,14,264
211,116,17,102,14,249
212,133,17,134,14,298
214,118,34,114,17,283
216,134,19,114,17,284
220,116,35,114,18,283
221,134,31,117,16,298
223,114,17,117,16,264
224,117,33,117,18,285
225,114,17,117,18,266
226,117,33,119,16,285
228,117,35,117,15,284
229,114,18,117,15,264
231,117,16,118,17,268
232,134,18,117,15,284
234,118,33,133,18,302
235,119,16,133,18,286
237,117,15,119,15,266
239,118,17,117,16,268
241,117,15,116,17,265
242,115,21,129,17,282
243,133,33,117,16,299
245,119,15,117,16,267
246,116,34,120,29,299
247,117,16,120,29,282
249,116,17,117,17,267
251,116,17,118,17,268
254,136,46,116,18,316
255,120,46,116,18,300
256,117,34,116,18,285
257,117,17,116,18,268
258,117,35,116,16,284
260,118,32,117,17,284
263,101,33,117,17,268
264,117,34,117,17,285
265,116,18,117,17,268
267,116,16,116,17,265
269,117,17,116,16,266
270,116,33,116,16,281
271,117,17,116,16,266
272,118,34,115,17,284
274,117,32,116,18,283
277,116,16,117,17,266
278,133,16,115,18,282
280,115,34,118,15,282
281,115,17,118,15,265
282,117,34,115,19,285
283,116,18,115,19,268
284,117,33,116,17,283
285,117,17,116,17,267
289,118,15,117,17,267
290,117,35,116,17,285
293,116,17,101,15,249
294,102,17,101,15,235
295,120,15,116,17,268
296,116,33,116,17,282
297,117,17,116,17,267
298,118,34,117,17,286
299,116,17,117,17,267
301,116,17,116,19,268
302,114,34,116,17,281
303,116,17,116,17,266
306,116,35,132,17,300
309,102,33,116,17,268
310,133,17,101,16,267
311,116,17,101,16,250
312,134,17,118,14,283
313,117,17,118,14,266
314,116,33,116,19,284
315,132,34,115,16,297
318,118,34,132,17,301
319,101,34,132,17,284
320,118,31,118,17,284
321,118,14,118,17,267
322,117,36,116,15,284
324,118,30,118,17,283
325,115,16,118,17,266
326,115,35,117,16,283
327,115,17,117,16,265
328,115,34,115,17,281
329,118,17,115,17,267
331,116,15,117,17,265
333,118,17,118,16,269
334,117,33,117,17,284
335,117,16,117,17,267
337,115,17,117,17,266
339,117,17,116,17,267
343,117,17,117,17,268
344,118,33,116,17,284
345,101,33,116,17,267
346,133,17,117,18,285
347,116,17,117,18,268
348,132,17,115,17,281
350,117,34,132,17,300
351,117,17,132,17,283
354,117,35,133,16,301
355,117,18,133,16,284
358,132,17,116,18,283
360,117,34,117,16,284
362,117,34,117,15,283
365,118,16,117,17,268
366,117,34,115,17,283
367,116,18,115,17,266
369,117,16,116,18,267
372,116,34,117,17,284
373,117,17,117,17,268
374,118,32,117,17,284
375,115,17,117,17,266
376,132,18,116,16,282
377,116,18,116,16,266
378,131,17,117,18,283
381,117,17,115,17,266
382,102,17,115,17,251
385,116,16,117,17,266
386,117,35,115,18,285
390,133,17,117,18,285
393,117,17,101,15,250
394,117,34,116,17,284
397,116,17,117,17,267
398,117,35,133,16,301
401,101,33,134,15,283
402,118,33,116,17,284
403,116,17,116,17,266
404,118,33,118,15,284
405,117,17,118,15,267
406,117,34,116,15,282
407,115,18,116,15,264
409,134,32,118,16,300
410,118,32,118,16,284
412,117,33,117,17,284
413,118,15,117,17,267
415,116,15,119,15,265
416,115,34,119,14,282
417,131,35,134,15,315
418,116,35,134,15,300
419,118,16,134,15,283
420,116,33,116,18,283
421,117,17,116,18,268
422,134,15,117,18,284
424,117,33,119,16,285
425,119,14,119,16,268
427,134,33,132,16,315
429,116,18,132,16,282
430,117,33,133,16,299
431,117,18,133,16,284
433,119,16,133,16,284
434,117,33,116,17,283
435,115,17,116,17,265
437,132,34,116,17,299
438,117,34,116,17,284
439,133,33,117,15,298
442,117,33,116,18,284
444,115,33,117,17,282
445,116,17,117,17,267
446,117,34,117,17,285
447,116,17,117,17,267
448,117,32,119,15,283
450,116,35,116,17,284
451,116,18,116,17,267
453,117,17,100,17,251
456,134,15,118,16,283
457,119,15,118,16,268
460,117,34,116,16,283
461,100,34,116,16,266
462,117,32,118,15,282
463,132,34,117,17,300
464,115,34,117,17,283
467,117,17,115,17,266
468,133,16,116,17,282
469,116,16,116,17,265
470,116,33,117,18,284
471,118,15,117,18,268
472,115,35,117,15,282
473,117,17,117,15,266
474,132,17,117,17,283
475,115,17,117,17,266
476,116,33,118,16,283
477,116,17,118,16,267
478,132,18,116,17,283
479,117,18,116,17,268
480,117,32,116,17,282
482,117,34,116,16,283
483,117,17,116,16,266
484,118,33,116,17,284
485,118,16,116,17,267
486,117,34,117,15,283
488,116,32,118,16,282
490,133,16,118,17,284
492,115,34,101,16,266
493,116,17,101,16,250
494,116,33,117,16,282
495,117,15,117,16,265
497,118,16,117,18,269
499,118,17,116,16,267
500,118,34,115,17,284
502,117,31,119,15,282
503,117,16,119,15,267
504,115,36,131,17,299
506,118,31,117,17,283
508,116,34,117,16,283
509,115,17,117,16,265
511,119,15,117,17,268
514,116,34,116,16,282
515,117,17,116,16,266
516,117,33,116,18,284
517,117,16,116,18,267
518,115,34,133,17,299
519,117,17,133,17,284
523,116,16,120,14,266
524,115,35,117,17,284
525,116,18,117,17,268
526,117,33,116,18,284
527,117,16,116,18,267
528,133,16,117,17,283
529,118,16,117,17,268
531,120,14,116,18,268
532,117,35,116,16,284
533,117,17,116,16,266
534,117,33,117,16,283
536,117,33,115,18,283
538,115,33,116,19,283
539,116,18,116,19,269
541,116,16,118,16,266
542,117,34,116,18,285
544,132,18,101,17,268
545,115,18,101,17,251
546,118,35,114,18,285
548,118,32,117,17,284
552,119,34,114,18,285
553,118,17,114,18,267
554,119,32,117,15,283
555,114,18,117,15,264
556,133,17,115,17,282
558,118,33,115,18,284
559,118,15,115,18,266
560,116,33,116,18,283
563,117,15,117,18,267
565,115,17,118,17,267
566,114,34,116,16,280
567,115,18,116,16,265
568,118,34,117,16,285
569,116,18,117,16,267
570,117,33,116,17,283
571,117,18,116,17,268
574,119,31,102,16,268
575,116,16,102,16,250
576,135,16,115,19,285
577,117,16,115,19,267
578,118,33,117,15,283
579,116,17,117,15,265
581,116,17,117,17,267
582,118,33,119,30,300
583,102,33,119,30,284
584,116,34,115,18,283
587,117,15,119,15,266
588,134,17,114,17,282
589,117,17,114,17,265
590,118,18,131,16,283
591,119,48,115,17,299
594,117,32,117,16,282
595,119,15,117,16,267
596,115,33,119,14,281
597,114,17,119,14,264
598,131,16,117,18,282
599,116,16,117,18,267
600,117,33,116,18,284
601,115,17,116,18,266
603,117,16,117,17,267
604,117,33,119,15,284
605,119,14,119,15,267
606,115,36,118,30,299
607,117,18,118,30,283
608,119,32,134,15,300
609,116,18,134,15,283
610,117,33,116,18,284
612,133,15,116,18,282
613,119,15,116,18,268
614,116,20,130,17,283
615,118,48,117,15,298
616,119,33,117,15,284
619,116,18,117,15,266
620,131,18,117,17,283
622,130,17,117,16,280
624,117,33,118,15,283
626,117,33,117,16,283
627,117,15,117,16,265
628,117,35,133,17,302
630,118,32,118,19,287
631,117,16,118,19,270
632,133,15,104,31,283
633,118,15,104,31,268
636,115,35,117,15,282
638,117,36,131,16,300
639,118,19,131,16,284
640,119,31,116,15,281
641,104,31,116,15,266
642,118,32,116,18,284
643,102,32,116,18,268
645,117,15,117,16,265
646,133,17,116,17,283
647,131,31,119,16,297
649,116,15,119,16,266
650,114,35,116,16,281
653,117,16,118,16,267
655,116,17,115,18,266
656,117,33,116,17,283
658,118,32,118,17,285
660,116,34,116,18,284
661,118,16,116,18,268
662,116,34,115,18,283
666,117,34,116,17,284
667,118,17,116,17,268
668,117,33,117,17,284
669,116,18,117,17,268
672,117,33,101,15,266
674,116,34,116,16,282
676,135,17,132,17,301
677,117,17,132,17,283
678,119,33,116,17,285
679,117,17,116,17,267
680,116,33,117,15,281
684,133,16,118,17,284
686,133,17,116,17,283
687,116,17,116,17,266
688,118,32,118,17,285
690,116,36,117,16,285
691,117,19,117,16,269
692,118,33,116,15,282
693,118,17,116,15,266
694,118,32,117,19,286
695,116,17,117,19,269
698,118,34,117,15,284
699,117,16,117,15,265
700,133,15,118,17,283
701,116,15,118,17,266
702,116,37,131,17,301
703,117,19,131,17,284
705,118,14,118,16,266
707,117,15,118,15,265
708,116,34,117,16,283
709,118,17,117,16,268
710,117,33,115,18,283
714,115,33,116,19,283
717,117,16,101,15,249
718,117,33,117,17,284
719,115,18,117,17,267
720,132,17,117,17,283
721,116,17,117,17,267
722,131,19,117,14,281
723,116,19,117,14,266
724,117,32,117,18,284
725,101,32,117,18,268
726,118,34,117,15,284
728,118,33,117,16,284
729,117,17,117,16,267
730,118,32,117,17,284
731,117,14,117,17,265
732,116,36,115,18,285
734,118,31,117,18,284
735,117,15,117,18,267
737,117,16,117,17,267
738,115,33,117,16,281
739,117,17,117,16,267
741,115,18,115,18,266
742,117,33,115,18,283
743,117,18,115,18,268
744,133,17,115,19,284
745,117,17,115,19,268
746,118,32,118,16,284
747,101,32,118,16,267
748,116,35,116,16,283
749,115,18,116,16,265
751,115,18,116,17,266
753,115,19,117,16,267
754,134,16,118,17,285
755,118,16,118,17,269
757,116,16,117,17,266
758,117,34,118,14,283
759,116,17,118,14,265
760,118,34,115,18,285
761,117,16,115,18,266
762,134,17,115,17,283
764,118,32,118,16,284
766,117,32,117,18,284
768,114,35,117,17,283
769,115,18,117,17,267
770,116,33,117,16,282
771,115,17,117,16,265
772,135,16,117,17,285
774,116,33,117,16,282
776,118,34,116,17,285
777,100,34,116,17,267
778,118,32,117,19,286
779,117,16,117,19,269
780,115,35,115,18,283
783,117,16,117,16,266
784,116,34,115,18,283
785,116,17,115,18,266
786,133,19,114,17,283
787,117,19,114,17,267
788,132,18,116,18,284
789,115,18,116,18,267
790,117,32,118,17,284
791,117,16,118,17,268
793,115,18,115,19,267
794,117,33,118,14,282
795,114,17,118,14,263
796,117,35,116,15,283
797,116,18,116,15,265
798,118,33,117,14,282
800,119,33,116,18,286
801,115,19,116,18,268
803,118,14,103,15,250
804,115,34,118,16,283
805,116,15,118,16,265
806,134,14,117,19,284
808,117,36,114,18,285
809,116,18,114,18,266
810,117,33,115,18,283
812,117,32,116,17,282
814,115,35,117,15,282
816,118,32,115,17,282
817,114,18,115,17,264
818,117,34,115,16,282
819,115,18,115,16,264
820,132,17,117,18,284
822,117,34,116,17,284
823,117,15,116,17,265
825,115,17,119,16,267
826,116,33,118,17,284
827,115,16,118,17,266
828,116,36,115,18,285
830,131,17,116,16,280
831,116,17,116,16,265
832,136,16,117,17,286
833,119,16,117,17,269
836,117,34,117,16,284
837,115,18,117,16,266
839,116,16,117,18,267
840,133,17,117,14,281
843,115,18,116,18,267
844,117,34,118,16,285
845,117,16,118,16,267
847,117,18,116,18,269
848,116,32,118,15,281
850,117,35,117,17,286
851,116,18,117,17,268
852,134,16,117,15,282
854,119,33,117,17,286
855,116,18,117,17,268
858,116,36,116,15,283
859,117,17,116,15,265
860,133,15,118,15,281
861,117,15,118,15,265
862,117,35,116,17,285
863,117,17,116,17,267
864,118,33,116,17,284
866,117,31,119,16,283
867,116,15,119,16,266
868,114,34,117,17,282
870,115,35,117,15,282
871,116,17,117,15,265
872,119,33,133,17,302
873,116,17,133,17,283
875,119,16,117,16,268
876,132,17,117,17,283
877,117,17,117,17,268
879,117,15,118,16,266
881,133,33,115,18,299
883,117,16,115,18,266
885,117,17,117,15,266
887,118,16,117,15,266
888,118,34,116,17,285
889,115,19,116,17,267
891,115,18,118,15,266
893,117,15,117,16,265
894,133,15,116,17,281
897,116,17,116,17,266
898,119,32,116,19,286
902,115,33,119,16,283
903,116,17,119,16,268
904,115,35,115,19,284
905,116,17,115,19,267
906,131,19,116,17,283
908,118,32,117,18,285
913,115,19,131,19,284
914,135,17,131,18,301
915,116,17,131,18,282
916,118,34,115,17,284
917,117,18,115,17,267
921,131,33,118,16,298
922,115,33,118,16,282
923,131,35,117,17,300
925,115,17,117,17,266
926,116,34,115,18,283
927,118,17,115,18,268
928,118,33,116,18,285
929,117,18,116,18,269
930,116,32,119,14,281
931,118,16,119,14,267
932,100,16,119,14,249
935,115,18,115,17,265
936,118,34,117,14,283
939,119,14,116,18,267
940,133,16,117,16,282
942,117,33,116,18,284
944,116,33,117,18,284
945,117,14,117,18,266
946,130,18,117,15,280
948,116,33,118,15,282
949,117,16,118,15,266
950,117,34,117,17,285
951,116,18,117,17,268
954,119,31,117,17,284
955,117,15,117,17,266
956,115,34,118,16,283
957,118,15,118,16,267
958,117,35,118,15,285
960,118,32,120,30,300
962,116,33,117,16,282
963,117,17,117,16,267
964,115,34,118,16,283
965,118,16,118,16,268
966,116,34,117,15,282
967,118,15,117,15,265
968,117,19,113,19,268
969,101,19,113,19,252
970,118,32,118,18,286
971,117,16,118,18,269
973,118,16,118,15,267
974,132,15,118,17,282
978,117,35,115,17,284
980,117,32,117,15,281
983,118,17,117,15,267
984,116,32,118,18,284
986,116,34,117,15,282
989,117,15,118,16,266
990,115,34,117,17,283
991,117,15,117,17,266
992,117,36,115,17,285
993,118,18,115,17,268
994,119,30,118,17,284
995,117,15,118,17,267
996,115,34,101,16,266
999,117,17,116,18,268
1001,115,17,116,16,264
1002,117,33,116,19,285
1003,118,17,116,19,270
1005,101,33,102,15,251
1006,117,34,117,16,284
1007,116,18,117,16,267
1008,117,32,117,19,285
1010,116,36,114,16,282
1012,119,32,116,17,284
1013,102,32,116,17,267
1014,118,33,117,16,284
1015,117,16,117,16,266
1016,117,35,116,16,284
1017,117,19,116,16,268
1018,119,30,118,16,283
1019,114,16,118,16,264
1020,115,35,118,14,282
1022,116,33,117,16,282
1023,117,16,117,16,266
1024,117,34,115,17,283
1025,116,16,115,17,264
1026,118,32,118,17,285
1027,118,16,118,17,269
1028,116,33,118,18,285
1029,118,14,118,18,268
1030,115,34,102,15,266
1031,117,16,102,15,250
1032,115,33,116,18,282
1033,115,17,116,18,266
1034,134,17,114,19,284
1035,118,17,114,19,268
1036,116,34,115,17,282
1037,118,18,115,17,268
1038,118,32,116,16,282
1039,102,32,116,16,266
1040,118,33,116,18,285
1041,116,18,116,18,268
1042,116,34,115,18,283
1043,114,19,115,18,266
1046,117,32,119,15,283
1048,117,35,115,19,286
1049,116,18,115,19,268
1051,115,18,101,16,250
1052,117,32,117,17,283
1053,116,16,117,17,266
1054,116,34,117,17,284
1055,119,15,117,17,268
1056,133,19,115,17,284
1057,115,19,115,17,266
1061,117,17,117,18,269
1062,115,34,117,15,281
1064,118,33,117,17,285
1066,116,32,117,17,282
1068,116,36,115,16,283
1069,117,18,115,16,266
1070,118,31,117,16,282
1071,117,15,117,16,265
1072,116,35,116,18,285
1074,116,32,118,16,282
1075,117,17,118,16,268
1076,116,33,118,17,284
1078,132,16,119,15,282
1079,117,16,119,15,267
1080,133,18,116,17,284
1082,135,16,117,17,285
1083,118,16,117,17,268
1084,117,34,115,18,284
1085,118,17,115,18,268
1086,118,32,118,16,284
1087,119,15,118,16,268
1088,116,35,115,18,284
1090,117,33,116,16,282
1094,116,33,117,15,281
1095,118,16,117,15,266
1096,116,34,117,16,283
1098,117,32,101,16,266
1101,116,17,116,17,266
1102,116,32,119,16,283
1103,117,15,119,16,267
1104,116,35,116,18,285
1105,117,16,116,18,267
1106,117,33,116,18,284
1107,101,33,116,18,268
1108,117,33,117,16,283
1109,116,17,117,16,266
1110,116,34,116,17,283
1113,116,18,116,17,267
1114,133,18,116,16,283
1115,116,18,116,16,266
1116,118,32,118,16,284
1117,117,16,118,16,267
1119,116,17,116,18,267
1120,117,34,117,16,284
1121,116,17,117,16,266
1122,118,32,118,16,284
1123,116,16,118,16,266
1124,134,16,117,17,284
1125,118,16,117,17,268
1126,117,34,115,19,285
1128,117,33,116,16,282
1129,117,16,116,16,265
1130,117,33,118,15,283
1133,117,17,115,18,267
1134,118,34,115,15,282
1135,115,19,115,15,264
1137,116,16,118,16,266
1139,118,15,118,16,267
1140,116,34,116,17,283
1142,134,15,118,17,284
1143,115,15,118,17,265
1144,134,16,118,16,284
1145,118,16,118,16,268
1146,133,16,116,16,281
1147,118,16,116,16,266
1154,116,32,117,17,282
1157,115,18,116,18,267
1158,134,16,117,17,284
1159,117,16,117,17,267
1160,115,35,115,18,283
1161,117,17,115,18,267
1164,118,34,117,16,285
1168,132,18,116,16,282
1171,101,32,118,16,267
1173,117,16,116,17,266
1176,118,32,117,16,283
1177,116,16,117,16,265
1178,134,16,133,16,299
1179,118,16,133,16,283
1180,116,33,116,17,282
1182,116,33,117,17,283
1183,116,16,117,17,266
1185,117,16,116,18,267
1187,117,16,117,18,268
1189,116,17,102,15,250
1191,117,17,117,16,267
1192,117,33,119,13,282
1193,116,18,119,13,266
1195,117,18,131,18,284
1196,119,31,134,17,301
1197,102,31,134,17,284
1198,116,34,133,17,300
1199,117,16,133,17,283
1201,119,13,118,18,268
1202,115,34,118,15,282
1203,131,34,117,17,299
1204,116,34,117,17,284
1205,134,33,117,18,302
1206,116,33,117,18,284
1208,131,18,116,17,282
1209,118,18,116,17,269
1210,117,31,102,16,266
1211,118,15,102,16,251
1213,117,17,117,16,267
1216,118,33,115,18,284
1217,116,17,115,18,266
1218,117,33,118,14,282
1219,102,33,118,14,267
1220,117,33,117,17,284
1221,117,16,117,17,267
1223,116,17,115,18,266
1224,132,18,116,16,282
1225,115,18,116,16,265
1226,117,32,118,16,283
1228,115,35,117,17,284
1229,117,17,117,17,268
1230,117,33,115,17,282
1231,115,18,115,17,265
1232,118,32,118,17,285
1233,116,16,118,17,267
1235,118,16,117,18,269
1236,116,35,115,16,282
1239,101,31,118,17,267
1240,116,35,116,17,284
1242,133,18,116,15,282
1243,117,18,116,15,266
1244,132,16,119,15,282
1245,115,16,119,15,265
1246,117,35,117,15,284
1247,118,17,117,15,267
1249,116,17,115,18,266
1250,117,32,118,17,284
1251,116,15,118,17,266
1252,116,34,114,21,285
1253,119,15,114,21,269
1257,115,18,117,15,265
1258,116,34,116,17,283
1259,118,17,116,17,268
1260,116,34,116,16,282
1263,102,31,101,18,252
1264,135,15,118,16,284
1265,117,15,118,16,266
1266,133,17,117,16,283
1267,116,17,117,16,266
1268,120,33,117,15,285
1269,116,16,117,15,264
1270,117,34,117,15,283
1273,118,16,117,17,268
1274,116,34,117,17,284
1277,117,15,117,18,267
1278,133,15,118,16,282
1281,117,17,117,16,267
1283,117,17,115,18,267
1284,117,33,115,17,282
1285,102,33,115,17,267
1286,133,16,116,17,282
1287,118,16,116,17,267
1288,117,33,118,16,284
1289,117,16,118,16,267
1293,115,17,117,16,265
1297,118,16,118,15,267
1298,118,32,120,31,301
1299,115,17,120,31,283
1300,117,33,118,16,284
1301,117,16,118,16,267
1302,116,37,115,16,284
1303,118,18,115,16,267
1304,118,31,116,17,282
1306,118,19,114,16,267
1307,101,19,114,16,250
1309,118,16,117,16,267
1310,115,34,116,17,282
1311,115,16,116,17,264
1316,117,32,101,16,266
1317,117,16,101,16,250
1318,115,34,116,18,283
1319,116,17,116,18,267
1322,133,18,119,31,301
1323,115,18,119,31,283
1325,101,34,116,16,267
1327,116,18,116,17,267
1328,133,17,117,16,283
1330,118,19,114,17,268
1331,119,47,116,18,300
1332,118,32,116,18,284
1335,116,17,116,17,266
1336,117,33,116,19,285
1337,117,16,116,19,268
1338,114,34,116,17,281
1339,116,17,116,17,266
1340,117,33,116,18,284
1341,116,18,116,18,268
1343,116,17,116,18,267
1344,132,19,116,16,283
1346,118,32,117,16,283
1347,116,17,117,16,266
1348,118,34,116,17,285
1349,116,18,116,17,267
1350,118,33,117,16,284
1352,135,16,117,16,284
1354,134,16,117,16,283
1355,117,16,117,16,266
1356,117,34,115,18,284
1357,116,17,115,18,266
1359,117,16,116,18,267
1360,116,33,117,16,282
1361,117,16,117,16,266
1362,133,16,116,18,283
1364,116,34,116,17,283
1366,132,18,116,15,281
1367,116,18,116,15,265
1368,117,32,118,18,285
1369,117,16,118,18,269
1371,116,18,117,17,268
1373,116,17,116,17,266
1374,117,32,118,18,285
1375,116,15,118,18,267
1376,134,18,115,17,284
1378,120,32,115,17,284
1379,117,17,115,17,266
1380,118,32,134,18,302
1381,116,17,134,18,285
1382,116,35,117,17,285
1384,117,33,115,18,283
1385,115,17,115,18,265
1386,117,32,119,14,282
1388,135,16,117,16,284
1389,118,16,117,16,267
1391,117,17,114,18,266
1392,118,32,117,15,282
1393,115,18,117,15,265
1394,118,32,119,16,285
1395,119,14,119,16,268
1396,115,34,118,15,282
1397,117,16,118,15,266
1398,115,34,115,17,281
1399,114,18,115,17,264
1400,135,15,118,16,284
1402,114,35,115,17,281
1403,119,16,115,17,267
1405,101,32,118,15,266
1407,115,17,118,16,266
1408,133,16,117,17,283
1409,118,16,117,17,268
1410,115,33,117,18,283
1411,115,17,117,18,267
1412,115,33,117,17,282
1413,118,15,117,17,267
1414,117,34,117,18,286
1415,118,16,117,18,269
1416,116,34,116,16,282
1418,134,18,116,16,284
1419,117,18,116,16,267
1421,117,17,117,17,268
1422,133,18,116,17,284
1423,117,18,116,17,268
1424,118,31,118,16,283
1428,117,34,117,17,285
1429,117,17,117,17,268
1430,134,17,116,16,283
1431,116,17,116,16,265
1432,118,32,116,17,283
1433,118,16,116,17,267
1434,116,33,116,18,283
1436,116,35,115,18,284
1438,133,16,118,17,284
1440,132,17,102,16,267
1441,116,17,102,16,251
1442,115,34,116,18,283
1443,116,18,116,18,268
1444,132,18,116,17,283
1446,117,34,115,17,283
1447,118,17,115,17,267
1448,119,32,116,18,285
1449,102,32,116,18,268
1451,116,18,115,18,267
1453,116,17,118,15,266
1454,116,33,117,15,281
1455,115,17,117,15,264
1456,116,34,115,18,283
1457,116,18,115,18,267
1460,135,15,116,19,285
1461,118,15,116,19,268
1462,134,15,103,15,267
1464,116,35,117,17,285
1465,115,18,117,17,267
1469,116,19,115,17,267
1471,103,31,118,16,268
1475,114,19,116,18,267
1477,115,17,117,15,264
1478,134,16,117,18,285
1480,116,34,116,17,283
1481,116,17,116,17,266
1482,119,34,115,16,284
1483,116,18,115,16,265
1484,118,31,118,17,284
1487,117,18,114,19,268
1488,118,32,118,15,283
1489,101,32,118,15,266
1490,117,32,116,18,283
1491,115,16,116,18,265
1492,115,35,117,15,282
1493,118,17,117,15,267
1494,117,34,114,18,283
1495,114,19,114,18,265
1496,118,32,117,16,283
1497,118,15,117,16,266
1499,101,33,117,17,268
1500,134,15,117,18,284
1501,117,15,117,18,267
1502,102,15,117,18,252
1503,114,18,116,17,265
1505,117,16,117,16,266
1507,117,17,116,17,267
1508,116,34,115,18,283
1509,117,18,115,18,268
1512,133,16,117,16,282
1513,117,16,117,16,266
1514,116,34,117,16,283
1515,116,17,117,16,266
1516,117,34,116,17,284
1518,118,32,101,14,265
1520,116,33,117,16,282
1521,117,16,117,16,266
1523,117,16,116,18,267
1524,101,16,116,18,251
1525,116,17,117,16,266
1526,117,32,118,15,282
1528,116,33,117,19,285
1529,117,16,117,19,269
1531,116,18,117,16,267
1533,117,16,117,17,267
1534,119,32,117,17,285
1535,118,15,117,17,267
1536,116,36,115,16,283
1538,119,32,117,17,285
1540,116,34,115,18,283
1542,117,32,117,15,281
1543,117,17,117,15,266
1544,117,33,117,18,285
1545,115,16,117,18,266
1546,115,35,115,18,283
1548,117,33,116,16,282
1549,115,18,116,16,265
1550,118,31,120,16,285
1552,115,36,116,16,283
1553,117,18,116,16,267
1554,117,33,116,16,282
1556,118,32,117,17,284
1557,116,16,117,17,266
1558,116,35,115,19,285
1560,118,32,116,18,284
1561,116,16,116,18,266
1563,116,16,118,17,267
1564,133,17,117,19,286
1565,117,17,117,19,270
1566,115,35,114,18,282
1568,118,32,115,18,283
1569,116,18,115,18,267
1570,117,34,115,18,284
1571,118,17,115,18,268
1572,118,35,114,17,284
1573,101,35,114,17,267
1576,118,33,117,16,284
1579,115,18,116,16,265
1582,118,32,118,16,284
1583,117,15,118,16,266
1585,117,16,117,17,267
1586,117,33,118,16,284
1590,116,33,117,18,284
1591,118,16,117,18,269
1592,116,34,101,15,266
1593,117,17,101,15,250
1596,118,33,117,18,286
1597,116,17,117,18,268
1600,118,32,116,18,284
1601,101,32,116,18,267
1603,116,18,117,15,266
1604,118,34,115,17,284
1606,118,33,115,18,284
1607,117,16,115,18,266
1608,118,33,116,17,284
1609,116,18,116,17,267
1611,117,15,117,17,266
1613,115,17,117,18,267
1615,115,18,117,16,266
1616,118,33,117,16,284
1617,116,17,117,16,266
1618,116,33,117,17,283
1619,117,17,117,17,268
1621,117,18,116,15,266
1623,117,16,118,18,269
1624,134,16,118,15,283
1625,117,16,118,15,266
1626,117,34,118,15,284
1629,116,15,101,18,250
1630,115,37,115,16,283
1632,134,15,118,16,283
1633,118,15,118,16,267
1634,116,34,115,19,284
1635,118,15,115,19,267
1636,116,33,118,17,284
1637,101,33,118,17,269
1639,115,16,117,17,265
1640,116,33,118,16,283
1641,118,16,118,16,268
1642,130,19,116,16,281
1643,115,19,116,16,266
1644,133,17,132,17,299
1645,118,17,132,17,284
1647,117,17,116,17,267
1648,117,33,116,17,283
1649,118,16,116,17,267
1653,132,34,115,19,300
1654,133,17,115,19,284
1655,116,17,115,19,267
1657,116,17,118,15,266
1658,132,16,117,18,283
1659,116,16,117,18,267
1660,115,35,117,18,285
1661,117,16,117,18,268
1662,116,35,115,17,283
1664,135,15,116,16,282
1665,118,15,116,16,265
1667,117,18,118,16,269
1668,133,18,116,16,283
1669,117,18,116,16,267
1670,119,32,118,15,284
1672,115,32,119,16,282
1674,117,35,116,14,282
1675,118,16,116,14,264
1677,116,16,133,17,282
1678,117,33,117,16,283
1679,118,15,117,16,266
1681,119,16,116,17,268
1683,116,14,120,17,267
1684,113,36,118,16,283
1685,133,33,101,17,284
1686,132,16,101,17,266
1689,116,17,116,18,267
1690,134,17,116,17,284
1692,118,33,116,18,285
1695,118,15,117,19,269
1696,116,35,116,17,284
1697,116,18,116,17,267
1698,117,33,115,18,283
1700,132,18,117,15,282
1701,116,18,117,15,266
1702,117,34,116,16,283
1703,117,19,116,16,268
1704,119,32,116,16,283
1705,116,17,116,16,265
1707,115,18,116,18,267
1708,135,15,117,16,283
1709,117,15,117,16,265
1710,117,34,116,17,284
1711,116,16,116,17,265
1712,117,32,119,16,284
1713,116,16,119,16,267
1714,117,35,116,17,285
1715,116,18,116,17,267
1716,116,32,117,16,281
1717,117,16,117,16,266
1718,115,34,132,18,299
1719,116,17,132,18,283
1720,117,34,134,15,300
1721,119,16,134,15,284
1722,118,33,116,16,283
1724,117,32,118,15,282
1726,116,33,119,15,283
1727,117,15,119,15,266
1728,114,36,116,15,281
1731,116,16,118,16,266
1732,100,16,118,16,250
1734,115,34,117,16,282
1737,116,15,117,16,264
1738,116,34,117,16,283
1739,118,16,117,16,267
1740,116,34,117,15,282
1741,119,16,117,15,267
1742,116,32,117,16,281
1743,117,16,117,16,266
1745,117,16,118,16,267
1746,115,34,118,17,284
1747,117,16,118,17,268
1748,115,33,116,18,282
1749,117,15,116,18,266
1751,117,16,116,17,266
1753,118,16,117,17,268
1754,134,17,116,16,283
1755,118,17,116,16,267
1756,131,18,117,17,283
1757,116,18,117,17,268
1758,117,32,118,19,286
1759,116,17,118,19,270
1760,115,35,115,17,282
1763,116,16,133,18,283
1764,118,34,133,16,301
1765,117,17,133,16,283
1766,119,35,114,17,285
1767,118,19,114,17,268
1768,119,30,119,15,283
1769,115,17,119,15,266
1770,115,34,100,18,267
1772,116,34,119,13,282
1774,117,33,119,14,283
1775,114,17,119,14,264
1777,119,15,118,17,269
1778,118,33,117,17,285
1779,100,33,117,17,267
1781,119,13,128,17,277
1782,116,34,94,17,261
1783,119,14,94,17,244
1785,118,17,124,17,276
1786,132,17,109,18,276
1787,117,17,109,18,261
1789,128,33,117,17,295
1791,94,33,117,17,261
1793,124,35,116,16,291
1794,126,18,116,16,276
1795,109,18,116,16,259
1797,115,35,115,18,283
1798,117,17,115,18,267
1799,118,33,116,16,283
1800,117,18,116,16,267
1801,118,32,116,18,284
1802,116,16,116,18,266
1803,115,33,118,17,283
1806,115,18,116,17,266
1807,118,32,118,16,284
1808,116,16,118,16,266
1810,116,18,117,16,267
1811,116,34,117,16,283
1812,118,17,117,16,268
1813,118,33,116,16,283
1814,116,17,116,16,265
1817,118,33,117,16,284
1818,117,16,117,16,266
1819,116,34,119,14,283
1823,115,33,118,16,282
1825,115,34,117,17,283
1826,117,16,117,17,267
1828,119,14,115,18,266
1829,117,33,116,17,283
1830,117,17,116,17,267
1832,118,16,116,18,268
1833,116,34,116,19,285
1834,117,17,116,19,269
1835,114,33,102,17,266
1838,116,17,117,18,268
1839,132,18,117,17,284
1840,116,18,117,17,268
1842,116,19,115,17,267
1843,120,31,117,16,284
1844,102,31,117,16,266
1847,119,33,117,18,287
1848,101,33,117,18,269
1850,115,17,102,14,248
1851,115,32,117,17,281
1852,117,16,117,17,267
1854,114,20,131,16,281
1855,118,34,132,17,301
1856,117,18,132,17,284
1857,119,32,117,14,282
1858,102,32,117,14,265
1859,118,32,117,17,284
1860,117,17,117,17,268
1861,134,17,116,19,286
1862,114,17,116,19,266
1863,115,35,117,14,281
1864,132,31,117,17,297
1865,118,31,117,17,283
1866,117,14,117,17,265
1867,116,35,116,14,281
1868,117,17,116,14,264
1869,118,34,133,17,302
1870,116,19,133,17,285
1872,100,31,119,16,266
1873,114,34,119,11,278
1875,116,31,121,16,284
1876,116,14,121,16,267
1878,133,33,116,17,299
1879,133,16,116,17,282
1880,119,16,116,17,268
1881,118,29,104,16,267
1882,119,11,104,16,250
1883,113,38,116,16,283
1884,121,16,116,16,269
1885,102,16,116,16,250
1886,118,13,117,19,267
1887,114,35,116,17,282
1888,116,17,116,17,266
1889,115,32,101,16,264
1890,104,32,101,16,253
1891,114,34,117,17,282
1892,116,16,117,17,266
1893,114,35,115,16,280
1894,117,19,115,16,267
1895,118,32,116,17,283
1896,116,17,116,17,266
1897,117,33,120,15,285
1899,116,34,117,15,282
1900,117,17,117,15,266
1901,118,32,117,19,286
1902,115,16,117,19,267
1904,116,17,118,17,268
1905,117,35,115,18,285
1906,120,15,115,18,268
1907,118,31,118,17,284
1908,101,31,118,17,267
1909,116,36,115,17,284
1911,119,33,116,17,285
1912,118,17,116,17,268
1913,115,33,116,17,281
1914,115,18,116,17,266
1915,117,33,116,16,282
1917,118,33,116,18,285
1918,115,17,116,18,266
1919,116,34,116,16,282
1923,117,32,117,16,282
1924,116,16,117,16,265
1926,116,18,115,18,267
1927,133,16,101,17,267
1928,116,16,101,17,250
1930,116,16,119,16,267
1932,117,16,102,15,250
1933,116,35,116,16,283
1934,115,18,116,16,265
1936,101,34,132,16,283
1938,119,16,115,19,269
1940,102,32,102,15,251
1944,132,35,99,15,281
1945,131,19,99,15,264
1946,115,19,99,15,248
1948,117,17,117,18,269
1949,117,34,116,17,284
1951,117,33,117,17,284
1955,118,34,115,16,283
1957,119,32,132,19,302
1958,116,17,132,19,284
1959,118,34,117,15,284
1960,117,17,117,15,266
1961,119,32,117,16,284
1962,116,16,117,16,265
1964,115,16,116,17,264
1965,116,33,117,17,283
1967,115,34,118,15,282
1969,101,15,118,15,249
1970,117,16,117,17,267
1971,132,17,117,16,282
1972,116,17,117,16,266
1974,117,17,116,20,270
1975,115,33,117,17,282
1976,118,15,117,17,267
1978,117,17,117,15,266
1980,101,32,119,17,269
1981,116,37,120,9,282
1982,116,20,120,9,265
1985,117,32,118,16,283
1986,117,15,118,16,266
1987,116,36,116,15,283
1988,119,17,116,15,267
1989,119,30,119,15,283
1990,120,9,119,15,263
1991,106,9,119,15,249
1992,116,16,119,16,267
1993,133,16,117,18,284
1994,118,16,117,18,269
1997,128,15,117,18,278
1999,116,35,116,17,284
2000,119,16,116,17,268
2001,117,34,114,19,284
2002,117,18,114,19,268
2003,117,33,117,16,283
2004,102,33,117,16,268
2005,117,33,116,17,283
2006,117,18,116,17,268
2007,132,17,117,17,283
2008,116,17,117,17,267
2009,117,34,116,16,283
2010,114,19,116,16,265
2011,118,33,117,15,283
2013,118,33,117,15,283
2014,116,17,117,15,265
2015,117,34,115,18,284
2016,117,17,115,18,267
2018,116,16,116,19,267
2025,132,19,115,19,285
2026,116,19,115,19,269
2027,117,33,101,15,266
2028,102,33,101,15,251
2029,117,33,117,16,283
2030,119,16,117,16,268
2031,118,33,117,17,285
2033,118,35,114,18,285
2034,115,19,114,18,266
2035,117,32,116,16,281
2036,101,32,116,16,265
2037,116,33,116,18,283
2039,117,34,115,17,283
2040,117,17,115,17,266
2043,117,32,118,15,282
2045,115,35,115,18,283
2046,116,18,115,18,267
2047,117,32,101,17,267
2049,134,17,102,15,268
2050,116,17,102,15,250
2052,118,15,119,15,267
2053,116,35,119,13,283
2054,115,18,119,13,265
2055,118,35,113,19,285
2056,101,35,113,19,268
2058,102,31,118,16,267
2059,116,33,101,17,267
2060,119,15,101,17,252
2061,137,13,117,18,285
2062,119,13,117,18,267
2063,115,35,116,16,282
2064,113,19,116,16,264
2067,116,33,115,17,281
2068,101,33,115,17,266
2069,114,34,115,17,280
2070,117,18,115,17,267
2071,119,32,118,16,285
2072,116,16,118,16,266
2073,115,34,115,19,283
2074,116,17,115,19,267
2075,116,32,119,18,285
2078,115,17,103,15,250
2080,118,16,115,17,266
2081,117,34,114,20,285
2082,115,19,114,20,268
2083,119,35,116,15,285
2084,119,18,116,15,268
2085,120,32,116,16,284
2086,103,32,116,16,267
2087,117,31,119,15,282
2088,115,17,119,15,266
2090,114,20,115,16,265
2092,116,15,117,15,263
2093,116,33,117,17,283
2094,116,16,117,17,266
2095,118,33,117,16,284
2096,119,15,117,16,267
2097,118,33,117,18,286
2098,115,16,117,18,266
2100,117,15,117,18,267
2102,117,17,115,17,266
2103,116,32,117,17,282
2104,117,16,117,17,267
2105,116,35,116,17,284
2106,117,18,116,17,268
2107,117,33,117,16,283
2108,117,18,117,16,268
2111,116,34,116,18,284
2112,117,17,116,18,268
2113,117,34,117,16,284
2114,116,17,117,16,266
2115,118,33,134,16,301
2116,117,16,134,16,283
2117,118,32,118,18,286
2119,101,15,118,18,252
2121,117,33,116,17,283
2122,117,16,116,17,266
2123,116,34,116,16,282
2124,117,17,116,16,266
2125,133,18,115,17,283
2127,119,33,116,16,284
2128,101,33,116,16,266
2130,116,17,117,16,266
2131,116,33,116,18,283
2132,116,16,116,18,266
2133,116,34,116,18,284
2134,115,17,116,18,266
2135,116,33,120,12,281
2137,117,33,117,16,283
2138,117,16,117,16,266
2139,116,34,117,16,283
2140,116,18,117,16,267
2141,117,34,118,14,283
2144,120,12,119,15,266
2145,115,34,118,17,284
2146,117,16,118,17,268
2148,117,16,117,17,267
2149,117,33,117,17,284
2151,131,15,117,16,279
2152,119,15,117,16,267
2154,118,17,116,16,267
2155,117,33,117,17,284
2156,117,17,117,17,268
2157,131,17,117,17,282
2160,117,16,117,17,267
2161,133,16,117,16,282
2162,116,16,117,16,265
2163,116,35,116,15,282
2164,117,17,116,15,265
2165,118,33,116,17,284
2166,117,17,116,17,267
2167,118,32,119,14,283
2169,116,33,117,17,283
2170,117,16,117,17,267
2171,115,33,119,14,281
2172,116,15,119,14,264
2173,133,17,116,17,283
2176,101,32,118,15,266
2177,102,14,118,15,249
2178,100,34,116,19,269
2179,134,14,118,17,283
2180,119,14,118,17,268
2181,115,35,118,16,284
2182,116,17,118,16,267
2183,132,15,117,17,281
2184,118,15,117,17,267
2185,116,36,115,18,285
2186,116,19,115,18,268
2187,117,32,115,23,287
2188,118,17,115,23,273
2190,118,16,104,11,249
2191,132,17,102,16,267
2192,117,17,102,16,252
2193,117,35,116,17,285
2194,115,18,116,17,266
2195,132,23,113,15,283
2197,120,30,114,18,282
2198,104,30,114,18,266
2199,119,33,116,18,286
2200,102,33,116,18,269
2202,116,17,122,11,266
2203,119,32,117,18,286
2204,113,15,117,18,263
2205,117,34,117,15,283
2206,114,18,117,15,264
2207,116,35,115,17,283
2208,116,18,115,17,266
2209,118,32,115,17,282
2211,105,11,115,17,248
2212,117,18,117,14,266
2213,119,31,117,18,285
2215,115,35,117,16,283
2216,115,17,117,16,265
2217,126,17,118,18,279
2220,117,14,103,15,249
2221,115,35,116,16,282
2222,117,18,116,16,267
2224,117,16,117,17,267
2225,118,35,114,18,285
2226,118,18,114,18,268
2227,117,31,117,16,281
2228,103,31,117,16,267
2230,116,16,118,17,267
2231,115,35,115,17,282
2232,117,17,115,17,266
2233,117,33,116,18,284
2234,114,18,116,18,266
2235,117,32,120,15,284
2237,134,17,115,18,284
2238,118,17,115,18,268
2239,117,32,116,19,284
2240,115,17,116,19,267
2242,116,18,116,16,266
2243,118,33,115,16,282
2248,116,19,115,16,266
2249,118,32,116,17,283
2250,116,16,116,17,265
2251,114,32,117,19,282
2252,115,16,117,19,267
2253,116,34,117,18,285
2254,115,17,117,18,267
2256,115,16,118,16,265
2257,115,34,118,16,283
2259,117,35,117,17,286
2260,117,19,117,17,270
2261,119,33,101,15,268
2262,117,18,101,15,251
2268,117,17,116,16,266
2269,119,33,114,17,283
2271,118,31,120,16,285
2272,118,15,120,16,269
2273,134,16,101,14,265
2274,118,16,101,14,249
2275,116,33,117,17,283
2276,116,16,117,17,266
2277,117,32,118,16,283
2278,114,17,118,16,265
2279,115,36,116,15,282
2280,120,16,116,15,267
2281,117,32,115,17,281
2284,117,17,115,18,267
2287,114,33,117,18,282
2288,116,15,117,18,266
2289,117,33,119,15,284
2290,115,17,119,15,266
2291,115,35,116,16,282
2292,115,18,116,16,265
2293,131,19,115,18,283
2294,115,19,115,18,267
2295,116,34,115,17,282
2296,101,34,115,17,267
2297,119,32,116,17,284
2298,119,15,116,17,267
2299,117,33,116,18,284
2300,116,16,116,18,266
2301,118,34,116,17,285
2302,115,18,116,17,266
2303,133,17,117,17,284
2308,116,18,117,16,267
2310,116,17,117,17,267
2311,117,34,117,15,283
2312,117,17,117,15,266
2313,118,33,116,18,285
2314,116,18,116,18,268
2315,118,33,117,16,284
2316,117,16,117,16,266
2317,117,34,116,17,284
2318,117,17,116,17,267
2319,117,32,117,18,284
2322,116,18,115,19,268
2323,117,32,116,17,282
2326,116,17,118,15,266
2327,132,18,116,16,282
2328,117,18,116,16,267
2329,118,34,115,18,285
2330,115,19,115,18,267
2331,118,31,118,15,282
2332,116,17,118,15,266
2333,116,34,117,15,282
2334,118,15,117,15,265
2335,117,33,117,18,285
2336,116,16,117,18,267
2339,119,31,119,16,285
2340,118,15,119,16,268
2341,132,15,102,17,266
2342,117,15,102,17,251
2343,115,36,116,17,284
2344,117,18,116,17,268
2346,116,17,117,16,266
2347,134,16,116,16,282
2348,119,16,116,16,267
2349,117,32,118,17,284
2352,116,17,117,14,264
2353,117,33,116,16,282
2354,117,16,116,16,265
2355,116,32,117,17,282
2356,116,16,117,17,266
2357,133,17,117,21,288
2358,118,17,117,21,273
2360,117,14,119,16,266
2363,133,17,116,19,285
2364,117,17,116,19,269
2365,116,39,111,17,283
2366,117,21,111,17,266
2367,121,28,117,17,283
2372,116,19,115,16,266
2373,132,17,116,16,281
2374,111,17,116,16,260
2375,116,34,116,16,282
2376,117,17,116,16,266
2377,116,33,117,17,283
2378,119,16,117,17,269
2379,118,32,102,14,266
2380,115,16,102,14,247
2381,116,33,119,16,284
2382,116,16,119,16,267
2384,116,16,120,13,265
2385,133,17,116,16,282
2387,118,33,116,16,283
2388,102,33,116,16,267
2390,119,16,116,16,267
2391,117,32,118,16,283
2392,120,13,118,16,267
2394,116,16,116,19,267
2395,118,33,117,18,286
2396,116,16,117,18,267
2397,115,33,117,17,282
2398,116,16,117,17,266
2399,113,34,116,17,280
2400,118,16,116,17,267
2401,116,35,115,17,283
2404,117,18,116,16,267
2405,118,32,116,17,283
2407,116,33,119,15,283
2408,116,17,119,15,267
2411,134,16,116,18,284
2412,116,16,116,18,266
2413,117,33,116,17,283
2414,116,17,116,17,266
2415,136,15,116,17,284
2417,132,20,115,17,284
2418,115,20,115,17,267
2419,118,32,118,14,282
2420,116,18,118,14,266
2421,118,32,116,18,284
2422,116,17,116,18,267
2423,131,17,117,17,282
2424,116,17,117,17,267
2425,118,34,117,15,284
2427,118,32,117,17,284
2428,118,14,117,17,266
2429,103,14,117,17,251
2430,116,18,116,18,268
2431,117,34,117,17,285
2432,117,17,117,17,268
2433,117,32,116,21,286
2434,117,15,116,21,269
2435,114,34,103,14,265
2436,117,17,103,14,251
2437,118,34,115,19,286
2438,116,18,115,19,268
2439,134,17,116,16,283
2440,117,17,116,16,266
2441,117,35,130,16,298
2443,120,30,134,17,301
2444,103,30,134,17,284
2445,117,35,116,15,283
2446,115,19,116,15,265
2447,117,32,116,17,282
2448,116,16,116,17,265
2449,118,33,118,16,285
2450,130,34,115,17,296
2451,116,34,115,17,282
2453,118,32,118,16,284
2454,116,15,118,16,265
2456,116,17,118,17,268
2457,116,34,118,16,284
2458,118,16,118,16,268
2459,118,32,117,18,285
2462,118,16,117,16,267
2463,117,35,115,16,283
2464,118,17,115,16,266
2465,117,33,116,16,282
2466,118,16,116,16,266
2468,102,33,116,16,267
2469,117,32,118,17,284
2471,115,33,102,15,265
2475,117,33,117,17,284
2476,116,16,117,17,266
2479,118,32,116,18,284
2481,116,33,118,16,283
2482,118,15,118,16,267
2483,116,34,116,18,284
2484,117,17,116,18,268
2485,116,33,116,19,284
2486,116,16,116,19,267
2487,117,34,119,13,283
2488,116,18,119,13,266
2489,116,33,117,17,283
2490,118,16,117,17,268
2492,116,18,115,19,268
2493,132,19,116,16,283
2494,116,19,116,16,267
2495,119,31,118,16,284
2496,119,13,118,16,266
2497,115,35,115,18,283
2498,117,17,115,18,267
2499,118,34,117,16,285
2500,115,19,117,16,267
2501,119,32,117,16,284
2502,116,16,117,16,265
2503,114,33,118,17,282
2504,118,16,118,17,269
2506,115,18,118,15,266
2508,117,16,116,16,265
2509,117,32,118,15,282
2510,117,16,118,15,266
2511,116,35,115,17,283
2512,100,35,115,17,267
2513,119,32,117,14,282
2516,116,16,116,17,265
2518,118,15,117,19,269
2520,115,17,116,18,266
2521,132,14,103,17,266
2522,117,14,103,17,251
2523,114,35,119,15,283
2524,116,17,119,15,267
2525,132,19,133,15,299
2526,117,19,133,15,284
2527,119,32,116,17,284
2529,117,33,117,17,284
2530,103,33,117,17,270
2533,117,35,115,17,284
2534,133,32,117,16,298
2535,119,32,117,16,284
2536,116,17,117,16,266
2537,116,34,116,16,282
2538,117,17,116,16,266
2539,134,16,115,17,282
2541,118,32,116,18,284
2542,100,32,116,18,266
2543,117,33,117,18,285
2544,117,16,117,18,268
2545,133,16,118,17,284
2548,115,17,116,17,265
2550,116,18,115,18,267
2552,117,18,114,18,267
2553,118,33,115,17,283
2554,118,17,115,17,267
2556,116,17,116,19,268
2557,133,18,117,17,285
2559,117,33,117,15,282
2561,116,33,116,18,283
2562,115,17,116,18,266
2563,117,35,116,16,284
2564,116,19,116,16,267
2566,101,33,116,17,267
2567,119,31,119,15,284
2568,101,31,119,15,266
2569,116,35,115,18,284
2570,116,18,115,18,267
2573,116,34,118,16,284
2574,116,17,118,16,267
2575,117,32,116,19,284
2577,117,34,118,16,285
2578,115,18,118,16,267
2580,117,15,119,16,267
2581,115,36,116,16,283
2582,118,16,116,16,266
2583,117,33,117,16,283
2584,116,19,117,16,268
2586,118,16,116,16,266
2587,117,33,116,17,283
2588,102,33,116,17,268
2589,115,33,116,18,282
2590,116,16,116,18,266
2591,118,34,116,17,285
2592,117,16,116,17,266
2593,132,16,118,16,282
2594,116,16,118,16,266
2595,115,34,114,20,283
2596,116,17,114,20,267
2597,116,34,115,17,282
2598,116,18,115,17,266
2599,132,17,115,17,281
2600,116,17,115,17,265
2601,117,33,133,18,301
2602,118,16,133,18,285
2603,117,34,117,16,284
2604,114,20,117,16,267
2606,115,17,117,18,267
2608,115,17,102,14,248
2609,133,16,118,16,283
2611,119,34,117,17,287
2612,117,16,117,17,267
2613,118,34,118,13,283
2614,117,18,118,13,266
2615,119,31,118,18,286
2617,115,35,117,17,284
2618,118,16,117,17,268
2619,116,34,116,16,282
2622,118,13,119,17,267
2623,117,36,116,14,283
2624,118,18,116,14,266
2625,133,17,116,17,283
2626,117,17,116,17,267
2627,117,32,117,18,284
2628,116,16,117,18,267
2629,114,35,115,18,282
2632,116,14,120,14,264
2633,133,17,115,17,282
2635,133,18,117,16,284
2637,117,33,116,16,282
2638,115,18,116,16,265
2639,117,31,117,17,282
2640,103,31,117,17,268
2641,115,34,117,18,284
2642,115,17,117,18,267
2644,117,16,117,14,264
2645,118,32,118,17,285
2647,131,17,118,15,281
2648,117,17,118,15,267
2649,117,35,117,16,285
2650,117,18,117,16,268
2651,116,31,119,16,282
2652,117,14,119,16,266
2654,118,17,115,16,266
2655,119,31,119,16,285
2656,118,15,119,16,268
2657,116,35,116,17,284
2658,117,16,116,17,266
2659,116,33,117,16,282
2661,116,32,119,16,283
2663,134,16,115,18,283
2664,119,16,115,18,268
2665,116,33,115,18,282
2666,116,17,115,18,266
2669,117,34,115,19,285
2671,116,33,117,16,282
2672,115,18,117,16,266
2673,117,33,117,17,284
2675,116,34,116,17,283
2678,115,19,115,16,265
2679,135,16,116,16,283
2680,117,16,116,16,265
2681,118,34,117,15,284
2683,116,33,117,16,282
2684,116,17,117,16,266
2685,134,16,101,18,269
2687,132,16,119,15,282
2688,116,16,119,15,266
2689,115,34,100,16,265
2690,117,15,100,16,248
2691,101,15,100,16,232
2692,117,16,117,16,266
2694,101,34,117,16,268
2695,118,32,117,15,282
2696,119,15,117,15,266
2697,115,35,116,15,281
2698,100,35,116,15,266
2700,117,16,117,16,266
2701,133,16,119,12,280
2702,117,16,119,12,264
2703,116,31,120,16,283
2704,117,15,120,16,268
2705,116,34,117,19,286
2706,116,15,117,19,267
2707,133,16,118,16,283
2710,119,12,102,18,251
2711,115,36,116,17,284
2712,120,16,116,17,269
2713,117,34,116,17,284
2714,117,19,116,17,269
2716,118,16,118,16,268
2717,114,34,117,16,281
2718,102,34,117,16,269
2719,116,33,117,15,281
2722,116,17,117,17,267
2723,134,16,117,15,282
2724,118,16,117,15,266
2726,117,16,116,19,268
2727,117,32,103,16,268
2729,134,17,114,17,282
2730,117,17,114,17,265
2731,117,31,117,16,281
2732,117,15,117,16,265
2734,116,19,114,17,266
2735,118,30,101,19,268
2736,103,30,101,19,253
2737,114,34,116,19,283
2738,114,17,116,19,266
2739,115,33,118,17,283
2741,116,34,117,16,283
2742,114,17,117,16,264
2743,115,33,118,16,282
2745,117,35,115,16,283
2746,116,19,115,16,266
2747,118,33,116,17,284
2749,118,32,118,17,285
2750,117,16,118,17,268
2751,114,34,118,17,283
2752,118,16,118,17,269
2754,115,16,103,16,250
2755,133,17,117,16,283
2756,116,17,117,16,266
2757,117,34,116,15,282
2758,118,17,116,15,266
2759,117,34,131,18,300
2760,118,17,131,18,284
2761,119,33,116,16,284
2763,118,32,115,18,283
2767,133,15,103,16,267
2768,131,34,117,15,297
2770,116,16,117,15,264
2771,116,33,116,18,283
2772,115,18,116,18,267
2774,118,19,129,19,285
2775,118,31,132,18,299
2776,119,15,132,18,284
2780,116,18,118,16,268
2782,115,14,118,19,266
2783,113,34,117,17,281
2784,132,34,117,18,301
2785,115,34,117,18,284
2786,118,16,117,18,269
2787,117,35,116,16,284
2788,118,16,116,16,266
2789,132,19,114,18,283
2790,118,19,114,18,269
2791,118,31,118,15,282
2792,117,17,118,15,267
2793,116,35,115,18,284
2794,100,35,115,18,268
2798,114,18,116,16,264
2799,118,32,118,17,285
2800,118,15,118,17,268
2802,115,18,115,17,265
2803,117,33,118,15,283
2804,118,16,118,15,267
2805,118,32,119,14,283
2806,116,16,119,14,265
2807,115,35,115,19,284
2808,118,17,115,19,269
2810,115,17,116,18,266
2811,115,34,117,15,281
2812,118,15,117,15,265
2813,117,32,118,16,283
2814,119,14,118,16,267
2815,115,36,116,15,282
2816,115,19,116,15,265
2817,119,32,118,15,284
2819,132,15,117,18,282
2821,114,34,101,17,266
2822,118,16,101,17,252
2823,117,33,121,11,282
2827,116,34,115,18,283
2828,117,18,115,18,268
2829,117,34,115,18,284
2830,101,34,115,18,268
2831,117,30,103,15,265
2832,121,11,103,15,250
2833,113,36,117,17,283
2834,116,18,117,17,268
2835,118,33,118,15,284
2836,115,18,118,15,266
2837,116,34,115,18,283
2838,115,18,115,18,266
2839,114,34,116,15,279
2841,119,33,117,16,285
2842,117,17,117,16,267
2844,118,15,116,18,267
2845,117,34,115,17,283
2849,115,35,114,19,283
2850,117,16,114,19,266
2851,116,33,116,17,282
2852,116,18,116,17,267
2855,132,17,119,16,284
2856,117,17,119,16,269
2857,115,34,101,15,265
2858,114,19,101,15,249
2859,118,33,116,17,284
2860,116,17,116,17,266
2861,136,15,118,15,284
2863,117,35,117,14,283
2865,120,31,119,16,286
2866,101,31,119,16,267
2867,116,34,101,16,267
2869,115,33,128,23,299
2870,118,15,128,23,284
2871,114,33,118,17,282
2872,117,14,118,17,266
2873,116,35,116,16,283
2874,119,16,116,16,267
2875,118,33,123,6,280
2876,117,17,123,6,263
2879,109,40,116,15,280
2880,118,17,116,15,266
2881,116,32,117,17,282
2882,100,32,117,17,266
2883,116,30,121,17,284
2885,120,18,118,16,272
2886,117,18,118,16,269
2887,133,15,118,17,283
2888,116,15,118,17,266
2889,115,35,117,18,285
2890,117,17,117,18,269
2891,110,34,117,16,277
2892,121,17,117,16,271
2893,120,32,117,17,286
2895,116,34,116,18,284
2896,118,17,116,18,269
2897,117,35,116,15,283
2899,118,32,117,17,284
2901,117,33,116,17,283
2903,117,34,115,19,285
2904,116,18,115,19,268
2905,117,32,118,15,282
2906,116,15,118,15,264
2907,115,35,117,16,283
2908,117,17,117,16,267
2909,133,17,116,18,284
2910,116,17,116,18,267
2911,117,35,116,17,285
2912,115,19,116,17,267
2913,117,31,102,17,267
2914,118,15,102,17,252
2916,117,16,117,16,266
2917,118,33,115,18,284
2918,116,18,115,18,267
2922,102,31,117,17,267
2924,117,16,117,15,265
2926,115,18,117,16,266
2927,116,33,120,14,283
2928,115,17,120,14,266
2930,117,17,116,18,268
2932,117,15,117,16,265
2934,117,16,116,18,267
2936,120,14,116,18,268
2937,104,14,116,18,252
2939,116,32,119,16,283
2942,116,18,117,15,266
2943,114,34,116,17,281
2945,119,32,119,14,284
2946,117,16,119,14,266
2947,117,34,115,18,284
2949,118,32,118,16,284
2951,116,35,115,18,284
2952,116,17,115,18,266
2954,119,14,118,15,266
2955,115,34,116,17,282
2957,116,33,118,16,283
2959,116,34,115,17,282
2960,115,18,115,17,265
2962,118,15,118,15,266
2963,117,34,116,18,285
2964,116,17,116,18,267
2967,118,32,117,16,283
2968,115,17,117,16,265
2972,116,18,117,16,267
2973,132,17,117,15,281
2975,118,32,118,18,286
2976,117,16,118,18,269
2977,115,33,118,18,284
2978,117,16,118,18,269
2979,135,16,101,15,267
2980,117,16,101,15,249
2981,117,32,119,16,284
2984,118,18,115,18,269
2987,117,31,118,17,283
2988,101,31,118,17,267
2989,115,35,117,17,284
2990,119,16,117,17,269
2993,118,32,118,16,284
2995,117,34,117,16,284
2996,118,17,117,16,268
2999,118,33,117,16,284
3000,115,18,117,16,266
3002,101,33,117,14,265
3003,117,33,117,17,284
3004,117,16,117,17,267
3005,116,34,115,17,282
3006,116,17,115,17,265
3008,117,16,117,16,266
3010,100,31,120,22,273
3011,114,36,111,20,281
3012,117,17,111,20,265
3014,115,17,117,18,267
3015,133,16,116,17,282
3016,117,16,116,17,266
3017,134,22,109,19,284
3018,120,22,109,19,270
3019,123,25,117,18,283
3021,116,36,116,16,284
3022,117,18,116,16,267
3023,117,32,118,16,283
3024,116,17,118,16,267
3027,123,32,117,15,287
3031,117,34,118,14,283
3032,118,16,118,14,266
3033,118,34,116,16,284
3034,116,17,116,16,265
3037,115,37,115,16,283
3039,118,30,118,15,281
3040,118,14,118,15,265
3042,116,16,118,16,266
3043,116,34,116,17,283
3044,118,17,116,17,268
3047,115,32,103,15,265
3051,117,33,117,17,284
3053,116,35,114,20,285
3054,116,19,114,20,269
3055,118,32,116,16,282
3056,103,32,116,16,267
3057,116,32,120,15,283
3060,117,17,117,15,266
3062,114,20,114,16,264
3063,119,30,119,14,282
3064,116,16,119,14,265
3065,115,35,115,17,282
3066,120,15,115,17,267
3067,117,32,117,17,283
3070,114,16,118,16,264
3071,135,14,101,18,268
3073,113,34,134,16,297
3074,115,17,134,16,282
3075,115,34,116,18,283
3077,117,33,118,15,283
3078,118,16,118,15,267
3080,101,34,116,17,268
3082,134,34,117,16,301
3083,117,34,117,16,284
3084,116,18,117,16,267
3085,117,32,118,15,282
3086,118,15,118,15,266
3089,116,33,117,20,286
3090,116,17,117,20,270
3091,135,16,103,13,267
3092,117,16,103,13,249
3093,133,15,117,17,282
3096,116,16,118,18,268
3097,116,38,113,16,283
3098,117,20,113,16,266
3099,119,29,118,16,282
3100,103,29,118,16,266
3103,117,35,115,18,285
3106,113,16,120,15,264
3108,118,16,118,16,268
3109,117,33,117,16,283
3110,117,16,117,16,266
3113,118,33,115,16,282
3116,118,16,115,19,268
3120,116,15,117,17,265
3121,113,33,119,14,279
3123,131,19,115,17,282
3124,115,19,115,17,266
3125,118,35,114,16,283
3126,118,19,114,16,267
3127,132,17,117,18,284
3129,117,32,121,14,284
3130,119,14,121,14,268
3131,116,35,118,16,285
3132,115,17,118,16,266
3134,114,16,117,16,263
3135,117,35,116,17,285
3136,100,35,116,17,268
3137,117,32,117,17,283
3138,121,14,117,17,269
3140,118,16,117,16,267
3141,117,32,118,17,284
3142,117,16,118,17,268
3143,116,35,117,16,284
3144,116,17,117,16,266
3145,131,17,116,16,280
3146,117,17,116,16,266
3147,133,16,117,16,282
3148,117,16,117,16,266
3149,117,34,117,16,284
3150,118,17,117,16,268
3151,117,33,116,15,281
3155,115,34,116,17,282
3156,117,16,116,17,266
3159,132,15,118,17,282
3160,116,15,118,17,266
3162,117,16,119,16,268
3164,116,17,101,16,250
3165,131,19,115,18,283
3166,115,19,115,18,267
3167,133,17,118,15,283
3168,118,17,118,15,268
3169,117,34,116,16,283
3170,119,16,116,16,267
3171,118,33,118,15,284
3172,101,33,118,15,267
3175,118,32,117,18,285
3177,115,33,117,17,282
3178,116,16,117,17,266
3179,135,15,117,16,283
3180,118,15,117,16,266
3181,117,32,119,16,284
3186,102,32,118,16,268
3187,132,16,118,17,283
3191,117,33,117,16,283
3193,117,34,117,17,285
3195,117,34,117,15,283
3197,117,32,117,17,283
3200,117,16,118,16,267
3202,117,17,115,18,267
3204,117,15,116,19,267
3205,115,34,117,16,282
3206,117,17,117,16,267
3207,117,33,116,16,282
3208,101,33,116,16,266
3211,131,19,115,17,282
3212,116,19,115,17,267
3213,134,16,117,17,284
3215,116,32,117,17,282
3217,116,34,118,15,283
3219,117,34,116,17,284
3220,115,17,116,17,265
3221,116,34,116,17,283
3222,117,17,116,17,267
3223,118,32,116,19,285
3224,117,17,116,19,269
3225,116,33,119,15,283
3226,118,15,119,15,267
3227,116,34,117,17,284
3228,116,17,117,17,267
3229,116,34,100,17,267
3230,116,17,100,17,250
3232,116,19,132,16,283
3234,119,15,116,17,267
3235,117,34,116,16,283
3236,117,17,116,16,266
3237,117,32,117,17,283
3238,117,15,117,17,266
3239,117,34,116,18,285
3240,132,33,118,17,300
3241,131,17,118,17,283
3244,116,16,117,17,266
3247,117,34,117,16,284
3248,116,18,117,16,267
3252,117,17,119,15,268
3253,117,34,117,16,284
3254,116,18,117,16,267
3256,117,16,117,17,267
3257,116,32,117,18,283
3258,116,15,117,18,266
3259,116,35,117,15,283
3260,119,15,117,15,266
3261,118,33,117,16,284
3263,116,34,117,15,282
3265,132,18,117,15,282
3267,132,15,118,15,280
3268,117,15,118,15,265
3269,115,34,117,16,282
3270,117,16,117,16,266
3272,117,15,116,17,265
3273,117,33,117,19,286
3277,115,34,118,15,282
3278,117,16,118,15,266
3279,131,17,117,16,281
3280,116,17,117,16,266
3281,115,36,116,16,283
3282,117,19,116,16,268
3283,118,32,116,17,283
3285,117,32,117,16,282
3286,118,15,117,16,266
3287,117,33,118,18,286
3288,117,16,118,18,269
3289,135,16,117,17,285
3296,118,18,116,15,267
3297,117,33,117,16,283
3298,117,17,117,16,267
3299,118,31,102,17,268
3300,116,16,102,17,251
3301,133,18,115,17,283
3302,117,18,115,17,267
3303,117,32,118,15,282
3304,116,15,118,15,264
3305,115,35,115,20,285
3306,117,16,115,20,268
3307,118,32,103,13,266
3308,102,32,103,13,250
3309,117,33,118,17,285
3310,115,17,118,17,267
3312,118,15,119,17,269
3313,131,20,113,17,281
3314,115,20,113,17,265
3315,118,31,117,15,281
3316,103,31,117,15,266
3317,118,34,119,15,286
3318,118,17,119,15,269
3319,117,34,117,14,282
3321,119,31,119,14,283
3322,113,17,119,14,263
3323,135,15,119,15,284
3324,117,15,119,15,266
3325,115,36,114,17,282
3326,119,15,114,17,265
3327,117,31,117,17,282
3328,117,14,117,17,265
3329,117,33,117,17,284
3330,119,14,117,17,267
3331,134,15,117,16,282
3332,119,15,117,16,267
3334,114,17,117,17,265
3337,115,33,116,19,283
3339,132,16,102,15,265
3341,134,17,116,17,284
3343,136,15,117,15,283
3344,119,15,117,15,266
3345,118,34,116,16,284
3346,116,19,116,16,267
3347,118,32,117,18,285
3351,114,33,116,17,280
3354,116,16,133,18,283
3356,117,18,116,15,266
3357,119,31,117,19,286
3358,116,17,117,19,269
3359,115,33,118,16,282
3360,116,17,118,16,267
3361,115,34,117,17,283
3362,133,33,117,17,300
3364,116,15,117,17,265
3366,117,19,114,18,268
3367,120,31,119,16,286
3369,117,34,101,17,269
3370,117,17,101,17,252
3372,117,17,118,16,268
3373,117,34,117,15,283
3375,117,34,116,18,285
3376,119,16,116,18,269
3378,101,32,102,15,250
3379,117,34,132,18,301
3380,118,16,132,18,284
3382,117,15,118,16,266
3384,116,18,115,14,263
3389,133,16,116,19,284
3390,118,16,116,19,269
3391,116,31,118,16,281
3392,115,14,118,16,263
3393,114,36,118,16,284
3395,118,32,120,17,287
3396,117,16,120,17,270
3397,115,36,115,18,284
3398,116,19,115,18,268
3399,118,30,118,18,284
3401,114,36,117,17,284
3403,118,35,114,17,284
3404,102,35,114,17,268
3406,115,18,115,17,265
3407,119,33,117,17,286
3410,117,17,114,17,265
3411,131,17,115,17,280
3412,114,17,115,17,263
3414,115,17,116,19,267
3415,117,35,114,19,285
3416,117,17,114,19,267
3418,114,17,118,16,265
3420,115,17,117,17,266
3421,116,36,116,16,284
3423,117,33,115,17,282
3424,100,33,115,17,265
3425,119,32,118,15,284
3426,102,32,118,15,267
3427,118,33,117,17,285
3428,117,17,117,17,268
3432,115,17,118,16,266
3433,134,15,117,17,283
3434,118,15,117,17,267
3435,117,34,116,17,284
3437,116,34,115,18,283
3439,135,16,116,17,284
3440,118,16,116,17,267
3441,116,33,115,19,283
3442,117,17,115,19,268
3445,117,34,101,16,268
3447,116,33,117,17,283
3448,116,17,117,17,267
3450,115,19,115,18,267
3451,134,18,114,18,284
3453,119,32,119,14,284
3454,101,32,119,14,266
3456,117,17,116,15,265
3457,102,17,116,15,250
3458,115,18,116,17,266
3459,117,33,118,15,283
3461,116,33,116,17,282
3462,119,14,116,17,266
3463,102,14,116,17,249
3464,116,15,118,16,265
3465,116,35,115,18,284
3466,116,17,115,18,266
3467,118,33,124,13,288
3468,118,15,124,13,270
3469,114,33,104,12,263
3470,116,17,104,12,249
3471,116,33,116,17,282
3472,118,16,116,17,267
3473,132,18,118,16,284
3474,115,18,118,16,267
3475,139,13,112,18,282
3476,124,13,112,18,267
3478,104,31,115,17,267
3480,116,17,116,18,267
3481,117,35,115,19,286
3482,118,16,115,19,268
3483,110,33,101,15,259
3486,115,17,116,19,267
3487,118,33,118,17,286
3488,116,18,118,17,269
3492,101,31,102,15,249
3493,116,36,115,17,284
3494,116,19,115,17,267
3495,136,17,115,16,284
3496,118,17,115,16,266
3497,134,18,116,18,286
3499,118,32,117,16,283
3500,102,32,117,16,267
3501,117,34,112,22,285
3502,115,17,112,22,266
3504,115,16,117,17,265
3505,116,36,115,17,284
3507,119,31,101,17,268
3508,117,16,101,17,251
3509,116,35,116,18,285
3510,112,22,116,18,268
3511,118,32,117,16,283
3512,117,17,117,16,267
3513,116,34,116,17,283
3517,105,16,117,16,254
3518,116,18,130,18,282
3522,116,17,116,17,266
3523,116,33,117,17,283
3525,116,32,118,18,284
3526,115,15,118,18,266
3527,133,17,116,21,287
3530,116,17,104,13,250
3531,133,17,117,16,283
3533,117,34,117,15,283
3537,121,29,119,17,286
3538,104,29,119,17,269
3539,116,34,116,17,283
3540,117,16,116,17,266
3541,117,33,118,17,285
3542,117,15,118,17,267
3543,102,15,118,17,252
3546,119,17,115,15,266
3547,118,31,117,17,283
3548,116,17,117,17,267
3549,115,35,116,16,282
3551,117,32,117,15,281
3553,132,15,118,18,283
3554,115,15,118,18,266
3555,116,35,116,17,284
3556,117,17,116,17,267
3559,117,32,118,17,284
3561,115,36,115,17,283
3562,118,18,115,17,268
3563,118,32,117,17,284
3564,116,17,117,17,267
3565,135,14,118,17,284
3566,119,14,118,17,268
3569,117,33,116,18,284
3571,134,17,100,17,268
3572,117,17,100,17,251
3573,132,17,116,15,280
3574,118,17,116,15,266
3575,118,33,116,16,283
3576,116,18,116,16,266
3577,118,33,116,18,285
3578,116,18,116,18,268
3582,116,15,102,16,249
3583,116,34,133,17,300
3584,116,16,133,17,282
3587,117,33,116,17,283
3588,115,18,116,17,266
3590,102,33,115,16,266
3591,117,32,117,16,282
3592,116,17,117,16,266
3593,133,16,117,16,282
3595,116,35,116,17,284
3596,116,17,116,17,266
3597,132,16,102,16,266
3598,115,16,102,16,249
3599,116,34,118,17,285
3602,117,16,118,16,267
3603,115,35,115,18,283
3604,116,17,115,18,266
3605,118,31,118,18,285
3606,102,31,118,18,269
3608,118,17,115,18,268
3609,118,32,117,17,284
3610,118,16,117,17,268
3611,116,34,118,16,284
3612,115,18,118,16,267
3614,118,18,114,19,269
3615,132,18,117,15,282
3616,115,18,117,15,265
3617,133,17,116,17,283
3618,117,17,116,17,267
3622,114,19,117,16,266
3623,118,32,118,15,283
3624,117,15,118,15,265
3626,116,17,118,17,268
3627,133,17,116,15,281
3629,120,32,117,16,285
3630,117,16,117,16,266
3631,133,15,118,18,284
3633,116,36,116,17,285
3635,117,31,102,16,266
3636,116,15,102,16,249
3637,115,34,118,15,282
3638,117,16,118,15,266
3639,116,35,115,16,282
3641,133,17,116,15,281
3642,116,17,116,15,264
3643,117,33,117,14,281
3644,102,33,117,14,266
3645,117,32,118,17,284
3646,118,15,118,17,268
3647,116,33,118,17,284
3648,115,16,118,17,266
3650,116,15,119,17,267
3651,115,33,118,16,282
3652,117,14,118,16,265
3653,114,36,117,15,282
3654,118,17,117,15,267
3658,102,34,116,18,270
3661,134,15,116,18,283
3664,117,17,115,17,266
3669,115,34,117,18,284
3672,115,17,114,18,264
3673,134,15,118,16,283
3674,116,15,118,16,265
3675,115,34,117,16,282
3676,118,16,117,16,267
3678,117,18,116,14,265
3682,118,16,116,17,267
3684,117,16,116,17,266
3685,116,32,119,16,283
3686,116,14,119,16,265
3688,119,15,119,14,267
3689,115,34,117,16,282
3691,116,33,117,16,282
3692,116,17,117,16,266
3693,115,34,116,18,283
3694,101,34,116,18,269
3697,116,34,117,17,284
3698,117,16,117,17,267
3699,117,33,117,16,283
3700,117,16,117,16,266
3702,116,18,116,17,267
3703,116,33,117,18,284
3705,117,33,117,15,282
3708,117,16,118,17,268
3709,116,35,100,15,266
3710,116,17,100,15,248
3711,116,35,133,14,298
3712,117,18,133,14,282
3713,119,30,117,17,283
3714,117,15,117,17,266
3715,134,17,117,17,285
3716,118,17,117,17,269
3717,117,32,102,17,268
3718,100,32,102,17,251
3719,133,18,114,16,281
3720,133,31,116,17,297
3722,117,17,116,17,267
3723,116,35,117,15,283
3724,117,17,117,15,266
3725,119,33,118,16,286
3726,102,33,118,16,269
3727,101,16,118,16,251
3728,114,16,118,17,265
3729,116,34,121,14,285
3731,134,15,118,16,283
3735,119,32,117,17,285
3736,103,32,117,17,269
3737,118,34,115,18,285
3739,116,33,116,17,282
3740,101,33,116,17,267
3741,132,16,118,16,282
3742,116,16,118,16,266
3744,117,17,116,17,267
3745,114,33,117,16,280
3746,115,18,117,16,266
3750,118,16,116,17,267
3751,117,33,115,18,283
3752,116,17,115,18,266
3753,118,33,119,14,284
3754,100,33,119,14,266
3755,117,34,116,18,285
3756,116,18,116,18,268
3757,116,33,101,14,264
3758,116,17,101,14,248
3760,115,18,117,15,265
3761,116,33,116,18,283
3762,119,14,116,18,267
3763,117,35,116,15,283
3766,101,32,116,17,266
3768,117,15,118,17,267
3769,130,18,115,17,280
3770,116,18,115,17,266
3771,134,15,117,16,282
3772,116,15,117,16,264
3774,116,17,117,16,266
3775,133,17,115,19,284
3777,118,32,117,17,284
3780,117,16,118,17,268
3781,116,34,117,17,284
3782,117,16,117,17,267
3783,116,35,116,17,284
3784,115,19,116,17,267
3785,119,32,117,18,286
3786,102,32,117,18,269
3788,118,17,116,16,267
3789,117,33,118,14,282
3791,118,34,115,16,283
3792,116,17,115,16,264
3793,118,34,117,14,283
3794,117,18,117,14,266
3795,118,31,118,16,283
3796,116,16,118,16,266
3797,116,33,101,18,268
3798,118,14,101,18,251
3800,115,16,117,17,265
3801,115,34,119,16,284
3802,117,14,119,16,266
3803,116,34,118,17,285
3804,118,16,118,17,269
3806,119,14,103,16,252
3807,102,14,103,16,235
3808,117,17,102,17,253
3809,133,16,117,14,280
3810,119,16,117,14,266
3811,117,34,115,18,284
3812,118,17,115,18,268
3814,103,33,114,18,268
3816,102,33,116,18,269
3817,116,31,117,19,283
3818,117,14,117,19,267
3819,114,36,117,16,283
3822,114,18,117,16,265
3827,135,16,100,17,268
3829,119,32,116,18,285
3830,117,16,116,18,267
3831,116,34,117,16,283
3832,116,16,117,16,265
3833,118,34,116,17,285
3834,117,16,116,17,266
3835,116,32,118,17,283
3836,100,32,118,17,267
3837,116,34,121,14,285
3838,116,18,121,14,269
3839,133,16,118,16,283
3841,115,34,116,16,281
3842,116,17,116,16,265
3843,116,34,115,17,282
3844,118,17,115,17,267
3845,119,34,116,15,284
3846,101,34,116,15,266
3847,118,32,116,18,284
3850,116,16,119,16,267
3851,115,34,116,19,284
3852,115,17,116,19,267
3853,112,33,117,16,278
3854,116,15,117,16,264
3855,115,35,114,19,283
3857,118,33,117,17,285
3860,116,19,115,16,266
3861,132,16,118,16,282
3864,114,19,115,17,265
3865,116,34,133,16,299
3866,117,17,133,16,283
3867,119,31,118,16,284
3868,115,16,118,16,265
3870,118,16,118,16,268
3871,118,33,117,16,284
3873,115,35,116,15,281
3874,117,16,116,15,264
3876,118,16,117,17,268
3878,100,34,115,19,268
3879,118,32,119,17,286
3880,117,16,119,17,269
3881,114,33,103,15,265
3882,116,15,103,15,249
3883,115,35,115,17,282
3885,116,34,117,16,283
3886,115,19,117,16,267
3888,119,17,114,18,268
3890,103,32,119,13,267
3892,115,17,117,17,266
3893,136,16,115,17,284
3894,117,16,115,17,265
3896,114,18,116,18,266
3897,117,32,102,16,267
3899,117,34,117,18,286
3900,117,17,117,18,269
3901,131,17,118,17,283
3903,134,18,117,17,286
3905,115,33,115,18,281
3907,118,34,115,16,283
3909,119,33,116,18,286
3910,118,17,116,18,269
3911,118,34,114,19,285
3912,117,17,114,19,267
3914,115,18,117,17,267
3915,117,32,120,14,283
3917,115,36,117,17,285
3918,116,18,117,17,268
3919,117,33,115,16,281
3920,114,19,115,16,264
3922,101,33,116,17,267
3923,118,32,118,17,285
3925,116,36,115,16,283
3926,117,17,115,16,265
3927,120,30,119,14,283
3928,115,16,119,14,264
3929,115,35,116,18,284
3930,116,17,116,18,267
3931,115,34,115,18,282
3932,118,17,115,18,268
3933,116,32,116,17,281
3935,135,14,118,17,284
3937,115,36,117,14,282
3939,117,33,115,20,285
3942,116,17,103,14,250
3943,115,34,115,18,282
3944,118,17,115,18,268
3945,117,32,118,18,285
3946,117,14,118,18,267
3947,116,37,115,16,284
3950,117,18,117,15,267
3951,118,32,115,20,285
3952,115,18,115,20,268
3953,115,35,116,17,283
3955,119,32,118,13,282
3956,115,16,118,13,262
3957,117,33,115,19,284
3958,117,15,115,19,266
3959,118,35,116,16,285
3960,115,20,116,16,267
3961,118,33,115,17,283
3962,116,17,115,17,265
3964,118,13,119,17,267
3966,115,19,118,15,267
3967,119,33,116,19,287
3970,115,17,115,20,267
3973,119,33,117,15,284
3974,118,15,117,15,265
3975,116,35,114,17,282
3976,116,19,114,17,266
3978,115,20,115,17,267
3980,116,16,101,15,248
3981,132,15,117,16,280
3983,116,34,118,17,285
3984,114,17,118,17,266
3986,115,17,118,17,267
3987,117,34,116,16,283
3988,101,34,116,16,267
3990,117,16,118,16,267
3991,116,36,117,17,286
3992,118,17,117,17,269
3993,118,34,115,17,284
3994,118,17,115,17,267
3995,120,31,118,17,286
3996,116,16,118,17,267
3997,117,33,102,17,269
3999,115,36,114,20,285
4000,117,17,114,20,268
4002,115,17,116,17,265
4005,118,31,118,17,284
4006,102,31,118,17,268
4007,114,37,113,19,283
4008,114,20,113,19,266
4010,102,31,115,17,265
4011,116,33,118,18,285
4012,117,15,118,18,268
4014,118,17,117,17,269
4016,113,19,114,17,263
4019,114,37,113,17,281
4020,118,18,113,17,266
4021,119,32,118,14,283
4022,102,32,118,14,266
4023,119,31,118,20,288
4024,114,17,118,20,269
4026,100,37,111,19,267
4027,118,30,119,15,282
4028,113,17,119,15,264
4029,115,34,116,19,284
4030,118,14,116,19,267
4031,118,37,113,17,285
4032,118,20,113,17,268
4033,121,29,116,17,283
4034,111,19,116,17,263
4035,117,34,118,16,285
4036,119,15,118,16,268
4037,114,35,114,18,281
4042,116,17,121,13,267
4043,114,35,118,17,284
4045,118,33,115,17,283
4046,114,18,115,17,264
4047,117,33,116,17,283
4048,117,16,116,17,266
4049,102,16,116,17,251
4051,115,36,117,13,281
4052,118,17,117,13,265
4053,103,17,117,13,250
4055,132,17,118,15,282
4057,113,33,117,19,282
4058,118,15,117,19,269
4060,117,13,117,16,263
4061,117,33,118,16,284
4062,119,14,118,16,267
4063,116,34,119,17,286
4064,118,15,119,17,269
4065,115,36,116,15,282
4066,117,19,116,15,267
4067,116,30,119,15,280
4068,103,30,119,15,267
4069,114,34,116,19,283
4070,118,16,116,19,269
4071,134,17,117,13,281
4072,119,17,117,13,266
4073,119,31,120,16,286
4074,116,15,120,16,267
4075,117,33,116,18,284
4076,119,15,116,18,268
4077,116,35,115,16,282
4081,114,37,115,16,282
4082,120,16,115,16,267
4083,118,31,118,15,282
4084,116,18,118,15,267
4085,118,32,120,16,286
4087,113,36,117,15,281
4089,115,32,118,16,281
4090,115,16,118,16,265
4093,117,35,115,18,285
4094,120,16,115,18,269
4095,117,32,116,17,282
4096,117,15,116,17,265
4098,118,16,115,18,267
4100,116,18,116,16,266
4101,115,34,116,15,280
4103,131,17,118,16,282
4104,116,17,118,16,267
4105,115,34,115,18,282
4106,115,18,115,18,266
4107,118,32,117,17,284
4108,116,16,117,17,266
4109,116,33,118,16,283
4110,116,15,118,16,265
4111,135,16,116,17,284
4112,118,16,116,17,267
4114,115,18,117,16,266
4115,117,33,117,16,283
4116,117,17,117,16,267
4117,116,33,119,14,282
4119,115,34,116,18,283
4120,116,17,116,18,267
4121,118,33,117,16,284
4122,100,33,117,16,266
4123,117,33,116,17,283
4124,117,16,116,17,266
4127,133,18,116,17,284
4128,116,18,116,17,267
4129,117,32,118,16,283
4130,117,16,118,16,267
4131,132,17,117,18,284
4133,132,16,118,14,280
4135,117,34,115,18,284
4137,117,33,118,15,283
4138,118,16,118,15,267
4139,118,34,119,12,283
4140,117,18,119,12,266
4142,118,14,117,16,265
4144,115,18,116,18,267
4146,118,15,119,15,267
4147,117,32,118,17,284
4148,119,12,118,17,266
4149,102,12,118,17,249
4150,117,16,119,16,268
4152,116,18,115,19,268
4153,116,33,115,17,281
4154,119,15,115,17,266
4155,130,17,118,16,281
4158,119,16,118,16,269
4161,116,31,117,16,280
4162,115,17,117,16,265
4164,118,16,115,17,266
4165,117,33,115,18,283
4166,118,16,115,18,267
4168,116,15,118,14,263
4169,117,33,117,17,284
4170,117,16,117,17,267
4173,115,34,117,17,283
4175,116,31,103,15,265
4177,115,35,116,18,284
4178,117,17,116,18,268
4179,117,33,118,16,284
4180,117,16,118,16,267
4181,117,35,115,17,284
4182,117,17,115,17,266
4183,117,34,114,17,282
4186,116,18,117,17,268
4187,134,16,117,17,284
4188,118,16,117,17,268
4189,132,17,117,18,284
4190,115,17,117,18,267
4191,133,17,116,17,283
4193,117,35,116,17,285
4195,117,33,117,15,282
4196,117,17,117,15,266
4197,118,34,115,15,282
4198,117,18,115,15,265
4199,119,31,117,19,286
4201,115,35,118,14,282
4202,116,17,118,14,265
4203,117,32,116,19,284
4204,117,15,116,19,267
4206,115,15,103,17,250
4207,116,37,117,14,284
4208,117,19,117,14,267
4209,118,31,118,17,284
4212,116,19,115,17,267
4213,118,32,118,16,284
4214,103,32,118,16,269
4216,117,14,118,17,266
4217,114,35,116,17,282
4218,118,17,116,17,268
4220,100,32,118,15,265
4223,115,34,117,16,282
4225,117,33,116,16,282
4226,116,17,116,16,265
4227,118,32,119,16,285
4228,118,15,119,16,268
4229,115,35,115,18,283
4231,134,16,116,18,284
4232,117,16,116,18,267
4233,133,16,118,16,283
4234,116,16,118,16,266
4235,134,16,117,17,284
4236,119,16,117,17,269
4237,116,33,117,15,281
4238,115,18,117,15,265
4239,116,34,115,18,283
4242,118,16,118,15,267
4244,117,17,116,16,266
4245,119,31,118,15,283
4247,133,18,117,16,284
4248,115,18,117,16,266
4249,117,32,117,17,283
4250,118,15,117,17,267
4251,115,34,117,16,282
4253,116,32,118,19,285
4255,135,16,102,15,268
4257,116,33,116,17,282
4259,116,33,116,17,282
4260,117,16,116,17,266
4263,118,32,116,16,282
4264,102,32,116,16,266
4265,118,32,116,17,283
4266,116,17,116,17,266
4268,116,17,117,17,267
4269,116,34,117,16,283
4270,114,17,117,16,264
4271,116,33,117,17,283
4273,117,33,117,17,284
4276,117,17,117,16,267
4277,117,33,116,18,284
4279,133,17,116,16,282
4282,117,17,117,16,267
4283,117,33,117,17,284
4285,116,34,116,17,283
4286,116,18,116,17,267
4287,133,16,118,15,282
4288,116,16,118,15,265
4290,117,16,121,12,266
4291,116,34,116,17,283
4292,117,17,116,17,267
4293,118,33,117,16,284
4296,101,32,117,17,267
4297,115,34,100,18,267
4298,121,12,100,18,251
4300,116,17,118,16,267
4301,117,33,116,17,283
4302,117,16,116,17,266
4305,112,34,116,17,279
4309,117,32,102,14,265
4310,116,17,102,14,249
4312,118,17,116,17,268
4314,116,17,118,17,268
4315,115,35,116,15,281
4317,119,32,99,17,267
4319,116,34,132,16,298
4320,116,17,132,16,281
4321,118,34,114,18,284
4322,118,17,114,18,267
4324,116,15,117,16,264
4326,99,33,119,15,266
4328,132,34,119,15,300
4330,114,18,119,15,266
4331,116,32,102,17,267
4332,117,16,102,17,252
4334,119,15,117,18,269
4336,118,17,116,17,268
4337,119,33,117,15,284
4338,101,33,117,15,266
4340,102,34,131,18,285
4341,117,33,134,17,301
4343,117,33,118,16,284
4344,116,17,118,16,267
4346,117,15,117,17,266
4349,116,36,116,16,284
4350,116,18,116,16,266
4351,118,33,115,17,283
4352,118,16,115,17,266
4353,101,16,115,17,249
4354,117,17,116,17,267
4355,116,36,115,16,283
4356,101,36,115,16,268
4359,115,33,116,17,281
4360,115,17,116,17,265
4361,117,33,118,15,283
4363,134,16,116,16,282
4364,115,16,116,16,263
4365,132,16,119,15,282
4367,116,34,116,18,284
4368,116,17,116,18,267
4369,117,33,118,16,284
4371,115,33,118,15,281
4376,116,18,117,18,269
4377,133,16,117,15,281
4378,118,16,117,15,266
4379,117,32,118,16,283
4381,114,34,134,16,298
4385,118,30,118,16,282
4386,102,30,118,16,266
4387,115,34,117,18,284
4388,118,16,117,18,269
4389,134,17,116,17,284
4390,117,17,116,17,267
4392,114,17,117,17,265
4393,116,33,119,14,282
4394,118,16,119,14,267
4395,116,35,115,17,283
4396,117,18,115,17,267
4397,118,32,116,17,283
4398,116,17,116,17,266
4399,117,34,116,16,283
4402,119,14,118,17,268
4404,115,17,117,16,265
4406,116,17,118,15,266
4408,116,16,117,16,265
4409,114,35,116,16,281
4410,118,17,116,16,267
4411,118,32,119,14,283
4412,117,16,119,14,266
4414,118,15,119,15,267
4419,135,14,118,16,283
4421,115,34,118,17,284
4422,119,15,118,17,269
4423,117,33,102,14,266
4424,118,16,102,14,250
4425,116,34,117,16,283
4427,115,33,117,18,283
4428,118,16,117,18,269
4429,133,17,116,16,282
4431,118,31,117,17,283
4432,102,31,117,17,267
4433,117,34,118,16,285
4434,117,16,118,16,267
4436,117,18,116,17,268
4437,117,32,101,17,267
4438,116,16,101,17,250
4440,117,17,116,18,268
4441,116,34,116,18,284
4442,118,16,116,18,268
4444,116,17,100,16,249
4445,117,34,132,17,300
4446,101,34,132,17,284
4447,119,32,117,17,285
4449,132,18,116,15,281
4450,116,18,116,15,265
4451,117,31,118,17,283
4452,100,31,118,17,266
4454,132,34,115,19,300
4455,118,34,115,19,286
4456,117,17,115,19,268
4457,101,17,115,19,252
4459,133,17,116,16,282
4460,118,17,116,16,267
4461,118,34,132,18,302
4462,118,16,132,18,284
4464,115,19,116,16,266
4466,118,16,118,15,267
4468,116,16,119,16,267
4470,132,34,116,16,298
4471,135,16,116,16,283
4472,116,16,116,16,264
4473,117,32,117,18,284
4474,118,15,117,18,268
4476,119,16,115,17,267
4477,118,31,118,17,284
4478,116,16,118,17,267
4480,116,16,117,18,267
4482,117,18,116,17,268
4483,131,17,101,17,266
4484,115,17,101,17,250
4486,118,17,116,17,268
4489,118,33,117,17,285
4490,116,17,117,17,267
4491,118,32,102,16,268
4493,116,34,116,18,284
4494,116,17,116,18,267
4495,117,33,118,17,285
4496,117,15,118,17,267
4497,134,17,117,18,286
4499,117,33,117,15,282
4500,102,33,117,15,267
4501,118,33,116,17,284
4502,116,18,116,17,267
4503,116,34,116,15,281
4504,118,17,116,15,266
4506,117,18,115,15,265
4507,119,30,117,17,283
4508,117,15,117,17,266
4510,116,17,117,15,265
4511,116,32,118,17,283
4512,116,15,118,17,266
4514,115,15,101,16,247
4515,132,17,116,17,282
4516,117,17,116,17,267
4517,134,15,117,18,284
4518,117,15,117,18,267
4519,115,35,116,17,283
4521,116,34,117,16,283
4523,118,32,116,17,283
4526,117,18,117,15,267
4528,116,17,117,18,268
4530,117,16,116,18,267
4532,116,17,118,15,266
4533,117,33,117,18,285
4534,117,15,117,18,267
4536,117,18,114,18,267
4538,116,18,116,16,266
4539,119,31,118,15,283
4540,118,15,118,15,266
4541,132,18,113,20,283
4542,117,18,113,20,268
4543,117,33,117,16,283
4544,114,18,117,16,265
4545,117,33,117,15,282
4547,116,32,118,17,283
4548,118,15,118,17,268
4549,116,35,115,19,285
4550,113,20,115,19,267
4552,117,16,116,17,266
4555,115,35,117,17,284
4556,118,17,117,17,269
4557,120,34,116,15,285
4559,117,32,117,18,284
4560,101,32,117,18,268
4561,116,34,116,15,281
4565,119,31,118,18,286
4566,116,15,118,18,267
4569,118,30,119,17,284
4572,115,17,116,18,266
4573,133,18,115,16,282
4574,118,18,115,16,267
4576,116,15,117,17,265
4577,116,35,116,16,283
4579,118,33,116,16,283
4580,116,18,116,16,266
4581,133,16,118,17,284
4582,115,16,118,17,266
4583,132,17,117,17,283
4584,117,17,117,17,268
4585,116,33,117,17,283
4586,116,16,117,17,266
4587,117,33,119,15,284
4589,116,35,116,17,284
4590,118,17,116,17,268
4591,118,33,115,16,282
4592,117,17,115,16,265
4593,133,17,116,18,284
4594,117,17,116,18,268
4597,116,34,117,16,283
4600,115,16,121,14,266
4601,115,36,117,16,284
4602,116,18,117,16,267
4603,131,17,119,16,283
4606,117,16,101,16,250
4607,118,33,117,17,285
4608,121,14,117,17,269
4609,117,34,116,16,283
4611,118,34,115,18,285
4612,119,16,115,18,268
4613,117,32,116,17,282
4615,131,17,116,16,280
4617,132,16,118,18,284
4618,116,16,118,18,268
4619,131,18,101,15,265
4621,117,32,117,15,281
4622,116,17,117,15,265
4624,116,16,118,17,267
4627,119,30,118,18,285
4628,116,15,118,18,267
4629,116,33,118,16,283
4633,117,34,117,14,282
4634,114,19,117,14,264
4636,118,18,133,15,284
4637,118,31,117,17,283
4638,118,16,117,17,268
4639,115,36,115,16,282
4640,117,17,115,16,265
4641,119,31,119,16,285
4645,118,32,116,17,283
4646,117,17,116,17,267
4647,115,33,117,18,283
4649,133,16,117,15,281
4650,119,16,117,15,267
4652,116,17,116,16,265
4653,118,32,118,16,284
4655,116,35,115,18,284
4657,133,15,120,15,283
4658,117,15,120,15,267
4660,116,16,118,17,267
4661,117,34,116,17,284
4663,133,18,118,15,284
4664,115,18,118,15,266
4665,116,34,115,16,281
4667,118,33,116,16,283
4669,132,17,116,18,283
4670,116,17,116,18,267
4676,116,16,119,15,266
4677,117,34,119,15,285
4678,116,18,119,15,268
4679,115,34,115,18,282
4682,118,16,118,16,268
4683,135,15,117,15,282
4684,119,15,117,15,266
4685,118,34,116,18,286
4686,119,15,116,18,268
4687,116,33,115,19,283
4688,115,18,115,19,267
4689,134,16,116,18,284
4691,132,15,102,17,266
4694,116,18,114,18,266
4695,119,33,115,16,283
4697,117,33,118,14,282
4700,102,33,116,16,267
4701,117,33,115,19,284
4702,114,18,115,19,266
4705,136,14,117,16,283
4707,115,33,118,18,284
4708,116,16,118,18,268
4709,117,35,116,18,286
4710,115,19,116,18,268
4711,118,32,102,16,268
4712,102,32,102,16,252
4713,131,16,117,16,280
4715,116,36,115,17,284
4716,118,18,115,17,268
4717,120,33,120,14,287
4720,102,32,118,16,268
4721,117,32,117,18,284
4722,117,16,117,18,268
4723,115,35,116,17,283
4725,117,35,116,16,284
4727,118,32,116,16,282
4728,118,16,116,16,266
4729,118,33,116,17,284
4730,117,18,116,17,268
4731,117,33,117,15,282
4732,116,17,117,15,265
4733,130,16,115,19,280
4734,116,16,115,19,266
4736,116,16,116,19,267
4738,116,17,117,17,267
4739,117,32,118,16,283
4741,114,36,115,17,282
4742,115,19,115,17,266
4745,118,33,117,16,284
4746,117,17,117,16,267
4747,133,16,117,14,280
4748,118,16,117,14,265
4749,117,34,118,14,283
4750,115,17,118,14,264
4751,118,33,117,18,286
4752,116,16,117,18,267
4753,116,34,101,15,266
4755,117,30,119,17,283
4756,117,14,119,17,267
4757,114,35,118,16,283
4758,118,14,118,16,266
4759,115,36,116,17,284
4762,101,32,117,16,266
4763,117,33,100,18,268
4765,115,33,117,18,283
4766,101,33,117,18,269
4767,116,35,116,16,283
4768,116,17,116,16,265
4769,118,32,118,14,282
4770,117,16,118,14,265
4772,118,14,118,17,267
4773,101,14,118,17,250
4774,117,18,117,14,266
4775,117,32,117,16,282
4777,116,32,121,14,283
4778,118,14,121,14,267
4779,114,35,116,17,282
4781,117,32,118,17,284
4782,117,14,118,17,266
4783,115,34,116,17,282
4785,135,14,115,18,282
4787,117,33,116,18,284
4788,116,17,116,18,267
4792,116,17,118,17,268
4793,113,34,116,16,279
4795,117,34,118,15,284
4797,134,17,115,17,283
4798,117,17,115,17,266
4799,119,33,115,18,285
4800,118,17,115,18,268
4801,119,31,102,16,268
4802,116,16,102,16,250
4803,116,35,116,17,284
4806,115,17,116,17,265
4808,115,18,116,20,269
4809,118,33,118,15,284
4810,102,33,118,15,268
4811,115,33,118,16,282
4812,116,17,118,16,267
4813,117,33,116,18,284
4814,116,17,116,18,267
4819,102,15,117,16,250
4820,118,16,118,15,267
4821,118,33,117,17,285
4822,116,18,117,17,268
4825,116,32,118,17,283
4826,117,16,118,17,268
4827,115,34,116,20,285
4828,118,15,116,20,269
4831,117,31,118,17,283
4832,116,15,118,17,266
4833,115,36,116,16,283
4834,118,17,116,16,267
4835,116,35,132,16,299
4836,116,20,132,16,284
4837,119,30,118,17,284
4839,116,34,114,20,284
4840,118,17,114,20,269
4842,116,16,101,16,249
4843,117,35,114,17,283
4844,132,33,116,18,299
4845,119,33,116,18,286
4846,118,17,116,18,269
4847,118,33,115,16,282
4849,117,32,117,17,283
4851,102,16,117,17,252
4854,116,18,116,15,265
4855,121,30,119,15,285
4856,115,16,119,15,265
4857,115,35,116,16,282
4858,117,17,116,16,266
4859,118,33,133,16,300
4860,117,17,133,16,283
4861,116,33,116,19,284
4862,116,15,116,19,266
4863,117,33,117,16,283
4864,119,15,117,16,267
4865,116,33,118,16,283
4866,116,16,118,16,266
4870,116,19,117,17,269
4871,117,31,103,14,265
4872,117,16,103,14,250
4874,118,16,118,16,268
4875,118,34,115,17,284
4876,117,17,115,17,266
4877,118,35,131,18,302
4878,117,17,131,18,283
4880,103,31,118,16,268
4881,116,34,116,17,283
4887,117,34,116,18,285
4888,118,16,116,18,268
4889,116,33,117,17,283
4891,118,35,114,17,284
4893,119,31,117,18,285
4894,117,16,117,18,268
4895,115,35,116,16,282
4898,117,17,116,18,268
4901,133,18,116,15,282
4902,117,18,116,15,266
4903,118,32,116,18,284
4904,116,16,116,18,266
4905,133,18,115,17,283
4906,116,18,115,17,266
4907,119,32,117,17,285
4908,117,17,117,17,268
4909,117,32,118,17,284
4910,116,15,118,17,266
4911,115,35,100,16,266
4914,115,17,116,18,266
4915,117,34,116,17,284
4916,117,17,116,17,267
4917,117,33,115,17,282
4918,102,33,115,17,267
4920,116,18,117,17,268
4922,116,18,116,18,268
4924,116,17,116,17,266
4925,117,32,117,17,283
4926,115,17,117,17,266
4927,135,17,115,17,284
4928,117,17,115,17,266
4929,119,33,117,19,288
4930,116,18,117,19,270
4931,118,32,117,15,282
4933,118,33,118,16,285
4934,117,17,118,16,268
4935,132,17,117,17,283
4936,115,17,117,17,266
4937,135,19,112,18,284
4938,117,19,112,18,266
4942,118,16,118,14,266
4943,117,34,116,15,282
4944,117,17,116,15,265
4945,116,33,116,16,281
4946,112,18,116,16,262
4947,117,35,132,16,300
4948,102,35,132,16,285
4950,118,14,118,16,266
4952,116,15,119,15,265
4953,116,34,118,16,284
4954,116,16,118,16,266
4956,132,32,101,16,281
4957,132,16,101,16,265
4958,118,16,101,16,251
4959,116,33,101,15,265
4960,101,33,101,15,250
4961,116,34,117,16,283
4962,118,16,117,16,267
4963,101,16,117,16,250
4964,115,18,117,15,265
4965,117,33,117,15,282
4966,101,33,117,15,266
4968,101,33,116,18,268
4969,116,33,117,15,281
4970,117,16,117,15,265
4971,135,15,119,15,284
4972,117,15,119,15,266
4974,117,15,119,16,267
4978,117,15,103,14,249
4979,134,15,118,16,283
4980,119,15,118,16,268
4981,116,34,116,16,282
4982,119,16,116,16,267
4985,118,33,116,16,283
4986,103,33,116,16,268
4987,116,33,117,17,283
4988,118,16,117,17,268
4989,116,32,102,15,265
4991,116,33,135,17,301
4992,116,15,135,17,283
4995,133,17,115,17,282
4997,118,31,119,16,284
4999,115,35,117,16,283
5000,117,18,117,16,268
5003,115,34,116,16,281
5004,115,17,116,16,264
5006,119,16,117,16,268
5007,118,33,116,16,283
5008,117,16,116,16,265
5010,117,17,118,17,269
5013,133,16,117,15,281
5014,117,16,117,15,265
5015,116,32,119,15,282
5016,116,16,119,15,266
5019,119,33,117,14,283
5020,103,33,117,14,267
5021,117,31,117,19,284
5022,117,15,117,19,268
5023,116,34,116,19,285
5024,119,15,116,19,269
5026,115,17,117,18,267
5027,117,32,119,15,283
5028,117,14,119,15,265
5029,115,36,115,17,283
5030,117,19,115,17,268
5032,102,33,115,17,267
5033,118,34,116,15,283
5034,117,18,116,15,266
5035,133,15,117,18,283
5036,119,15,117,18,269
5037,117,34,116,17,284
5040,115,17,118,17,267
5042,116,15,116,18,265
5044,117,18,115,16,266
5045,118,32,117,17,284
5046,116,17,117,17,267
5047,117,35,116,15,283
5049,117,32,116,17,282
5050,116,18,116,17,267
5052,115,16,118,17,266
5053,116,35,117,15,283
5055,116,32,118,16,282
5057,134,17,116,17,284
5058,116,17,116,17,266
5060,118,17,116,17,268
5061,117,32,101,18,268
5062,117,15,101,18,251
5064,118,16,117,16,267
5065,117,33,117,19,286
5066,116,17,117,19,269
5067,116,34,118,17,285
5068,116,17,118,17,268
5070,101,32,117,17,267
5071,115,34,118,15,282
5072,117,16,118,15,266
5075,119,33,115,15,282
5076,118,17,115,15,265
5077,117,31,118,16,282
5078,117,17,118,16,268
5079,134,15,117,19,285
5080,118,15,117,19,269
5081,116,36,116,17,285
5083,132,15,119,18,284
5084,115,15,119,18,267
5085,116,35,117,17,285
5088,101,35,114,18,268
5090,116,17,114,17,264
5091,118,34,114,18,284
5092,103,34,114,18,269
5093,118,32,115,17,282
5094,117,17,115,17,266
5095,118,33,116,18,285
5096,114,18,116,18,266
5097,116,32,118,16,282
5098,114,17,118,16,265
5100,114,18,116,18,266
5101,117,32,102,18,269
5102,115,17,102,18,252
5103,117,35,134,14,300
5105,119,32,116,18,285
5108,116,18,115,20,269
5109,119,33,116,18,286
5110,102,33,116,18,269
5111,103,15,116,18,252
5113,118,32,117,15,282
5114,116,18,117,15,266
5116,115,20,131,17,283
5117,131,18,116,19,284
5118,116,18,116,19,269
5119,117,33,102,14,266
5124,131,36,129,18,314
5125,134,19,129,18,300
5126,116,19,129,18,282
5127,121,29,118,17,285
5129,115,34,118,15,282
5130,134,34,117,14,299
5133,116,32,119,15,282
5134,114,15,119,15,263
5135,115,35,117,17,284
5136,118,17,117,17,269
5137,115,32,102,16,265
5138,118,15,102,16,251
5139,133,14,120,14,281
5141,114,35,117,18,284
5142,119,15,117,18,269
5143,116,35,117,16,284
5144,117,17,117,16,267
5145,117,33,118,16,284
5146,118,17,118,16,269
5147,117,31,119,17,284
5148,120,14,119,17,270
5149,132,18,116,17,283
5150,117,18,116,17,268
5152,117,16,117,15,265
5154,118,16,115,17,266
5155,117,33,114,17,281
5156,119,17,114,17,267
5158,116,17,117,16,266
5161,114,34,114,21,283
5162,115,17,114,21,267
5164,114,17,118,17,266
5165,115,35,118,16,284
5166,117,16,118,16,267
5167,133,16,119,15,283
5168,118,16,119,15,268
5169,117,35,116,16,284
5170,114,21,116,16,267
5171,120,32,118,17,287
5172,118,17,118,17,270
5175,117,33,117,14,281
5176,119,15,117,14,265
5177,105,15,117,14,251
5179,117,35,115,16,283
5181,133,14,117,19,283
5182,117,14,117,19,267
5183,113,33,119,18,283
5184,117,14,119,18,268
5185,114,36,116,15,281
5187,116,32,119,13,280
5188,115,16,119,13,263
5189,131,19,115,18,283
5190,117,19,115,18,269
5191,133,18,113,18,282
5192,119,18,113,18,268
5193,121,30,119,16,286
5194,116,15,119,16,266
5196,119,13,102,16,250
5197,116,36,132,16,300
5198,115,18,132,16,281
5201,116,34,116,16,282
5202,101,34,116,16,267
5203,115,33,115,17,280
5204,102,33,115,17,267
5205,117,33,118,17,285
5206,132,34,115,18,299
5207,118,34,115,18,285
5208,116,18,115,18,267
5209,116,32,118,17,283
5210,116,16,118,17,267
5211,132,17,118,17,284
5213,115,36,114,18,283
5215,119,32,117,17,285
5216,115,18,117,17,267
5218,118,17,117,14,266
5219,119,33,133,18,303
5220,118,17,133,18,286
5222,114,18,118,15,265
5223,118,34,117,15,284
5225,117,31,120,17,285
5229,118,33,117,17,285
5231,116,33,119,14,282
5232,117,15,119,14,265
5233,115,36,130,19,300
5234,120,17,130,19,286
5235,120,32,117,14,283
5236,117,17,117,14,265
5238,117,17,116,18,268
5239,116,32,120,15,283
5240,119,14,120,15,268
5241,114,33,119,14,280
5243,115,33,117,19,284
5244,117,14,117,19,267
5247,134,15,115,16,280
5248,120,15,115,16,266
5249,117,31,120,14,282
5250,119,14,120,14,267
5252,117,19,114,17,267
5253,118,33,115,16,282
5256,115,16,117,17,265
5257,134,14,117,17,282
5258,120,14,117,17,268
5260,114,17,117,19,267
5261,116,33,103,16,268
5262,115,16,103,16,250
5265,114,34,118,15,281
5266,100,34,118,15,267
5267,134,19,115,16,284
5268,117,19,115,16,267
5269,119,31,119,14,283
5271,117,33,117,17,284
5272,116,17,117,17,267
5273,116,34,116,18,284
5274,118,15,116,18,267
5275,117,33,118,15,283
5276,115,16,118,15,264
5278,119,14,117,17,267
5279,117,34,116,17,284
5282,116,18,114,20,268
5283,117,32,102,16,267
5284,118,15,102,16,251
5286,117,17,116,18,268
5289,132,20,117,14,283
5290,114,20,117,14,265
5293,117,34,116,17,284
5294,116,18,116,17,267
5297,118,33,118,16,285
5298,117,14,118,16,265
5299,115,36,115,17,283
5300,117,18,115,17,267
5301,119,32,118,15,284
5302,101,32,118,15,266
5303,131,17,119,14,281
5305,115,33,117,16,281
5306,118,16,117,16,267
5307,116,34,117,17,284
5308,115,17,117,17,266
5310,118,15,117,17,267
5312,119,14,115,18,266
5313,116,33,117,19,285
5315,116,35,117,15,283
5316,117,17,117,15,266
5317,116,33,116,16,281
5318,117,17,116,16,266
5322,117,19,114,18,268
5323,118,31,117,17,283
5324,117,15,117,17,266
5325,116,33,117,16,282
5326,116,16,117,16,265
5327,118,35,115,17,285
5328,120,15,115,17,267
5329,118,33,117,15,283
5330,114,18,117,15,264
5333,117,32,119,16,284
5335,113,34,116,17,280
5336,115,17,116,17,265
5337,117,33,118,15,283
5338,117,15,118,15,265
5339,116,35,116,18,285
5340,117,17,116,18,268
5341,118,33,121,12,284
5342,119,16,121,12,268
5343,118,32,101,17,268
5346,118,15,118,17,268
5347,115,36,114,18,283
5348,116,18,114,18,266
5349,117,32,117,16,282
5350,121,12,117,16,266
5351,118,35,114,18,285
5353,118,32,115,19,284
5355,117,33,115,19,284
5357,112,33,118,17,280
5358,117,16,118,17,268
5359,116,34,116,18,284
5361,117,34,115,18,284
5362,115,19,115,18,267
5364,115,19,115,17,266
5366,118,17,115,17,267
5367,119,33,115,17,284
5368,116,18,115,17,266
5369,119,33,116,17,285
5371,134,17,117,15,283
5372,115,17,117,15,264
5374,115,17,117,15,264
5375,117,33,117,17,284
5378,116,17,117,16,266
5380,117,15,102,17,251
5382,117,15,118,16,266
5385,117,33,117,17,284
5387,117,32,102,15,266
5388,102,32,102,15,251
5389,115,34,116,17,282
5390,118,16,116,17,267
5393,117,33,117,16,283
5394,117,17,117,16,267
5395,117,33,116,17,283
5397,117,32,119,18,286
5400,115,16,104,15,250
5401,115,35,117,14,281
5402,117,16,117,14,264
5403,118,33,115,19,285
5406,119,18,116,14,267
5407,120,29,101,18,268
5408,104,29,101,18,252
5411,115,36,116,18,285
5412,115,19,116,18,268
5413,134,14,102,15,265
5415,115,35,114,18,282
5416,119,17,114,18,268
5417,117,33,115,17,282
5418,118,18,115,17,268
5419,119,34,115,17,285
5421,131,18,116,17,282
5422,117,18,116,17,268
5425,117,33,118,17,285
5426,115,17,118,17,267
5427,116,34,115,18,283
5428,115,17,115,18,265
5429,117,34,118,15,284
5431,119,33,116,16,284
5432,116,18,116,16,266
5433,135,17,115,18,285
5434,118,17,115,18,268
5435,118,32,116,17,283
5436,115,18,116,17,266
5438,118,15,116,17,266
5440,116,16,117,19,268
5442,115,18,116,18,267
5444,101,32,117,18,268
5447,117,35,116,15,283
5448,117,19,116,15,267
5449,119,33,115,17,284
5450,116,18,115,17,266
5451,119,33,115,18,285
5453,118,33,117,15,283
5454,101,33,117,15,266
5455,118,32,116,19,285
5456,116,15,116,19,266
5457,116,34,116,17,283
5458,115,17,116,17,265
5459,133,18,116,15,282
5460,115,18,116,15,264
5461,117,32,116,19,284
5462,117,15,116,19,267
5464,116,19,116,18,269
5465,118,32,102,15,267
5466,101,32,102,15,250
5467,117,32,117,19,285
5468,116,15,117,19,267
5469,114,36,115,18,283
5470,116,19,115,18,268
5473,119,33,116,17,285
5474,102,33,116,17,268
5476,117,19,116,17,269
5479,117,33,117,17,284
5480,116,16,117,17,266
5481,117,34,116,15,282
5482,116,17,116,15,264
5483,119,33,115,18,285
5486,115,17,116,18,266
5487,133,17,115,16,281
5488,117,17,115,16,265
5489,117,31,117,16,281
5490,116,15,117,16,264
5492,115,18,118,14,265
5493,118,33,117,17,285
5494,116,18,117,17,268
5495,116,32,102,16,266
5497,115,33,118,17,283
5498,117,16,118,17,268
5499,116,34,117,18,285
5500,118,14,117,18,267
5501,117,35,114,18,284
5502,117,17,114,18,266
5504,102,33,115,18,268
5505,118,33,116,17,284
5506,118,17,116,17,268
5508,117,18,115,19,269
5509,117,32,102,15,266
5512,115,18,116,17,266
5513,133,17,117,17,284
5516,115,19,114,18,266
5519,118,33,116,18,285
5521,117,34,117,15,283
5522,117,17,117,15,266
5523,133,18,118,17,286
5524,114,18,118,17,267
5525,117,33,102,14,266
5528,100,34,116,17,267
5531,117,36,114,18,285
5534,116,19,116,15,266
5537,116,31,119,16,282
5538,118,14,119,16,267
5539,113,36,116,18,283
5541,118,32,102,15,267
5543,116,34,116,17,283
5544,117,16,116,17,266
5545,116,33,117,18,284
5546,119,16,117,18,270
5547,117,35,116,17,285
5548,116,18,116,17,267
5549,117,33,100,15,265
5550,102,33,100,15,250
5551,117,32,118,16,283
5553,116,35,115,19,285
5554,117,18,115,19,269
5555,118,33,117,15,283
5556,116,17,117,15,265
5557,118,34,114,17,283
5558,100,34,114,17,265
5561,117,35,115,16,283
5563,118,31,117,18,284
5564,117,15,117,18,267
5565,117,33,118,15,283
5567,115,34,117,16,282
5568,117,16,117,16,266
5569,117,33,119,16,285
5571,115,35,117,15,282
5572,117,18,117,15,267
5573,119,31,117,17,284
5574,118,15,117,17,267
5577,116,35,115,17,283
5578,100,35,115,17,267
5580,117,15,116,19,267
5582,117,17,119,14,267
5584,116,17,119,16,268
5587,131,19,114,17,281
5588,116,19,114,17,266
5589,136,14,118,17,285
5590,119,14,118,17,268
5593,118,31,117,18,284
5594,116,16,117,18,267
5595,116,34,101,18,269
5599,133,16,116,18,283
5600,117,16,116,18,267
5601,118,33,117,17,285
5602,117,18,117,17,269
5604,101,33,116,19,269
5605,116,35,115,17,283
5608,101,33,115,16,265
5610,117,17,117,17,268
5611,131,19,115,17,282
5613,117,32,116,15,280
5614,115,17,116,15,263
5615,117,32,117,17,283
5618,117,17,114,18,266
5620,115,17,117,16,265
5621,133,15,118,18,284
5622,116,15,118,18,267
5623,133,17,119,15,284
5625,115,34,116,18,283
5626,114,18,116,18,266
5629,117,34,116,18,285
5630,118,18,116,18,270
5631,118,33,117,17,285
5632,119,15,117,17,268
5633,118,34,115,19,286
5635,117,31,117,17,282
5637,116,36,115,17,284
5638,116,18,115,17,266
5640,117,17,132,17,283
5641,118,34,115,19,286
5642,115,19,115,19,268
5643,132,17,103,16,268
5644,117,17,103,16,253
5645,116,34,117,15,282
5646,115,17,117,15,264
5648,115,17,119,16,267
5652,103,32,101,16,252
5653,118,31,133,18,300
5654,117,15,133,18,283
5655,116,36,115,18,285
5657,118,34,114,18,284
5658,113,20,114,18,265
5661,115,33,119,16,283
5663,113,36,116,16,281
5664,115,18,116,16,265
5665,119,33,117,17,286
5666,114,18,117,17,266
5667,133,16,117,16,282
5668,119,16,117,16,268
5669,117,33,118,16,284
5671,117,33,116,19,285
5672,116,16,116,19,267
5673,117,35,114,17,283
5675,117,32,117,16,282
5677,116,34,115,19,284
5678,118,16,115,19,268
5679,132,19,116,17,284
5680,116,19,116,17,268
5681,131,17,117,17,282
5682,114,17,117,17,265
5684,117,16,117,18,268
5686,115,19,114,18,266
5687,119,33,116,17,285
5689,119,32,101,16,268
5690,117,17,101,16,251
5691,133,18,116,15,282
5693,133,18,115,20,286
5695,116,34,117,17,284
5697,118,32,118,15,283
5698,101,32,118,15,266
5699,116,33,118,15,282
5700,116,15,118,15,264
5703,118,33,116,16,283
5704,101,33,116,16,266
5705,118,31,117,16,282
5706,118,15,117,16,266
5707,115,33,118,17,283
5708,118,15,118,17,268
5709,117,33,119,15,284
5710,114,16,119,15,264
5712,116,16,118,15,265
5713,132,16,118,16,282
5715,133,17,116,17,283
5716,118,17,116,17,268
5717,118,32,117,19,286
5719,115,34,102,16,267
5721,117,33,134,17,301
5722,118,16,134,17,285
5723,116,34,117,17,284
5724,116,17,117,17,267
5729,116,34,117,16,283
5731,117,34,115,16,282
5732,117,17,115,16,265
5733,118,32,119,16,285
5736,119,16,117,15,267
5737,118,32,117,18,285
5738,117,16,117,18,268
5739,116,32,118,17,283
5741,115,36,115,19,285
5742,119,16,115,19,269
5743,116,32,102,16,266
5744,117,15,102,16,250
5746,117,18,133,15,283
5748,118,17,116,16,267
5751,117,32,117,17,283
5752,102,32,117,17,268
5753,117,34,115,18,284
5755,118,31,118,18,285
5756,116,16,118,18,268
5757,116,35,117,15,283
5758,114,18,117,15,264
5759,116,34,117,15,282
5760,117,17,117,15,266
5763,118,34,98,18,268
5765,119,31,118,17,285
5766,117,15,118,17,267
5767,115,34,116,18,283
5768,117,15,116,18,266
5769,117,33,119,15,284
5770,117,15,119,15,266
5773,100,16,118,15,249
5774,118,17,117,16,268
5778,119,15,101,16,251
5783,118,34,133,15,300
5784,117,17,133,15,282
5785,116,33,115,19,283
5786,101,33,115,19,268
5787,116,33,116,17,282
5788,118,16,116,17,267
5789,134,14,118,15,281
5791,115,35,116,15,281
5792,115,18,116,15,264
5793,117,34,115,17,283
5794,115,19,115,17,266
5795,117,32,117,17,283
5796,116,17,117,17,267
5797,132,15,117,19,283
5798,118,15,117,19,269
5799,116,33,103,15,267
5800,116,15,103,15,249
5801,116,35,116,17,284
5802,115,17,116,17,265
5803,117,34,116,18,285
5804,117,17,116,18,268
5805,117,34,115,18,284
5806,117,19,115,18,269
5807,118,32,118,15,283
5808,103,32,118,15,268
5809,100,17,118,15,250
5811,133,18,116,17,284
5813,119,33,115,18,285
5816,118,15,118,15,266
5817,117,35,117,16,285
5818,118,17,117,16,268
5819,118,33,116,16,283
5820,116,17,116,16,265
5821,118,33,116,17,284
5823,116,32,118,15,281
5824,101,32,118,15,266
5826,117,16,115,18,266
5827,117,32,118,15,282
5828,116,16,118,15,265
5829,117,34,117,17,285
5830,116,17,117,17,267
5831,133,15,118,18,284
5832,118,15,118,18,269
5834,115,18,101,15,249
5835,117,32,118,16,283
5836,101,32,118,16,267
5840,102,34,132,18,286
5842,101,32,118,16,267
5843,116,33,117,16,282
5844,118,16,117,16,267
5845,131,17,119,15,282
5846,114,17,119,15,265
5848,115,17,118,15,265
5849,117,34,116,17,284
5850,118,16,116,17,267
5854,119,15,118,16,268
5856,118,15,118,16,267
5857,115,34,115,18,282
5858,116,17,115,18,266
5859,117,34,116,17,284
5860,117,18,116,17,268
5861,117,32,117,18,284
5862,118,16,117,18,269
5863,115,34,117,15,281
5864,118,16,117,15,266
5865,117,33,115,18,283
5866,115,18,115,18,266
5867,117,34,115,19,285
5868,116,17,115,19,267
5869,117,34,116,16,283
5870,117,18,116,16,267
5871,117,31,118,15,281
5872,117,15,118,15,265
5874,115,18,118,15,266
5875,116,35,116,18,285
5876,115,19,116,18,268
5877,134,16,102,14,266
5880,118,15,118,15,266
5881,117,34,118,15,284
5882,118,15,118,15,266
5883,117,36,113,20,286
5884,116,18,113,20,267
5885,118,31,118,16,283
5886,102,31,118,16,267
5888,118,15,102,16,251
5889,114,34,120,15,283
5890,118,15,120,15,268
5891,115,36,116,16,283
5892,113,20,116,16,265
5893,119,32,117,17,285
5894,118,16,117,17,268
5896,102,32,119,16,269
5897,115,35,116,16,282
5898,120,15,116,16,267
5899,119,33,117,17,286
5900,116,16,117,17,266
5901,116,34,117,14,281
5902,117,17,117,14,265
5903,118,33,116,16,283
5904,119,16,116,16,267
5905,115,32,117,18,282
5906,116,16,117,18,267
5907,115,35,115,18,283
5909,117,31,117,17,282
5910,117,14,117,17,265
5911,114,34,117,18,283
5912,116,16,117,18,267
5914,117,18,117,17,269
5918,117,17,116,18,268
5919,133,18,117,15,283
5920,117,18,117,15,267
5922,117,17,115,16,265
5923,119,32,117,16,284
5924,117,16,117,16,266
5926,116,18,116,17,267
5927,117,33,118,15,283
5928,117,15,118,15,265
5930,115,16,117,16,264
5931,133,16,117,16,282
5935,133,15,117,18,283
5936,118,15,117,18,268
5937,116,33,118,17,284
5938,117,16,118,17,268
5941,117,33,118,16,284
5942,118,15,118,16,267
5945,134,17,117,16,284
5946,118,17,117,16,268
5947,117,33,115,21,286
5948,116,18,115,21,270
5949,116,33,119,15,283
5951,117,34,114,19,284
5952,116,17,114,19,266
5953,134,16,116,18,284
5954,117,16,116,18,267
5956,115,21,114,16,266
5957,135,15,115,16,281
5959,117,33,117,16,283
5960,114,19,117,16,266
5961,116,34,116,16,282
5962,116,18,116,16,266
5963,119,32,118,17,286
5964,114,16,118,17,265
5967,117,35,117,17,286
5970,116,16,117,15,264
5971,116,35,117,17,285
5973,119,32,102,13,266
5974,118,17,102,13,250
5976,117,17,132,17,283
5978,117,15,118,16,266
5979,134,17,113,18,282
5980,117,17,113,18,265
5981,119,31,115,18,283
5982,102,31,115,18,266
5983,116,33,118,18,285
5985,133,16,118,17,284
5986,118,16,118,17,269
5987,114,34,117,16,281
5988,113,18,117,16,264
5989,118,33,117,18,286
5990,115,18,117,18,268
5992,118,18,115,17,268
5993,119,32,117,17,285
5994,118,17,117,17,269
5995,119,32,117,16,284
5996,117,16,117,16,266
5997,135,18,134,15,302
