序号,发送->接收,接收->转发,转发->接收,接收->处理,总计
1,102,32,234,17,385
2,73,32,234,17,356
3,84,15,234,17,350
5,84,17,83,16,200
6,66,17,83,16,182
7,67,33,99,18,217
9,52,16,99,18,185
11,99,33,67,17,216
12,82,33,67,17,199
13,66,33,67,17,183
14,83,35,83,17,218
15,84,17,83,17,201
16,67,17,83,17,184
17,83,17,68,16,184
18,65,17,68,16,166
19,67,34,66,17,184
22,68,17,65,17,167
23,68,32,83,17,200
24,51,32,83,17,183
25,66,33,168,17,284
26,66,16,168,17,267
27,65,35,82,18,200
30,83,33,118,16,250
33,100,33,101,18,252
34,85,33,101,18,237
35,68,33,101,18,220
37,68,33,68,18,187
39,66,33,53,15,167
40,68,16,53,15,152
43,68,33,115,16,232
44,69,15,115,16,215
45,53,15,115,16,199
46,81,33,66,17,197
47,65,33,66,17,181
49,100,31,67,18,216
51,83,16,67,18,184
52,67,16,67,18,168
53,66,35,67,15,183
54,66,18,67,15,166
56,68,15,84,17,184
58,50,35,82,17,184
60,83,33,67,17,200
61,68,33,67,17,185
62,66,17,67,17,167
63,66,33,51,16,166
64,67,17,51,16,151
65,82,18,66,17,183
67,67,33,99,17,216
68,68,16,99,17,200
69,100,33,100,18,251
70,84,33,100,18,235
71,66,33,100,18,217
72,66,16,100,18,200
73,84,15,101,16,216
75,83,16,118,17,234
76,66,16,118,17,217
77,66,34,150,18,268
79,51,16,150,18,235
81,52,16,67,16,151
82,66,17,83,18,184
83,84,17,250,15,366
84,132,18,183,15,348
88,66,18,183,15,282
89,67,33,50,16,166
90,51,33,50,16,150
92,66,18,117,15,216
93,66,33,84,15,198
94,83,34,65,19,201
96,51,34,65,19,169
97,67,33,99,17,216
98,66,17,99,17,199
100,82,35,83,17,217
101,84,16,83,17,200
102,68,16,83,17,184
103,99,35,83,17,234
104,82,35,83,17,217
105,67,35,83,17,202
106,65,18,83,17,183
108,67,17,100,16,200
109,68,32,118,15,233
111,83,17,83,15,198
112,67,17,83,15,182
113,67,33,65,18,183
114,66,17,65,18,166
115,68,32,84,17,201
116,50,32,84,17,183
117,65,33,68,17,183
118,67,15,68,17,167
120,67,17,67,15,166
122,83,34,83,17,217
124,84,32,68,16,200
125,67,32,68,16,183
126,101,15,135,15,266
128,67,15,135,15,232
129,65,35,67,15,182
130,85,32,68,15,200
131,84,16,68,15,183
132,82,35,81,18,216
134,84,33,66,16,199
135,67,33,66,16,182
136,51,33,66,16,166
138,99,18,67,16,200
140,84,33,67,16,200
142,51,33,67,16,167
143,83,17,116,17,233
144,68,17,116,17,218
146,51,33,83,17,184
148,50,33,67,16,166
149,84,16,83,16,199
151,83,17,101,15,216
152,67,17,101,15,200
153,67,34,67,15,183
154,65,18,67,15,165
157,66,35,65,18,184
158,85,33,83,17,218
159,67,33,83,17,200
160,51,33,83,17,184
161,68,32,68,15,183
162,81,34,66,17,198
163,65,34,66,17,182
164,68,16,66,17,167
165,83,17,116,16,232
166,66,17,116,16,215
168,99,18,65,17,199
169,66,35,65,17,183
170,66,18,65,17,166
171,67,33,82,18,200
172,101,16,68,16,201
173,84,16,68,16,184
174,67,16,68,16,167
175,65,35,66,16,182
177,82,18,116,16,232
178,66,18,116,16,216
180,51,33,83,16,183
181,66,33,50,16,165
182,51,33,50,16,150
183,82,17,66,18,183
184,66,17,66,18,167
185,66,33,51,16,166
188,68,15,67,17,167
189,84,16,67,17,184
192,66,16,101,18,201
193,67,34,67,18,186
195,67,33,101,15,216
196,67,16,101,15,199
197,51,16,101,15,183
198,67,17,67,15,166
199,67,33,82,17,199
200,68,15,82,17,182
203,67,33,82,18,200
204,64,18,82,18,182
205,82,17,101,18,218
206,66,17,101,18,202
207,65,34,67,18,184
208,68,16,67,18,169
209,66,34,51,16,167
210,85,33,83,16,217
212,83,34,65,18,200
213,67,34,65,18,184
215,51,16,65,18,150
216,51,32,87,14,184
217,66,33,101,17,217
218,65,16,101,17,199
220,103,14,133,17,267
221,87,14,133,17,251
225,83,16,67,17,183
226,64,16,67,17,164
228,68,17,99,17,201
229,67,33,66,17,183
230,66,17,66,17,166
231,67,33,67,17,184
232,67,16,67,17,167
233,84,15,67,16,182
234,68,15,67,16,166
236,66,17,84,15,182
237,67,33,134,16,250
238,66,16,134,16,232
239,51,16,134,16,217
240,50,34,67,15,166
242,117,33,66,17,233
243,84,17,82,17,200
245,67,33,66,17,183
246,65,18,66,17,166
248,66,16,101,16,199
249,82,17,67,16,182
250,84,33,68,15,200
252,67,16,68,15,166
253,84,17,66,16,183
258,83,35,82,17,217
259,66,35,82,17,200
260,50,35,82,17,184
261,67,32,67,16,182
262,67,17,67,16,167
265,82,17,66,16,181
266,84,33,101,16,234
267,67,33,101,16,217
268,50,33,101,16,200
269,100,34,100,16,250
270,83,34,100,16,233
271,66,34,100,16,216
272,100,18,66,16,200
274,66,18,66,16,166
275,68,33,66,16,183
276,52,33,66,16,167
277,67,33,82,18,200
279,66,33,118,15,232
281,66,34,84,15,199
283,67,33,100,18,218
284,66,18,100,18,202
287,84,15,117,18,234
288,69,15,117,18,219
289,100,34,67,17,218
290,83,34,67,17,201
292,67,16,67,17,167
293,52,16,67,17,152
294,84,34,65,17,200
297,115,17,85,17,234
298,68,15,118,17,218
299,82,17,85,17,201
300,83,35,133,15,266
301,65,35,133,15,248
302,65,18,133,15,231
304,52,33,66,16,167
307,67,32,66,18,183
309,66,34,65,17,182
311,66,32,101,15,214
312,51,32,101,15,199
313,66,33,68,15,182
314,68,15,68,15,166
315,82,18,100,16,216
316,67,18,100,16,201
317,68,33,67,16,184
318,66,17,67,16,166
319,68,34,66,16,184
321,85,15,82,17,199
322,69,15,82,17,183
324,52,33,66,17,168
325,66,34,82,17,199
327,67,32,67,16,182
329,66,33,68,16,183
330,67,16,68,16,167
332,67,17,84,15,183
334,134,15,51,17,217
335,101,32,51,17,201
336,84,32,51,17,184
337,67,32,51,17,167
338,68,15,51,17,151
339,65,35,149,16,265
341,67,33,67,16,183
342,66,17,67,16,166
343,68,33,83,16,200
345,82,18,65,18,183
346,66,18,65,18,167
347,67,34,82,17,200
348,99,16,68,17,200
350,67,16,68,17,168
351,65,34,51,15,165
353,82,17,83,16,198
354,67,17,83,16,183
355,68,32,67,16,183
356,67,15,67,16,165
357,117,16,67,16,216
360,66,16,67,16,165
361,67,34,66,17,184
362,51,34,66,17,168
365,67,33,66,18,184
367,66,33,117,17,233
369,84,15,84,17,200
370,68,15,84,17,184
371,66,34,67,17,184
373,51,16,67,17,151
375,68,33,84,17,202
377,67,34,67,16,184
378,67,17,67,16,167
379,67,33,84,16,200
380,67,17,84,16,184
381,67,34,66,16,183
384,51,32,68,15,166
386,83,34,65,16,198
389,68,33,82,18,201
390,65,18,82,18,183
391,67,32,68,15,182
392,66,17,68,15,166
393,81,18,118,16,233
394,118,33,101,16,268
395,82,18,84,16,200
396,67,18,84,16,185
397,68,33,101,16,218
399,67,32,69,16,184
400,51,32,69,16,168
401,84,16,83,17,200
402,85,34,148,18,285
403,67,34,148,18,267
404,51,34,148,18,251
406,99,17,82,18,216
407,68,32,82,18,200
408,66,17,82,18,183
409,66,32,118,17,233
410,64,18,118,17,217
413,67,33,67,16,183
414,86,33,66,17,202
415,118,17,67,16,218
416,66,17,66,17,166
417,83,17,67,16,183
419,67,32,51,17,167
420,51,32,51,17,151
421,66,35,83,17,201
424,51,33,67,15,166
425,68,32,67,18,185
426,51,32,67,18,168
427,100,32,70,15,217
428,67,17,65,17,166
429,67,32,70,15,184
430,66,17,70,15,168
431,100,37,80,17,234
432,67,15,52,16,150
434,50,37,80,17,184
435,50,20,80,17,167
436,67,16,66,17,166
437,101,33,66,17,217
438,84,33,66,17,200
439,97,34,82,18,231
440,82,34,82,18,216
442,66,17,82,18,183
443,67,32,68,15,182
444,51,32,68,15,166
445,83,16,102,15,216
447,82,18,67,15,182
448,65,18,67,15,165
449,68,34,115,18,235
450,101,17,82,18,218
451,117,18,67,16,218
452,68,17,82,18,185
453,82,18,67,16,183
454,85,32,51,16,184
458,67,18,65,18,168
459,67,32,84,17,200
460,68,16,84,17,185
461,51,16,84,17,168
463,83,16,99,18,216
464,67,16,99,18,200
465,84,17,65,18,184
466,66,17,65,18,166
467,84,17,82,17,200
468,115,35,67,15,232
469,67,32,67,17,183
472,67,17,67,15,166
473,99,35,115,17,266
474,66,17,101,16,200
475,67,35,115,17,234
476,66,18,115,17,216
478,52,32,83,17,184
481,66,34,66,15,181
483,117,17,65,19,218
485,83,17,65,19,184
486,67,17,65,19,168
487,66,33,51,15,165
488,66,18,51,15,150
489,84,15,52,25,176
490,67,15,52,25,159
491,65,34,67,16,182
492,69,15,67,16,167
493,51,15,67,16,149
494,67,25,57,17,166
495,52,25,57,17,151
496,58,24,83,17,182
498,65,17,67,17,166
499,57,34,84,17,192
500,50,34,84,17,185
501,83,17,68,16,184
502,67,17,68,16,168
503,67,34,50,17,168
504,84,34,115,17,250
505,67,34,115,17,233
507,68,33,82,17,200
508,51,33,82,17,183
509,50,17,82,17,166
511,66,33,67,16,182
514,67,17,67,16,167
515,66,34,100,17,217
517,67,33,117,17,234
518,118,33,67,16,234
524,84,34,67,15,200
525,100,32,50,17,199
526,68,17,67,15,167
527,67,32,50,17,166
529,66,35,132,17,250
530,66,18,132,17,233
531,67,32,100,17,216
533,85,15,101,16,217
534,68,15,101,16,200
535,65,35,99,16,215
536,67,18,99,16,200
537,68,32,67,16,183
538,67,15,67,16,165
540,67,17,83,17,184
541,66,33,67,16,182
542,65,17,67,16,165
544,83,34,132,17,266
545,66,34,132,17,249
546,84,34,65,19,202
547,83,18,65,19,185
549,68,33,99,17,217
551,67,32,67,17,183
552,83,33,51,16,183
554,100,17,67,17,201
556,67,17,67,17,168
557,84,16,67,18,185
559,51,16,67,18,152
560,67,17,84,16,184
561,67,33,85,16,201
562,67,16,85,16,184
563,51,16,85,16,168
566,67,16,51,17,151
567,85,16,67,15,183
568,67,16,67,15,165
570,50,34,83,16,183
571,101,32,84,16,233
572,83,32,84,16,215
573,67,32,84,16,199
575,83,16,66,18,183
576,67,16,66,18,167
577,66,33,66,18,183
578,51,33,66,18,168
579,84,16,67,17,184
580,82,33,51,16,182
581,66,33,51,16,166
583,66,34,99,18,217
584,67,16,99,18,200
586,66,16,66,18,166
588,65,18,65,17,165
589,84,15,68,17,184
592,50,33,68,19,170
593,65,35,117,17,234
594,83,33,84,17,217
595,68,33,84,17,202
597,68,34,67,15,184
598,70,15,67,15,167
599,52,15,67,15,149
600,65,17,67,17,166
601,84,17,65,17,183
602,65,17,65,17,164
603,99,33,85,15,232
604,52,32,100,18,202
606,66,16,85,15,182
607,65,34,51,15,165
608,50,34,51,15,150
609,67,33,66,17,183
613,468,32,67,16,583
615,66,34,67,17,184
616,65,17,67,17,166
617,84,18,65,17,184
618,66,18,65,17,166
621,67,33,50,18,168
624,67,16,67,17,167
625,66,35,98,18,217
626,66,18,98,18,200
627,50,18,98,18,184
628,51,32,66,18,167
629,67,34,83,18,202
630,67,17,83,18,185
631,66,32,85,16,199
633,66,34,51,16,167
634,67,16,51,16,150
637,69,32,67,16,184
638,51,32,67,16,166
640,117,34,65,18,234
641,99,34,65,18,216
643,67,34,65,18,184
644,51,34,65,18,168
645,68,31,118,17,234
648,67,16,84,17,184
650,67,17,66,17,167
651,52,17,66,17,152
654,66,17,83,16,182
655,66,33,66,16,181
656,50,33,66,16,165
657,101,33,85,15,234
659,99,35,65,16,215
660,82,35,65,16,198
661,66,35,65,16,182
662,66,19,65,16,166
663,101,32,85,15,233
664,67,17,99,18,201
666,69,15,85,15,184
667,115,17,83,17,232
668,65,18,116,17,216
669,82,17,83,17,199
670,82,33,118,17,250
671,85,15,118,17,235
672,84,34,84,17,219
673,51,15,118,17,201
674,50,34,84,17,185
675,67,33,68,16,184
676,65,17,68,16,166
677,166,35,83,17,301
678,50,34,65,17,166
679,67,34,81,16,198
680,68,17,81,16,182
681,68,31,66,18,183
684,65,18,83,17,183
685,97,35,67,17,216
686,65,16,52,17,150
687,101,34,65,17,217
688,67,17,67,17,168
694,67,15,68,17,167
695,65,35,83,17,200
696,66,18,83,17,184
697,100,32,167,18,317
698,83,32,167,18,300
700,101,17,66,16,200
701,65,35,66,16,182
703,67,33,83,16,199
704,50,33,83,16,182
705,68,33,66,18,185
706,50,33,66,18,167
707,66,34,83,17,200
711,101,33,82,18,234
712,50,35,67,15,167
713,67,33,82,18,200
714,67,17,82,18,184
715,68,34,66,17,185
716,66,18,66,17,167
717,67,33,82,17,199
718,51,33,82,17,183
720,66,18,100,17,201
721,66,33,150,17,266
722,51,33,150,17,251
723,82,17,51,16,166
725,66,34,100,16,216
726,66,17,100,16,199
728,51,33,67,16,167
729,51,16,67,16,150
730,67,15,51,17,150
731,83,17,67,15,182
732,165,18,83,17,283
733,67,33,84,17,201
736,99,18,83,17,217
737,67,33,83,17,200
738,66,18,83,17,184
740,68,17,66,16,167
743,165,35,84,15,299
744,83,33,84,16,216
745,66,33,84,16,199
747,68,32,119,15,234
748,67,15,119,15,216
749,65,35,84,15,199
750,101,16,66,18,201
751,67,33,66,18,184
752,67,16,66,18,167
753,68,32,102,15,217
754,51,32,102,15,200
755,65,34,68,15,182
756,67,15,68,15,165
758,68,15,68,17,168
759,52,15,68,17,152
760,83,33,66,18,200
762,100,15,52,16,183
763,68,32,52,16,168
764,99,17,66,17,199
765,65,34,66,17,182
767,66,34,98,17,215
771,66,34,166,17,283
772,65,17,166,17,265
773,66,32,52,17,167
774,100,18,66,17,201
775,51,15,52,17,135
776,66,18,66,17,167
777,84,17,65,17,183
778,67,17,65,17,166
779,101,33,67,18,219
780,52,32,83,17,184
781,99,33,135,17,284
782,66,16,67,18,167
783,98,34,66,17,215
785,66,34,66,17,183
786,66,17,66,17,166
787,67,35,66,17,185
788,68,17,66,17,168
790,100,18,82,17,217
791,66,35,82,17,200
792,65,18,82,17,182
793,66,32,67,17,182
794,51,32,67,17,167
795,52,15,67,17,151
797,65,34,67,17,183
798,99,18,65,17,199
799,67,35,65,17,184
801,51,18,65,17,151
802,67,17,67,17,168
804,67,16,51,16,150
805,65,34,101,15,215
806,67,17,101,15,200
809,168,31,52,16,267
810,118,33,65,18,234
811,66,35,83,15,199
812,84,33,65,18,200
813,68,33,65,18,184
815,68,31,52,16,167
816,51,31,52,16,150
817,64,34,67,18,183
818,301,16,153,13,483
819,65,34,51,15,165
820,49,34,51,15,149
822,82,33,67,18,200
823,167,33,101,17,318
824,67,15,67,18,167
825,51,15,67,18,151
826,100,16,67,18,201
828,66,16,67,18,167
829,85,15,101,17,218
831,51,15,101,17,184
832,67,16,153,13,249
833,67,34,82,18,201
834,165,18,68,16,267
835,101,32,54,13,200
836,83,32,54,13,182
837,67,32,54,13,166
838,66,15,54,13,148
839,168,31,117,18,334
842,69,13,52,15,149
844,50,36,148,18,252
847,52,15,117,18,202
848,82,35,67,16,200
849,99,33,99,17,248
850,83,33,99,17,232
851,68,33,99,17,217
852,65,18,99,17,199
853,68,34,65,17,184
855,67,33,115,18,233
856,52,33,115,18,218
857,67,32,83,18,200
858,51,32,83,18,184
859,65,35,66,17,183
860,66,18,66,17,167
862,98,18,65,18,199
863,67,34,65,18,184
864,66,18,65,18,167
866,83,32,68,16,199
867,167,32,68,16,283
868,66,17,68,16,167
869,165,35,134,15,349
871,100,32,68,16,216
872,167,18,82,19,286
875,66,35,134,15,250
876,284,33,100,17,434
877,67,33,82,19,201
879,68,33,117,17,235
881,100,34,117,16,267
882,51,34,100,16,201
883,67,34,117,16,234
886,51,33,66,18,168
889,66,33,100,17,216
890,51,33,100,17,201
893,51,16,66,17,150
894,51,32,83,17,183
895,84,16,66,18,184
897,66,34,65,17,182
901,66,33,51,17,167
902,99,18,67,15,199
903,65,35,67,15,182
904,67,18,67,15,167
906,66,17,99,17,199
907,102,33,83,17,235
908,51,34,65,17,167
911,99,34,100,17,250
912,99,17,100,17,233
913,65,34,100,17,216
914,67,17,100,17,201
915,83,17,66,17,183
917,167,34,83,17,301
918,51,32,101,16,200
919,66,34,67,16,183
920,66,17,67,16,166
922,51,33,50,16,150
924,67,17,83,17,184
925,167,34,83,17,301
926,50,32,68,15,165
928,67,16,68,17,168
929,100,34,83,17,234
930,67,17,66,16,166
931,68,34,83,17,202
935,66,33,134,16,249
936,51,33,134,16,234
937,83,17,81,18,199
938,83,33,100,17,233
939,68,33,100,17,218
942,65,18,84,15,182
943,99,34,83,17,233
946,51,34,83,17,185
948,52,32,134,17,235
949,51,15,134,17,217
950,68,15,68,17,168
951,65,35,66,17,183
953,68,33,68,15,184
954,65,18,68,15,166
956,83,35,65,17,200
957,101,32,83,18,234
958,51,35,65,17,168
960,51,32,83,18,184
962,68,15,68,16,167
963,98,35,82,17,232
964,100,18,82,17,217
965,66,35,82,17,200
967,68,33,66,16,183
969,68,32,100,17,217
970,51,32,100,17,200
975,100,34,84,16,234
976,100,17,84,16,217
977,83,17,84,16,200
978,67,17,84,16,184
979,85,16,51,16,168
982,167,18,98,17,300
983,66,34,68,14,182
986,101,18,98,17,234
987,67,35,98,17,217
988,66,18,98,17,199
989,166,35,66,15,282
991,101,32,68,16,217
993,81,17,68,16,182
995,66,35,66,15,182
997,67,33,114,18,232
999,68,33,81,18,200
1000,51,33,81,18,183
1001,165,33,68,17,283
1002,51,32,67,18,168
1003,65,35,65,23,188
1004,66,18,65,23,172
1005,67,32,56,15,170
1006,102,15,68,17,202
1007,67,33,68,17,185
1008,68,15,68,17,168
1009,65,38,81,17,201
1011,56,15,81,17,169
1012,53,30,133,18,234
1013,102,34,65,18,219
1014,113,33,100,17,263
1017,101,32,68,17,218
1018,51,33,100,17,201
1019,67,32,68,17,184
1020,66,16,68,17,167
1021,65,34,84,16,199
1025,68,32,51,18,169
1026,67,15,51,18,151
1030,66,18,66,17,167
1031,51,18,66,17,152
1033,68,33,50,17,168
1034,101,16,67,15,199
1035,66,33,67,15,181
1036,67,16,67,15,165
1038,67,17,83,17,184
1039,100,34,66,17,217
1040,98,19,66,17,200
1042,65,19,66,17,167
1044,67,17,65,18,167
1046,85,32,85,15,217
1047,66,32,85,15,198
1048,50,32,85,15,182
1051,66,34,99,16,215
1052,65,18,99,16,198
1054,67,15,67,16,165
1055,101,32,67,17,217
1056,68,17,83,16,184
1057,67,32,67,17,183
1058,82,34,83,17,216
1059,169,32,84,15,300
1060,65,18,83,17,183
1061,66,33,67,14,180
1062,66,16,67,14,163
1063,67,35,66,16,184
1065,68,32,84,15,199
1066,97,20,65,19,201
1067,67,34,65,19,185
1069,66,32,52,15,165
1070,51,32,52,15,150
1071,50,16,52,15,133
1072,70,15,102,17,204
1073,65,34,85,15,199
1074,83,33,52,15,183
1075,100,35,132,17,284
1076,49,33,52,15,149
1077,102,32,85,15,234
1081,52,15,85,15,167
1082,167,18,114,17,316
1083,67,33,67,15,182
1084,65,18,67,15,165
1086,68,15,67,17,167
1087,65,35,114,17,231
1088,85,32,82,17,216
1089,67,32,82,17,198
1090,50,32,82,17,181
1095,68,31,69,15,183
1096,65,17,69,15,166
1097,67,34,50,18,169
1098,66,17,50,18,151
1100,68,18,83,15,184
1101,84,18,216,18,336
1102,85,32,67,17,201
1103,118,15,51,16,200
1105,83,15,51,16,165
1106,68,15,51,16,150
1109,67,33,67,17,184
1111,51,16,67,17,151
1112,83,33,68,15,199
1113,168,33,117,16,334
1114,66,17,68,15,166
1117,166,35,114,19,334
1118,100,18,117,16,251
1119,518,15,100,18,651
1120,66,18,117,16,217
1121,66,32,149,19,266
1122,65,17,149,19,250
1124,67,18,114,19,218
1125,67,32,82,19,200
1126,166,19,98,18,301
1129,66,33,65,18,182
1131,67,34,98,18,217
1132,83,31,102,16,232
1133,67,31,102,16,216
1134,52,31,102,16,201
1135,65,36,66,16,183
1136,50,36,66,16,168
1137,67,31,101,18,217
1138,66,16,101,18,201
1140,67,17,99,18,201
1141,66,34,83,17,200
1143,101,33,100,18,252
1144,51,32,133,18,234
1147,65,35,65,18,183
1148,68,17,65,18,168
1150,50,31,52,15,148
1151,66,34,68,15,183
1155,52,15,117,16,200
1156,50,35,82,16,183
1159,67,35,99,16,217
1160,66,18,99,16,199
1161,82,16,68,16,182
1162,67,16,68,16,167
1163,66,36,66,15,183
1166,67,17,83,17,184
1167,68,34,66,17,185
1168,51,34,66,17,168
1169,98,34,67,17,216
1170,51,32,118,15,216
1172,151,32,117,18,318
1173,66,32,52,15,165
1175,51,15,52,15,133
1176,84,32,117,18,251
1177,67,32,117,18,234
1178,117,33,134,15,299
1180,166,18,67,15,266
1182,66,17,134,15,232
1183,68,33,101,15,217
1186,66,18,67,15,166
1188,66,16,83,18,183
1189,66,35,66,15,182
1192,51,33,82,18,184
1193,101,32,68,17,218
1194,65,18,67,15,165
1196,118,33,100,18,269
1197,82,18,115,18,233
1198,85,33,100,18,236
1199,67,33,100,18,218
1200,301,19,81,17,418
1202,51,34,66,18,169
1204,67,17,52,15,151
1206,65,18,65,19,167
1207,66,33,65,18,182
1210,68,15,85,16,184
1212,66,14,118,17,215
1213,51,14,118,17,200
1214,66,19,81,17,183
1216,100,15,52,15,182
1218,117,33,82,18,250
1219,64,34,67,15,180
1220,533,17,65,18,633
1221,67,33,82,18,200
1222,67,15,82,18,182
1224,50,34,66,16,166
1225,67,33,68,14,182
1226,97,18,68,16,199
1227,168,33,82,17,300
1228,64,18,68,16,166
1229,66,35,81,18,200
1230,51,35,81,18,185
1233,68,33,82,17,200
1234,52,33,82,17,184
1236,67,18,66,17,168
1237,165,33,68,16,282
1238,67,17,65,18,167
1239,67,32,66,15,180
1241,66,33,101,16,216
1243,65,33,68,16,182
1245,300,34,66,17,417
1246,64,20,83,15,182
1247,84,17,65,18,184
1249,101,32,84,17,234
1250,53,33,183,16,285
1251,66,32,84,17,199
1254,67,16,117,16,216
1255,66,34,83,16,199
1256,83,33,66,18,200
1258,83,34,66,17,200
1260,51,34,66,17,168
1261,83,16,134,16,249
1263,66,34,83,17,200
1264,67,16,83,17,183
1266,67,16,67,16,166
1267,51,16,67,16,150
1269,68,32,67,17,184
1270,66,17,67,17,167
1273,65,34,67,16,182
1274,67,17,67,16,167
1275,67,33,50,18,168
1276,51,33,50,18,152
1277,51,16,50,18,135
1278,84,34,65,16,199
1279,67,34,65,16,182
1280,50,34,65,16,165
1282,51,33,65,17,166
1283,99,33,83,17,232
1284,66,17,68,15,166
1286,50,33,83,17,183
1289,68,33,83,15,199
1293,65,33,51,17,166
1294,116,35,115,18,284
1295,98,35,115,18,266
1296,484,34,83,16,617
1297,84,17,115,18,234
1298,66,17,115,18,216
1299,51,17,115,18,201
1301,67,35,66,18,186
1303,67,33,51,16,167
1305,68,33,67,17,185
1307,66,34,65,17,182
1308,84,33,83,17,217
1310,52,33,83,17,185
1313,65,34,67,17,183
1314,67,17,67,17,168
1315,83,17,66,17,183
1316,66,17,66,17,166
1317,168,32,102,16,318
1321,66,34,83,16,199
1322,67,17,83,16,183
1323,150,16,51,16,233
1324,288,28,66,17,399
1325,50,16,102,16,184
1327,83,16,51,16,166
1328,67,16,51,16,150
1329,51,16,51,16,134
1331,69,32,72,13,186
1332,67,16,72,13,168
1333,51,16,72,13,152
1334,50,34,83,16,183
1335,165,33,69,15,282
1336,66,22,61,18,167
1337,72,28,66,17,183
1338,100,16,102,15,233
1339,66,33,102,15,216
1340,67,16,102,15,200
1343,185,16,66,17,284
1344,66,17,101,16,200
1345,67,35,66,16,184
1346,66,18,66,16,166
1348,52,33,99,17,201
1349,85,16,66,17,184
1350,68,16,66,17,167
1351,165,34,67,17,283
1352,67,16,134,16,233
1353,65,34,83,17,199
1356,50,33,67,16,166
1357,101,33,51,16,201
1358,168,16,67,16,267
1359,67,33,51,16,167
1360,66,17,51,16,150
1361,67,34,83,17,201
1363,84,16,67,16,183
1364,68,16,67,16,167
1365,167,32,51,18,268
1366,118,33,67,16,234
1369,100,32,51,18,201
1370,52,33,67,16,168
1371,68,32,51,18,169
1372,65,17,51,18,151
1373,65,35,99,17,216
1375,67,34,132,17,250
1376,285,32,68,16,401
1379,67,32,67,17,183
1380,100,16,66,18,200
1381,65,33,66,18,182
1382,66,16,66,18,166
1384,67,17,67,17,168
1385,99,35,82,18,234
1386,50,32,52,15,149
1387,66,35,82,18,201
1388,67,17,82,18,184
1389,84,15,68,16,183
1390,100,16,50,17,183
1391,52,15,68,16,151
1392,99,18,66,17,200
1394,65,18,66,17,166
1395,50,18,66,17,151
1396,66,17,83,17,183
1397,50,17,83,17,167
1398,67,17,67,16,167
1400,67,17,133,17,234
1402,67,17,117,17,218
1404,50,33,67,17,167
1405,83,17,117,15,232
1406,67,17,117,15,216
1407,84,16,84,15,199
1409,84,17,65,17,183
1413,66,33,52,16,167
1414,67,15,52,16,150
1416,66,18,66,17,167
1417,68,33,83,18,202
1419,101,34,100,16,251
1420,51,33,117,17,218
1422,66,17,100,16,199
1423,67,34,66,16,183
1425,68,33,66,17,184
1426,51,33,66,17,167
1427,67,33,83,16,199
1430,101,16,99,19,235
1431,66,33,99,19,217
1434,67,16,66,19,168
1435,100,32,68,15,215
1436,66,17,67,16,166
1437,67,32,68,15,182
1438,82,35,117,15,249
1439,66,35,117,15,233
1440,100,17,84,15,216
1441,67,33,84,15,199
1442,67,17,84,15,183
1443,51,17,84,15,167
1446,67,16,67,16,166
1447,66,33,68,17,184
1448,69,15,68,17,169
1449,65,34,66,17,182
1451,67,34,133,17,251
1453,68,32,67,17,184
1456,67,17,67,17,168
1457,66,33,51,16,166
1458,67,15,51,16,149
1459,52,15,51,16,134
1460,67,17,66,17,167
1461,67,33,67,17,184
1462,66,16,67,17,166
1463,51,16,67,17,151
1465,66,34,83,16,199
1466,66,17,83,16,182
1467,84,16,66,18,184
1469,100,33,67,16,216
1471,99,34,84,17,234
1472,82,34,84,17,217
1476,67,16,51,17,151
1477,51,16,51,17,135
1479,66,35,65,17,183
1480,67,17,65,17,166
1481,51,17,65,17,150
1482,52,33,67,16,168
1483,68,32,51,16,167
1484,67,15,51,16,149
1486,67,18,83,15,183
1487,67,32,51,15,165
1488,66,16,51,15,148
1491,65,33,118,16,232
1492,67,15,118,16,216
1494,83,32,51,16,182
1495,68,32,51,16,167
1496,65,17,51,16,149
1498,66,22,128,17,233
1500,56,28,68,16,168
1501,51,16,68,16,151
1502,118,32,67,17,234
1504,84,32,67,17,200
1505,68,32,67,17,184
1508,116,32,68,17,233
1509,82,17,82,18,199
1510,83,32,68,17,200
1511,67,32,68,17,184
1512,50,32,68,17,167
1513,51,15,68,17,151
1514,67,18,49,16,150
1515,100,33,69,15,217
1516,65,18,78,24,185
1518,83,45,90,18,236
1519,49,16,69,15,149
1520,51,45,90,18,204
1521,78,24,66,18,186
1522,61,24,66,18,169
1525,57,33,84,17,191
1526,84,34,117,15,250
1527,66,34,117,15,232
1528,152,32,67,16,267
1529,101,33,99,16,249
1531,68,33,99,16,216
1532,66,17,99,16,198
1533,299,34,66,17,416
1535,65,33,184,17,299
1536,67,15,184,17,283
1538,50,34,67,18,169
1540,65,18,116,17,216
1541,68,33,100,16,217
1542,66,17,100,16,199
1543,67,33,67,16,183
1544,69,15,67,16,167
1545,99,34,66,17,216
1546,50,33,67,18,168
1547,66,34,66,17,183
1548,82,33,83,17,215
1549,67,33,83,17,200
1550,51,33,83,17,184
1552,68,15,67,16,166
1553,51,15,67,16,149
1554,67,19,64,16,166
1556,65,17,67,17,166
1557,67,33,68,16,184
1558,50,33,68,16,167
1559,64,34,50,17,165
1560,66,18,50,17,151
1561,67,34,82,16,199
1562,68,17,82,16,183
1564,68,17,133,18,236
1565,50,17,133,18,218
1567,66,32,68,18,184
1569,65,35,51,15,166
1570,67,17,51,15,150
1573,68,33,66,18,185
1574,83,34,66,17,200
1575,117,15,100,18,250
1576,50,34,66,17,167
1577,84,15,100,18,217
1578,66,15,100,18,199
1580,100,17,82,17,216
1581,83,17,82,17,199
1583,100,34,67,17,218
1586,67,16,67,17,167
1587,66,33,68,15,182
1588,64,17,68,15,164
1589,67,34,101,15,217
1590,184,32,150,17,383
1591,67,34,67,15,183
1592,68,17,67,15,167
1593,51,17,67,15,150
1594,52,32,101,16,201
1595,66,35,66,16,183
1596,84,32,150,17,283
1598,52,32,150,17,251
1599,101,34,82,17,234
1600,67,17,116,17,217
1602,67,18,82,17,184
1604,51,32,67,16,166
1607,65,34,66,17,182
1608,100,18,67,16,201
1609,67,34,67,16,184
1610,67,18,67,16,168
1611,50,18,67,16,151
1614,50,35,67,16,168
1616,103,18,65,18,204
1619,67,32,51,15,165
1621,51,16,51,15,133
1623,83,15,85,15,198
1624,67,15,85,15,182
1625,51,15,85,15,166
1626,83,34,65,19,201
1627,67,34,65,19,185
1629,50,18,65,19,152
1630,67,15,52,15,149
1632,67,16,67,17,167
1633,65,34,84,16,199
1634,67,15,84,16,182
1635,52,15,84,16,167
1636,100,18,83,17,218
1641,51,16,150,17,234
1642,101,17,66,16,200
1643,66,34,66,16,182
1644,84,32,67,17,200
1645,100,34,150,15,299
1646,99,17,150,15,281
1647,66,34,150,15,265
1648,99,17,66,17,199
1651,50,17,66,17,150
1652,67,16,67,17,167
1653,99,34,84,17,234
1654,66,17,118,17,218
1655,66,34,84,17,201
1657,67,32,117,17,233
1658,51,32,117,17,217
1659,51,15,117,17,200
1660,83,35,99,16,233
1661,66,35,99,16,216
1662,67,17,99,16,199
1664,51,31,68,16,166
1665,66,34,117,17,234
1667,65,34,100,16,215
1668,99,17,67,16,199
1670,100,19,81,17,217
1671,67,35,81,17,200
1672,67,19,81,17,184
1674,67,17,99,18,201
1675,50,17,99,18,184
1676,100,17,84,17,218
1677,66,32,84,17,199
1679,66,33,68,17,184
1680,68,15,68,17,168
1681,65,34,51,16,166
1682,151,33,67,16,267
1683,51,16,51,16,134
1684,66,17,66,17,166
1685,68,33,67,16,184
1686,67,16,67,16,166
1689,66,34,82,17,199
1691,67,33,66,16,182
1693,67,34,85,15,201
1694,66,18,85,15,184
1695,67,32,68,16,183
1696,66,17,68,16,167
1697,66,34,67,16,183
1698,66,18,67,16,167
1700,70,15,82,18,185
1701,101,34,82,17,234
1702,52,33,67,16,168
1703,67,34,82,17,200
1705,100,32,51,16,199
1707,67,32,51,16,166
1708,67,16,51,16,150
1709,82,17,67,17,183
1710,101,16,67,16,200
1711,66,33,67,16,182
1712,67,16,67,16,166
1713,51,16,67,16,150
1714,50,34,83,17,184
1715,67,33,100,16,216
1716,83,33,101,15,232
1718,50,33,101,15,199
1721,67,33,84,15,199
1722,51,33,84,15,183
1724,66,18,83,17,184
1727,67,32,68,15,182
1728,68,15,68,15,166
1729,65,35,66,17,183
1731,100,33,84,15,232
1732,66,17,67,16,166
1733,68,33,84,15,200
1734,65,18,84,15,182
1735,66,34,65,18,183
1736,67,17,65,18,167
1737,100,32,68,15,215
1738,52,33,83,17,185
1739,67,32,68,15,182
1740,67,15,68,15,165
1741,65,35,66,17,183
1742,167,15,52,15,249
1743,83,17,82,18,200
1744,66,17,82,18,183
1746,65,18,67,17,167
1748,67,15,52,15,149
1749,50,15,52,15,132
1751,67,32,68,17,184
1752,67,15,68,17,167
1753,52,15,68,17,152
1754,50,35,69,13,167
1756,66,17,66,17,166
1757,104,30,67,16,217
1758,67,19,80,17,183
1759,69,30,67,16,182
1760,166,18,50,16,250
1761,66,34,67,15,182
1764,67,17,67,17,168
1765,67,34,50,16,167
1766,66,18,50,16,150
1767,67,33,83,17,200
1768,66,18,83,17,184
1770,51,33,84,16,184
1771,116,17,67,17,217
1772,51,33,51,16,151
1774,66,17,67,17,167
1776,50,33,116,17,216
1777,51,16,116,17,200
1778,84,33,115,17,249
1779,84,16,115,17,232
1780,67,16,115,17,215
1781,51,16,115,17,199
1782,66,18,134,17,235
1783,82,17,101,17,217
1785,66,34,67,17,184
1788,66,17,52,15,150
1789,168,32,68,15,283
1790,64,20,84,15,183
1791,67,32,150,18,267
1794,52,35,82,18,187
1795,67,32,68,15,182
1796,67,15,68,15,165
1797,150,18,65,18,251
1798,50,33,50,18,151
1799,65,35,98,18,216
1800,65,18,98,18,199
1803,300,34,66,17,417
1804,51,32,84,15,182
1805,83,15,66,18,182
1807,65,33,51,18,167
1808,152,32,67,16,267
1810,81,36,82,17,216
1811,66,36,82,17,201
1812,66,18,82,17,183
1813,51,18,82,17,168
1814,51,32,67,16,166
1817,99,35,65,16,215
1819,167,34,66,16,283
1821,50,19,65,16,150
1822,167,16,101,17,301
1823,66,34,84,16,200
1825,81,18,66,16,181
1826,99,16,101,17,233
1827,50,18,66,16,150
1828,67,16,101,17,201
1829,66,34,67,17,184
1833,67,34,67,17,185
1834,66,17,67,17,167
1835,84,16,83,18,201
1837,101,32,51,17,201
1839,150,17,82,17,266
1840,67,15,51,17,150
1842,85,33,82,17,217
1845,51,17,82,17,167
1846,66,18,66,18,168
1847,98,34,67,17,216
1848,65,17,101,17,200
1849,65,34,67,17,183
1850,67,17,67,17,168
1851,66,35,65,17,183
1852,51,35,65,17,168
1853,52,17,65,17,151
1854,52,32,116,17,217
1857,49,16,83,17,165
1858,66,17,66,18,167
1860,83,33,67,17,200
1861,67,33,67,17,184
1862,66,17,67,17,167
1863,99,34,82,19,234
1864,117,33,68,15,233
1866,84,33,68,15,200
1867,84,16,68,15,183
1868,66,16,68,15,165
1869,101,34,66,16,217
1870,67,17,83,17,184
1873,68,31,51,18,168
1874,51,31,51,18,151
1876,85,34,64,19,202
1877,66,34,64,19,183
1878,51,34,64,19,168
1879,51,18,64,19,152
1880,100,15,101,17,233
1881,66,32,101,17,216
1882,67,15,101,17,200
1883,64,35,101,15,215
1885,51,16,101,15,183
1886,116,35,82,17,250
1887,69,32,50,17,168
1888,82,35,82,17,216
1891,82,17,67,17,183
1893,50,17,67,17,151
1894,67,16,68,16,167
1897,84,17,67,15,183
1898,166,17,67,17,267
1899,51,17,67,15,150
1900,100,18,82,17,217
1901,101,32,67,17,217
1902,66,18,82,17,183
1903,67,32,67,17,183
1904,99,18,65,18,200
1905,49,17,67,17,150
1906,66,18,65,18,167
1907,99,32,70,15,216
1911,65,35,82,17,199
1912,67,17,82,17,183
1913,67,35,64,18,184
1914,50,35,64,18,167
1915,70,31,66,18,185
1916,52,31,66,18,167
1919,64,33,135,15,247
1922,68,16,83,18,185
1923,51,16,83,18,168
1924,83,32,67,18,200
1925,68,32,67,18,185
1926,65,17,67,18,167
1927,66,35,50,17,168
1928,65,18,50,17,150
1929,67,32,117,18,234
1930,52,32,117,18,219
1932,68,17,100,16,201
1935,101,34,66,16,217
1936,83,34,66,16,199
1939,68,32,117,17,234
1940,51,32,117,17,217
1942,167,17,66,16,266
1943,66,32,68,15,181
1944,66,16,68,15,165
1946,65,19,84,16,184
1947,66,34,66,16,182
1948,84,32,67,17,200
1951,84,16,67,16,183
1954,51,33,83,18,185
1955,67,34,67,16,184
1956,66,17,67,16,166
1957,101,33,67,15,216
1958,51,34,82,18,185
1959,101,33,67,17,218
1960,66,18,67,15,166
1961,116,18,50,17,201
1963,82,18,50,17,167
1964,67,18,50,17,152
1966,51,33,82,18,184
1967,67,34,83,15,199
1968,68,17,83,15,183
1969,50,17,83,15,165
1973,66,32,68,16,182
1976,68,16,84,17,185
1978,65,18,67,16,166
1979,101,34,67,15,217
1980,50,33,83,18,184
1982,85,33,99,17,234
1983,67,33,99,17,216
1984,100,18,115,17,250
1985,101,33,99,18,251
1987,67,33,99,18,217
1989,67,32,117,16,232
1991,65,35,82,16,198
1992,67,18,82,16,183
1993,99,33,51,16,199
1994,67,17,66,18,168
1995,285,15,117,17,434
2000,66,16,83,17,182
2001,101,32,134,17,284
2002,100,16,134,17,267
2003,84,16,134,17,251
2005,100,33,117,17,267
2006,83,33,117,17,250
2007,84,15,117,17,233
2008,68,15,117,17,217
2013,67,33,100,17,217
2014,67,16,100,17,200
2015,50,16,100,17,183
2016,103,17,83,16,219
2018,67,17,83,16,183
2019,68,32,51,16,167
2020,83,34,137,17,271
2021,66,34,137,17,254
2022,66,17,137,17,237
2023,66,33,65,22,186
2025,51,16,65,22,154
2026,115,39,83,17,254
2027,67,31,56,17,171
2028,81,39,83,17,220
2029,65,39,83,17,204
2030,69,17,83,17,186
2031,53,17,83,17,170
2032,56,17,99,16,188
2033,66,33,66,16,181
2034,51,33,66,16,166
2035,67,33,66,17,183
2037,66,33,68,15,182
2039,99,35,66,16,216
2041,66,35,66,16,183
2042,67,18,66,16,167
2043,68,32,84,17,201
2044,52,32,84,17,185
2045,67,34,67,17,185
2046,68,16,67,17,168
2047,66,34,65,17,182
2048,51,34,65,17,167
2049,68,33,83,16,200
2050,66,17,83,16,182
2052,51,32,67,17,167
2054,66,17,84,15,182
2055,66,33,66,19,184
2056,99,17,51,16,183
2057,67,34,51,16,168
2058,116,35,99,17,267
2059,67,32,101,17,217
2060,82,35,99,17,233
2061,66,35,99,17,217
2062,68,16,99,17,200
2063,51,16,99,17,183
2065,67,34,134,16,251
2066,65,17,134,16,232
2068,101,17,117,17,252
2069,67,34,117,17,235
2070,151,33,51,15,250
2072,83,34,84,15,216
2074,84,33,51,15,183
2077,67,34,65,17,183
2079,67,32,50,17,166
2080,184,33,133,17,367
2081,51,15,50,17,133
2082,82,34,84,15,215
2083,65,34,84,15,198
2085,101,33,133,17,284
2086,84,33,133,17,267
2087,68,33,133,17,251
2088,51,33,133,17,234
2089,67,32,101,17,217
2091,65,34,67,17,183
2092,68,16,67,17,168
2093,66,34,150,17,267
2095,51,17,150,17,235
2098,67,16,84,17,184
2099,66,34,67,16,183
2100,99,17,66,17,199
2101,100,34,66,16,216
2102,66,17,66,17,166
2103,67,34,66,16,183
2104,83,32,67,17,199
2106,51,32,67,17,167
2108,83,33,66,17,199
2109,99,34,67,16,216
2110,50,33,66,17,166
2111,67,34,67,16,184
2112,67,17,67,16,167
2113,82,17,68,17,184
2114,66,17,68,17,168
2115,66,35,100,15,216
2116,66,18,100,15,199
2119,68,32,135,16,251
2120,101,17,66,17,201
2121,100,32,68,16,216
2122,99,17,68,16,200
2124,99,17,84,16,216
2125,84,17,84,16,201
2126,66,17,84,16,183
2127,66,34,115,17,232
2128,51,34,115,17,217
2129,68,33,99,17,217
2130,101,16,66,17,200
2131,67,33,66,17,183
2132,67,16,66,17,166
2133,66,33,67,17,183
2134,99,17,51,16,183
2136,65,17,51,16,149
2137,66,34,84,15,199
2138,84,33,66,18,201
2139,67,33,66,18,184
2140,51,33,66,18,168
2141,51,16,66,18,151
2142,50,34,83,18,185
2144,67,15,69,15,166
2145,66,33,101,17,217
2146,183,33,50,17,283
2147,65,36,65,17,183
2148,84,32,50,16,182
2150,51,32,50,16,149
2151,169,32,67,17,285
2153,65,33,50,17,165
2155,50,16,50,17,133
2157,68,32,67,17,184
2158,66,17,67,17,167
2159,50,17,67,17,151
2160,84,32,67,16,199
2162,52,32,67,16,167
2165,66,33,100,17,216
2166,67,16,100,17,200
2169,150,15,85,17,267
2171,66,34,67,16,183
2172,67,17,67,16,167
2173,84,15,85,17,201
2174,68,15,85,17,185
2175,101,33,50,17,201
2178,66,17,50,17,150
2179,51,17,50,17,135
2180,67,17,65,18,167
2181,67,33,99,17,216
2182,67,17,99,17,200
2183,50,17,99,17,183
2185,65,34,66,18,183
2186,67,16,66,18,167
2187,66,33,51,16,166
2188,101,16,68,16,201
2189,67,33,68,16,184
2190,66,16,68,16,166
2191,66,34,116,17,233
2192,68,16,116,17,217
2195,68,34,65,18,185
2196,99,18,82,17,216
2198,67,18,82,17,184
2199,67,32,100,17,216
2201,65,33,67,17,182
2203,65,34,83,16,198
2205,67,33,134,17,251
2206,49,33,134,17,233
2207,100,33,68,17,218
2211,85,15,51,15,166
2212,316,34,68,15,433
2213,52,15,51,15,133
2214,84,32,68,17,201
2215,85,15,68,17,185
2216,99,17,66,17,199
2217,51,15,68,17,151
2218,66,17,66,17,166
2219,67,33,99,17,216
2221,68,33,66,17,184
2222,67,16,66,17,166
2223,66,33,184,15,298
2224,50,33,184,15,282
2225,50,16,184,15,265
2228,66,17,68,15,166
2229,101,34,64,18,217
2230,83,34,64,18,199
2233,99,33,100,19,251
2234,51,31,51,16,149
2236,82,34,100,18,234
2237,64,34,100,18,216
2238,67,16,100,18,201
2240,84,31,52,15,182
2241,69,31,52,15,167
2243,100,33,51,17,201
2245,65,33,51,17,166
2246,67,15,51,17,150
2247,52,15,51,17,135
2248,99,17,116,16,248
2249,67,34,116,16,233
2250,66,17,116,16,215
2251,101,33,66,18,218
2252,51,33,83,16,183
2253,83,17,66,18,184
2255,66,34,99,18,217
2256,65,18,99,18,200
2257,67,32,67,18,184
2259,66,34,101,15,216
2261,66,33,68,15,182
2265,51,15,102,15,183
2266,50,35,67,15,167
2268,65,18,66,16,165
2270,66,18,83,16,183
2273,66,34,116,18,234
2274,66,18,116,18,218
2275,149,16,51,18,234
2276,68,16,101,16,201
2277,51,16,101,16,184
2278,51,33,68,16,168
2279,83,16,51,18,168
2280,66,16,51,18,151
2281,50,16,51,18,135
2282,66,18,83,15,182
2283,68,34,64,18,184
2284,67,18,64,18,167
2285,51,18,64,18,151
2286,52,17,65,16,150
2287,66,32,68,15,181
2289,98,34,84,15,231
2290,65,16,68,15,164
2291,100,34,65,16,215
2292,83,34,65,16,198
2293,68,34,65,16,183
2294,50,34,65,16,165
2296,52,32,67,16,167
2298,69,15,85,16,185
2299,65,34,67,16,182
2300,66,18,67,16,167
2302,100,16,65,18,199
2303,68,33,65,18,184
2305,67,33,83,16,199
2306,167,16,52,13,248
2307,66,32,67,18,183
2308,166,16,66,17,265
2309,101,31,52,13,197
2311,68,31,52,13,164
2314,67,16,66,17,166
2315,65,31,135,19,250
2316,50,31,135,19,235
2317,52,13,135,19,219
2318,99,18,133,17,267
2319,66,35,133,17,251
2320,167,16,82,17,282
2321,52,18,133,17,220
2322,151,33,133,16,333
2323,67,33,68,17,185
2324,102,16,82,17,217
2325,84,16,82,17,199
2326,68,16,82,17,183
2327,52,16,82,17,167
2330,66,15,52,16,149
2331,99,34,67,17,217
2333,284,15,68,17,384
2335,52,16,67,17,152
2336,51,33,118,15,217
2337,101,33,66,18,218
2338,65,18,117,15,215
2340,51,33,66,18,168
2341,51,16,66,18,151
2342,51,32,52,15,150
2343,283,16,101,17,417
2344,67,15,101,17,200
2345,84,15,68,17,184
2347,52,15,68,17,152
2348,82,34,149,18,283
2349,67,34,149,18,268
2350,65,18,149,18,250
2353,66,35,65,17,183
2356,66,16,101,17,200
2357,51,16,101,17,185
2358,99,18,66,16,199
2360,66,18,66,16,166
2362,84,33,67,16,200
2364,68,16,67,16,167
2365,66,33,67,17,183
2366,66,17,67,17,167
2367,66,34,66,17,183
2368,66,17,66,17,166
2369,67,33,83,17,200
2371,67,33,67,16,183
2372,67,16,67,16,166
2373,66,34,84,16,200
2374,168,16,65,18,267
2375,50,17,84,16,167
2377,67,32,67,18,184
2378,66,16,67,18,167
2379,65,35,65,18,183
2381,99,33,100,18,250
2382,51,32,133,18,234
2383,67,33,100,18,218
2384,66,15,100,18,199
2385,99,33,67,17,216
2388,66,16,67,17,166
2389,67,33,68,16,184
2390,66,16,68,16,166
2391,84,16,67,18,185
2393,51,16,67,18,152
2394,100,17,117,16,250
2395,101,33,100,17,251
2397,67,33,100,17,217
2398,68,15,100,17,200
2399,51,15,100,17,183
2400,167,17,67,16,267
2401,66,34,67,17,184
2402,99,16,101,16,232
2403,67,33,101,16,217
2404,153,30,65,18,266
2405,51,16,101,16,184
2407,67,37,80,15,199
2408,67,20,80,15,182
2409,101,33,67,16,217
2410,54,30,65,18,167
2412,66,17,67,16,166
2414,82,35,116,16,249
2415,65,35,116,16,232
2416,67,17,116,16,216
2417,67,33,83,16,199
2418,66,17,83,16,182
2419,51,17,83,16,167
2420,67,16,66,18,167
2422,66,17,51,16,150
2425,84,16,83,17,200
2426,50,34,83,17,184
2427,51,16,83,17,167
2428,67,17,66,18,168
2429,68,33,51,16,168
2430,65,18,51,16,150
2431,67,33,67,17,184
2432,66,17,67,17,167
2434,85,33,83,17,218
2435,51,16,65,17,149
2439,116,17,83,16,232
2440,49,34,51,16,150
2441,83,17,83,16,199
2442,66,17,83,16,182
2444,101,15,118,17,251
2445,51,16,66,16,149
2446,67,15,118,17,217
2450,65,17,68,16,166
2451,67,34,100,18,219
2452,66,17,100,18,201
2453,67,34,66,18,185
2454,85,33,51,15,184
2456,168,17,66,16,267
2457,100,33,84,17,234
2458,83,33,84,17,217
2460,68,15,84,17,184
2461,51,15,84,17,167
2462,67,17,66,16,166
2463,68,32,133,17,250
2465,67,34,150,17,268
2469,100,33,51,17,201
2470,67,16,84,17,184
2473,66,33,68,15,182
2474,66,16,68,15,165
2477,51,17,100,15,183
2478,51,33,116,17,217
2479,68,32,84,17,201
2480,65,17,84,17,183
2481,100,32,51,17,200
2482,84,32,51,17,184
2483,67,32,51,17,167
2484,101,17,84,15,217
2485,84,17,84,15,200
2486,485,33,66,17,601
2487,66,34,65,17,182
2488,51,34,65,17,167
2489,51,17,65,17,150
2491,99,35,83,16,233
2492,82,35,83,16,216
2493,65,35,83,16,199
2495,67,32,67,16,182
2496,67,15,67,16,165
2497,52,15,67,16,150
2502,66,18,84,15,183
2503,67,32,118,17,234
2505,51,15,118,17,201
2508,100,17,99,17,233
2510,67,17,99,17,200
2511,67,33,66,17,183
2512,66,17,66,17,166
2514,98,18,83,16,215
2515,99,33,66,17,215
2516,65,18,83,16,182
2518,67,16,66,17,166
2519,65,33,50,18,166
2520,69,15,50,18,152
2523,50,16,68,16,150
2524,83,33,66,18,200
2525,50,18,99,18,185
2526,51,33,66,18,168
2527,68,33,51,16,168
2531,66,34,50,15,165
2532,50,34,50,15,149
2534,82,32,51,17,182
2536,116,33,68,17,234
2537,100,33,68,17,218
2538,83,33,68,17,201
2540,66,17,68,17,168
2541,118,4,97,16,235
2542,50,50,101,16,217
2543,83,4,97,16,200
2544,67,4,97,16,184
2547,101,16,85,17,219
2549,66,33,85,17,201
2550,66,16,85,17,184
2552,67,33,50,17,167
2553,52,33,50,17,152
2554,101,34,65,17,217
2555,52,33,83,16,184
2556,66,34,65,17,182
2557,68,17,65,17,167
2559,150,49,66,19,284
2560,66,17,66,17,166
2561,66,33,84,17,200
2562,65,17,84,17,183
2563,84,49,66,19,218
2564,68,49,66,19,202
2566,101,49,133,18,301
2567,84,49,133,18,284
2572,68,49,65,18,200
2573,51,49,65,18,183
2574,52,33,65,18,168
2575,68,16,99,17,200
2577,148,17,67,18,250
2578,51,32,50,17,150
2579,65,18,83,33,199
2581,82,17,67,18,184
2583,50,17,67,18,152
2584,150,33,84,17,284
2586,67,17,67,17,168
2587,166,34,67,17,284
2588,85,33,84,17,219
2590,51,33,84,17,185
2591,99,34,67,17,217
2592,66,49,67,17,199
2593,65,34,67,17,183
2594,66,17,67,17,167
2595,66,18,66,17,167
2596,67,49,67,32,215
2597,168,32,68,15,283
2600,83,33,82,18,216
2602,301,49,67,17,434
2603,67,32,68,15,182
2605,65,35,82,18,200
2606,49,35,82,18,184
2607,283,50,66,17,416
2608,67,18,67,17,169
2609,68,34,149,17,268
2611,67,33,50,33,183
2612,102,33,66,17,218
2614,69,33,66,17,185
2615,50,33,66,17,166
2617,83,16,67,17,183
2618,66,16,67,17,166
2620,66,50,66,17,199
2621,50,50,66,17,183
2624,67,16,85,31,199
2625,66,33,52,31,182
2626,83,34,84,16,217
2627,66,34,84,16,200
2629,85,49,66,16,216
2630,68,49,66,16,199
2631,52,49,66,16,183
2633,67,17,132,17,233
2634,66,49,83,17,215
2635,100,34,66,18,218
2636,84,34,66,18,202
2637,66,34,66,18,184
2638,65,18,66,18,167
2639,67,17,67,33,184
2642,67,17,51,32,167
2644,67,33,67,32,199
2645,85,49,84,17,235
2646,68,49,84,17,218
2648,65,17,84,17,183
2649,85,49,100,17,251
2650,67,49,100,17,233
2652,67,17,100,17,201
2653,67,17,83,17,184
2654,66,50,83,16,215
2655,51,50,83,16,200
2656,117,34,83,32,266
2657,100,34,83,32,249
2658,282,18,68,15,383
2660,100,16,67,16,199
2661,99,34,67,32,232
2662,67,16,67,16,166
2663,66,34,67,32,199
2664,49,34,67,32,182
2666,149,18,68,15,250
2667,101,32,69,17,219
2669,67,32,69,17,185
2670,82,18,68,15,183
2673,50,51,64,18,183
2674,168,17,84,32,301
2675,51,18,64,18,151
2676,68,32,83,17,200
2677,52,32,83,17,184
2680,115,17,116,17,265
2681,67,33,66,17,183
2682,83,17,116,17,233
2683,68,17,116,17,218
2685,50,34,132,17,233
2686,68,50,82,17,217
2687,66,35,82,17,200
2688,66,18,82,17,183
2691,67,17,67,17,168
2692,67,50,100,34,251
2693,82,17,100,34,233
2694,67,17,100,34,218
2696,67,17,133,33,250
2697,51,17,133,33,234
2698,51,17,83,33,184
2699,66,18,83,33,200
2700,67,50,150,32,299
2701,66,34,150,32,282
2702,83,33,66,17,199
2703,101,33,84,32,250
2704,83,33,84,32,232
2705,67,33,84,32,216
2706,66,17,84,32,199
2709,100,17,82,18,217
2710,50,34,67,32,183
2712,67,50,116,17,250
2713,66,35,116,17,234
2714,66,18,116,17,217
2715,67,32,67,17,183
2717,67,18,66,17,168
2718,68,34,82,17,201
2719,299,34,82,17,432
2720,51,18,82,17,168
2722,66,17,116,15,214
2724,82,17,116,17,232
2725,67,17,116,17,217
2727,299,18,116,17,450
2728,66,19,132,17,234
2730,66,15,69,33,183
2735,52,17,82,17,168
2737,67,17,67,17,168
2738,99,17,68,16,200
2739,99,18,116,17,250
2740,66,17,68,16,167
2742,117,16,67,17,217
2743,51,34,82,17,184
2744,101,35,116,33,285
2745,68,16,67,17,168
2747,49,35,116,33,233
2748,67,49,67,33,216
2750,67,17,67,33,184
2752,66,50,85,14,215
2753,51,50,85,14,200
2754,66,18,85,14,183
2755,67,33,52,14,166
2757,68,32,67,17,184
2758,103,32,83,32,250
2759,65,20,64,17,166
2760,70,32,83,32,217
2761,84,49,66,18,217
2763,52,49,66,18,185
2764,98,49,84,18,249
2766,66,49,84,18,217
2767,68,32,84,18,202
2771,50,49,67,17,183
2774,66,50,50,17,183
2775,68,32,50,17,167
2776,52,32,50,17,151
2777,67,17,65,18,167
2778,100,17,83,33,233
2779,65,34,83,33,215
2780,67,17,83,33,200
2781,50,17,83,33,183
2782,65,18,65,18,166
2783,67,33,67,33,200
2784,183,17,66,17,283
2785,66,17,83,17,183
2786,68,50,116,17,251
2787,65,35,116,17,233
2788,117,17,66,17,217
2789,100,17,66,17,200
2793,66,17,67,18,168
2794,68,50,67,17,202
2795,83,17,67,17,184
2797,67,17,67,33,184
2798,67,50,84,17,218
2799,67,32,84,17,200
2800,52,32,84,17,185
2802,50,17,117,33,217
2803,82,34,50,33,199
2804,67,34,50,33,184
2805,84,33,50,17,184
2806,67,33,50,17,167
2809,66,33,84,32,215
2810,50,33,84,32,199
2811,66,17,67,32,182
2812,99,17,183,18,317
2814,67,17,183,18,285
2815,66,18,67,17,168
2816,151,15,66,18,250
2817,84,35,67,15,201
2818,86,16,67,15,184
2821,101,18,116,16,251
2822,52,15,66,18,151
2823,65,18,116,16,215
2825,65,34,67,16,182
2827,67,33,65,17,182
2828,64,18,65,17,164
2831,98,36,82,17,233
2832,52,16,133,17,218
2833,65,36,82,17,200
2834,67,19,82,17,185
2836,51,17,65,17,150
2837,118,49,85,17,269
2838,68,33,67,18,186
2839,82,49,85,17,233
2841,67,32,85,17,201
2842,100,33,51,16,200
2843,67,18,67,17,169
2844,85,15,51,16,167
2845,68,15,51,16,150
2846,84,17,66,17,184
2847,51,34,66,17,168
2848,84,16,67,17,184
2849,66,16,67,17,166
2850,51,16,67,17,151
2851,100,17,66,16,199
2852,66,17,66,17,166
2853,66,17,66,16,165
2855,66,32,84,16,198
2856,100,16,67,19,202
2857,66,33,67,19,185
2859,116,35,82,17,250
2860,101,35,82,17,235
2862,67,35,82,17,201
2863,300,34,84,32,450
2865,52,32,67,32,183
2866,67,50,99,33,249
2867,288,29,117,17,451
2869,68,17,82,33,200
2870,67,49,66,17,199
2871,65,34,66,17,182
2873,66,33,67,21,187
2874,316,17,150,34,517
2876,50,33,118,32,233
2877,66,34,84,32,216
2878,50,34,84,32,200
2879,67,21,95,18,201
2880,51,21,95,18,185
2882,52,15,117,17,201
2883,84,50,65,17,216
2886,66,18,65,17,166
2887,67,33,68,32,200
2888,83,17,150,34,284
2890,68,51,81,18,218
2892,66,19,81,18,184
2896,152,15,51,16,234
2900,85,15,51,16,167
2901,183,50,65,18,316
2903,83,33,84,17,217
2904,302,50,115,17,484
2906,51,16,84,17,168
2907,166,18,67,32,283
2909,67,33,65,18,183
2910,84,17,66,17,184
2911,67,17,66,17,167
2912,50,17,66,17,150
2913,65,18,67,32,182
2914,68,33,66,18,185
2915,65,18,66,18,167
2917,100,35,115,17,267
2918,67,50,115,17,249
2920,66,18,115,17,216
2922,65,16,84,17,182
2923,66,36,83,32,217
2924,67,18,83,32,200
2925,67,31,185,17,300
2927,67,34,68,32,201
2928,83,18,82,18,201
2929,65,18,82,18,183
2930,50,18,82,18,168
2931,52,50,83,17,202
2932,67,18,83,17,185
2933,68,32,68,36,204
2934,82,18,86,30,216
2935,67,18,86,30,201
2936,50,18,86,30,184
2938,68,53,79,17,217
2941,101,32,51,33,217
2942,53,30,66,17,166
2943,98,34,100,18,250
2944,167,17,51,17,252
2946,84,17,118,32,251
2947,66,17,118,32,233
2948,51,17,118,32,218
2949,51,50,51,17,169
2952,67,34,65,17,183
2955,51,49,67,32,199
2957,67,33,84,32,216
2958,65,17,84,32,198
2959,65,18,66,32,181
2960,84,32,84,17,217
2961,51,48,84,17,200
2962,51,32,84,17,184
2963,66,18,83,17,184
2964,98,17,135,16,266
2965,50,49,135,16,250
2966,67,17,135,16,235
2968,66,17,83,18,184
2969,84,50,67,17,218
2972,66,18,67,17,168
2974,66,34,65,18,183
2975,102,17,66,17,202
2976,168,34,66,33,301
2977,84,49,117,33,283
2978,68,49,117,33,267
2980,65,18,117,33,233
2981,66,17,66,17,166
2982,66,34,66,33,199
2983,50,34,66,33,183
2984,101,17,116,18,252
2985,51,49,116,18,234
2987,66,17,66,16,165
2989,82,49,67,16,214
2990,67,49,67,16,199
2991,99,35,65,17,216
2994,66,18,65,17,166
2995,66,17,115,15,213
2996,99,17,67,15,198
2997,52,48,67,15,182
2998,66,17,67,15,165
3000,65,18,99,18,200
3001,68,17,82,18,185
3003,52,49,51,16,168
3006,100,32,133,17,282
3007,67,18,83,17,185
3009,151,49,51,16,267
3010,67,51,99,18,235
3011,50,51,99,18,218
3012,83,17,82,18,200
3014,68,49,51,16,184
3015,50,49,51,16,166
3016,67,17,51,16,151
3019,67,18,100,17,202
3020,68,48,117,17,250
3022,66,17,117,17,217
3023,83,17,83,17,200
3024,65,17,83,17,182
3026,51,18,65,17,151
3027,52,48,68,35,203
3028,52,31,68,35,186
3029,66,34,69,30,199
3031,65,17,52,30,164
3032,50,17,52,30,149
3033,51,52,97,18,218
3035,151,33,65,17,266
3036,52,30,67,18,167
3037,117,33,65,17,232
3038,102,33,65,17,217
3040,68,33,65,17,183
3041,52,33,65,17,167
3043,66,34,84,33,217
3044,65,18,84,33,200
3045,100,18,133,32,283
3047,66,18,133,32,249
3048,68,34,82,17,201
3050,69,33,66,32,200
3051,52,33,66,32,183
3052,67,49,88,16,220
3053,50,49,88,16,203
3054,65,17,88,16,186
3056,66,58,78,17,219
3058,66,26,78,17,187
3061,55,32,66,18,171
3062,55,16,66,18,155
3063,111,35,51,15,212
3064,65,33,68,18,184
3065,66,16,68,18,168
3066,66,35,51,15,167
3068,51,17,51,15,134
3071,68,15,66,17,166
3072,51,15,66,17,149
3073,68,16,82,17,183
3074,67,32,67,18,184
3075,98,18,67,15,198
3076,101,32,83,18,234
3078,67,32,83,18,200
3079,65,17,83,18,183
3082,99,34,66,18,217
3083,52,32,84,16,184
3084,67,34,66,18,185
3085,65,18,66,18,167
3086,99,33,68,15,215
3088,67,33,68,15,183
3089,68,16,68,15,167
3090,66,33,67,17,183
3093,99,17,83,17,216
3094,68,32,83,17,200
3095,65,17,83,17,182
3097,66,16,67,17,166
3098,65,36,64,17,182
3099,66,20,64,17,167
3100,69,31,68,15,183
3101,66,17,68,15,166
3103,101,18,67,16,202
3104,64,35,67,16,182
3105,67,18,67,16,168
3106,68,33,67,15,183
3107,51,33,67,15,166
3108,68,34,98,17,217
3109,68,17,98,17,200
3110,67,33,65,17,182
3111,52,33,65,17,167
3112,67,32,83,16,198
3113,50,32,83,16,181
3114,98,34,51,16,199
3116,65,34,51,16,166
3117,100,16,67,18,201
3118,67,32,67,18,184
3119,66,16,67,18,167
3121,68,16,101,14,199
3122,51,16,101,14,182
3123,51,32,69,14,166
3125,66,17,83,15,181
3126,67,34,64,18,183
3127,85,32,84,15,216
3128,69,32,84,15,200
3129,65,18,84,15,182
3130,66,32,67,18,183
3132,300,32,51,15,398
3133,68,14,53,16,151
3134,183,17,68,16,284
3136,67,34,117,18,236
3138,53,16,117,18,204
3139,99,17,68,16,200
3140,84,17,68,16,185
3142,67,34,66,18,185
3146,68,32,51,15,166
3147,52,32,51,15,150
3149,101,15,84,18,218
3150,65,33,84,18,200
3151,67,15,84,18,184
3152,51,15,84,18,168
3153,66,15,151,17,249
3155,65,18,116,17,216
3157,66,18,82,17,183
3158,51,18,82,17,168
3159,102,15,51,16,184
3161,68,15,51,16,150
3164,67,33,67,16,183
3165,66,16,67,16,165
3167,67,17,67,16,167
3168,67,33,84,15,199
3169,83,34,65,17,199
3170,67,34,65,17,183
3172,67,33,83,17,200
3175,68,15,68,15,166
3176,98,35,50,16,199
3177,66,16,68,17,167
3178,65,35,50,16,166
3180,68,33,82,17,200
3182,68,33,66,18,185
3183,50,33,66,18,167
3184,50,16,66,18,150
3185,51,32,135,15,233
3187,65,17,151,16,249
3188,66,34,117,16,233
3189,67,16,117,16,216
3192,66,35,66,18,185
3193,65,18,66,18,167
3196,67,34,65,20,186
3199,101,15,69,17,202
3201,66,15,69,17,167
3202,65,36,82,18,201
3203,67,16,82,18,183
3204,52,16,82,18,168
3206,152,17,67,18,254
3207,66,15,51,17,149
3208,65,35,68,14,182
3211,66,17,67,18,168
3212,51,17,67,18,153
3214,68,32,65,17,182
3216,67,33,66,18,184
3217,102,15,52,16,185
3218,65,32,52,16,165
3219,68,15,52,16,151
3220,99,34,82,18,233
3221,64,17,68,15,164
3222,166,34,85,18,303
3224,52,16,82,18,168
3225,51,34,66,16,167
3226,68,32,85,15,200
3227,65,17,85,15,182
3228,66,34,85,18,203
3229,65,18,85,18,186
3231,51,33,100,16,200
3232,67,33,67,16,183
3233,69,15,67,16,167
3234,184,16,100,17,317
3235,87,30,67,15,199
3236,52,18,81,16,167
3238,67,33,84,16,200
3239,64,17,84,16,181
3241,68,16,100,17,201
3242,67,34,66,17,184
3243,51,34,66,17,168
3244,84,16,118,17,235
3245,298,18,82,17,415
3247,51,34,84,17,186
3249,67,16,68,15,166
3250,51,16,68,15,150
3252,67,34,65,16,182
3256,66,33,116,17,232
3258,65,34,82,17,198
3259,66,18,82,17,183
3262,167,36,64,17,284
3263,51,32,68,16,167
3265,81,34,67,17,199
3267,49,34,67,17,167
3269,51,36,64,17,168
3270,101,33,66,17,217
3271,167,16,68,15,266
3272,67,33,66,17,183
3273,68,16,66,17,167
3274,97,33,68,15,213
3275,52,33,68,15,168
3277,66,16,68,15,165
3278,50,16,68,15,149
3279,66,18,65,17,166
3280,68,33,82,17,200
3281,84,32,85,15,216
3282,100,34,51,15,200
3283,100,17,51,15,183
3284,150,15,84,17,266
3286,66,33,67,16,182
3287,67,17,67,16,167
3288,167,34,67,17,285
3289,50,33,84,17,184
3290,51,15,84,17,167
3291,50,34,67,17,168
3293,99,17,67,17,200
3294,67,34,67,17,185
3295,65,17,67,17,166
3296,67,33,100,16,216
3297,51,33,100,16,200
3298,67,34,117,14,232
3299,50,34,117,14,215
3300,50,17,117,14,198
3301,83,33,217,17,350
3304,66,33,100,17,216
3306,66,32,68,17,183
3307,69,14,68,17,168
3309,67,17,117,17,218
3310,167,34,65,18,284
3311,99,16,68,15,198
3312,68,33,68,15,184
3314,66,34,82,17,199
3315,67,17,82,17,183
3316,67,34,65,18,184
3317,67,17,65,18,167
3318,68,32,51,16,167
3319,116,34,100,17,267
3321,82,34,100,17,233
3322,299,33,68,17,417
3324,51,16,100,17,184
3326,100,34,67,17,218
3327,82,34,67,17,200
3328,66,34,67,17,184
3330,67,34,66,17,184
3331,67,17,66,17,167
3332,84,17,85,14,200
3333,67,17,85,14,183
3334,67,33,101,17,218
3335,284,32,67,16,399
3336,66,33,68,17,184
3342,53,15,66,17,151
3343,66,15,85,15,181
3344,52,15,85,15,167
3345,81,34,99,16,230
3346,83,17,99,16,215
3348,85,15,67,16,183
3349,51,32,67,16,166
3350,51,15,67,16,149
3352,66,33,101,15,215
3353,66,16,101,15,198
3354,67,33,68,15,183
3355,65,17,68,15,165
3356,66,34,83,17,200
3357,117,32,83,17,249
3358,67,34,66,16,183
3360,68,32,83,17,200
3362,66,34,100,17,217
3364,66,34,66,17,183
3366,68,32,83,17,200
3367,66,17,83,17,183
3368,66,34,66,17,183
3369,50,34,66,17,167
3370,66,34,100,15,215
3371,100,17,68,15,200
3372,51,17,100,15,183
3373,67,17,68,15,167
3374,101,33,82,18,234
3376,67,33,82,18,200
3377,52,33,82,18,185
3378,68,33,67,17,185
3379,101,16,51,15,183
3381,99,18,117,16,250
3383,67,18,117,16,218
3384,67,32,68,17,184
3385,67,15,68,17,167
3386,51,15,68,17,151
3387,50,34,51,16,151
3388,66,34,82,17,199
3393,83,33,99,17,232
3396,100,33,83,17,233
3397,101,16,83,17,217
3398,67,33,83,17,200
3399,68,16,83,17,184
3400,67,32,68,16,183
3401,66,16,68,16,166
3402,65,34,83,17,199
3403,65,17,83,17,182
3404,66,34,117,16,233
3406,68,34,66,17,185
3407,117,34,83,17,251
3408,68,32,51,16,167
3409,83,34,83,17,217
3410,167,33,67,17,284
3411,50,34,83,17,184
3413,51,33,67,17,168
3415,84,33,67,17,201
3417,100,16,51,16,183
3419,67,16,51,16,150
3420,66,34,83,18,201
3421,84,33,50,18,185
3422,67,33,50,18,168
3423,67,16,50,18,151
3424,100,35,66,16,217
3425,84,35,66,16,201
3427,66,18,66,16,166
3428,50,18,66,16,150
3430,68,33,83,17,201
3431,84,32,51,17,184
3432,66,32,51,17,166
3434,65,33,85,15,198
3435,168,15,67,17,267
3436,65,35,99,18,217
3438,100,33,67,17,217
3439,50,32,100,17,199
3441,67,15,67,17,166
3442,99,33,67,18,217
3443,50,34,83,17,184
3444,67,33,67,18,185
3445,67,15,67,18,167
3447,67,17,83,18,185
3448,83,17,68,15,183
3450,50,17,68,15,150
3451,50,33,50,18,151
3452,66,35,83,16,200
3453,67,18,83,16,184
3454,68,33,66,16,183
3455,99,16,83,17,215
3456,50,18,66,16,150
3458,65,34,66,18,183
3459,68,16,66,18,168
3460,50,16,66,18,150
3461,66,18,65,18,167
3462,167,33,67,17,284
3463,100,15,67,17,199
3464,66,33,67,17,183
3465,101,16,133,17,267
3466,99,33,67,17,216
3467,68,16,133,17,234
3468,67,33,67,17,184
3469,699,17,67,17,800
3470,52,15,67,17,151
3473,65,17,67,16,165
3474,67,33,85,17,202
3475,67,16,85,17,185
3477,67,17,68,16,168
3478,67,34,82,17,200
3479,66,18,82,17,183
3480,68,34,65,17,184
3484,67,32,67,18,184
3485,65,17,67,18,167
3489,167,17,66,17,267
3490,67,32,68,17,184
3491,50,32,68,17,167
3492,117,17,66,17,217
3493,67,17,50,16,150
3494,83,17,66,17,183
3495,484,32,132,18,666
3496,68,33,84,17,202
3498,50,16,84,17,167
3500,66,34,100,17,217
3502,67,34,66,17,184
3505,51,32,200,17,300
3506,66,34,67,17,184
3508,66,35,114,17,232
3509,68,18,114,17,217
3510,51,18,114,17,200
3511,52,32,82,17,183
3513,100,17,68,14,199
3515,67,17,68,14,166
3520,68,32,132,18,250
3524,65,33,66,18,182
3527,65,18,101,15,199
3529,66,16,68,15,165
3530,66,34,67,17,184
3532,51,16,67,17,151
3533,84,33,65,18,200
3534,68,33,65,18,184
3537,533,17,67,16,633
3538,66,32,68,17,183
3541,66,17,83,16,182
3542,67,33,66,17,183
3543,67,17,66,17,167
3545,67,16,118,15,216
3546,66,33,67,18,184
3547,100,16,52,15,183
3550,66,34,101,17,218
3551,83,33,85,15,216
3553,68,15,85,15,183
3554,101,34,82,16,233
3555,82,34,82,16,214
3556,67,34,82,16,199
3557,65,18,82,16,181
3558,50,18,82,16,166
3559,68,15,66,18,167
3560,51,15,66,18,150
3561,67,17,50,17,151
3563,65,16,85,17,183
3564,66,35,67,16,184
3565,67,17,67,16,167
3566,50,17,67,16,150
3567,51,32,51,17,151
3568,67,35,82,16,200
3569,67,17,82,16,182
3570,67,33,100,18,218
3571,85,32,68,18,203
3572,100,33,53,24,210
3573,50,32,68,18,168
3574,98,35,101,17,251
3575,82,35,101,17,235
3576,65,35,101,17,218
3577,68,17,101,17,203
3578,86,24,59,17,186
3579,93,26,66,17,202
3582,101,33,85,15,234
3583,66,17,101,17,201
3584,109,17,51,15,192
3586,66,34,51,15,166
3587,101,17,82,18,218
3588,67,34,82,18,201
3589,67,17,82,18,184
3590,500,33,85,16,634
3594,499,33,51,16,599
3595,166,17,100,15,298
3596,101,33,99,18,251
3597,83,33,99,18,233
3598,68,33,99,18,218
3599,51,33,99,18,201
3600,66,34,100,15,215
3601,67,17,100,15,199
3602,67,34,66,15,182
3603,52,34,66,15,167
3607,66,17,50,15,148
3608,98,33,67,18,216
3609,65,17,83,17,182
3610,67,33,67,18,185
3612,98,34,67,18,217
3613,100,17,67,18,202
3615,65,17,67,18,167
3619,50,34,84,16,184
3620,85,15,51,16,167
3621,67,15,51,16,149
3622,52,15,51,16,134
3624,67,33,67,18,185
3625,49,33,67,18,167
3627,66,16,117,17,216
3629,83,33,67,17,200
3630,67,33,67,17,184
3632,52,15,67,17,151
3633,100,17,66,17,200
3635,65,17,66,17,165
3636,67,32,85,15,199
3637,115,34,83,17,249
3638,51,15,85,15,166
3640,83,17,83,17,200
3641,66,17,83,17,183
3643,299,17,68,17,401
3644,51,15,68,16,150
3645,67,16,84,16,183
3647,66,17,66,18,167
3649,66,17,66,17,166
3650,67,33,67,16,183
3651,166,17,68,17,268
3652,66,33,84,18,201
3655,66,17,68,15,166
3657,99,18,116,16,249
3658,67,35,116,16,234
3660,68,33,99,18,218
3661,52,33,99,18,202
3663,51,33,116,17,217
3664,66,33,83,17,199
3665,51,33,83,17,184
3666,66,33,67,18,184
3667,149,33,100,17,299
3668,66,33,52,15,166
3669,67,15,52,15,149
3670,66,34,66,18,184
3671,83,33,100,17,233
3672,151,16,84,17,268
3676,66,34,84,17,201
3678,51,16,84,17,168
3679,66,17,68,15,166
3680,67,34,66,16,183
3681,66,17,66,16,165
3682,101,32,67,16,216
3683,167,17,100,16,300
3684,100,33,84,16,233
3686,66,33,84,16,199
3688,82,17,100,16,215
3689,67,17,100,16,200
3690,67,33,67,16,183
3691,51,33,67,16,167
3692,67,33,68,15,183
3693,67,16,68,15,166
3696,50,17,84,16,167
3701,68,16,66,17,167
3702,66,33,84,19,202
3703,51,33,84,19,187
3704,65,33,100,16,214
3705,65,17,100,16,198
3707,84,36,81,15,216
3708,67,36,81,15,199
3713,65,17,51,16,149
3714,63,33,85,16,197
3715,100,16,51,16,183
3716,66,34,51,16,167
3717,68,16,51,16,151
3718,100,34,84,17,235
3722,101,33,66,18,218
3723,66,17,67,16,166
3724,68,33,66,18,185
3726,51,16,66,18,151
3727,67,17,98,17,199
3729,50,32,66,17,165
3731,100,15,68,17,200
3733,67,15,68,17,167
3735,99,17,66,19,201
3737,66,17,66,19,168
3739,51,33,52,12,148
3740,66,33,84,17,200
3742,66,31,70,17,184
3743,68,12,70,17,167
3744,52,12,70,17,151
3745,66,17,67,16,166
3746,67,34,66,18,185
3749,100,17,67,17,201
3752,66,34,132,18,250
3756,100,33,51,15,199
3758,66,33,51,15,165
3759,65,16,51,15,147
3760,99,33,69,15,216
3761,100,15,69,15,199
3762,66,33,69,15,183
3763,67,15,69,15,166
3764,51,15,69,15,150
3765,82,35,66,16,199
3766,84,18,66,16,184
3767,66,18,66,16,166
3768,51,18,66,16,151
3769,65,17,66,18,166
3773,51,32,67,18,168
3774,101,32,101,17,251
3778,67,33,68,17,185
3780,166,32,101,17,316
3782,67,34,82,17,200
3783,66,17,82,17,182
3784,101,32,101,17,251
3786,67,32,101,17,217
3788,82,17,67,17,183
3789,99,17,66,17,199
3790,100,33,68,16,217
3792,68,33,68,16,185
3793,67,17,68,16,168
3794,67,33,51,17,168
3795,50,33,51,17,151
3796,66,35,81,18,200
3798,84,17,66,17,184
3799,51,33,66,17,167
3800,51,17,66,17,151
3801,51,32,66,19,168
3802,65,34,116,15,230
3803,65,18,116,15,214
3804,166,31,54,15,266
3805,67,15,84,15,181
3806,66,35,64,19,184
3807,69,16,64,19,168
3808,51,16,64,19,150
3809,99,15,54,15,183
3810,99,35,68,15,217
3812,64,35,68,15,182
3813,67,16,68,15,166
3814,50,16,68,15,149
3815,69,15,67,17,168
3816,185,17,67,17,286
3817,84,33,66,16,199
3821,67,17,182,17,283
3822,82,17,67,17,183
3823,67,17,67,17,168
3825,65,18,67,17,167
3827,67,17,83,17,184
3828,101,32,83,17,233
3830,67,32,83,17,199
3832,100,34,66,17,217
3833,66,17,100,17,200
3834,66,34,66,17,183
3836,100,34,87,12,233
3837,66,17,51,15,149
3838,100,32,55,12,199
3839,68,16,87,12,183
3841,118,32,51,16,217
3843,103,12,51,16,182
3844,67,32,51,16,166
3846,55,12,51,16,134
3847,67,16,66,17,166
3849,63,16,84,16,179
3853,66,17,51,15,149
3854,84,16,102,15,217
3855,66,16,102,15,199
3856,67,33,101,17,218
3857,68,15,101,17,201
3859,167,16,67,16,266
3860,67,35,132,16,250
3861,66,18,132,16,232
3865,67,16,67,16,166
3867,100,17,101,16,234
3868,67,33,101,16,217
3869,66,17,101,16,200
3870,67,33,68,16,184
3871,67,17,68,16,168
3873,67,16,51,16,150
3875,85,32,101,17,235
3876,84,16,101,17,218
3877,67,16,101,17,201
3879,69,15,67,17,168
3880,66,34,116,16,232
3881,84,33,83,16,216
3882,68,33,83,16,200
3884,67,33,66,18,184
3885,116,34,67,16,233
3887,82,34,67,16,199
3888,99,34,67,15,215
3889,82,34,67,15,198
3890,66,34,67,15,182
3891,151,32,83,16,282
3892,52,16,67,15,150
3894,67,34,66,16,183
3895,65,18,66,16,165
3897,51,32,83,16,182
3898,66,34,65,17,182
3899,166,17,68,16,267
3900,66,34,65,17,182
3901,100,16,51,18,185
3902,68,31,51,18,168
3903,151,33,100,17,301
3904,99,35,83,16,233
3905,66,17,68,16,167
3907,67,18,83,16,184
3911,67,16,85,16,184
3912,83,16,51,16,166
3913,66,16,51,16,149
3914,66,34,99,17,216
3915,67,17,99,17,200
3916,68,33,66,17,184
3918,51,16,66,17,150
3919,99,17,66,17,199
3921,65,17,66,17,165
3924,299,35,83,16,433
3925,100,18,84,15,217
3927,118,33,82,16,249
3928,67,34,65,17,183
3929,84,33,82,16,215
3930,69,33,82,16,200
3931,52,33,82,16,183
3932,67,32,66,18,183
3933,67,15,66,18,166
3934,65,34,67,17,183
3935,151,32,100,18,301
3936,66,32,52,15,165
3937,81,35,83,16,215
3939,67,17,83,16,183
3940,84,15,100,18,217
3941,51,32,100,18,201
3942,102,32,117,17,268
3943,67,17,65,18,167
3945,66,16,117,17,216
3946,100,31,70,16,217
3947,82,31,70,16,199
3949,116,34,83,18,251
3950,51,13,70,16,150
3951,83,34,83,18,218
3952,67,34,83,18,202
3953,66,17,83,18,184
3955,51,34,67,15,167
3956,68,32,68,17,185
3957,66,17,68,17,168
3959,85,33,66,17,201
3961,52,33,66,17,168
3962,68,32,84,16,200
3963,68,15,84,16,183
3964,65,34,66,16,181
3965,67,17,66,16,166
3966,66,34,66,17,183
3967,66,17,66,17,166
3969,83,34,67,16,200
3972,149,17,67,16,249
3974,51,15,51,17,134
3976,67,33,67,16,183
3977,50,33,67,16,166
3978,51,17,67,16,151
3979,164,20,83,17,284
3980,66,34,67,17,184
3981,151,32,68,16,267
3982,67,33,117,17,234
3984,67,34,83,17,201
3986,67,32,68,16,183
3987,83,33,68,16,200
3990,65,35,83,17,200
3991,66,17,83,17,183
3994,51,17,67,15,150
3995,100,17,66,16,199
3997,84,32,102,16,234
3999,100,17,68,16,201
4000,84,17,68,16,185
4001,66,17,68,16,167
4002,66,33,51,16,166
4003,101,18,81,18,218
4004,67,35,81,18,201
4005,67,18,81,18,184
4006,84,16,67,16,183
4008,51,16,67,16,150
4009,67,15,67,17,166
4010,64,35,116,17,232
4011,65,18,116,17,216
4013,50,32,84,17,183
4015,67,18,82,18,185
4020,82,18,66,17,183
4021,51,34,66,17,168
4022,50,18,66,17,151
4024,66,34,150,16,266
4026,66,32,68,17,183
4027,68,15,68,17,168
4029,65,17,151,16,249
4031,65,18,66,18,167
4032,68,33,67,17,185
4033,101,16,117,17,251
4035,68,16,117,17,218
4036,50,16,117,17,200
4038,67,33,67,17,184
4040,51,16,67,17,151
4041,66,17,65,17,165
4042,67,33,67,17,184
4043,100,15,117,17,249
4045,99,18,82,17,216
4046,65,35,82,17,199
4047,66,18,82,17,183
4048,84,15,67,18,184
4049,67,15,67,18,167
4050,52,15,67,18,152
4051,100,17,67,17,201
4052,99,35,65,18,217
4053,166,16,68,17,267
4054,67,35,65,18,185
4055,67,17,65,18,167
4056,66,32,51,15,164
4058,100,33,52,15,200
4060,65,33,52,15,165
4061,68,15,52,15,150
4062,101,32,51,16,200
4063,67,17,83,16,183
4064,68,32,51,16,167
4065,67,15,51,16,149
4066,52,15,51,16,134
4068,67,32,67,17,183
4071,66,17,83,17,183
4072,66,33,101,16,216
4076,100,34,82,17,233
4077,66,17,116,17,216
4079,84,32,67,16,199
4081,100,17,82,17,216
4083,67,17,82,17,183
4085,66,17,66,18,167
4086,100,33,155,17,305
4087,66,17,84,33,200
4089,83,35,70,17,205
4093,172,17,66,18,273
4095,66,21,67,16,170
4096,49,21,67,16,153
4097,54,34,67,15,170
4099,65,17,66,18,166
4100,67,34,50,17,168
4101,84,32,85,16,217
4103,51,32,85,16,184
4104,84,17,66,16,183
4105,50,35,66,16,167
4106,50,17,66,16,149
4107,118,33,66,18,235
4108,67,34,82,17,200
4109,83,33,66,18,200
4110,66,33,66,18,183
4111,51,33,66,18,168
4112,67,33,51,15,166
4113,66,16,51,15,148
4115,66,17,68,17,168
4116,66,33,52,15,166
4117,67,15,52,15,149
4118,51,15,52,15,133
4120,68,32,67,17,184
4122,52,15,67,17,151
4123,99,17,67,17,200
4124,99,34,99,18,250
4126,67,34,99,18,218
4127,66,17,99,18,200
4128,67,33,66,18,184
4129,66,18,66,18,168
4130,67,33,116,17,233
4131,50,33,116,17,216
4132,50,16,116,17,199
4133,51,33,83,17,184
4134,66,34,66,17,183
4135,98,19,65,17,199
4136,51,16,66,17,150
4137,99,17,50,16,182
4138,100,33,68,16,217
4141,101,16,51,16,184
4143,67,16,51,16,150
4145,100,16,101,17,234
4147,67,16,101,17,201
4148,51,16,101,17,185
4149,67,16,67,17,167
4150,66,33,66,19,184
4151,50,33,66,19,168
4154,67,32,134,16,249
4155,68,15,134,16,233
4157,484,34,67,16,601
4159,50,33,66,16,165
4160,68,33,67,17,185
4162,66,33,51,16,166
4163,50,33,51,16,150
4164,66,34,84,16,200
4165,101,16,67,17,201
4166,67,33,67,17,184
4167,67,16,67,17,167
4168,51,16,67,17,151
4169,51,34,50,16,151
4170,84,16,66,18,184
4171,167,15,133,18,333
4174,50,16,100,16,182
4175,100,15,133,18,266
4177,67,15,133,18,233
4179,68,16,84,15,183
4180,51,16,84,15,166
4181,65,17,66,18,166
4183,66,17,67,16,166
4184,67,32,117,17,233
4185,68,15,117,17,217
4187,67,17,99,17,200
4190,51,17,66,17,151
4191,66,17,50,17,150
4192,66,33,67,17,183
4194,165,37,81,16,299
4195,50,34,65,18,167
4196,50,17,65,18,150
4197,51,33,69,15,168
4199,67,15,52,17,151
4200,65,37,81,16,199
4203,52,32,65,18,167
4204,52,17,65,18,152
4205,67,17,66,16,166
4206,65,32,84,16,197
4208,65,34,66,18,183
4209,99,17,117,16,249
4210,150,15,51,16,232
4211,66,17,117,16,216
4213,66,16,84,16,182
4214,66,33,51,16,166
4215,101,16,68,16,201
4217,67,16,68,16,167
4218,67,33,67,18,185
4219,117,32,67,17,233
4221,84,32,67,17,200
4222,68,32,67,17,184
4223,67,16,67,17,167
4225,68,15,51,16,150
4226,50,15,51,16,132
4227,166,17,83,17,283
4228,67,33,67,20,187
4229,66,16,67,20,169
4230,51,16,67,20,154
4231,83,34,83,17,217
4232,66,34,83,17,200
4236,54,13,67,17,151
4237,67,17,66,16,166
4239,80,33,52,15,180
4240,67,33,52,15,167
4243,50,33,68,15,166
4244,167,33,83,17,300
4245,68,15,84,16,183
4246,52,15,84,16,167
4247,51,34,66,18,169
4249,64,18,67,16,165
4250,67,33,83,17,200
4251,84,34,66,17,201
4252,66,34,66,17,183
4253,51,34,66,17,168
4254,67,34,67,15,183
4255,50,34,67,15,166
4256,100,35,97,18,250
4257,99,18,97,18,232
4259,100,17,65,18,200
4260,67,32,65,18,182
4262,101,31,101,18,251
4265,67,15,101,18,201
4267,84,32,67,16,199
4268,67,32,67,16,182
4269,166,17,67,16,266
4270,84,17,67,16,184
4271,66,17,67,16,166
4272,65,34,84,16,199
4274,67,33,67,16,183
4276,67,34,82,16,199
4278,67,33,100,17,217
4280,101,31,52,15,199
4281,51,34,66,17,168
4283,65,16,52,15,148
4284,65,35,66,18,184
4286,66,32,52,16,166
4287,51,32,52,16,151
4288,101,34,67,17,219
4289,66,17,66,18,167
4290,66,34,67,17,184
4293,51,32,118,16,217
4295,66,17,83,16,182
4296,67,34,98,19,218
4297,67,17,98,19,201
4298,52,17,98,19,186
4300,66,33,100,16,215
4301,66,16,100,16,198
4303,66,16,67,16,165
4308,101,32,68,16,217
4309,64,18,185,15,282
4311,66,15,68,16,165
4312,167,32,69,16,284
4315,83,33,52,15,183
4316,68,33,52,15,168
4317,99,15,69,16,199
4318,66,32,69,16,183
4320,65,35,84,16,200
4321,69,15,84,16,184
4323,100,17,116,16,249
4324,85,17,116,16,234
4326,100,33,66,17,216
4327,83,33,66,17,199
4328,66,33,66,17,182
4329,66,17,66,17,166
4331,166,15,52,16,249
4332,67,32,100,18,217
4336,66,32,52,16,166
4337,100,16,85,16,217
4338,66,34,85,16,201
4339,101,16,134,17,268
4340,50,16,85,16,167
4342,52,16,134,17,219
4343,166,18,66,17,267
4345,83,33,51,16,183
4347,50,33,51,16,150
4348,66,34,66,17,183
4349,65,18,66,17,166
4350,67,33,149,17,266
4351,51,33,149,17,250
4354,66,34,82,17,199
4357,99,15,68,17,199
4358,99,34,151,16,300
4360,65,34,151,16,266
4361,66,17,151,16,250
4362,67,34,67,15,183
4363,66,17,67,15,165
4364,68,32,101,18,219
4365,101,17,66,18,202
4366,51,15,101,18,185
4367,67,17,66,18,168
4368,67,33,67,17,184
4370,68,33,84,17,202
4371,67,16,84,17,184
4374,51,16,67,15,149
4376,66,35,183,17,301
4379,65,18,84,15,182
4380,68,33,51,15,167
4381,67,16,51,15,149
4382,66,34,83,17,200
4383,168,17,67,16,268
4385,67,15,68,15,165
4386,51,15,68,15,149
4387,82,35,67,16,200
4389,66,17,67,16,166
4390,68,32,68,15,183
4391,65,17,68,15,165
4392,67,35,83,15,200
4394,165,34,66,20,285
4397,50,32,67,16,165
4398,65,33,68,15,181
4400,65,34,66,20,185
4401,50,34,66,20,170
4404,100,34,66,18,218
4405,50,32,67,18,167
4406,66,34,66,18,184
4407,70,14,66,18,168
4408,52,14,66,18,150
4411,65,15,68,16,164
4412,84,15,68,17,184
4413,67,15,68,17,167
4414,51,15,68,17,151
4415,99,17,83,17,216
4417,100,15,68,16,199
4419,66,15,68,16,165
4420,65,35,99,17,216
4421,100,17,66,17,200
4422,100,32,51,17,200
4424,68,32,51,17,168
4425,50,32,51,17,150
4427,100,17,66,16,199
4428,66,34,66,16,182
4429,67,17,66,16,166
4430,51,17,66,16,150
4431,68,17,82,17,184
4432,68,32,67,16,183
4434,50,16,67,16,149
4435,65,18,66,17,166
4437,66,17,132,18,233
4438,67,33,84,15,199
4439,51,33,84,15,183
4442,66,34,101,16,217
4443,67,17,101,16,201
4444,84,15,69,16,184
4445,67,15,69,16,167
4446,66,35,67,16,184
4448,168,31,102,16,317
4449,84,33,65,17,199
4450,69,33,65,17,184
4451,67,17,65,17,166
4452,50,17,65,17,149
4453,67,18,98,18,201
4454,98,34,68,16,216
4455,99,17,68,16,200
4457,66,17,68,16,167
4458,65,33,84,16,198
4460,67,35,133,17,252
4461,50,35,133,17,235
4465,100,15,67,17,199
4467,82,35,115,18,250
4468,51,15,67,17,150
4469,66,18,115,18,217
4470,68,32,101,17,218
4471,67,15,101,17,200
4472,52,15,101,17,185
4473,67,16,68,17,168
4474,99,34,66,17,216
4475,65,17,83,17,182
4477,101,15,134,17,267
4480,83,17,100,17,217
4481,67,17,100,17,201
4482,83,18,116,17,234
4483,66,18,116,17,217
4484,101,33,68,15,217
4485,101,16,68,15,200
4486,67,33,68,15,183
4487,67,16,68,15,166
4488,65,34,67,17,183
4489,67,17,67,17,168
4490,101,33,66,16,216
4491,67,17,99,16,199
4492,101,34,82,17,234
4493,101,17,82,17,217
4495,67,17,82,17,183
4497,100,18,183,17,318
4498,66,34,183,17,300
4499,166,17,83,17,283
4500,66,33,67,16,182
4501,67,17,67,16,167
4502,67,33,50,17,167
4503,51,33,50,17,151
4504,100,33,67,15,215
4505,67,17,83,17,184
4506,67,33,67,15,182
4507,50,33,67,15,165
4508,50,17,67,15,149
4509,100,17,66,18,201
4510,65,35,66,18,184
4512,67,33,51,15,166
4513,50,33,51,15,149
4517,51,33,67,17,168
4518,51,15,67,17,150
4520,66,34,51,15,166
4521,182,34,65,17,298
4522,67,33,201,16,317
4523,66,16,201,16,299
4524,51,16,201,16,284
4525,51,33,68,16,168
4526,51,15,68,16,150
4527,83,34,65,17,199
4528,101,32,68,16,217
4530,68,32,68,16,184
4533,66,16,51,17,150
4536,84,17,82,17,200
4538,51,17,82,17,167
4540,183,15,68,16,282
4542,67,32,66,20,185
4543,66,17,66,20,169
4545,67,16,100,16,199
4546,83,15,68,16,182
4547,68,15,68,16,167
4548,66,34,102,16,218
4549,116,33,83,18,250
4550,52,14,102,16,184
4551,83,33,83,18,217
4552,101,35,66,15,217
4553,64,17,83,18,182
4554,168,33,67,16,284
4555,67,18,66,15,166
4556,50,18,66,15,149
4557,52,32,49,18,151
4559,84,33,67,16,200
4560,66,33,67,16,182
4561,65,18,67,16,166
4562,49,18,67,16,150
4565,85,33,66,18,202
4566,100,33,66,18,217
4567,101,16,66,18,201
4568,67,33,66,18,184
4569,83,33,51,15,182
4571,50,33,51,15,149
4572,51,15,51,15,132
4573,100,15,51,17,183
4574,51,15,67,17,150
4575,166,15,85,15,281
4576,51,15,51,17,134
4577,65,17,66,17,165
4578,67,34,67,15,183
4581,284,34,66,16,400
4582,66,35,100,15,216
4583,66,18,100,15,199
4584,117,15,85,16,233
4585,115,35,50,16,216
4587,284,34,66,16,400
4588,115,18,67,15,215
4589,151,34,66,16,267
4590,71,33,67,15,186
4591,100,16,84,16,216
4593,67,16,84,16,183
4594,100,33,82,17,232
4595,51,34,66,16,167
4596,100,33,66,16,215
4597,65,18,82,17,182
4599,67,16,66,16,165
4601,51,34,66,16,167
4603,82,34,86,17,219
4605,50,34,86,17,187
4606,66,34,69,17,186
4607,51,34,69,17,171
4608,68,35,100,18,221
4609,67,20,100,18,205
4610,86,17,66,18,187
4611,87,33,51,16,187
4612,69,33,51,16,169
4613,54,33,51,16,154
4614,67,33,118,14,232
4615,101,16,84,14,215
4616,84,16,84,14,198
4621,100,14,68,17,199
4623,68,14,68,17,167
4624,83,17,65,17,182
4625,67,17,65,17,166
4628,68,33,67,17,185
4629,66,16,67,17,166
4630,99,33,84,16,232
4631,66,17,99,18,200
4632,67,33,84,16,200
4633,68,15,84,16,183
4634,101,32,69,15,217
4635,67,17,50,16,150
4636,67,32,69,15,183
4638,66,34,50,18,168
4641,84,33,66,17,200
4642,84,18,66,17,185
4644,50,18,66,17,151
4645,51,32,67,17,167
4646,65,34,67,17,183
4647,67,17,67,17,168
4648,66,33,134,18,251
4649,51,33,134,18,236
4650,51,16,134,18,219
4652,67,32,68,18,185
4653,67,15,68,18,168
4654,66,34,67,20,187
4656,66,34,53,13,166
4657,65,18,53,13,149
4658,68,33,66,17,184
4659,69,15,66,17,167
4660,52,15,66,17,150
4662,53,13,67,18,151
4663,98,17,84,17,216
4664,100,33,68,15,216
4666,85,15,68,15,183
4667,98,17,66,17,198
4668,52,15,68,15,150
4669,118,31,68,17,234
4670,66,35,81,18,200
4671,83,31,68,17,199
4673,52,31,68,17,168
4674,66,35,117,15,233
4675,65,18,117,15,215
4676,66,33,84,15,198
4677,66,18,84,15,183
4678,68,34,65,18,185
4679,100,17,67,17,201
4680,67,32,67,17,183
4682,66,33,84,18,201
4683,82,34,119,14,249
4684,65,34,119,14,232
4686,67,35,84,14,200
4687,66,18,84,14,182
4688,153,14,51,16,234
4689,66,18,99,17,200
4690,68,33,66,17,184
4691,102,14,51,16,183
4692,84,14,51,16,165
4694,51,14,51,16,132
4695,84,33,85,15,217
4696,83,16,85,15,199
4697,65,16,85,15,181
4698,101,33,51,17,202
4701,66,17,51,17,151
4702,100,35,99,17,251
4703,69,15,134,17,235
4704,66,35,99,17,217
4705,100,17,134,16,267
4708,67,33,51,16,167
4710,99,33,50,17,199
4711,67,17,67,16,167
4714,51,16,50,17,134
4716,83,17,82,17,199
4718,50,17,82,17,166
4719,51,34,65,18,168
4721,66,18,82,18,184
4723,66,17,68,15,166
4724,65,34,67,16,182
4725,68,16,67,16,167
4726,66,34,83,17,200
4727,100,18,67,16,201
4728,68,33,67,16,184
4729,83,33,66,17,199
4731,51,33,66,17,167
4732,66,34,216,18,334
4733,85,32,101,15,233
4735,51,32,101,15,199
4737,66,18,66,15,165
4741,99,18,68,14,199
4742,66,33,68,14,181
4743,65,18,68,14,165
4745,67,17,66,16,166
4750,66,34,85,13,198
4753,52,32,53,13,150
4754,66,34,84,15,199
4759,84,32,85,16,217
4760,67,32,85,16,200
4761,113,35,83,16,247
4762,52,15,85,16,168
4763,82,35,83,16,216
4766,68,33,66,18,185
4768,102,32,85,16,235
4770,99,33,52,16,200
4771,66,16,85,16,183
4772,66,33,52,16,167
4773,100,17,83,17,217
4774,65,34,83,17,199
4775,101,16,66,16,199
4776,67,34,66,16,183
4777,67,16,66,16,165
4778,52,16,66,16,150
4779,51,33,151,15,250
4780,67,33,84,15,199
4783,51,34,65,19,169
4784,67,32,52,15,166
4785,51,32,52,15,150
4787,185,34,64,18,301
4788,65,34,68,17,184
4789,67,15,68,17,167
4791,67,15,69,14,165
4792,52,15,69,14,150
4793,83,34,64,18,199
4794,68,34,64,18,184
4795,301,15,66,18,400
4796,100,33,68,17,218
4797,52,31,67,17,167
4799,81,34,51,17,183
4804,51,17,67,18,153
4805,50,34,51,15,150
4806,51,17,51,15,134
4808,67,33,66,18,184
4810,51,15,66,18,150
4811,100,17,68,15,200
4814,66,34,49,18,167
4815,50,34,49,18,151
4816,51,16,49,18,134
4818,68,33,67,15,183
4820,49,18,67,15,149
4821,67,14,69,15,165
4823,68,17,66,16,167
4825,65,18,84,15,182
4826,102,33,82,17,234
4827,65,18,66,17,166
4828,166,32,117,17,332
4829,183,35,82,17,317
4831,69,15,66,18,168
4833,50,34,67,16,167
4834,150,17,66,18,251
4835,81,35,82,17,215
4836,66,35,82,17,200
4837,67,17,82,17,183
4838,83,17,66,18,184
4840,51,17,66,18,152
4841,67,15,102,16,200
4842,65,34,68,16,183
4845,67,15,51,17,150
4847,68,17,82,18,185
4849,66,17,67,17,167
4850,51,17,67,17,152
4853,66,18,67,15,166
4855,184,34,67,17,302
4856,66,34,82,17,199
4857,67,18,82,17,184
4859,65,18,66,17,166
4861,83,34,67,17,201
4862,82,17,67,17,183
4864,66,32,52,16,166
4867,66,18,84,16,184
4868,67,33,51,16,167
4870,52,16,51,16,135
4871,51,33,84,17,185
4872,66,34,67,16,183
4873,150,33,83,20,286
4874,51,16,67,16,150
4877,66,17,67,15,165
4881,66,18,150,16,250
4882,67,32,51,16,166
4883,51,32,51,16,150
4884,83,20,81,16,200
4885,87,30,67,16,200
4887,54,30,67,16,167
4888,51,16,67,16,150
4889,66,17,118,17,218
4890,63,34,84,17,198
4892,67,33,116,17,233
4893,51,33,116,17,217
4894,67,35,81,17,200
4895,66,18,81,17,182
4896,68,33,65,16,182
4898,51,17,65,16,149
4899,66,17,67,15,165
4900,65,33,67,17,182
4902,65,34,84,15,198
4903,66,18,84,15,183
4904,67,33,66,17,183
4906,67,33,83,18,201
4907,51,33,83,18,185
4909,69,15,68,16,168
4911,66,18,66,17,167
4912,68,33,84,16,201
4913,83,33,67,16,199
4914,101,34,83,16,234
4915,51,33,67,16,167
4917,68,17,83,16,184
4918,67,33,66,18,184
4919,68,16,66,18,168
4920,67,33,66,17,183
4921,66,17,66,17,166
4922,83,16,67,15,181
4923,66,16,67,15,164
4924,99,34,115,18,266
4925,68,15,66,17,166
4927,66,17,115,18,216
4930,101,33,51,15,200
4931,66,18,66,18,168
4932,67,33,51,15,166
4933,151,34,100,17,302
4934,68,33,84,18,203
4935,66,18,84,18,186
4937,83,34,100,17,234
4939,51,34,100,17,202
4940,84,18,65,17,184
4942,51,18,65,17,151
4943,53,32,99,18,202
4945,83,33,51,15,182
4946,65,33,51,15,164
4949,100,15,85,16,216
4951,103,14,66,17,200
4952,101,33,65,18,217
4954,68,33,65,18,184
4955,65,18,65,18,166
4956,68,33,50,16,167
4957,64,16,50,16,146
4958,66,32,67,17,182
4960,65,34,84,16,199
4962,99,34,68,17,218
4964,169,32,117,17,335
4965,66,17,68,17,168
4966,67,33,84,18,202
4967,66,16,84,18,184
4968,51,16,84,18,169
4969,50,35,67,15,167
4970,68,32,117,17,234
4972,52,15,117,17,201
4973,84,31,100,19,234
4974,67,31,100,19,217
4976,66,34,66,19,185
4977,66,17,66,19,168
4978,65,34,51,16,166
4980,68,32,100,17,217
4981,102,16,150,16,284
4982,85,16,150,16,267
4985,52,32,66,17,167
4987,67,14,68,17,166
4988,65,33,52,16,166
4989,150,34,83,15,282
4992,68,33,68,15,184
4996,165,33,67,17,282
4997,66,18,64,18,166
4998,100,32,52,16,200
4999,51,32,132,17,232
5000,66,32,52,16,166
5001,67,15,52,16,150
5002,64,33,67,17,181
5004,65,35,84,16,200
5006,100,34,68,15,217
5007,67,15,52,16,150
5010,84,16,83,16,199
5011,67,16,83,16,182
5013,150,35,65,16,266
5014,68,32,85,15,200
5018,100,32,100,18,250
5019,102,15,100,18,235
5020,68,32,100,18,218
5021,68,15,100,18,201
5022,52,15,100,18,185
5024,167,33,67,15,282
5025,64,19,83,17,183
5026,49,19,83,17,168
5027,66,17,68,15,166
5029,102,17,67,15,201
5032,101,34,66,16,217
5034,66,34,66,16,182
5035,66,18,66,16,166
5036,67,32,84,15,198
5038,66,34,65,17,182
5039,67,17,65,17,166
5040,66,33,67,16,182
5041,51,33,67,16,167
5042,84,15,69,17,185
5043,67,15,69,17,168
5044,65,35,117,17,234
5045,66,18,117,17,218
5048,86,15,68,16,185
5049,52,32,68,16,168
5050,51,15,68,16,150
5053,83,31,53,14,181
5054,99,35,100,16,250
5055,100,17,100,16,233
5056,100,32,68,16,216
5060,53,14,68,16,151
5061,165,19,66,18,268
5062,67,33,67,17,184
5064,102,33,66,18,219
5065,166,17,66,18,267
5066,67,33,66,18,184
5067,64,19,66,18,167
5068,101,32,66,18,217
5070,67,32,66,18,183
5073,100,15,67,16,198
5076,99,34,100,16,249
5077,66,15,102,15,198
5078,66,34,100,16,216
5079,98,17,67,16,198
5082,168,34,83,15,300
5083,68,17,66,17,168
5084,68,32,51,17,168
5085,67,17,51,17,152
5086,67,34,65,18,184
5087,65,18,65,18,166
5088,66,34,83,15,198
5095,68,15,150,17,250
5096,168,34,65,17,284
5098,66,34,82,17,199
5099,83,33,99,17,232
5102,67,34,65,17,183
5103,51,34,65,17,167
5104,165,34,85,15,299
5105,66,17,66,17,166
5108,65,33,51,16,165
5109,67,16,51,16,150
5110,100,33,67,18,218
5112,67,33,67,18,185
5114,102,32,67,17,218
5115,50,35,155,16,256
5116,68,32,67,17,184
5119,49,35,88,16,188
5120,67,32,105,17,221
5121,50,32,105,17,204
5122,67,34,71,17,189
5123,105,34,115,17,271
5124,66,22,66,18,172
5125,73,34,115,17,239
5126,738,17,68,15,838
5127,55,18,115,17,205
5128,56,32,83,17,188
5129,99,33,83,18,233
5131,65,33,83,18,199
5132,100,17,67,17,201
5137,67,34,83,17,201
5138,66,18,83,17,184
5139,67,33,67,17,184
5140,51,33,67,17,168
5141,67,32,52,17,168
5144,66,17,67,15,165
5145,67,34,115,18,234
5146,50,34,115,18,217
5148,51,33,100,15,199
5149,67,32,68,15,182
5150,99,18,99,17,233
5151,100,33,66,17,216
5152,66,18,99,17,200
5153,67,33,66,17,183
5154,67,18,66,17,168
5157,99,33,83,17,232
5158,67,17,67,15,166
5159,66,33,83,17,199
5160,51,33,83,17,184
5161,166,34,67,16,283
5162,50,34,66,18,168
5163,100,33,68,15,216
5164,150,34,82,18,284
5165,67,33,68,15,183
5167,66,34,67,16,183
5168,152,32,117,16,317
5169,51,16,67,16,150
5172,65,18,67,15,165
5176,67,18,65,17,167
5177,67,31,100,18,216
5178,51,31,100,18,200
5179,66,34,118,15,233
5181,65,33,152,16,266
5182,50,33,152,16,251
5183,100,34,101,16,251
5184,83,34,101,16,234
5185,66,34,101,16,217
5187,51,16,101,16,184
5188,67,15,68,16,166
5190,65,19,67,15,166
5191,101,34,82,16,233
5192,83,34,82,16,215
5193,68,34,82,16,200
5196,65,17,50,16,148
5197,99,33,100,17,249
5198,50,33,84,16,183
5199,65,33,100,17,215
5201,99,34,84,17,234
5202,63,17,67,17,164
5203,66,34,84,17,201
5205,67,33,68,16,184
5206,101,16,68,16,201
5207,67,33,68,16,184
5208,66,16,68,16,166
5209,84,17,66,17,184
5210,66,17,66,17,166
5211,51,17,66,17,151
5212,51,33,100,18,202
5215,183,16,67,18,284
5218,51,33,66,17,167
5219,150,17,51,15,233
5220,68,15,84,16,183
5221,150,16,68,16,250
5222,67,16,67,18,168
5223,66,34,51,15,166
5224,99,16,68,16,199
5225,67,33,68,16,184
5227,51,16,68,16,151
5230,84,32,101,16,233
5232,100,17,66,16,199
5233,102,31,51,16,200
5237,50,16,51,16,133
5239,82,16,67,18,183
5240,101,17,82,17,217
5241,51,16,67,18,152
5242,68,17,82,17,184
5244,66,17,67,16,166
5245,67,34,132,17,250
5246,67,16,132,17,232
5247,165,33,100,17,315
5248,84,33,66,17,200
5249,67,33,66,17,183
5251,66,33,68,16,183
5252,83,33,100,17,233
5253,66,33,100,17,216
5254,68,15,100,17,200
5256,166,17,84,17,284
5257,68,32,67,17,184
5258,66,16,67,17,166
5259,100,34,84,17,235
5260,83,34,84,17,218
5261,65,34,84,17,200
5262,66,17,84,17,184
5263,84,18,66,17,185
5266,101,17,65,18,201
5267,67,34,65,18,184
5268,67,17,65,18,167
5269,102,29,68,16,215
5271,150,17,65,17,249
5272,100,17,83,15,215
5273,100,33,65,17,215
5274,66,17,83,15,181
5275,64,33,65,17,179
5279,66,32,68,16,182
5280,99,17,134,16,266
5281,65,34,134,16,249
5285,101,34,67,17,219
5286,51,33,67,16,167
5287,67,34,67,17,185
5288,67,17,67,17,168
5289,67,33,100,18,218
5291,67,34,66,18,185
5292,101,16,51,15,183
5293,67,33,51,15,166
5295,166,34,66,33,299
5297,66,33,99,17,215
5298,98,17,66,17,198
5299,51,15,99,17,182
5302,65,17,66,33,181
5303,67,32,134,18,251
5304,51,32,134,18,235
5305,66,34,67,18,185
5306,66,17,67,18,168
5307,66,33,67,18,184
5308,101,16,51,17,185
5314,84,32,134,18,268
5315,51,17,83,16,167
5316,50,32,134,18,234
5317,67,34,83,17,201
5318,66,17,83,17,183
5319,66,33,134,16,249
5321,100,34,67,16,217
5322,67,16,52,15,150
5323,66,34,67,16,183
5324,66,17,67,16,166
5325,67,33,82,19,201
5327,52,15,82,19,168
5329,67,32,85,16,200
5331,66,35,66,16,183
5332,64,19,66,16,165
5333,67,32,67,18,184
5334,101,16,66,16,199
5338,66,17,100,16,199
5339,67,33,67,16,183
5340,67,15,67,16,165
5342,66,18,100,16,200
5343,100,34,66,17,217
5345,67,34,66,17,184
5346,67,18,66,17,168
5347,165,35,84,17,301
5349,100,32,52,17,201
5350,168,17,67,16,268
5351,66,32,52,17,167
5353,100,34,67,16,217
5354,101,17,67,16,201
5355,67,34,67,16,184
5356,67,17,67,16,167
5357,102,34,82,18,236
5358,51,33,134,15,233
5359,101,33,116,15,265
5360,84,33,116,15,248
5361,67,33,116,15,231
5362,51,33,116,15,215
5363,67,32,84,15,198
5365,65,35,64,18,182
5367,67,32,68,15,182
5368,52,32,68,15,167
5369,84,15,86,15,200
5370,100,18,65,16,199
5371,100,33,84,16,233
5373,68,33,84,16,201
5374,66,18,84,16,184
5375,51,18,84,16,169
5376,68,15,52,16,151
5378,66,36,82,17,201
5380,67,16,66,17,166
5381,52,16,66,17,151
5383,69,33,67,16,185
5384,82,32,84,17,215
5385,66,32,84,17,199
5387,65,35,66,18,184
5388,64,19,66,18,167
5390,99,17,51,17,184
5391,69,32,51,17,169
5394,50,34,116,17,217
5395,66,34,99,18,217
5397,51,17,99,18,185
5399,67,32,52,15,166
5401,99,33,84,17,233
5403,66,33,84,17,200
5406,50,34,67,18,169
5407,67,34,83,16,200
5408,64,19,83,16,182
5409,101,33,65,18,217
5412,52,33,65,18,168
5413,66,33,84,15,198
5414,83,32,67,18,200
5415,66,32,67,18,183
5416,98,16,102,16,232
5417,65,34,102,16,217
5418,166,18,66,15,265
5421,67,33,52,15,167
5422,67,15,52,15,149
5423,102,31,85,15,233
5424,100,15,85,15,215
5427,52,15,85,15,167
5428,99,18,82,18,217
5429,66,33,82,18,199
5432,66,15,68,17,166
5433,166,34,83,17,300
5434,68,17,118,15,218
5435,82,18,85,15,200
5437,50,18,85,15,168
5438,67,16,117,17,217
5439,66,34,83,17,200
5440,103,15,67,16,201
5441,67,33,67,16,183
5443,52,15,67,16,150
5444,51,34,99,18,202
5446,65,17,66,18,166
5447,67,34,66,16,183
5448,166,19,64,17,266
5449,99,34,84,15,232
5450,66,17,69,14,166
5451,66,34,84,15,199
5452,50,34,84,15,183
5453,299,34,84,15,432
5454,67,19,64,17,167
5455,69,32,200,16,317
5456,100,15,85,14,214
5457,67,32,85,14,198
5458,68,15,85,14,182
5459,64,34,117,17,232
5460,67,17,117,17,218
5461,98,33,69,16,216
5462,64,17,85,17,183
5463,85,14,69,16,184
5464,68,14,69,16,167
5465,100,34,84,15,233
5466,68,17,65,17,167
5468,83,31,53,15,182
5469,69,31,53,15,168
5470,51,31,53,15,150
5471,65,34,85,15,199
5472,65,17,85,15,182
5475,53,15,66,18,152
5476,167,18,83,16,284
5477,67,33,68,17,185
5478,66,15,68,17,166
5479,66,33,52,16,167
5480,68,15,52,16,151
5482,65,18,83,16,182
5483,68,33,66,17,184
5484,83,33,50,15,181
5485,52,16,66,17,151
5487,66,33,67,17,183
5489,66,32,52,18,168
5490,67,15,52,18,152
5491,50,15,52,18,135
5492,83,35,81,17,216
5493,67,35,81,17,200
5494,67,18,81,17,183
5495,101,34,67,17,219
5497,66,34,67,17,184
5498,66,17,67,17,167
5500,84,34,64,19,201
5502,84,32,51,18,185
5503,84,15,51,18,168
5504,51,32,51,18,152
5505,98,19,85,15,217
5506,101,18,82,16,217
5507,64,19,85,15,183
5508,66,18,82,16,182
5511,168,33,69,16,286
5512,85,31,50,16,182
5513,67,31,50,16,164
5514,66,16,50,16,148
5518,99,17,102,15,233
5519,50,16,69,16,151
5520,66,17,102,15,200
5522,67,18,67,15,167
5523,85,17,84,15,201
5524,52,33,84,15,184
5526,68,17,116,15,216
5531,65,33,68,16,182
5533,99,35,66,16,216
5534,99,17,66,16,198
5535,66,35,66,16,183
5536,68,17,66,16,167
5537,68,32,100,18,218
5538,66,16,100,18,200
5539,51,16,100,18,185
5540,68,15,66,18,167
5541,66,34,65,18,183
5543,50,18,65,18,151
5544,65,16,134,16,231
5547,65,34,83,16,198
5548,67,16,83,16,182
5551,52,15,100,18,185
5553,67,32,52,16,167
5555,100,34,66,16,216
5556,83,34,66,16,199
5557,84,16,66,16,182
5558,50,34,66,16,166
5559,52,16,66,16,150
5560,51,32,135,17,235
5561,66,34,101,17,218
5562,98,17,68,17,200
5563,66,33,68,17,184
5564,100,15,52,17,184
5567,66,35,82,17,200
5568,68,17,82,17,184
5570,50,34,82,16,182
5572,51,32,50,16,149
5573,66,33,100,16,215
5575,65,33,67,16,181
5576,66,16,67,16,165
5579,67,33,67,17,184
5580,167,17,67,16,267
5581,51,16,67,17,151
5582,299,17,68,15,399
5583,67,33,67,16,183
5584,66,17,67,16,166
5592,66,17,83,17,183
5594,67,16,68,16,167
5595,65,34,68,15,182
5596,66,17,68,15,166
5598,67,17,66,17,167
5599,51,17,66,17,151
5600,51,34,82,18,185
5601,68,32,68,15,183
5602,51,32,68,15,166
5603,66,34,82,18,200
5604,67,17,82,18,184
5605,166,32,118,15,331
5609,66,34,100,16,216
5610,84,32,118,15,249
5611,66,32,118,15,231
5613,66,34,84,15,199
5614,67,17,84,15,183
5615,299,35,66,16,416
5616,67,16,65,17,165
5617,167,34,66,17,284
5618,101,15,68,15,199
5619,99,34,100,17,250
5620,66,15,68,15,164
5621,65,34,100,17,216
5622,100,17,66,17,200
5623,66,34,66,17,183
5625,51,17,66,17,151
5626,101,16,67,15,199
5627,84,16,67,15,182
5628,83,35,66,16,200
5629,66,35,66,16,183
5630,51,35,66,16,168
5631,68,32,117,16,233
5632,66,17,117,16,216
5633,101,33,86,13,233
5634,84,33,86,13,216
5635,66,33,86,13,198
5637,153,13,68,15,249
5638,52,33,53,13,151
5639,66,33,101,15,215
5640,67,16,101,15,199
5641,66,33,68,15,182
5642,69,13,68,15,165
5643,99,35,133,16,283
5644,82,35,133,16,266
5645,66,35,133,16,250
5646,64,17,133,16,230
5647,51,17,133,16,217
5648,65,18,100,16,199
5650,66,18,98,18,200
5651,67,32,66,18,183
5652,52,32,66,18,168
5653,66,34,66,16,182
5654,166,18,84,15,283
5655,66,32,50,18,166
5656,100,16,167,16,299
5659,166,33,101,34,334
5661,50,18,84,15,167
5663,501,32,83,18,634
5664,67,17,116,18,218
5666,83,34,67,34,218
5667,64,34,67,34,199
5668,100,18,67,15,200
5669,101,33,67,16,217
5671,101,34,66,17,218
5673,67,34,66,17,184
5674,51,34,66,17,168
5675,67,33,82,17,199
5677,100,33,100,16,249
5678,52,33,66,17,168
5679,66,33,100,16,215
5680,51,33,100,16,200
5682,100,16,68,16,200
5684,99,17,66,17,199
5686,84,34,65,18,201
5687,67,34,65,18,184
5689,68,32,83,18,201
5690,51,32,83,18,184
5691,66,33,68,17,184
5692,67,16,68,17,168
5693,150,16,81,20,267
5695,67,34,66,17,184
5697,68,33,81,20,202
5698,50,33,81,20,184
5700,51,33,117,17,218
5701,100,34,66,17,217
5702,97,20,66,17,200
5703,67,34,66,17,184
5706,51,32,101,16,200
5707,66,34,67,16,183
5708,103,16,83,18,220
5710,68,16,83,18,185
5711,51,16,83,18,168
5712,84,33,83,17,217
5715,67,34,66,16,183
5716,66,18,66,16,166
5717,67,32,117,17,233
5718,100,17,83,17,217
5721,66,34,66,17,183
5723,68,32,118,16,234
5724,100,17,84,16,217
5726,67,17,84,16,184
5727,66,33,67,16,182
5728,100,18,149,17,284
5730,66,18,149,17,250
5731,67,33,51,15,166
5733,51,16,51,15,133
5734,67,18,82,17,184
5736,50,32,67,16,165
5737,51,15,67,16,149
5739,65,34,67,16,182
5741,67,33,67,17,184
5742,50,33,67,17,167
5743,67,34,83,16,200
5744,67,17,83,16,183
5745,67,33,66,17,183
5747,67,35,81,17,200
5748,67,18,81,17,183
5749,99,35,66,15,215
5750,67,16,67,16,166
5751,167,33,51,15,266
5752,66,18,66,15,165
5753,66,32,84,16,198
5754,83,34,133,18,268
5755,67,34,133,18,252
5758,168,16,66,17,267
5759,67,33,67,18,185
5760,84,33,52,16,185
5761,66,33,52,16,167
5762,51,33,52,16,152
5763,100,34,66,17,217
5765,67,34,66,17,184
5766,67,16,66,17,166
5767,52,16,66,17,151
5769,66,34,65,19,184
5770,65,17,65,19,166
5771,66,34,116,17,233
5772,68,17,116,17,218
5773,99,19,66,17,201
5774,70,31,66,17,184
5775,65,19,66,17,167
5776,67,16,67,16,166
5777,66,33,84,16,199
5778,64,16,84,16,180
5779,102,34,82,17,235
5781,101,32,67,16,216
5782,100,16,67,16,199
5783,100,34,67,16,217
5784,67,16,67,16,166
5785,66,34,67,16,183
5786,67,17,67,16,167
5788,66,17,117,17,217
5789,67,34,83,17,201
5790,66,18,83,17,184
5791,67,33,67,16,183
5793,67,33,67,17,184
5794,101,17,66,18,202
5795,66,34,66,18,184
5796,67,17,66,18,168
5797,151,15,84,17,267
5798,51,33,51,15,150
5799,100,33,84,17,234
5803,51,15,84,17,167
5804,99,17,66,18,200
5805,66,34,66,18,184
5806,65,17,66,18,166
5807,67,34,66,17,184
5809,68,32,51,17,168
5813,66,34,66,17,183
5814,168,16,50,18,252
5815,51,17,66,17,151
5816,65,17,51,16,149
5817,83,17,150,17,267
5819,66,33,50,18,167
5820,68,16,50,18,152
5821,102,33,83,15,233
5825,50,18,83,15,166
5826,51,31,102,17,201
5827,82,17,67,17,183
5828,318,33,117,15,483
5832,67,17,82,18,184
5833,84,16,67,15,182
5834,116,34,67,16,233
5835,52,16,67,15,150
5836,83,34,67,16,200
5838,65,18,67,16,166
5840,51,32,51,17,151
5841,66,35,82,18,201
5842,85,33,117,15,250
5844,52,33,117,15,217
5847,66,34,65,18,183
5848,66,18,65,18,167
5849,67,32,101,16,216
5850,67,17,101,16,201
5852,68,15,84,16,183
5853,65,34,66,18,183
5854,118,32,101,16,267
5855,51,16,66,18,151
5856,83,32,101,16,232
5857,68,32,101,16,217
5859,66,35,66,16,183
5860,50,35,66,16,167
5862,66,17,67,18,168
5863,67,34,82,17,200
5864,66,17,82,17,182
5865,66,33,66,17,182
5866,84,34,65,17,200
5867,67,34,65,17,183
5868,50,34,65,17,166
5869,67,32,100,17,216
5870,100,16,67,17,200
5871,66,33,67,17,183
5872,65,16,67,17,165
5873,65,35,67,16,183
5874,85,32,51,16,184
5875,68,32,51,16,167
5876,51,32,51,16,150
5877,67,35,80,18,200
5880,51,32,66,19,168
5881,51,16,66,19,152
5882,50,34,51,15,150
5884,64,18,67,17,166
5885,66,34,66,17,183
5887,51,15,66,17,149
5888,102,16,69,16,203
5890,65,16,69,16,166
5892,65,18,66,17,166
5895,69,32,66,18,185
5896,101,16,67,18,202
5897,99,33,84,17,233
5898,168,15,51,17,251
5899,65,33,84,17,199
5900,67,15,84,17,183
5901,51,15,84,17,167
5902,101,15,51,17,184
5903,51,16,67,17,151
5904,67,15,51,17,150
5906,66,17,67,15,165
5908,49,34,83,16,182
5909,51,17,83,16,167
5910,99,18,49,18,184
5911,100,33,99,18,250
5915,66,34,150,16,266
5916,51,34,150,16,251
5917,49,18,150,16,233
5918,50,32,51,17,150
5919,167,33,99,18,317
5920,101,17,66,16,200
5921,65,35,66,16,182
5922,68,17,66,16,167
5923,101,33,99,18,251
5924,51,33,83,17,184
5925,101,33,117,18,269
5927,99,34,101,15,249
5928,51,33,117,18,219
5930,83,32,69,15,199
5931,67,32,69,15,183
5932,51,32,69,15,167
5934,67,17,99,17,200
5935,101,32,67,16,216
5937,69,32,67,16,184
5939,66,33,67,16,182
5941,99,33,67,16,215
5942,67,17,150,18,252
5943,67,33,67,16,183
5944,66,17,67,16,166
5945,67,34,83,18,202
5946,66,18,83,18,185
5947,67,33,68,15,183
5948,301,16,66,17,400
5949,67,33,117,16,233
5950,67,17,117,16,217
5951,66,35,98,19,218
5953,68,32,66,19,185
5954,169,14,68,15,266
5955,100,33,67,16,216
5956,67,16,100,16,199
5958,102,14,68,15,199
5960,68,14,68,15,165
5962,99,18,82,18,217
5963,67,34,82,18,201
5965,68,32,68,17,185
5966,150,33,182,18,383
5967,66,35,83,17,201
5970,300,18,67,15,400
5971,68,33,182,18,301
5972,51,33,182,18,284
5973,83,17,83,15,198
5974,68,17,83,15,183
5975,67,33,65,18,183
5977,67,32,83,18,200
5978,67,15,83,18,183
5979,83,15,68,15,181
5980,67,15,68,15,165
5981,65,35,65,17,182
5982,66,17,65,17,165
5983,101,32,101,17,251
5984,83,32,101,17,233
5988,67,18,116,17,218
5990,52,32,84,17,185
5991,67,34,101,15,217
5992,67,17,101,15,200
5995,67,34,83,17,201
5998,84,32,118,15,249
