序号,发送->接收,接收->转发,转发->接收,接收->处理,总计
1,63,31,68,17,179
2,64,35,84,15,198
3,50,35,84,15,184
5,66,17,131,19,233
6,85,17,65,18,185
7,68,17,65,18,168
9,68,15,65,19,167
11,68,14,119,15,216
12,97,19,83,17,216
13,66,33,83,17,199
14,65,19,83,17,184
15,65,16,67,17,165
16,51,16,67,17,151
17,82,34,68,15,199
18,68,34,68,15,185
19,68,15,68,15,166
22,51,18,81,18,168
23,83,31,102,17,233
24,68,31,102,17,218
25,51,31,102,17,201
26,81,18,133,17,249
27,83,33,66,17,199
30,52,16,66,17,151
33,67,15,51,17,150
34,51,15,51,17,134
35,65,17,83,26,191
37,66,17,75,8,166
39,51,32,68,16,167
40,83,26,75,15,199
43,60,25,99,17,201
44,84,16,101,16,217
45,67,16,101,16,200
46,75,15,133,18,241
47,67,15,133,18,233
49,68,15,132,19,234
51,66,17,98,19,200
52,51,17,98,19,185
53,65,17,65,19,166
54,67,32,52,17,168
56,65,33,68,18,184
58,65,36,82,17,200
60,69,32,67,16,184
61,51,32,67,16,166
62,68,35,66,17,186
63,67,17,66,17,167
64,67,32,68,15,182
65,67,17,68,15,167
67,83,34,66,16,199
68,66,34,66,16,182
69,51,34,66,16,167
70,68,33,98,17,216
71,52,33,98,17,200
72,82,18,65,17,182
73,65,18,65,17,165
75,67,17,66,17,167
76,98,34,85,16,233
77,83,34,85,16,218
79,100,16,134,16,266
81,66,16,134,16,232
82,67,34,167,17,285
83,67,17,167,17,268
84,85,16,100,16,217
88,50,17,67,16,150
89,82,34,83,15,214
90,66,34,83,15,198
92,67,33,65,18,183
93,67,17,65,18,167
94,50,17,65,18,150
96,67,31,68,17,183
97,67,15,68,17,167
98,65,34,68,16,183
100,65,34,116,17,232
101,83,34,99,18,234
102,68,34,99,18,219
103,50,34,99,18,201
104,68,34,65,18,185
105,66,18,65,18,167
106,68,33,65,17,183
108,67,32,101,16,216
109,66,17,101,16,200
111,68,15,68,16,167
112,65,34,116,17,232
113,67,17,116,17,217
114,67,34,82,17,200
115,83,33,133,18,267
116,68,33,133,18,252
117,51,33,133,18,235
118,50,17,133,18,218
120,133,33,70,14,250
122,66,34,51,15,166
124,66,33,70,14,183
125,67,17,70,14,168
126,67,33,66,19,185
128,51,15,66,19,151
129,66,21,64,15,166
130,70,29,68,15,182
131,52,29,68,15,164
132,66,35,83,16,200
134,64,33,66,18,181
135,65,18,66,18,167
136,68,33,84,15,200
138,83,16,66,18,183
140,66,34,66,17,183
142,84,15,69,15,183
143,82,34,50,16,182
144,66,34,50,16,166
146,66,35,66,16,183
148,69,31,69,15,184
149,51,31,69,15,166
151,67,17,65,18,167
152,66,34,65,17,182
153,67,18,65,17,167
154,51,18,65,17,151
157,67,16,117,17,217
158,65,34,83,17,199
159,67,17,83,17,184
160,68,32,68,16,184
161,67,15,68,16,166
162,51,15,68,16,150
163,67,17,67,16,167
164,67,33,67,16,183
165,83,34,99,18,234
166,84,18,99,18,219
168,83,17,66,18,184
169,67,17,66,18,168
170,50,17,66,18,151
171,51,32,52,16,151
172,83,16,66,18,183
173,67,16,66,18,167
174,84,16,50,16,166
175,68,16,50,16,150
177,82,34,67,15,198
178,66,34,67,15,182
180,50,16,67,15,148
181,66,16,83,18,183
182,66,35,66,18,185
183,98,17,68,17,200
184,51,16,66,18,151
185,66,17,68,17,168
188,100,33,101,16,250
189,51,34,84,16,185
192,51,16,101,16,184
193,66,16,68,16,166
195,67,16,66,16,165
196,83,18,131,17,249
197,66,18,131,17,232
198,68,32,68,16,184
199,66,16,68,16,166
200,82,18,65,17,182
203,66,18,83,16,183
204,68,31,100,18,217
205,68,15,100,18,201
206,65,34,66,18,183
207,66,17,66,18,167
208,83,16,83,18,200
209,67,16,83,18,184
210,68,32,69,16,185
212,84,33,67,16,200
213,66,33,67,16,182
215,66,18,131,18,233
216,69,32,67,17,185
217,51,32,67,17,167
218,52,16,67,17,152
220,65,34,50,17,166
221,83,32,68,17,200
225,66,17,83,16,182
226,117,17,65,17,216
228,102,32,85,15,234
229,84,32,85,15,216
230,67,32,85,15,199
231,101,15,67,17,200
232,66,33,67,17,183
233,99,17,134,16,266
234,65,34,134,16,249
236,85,15,67,17,184
237,67,15,67,17,166
238,52,15,67,17,151
239,67,18,66,16,167
240,83,17,67,17,184
242,67,34,68,15,184
243,100,17,50,16,183
245,84,35,81,17,217
246,67,35,81,17,200
248,68,31,67,18,184
249,67,16,67,18,168
250,50,16,67,18,151
252,81,17,101,15,214
253,66,17,101,15,199
258,83,18,132,18,251
259,65,18,132,18,233
260,68,33,66,17,184
261,65,18,66,17,166
262,82,17,66,18,183
265,68,16,51,16,151
266,66,33,67,17,183
267,67,16,67,17,167
268,50,16,67,17,150
269,67,16,83,18,184
270,100,34,67,16,217
271,67,16,68,15,166
272,101,34,99,17,251
274,67,34,99,17,217
275,66,18,99,17,200
276,50,18,99,17,184
277,51,33,66,17,167
279,67,18,82,16,183
281,67,17,101,15,200
283,67,16,68,15,166
284,82,16,85,15,198
287,67,17,65,18,167
288,51,17,65,18,151
289,66,17,66,17,166
290,100,33,67,17,217
292,65,33,67,17,182
293,68,15,67,17,167
294,83,18,67,15,183
297,66,16,85,16,183
298,102,33,83,16,234
299,85,33,83,16,217
300,82,18,83,16,199
301,66,18,83,16,183
302,85,16,66,16,183
304,66,33,67,16,182
307,82,34,67,15,198
309,84,34,83,16,217
311,66,18,83,16,183
312,68,33,66,16,183
313,52,33,66,16,167
314,67,33,66,18,184
315,51,33,66,18,168
316,66,33,66,17,182
317,67,16,66,17,166
318,66,33,150,17,266
319,51,33,150,17,251
321,82,35,82,17,216
322,66,35,82,17,200
324,68,33,99,17,217
325,67,16,99,17,199
327,51,33,66,17,167
329,132,17,66,18,233
330,82,17,84,16,199
332,66,34,66,18,184
334,50,17,66,18,151
335,67,17,84,15,183
336,84,16,66,18,184
337,67,16,66,18,167
338,84,16,65,17,182
339,68,16,65,17,166
341,82,33,52,16,183
342,66,33,52,16,167
343,115,34,99,19,267
345,65,17,67,17,166
346,67,34,99,19,219
347,67,16,99,19,201
348,101,34,66,16,217
350,84,17,66,16,183
351,66,17,66,16,165
353,82,34,68,15,199
354,85,15,68,15,183
355,68,15,68,15,166
356,51,15,68,15,149
357,100,17,148,17,282
360,68,33,66,16,183
361,52,33,66,16,167
362,85,15,100,17,217
365,67,17,134,16,234
367,65,17,83,18,183
369,66,17,68,16,167
370,66,34,50,16,166
371,50,34,50,16,150
373,67,18,100,16,201
375,51,32,118,16,217
377,84,34,66,15,199
378,66,34,66,15,181
379,67,17,66,15,165
380,68,33,100,16,217
381,67,17,100,16,200
384,81,20,82,16,199
386,68,32,66,16,182
389,118,35,64,17,234
390,98,35,64,17,214
391,82,35,64,17,198
392,82,19,64,17,182
393,66,19,64,17,166
394,68,33,99,17,217
395,66,18,99,17,200
396,68,31,68,17,184
397,52,31,68,17,168
399,66,18,65,18,167
400,66,33,100,16,215
401,82,32,68,16,198
402,68,32,68,16,184
403,68,15,68,16,167
404,65,34,66,18,183
406,50,16,66,18,150
407,66,17,101,16,200
408,68,32,69,16,185
409,66,16,69,16,167
410,66,34,134,17,251
413,85,33,66,17,201
414,69,33,66,17,185
415,51,33,66,17,167
416,118,16,67,17,218
417,52,32,68,16,168
419,83,34,67,16,200
420,66,34,67,16,183
421,67,17,67,16,167
424,84,17,65,16,182
425,67,17,65,16,165
426,116,16,68,17,217
427,100,16,68,17,201
428,83,16,68,17,184
429,66,16,68,17,167
430,65,34,116,18,233
431,65,18,116,18,217
432,67,34,82,18,201
434,68,33,100,17,218
435,52,33,100,17,202
436,84,16,67,17,184
437,67,16,67,17,167
438,82,18,67,15,182
439,65,18,67,15,165
440,67,33,67,17,184
442,67,34,112,7,220
443,85,33,79,7,204
444,67,33,79,7,186
445,65,18,79,7,169
447,67,62,58,17,204
448,112,25,69,14,220
449,97,25,69,14,205
450,79,25,69,14,187
451,62,25,69,14,170
452,58,36,115,15,224
453,87,31,99,18,235
454,69,31,99,18,217
458,64,33,67,16,180
459,67,16,67,16,166
460,84,15,117,16,232
461,67,15,117,16,215
463,67,16,83,16,182
464,67,33,66,17,183
465,99,16,67,18,200
466,67,33,67,18,185
467,66,16,67,18,167
468,83,16,101,18,218
469,67,16,101,18,202
472,134,34,82,18,268
473,117,34,82,18,251
474,101,34,82,18,235
475,84,34,82,18,218
476,67,34,82,18,201
478,66,33,67,18,184
481,65,18,66,17,166
483,66,18,67,16,167
485,69,15,101,15,200
486,51,15,101,15,182
487,51,34,67,15,167
488,67,47,69,17,200
489,96,20,66,17,199
490,81,20,66,17,184
491,64,20,66,17,167
492,67,33,66,17,183
493,51,33,66,17,167
494,69,17,65,18,169
495,82,33,83,18,216
496,66,33,83,18,200
498,66,32,69,15,182
499,67,15,69,15,166
500,65,35,66,18,184
501,66,17,66,18,167
502,67,34,66,17,184
503,66,18,66,17,167
504,69,32,84,17,202
505,51,32,84,17,184
507,68,16,67,16,167
508,66,37,80,16,199
509,68,20,80,16,184
511,66,17,100,16,199
514,63,33,67,17,180
515,67,16,67,17,167
517,50,34,66,17,167
518,67,33,50,16,166
524,84,16,67,17,184
525,67,16,67,17,167
526,67,33,67,18,185
527,83,34,67,16,200
529,67,16,67,16,166
530,51,16,67,16,150
531,67,16,66,17,166
533,67,16,65,18,166
534,51,16,65,18,150
535,82,33,67,16,198
536,66,33,67,16,182
537,65,16,67,16,164
538,65,33,68,18,184
540,66,34,68,15,183
541,66,17,68,15,166
542,67,34,66,17,184
544,68,34,66,16,184
545,69,16,66,16,167
546,83,17,101,15,216
547,52,32,101,15,200
549,65,17,67,15,164
551,67,18,66,16,167
552,68,33,66,16,183
554,67,33,66,16,182
556,66,33,67,16,182
557,65,17,67,16,165
559,100,18,100,17,235
560,82,18,100,17,217
561,66,18,100,17,201
562,83,17,84,16,200
563,67,17,84,16,184
566,66,34,67,17,184
567,84,33,66,18,201
568,67,33,66,18,184
570,51,16,66,18,151
571,67,17,66,16,166
572,67,32,68,16,183
573,67,15,68,16,166
575,67,16,133,18,234
576,66,34,66,14,180
577,65,18,66,14,163
578,68,32,67,18,185
579,50,32,67,18,167
580,66,34,51,16,167
581,70,14,51,16,151
583,64,19,67,17,167
584,67,34,67,15,183
586,67,33,67,16,183
588,84,17,132,17,250
589,66,17,132,17,232
592,67,34,65,17,183
593,66,18,65,17,166
594,67,31,201,18,317
595,83,34,67,16,200
597,66,17,67,16,166
598,65,33,118,16,232
599,67,16,118,16,217
600,51,16,118,16,201
601,68,16,84,16,184
602,102,31,67,19,219
603,66,19,83,15,183
604,85,15,67,19,186
606,84,16,67,17,184
607,84,33,67,16,200
608,65,33,67,16,181
609,67,15,67,16,165
613,66,16,68,16,166
615,64,18,117,16,215
616,101,32,87,13,233
617,67,17,83,16,183
618,68,32,87,13,200
621,65,19,52,13,149
624,67,33,69,14,183
625,51,33,69,14,167
626,52,13,69,14,148
627,65,17,118,15,215
628,84,18,97,18,217
629,82,32,65,18,197
630,69,32,65,18,184
631,53,32,65,18,168
633,66,16,51,17,150
634,82,15,168,16,281
637,67,17,67,15,166
638,84,16,66,19,185
640,83,19,66,16,184
641,99,16,69,15,199
643,66,16,69,15,166
644,85,16,67,16,184
645,69,16,67,16,168
648,84,18,70,13,185
650,67,33,99,18,217
651,67,17,99,18,201
654,70,30,66,17,183
655,67,17,66,17,167
656,67,32,67,18,184
657,51,32,67,18,168
659,67,16,101,16,200
660,50,16,101,16,183
661,66,16,68,16,166
662,51,16,68,16,151
663,67,16,100,17,200
664,117,17,50,15,199
666,53,15,66,17,151
667,66,17,50,15,148
668,100,32,67,18,217
669,81,32,67,18,198
670,66,32,67,18,183
671,67,15,67,18,167
672,50,15,67,18,150
673,68,16,66,18,168
674,67,32,67,16,182
675,66,16,67,16,165
676,67,34,67,17,185
677,82,33,68,17,200
678,84,15,68,17,184
679,99,18,66,18,201
680,67,34,66,18,185
681,65,18,66,18,167
684,85,15,67,17,184
685,69,15,67,17,168
686,66,34,101,15,216
687,67,16,101,15,199
688,66,33,68,15,182
694,68,32,52,17,169
695,83,33,66,17,199
696,84,15,66,17,182
697,69,15,66,17,167
698,84,17,63,17,181
700,52,17,63,17,149
701,51,30,67,18,166
703,64,16,52,16,148
704,63,34,86,14,197
705,65,17,86,14,182
706,50,17,86,14,167
707,50,34,52,14,150
711,68,14,101,18,201
712,52,14,101,18,185
713,64,18,84,14,180
714,67,33,99,17,216
715,63,19,99,17,198
716,68,33,66,17,184
717,51,33,66,17,167
718,66,32,67,18,183
720,51,14,67,18,150
721,66,17,67,18,168
722,66,33,52,16,167
723,65,16,52,16,149
725,68,16,67,17,168
726,51,16,67,17,151
728,52,16,66,18,152
729,83,33,85,14,215
730,67,33,85,14,199
731,100,16,51,14,181
732,100,32,83,19,234
733,67,16,51,14,148
736,66,33,69,15,183
737,67,14,69,15,165
738,51,14,69,15,149
740,67,35,131,18,251
743,90,28,65,18,201
744,73,28,65,18,184
745,67,18,65,18,168
747,68,17,65,16,166
748,62,31,69,16,178
749,68,15,69,16,168
750,65,34,67,17,183
751,66,16,67,17,166
752,81,19,65,17,182
753,65,19,65,17,166
754,85,16,68,15,184
755,116,35,131,17,299
756,67,33,67,17,184
758,65,35,131,17,248
759,84,32,67,17,200
760,117,20,113,16,266
762,67,37,113,16,233
763,67,20,113,16,216
764,69,30,67,16,182
765,84,32,51,16,183
767,67,15,51,16,149
771,50,32,100,16,198
772,51,16,100,16,183
773,100,18,67,16,201
774,82,18,67,16,183
775,66,18,67,16,167
776,68,32,68,16,184
777,67,16,68,16,167
778,66,35,99,17,217
779,66,19,99,17,201
780,67,33,66,17,183
781,67,17,66,17,167
782,68,32,51,17,168
783,52,32,51,17,152
785,66,17,101,15,199
786,66,34,67,15,182
787,67,17,67,15,166
788,68,34,117,15,234
790,68,33,84,15,200
791,68,16,84,15,183
792,67,34,65,17,183
793,86,31,67,17,201
794,67,31,67,17,182
795,50,31,67,17,165
797,69,15,67,16,167
798,65,33,67,17,182
799,52,33,67,17,169
801,65,17,66,15,163
802,67,33,68,15,183
804,67,33,67,14,181
805,67,16,67,14,164
806,66,35,69,17,187
809,51,32,54,18,155
810,67,37,67,16,187
811,52,37,67,16,172
812,86,18,64,16,184
813,71,18,64,16,169
815,90,32,69,16,207
816,83,16,69,16,184
817,66,16,69,16,167
818,64,32,70,15,181
819,65,16,70,15,166
820,64,37,66,14,181
822,51,18,66,14,149
823,53,33,67,16,169
824,70,33,65,18,186
825,66,18,65,18,167
826,80,20,65,18,183
828,67,31,100,19,217
829,83,34,66,19,202
831,69,16,66,19,170
832,65,34,51,18,168
833,67,16,51,18,152
834,68,32,117,16,233
835,65,17,117,16,215
836,66,37,96,17,216
837,67,18,96,17,198
838,51,18,96,17,182
839,54,30,66,17,167
842,63,33,52,15,163
844,83,17,102,16,218
847,68,15,69,16,168
848,52,15,69,16,152
849,66,18,201,16,301
850,67,35,64,16,182
851,84,31,67,17,199
852,69,31,67,17,184
853,53,31,67,17,168
855,83,34,68,16,201
856,64,34,68,16,182
857,64,18,68,16,166
858,67,34,65,18,184
859,68,17,65,18,168
860,68,34,98,17,217
862,68,31,67,17,183
863,67,15,67,17,166
864,65,35,67,16,183
866,66,32,51,16,165
867,65,17,51,16,149
868,67,35,100,15,217
869,66,18,100,15,199
871,68,16,101,16,201
872,51,16,101,16,184
875,84,33,66,16,199
876,68,33,66,16,183
877,66,18,66,16,166
879,50,33,65,19,167
881,68,16,66,18,168
882,66,32,67,19,184
883,66,16,67,19,168
886,66,33,101,18,218
889,67,16,66,18,167
890,85,16,66,17,184
893,65,17,68,16,166
894,66,33,68,15,182
895,67,15,68,15,165
897,50,35,66,16,167
901,84,32,67,16,199
902,66,32,67,16,181
903,66,16,67,16,165
904,100,32,68,15,215
906,67,32,68,15,182
907,66,17,68,15,166
908,83,18,65,18,184
911,85,31,67,18,201
912,68,31,67,18,184
913,83,35,66,17,201
914,65,35,66,17,183
915,84,32,67,17,200
917,51,32,67,17,167
918,50,17,67,17,151
919,67,16,67,16,166
920,66,33,68,18,185
922,67,34,52,15,168
924,67,34,70,12,183
925,66,18,70,12,166
926,86,15,67,16,184
928,52,15,67,16,150
929,51,37,79,16,183
930,70,30,65,18,183
931,64,18,65,18,165
935,83,34,101,17,235
936,65,34,101,17,217
937,100,18,66,17,201
938,66,35,66,17,184
939,67,18,66,17,168
942,67,34,83,16,200
943,84,33,117,16,250
946,51,16,117,16,200
948,83,16,51,16,166
949,66,16,51,16,149
950,100,33,66,17,216
951,83,33,66,17,199
953,67,16,66,17,166
954,51,16,66,17,150
956,67,32,68,17,184
957,66,16,68,17,167
958,66,34,51,15,166
960,66,34,83,17,200
962,68,32,68,16,184
963,68,15,68,16,167
964,51,15,68,16,150
965,67,17,99,18,201
967,83,33,50,16,182
969,51,33,50,16,150
970,67,32,67,17,183
975,68,15,85,17,185
976,67,34,51,17,169
977,83,33,99,18,233
978,67,33,99,18,217
979,65,17,99,18,199
982,51,17,64,18,150
983,100,16,68,17,201
986,64,35,133,19,251
987,66,17,133,19,235
988,67,33,66,17,183
989,68,16,66,17,167
991,67,16,67,19,169
993,66,16,53,14,149
995,66,17,84,15,182
997,69,14,134,16,233
999,68,15,101,16,200
1000,84,15,68,16,183
1001,65,15,68,16,164
1002,83,17,101,17,218
1003,65,17,101,17,200
1004,67,34,67,17,185
1005,67,16,67,17,167
1006,68,34,67,17,186
1007,67,18,67,17,169
1008,68,33,67,17,185
1009,83,34,66,16,199
1011,68,17,66,16,167
1012,67,33,66,16,182
1013,102,16,66,17,201
1014,67,33,66,17,183
1017,65,17,85,15,182
1018,82,17,52,15,166
1019,65,17,52,15,149
1020,66,33,67,16,182
1021,102,15,101,16,234
1025,66,17,68,16,167
1026,67,35,65,17,184
1030,68,32,68,15,183
1031,68,16,68,15,167
1033,51,33,66,18,168
1034,65,35,65,17,182
1035,66,18,65,17,166
1036,68,31,68,18,185
1038,50,16,68,18,152
1039,67,16,66,17,166
1040,117,14,50,18,199
1042,68,32,50,18,168
1044,52,14,50,18,134
1046,67,33,99,18,217
1047,64,18,99,18,199
1048,84,17,66,18,185
1051,68,16,51,17,152
1052,83,16,67,18,184
1054,66,35,64,18,183
1055,67,17,64,18,166
1056,68,32,66,18,184
1057,51,32,66,18,167
1058,67,32,101,18,218
1059,67,14,101,18,200
1060,64,34,105,15,218
1061,65,16,105,15,201
1062,66,32,73,15,186
1063,66,14,73,15,168
1065,66,17,53,13,149
1066,67,38,64,16,185
1067,67,20,64,16,167
1069,70,13,52,16,151
1070,53,13,52,16,134
1071,67,17,99,15,198
1072,64,32,133,18,247
1073,65,16,133,18,232
1074,52,16,133,18,219
1075,99,17,66,18,200
1076,82,17,66,18,183
1077,66,17,66,18,167
1081,83,33,69,15,200
1082,66,33,69,15,183
1083,69,15,69,15,168
1084,52,15,69,15,151
1086,83,19,67,14,183
1087,65,19,67,14,165
1088,69,32,134,16,251
1089,99,19,99,16,233
1090,50,17,134,16,217
1095,66,17,68,17,168
1096,99,33,99,17,248
1097,69,16,67,17,169
1098,67,33,99,17,216
1100,102,33,65,18,218
1101,66,17,65,17,165
1102,67,33,65,18,183
1103,68,16,65,18,167
1105,50,32,51,15,148
1106,65,33,69,15,182
1109,67,15,68,17,167
1111,66,19,100,17,202
1112,69,32,68,17,186
1113,100,17,99,16,232
1114,51,17,68,17,153
1117,51,34,65,16,166
1118,68,32,100,16,216
1119,68,15,100,16,199
1120,81,18,67,16,182
1121,66,18,67,16,167
1122,65,33,50,17,165
1124,66,34,67,18,185
1125,68,17,67,18,170
1126,83,17,52,16,168
1129,67,17,66,16,166
1131,51,34,66,16,167
1132,52,16,66,16,150
1133,66,17,67,17,167
1134,66,34,67,15,182
1135,64,18,67,15,164
1136,82,17,67,17,183
1137,67,17,67,17,168
1138,67,34,100,15,216
1140,67,33,67,15,182
1141,51,33,67,15,166
1143,83,34,65,18,200
1144,66,34,65,18,183
1147,99,16,83,17,215
1148,65,34,83,17,199
1150,83,16,66,19,184
1151,68,16,66,19,169
1155,65,17,134,15,231
1156,66,35,82,17,200
1159,69,16,100,16,201
1160,117,17,50,17,201
1161,82,33,50,17,182
1162,66,33,50,17,166
1163,65,17,50,17,149
1166,67,33,67,15,182
1167,67,17,67,15,166
1168,50,17,67,15,149
1169,52,34,65,20,171
1170,100,32,68,15,215
1172,82,17,68,15,182
1173,67,17,68,15,167
1175,68,15,65,18,166
1176,52,15,65,18,150
1177,85,32,134,16,267
1178,68,32,134,16,250
1180,83,16,67,16,182
1182,82,18,66,16,182
1183,85,33,67,16,201
1186,67,33,67,15,182
1188,82,18,65,18,183
1189,66,18,65,18,167
1192,67,32,51,16,166
1193,51,32,51,16,150
1194,65,34,133,17,249
1196,83,16,68,16,183
1197,68,16,68,16,168
1198,102,33,65,19,219
1199,84,33,65,19,201
1200,68,33,65,19,185
1202,68,32,52,16,168
1204,65,33,101,17,216
1206,65,35,66,17,183
1207,68,16,66,17,167
1210,67,34,66,18,185
1212,66,34,66,16,182
1213,67,17,66,16,166
1214,51,17,66,16,150
1216,66,34,134,17,251
1218,82,17,101,17,217
1219,67,17,101,17,202
1220,50,17,101,17,185
1221,100,16,51,15,182
1222,84,16,51,15,166
1224,51,16,51,15,133
1225,68,17,66,17,168
1226,84,15,101,16,216
1227,67,15,101,16,199
1228,51,15,101,16,183
1229,66,17,67,16,166
1230,66,35,66,15,182
1233,84,34,98,18,234
1234,67,34,98,18,217
1236,66,32,66,18,182
1237,66,17,66,18,167
1238,66,34,66,17,183
1239,67,17,66,17,167
1241,67,16,68,16,167
1243,67,16,100,16,199
1245,67,17,66,16,166
1246,68,34,100,16,218
1247,66,18,100,16,200
1249,66,17,68,16,167
1250,66,34,50,16,166
1251,66,18,50,16,150
1254,68,32,67,18,185
1255,52,32,67,18,169
1256,82,18,51,15,166
1258,66,33,83,18,200
1260,67,33,68,15,183
1261,69,15,68,15,167
1263,51,33,68,15,167
1264,83,18,67,15,183
1266,68,33,66,17,184
1267,52,33,66,17,168
1269,85,32,101,15,233
1270,67,32,101,15,215
1273,68,17,67,15,167
1274,82,16,102,15,215
1275,67,16,102,15,200
1276,66,35,100,15,216
1277,66,18,100,15,199
1278,67,31,69,15,182
1279,66,16,69,15,166
1280,66,36,64,17,183
1282,67,33,65,18,183
1283,67,18,65,18,168
1284,84,16,68,16,184
1286,64,34,67,17,182
1289,100,17,52,15,184
1293,66,19,80,18,183
1294,69,31,67,17,184
1295,53,31,67,17,168
1296,67,33,100,18,218
1297,99,18,66,18,201
1298,80,18,66,18,182
1299,82,34,66,16,198
1301,51,34,66,16,167
1303,52,32,66,17,167
1305,49,34,65,18,166
1307,66,16,202,15,299
1308,83,16,67,18,184
1310,65,34,68,15,182
1313,50,33,133,17,233
1314,67,35,67,15,184
1315,67,17,67,15,166
1316,100,35,83,16,234
1317,82,35,83,16,216
1321,52,31,52,16,151
1322,66,35,83,17,201
1323,133,18,82,18,251
1324,66,33,134,16,249
1325,68,16,134,16,234
1327,85,33,83,16,217
1328,67,33,83,16,199
1329,66,17,83,16,182
1331,51,32,51,16,150
1332,65,35,98,17,215
1333,84,32,66,17,199
1334,67,32,66,17,182
1335,51,32,66,17,166
1336,85,16,66,17,184
1337,68,16,66,17,167
1338,66,32,100,19,217
1339,66,16,100,19,201
1340,66,34,66,19,185
1343,83,33,67,17,200
1344,67,33,67,17,184
1345,68,15,67,17,167
1346,66,35,66,16,183
1348,83,17,67,17,184
1349,50,32,67,17,166
1350,67,34,66,17,184
1351,65,17,66,17,165
1352,66,33,66,18,183
1353,67,17,66,18,168
1356,66,33,52,17,168
1357,67,16,52,17,152
1358,84,17,67,17,185
1359,67,17,67,17,168
1360,51,17,67,17,152
1361,68,17,67,16,168
1363,101,17,82,16,216
1364,67,34,82,16,199
1365,67,17,82,16,182
1366,67,33,116,17,233
1369,67,15,67,17,166
1370,65,33,51,17,166
1371,66,16,51,17,150
1372,65,34,67,17,183
1373,66,16,67,17,166
1375,67,17,66,18,168
1376,51,17,66,18,152
1379,67,16,66,17,166
1380,84,15,68,17,184
1381,68,15,68,17,168
1382,66,33,100,19,218
1384,66,35,65,19,185
1385,83,31,68,18,200
1386,68,31,68,18,185
1387,69,14,68,18,169
1388,52,14,68,18,152
1389,83,34,102,16,235
1390,65,34,102,16,217
1391,67,15,102,16,200
1392,86,17,67,16,186
1394,52,17,67,16,152
1395,66,17,65,18,166
1396,68,34,99,16,217
1397,50,34,99,16,199
1398,67,31,68,16,182
1400,65,34,67,16,182
1402,65,34,65,17,181
1404,68,33,68,15,184
1405,66,17,68,15,166
1406,67,32,51,16,166
1407,67,16,51,16,150
1409,66,19,82,15,182
1413,67,18,66,15,166
1414,82,15,100,17,214
1416,66,35,65,17,183
1417,66,18,65,17,166
1419,82,33,69,15,199
1420,67,33,69,15,184
1422,100,34,65,16,215
1423,67,18,65,18,168
1425,85,31,67,17,200
1426,69,31,67,17,184
1427,52,31,67,17,167
1430,65,33,68,17,183
1431,83,34,67,17,201
1434,101,33,66,17,217
1435,51,34,99,17,201
1436,68,33,66,17,184
1437,68,16,66,17,167
1438,67,33,66,18,184
1439,102,15,101,17,235
1440,50,16,66,18,150
1441,67,15,101,17,200
1442,66,33,68,17,184
1443,66,16,68,17,167
1446,101,32,68,17,218
1447,66,18,100,17,201
1448,68,32,68,17,185
1449,67,15,68,17,167
1451,101,17,67,16,201
1453,66,17,67,16,166
1456,67,34,66,18,185
1457,84,33,51,16,184
1458,67,33,51,16,167
1459,50,33,51,16,150
1460,84,16,134,16,250
1461,82,34,100,16,232
1462,66,34,100,16,216
1463,68,16,100,16,200
1465,67,17,66,16,166
1466,68,31,51,17,167
1467,66,15,51,17,149
1469,65,18,83,16,182
1471,66,17,166,16,265
1472,51,17,166,16,250
1476,84,16,66,16,182
1477,68,16,66,16,166
1479,67,16,66,18,167
1480,67,33,66,18,184
1481,66,16,66,18,166
1482,82,17,102,16,217
1483,65,17,102,16,200
1484,117,15,201,18,351
1486,66,33,201,18,318
1487,83,36,82,17,218
1488,84,18,82,17,201
1491,100,17,67,15,199
1492,85,17,67,15,184
1494,66,33,66,18,183
1495,66,17,66,18,167
1496,83,18,67,15,183
1498,67,32,68,15,182
1500,84,17,65,17,183
1501,68,17,65,17,167
1502,67,33,66,18,184
1504,100,34,83,17,234
1505,65,17,52,16,150
1508,66,34,133,17,250
1509,69,16,133,17,235
1510,52,16,133,17,218
1511,66,16,52,17,151
1512,83,17,67,17,184
1513,65,17,67,17,166
1514,66,34,66,16,182
1515,51,34,66,16,167
1516,52,17,66,16,151
1518,67,33,84,16,200
1519,67,16,84,16,183
1520,66,33,51,16,166
1521,65,17,51,16,149
1522,66,34,98,19,217
1525,68,16,84,17,185
1526,100,32,69,17,218
1527,84,32,69,17,202
1528,66,32,69,17,184
1529,67,14,69,17,167
1531,67,17,65,18,167
1532,51,17,65,18,151
1533,83,32,133,18,266
1535,67,15,133,18,233
1536,65,34,66,16,181
1538,66,32,67,18,183
1540,66,34,68,15,183
1541,65,17,68,15,165
1542,66,33,68,16,183
1543,49,33,68,16,166
1544,50,17,68,16,151
1545,68,17,66,17,168
1546,68,33,67,15,183
1547,52,33,67,15,167
1548,101,34,68,16,219
1549,66,17,67,15,165
1550,66,34,68,16,184
1552,50,17,68,16,151
1553,66,18,66,18,168
1554,67,35,99,16,217
1556,68,31,68,16,183
1557,84,34,67,16,201
1558,66,34,67,16,183
1559,51,34,67,16,168
1560,65,34,67,14,180
1561,66,17,67,14,164
1562,68,33,66,17,184
1564,67,34,66,17,184
1565,66,18,66,17,167
1567,51,32,51,14,148
1569,67,17,67,15,166
1570,83,14,68,18,183
1573,67,17,99,17,200
1574,67,32,67,17,183
1575,65,17,67,17,166
1576,68,34,99,18,219
1577,67,16,99,18,200
1578,66,33,84,17,200
1580,67,32,52,17,168
1581,66,15,52,17,150
1583,68,16,133,18,235
1586,101,33,118,16,268
1587,51,32,66,18,167
1588,67,33,118,16,234
1589,65,17,118,16,216
1590,98,33,101,18,250
1591,65,16,101,15,197
1592,66,33,101,18,218
1593,68,15,101,18,202
1594,83,17,85,16,201
1595,66,17,85,16,184
1596,101,33,100,16,250
1598,68,33,100,16,217
1599,51,33,100,16,200
1600,67,34,117,18,236
1602,51,16,117,18,202
1604,83,17,51,18,169
1607,51,37,79,18,185
1608,71,32,98,15,216
1609,68,18,98,15,199
1610,116,18,82,18,234
1611,100,18,82,18,218
1614,65,33,67,16,181
1616,67,33,67,16,183
1619,66,18,66,16,166
1621,85,33,67,17,202
1623,51,33,67,17,168
1624,98,35,67,17,217
1625,66,16,52,17,151
1626,83,17,67,17,184
1627,67,17,67,17,168
1629,68,17,98,18,201
1630,52,17,98,18,185
1632,84,15,51,16,166
1633,67,15,51,16,149
1634,65,33,100,18,216
1635,67,16,100,18,201
1636,65,34,84,16,199
1641,67,15,67,19,168
1642,51,15,67,19,152
1643,66,16,52,16,150
1644,51,16,52,16,135
1645,66,16,67,16,165
1646,86,16,65,16,183
1647,68,16,65,16,165
1648,100,33,118,15,266
1651,64,17,118,15,214
1652,65,33,68,17,183
1653,101,16,51,15,183
1654,49,17,68,17,151
1655,68,16,51,15,150
1657,67,18,50,15,150
1658,85,15,67,18,185
1659,67,15,67,18,167
1660,51,15,67,18,151
1661,68,15,68,16,167
1662,99,34,66,18,217
1664,67,34,66,18,185
1665,67,16,66,18,167
1667,51,33,68,16,168
1668,67,33,100,17,217
1670,66,35,65,17,183
1671,68,17,65,17,167
1672,68,31,69,15,183
1674,84,16,50,18,168
1675,82,35,66,16,199
1676,82,18,66,16,182
1677,66,18,66,16,166
1679,51,33,65,18,167
1680,50,18,65,18,151
1681,67,17,134,18,236
1682,66,32,67,18,183
1683,67,16,67,18,168
1684,65,35,150,17,267
1685,67,17,150,17,251
1686,50,17,150,17,234
1689,67,17,83,17,184
1691,51,32,68,17,168
1693,66,17,99,18,200
1694,100,33,68,16,217
1695,82,33,68,16,199
1696,68,33,68,16,185
1697,51,33,68,16,168
1698,67,32,68,16,183
1700,65,36,65,17,183
1701,66,18,65,17,166
1702,50,18,65,17,150
1703,52,32,66,17,167
1705,66,17,65,18,166
1707,66,16,67,16,165
1708,66,32,51,17,166
1709,67,15,51,17,150
1710,65,35,67,16,183
1711,66,17,67,16,166
1712,67,33,67,16,183
1713,66,17,67,16,166
1714,51,17,67,16,151
1715,66,18,66,16,166
1716,67,33,64,19,183
1718,83,17,99,18,217
1721,50,31,68,18,167
1722,64,35,68,16,183
1724,66,33,51,16,166
1727,67,17,66,16,166
1728,68,32,67,17,184
1729,67,16,67,17,167
1731,65,18,66,18,167
1732,66,33,51,16,166
1733,83,33,66,18,200
1734,67,33,66,18,184
1735,51,33,66,18,168
1736,66,34,66,18,184
1737,68,16,66,18,168
1738,83,16,101,18,218
1739,66,16,101,18,201
1740,118,15,52,15,200
1741,66,16,67,18,167
1742,66,33,52,15,166
1743,101,16,101,15,233
1744,67,34,101,15,217
1746,85,15,68,15,183
1748,52,15,68,15,150
1749,65,17,68,16,166
1751,64,19,65,18,166
1752,68,33,66,17,184
1753,52,33,66,17,168
1754,68,32,68,17,185
1756,83,16,66,18,183
1757,68,16,66,18,168
1758,50,16,66,18,150
1759,67,17,50,16,150
1760,51,17,50,16,134
1761,67,15,67,17,166
1764,50,16,100,17,183
1765,67,15,67,17,166
1766,84,17,66,17,184
1767,66,17,66,17,166
1768,67,33,101,17,218
1770,51,16,101,17,185
1771,83,34,66,18,201
1772,66,34,66,18,184
1774,67,34,65,18,184
1776,68,32,51,16,167
1777,51,32,51,16,150
1778,84,15,68,16,183
1779,66,15,68,16,165
1780,65,34,100,17,216
1781,66,16,100,17,199
1782,83,18,66,17,184
1783,65,18,66,17,166
1785,66,18,67,15,166
1788,83,18,65,16,182
1789,133,17,67,16,233
1790,82,16,68,15,181
1791,67,16,68,15,166
1794,65,34,67,15,181
1795,66,18,67,15,166
1796,83,18,66,17,184
1797,66,18,66,17,167
1798,49,18,66,17,150
1799,51,34,67,17,169
1800,67,32,52,15,166
1803,85,32,67,17,201
1804,84,15,67,17,183
1805,69,15,67,17,168
1807,69,13,67,17,166
1808,83,16,66,17,182
1810,84,15,100,19,218
1811,65,15,100,19,199
1812,52,15,100,19,186
1813,65,17,100,18,200
1814,83,17,84,16,200
1817,51,32,52,16,151
1819,68,15,84,17,184
1821,50,34,67,16,167
1822,52,16,67,16,151
1823,65,17,66,17,165
1825,66,17,66,16,165
1826,67,32,100,18,217
1827,67,16,100,18,201
1828,66,34,118,15,233
1829,66,17,118,15,216
1833,68,15,52,15,150
1834,98,35,67,16,216
1835,68,14,102,16,200
1837,67,15,67,16,165
1839,82,34,166,17,299
1840,68,34,166,17,285
1842,67,33,84,17,201
1845,66,18,98,17,199
1846,50,18,98,17,183
1847,52,32,66,17,167
1848,84,17,67,16,184
1849,67,17,67,16,167
1850,98,35,67,15,215
1851,51,32,102,15,200
1852,83,18,67,15,183
1853,66,18,67,15,166
1854,67,32,100,18,217
1857,68,17,65,18,168
1858,67,32,100,18,217
1860,67,33,67,18,185
1861,67,15,67,18,167
1862,116,16,67,17,216
1863,50,32,53,16,151
1864,65,35,67,17,184
1866,85,16,67,15,183
1867,67,16,67,15,165
1868,53,16,67,15,151
1869,66,17,99,17,199
1870,67,34,65,17,183
1873,66,18,67,15,166
1874,67,32,68,16,183
1876,82,18,65,17,182
1877,85,33,215,18,351
1878,67,33,215,18,333
1879,66,18,215,18,317
1880,84,16,101,17,218
1881,67,16,101,17,201
1882,82,16,68,17,183
1883,67,16,68,17,168
1885,67,16,51,16,150
1886,84,17,82,18,201
1887,101,16,67,17,201
1888,68,33,67,17,185
1891,66,18,66,16,166
1893,65,18,67,15,165
1894,84,16,101,15,216
1897,67,18,67,15,167
1898,100,34,66,17,217
1899,65,18,100,17,200
1900,67,34,66,17,184
1901,51,34,66,17,168
1902,67,33,66,18,184
1903,85,33,51,15,184
1904,67,33,51,15,166
1905,68,16,51,15,150
1906,66,33,66,18,183
1907,68,16,66,18,168
1911,65,17,101,16,199
1912,66,35,66,16,183
1913,66,17,66,16,165
1914,68,33,66,18,185
1915,69,16,66,18,169
1916,68,33,51,16,168
1919,65,17,50,17,149
1922,51,16,99,18,184
1923,67,17,66,18,168
1924,50,17,66,18,151
1925,64,17,68,17,166
1926,65,34,67,16,182
1927,66,17,67,16,166
1928,66,34,67,16,183
1929,69,16,67,16,168
1930,68,33,100,16,217
1932,67,34,100,16,217
1935,83,33,66,17,199
1936,67,33,66,17,183
1939,66,18,66,17,167
1940,67,32,68,16,183
1942,66,34,100,17,217
1943,50,34,100,17,201
1944,66,34,66,17,183
1946,68,33,100,16,217
1947,67,17,100,16,200
1948,67,33,67,16,183
1951,67,16,101,16,200
1954,83,18,67,15,183
1955,66,18,67,15,166
1956,68,33,66,16,183
1957,100,18,99,17,234
1958,67,34,99,17,217
1959,67,18,99,17,201
1960,67,32,67,17,183
1961,66,17,67,17,167
1963,66,18,66,18,168
1964,66,33,100,16,215
1966,67,33,67,16,183
1967,68,16,67,16,167
1968,66,34,65,17,182
1969,68,16,65,17,166
1973,81,34,67,16,198
1976,66,33,67,17,183
1978,51,16,67,17,151
1979,84,33,66,18,201
1980,67,33,66,18,184
1982,120,13,101,17,251
1983,67,16,68,16,167
1984,66,33,101,17,217
1985,70,13,101,17,201
1987,67,17,100,16,200
1989,64,17,67,16,164
1991,50,33,67,15,165
1992,66,34,66,17,183
1993,67,17,66,17,167
1994,67,33,66,16,182
1995,66,17,66,16,165
2000,66,33,100,17,216
2001,67,17,100,17,201
2002,49,17,100,17,183
2003,66,18,65,17,166
2005,68,16,68,17,169
2006,51,16,68,17,152
2007,66,17,52,16,151
2008,65,35,66,16,182
2013,51,33,51,15,150
2014,66,34,98,17,215
2015,65,18,98,17,198
2016,67,32,101,15,215
2018,51,15,101,15,182
2019,66,18,67,15,166
2020,82,16,69,15,182
2021,65,16,69,15,165
2022,50,16,69,15,150
2023,67,18,49,16,150
2025,66,19,65,17,167
2026,69,31,67,17,184
2027,52,31,67,17,167
2028,83,16,135,14,248
2029,68,16,135,14,233
2030,65,33,67,16,181
2031,67,16,67,16,166
2032,67,33,102,15,217
2033,66,16,102,15,199
2034,50,16,102,15,183
2035,67,16,68,15,166
2037,85,33,65,17,200
2039,65,19,65,17,166
2041,52,33,65,18,168
2042,66,32,71,12,181
2043,52,32,71,12,167
2044,65,33,118,16,232
2045,67,16,118,16,217
2046,65,38,63,17,183
2047,66,20,63,17,166
2048,71,29,51,16,167
2049,54,29,51,16,150
2050,50,17,51,16,134
2052,63,33,50,18,164
2054,51,16,50,18,135
2055,68,16,68,16,168
2056,51,16,68,16,151
2057,66,18,67,15,166
2058,102,33,66,15,216
2059,84,33,66,15,198
2060,68,33,66,15,182
2061,68,17,66,15,166
2062,67,32,67,17,183
2063,66,17,67,17,167
2065,65,18,67,17,167
2066,66,33,116,17,232
2068,67,34,82,17,200
2069,68,17,82,17,184
2070,67,34,65,17,183
2072,51,17,65,17,150
2074,66,33,50,17,166
2077,82,35,51,16,184
2079,67,17,51,16,151
2080,50,17,51,16,134
2081,50,34,100,17,201
2082,69,33,67,17,186
2083,68,16,67,17,168
2085,51,33,51,16,151
2086,66,34,67,15,182
2087,65,18,67,15,165
2088,84,16,67,16,183
2089,69,16,67,16,168
2091,85,33,65,17,200
2092,67,33,65,17,182
2093,65,18,65,17,165
2095,67,15,51,18,151
2098,82,18,66,17,183
2099,66,18,66,17,167
2100,85,17,98,19,219
2101,83,33,65,19,200
2102,68,33,65,19,185
2103,84,32,67,17,200
2104,66,32,67,17,182
2106,65,33,68,16,182
2108,84,15,67,17,183
2109,67,15,67,17,166
2110,52,15,67,17,151
2111,65,17,100,17,199
2112,68,33,67,17,185
2113,65,17,67,17,166
2114,67,34,100,17,218
2115,67,17,100,17,201
2116,67,33,67,17,184
2119,84,33,66,17,200
2120,117,16,66,18,217
2121,51,33,66,17,167
2122,84,16,66,18,184
2124,66,33,51,16,166
2125,51,33,51,16,151
2126,66,33,67,17,183
2127,66,16,67,17,166
2128,66,34,66,17,183
2129,67,16,66,17,166
2130,51,16,66,17,150
2131,83,33,67,17,200
2132,67,33,67,17,184
2133,99,17,67,18,201
2134,66,34,67,18,185
2136,50,17,67,18,152
2137,66,17,52,16,151
2138,67,34,67,17,185
2139,67,17,67,17,168
2140,50,17,67,17,151
2141,69,16,66,17,168
2142,52,16,66,17,151
2144,84,16,84,15,199
2145,66,16,84,15,181
2146,83,13,103,17,216
2147,67,13,103,17,200
2148,63,36,67,17,183
2150,66,33,135,16,250
2151,67,15,135,16,233
2153,66,17,101,16,200
2155,66,17,67,16,166
2157,51,32,51,17,151
2158,83,18,66,18,185
2159,66,18,66,18,168
2160,67,33,67,15,182
2162,51,17,67,15,150
2165,68,16,66,16,166
2166,67,32,100,16,215
2169,65,17,99,18,199
2171,67,17,66,18,168
2172,50,17,66,18,151
2173,83,33,68,16,200
2174,66,33,68,16,183
2175,66,17,68,16,167
2178,68,33,116,17,234
2179,52,33,116,17,218
2180,84,17,83,17,201
2181,66,17,83,17,183
2182,66,36,130,17,249
2183,67,20,130,17,234
2185,53,30,68,17,168
2186,66,34,100,17,217
2187,84,34,66,17,201
2188,80,18,66,17,181
2189,66,18,66,17,167
2190,68,32,51,16,167
2191,68,15,51,16,150
2192,51,15,51,16,133
2195,66,16,84,16,182
2196,51,16,84,16,167
2198,66,34,67,16,183
2199,66,17,67,16,166
2201,67,16,66,19,168
2203,66,18,66,17,167
2205,66,16,167,15,264
2206,66,34,68,16,184
2207,69,15,68,16,168
2211,64,19,65,15,163
2212,68,33,99,16,216
2213,67,17,99,16,199
2214,51,17,99,16,183
2215,67,17,67,16,167
2216,132,34,67,16,249
2217,64,18,68,15,165
2218,65,34,66,18,183
2219,67,17,66,18,168
2221,68,18,67,16,169
2222,68,32,68,17,185
2223,83,35,66,16,200
2224,84,17,66,16,183
2225,68,17,66,16,167
2228,85,16,66,17,184
2229,67,16,66,17,166
2230,66,34,67,15,182
2233,82,35,65,17,199
2234,66,35,65,17,183
2236,67,33,65,18,183
2237,66,18,65,18,167
2238,68,32,51,16,167
2240,65,33,85,15,198
2241,67,16,85,15,183
2243,67,16,66,17,166
2245,64,20,67,16,167
2246,85,15,67,18,185
2247,67,15,67,18,167
2248,66,35,65,18,184
2249,69,18,65,18,170
2250,67,32,51,16,166
2251,66,16,51,16,149
2252,85,15,67,17,184
2253,68,15,67,17,167
2255,67,16,68,16,167
2256,100,35,65,17,217
2257,65,17,51,17,150
2259,66,18,65,17,166
2261,52,33,67,15,167
2265,66,18,65,16,165
2266,67,32,68,16,183
2268,67,33,100,17,217
2270,65,35,65,17,182
2273,67,15,68,15,165
2274,66,34,83,17,200
2275,50,34,83,17,184
2276,65,34,66,17,182
2277,98,18,66,17,199
2278,68,33,66,17,184
2279,64,18,66,17,165
2280,83,17,67,18,185
2281,66,17,67,18,168
2282,83,16,68,16,183
2283,68,16,68,16,168
2284,66,34,116,17,233
2285,67,17,116,17,217
2286,67,34,82,17,200
2287,100,19,64,16,199
2289,67,19,64,16,166
2290,84,16,133,17,250
2291,82,33,66,17,198
2292,82,17,66,17,182
2293,83,33,67,17,200
2294,64,33,67,17,181
2296,66,33,101,18,218
2298,50,16,101,18,185
2299,67,17,67,18,169
2300,67,35,65,16,183
2302,69,32,134,17,252
2303,52,32,134,17,235
2305,68,15,66,18,167
2306,65,34,67,17,183
2307,51,34,67,17,169
2308,67,32,52,17,168
2309,65,16,52,17,150
2311,68,17,101,16,202
2314,52,17,67,16,152
2315,82,36,66,15,199
2316,65,36,66,15,182
2317,65,19,66,15,165
2318,67,32,66,17,182
2319,51,32,66,17,166
2320,85,17,66,17,185
2321,68,17,66,17,168
2322,66,32,133,17,248
2323,65,17,133,17,232
2324,66,34,66,17,183
2325,66,17,66,17,166
2326,66,33,66,17,182
2327,68,16,66,17,167
2330,83,16,68,16,183
2331,66,16,68,16,166
2333,68,18,66,16,168
2335,67,17,134,15,233
2336,51,17,134,15,217
2337,100,18,67,15,200
2338,82,18,67,15,182
2340,67,32,67,17,183
2341,67,16,67,17,167
2342,66,35,65,18,184
2343,67,18,65,18,168
2344,67,32,67,16,182
2345,100,16,67,16,199
2347,67,16,67,16,166
2348,65,34,100,16,215
2349,50,34,100,16,200
2350,83,17,67,16,183
2353,83,33,67,17,200
2356,67,33,67,17,184
2357,101,17,65,17,200
2358,66,34,65,17,182
2360,67,33,66,18,184
2362,67,32,85,17,201
2364,65,34,51,17,167
2365,100,15,69,16,200
2366,99,35,67,15,216
2367,82,35,67,15,199
2368,67,35,67,15,184
2369,68,17,67,15,167
2371,117,32,51,15,215
2372,50,19,65,18,152
2373,67,17,66,17,167
2374,67,32,51,15,165
2375,84,34,83,16,217
2377,83,32,100,17,232
2378,66,32,100,17,215
2379,68,15,100,17,200
2381,65,16,67,17,165
2382,99,33,134,18,284
2383,82,33,134,18,267
2384,67,33,134,18,252
2385,50,33,134,18,235
2388,68,33,66,18,185
2389,51,33,66,18,168
2390,68,33,66,16,183
2391,51,33,66,16,166
2393,51,33,68,15,167
2394,66,33,67,16,182
2395,81,35,83,15,214
2397,66,19,83,15,183
2398,68,32,66,18,184
2399,50,32,66,18,166
2400,67,33,100,17,217
2401,67,17,100,17,201
2402,83,15,67,17,182
2403,68,15,67,17,167
2404,66,34,100,17,217
2405,68,16,100,17,201
2407,67,15,101,15,198
2408,67,34,67,15,183
2409,66,17,67,15,165
2410,83,17,67,16,183
2412,67,34,67,17,185
2414,67,33,51,16,167
2415,51,33,51,16,151
2416,67,34,66,16,183
2417,66,18,66,16,166
2418,67,33,67,17,184
2419,118,34,65,17,234
2420,51,16,67,17,151
2422,66,34,65,17,182
2425,69,15,67,17,168
2426,66,33,67,17,183
2427,83,34,101,16,234
2428,65,34,101,16,216
2429,65,17,101,16,199
2430,67,33,68,16,184
2431,67,16,68,16,167
2432,67,33,51,17,168
2434,66,35,65,18,184
2435,66,18,65,18,167
2439,151,33,69,15,268
2440,83,15,52,16,166
2441,82,35,67,15,199
2442,65,35,67,15,182
2444,68,33,69,15,185
2445,67,16,69,15,167
2446,52,16,69,15,152
2450,69,31,66,17,183
2451,52,31,66,17,166
2452,66,33,68,15,182
2453,67,17,68,15,167
2454,80,17,68,17,182
2456,66,35,67,16,184
2457,67,18,67,16,168
2458,68,33,66,17,184
2460,68,34,66,15,183
2461,51,34,66,15,166
2462,99,34,66,18,217
2463,52,32,67,17,168
2465,83,33,68,14,198
2469,67,16,116,17,216
2470,66,35,81,17,199
2473,51,31,100,18,200
2474,82,18,100,16,216
2477,67,17,67,16,167
2478,67,33,134,17,251
2479,51,33,134,17,235
2480,66,34,67,17,184
2481,68,16,67,17,168
2482,67,34,66,17,184
2483,98,18,50,16,182
2484,83,18,50,16,167
2485,65,18,50,16,149
2486,84,16,68,15,183
2487,101,16,50,18,185
2488,66,33,50,18,167
2489,68,16,50,18,152
2491,66,18,66,17,167
2492,68,33,66,16,183
2493,51,33,66,16,166
2495,51,33,67,16,167
2496,66,33,65,18,182
2497,68,16,65,18,167
2502,65,34,68,15,182
2503,83,35,65,17,200
2505,84,33,65,19,201
2508,68,32,52,16,168
2510,65,33,101,16,215
2511,67,16,101,16,200
2512,65,35,66,16,182
2514,85,16,67,17,185
2515,51,33,67,17,168
2516,52,16,67,17,152
2518,66,34,65,19,184
2519,65,18,65,19,167
2520,84,16,67,15,182
2523,68,15,100,18,201
2524,65,35,99,17,216
2525,67,16,99,17,199
2526,51,16,99,17,183
2527,65,19,65,17,166
2531,68,16,66,18,168
2532,65,34,66,17,182
2534,51,17,66,17,151
2536,66,34,66,19,185
2537,83,34,149,18,284
2538,66,34,149,18,267
2540,68,32,117,18,235
2541,66,16,117,18,217
2542,85,15,83,18,201
2543,68,15,83,18,184
2544,51,15,83,18,167
2547,64,17,52,16,149
2549,67,18,82,18,185
2550,68,33,67,16,184
2552,52,16,67,16,151
2553,118,32,68,16,234
2554,67,33,67,15,182
2555,65,18,67,15,165
2556,67,32,68,16,183
2557,51,32,68,16,167
2559,67,18,116,17,218
2560,67,33,83,17,200
2561,51,33,83,17,184
2562,50,18,83,17,168
2563,51,33,99,17,200
2564,83,15,67,17,182
2566,65,35,67,15,182
2567,67,17,67,15,166
2572,67,32,68,17,184
2573,66,17,68,17,168
2574,50,17,68,17,152
2575,67,16,52,17,152
2577,67,18,67,14,166
2578,68,34,66,16,184
2579,68,17,66,16,167
2581,52,33,66,17,168
2583,64,19,66,16,165
2584,66,33,66,17,182
2586,66,33,68,14,181
2587,52,33,68,14,167
2588,66,33,101,15,215
2590,66,35,66,15,182
2591,66,18,66,15,165
2592,68,31,69,15,183
2593,66,17,69,15,167
2594,66,35,67,16,184
2595,84,34,66,16,200
2596,66,34,66,16,182
2597,86,33,65,17,201
2600,100,32,100,18,250
2602,66,32,100,18,216
2603,83,33,67,18,201
2605,66,16,67,18,167
2606,65,35,66,16,182
2607,66,18,66,16,166
2608,68,32,68,17,185
2609,66,17,68,17,168
2611,84,34,67,15,200
2612,66,34,67,15,182
2614,68,33,65,17,183
2615,83,34,66,16,199
2617,51,34,66,16,167
2618,67,31,51,16,165
2620,65,35,66,16,182
2621,65,18,66,16,165
2624,51,16,68,17,152
2625,68,16,168,16,268
2626,66,34,67,15,182
2627,66,18,67,15,166
2629,67,15,50,18,150
2630,51,15,50,18,134
2631,68,17,133,15,233
2633,65,18,65,17,165
2634,50,18,65,17,150
2635,100,15,69,15,199
2636,67,31,69,15,182
2637,68,15,69,15,167
2638,100,34,100,16,250
2639,65,18,65,18,166
2642,69,31,69,16,185
2644,65,34,67,16,182
2645,68,16,67,16,167
2646,65,35,133,16,249
2648,69,32,65,19,185
2649,67,16,65,19,167
2650,67,33,68,16,184
2652,65,32,136,16,249
2653,66,15,136,16,233
2654,65,36,65,18,184
2655,68,17,65,18,168
2656,51,17,65,18,151
2657,67,16,68,16,167
2658,86,15,67,17,185
2660,65,35,99,18,217
2661,67,17,99,18,201
2662,51,17,99,18,185
2663,66,16,67,18,167
2664,67,35,64,18,184
2666,99,32,68,18,217
2667,66,17,68,16,167
2669,82,36,66,18,202
2670,64,36,66,18,184
2673,100,16,66,17,199
2674,68,34,66,17,185
2675,84,33,50,16,183
2676,66,33,50,16,165
2677,68,15,50,16,149
2680,66,33,68,16,183
2681,65,16,68,16,165
2682,50,16,68,16,150
2683,50,33,67,17,167
2685,84,32,100,18,234
2686,68,32,100,18,218
2687,66,16,100,18,200
2688,67,34,66,18,185
2691,67,16,67,18,168
2692,51,16,67,18,152
2693,66,17,52,16,151
2694,66,34,84,15,199
2696,67,34,65,18,184
2697,69,16,65,18,168
2698,84,17,99,18,218
2699,66,17,99,18,200
2700,84,15,67,18,184
2701,66,15,67,18,166
2702,50,15,67,18,150
2703,67,17,65,18,167
2704,50,17,65,18,150
2705,66,16,67,17,166
2706,67,33,102,15,217
2709,67,16,68,15,166
2710,51,16,68,15,150
2712,69,33,66,17,185
2713,84,33,66,16,199
2714,83,18,66,16,183
2715,66,18,66,16,166
2717,66,17,67,16,166
2718,66,33,68,16,183
2719,51,33,68,16,168
2720,66,34,66,17,183
2722,67,34,98,18,217
2724,68,32,102,15,217
2725,68,16,102,15,201
2727,67,17,200,16,300
2728,83,15,68,18,184
2730,84,18,65,15,182
2735,50,33,201,16,300
2737,65,17,68,17,167
2738,65,35,66,17,183
2739,82,33,101,16,232
2740,83,17,101,16,217
2742,51,17,101,16,185
2743,68,16,68,16,168
2744,66,34,66,16,182
2745,67,17,66,16,166
2747,84,32,100,17,233
2748,68,32,100,17,217
2750,66,34,66,17,183
2752,66,33,101,17,217
2753,67,16,101,17,201
2754,67,33,68,17,185
2755,51,33,68,17,169
2757,66,16,52,14,148
2758,50,16,52,14,132
2759,66,19,83,16,184
2760,68,31,68,15,182
2761,51,31,68,15,165
2763,102,16,101,15,234
2764,83,16,101,15,215
2766,52,16,101,15,184
2767,65,18,68,15,166
2771,86,33,65,18,202
2774,67,33,50,15,165
2775,52,33,50,15,150
2776,98,33,68,16,215
2777,68,15,69,14,166
2778,65,33,68,16,182
2779,67,15,68,16,166
2780,101,32,132,18,283
2781,66,18,65,16,165
2782,83,18,132,18,251
2783,65,18,132,18,233
2784,68,33,66,18,185
2785,99,18,65,18,200
2786,65,34,65,18,182
2787,67,18,65,18,168
2788,67,32,51,16,166
2789,66,17,51,16,150
2793,68,16,101,17,202
2794,51,16,101,17,185
2795,66,16,68,17,167
2797,67,17,65,17,166
2798,51,17,65,17,150
2799,101,15,100,17,233
2800,68,32,100,17,217
2802,65,35,65,17,182
2803,67,18,65,17,167
2804,67,34,64,17,182
2805,65,19,64,17,165
2806,69,31,67,18,185
2809,67,16,67,17,167
2810,164,35,65,17,281
2811,66,17,66,17,166
2812,85,15,68,15,183
2814,52,15,68,15,150
2815,67,16,68,16,167
2816,116,18,132,17,283
2817,65,18,65,17,165
2818,68,33,132,17,250
2821,67,16,67,18,168
2822,82,17,66,17,182
2823,67,17,66,17,167
2825,83,33,68,17,201
2827,100,17,67,17,201
2828,51,15,68,17,151
2831,65,18,97,19,199
2832,68,33,99,18,218
2833,84,34,65,18,201
2834,67,34,65,18,184
2836,85,12,53,16,166
2837,68,12,53,16,149
2838,52,12,53,16,133
2839,66,16,101,17,200
2841,65,16,100,17,198
2842,87,16,83,18,204
2843,68,16,83,18,185
2844,68,33,50,18,169
2845,66,17,50,18,151
2846,67,33,68,15,183
2847,66,16,68,15,165
2848,66,35,131,17,249
2849,100,18,98,17,233
2850,50,18,131,17,216
2851,66,18,98,17,199
2852,68,33,65,17,183
2853,84,34,99,16,233
2855,51,34,99,16,200
2856,67,31,102,16,216
2857,52,31,102,16,201
2859,66,17,68,16,167
2860,65,34,67,16,182
2862,68,34,65,19,186
2863,51,34,65,19,169
2865,67,17,67,15,166
2866,67,32,68,16,183
2867,67,16,68,16,167
2869,68,16,100,14,198
2870,67,33,67,14,181
2871,66,18,67,14,165
2873,81,35,68,13,197
2874,65,35,68,13,181
2876,67,35,64,17,183
2877,51,35,64,17,167
2878,70,33,130,19,252
2879,53,33,130,19,235
2880,68,31,66,19,184
2882,64,35,100,14,213
2883,66,18,100,14,198
2886,66,33,70,16,185
2887,68,14,70,16,168
2888,83,17,164,17,281
2890,69,34,66,14,183
2892,50,20,66,14,150
2896,66,31,67,19,183
2900,81,17,67,17,182
2901,67,17,67,17,168
2903,70,16,67,15,168
2904,53,16,67,15,151
2906,67,35,65,16,183
2907,114,34,66,18,232
2909,66,16,69,15,166
2910,66,34,66,18,184
2911,66,17,66,18,167
2912,65,35,131,18,249
2913,66,19,131,18,234
2914,69,31,67,17,184
2915,52,31,67,17,167
2917,100,17,51,15,183
2918,65,33,51,15,164
2920,67,33,67,16,183
2922,66,33,67,18,184
2923,68,15,67,18,168
2924,51,15,67,18,151
2925,83,33,67,17,200
2927,65,17,67,17,166
2928,50,17,67,17,151
2929,133,17,133,16,299
2930,66,34,66,18,184
2931,67,17,66,18,168
2932,67,34,133,16,250
2933,66,17,133,16,232
2934,51,17,133,16,217
2935,67,16,69,15,167
2936,100,35,81,18,234
2938,84,17,81,18,200
2941,51,32,67,17,167
2942,83,18,100,15,216
2943,65,18,100,15,198
2944,81,18,100,17,216
2946,67,33,67,17,184
2947,68,16,67,17,168
2948,66,34,66,16,182
2949,67,18,66,16,167
2952,67,33,66,17,183
2955,67,17,170,14,268
2957,67,15,67,16,165
2958,51,15,67,16,149
2959,67,17,66,18,168
2960,67,33,70,14,184
2961,65,17,70,14,166
2962,50,17,70,14,151
2963,66,17,135,15,233
2964,66,37,80,18,201
2965,68,19,80,18,185
2966,51,19,80,18,168
2968,101,34,66,15,216
2969,83,34,66,15,198
2972,68,33,65,17,183
2974,84,16,66,17,183
2975,84,32,118,15,249
2976,66,32,118,15,231
2977,66,17,118,15,216
2978,82,17,68,16,183
2980,83,16,51,15,165
2981,68,16,51,15,150
2982,51,16,51,15,133
2983,67,18,65,18,168
2984,68,31,68,16,183
2985,67,15,68,16,166
2987,67,16,66,17,166
2989,67,16,67,15,165
2990,68,32,67,17,184
2991,66,16,67,17,166
2994,67,32,70,13,182
2995,66,17,70,13,166
2996,67,34,101,16,218
2997,50,34,101,16,201
2998,66,36,65,16,183
3000,52,18,65,16,151
3001,85,33,66,18,202
3003,64,19,66,18,167
3006,65,34,67,16,182
3007,69,16,67,16,168
3009,68,16,65,17,166
3010,52,16,65,17,150
3011,65,18,66,18,167
3012,67,32,52,15,166
3014,65,34,67,17,183
3015,67,17,67,17,168
3016,84,15,167,15,281
3019,67,17,66,17,167
3020,67,33,67,17,184
3022,51,16,67,17,151
3023,117,33,66,16,232
3024,66,34,84,15,199
3026,67,33,66,16,182
3027,51,33,66,16,166
3028,67,34,66,17,184
3029,116,34,150,17,317
3031,82,34,150,17,283
3032,100,33,50,16,199
3033,51,34,150,17,252
3035,66,16,50,16,148
3036,67,34,83,17,201
3037,67,18,83,17,185
3038,83,16,68,17,184
3040,50,16,68,17,151
3041,84,34,66,18,202
3043,101,17,66,16,200
3044,68,34,66,16,184
3045,66,17,66,16,165
3047,83,34,67,17,201
3048,66,34,67,17,184
3050,66,34,100,17,217
3051,66,18,100,17,201
3052,83,18,84,13,198
3053,65,18,84,13,180
3054,67,33,51,13,164
3056,66,34,65,16,181
3058,67,30,51,18,166
3061,67,15,101,16,199
3062,81,18,67,16,182
3063,64,18,67,16,165
3064,51,18,67,16,152
3065,65,17,66,18,166
3066,67,34,67,16,184
3068,67,32,51,16,166
3071,67,17,67,16,167
3072,67,32,68,17,184
3073,51,32,68,17,168
3074,102,33,65,18,218
3075,67,17,66,16,166
3076,83,17,65,18,183
3078,85,16,66,17,184
3079,67,16,66,17,166
3082,65,34,167,18,284
3083,82,33,52,15,182
3084,66,33,52,15,166
3085,83,35,67,15,200
3086,67,35,67,15,184
3088,68,32,100,18,218
3089,68,15,100,18,201
3090,52,15,100,18,185
3093,82,33,101,15,231
3094,67,33,101,15,216
3095,82,34,67,15,198
3097,68,16,67,15,166
3098,51,16,67,15,149
3099,65,16,68,19,168
3100,66,35,52,15,168
3101,66,17,52,15,150
3103,84,34,67,17,202
3104,68,34,67,17,186
3105,69,15,67,17,168
3106,52,15,67,17,151
3107,84,35,66,15,200
3108,66,35,66,15,182
3109,99,14,136,15,264
3110,67,31,136,15,249
3111,68,14,136,15,233
3112,52,14,136,15,217
3113,66,17,65,18,166
3114,66,33,68,15,182
3116,50,18,68,15,151
3117,66,16,51,16,149
3118,65,36,66,17,184
3119,86,31,52,16,185
3121,67,16,52,16,151
3122,82,20,99,17,218
3123,64,20,99,17,200
3125,51,33,100,17,201
3126,52,16,100,17,185
3127,53,32,85,16,186
3128,83,16,51,16,166
3129,82,34,83,16,215
3130,66,34,83,16,199
3132,85,16,100,16,217
3133,67,16,100,16,199
3134,83,16,102,17,218
3136,65,34,68,17,184
3138,66,34,101,15,216
3139,67,17,101,15,200
3140,68,34,67,15,184
3142,68,31,102,16,217
3146,82,18,65,18,183
3147,98,18,67,16,199
3149,65,18,67,16,166
3150,66,32,68,18,184
3151,67,16,68,18,169
3152,100,33,67,17,217
3153,85,33,67,17,202
3155,67,17,67,17,168
3157,50,32,101,16,199
3158,65,35,99,17,216
3159,67,17,99,17,200
3161,99,16,132,18,265
3164,82,17,66,18,183
3165,99,17,100,15,231
3167,66,17,100,15,198
3168,67,32,100,18,217
3169,66,17,100,18,201
3170,66,33,67,18,184
3172,65,35,67,16,183
3175,65,17,51,16,149
3176,102,32,67,17,218
3177,67,17,65,18,167
3178,67,32,67,17,183
3180,51,16,67,17,151
3182,83,16,67,15,181
3183,67,16,67,15,165
3184,67,34,65,17,183
3185,84,33,66,17,200
3187,67,16,66,17,166
3188,82,17,51,17,167
3189,65,17,51,17,150
3192,66,34,66,18,184
3193,101,17,84,16,218
3196,67,33,51,16,167
3199,84,33,68,17,202
3201,51,33,68,17,169
3202,83,18,100,16,217
3203,99,18,66,16,199
3204,83,18,66,16,183
3206,68,33,66,17,184
3207,52,33,66,17,168
3208,67,33,66,17,183
3211,65,17,66,17,165
3212,66,33,67,17,183
3214,50,16,67,17,150
3216,83,17,67,16,183
3217,66,17,67,16,166
3218,67,32,100,18,217
3219,100,17,99,17,233
3220,66,35,99,17,217
3221,117,32,51,17,217
3222,67,33,66,17,183
3224,68,32,51,17,168
3225,50,32,51,17,150
3226,65,34,67,17,183
3227,67,16,67,17,167
3228,66,34,50,16,166
3229,66,17,50,16,149
3231,83,33,101,16,233
3232,67,33,101,16,217
3233,67,16,101,16,200
3234,82,18,100,16,216
3235,66,18,100,16,200
3236,84,16,101,16,217
3238,67,34,83,16,200
3239,68,17,83,16,184
3241,66,17,100,16,199
3242,101,32,83,16,232
3243,66,18,66,16,166
3244,83,16,83,16,198
3245,67,16,83,16,182
3247,67,17,83,18,185
3249,99,16,84,17,216
3250,83,16,84,17,200
3252,65,36,65,18,184
3256,84,17,118,15,234
3258,65,34,66,18,183
3259,100,16,52,15,183
3262,66,34,66,17,183
3263,67,15,66,17,165
3265,68,15,85,17,185
3267,98,19,64,19,200
3269,65,19,64,19,167
3270,69,33,66,17,185
3271,68,17,66,17,168
3272,69,31,67,18,185
3273,52,31,67,18,168
3274,64,35,99,17,215
3275,67,16,99,17,199
3277,66,15,67,17,165
3278,52,15,67,17,151
3279,82,33,66,18,199
3280,116,17,116,17,266
3281,66,16,66,18,166
3282,67,34,116,17,234
3283,66,17,116,17,216
3284,67,32,68,16,183
3286,66,34,50,17,167
3287,67,16,50,17,150
3288,66,34,67,17,184
3289,70,13,67,17,167
3290,55,13,67,17,152
3291,66,17,100,18,201
3293,80,32,52,16,180
3294,67,32,52,16,167
3295,68,15,52,16,151
3296,84,16,83,18,201
3297,67,16,83,18,184
3298,66,34,100,16,216
3299,67,16,100,16,199
3300,52,16,100,16,184
3301,65,17,68,16,166
3304,67,33,65,17,182
3306,68,33,65,19,185
3307,67,17,65,19,168
3309,68,14,52,16,150
3310,51,14,52,16,133
3311,66,16,68,18,168
3312,65,35,66,17,183
3314,52,16,66,17,151
3315,102,15,69,14,200
3316,68,33,69,14,184
3317,67,15,69,14,165
3318,135,32,67,17,251
3319,65,18,66,21,170
3321,65,19,53,22,159
3322,69,32,67,17,185
3324,66,43,107,15,231
3326,53,22,107,15,197
3327,61,24,83,15,183
3328,67,33,83,16,199
3330,57,32,51,16,156
3331,103,15,67,17,202
3332,83,15,67,17,182
3333,66,15,67,17,165
3334,83,16,101,16,216
3335,66,16,101,16,199
3336,51,16,101,16,184
3342,68,32,68,15,183
3343,67,16,68,15,166
3344,65,34,67,17,183
3345,66,17,67,17,167
3346,66,34,65,19,184
3348,83,18,51,17,169
3349,66,18,51,17,152
3350,67,32,69,14,182
3352,65,36,82,15,198
3353,86,33,64,18,201
3354,51,17,82,15,165
3355,51,33,64,18,166
3356,69,32,66,17,184
3357,82,32,101,16,231
3358,65,32,101,16,214
3360,64,34,67,16,181
3362,66,35,98,18,217
3364,51,18,98,18,185
3366,67,35,65,17,184
3367,85,31,100,18,234
3368,67,31,100,18,216
3369,66,16,100,18,200
3370,66,34,66,18,184
3371,68,16,66,18,168
3372,65,34,133,17,249
3373,67,17,133,17,234
3374,51,17,133,17,218
3376,66,34,67,17,184
3377,67,16,67,17,167
3378,66,34,66,18,184
3379,68,16,66,18,168
3381,66,17,66,17,166
3383,66,16,84,16,182
3384,66,33,102,15,216
3385,83,35,67,15,200
3386,66,35,67,15,183
3387,84,32,70,13,199
3388,68,32,70,13,183
3393,66,20,81,17,184
3396,65,35,81,17,198
3397,101,17,100,15,233
3398,81,17,100,15,213
3399,68,17,100,15,200
3400,101,32,68,16,217
3401,51,33,67,15,166
3402,66,32,68,16,182
3403,65,17,68,16,166
3404,65,35,99,17,216
3406,67,33,66,17,183
3407,52,33,66,17,168
3408,50,18,66,17,151
3409,52,33,67,16,168
3410,82,17,133,17,249
3411,67,17,133,17,234
3413,67,17,67,15,166
3415,84,34,66,16,200
3417,84,32,67,16,199
3419,66,17,67,16,166
3420,66,34,66,16,182
3421,66,17,66,16,165
3422,82,17,67,17,183
3423,84,33,70,13,200
3424,67,33,70,13,183
3425,66,17,70,13,166
3427,84,36,99,15,234
3428,67,36,99,15,217
3430,70,31,83,16,200
3431,67,18,83,16,184
3432,67,32,51,16,166
3434,63,36,64,18,181
3435,101,16,51,18,186
3436,83,16,51,18,168
3438,85,15,68,16,184
3439,68,15,68,16,167
3441,67,18,98,17,200
3442,51,18,98,17,184
3443,51,32,99,18,200
3444,68,33,66,18,185
3445,66,17,66,18,167
3447,65,17,101,15,198
3448,66,33,68,15,182
3450,66,33,50,18,167
3451,101,17,65,17,200
3452,66,35,65,17,183
3453,67,17,65,17,166
3454,68,33,67,16,184
3455,65,18,67,16,166
3456,100,35,199,16,350
3458,82,18,199,16,315
3459,67,18,199,16,300
3460,99,34,133,16,282
3461,67,16,50,18,151
3462,67,34,133,16,250
3463,67,17,133,16,233
3464,66,34,67,16,183
3465,66,18,67,16,167
3466,50,18,67,16,151
3467,51,33,66,16,166
3468,83,18,65,16,182
3469,85,32,67,15,199
3470,67,32,67,15,181
3473,66,17,67,16,166
3474,65,34,67,15,181
3475,83,33,101,15,232
3477,84,34,67,15,200
3478,67,34,67,15,183
3479,51,34,67,15,167
3480,67,33,66,18,184
3484,67,32,67,17,183
3485,84,33,68,15,200
3489,67,17,67,17,168
3490,50,17,67,17,151
3491,66,17,66,17,166
3492,68,33,67,16,184
3493,66,18,67,16,167
3494,67,33,66,19,185
3495,67,16,66,19,168
3496,66,34,67,17,184
3498,67,32,52,15,166
3500,66,35,82,17,200
3502,51,16,82,17,166
3505,65,17,66,17,165
3506,66,33,68,16,183
3508,84,16,68,16,184
3509,67,16,68,16,167
3510,83,18,65,17,183
3511,85,33,65,17,200
3513,51,33,65,17,166
3515,51,32,50,17,150
3520,50,17,67,16,150
3524,67,34,66,17,184
3527,84,33,67,15,199
3529,66,18,67,15,166
3530,66,32,69,16,183
3532,65,35,66,17,183
3533,67,18,66,17,168
3534,67,34,166,17,284
3537,52,32,67,16,167
3538,66,34,100,17,217
3541,67,16,67,17,167
3542,83,18,132,17,250
3543,117,33,66,17,233
3545,83,33,66,17,199
3546,67,33,66,17,183
3547,68,16,66,17,167
3550,83,16,67,18,184
3551,66,16,67,18,167
3553,66,16,52,15,149
3554,50,16,52,15,133
3555,83,33,68,15,199
3556,67,33,68,15,183
3557,68,15,68,15,166
3558,100,35,66,17,218
3559,67,16,101,17,201
3560,83,18,66,17,184
3561,83,33,50,16,182
3563,51,33,50,16,150
3564,68,33,66,18,185
3565,84,33,66,16,199
3566,66,33,66,16,181
3567,68,16,66,16,166
3568,84,15,68,15,182
3569,67,15,68,15,165
3570,66,33,68,15,182
3571,67,15,68,15,165
3572,101,33,100,15,249
3573,64,19,65,17,165
3574,68,33,100,15,216
3575,65,18,100,15,198
3576,68,32,68,15,183
3577,52,32,68,15,167
3578,65,35,66,17,183
3579,85,33,65,17,200
3582,68,33,100,16,217
3583,66,18,100,16,200
3584,66,32,68,16,182
3586,65,35,66,18,184
3587,85,33,51,15,184
3588,67,33,51,15,166
3589,64,19,51,15,149
3590,68,33,132,18,251
3594,51,15,99,18,183
3595,83,33,68,17,201
3596,84,15,68,17,184
3597,81,33,68,16,198
3598,66,33,68,16,183
3599,66,15,68,16,165
3600,66,35,117,16,234
3601,100,16,67,17,200
3602,85,16,67,17,185
3603,67,16,67,17,167
3607,83,33,101,15,232
3608,84,16,101,15,216
3609,68,16,101,15,200
3610,51,16,101,15,183
3612,67,32,102,15,216
3613,82,35,67,15,199
3615,100,16,68,17,201
3619,67,17,65,18,167
3620,67,32,67,15,181
3621,52,32,67,15,166
3622,68,33,66,19,186
3624,65,34,51,16,166
3625,50,34,51,16,151
3627,65,17,68,16,166
3629,67,16,66,17,166
3630,51,16,66,17,150
3632,68,33,66,16,183
3633,65,17,66,16,164
3635,51,33,67,18,169
3636,50,16,67,18,151
3637,83,34,67,17,201
3638,66,34,67,17,184
3640,67,34,66,16,183
3641,68,16,66,16,166
3643,102,16,66,17,201
3644,116,18,65,17,216
3645,66,16,66,17,165
3647,66,18,65,17,166
3649,82,33,67,17,199
3650,66,33,67,17,183
3651,83,34,67,16,200
3652,99,33,101,17,250
3655,69,14,101,17,201
3657,67,17,133,16,233
3658,67,31,69,16,183
3660,84,17,66,16,183
3661,67,17,66,16,166
3663,68,16,100,16,200
3664,69,33,102,14,218
3665,66,17,102,14,199
3666,66,33,102,16,217
3667,82,34,68,16,200
3668,66,34,68,16,184
3669,67,17,68,16,168
3670,67,35,97,17,216
3671,67,19,97,17,200
3672,50,19,97,17,183
3676,65,32,51,17,165
3678,64,35,99,18,216
3679,65,18,99,18,200
3680,67,33,134,16,250
3681,84,34,100,16,234
3682,51,17,134,16,218
3683,51,34,100,16,201
3684,67,32,68,16,183
3686,66,35,66,16,183
3688,67,33,67,16,183
3689,51,33,67,16,167
3690,101,34,99,18,252
3691,66,17,66,18,167
3692,66,34,99,18,217
3693,51,34,99,18,202
3696,84,15,52,16,167
3701,67,16,66,16,165
3702,52,16,66,16,150
3703,51,32,66,18,167
3704,66,34,99,17,216
3705,65,17,99,17,198
3707,66,16,67,17,166
3708,66,34,50,18,168
3713,66,18,67,16,167
3714,50,18,67,16,151
3715,51,32,51,16,150
3716,67,35,65,16,183
3717,85,32,67,17,201
3718,67,32,67,17,183
3722,65,34,101,16,216
3723,65,18,101,16,200
3724,67,33,68,16,184
3726,67,34,117,17,235
3727,68,17,117,17,219
3729,66,18,66,17,167
3731,67,16,100,16,199
3733,68,16,66,16,166
3735,67,17,66,16,166
3737,66,16,68,16,166
3739,65,18,68,15,166
3740,82,18,65,17,182
3742,68,34,64,17,183
3743,52,34,64,17,167
3744,68,31,66,19,184
3745,52,31,66,19,168
3746,65,33,68,16,182
3749,66,16,67,17,166
3752,84,16,119,14,233
3756,67,33,65,19,184
3758,68,33,51,17,169
3759,51,33,51,17,152
3760,66,32,68,16,182
3761,69,14,68,16,167
3762,65,36,99,16,216
3763,68,17,99,16,200
3764,68,32,67,16,183
3765,98,17,66,18,199
3766,84,17,66,18,185
3767,65,17,66,18,166
3768,65,34,99,16,214
3769,67,18,99,16,200
3773,68,17,67,17,169
3774,67,32,52,15,166
3778,116,16,69,15,216
3780,52,15,68,15,150
3782,82,18,66,17,183
3783,98,19,65,16,198
3784,68,34,65,16,183
3786,69,32,66,18,185
3788,66,33,51,14,164
3789,51,33,51,14,149
3790,81,17,67,16,181
3792,66,32,70,16,184
3793,67,14,70,16,167
3794,84,16,51,16,167
3795,68,16,51,16,151
3796,83,19,81,17,200
3798,70,32,66,17,185
3799,67,16,66,17,166
3800,83,18,67,17,185
3801,85,32,52,16,185
3802,66,32,52,16,166
3803,65,17,52,16,150
3804,66,35,66,16,183
3805,50,35,66,16,167
3806,67,33,65,18,183
3807,69,16,65,18,168
3808,68,33,50,16,167
3809,51,33,50,16,150
3810,66,32,67,17,182
3812,65,34,84,17,200
3813,67,16,84,17,184
3814,50,16,84,17,167
3815,68,15,51,17,151
3816,84,16,68,17,185
3817,66,16,68,17,167
3821,51,33,66,17,167
3822,134,35,66,15,250
3823,67,16,83,16,182
3825,67,16,50,16,149
3827,66,18,66,15,165
3828,50,18,66,15,149
3830,50,16,50,19,135
3832,66,34,66,15,181
3833,66,19,66,15,166
3834,69,32,67,17,185
3836,66,34,66,17,183
3837,68,17,66,17,168
3838,66,33,66,18,183
3839,83,33,66,18,200
3841,67,16,66,18,167
3843,84,33,166,18,301
3844,66,33,166,18,283
3846,66,34,66,18,184
3847,98,18,67,17,200
3849,64,18,67,17,166
3853,69,16,66,18,169
3854,51,16,66,18,151
3855,68,15,52,15,150
3856,66,34,68,16,184
3857,66,16,68,16,166
3859,67,15,67,17,166
3860,52,15,67,17,151
3861,84,32,67,17,200
3865,83,34,67,16,200
3867,66,17,67,16,166
3868,67,34,133,16,250
3869,67,17,133,16,233
3870,83,18,67,16,184
3871,66,18,67,16,167
3873,66,18,66,16,166
3875,118,34,65,17,234
3876,67,33,66,16,182
3877,67,17,66,16,166
3879,85,32,67,16,200
3880,67,32,67,16,182
3881,51,32,67,16,166
3882,66,33,68,17,184
3884,82,17,101,14,214
3885,84,34,99,17,234
3887,67,18,99,17,201
3888,68,32,67,17,184
3889,102,16,49,18,185
3890,115,18,101,17,251
3891,69,16,49,18,152
3892,51,16,49,18,134
3894,67,35,66,17,185
3895,65,18,66,17,166
3897,53,31,52,16,152
3898,66,35,83,16,200
3899,68,16,83,16,183
3900,115,18,65,18,216
3901,68,16,99,18,201
3902,52,16,99,18,185
3903,99,16,67,18,200
3904,83,16,67,18,184
3905,66,16,67,18,167
3907,68,15,67,18,168
3911,67,15,67,18,167
3912,85,15,68,16,184
3913,67,15,68,16,166
3914,118,16,115,18,267
3915,65,17,68,16,166
3916,67,34,115,18,234
3918,52,16,115,18,201
3919,101,16,101,15,233
3921,66,16,101,15,198
3924,81,18,66,18,183
3925,65,18,66,18,167
3927,51,34,66,17,168
3928,67,32,66,18,183
3929,84,34,68,14,200
3930,66,34,68,14,182
3931,67,16,68,14,165
3932,66,32,100,18,216
3933,101,18,64,18,201
3934,84,18,64,18,184
3935,84,33,66,15,198
3936,68,33,66,15,182
3937,65,19,66,15,165
3939,51,31,68,17,167
3940,64,35,132,17,248
3941,68,17,132,17,234
3942,66,33,133,17,249
3943,65,18,133,17,233
3945,67,16,100,17,200
3946,66,33,67,17,183
3947,68,16,67,17,168
3949,67,15,51,18,151
3950,66,34,86,15,201
3951,66,17,86,15,184
3952,67,35,98,18,218
3953,99,18,65,18,200
3955,67,18,65,18,168
3956,86,15,50,16,167
3957,69,15,50,16,150
3959,101,16,151,17,285
3961,65,16,151,17,249
3962,50,16,151,17,234
3963,67,17,117,17,218
3964,68,33,65,19,185
3965,67,16,65,19,167
3966,51,16,65,19,151
3967,65,17,102,17,201
3969,66,15,102,17,200
3972,52,17,66,17,152
3974,69,33,65,19,186
3976,66,32,52,16,166
3977,81,33,67,16,197
3978,65,33,67,16,181
3979,66,15,67,16,164
3980,65,35,67,15,182
3981,67,16,67,15,165
3982,52,16,67,15,150
3984,67,35,65,19,186
3986,67,32,101,16,216
3987,66,17,101,16,200
3990,65,32,69,17,183
3991,69,13,69,17,168
3994,84,17,65,18,184
3995,65,17,65,18,165
3997,67,15,69,17,168
3999,67,15,135,18,235
4000,65,36,65,16,182
4001,66,18,65,16,165
4002,51,18,65,16,150
4003,68,15,67,18,168
4004,53,15,67,18,153
4005,68,15,52,14,149
4006,65,34,67,15,181
4008,67,32,102,15,216
4009,67,14,102,15,198
4010,52,14,102,15,183
4011,69,16,101,15,201
4013,64,18,100,17,199
4015,65,18,99,16,198
4020,66,33,68,15,182
4021,68,16,68,15,167
4022,65,32,51,17,165
4024,65,36,101,15,217
4026,68,32,69,15,184
4027,67,17,69,15,168
4029,83,35,63,17,198
4031,66,20,63,17,166
4032,84,16,66,17,183
4033,67,16,66,17,166
4035,83,34,100,18,235
4036,63,34,100,18,215
4038,66,33,67,18,184
4040,67,34,51,17,169
4041,67,17,51,17,152
4042,67,33,67,18,185
4043,68,15,67,18,168
4045,68,17,100,15,200
4046,68,32,68,15,183
4047,50,32,68,15,165
4048,100,35,66,15,216
4049,67,15,68,15,165
4050,65,35,66,15,181
4051,83,33,98,17,231
4052,68,33,98,17,216
4053,65,18,98,17,198
4054,68,33,65,17,183
4055,51,33,65,17,166
4056,66,32,67,17,182
4058,82,16,68,17,183
4060,65,34,51,17,167
4061,67,17,51,17,152
4062,67,34,66,16,183
4063,67,17,66,16,166
4064,68,34,100,17,219
4065,51,34,100,17,202
4066,51,17,100,17,185
4068,66,33,151,17,267
4071,50,35,65,19,169
4072,51,17,65,19,152
4076,84,17,83,14,198
4077,67,17,83,14,181
4079,51,32,65,18,166
4081,81,33,118,17,249
4083,82,38,80,17,217
4085,66,20,80,17,183
4086,71,29,68,15,183
4087,66,15,68,15,164
4089,67,16,69,16,168
4093,65,20,97,22,204
4095,68,16,65,22,171
4096,67,35,52,11,165
4097,52,35,52,11,150
4099,81,33,68,16,198
4100,87,11,68,16,182
4101,73,11,68,16,168
4103,68,16,100,17,201
4104,68,33,67,17,185
4105,62,17,67,17,163
4106,51,17,67,17,152
4107,65,17,51,16,149
4108,66,34,83,16,199
4109,84,33,133,17,267
4110,67,33,133,17,250
4111,51,33,133,17,234
4112,51,16,133,17,217
4113,85,32,67,17,201
4115,66,16,67,17,166
4116,50,16,67,17,150
4117,83,34,83,17,217
4118,65,34,83,17,199
4120,67,33,67,16,183
4122,84,17,66,17,184
4123,66,17,66,17,166
4124,83,17,100,17,217
4126,67,33,133,17,250
4127,66,17,133,17,233
4128,83,16,68,16,183
4129,67,16,68,16,167
4130,83,17,66,17,183
4131,67,17,66,17,167
4132,84,17,65,19,185
4133,67,17,65,19,168
4134,51,17,65,19,152
4135,67,16,68,16,167
4136,66,33,100,18,217
4137,101,16,65,18,200
4138,65,35,65,18,183
4141,67,17,50,17,151
4143,65,16,68,16,165
4145,67,17,66,17,167
4147,51,33,99,18,201
4148,68,33,66,18,185
4149,100,17,66,16,199
4150,100,32,67,17,216
4151,66,17,66,16,165
4154,51,15,67,17,150
4155,83,33,101,17,234
4157,82,33,102,15,232
4159,82,34,68,15,199
4160,66,34,68,15,183
4162,51,16,68,15,150
4163,67,17,67,17,168
4164,68,34,65,16,183
4165,67,17,65,16,165
4166,68,33,133,16,250
4167,66,18,133,16,233
4168,84,15,84,17,200
4169,82,34,67,16,199
4170,65,34,67,16,182
4171,66,18,67,16,167
4174,67,34,82,18,201
4175,68,17,82,18,185
4177,83,33,167,16,299
4179,66,17,167,16,266
4180,66,34,117,16,233
4181,66,18,117,16,217
4183,51,34,83,16,184
4184,68,32,67,16,183
4185,67,17,67,16,167
4187,66,17,134,16,233
4190,67,33,67,16,183
4191,84,32,51,18,185
4192,134,34,67,16,251
4194,65,35,134,16,250
4195,84,34,67,16,201
4196,67,34,67,16,184
4197,67,18,67,16,168
4199,51,32,68,16,167
4200,84,17,65,18,184
4203,50,33,65,17,165
4204,84,16,67,17,184
4205,82,33,51,16,182
4206,65,33,51,16,165
4208,65,34,68,15,182
4209,100,16,100,17,233
4210,67,33,100,17,217
4211,66,16,100,17,199
4213,68,17,65,17,167
4214,68,31,51,16,166
4215,82,34,67,16,199
4217,66,16,67,16,165
4218,65,33,67,16,181
4219,67,16,67,16,166
4221,67,16,67,16,166
4222,67,33,101,17,218
4223,66,17,101,17,201
4225,65,18,67,17,167
4226,83,18,66,16,183
4227,67,18,66,16,167
4228,68,33,99,16,216
4229,85,33,66,16,200
4230,84,16,66,16,182
4231,68,16,66,16,166
4232,66,33,66,18,183
4236,66,33,167,17,283
4237,66,17,167,17,267
4239,68,16,68,15,167
4240,51,16,68,15,150
4243,65,19,65,17,166
4244,68,31,68,16,183
4245,83,34,67,17,201
4246,66,34,67,17,184
4247,68,16,67,17,168
4249,67,17,50,17,151
4250,68,33,66,17,184
4251,66,17,66,17,166
4252,67,34,67,16,184
4253,116,35,65,18,234
4254,99,35,65,18,217
4255,51,32,67,17,167
4256,66,35,65,18,184
4257,116,33,67,18,234
4259,66,16,66,19,167
4260,67,33,67,18,185
4262,83,15,102,17,217
4265,68,15,68,17,168
4267,67,16,66,16,165
4268,82,20,66,17,185
4269,63,20,66,17,166
4270,85,15,67,17,184
4271,67,15,67,17,166
4272,51,15,67,17,150
4274,66,33,66,18,183
4276,67,33,100,18,218
4278,66,33,67,18,184
4280,66,34,51,15,166
4281,67,16,51,15,149
4283,67,16,68,15,166
4284,67,33,68,16,184
4286,51,15,68,16,150
4287,66,18,65,18,167
4288,68,33,99,17,217
4289,65,18,99,17,199
4290,68,32,67,17,184
4293,68,16,67,16,167
4295,68,15,100,16,199
4296,67,34,66,16,183
4297,66,17,66,16,165
4298,67,34,116,16,233
4300,68,32,66,18,184
4301,67,16,66,18,167
4303,66,17,101,17,201
4308,51,16,66,18,151
4309,68,16,66,17,167
4311,67,15,67,17,166
4312,66,34,66,18,184
4315,49,33,102,15,199
4316,51,16,102,15,184
4317,82,34,100,18,234
4318,66,34,100,18,218
4320,84,18,65,18,185
4321,67,18,65,18,168
4323,66,16,68,17,167
4324,84,16,68,16,184
4326,65,34,68,15,182
4327,68,16,68,15,167
4328,52,16,68,15,151
4329,50,34,66,16,166
4331,66,18,98,17,199
4332,68,32,66,17,183
4336,66,32,68,16,182
4337,51,32,68,16,167
4338,66,34,67,17,184
4339,67,17,67,17,168
4340,116,17,65,18,216
4342,68,33,65,18,184
4343,67,17,65,18,167
4345,51,34,65,17,167
4347,66,16,69,14,165
4348,65,34,100,18,217
4349,66,16,100,18,200
4350,65,35,99,17,216
4351,85,32,84,16,217
4354,67,33,117,18,235
4357,69,16,83,18,186
4358,67,33,68,14,182
4360,51,16,68,14,149
4361,67,14,101,18,200
4362,83,18,131,18,250
4363,66,18,131,18,233
4364,68,33,67,15,183
4365,83,32,66,18,199
4366,84,17,66,18,185
4367,66,17,66,18,167
4368,100,31,101,17,249
4370,67,31,101,17,216
4371,67,16,101,17,201
4374,65,35,98,18,216
4376,52,17,98,18,185
4379,66,17,50,15,148
4380,66,32,133,19,250
4381,67,15,133,19,234
4382,66,33,67,17,183
4383,67,15,67,17,166
4385,65,18,65,19,167
4386,68,32,52,15,167
4387,66,16,52,15,149
4389,83,34,68,15,200
4390,65,34,68,15,182
4391,68,15,68,15,166
4392,52,15,68,15,150
4394,85,17,67,14,183
4397,52,32,68,16,168
4398,82,17,65,16,180
4400,67,33,117,17,234
4401,52,33,117,17,219
4404,65,33,52,17,167
4405,51,33,52,17,153
4406,83,17,66,17,183
4407,67,17,66,17,167
4408,51,17,66,17,151
4411,66,17,68,16,167
4412,66,32,68,16,182
4413,66,15,68,16,165
4414,64,36,65,16,181
4415,66,19,65,16,166
4417,67,16,68,15,166
4419,51,33,67,16,167
4420,65,35,66,16,182
4421,84,32,50,17,183
4422,68,32,50,17,167
4424,50,17,50,17,134
4425,85,33,65,18,201
4427,51,33,65,18,167
4428,50,17,65,18,150
4429,51,33,65,18,167
4430,82,16,70,14,182
4431,66,16,70,14,166
4432,65,33,70,15,183
4434,65,37,99,13,214
4435,67,19,99,13,198
4437,66,19,66,13,164
4438,51,19,66,13,149
4439,52,33,65,18,168
4442,66,32,100,16,214
4443,83,34,66,16,199
4444,65,34,66,16,181
4445,67,16,66,16,165
4446,66,29,70,17,182
4448,54,9,70,17,150
4449,82,33,67,16,198
4450,66,33,67,16,182
4451,79,33,68,17,197
4452,70,33,68,17,188
4453,67,16,68,17,168
4454,84,16,68,15,183
4455,68,16,68,15,167
4457,66,18,166,18,268
4458,68,34,99,16,217
4460,68,33,66,16,183
4461,67,18,66,16,167
4465,68,16,51,16,151
4467,66,17,68,15,166
4468,67,34,65,17,183
4469,67,16,65,17,165
4470,51,16,65,17,149
4471,51,34,64,18,167
4472,51,17,64,18,150
4473,65,16,69,17,167
4474,65,33,53,15,166
4475,65,16,53,15,149
4477,67,18,81,18,184
4480,53,15,49,18,135
4481,99,18,66,17,200
4482,81,18,66,17,182
4483,64,18,66,17,165
4484,49,18,66,17,150
4485,68,15,67,16,166
4486,84,15,67,17,183
4487,84,34,67,16,201
4488,66,34,67,16,183
4489,65,17,67,16,165
4490,67,33,66,17,183
4491,82,34,65,18,199
4492,67,34,65,18,184
4493,50,34,65,18,167
4495,83,33,52,15,183
4497,66,16,52,15,149
4498,65,35,100,16,216
4499,67,17,100,16,200
4500,68,32,84,18,202
4501,68,15,84,18,185
4502,52,15,84,18,169
4503,66,18,67,15,166
4504,82,18,67,15,182
4505,65,18,67,15,165
4506,68,34,67,16,185
4507,67,18,67,16,168
4508,67,33,66,17,183
4509,67,18,66,17,168
4510,117,16,65,18,216
4512,67,32,65,18,182
4513,68,16,65,18,167
4517,67,14,67,18,166
4518,65,34,68,16,183
4520,66,33,68,17,184
4521,65,16,68,17,166
4522,85,17,66,18,186
4523,67,17,66,18,168
4524,51,17,66,18,152
4525,67,17,100,16,200
4526,68,33,67,16,184
4527,67,16,67,16,166
4528,66,34,66,18,184
4530,51,16,66,18,151
4533,65,17,69,14,165
4536,85,17,64,18,184
4538,69,32,50,17,168
4540,69,32,84,16,201
4542,64,35,132,18,249
4543,50,35,132,18,235
4545,52,32,67,16,167
4546,67,33,100,17,217
4547,82,34,182,16,314
4548,65,34,182,16,297
4549,50,34,182,16,282
4550,83,17,68,17,185
4551,66,17,68,17,168
4552,67,33,52,13,165
4553,67,15,52,13,147
4554,83,18,97,20,218
4555,85,30,67,20,202
4556,68,30,67,20,185
4557,67,13,67,20,167
4559,73,10,101,16,200
4560,55,10,101,16,182
4561,64,16,69,16,165
4562,67,36,99,16,218
4565,52,33,66,16,167
4566,69,33,65,20,187
4567,65,17,65,20,167
4568,66,33,99,18,216
4569,67,17,99,18,201
4571,102,15,66,18,201
4572,65,35,66,18,184
4573,69,15,66,18,168
4574,52,15,66,18,151
4575,51,32,52,16,151
4576,67,34,84,16,201
4577,65,16,84,16,181
4578,66,34,66,18,184
4581,66,18,66,16,166
4582,84,16,101,16,217
4583,82,34,122,13,251
4584,66,34,122,13,235
4585,68,16,122,13,219
4587,66,17,66,23,172
4588,50,17,66,23,156
4589,66,17,55,13,151
4590,67,32,101,15,215
4591,83,36,65,15,199
4593,72,13,65,15,165
4594,55,13,65,15,148
4595,83,34,67,16,200
4596,101,35,99,16,251
4597,59,19,67,16,161
4599,51,35,99,16,201
4601,54,32,67,16,169
4603,52,33,66,18,169
4605,83,32,54,13,182
4606,99,34,65,17,215
4607,67,16,54,13,150
4608,66,34,65,17,182
4609,66,16,65,17,164
4610,66,33,87,13,199
4611,70,13,87,13,183
4612,83,16,55,13,167
4613,65,16,55,13,149
4614,82,15,68,42,207
4615,77,36,74,16,203
4616,87,13,74,16,190
4621,87,31,62,17,197
4623,60,31,62,17,170
4624,135,35,67,16,253
4625,60,33,67,17,177
4628,82,32,66,16,196
4629,68,32,66,16,182
4630,51,32,66,16,165
4631,67,35,98,17,217
4632,67,18,98,17,200
4633,67,31,67,17,182
4634,52,31,67,17,167
4635,66,33,104,14,217
4636,65,17,104,14,200
4638,65,17,70,14,166
4641,104,30,76,25,235
4642,67,20,64,17,168
4644,53,30,76,25,184
4645,66,34,56,11,167
4646,68,16,56,11,151
4647,64,42,74,17,197
4648,67,25,74,17,183
4649,76,25,66,18,185
4650,58,25,66,18,167
4652,66,17,99,18,200
4653,109,16,133,16,274
4654,77,34,133,16,260
4656,68,16,133,16,233
4657,67,32,68,16,183
4658,67,16,68,16,167
4659,66,35,101,15,217
4660,66,17,101,15,199
4662,84,33,100,17,234
4663,68,33,100,17,218
4664,99,19,98,17,233
4666,65,19,98,17,199
4667,68,31,67,17,183
4668,52,31,67,17,167
4669,84,16,66,18,184
4670,68,16,66,18,168
4671,65,33,65,18,181
4673,67,33,100,16,216
4674,100,14,68,16,198
4675,66,32,68,16,182
4676,67,14,68,16,165
4677,65,34,67,18,184
4678,66,16,67,18,167
4679,83,17,51,17,168
4680,65,17,51,17,150
4682,101,17,67,17,202
4683,67,35,67,17,186
4684,68,17,67,17,169
4686,52,33,65,17,167
4687,68,34,66,16,184
4688,84,31,68,18,201
4689,67,31,68,18,184
4690,67,14,68,18,167
4691,65,35,100,18,218
4692,66,18,100,18,202
4694,65,17,67,18,167
4695,86,16,51,17,170
4696,69,16,51,17,153
4697,100,35,86,13,234
4698,66,18,101,20,205
4701,68,33,53,13,167
4702,100,19,67,15,201
4703,82,19,67,15,183
4704,64,19,67,15,165
4705,66,33,65,18,182
4708,86,31,67,17,201
4710,78,35,100,16,229
4711,65,35,100,16,216
4714,51,32,68,16,167
4716,82,35,133,15,265
4718,84,32,184,16,316
4719,68,32,184,16,300
4721,51,16,184,16,267
4723,82,18,65,17,182
4724,84,33,65,18,200
4725,101,32,51,16,200
4726,83,32,51,16,182
4727,67,32,51,16,166
4728,51,32,51,16,150
4729,65,33,66,17,181
4731,65,34,67,17,183
4732,68,16,67,17,168
4733,87,12,102,17,218
4735,66,35,84,16,201
4737,67,34,50,16,167
4741,67,33,67,16,183
4742,67,16,67,16,166
4743,50,16,67,16,149
4745,68,32,99,17,216
4750,83,33,68,17,201
4753,83,17,66,19,185
4754,66,17,66,19,168
4759,66,35,65,18,184
4760,85,33,67,15,200
4761,100,32,67,18,217
4762,67,16,67,15,165
4763,83,17,67,18,185
4766,83,32,67,20,202
4768,52,32,67,20,171
4770,83,33,67,16,199
4771,66,33,67,16,182
4772,51,33,67,16,167
4773,51,16,67,16,150
4774,69,13,67,18,167
4775,66,34,66,18,184
4776,65,18,66,18,167
4777,83,17,117,17,234
4778,63,17,117,17,214
4779,85,15,84,17,201
4780,69,15,84,17,185
4783,51,15,68,17,151
4784,65,16,68,16,165
4785,84,17,65,17,183
4787,85,16,67,15,183
4788,68,16,67,15,166
4789,150,19,116,15,300
4791,49,16,69,15,149
4792,65,18,67,15,165
4793,67,34,116,15,232
4794,66,19,116,15,216
4795,50,19,116,15,200
4796,52,33,83,15,183
4797,99,35,65,16,215
4799,65,35,65,16,181
4804,66,18,66,17,167
4805,65,34,67,17,183
4806,65,18,67,17,167
4808,52,32,100,17,201
4810,67,18,65,17,167
4811,67,32,67,16,182
4814,67,16,101,16,200
4815,65,34,67,16,182
4816,65,17,67,16,165
4818,66,17,201,17,301
4820,68,16,68,16,168
4821,67,32,69,15,183
4823,66,36,65,17,184
4825,68,33,66,17,184
4826,68,17,66,17,168
4827,69,32,67,16,184
4828,66,17,67,16,166
4829,65,34,67,16,182
4831,115,18,83,16,232
4833,117,16,67,17,217
4834,66,18,83,16,183
4835,83,16,67,17,183
4836,66,16,67,17,166
4837,50,16,67,17,150
4838,66,17,67,18,168
4840,67,16,67,16,166
4841,100,34,100,16,250
4842,51,33,67,17,168
4845,51,16,100,16,183
4847,67,34,65,18,184
4849,67,33,66,18,184
4850,66,18,66,18,168
4853,65,34,100,18,217
4855,66,34,66,18,184
4856,68,16,66,18,168
4857,84,18,67,14,183
4859,84,16,68,16,184
4861,84,17,65,18,184
4862,85,33,66,16,200
4864,65,19,66,16,166
4867,83,16,66,18,183
4868,69,16,66,18,169
4870,66,16,52,16,150
4871,66,34,68,15,183
4872,66,16,68,15,165
4873,66,34,67,16,183
4874,68,16,67,16,167
4877,68,33,65,17,183
4881,66,32,69,15,182
4882,51,32,69,15,167
4883,82,18,66,21,187
4884,66,18,66,21,171
4885,67,34,53,14,168
4887,69,32,68,16,185
4888,84,35,65,16,200
4889,66,35,65,16,182
4890,72,14,65,16,167
4892,52,33,81,19,185
4893,68,32,68,14,182
4894,63,16,68,14,161
4895,81,18,67,15,181
4896,64,18,67,15,164
4898,65,19,66,16,166
4899,68,33,66,17,184
4900,85,33,67,16,201
4902,67,18,67,16,168
4903,66,33,66,17,182
4904,52,33,66,17,168
4906,101,16,68,15,200
4907,50,17,133,15,215
4909,66,34,67,15,182
4911,66,34,66,17,183
4912,84,33,199,17,333
4913,83,18,199,17,317
4914,66,18,199,17,300
4915,67,33,65,18,183
4917,66,34,83,17,200
4918,85,31,52,17,185
4919,67,31,52,17,167
4920,52,31,52,17,152
4921,83,17,100,17,217
4922,66,17,100,17,200
4923,66,34,66,17,183
4924,67,17,66,17,167
4925,52,17,66,17,152
4927,66,34,70,12,182
4930,50,32,50,18,150
4931,51,15,50,18,134
4932,87,30,68,15,200
4933,70,30,68,15,183
4934,53,30,68,15,166
4935,50,18,68,15,151
4937,79,19,66,17,181
4939,68,30,70,14,182
4940,51,30,70,14,165
4942,68,17,65,17,167
4943,66,34,65,17,182
4945,118,17,132,19,286
4946,51,31,51,16,149
4949,65,33,68,16,182
4951,51,16,68,16,151
4952,66,17,66,19,168
4954,84,31,52,16,183
4955,68,31,52,16,167
4956,83,35,67,16,201
4957,66,35,67,16,184
4958,66,16,67,16,165
4960,50,33,66,18,167
4962,67,16,66,17,166
4964,66,16,70,15,167
4965,84,16,116,19,235
4966,66,16,116,19,217
4967,66,36,80,19,201
4968,50,36,80,19,185
4969,70,31,68,16,185
4970,52,31,68,16,167
4972,66,17,66,16,165
4973,80,19,98,18,215
4974,65,19,98,18,200
4976,68,15,67,18,168
4977,66,34,51,16,167
4978,66,18,51,16,151
4980,82,34,66,19,201
4981,67,34,66,19,186
4982,69,16,66,19,170
4985,66,34,66,17,183
4987,66,33,68,16,183
4988,68,14,68,16,166
4989,100,35,66,18,219
4992,82,32,52,15,181
4996,84,33,68,20,205
4997,66,33,68,20,187
4998,68,15,68,20,171
4999,101,34,66,17,218
5000,68,16,67,17,168
5001,67,34,66,17,184
5002,65,18,66,17,166
5004,70,13,66,16,165
5006,84,33,234,16,367
5007,99,33,100,17,249
5010,82,34,66,17,199
5011,66,34,66,17,183
5013,67,32,102,15,216
5014,68,15,102,15,200
5018,66,18,99,16,199
5019,84,18,66,16,184
5020,66,18,66,16,166
5021,68,33,99,16,216
5022,66,18,99,16,199
5024,67,17,66,16,166
5025,66,34,67,15,182
5026,85,32,66,18,201
5027,67,32,66,18,183
5029,66,35,65,15,181
5032,83,34,68,15,200
5034,68,16,68,15,167
5035,65,34,65,18,182
5036,65,19,65,18,167
5038,66,18,65,19,168
5039,50,18,65,19,152
5040,53,31,67,18,169
5041,65,34,67,18,184
5042,67,16,67,18,168
5043,84,14,52,15,165
5044,69,14,52,15,150
5045,85,16,51,17,169
5048,99,17,67,15,198
5049,52,15,68,16,151
5050,67,17,67,15,166
5053,84,18,65,18,185
5054,84,32,51,15,182
5055,82,17,51,15,165
5056,83,33,68,15,199
5060,68,15,67,18,168
5061,51,15,67,18,151
5062,67,17,67,15,166
5064,82,35,67,15,199
5065,85,17,67,15,184
5066,67,17,67,15,166
5067,67,32,66,17,182
5068,67,17,66,17,167
5070,67,17,66,15,165
5073,66,35,98,18,217
5076,51,33,65,18,167
5077,68,34,65,17,184
5078,85,31,51,16,183
5079,67,31,51,16,165
5082,66,16,67,18,167
5083,65,33,67,17,182
5084,67,16,67,17,167
5085,51,16,67,17,151
5086,66,17,68,16,167
5087,67,33,67,17,184
5088,118,32,66,18,234
5095,65,33,68,16,182
5096,67,15,68,16,166
5098,67,16,101,16,200
5099,67,34,67,16,184
5102,84,33,66,16,199
5103,68,33,66,16,183
5104,65,18,66,16,165
5105,67,33,67,17,184
5108,84,34,65,20,203
5109,117,15,100,18,250
5110,66,18,65,20,169
5112,68,15,100,18,201
5114,50,33,67,18,168
5115,85,14,51,15,165
5116,68,14,51,15,148
5119,67,33,68,16,184
5120,65,15,68,16,164
5121,51,15,68,16,150
5122,67,16,67,18,168
5123,66,35,68,15,184
5124,66,17,68,15,166
5125,68,32,69,16,185
5126,51,32,69,16,168
5127,67,36,64,19,186
5128,67,18,64,19,168
5129,83,18,98,17,216
5131,69,31,67,17,184
5132,51,31,67,17,166
5137,67,34,116,17,234
5138,65,17,116,17,215
5139,51,17,116,17,201
5140,52,35,81,17,185
5141,69,31,67,18,185
5144,65,18,65,18,166
5145,81,17,67,17,182
5146,65,17,67,17,166
5148,50,33,51,16,150
5149,65,34,82,18,199
5150,68,16,82,18,184
5151,67,33,67,18,185
5152,66,16,67,18,167
5153,51,16,67,18,152
5154,66,17,66,17,166
5157,67,33,67,16,183
5158,68,15,67,16,166
5159,66,34,66,16,182
5160,118,33,50,16,217
5161,116,17,50,16,199
5162,65,17,67,16,165
5163,67,33,50,16,166
5164,66,17,50,16,149
5165,66,34,82,20,202
5167,67,32,70,14,183
5168,51,32,70,14,167
5169,50,16,70,14,150
5172,66,20,131,18,235
5176,117,34,68,16,235
5177,83,14,52,16,165
5178,69,14,52,16,151
5179,83,16,68,16,183
5181,66,34,67,16,183
5182,66,16,67,16,165
5183,85,17,99,17,218
5184,67,17,99,17,200
5185,68,33,66,17,184
5187,83,16,99,18,216
5188,66,16,99,18,199
5190,83,33,50,17,183
5191,66,33,50,17,166
5192,67,16,50,17,150
5193,83,16,68,16,183
5196,66,17,68,18,169
5197,50,17,68,18,153
5198,84,35,64,18,201
5199,84,19,64,18,185
5201,68,30,52,16,166
5202,68,12,52,16,148
5203,53,12,52,16,133
5205,64,34,67,16,181
5206,64,16,67,16,163
5207,52,16,67,16,151
5208,65,18,84,15,182
5209,84,17,51,15,167
5210,83,34,67,15,199
5211,67,34,67,15,183
5212,67,18,67,15,167
5215,51,15,66,18,150
5218,65,16,69,16,166
5219,84,16,67,17,184
5220,65,16,67,17,165
5221,49,16,67,17,149
5222,69,16,101,16,202
5223,53,16,101,16,186
5224,67,16,69,16,168
5225,67,33,52,17,169
5227,65,36,82,15,198
5230,52,33,64,18,167
5232,52,31,51,17,151
5233,82,15,67,18,182
5237,51,17,65,17,150
5239,67,33,133,17,250
5240,67,15,133,17,232
5241,82,19,66,16,183
5242,67,19,66,16,168
5244,51,32,65,17,165
5245,68,34,65,17,184
5246,68,17,65,17,167
5247,114,17,67,17,215
5248,65,15,101,17,198
5249,65,34,67,17,183
5251,65,34,50,18,167
5252,66,17,50,18,151
5253,68,33,101,15,217
5254,67,17,101,15,200
5256,67,18,66,15,166
5257,50,18,66,15,149
5258,100,18,100,18,236
5259,51,17,67,15,150
5260,66,18,100,18,202
5261,100,33,132,16,281
5262,65,19,66,18,168
5263,67,33,132,16,248
5266,52,33,66,18,169
5267,66,32,67,16,181
5268,51,32,67,16,166
5269,65,34,67,16,182
5271,66,33,68,16,183
5272,66,15,68,16,165
5273,67,34,68,16,185
5274,65,18,68,16,167
5275,67,34,67,15,183
5279,68,33,65,17,183
5280,52,33,65,17,167
5281,67,32,67,16,182
5285,65,34,66,16,181
5286,67,17,66,16,166
5287,83,17,99,17,216
5288,66,17,99,17,199
5289,100,35,66,17,218
5291,66,35,66,17,184
5292,66,19,66,17,168
5293,68,31,52,16,167
5295,66,35,68,16,185
5297,83,16,51,15,165
5298,67,16,51,15,149
5299,52,16,51,15,134
5302,51,31,85,15,182
5303,51,15,85,15,166
5304,49,34,99,19,201
5305,65,35,64,19,183
5306,66,18,64,19,167
5307,69,31,52,15,167
5308,68,15,52,15,150
5314,68,15,67,16,166
5315,68,32,119,15,234
5316,66,15,119,15,215
5317,66,35,99,17,217
5318,67,15,99,17,198
5319,67,32,67,17,183
5321,51,16,67,17,151
5322,63,17,51,16,147
5323,65,34,118,17,234
5324,83,33,102,15,233
5325,67,33,102,15,217
5327,51,16,102,15,184
5329,66,33,51,18,168
5331,85,17,65,18,185
5332,67,17,65,18,167
5333,52,17,65,18,152
5334,52,33,66,17,168
5338,68,16,66,18,168
5339,66,32,52,16,166
5340,100,16,65,17,198
5342,66,16,65,17,164
5343,66,34,99,18,217
5345,52,16,99,18,185
5346,67,14,68,18,167
5347,99,34,85,15,233
5349,65,34,85,15,199
5350,100,16,66,17,199
5351,86,16,66,17,185
5353,52,16,66,17,151
5354,66,18,65,19,168
5355,68,32,102,15,217
5356,67,15,102,15,199
5357,66,33,69,15,183
5358,83,34,101,16,234
5359,84,15,101,16,216
5360,117,31,51,18,217
5361,84,18,66,16,184
5362,67,18,66,16,167
5363,69,31,51,18,169
5365,84,17,65,17,183
5367,66,34,64,19,183
5368,85,31,99,18,233
5369,51,18,64,19,152
5370,99,16,66,18,199
5371,65,33,66,18,182
5373,64,35,65,19,183
5374,69,16,65,19,169
5375,99,34,67,16,216
5376,66,16,53,16,151
5378,65,16,67,16,164
5380,69,16,66,16,167
5381,101,34,51,16,202
5383,67,34,51,16,168
5384,64,18,51,16,149
5385,66,33,100,18,217
5387,67,34,66,18,185
5388,51,34,66,18,169
5390,51,34,117,15,217
5391,68,32,67,18,185
5394,68,15,52,15,150
5395,65,34,167,16,282
5397,51,16,167,16,250
5399,52,15,67,16,150
5401,67,33,67,16,183
5403,67,34,65,17,183
5406,51,33,65,17,166
5407,67,32,67,17,183
5408,67,16,67,17,167
5409,82,16,102,15,215
5412,83,34,66,18,201
5413,101,34,66,17,218
5414,67,17,66,18,168
5415,68,34,66,17,185
5416,67,18,66,17,168
5417,68,32,134,17,251
5418,83,34,67,17,201
5421,66,33,101,15,215
5422,68,16,101,15,200
5423,67,34,67,15,183
5424,83,33,68,17,201
5427,84,17,99,17,217
5428,68,17,99,17,201
5429,67,34,65,17,183
5432,68,16,65,16,165
5433,51,16,65,16,148
5434,52,32,100,16,200
5435,65,33,67,16,181
5437,65,34,66,17,182
5438,83,33,66,18,200
5439,67,33,66,18,184
5440,83,33,101,16,233
5441,51,16,66,18,151
5443,117,17,67,16,217
5444,66,16,68,16,166
5446,68,17,67,16,168
5447,68,33,134,16,251
5448,68,16,134,16,234
5449,68,34,165,18,285
5450,84,32,68,16,200
5451,67,32,68,16,183
5452,66,16,68,16,166
5453,82,17,67,18,184
5454,66,17,67,18,168
5455,81,19,65,18,183
5456,84,32,67,18,201
5457,68,32,67,18,185
5458,52,32,67,18,169
5459,67,33,52,16,168
5460,69,15,52,16,152
5461,65,34,66,18,183
5462,67,16,66,18,167
5463,85,16,65,18,184
5464,67,16,65,18,166
5465,52,16,65,18,151
5466,82,33,67,17,199
5468,66,15,67,17,165
5469,65,34,100,18,217
5470,68,16,100,18,202
5471,51,16,100,18,185
5472,67,15,101,16,199
5475,50,16,150,17,233
5476,82,34,134,16,266
5477,85,16,134,16,251
5478,68,16,134,16,234
5479,52,16,134,16,218
5480,83,33,69,16,201
5482,81,34,67,17,199
5483,65,34,67,17,183
5484,66,17,67,17,167
5485,67,35,68,14,184
5487,101,36,64,18,219
5489,67,36,64,18,185
5490,66,19,64,18,167
5491,68,31,67,16,182
5492,52,31,67,16,166
5493,67,33,67,16,183
5494,50,33,67,16,166
5495,64,34,67,16,181
5497,67,33,66,18,184
5498,65,17,66,18,166
5500,65,18,100,15,198
5502,51,32,68,15,166
5503,66,34,66,16,182
5504,68,16,66,16,166
5505,100,32,68,16,216
5506,67,17,100,16,200
5507,68,32,68,16,184
5508,65,17,68,16,166
5511,100,32,68,15,215
5512,85,32,68,15,200
5513,68,32,68,15,183
5514,52,32,68,15,167
5518,50,34,66,16,166
5519,68,33,100,16,217
5520,65,18,100,16,199
5522,66,18,67,16,167
5523,66,33,68,15,182
5524,67,17,68,15,167
5526,68,17,100,16,201
5531,49,18,66,16,149
5533,66,33,66,19,184
5534,67,17,66,19,169
5535,66,34,51,15,166
5536,66,18,51,15,150
5537,67,32,67,16,182
5538,67,16,67,16,166
5539,85,15,100,16,216
5540,101,16,99,18,234
5541,51,15,100,16,182
5543,67,33,66,18,184
5544,64,17,66,18,165
5547,67,32,68,18,185
5548,83,34,68,15,200
5551,66,34,67,17,184
5553,68,34,65,18,185
5555,68,33,66,17,184
5556,51,33,66,17,167
5557,67,32,68,16,183
5558,81,34,133,18,266
5559,65,34,133,18,250
5560,68,16,133,18,235
5561,50,16,133,18,217
5562,66,17,67,15,165
5563,51,17,67,15,150
5564,66,18,65,18,167
5567,67,32,100,18,217
5568,66,17,100,18,201
5570,82,34,66,16,198
5572,67,18,66,16,167
5573,68,32,66,19,185
5575,66,34,67,16,183
5576,68,16,67,16,167
5579,50,16,67,17,150
5580,83,32,50,18,183
5581,67,32,50,18,167
5582,67,16,50,18,151
5583,67,34,68,16,185
5584,82,34,65,17,198
5592,83,35,65,17,200
5594,68,16,65,17,166
5595,53,16,65,17,151
5596,68,17,65,18,168
5598,66,15,67,17,165
5599,65,33,101,17,216
5600,49,33,101,17,200
5601,65,34,67,17,183
5602,66,16,67,17,166
5603,84,16,102,16,218
5604,67,16,102,16,201
5605,84,17,133,17,251
5609,67,35,65,17,184
5610,66,19,65,17,167
5611,84,16,67,16,183
5613,100,34,65,19,218
5614,118,33,117,17,285
5615,65,34,65,19,183
5616,66,17,65,19,167
5617,67,33,117,17,234
5618,67,17,117,17,218
5619,67,32,102,15,216
5620,66,16,102,15,199
5621,65,34,68,15,182
5622,68,15,68,15,166
5623,51,15,68,15,149
5625,85,17,66,16,184
5626,66,17,66,16,165
5627,68,33,167,16,284
5628,51,33,167,16,267
5629,67,33,67,15,182
5630,83,33,67,16,199
5631,66,33,67,16,182
5632,84,34,67,16,201
5633,66,34,67,16,183
5634,69,15,67,16,167
5635,67,33,151,15,266
5637,67,34,66,16,183
5638,82,33,68,16,199
5639,67,33,68,16,184
5640,68,17,68,16,169
5641,83,17,51,15,166
5642,67,17,51,15,150
5643,66,35,84,15,200
5644,85,31,68,19,203
5645,68,31,68,19,186
5646,52,31,68,19,170
5647,51,15,68,19,153
5648,67,17,53,14,151
5650,83,33,67,16,199
5651,68,33,67,16,184
5652,70,14,67,16,167
5653,53,14,67,16,150
5654,64,17,67,18,166
5655,66,34,67,15,182
5656,64,17,67,15,163
5659,101,31,52,16,200
5661,67,31,52,16,166
5663,65,36,81,17,199
5664,99,16,66,17,198
5666,68,16,66,17,167
5667,52,16,66,17,151
5668,68,16,67,17,168
5669,81,17,68,15,181
5671,66,34,66,19,185
5673,67,34,51,14,166
5674,68,17,51,14,150
5675,68,32,83,18,201
5677,66,33,68,16,183
5678,68,14,68,16,166
5679,51,14,68,16,149
5680,100,18,67,16,201
5682,64,18,67,16,165
5684,51,34,65,18,168
5686,85,32,68,16,201
5687,67,32,68,16,183
5689,65,35,66,16,182
5690,68,17,66,16,167
5691,67,33,66,16,182
5692,67,17,66,16,166
5693,51,17,66,16,150
5695,66,33,99,18,216
5697,66,33,66,18,183
5698,66,17,66,18,167
5700,67,15,68,17,167
5701,50,15,68,17,150
5702,68,15,51,16,150
5703,66,34,66,17,183
5706,66,16,67,16,165
5707,85,15,67,17,184
5708,67,15,67,17,166
5710,66,17,67,16,166
5711,67,33,67,17,184
5712,65,17,67,17,166
5715,67,33,67,16,183
5716,67,17,67,16,167
5717,84,16,67,17,184
5718,67,16,67,17,167
5721,67,33,67,18,185
5723,67,33,68,17,185
5724,100,16,67,15,198
5726,68,16,67,15,166
5727,51,16,67,15,149
5728,68,16,66,18,168
5730,67,16,100,16,199
5731,51,16,100,16,183
5733,66,34,66,16,182
5734,67,16,66,16,165
5736,52,33,100,16,201
5737,83,17,67,16,183
5739,66,33,71,13,183
5741,66,34,67,17,184
5742,68,16,67,17,168
5743,67,37,97,17,218
5744,88,30,67,17,202
5745,71,30,67,17,185
5747,100,34,65,17,216
5748,84,34,65,17,200
5749,63,34,65,17,179
5750,84,31,70,15,200
5751,67,31,70,15,183
5752,81,34,135,17,267
5753,83,16,135,17,251
5754,100,19,81,18,218
5755,82,19,81,18,200
5758,52,31,68,17,168
5759,51,16,68,17,152
5760,68,14,53,15,150
5761,99,32,67,16,214
5762,84,32,67,16,199
5763,85,15,67,16,183
5765,117,18,67,16,218
5766,50,35,99,16,200
5767,81,18,67,16,182
5769,67,34,66,17,184
5770,64,18,66,17,165
5771,66,33,99,17,215
5772,67,18,99,17,201
5773,67,33,66,17,183
5774,67,17,66,17,167
5775,66,33,68,15,182
5776,68,16,68,15,167
5777,82,17,67,18,184
5778,66,17,67,18,168
5779,83,18,65,17,183
5781,68,32,66,18,184
5782,67,17,66,18,168
5783,50,17,66,18,151
5784,68,15,51,16,150
5785,82,16,84,16,198
5786,67,16,84,16,183
5788,82,34,133,17,266
5789,67,34,133,17,251
5790,50,34,133,17,234
5791,84,16,101,17,218
5793,66,32,69,17,184
5794,69,13,69,17,168
5795,64,36,67,16,183
5796,66,18,67,16,167
5797,68,33,134,17,252
5798,65,17,134,17,233
5799,69,34,67,15,185
5803,67,34,99,16,216
5804,67,17,99,16,199
5805,50,17,99,16,182
5806,84,32,68,16,200
5807,84,15,68,16,183
5809,65,34,66,17,182
5813,84,16,67,18,185
5814,67,16,67,18,168
5815,50,16,67,18,151
5816,84,33,66,21,204
5817,84,15,66,21,186
5819,52,15,66,21,154
5820,68,19,64,15,166
5821,70,29,69,14,182
5825,79,19,66,17,181
5826,65,19,66,17,167
5827,69,33,65,18,185
5828,62,19,65,18,164
5832,52,32,52,16,152
5833,65,31,53,18,167
5834,65,13,53,18,149
5835,84,16,67,15,182
5836,67,16,67,15,165
5838,66,18,99,17,200
5840,64,19,98,18,199
5841,67,33,131,19,250
5842,66,18,131,19,234
5844,68,17,65,19,169
5847,65,33,69,15,182
5848,67,15,69,15,166
5849,98,36,65,18,217
5850,67,14,51,17,149
5852,67,17,65,18,167
5853,69,32,67,17,185
5854,65,17,67,17,166
5855,51,17,67,17,152
5856,68,14,68,17,167
5857,99,34,66,17,216
5859,67,34,66,17,184
5860,82,32,68,15,197
5862,67,15,68,15,165
5863,66,34,67,17,184
5864,117,33,66,16,232
5865,83,17,65,18,183
5866,66,17,65,18,166
5867,68,33,66,16,183
5868,67,18,66,16,167
5869,67,32,68,18,185
5870,67,15,68,18,168
5871,65,34,67,17,183
5872,68,16,67,17,168
5873,66,34,66,17,183
5874,83,33,84,17,217
5875,68,33,84,17,202
5876,68,15,84,17,184
5877,67,33,51,17,168
5880,65,17,65,17,164
5881,67,34,66,18,185
5882,50,34,66,18,168
5884,51,31,53,15,150
5885,65,35,84,15,199
5887,84,15,66,16,181
5888,68,15,66,16,165
5890,83,34,67,17,201
5892,97,17,108,27,249
5895,67,34,101,17,219
5896,82,35,66,17,200
5897,67,35,66,17,185
5898,68,18,66,17,169
5899,51,18,66,17,152
5900,52,39,76,16,183
5901,74,27,65,19,185
5902,57,27,65,19,168
5903,66,34,64,18,182
5904,67,17,64,18,166
5906,66,16,101,15,198
5908,81,35,200,16,332
5909,82,17,200,16,315
5910,67,17,200,16,300
5911,84,17,133,17,251
5915,82,18,66,17,183
5916,66,18,66,17,167
5917,67,33,67,16,183
5918,67,18,67,16,168
5919,67,33,68,14,182
5920,84,34,65,19,202
5921,66,34,65,19,184
5922,68,17,65,19,169
5923,67,34,98,18,217
5924,66,18,98,18,200
5925,68,31,102,15,216
5927,65,36,66,15,182
5928,68,17,66,15,166
5930,53,31,67,17,168
5931,50,17,67,17,151
5932,66,17,66,16,165
5934,52,32,134,16,234
5935,101,33,67,16,217
5937,66,33,67,16,182
5939,67,33,50,16,166
5941,66,34,67,16,183
5942,68,16,67,16,167
5943,51,16,67,16,150
5944,118,33,67,15,233
5945,50,16,68,16,150
5946,83,33,67,15,198
5947,67,33,67,15,182
5948,84,33,66,17,200
5949,68,33,66,17,184
5950,66,17,66,17,166
5951,66,34,65,18,183
5953,99,33,70,15,217
5954,66,17,69,15,167
5955,83,16,70,15,184
5956,81,36,131,17,265
5958,86,34,97,17,234
5960,52,34,97,17,200
5962,67,17,65,17,166
5963,66,32,98,19,215
5965,82,15,65,19,181
5966,67,15,65,19,166
5967,65,35,82,17,199
5970,70,10,52,17,149
5971,55,10,52,17,134
5972,67,17,101,15,200
5973,82,17,68,15,182
5974,62,17,68,15,162
5975,85,17,68,15,185
5977,66,35,65,17,183
5978,68,17,65,17,167
5979,68,33,100,15,216
5980,52,33,100,15,200
5981,100,35,66,16,217
5982,65,17,101,16,199
5983,65,35,66,16,182
5984,67,18,66,16,167
5988,66,18,66,16,166
5990,67,16,67,18,168
5991,65,34,67,18,184
5992,68,16,67,18,169
5995,101,34,67,16,218
5998,69,16,67,16,168
