序号,发送->接收,接收->转发,转发->接收,接收->处理,总计
2,73,32,52,16,173
3,84,15,52,16,167
4,67,15,52,16,150
5,84,17,99,18,218
7,67,33,66,18,184
8,83,33,66,18,200
9,52,16,66,18,152
11,66,33,68,15,182
12,82,33,67,17,199
13,66,33,67,17,183
14,68,15,67,17,167
16,67,17,83,17,184
17,51,17,83,17,168
20,66,17,99,17,199
21,66,34,65,17,182
22,68,17,65,17,167
23,68,32,100,18,218
24,51,32,100,18,201
25,66,33,117,18,234
26,99,18,82,18,217
27,65,35,82,18,200
30,66,17,68,15,166
31,67,33,68,17,185
33,65,35,66,17,183
35,68,33,50,16,167
36,50,33,50,16,149
39,66,33,53,15,167
40,68,16,53,15,152
41,85,16,65,16,182
42,68,16,65,16,165
43,68,33,183,15,299
44,51,33,183,15,282
45,116,17,66,17,216
46,81,33,66,17,197
47,65,33,66,17,181
48,63,17,66,17,163
49,65,35,98,18,216
50,83,31,67,18,199
52,67,16,67,18,168
53,83,18,67,15,183
55,66,32,68,16,182
56,83,35,99,16,233
57,67,35,99,16,217
58,50,35,99,16,200
59,82,18,66,16,182
61,50,18,66,16,150
64,67,17,100,17,201
66,66,18,66,17,167
67,67,33,132,18,250
68,51,33,132,18,234
70,68,16,66,17,167
71,66,33,100,18,217
73,66,33,85,16,200
74,67,15,85,16,183
75,51,15,85,16,167
76,82,34,84,17,217
77,84,16,84,17,201
78,100,16,67,16,199
80,50,34,67,16,167
81,52,16,67,16,151
83,67,34,100,15,216
86,51,34,66,15,166
87,83,18,66,17,184
89,67,33,100,16,216
90,51,33,100,16,200
91,66,33,117,15,231
92,101,16,84,15,216
94,50,33,84,15,182
95,66,34,65,19,184
97,83,17,99,17,216
100,82,35,83,17,217
101,65,35,83,17,200
102,68,16,83,17,184
103,51,16,83,17,167
106,65,18,83,17,183
107,67,33,67,16,183
108,67,17,67,16,167
109,68,32,68,16,184
110,51,32,68,16,167
111,65,35,98,18,216
112,84,33,65,18,200
115,68,32,84,17,201
117,65,33,68,17,183
118,67,15,68,17,167
119,50,15,68,17,150
120,67,17,67,15,166
121,68,33,66,18,185
123,68,34,83,17,202
127,66,33,67,17,183
128,67,15,67,17,166
129,65,35,67,15,182
130,68,17,67,15,167
131,51,17,67,15,150
132,66,16,116,18,216
133,84,18,81,18,201
135,67,33,66,16,182
136,51,33,66,16,166
137,68,33,83,17,201
138,51,33,83,17,184
140,84,33,67,16,200
141,66,33,67,16,182
142,51,33,67,16,167
143,66,34,66,18,184
144,68,17,66,18,169
146,84,33,117,16,250
151,67,33,101,15,216
152,67,17,101,15,200
153,67,34,67,15,183
154,65,18,67,15,165
156,67,16,85,15,183
157,66,35,65,18,184
158,69,16,65,18,168
159,67,33,83,17,200
161,68,32,68,15,183
162,81,34,66,17,198
163,83,16,66,17,182
164,68,16,66,17,167
165,66,34,67,15,182
166,66,17,67,15,165
167,51,17,67,15,150
169,66,35,65,17,183
170,84,33,82,18,217
171,67,33,82,18,200
172,101,16,68,16,201
173,68,32,68,16,184
175,82,18,99,16,215
176,67,18,99,16,200
177,67,33,66,16,182
181,66,33,99,18,216
182,51,33,99,18,201
183,66,33,84,16,199
185,66,33,51,16,166
186,67,16,51,16,150
189,66,34,67,17,184
190,67,16,67,17,167
191,51,16,67,17,151
192,66,16,51,16,149
193,67,34,67,18,186
194,83,33,101,15,232
196,50,33,101,15,199
198,67,17,115,17,216
199,67,33,82,17,199
201,52,15,82,17,166
203,67,33,82,18,200
204,64,18,82,18,182
205,67,32,101,18,218
206,101,16,67,18,202
207,115,18,51,16,200
208,68,16,67,18,169
209,66,34,51,16,167
210,85,33,99,18,235
211,68,33,99,18,218
212,83,34,65,18,200
214,69,16,65,18,168
216,51,32,101,15,199
220,84,33,66,17,200
221,87,14,66,17,184
223,68,33,100,17,218
224,50,33,100,17,200
225,66,33,67,17,183
226,64,16,67,17,164
228,68,17,84,15,184
229,67,33,66,17,183
231,67,33,67,17,184
232,83,33,51,16,183
234,68,15,51,16,150
235,66,34,84,15,199
237,67,33,66,18,184
239,67,34,67,15,183
241,67,32,68,16,183
242,67,15,68,16,166
243,66,35,99,17,217
245,67,33,66,17,183
246,50,33,66,17,166
247,100,34,67,16,217
249,65,34,67,16,182
251,83,16,68,15,182
254,67,17,116,17,217
255,67,34,82,17,200
256,66,18,82,17,183
257,68,32,67,17,184
258,51,32,67,17,167
260,100,17,67,16,200
263,67,33,50,17,167
264,84,34,66,16,200
265,65,34,66,16,181
267,67,33,83,18,201
269,50,17,83,18,168
270,67,16,68,16,167
271,66,34,100,16,216
272,66,18,100,16,200
274,84,33,66,16,199
277,83,17,82,18,200
278,84,33,67,17,201
280,66,17,67,17,167
281,66,34,133,18,251
282,66,18,133,18,235
283,67,33,100,18,218
284,66,18,100,18,202
285,67,33,67,18,185
289,66,34,83,18,201
290,83,34,67,17,201
293,52,16,67,17,152
294,51,33,82,17,183
295,67,34,65,17,183
296,65,18,65,17,165
297,67,32,68,15,182
298,51,32,68,15,166
299,99,35,99,16,249
301,100,33,66,16,215
302,83,33,66,16,198
303,68,33,66,16,183
306,68,17,66,15,166
309,82,18,50,15,165
310,65,18,50,15,148
311,66,32,153,15,266
312,83,33,68,15,199
313,84,15,68,15,182
314,68,15,68,15,166
315,50,15,68,15,148
318,66,17,67,16,166
319,51,17,67,16,151
320,51,34,66,16,167
321,67,33,82,17,199
322,69,15,82,17,183
324,52,33,66,17,168
325,82,18,133,16,249
326,64,18,133,16,231
327,82,17,67,16,182
328,116,34,84,15,249
329,83,16,68,16,183
331,65,34,84,15,198
333,67,34,65,18,184
334,84,33,67,16,200
335,68,33,67,16,184
337,67,32,51,17,167
339,65,35,66,16,182
343,101,34,65,18,218
344,50,33,83,16,182
345,66,34,65,18,183
346,84,34,182,16,316
347,67,34,182,16,299
348,66,18,182,16,282
350,67,16,68,17,168
351,65,34,51,15,165
354,67,17,150,16,250
355,68,32,67,16,183
358,83,33,67,16,199
360,66,16,67,16,165
362,85,33,84,15,217
365,67,33,84,16,200
366,51,33,84,16,184
367,66,33,51,16,166
369,66,33,84,17,200
372,67,16,67,17,167
373,101,33,84,17,235
374,83,33,84,17,217
375,68,33,84,17,202
376,66,17,84,17,184
377,67,34,67,16,184
378,84,33,100,16,233
381,67,34,66,16,183
382,67,17,66,16,166
385,66,34,82,17,199
386,83,34,65,16,198
390,65,18,82,18,183
393,65,34,118,16,233
394,84,34,84,16,218
397,68,33,67,17,185
398,52,33,67,17,169
401,65,35,83,17,200
402,69,16,83,17,185
403,67,34,66,14,181
404,51,34,66,14,165
405,69,34,64,18,185
406,99,17,100,16,232
407,68,32,100,16,216
409,66,32,68,16,182
410,64,18,68,16,166
412,67,17,100,16,200
413,67,33,67,16,183
415,50,18,67,16,151
416,66,17,66,17,166
417,66,34,67,16,183
418,117,35,100,15,267
419,67,32,51,17,167
420,51,32,51,17,151
421,101,33,67,15,216
422,66,18,100,15,199
424,67,17,67,15,166
425,51,17,67,15,150
427,65,35,65,17,182
429,82,17,50,20,169
430,66,17,50,20,153
431,85,15,52,16,168
433,65,37,80,17,199
434,67,20,80,17,184
435,70,31,100,17,218
437,52,16,100,17,185
438,51,33,67,17,168
439,97,34,82,18,231
442,66,17,82,18,183
444,51,32,68,15,166
445,83,16,102,15,216
446,82,35,67,15,199
447,65,35,67,15,182
448,65,18,67,15,165
450,51,34,66,15,166
451,69,33,82,18,202
453,67,33,67,16,183
456,99,18,116,17,250
457,65,35,116,17,233
460,68,16,67,17,168
461,51,16,67,17,151
462,68,15,68,16,167
463,65,34,83,16,198
464,67,16,83,16,182
467,51,17,65,18,151
468,66,17,82,17,182
469,67,32,67,17,183
470,66,16,67,17,166
471,83,17,116,17,233
472,67,17,116,17,217
473,67,32,84,17,200
474,83,35,66,16,200
475,67,35,66,16,184
476,66,18,66,16,166
477,67,32,83,17,199
478,52,32,83,17,184
479,67,34,100,15,216
480,67,17,100,15,199
482,67,18,66,15,166
483,68,32,84,15,199
484,66,17,84,15,182
485,66,34,65,19,184
486,84,33,51,15,183
488,66,18,51,15,150
490,82,34,67,16,199
492,50,34,67,16,167
493,51,15,67,16,149
494,67,25,57,17,166
495,77,24,83,17,201
497,83,17,118,17,235
499,57,34,84,17,192
500,50,34,84,17,185
502,67,17,68,16,168
503,67,34,50,17,168
504,67,17,50,17,151
506,68,17,66,15,166
508,51,33,66,16,166
509,50,17,66,16,149
511,66,33,67,16,182
514,67,17,101,15,200
515,100,33,100,17,250
516,68,17,67,15,167
517,100,34,83,17,234
518,51,33,100,17,201
519,67,34,83,17,201
523,67,33,66,17,183
524,84,34,67,15,200
525,66,34,67,15,182
526,68,17,67,15,167
527,83,16,50,17,166
528,66,16,50,17,149
529,83,18,65,17,183
531,117,15,67,17,216
532,66,17,68,17,168
533,50,17,68,17,152
534,68,15,67,17,167
536,67,18,99,16,200
538,67,15,67,16,165
539,52,15,67,16,150
541,66,33,67,16,182
542,65,17,67,16,165
544,66,17,68,15,166
545,66,34,149,17,266
546,67,17,149,17,250
548,51,34,65,19,169
552,51,32,50,17,150
553,84,14,51,16,165
554,69,14,51,16,150
555,82,17,84,16,199
556,67,17,84,16,184
558,65,16,51,16,148
559,84,17,67,17,185
560,84,33,51,16,184
563,51,16,51,16,134
565,84,16,51,17,168
566,67,16,51,17,151
567,51,16,51,17,135
568,67,16,67,15,165
569,51,16,67,15,149
570,50,34,83,16,183
571,51,17,83,16,167
574,65,17,133,18,233
575,65,34,99,18,216
576,67,16,99,18,200
577,66,33,100,17,216
578,84,33,67,17,201
579,67,33,67,17,184
581,66,33,51,16,166
582,50,33,51,16,150
583,84,16,84,15,199
584,83,33,66,18,200
587,51,16,66,18,151
588,65,18,65,17,165
589,67,32,68,17,184
590,67,15,68,17,167
591,66,33,68,19,186
594,65,18,199,17,299
595,68,33,84,17,202
596,67,16,84,17,184
597,52,16,84,17,169
598,51,34,67,15,167
599,52,15,67,15,149
600,65,17,67,17,166
601,66,35,132,18,251
603,67,32,100,18,217
604,52,32,100,18,202
605,67,33,67,18,185
606,82,34,51,15,182
607,65,34,51,15,165
608,50,34,51,15,150
609,67,33,66,17,183
610,67,16,66,17,166
612,50,33,67,17,167
613,51,15,67,17,150
614,99,17,67,17,200
615,66,34,67,17,184
616,65,17,67,17,166
619,101,33,50,18,202
620,101,16,50,18,185
622,67,16,50,18,151
624,67,16,67,17,167
626,66,18,98,18,200
627,50,18,98,18,184
628,100,17,83,18,218
630,84,32,69,16,201
631,66,32,69,16,183
632,51,32,69,16,168
633,151,16,67,16,250
636,183,34,65,18,300
638,51,32,67,16,166
639,51,16,67,16,150
640,83,34,65,18,200
641,164,34,66,18,282
642,83,34,65,18,200
643,67,34,65,18,184
645,99,34,66,18,217
646,100,16,66,18,200
647,65,34,66,18,183
649,65,35,83,16,199
650,67,17,83,16,183
653,66,35,83,16,200
655,66,33,66,16,181
656,50,33,66,16,165
658,50,33,101,17,201
660,82,35,65,16,198
661,66,35,65,16,182
662,50,35,65,16,166
666,69,15,67,18,169
667,50,15,67,18,150
668,65,18,51,15,149
669,66,33,67,16,182
672,51,33,67,17,168
674,50,34,101,16,201
676,65,17,68,16,166
677,67,34,65,17,183
678,101,17,81,16,215
679,67,34,81,16,198
680,68,17,81,16,182
684,98,16,52,17,183
686,65,16,52,17,150
687,101,34,117,16,268
688,67,17,67,17,168
690,68,17,117,16,218
691,52,17,117,16,202
692,51,33,100,17,201
693,67,32,68,17,184
694,67,15,68,17,167
695,65,35,83,17,200
698,83,32,101,16,232
699,68,32,101,16,217
700,51,32,101,16,200
701,65,35,66,16,182
702,66,17,66,16,165
703,67,33,83,16,199
705,68,33,66,18,185
707,66,34,67,16,183
708,50,34,67,16,167
709,67,32,68,16,183
710,67,16,68,16,167
714,67,17,82,18,184
717,166,33,51,16,266
718,51,33,99,17,200
719,67,33,66,17,183
720,66,18,66,17,167
721,66,33,67,17,183
722,51,33,67,17,168
723,66,33,51,16,166
724,101,17,100,16,234
725,66,34,100,16,216
726,66,17,100,16,199
728,51,33,67,16,167
729,99,35,67,15,216
730,67,15,51,17,150
731,65,35,67,15,182
732,66,17,67,15,165
734,167,17,66,16,266
735,51,17,101,15,184
737,67,33,83,17,200
738,51,33,83,17,184
739,67,34,66,16,183
741,67,31,68,17,183
742,52,31,68,17,168
743,65,35,65,17,182
744,66,17,65,17,165
745,99,32,68,16,215
746,101,15,68,16,200
747,100,35,84,15,234
748,67,15,68,16,166
749,65,35,84,15,199
751,67,33,84,15,199
753,68,32,52,15,167
754,51,32,52,15,150
755,65,34,68,15,182
757,66,33,68,17,184
758,68,15,68,17,168
759,52,15,68,17,152
760,83,33,166,17,299
761,167,34,83,15,299
762,50,33,166,17,266
764,99,17,66,17,199
766,67,17,66,17,167
768,83,32,51,15,181
769,52,16,83,15,166
770,66,17,51,15,149
771,66,34,84,17,201
772,99,15,52,17,183
774,68,15,52,17,152
776,66,18,66,17,167
777,67,34,65,17,183
778,67,17,65,17,166
779,52,17,65,17,151
780,52,32,83,17,184
783,65,33,52,17,167
784,51,33,52,17,153
785,66,34,101,17,218
786,66,17,101,17,201
787,67,35,83,15,200
788,50,35,83,15,183
789,52,17,83,15,167
790,100,18,65,17,200
791,166,34,67,17,284
793,83,15,67,17,182
794,51,32,67,17,167
795,52,15,67,17,151
796,68,15,185,16,284
797,299,35,83,15,432
798,65,17,67,17,166
800,66,18,99,17,200
801,101,33,135,15,284
803,100,34,83,18,235
804,67,16,135,15,233
805,65,34,83,18,200
806,67,17,83,18,185
808,67,16,68,15,166
809,51,16,68,15,150
810,68,15,68,16,167
812,84,33,83,16,216
814,50,33,83,16,182
816,51,31,101,18,201
817,64,34,67,18,183
818,68,15,67,18,168
819,65,34,51,15,165
820,49,34,51,15,149
822,166,16,67,18,267
823,85,15,67,18,185
825,151,15,52,16,234
826,83,33,67,18,201
827,67,33,67,18,185
828,66,16,67,18,167
830,67,15,52,16,150
831,51,15,52,16,134
832,67,16,67,17,167
833,67,34,82,18,201
836,83,32,103,16,234
837,67,32,103,16,218
839,65,35,149,18,267
840,66,18,149,18,251
843,103,31,68,15,217
844,50,36,81,18,185
845,68,31,68,15,182
847,150,18,116,18,302
848,82,35,100,17,234
850,83,33,116,18,250
851,68,33,116,18,235
852,65,18,116,18,217
854,167,18,66,17,268
855,67,33,115,18,233
858,51,32,83,18,184
859,82,18,66,17,183
860,66,18,66,17,167
861,49,18,66,17,150
862,50,32,99,18,199
863,67,34,65,18,184
864,167,16,66,17,266
866,50,33,83,17,183
867,167,32,68,16,283
868,51,32,100,17,200
870,66,16,66,17,165
871,66,34,82,18,200
872,68,17,82,18,185
873,68,32,68,16,184
875,66,35,66,17,184
876,66,18,66,17,167
877,67,33,101,15,216
879,68,33,68,15,184
881,66,34,67,16,183
883,101,33,66,18,218
885,68,33,66,18,185
887,100,33,166,18,317
888,68,17,51,16,152
889,66,33,166,18,283
891,66,34,66,17,183
893,51,16,66,17,150
894,51,32,68,15,166
897,66,34,65,17,182
898,51,34,65,17,167
902,150,34,65,17,266
903,65,35,67,15,182
904,67,18,67,15,167
905,68,33,67,17,185
906,66,17,67,17,167
908,51,34,65,17,167
913,65,34,66,17,182
914,101,17,133,16,267
915,66,34,133,16,249
916,66,17,133,16,232
917,68,32,67,17,184
921,66,33,50,16,165
922,101,17,100,15,233
923,67,34,100,15,216
925,67,32,68,15,182
926,50,32,68,15,165
927,50,16,68,15,149
928,49,34,168,15,266
929,83,17,66,16,182
930,67,17,66,16,166
931,102,32,68,15,217
932,65,19,166,15,265
935,66,33,68,15,182
936,51,33,68,15,167
939,68,33,66,16,183
940,100,18,84,15,217
942,65,18,84,15,182
944,66,18,51,15,150
945,66,34,83,17,200
946,51,34,83,17,185
948,84,33,68,17,202
949,99,35,66,17,217
950,168,16,85,15,284
951,65,35,66,17,183
954,65,18,68,15,166
955,68,33,85,15,201
956,67,16,85,15,183
957,66,35,65,17,183
958,51,35,65,17,168
960,51,32,83,18,184
962,68,15,68,16,167
963,65,33,68,15,181
964,67,16,68,15,166
965,66,35,82,17,200
966,65,18,82,17,182
967,68,33,66,16,183
968,51,33,66,16,166
969,100,34,66,17,217
970,51,32,83,17,183
971,99,32,51,17,199
973,66,32,51,17,166
974,51,32,51,17,151
978,67,17,84,16,184
980,51,33,51,16,151
983,66,34,68,14,182
984,67,16,68,14,165
986,51,33,67,17,168
989,68,32,66,17,183
990,101,17,67,15,200
991,67,34,67,15,183
992,67,17,67,15,166
993,66,32,68,16,182
994,67,17,68,16,168
995,66,35,66,15,182
996,66,18,66,15,165
999,68,33,81,18,200
1001,66,32,100,23,221
1002,51,32,100,23,206
1003,100,32,56,15,203
1005,155,15,81,17,268
1006,66,18,56,15,155
1007,67,33,68,17,185
1008,68,15,68,17,168
1010,74,15,81,17,187
1012,53,30,117,16,216
1013,68,34,83,16,201
1014,62,17,83,16,178
1015,64,34,65,18,181
1016,68,17,65,18,168
1017,68,33,66,16,183
1018,51,33,66,16,166
1019,83,16,68,17,184
1020,66,16,68,17,167
1022,66,16,84,16,182
1023,100,32,102,16,250
1024,66,18,83,18,185
1025,68,32,102,16,218
1026,100,16,151,17,284
1027,66,34,151,17,268
1028,101,18,99,17,235
1029,66,35,99,17,217
1030,66,18,99,17,200
1031,102,33,100,15,250
1032,51,33,66,17,167
1033,68,33,100,15,216
1034,67,17,100,15,199
1035,99,34,100,17,250
1036,67,16,67,15,165
1037,83,17,100,17,217
1038,167,17,133,17,334
1039,50,17,100,17,184
1040,50,33,67,17,167
1041,67,34,66,17,184
1042,65,19,66,17,167
1043,100,33,66,16,215
1046,52,33,66,16,167
1048,50,32,85,15,182
1049,50,15,85,15,165
1051,66,34,150,16,266
1052,65,18,150,16,249
1053,68,32,67,16,183
1054,67,15,67,16,165
1055,101,32,67,17,217
1056,68,17,83,16,184
1057,67,32,67,17,183
1061,66,33,101,16,216
1062,66,16,101,16,199
1064,68,18,66,16,168
1066,97,20,65,19,201
1068,64,20,65,19,168
1069,82,16,52,15,165
1070,51,32,52,15,150
1071,99,34,68,17,218
1072,70,15,102,17,204
1074,68,15,68,17,168
1075,52,15,68,17,152
1076,49,33,152,15,249
1078,83,32,85,15,215
1079,68,32,85,15,200
1080,52,32,85,15,184
1082,67,18,65,17,167
1083,67,33,67,15,182
1084,65,18,67,15,165
1085,68,32,67,17,184
1086,68,15,67,17,167
1087,65,35,64,18,182
1088,67,18,64,18,167
1090,50,32,82,17,181
1094,67,18,65,17,167
1095,68,31,84,18,201
1096,65,17,84,18,184
1098,49,34,50,18,151
1101,51,18,83,15,167
1102,52,33,99,17,201
1103,50,18,99,17,184
1104,51,32,67,17,167
1105,65,33,51,16,165
1106,68,15,51,16,150
1107,65,34,100,17,216
1108,101,16,67,17,201
1109,67,33,67,17,184
1110,116,33,68,15,232
1113,67,33,68,15,183
1114,66,17,68,15,166
1115,84,18,66,15,183
1116,66,18,66,15,165
1117,50,18,66,15,149
1119,68,33,67,15,183
1120,66,18,67,15,166
1121,165,34,98,18,315
1122,82,35,66,15,198
1123,65,35,66,15,181
1124,50,35,66,15,166
1125,99,34,98,18,249
1126,102,16,98,18,234
1128,68,16,98,18,200
1129,99,34,133,16,282
1130,51,33,65,18,167
1133,67,31,102,16,216
1134,52,31,102,16,201
1135,101,31,51,18,201
1137,67,31,51,18,167
1139,67,35,66,18,186
1140,283,33,67,17,400
1142,51,34,65,18,168
1143,51,18,65,18,152
1144,101,15,83,17,216
1145,66,33,83,17,199
1146,101,17,83,15,216
1147,65,35,83,15,198
1154,84,35,98,17,234
1157,68,32,66,17,183
1158,65,17,66,17,165
1159,102,31,68,16,217
1160,66,18,67,15,166
1161,98,36,199,17,350
1164,49,36,199,17,301
1168,51,34,66,17,168
1171,66,34,67,17,184
1173,83,15,135,17,250
1176,49,35,67,16,167
1177,67,32,68,17,184
1178,50,32,68,17,167
1179,52,15,68,17,152
1180,84,33,67,16,200
1182,66,17,67,16,166
1183,101,34,67,15,217
1185,66,34,67,15,182
1187,67,32,83,18,200
1189,66,35,66,15,182
1191,50,17,66,15,148
1192,51,33,82,18,184
1193,68,33,67,15,183
1195,66,32,102,15,215
1196,51,32,102,15,200
1197,65,35,67,15,182
1198,85,33,82,18,218
1199,67,33,82,18,200
1201,68,34,84,15,201
1202,51,34,84,15,184
1203,50,17,84,15,166
1204,100,18,65,19,202
1205,66,34,65,19,184
1206,65,18,65,19,167
1208,51,33,65,18,167
1209,52,15,65,18,150
1210,68,15,70,15,168
1211,65,33,52,16,166
1213,102,31,67,18,218
1216,82,33,52,15,182
1217,52,16,67,18,153
1218,50,33,52,15,150
1219,64,34,67,15,180
1220,66,17,67,15,165
1221,85,15,67,15,182
1223,52,15,67,15,149
1224,99,18,68,14,199
1225,100,33,68,16,217
1226,64,18,68,14,164
1228,64,18,68,16,166
1229,66,35,81,18,200
1230,51,35,81,18,185
1231,68,33,132,17,250
1232,53,33,132,17,235
1233,101,33,66,17,217
1235,66,33,66,17,182
1236,67,18,66,17,168
1239,67,32,117,17,233
1240,67,17,117,17,218
1242,66,16,84,17,183
1243,65,33,68,16,182
1244,50,33,68,16,167
1245,66,35,98,18,217
1246,64,20,98,18,200
1247,68,33,65,18,184
1249,68,33,116,17,234
1250,103,15,84,17,219
1251,66,32,84,17,199
1252,67,15,84,17,183
1253,65,34,67,17,183
1257,68,33,100,17,218
1258,66,17,100,17,200
1259,101,32,51,16,200
1260,51,34,66,17,168
1263,284,16,50,18,368
1264,100,16,117,17,250
1265,83,16,117,17,233
1266,67,16,117,17,217
1267,51,16,117,17,201
1268,84,32,67,17,200
1269,68,32,67,17,184
1270,83,33,101,16,233
1273,65,34,67,16,182
1274,67,17,67,16,167
1277,301,32,66,18,417
1278,84,34,65,16,199
1281,50,18,65,16,149
1283,82,17,199,18,316
1284,66,17,199,18,300
1285,98,35,65,18,216
1286,100,18,65,18,201
1287,65,35,65,18,183
1288,85,33,116,17,251
1289,68,33,116,17,234
1293,65,33,51,17,166
1297,66,35,67,16,184
1298,66,17,67,16,166
1299,51,17,67,16,151
1300,100,17,133,17,267
1301,67,35,133,17,252
1302,67,17,133,17,234
1303,67,33,51,16,167
1304,51,33,51,16,151
1306,65,18,67,17,167
1307,66,34,99,17,216
1309,51,16,99,17,183
1310,102,15,51,17,185
1311,67,32,51,17,167
1316,83,33,67,16,199
1317,51,17,100,16,184
1318,51,33,67,16,167
1319,100,34,65,18,217
1322,100,16,51,16,183
1323,67,32,51,16,166
1325,168,32,100,17,317
1327,65,34,51,16,166
1328,83,35,66,16,200
1330,50,35,66,16,167
1331,173,28,66,17,284
1332,67,16,100,17,200
1335,66,38,61,18,183
1336,66,22,61,18,167
1337,72,28,66,17,183
1338,55,28,66,17,166
1339,166,35,98,17,316
1340,67,16,84,18,185
1341,61,33,69,15,178
1343,66,34,85,16,201
1344,66,17,85,16,184
1346,66,18,98,17,199
1347,102,33,49,17,201
1348,52,33,82,17,184
1349,68,33,49,17,167
1350,68,16,49,17,150
1352,67,16,67,16,166
1354,65,17,83,17,182
1355,49,17,83,17,166
1356,50,33,67,16,166
1357,67,34,67,17,185
1359,67,33,51,16,167
1360,66,17,51,16,150
1361,67,34,100,16,217
1362,51,34,100,16,201
1364,68,16,67,16,167
1366,51,32,83,17,183
1367,65,35,100,16,216
1368,83,33,67,16,199
1369,67,33,67,16,183
1371,68,32,51,18,169
1373,65,35,82,17,199
1374,84,34,65,17,200
1375,67,34,65,17,183
1376,52,34,65,17,168
1378,51,33,65,17,166
1379,67,32,67,17,183
1380,66,17,67,17,167
1381,65,33,66,18,182
1382,66,16,66,18,166
1384,84,32,52,15,183
1385,151,15,68,16,250
1386,50,32,52,15,149
1388,166,18,100,16,300
1389,149,18,100,16,283
1391,52,15,68,16,151
1392,67,16,100,17,200
1393,66,34,100,16,216
1394,65,18,100,16,199
1395,50,18,100,16,184
1396,66,17,83,17,183
1397,100,34,83,17,234
1398,51,33,50,17,151
1399,66,34,83,17,200
1400,301,15,101,17,434
1402,67,17,67,17,168
1403,50,17,67,17,151
1405,100,33,134,17,284
1407,84,16,134,17,251
1408,68,16,134,17,235
1409,51,16,134,17,218
1410,50,34,65,17,166
1411,50,17,65,17,149
1412,100,15,101,17,233
1413,66,33,101,17,217
1414,67,15,101,17,200
1415,65,35,66,17,183
1416,66,18,66,17,167
1418,83,33,68,15,199
1419,101,34,83,17,235
1421,66,34,83,17,200
1422,66,17,83,17,183
1423,101,33,116,16,266
1424,65,18,66,16,165
1428,67,17,83,16,183
1429,66,33,66,17,182
1430,51,33,66,17,167
1431,66,33,83,16,198
1432,100,16,66,19,201
1433,66,33,66,19,184
1434,67,16,66,19,168
1436,66,17,67,16,166
1438,66,16,68,15,165
1440,84,33,66,18,201
1441,67,33,66,18,184
1442,99,19,65,17,200
1443,102,32,67,16,217
1444,64,19,65,17,165
1446,101,15,68,17,201
1447,66,33,68,17,184
1448,302,16,67,17,402
1449,99,34,99,17,249
1451,67,34,99,17,217
1453,68,32,67,17,184
1454,100,17,67,17,201
1455,51,15,67,17,150
1456,67,17,67,17,168
1457,66,33,100,17,216
1460,67,17,66,17,167
1461,67,33,67,17,184
1462,66,16,67,17,166
1464,66,17,51,16,150
1465,66,34,83,16,199
1469,51,16,66,18,151
1471,99,34,66,18,217
1475,67,33,51,17,168
1477,51,16,51,17,135
1478,65,17,68,17,167
1480,84,33,67,16,200
1481,51,17,65,17,150
1482,52,33,67,16,168
1483,68,32,239,12,351
1484,67,15,239,12,333
1487,283,16,68,16,383
1488,66,16,172,12,266
1489,51,16,172,12,251
1490,68,15,68,15,166
1491,65,33,67,17,182
1492,67,15,67,17,166
1493,51,15,67,17,150
1494,83,32,51,16,182
1495,68,32,51,16,167
1496,65,17,51,16,149
1497,67,39,79,17,202
1499,71,28,68,16,183
1500,56,28,68,16,168
1501,51,16,68,16,151
1502,69,15,116,17,217
1503,195,32,68,17,312
1505,68,32,84,15,199
1507,99,34,68,14,215
1508,66,16,51,15,148
1509,65,34,68,14,181
1512,50,32,68,17,167
1513,51,15,68,17,151
1514,67,18,110,24,219
1515,100,33,118,17,268
1516,100,16,118,17,251
1518,83,45,73,17,218
1520,51,45,73,17,186
1521,78,24,66,18,186
1523,102,33,101,15,251
1524,66,18,51,16,151
1525,57,33,101,15,206
1526,67,17,101,15,200
1528,85,34,83,15,217
1529,51,16,67,15,149
1531,68,33,65,18,184
1533,99,33,84,17,233
1534,51,32,67,16,166
1535,65,33,84,17,199
1536,67,15,84,17,183
1538,50,34,85,15,184
1540,65,18,51,15,149
1542,66,17,83,17,183
1543,67,33,67,16,183
1544,69,15,67,16,167
1545,51,15,67,16,149
1546,50,33,67,18,168
1548,82,33,83,17,215
1549,67,33,83,17,200
1550,51,33,83,17,184
1552,68,15,100,16,199
1553,51,15,100,16,182
1554,67,19,64,16,166
1556,65,17,101,16,199
1557,301,33,84,15,433
1558,50,33,84,17,184
1560,66,18,132,18,234
1561,84,17,82,16,199
1563,84,17,65,18,184
1564,68,17,65,18,168
1565,50,17,65,18,150
1566,300,16,116,17,449
1568,66,16,68,18,168
1569,65,35,51,15,166
1570,67,17,51,15,150
1571,67,33,84,15,199
1572,102,15,66,18,201
1573,68,33,66,18,185
1576,101,15,100,18,234
1579,66,34,116,17,233
1582,66,17,82,17,182
1583,167,34,83,18,302
1585,66,34,67,17,184
1586,67,16,67,17,167
1590,65,18,83,18,184
1591,84,17,116,17,234
1592,68,17,116,17,218
1593,51,17,116,17,201
1596,84,32,68,15,199
1597,67,32,68,15,182
1600,67,17,66,16,166
1601,66,34,82,17,199
1603,68,32,67,16,183
1604,51,32,67,16,166
1606,66,17,50,18,151
1607,65,34,66,17,182
1608,84,34,99,17,234
1609,67,34,99,17,217
1611,50,18,99,17,184
1613,66,35,83,16,200
1615,67,32,51,16,166
1616,54,32,51,16,153
1617,300,33,67,17,417
1618,67,18,65,18,168
1619,67,32,51,15,165
1621,51,16,51,15,133
1623,148,18,65,19,250
1624,67,15,85,15,182
1625,100,34,65,19,218
1626,83,34,65,19,201
1629,50,18,65,19,152
1630,67,15,135,16,233
1632,102,15,84,16,217
1633,65,34,84,16,199
1634,67,15,84,16,182
1635,52,15,84,16,167
1636,50,33,51,16,150
1637,67,35,83,17,202
1639,68,32,68,15,183
1640,68,16,68,15,167
1641,51,16,68,15,150
1642,50,34,66,17,167
1643,66,34,66,16,182
1644,67,17,66,16,166
1645,100,34,82,17,233
1647,66,34,82,17,199
1648,66,17,82,17,182
1649,66,33,66,17,182
1653,66,33,118,17,234
1654,66,17,118,17,218
1655,66,34,66,18,184
1657,67,32,117,17,233
1658,101,16,83,17,217
1659,100,35,65,16,216
1660,83,35,65,16,199
1661,66,35,65,16,182
1662,67,17,65,16,165
1664,99,17,102,15,233
1665,66,34,102,15,217
1667,65,34,100,16,215
1668,166,17,66,18,267
1669,101,35,81,17,234
1670,51,33,101,15,200
1672,67,19,81,17,184
1674,67,17,66,18,168
1675,151,15,68,17,251
1677,66,32,67,17,182
1678,284,33,66,16,399
1679,66,33,68,17,184
1681,65,34,51,16,166
1683,51,16,51,16,134
1684,66,17,100,16,199
1685,68,33,166,16,283
1686,67,16,166,16,265
1689,100,33,66,16,215
1690,66,17,99,16,198
1692,51,33,66,16,166
1695,67,32,68,16,183
1696,83,34,67,16,200
1697,66,34,67,16,183
1698,103,15,100,16,234
1700,70,15,100,16,201
1701,68,33,116,17,234
1702,52,33,116,17,218
1703,67,34,99,17,217
1704,97,18,66,17,198
1705,67,33,66,17,183
1707,67,32,51,16,166
1708,67,16,51,16,150
1709,65,34,150,17,266
1710,67,17,150,17,251
1711,66,33,67,16,182
1712,83,34,83,17,217
1713,51,16,67,16,150
1714,50,34,83,17,184
1715,67,33,67,16,183
1716,67,16,67,16,166
1717,51,16,67,16,150
1718,50,33,67,16,166
1719,100,33,117,17,267
1720,83,33,117,17,250
1721,67,33,117,17,234
1722,100,18,65,18,201
1724,66,18,65,18,167
1726,101,15,101,17,234
1727,67,32,101,17,217
1728,68,15,101,17,201
1731,83,17,67,16,183
1732,50,33,67,16,166
1734,83,34,65,18,200
1737,67,33,83,17,200
1738,52,33,83,17,185
1739,67,32,68,15,182
1740,67,15,68,15,165
1741,65,35,66,17,183
1742,67,17,66,17,167
1743,67,33,65,17,182
1745,68,33,84,15,200
1746,65,18,84,15,182
1747,83,15,102,16,216
1748,149,35,69,13,266
1749,50,15,102,16,183
1751,167,36,97,16,316
1753,52,15,68,17,152
1754,85,33,100,16,234
1755,67,33,100,16,216
1756,66,17,100,16,199
1757,68,36,97,16,217
1758,166,17,67,17,267
1759,69,30,67,16,182
1760,53,30,67,16,166
1763,97,34,50,16,197
1764,67,17,67,17,168
1765,67,34,50,16,167
1766,66,18,50,16,150
1767,67,33,83,17,200
1768,84,33,67,17,201
1769,67,33,67,17,184
1770,51,33,67,17,168
1772,51,33,51,16,151
1774,66,17,84,16,183
1775,84,16,51,16,167
1777,101,33,66,17,217
1778,84,33,66,17,200
1779,84,16,66,17,183
1781,51,16,66,17,150
1782,66,18,82,17,183
1783,99,34,84,15,232
1785,66,34,84,15,199
1786,68,17,84,15,184
1787,67,32,52,15,166
1789,66,35,132,17,250
1791,67,32,67,17,183
1793,102,32,68,15,217
1794,104,15,68,15,202
1795,99,33,50,18,200
1797,67,33,50,18,168
1798,100,18,83,15,216
1799,65,35,83,15,198
1800,83,33,65,18,199
1801,68,33,65,18,184
1802,51,33,65,18,167
1803,50,18,65,18,151
1806,68,15,66,18,167
1807,65,33,51,18,167
1808,68,15,51,18,152
1810,81,36,99,16,232
1811,66,36,99,16,217
1812,66,18,99,16,199
1813,51,18,99,16,184
1814,100,16,50,19,185
1817,99,35,65,16,215
1818,67,17,66,17,167
1819,67,35,65,16,183
1823,66,34,84,16,200
1825,65,34,66,16,181
1826,99,16,67,17,199
1828,67,16,67,17,167
1829,66,34,67,17,184
1830,68,16,67,17,168
1832,50,33,51,16,150
1833,50,17,51,16,134
1834,100,16,83,18,217
1835,67,33,83,18,201
1838,66,18,83,17,184
1839,67,32,51,17,167
1840,67,15,51,17,150
1842,67,18,115,17,217
1843,67,33,99,18,217
1844,50,33,99,18,200
1847,66,32,52,17,167
1848,65,17,52,17,151
1850,168,16,83,17,284
1851,66,35,82,17,200
1852,51,35,82,17,185
1854,52,32,50,17,151
1855,67,33,83,17,200
1856,99,17,116,17,249
1857,49,16,83,17,165
1858,99,17,83,17,216
1859,50,17,116,17,200
1860,83,33,67,17,200
1861,67,33,67,17,184
1862,83,33,51,16,183
1863,150,16,68,15,249
1864,117,33,68,15,233
1865,66,34,82,19,201
1866,84,33,68,15,200
1867,67,33,68,15,183
1868,66,16,68,15,165
1869,101,34,66,16,217
1870,67,17,65,18,167
1872,65,19,66,16,166
1873,68,31,101,17,217
1875,65,35,98,19,217
1876,85,34,83,16,218
1878,51,34,83,16,184
1879,101,32,85,16,234
1880,100,15,85,16,216
1881,98,35,66,17,216
1882,67,15,85,16,183
1883,165,35,82,17,299
1884,66,16,66,17,165
1885,51,16,66,17,150
1886,66,18,67,15,166
1887,69,32,50,17,168
1888,82,35,82,17,216
1889,66,35,82,17,200
1890,67,18,82,17,184
1891,166,34,67,15,282
1892,100,16,51,17,184
1893,50,17,84,17,168
1894,67,16,51,17,151
1895,65,34,67,16,182
1896,67,17,67,16,167
1897,67,34,67,15,183
1899,51,17,67,15,150
1900,100,18,82,17,217
1901,67,34,82,17,200
1902,66,18,82,17,183
1904,99,18,100,15,232
1905,49,17,67,17,150
1906,301,15,68,15,399
1907,66,33,102,15,216
1908,67,17,102,15,201
1909,67,32,70,15,184
1911,65,35,99,18,217
1912,67,17,99,18,201
1913,67,35,64,18,184
1914,167,15,68,15,265
1915,70,31,66,18,185
1917,282,17,101,16,416
1918,67,17,101,15,200
1919,64,33,68,15,180
1923,51,16,101,15,183
1924,83,32,67,18,200
1926,65,17,67,18,167
1927,66,35,50,17,168
1928,65,18,50,17,150
1930,102,17,100,16,235
1932,68,17,100,16,201
1933,50,17,100,16,183
1934,52,32,68,16,168
1936,83,34,66,16,199
1938,67,18,66,16,167
1940,51,32,66,15,164
1944,66,16,68,15,165
1945,66,34,66,18,184
1946,101,17,50,16,184
1948,67,17,50,16,150
1949,68,32,67,17,184
1951,66,34,67,16,183
1955,67,34,67,16,184
1957,67,34,100,15,216
1958,51,34,100,15,200
1959,68,33,67,15,183
1960,66,18,67,15,166
1961,67,33,67,17,184
1962,51,33,67,17,168
1964,300,18,167,15,500
1965,100,34,66,17,217
1967,300,34,67,15,416
1969,50,17,66,17,150
1970,100,18,100,16,234
1971,100,32,68,16,216
1972,65,18,100,16,199
1974,51,32,68,16,167
1975,51,15,68,16,150
1976,50,34,84,17,185
1978,65,18,167,15,265
1980,50,33,166,17,266
1981,67,34,67,15,183
1982,152,33,99,18,302
1985,101,33,99,18,251
1986,66,18,65,17,166
1987,100,32,133,18,283
1988,51,33,99,18,201
1989,67,32,133,18,250
1990,51,32,133,18,234
1991,65,35,82,16,198
1992,67,18,82,16,183
1993,67,32,66,18,183
1994,67,17,66,18,168
1997,65,33,117,17,232
1999,66,34,83,17,200
2000,66,16,83,17,182
2001,51,16,83,17,167
2002,84,32,101,14,231
2003,68,32,101,14,215
2004,50,32,101,14,197
2005,50,16,101,14,181
2006,83,33,67,17,200
2007,84,15,67,17,183
2008,50,33,67,17,167
2009,52,15,67,17,151
2010,98,19,50,17,184
2011,67,33,50,17,167
2013,67,33,83,17,200
2014,67,16,83,17,183
2015,50,16,83,17,166
2016,169,17,67,31,284
2018,67,17,66,17,167
2025,51,16,87,17,171
2026,68,16,53,17,154
2027,67,31,56,17,171
2028,81,39,67,16,203
2029,87,17,67,16,187
2030,69,17,67,16,169
2031,53,17,67,16,153
2033,49,17,66,16,148
2034,51,33,99,17,200
2035,100,33,68,15,216
2036,66,17,66,17,166
2037,66,33,68,15,182
2039,66,33,85,16,200
2040,66,17,85,16,184
2043,168,33,165,19,385
2045,67,34,99,17,217
2046,68,16,99,17,200
2047,100,33,165,19,317
2049,68,33,165,19,285
2050,66,17,165,19,267
2052,51,32,67,17,167
2053,166,32,84,17,299
2054,66,17,99,19,201
2055,165,35,66,17,283
2056,99,17,116,17,249
2058,116,35,66,17,234
2059,67,32,84,17,200
2060,166,17,100,17,300
2061,66,35,66,17,184
2062,68,16,66,17,167
2063,51,16,66,17,150
2064,65,17,67,17,166
2067,66,33,101,16,216
2068,51,33,101,16,201
2069,67,34,67,16,184
2070,100,17,101,17,235
2071,67,33,101,17,218
2072,66,17,101,17,201
2073,67,34,67,17,185
2074,151,32,50,17,250
2075,151,15,50,17,233
2078,67,17,65,17,166
2080,51,32,50,17,150
2081,99,34,99,18,250
2082,99,17,99,18,233
2083,65,34,99,18,216
2084,65,17,99,18,199
2085,101,33,66,17,217
2086,84,33,66,17,200
2087,68,33,66,17,184
2088,51,33,66,17,167
2090,67,15,51,17,150
2092,68,16,67,17,168
2093,66,34,84,16,200
2094,66,17,84,16,183
2095,51,17,84,16,168
2096,83,33,84,17,217
2097,67,33,84,17,201
2098,67,16,84,17,184
2100,67,16,67,16,166
2102,117,32,67,17,233
2103,101,32,67,17,217
2104,83,32,67,17,199
2105,67,32,67,17,183
2106,100,17,82,17,216
2107,66,34,82,17,199
2108,300,17,150,16,483
2111,67,34,67,16,184
2112,99,17,68,17,201
2113,67,32,68,17,184
2114,83,35,83,17,218
2115,101,33,67,15,216
2116,84,33,67,15,199
2117,67,33,67,15,182
2119,100,35,150,16,301
2121,65,35,150,16,266
2122,67,17,150,16,250
2123,67,32,118,16,233
2124,65,17,118,16,216
2125,67,34,166,17,284
2127,66,34,66,16,182
2128,51,34,66,16,167
2130,51,33,66,16,166
2131,67,33,66,17,183
2132,67,16,66,17,166
2133,66,33,67,17,183
2134,50,33,67,17,167
2135,66,33,51,16,166
2137,66,34,150,18,268
2138,50,34,150,18,252
2139,67,33,66,18,184
2140,51,33,66,18,168
2141,51,16,66,18,151
2144,100,15,169,15,299
2145,51,15,69,15,150
2146,67,15,169,15,266
2148,84,32,101,15,232
2149,69,32,101,15,217
2151,51,17,101,15,184
2152,151,32,118,16,317
2154,67,16,50,17,150
2155,50,16,50,17,133
2156,68,17,67,16,168
2157,68,32,118,16,234
2160,84,32,67,16,199
2161,83,16,67,16,182
2162,52,32,67,16,167
2163,51,16,67,16,150
2164,66,17,66,16,165
2165,66,33,66,17,182
2166,67,16,66,17,166
2167,67,33,84,15,199
2169,66,33,51,15,165
2170,65,17,51,15,148
2171,66,34,100,17,217
2172,67,17,100,17,201
2173,67,32,167,18,284
2176,100,17,50,17,184
2177,150,17,82,17,266
2178,66,17,50,17,150
2179,51,17,50,17,135
2180,67,17,65,18,167
2181,83,17,82,17,199
2182,67,17,82,17,183
2183,50,17,82,17,166
2184,65,17,67,17,166
2185,65,34,66,18,183
2186,67,16,66,18,167
2187,66,33,101,16,216
2188,67,17,101,16,201
2190,66,16,102,15,199
2191,84,16,68,15,183
2192,50,34,68,15,167
2193,51,16,68,15,150
2194,84,34,65,18,201
2195,68,34,65,18,185
2197,68,33,82,17,200
2198,67,18,82,17,184
2199,67,32,100,17,216
2200,66,17,100,17,200
2202,68,15,117,16,216
2203,65,34,83,16,198
2204,84,33,66,19,202
2205,67,33,66,19,185
2206,49,33,66,19,167
2207,67,33,52,15,167
2208,284,33,66,17,400
2209,99,34,51,15,199
2211,85,15,51,15,166
2212,68,15,51,15,149
2213,52,15,51,15,133
2215,68,32,68,17,185
2216,66,15,68,17,166
2217,51,15,68,17,151
2220,66,17,50,16,149
2221,68,33,66,17,184
2222,67,16,66,17,166
2224,50,33,117,18,218
2225,50,16,117,18,201
2226,99,17,68,15,199
2227,66,34,68,15,183
2228,151,31,102,16,300
2230,83,34,64,18,199
2231,166,34,51,15,266
2232,67,18,64,18,167
2233,68,31,102,16,217
2234,51,31,102,16,200
2235,65,33,85,15,198
2237,64,34,51,15,164
2238,67,16,51,15,149
2239,51,16,51,15,133
2240,84,31,52,15,182
2242,51,31,52,15,149
2243,51,15,52,15,133
2248,82,34,66,16,198
2249,67,34,66,16,183
2250,300,15,68,16,399
2251,51,17,66,16,150
2252,283,35,133,17,468
2253,67,33,66,18,184
2254,66,17,66,18,167
2256,65,18,66,16,165
2257,301,32,51,16,400
2259,100,33,68,15,216
2260,100,17,68,15,200
2261,66,33,68,15,182
2262,101,15,68,16,200
2268,65,18,66,16,165
2269,68,34,66,17,185
2271,67,32,51,16,166
2272,100,18,66,17,201
2273,66,34,66,17,183
2274,101,16,83,18,218
2275,66,33,83,18,200
2276,68,16,83,18,185
2277,51,16,83,18,168
2278,51,33,68,16,168
2279,66,33,51,18,168
2280,66,16,51,18,151
2281,50,16,51,18,135
2284,51,34,64,18,167
2287,66,32,68,15,181
2288,67,15,68,15,165
2289,64,34,68,15,181
2290,149,32,101,17,299
2291,66,34,84,15,199
2292,83,34,65,16,198
2293,68,34,65,16,183
2294,149,34,67,16,266
2295,68,32,101,17,218
2296,52,32,101,17,202
2297,66,33,85,16,200
2298,69,15,85,16,185
2299,65,34,67,16,182
2300,50,34,67,16,167
2301,101,33,101,15,250
2302,65,18,66,17,166
2303,85,16,101,15,217
2308,66,15,101,18,200
2310,150,31,52,18,251
2311,68,31,100,17,216
2312,66,16,100,17,199
2313,101,31,52,18,202
2314,67,16,66,17,166
2315,65,31,52,18,166
2316,50,31,52,18,151
2317,52,13,52,18,135
2318,82,35,65,19,201
2319,66,35,65,19,185
2322,101,15,68,17,201
2323,67,33,68,17,185
2326,68,16,82,17,183
2327,52,16,82,17,167
2328,50,33,66,18,167
2329,68,32,52,16,168
2330,66,15,52,16,149
2331,99,34,67,17,217
2332,101,16,67,17,201
2333,66,34,67,17,184
2334,67,16,67,17,167
2335,52,16,67,17,152
2336,51,33,51,16,151
2339,67,33,66,18,184
2340,51,33,66,18,168
2341,51,16,66,18,151
2342,51,32,101,16,200
2343,65,34,67,16,182
2344,67,15,67,16,165
2346,67,15,100,18,200
2347,52,15,100,18,185
2348,82,34,67,16,199
2349,67,34,67,16,184
2352,51,32,100,17,200
2353,84,17,82,18,201
2354,101,16,50,18,185
2355,50,17,82,18,167
2356,115,35,66,16,232
2357,51,16,50,18,135
2358,82,35,66,16,199
2360,66,18,66,16,166
2363,68,33,67,16,184
2364,151,33,83,17,284
2365,66,33,150,17,266
2366,66,17,150,17,250
2367,66,34,66,17,183
2372,67,16,67,16,166
2373,83,17,84,16,200
2374,50,34,84,16,184
2375,50,17,84,16,167
2376,66,17,67,15,165
2377,67,32,67,18,184
2378,167,15,67,17,266
2379,84,16,65,18,183
2380,68,16,65,18,167
2381,51,16,65,18,150
2382,51,32,84,16,183
2384,66,15,67,17,165
2385,99,33,67,17,216
2387,67,33,67,17,184
2388,66,16,67,17,166
2390,66,16,68,16,166
2391,50,16,68,16,150
2392,168,15,67,17,267
2394,50,34,51,15,150
2395,68,33,66,17,184
2396,66,17,66,17,166
2397,67,33,67,17,184
2398,83,33,51,16,183
2399,499,34,83,17,633
2400,100,17,67,17,201
2401,66,34,67,17,184
2404,66,16,51,20,153
2405,168,33,67,16,284
2407,67,37,95,18,217
2408,67,20,95,18,200
2411,67,33,67,16,183
2412,66,17,67,16,166
2413,63,32,68,17,180
2414,82,35,66,16,199
2415,65,35,66,16,182
2417,67,33,99,18,217
2418,66,17,99,18,200
2419,51,17,99,18,185
2420,67,16,66,18,167
2421,99,33,68,15,215
2422,50,33,51,16,150
2423,66,33,68,15,182
2424,66,16,68,15,165
2425,66,34,83,17,200
2427,51,16,83,17,167
2428,99,18,132,17,266
2429,68,33,132,17,250
2430,65,18,132,17,232
2431,100,34,116,17,267
2432,150,32,68,17,267
2433,66,34,116,17,233
2434,51,34,116,17,218
2435,299,33,68,16,416
2436,51,33,83,17,184
2437,67,32,68,17,184
2438,81,34,51,16,182
2439,65,34,51,16,166
2440,100,17,65,18,200
2441,100,33,99,17,249
2443,68,33,99,17,217
2444,166,17,68,16,267
2445,51,16,99,17,183
2446,100,16,84,17,217
2447,99,33,68,16,216
2448,66,16,84,17,183
2449,66,33,68,16,183
2450,65,17,68,16,166
2451,67,34,100,18,219
2453,67,34,84,15,200
2454,68,17,84,15,184
2456,51,33,51,15,150
2457,67,33,117,17,234
2458,101,15,84,17,217
2459,66,33,84,17,200
2462,49,35,66,16,166
2463,100,34,66,17,217
2464,65,17,67,17,166
2465,167,33,51,17,268
2466,66,17,66,17,166
2468,51,33,66,17,167
2469,166,35,100,15,316
2471,99,33,68,15,215
2475,84,17,100,15,216
2476,67,17,100,15,199
2479,68,32,101,17,218
2481,65,35,66,17,183
2482,501,15,68,16,600
2483,67,32,118,15,232
2484,52,32,118,15,217
2485,67,34,84,15,200
2486,84,34,65,17,200
2487,66,34,65,17,182
2488,85,33,67,17,202
2489,51,17,65,17,150
2490,116,35,83,16,250
2492,82,35,83,16,216
2493,166,33,51,15,265
2494,66,18,83,16,183
2495,67,32,67,16,182
2496,82,34,67,17,200
2497,52,15,67,16,150
2498,50,34,67,17,168
2499,99,34,84,15,232
2500,98,18,84,15,215
2501,101,32,67,18,218
2502,101,15,67,18,201
2503,151,15,68,16,250
2504,283,33,83,18,417
2506,102,15,68,16,201
2508,67,15,68,16,166
2509,102,33,99,18,252
2510,100,17,99,18,234
2511,67,33,99,18,217
2512,66,17,99,18,200
2513,51,17,99,18,185
2516,65,18,83,16,182
2518,101,15,50,18,184
2520,69,15,50,18,152
2521,66,33,68,16,183
2522,66,16,68,16,166
2523,66,35,84,15,200
2524,65,18,84,15,182
2525,50,18,84,15,167
2526,51,33,66,18,168
2527,101,33,67,17,218
2529,66,33,67,17,183
2530,167,15,51,17,250
2533,51,16,50,15,132
2534,82,32,51,17,182
2535,67,32,51,17,167
2536,66,15,51,17,149
2537,50,15,51,17,133
2538,83,33,68,17,201
2539,67,33,68,17,185
2541,51,17,68,17,153
2542,50,50,69,32,201
2543,83,4,132,33,252
2544,67,4,132,33,236
2545,50,4,132,33,219
2548,97,16,85,17,215
2550,101,33,50,17,201
2552,67,33,50,17,167
2553,152,49,134,32,367
2554,101,34,65,17,217
2556,66,34,65,17,182
2557,51,34,65,17,167
2559,50,49,134,32,265
2561,66,33,84,17,200
2562,65,17,84,17,183
2563,66,18,115,19,218
2564,68,49,85,16,218
2566,67,17,85,16,185
2567,67,17,133,17,234
2568,66,49,84,17,216
2569,68,32,84,17,201
2570,51,32,84,17,184
2573,165,18,134,16,333
2574,101,49,152,16,318
2575,68,16,67,32,183
2577,98,18,134,16,266
2578,51,32,152,16,251
2580,67,49,85,16,217
2581,50,49,85,16,200
2582,66,17,85,16,184
2583,50,17,85,16,168
2584,83,33,67,17,200
2586,51,33,67,17,168
2587,67,18,133,17,235
2588,51,18,133,17,219
2589,51,49,84,17,201
2590,51,33,84,17,185
2591,67,17,67,17,168
2592,66,49,67,17,199
2593,65,34,67,17,183
2594,66,17,67,17,167
2595,66,18,66,17,167
2596,67,49,99,18,233
2597,101,17,82,18,218
2598,52,32,99,18,201
2599,166,35,100,17,318
2600,66,50,67,33,216
2601,66,33,67,33,199
2602,51,33,67,33,184
2603,99,35,100,17,251
2604,82,35,100,17,234
2606,49,35,100,17,201
2608,67,18,67,17,169
2609,102,33,50,33,218
2611,100,17,99,17,233
2612,67,18,50,33,168
2613,67,17,99,17,200
2614,69,33,116,17,235
2615,149,50,66,17,282
2617,50,49,67,17,183
2618,99,50,66,17,232
2619,52,16,67,17,152
2622,83,33,67,18,201
2623,67,33,67,18,185
2624,67,16,67,18,168
2625,66,33,52,31,182
2626,100,17,84,16,217
2627,66,34,84,16,200
2628,66,17,84,16,183
2629,151,49,83,17,300
2632,66,18,66,16,166
2633,67,17,65,18,167
2635,51,49,83,17,200
2637,66,34,66,18,184
2638,83,17,100,32,232
2639,67,17,100,32,216
2640,100,17,51,32,200
2641,83,17,51,32,183
2642,67,17,51,32,167
2644,67,33,67,32,199
2645,52,33,67,32,184
2647,51,49,67,17,184
2648,65,17,67,17,166
2649,67,18,66,17,168
2650,67,49,67,33,216
2651,52,49,67,33,201
2652,67,17,67,33,184
2654,66,50,99,17,232
2655,51,50,99,17,217
2656,51,33,99,17,200
2657,67,33,66,17,183
2658,83,34,83,32,232
2659,66,34,83,32,215
2661,67,32,67,16,182
2663,66,34,67,32,199
2664,49,34,67,32,182
2665,66,17,82,18,183
2666,99,18,50,33,200
2669,67,32,69,17,185
2671,84,51,64,18,217
2672,50,18,133,17,218
2673,50,51,64,18,183
2675,51,18,64,18,151
2678,67,50,84,32,233
2679,64,35,84,32,215
2680,65,17,84,32,198
2681,67,33,66,17,183
2683,169,32,67,17,285
2684,67,34,82,17,200
2685,50,34,82,17,183
2687,51,50,82,17,200
2688,66,18,82,17,183
2689,68,32,67,17,184
2690,82,17,184,33,316
2691,117,17,100,34,268
2692,67,50,100,34,251
2694,101,17,66,34,218
2695,84,17,66,34,201
2696,67,17,66,34,184
2697,51,17,66,34,168
2698,51,17,83,33,184
2700,67,50,66,17,200
2701,66,34,66,17,183
2702,116,33,67,17,233
2703,68,33,66,17,184
2704,83,33,67,17,200
2705,67,33,67,17,184
2706,66,17,67,17,167
2707,66,17,67,32,182
2710,67,17,99,18,201
2711,99,35,50,16,200
2712,283,17,116,17,433
2713,101,32,52,32,217
2714,66,18,50,16,150
2716,100,34,82,17,233
2717,85,34,82,17,218
2718,68,34,82,17,201
2719,84,49,116,15,264
2722,66,17,116,15,214
2723,100,17,116,17,250
2724,82,17,116,17,232
2726,50,17,116,17,200
2727,101,30,52,17,200
2729,68,30,52,17,167
2730,116,34,82,17,249
2731,64,35,67,17,183
2732,84,34,82,17,217
2734,50,34,82,17,183
2735,52,17,82,17,168
2736,101,49,68,16,234
2737,67,17,67,17,168
2738,67,49,68,16,200
2739,82,17,68,16,183
2741,66,18,66,18,168
2742,67,34,82,17,200
2743,51,34,82,17,184
2745,52,32,67,17,168
2746,66,35,66,32,199
2747,49,35,66,32,182
2749,66,34,67,33,200
2750,67,17,67,33,184
2751,66,17,83,32,198
2752,49,17,83,32,181
2754,66,18,65,20,169
2755,100,32,52,32,216
2756,83,32,52,32,199
2757,152,49,66,18,285
2758,51,32,52,32,167
2759,65,20,147,18,250
2760,168,49,84,18,319
2761,150,49,84,18,301
2763,52,49,66,18,185
2767,68,32,84,18,202
2768,51,32,84,18,185
2770,67,49,67,17,200
2771,50,49,67,17,183
2772,51,33,67,17,168
2774,66,50,50,17,183
2775,68,32,50,17,167
2776,52,32,50,17,151
2780,99,18,100,33,250
2782,65,18,100,33,216
2783,167,33,83,17,300
2784,100,50,66,17,233
2785,66,17,83,17,183
2786,101,17,66,17,201
2787,50,50,66,17,183
2788,67,17,66,17,167
2789,67,33,83,17,200
2790,83,17,66,17,183
2791,101,17,67,18,203
2792,50,17,66,17,150
2793,66,17,67,18,168
2794,68,50,67,17,202
2798,50,17,50,17,134
2799,67,32,117,17,233
2800,52,32,117,17,218
2802,50,17,67,17,151
2803,82,34,50,33,199
2804,67,34,50,33,184
2805,84,33,50,17,184
2806,67,33,50,17,167
2807,51,33,50,17,151
2808,51,16,50,17,134
2810,50,33,84,32,199
2811,66,17,67,32,182
2812,50,17,67,32,166
2813,65,34,69,16,184
2814,50,34,69,16,169
2815,66,18,67,17,168
2816,67,32,84,18,201
2817,84,35,67,15,201
2819,69,16,67,15,167
2821,52,32,66,18,168
2822,52,15,66,18,151
2823,65,18,64,18,165
2827,67,33,101,17,218
2828,64,18,101,17,200
2829,67,34,67,17,185
2830,51,34,67,17,169
2831,67,16,68,15,166
2832,52,16,68,15,151
2833,65,36,82,17,200
2834,67,19,82,17,185
2835,67,17,65,17,166
2836,51,17,65,17,150
2837,53,32,82,18,185
2838,68,33,67,18,186
2839,82,49,51,17,199
2841,67,32,51,17,167
2842,82,18,67,17,184
2844,67,33,100,17,217
2845,150,50,66,17,283
2849,66,16,67,17,166
2850,51,16,67,17,151
2851,50,50,66,17,183
2852,66,17,66,17,166
2855,66,32,84,16,198
2856,51,32,84,16,183
2857,66,33,51,16,166
2858,100,33,67,17,217
2859,65,18,68,32,183
2860,101,35,82,17,235
2861,84,35,82,17,218
2863,51,35,82,17,185
2865,52,32,67,32,183
2866,117,17,115,17,266
2867,101,17,115,17,250
2869,68,17,115,17,217
2870,99,17,121,14,251
2871,50,49,121,14,234
2872,117,33,55,14,219
2873,66,33,88,14,201
2874,82,33,55,14,184
2875,67,33,55,14,169
2876,50,33,55,14,152
2879,67,21,63,32,183
2880,51,21,63,32,167
2881,118,50,65,17,250
2882,52,15,66,18,151
2883,167,17,117,33,334
2885,64,35,65,17,181
2886,66,18,65,17,166
2887,100,17,117,33,267
2888,66,17,83,17,183
2889,68,17,117,33,235
2890,68,51,99,34,252
2891,65,36,99,34,234
2892,66,19,99,34,218
2893,68,32,150,17,267
2895,68,34,116,17,235
2896,51,34,116,17,218
2897,66,33,83,17,199
2899,67,34,66,16,183
2901,116,33,149,18,316
2903,83,33,149,18,283
2904,68,33,149,18,268
2905,66,16,149,18,249
2906,300,18,98,17,433
2907,84,50,65,18,217
2908,67,50,65,18,200
2909,67,33,65,18,183
2910,84,17,66,17,184
2911,84,33,67,32,216
2912,50,17,66,17,150
2913,50,33,67,32,182
2914,167,18,98,17,300
2916,66,34,65,16,181
2917,166,36,65,18,285
2918,67,50,98,17,232
2922,65,16,84,17,182
2924,85,31,52,32,200
2926,100,17,151,17,285
2927,67,34,151,17,269
2928,66,17,151,17,251
2930,50,18,186,30,284
2932,67,18,83,17,185
2934,82,18,86,30,216
2936,50,18,86,30,184
2937,83,53,96,17,249
2939,51,53,96,17,217
2942,53,30,66,17,166
2943,66,32,118,16,232
2945,62,34,84,16,196
2946,84,17,67,16,184
2947,66,17,67,16,166
2949,152,49,67,32,300
2951,67,17,51,32,167
2952,101,49,67,32,249
2954,68,49,67,32,216
2955,51,49,67,32,199
2957,100,18,66,32,216
2959,65,18,66,32,181
2960,99,17,84,17,217
2962,66,17,84,17,184
2963,66,18,83,17,184
2964,66,49,117,18,250
2967,67,34,83,18,202
2968,66,17,83,18,184
2972,66,18,67,17,168
2973,67,16,68,16,167
2975,51,34,65,18,168
2976,52,16,65,18,151
2977,84,49,83,17,233
2978,51,17,66,17,151
2979,50,49,83,17,199
2980,65,18,83,17,183
2981,66,17,66,17,166
2984,86,32,83,16,217
2987,116,49,67,16,248
2988,49,17,66,16,148
2989,82,49,67,16,214
2990,67,49,67,16,199
2993,66,35,65,17,183
2995,66,17,65,18,166
2996,99,17,67,15,198
2999,65,35,99,18,217
3000,65,18,99,18,200
3002,151,18,83,17,269
3003,52,49,83,18,202
3004,65,19,83,18,185
3005,99,18,83,17,217
3006,82,18,83,17,200
3008,52,18,83,17,170
3010,67,51,82,17,217
3011,50,51,82,17,200
3012,83,17,82,18,200
3014,68,49,116,17,250
3015,150,48,117,17,332
3016,67,17,116,17,217
3017,66,33,83,17,199
3018,65,17,83,17,182
3019,85,48,117,17,267
3021,51,48,117,17,233
3022,152,31,68,35,286
3023,66,34,66,17,183
3024,281,18,67,32,398
3027,52,48,68,35,203
3031,65,17,52,30,164
3032,50,17,52,30,149
3033,51,52,82,33,218
3034,51,35,82,33,201
3037,117,33,65,17,232
3039,82,33,65,17,197
3040,101,50,84,33,268
3042,67,50,84,33,234
3043,66,34,84,33,217
3044,65,18,84,33,200
3047,118,33,137,16,304
3051,52,33,137,16,238
3053,99,17,71,16,203
3054,65,17,88,16,186
3055,84,58,78,17,237
3056,98,26,78,17,219
3057,50,58,78,17,203
3060,71,32,66,18,187
3062,55,16,66,18,155
3063,111,35,100,17,263
3064,65,33,68,18,184
3065,66,16,68,18,168
3066,66,35,100,17,218
3067,67,17,100,17,201
3070,68,33,66,17,184
3071,83,34,82,17,216
3073,50,34,82,17,183
3074,84,15,67,18,184
3075,166,17,66,15,264
3077,65,18,67,15,165
3078,67,32,83,18,200
3080,67,35,66,15,183
3082,99,34,66,18,217
3083,52,32,168,15,267
3084,67,34,66,18,185
3085,83,33,51,15,182
3086,500,32,67,16,615
3089,68,16,100,17,201
3090,50,16,100,17,183
3091,51,33,67,17,168
3092,51,15,67,17,150
3093,84,32,83,17,216
3096,167,33,85,17,302
3097,149,33,85,17,284
3098,101,31,68,15,215
3099,66,20,64,17,167
3100,69,31,68,15,183
3103,51,33,85,17,186
3106,101,34,65,17,217
3108,68,34,65,17,184
3109,68,17,65,17,167
3110,67,33,65,17,182
3113,50,32,67,16,165
3116,65,34,51,16,166
3120,66,35,133,17,251
3121,84,32,133,18,267
3123,51,32,133,18,234
3124,102,34,131,18,285
3125,66,17,66,17,166
3126,67,34,131,18,250
3127,85,32,99,18,234
3129,100,15,67,18,200
3130,98,32,53,16,199
3131,66,15,67,18,166
3132,64,32,53,16,165
3134,64,35,135,16,250
3135,67,15,135,16,233
3136,168,34,99,18,319
3137,67,16,67,16,166
3138,53,16,67,16,152
3140,69,32,68,16,185
3141,66,17,68,16,167
3142,101,34,65,18,218
3143,100,18,65,18,201
3144,66,34,65,18,183
3145,67,18,65,18,168
3146,68,32,150,18,268
3147,52,32,150,18,252
3148,66,33,66,17,182
3149,101,15,68,16,200
3150,83,15,68,16,182
3151,67,15,68,16,166
3155,65,18,66,18,167
3156,50,18,66,18,152
3159,102,15,117,17,251
3160,66,33,117,17,233
3162,99,33,67,16,215
3164,67,33,67,16,183
3165,66,16,67,16,165
3166,51,16,67,16,150
3167,117,34,65,17,233
3168,67,33,99,17,216
3169,167,15,68,15,265
3170,67,34,65,17,183
3171,50,34,65,17,166
3172,67,33,100,15,215
3175,151,33,82,17,283
3177,66,16,68,17,167
3178,65,35,50,16,166
3179,66,17,50,16,149
3180,68,33,82,17,200
3181,51,33,82,17,183
3186,99,34,117,16,266
3187,65,17,66,17,165
3191,51,32,85,16,184
3193,65,18,66,18,167
3195,99,16,65,20,200
3197,84,33,52,16,185
3200,52,15,52,16,135
3202,85,16,100,16,217
3204,52,16,100,16,184
3205,51,33,67,16,167
3206,69,32,51,17,169
3207,98,18,68,14,198
3208,65,35,68,14,182
3211,66,17,132,17,232
3212,51,17,132,17,217
3213,86,32,99,18,235
3215,52,32,99,18,201
3217,52,33,66,18,169
3219,68,15,102,15,200
3220,65,34,68,15,182
3221,64,17,68,15,164
3222,84,16,100,16,216
3223,67,16,100,16,199
3224,52,16,100,16,184
3225,51,34,99,18,202
3226,100,34,66,19,219
3227,65,17,100,19,201
3228,82,18,66,19,185
3229,65,18,66,19,168
3230,66,33,100,16,215
3232,167,33,84,16,300
3234,66,37,81,16,200
3235,50,37,81,16,184
3236,52,18,81,16,167
3237,52,30,67,15,164
3238,67,33,84,16,200
3239,64,17,84,16,181
3240,81,16,66,17,180
3241,150,34,84,17,285
3244,68,32,67,16,183
3247,303,15,100,16,434
3248,66,33,100,18,217
3252,67,34,99,18,218
3253,67,17,99,18,201
3254,68,32,67,18,185
3256,66,33,52,15,166
3257,67,15,52,15,149
3258,65,34,200,17,316
3259,66,18,200,17,301
3260,67,33,100,16,216
3261,67,15,100,16,198
3263,100,17,70,12,199
3265,64,17,70,12,163
3267,49,34,67,17,167
3268,68,36,97,17,218
3269,51,36,97,17,201
3270,70,31,66,17,184
3272,67,33,66,17,183
3273,68,16,66,17,167
3277,150,32,67,18,267
3278,50,16,100,17,183
3279,66,18,65,17,166
3280,167,33,134,17,351
3281,51,33,82,17,183
3282,68,32,67,18,185
3283,51,32,67,18,168
3285,67,17,51,15,150
3286,99,33,67,17,216
3287,84,33,67,17,201
3288,67,33,67,17,184
3289,50,33,67,17,167
3296,100,34,66,16,216
3297,51,33,51,16,151
3298,67,34,66,16,183
3299,50,34,66,16,166
3300,50,17,66,16,149
3301,67,16,84,14,181
3302,100,33,83,17,233
3303,50,33,116,17,216
3304,66,33,83,17,199
3305,65,17,83,17,182
3306,166,33,68,15,282
3307,69,14,101,17,201
3308,51,14,101,17,183
3309,67,17,66,17,167
3310,67,33,84,17,201
3312,68,33,68,15,184
3313,67,16,68,15,166
3314,166,33,134,17,350
3315,67,17,82,17,183
3316,166,34,83,17,300
3317,67,17,65,18,167
3318,51,17,65,18,151
3319,51,32,51,16,150
3321,82,34,83,17,216
3322,65,34,83,17,199
3323,50,34,83,17,184
3324,100,33,84,17,234
3325,51,33,67,17,168
3326,286,14,52,15,367
3327,82,34,100,17,233
3328,66,34,100,17,217
3329,66,17,100,17,200
3330,67,34,118,14,233
3331,67,17,118,14,216
3332,68,33,66,19,186
3334,67,33,101,17,218
3337,168,15,68,17,268
3339,68,14,52,15,149
3341,69,15,66,17,167
3343,66,15,68,17,166
3344,52,15,68,17,152
3345,81,34,83,16,214
3346,66,34,83,16,199
3347,66,17,83,16,182
3351,67,16,66,17,166
3354,100,34,83,17,234
3356,66,34,83,17,200
3357,166,17,66,16,265
3358,67,34,66,16,183
3359,85,32,83,17,217
3360,68,32,83,17,200
3361,51,32,83,17,183
3362,66,34,66,16,182
3364,66,34,66,17,183
3366,100,34,66,17,217
3367,66,17,100,17,200
3369,84,34,100,15,233
3370,66,34,100,15,215
3372,51,17,100,15,183
3373,67,17,68,15,167
3375,66,18,66,17,167
3376,67,33,66,16,182
3378,68,33,67,17,185
3379,51,33,67,17,168
3380,66,33,51,15,165
3382,100,32,68,17,217
3384,67,32,68,17,184
3389,66,17,66,16,165
3390,85,16,66,17,184
3391,67,16,66,17,166
3392,51,16,66,17,150
3393,167,16,83,17,283
3395,65,17,67,16,165
3396,500,33,134,16,683
3397,101,16,83,17,217
3398,67,33,83,17,200
3399,68,16,83,17,184
3401,150,34,66,17,267
3403,65,17,100,17,199
3404,66,34,100,17,217
3406,68,34,66,17,185
3407,51,34,66,17,168
3410,66,34,83,17,200
3411,84,33,67,17,201
3412,166,33,51,16,266
3414,101,33,84,16,234
3415,84,33,84,16,217
3416,67,33,84,16,200
3418,100,34,66,17,217
3420,66,34,66,17,183
3421,101,16,134,16,267
3423,67,16,134,16,233
3424,51,16,134,16,217
3425,84,35,131,18,268
3426,66,35,131,18,250
3427,84,33,65,18,200
3428,50,18,131,18,217
3432,66,32,51,17,166
3433,100,15,85,15,215
3434,65,33,85,15,198
3435,68,15,85,15,183
3437,67,17,99,18,201
3439,50,32,67,18,167
3440,67,33,67,17,184
3441,67,15,67,17,166
3442,65,34,133,17,249
3445,67,15,117,18,217
3447,167,18,65,18,268
3448,67,33,68,15,183
3450,100,35,65,18,218
3451,50,33,50,18,151
3453,67,18,65,18,168
3454,68,33,115,17,233
3456,50,18,115,17,200
3457,101,16,99,18,234
3458,65,34,99,18,216
3459,68,16,99,18,201
3461,66,18,65,18,167
3462,100,33,52,15,200
3463,65,17,85,15,182
3464,66,33,52,15,166
3465,68,15,52,15,150
3466,99,33,67,17,216
3467,68,16,83,17,184
3468,67,33,67,17,184
3469,67,15,67,17,166
3470,52,15,67,17,151
3471,66,17,100,16,199
3472,100,33,102,16,251
3473,65,17,67,16,165
3474,67,33,102,16,218
3475,50,33,102,16,201
3476,66,34,68,16,184
3478,168,32,67,18,285
3480,68,34,65,17,184
3481,68,17,65,17,167
3482,51,17,65,17,150
3483,52,33,117,14,216
3486,98,34,83,17,232
3487,66,16,52,14,148
3488,65,34,83,17,199
3492,52,14,68,17,151
3493,67,17,50,16,150
3494,67,33,66,17,183
3495,299,18,167,14,498
3496,51,17,66,17,151
3497,67,16,67,17,167
3499,50,33,51,17,151
3500,66,34,66,17,183
3501,66,17,66,17,166
3502,67,34,66,17,184
3504,100,34,67,17,218
3505,100,17,67,17,201
3507,66,17,67,17,167
3508,66,35,167,14,282
3509,68,18,167,14,267
3510,51,18,167,14,250
3511,101,16,66,17,200
3512,67,33,66,17,183
3513,67,16,66,17,166
3517,65,17,68,16,166
3518,66,36,65,17,184
3522,68,33,66,17,184
3523,51,33,66,17,167
3525,68,16,66,18,168
3526,150,16,67,17,250
3527,65,18,101,15,199
3530,66,34,67,17,184
3531,169,16,67,16,268
3533,84,33,65,18,200
3537,67,16,67,16,166
3538,66,32,68,17,183
3539,101,17,99,17,234
3540,65,35,99,17,216
3541,66,17,99,17,199
3542,100,33,85,15,233
3543,51,33,66,17,167
3546,66,33,67,18,184
3547,67,16,67,18,168
3548,66,33,52,15,166
3549,66,16,52,15,149
3551,83,33,68,17,201
3553,100,17,132,18,267
3554,52,15,68,17,152
3555,82,34,66,16,198
3556,67,34,66,16,183
3559,68,15,66,18,167
3561,67,17,50,17,151
3562,98,35,83,17,233
3563,99,17,83,17,216
3564,66,35,83,17,201
3565,67,17,83,17,184
3566,50,17,83,17,167
3569,84,33,65,18,200
3571,52,33,65,18,168
3572,100,33,136,17,286
3573,99,16,136,17,268
3574,65,33,136,17,251
3575,82,35,84,17,218
3576,65,35,84,17,201
3577,68,17,84,17,186
3578,51,17,84,17,169
3582,68,33,67,17,185
3583,66,17,67,17,167
3584,59,33,68,17,177
3587,101,17,82,18,218
3588,67,34,82,18,201
3590,51,17,82,18,168
3591,51,32,101,15,199
3592,51,15,101,15,182
3593,67,15,68,15,165
3595,65,18,66,17,166
3596,101,33,84,15,233
3597,83,33,84,15,215
3598,68,33,84,15,200
3599,101,17,132,18,268
3602,67,34,98,18,217
3603,102,15,67,18,202
3604,68,31,67,18,184
3605,67,15,67,18,167
3606,100,32,100,18,250
3608,66,32,100,18,216
3609,65,17,100,18,200
3610,167,33,101,17,318
3611,99,16,101,18,234
3612,50,15,67,18,150
3614,66,34,67,18,185
3615,65,17,67,18,167
3616,67,33,101,17,218
3617,68,15,101,17,201
3618,52,15,101,17,185
3622,52,15,51,16,134
3623,68,16,83,17,184
3624,67,33,67,18,185
3626,51,16,67,18,152
3627,66,16,52,15,149
3629,83,33,67,17,200
3630,67,33,67,17,184
3631,50,33,67,17,167
3633,50,33,51,15,149
3635,65,17,66,17,165
3636,84,15,68,17,184
3637,66,15,68,17,166
3638,51,15,68,17,151
3639,83,34,83,17,217
3641,66,17,83,17,183
3642,51,17,83,17,168
3643,100,16,84,16,216
3644,100,34,66,18,218
3645,67,16,84,16,183
3646,66,34,66,18,184
3647,83,33,66,17,199
3648,68,33,66,17,184
3650,67,33,67,16,183
3651,67,16,67,16,166
3652,300,33,67,18,418
3653,50,33,84,18,185
3654,83,17,68,15,183
3658,67,35,66,17,185
3661,52,33,83,16,184
3664,66,33,83,17,199
3669,67,15,100,18,200
3672,85,15,100,17,217
3673,49,33,100,17,199
3674,167,34,66,16,283
3675,83,34,133,16,266
3676,84,16,133,16,249
3678,51,16,133,16,216
3682,67,34,99,16,216
3684,68,32,117,16,233
3685,51,32,117,16,216
3686,66,33,84,16,199
3688,65,34,66,17,182
3689,67,17,66,17,167
3691,51,33,50,17,151
3692,67,33,134,16,250
3693,67,16,134,16,233
3694,66,34,84,16,200
3697,99,19,81,17,216
3698,68,34,81,17,200
3699,66,19,81,17,183
3700,68,32,66,17,183
3702,166,36,81,15,298
3703,51,33,67,17,168
3705,99,17,66,16,198
3708,67,36,81,15,199
3709,51,36,81,15,183
3710,100,33,51,16,200
3711,99,17,51,16,183
3712,66,33,51,16,166
3713,65,17,51,16,149
3714,63,33,67,18,181
3715,82,34,51,16,183
3716,51,15,67,18,151
3717,117,34,101,16,268
3718,51,16,51,16,134
3719,82,34,101,16,233
3720,85,16,101,16,218
3722,84,17,67,16,184
3723,66,17,67,16,166
3724,51,17,67,16,151
3725,67,16,66,18,167
3726,101,32,66,17,216
3727,67,17,98,17,199
3728,165,35,66,17,283
3729,50,32,66,17,165
3731,67,16,49,18,150
3735,65,18,66,17,166
3736,49,18,66,17,150
3737,66,17,66,19,168
3739,51,33,52,12,148
3740,99,31,70,17,217
3741,167,17,66,18,268
3742,66,31,70,17,184
3744,52,12,70,17,151
3745,100,17,66,18,201
3746,67,34,66,18,185
3750,67,33,67,17,184
3751,66,17,67,17,167
3752,66,34,66,17,183
3753,67,16,66,17,166
3754,51,16,66,17,150
3755,51,33,50,16,150
3756,67,33,66,18,184
3757,66,16,66,18,166
3758,66,33,51,15,165
3760,50,16,51,15,132
3761,67,15,168,16,266
3762,66,33,101,17,217
3763,67,15,101,17,200
3766,84,18,98,18,218
3768,167,35,65,17,284
3769,65,17,133,18,233
3770,67,34,67,15,183
3771,67,17,67,15,166
3772,66,32,100,17,215
3774,101,32,101,17,251
3775,67,17,65,17,166
3777,66,17,101,17,201
3780,65,34,67,17,183
3781,151,32,84,17,284
3782,101,33,166,17,317
3783,66,17,99,17,199
3784,101,32,84,17,234
3785,84,32,84,17,217
3786,67,32,84,17,200
3788,99,34,117,17,267
3789,99,17,117,17,250
3791,99,17,149,18,283
3792,84,17,149,18,268
3793,67,17,149,18,251
3794,100,35,81,18,234
3795,50,33,116,18,217
3796,66,35,81,18,200
3797,67,18,81,18,184
3798,84,17,133,16,250
3800,51,17,133,16,217
3801,51,32,66,19,168
3802,65,34,67,16,182
3803,65,18,67,16,166
3804,66,32,68,16,182
3806,66,35,64,19,184
3807,50,35,64,19,168
3808,51,16,64,19,150
3809,66,17,50,16,149
3810,153,15,67,17,252
3811,99,16,68,15,198
3812,64,35,68,15,182
3814,167,34,99,17,317
3816,103,33,66,16,218
3817,84,33,66,16,199
3818,68,33,66,16,183
3819,64,18,66,16,164
3822,82,17,67,17,183
3827,84,34,115,17,250
3829,51,34,115,17,217
3830,67,32,83,17,199
3831,51,32,83,17,183
3832,66,34,66,18,184
3833,66,17,66,18,167
3834,100,32,101,20,253
3835,65,18,66,17,166
3836,68,32,101,20,221
3837,66,17,101,20,204
3838,66,34,87,12,199
3839,68,16,87,12,183
3841,68,15,55,12,150
3842,101,32,51,16,200
3843,83,32,51,16,182
3844,87,12,51,16,166
3845,70,12,51,16,149
3846,55,12,51,16,134
3847,67,16,66,17,166
3850,51,16,84,16,167
3851,82,34,51,15,182
3852,66,34,51,15,166
3853,66,17,51,15,149
3854,100,33,69,15,217
3855,66,16,67,17,166
3857,68,15,69,15,167
3860,67,35,115,17,234
3861,66,18,115,17,216
3864,67,33,100,17,217
3865,67,16,100,17,200
3866,65,34,83,16,198
3867,100,17,50,16,183
3868,67,33,50,16,166
3870,100,33,51,16,200
3871,51,33,68,16,168
3873,67,16,51,16,150
3874,101,32,68,16,217
3876,68,32,68,16,184
3878,51,16,68,16,151
3879,69,15,67,17,168
3880,66,34,50,16,166
3881,84,33,99,18,234
3882,68,33,99,18,218
3883,65,17,99,18,199
3885,68,16,84,16,184
3886,50,16,84,16,166
3888,166,34,66,16,282
3890,84,16,67,15,182
3892,52,16,67,15,150
3893,50,33,66,17,166
3894,67,34,66,16,183
3896,67,32,68,15,182
3897,51,32,68,15,166
3899,67,17,99,17,200
3900,66,34,65,17,182
3901,51,34,65,17,167
3903,66,16,51,18,151
3905,100,18,65,18,201
3907,67,18,65,18,168
3909,101,16,68,17,202
3910,68,32,68,17,185
3911,67,16,68,17,168
3912,65,34,51,16,166
3914,100,33,66,17,216
3915,67,17,82,17,183
3917,50,33,66,17,166
3918,100,33,66,17,216
3919,50,33,84,15,182
3920,99,34,134,17,284
3922,66,34,134,17,251
3923,101,15,102,17,235
3925,152,33,82,16,283
3926,101,34,183,15,333
3927,66,18,99,17,200
3928,67,34,183,15,299
3929,84,33,82,16,215
3930,102,32,66,18,218
3931,102,15,66,18,201
3932,67,32,66,18,183
3933,82,34,67,17,200
3935,50,34,67,17,168
3937,81,35,83,16,215
3939,67,17,83,16,183
3942,52,15,51,16,134
3943,67,17,65,18,167
3944,67,32,117,17,233
3945,66,16,117,17,216
3946,51,16,117,17,201
3947,100,13,104,15,232
3950,51,13,104,15,183
3951,83,34,101,15,233
3952,67,34,101,15,217
3953,66,17,101,15,199
3955,51,34,67,15,167
3956,68,32,68,17,185
3957,51,32,68,17,168
3958,66,35,99,17,217
3959,67,18,99,17,201
3960,67,33,66,17,183
3961,52,33,66,17,168
3962,68,32,84,16,200
3964,65,34,66,16,181
3966,66,34,116,17,233
3967,66,17,116,17,216
3970,66,34,83,17,200
3973,67,15,51,17,150
3974,51,15,51,17,134
3975,68,17,83,17,185
3976,67,33,100,14,214
3978,51,17,100,14,182
3980,66,34,67,17,184
3981,84,33,51,15,183
3983,98,20,65,18,201
3984,67,34,65,18,184
3986,67,32,51,17,167
3987,83,33,51,17,184
3988,51,15,51,17,134
3990,65,35,83,17,200
3991,66,17,83,17,183
3992,51,17,83,17,168
3993,66,17,67,15,165
3994,51,17,67,15,150
3995,100,17,66,16,199
3996,65,35,66,16,182
3997,67,17,66,16,166
3999,51,32,67,17,167
4000,67,34,68,16,185
4002,66,33,51,16,166
4005,67,18,81,18,184
4006,68,32,99,17,216
4007,52,32,99,17,200
4008,150,16,84,17,267
4010,64,35,116,17,232
4011,65,18,116,17,216
4012,67,32,84,17,200
4014,67,35,66,16,184
4016,99,34,66,18,217
4019,67,17,66,18,168
4020,66,34,83,15,198
4021,51,34,83,15,183
4022,284,16,51,16,367
4023,51,32,51,15,149
4024,100,32,101,17,250
4026,66,32,101,17,216
4027,301,17,65,17,400
4028,51,15,101,17,184
4029,65,17,84,16,182
4030,66,34,66,18,184
4031,300,15,52,15,382
4032,68,33,134,16,251
4033,51,33,134,16,234
4034,67,33,51,16,167
4035,102,16,67,16,201
4036,50,16,51,16,133
4037,67,16,67,16,166
4042,167,32,67,18,284
4043,66,17,84,15,182
4045,67,15,52,15,149
4046,65,35,99,18,217
4047,66,18,99,18,201
4048,84,15,67,18,184
4049,67,15,67,18,167
4051,68,18,81,17,184
4052,166,33,68,17,284
4053,100,17,65,18,200
4055,67,17,65,18,167
4057,101,16,68,17,202
4058,100,33,52,15,200
4060,65,33,52,15,165
4061,68,15,52,15,150
4062,51,15,52,15,133
4063,167,16,67,17,267
4064,68,32,51,16,167
4065,67,15,51,16,149
4066,102,32,67,17,218
4067,84,32,67,17,200
4068,67,32,67,17,183
4069,99,17,66,17,199
4070,151,16,68,16,251
4071,66,17,66,17,166
4072,66,33,101,16,216
4073,67,16,101,16,200
4074,67,33,68,16,184
4075,50,33,68,16,167
4076,66,34,116,17,233
4077,149,34,99,18,300
4081,51,32,67,16,166
4082,66,34,99,18,217
4083,50,34,99,18,201
4084,66,33,117,33,249
4085,83,33,68,16,200
4087,116,35,49,21,221
4089,101,17,49,21,188
4090,66,35,49,21,171
4093,52,49,71,17,189
4094,51,33,71,17,172
4095,66,21,67,16,170
4096,104,33,66,18,221
4098,104,18,117,16,255
4100,151,17,66,16,250
4101,66,18,117,16,217
4103,51,32,85,16,184
4104,66,35,66,16,183
4105,50,35,66,16,167
4106,50,17,66,16,149
4107,52,32,116,17,217
4108,101,33,66,18,218
4109,83,33,66,18,200
4110,66,33,66,18,183
4111,51,33,66,18,168
4112,67,33,51,15,166
4114,66,33,68,17,184
4115,66,17,68,17,168
4116,66,33,117,17,233
4117,67,15,117,17,216
4119,50,35,82,17,184
4120,68,32,67,17,184
4121,67,15,67,17,166
4122,52,15,67,17,151
4123,83,33,67,17,200
4124,66,33,67,17,183
4127,98,18,66,18,200
4128,67,33,66,18,184
4129,84,33,133,17,267
4130,67,33,133,17,250
4131,50,33,133,17,233
4133,51,33,83,17,184
4135,67,16,66,17,166
4137,65,19,65,17,166
4138,68,32,50,16,166
4139,99,16,68,16,199
4140,66,33,68,16,183
4142,82,16,101,16,215
4144,50,16,101,16,183
4146,68,32,101,17,218
4147,67,16,101,17,201
4148,168,32,84,17,301
4149,67,16,118,16,217
4150,50,16,118,16,200
4152,67,34,51,16,168
4153,65,18,51,16,150
4154,99,35,66,17,217
4155,51,32,84,17,184
4158,51,16,66,17,150
4161,82,33,118,16,249
4162,66,33,118,16,233
4164,66,34,84,16,200
4165,50,34,84,16,184
4166,84,16,67,17,184
4168,51,16,67,17,151
4169,51,34,50,16,151
4170,67,33,133,16,249
4173,50,33,66,18,167
4175,65,17,67,16,165
4177,67,15,67,17,166
4178,51,15,67,17,150
4179,68,16,84,15,183
4180,100,34,67,16,217
4181,65,17,66,18,166
4182,67,34,67,16,184
4183,66,17,67,16,166
4186,66,35,82,17,200
4187,49,35,82,17,183
4188,67,33,66,17,183
4189,66,17,66,17,166
4190,101,33,67,17,218
4191,66,17,50,17,150
4193,66,17,67,17,167
4195,50,34,83,19,186
4196,50,17,83,19,169
4197,51,33,50,19,153
4198,67,32,52,17,168
4199,67,15,52,17,151
4201,67,19,81,16,183
4202,50,19,81,16,166
4203,52,32,65,18,167
4204,52,17,65,18,152
4206,65,32,84,16,197
4207,66,16,84,16,182
4208,65,34,84,15,198
4209,67,16,84,15,182
4212,50,17,100,17,184
4213,66,16,67,17,166
4214,150,16,67,18,251
4216,100,33,67,18,218
4217,100,16,67,18,201
4218,67,33,67,18,185
4220,51,16,67,18,152
4223,101,15,51,16,183
4225,68,15,51,16,150
4226,50,15,51,16,132
4227,66,17,66,17,166
4228,67,33,67,20,187
4229,66,16,67,20,169
4231,83,34,83,17,217
4232,66,34,83,17,200
4233,183,33,52,15,283
4234,301,33,67,16,417
4235,99,17,66,16,198
4236,54,13,67,17,151
4237,67,17,66,16,166
4238,67,33,66,19,185
4239,80,33,52,15,180
4242,66,33,68,15,182
4244,66,34,84,16,200
4245,68,15,84,16,183
4247,51,34,66,18,169
4248,68,33,67,16,184
4249,64,18,67,16,165
4250,67,33,100,17,217
4251,68,16,100,17,201
4253,85,34,99,17,235
4255,50,34,99,17,200
4257,65,17,132,18,232
4259,67,18,97,18,200
4260,82,17,65,18,182
4263,67,17,67,14,165
4264,66,31,84,17,198
4265,51,31,84,17,183
4266,65,36,65,18,184
4268,67,32,67,16,182
4269,51,32,67,16,166
4270,300,35,84,16,435
4271,166,18,82,16,282
4273,51,34,84,16,185
4276,67,34,82,16,199
4277,65,18,82,16,181
4279,84,34,83,15,216
4282,67,31,52,15,165
4283,99,17,84,16,216
4285,84,32,52,16,184
4286,66,32,52,16,166
4287,51,32,52,16,151
4288,52,15,52,16,135
4290,66,34,67,17,184
4291,67,16,67,17,167
4292,52,16,67,17,152
4293,101,17,83,16,217
4296,67,34,98,19,218
4297,67,17,98,19,201
4298,101,33,52,16,202
4300,66,33,52,16,167
4301,167,15,117,17,316
4302,165,34,83,17,299
4305,68,16,149,17,250
4309,64,18,83,17,182
4310,66,32,68,16,182
4312,51,15,68,16,150
4314,100,33,52,15,200
4315,83,33,52,15,183
4317,49,33,52,15,149
4319,67,15,69,16,167
4320,65,35,100,16,216
4321,69,15,100,16,200
4322,101,33,66,17,217
4324,69,33,66,17,185
4326,167,32,66,18,283
4328,66,33,66,17,182
4330,66,34,98,18,216
4331,66,17,98,18,199
4332,67,32,66,18,183
4334,66,34,66,18,184
4336,66,32,52,16,166
4337,184,33,67,17,301
4338,66,34,85,16,201
4340,50,16,85,16,167
4341,117,33,67,17,234
4343,166,18,66,17,267
4344,68,33,67,17,185
4346,67,33,51,16,167
4349,83,33,83,16,215
4350,67,33,83,16,199
4351,84,33,116,17,250
4352,51,16,83,16,166
4353,51,33,116,17,217
4354,66,34,82,17,199
4355,66,17,82,17,182
4356,67,32,67,17,183
4359,67,15,68,17,167
4360,65,34,66,18,183
4361,100,17,67,15,199
4363,66,17,67,15,165
4364,68,32,85,16,201
4365,51,32,85,16,184
4367,67,17,66,18,168
4368,67,33,67,17,184
4369,834,16,65,18,933
4371,83,34,67,15,199
4376,66,35,66,17,184
4377,66,17,66,17,166
4378,67,33,67,17,184
4379,100,16,51,15,182
4381,67,16,51,15,149
4385,67,15,68,15,165
4386,51,15,68,15,149
4387,82,35,67,16,200
4388,65,35,67,16,183
4389,98,17,118,15,248
4390,168,32,83,18,301
4392,67,35,83,15,200
4393,67,17,83,15,182
4394,67,33,185,14,299
4395,85,32,83,18,218
4396,68,32,83,18,201
4397,50,32,83,18,183
4398,65,33,68,15,181
4399,82,34,66,20,202
4402,153,14,84,15,266
4404,68,32,67,18,185
4406,66,34,84,15,199
4408,52,14,84,15,165
4409,169,16,65,18,268
4410,51,16,51,15,133
4411,65,15,101,17,198
4412,299,34,84,16,433
4414,101,33,100,16,250
4419,66,15,68,16,165
4421,67,17,82,17,183
4422,67,33,134,16,250
4423,83,32,51,17,183
4424,68,32,51,17,168
4425,99,17,84,16,216
4427,66,17,84,16,183
4428,66,34,66,16,182
4429,84,34,82,17,217
4431,68,17,82,17,184
4432,68,32,67,16,183
4433,67,16,67,16,166
4434,50,16,67,16,149
4436,66,33,66,17,182
4437,66,17,66,17,166
4438,67,33,99,18,217
4440,66,33,66,18,183
4441,50,33,66,18,167
4442,66,34,50,17,167
4444,67,32,136,15,250
4445,67,15,136,15,233
4446,66,35,50,17,168
4447,67,17,50,17,151
4449,84,33,132,18,267
4450,69,33,132,18,252
4451,67,17,132,18,234
4452,101,31,67,18,217
4454,67,31,67,18,183
4455,66,16,67,18,167
4456,65,34,68,16,183
4457,66,17,68,16,167
4459,67,16,100,18,201
4460,67,35,65,18,185
4461,50,35,65,18,168
4462,68,32,51,15,166
4464,100,33,67,17,217
4466,65,33,67,17,182
4468,51,15,67,17,150
4470,85,15,83,18,201
4471,67,15,83,18,183
4472,52,15,83,18,168
4473,67,16,151,18,252
4474,99,34,66,17,216
4476,668,33,51,15,767
4477,66,18,66,17,167
4478,68,32,51,18,169
4480,66,34,67,17,184
4482,66,35,116,17,234
4483,66,18,116,17,217
4484,51,18,116,17,202
4486,151,17,99,16,283
4489,67,17,67,17,168
4490,67,34,99,16,216
4491,67,17,99,16,199
4493,51,33,66,16,166
4494,101,32,67,17,217
4495,84,32,67,17,200
4496,99,34,100,16,249
4497,151,33,50,17,251
4499,65,18,100,16,199
4500,66,33,67,16,182
4501,84,33,50,17,184
4502,50,17,67,16,150
4503,51,33,50,17,151
4504,50,16,50,17,133
4506,67,33,67,15,182
4507,50,33,67,15,165
4508,167,33,82,18,300
4510,65,35,66,18,184
4511,67,17,66,18,168
4512,67,33,51,15,166
4514,301,34,100,16,451
4515,83,33,67,17,200
4516,66,33,67,17,183
4517,51,33,67,17,168
4518,99,34,51,15,199
4519,82,34,51,15,182
4521,82,33,117,16,248
4523,66,16,117,16,215
4526,51,15,68,16,150
4528,67,34,100,16,217
4530,68,32,68,16,184
4532,99,35,115,17,266
4533,66,16,51,17,150
4534,65,35,115,17,232
4536,68,33,99,18,218
4538,167,34,52,14,267
4539,51,32,67,18,168
4540,100,32,66,20,218
4541,67,17,83,15,182
4542,67,32,66,20,185
4543,101,16,52,14,183
4544,67,34,52,14,167
4545,67,16,52,14,149
4547,68,15,68,16,167
4548,66,34,84,18,202
4549,68,14,84,18,184
4550,52,14,84,18,168
4552,101,35,66,15,217
4555,67,18,66,15,166
4556,100,34,83,17,234
4557,52,32,49,18,151
4559,84,33,67,16,200
4560,66,33,67,16,182
4561,65,18,67,16,166
4565,85,33,66,18,202
4566,100,33,66,18,217
4569,83,33,100,17,233
4572,51,15,100,17,183
4573,67,15,67,17,166
4574,51,15,67,17,150
4576,100,34,67,15,216
4577,99,17,67,15,198
4579,66,17,67,15,165
4580,51,17,67,15,150
4581,68,15,85,15,183
4582,101,29,71,15,216
4583,66,18,133,17,234
4584,67,29,71,15,182
4585,65,14,71,15,165
4586,85,15,68,17,185
4587,83,35,50,16,184
4589,100,18,67,15,200
4590,71,33,67,15,186
4591,65,18,67,15,165
4592,68,33,84,16,201
4593,67,16,84,16,183
4594,50,16,84,16,166
4597,65,18,82,17,182
4600,66,34,66,16,182
4601,51,34,66,16,167
4602,67,32,120,17,236
4603,65,17,120,17,219
4606,66,34,118,17,235
4607,51,34,118,17,220
4608,68,35,83,17,203
4609,52,35,83,17,187
4611,70,17,66,18,171
4612,102,33,68,16,219
4613,103,17,68,16,204
4615,66,17,68,16,167
4617,67,16,84,14,181
4618,51,16,84,14,165
4619,85,33,50,17,185
4621,66,17,50,17,150
4622,67,31,68,17,183
4624,64,36,65,17,182
4627,66,16,85,15,182
4628,68,33,118,15,234
4629,66,16,118,15,215
4633,300,17,67,17,401
4634,52,15,66,18,151
4636,67,32,69,15,183
4637,81,34,50,18,183
4638,66,34,50,18,168
4639,49,34,50,18,151
4640,50,16,50,18,134
4641,84,33,66,17,200
4645,51,32,101,17,201
4646,99,33,83,17,232
4647,84,33,83,17,217
4649,51,33,83,17,184
4650,51,16,83,17,167
4652,67,32,68,18,185
4653,67,15,68,18,168
4655,516,33,84,18,651
4657,65,18,53,13,149
4658,68,33,66,17,184
4660,52,15,66,17,150
4661,51,33,85,15,184
4663,98,17,84,17,216
4664,66,34,84,17,201
4665,280,34,99,17,430
4667,67,15,68,15,165
4669,101,17,66,15,199
4670,66,35,66,15,182
4676,66,33,84,15,198
4677,66,18,84,15,183
4678,102,32,67,17,218
4679,51,34,99,17,201
4682,66,33,84,18,201
4683,82,34,68,15,199
4684,65,34,68,15,182
4685,50,34,68,15,167
4686,67,35,84,14,200
4687,99,18,51,14,182
4688,69,33,51,14,167
4689,183,33,85,15,316
4691,51,33,66,17,167
4694,51,14,152,15,232
4695,101,16,85,15,217
4697,97,18,66,18,199
4700,67,33,51,17,168
4701,66,17,51,17,151
4702,100,35,99,17,251
4705,50,35,99,17,201
4707,499,17,67,16,599
4708,67,33,51,16,167
4709,66,16,51,16,149
4710,65,34,67,16,182
4711,84,33,50,17,184
4712,67,33,50,17,167
4713,50,33,50,17,150
4715,84,33,82,17,216
4716,67,33,82,17,199
4717,66,17,82,17,182
4720,166,34,83,17,300
4721,66,18,100,15,199
4722,99,34,67,16,216
4723,66,17,68,15,166
4725,68,16,67,16,167
4727,67,18,83,17,185
4728,68,33,67,16,184
4729,65,18,67,16,166
4730,67,33,50,16,166
4731,51,33,50,16,150
4732,66,34,67,16,183
4733,68,17,67,16,168
4734,67,32,51,17,167
4736,50,16,51,17,134
4738,67,33,100,16,216
4739,167,17,66,16,266
4741,51,33,67,16,167
4742,66,33,50,18,167
4745,67,17,66,16,166
4746,67,34,66,17,184
4747,68,18,66,17,169
4748,50,18,66,17,151
4749,51,32,100,19,202
4750,66,34,66,19,185
4751,66,18,66,19,169
4752,66,32,101,17,216
4753,52,32,101,17,202
4755,67,17,67,17,168
4756,66,32,52,15,165
4757,68,13,52,15,148
4758,53,13,52,15,133
4759,101,15,85,16,217
4762,52,15,85,16,168
4763,82,35,99,18,234
4765,65,18,99,18,200
4766,68,33,99,17,217
4767,67,16,99,17,199
4768,68,34,99,18,219
4769,51,34,99,18,202
4770,67,32,67,18,184
4772,66,33,52,16,167
4773,68,15,52,16,151
4774,99,34,66,16,215
4775,66,17,83,17,183
4777,67,16,66,16,165
4778,52,16,66,16,150
4779,51,33,67,17,168
4781,82,34,65,19,200
4782,66,34,65,19,184
4783,51,34,65,19,169
4785,51,32,52,15,150
4787,68,15,52,15,150
4788,65,34,68,17,184
4792,52,15,69,14,150
4793,83,34,64,18,199
4795,50,34,64,18,166
4797,52,31,67,17,167
4798,65,33,85,17,200
4799,149,34,51,15,249
4800,64,34,51,17,166
4801,50,34,51,17,152
4802,67,34,67,18,186
4803,66,17,67,18,168
4806,51,17,51,15,134
4808,67,33,66,18,184
4809,68,15,66,18,167
4810,51,15,66,18,150
4811,51,33,101,15,200
4812,99,34,49,18,200
4813,64,17,83,18,182
4814,149,18,166,18,351
4819,100,14,135,18,267
4820,49,18,166,18,251
4821,67,14,135,18,234
4822,83,17,66,16,182
4825,65,18,66,18,167
4826,51,18,66,18,153
4827,65,18,115,17,215
4828,66,33,134,16,249
4831,69,15,66,18,168
4832,66,34,100,17,217
4833,99,17,68,17,201
4834,99,35,82,17,233
4835,64,17,68,17,166
4836,101,33,66,18,218
4837,166,17,68,16,267
4839,102,15,85,17,219
4840,302,33,116,17,468
4842,65,34,68,16,183
4843,66,17,68,16,167
4844,66,33,51,17,167
4845,67,15,51,17,150
4846,169,33,149,17,368
4847,101,17,67,17,202
4849,83,34,66,16,199
4851,65,19,66,16,166
4854,67,33,116,17,233
4855,52,33,116,17,218
4856,66,34,82,17,199
4857,67,18,82,17,184
4858,67,33,133,17,250
4859,65,18,133,17,233
4860,67,32,118,16,233
4861,83,34,67,17,201
4862,65,34,67,17,183
4863,67,17,67,17,168
4864,66,32,52,16,166
4865,50,32,52,16,150
4866,66,35,66,18,185
4870,52,16,51,16,135
4871,51,33,84,17,185
4872,66,34,67,16,183
4874,51,16,67,16,150
4875,51,33,67,16,167
4876,84,17,67,15,183
4877,83,33,103,14,233
4878,67,33,103,14,217
4880,101,32,51,16,200
4881,66,18,83,16,183
4887,54,30,100,17,201
4888,51,16,100,17,184
4889,101,16,68,16,201
4891,67,16,68,16,167
4893,101,18,81,17,217
4894,102,33,65,16,216
4895,66,18,81,17,182
4898,51,17,65,16,149
4901,65,17,67,17,166
4902,65,34,84,15,198
4903,84,33,66,17,200
4904,166,35,66,17,284
4905,51,33,66,17,167
4906,100,33,168,16,317
4907,51,33,83,18,185
4908,66,33,168,16,283
4909,101,18,66,17,202
4910,66,35,66,17,184
4911,66,18,66,17,167
4914,68,33,67,16,184
4915,51,33,67,16,167
4916,100,33,66,18,217
4917,68,17,83,16,184
4918,67,33,66,18,184
4920,67,33,66,17,183
4922,66,33,99,17,215
4924,66,33,66,17,182
4925,68,15,66,17,166
4926,100,32,83,18,233
4927,98,17,83,18,216
4928,67,32,83,18,200
4929,64,17,83,18,182
4930,101,33,51,15,200
4931,100,17,51,15,183
4933,68,17,51,15,151
4934,101,33,51,18,203
4935,102,15,51,18,186
4936,66,33,51,18,168
4937,68,15,51,18,152
4938,51,15,51,18,135
4942,101,33,66,18,218
4943,53,32,66,17,168
4944,67,33,66,18,184
4945,83,33,101,15,232
4946,65,33,101,15,214
4947,100,16,68,15,199
4948,66,33,68,15,182
4950,50,16,68,15,149
4952,51,15,68,17,151
4953,70,14,66,17,167
4954,101,33,133,17,284
4956,68,33,133,17,251
4957,64,16,133,17,230
4958,66,32,67,17,182
4959,51,32,67,17,167
4960,65,34,84,16,199
4961,66,16,84,16,182
4962,99,34,68,17,218
4963,67,15,51,16,149
4964,101,33,84,18,236
4965,66,17,68,17,168
4966,67,33,84,18,202
4968,51,16,84,18,169
4969,102,15,66,17,200
4970,68,32,66,17,183
4971,68,15,66,17,166
4972,167,34,51,16,268
4974,98,34,66,19,217
4978,65,34,51,16,166
4979,84,32,100,17,233
4980,68,32,100,17,217
4981,51,32,100,17,200
4982,66,35,98,17,216
4985,52,32,101,17,202
4986,67,33,68,17,185
4987,67,14,68,17,166
4988,65,33,52,16,166
4989,66,16,52,16,150
4991,64,18,83,18,183
4992,68,33,68,15,184
4995,101,18,64,18,201
4997,66,18,64,18,166
4999,51,32,65,19,167
5000,66,32,52,16,166
5003,101,16,84,16,217
5004,65,35,84,16,200
5006,52,16,84,16,168
5007,67,15,134,17,233
5008,67,34,133,17,251
5010,66,34,99,17,216
5013,100,17,68,17,202
5014,68,32,68,17,185
5015,65,17,68,17,167
5016,301,33,67,15,416
5019,50,35,65,16,166
5020,301,34,116,15,466
5021,68,15,68,15,166
5022,52,15,68,15,150
5023,99,19,83,17,218
5024,65,35,83,17,200
5026,49,19,83,17,168
5027,66,17,68,15,166
5028,50,17,68,15,150
5029,69,17,66,16,168
5030,67,33,67,15,182
5032,68,33,83,17,201
5033,50,33,83,17,183
5034,66,34,116,15,231
5035,66,18,116,15,215
5036,67,32,84,15,198
5037,52,32,84,15,183
5040,99,32,69,17,217
5042,67,32,69,17,185
5044,100,34,100,16,250
5045,66,18,51,15,150
5046,67,34,100,16,217
5047,66,18,100,16,200
5049,52,32,68,16,168
5050,51,15,68,16,150
5052,66,34,66,18,184
5053,83,31,53,14,181
5055,51,31,53,14,149
5057,167,16,67,17,267
5058,66,32,102,14,214
5060,102,33,67,17,219
5061,67,17,67,14,165
5062,67,33,67,17,184
5064,68,34,82,17,201
5065,50,34,82,17,183
5066,67,33,66,18,184
5067,100,17,83,15,215
5068,67,34,83,15,199
5070,99,33,66,17,215
5071,103,15,66,17,201
5072,99,33,67,16,215
5075,68,15,67,16,166
5076,51,15,67,16,149
5077,66,15,50,17,148
5078,66,34,68,15,183
5079,150,32,51,17,250
5080,67,33,67,16,183
5081,65,17,67,16,165
5083,68,17,66,17,168
5084,100,34,65,18,217
5085,67,17,51,17,152
5088,83,17,83,15,198
5090,166,34,101,15,316
5091,52,31,101,16,200
5092,65,35,66,16,182
5093,100,15,68,16,199
5094,66,32,68,16,182
5095,68,15,68,16,167
5096,67,34,101,15,217
5097,66,17,101,15,199
5098,66,34,67,15,182
5100,50,18,67,15,150
5101,51,33,66,18,168
5102,67,34,65,17,183
5103,167,16,51,16,250
5105,166,17,85,15,283
5108,149,16,67,18,250
5109,67,16,51,16,150
5110,66,34,85,15,200
5111,65,17,85,15,182
5113,67,16,67,18,168
5114,51,16,67,18,152
5116,68,32,67,17,184
5117,101,17,88,16,222
5118,52,15,67,17,151
5119,172,34,65,17,288
5124,66,22,199,16,303
5125,73,34,65,17,189
5126,56,34,65,17,172
5127,55,18,65,17,155
5129,99,33,67,16,215
5130,100,16,67,16,199
5133,100,33,67,17,217
5134,65,17,150,17,249
5135,67,33,67,17,184
5136,99,18,83,17,217
5137,101,33,84,17,235
5138,66,18,83,17,184
5139,67,33,84,17,201
5141,99,35,67,15,216
5142,51,32,52,17,152
5143,100,34,65,17,216
5144,165,17,101,16,299
5145,84,17,65,17,183
5146,50,34,65,17,166
5147,52,17,65,17,151
5148,99,17,101,16,233
5149,99,35,82,17,233
5150,99,18,82,17,216
5152,84,33,66,17,200
5154,67,18,66,17,168
5155,68,33,66,16,183
5156,51,33,66,16,166
5158,67,17,116,17,217
5161,66,34,66,18,184
5162,50,34,66,18,168
5164,65,18,101,15,199
5165,67,33,68,15,183
5166,67,17,68,15,167
5167,66,34,67,16,183
5168,51,34,67,16,168
5169,51,16,67,16,150
5170,51,34,82,18,185
5171,101,32,83,17,233
5172,83,32,83,17,215
5175,65,35,65,17,182
5176,67,18,65,17,167
5177,67,31,51,16,165
5179,66,34,100,18,218
5181,65,33,85,15,198
5182,50,33,85,15,183
5183,100,34,101,16,251
5184,83,34,101,16,234
5185,66,34,101,16,217
5187,51,16,101,16,184
5188,67,15,68,16,166
5189,52,15,68,16,151
5190,65,19,67,15,166
5191,68,33,66,19,186
5192,83,34,65,17,199
5193,68,34,65,17,184
5194,101,17,50,16,184
5196,65,17,50,16,148
5197,66,33,84,16,199
5198,50,33,84,16,183
5201,99,34,66,18,217
5202,298,17,83,16,414
5203,66,34,66,18,184
5204,83,33,51,17,184
5205,151,17,66,17,251
5206,101,16,68,16,201
5207,100,35,66,17,218
5208,100,17,66,17,200
5209,66,35,66,17,184
5210,66,17,66,17,166
5211,51,17,66,17,151
5213,68,33,100,17,218
5215,100,33,100,17,250
5216,67,17,83,16,183
5218,51,33,100,17,201
5219,100,33,67,18,218
5220,50,33,100,18,201
5222,67,16,67,18,168
5223,66,34,51,15,166
5225,84,16,118,17,235
5229,51,15,85,17,168
5231,100,35,148,17,300
5232,66,16,101,16,199
5233,67,35,148,17,267
5234,68,17,148,17,250
5235,67,31,117,17,232
5236,117,32,67,18,234
5238,83,32,67,18,200
5239,66,32,67,18,183
5240,51,32,67,18,168
5241,51,16,67,18,152
5243,67,32,67,16,182
5244,66,17,67,16,166
5247,66,33,84,15,198
5248,84,33,101,16,234
5249,67,33,101,16,217
5250,65,17,101,16,199
5252,83,33,100,17,233
5253,66,33,100,17,216
5256,166,17,84,17,284
5257,167,35,66,17,285
5258,66,16,67,17,166
5260,83,34,84,17,218
5261,65,34,84,17,200
5262,66,17,84,17,184
5265,51,18,66,17,152
5266,52,32,70,14,168
5267,67,34,65,18,184
5268,67,17,65,18,167
5269,102,29,68,16,215
5271,70,29,68,16,183
5272,53,29,68,16,166
5273,100,33,65,17,215
5274,99,17,65,17,198
5275,97,33,133,17,280
5276,66,17,65,17,165
5278,100,15,51,17,183
5279,66,32,51,17,166
5282,66,17,118,16,217
5283,66,34,84,16,200
5284,66,17,84,16,183
5286,51,33,185,15,284
5289,67,33,67,16,183
5290,68,16,67,16,167
5293,67,33,51,15,166
5294,67,16,51,15,149
5297,66,33,99,17,215
5298,67,15,99,17,198
5299,99,34,66,33,232
5300,100,17,66,33,216
5301,66,34,66,33,199
5302,82,32,101,18,233
5303,67,32,101,18,218
5305,66,34,67,18,185
5306,116,34,100,17,267
5307,66,33,67,18,184
5308,83,34,100,17,234
5310,84,33,67,17,201
5312,51,33,67,17,168
5313,52,15,67,17,151
5315,51,17,99,17,184
5316,50,32,67,17,166
5317,67,34,83,17,201
5318,66,17,83,17,183
5322,50,33,52,15,150
5323,100,33,66,16,215
5324,66,17,67,16,166
5325,67,33,66,16,182
5326,50,33,66,16,165
5327,52,15,66,16,149
5328,50,34,67,16,167
5329,67,32,85,16,200
5330,65,16,85,16,182
5333,67,32,150,17,266
5335,101,33,83,17,234
5336,69,16,116,17,218
5337,66,33,83,17,199
5338,66,17,83,17,183
5339,67,33,67,16,183
5340,67,15,67,16,165
5341,66,34,100,16,216
5342,184,33,67,17,301
5343,67,33,167,17,284
5346,302,17,82,18,419
5347,67,33,83,17,200
5348,84,33,67,17,201
5349,67,33,67,17,184
5350,51,33,67,17,168
5351,66,32,52,17,167
5353,65,35,101,16,217
5355,67,34,67,16,184
5357,52,17,67,16,152
5358,51,33,116,18,218
5359,67,34,82,18,201
5361,67,33,116,15,231
5362,116,35,64,18,233
5364,82,35,64,18,199
5366,66,18,64,18,166
5367,67,32,68,15,182
5368,52,32,68,15,167
5369,67,32,86,15,200
5371,64,36,65,16,181
5372,100,18,84,16,218
5374,66,18,84,16,184
5375,51,18,84,16,169
5378,66,36,82,17,201
5380,67,16,133,16,232
5382,52,33,149,17,251
5385,66,32,101,18,217
5387,65,35,66,18,184
5388,64,19,66,18,167
5389,67,34,66,17,184
5390,99,17,51,17,184
5393,66,34,116,17,233
5394,50,34,116,17,217
5395,66,34,99,18,217
5397,51,17,99,18,185
5400,65,17,101,15,198
5401,82,17,67,15,181
5402,83,33,151,16,283
5403,66,33,151,16,266
5406,50,34,67,18,169
5407,67,34,83,16,200
5408,64,19,83,16,182
5411,67,33,65,18,183
5412,52,33,65,18,168
5413,66,33,84,15,198
5415,66,32,67,18,183
5416,65,15,67,18,165
5417,99,33,135,15,282
5418,66,16,118,15,215
5419,66,33,135,15,249
5421,67,33,52,15,167
5422,100,18,66,15,199
5425,69,31,100,18,218
5426,167,15,68,17,267
5427,52,15,100,18,185
5428,84,33,133,16,266
5429,66,33,133,16,248
5431,100,35,66,16,217
5432,66,15,68,17,166
5433,100,33,150,17,300
5434,167,18,83,17,285
5435,67,33,150,17,267
5436,100,16,52,15,183
5438,67,16,52,15,150
5440,67,18,83,17,185
5442,68,15,67,16,166
5444,51,34,67,15,167
5447,101,32,101,17,251
5448,66,18,133,17,234
5449,67,32,101,17,217
5450,51,32,101,17,201
5451,66,34,67,17,184
5453,66,35,64,17,182
5454,67,19,64,17,167
5455,69,32,66,15,182
5456,65,18,66,15,164
5457,67,32,85,14,198
5458,68,15,85,14,182
5459,98,32,85,17,232
5460,67,17,65,18,167
5461,66,32,85,17,200
5462,64,17,85,17,183
5464,151,31,53,15,250
5465,100,34,84,15,233
5466,50,35,65,17,167
5467,68,34,84,15,201
5468,66,17,84,15,182
5469,52,17,84,15,168
5470,51,31,53,15,150
5473,65,34,66,18,183
5474,68,15,66,18,167
5476,51,33,66,17,167
5479,66,33,52,16,167
5480,68,15,52,16,151
5481,66,35,66,17,184
5482,65,18,66,17,166
5483,68,33,66,17,184
5486,51,33,50,15,149
5487,66,33,67,17,183
5488,66,16,67,17,166
5489,66,32,118,17,233
5490,67,15,118,17,217
5492,83,35,65,16,199
5493,67,35,65,16,183
5494,67,18,65,16,166
5495,52,18,65,16,151
5497,100,33,66,17,216
5498,66,17,67,17,167
5499,149,15,51,18,233
5500,51,33,66,17,167
5501,101,32,51,18,202
5502,50,34,64,19,167
5504,51,32,51,18,152
5505,51,15,51,18,135
5506,101,18,67,15,201
5508,84,33,65,17,199
5509,51,18,67,15,151
5512,85,31,50,16,182
5513,98,33,84,18,233
5516,66,16,84,18,184
5519,100,35,67,15,217
5521,67,35,67,15,184
5522,85,33,84,15,217
5523,51,18,67,15,151
5524,52,33,84,15,184
5525,51,17,84,15,167
5528,51,32,99,18,200
5531,98,33,101,16,248
5534,99,17,66,16,198
5537,68,32,84,16,200
5538,66,16,84,16,182
5539,51,16,84,16,167
5541,51,15,66,18,150
5543,84,16,67,18,185
5544,65,16,67,18,166
5545,50,16,67,18,151
5546,68,15,52,15,150
5547,65,34,67,16,182
5548,67,16,67,16,166
5549,67,33,100,18,218
5550,67,15,100,18,200
5551,52,15,100,18,185
5553,67,32,52,16,167
5554,65,16,52,16,149
5555,66,34,66,17,183
5556,83,34,66,16,199
5557,84,16,66,16,182
5558,285,32,50,16,383
5561,66,34,84,17,201
5563,66,33,85,17,201
5564,150,34,82,16,282
5565,67,33,52,17,169
5567,66,35,99,17,217
5568,85,34,82,16,217
5569,68,34,82,16,200
5571,52,17,82,16,167
5572,51,32,50,16,149
5573,66,33,67,17,183
5574,65,17,67,17,166
5577,50,16,67,16,149
5578,68,16,151,16,251
5580,67,16,67,17,167
5582,99,17,134,16,266
5584,100,17,67,16,200
5587,67,33,67,16,183
5588,84,34,65,17,200
5589,67,34,65,17,183
5590,50,34,65,17,166
5593,67,32,68,16,183
5594,67,16,68,16,167
5595,65,34,68,15,182
5599,102,32,68,15,217
5600,51,34,82,18,185
5601,68,32,68,15,183
5602,51,32,68,15,166
5604,67,17,100,17,201
5605,66,34,98,17,215
5608,51,32,66,17,166
5610,66,18,84,16,184
5611,66,32,68,16,182
5613,66,34,99,17,216
5614,67,17,99,17,200
5615,84,16,65,17,182
5618,51,33,66,17,167
5620,66,15,68,15,164
5621,99,34,66,17,216
5622,66,17,135,15,233
5623,83,17,66,17,183
5625,101,33,67,15,216
5626,101,16,67,15,199
5629,66,35,99,17,217
5630,51,35,99,17,202
5631,100,34,83,16,233
5632,66,17,133,20,236
5633,67,34,83,16,200
5635,66,33,86,13,198
5637,67,33,99,18,217
5638,52,33,99,18,202
5640,67,16,66,18,167
5641,66,33,68,15,182
5642,69,13,68,15,165
5643,53,13,68,15,149
5644,82,35,67,16,200
5645,66,35,67,16,184
5646,64,17,67,16,164
5648,65,18,83,17,183
5652,52,32,100,16,200
5653,66,34,66,16,182
5654,67,17,66,16,166
5655,66,32,50,18,166
5657,66,34,118,15,233
5658,99,18,84,15,216
5661,50,18,84,15,167
5663,69,31,67,16,183
5664,67,17,67,16,167
5665,66,33,68,15,182
5666,83,34,67,34,218
5667,64,34,67,34,199
5668,100,18,100,16,234
5669,67,34,100,16,217
5671,68,33,67,16,184
5672,65,18,67,16,166
5673,101,33,132,17,283
5675,67,33,132,17,249
5677,67,33,66,17,183
5678,85,33,83,17,218
5679,66,33,83,17,199
5680,51,33,83,17,184
5681,66,33,67,16,182
5682,66,17,67,16,166
5684,66,16,68,16,166
5686,67,17,66,17,167
5687,67,34,65,18,184
5689,68,32,83,18,201
5690,166,18,66,17,267
5691,66,33,68,17,184
5693,65,34,51,16,166
5695,67,34,66,17,184
5697,68,33,101,15,217
5698,50,33,101,15,199
5699,51,16,101,15,183
5700,101,17,100,17,235
5703,101,32,101,16,250
5704,64,20,66,17,167
5705,100,34,134,15,283
5706,51,32,101,16,200
5707,66,34,134,15,249
5708,103,16,67,16,202
5709,66,33,67,16,182
5710,68,16,67,16,167
5712,84,33,83,17,217
5713,884,15,52,16,967
5715,67,34,66,16,183
5716,66,18,66,16,166
5717,67,32,100,17,216
5719,66,34,100,17,217
5721,66,34,66,17,183
5722,51,34,66,17,168
5723,151,16,101,17,285
5724,51,32,51,16,150
5729,51,16,101,17,185
5731,67,33,133,16,249
5732,67,16,133,16,232
5733,51,16,133,16,216
5736,50,32,100,17,199
5737,51,15,100,17,183
5738,67,16,67,17,167
5739,65,34,67,16,182
5741,67,33,102,15,217
5742,50,33,102,15,200
5743,101,33,66,17,217
5744,67,17,68,15,167
5746,101,18,81,17,217
5748,67,18,81,17,183
5751,66,35,66,15,182
5752,66,18,66,15,165
5753,66,32,84,16,198
5755,67,34,66,18,185
5756,150,33,52,16,251
5757,66,33,51,15,165
5758,101,16,67,18,202
5759,67,33,67,18,185
5760,68,16,67,18,169
5763,51,15,52,16,134
5765,67,34,131,19,251
5766,67,16,131,19,233
5767,52,16,131,19,218
5768,82,34,65,19,200
5769,66,34,65,19,184
5770,65,17,65,19,166
5773,68,50,66,17,201
5774,70,31,66,17,184
5778,64,16,100,17,197
5783,68,32,101,16,217
5784,67,16,101,16,200
5785,100,33,67,16,216
5786,67,17,67,16,167
5787,66,33,67,16,182
5788,66,17,67,16,166
5789,101,33,67,16,217
5791,67,33,67,16,183
5792,51,33,67,16,167
5793,100,34,66,18,218
5794,51,33,67,17,168
5795,66,34,66,18,184
5796,67,17,66,18,168
5797,67,33,51,15,166
5798,101,16,166,18,301
5799,67,33,166,18,284
5800,101,15,101,15,232
5801,66,33,101,15,215
5802,100,16,68,15,199
5803,99,34,66,18,217
5804,66,16,68,15,165
5805,66,34,66,18,184
5806,65,17,66,18,166
5807,67,34,66,17,184
5808,67,17,66,17,167
5809,68,32,134,17,251
5811,66,34,83,17,200
5813,66,34,66,17,183
5816,65,17,117,18,217
5817,66,34,68,15,183
5818,100,16,50,18,184
5819,66,33,50,18,167
5820,68,16,50,18,152
5821,51,16,50,18,135
5823,68,33,66,17,184
5824,51,33,66,17,167
5826,51,31,52,15,149
5827,64,35,67,17,183
5828,67,17,67,17,168
5829,66,32,101,16,215
5830,66,15,101,16,198
5831,102,33,67,15,217
5832,49,35,66,16,166
5834,67,16,67,15,165
5835,52,16,67,15,150
5836,83,34,67,16,200
5840,118,33,67,15,233
5842,85,33,67,15,200
5843,67,33,67,15,182
5844,85,33,117,16,251
5845,51,17,67,15,150
5846,66,18,117,16,217
5848,66,18,65,18,167
5849,67,32,101,16,216
5850,52,32,101,16,201
5854,68,16,116,17,217
5856,83,32,67,17,199
5857,100,35,66,16,217
5858,66,16,67,17,166
5859,101,32,67,18,218
5860,50,35,66,16,167
5861,99,34,132,17,282
5862,100,17,132,17,266
5863,101,33,66,17,217
5864,66,17,132,17,232
5865,66,33,66,17,182
5866,51,33,66,17,167
5867,284,16,66,19,385
5868,50,34,65,17,166
5869,67,32,100,17,216
5870,66,17,100,17,200
5871,99,35,67,16,217
5872,65,16,102,16,199
5874,67,18,67,16,168
5875,151,16,66,19,252
5876,51,32,133,19,235
5877,102,32,66,19,219
5880,51,32,66,19,168
5881,51,16,66,19,152
5882,50,34,51,15,150
5883,66,32,67,17,182
5884,64,18,67,17,166
5885,66,34,83,18,201
5886,165,18,66,17,266
5888,102,16,101,17,236
5889,67,33,101,17,218
5890,65,16,101,17,199
5891,66,35,66,17,184
5892,65,18,66,17,166
5893,50,18,66,17,151
5894,67,18,83,15,183
5896,68,16,51,15,150
5897,66,33,51,16,166
5898,67,16,51,16,150
5899,65,33,84,17,199
5900,67,15,84,17,183
5901,51,15,84,17,167
5902,67,16,167,17,267
5903,51,16,167,17,251
5904,67,15,51,17,150
5905,52,15,51,17,135
5906,66,17,100,17,200
5907,50,17,100,17,184
5909,167,34,83,17,301
5910,99,18,49,18,184
5911,67,33,49,18,167
5912,65,18,49,18,150
5914,67,16,167,17,267
5918,50,32,101,17,200
5919,66,33,68,17,184
5920,101,17,165,18,301
5922,68,17,165,18,268
5923,51,17,165,18,251
5924,51,33,66,17,167
5926,67,16,99,18,200
5927,66,33,66,18,183
5928,51,33,66,18,168
5930,66,17,67,16,166
5931,67,32,69,15,183
5935,67,34,65,17,183
5936,167,17,83,17,284
5937,101,33,134,16,284
5938,51,32,67,16,166
5941,166,33,68,15,282
5942,67,17,83,17,184
5945,101,33,68,15,217
5946,66,18,83,18,185
5947,67,33,68,15,183
5948,67,17,68,15,167
5949,67,33,67,17,184
5951,66,35,82,16,199
5952,85,32,66,19,202
5953,100,33,100,16,249
5954,300,18,100,16,434
5956,67,16,100,16,199
5957,65,33,67,16,181
5959,66,33,68,15,182
5960,68,14,68,15,165
5961,166,35,100,16,317
5962,67,16,66,17,166
5963,101,32,68,17,218
5964,64,18,100,17,199
5967,101,33,67,16,217
5970,67,18,67,16,168
5971,68,33,67,17,185
5973,100,33,65,18,216
5974,68,17,98,18,201
5976,50,33,65,18,166
5978,67,15,133,17,232
5979,65,33,100,17,215
5980,100,17,65,17,199
5981,65,35,65,17,182
5982,66,17,65,17,165
5983,101,32,84,17,234
5985,68,32,84,17,201
5986,50,32,84,17,183
5987,65,35,66,17,183
5988,67,18,66,17,168
5989,67,32,84,17,200
5990,52,32,84,17,185
5992,84,33,167,17,301
5993,66,33,167,17,283
5994,51,33,167,17,268
5995,101,34,83,16,234
5996,67,17,83,17,184
5997,101,32,84,15,232
