序号,发送->接收,接收->转发,转发->接收,接收->处理,总计
2,101,26,68,15,210
3,92,26,68,15,201
4,150,18,132,17,317
5,60,26,68,15,169
7,66,18,132,17,233
8,50,18,132,17,217
9,65,18,99,17,199
11,72,13,65,17,167
12,67,32,101,15,215
13,52,32,101,15,200
14,50,16,101,15,182
16,65,34,68,15,182
17,66,17,68,15,166
20,68,34,67,16,185
21,51,34,67,16,168
22,68,33,67,15,183
23,83,34,65,16,198
24,67,34,65,16,182
25,52,34,65,16,167
26,67,33,65,18,183
27,85,32,67,18,202
30,65,33,100,20,218
31,65,17,100,20,202
33,68,16,66,20,170
35,69,16,65,17,167
36,52,16,65,17,150
39,68,13,134,17,232
40,52,13,134,17,216
41,65,17,66,17,165
42,67,35,65,17,184
43,64,18,65,17,164
44,85,15,100,17,217
45,52,31,100,17,200
46,83,17,66,17,183
47,66,17,66,17,166
48,82,17,66,16,181
49,66,17,66,16,165
50,51,17,66,16,150
52,66,34,101,15,216
53,66,17,101,15,199
55,85,33,64,18,200
56,69,33,64,18,184
57,68,17,64,18,167
58,51,17,64,18,150
59,52,33,66,17,168
61,65,16,52,15,148
64,66,32,66,19,183
66,52,15,66,19,152
67,68,18,64,17,167
68,69,29,52,16,166
70,66,35,68,16,185
71,66,16,68,16,166
73,67,16,51,16,150
74,103,32,68,16,219
75,66,18,66,16,166
76,68,32,68,16,184
77,67,16,68,16,167
78,83,18,50,16,167
80,66,34,66,15,181
81,84,32,67,16,199
83,52,32,67,16,167
86,66,33,52,16,167
87,65,18,52,16,151
89,83,34,65,16,198
90,85,16,65,16,182
91,52,34,65,16,167
92,52,16,65,16,149
94,66,33,67,18,184
95,64,17,67,18,166
97,65,17,52,15,149
100,67,33,66,17,183
101,69,15,66,17,167
102,52,15,66,17,150
103,51,33,101,16,201
106,66,34,67,16,183
107,66,17,67,16,166
108,67,34,66,16,183
109,51,34,66,16,167
110,68,33,133,18,252
111,67,17,133,18,235
112,67,33,66,17,183
115,66,17,67,18,168
117,68,15,102,16,201
118,66,34,68,16,184
119,67,17,68,16,168
120,50,17,68,16,151
121,67,17,100,17,201
123,52,33,67,17,169
127,84,33,100,17,234
128,67,33,100,17,217
129,51,33,100,17,201
130,53,16,100,17,186
131,84,33,52,16,185
132,65,33,52,16,166
133,64,17,52,16,149
135,64,19,132,16,231
136,68,33,133,16,250
137,52,33,133,16,234
138,52,16,133,16,217
140,66,32,101,16,215
141,66,15,101,16,198
142,65,34,67,16,182
143,66,16,67,16,165
144,66,34,67,16,183
146,68,33,100,18,219
151,67,16,52,15,150
152,66,34,66,17,183
153,50,34,66,17,167
154,50,16,66,17,149
156,52,15,66,18,151
157,66,16,134,16,232
158,50,16,134,16,216
159,65,16,52,17,150
161,84,34,66,17,201
162,68,34,66,17,185
163,51,34,66,17,168
164,52,17,66,17,152
165,51,32,67,17,167
166,66,34,66,18,184
167,65,18,66,18,167
169,67,16,67,16,166
170,51,16,67,16,150
171,68,16,50,17,151
172,84,16,83,15,198
173,67,16,83,15,181
175,100,16,67,16,199
176,50,17,65,19,151
177,82,32,101,18,233
181,83,32,52,16,183
182,67,32,52,16,167
183,66,16,52,16,150
185,67,15,100,18,200
186,51,15,100,18,184
189,83,32,99,19,233
190,68,32,99,19,218
191,82,33,66,19,200
192,84,15,66,19,184
193,83,35,83,16,217
194,65,35,83,16,199
196,68,31,52,16,167
198,85,15,134,17,251
199,69,15,134,17,235
201,68,16,67,17,168
203,66,16,67,17,166
204,51,16,67,17,151
205,116,33,67,17,233
206,84,16,50,18,168
207,67,16,50,18,151
208,67,33,67,17,184
209,66,16,67,17,166
210,50,16,67,17,150
211,66,18,66,15,165
212,84,16,99,18,217
214,67,34,65,18,184
216,66,33,67,17,183
220,83,17,100,17,217
221,68,17,100,17,202
223,68,16,67,17,168
224,52,16,67,17,152
225,66,17,100,16,199
226,66,34,99,19,218
228,67,33,66,19,185
229,51,33,66,19,169
231,51,33,52,14,150
232,82,17,67,17,183
234,85,14,100,18,217
235,69,14,100,18,201
237,67,17,66,18,168
239,65,15,52,15,147
241,83,33,102,16,234
242,66,33,102,16,217
243,67,15,102,16,200
245,69,16,67,16,168
246,52,16,67,16,151
247,66,16,117,17,216
249,65,18,82,17,182
251,51,32,67,15,165
254,99,34,67,16,216
255,83,34,67,16,200
256,67,34,67,16,184
257,66,19,67,16,168
258,67,33,50,16,166
260,67,34,69,11,181
263,51,32,100,17,200
264,50,16,100,17,183
265,88,31,65,18,202
267,53,31,65,18,167
269,52,32,100,16,200
270,96,33,67,17,213
271,85,33,67,17,202
272,65,33,67,17,182
274,85,15,67,16,183
277,82,34,99,17,232
278,84,17,99,17,217
280,67,35,64,17,183
281,51,35,64,17,167
282,69,31,67,17,184
283,52,31,67,17,167
284,51,15,67,17,150
285,66,17,119,17,219
289,68,16,103,14,201
290,86,16,68,14,184
293,51,34,65,18,168
294,83,20,62,18,183
295,64,20,62,18,164
296,82,17,135,17,251
297,65,17,135,17,234
298,65,31,54,17,167
299,82,36,100,15,233
301,66,18,100,15,199
302,67,35,65,15,182
303,67,17,65,15,164
306,85,15,100,18,218
309,64,17,68,18,167
310,64,34,99,18,215
311,64,17,99,18,198
312,66,34,65,18,183
313,103,17,64,18,202
314,68,35,64,18,185
315,51,35,64,18,168
318,65,34,67,16,182
319,65,16,67,16,164
320,64,34,69,15,182
321,68,16,69,15,168
322,52,16,69,15,152
324,83,20,65,16,184
325,65,20,65,16,166
326,69,33,97,17,216
327,52,33,97,17,199
328,51,18,97,17,183
329,85,32,68,17,202
331,66,16,68,17,167
333,68,15,52,16,151
334,50,15,52,16,133
335,66,18,67,17,168
337,67,16,133,17,233
339,67,18,67,15,167
343,85,32,51,16,184
344,67,32,51,16,166
345,65,17,51,16,149
346,51,17,51,16,135
347,51,33,67,17,168
348,65,34,101,15,215
350,117,16,100,19,252
351,67,16,68,15,166
354,66,35,132,18,251
355,66,18,132,18,234
358,69,31,67,18,185
360,65,35,65,18,183
362,66,32,68,15,181
365,66,15,102,16,199
366,50,15,102,16,183
367,84,32,51,17,184
369,65,17,51,17,150
372,67,33,100,15,215
373,52,33,100,15,200
374,51,17,100,15,183
375,51,33,67,15,166
376,81,19,66,15,181
377,65,19,66,15,165
378,67,33,67,16,183
381,119,31,68,18,236
382,81,19,66,15,181
385,52,31,68,18,169
386,65,35,51,17,168
390,68,35,65,18,186
393,53,30,53,15,151
394,65,35,84,14,198
397,68,15,84,18,185
398,53,15,84,18,170
401,66,14,53,15,148
402,51,14,53,15,133
403,68,18,65,15,166
404,52,18,65,15,150
405,51,31,67,17,166
406,53,15,67,17,152
407,68,15,133,17,233
409,82,35,65,17,199
410,67,35,65,17,184
412,68,31,102,16,217
413,67,17,102,16,202
415,67,16,68,16,167
416,82,17,50,16,165
417,51,34,50,16,151
418,51,17,50,16,134
419,65,19,85,13,182
420,68,32,99,18,217
421,136,13,67,17,233
422,119,13,67,17,216
424,85,13,67,17,182
425,69,13,67,17,166
427,83,34,99,18,234
429,80,34,65,18,197
430,67,34,65,18,184
431,51,34,65,18,168
433,65,17,51,16,149
434,84,15,68,17,184
435,82,34,51,15,182
437,68,16,51,15,150
438,101,32,68,16,217
439,66,17,84,16,183
442,51,15,68,16,150
444,84,16,51,15,166
445,67,16,51,15,149
446,52,16,51,15,134
447,67,16,84,15,182
448,66,34,65,18,183
450,83,16,67,17,183
451,67,16,67,17,167
453,65,15,52,17,149
456,67,34,51,16,168
457,101,15,150,18,284
460,66,35,51,14,166
461,68,16,51,14,149
462,51,16,51,14,132
463,67,15,101,15,198
464,52,15,101,15,183
467,65,17,68,15,165
468,67,34,66,16,183
469,82,34,66,16,198
470,68,34,66,16,184
471,51,34,66,16,167
472,68,32,50,16,166
473,52,32,50,16,150
474,82,18,66,17,183
475,85,32,67,16,200
476,66,32,67,16,181
477,67,16,67,16,166
478,50,16,67,16,149
479,69,15,66,17,167
480,83,16,68,16,183
482,51,16,68,16,151
483,64,17,51,17,149
484,83,18,82,17,200
485,66,18,82,17,183
486,68,33,66,18,185
488,68,34,67,17,186
490,67,32,52,15,166
492,66,35,51,16,168
493,68,17,51,16,152
494,67,32,100,17,216
495,69,15,100,17,201
497,49,35,65,17,166
499,65,18,65,16,164
500,68,32,85,15,200
502,65,33,52,15,165
503,50,33,52,15,150
504,65,35,66,16,182
506,68,32,66,19,185
508,52,15,66,19,152
509,70,15,99,17,201
511,65,16,67,17,165
514,70,29,67,18,184
515,54,29,67,18,168
516,67,34,67,16,184
517,65,17,67,16,165
518,63,33,67,16,179
519,67,16,67,16,166
523,66,17,68,16,167
524,50,17,68,16,151
525,65,16,52,17,150
526,82,19,81,16,198
527,85,33,64,17,199
528,68,33,64,17,182
529,68,17,64,17,166
531,52,31,67,17,167
532,64,33,85,17,199
533,65,16,85,17,183
534,64,34,68,16,182
536,67,34,50,17,168
538,68,34,69,14,185
539,51,34,69,14,168
541,51,33,66,17,167
542,50,17,66,17,150
544,69,30,67,18,184
545,67,16,67,18,168
546,66,34,67,17,184
548,64,33,134,17,248
552,67,33,67,17,184
553,51,33,67,17,168
554,51,16,67,17,151
555,66,17,67,14,164
556,67,33,67,17,184
558,84,17,99,18,218
559,67,17,99,18,201
560,81,19,66,18,184
563,67,15,100,18,200
565,68,17,66,18,169
566,66,34,183,16,299
567,67,16,183,16,282
568,52,16,183,16,267
569,67,16,101,16,200
570,66,35,66,16,183
571,66,17,66,16,165
574,51,18,82,16,167
575,83,33,66,16,198
576,82,17,66,16,181
577,66,17,66,16,165
578,65,33,68,16,182
579,84,33,66,20,203
581,83,35,51,15,184
582,66,35,51,15,167
583,84,31,69,15,199
584,68,31,69,15,183
587,70,15,66,17,168
588,51,15,66,17,149
589,66,18,66,17,167
590,69,32,66,17,184
591,81,34,132,18,265
594,133,33,67,17,250
595,68,15,135,17,235
596,66,35,65,18,184
597,66,18,65,18,167
598,100,32,52,18,202
599,65,18,67,17,167
600,68,32,52,18,170
601,51,32,52,18,153
603,68,17,67,16,168
604,166,33,66,17,282
605,85,32,100,16,233
606,102,32,200,17,351
607,52,32,100,16,200
608,67,32,200,17,316
609,66,16,200,17,299
610,163,35,66,17,281
612,65,35,66,18,184
613,66,18,66,18,168
614,68,31,101,17,217
615,99,18,66,17,200
616,101,32,68,17,218
619,82,34,51,15,182
620,101,34,66,18,219
622,66,34,66,18,184
624,68,32,52,16,168
626,51,15,52,16,134
627,166,18,66,16,266
628,66,34,67,17,184
630,52,16,67,17,152
631,99,18,66,16,199
632,67,34,66,16,183
633,65,18,66,16,165
636,65,35,53,13,166
638,66,34,100,17,217
639,65,18,100,17,200
640,51,18,100,17,186
641,99,16,52,16,183
642,53,13,68,17,151
643,67,16,52,16,151
645,64,17,66,15,162
646,68,33,67,15,183
647,68,16,67,15,166
649,98,19,84,16,217
650,66,34,84,16,200
653,50,34,66,16,166
655,53,32,101,16,202
656,100,33,65,20,218
658,66,33,65,20,184
660,101,31,68,17,217
661,65,18,66,15,164
662,67,31,68,17,183
666,66,33,99,17,215
667,100,16,66,17,199
668,68,33,66,17,184
669,65,16,66,17,164
672,66,33,102,16,217
674,66,34,68,16,184
676,67,33,51,15,166
677,50,33,51,15,149
678,50,17,51,15,133
679,68,17,66,17,168
680,68,31,68,16,183
684,66,33,66,17,182
686,52,16,66,17,151
687,65,17,84,16,182
688,66,33,67,16,182
690,66,34,68,17,185
691,67,17,68,17,169
692,50,17,68,17,152
693,68,16,52,16,152
694,51,16,52,16,135
695,66,19,81,18,184
698,52,16,66,16,150
699,52,32,66,17,167
700,65,34,66,18,183
701,64,18,66,18,166
702,66,32,84,17,199
703,51,32,84,17,184
705,67,17,50,17,151
707,68,14,68,16,166
708,52,14,68,16,150
709,100,17,68,16,201
710,50,17,117,16,200
714,101,32,100,17,250
717,153,31,100,16,300
718,51,16,100,17,184
719,168,17,66,16,267
720,64,37,97,18,216
721,66,19,97,18,200
722,50,19,97,18,184
723,100,17,66,16,199
724,68,34,66,16,184
725,116,34,68,16,234
726,65,32,67,17,181
728,84,16,68,16,184
729,67,16,68,16,167
730,66,33,51,17,167
731,65,17,51,17,150
732,67,35,64,17,183
734,68,33,67,17,185
735,85,31,53,15,184
737,99,19,98,18,234
738,100,32,66,18,216
739,65,19,98,18,200
741,67,15,66,18,166
742,53,15,66,18,152
743,51,33,51,17,152
744,81,17,68,17,183
745,64,17,68,17,166
746,66,35,67,15,183
747,67,17,67,15,166
748,51,17,67,15,150
749,52,33,66,16,167
751,84,32,134,16,266
753,51,32,134,16,233
754,98,34,68,16,216
755,100,15,68,16,199
757,68,15,68,16,167
758,51,15,68,16,150
759,50,36,66,15,167
760,102,34,99,16,251
761,67,16,100,16,199
762,68,34,99,16,217
764,98,34,65,17,214
766,100,33,66,17,216
768,66,33,66,17,182
769,67,17,66,17,167
770,67,32,169,16,284
771,100,17,51,18,186
772,65,34,51,18,168
774,66,33,66,18,183
776,67,36,82,17,202
777,50,36,82,17,185
778,51,18,82,17,168
779,52,30,52,17,151
780,66,36,66,16,184
783,50,33,100,15,198
784,52,17,100,15,184
785,51,33,101,14,199
786,99,34,66,17,216
787,66,17,132,18,233
788,66,34,66,17,183
789,51,34,66,17,168
790,101,32,50,17,200
791,51,34,64,18,167
793,101,15,202,16,334
794,66,32,202,16,316
795,68,15,202,16,301
796,64,35,65,17,181
797,68,17,65,17,167
798,50,17,65,17,149
800,67,33,68,17,185
801,82,35,100,16,233
803,50,35,100,16,201
804,68,33,100,16,217
805,51,33,100,16,200
806,68,34,66,16,184
808,67,33,100,16,216
809,51,33,100,16,200
810,67,33,67,16,183
812,66,33,50,16,165
814,299,34,68,15,416
816,83,16,67,17,183
817,51,32,67,17,167
818,50,16,67,17,150
819,51,35,100,15,201
820,67,32,68,15,182
822,67,35,65,17,184
823,50,35,65,17,167
825,66,17,66,18,167
826,51,17,66,18,152
827,51,32,52,15,150
828,65,34,68,15,182
830,66,33,100,16,215
831,51,33,100,16,200
832,52,15,100,16,183
833,100,17,100,16,233
836,50,17,100,16,183
837,67,17,67,16,167
839,66,18,83,16,183
840,67,33,50,16,166
843,51,33,68,16,168
844,66,33,101,16,216
845,67,16,101,16,200
847,85,31,51,16,183
848,68,31,51,16,166
850,51,15,51,16,133
851,66,18,82,17,183
852,165,34,100,16,315
854,301,33,66,19,419
855,67,17,100,16,200
858,67,34,100,16,217
859,101,16,100,16,233
860,51,16,100,16,183
861,100,17,100,16,233
862,100,34,99,17,250
863,65,17,100,16,198
864,66,34,99,17,216
866,67,33,118,16,234
867,51,33,118,16,218
868,67,33,66,19,185
870,66,33,52,16,167
871,50,33,52,16,151
872,66,33,100,18,217
873,67,16,100,18,201
875,69,16,99,19,203
876,167,34,65,17,283
877,51,33,66,19,169
879,99,16,67,16,198
881,102,15,65,17,199
883,68,15,65,17,165
885,66,17,68,15,166
887,64,16,51,17,148
888,65,36,66,17,184
889,66,19,66,17,168
891,67,17,67,16,167
893,51,34,66,17,168
894,83,16,67,17,183
897,100,17,98,19,234
898,66,34,98,19,217
902,51,17,64,19,151
903,51,31,100,19,201
904,65,33,67,19,184
905,81,34,101,17,233
906,64,34,101,17,216
908,52,15,101,17,185
913,51,33,67,17,168
914,102,33,133,17,285
915,66,17,66,16,165
916,67,33,133,17,250
917,65,18,133,17,233
921,67,18,66,17,168
922,67,33,67,16,183
923,99,17,99,19,234
925,67,17,99,19,202
926,66,34,65,19,184
927,99,17,51,16,183
928,50,17,65,19,151
929,67,17,51,16,151
930,67,32,67,16,182
931,66,16,67,16,165
932,65,35,67,14,181
935,99,19,98,18,234
936,102,33,65,18,218
939,64,19,65,18,166
940,99,34,67,17,217
942,64,34,67,17,182
944,65,34,67,17,183
945,67,16,67,17,167
946,52,16,67,17,152
948,67,34,99,18,218
949,66,17,99,18,200
950,166,33,68,16,283
951,167,15,68,16,266
954,51,15,51,15,132
955,65,17,101,16,199
956,65,33,68,16,182
957,66,15,68,16,165
958,101,33,66,18,218
960,101,33,135,14,283
962,68,33,135,14,250
963,99,16,66,17,198
964,66,33,66,17,182
965,66,16,66,17,165
966,66,35,67,14,182
967,68,17,67,14,166
968,51,17,67,14,149
969,151,31,68,17,267
970,102,33,99,17,251
971,65,19,64,18,166
973,52,33,99,17,201
974,69,31,68,17,185
978,65,34,100,17,216
980,68,34,83,16,201
983,51,32,67,16,166
984,66,34,99,17,216
986,50,16,99,17,182
989,65,17,68,17,167
990,66,33,100,17,216
991,66,16,100,17,199
992,101,33,49,15,198
993,102,16,49,15,182
994,68,33,49,15,165
995,68,16,49,15,148
996,100,32,52,16,200
999,65,15,52,16,148
1001,65,18,133,17,233
1002,68,32,66,19,185
1003,51,32,66,19,168
1005,68,15,68,17,168
1006,65,33,52,17,167
1007,68,14,52,17,151
1008,66,35,68,16,185
1010,68,34,65,18,185
1012,52,17,65,18,152
1013,84,31,51,17,183
1014,150,17,66,16,249
1015,51,31,51,17,150
1016,65,33,101,16,215
1017,67,15,101,16,199
1018,64,35,66,16,181
1019,83,33,133,16,265
1020,51,17,66,16,150
1022,101,33,67,16,217
1023,167,16,135,14,332
1024,166,33,68,17,284
1025,66,17,67,16,166
1026,66,34,66,18,184
1027,67,17,66,18,168
1028,151,17,67,14,249
1029,68,16,135,14,233
1030,67,33,68,17,185
1031,66,17,68,17,168
1032,84,17,67,14,182
1033,165,19,132,17,333
1034,51,17,67,14,149
1035,102,17,66,15,200
1036,68,34,66,15,183
1037,67,17,66,15,165
1038,67,33,132,17,249
1039,98,19,66,17,200
1040,67,33,66,17,183
1041,64,19,66,17,166
1042,66,32,67,17,182
1043,52,32,67,17,168
1046,66,33,68,16,183
1048,84,17,134,16,251
1049,66,17,134,16,233
1051,66,18,65,18,167
1052,84,17,67,16,184
1053,67,17,67,16,167
1054,50,17,67,16,150
1055,101,17,65,17,200
1056,65,35,65,17,182
1057,67,17,65,17,166
1061,65,17,67,17,166
1062,65,34,100,17,216
1064,66,33,84,17,200
1066,67,34,50,17,168
1068,67,33,133,16,249
1069,101,17,65,16,199
1070,67,34,65,16,182
1071,165,18,52,15,250
1072,50,17,65,16,148
1074,149,18,67,15,249
1075,98,18,52,15,183
1076,65,34,52,15,166
1078,83,18,67,15,183
1079,66,18,67,15,166
1080,50,18,67,15,150
1082,52,15,83,18,168
1083,51,34,99,16,200
1084,67,32,67,16,182
1085,64,17,67,16,164
1086,101,32,68,18,219
1087,66,18,65,18,167
1088,99,33,53,16,201
1090,67,33,53,16,169
1094,68,34,164,17,283
1095,52,34,164,17,267
1096,53,16,164,17,250
1098,65,35,64,18,182
1101,50,32,66,17,165
1102,51,16,66,17,150
1103,51,32,101,18,202
1104,98,35,50,15,198
1105,66,16,85,15,182
1106,66,35,50,15,166
1107,84,32,66,17,199
1108,84,17,66,17,184
1109,51,32,66,17,166
1110,85,15,68,16,184
1113,50,33,51,17,151
1114,285,16,67,16,384
1115,65,18,66,17,166
1116,68,33,67,16,184
1117,66,17,67,16,166
1119,51,33,67,16,167
1120,66,34,67,17,184
1121,67,17,67,17,168
1122,67,33,51,16,167
1123,66,17,51,16,150
1124,67,34,65,17,183
1125,66,18,65,17,166
1126,67,33,67,16,183
1128,51,16,67,16,150
1129,51,32,51,17,151
1130,65,35,82,18,200
1133,50,33,67,17,167
1134,301,34,67,16,418
1135,67,16,52,17,152
1137,165,19,131,18,333
1139,51,34,66,16,167
1140,52,17,66,16,151
1142,65,35,131,18,249
1143,64,19,131,18,232
1144,66,33,50,17,166
1145,83,33,101,16,233
1146,101,34,67,16,218
1147,52,33,101,16,202
1154,67,33,66,17,183
1157,51,32,51,16,150
1158,65,34,66,16,181
1159,83,33,67,16,199
1160,66,33,67,16,182
1161,50,33,67,16,166
1164,66,34,65,19,184
1168,99,36,65,18,218
1171,68,17,65,18,168
1173,52,33,99,16,200
1176,65,33,67,16,181
1177,67,15,67,16,165
1178,65,34,66,20,185
1179,67,17,66,20,170
1180,67,33,53,13,166
1182,67,33,100,17,217
1183,50,33,100,17,200
1185,70,13,84,17,184
1187,67,17,50,17,151
1189,63,17,86,15,181
1191,50,34,67,17,168
1192,50,17,67,17,151
1193,51,34,66,18,169
1195,69,15,67,16,167
1196,52,15,67,16,150
1197,53,33,68,16,170
1198,66,34,67,16,183
1199,66,16,67,16,165
1201,66,18,66,18,168
1202,68,33,51,16,168
1203,50,33,51,16,150
1204,67,33,66,17,183
1205,51,33,66,17,167
1206,66,34,100,15,215
1208,51,16,100,15,182
1209,51,32,68,15,166
1210,99,35,66,17,217
1211,99,17,66,17,199
1213,99,17,66,19,201
1216,67,34,67,17,185
1217,67,16,67,17,167
1218,66,32,52,14,164
1219,51,32,52,14,149
1220,66,35,99,17,217
1221,67,16,99,17,199
1223,116,33,66,16,231
1224,52,14,68,17,151
1225,82,33,66,16,197
1226,99,32,67,19,217
1228,100,34,52,16,202
1229,101,16,52,16,185
1230,65,34,52,16,167
1231,66,16,52,16,150
1232,66,33,68,17,184
1233,65,17,68,17,167
1235,68,16,67,16,167
1236,52,16,67,16,151
1239,66,17,65,19,167
1240,67,33,51,16,167
1242,50,17,51,16,134
1243,66,16,66,18,166
1244,65,35,98,17,215
1245,68,16,98,17,199
1246,51,16,98,17,182
1247,51,31,101,18,201
1249,65,16,67,18,166
1250,98,34,134,17,283
1251,65,16,101,18,200
1252,67,34,134,17,252
1253,66,17,134,17,234
1257,52,32,67,17,168
1258,67,33,51,17,168
1259,67,15,51,17,150
1260,99,34,65,18,216
1263,66,17,65,18,166
1264,51,17,65,18,151
1265,51,32,68,16,167
1266,66,33,51,18,168
1267,65,17,51,18,151
1268,65,35,84,14,198
1269,66,17,84,14,181
1270,51,17,84,14,166
1273,51,32,67,16,166
1274,66,32,67,18,183
1277,66,18,50,16,150
1278,67,32,68,16,183
1281,50,34,67,17,168
1283,50,34,50,16,150
1284,101,33,101,15,250
1285,66,17,66,17,166
1286,84,16,101,15,216
1287,66,16,101,15,198
1288,50,16,101,15,182
1289,67,16,68,15,166
1293,66,18,133,15,232
1297,49,36,131,17,233
1298,99,34,65,17,215
1299,66,18,67,15,166
1300,68,34,65,17,184
1301,65,18,65,17,165
1302,66,33,66,18,183
1303,52,33,66,18,169
1304,99,34,101,17,251
1306,65,34,101,17,217
1307,67,17,101,17,202
1309,69,16,67,17,169
1310,52,16,67,17,152
1311,51,33,67,16,167
1316,67,33,67,15,182
1317,66,17,67,15,165
1318,66,33,66,19,184
1319,67,15,66,19,167
1322,67,32,68,18,185
1323,64,17,68,18,167
1325,69,17,65,16,167
1327,67,18,67,16,168
1328,68,33,67,16,184
1330,65,34,66,18,183
1331,169,14,67,19,269
1332,100,33,51,15,199
1335,51,33,51,15,150
1336,165,36,65,18,284
1337,68,14,67,19,168
1338,84,15,69,15,183
1339,100,16,51,17,184
1340,51,15,69,15,150
1341,65,16,51,17,149
1343,167,15,67,18,267
1344,52,17,65,18,152
1346,101,33,67,18,219
1347,49,33,51,17,150
1348,65,33,67,18,183
1349,101,17,50,15,183
1350,66,35,50,15,166
1352,51,17,50,15,133
1354,67,33,69,15,184
1355,100,16,67,17,200
1356,50,15,69,15,149
1357,100,19,65,16,200
1359,65,19,65,16,165
1360,50,19,65,16,150
1361,51,32,134,15,232
1362,100,33,68,15,216
1364,65,33,68,15,181
1366,66,33,66,17,182
1367,67,15,66,17,165
1368,51,15,66,17,149
1369,85,31,67,19,202
1371,50,31,67,19,167
1373,84,32,68,15,199
1374,66,32,68,15,181
1375,51,32,68,15,166
1376,67,33,69,15,184
1378,167,32,68,17,284
1379,69,15,199,17,300
1380,68,34,65,17,184
1381,64,19,65,17,165
1382,69,33,67,15,184
1384,67,32,68,17,184
1385,52,32,68,17,169
1386,100,33,65,17,215
1388,100,32,67,16,215
1389,65,18,65,17,165
1391,68,15,67,16,166
1392,65,33,67,17,182
1393,50,33,67,17,167
1394,65,34,118,14,231
1395,65,17,118,14,214
1396,67,33,67,18,185
1397,66,17,67,18,168
1398,67,34,51,14,166
1399,67,17,51,14,149
1400,100,32,67,17,216
1402,67,32,67,17,183
1403,99,18,85,14,216
1405,65,18,85,14,182
1407,81,34,100,18,233
1408,67,34,100,18,219
1409,67,17,100,18,202
1410,66,33,85,16,200
1411,68,14,85,16,183
1412,53,14,85,16,168
1413,67,17,51,16,151
1414,67,33,68,15,183
1415,65,16,68,15,164
1416,67,34,66,18,185
1418,101,32,67,17,217
1419,50,34,99,17,200
1421,65,17,67,17,166
1422,84,15,51,16,166
1423,67,15,51,16,149
1424,50,15,51,16,132
1428,100,33,67,19,219
1429,82,33,67,19,201
1430,66,33,67,19,185
1431,168,16,66,16,266
1432,84,17,67,15,183
1433,66,17,67,15,165
1434,51,17,67,15,150
1436,67,35,66,16,184
1438,67,32,100,17,216
1440,101,32,101,16,250
1441,499,17,66,17,599
1442,66,32,101,16,215
1443,67,16,101,16,200
1444,66,34,100,16,216
1446,66,33,67,16,182
1447,50,33,67,16,166
1448,51,16,67,16,150
1449,66,17,67,17,167
1451,66,17,51,16,150
1453,50,34,66,16,166
1454,67,33,68,15,183
1455,51,33,68,15,167
1456,51,16,68,15,150
1457,51,33,67,17,168
1460,68,32,67,17,184
1461,166,17,66,17,266
1462,67,34,67,16,184
1464,99,34,66,17,216
1465,67,17,100,17,201
1469,51,36,80,17,184
1471,83,34,67,14,198
1475,67,17,66,17,167
1477,84,32,68,16,200
1478,50,17,100,16,183
1480,66,34,67,16,183
1481,66,17,67,16,166
1482,66,34,65,18,183
1483,52,34,65,18,169
1484,68,33,66,16,183
1487,168,16,67,17,268
1488,65,34,50,16,165
1489,67,16,50,16,149
1490,66,33,85,15,199
1491,66,17,85,15,183
1492,67,33,67,17,184
1493,66,16,67,17,166
1494,50,16,67,17,150
1495,67,16,51,16,150
1496,66,34,66,18,184
1497,83,33,84,17,217
1499,50,33,84,17,184
1500,100,35,70,13,218
1501,283,31,67,18,399
1502,66,35,70,13,184
1503,67,17,70,13,167
1505,67,17,67,15,166
1507,67,20,61,19,167
1508,70,30,67,14,181
1509,99,16,67,17,199
1512,97,31,67,18,213
1513,149,33,68,17,267
1514,98,34,51,16,199
1515,52,31,67,18,168
1516,67,34,51,16,168
1518,98,34,66,18,216
1520,85,16,66,18,185
1521,50,34,66,18,168
1523,50,34,67,16,167
1524,68,32,102,16,218
1525,67,15,102,16,200
1526,101,34,99,17,251
1528,67,34,99,17,217
1529,66,18,99,17,200
1531,51,33,66,17,167
1533,51,33,101,15,200
1534,66,33,68,15,182
1535,66,17,68,15,166
1536,66,32,68,16,182
1538,101,32,67,16,216
1540,68,32,67,16,183
1542,68,33,100,16,217
1543,52,33,100,16,201
1544,65,34,66,16,181
1545,66,18,66,16,166
1546,67,32,68,17,184
1548,66,34,51,15,166
1549,50,34,51,15,150
1550,66,34,67,17,184
1552,68,32,52,15,167
1553,67,15,52,15,149
1554,101,32,67,16,216
1556,84,15,67,16,182
1557,67,15,67,16,165
1558,52,15,67,16,150
1560,82,17,66,17,182
1561,82,33,65,18,198
1563,50,33,65,18,166
1564,50,17,65,18,150
1565,50,33,100,17,200
1566,98,36,65,19,218
1568,65,36,65,19,185
1569,66,18,65,19,168
1570,68,32,52,15,167
1571,51,32,52,15,150
1572,68,33,68,15,184
1573,67,16,68,15,166
1576,52,15,66,17,150
1579,64,17,52,15,148
1582,66,33,52,16,167
1583,51,33,52,16,152
1585,67,18,82,16,183
1586,68,33,100,16,217
1590,98,35,67,16,216
1591,65,16,67,18,166
1592,65,35,67,16,183
1593,67,16,67,16,166
1596,102,33,68,16,219
1597,66,17,64,19,166
1600,51,17,68,16,152
1601,67,14,102,18,201
1603,67,18,83,14,182
1604,68,30,53,14,165
1606,102,32,69,16,219
1607,67,16,67,16,166
1608,65,32,69,16,182
1609,67,14,69,16,166
1611,182,34,66,16,298
1613,65,18,65,16,164
1615,50,31,68,16,165
1616,65,34,100,16,215
1617,83,34,66,16,199
1618,99,33,99,17,248
1619,99,17,99,17,232
1621,65,17,99,17,198
1623,68,16,99,19,202
1624,66,33,66,19,184
1625,66,17,66,19,168
1626,66,33,52,16,167
1629,102,16,101,16,235
1630,66,35,101,16,218
1632,52,16,101,16,185
1633,51,33,68,16,168
1634,68,35,66,16,185
1635,150,33,66,16,265
1636,68,33,66,15,182
1637,65,19,66,15,165
1639,68,17,67,16,168
1640,66,33,66,16,181
1641,52,33,66,16,167
1642,66,34,66,17,183
1643,50,34,66,17,167
1644,67,32,51,16,166
1645,150,32,67,19,268
1647,51,34,65,19,169
1648,66,33,99,19,217
1649,67,16,99,19,201
1653,67,14,101,20,202
1654,51,14,101,20,186
1655,169,15,100,16,300
1657,67,14,54,15,150
1658,168,34,65,18,285
1659,65,17,67,18,167
1660,50,17,67,18,152
1661,68,15,100,16,199
1662,54,15,100,16,185
1664,67,34,65,18,184
1665,115,31,102,15,263
1667,102,15,102,15,234
1668,68,31,102,15,216
1669,66,15,102,15,198
1670,65,35,67,15,182
1672,66,33,67,16,182
1674,51,17,67,16,151
1675,65,19,98,17,199
1677,66,18,65,17,166
1678,67,34,64,18,183
1679,52,34,64,18,168
1681,52,31,68,18,169
1683,66,16,53,16,151
1684,64,35,67,17,183
1685,82,34,65,16,197
1686,86,16,65,16,183
1689,51,33,64,19,167
1690,67,32,201,17,317
1692,65,32,70,17,184
1695,66,16,52,16,150
1696,51,16,52,16,135
1697,70,16,82,17,185
1698,70,33,83,17,203
1700,52,16,83,17,168
1701,98,17,66,16,197
1702,82,17,66,16,181
1703,65,17,66,16,164
1704,83,17,66,16,182
1705,67,17,66,16,166
1707,51,32,68,16,167
1708,66,34,66,18,184
1709,65,18,66,18,167
1710,66,34,66,16,182
1711,84,32,67,17,200
1712,167,34,65,18,284
1713,52,32,67,17,168
1714,66,34,67,16,183
1715,68,16,67,16,167
1716,66,33,167,17,283
1717,100,17,65,18,200
1718,67,34,65,18,184
1719,66,17,65,18,166
1720,50,17,65,18,150
1721,51,32,51,17,151
1722,66,33,68,17,184
1724,65,35,66,15,181
1726,51,17,66,15,149
1727,51,33,67,15,166
1728,68,33,116,16,233
1731,51,34,82,16,183
1732,67,32,66,17,182
1734,66,35,98,18,217
1737,67,16,67,18,168
1738,101,32,67,17,217
1739,151,32,101,16,300
1740,98,35,66,18,217
1741,51,32,67,17,167
1742,168,34,83,16,301
1743,68,17,66,18,169
1745,100,17,99,18,234
1746,67,34,99,18,218
1747,66,17,99,18,200
1748,165,34,67,17,283
1749,51,34,83,16,184
1751,100,16,83,18,217
1753,65,16,83,18,182
1754,65,34,67,17,183
1755,67,16,67,17,167
1756,150,17,83,15,265
1757,99,18,117,15,249
1758,67,34,117,15,233
1759,65,18,117,15,215
1760,67,34,83,15,199
1763,52,32,100,16,200
1764,66,33,118,16,233
1765,66,16,118,16,216
1766,65,33,69,16,183
1767,68,15,69,16,168
1768,100,35,67,16,218
1769,49,34,135,15,233
1770,67,35,67,16,185
1772,69,32,68,15,184
1774,51,16,68,15,150
1775,51,35,66,17,169
1777,151,31,51,17,250
1778,51,17,67,16,151
1779,51,33,65,17,166
1781,67,17,66,16,166
1782,67,31,51,17,166
1783,52,31,51,17,151
1785,65,18,101,16,200
1786,82,17,68,16,183
1787,66,17,68,16,167
1789,51,31,102,17,201
1791,66,19,65,17,167
1793,64,15,51,15,145
1794,53,15,51,15,134
1795,84,32,52,15,183
1797,66,15,52,15,148
1798,102,31,67,16,216
1799,68,16,98,16,198
1800,68,31,67,16,182
1801,100,17,67,15,199
1802,52,15,67,16,150
1803,65,17,67,15,164
1806,51,16,134,18,219
1807,65,19,99,18,201
1808,67,32,85,15,199
1810,117,17,67,16,217
1811,151,34,85,14,284
1812,82,17,67,16,182
1813,84,33,66,19,202
1814,166,34,67,18,285
1817,50,34,85,14,183
1818,67,32,53,14,166
1819,65,16,53,14,148
1823,50,33,133,19,235
1825,66,16,99,19,200
1826,51,16,99,19,185
1828,69,31,52,16,168
1829,165,18,67,15,265
1830,51,15,52,16,134
1832,64,35,67,16,182
1833,150,33,65,16,264
1834,52,16,67,16,151
1835,66,18,67,15,166
1838,67,33,65,16,181
1839,52,33,65,16,166
1840,67,31,101,19,218
1842,64,34,67,19,184
1843,66,16,67,19,168
1844,65,34,52,14,165
1847,67,16,67,16,166
1848,51,16,67,16,150
1850,52,14,68,17,151
1851,99,18,71,11,199
1852,67,34,71,11,183
1854,50,18,71,11,150
1855,51,33,68,16,168
1856,51,16,68,16,151
1857,51,38,94,18,201
1858,71,30,64,18,183
1859,54,30,64,18,166
1860,68,31,51,15,165
1861,83,33,84,17,217
1862,61,33,84,17,195
1863,50,33,84,17,184
1864,64,33,51,17,165
1865,66,15,51,17,149
1866,51,15,51,17,134
1867,67,16,100,17,200
1868,67,34,102,14,217
1869,66,17,102,14,199
1870,101,33,67,19,220
1872,67,33,67,19,186
1873,100,19,64,17,200
1875,66,19,64,17,166
1876,100,33,100,17,250
1878,167,33,100,18,318
1879,50,33,100,17,200
1880,64,34,66,17,181
1881,67,17,66,17,167
1882,67,33,68,15,183
1883,64,17,68,15,164
1884,67,33,100,18,218
1885,67,16,100,18,201
1886,66,35,65,18,184
1887,67,18,65,18,168
1888,68,32,51,15,166
1889,51,32,51,15,149
1890,50,17,51,15,133
1891,50,33,134,16,233
1892,83,15,68,17,183
1893,68,15,68,17,168
1894,51,15,68,17,151
1895,67,16,66,16,165
1896,168,34,66,15,283
1897,83,33,100,17,233
1899,66,16,100,17,199
1900,66,34,66,17,183
1901,167,17,51,14,249
1902,67,34,66,15,182
1904,68,32,85,14,199
1905,52,32,85,14,183
1906,100,34,83,16,233
1907,66,17,51,14,148
1908,66,34,83,16,199
1909,65,19,83,16,183
1911,101,16,67,17,201
1912,51,14,102,17,184
1913,69,16,67,17,169
1914,150,15,68,16,249
1915,66,16,51,15,148
1917,66,17,68,15,166
1918,67,32,68,16,183
1919,67,15,68,16,166
1923,99,16,68,15,198
1924,68,32,68,15,183
1926,64,34,66,16,180
1927,65,18,66,16,165
1928,66,34,67,16,183
1930,68,32,69,16,185
1932,66,35,98,18,217
1933,50,35,98,18,201
1934,67,34,115,17,233
1936,51,18,115,17,201
1938,65,33,51,17,166
1940,82,16,67,16,181
1944,51,17,65,18,151
1945,99,16,102,15,232
1946,99,35,67,15,216
1948,65,35,67,15,182
1949,66,17,67,15,165
1951,51,33,68,15,167
1955,65,19,62,20,166
1957,51,32,66,16,165
1958,66,30,69,16,181
1959,67,14,69,16,166
1960,62,36,67,19,184
1961,99,17,53,14,183
1962,66,33,53,14,166
1964,69,34,100,18,221
1965,65,18,100,18,201
1967,70,14,67,18,169
1969,101,17,68,15,201
1970,100,33,68,16,217
1971,64,17,68,15,164
1972,67,33,68,16,184
1974,50,15,68,16,149
1975,66,19,65,17,167
1976,101,32,51,15,199
1978,100,34,84,16,234
1980,65,34,84,16,199
1981,67,17,84,16,184
1982,66,32,68,17,183
1985,67,16,67,17,167
1986,66,34,99,17,216
1987,67,16,99,17,199
1988,68,33,66,17,184
1989,50,33,66,17,166
1990,67,33,100,18,218
1991,66,16,100,18,200
1992,66,33,67,18,184
1993,283,35,65,16,399
1994,66,34,51,15,166
1997,66,16,68,15,165
1999,68,15,68,15,166
2000,51,15,68,15,149
2001,117,33,100,16,266
2002,68,33,68,15,184
2003,83,33,100,16,232
2004,68,33,100,16,217
2005,51,33,100,16,200
2006,66,35,65,16,182
2007,51,35,65,16,167
2008,68,32,99,16,215
2009,101,17,66,16,200
2010,67,33,66,16,182
2011,66,17,66,16,165
2013,66,18,67,15,166
2014,67,32,67,16,182
2015,150,33,68,15,266
2016,66,35,65,18,184
2018,67,32,51,16,166
2025,100,17,68,16,201
2026,68,32,68,16,184
2027,65,17,68,16,166
2028,66,33,51,16,166
2029,67,15,51,16,149
2030,65,35,83,15,198
2031,67,18,83,15,183
2033,66,16,83,18,183
2034,51,16,83,18,168
2035,300,17,133,16,466
2036,98,35,100,16,249
2037,82,35,100,16,233
2039,65,18,100,16,199
2040,50,18,100,16,184
2043,52,31,51,16,150
2045,83,32,51,17,183
2046,66,32,51,17,166
2047,51,32,51,17,151
2049,66,17,133,16,232
2050,83,17,82,17,199
2052,85,16,66,16,183
2053,68,16,66,16,166
2054,51,16,66,16,149
2055,66,17,166,17,266
2056,66,33,101,16,216
2058,66,35,66,16,183
2059,167,16,101,17,301
2060,68,32,100,18,218
2061,52,32,100,18,202
2062,101,32,101,17,251
2063,51,34,66,18,169
2064,283,17,65,17,382
2067,299,17,100,16,432
2068,66,34,65,19,184
2069,68,16,65,19,168
2070,101,32,102,15,250
2071,101,15,102,15,233
2072,99,35,99,17,250
2073,66,15,102,15,198
2074,100,34,65,17,216
2075,68,16,99,17,200
2078,52,17,65,17,151
2080,151,16,84,16,267
2081,65,17,100,16,198
2082,98,35,84,16,233
2083,50,33,67,16,166
2084,65,35,84,16,200
2085,69,16,84,16,185
2086,152,16,83,17,268
2087,51,32,52,16,151
2088,51,16,52,16,135
2090,67,33,83,17,200
2092,100,33,101,16,250
2093,52,32,51,17,152
2094,65,33,101,16,215
2095,66,15,101,16,198
2096,65,35,132,19,251
2097,67,17,132,19,235
2098,51,17,132,19,219
2100,68,33,66,19,186
2102,66,33,52,14,165
2103,51,33,52,14,150
2104,66,33,83,18,200
2105,66,16,83,18,183
2106,85,14,101,16,216
2107,50,33,101,16,200
2108,52,14,101,16,183
2111,64,18,67,15,164
2112,50,18,67,15,150
2113,51,33,67,16,167
2114,66,34,66,16,182
2115,67,18,66,16,167
2116,67,33,65,18,183
2117,51,33,65,18,167
2119,168,16,66,17,267
2121,101,16,68,16,201
2122,65,34,68,16,183
2123,101,16,66,17,200
2124,66,34,66,17,183
2125,68,16,66,17,167
2127,100,16,68,16,200
2128,68,32,68,16,184
2130,150,17,52,13,232
2131,66,17,50,17,150
2132,66,34,85,13,198
2133,66,18,85,13,182
2134,84,17,52,13,166
2135,67,17,52,13,149
2137,51,32,69,15,167
2138,65,33,118,18,234
2139,69,13,118,18,218
2140,52,13,118,18,201
2141,66,19,82,18,185
2144,51,17,68,16,152
2145,51,34,117,16,218
2146,66,34,64,19,183
2148,68,32,51,16,167
2149,52,32,51,16,151
2151,66,16,67,18,167
2152,64,35,67,16,182
2154,51,16,67,16,150
2155,51,32,51,18,152
2156,67,35,65,18,185
2157,66,17,65,18,166
2160,51,18,64,19,152
2161,51,31,101,16,199
2162,65,33,68,16,182
2163,67,15,68,16,166
2164,83,16,65,18,182
2165,100,17,50,16,183
2166,52,16,65,18,151
2167,66,17,50,16,149
2169,65,16,86,17,184
2170,83,16,52,17,168
2171,83,33,68,15,199
2172,50,16,52,17,135
2173,50,33,68,15,166
2176,52,17,65,16,150
2177,52,32,100,16,200
2178,68,33,67,16,184
2179,64,18,67,16,165
2180,65,32,168,18,283
2181,51,32,168,18,269
2182,167,32,52,14,265
2183,85,32,51,16,184
2184,67,32,51,16,166
2185,67,16,51,16,150
2186,51,16,51,16,134
2187,169,14,134,19,336
2188,67,32,52,14,165
2190,51,16,52,14,133
2191,67,17,65,18,167
2192,66,32,134,19,251
2193,68,14,134,19,235
2194,52,14,134,19,219
2195,66,16,69,15,166
2197,65,18,65,19,167
2198,51,18,65,19,153
2199,68,17,51,15,151
2200,101,34,99,17,251
2202,84,15,99,17,215
2203,68,15,99,17,199
2204,51,15,99,17,182
2205,67,18,65,17,167
2206,68,33,65,17,183
2207,98,16,67,16,197
2208,166,33,52,14,265
2209,67,16,67,16,166
2211,65,16,67,17,165
2212,65,34,67,18,184
2213,66,17,67,18,168
2215,100,17,67,16,200
2216,67,34,67,16,184
2217,102,14,101,18,235
2220,52,14,101,18,185
2221,68,16,66,18,168
2222,67,32,52,16,167
2224,67,34,68,17,186
2225,65,17,68,17,167
2226,66,34,51,16,167
2227,50,34,51,16,151
2228,52,16,51,16,135
2230,85,16,66,17,184
2231,83,33,67,16,199
2232,51,16,66,17,150
2233,50,33,67,16,166
2234,66,33,67,19,185
2235,65,17,67,19,168
2237,67,17,66,18,168
2238,67,33,51,16,167
2239,51,33,51,16,151
2240,67,33,68,16,184
2242,84,16,101,16,217
2243,68,16,101,16,201
2248,66,35,66,15,182
2249,84,32,66,18,200
2250,50,17,66,15,148
2251,51,32,66,18,167
2252,67,34,65,17,183
2253,83,32,67,17,199
2254,66,32,67,17,182
2256,66,33,102,17,218
2257,67,15,102,17,201
2259,101,17,51,15,184
2260,67,34,51,15,167
2261,66,17,51,15,149
2262,51,17,51,15,134
2268,65,33,67,17,182
2269,64,17,67,17,165
2271,66,17,67,17,167
2272,67,33,51,15,166
2273,101,17,84,18,220
2274,101,32,70,15,218
2275,67,17,84,18,186
2276,84,15,70,15,184
2277,152,32,66,16,266
2278,51,15,70,15,151
2279,66,17,51,17,151
2280,66,36,65,17,184
2281,67,18,65,17,167
2284,68,33,67,16,184
2287,67,16,67,16,166
2288,66,34,66,17,183
2289,51,34,66,17,168
2290,67,33,50,17,167
2291,150,33,67,17,267
2292,300,33,83,17,433
2293,51,33,67,16,167
2294,165,35,99,17,316
2295,84,33,67,17,201
2296,100,32,52,16,200
2297,100,16,52,16,184
2298,67,32,52,16,167
2299,66,16,52,16,150
2300,65,35,99,17,216
2301,67,17,99,17,200
2302,67,33,66,17,183
2303,51,33,66,17,167
2308,66,33,50,17,166
2310,100,33,84,17,234
2311,97,17,84,17,215
2312,67,33,84,17,201
2313,66,17,84,17,184
2314,50,17,84,17,168
2315,68,16,51,17,152
2316,66,33,67,16,182
2317,66,17,67,16,166
2318,66,35,66,17,184
2319,67,17,66,17,167
2322,67,34,66,16,183
2323,65,18,66,16,165
2326,51,16,100,17,184
2327,51,33,134,17,235
2328,66,33,51,18,168
2329,65,17,51,18,151
2330,100,35,66,15,216
2331,67,16,101,15,199
2332,67,35,66,15,183
2333,51,35,66,15,167
2334,51,18,66,15,150
2335,65,18,65,19,167
2336,67,34,50,17,168
2339,67,16,52,17,152
2340,65,36,99,17,217
2341,67,17,99,17,200
2342,50,17,99,17,183
2343,52,33,66,17,168
2344,52,17,66,17,152
2346,67,32,65,18,182
2347,83,33,68,15,199
2348,66,33,68,15,182
2349,298,19,66,17,400
2352,167,32,69,15,283
2353,66,18,98,17,199
2354,68,34,64,17,183
2355,66,19,64,17,166
2356,102,32,69,15,218
2357,52,32,65,17,166
2358,66,32,69,15,182
2360,64,33,51,16,164
2363,65,19,66,17,167
2364,69,31,52,16,168
2365,67,16,52,16,151
2366,51,16,52,16,135
2367,85,33,66,16,200
2372,65,34,66,18,183
2373,65,17,66,18,166
2374,66,34,99,17,216
2375,67,18,99,17,201
2376,150,17,68,17,252
2377,66,17,84,17,184
2378,66,33,102,17,218
2379,68,15,102,17,202
2380,50,15,102,17,184
2381,67,17,68,17,169
2382,67,34,51,16,168
2384,51,17,51,16,135
2385,68,17,117,15,217
2387,51,33,84,15,183
2388,99,34,66,18,217
2390,65,34,66,18,183
2391,64,18,66,18,166
2392,66,33,67,16,182
2394,52,15,67,16,150
2395,51,33,67,19,170
2396,66,34,52,16,168
2397,82,33,51,16,182
2398,51,16,52,16,135
2399,51,33,51,16,151
2400,67,35,64,18,184
2401,68,16,64,18,166
2404,99,35,102,16,252
2405,65,15,52,16,148
2407,66,17,102,16,201
2408,67,33,69,16,185
2411,50,34,65,17,166
2412,102,30,51,16,199
2413,66,19,66,15,166
2414,99,36,67,14,216
2415,52,30,51,16,149
2417,66,19,67,14,166
2418,81,16,67,17,181
2419,65,16,67,17,165
2420,51,16,67,17,151
2421,86,31,69,17,203
2422,67,31,69,17,184
2423,52,31,69,17,169
2424,50,17,69,17,153
2425,67,17,52,14,150
2427,67,19,66,15,167
2428,86,14,67,18,185
2429,317,34,67,15,433
2430,52,14,67,18,151
2431,100,17,66,19,202
2432,66,32,66,19,183
2433,64,17,66,19,166
2434,85,15,52,15,167
2435,167,16,69,17,269
2436,50,15,52,15,132
2437,102,15,101,17,235
2438,66,34,101,17,218
2439,67,15,101,17,200
2440,52,15,101,17,185
2441,152,34,65,19,270
2443,82,34,67,15,198
2444,67,34,67,15,183
2445,102,17,65,19,203
2446,69,34,65,19,187
2447,68,17,65,19,169
2448,152,14,66,19,251
2449,65,18,51,14,148
2450,67,32,68,16,183
2451,166,15,51,16,248
2453,100,18,66,16,200
2454,51,14,66,19,150
2456,68,31,51,16,166
2457,298,15,69,16,398
2458,51,15,51,16,133
2459,68,16,66,16,166
2462,51,16,68,17,152
2463,65,17,68,16,166
2464,66,34,66,17,183
2465,84,34,98,17,233
2466,68,34,98,17,217
2468,68,32,66,17,183
2469,101,15,69,16,201
2471,66,15,69,16,166
2475,84,32,67,17,200
2476,69,32,67,17,185
2479,67,17,67,16,167
2481,65,18,67,16,166
2482,67,34,117,17,235
2483,67,17,117,17,218
2484,67,33,84,17,201
2485,52,33,84,17,186
2486,67,33,51,17,168
2487,66,17,51,17,151
2488,149,17,67,17,250
2489,67,16,67,16,166
2490,84,17,66,16,183
2492,51,17,66,16,150
2493,51,32,67,17,167
2494,67,34,66,16,183
2495,65,18,66,16,165
2496,66,33,66,18,183
2497,51,33,66,18,168
2498,67,33,67,16,183
2499,51,33,67,16,167
2500,66,33,69,15,183
2501,66,17,69,15,167
2502,66,34,100,16,216
2503,67,16,100,16,199
2504,102,31,68,17,218
2506,69,31,68,17,185
2508,100,34,66,16,216
2509,68,16,67,16,167
2510,65,34,66,16,181
2511,50,34,66,16,166
2512,68,33,66,16,183
2513,50,33,66,16,165
2516,66,33,84,17,200
2518,66,32,102,17,217
2520,65,35,67,17,184
2521,68,16,67,17,168
2522,51,16,67,17,151
2523,85,33,67,16,201
2524,52,17,132,17,218
2525,66,17,67,16,166
2526,67,33,66,17,183
2527,67,16,66,17,166
2529,66,18,65,19,168
2530,67,32,52,17,168
2533,67,16,67,16,166
2534,65,36,64,17,182
2535,68,17,64,17,166
2536,52,17,64,17,150
2537,52,31,66,19,168
2538,100,33,100,18,251
2539,64,17,101,16,198
2541,67,16,100,18,201
2542,85,17,64,18,184
2543,69,17,64,18,168
2544,101,32,101,17,251
2545,485,33,99,17,634
2548,64,36,65,17,182
2550,68,33,64,18,183
2552,52,17,64,18,151
2553,51,32,84,17,184
2554,65,32,52,17,166
2556,64,35,66,17,182
2557,100,17,66,18,201
2559,67,17,66,18,168
2561,51,32,68,17,168
2562,66,34,67,15,182
2563,66,17,67,15,165
2564,66,34,67,15,182
2566,68,33,67,16,184
2567,51,33,67,16,167
2568,51,16,67,16,150
2569,64,19,98,18,199
2570,67,33,99,17,216
2573,85,32,51,18,186
2574,149,18,100,17,284
2575,51,32,51,18,152
2577,67,16,100,17,200
2578,66,35,100,17,218
2580,51,18,100,17,186
2581,51,31,69,17,168
2582,100,35,82,16,233
2583,67,16,52,15,150
2584,164,34,67,17,282
2586,69,32,66,18,185
2587,51,32,66,18,167
2588,52,15,66,18,151
2589,50,32,52,16,150
2590,64,34,67,17,182
2591,81,34,67,15,197
2592,84,16,67,15,182
2593,51,34,67,15,167
2594,52,16,67,15,150
2595,66,17,66,16,165
2596,67,34,65,17,183
2597,83,32,67,17,199
2598,67,32,67,17,183
2599,51,32,67,17,167
2600,166,34,84,16,300
2601,82,34,50,17,183
2602,65,34,50,17,166
2603,50,34,50,17,151
2604,67,33,101,17,218
2606,67,34,84,16,201
2608,50,17,84,16,167
2609,50,33,51,16,150
2611,66,18,66,17,167
2612,67,33,100,17,217
2613,68,16,100,17,201
2614,51,16,100,17,184
2615,51,33,67,17,168
2617,66,16,51,17,150
2618,66,34,68,17,185
2619,66,17,68,17,168
2622,51,17,99,17,184
2623,468,16,99,17,600
2624,68,33,66,16,183
2625,68,16,66,16,166
2626,67,32,50,16,165
2627,101,17,66,18,202
2628,65,34,66,18,183
2629,65,17,66,18,166
2632,50,16,52,17,135
2633,67,16,68,16,167
2635,68,17,66,17,168
2637,67,17,150,16,250
2638,51,17,150,16,234
2639,66,17,65,17,165
2640,83,16,67,17,183
2641,67,16,67,17,167
2642,50,16,67,17,150
2644,65,35,65,17,182
2645,65,18,65,17,165
2647,85,32,67,17,201
2648,52,16,99,17,184
2649,100,18,67,16,201
2650,65,35,67,16,183
2651,65,18,67,16,166
2652,150,16,68,15,249
2654,67,35,65,19,186
2655,67,18,65,19,169
2656,67,32,68,15,182
2657,51,32,68,15,166
2658,51,16,68,15,150
2659,50,33,100,18,201
2661,68,16,116,17,217
2663,100,16,101,16,233
2664,68,32,101,16,217
2665,65,16,101,16,198
2666,65,34,67,16,182
2669,67,17,65,18,167
2671,66,17,50,18,151
2672,67,32,85,15,199
2673,66,16,85,15,182
2675,67,18,64,18,167
2678,85,15,52,16,168
2679,67,15,52,16,150
2680,64,35,99,18,216
2681,103,16,101,16,236
2683,67,16,101,16,200
2684,101,33,67,17,218
2685,50,33,68,16,167
2687,67,15,67,17,166
2688,101,32,67,17,217
2689,282,35,82,16,415
2690,100,32,68,16,216
2691,99,15,68,16,198
2692,67,32,68,16,183
2694,64,35,66,17,182
2695,67,16,66,17,166
2696,67,33,117,16,233
2697,67,16,117,16,216
2698,101,33,117,16,267
2700,66,33,117,16,232
2701,66,16,117,16,215
2702,101,32,102,18,253
2703,50,35,82,16,183
2704,68,32,102,18,220
2705,166,19,67,14,266
2706,100,33,54,14,201
2707,65,16,69,18,168
2710,66,36,67,14,183
2711,66,19,67,14,166
2712,69,32,116,18,235
2713,84,35,81,18,218
2714,54,14,116,18,202
2716,166,33,51,16,266
2717,63,18,67,15,163
2718,67,32,68,17,184
2719,64,17,68,17,166
2722,67,33,51,16,167
2723,52,33,51,16,152
2724,68,33,100,18,219
2726,66,34,66,18,184
2727,69,16,66,18,169
2729,50,33,117,16,216
2730,67,33,84,16,200
2731,67,15,84,16,182
2732,166,33,50,17,266
2734,51,15,134,16,216
2735,99,16,83,17,215
2736,84,16,83,17,200
2737,66,16,83,17,182
2738,67,33,50,17,167
2739,49,33,50,17,149
2741,166,16,51,17,250
2742,67,33,117,17,234
2743,51,33,117,17,218
2745,51,34,66,17,168
2746,83,16,51,17,167
2747,100,17,83,18,218
2749,66,17,83,18,184
2750,66,34,67,15,182
2751,67,17,67,15,166
2752,51,17,67,15,150
2754,66,35,100,15,216
2755,66,18,100,15,199
2756,67,33,67,15,182
2757,52,33,67,15,167
2758,68,34,66,16,184
2759,85,33,67,16,201
2760,48,19,66,16,149
2761,85,33,50,16,184
2763,52,33,50,16,151
2767,68,16,67,16,167
2768,50,16,67,16,149
2770,65,34,84,16,199
2771,66,17,84,16,183
2772,50,17,84,16,167
2774,67,33,68,16,184
2775,66,17,68,16,167
2776,84,16,101,14,215
2780,99,36,99,16,250
2782,65,36,99,16,216
2783,67,18,99,16,200
2784,99,33,50,17,199
2785,51,32,67,16,166
2786,68,33,50,17,168
2787,83,34,98,18,233
2788,65,34,98,18,215
2789,302,16,66,17,401
2790,67,33,99,19,218
2791,50,33,99,19,201
2792,50,17,99,19,185
2793,51,33,66,19,169
2794,66,32,53,14,165
2798,151,16,66,17,250
2799,68,14,52,16,150
2800,53,14,52,16,135
2802,69,32,66,17,184
2803,66,16,66,17,165
2804,52,16,66,17,151
2805,66,16,51,17,150
2806,64,34,67,17,182
2807,65,17,67,17,166
2808,66,34,66,18,184
2810,51,17,66,18,152
2811,101,16,135,15,267
2812,67,33,135,15,250
2813,67,16,135,15,233
2814,66,34,134,16,250
2815,67,16,134,16,233
2816,67,35,66,15,183
2817,66,19,66,15,166
2819,701,13,69,17,800
2821,68,17,65,16,166
2822,66,33,67,14,180
2823,100,16,118,16,250
2827,85,33,66,18,202
2828,67,33,66,18,184
2829,150,34,65,16,265
2830,68,32,68,16,184
2831,52,32,68,16,168
2832,99,34,65,16,214
2833,168,16,51,15,250
2834,100,32,166,18,316
2835,50,34,65,16,165
2836,100,33,51,15,199
2837,50,32,166,18,266
2838,150,15,169,15,349
2839,65,16,51,15,147
2841,65,17,52,16,150
2842,84,15,169,15,283
2844,85,16,68,17,186
2845,69,16,68,17,170
2849,66,18,98,19,201
2850,85,16,65,19,185
2851,67,16,65,19,167
2852,102,32,66,19,219
2855,64,17,66,19,166
2856,150,16,83,17,266
2857,68,13,69,17,167
2858,51,13,69,17,150
2859,67,16,52,17,152
2860,66,35,83,17,201
2861,66,16,83,17,182
2863,68,17,66,17,168
2865,66,16,66,18,166
2866,66,34,67,15,182
2867,66,17,67,15,165
2869,67,15,67,18,167
2870,66,35,65,18,184
2871,67,17,65,18,167
2872,67,32,51,16,166
2873,100,15,68,18,201
2874,50,17,51,16,134
2875,100,16,52,15,183
2876,83,16,52,15,166
2879,65,18,67,18,168
2880,68,33,52,15,168
2881,83,34,100,13,230
2882,101,33,67,13,214
2883,103,15,67,13,198
2885,67,15,67,13,162
2886,52,15,67,13,147
2887,68,14,68,16,166
2888,65,35,84,15,199
2889,64,18,84,15,181
2890,67,33,51,15,166
2891,62,20,51,15,148
2892,68,33,66,18,185
2893,67,17,66,18,168
2895,53,33,85,16,187
2896,151,16,65,18,250
2897,50,33,52,16,151
2899,100,16,65,18,199
2901,67,16,65,18,166
2903,50,32,51,17,150
2904,66,33,66,20,185
2905,65,16,66,20,167
2906,65,35,65,17,182
2907,67,17,65,17,166
2908,51,17,65,17,150
2909,102,14,68,17,201
2910,100,33,52,16,201
2911,68,14,68,17,167
2912,65,33,52,16,166
2913,66,16,52,16,150
2914,67,35,65,17,184
2916,51,17,65,17,150
2917,68,16,217,16,317
2918,52,16,217,16,301
2922,66,33,53,14,166
2924,101,33,51,16,201
2926,67,33,51,16,167
2927,70,14,51,16,151
2928,467,34,66,17,584
2930,66,34,84,16,200
2932,100,33,69,17,219
2934,67,33,69,17,186
2936,84,16,52,16,168
2937,50,34,52,16,152
2939,84,33,66,16,199
2942,52,16,66,16,150
2943,51,33,149,17,250
2945,65,17,116,17,215
2946,66,33,83,17,199
2947,66,17,83,17,183
2949,66,17,67,17,167
2951,66,17,51,17,151
2952,66,34,66,17,183
2954,67,34,116,16,233
2955,102,15,51,16,184
2957,68,15,51,16,150
2959,66,17,100,15,198
2960,83,16,67,15,181
2962,84,16,101,17,218
2963,67,16,101,17,201
2964,50,16,101,17,184
2967,99,18,67,15,199
2968,936,31,68,15,1050
2972,66,35,66,17,184
2973,68,17,66,17,168
2975,65,18,67,16,166
2976,101,34,66,18,219
2977,50,33,118,16,217
2978,66,34,66,18,184
2979,68,17,66,18,169
2980,100,33,82,18,233
2981,51,33,51,16,151
2984,84,16,66,16,182
2987,52,31,51,16,150
2988,65,35,84,16,200
2989,149,33,100,17,299
2990,150,16,100,17,283
2993,67,18,66,17,168
2995,51,33,100,17,201
2996,52,16,100,17,185
2999,82,34,66,18,200
3000,66,34,66,18,184
3002,67,32,52,17,168
3003,67,15,52,17,151
3004,100,35,65,17,217
3005,66,17,100,17,200
3006,66,35,65,17,183
3008,52,17,65,17,151
3010,68,32,52,15,167
3011,66,16,52,15,149
3012,65,35,101,14,215
3014,67,32,69,14,182
3015,99,18,101,15,233
3016,52,15,69,14,150
3017,66,18,101,15,200
3018,82,19,66,15,182
3019,65,19,66,15,165
3021,53,31,68,15,167
3022,66,35,115,16,232
3023,50,35,115,16,216
3024,66,33,82,16,197
3027,65,17,99,18,199
3031,67,16,68,17,168
3032,66,33,52,15,166
3033,50,33,52,15,150
3034,66,35,100,16,217
3037,50,32,68,16,166
3039,66,17,66,17,166
3040,66,34,98,18,216
3042,100,33,51,16,200
3043,51,32,66,18,167
3044,66,33,51,16,166
3047,49,33,68,16,166
3051,51,34,69,14,168
3053,66,16,68,17,167
3054,167,33,51,16,267
3055,66,19,64,16,165
3056,100,33,84,16,233
3057,53,31,66,17,167
3060,64,33,51,16,164
3062,100,33,67,18,218
3063,66,17,100,18,201
3064,67,33,67,18,185
3065,51,33,67,18,169
3066,51,16,67,18,152
3067,102,15,100,16,233
3070,52,15,100,16,183
3071,69,16,99,17,201
3073,65,18,99,16,198
3074,68,32,67,16,183
3075,65,17,67,16,165
3077,66,17,168,16,267
3078,65,34,83,17,199
3080,67,33,50,17,167
3082,50,17,50,17,134
3083,66,17,68,16,167
3084,66,34,66,19,185
3085,67,17,66,19,169
3086,101,32,85,16,234
3089,102,14,52,16,184
3090,66,33,52,16,167
3091,67,14,52,16,149
3092,166,32,101,17,316
3093,67,15,68,16,166
3096,52,16,65,18,151
3097,99,16,101,17,233
3098,168,33,67,16,284
3099,299,17,84,15,415
3100,65,35,66,17,183
3103,51,33,66,16,166
3106,66,33,117,16,232
3108,66,34,67,16,183
3109,165,16,52,15,248
3110,67,33,118,15,233
3113,68,17,84,15,184
3116,50,16,52,15,133
3120,52,15,100,18,185
3121,51,33,67,18,169
3123,65,19,64,17,165
3124,100,33,50,17,200
3125,52,31,66,17,166
3126,67,33,50,17,167
3127,150,34,84,16,284
3129,67,16,68,17,168
3130,66,34,51,17,168
3131,65,17,51,17,150
3132,101,34,66,15,216
3134,68,34,66,15,183
3135,68,17,66,15,166
3136,51,17,66,15,149
3137,65,18,67,16,166
3138,67,33,100,16,216
3140,66,34,66,16,182
3141,51,34,66,16,167
3142,67,32,135,15,249
3143,98,18,67,17,200
3144,50,16,135,15,216
3145,67,18,67,17,169
3146,82,17,68,15,182
3147,66,17,68,15,166
3148,101,34,83,15,233
3149,169,16,100,17,302
3150,167,32,68,17,284
3151,100,16,52,15,183
3155,67,16,100,17,200
3156,66,32,68,17,183
3159,66,19,98,16,199
3160,167,32,67,17,283
3162,52,16,133,16,217
3164,65,33,99,17,214
3165,66,17,99,17,199
3166,67,32,67,17,183
3167,66,16,67,17,166
3168,99,33,51,16,199
3169,67,16,66,18,167
3170,66,33,51,16,166
3171,100,16,68,17,201
3172,100,34,67,17,218
3175,84,34,99,18,235
3177,50,34,99,18,201
3178,68,33,84,17,202
3179,67,16,84,17,184
3180,67,33,51,17,168
3181,66,16,51,17,150
3186,51,17,65,16,149
3187,52,33,66,17,168
3191,51,34,53,14,152
3193,51,32,68,15,166
3195,71,14,65,16,166
3197,50,33,66,17,166
3200,65,34,66,17,182
3202,66,34,101,17,218
3204,51,17,101,17,186
3205,52,32,69,17,170
3206,66,34,52,14,166
3207,149,34,84,17,284
3208,66,35,65,18,184
3211,52,31,52,16,151
3212,52,14,52,16,134
3213,67,17,84,17,185
3215,149,33,67,16,265
3217,51,34,50,16,151
3219,66,17,67,16,166
3220,67,33,67,16,183
3221,52,33,67,16,168
3222,100,33,65,18,216
3223,100,17,65,18,200
3224,67,33,65,18,183
3225,299,16,99,17,431
3226,99,33,102,16,250
3227,66,16,66,19,167
3228,65,33,102,16,216
3229,65,17,102,16,200
3230,65,33,69,16,183
3232,85,15,135,15,250
3234,52,15,135,15,217
3235,65,19,65,17,166
3236,69,32,83,17,201
3237,66,16,83,17,182
3238,67,33,99,17,216
3239,68,16,99,17,200
3240,100,32,67,17,216
3241,99,17,67,17,200
3244,99,35,66,18,218
3247,101,16,67,16,200
3248,67,33,67,16,183
3252,51,15,67,16,149
3253,99,17,117,17,250
3254,51,16,67,16,150
3256,67,34,100,17,218
3257,65,18,100,17,200
3258,67,34,66,17,184
3259,67,18,66,17,168
3260,68,33,66,18,185
3261,68,17,66,18,169
3263,67,17,66,21,171
3265,282,34,68,15,399
3267,104,11,67,17,199
3268,66,32,67,17,182
3269,70,11,67,17,165
3270,54,11,67,17,149
3272,67,32,52,15,166
3273,62,16,52,15,145
3277,51,32,52,15,150
3278,52,15,52,15,134
3279,69,15,68,15,167
3280,84,15,100,16,215
3281,67,15,100,16,198
3282,52,15,100,16,183
3283,98,17,66,16,197
3285,65,17,66,16,164
3286,50,17,66,16,149
3287,65,17,67,18,167
3288,65,33,52,14,164
3289,99,18,68,15,200
3296,83,17,67,16,183
3297,65,17,67,16,165
3298,51,17,67,16,151
3299,67,17,99,17,200
3300,82,17,67,17,183
3301,67,17,67,17,168
3302,50,17,67,17,151
3303,99,17,66,17,199
3304,64,35,66,17,182
3305,67,17,66,17,167
3306,84,14,102,16,216
3307,68,14,102,16,200
3308,101,33,50,17,201
3309,66,17,67,16,166
3310,66,33,50,17,166
3312,52,16,50,17,135
3313,67,17,67,17,168
3314,67,33,66,17,183
3315,66,17,66,17,166
3316,50,17,66,17,150
3317,101,15,68,15,199
3318,67,32,68,15,182
3319,151,33,66,17,267
3321,66,18,66,16,166
3322,67,33,67,15,182
3323,83,33,66,17,199
3324,101,34,67,15,217
3325,51,33,66,17,167
3326,66,34,67,15,182
3327,100,17,50,17,184
3328,149,17,68,16,250
3329,67,17,50,17,151
3330,66,35,83,17,201
3331,67,18,83,17,185
3332,67,32,68,16,183
3334,50,17,68,16,151
3337,68,17,65,18,168
3339,52,33,65,19,169
3341,66,16,99,18,199
3343,101,17,132,17,267
3344,84,17,132,17,250
3345,68,17,132,17,234
3346,52,17,132,17,218
3347,66,15,70,14,165
3351,68,17,97,18,200
3354,66,33,66,17,182
3356,65,32,117,18,232
3357,67,16,117,18,218
3358,65,34,135,15,249
3359,66,16,135,15,232
3360,66,33,50,18,167
3361,99,17,69,15,200
3362,303,31,100,15,449
3364,83,18,98,19,218
3366,50,18,98,19,185
3367,52,34,64,19,169
3369,67,17,51,16,151
3370,66,32,70,15,183
3372,64,35,66,17,182
3373,167,16,67,15,265
3375,51,35,64,18,168
3376,152,16,101,17,286
3378,550,17,167,17,751
3379,67,16,67,15,165
3380,64,34,101,17,216
3382,85,15,68,17,185
3384,102,33,67,17,219
3389,53,33,51,16,153
3390,100,33,51,14,198
3391,51,34,198,18,301
3392,67,33,51,14,165
3393,83,34,65,17,199
3395,51,34,65,17,167
3396,67,31,51,18,167
3397,67,14,51,18,150
3398,51,14,51,18,134
3399,67,16,66,18,167
3401,65,18,65,17,165
3403,51,31,68,16,166
3404,66,34,100,18,218
3406,65,34,167,17,283
3407,66,17,167,17,267
3410,66,34,168,16,284
3411,66,17,168,16,267
3412,66,36,65,17,184
3414,70,31,151,16,268
3415,66,18,151,16,251
3416,67,34,67,16,184
3418,82,17,66,17,182
3420,51,17,66,17,151
3421,51,33,50,16,150
3423,66,17,67,15,165
3424,66,33,66,18,183
3425,64,16,66,18,164
3426,50,16,66,18,150
3427,99,17,51,15,182
3428,67,32,51,15,165
3432,65,33,134,16,248
3433,50,33,134,16,233
3434,51,15,134,16,216
3435,67,16,67,17,167
3437,50,31,101,16,198
3439,64,19,65,16,164
3440,166,34,132,16,348
3441,52,32,67,17,168
3442,53,15,67,17,152
3445,64,18,67,17,166
3447,168,17,67,17,269
3448,168,32,52,15,267
3450,51,16,67,17,151
3451,100,17,67,17,201
3453,66,17,67,17,167
3454,67,32,52,15,166
3456,65,35,101,14,215
3457,101,15,69,14,199
3458,67,32,69,14,182
3459,67,15,69,14,165
3461,102,18,64,17,201
3462,64,37,64,17,182
3463,66,18,64,17,165
3464,69,33,65,16,183
3465,53,33,65,16,167
3466,70,31,84,17,202
3467,66,16,84,17,183
3468,64,34,100,17,215
3469,50,34,100,17,201
3470,65,34,100,15,214
3471,66,18,100,15,199
3472,68,33,67,15,183
3473,51,33,67,15,166
3474,50,17,67,15,149
3475,101,17,101,17,236
3476,66,34,101,17,218
3478,168,31,102,15,316
3480,67,32,53,14,166
3481,50,32,53,14,149
3482,65,36,133,15,249
3483,50,36,133,15,234
3486,53,14,102,15,184
3487,167,17,51,15,250
3488,64,33,119,15,231
3492,517,16,67,17,617
3493,67,17,51,15,150
3494,101,33,67,16,217
3495,68,15,100,16,199
3496,65,33,67,16,181
3497,68,15,67,16,166
3499,64,16,102,21,203
3500,65,35,67,21,188
3501,82,32,56,13,183
3502,67,32,56,13,168
3504,85,17,100,17,219
3505,66,17,100,17,200
3507,101,17,65,19,202
3508,56,13,66,17,152
3509,67,17,65,19,168
3510,67,33,66,17,183
3511,61,18,66,17,162
3512,66,32,100,19,217
3513,50,32,100,19,201
3517,66,17,51,17,151
3518,51,17,51,17,136
3522,51,17,65,17,150
3523,166,18,67,18,269
3525,65,17,83,19,184
3526,65,33,69,14,181
3527,66,16,69,14,165
3530,67,35,65,16,183
3531,66,19,65,16,166
3533,53,32,66,16,167
3537,67,17,67,16,167
3538,100,33,66,17,216
3539,82,33,66,17,198
3540,67,33,66,17,183
3541,51,33,66,17,167
3542,100,33,51,17,201
3543,51,33,68,16,168
3546,66,35,83,15,199
3547,50,35,83,15,183
3548,84,17,65,17,183
3549,67,17,65,17,166
3551,51,31,68,18,168
3553,99,17,66,17,199
3554,65,34,66,17,182
3555,66,17,66,17,166
3556,68,35,66,17,186
3559,52,31,52,14,149
3561,166,17,99,16,298
3562,83,14,69,15,181
3563,67,14,69,15,165
3564,52,14,69,15,150
3565,66,19,65,17,167
3566,67,33,99,16,215
3569,52,32,67,16,167
3571,84,32,101,17,234
3572,67,32,101,17,217
3573,100,17,68,17,202
3574,67,33,68,17,185
3575,66,17,68,17,168
3576,65,35,50,15,165
3577,70,16,50,15,151
3578,52,16,50,15,133
3582,50,15,51,16,132
3583,166,16,52,16,250
3584,67,32,100,18,217
3587,100,16,52,16,184
3588,65,33,52,16,166
3590,100,34,66,17,217
3591,66,17,68,16,167
3592,85,16,66,17,184
3593,68,16,66,17,167
3595,101,16,50,17,184
3596,68,32,50,17,167
3597,82,33,68,17,200
3598,99,34,100,16,249
3599,51,33,68,17,169
3602,50,17,100,16,183
3603,101,16,67,17,201
3604,68,33,67,17,185
3605,84,33,51,16,184
3606,100,34,66,17,217
3608,166,32,68,16,282
3609,65,18,66,17,166
3610,67,33,65,17,182
3611,52,33,65,17,167
3612,51,16,65,17,149
3614,66,32,68,16,182
3615,66,15,68,16,165
3616,65,33,101,17,216
3617,66,16,101,17,200
3618,65,35,100,17,217
3622,68,33,118,17,236
3623,50,33,118,17,218
3624,100,33,101,15,249
3626,67,33,101,15,216
3627,51,33,101,15,200
3629,66,17,68,15,166
3630,66,35,64,17,182
3631,84,33,65,18,200
3633,52,33,65,18,168
3635,65,16,52,16,149
3636,64,34,118,15,231
3637,65,17,118,15,215
3638,65,34,66,18,183
3639,68,16,66,18,168
3641,68,17,101,15,201
3642,68,32,135,15,250
3643,66,16,135,15,232
3644,50,16,135,15,216
3645,100,18,66,15,199
3646,101,31,200,17,349
3647,67,18,66,15,166
3648,84,16,200,17,317
3650,51,16,200,17,284
3651,84,33,67,16,200
3652,66,33,67,16,182
3653,51,33,67,16,167
3654,68,32,68,16,184
3658,100,32,52,15,199
3661,51,32,52,15,150
3664,166,34,67,16,283
3669,67,15,68,16,166
3672,67,34,99,17,217
3673,65,18,99,17,199
3674,68,33,66,17,184
3675,67,17,66,17,167
3676,50,17,66,17,150
3678,149,16,67,17,249
3682,67,32,67,17,183
3684,50,16,67,17,150
3685,66,16,100,17,199
3686,65,34,66,17,182
3688,67,33,68,16,184
3689,67,16,68,16,167
3691,67,16,51,17,151
3692,66,35,99,17,217
3693,66,18,99,17,200
3694,50,18,99,17,184
3697,51,33,117,16,217
3698,66,33,51,17,167
3699,100,16,51,16,183
3700,66,33,51,16,166
3702,66,35,98,17,216
3703,84,32,66,17,199
3705,101,16,100,17,234
3708,66,32,68,17,183
3709,65,17,68,17,167
3710,66,33,52,15,166
3711,100,16,67,16,199
3712,65,35,67,16,183
3713,69,16,67,16,168
3714,68,32,102,16,218
3715,51,32,102,16,201
3716,52,15,102,16,185
3717,65,18,67,16,166
3718,67,33,64,19,183
3719,83,34,82,17,216
3720,51,17,64,19,151
3722,97,36,66,18,217
3723,67,14,52,17,150
3724,64,36,66,18,184
3725,68,17,66,18,169
3726,66,33,84,15,198
3727,66,17,84,15,182
3728,52,17,84,15,168
3729,50,33,118,15,216
3731,68,16,67,17,168
3735,83,32,52,14,181
3736,67,32,52,14,165
3737,50,32,52,14,148
3739,168,14,68,16,266
3740,66,32,53,14,165
3741,67,14,53,14,148
3742,52,14,53,14,133
3744,66,33,68,16,183
3745,67,14,68,16,165
3746,101,34,86,13,234
3750,68,32,100,17,217
3751,51,32,100,17,200
3752,166,34,100,16,316
3753,68,16,66,17,167
3754,66,33,67,17,183
3755,70,13,67,17,167
3756,54,13,67,17,151
3757,49,33,67,18,167
3758,100,33,67,16,216
3760,768,33,51,14,866
3761,101,15,50,17,183
3762,67,33,50,17,167
3763,68,15,50,17,150
3766,300,34,100,17,451
3768,100,35,65,18,218
3769,101,17,65,18,201
3770,66,35,65,18,184
3771,68,17,65,18,168
3772,51,17,65,18,151
3774,66,34,67,18,185
3775,67,15,67,18,167
3777,101,16,67,16,200
3780,85,16,100,17,218
3781,67,16,100,17,200
3782,168,33,67,19,287
3783,67,16,67,17,167
3784,67,32,52,16,167
3785,98,18,100,19,235
3786,65,35,100,19,219
3788,167,34,66,15,282
3789,151,34,66,15,266
3791,51,33,53,15,152
3792,66,34,83,17,200
3793,83,34,66,15,198
3794,67,34,66,15,182
3795,51,34,66,15,166
3796,53,15,66,15,149
3797,52,33,67,16,168
3798,67,33,67,16,183
3800,66,34,65,19,184
3801,64,19,65,19,167
3802,67,33,51,14,165
3803,51,33,51,14,149
3804,67,32,134,16,249
3806,65,33,101,16,215
3807,68,14,101,16,199
3808,51,14,101,16,182
3809,67,17,99,17,200
3810,68,34,65,17,184
3811,65,18,65,17,165
3812,69,32,50,17,168
3814,66,33,67,17,183
3816,65,34,67,15,181
3817,66,17,67,15,165
3818,50,17,67,15,149
3819,51,33,68,18,170
3822,67,34,65,16,182
3827,51,33,51,17,152
3829,63,17,67,19,166
3830,152,15,117,17,301
3831,64,17,66,17,164
3832,51,17,66,17,151
3833,52,32,67,16,167
3834,67,34,117,17,235
3835,68,15,117,17,217
3836,51,15,117,17,200
3837,67,16,67,17,167
3838,99,35,66,16,216
3839,64,16,52,17,149
3841,83,34,66,16,199
3842,84,17,66,16,183
3843,51,34,66,16,167
3844,52,17,66,16,151
3845,52,32,67,17,168
3846,66,34,66,16,182
3847,65,18,66,16,165
3850,67,33,100,17,217
3851,100,17,67,17,201
3852,66,33,67,17,183
3853,167,18,65,17,267
3854,66,34,68,15,183
3855,68,15,68,15,166
3857,51,33,100,17,201
3860,68,33,65,18,184
3861,51,33,65,18,167
3864,65,33,52,15,165
3865,67,16,52,15,150
3866,83,16,66,18,183
3867,68,16,66,18,168
3868,51,16,66,18,151
3870,100,35,66,17,218
3871,66,16,101,17,200
3873,66,17,66,17,166
3874,151,16,85,16,268
3876,67,34,51,16,168
3878,66,33,85,16,200
3879,101,16,67,15,199
3880,51,16,85,16,168
3881,303,13,66,17,399
3882,51,16,67,15,149
3883,66,18,66,16,166
3885,148,35,66,16,265
3886,67,33,67,16,183
3888,66,32,135,16,249
3890,65,35,66,16,182
3892,67,31,101,17,216
3893,167,16,51,16,250
3894,51,15,101,17,184
3896,66,34,83,16,199
3897,66,18,83,16,183
3899,63,16,51,16,146
3900,66,33,118,16,233
3901,50,33,118,16,217
3903,67,16,68,16,167
3905,50,33,51,16,150
3907,66,18,64,18,166
3909,67,16,66,17,166
3910,284,16,67,17,384
3911,66,16,69,17,168
3912,98,35,83,17,233
3914,66,35,83,17,201
3915,67,18,83,17,185
3917,167,16,67,17,267
3918,100,35,65,17,217
3919,67,16,51,16,150
3920,65,35,65,17,182
3922,67,32,67,17,183
3923,67,16,67,17,167
3925,67,15,51,16,149
3926,65,34,66,17,182
3927,66,17,66,17,166
3928,67,33,134,17,251
3929,66,16,134,17,233
3930,51,16,134,17,218
3931,151,33,66,17,267
3932,83,16,68,17,184
3933,101,16,67,16,200
3935,69,16,67,16,168
3937,101,17,98,19,235
3939,66,17,98,19,200
3942,66,34,67,17,184
3943,66,17,67,17,167
3944,98,35,84,16,233
3945,66,16,52,15,149
3946,66,35,84,16,201
3947,68,16,84,16,184
3950,100,35,67,17,219
3951,150,33,66,16,265
3952,65,35,67,17,184
3953,167,17,64,19,267
3955,85,33,66,16,200
3956,52,17,99,16,184
3957,100,17,64,19,200
3958,67,34,64,19,184
3959,67,17,64,19,167
3960,67,32,51,15,165
3961,100,16,69,15,200
3962,66,32,69,15,182
3964,64,34,67,17,182
3966,51,15,67,17,150
3967,68,17,65,18,168
3970,100,34,67,17,218
3973,68,16,67,17,168
3974,101,33,66,16,216
3975,50,34,50,15,149
3976,68,33,66,16,183
3978,84,15,66,19,184
3980,50,15,66,19,150
3981,67,16,51,15,149
3983,65,16,69,16,166
3984,50,16,69,16,151
3986,101,32,51,15,199
3987,67,18,66,17,168
3988,85,16,51,15,167
3990,101,32,52,17,202
3991,50,34,84,17,185
3992,66,32,52,17,167
3993,67,15,52,17,151
3994,85,15,67,19,186
3995,100,17,65,16,198
3996,51,15,67,19,152
3997,67,17,65,16,165
3999,65,17,68,14,164
4000,86,14,49,20,169
4002,100,34,64,17,215
4005,63,20,64,17,164
4006,49,20,64,17,150
4007,53,32,66,16,167
4008,98,34,69,14,215
4010,64,34,69,14,181
4011,64,17,69,14,164
4012,66,34,100,16,216
4014,103,32,65,18,218
4016,101,33,66,19,219
4019,66,17,66,19,168
4020,65,32,102,15,214
4021,51,32,102,15,200
4022,99,34,67,15,215
4023,67,16,68,15,166
4024,66,34,67,15,182
4026,53,15,67,15,150
4027,99,18,50,17,184
4028,68,33,50,17,168
4029,97,17,51,17,182
4030,67,32,51,17,167
4031,65,17,51,17,150
4032,300,34,131,18,483
4033,68,17,67,15,167
4034,50,17,67,15,149
4035,102,17,98,18,235
4036,51,17,66,16,150
4037,67,17,98,18,200
4042,66,32,117,17,232
4043,101,17,82,17,217
4045,85,34,131,18,268
4046,67,34,131,18,250
4047,51,34,131,18,234
4048,100,34,66,18,218
4049,51,31,67,17,166
4051,82,33,51,15,181
4052,65,33,51,15,164
4053,51,33,51,15,150
4055,101,15,68,17,201
4057,99,18,67,17,201
4058,51,15,68,17,151
4060,152,16,65,17,250
4061,67,16,67,16,166
4062,52,16,67,16,151
4063,102,16,65,17,200
4064,67,33,65,17,182
4065,83,33,67,13,196
4066,51,16,65,17,149
4067,99,16,67,16,198
4068,66,32,67,16,181
4069,65,16,67,16,164
4070,100,32,50,18,200
4071,84,32,50,18,184
4072,284,15,100,18,417
4073,99,18,66,18,201
4074,67,34,66,18,185
4075,66,18,66,18,168
4076,66,34,65,17,182
4077,69,18,65,17,169
4081,68,15,100,18,201
4082,65,35,65,18,183
4083,65,18,65,18,166
4084,68,32,100,18,218
4085,100,15,67,18,200
4087,68,15,67,18,168
4089,66,16,51,15,148
4090,100,33,85,15,233
4093,67,15,85,15,182
4094,51,15,85,15,166
4095,69,14,67,18,168
4096,100,33,118,15,266
4098,100,35,83,15,233
4100,102,33,65,19,219
4101,50,35,83,15,183
4103,50,33,65,19,167
4104,50,18,65,19,152
4105,84,31,52,17,184
4106,67,31,52,17,167
4107,68,15,52,17,152
4108,65,34,67,16,182
4109,67,15,67,16,165
4110,65,35,65,18,183
4111,67,17,65,18,167
4112,52,17,65,18,152
4114,67,33,51,17,168
4115,65,17,51,17,150
4116,65,34,101,16,216
4117,69,16,101,16,202
4119,68,17,67,16,168
4120,51,17,67,16,151
4121,151,32,83,16,282
4122,66,35,132,17,250
4123,65,19,132,17,233
4124,165,34,67,18,284
4127,53,32,83,16,184
4128,66,32,51,16,165
4129,66,16,51,16,149
4130,64,34,67,18,183
4131,66,16,67,18,167
4133,50,33,68,17,168
4135,65,18,67,16,166
4137,68,16,117,14,215
4138,68,33,66,18,185
4139,52,33,66,18,169
4140,67,32,52,14,165
4142,65,34,68,16,183
4144,66,32,102,16,216
4146,52,14,102,16,184
4147,49,36,66,16,167
4148,68,34,65,17,184
4149,66,18,65,17,166
4150,52,18,65,17,152
4152,99,33,67,17,216
4153,66,17,66,17,166
4154,65,33,67,17,182
4155,67,16,67,17,167
4158,66,34,84,17,201
4161,83,34,66,16,199
4162,51,16,51,17,135
4164,166,35,65,16,282
4165,67,17,65,17,166
4166,51,17,65,17,150
4168,66,33,50,17,166
4169,65,17,50,17,149
4170,65,35,65,16,181
4173,52,32,66,17,167
4175,67,16,67,17,167
4177,100,17,68,15,200
4178,66,34,68,15,183
4179,151,32,250,18,451
4180,50,17,68,15,150
4181,68,16,67,17,168
4182,102,32,250,18,402
4183,85,32,250,18,385
4186,102,32,50,16,200
4187,68,18,65,17,168
4188,67,32,50,16,165
4189,52,32,50,16,150
4190,50,17,50,16,133
4191,83,33,66,18,200
4193,67,16,66,18,167
4195,66,17,67,16,166
4196,67,32,51,18,168
4197,65,17,51,18,151
4198,66,35,65,20,186
4199,67,17,65,20,169
4201,151,33,51,17,252
4202,51,18,51,14,134
4203,102,14,68,16,200
4204,167,33,99,19,318
4206,51,14,68,16,149
4207,51,33,51,17,152
4208,67,35,99,17,218
4209,64,18,99,17,198
4212,51,17,99,19,186
4213,68,16,66,19,169
4214,66,33,133,16,248
4216,66,33,100,16,215
4217,66,16,100,16,198
4218,85,16,65,16,182
4220,52,16,65,16,149
4223,64,17,67,16,164
4225,66,19,68,13,166
4226,68,32,67,16,183
4227,52,32,67,16,167
4228,67,36,64,16,183
4229,67,20,64,16,167
4231,166,18,51,16,251
4232,67,33,67,17,184
4233,84,33,51,16,184
4234,64,33,51,16,164
4235,100,18,51,16,185
4236,66,34,51,16,167
4237,66,18,51,16,151
4238,67,33,99,18,217
4239,84,34,65,18,201
4242,51,16,65,18,150
4244,84,15,68,17,184
4245,66,15,68,17,166
4247,50,33,52,16,151
4248,100,33,66,19,218
4249,66,17,82,17,182
4250,68,33,66,19,186
4251,83,33,52,14,182
4253,50,33,52,14,149
4255,65,17,67,17,166
4257,50,33,69,15,167
4259,50,34,50,17,151
4260,67,35,100,15,217
4263,64,17,68,15,164
4264,50,17,68,15,150
4265,68,17,133,18,236
4266,67,33,65,15,180
4268,68,31,69,18,186
4269,65,16,69,18,168
4270,64,34,53,14,165
4271,98,20,65,17,200
4273,65,20,65,17,167
4276,53,14,67,18,152
4277,102,17,82,18,219
4279,81,33,99,17,230
4282,52,15,99,17,183
4283,67,16,103,14,200
4285,64,18,69,14,165
4286,67,32,102,17,218
4287,150,34,100,16,300
4288,66,37,65,17,185
4290,69,31,51,16,167
4291,53,31,51,16,151
4292,51,17,51,16,135
4293,67,18,100,16,201
4296,51,16,67,16,150
4297,51,34,66,16,167
4298,83,17,65,17,182
4300,50,17,65,17,149
4301,66,17,66,16,165
4302,66,32,67,18,183
4305,66,17,51,15,149
4309,68,15,71,13,167
4310,51,15,71,13,150
4312,68,36,79,17,200
4314,71,34,95,19,219
4315,54,34,95,19,202
4317,99,17,52,15,183
4319,66,17,52,15,150
4320,62,33,52,16,163
4321,101,15,68,16,200
4322,66,34,68,16,184
4324,85,16,65,18,184
4326,52,16,65,18,151
4328,99,35,98,19,251
4330,151,17,131,16,315
4331,66,17,98,19,200
4332,164,35,66,16,281
4334,51,16,66,19,152
4336,51,17,131,16,215
4337,52,30,69,16,167
4338,66,35,66,16,183
4340,65,34,66,16,181
4341,69,16,66,16,167
4343,66,16,67,19,168
4344,100,33,67,16,216
4346,66,33,67,16,182
4349,101,17,50,16,184
4350,52,13,68,17,150
4351,67,17,50,16,150
4352,67,33,51,16,167
4353,64,17,51,16,148
4354,51,17,51,16,135
4355,67,16,166,19,268
4356,50,16,166,19,251
4359,166,16,68,17,267
4360,100,33,101,17,251
4361,65,17,85,18,185
4363,99,16,68,17,200
4364,66,33,68,17,184
4365,67,16,68,17,168
4367,69,18,65,16,168
4368,101,34,65,18,218
4369,53,31,67,16,167
4371,66,17,65,18,166
4376,65,33,51,16,165
4377,67,15,51,16,149
4378,83,16,51,19,169
4379,67,16,51,19,153
4381,66,16,67,17,166
4385,53,30,68,15,166
4386,67,34,67,17,185
4387,66,17,67,17,167
4388,164,34,67,15,280
4389,67,18,66,15,166
4390,168,32,101,16,317
4392,67,33,66,17,183
4393,51,33,66,17,167
4394,66,34,67,15,182
4395,51,34,67,15,167
4396,99,35,66,16,216
4397,99,18,66,16,199
4398,66,35,66,16,183
4399,68,18,66,16,168
4402,68,33,83,18,202
4404,99,32,53,14,198
4406,66,32,53,14,165
4408,65,36,99,17,217
4409,67,18,99,17,201
4410,68,31,68,17,184
4411,101,18,99,21,239
4412,53,14,68,17,152
4414,66,33,66,21,186
4419,51,32,102,14,199
4421,70,12,69,14,165
4422,53,12,69,14,148
4423,467,18,81,17,583
4424,66,36,64,18,184
4425,112,33,67,18,230
4427,100,16,67,18,201
4428,67,33,67,18,185
4429,65,16,67,18,166
4431,68,15,52,16,151
4432,66,34,67,16,183
4433,284,34,81,17,416
4434,67,34,100,16,217
4436,52,16,100,16,184
4437,67,16,67,16,166
4438,67,33,67,18,185
4440,66,34,67,16,183
4441,67,16,67,16,166
4442,67,33,50,18,168
4444,166,34,52,14,266
4445,67,16,115,17,215
4446,67,34,81,17,199
4447,51,34,81,17,183
4449,50,31,67,19,167
4450,65,34,52,14,165
4451,68,15,52,14,149
4452,81,17,68,15,181
4454,67,33,68,16,184
4455,67,14,68,16,165
4456,52,14,68,16,150
4457,69,16,99,16,200
4459,64,18,66,16,164
4460,50,18,66,16,150
4461,65,17,68,17,167
4462,66,33,52,16,167
4464,66,35,66,16,183
4466,68,33,65,16,182
4468,52,16,65,16,149
4470,98,33,68,16,215
4471,65,16,52,15,148
4472,166,33,50,17,266
4473,64,17,68,16,165
4474,65,34,67,18,184
4476,101,33,50,17,201
4477,51,34,67,16,168
4478,68,33,50,17,168
4480,67,34,67,17,185
4482,67,33,51,15,166
4483,99,19,66,15,199
4484,50,17,51,15,133
4486,84,15,100,16,215
4489,51,34,66,16,167
4490,66,33,67,16,182
4491,64,18,67,16,165
4493,51,33,66,18,168
4494,483,17,66,19,585
4495,153,31,52,15,251
4496,67,32,52,15,166
4497,51,32,52,15,150
4499,68,18,64,19,169
4500,68,31,52,15,166
4501,52,31,52,15,150
4502,52,15,52,15,134
4503,101,15,67,17,200
4504,83,15,67,17,182
4506,52,15,67,17,151
4507,64,17,121,14,216
4508,301,33,67,17,418
4510,67,34,99,17,217
4511,51,34,99,17,201
4512,51,17,99,17,184
4514,67,34,66,16,183
4515,70,14,66,16,166
4516,53,14,66,16,149
4517,51,32,100,19,202
4518,66,34,66,19,185
4519,63,17,66,19,165
4521,51,33,52,19,155
4523,83,38,79,18,218
4526,52,19,79,18,168
4528,67,33,100,18,218
4530,62,35,65,18,180
4532,50,18,65,18,151
4533,51,33,66,17,167
4534,68,32,101,16,217
4536,283,17,66,18,384
4538,66,34,66,17,183
4539,66,17,66,17,166
4540,51,17,66,17,151
4541,67,16,67,17,167
4542,67,33,67,17,184
4543,50,33,67,17,167
4544,66,34,67,15,182
4545,66,17,67,15,165
4547,68,16,66,17,167
4548,84,17,66,18,185
4549,50,34,66,18,168
4550,50,17,66,18,151
4552,100,34,67,16,217
4555,51,34,67,16,168
4556,52,16,67,16,151
4557,67,16,51,15,149
4559,83,31,66,19,199
4560,67,31,66,19,183
4561,99,16,135,17,267
4565,67,14,68,17,166
4566,66,36,66,17,185
4569,65,17,51,17,150
4572,66,34,65,17,182
4573,51,34,65,17,167
4574,51,17,65,17,150
4576,99,35,66,16,216
4577,66,16,51,18,151
4579,85,34,65,16,200
4580,68,34,65,16,183
4581,51,34,65,16,166
4582,51,18,65,16,150
4583,300,16,68,16,400
4584,66,33,66,17,182
4585,66,17,66,17,166
4586,65,33,66,18,182
4587,66,17,66,18,167
4589,100,16,100,19,235
4590,66,33,100,19,218
4591,67,16,100,19,202
4592,84,16,85,14,199
4593,67,16,85,14,182
4594,51,16,85,14,166
4597,66,16,68,16,166
4600,52,14,67,17,150
4601,67,17,83,16,183
4602,68,32,51,16,167
4603,65,16,51,16,148
4606,300,34,65,17,416
4607,83,34,101,16,234
4608,101,33,100,18,252
4609,50,34,101,16,201
4611,167,16,99,18,300
4612,101,34,66,17,218
4613,51,34,66,18,169
4615,67,17,66,17,167
4617,67,16,99,18,200
4618,66,34,99,17,216
4619,100,17,65,17,199
4621,67,17,65,17,166
4622,99,34,52,14,199
4624,65,34,52,14,165
4627,102,14,52,15,183
4628,86,14,52,15,167
4629,68,14,52,15,149
4633,66,15,69,15,165
4634,52,15,69,15,151
4636,64,37,65,17,183
4637,67,17,65,17,166
4638,69,31,68,15,183
4639,52,31,68,15,166
4640,102,34,65,17,218
4641,66,16,66,17,165
4645,50,32,166,18,266
4646,66,33,52,17,168
4647,66,16,52,17,151
4649,67,18,67,15,167
4650,50,18,67,15,150
4652,102,31,102,16,251
4653,52,33,66,17,168
4655,50,31,102,16,199
4657,101,16,100,17,234
4658,66,33,100,17,216
4660,52,16,100,17,185
4661,100,16,117,17,250
4663,66,16,117,17,216
4664,66,34,83,17,200
4665,66,17,83,17,183
4667,67,16,67,17,167
4669,50,34,50,16,150
4670,67,33,66,17,183
4676,66,35,65,17,183
4677,84,32,66,17,199
4678,68,32,66,17,183
4679,51,32,66,17,166
4682,65,33,67,17,182
4683,49,33,67,17,166
4684,100,33,136,16,285
4685,66,17,67,17,167
4686,67,33,136,16,252
4687,68,15,136,16,235
4688,67,34,83,19,203
4689,67,17,83,19,186
4691,66,16,69,16,167
4694,66,36,66,17,185
4695,66,19,66,17,168
4697,51,32,65,17,165
4700,66,31,52,16,165
4701,67,14,52,16,149
4702,98,35,67,16,216
4705,66,16,67,16,165
4707,51,34,65,21,171
4708,69,33,53,14,169
4709,66,17,53,14,150
4710,67,32,101,16,216
4711,50,32,101,16,199
4712,65,35,66,16,182
4713,84,33,66,16,199
4715,99,18,134,17,268
4716,301,32,51,16,400
4717,62,18,134,17,231
4720,49,17,66,19,151
4721,102,15,52,14,183
4722,66,33,52,14,165
4723,68,15,52,14,149
4725,69,16,66,16,167
4727,67,14,67,17,165
4728,101,32,51,16,200
4729,82,32,51,16,181
4730,66,32,51,16,165
4731,65,16,51,16,148
4732,67,36,64,18,185
4733,67,19,64,18,168
4734,68,31,68,17,184
4736,51,16,68,17,152
4738,64,35,66,18,183
4739,67,17,66,18,168
4741,68,16,66,18,168
4742,52,16,66,18,152
4745,100,16,66,18,200
4746,51,15,84,16,166
4747,67,16,66,18,167
4748,51,16,66,18,151
4749,65,16,134,17,232
4750,66,34,85,15,200
4751,66,16,85,15,182
4752,66,35,98,18,217
4753,50,35,98,18,201
4755,66,18,65,18,167
4756,100,33,68,17,218
4757,150,33,85,14,282
4758,98,35,65,16,214
4759,50,33,68,17,168
4762,166,34,66,19,285
4763,51,33,85,14,183
4765,67,15,53,14,149
4766,167,31,52,16,266
4767,65,17,84,16,182
4768,65,34,66,19,184
4769,98,19,83,16,216
4770,102,31,52,16,201
4772,100,35,67,15,217
4773,99,16,67,15,197
4774,66,35,67,15,183
4775,69,16,67,15,167
4777,101,17,83,17,218
4778,52,16,117,17,202
4779,66,17,83,17,183
4781,65,17,68,15,165
4782,66,33,68,15,182
4783,65,17,68,15,165
4785,68,17,67,16,168
4787,100,19,65,18,202
4788,102,32,166,17,317
4792,66,33,68,15,182
4793,51,33,68,15,167
4795,67,16,67,16,166
4797,51,34,65,17,167
4798,68,33,66,16,183
4799,99,16,134,16,265
4800,67,32,134,16,249
4801,66,16,134,16,232
4802,65,34,67,16,182
4803,84,32,68,16,200
4806,66,35,66,16,183
4808,51,16,66,16,149
4809,67,17,85,15,184
4810,68,33,52,15,168
4811,65,17,52,15,149
4812,66,33,67,18,184
4813,66,17,67,18,168
4814,85,15,51,16,167
4819,82,33,72,11,198
4820,51,16,105,11,183
4821,50,33,72,11,166
4822,99,40,62,17,218
4825,67,21,62,17,167
4826,72,29,66,17,184
4827,67,18,66,17,168
4828,51,18,66,17,152
4831,84,32,69,15,200
4832,83,15,69,15,182
4833,50,32,69,15,166
4834,99,35,65,16,215
4835,66,16,68,15,165
4836,66,35,65,16,182
4837,66,18,65,16,165
4839,51,33,132,16,232
4840,167,33,100,17,317
4842,65,33,67,16,181
4843,66,17,67,16,166
4844,65,34,68,14,181
4845,67,17,68,14,166
4846,67,33,100,17,217
4847,100,19,82,17,218
4849,66,19,82,17,184
4851,65,17,51,17,150
4854,65,34,65,17,181
4855,51,34,65,17,167
4856,51,17,65,17,150
4857,51,33,68,15,167
4858,67,32,102,15,216
4859,66,16,102,15,199
4860,65,36,66,15,182
4861,65,19,66,15,165
4862,101,33,66,17,217
4863,52,33,67,14,166
4864,69,33,66,17,185
4865,52,33,66,17,168
4866,66,34,67,14,181
4870,666,34,66,16,782
4871,51,35,65,17,168
4872,67,32,67,16,182
4874,100,34,101,15,250
4875,50,33,100,16,199
4876,65,34,101,15,215
4877,51,34,101,15,201
4878,99,34,66,18,217
4880,66,34,66,18,184
4881,66,17,66,18,167
4887,101,16,102,15,234
4888,98,33,101,16,248
4889,67,16,102,15,200
4891,65,17,101,16,199
4893,66,17,67,16,166
4894,50,17,67,16,150
4895,67,19,98,18,202
4898,50,17,66,18,151
4901,66,17,67,17,167
4902,84,17,66,16,183
4903,68,17,66,16,167
4904,51,17,66,16,150
4905,52,32,67,17,168
4906,67,34,66,16,183
4907,66,17,66,16,165
4908,66,33,99,18,216
4909,51,33,99,18,201
4910,67,33,84,16,200
4911,67,16,84,16,183
4914,66,33,68,16,183
4915,100,16,99,19,234
4916,84,16,99,19,218
4917,68,16,99,19,202
4918,51,16,99,19,185
4920,68,35,65,17,185
4922,69,30,52,16,167
4924,516,16,67,18,617
4925,68,16,67,15,166
4926,65,33,66,17,181
4927,51,33,66,17,167
4928,52,16,66,17,151
4929,65,18,65,16,164
4930,67,32,68,16,183
4931,65,17,68,16,166
4933,50,33,85,16,184
4934,100,34,115,18,267
4935,85,34,115,18,252
4936,68,34,115,18,235
4937,51,34,115,18,218
4938,69,32,83,18,202
4942,65,34,65,17,181
4943,99,18,98,17,232
4944,67,34,98,17,216
4945,66,18,98,17,199
4946,166,34,66,17,283
4947,100,17,67,16,200
4948,65,34,67,16,182
4950,165,33,68,15,281
4952,167,34,66,16,283
4953,50,34,66,17,167
4954,67,33,50,17,167
4956,67,33,68,15,183
4957,100,17,66,16,199
4958,66,34,66,16,182
4959,67,17,66,16,166
4960,101,32,100,18,251
4961,299,17,67,15,398
4962,68,32,100,18,218
4963,99,17,67,18,201
4964,66,33,67,18,184
4965,65,17,67,18,167
4966,65,35,67,17,184
4968,52,16,67,17,152
4969,52,32,52,16,152
4970,102,33,65,17,217
4971,66,17,66,17,166
4972,67,33,65,17,182
4974,52,16,65,17,150
4978,65,35,99,18,217
4979,66,18,99,18,201
4980,67,36,63,18,184
4981,86,29,67,18,200
4982,71,29,67,18,185
4985,50,34,51,15,150
4986,114,15,85,16,230
4987,66,15,66,19,166
4988,52,15,66,19,152
4989,100,15,52,16,183
4991,100,16,66,17,199
4992,85,16,66,17,184
4995,67,16,66,18,167
4997,99,16,67,18,200
4999,66,16,67,18,167
5000,66,34,51,17,168
5003,67,16,66,18,167
5004,67,35,66,18,186
5006,51,17,66,18,152
5007,100,17,84,14,215
5008,66,35,84,14,199
5010,84,15,99,17,215
5013,166,16,66,18,266
5014,66,32,51,16,165
5015,66,14,51,16,147
5016,65,34,67,16,182
5019,98,17,68,16,199
5020,51,16,66,18,151
5021,100,16,52,17,185
5022,67,32,52,17,168
5023,66,16,52,17,151
5024,66,36,65,17,184
5026,50,18,65,17,150
5027,68,17,134,15,234
5028,52,17,134,15,218
5029,51,32,67,16,166
5030,100,32,66,17,215
5032,67,32,66,17,182
5033,66,16,66,17,165
5034,67,35,83,15,200
5035,66,19,83,15,183
5036,150,15,101,16,282
5037,66,16,100,20,202
5040,67,31,101,16,215
5042,52,15,101,16,184
5044,64,34,66,17,181
5045,68,14,66,17,165
5046,53,14,66,17,150
5047,66,17,67,17,167
5049,97,18,66,17,198
5050,101,34,65,16,216
5052,67,34,65,16,182
5053,51,34,65,16,166
5055,52,32,67,16,167
5057,66,16,50,18,150
5058,99,34,66,16,215
5060,67,34,66,16,183
5061,66,18,66,16,166
5062,50,18,66,16,150
5064,51,14,136,15,216
5065,100,17,68,15,200
5066,66,33,68,15,182
5067,65,17,68,15,165
5068,51,17,68,15,151
5070,101,32,66,18,217
5071,68,17,65,16,166
5072,68,32,66,18,184
5075,65,17,101,16,199
5076,65,33,68,16,182
5077,66,17,68,16,167
5078,150,17,66,18,251
5079,68,16,50,17,151
5080,51,16,50,17,134
5081,85,33,66,18,202
5083,50,33,66,18,167
5084,50,17,66,18,151
5085,50,33,51,16,150
5088,66,34,67,17,184
5090,51,16,67,17,151
5091,66,16,52,16,150
5092,66,35,67,14,182
5093,65,18,67,14,164
5094,67,33,66,18,184
5095,51,33,66,18,168
5096,102,32,66,18,218
5097,99,18,66,18,201
5098,67,32,66,18,183
5100,66,34,66,17,183
5101,165,16,67,16,264
5102,50,16,66,17,149
5103,52,32,51,16,151
5105,99,16,67,16,198
5108,100,34,51,16,201
5109,167,16,51,15,249
5110,66,34,51,16,167
5111,66,17,51,16,150
5113,66,18,67,17,168
5114,85,16,51,15,167
5116,51,16,51,15,133
5117,51,34,65,17,167
5118,67,32,83,17,199
5119,50,32,83,17,182
5124,83,17,52,15,167
5125,52,32,52,15,151
5126,50,17,52,15,134
5127,69,16,81,20,186
5129,52,32,69,14,167
5130,116,20,82,17,235
5133,64,20,82,17,183
5134,69,31,51,17,168
5135,67,17,51,17,152
5136,100,33,65,16,214
5137,86,33,65,16,200
5138,66,33,65,16,180
5139,52,33,65,16,166
5141,103,14,68,16,201
5142,67,31,68,16,182
5143,68,14,68,16,166
5144,100,33,65,19,217
5145,50,35,65,17,167
5146,99,32,52,15,198
5147,66,16,65,19,166
5148,68,32,52,15,167
5149,52,32,52,15,151
5150,65,33,102,17,217
5152,84,15,168,15,282
5154,52,15,168,15,250
5155,68,16,51,15,150
5156,169,33,67,15,284
5158,68,32,68,15,183
5161,102,16,67,15,200
5162,67,33,67,15,182
5164,100,35,98,20,253
5165,51,32,100,16,199
5166,65,35,98,20,218
5167,66,17,98,20,201
5168,67,33,65,20,185
5169,52,33,65,20,170
5170,50,18,65,20,153
5171,98,17,67,17,199
5172,65,33,67,17,182
5175,69,16,64,18,167
5176,53,16,64,18,151
5177,101,16,100,17,234
5179,64,16,100,17,197
5181,101,16,67,16,200
5182,100,33,69,17,219
5183,100,16,69,17,202
5184,67,33,69,17,186
5185,99,17,52,14,182
5187,66,17,52,14,149
5188,67,35,66,15,183
5189,66,19,66,15,166
5190,69,31,67,17,184
5191,52,31,67,17,167
5192,52,14,67,17,150
5193,68,17,65,18,168
5194,98,33,68,16,215
5196,67,33,68,16,184
5197,82,33,67,15,197
5198,83,15,67,15,180
5201,66,18,66,19,169
5202,68,32,53,15,168
5203,66,16,53,15,150
5204,67,34,66,16,183
5205,166,17,69,16,268
5206,66,34,84,15,199
5207,50,34,84,15,183
5208,53,15,84,15,167
5209,152,35,50,17,254
5210,99,34,68,17,218
5211,99,15,68,17,199
5213,83,35,50,17,185
5215,153,33,67,16,269
5216,69,33,100,17,219
5218,68,34,66,17,185
5219,85,33,67,16,201
5220,50,17,66,17,150
5222,51,16,67,16,150
5223,50,33,50,16,149
5225,66,17,98,16,197
5229,66,16,68,18,168
5231,98,19,100,16,233
5232,66,35,100,16,217
5233,65,19,100,16,200
5234,68,32,68,16,184
5235,84,34,66,19,203
5236,101,34,51,15,201
5238,66,34,51,15,166
5239,82,32,101,17,232
5240,68,32,101,17,218
5241,66,16,101,17,200
5243,66,15,67,17,165
5244,51,15,67,17,150
5247,65,17,82,17,181
5248,50,17,82,17,166
5249,66,17,65,17,165
5250,51,17,65,17,150
5252,65,34,66,20,185
5253,65,17,66,20,168
5256,68,32,67,17,184
5257,66,17,67,17,167
5258,66,34,85,16,201
5260,52,14,85,16,167
5261,101,18,66,15,200
5262,67,35,66,15,183
5265,84,33,67,16,200
5266,52,16,67,16,151
5267,51,33,67,16,167
5268,299,32,119,15,465
5269,64,19,68,12,163
5271,66,17,65,18,166
5272,50,17,65,18,150
5273,52,35,81,18,186
5274,68,30,51,18,167
5275,52,30,51,18,151
5276,101,33,100,17,251
5278,66,33,100,17,216
5279,87,32,68,17,204
5282,97,36,98,18,249
5283,50,32,119,15,216
5284,100,31,85,15,231
5286,166,33,66,18,283
5289,67,15,52,15,149
5290,64,34,66,18,182
5293,67,15,66,18,166
5294,52,15,66,18,151
5297,99,18,66,15,198
5298,102,32,66,17,217
5299,65,18,66,15,164
5300,69,32,66,17,184
5301,100,17,135,12,264
5302,102,32,66,18,218
5303,99,17,66,18,200
5305,98,17,69,12,196
5306,100,32,70,16,218
5307,66,17,69,12,164
5308,66,32,70,16,184
5310,103,33,65,17,218
5312,69,33,65,17,184
5313,51,33,65,17,166
5315,84,33,51,15,183
5316,65,33,51,15,164
5317,53,33,51,15,152
5318,65,32,69,15,181
5322,101,33,67,16,217
5323,66,18,65,18,167
5324,69,33,67,16,185
5325,65,18,67,16,166
5326,50,18,67,16,151
5327,66,17,51,15,149
5328,298,34,68,16,416
5329,101,15,52,16,184
5330,83,15,52,16,166
5333,100,16,66,16,198
5335,67,16,66,16,165
5336,52,16,66,16,150
5337,64,17,66,18,165
5338,99,33,68,17,217
5339,82,33,68,17,200
5340,66,33,68,17,184
5341,66,17,68,17,168
5342,66,34,68,16,184
5343,66,16,68,16,166
5346,85,17,65,16,183
5347,67,17,65,16,165
5348,84,20,64,16,184
5349,66,20,64,16,166
5350,50,20,64,16,150
5351,53,29,118,16,216
5353,65,19,66,17,167
5355,83,34,67,17,201
5357,51,34,67,17,169
5358,66,33,66,16,181
5359,50,33,66,16,165
5361,167,15,53,14,249
5362,67,32,51,15,165
5364,66,34,68,17,185
5366,66,32,53,14,165
5367,165,17,52,14,248
5368,102,31,86,14,233
5369,168,16,52,15,251
5371,68,14,86,14,182
5372,53,14,86,14,167
5374,65,33,52,15,165
5375,81,33,67,16,197
5378,52,14,67,16,149
5380,52,15,66,18,151
5382,67,33,65,18,183
5385,68,16,83,16,183
5387,51,31,52,16,150
5388,65,35,68,16,184
5389,65,17,68,16,166
5390,168,33,50,16,267
5393,85,34,65,18,202
5394,68,34,65,18,185
5395,51,34,65,18,168
5397,67,17,50,16,150
5400,65,34,66,18,183
5401,67,16,66,18,167
5402,50,16,66,18,150
5403,102,15,51,17,185
5406,66,34,67,17,184
5407,66,16,67,17,166
5408,52,16,67,17,152
5411,100,15,51,18,184
5412,67,32,51,18,168
5413,67,15,51,18,151
5415,100,18,66,16,200
5416,50,15,67,17,149
5417,66,18,66,16,166
5418,51,18,66,16,151
5419,66,16,68,16,166
5421,100,17,67,17,201
5422,99,31,102,16,248
5425,51,31,102,16,200
5426,64,36,66,16,182
5427,84,32,67,16,199
5428,67,32,67,16,182
5429,51,32,67,16,166
5431,65,18,67,16,166
5432,165,35,66,16,282
5433,65,17,66,18,166
5434,50,17,66,18,151
5435,51,34,133,16,234
5436,284,16,66,18,384
5438,66,35,66,16,183
5440,50,17,66,16,149
5442,52,16,66,17,151
5444,66,33,51,16,166
5447,50,33,68,15,166
5448,66,34,66,18,184
5449,68,16,66,18,168
5450,101,32,51,17,201
5451,84,32,51,17,184
5453,65,17,51,17,150
5454,101,33,66,17,217
5455,68,17,99,17,201
5456,83,17,66,17,183
5457,52,33,66,17,168
5458,101,33,99,17,250
5459,163,19,68,17,267
5460,66,33,99,17,215
5461,67,16,99,17,199
5462,66,34,65,17,182
5464,67,32,68,17,184
5465,63,19,68,17,167
5466,66,33,52,15,166
5467,66,16,52,15,149
5468,100,32,69,17,218
5469,52,35,68,14,169
5470,68,32,69,17,186
5473,86,33,64,18,201
5474,68,33,64,18,183
5476,101,32,83,18,234
5479,67,16,83,18,184
5480,82,15,68,17,182
5481,97,17,51,16,181
5482,50,15,68,17,150
5483,66,17,51,16,150
5486,85,16,66,17,184
5487,51,33,66,17,167
5488,51,16,66,17,150
5489,51,33,67,16,167
5490,66,33,69,15,183
5492,66,34,68,15,183
5493,66,17,68,15,166
5494,67,35,98,17,217
5495,64,19,98,17,198
5497,52,33,65,17,167
5498,68,32,68,13,181
5499,52,32,68,13,165
5500,98,35,65,18,216
5501,100,18,65,18,201
5502,65,35,65,18,183
5504,50,18,65,18,151
5505,166,17,65,18,266
5506,67,33,101,15,216
5508,65,33,68,15,181
5509,52,33,68,15,168
5512,101,32,51,16,200
5513,66,17,83,16,182
5516,65,34,66,17,182
5519,68,16,67,16,167
5521,99,17,66,18,200
5522,66,34,66,18,184
5523,167,16,66,18,267
5524,67,33,51,16,167
5525,66,17,51,16,150
5528,66,34,66,18,184
5531,67,17,100,17,201
5534,66,35,100,15,216
5537,52,32,100,17,201
5538,67,35,65,17,184
5539,66,18,65,17,166
5541,65,17,84,16,182
5543,51,32,52,16,151
5544,98,35,67,17,217
5545,298,17,68,17,400
5546,84,16,67,17,184
5547,69,16,67,17,169
5548,52,16,67,17,152
5549,150,34,65,17,266
5550,67,35,66,16,184
5551,100,15,99,17,231
5553,66,15,99,17,197
5554,52,15,99,17,183
5555,100,18,66,15,199
5556,82,18,66,15,181
5557,97,17,68,17,199
5558,50,18,66,15,149
5561,66,18,66,17,167
5563,52,33,166,16,267
5564,85,16,133,16,250
5565,51,33,133,16,233
5567,100,17,67,16,200
5568,67,32,67,16,182
5569,117,32,50,18,217
5571,84,32,50,18,184
5572,67,32,50,18,167
5573,68,16,50,18,152
5574,67,33,102,20,222
5577,66,18,67,20,171
5578,50,18,67,20,155
5580,67,35,99,16,217
5582,87,13,66,16,182
5584,166,34,67,16,283
5587,79,32,67,17,195
5588,66,32,67,17,182
5589,66,16,67,17,166
5590,65,34,67,16,182
5593,50,33,67,17,167
5594,67,34,100,17,218
5595,66,17,100,17,200
5599,167,16,135,16,334
5600,50,17,66,17,150
5601,51,33,135,16,235
5602,67,33,52,16,168
5604,66,33,135,16,250
5605,67,16,135,16,234
5608,52,16,65,18,151
5610,69,31,101,16,217
5611,66,15,101,16,198
5613,65,17,66,16,164
5614,66,33,65,18,182
5615,66,17,65,18,166
5618,300,31,67,18,416
5620,65,36,83,17,201
5621,67,18,83,17,185
5622,50,18,83,17,168
5623,100,17,66,17,200
5625,101,17,97,17,232
5626,65,35,97,17,214
5629,52,31,66,17,166
5630,66,35,98,18,217
5631,149,32,68,17,266
5632,66,31,67,18,182
5633,51,31,67,18,167
5635,84,32,68,17,201
5637,51,32,68,17,168
5638,85,17,65,19,186
5640,50,17,65,19,151
5641,167,17,66,17,267
5642,100,35,201,15,351
5643,67,15,68,17,167
5644,65,35,201,15,316
5645,68,16,201,15,300
5646,67,33,66,17,183
5648,51,17,66,17,151
5652,66,34,68,15,183
5653,66,17,68,15,166
5654,51,17,68,15,151
5655,68,14,100,18,200
5657,67,18,100,18,203
5658,68,32,68,18,186
5661,67,15,67,18,167
5663,103,13,66,19,201
5664,68,31,66,19,184
5665,69,13,66,19,167
5666,54,13,66,19,152
5667,67,15,52,17,151
5668,49,15,52,17,133
5669,65,14,85,16,180
5671,84,32,101,16,233
5672,151,17,67,15,250
5673,50,32,101,16,199
5675,150,33,99,16,298
5677,50,34,67,15,166
5678,67,34,67,15,183
5679,67,17,67,15,166
5680,101,34,65,16,216
5681,67,17,99,16,199
5682,101,33,68,14,216
5684,67,33,68,14,182
5686,67,32,68,17,184
5687,68,16,68,17,169
5689,50,36,64,17,167
5690,68,32,67,18,185
5691,84,32,101,16,233
5693,101,18,66,16,201
5695,85,33,66,16,200
5697,83,33,66,17,199
5698,68,33,66,17,184
5699,51,33,66,17,167
5700,149,16,66,18,249
5703,65,17,66,18,166
5704,66,33,66,18,183
5705,67,16,66,18,167
5706,99,33,135,17,284
5707,66,17,51,17,151
5708,66,33,135,17,251
5709,100,17,100,17,234
5710,66,35,100,17,218
5712,51,17,100,17,185
5713,67,16,67,17,167
5715,67,16,101,15,199
5716,84,16,67,15,182
5717,67,16,67,15,165
5719,67,16,84,15,182
5721,66,17,50,15,148
5722,50,17,50,15,132
5723,65,18,67,17,167
5724,67,32,52,17,168
5729,166,17,98,18,299
5731,99,17,66,16,198
5732,66,34,66,16,182
5733,66,17,66,16,165
5736,67,33,65,18,183
5737,99,17,68,16,200
5738,99,32,69,16,216
5739,66,17,68,16,167
5741,101,18,49,16,184
5742,65,36,49,16,166
5743,67,18,49,16,150
5744,68,33,66,16,183
5746,85,16,50,16,167
5748,49,16,50,16,131
5751,66,16,52,15,149
5752,50,16,52,15,133
5753,49,35,83,17,184
5755,151,33,65,18,267
5756,52,15,51,17,135
5757,66,18,66,17,167
5758,67,33,65,17,182
5759,66,17,65,17,165
5760,166,34,51,18,269
5763,67,15,67,17,166
5765,67,16,67,18,168
5766,65,34,51,18,168
5767,66,16,51,18,151
5768,100,36,65,17,218
5769,50,33,69,15,167
5770,67,36,65,17,185
5773,52,33,68,14,167
5774,52,17,68,14,151
5778,68,32,65,18,183
5783,67,16,51,16,150
5784,65,34,83,17,199
5785,99,16,67,16,198
5786,83,16,67,16,182
5787,67,16,67,16,166
5788,51,16,67,16,150
5789,66,17,100,17,200
5791,150,33,168,16,367
5792,67,34,66,17,184
5793,66,18,66,17,167
5794,67,33,133,17,250
5795,67,17,133,17,234
5796,100,33,84,17,234
5797,51,33,168,16,268
5798,66,33,84,17,200
5799,67,16,84,17,184
5800,83,16,102,16,217
5801,66,16,102,16,200
5802,50,16,102,16,184
5803,49,34,68,16,167
5804,67,34,66,16,183
5805,67,17,66,16,166
5806,51,17,66,16,150
5807,50,34,65,17,166
5808,150,16,68,15,249
5809,67,16,50,16,149
5811,67,17,51,15,150
5813,66,16,68,15,165
5816,167,32,68,16,283
5817,66,18,66,17,167
5818,68,33,116,17,234
5819,65,18,116,17,216
5820,167,34,66,17,284
5821,69,15,83,17,184
5823,151,33,66,17,267
5824,50,15,68,16,149
5826,66,34,66,17,183
5827,66,17,66,17,166
5828,68,33,66,17,184
5829,51,33,66,17,167
5830,67,33,66,18,184
5831,67,16,66,18,167
5832,66,33,51,16,166
5834,50,16,51,16,133
5835,100,16,51,16,183
5836,66,34,51,16,167
5840,85,16,67,16,184
5842,51,16,67,16,150
5843,66,16,68,16,166
5844,100,34,66,16,216
5845,66,17,50,16,149
5846,67,34,66,16,183
5848,68,32,68,18,186
5849,83,34,101,16,234
5850,50,16,68,18,152
5854,68,33,66,18,185
5856,52,15,66,18,151
5857,101,16,100,18,235
5858,67,32,100,18,217
5859,65,16,100,18,199
5860,66,32,68,18,184
5861,101,18,50,15,184
5862,64,36,50,15,165
5863,66,18,50,15,149
5864,283,18,67,16,384
5865,64,18,84,17,183
5866,68,33,101,17,219
5867,68,15,101,17,201
5868,100,33,66,16,215
5869,68,18,99,16,201
5870,68,33,66,16,183
5871,66,17,66,16,165
5872,101,33,101,16,251
5874,66,33,101,16,216
5875,99,18,67,16,200
5876,66,34,67,16,183
5877,65,18,67,16,166
5880,101,33,67,15,216
5881,68,17,67,15,167
5882,67,33,67,15,182
5883,52,33,67,15,167
5884,52,17,67,15,151
5885,66,18,67,16,167
5886,67,33,66,17,183
5888,67,34,64,20,185
5889,66,19,64,20,169
5890,67,32,82,17,198
5891,52,32,82,17,183
5892,66,32,119,15,232
5893,103,13,69,17,202
5894,64,33,69,17,183
5896,52,13,69,17,151
5897,65,17,52,15,149
5898,50,17,52,15,134
5899,281,33,67,17,398
5900,69,32,66,18,185
5901,150,34,51,16,251
5902,301,33,67,15,416
5903,85,31,85,16,217
5904,67,31,85,16,199
5905,65,16,85,16,182
5906,66,34,51,16,167
5907,84,35,65,17,201
5909,299,17,68,15,399
5910,85,16,67,16,184
5911,51,32,67,16,166
5912,51,16,67,16,150
5914,65,34,66,16,181
5918,100,34,51,14,199
5919,67,16,66,19,168
5920,151,14,101,16,282
5922,99,33,101,16,249
5923,65,17,68,15,165
5924,85,14,101,16,216
5926,51,14,101,16,182
5927,100,16,51,17,184
5928,68,31,51,17,167
5930,66,35,68,17,186
5931,65,17,68,17,167
5935,67,18,65,18,168
5936,68,31,67,19,185
5937,52,31,67,19,169
5938,52,14,67,19,152
5941,66,15,84,16,181
5942,86,15,66,16,183
5945,99,16,67,17,199
5946,51,16,66,19,152
5947,65,16,67,17,165
5948,99,34,66,17,216
5949,65,17,69,17,168
5951,68,15,66,17,166
5952,67,35,65,16,183
5953,51,35,65,16,167
5954,69,31,102,15,217
5956,52,14,102,15,183
5957,66,17,68,15,166
5959,64,18,100,16,198
5960,102,32,66,19,219
5961,85,32,66,19,202
5962,68,32,66,19,185
5963,52,32,66,19,169
5964,66,34,100,16,216
5967,102,15,66,17,200
5970,51,15,66,17,149
5971,69,15,67,15,166
5973,65,16,69,15,165
5974,66,35,66,16,183
5976,67,34,65,17,183
5978,69,32,66,17,184
5979,52,32,66,17,167
5980,66,33,151,16,266
5981,151,34,66,17,268
5982,149,17,66,17,249
5983,67,16,51,17,151
5985,67,17,84,16,184
5986,67,34,66,17,184
5987,84,34,65,17,200
5988,51,17,66,17,151
5989,51,34,65,17,167
5990,68,32,100,16,216
5992,66,33,67,16,182
5993,51,33,67,16,167
5994,65,34,99,17,215
5995,66,17,99,17,199
5996,67,33,100,17,217
5997,66,17,100,17,200
