序号,发送->接收,接收->转发,转发->接收,接收->处理,总计
1,81,60,76,18,235
2,101,26,122,13,262
3,92,26,122,13,253
5,121,33,67,16,237
6,61,33,67,16,177
7,66,18,67,16,167
9,65,18,84,15,182
11,72,13,65,17,167
12,67,32,67,18,184
13,84,33,68,15,200
14,66,33,68,15,182
15,78,34,135,16,263
16,65,34,135,16,250
17,66,17,135,16,234
18,101,34,100,15,250
19,67,16,67,16,166
22,101,34,65,16,216
23,83,34,65,16,198
24,67,34,65,16,182
25,52,34,65,16,167
26,67,33,65,18,183
27,85,32,67,18,202
30,65,33,52,16,166
33,68,16,99,17,200
34,51,16,99,17,183
35,69,16,65,17,167
37,67,15,67,17,166
39,68,13,51,18,150
40,52,13,51,18,134
43,64,18,65,17,164
44,69,31,100,17,217
45,83,34,66,17,200
46,66,34,66,17,183
47,100,17,66,16,199
49,66,17,66,16,165
51,67,16,69,16,168
52,83,17,68,16,184
53,83,35,66,15,199
54,82,19,66,15,182
56,85,17,64,18,184
58,68,33,66,17,184
60,66,31,67,19,183
61,65,16,67,19,167
62,82,17,69,14,182
63,66,17,69,14,166
64,66,32,66,19,183
65,68,15,66,19,168
67,68,18,97,17,200
68,69,29,103,16,217
69,100,16,68,16,200
70,66,35,68,16,185
71,66,16,68,16,166
72,64,33,101,16,214
73,67,16,101,16,200
75,84,32,68,16,200
76,68,32,68,16,184
77,67,16,68,16,167
79,66,18,100,15,199
81,66,18,66,15,165
82,68,32,67,16,183
83,52,32,67,16,167
84,50,16,67,16,149
88,67,34,66,16,183
89,65,18,66,16,165
90,67,34,65,16,182
92,52,16,65,16,149
93,52,32,100,18,202
94,82,17,67,18,184
96,65,33,52,15,165
97,65,17,52,15,149
98,66,34,66,16,182
100,67,33,100,17,217
101,69,15,100,17,201
102,52,15,100,17,184
103,51,33,67,17,168
104,66,33,68,16,183
105,64,17,68,16,165
106,66,34,67,16,183
108,84,17,66,16,183
109,85,33,66,18,202
111,67,17,66,18,168
112,67,33,66,17,183
113,66,17,66,17,166
114,66,33,67,18,184
115,66,17,67,18,168
116,66,33,52,17,168
117,135,17,100,17,269
118,66,34,68,16,184
120,67,35,100,17,219
122,69,33,67,17,186
124,68,31,134,16,249
125,66,15,134,16,231
126,64,36,65,16,181
128,67,33,65,16,181
129,51,33,65,16,165
130,53,16,65,16,150
131,69,15,85,16,185
132,65,33,52,16,166
134,100,33,83,16,232
135,64,19,116,16,215
136,68,33,83,16,200
138,68,33,66,16,183
140,66,32,68,16,182
142,83,16,101,16,216
143,66,16,101,16,199
144,82,18,133,18,251
146,68,33,66,18,185
148,67,34,66,18,185
149,67,18,66,18,169
151,67,16,100,17,200
152,100,33,66,18,217
153,50,34,66,17,167
154,66,33,66,18,183
157,66,16,85,17,184
158,66,33,52,17,168
159,65,16,52,17,150
160,66,35,66,16,183
161,67,17,66,16,166
162,85,17,66,17,185
163,68,17,66,17,168
164,52,17,66,17,152
165,51,32,100,18,201
166,66,34,100,16,216
168,66,33,67,16,182
169,67,16,67,16,166
170,84,16,132,19,251
171,68,16,132,19,235
172,50,16,132,19,217
173,83,33,65,19,200
174,83,17,65,19,184
175,66,17,65,19,167
177,66,16,99,19,200
178,83,15,67,19,184
180,65,35,66,18,184
181,67,16,66,18,167
182,67,32,52,16,167
183,66,16,52,16,150
184,86,15,84,16,201
185,67,15,84,16,182
188,84,18,65,16,183
189,65,18,65,16,164
192,66,33,66,19,184
193,68,15,66,19,168
195,65,19,65,18,167
196,68,31,68,17,184
197,65,16,68,17,166
198,66,34,67,18,185
199,69,15,67,18,169
200,65,34,100,17,216
203,66,16,100,17,199
204,67,34,133,17,251
205,67,16,133,17,233
206,67,33,100,17,217
207,67,16,100,17,200
208,84,16,67,17,184
209,66,16,67,17,166
210,50,16,67,17,150
212,50,18,66,15,149
213,67,16,67,16,166
215,67,17,65,18,167
216,66,33,67,17,183
217,65,18,67,17,167
218,83,16,101,16,216
220,65,35,66,16,182
221,68,17,66,16,167
225,66,17,67,16,166
226,66,34,66,16,182
228,67,33,66,19,185
229,84,33,52,14,183
230,67,33,52,14,166
231,67,17,52,14,150
232,66,33,99,17,215
233,101,14,66,17,198
234,66,33,66,17,182
236,52,14,66,17,149
237,116,34,52,16,218
238,67,32,86,16,201
239,65,15,86,16,182
240,66,34,52,16,168
242,66,33,67,17,183
243,67,15,67,17,166
245,69,16,67,16,168
246,84,16,51,16,167
248,67,35,99,15,216
249,65,18,99,15,197
250,67,32,101,16,216
252,51,16,101,16,184
253,66,18,67,16,167
258,67,33,66,16,182
259,51,33,66,16,166
260,67,34,69,11,181
261,67,19,69,11,166
262,67,32,68,16,183
265,99,20,98,19,236
266,69,31,98,19,217
267,64,20,98,19,201
268,68,32,167,16,283
269,84,33,67,16,200
270,63,33,67,16,179
271,52,33,67,16,168
272,65,33,67,17,182
274,51,15,67,17,150
275,68,15,67,16,166
276,67,33,69,16,185
277,65,17,69,16,167
279,65,17,51,15,148
281,67,19,98,17,201
283,68,15,100,19,202
284,51,15,100,19,185
287,65,17,68,17,167
288,67,33,52,17,169
289,84,35,82,17,218
290,67,35,82,17,201
292,52,16,82,17,167
293,51,34,96,18,199
294,52,17,96,18,183
297,65,17,67,18,167
298,65,31,136,15,247
299,51,31,136,15,233
300,62,36,68,17,183
301,84,35,65,15,199
302,67,35,65,15,182
304,54,17,65,15,151
307,67,15,100,18,200
309,64,17,68,18,167
311,81,34,65,18,198
312,66,34,65,18,183
313,70,15,65,18,168
314,53,15,65,18,151
315,51,35,64,18,168
316,52,17,64,18,151
317,64,16,101,16,197
318,83,16,103,15,217
319,81,34,102,14,231
321,68,16,102,14,200
322,52,16,102,14,184
324,83,20,65,16,184
325,65,20,65,16,166
327,52,33,64,18,167
329,67,18,65,17,167
330,65,32,68,17,182
332,82,15,119,14,230
334,50,15,119,14,198
335,66,18,67,17,168
336,68,33,101,15,217
337,67,16,101,15,199
338,52,16,101,15,184
339,102,14,68,17,201
341,67,14,68,17,166
342,82,19,65,18,184
343,66,19,65,18,168
345,65,17,51,16,149
346,51,17,51,16,135
347,68,16,67,17,168
348,83,16,66,17,182
350,84,16,68,15,183
351,67,16,68,15,166
353,66,16,69,15,166
354,66,35,65,19,185
355,66,18,65,19,168
356,68,34,66,16,184
357,116,35,65,18,234
360,65,35,65,18,183
361,50,35,65,18,168
362,66,32,135,16,249
365,66,15,67,17,165
367,84,32,116,19,251
369,65,17,116,19,217
370,50,17,116,19,202
371,66,18,81,19,184
373,52,33,67,16,168
375,51,33,67,15,166
377,65,19,66,15,165
378,67,33,133,15,248
379,69,17,133,15,234
380,100,34,66,15,215
381,52,33,65,17,167
384,67,31,68,18,184
386,82,18,51,17,168
389,65,18,65,20,168
390,86,17,65,18,186
391,69,17,65,18,169
392,68,30,53,15,166
393,83,35,84,14,216
394,85,15,84,14,198
395,67,15,84,14,180
396,65,33,65,19,182
397,68,15,65,19,167
399,64,16,70,16,166
400,84,14,68,19,185
401,66,14,68,19,167
402,84,18,65,15,182
403,68,18,65,15,166
404,52,18,65,15,150
406,53,15,67,17,152
407,68,15,68,14,165
408,98,35,65,17,215
409,64,18,66,18,166
410,102,31,51,17,201
413,67,17,51,17,152
414,66,34,84,16,200
415,67,16,84,16,183
416,65,34,50,16,165
417,51,34,50,16,151
419,84,32,66,16,198
420,68,32,66,16,182
421,67,16,66,16,165
424,85,13,67,17,182
425,69,13,67,17,166
426,53,13,67,17,150
427,50,33,51,17,151
428,65,34,84,15,198
429,64,16,84,15,179
430,67,34,65,18,184
431,68,17,65,18,168
432,51,17,65,18,151
434,84,15,85,15,199
435,100,16,51,15,182
436,65,34,51,15,165
437,68,16,51,15,150
438,51,16,51,15,133
439,66,17,84,16,183
440,68,32,100,19,219
442,51,15,100,19,185
443,83,34,51,15,183
444,84,16,51,15,166
445,83,32,99,18,232
447,67,16,99,18,200
448,85,15,65,18,183
449,67,15,65,18,165
450,51,15,65,18,149
451,67,16,67,17,167
452,84,15,101,19,219
453,65,15,101,19,200
454,65,35,66,19,185
458,86,15,67,19,187
459,68,15,67,19,169
460,66,35,51,14,166
461,68,16,51,14,149
463,67,15,83,18,183
464,67,33,68,15,183
465,67,14,68,15,164
466,51,14,68,15,148
467,65,17,68,15,165
468,83,18,66,16,183
469,82,34,66,16,198
472,68,32,66,19,185
473,52,32,66,19,169
474,151,15,66,17,249
475,67,18,66,17,168
476,82,16,100,17,215
478,50,16,100,17,183
481,67,16,68,16,167
483,98,18,82,17,215
485,84,33,66,18,201
486,68,33,66,18,185
487,52,33,66,18,169
488,51,17,66,18,152
489,51,34,67,17,169
490,67,32,67,19,185
491,66,17,67,19,169
492,101,32,68,15,216
493,68,17,67,15,167
494,67,32,68,15,182
495,84,35,98,16,233
496,52,15,68,15,150
498,51,16,98,16,181
499,65,18,100,17,200
500,68,32,68,17,185
501,81,33,52,15,181
502,65,33,52,15,165
503,67,16,52,15,150
504,65,35,66,16,182
505,85,32,133,17,267
507,68,15,133,17,233
508,52,15,133,17,217
509,70,15,99,17,201
511,65,16,118,16,215
514,99,34,67,16,216
515,54,29,101,16,200
517,99,16,67,16,198
518,80,16,67,16,179
524,50,17,68,16,151
525,65,16,52,17,150
526,65,36,81,16,198
527,66,19,81,16,182
529,52,33,64,17,166
530,52,17,64,17,150
531,52,31,67,17,167
533,65,16,68,17,166
534,81,17,68,16,182
535,66,17,68,16,167
536,67,34,103,14,218
537,67,17,103,14,201
538,68,34,69,14,185
540,51,17,69,14,151
541,67,17,100,16,200
542,50,17,100,16,183
544,69,30,67,18,184
545,67,16,67,18,168
546,66,34,67,17,184
547,67,17,67,17,168
549,66,17,51,16,150
551,68,16,100,17,201
552,84,16,67,17,184
554,84,17,67,14,182
556,100,34,65,17,216
557,83,34,65,17,199
559,84,33,66,18,201
560,81,19,66,18,184
561,64,19,66,18,167
562,84,15,100,18,217
563,67,15,100,18,200
566,66,34,67,16,183
567,67,16,67,16,166
568,52,16,67,16,151
570,66,35,66,16,183
571,66,17,66,16,165
572,83,18,82,16,199
573,67,18,82,16,183
575,65,18,66,17,166
576,116,16,68,16,216
577,100,16,68,16,200
578,82,16,68,16,182
579,68,16,68,16,168
580,66,33,66,20,185
581,83,35,51,15,184
583,65,19,51,15,150
584,68,31,69,15,183
586,51,15,69,15,150
588,82,18,66,17,183
589,66,18,66,17,167
592,83,17,67,15,182
593,67,17,67,15,166
594,66,32,100,18,216
595,68,15,100,18,201
597,66,18,65,18,167
598,100,32,102,16,250
599,65,18,67,17,167
600,68,32,102,16,218
601,51,32,102,16,201
602,65,35,67,16,183
603,68,17,67,16,168
604,84,18,97,17,216
606,52,18,97,17,184
607,100,16,68,16,200
608,67,32,68,16,183
609,66,16,68,16,166
613,66,18,66,18,168
615,67,15,201,18,301
616,66,35,66,17,184
617,102,14,100,18,234
618,66,32,100,18,216
621,50,34,66,18,168
624,85,15,52,16,168
625,66,15,52,16,149
626,51,15,52,16,134
627,67,16,101,17,201
628,66,34,67,17,184
629,67,16,67,17,167
630,52,16,67,17,152
631,66,17,65,19,167
633,100,14,69,19,202
634,67,31,69,19,186
637,68,16,53,13,150
638,82,18,83,17,200
640,169,33,67,15,284
641,69,13,68,17,167
643,67,16,52,16,151
644,65,35,66,15,181
645,64,17,66,15,162
648,52,16,67,15,150
650,66,34,84,16,200
651,64,19,84,16,183
654,167,34,232,16,449
655,69,16,67,16,168
656,66,34,98,20,218
657,69,16,98,20,203
659,50,33,65,20,168
660,101,31,68,17,217
661,83,31,68,17,199
662,67,31,68,17,183
663,51,31,68,17,167
664,65,35,99,17,216
666,99,33,66,17,215
667,166,16,67,18,267
668,68,33,66,17,184
669,65,16,66,17,164
670,99,33,67,18,217
671,69,15,67,16,167
672,99,34,134,17,284
673,66,16,67,18,167
674,66,34,134,17,251
675,65,17,134,17,233
676,533,34,168,16,751
677,50,33,134,16,233
678,67,35,66,17,185
679,68,17,66,17,168
680,84,15,68,16,183
681,52,31,68,16,167
684,66,33,66,17,182
685,67,16,66,17,166
686,52,16,66,17,151
687,65,17,67,17,166
688,66,33,67,16,182
694,51,16,52,16,135
695,66,19,81,18,184
696,68,33,66,16,183
697,150,32,66,18,266
698,52,16,66,16,150
700,298,35,82,19,434
701,64,18,98,18,198
703,51,32,66,18,167
704,66,34,168,16,284
705,102,14,68,16,200
706,66,32,68,16,182
707,166,17,51,16,250
711,65,17,68,16,166
712,68,33,51,16,168
713,118,32,69,14,233
714,101,32,69,14,216
715,85,32,69,14,200
716,68,32,69,14,183
717,52,32,69,14,167
718,99,37,97,18,251
720,64,37,97,18,216
721,66,19,97,18,200
722,69,31,133,17,250
723,100,17,66,16,199
725,116,34,68,16,234
726,65,32,118,17,232
728,66,34,68,16,184
729,67,16,68,16,167
730,66,33,51,17,167
731,65,17,51,17,150
732,67,35,64,17,183
733,66,18,64,17,165
736,51,17,165,18,251
737,51,31,53,15,150
738,100,32,66,18,216
740,84,15,66,18,183
743,51,33,51,17,152
744,283,15,68,16,382
745,64,17,68,17,166
747,67,17,67,15,166
748,51,17,67,15,150
749,52,33,66,16,167
750,484,16,66,18,584
751,67,17,64,19,167
752,150,15,68,16,249
753,99,16,202,16,333
754,66,32,202,16,316
755,65,16,202,16,299
756,64,34,68,16,182
758,51,15,68,16,150
759,102,16,66,16,200
760,70,32,66,16,184
762,68,34,66,16,184
763,51,34,66,16,167
764,66,32,67,16,181
765,65,17,67,16,165
767,100,17,66,17,200
771,67,16,67,18,168
772,65,34,99,18,216
773,66,17,99,18,200
774,66,33,66,18,183
775,67,16,66,18,167
776,67,36,66,16,185
777,68,18,66,16,168
778,51,18,66,16,151
779,52,30,102,16,200
780,301,32,168,17,518
781,66,18,66,16,166
782,66,33,66,16,181
783,83,33,67,15,198
785,100,17,68,14,199
786,99,34,133,15,281
787,66,17,68,14,165
788,66,34,133,15,248
790,516,16,67,17,616
791,85,32,67,15,199
792,68,32,67,15,182
793,52,32,67,15,166
794,66,32,168,17,283
795,68,15,168,17,268
797,68,17,65,17,167
798,50,17,65,17,149
799,65,17,68,16,166
801,82,35,67,16,200
802,100,33,67,16,216
804,68,33,67,16,184
805,51,33,67,16,167
806,68,34,99,15,216
809,51,33,100,16,200
810,67,33,67,16,183
811,66,17,67,16,166
812,66,33,50,16,165
813,50,33,50,16,149
815,65,19,84,15,183
816,67,32,67,17,183
817,51,32,67,17,167
818,50,16,67,17,150
819,51,35,67,16,169
820,67,32,68,15,182
822,52,15,68,15,150
823,101,17,66,18,202
824,67,33,66,18,184
825,66,17,66,18,167
826,51,17,66,18,152
828,65,34,83,17,199
829,66,17,83,17,183
831,51,33,67,16,167
832,52,15,67,16,150
833,283,35,82,16,416
834,68,32,100,16,216
835,65,17,100,16,198
836,50,17,100,16,183
837,67,17,67,16,167
838,65,34,66,17,182
839,66,18,66,17,167
842,67,33,68,16,184
844,66,33,51,15,165
847,50,35,82,16,183
848,68,31,117,17,233
849,67,15,117,17,216
850,51,15,117,17,200
851,66,18,117,16,217
852,66,32,67,18,183
853,66,16,67,18,167
855,67,17,100,16,200
856,66,33,67,16,182
857,83,34,66,18,201
858,67,34,66,18,185
859,168,16,99,17,300
860,51,16,66,18,151
862,67,33,67,16,183
863,65,17,67,16,165
864,66,34,99,17,216
866,67,33,66,17,183
867,51,33,66,17,167
868,67,33,85,16,201
869,65,17,85,16,183
871,50,33,52,16,151
872,66,33,68,17,184
875,69,16,65,18,168
876,52,16,65,18,151
877,51,33,66,19,169
879,66,15,53,15,149
881,67,16,67,16,166
882,66,34,65,17,182
883,68,15,65,17,165
886,50,17,68,15,150
889,85,32,67,16,200
890,68,32,67,16,183
893,51,34,66,17,168
894,83,16,67,17,183
895,100,17,51,17,185
897,100,17,65,17,199
901,51,34,83,15,183
902,51,17,83,15,166
903,166,16,68,17,267
904,65,33,67,19,184
906,64,34,52,16,166
907,67,15,52,16,150
908,52,15,52,16,135
911,67,16,67,15,165
912,101,34,66,16,217
913,68,16,67,17,168
914,68,34,66,16,184
915,98,18,67,17,200
917,65,18,67,17,167
918,67,33,100,17,217
919,67,16,100,17,200
920,66,34,100,16,216
922,67,33,67,16,183
924,67,33,67,16,183
925,67,17,67,16,167
926,83,17,65,19,184
928,50,17,65,19,151
929,67,17,51,16,151
930,166,35,64,17,282
931,66,16,67,16,165
935,99,19,64,17,199
936,67,35,64,17,183
937,64,19,64,17,164
938,67,33,166,17,283
939,50,33,166,17,266
942,64,34,67,17,182
943,67,17,67,17,168
946,52,16,67,17,152
948,67,34,51,15,167
949,165,17,101,16,299
950,67,34,65,18,184
951,67,17,65,18,167
953,51,32,134,16,233
954,99,33,68,16,216
956,83,15,68,16,182
957,66,15,68,16,165
958,51,15,68,16,150
960,167,35,131,18,351
962,68,33,135,14,250
963,65,17,135,14,231
964,66,33,66,17,182
965,66,16,66,17,165
967,68,17,131,18,234
969,99,19,115,17,250
970,102,33,82,17,234
975,52,31,68,17,168
976,64,34,51,17,166
977,50,34,51,17,152
978,65,34,66,18,183
979,82,34,66,17,199
982,51,17,66,17,151
983,51,32,67,16,166
986,50,16,66,17,149
987,51,33,101,17,202
988,51,16,101,17,185
989,65,17,68,17,167
991,66,16,100,17,199
993,67,18,65,17,167
995,68,16,64,18,166
997,51,32,68,16,167
999,65,15,120,14,214
1000,49,15,120,14,198
1001,167,14,52,17,250
1002,68,32,101,17,218
1003,51,32,101,17,201
1004,52,16,101,17,186
1005,301,17,66,16,400
1006,65,33,52,17,167
1007,101,16,68,16,201
1008,66,35,68,16,185
1009,67,16,68,16,167
1011,66,17,98,18,199
1012,52,17,98,18,185
1013,50,34,64,18,166
1014,68,31,101,16,216
1017,100,17,66,16,199
1018,82,17,66,16,181
1019,66,17,66,16,165
1020,101,33,67,17,218
1021,284,33,67,14,398
1025,66,17,67,16,166
1026,66,34,66,18,184
1030,67,33,102,14,216
1031,66,17,102,14,199
1033,300,16,101,16,433
1034,51,17,67,14,149
1035,52,33,67,14,166
1036,68,34,66,15,183
1038,100,33,66,17,216
1039,65,19,65,18,167
1040,67,33,66,17,183
1042,66,32,135,16,249
1044,65,34,50,17,166
1046,66,33,101,16,216
1047,68,16,101,16,201
1048,67,34,67,16,184
1051,66,18,100,16,200
1052,68,33,67,16,184
1054,67,32,51,17,167
1055,67,16,51,17,151
1056,100,33,66,16,215
1057,67,17,65,17,166
1058,67,33,66,16,182
1059,51,33,66,16,166
1060,51,17,66,16,150
1061,65,17,67,17,166
1062,65,34,67,16,182
1063,99,17,67,17,200
1065,101,17,67,16,201
1066,151,17,65,16,249
1067,67,17,67,16,167
1069,51,33,66,17,167
1070,67,34,65,16,182
1071,67,17,65,16,165
1072,50,17,65,16,148
1073,51,32,67,16,166
1074,66,33,86,15,200
1075,66,16,86,15,183
1076,99,34,67,15,215
1077,65,18,67,17,167
1081,52,33,83,18,186
1082,52,15,83,18,168
1083,51,34,67,14,166
1084,67,32,67,16,182
1086,101,32,68,18,219
1087,84,32,68,18,202
1088,67,32,68,18,185
1089,84,33,116,19,252
1090,100,35,81,19,235
1095,52,34,66,16,168
1096,53,16,66,16,151
1097,98,19,82,16,215
1098,65,35,82,16,198
1100,66,32,66,17,181
1101,82,32,69,15,198
1102,51,16,66,17,150
1103,51,32,69,15,167
1105,66,16,67,18,167
1106,66,35,50,15,166
1109,101,15,68,16,200
1111,83,33,51,17,184
1112,98,35,100,16,249
1113,50,33,51,17,151
1114,66,35,100,16,217
1117,66,17,67,16,166
1118,51,17,67,16,151
1119,51,33,118,16,218
1120,100,33,51,16,200
1121,67,17,67,17,168
1122,100,34,82,18,234
1124,67,34,82,18,201
1125,66,18,82,18,184
1126,67,33,67,16,183
1129,51,32,51,17,151
1131,65,18,117,17,217
1132,49,18,117,17,201
1133,99,16,100,16,231
1134,51,17,67,17,152
1135,67,16,100,16,199
1136,65,35,65,16,181
1137,84,34,132,17,267
1138,67,34,132,17,250
1140,52,17,132,17,218
1141,99,19,66,17,201
1143,64,19,66,17,166
1144,66,33,67,11,177
1147,68,17,83,18,186
1148,66,34,67,16,183
1150,50,17,67,16,150
1151,82,36,81,18,217
1155,89,32,51,16,188
1156,52,17,66,17,152
1159,83,33,67,16,199
1160,66,33,67,16,182
1161,83,33,66,17,199
1162,100,34,65,19,218
1163,100,18,65,19,202
1166,67,32,167,17,283
1167,51,32,167,17,267
1168,66,33,69,15,183
1169,67,16,69,15,167
1170,84,17,65,18,184
1172,102,32,67,16,217
1173,52,33,65,17,167
1175,165,17,53,13,248
1176,165,33,67,16,281
1177,67,15,67,16,165
1178,65,34,66,20,185
1180,67,33,53,13,166
1182,67,33,67,16,183
1183,103,13,67,17,200
1186,53,13,67,17,150
1188,302,33,51,16,402
1189,166,15,67,16,264
1192,50,17,67,17,151
1193,51,34,66,18,169
1194,68,33,67,16,184
1196,52,15,67,16,150
1197,53,33,101,16,203
1198,167,33,66,17,283
1199,98,18,66,18,200
1200,67,34,66,18,185
1202,68,33,51,16,168
1204,67,33,66,17,183
1206,84,16,100,15,215
1207,68,16,100,15,199
1210,66,33,67,18,184
1212,65,35,66,17,183
1213,67,17,66,17,167
1214,68,32,66,19,185
1216,67,34,67,17,185
1218,66,32,52,14,164
1219,51,32,52,14,149
1220,66,35,83,16,200
1221,67,16,83,16,182
1222,67,31,68,17,183
1224,52,14,68,17,151
1225,99,16,118,16,249
1226,66,33,118,16,233
1227,82,32,67,19,200
1228,68,32,67,19,186
1229,51,32,67,19,169
1230,99,33,68,17,217
1233,65,17,68,17,167
1234,286,14,101,18,419
1236,52,16,67,16,151
1237,102,17,65,19,203
1238,68,34,65,19,186
1239,167,16,65,17,265
1241,52,33,51,16,152
1243,66,16,66,18,166
1245,68,16,65,17,166
1246,51,16,65,17,149
1247,51,31,101,18,201
1249,65,16,85,17,183
1250,65,33,101,18,217
1251,98,17,67,18,200
1254,67,35,65,17,184
1255,85,32,67,17,201
1256,101,33,100,16,250
1258,100,34,66,16,216
1260,65,34,66,16,181
1261,66,17,66,16,165
1263,66,17,100,16,199
1264,51,17,100,16,184
1266,99,35,84,14,232
1267,65,17,51,18,151
1269,66,17,84,14,181
1270,51,17,84,14,166
1273,66,17,67,16,166
1274,98,35,133,17,283
1275,68,14,67,18,167
1276,99,32,68,16,215
1277,100,16,68,16,200
1278,67,32,68,16,183
1279,65,16,68,16,165
1280,85,16,67,17,185
1282,50,16,67,17,150
1283,50,34,99,17,200
1284,68,33,66,17,184
1286,67,33,116,16,232
1289,166,16,68,16,266
1293,165,18,99,17,299
1294,68,31,68,16,183
1295,82,36,66,15,199
1296,65,36,66,15,182
1297,49,36,66,15,166
1298,67,32,99,17,215
1299,66,18,99,17,200
1301,65,18,65,17,165
1303,85,32,68,16,201
1305,100,17,67,17,201
1307,67,17,67,17,168
1308,66,34,67,17,184
1310,101,34,66,18,219
1313,83,33,51,15,182
1314,67,33,51,15,166
1315,51,33,51,15,150
1316,67,33,67,15,182
1317,66,17,67,15,165
1321,66,18,100,18,202
1322,99,36,65,16,216
1323,64,17,68,18,167
1324,102,32,67,16,217
1325,69,17,65,16,167
1327,103,15,67,16,201
1328,101,34,98,19,252
1329,67,15,67,16,165
1331,101,17,84,15,217
1332,67,33,84,15,199
1333,65,17,84,15,181
1334,100,32,103,15,250
1335,51,33,51,15,150
1336,66,32,103,15,216
1337,68,14,103,15,200
1338,65,34,69,15,183
1339,100,16,51,17,184
1340,99,36,65,18,218
1343,67,17,65,18,167
1344,52,17,65,18,152
1345,52,32,66,18,168
1346,51,17,66,18,152
1348,65,33,85,15,198
1349,68,15,85,15,183
1350,84,17,50,15,166
1351,300,17,134,16,467
1352,51,17,50,15,133
1353,100,15,134,16,265
1356,50,15,134,16,215
1357,68,16,67,17,168
1358,67,35,65,16,183
1359,84,32,66,18,200
1360,50,19,65,16,150
1361,51,32,66,18,167
1363,150,35,66,16,267
1364,65,33,134,16,248
1365,101,15,66,17,199
1366,165,35,100,15,315
1369,50,35,66,16,167
1370,68,31,67,19,185
1371,50,31,67,19,167
1372,101,32,68,15,216
1373,66,18,100,15,199
1375,67,16,68,15,166
1376,86,14,69,15,184
1379,69,15,67,17,168
1380,68,34,65,17,184
1381,64,19,65,17,165
1382,69,33,67,15,184
1384,67,32,68,17,184
1385,503,14,135,15,667
1386,65,35,98,17,215
1387,67,18,98,17,200
1388,67,33,99,16,215
1389,65,18,99,16,198
1390,167,33,67,18,285
1391,68,15,67,16,166
1392,65,33,67,17,182
1394,99,33,67,18,217
1395,65,17,100,18,200
1396,67,33,67,18,185
1397,66,17,67,18,168
1398,67,34,51,14,166
1400,100,32,67,17,216
1402,67,32,67,17,183
1404,51,14,67,17,149
1405,65,18,66,19,168
1406,84,15,53,14,166
1407,81,34,100,18,233
1409,67,17,100,18,202
1413,67,17,51,16,151
1414,67,33,68,15,183
1416,167,33,51,16,267
1417,84,34,99,17,234
1419,99,17,67,17,200
1420,68,32,67,17,184
1422,66,33,51,16,166
1423,67,15,51,16,149
1425,68,16,66,17,167
1426,67,33,66,18,184
1427,115,33,67,19,234
1430,66,33,67,19,185
1431,66,16,67,19,168
1434,51,17,67,15,150
1435,51,32,101,16,200
1436,67,35,66,16,184
1437,68,16,66,16,166
1438,67,32,66,18,183
1439,66,17,66,18,167
1440,67,34,66,17,184
1441,65,17,66,17,165
1442,66,32,51,16,165
1443,67,16,51,16,150
1446,83,16,67,16,182
1447,50,33,67,16,166
1448,51,16,67,16,150
1449,66,17,67,17,167
1451,66,17,100,16,199
1453,50,34,66,16,166
1456,100,35,99,17,251
1457,51,33,67,17,168
1458,66,35,99,17,217
1459,65,19,99,17,200
1460,68,32,67,17,184
1461,166,17,116,17,316
1462,101,33,70,13,217
1463,51,34,103,13,201
1465,67,17,70,13,167
1466,67,34,116,17,234
1467,67,17,116,17,217
1469,51,36,80,17,184
1471,53,30,101,14,198
1472,66,34,67,14,181
1476,67,34,66,15,182
1477,67,17,66,15,165
1479,51,32,68,16,167
1480,100,34,99,16,249
1481,66,17,67,16,166
1482,66,34,99,16,215
1483,52,34,99,16,201
1484,68,33,66,16,183
1486,99,34,50,16,199
1487,52,32,84,16,184
1488,65,34,50,16,165
1491,100,16,67,17,200
1492,67,33,67,17,184
1494,50,16,67,17,150
1495,67,16,51,16,150
1496,66,34,84,17,201
1498,67,33,68,16,184
1500,51,16,68,16,151
1501,99,17,70,13,199
1502,66,35,70,13,184
1504,51,17,70,13,151
1505,67,17,67,15,166
1508,70,30,98,17,215
1509,151,31,67,18,267
1510,67,31,67,17,182
1511,100,17,98,18,233
1512,61,36,98,18,213
1513,67,17,98,18,200
1514,98,34,133,18,283
1515,52,31,67,18,168
1516,67,34,133,18,252
1518,65,33,100,18,216
1519,51,33,100,18,202
1520,67,34,66,18,185
1521,168,17,67,16,268
1522,301,32,101,16,450
1525,67,15,135,16,233
1526,51,15,135,16,217
1527,67,17,67,16,167
1528,101,33,66,17,217
1529,66,18,99,17,200
1531,51,33,66,17,167
1532,50,17,66,17,150
1533,51,33,65,16,165
1535,66,17,68,15,166
1536,66,32,101,16,215
1538,65,36,65,16,182
1540,68,32,67,16,183
1541,66,17,67,16,166
1542,68,33,66,18,185
1543,52,33,66,18,169
1544,99,32,68,17,216
1545,66,18,66,16,166
1546,99,34,51,15,199
1547,67,16,68,17,168
1548,66,34,51,15,166
1549,167,18,82,17,284
1550,100,32,67,17,216
1552,68,32,67,17,184
1553,99,18,82,17,216
1554,51,15,67,17,150
1556,67,32,100,17,216
1557,67,15,100,17,199
1558,52,15,100,17,184
1559,100,17,66,17,200
1560,99,33,65,18,215
1561,65,17,66,17,165
1562,83,17,65,18,183
1564,50,17,65,18,150
1565,100,15,68,17,200
1567,67,15,68,17,167
1569,168,15,66,17,266
1570,100,33,100,17,250
1573,67,16,100,17,200
1574,65,34,66,17,182
1575,69,15,66,17,167
1576,52,15,66,17,150
1577,68,16,66,18,168
1578,100,34,68,17,219
1580,66,34,68,17,185
1581,65,17,68,17,167
1583,51,33,117,16,217
1586,68,33,65,19,185
1587,50,33,65,19,167
1588,101,32,102,16,251
1589,51,33,67,16,167
1590,66,32,102,16,216
1591,65,16,102,16,199
1592,100,32,68,17,217
1593,83,32,68,17,200
1594,67,32,68,17,184
1595,101,17,64,19,201
1596,102,33,84,14,233
1598,67,33,84,14,198
1599,51,33,84,14,182
1600,51,17,84,14,166
1602,101,30,118,18,267
1604,68,30,118,18,234
1607,67,16,101,16,200
1608,148,18,65,16,247
1609,67,14,69,16,166
1610,53,14,69,16,152
1611,67,16,133,16,232
1614,100,34,67,17,218
1616,65,34,67,17,183
1619,65,18,66,16,165
1621,65,17,66,16,164
1623,167,16,103,14,300
1624,66,33,66,19,184
1625,99,17,52,16,184
1626,99,33,103,14,249
1627,65,17,52,16,150
1629,67,16,103,14,200
1630,66,35,68,14,183
1632,52,16,68,14,150
1633,100,19,66,16,201
1634,68,35,66,16,185
1635,65,19,66,16,166
1636,101,33,67,16,217
1641,52,33,100,17,202
1642,66,34,66,17,183
1643,50,34,66,17,167
1644,99,34,65,19,217
1645,67,16,51,16,150
1646,100,33,51,14,198
1647,67,18,65,19,169
1648,66,33,51,14,164
1651,102,14,53,14,183
1652,84,14,53,14,165
1653,100,15,67,20,202
1654,51,14,53,14,132
1655,67,15,67,20,169
1657,98,17,101,15,231
1658,53,14,54,15,136
1659,65,17,101,15,198
1660,67,35,66,15,183
1661,83,32,68,16,199
1662,54,15,66,15,150
1664,67,34,65,18,184
1665,81,34,66,16,197
1667,52,34,66,16,168
1668,99,35,67,15,216
1670,100,33,67,16,216
1671,50,35,67,15,167
1672,66,33,67,16,182
1674,51,17,67,16,151
1675,65,19,98,17,199
1676,67,33,65,17,182
1677,100,18,64,18,200
1679,68,18,64,18,168
1680,67,31,68,18,184
1681,69,14,68,18,169
1682,65,33,69,15,182
1683,151,33,64,19,267
1684,64,35,99,16,214
1685,65,17,99,16,197
1686,68,34,65,16,183
1689,51,33,64,19,167
1691,66,15,51,16,148
1693,101,16,52,16,185
1694,64,35,52,16,167
1695,66,16,52,16,150
1696,51,16,52,16,135
1697,70,16,82,17,185
1698,169,34,66,16,285
1700,52,16,66,17,151
1701,65,16,51,17,149
1702,82,17,66,16,181
1703,99,17,66,16,198
1705,67,17,66,16,166
1707,51,32,68,16,167
1708,66,34,66,18,184
1709,99,18,66,16,199
1710,100,32,67,17,216
1711,66,18,66,16,166
1712,68,32,67,17,184
1713,102,16,99,17,234
1714,66,34,99,17,216
1715,100,17,66,17,200
1716,66,33,66,17,182
1718,101,32,51,17,201
1721,51,32,51,17,151
1722,66,33,68,17,184
1724,65,35,66,15,181
1727,51,33,67,15,166
1728,68,33,132,17,250
1729,67,16,132,17,232
1731,51,34,82,16,183
1732,67,32,66,17,182
1733,50,32,66,17,165
1734,66,35,66,16,183
1735,68,18,66,16,168
1736,98,35,67,15,215
1737,83,35,67,15,200
1738,66,35,67,15,183
1739,49,35,67,15,166
1740,66,32,67,17,182
1741,51,32,67,17,167
1742,67,35,66,18,186
1743,68,17,66,18,169
1744,67,32,52,16,167
1746,67,34,117,16,234
1748,66,34,65,18,183
1749,51,34,65,18,168
1751,150,33,51,17,251
1752,67,32,83,18,200
1753,65,16,83,18,182
1754,65,34,67,17,183
1756,50,16,67,17,150
1757,151,32,66,17,266
1758,83,18,117,15,233
1759,83,34,98,17,232
1760,67,34,98,17,216
1761,70,17,98,17,202
1764,66,33,67,16,182
1765,66,16,67,16,165
1766,83,15,69,16,183
1767,68,15,69,16,168
1768,66,34,51,16,167
1770,67,35,67,16,185
1771,65,19,67,16,167
1772,69,32,68,15,184
1774,51,16,68,15,150
1776,83,17,67,16,183
1777,67,17,67,16,167
1778,51,17,67,16,151
1779,51,33,65,17,166
1780,100,31,136,16,283
1781,67,17,82,17,183
1782,149,17,68,16,250
1783,52,31,136,16,235
1785,65,18,64,18,165
1788,99,37,65,17,218
1789,51,31,170,16,268
1790,64,37,65,17,183
1791,66,19,65,17,167
1794,53,15,51,15,134
1795,152,31,67,16,266
1796,65,32,52,15,164
1797,66,15,52,15,148
1798,51,15,52,15,133
1799,84,31,67,16,198
1800,68,31,67,16,182
1803,65,17,67,15,164
1804,66,32,117,17,232
1805,66,16,117,17,216
1807,65,19,117,15,216
1808,67,32,67,18,184
1810,50,17,67,18,152
1811,67,17,52,15,151
1812,82,17,67,16,182
1813,84,33,100,19,236
1814,67,33,100,19,219
1817,50,34,66,19,169
1819,65,16,53,14,148
1821,69,15,102,16,202
1822,66,33,69,16,184
1823,50,33,69,16,168
1825,100,17,64,19,200
1826,67,35,64,19,185
1827,66,17,64,19,166
1828,85,15,52,16,168
1829,165,18,98,18,299
1833,67,16,100,15,198
1834,52,16,100,15,183
1835,66,18,98,18,200
1837,65,18,64,18,165
1839,52,33,65,16,166
1840,98,34,67,19,218
1842,98,34,52,14,198
1845,66,18,52,14,150
1846,68,33,67,16,184
1847,67,16,67,16,166
1848,86,14,68,17,185
1849,70,14,68,17,169
1850,52,14,68,17,151
1851,66,17,105,11,199
1852,67,34,71,11,183
1853,64,18,71,11,164
1854,169,31,51,15,266
1857,150,33,67,17,267
1858,71,30,64,18,183
1860,68,31,51,15,165
1861,52,31,51,15,149
1862,61,33,67,17,178
1863,50,33,67,17,167
1864,64,33,51,17,165
1866,100,34,66,17,217
1867,100,17,66,17,200
1868,67,34,66,17,184
1869,66,17,66,17,166
1870,51,17,66,17,151
1873,68,15,67,19,169
1874,51,15,67,19,152
1876,100,33,67,17,217
1877,51,31,133,17,232
1878,67,33,67,17,184
1879,50,33,67,17,167
1880,64,34,66,17,181
1881,67,17,66,17,167
1882,67,33,68,15,183
1883,64,17,68,15,164
1885,67,16,100,18,201
1886,66,35,65,18,184
1887,168,15,101,16,300
1888,83,17,51,15,166
1891,50,33,101,17,201
1893,168,16,134,15,333
1894,51,15,101,16,183
1897,83,33,134,15,265
1898,101,34,66,17,218
1899,66,16,134,15,231
1900,100,34,100,17,251
1901,66,18,66,17,167
1902,67,34,100,17,218
1903,84,32,151,16,283
1904,68,32,151,16,267
1905,101,17,51,14,183
1906,50,16,151,16,233
1907,66,17,51,14,148
1911,51,31,68,17,167
1912,117,16,51,15,199
1913,69,16,67,17,169
1914,83,16,51,15,165
1915,66,16,51,15,148
1916,68,34,100,16,218
1919,67,15,68,16,166
1922,68,32,100,15,215
1923,66,17,100,15,198
1924,68,32,100,16,216
1925,66,16,100,16,198
1926,64,34,66,16,180
1927,65,18,66,16,165
1928,66,34,67,16,183
1929,66,18,67,16,167
1930,68,32,100,18,218
1932,66,35,65,18,184
1935,52,34,98,17,201
1936,100,33,51,17,201
1939,67,15,51,17,150
1940,64,34,67,16,181
1942,302,32,66,16,416
1943,66,17,65,18,166
1944,51,17,65,18,151
1946,67,32,136,15,250
1947,66,16,136,15,233
1948,65,35,67,15,182
1951,68,16,100,16,200
1954,67,34,62,20,183
1955,99,17,66,16,198
1956,166,33,102,15,316
1957,66,17,66,16,165
1958,66,30,69,16,181
1959,67,14,69,16,166
1960,62,36,67,19,184
1961,67,16,67,19,169
1963,66,17,102,15,200
1964,69,34,100,18,221
1966,67,33,67,18,185
1967,70,14,67,18,169
1968,53,14,67,18,152
1969,69,17,50,15,151
1973,67,15,68,16,166
1976,68,33,66,17,184
1978,68,32,51,15,166
1979,101,17,100,17,235
1980,65,34,100,17,216
1982,83,15,68,17,183
1983,100,16,67,17,200
1984,51,15,68,17,151
1985,67,16,67,17,167
1987,67,16,66,18,167
1989,50,33,66,17,166
1991,482,35,65,18,600
1992,99,34,51,15,199
1993,67,15,85,15,182
1994,66,34,51,15,166
1995,66,17,51,15,149
2000,51,15,68,15,149
2001,66,18,66,17,167
2002,101,33,67,16,217
2003,151,32,67,15,265
2005,51,33,67,16,167
2006,66,35,65,16,182
2007,51,35,65,16,167
2008,68,32,67,15,182
2013,66,18,67,15,166
2014,67,32,100,18,217
2015,66,17,100,18,201
2016,66,35,65,18,184
2018,67,32,51,16,166
2019,84,33,68,15,200
2020,67,33,68,15,183
2021,51,33,68,15,167
2022,83,16,66,18,183
2023,68,16,66,18,168
2025,51,34,65,17,167
2026,68,32,68,16,184
2027,65,17,68,16,166
2028,66,33,118,15,232
2029,67,15,118,15,215
2030,65,35,83,15,198
2031,67,18,83,15,183
2032,68,32,66,17,183
2033,100,15,50,18,183
2034,100,33,69,15,217
2035,68,15,50,18,151
2037,300,17,99,16,432
2039,65,18,83,17,183
2041,84,31,118,17,250
2042,69,31,118,17,235
2043,52,31,118,17,218
2044,65,35,66,17,183
2045,66,17,66,17,166
2046,66,32,51,17,166
2047,51,32,51,17,151
2048,51,16,51,17,135
2049,66,17,133,16,232
2050,66,34,99,16,215
2052,51,17,99,16,183
2054,67,33,68,15,183
2055,66,17,68,15,166
2056,66,33,67,17,183
2057,65,17,67,17,166
2058,66,35,66,16,183
2059,66,19,66,16,167
2060,166,34,67,17,284
2061,52,32,100,18,202
2062,67,34,84,16,201
2063,51,34,84,16,185
2065,67,16,52,16,151
2066,66,34,67,17,184
2068,66,34,65,19,184
2069,68,16,65,19,168
2070,52,16,65,19,152
2072,67,32,117,17,233
2074,100,34,65,17,216
2077,84,33,65,19,201
2079,50,33,65,19,167
2080,99,33,67,16,215
2081,65,17,68,16,166
2082,98,35,67,17,217
2083,50,33,67,16,166
2085,69,16,67,17,169
2086,52,16,67,17,152
2087,99,19,65,18,201
2088,102,33,65,18,218
2089,64,19,65,18,166
2091,68,16,65,18,167
2092,52,16,65,18,151
2093,102,15,101,16,234
2095,66,15,101,16,198
2098,51,17,66,16,150
2099,50,33,118,14,215
2100,68,33,66,19,186
2101,67,16,66,19,168
2102,66,33,116,18,233
2103,101,16,83,18,218
2104,66,33,83,18,200
2106,66,33,68,16,183
2108,52,14,68,16,150
2109,66,18,66,16,166
2110,83,18,100,16,217
2111,64,18,100,16,198
2112,50,18,100,16,184
2113,51,33,67,16,167
2114,300,32,68,16,416
2115,67,18,66,16,167
2116,67,33,65,18,183
2119,51,33,84,16,184
2120,66,32,52,16,166
2121,101,16,134,16,267
2122,65,34,134,16,249
2124,66,34,66,17,183
2125,68,16,66,17,167
2126,52,16,66,17,151
2127,67,17,66,16,166
2128,68,32,68,16,184
2129,99,17,50,17,183
2130,66,34,50,17,167
2131,66,17,50,17,150
2132,66,34,65,20,185
2133,169,13,51,17,250
2134,68,33,52,13,166
2136,99,33,51,17,200
2137,51,32,69,15,167
2138,65,33,51,17,166
2139,69,13,51,17,150
2140,52,13,51,17,133
2141,100,17,68,16,201
2142,69,32,68,16,185
2144,51,17,68,16,152
2145,167,16,67,18,268
2146,66,34,83,16,199
2147,67,18,83,16,184
2148,68,32,51,16,167
2150,98,35,67,16,216
2151,66,16,67,18,167
2153,83,32,69,15,199
2155,51,32,69,15,167
2157,66,17,65,18,166
2158,67,34,64,19,184
2159,67,18,64,19,168
2160,100,33,68,16,217
2162,65,33,68,16,182
2165,68,16,99,17,200
2166,151,16,116,18,301
2169,65,16,67,19,167
2171,67,16,116,18,217
2172,99,36,65,16,216
2173,50,33,83,18,184
2174,67,36,65,16,184
2175,150,32,102,16,300
2178,168,32,51,16,267
2179,64,18,67,16,165
2180,65,32,102,16,215
2181,118,32,51,16,217
2182,65,35,67,16,183
2183,85,32,51,16,184
2185,167,17,65,18,267
2186,51,16,51,16,134
2187,67,18,66,18,169
2188,83,16,99,18,216
2189,67,16,99,18,200
2190,51,16,99,18,184
2191,67,17,65,18,167
2192,84,14,102,15,215
2195,66,16,69,15,166
2196,65,36,65,19,185
2198,51,18,65,19,153
2199,52,33,51,15,151
2201,66,17,68,17,168
2203,68,15,67,16,166
2205,67,18,65,17,167
2206,68,33,65,17,183
2207,98,16,67,16,197
2211,98,17,67,18,200
2212,65,34,67,18,184
2213,66,17,67,18,168
2214,100,34,67,16,217
2215,66,17,52,14,149
2216,101,32,67,17,217
2217,67,17,67,16,167
2218,67,32,67,17,183
2219,69,14,67,17,167
2221,68,16,66,18,168
2222,67,32,119,16,234
2223,149,34,99,17,299
2224,67,34,85,16,202
2225,65,17,85,16,183
2228,52,16,100,16,184
2229,51,34,99,17,201
2230,68,33,66,17,184
2233,50,33,133,18,234
2234,66,33,67,19,185
2236,66,34,66,18,184
2237,100,17,101,16,234
2238,67,33,101,16,217
2240,67,33,100,18,218
2241,101,16,133,17,267
2243,68,16,133,17,234
2245,98,16,67,17,198
2246,100,35,66,15,216
2247,66,16,67,17,166
2248,66,35,66,15,182
2249,67,17,66,15,165
2250,50,17,66,15,148
2251,100,17,65,17,199
2252,67,34,65,17,183
2253,66,17,65,17,165
2255,50,32,67,17,166
2256,66,33,68,16,183
2257,67,15,68,16,166
2259,67,17,68,17,169
2261,66,17,51,15,149
2265,68,15,66,17,166
2266,51,15,66,17,149
2268,65,33,67,17,182
2270,284,17,66,16,383
2273,68,16,51,15,150
2274,67,34,84,18,203
2275,101,15,70,15,201
2276,67,32,70,15,184
2277,67,15,70,15,167
2278,51,15,70,15,151
2279,66,17,51,17,151
2280,66,36,132,16,250
2281,67,18,132,16,233
2282,70,32,66,16,184
2283,53,32,66,16,167
2284,51,17,66,16,150
2285,100,16,100,17,233
2286,65,33,100,17,215
2287,67,16,100,17,200
2289,51,34,66,17,168
2290,150,17,65,18,250
2291,66,17,50,17,150
2292,100,34,65,18,217
2293,101,17,65,18,201
2294,83,17,65,18,183
2296,50,17,65,18,150
2298,67,32,52,16,167
2299,66,16,52,16,150
2300,166,33,67,16,282
2302,67,33,66,17,183
2303,101,16,66,16,199
2305,102,14,67,16,199
2306,166,33,66,18,283
2307,68,14,67,16,165
2308,66,33,50,17,166
2309,66,16,50,17,149
2311,63,18,66,16,163
2314,50,17,66,18,151
2315,68,16,51,17,152
2316,66,33,67,16,182
2317,66,17,67,16,166
2318,66,35,66,17,184
2319,67,17,66,17,167
2320,51,17,66,17,151
2321,52,32,100,16,200
2322,67,34,66,16,183
2323,65,18,66,16,165
2324,66,33,66,18,183
2325,68,16,66,18,168
2326,51,16,66,18,151
2327,51,33,67,17,168
2330,66,34,67,17,184
2331,67,16,67,17,167
2333,68,18,66,15,167
2335,65,18,65,19,167
2336,101,31,168,17,317
2337,99,16,168,17,300
2338,66,31,168,17,282
2340,65,36,164,18,283
2341,67,17,164,18,266
2342,50,17,164,18,249
2343,102,17,97,18,234
2344,52,17,66,17,152
2345,67,17,97,18,199
2347,83,33,134,17,267
2348,66,33,134,17,250
2349,99,15,102,17,233
2350,65,32,102,17,216
2353,66,18,66,17,167
2356,70,32,65,17,184
2357,84,32,69,15,200
2358,66,32,69,15,182
2360,97,36,83,16,232
2362,65,36,83,16,200
2364,69,31,52,16,168
2365,101,17,65,17,200
2366,51,16,52,16,135
2367,68,17,65,17,167
2368,66,33,66,16,181
2369,51,33,66,16,166
2371,99,17,66,18,200
2372,65,34,66,18,183
2373,65,17,66,18,166
2374,66,34,50,15,165
2375,67,18,50,15,150
2377,101,15,119,16,251
2378,84,15,119,16,234
2379,68,15,119,16,218
2381,67,17,85,16,185
2382,67,34,51,16,168
2383,100,17,132,16,265
2384,51,17,51,16,135
2385,102,16,84,15,217
2388,99,34,84,16,233
2389,66,16,67,16,165
2390,81,18,84,16,199
2391,82,33,67,16,198
2393,68,15,67,16,166
2394,67,33,102,16,218
2395,102,16,68,16,202
2397,66,16,68,16,166
2398,51,16,68,16,151
2399,51,33,51,16,151
2400,67,35,64,18,184
2401,68,16,64,18,166
2402,52,16,64,18,150
2403,101,15,68,17,201
2404,99,35,67,16,217
2405,65,15,68,17,165
2407,66,17,67,16,166
2408,84,16,99,17,216
2409,67,16,99,17,199
2410,52,16,99,17,184
2412,67,35,66,15,183
2414,69,30,103,14,216
2415,99,19,67,14,199
2416,65,36,67,14,182
2417,66,19,67,14,166
2418,66,31,67,17,181
2419,65,16,67,17,165
2420,51,16,67,17,151
2422,67,31,86,14,198
2425,67,17,52,14,150
2426,65,35,66,15,181
2427,67,19,66,15,167
2428,86,14,67,18,185
2429,69,14,67,18,168
2430,52,14,67,18,151
2431,66,19,65,16,166
2432,164,34,67,18,283
2434,152,15,67,18,252
2435,69,15,99,18,201
2439,67,15,67,18,167
2440,52,15,67,18,152
2441,67,16,86,17,186
2442,66,35,51,17,169
2444,67,34,99,19,219
2445,69,16,99,19,203
2446,69,34,65,19,187
2450,67,32,99,19,217
2451,65,17,99,19,200
2452,84,14,66,19,183
2453,69,14,66,19,168
2454,51,14,66,19,150
2456,68,31,67,17,183
2457,65,15,67,17,164
2458,66,35,66,16,183
2460,66,32,68,17,183
2461,66,16,68,17,167
2462,51,16,68,17,152
2463,65,17,100,17,199
2465,66,18,66,17,167
2469,301,17,66,17,401
2470,466,34,99,18,617
2473,66,16,101,15,198
2474,167,33,67,16,283
2477,100,17,67,16,200
2478,51,16,101,16,184
2479,99,18,67,16,200
2480,66,33,67,16,182
2481,65,18,67,16,166
2482,101,33,66,18,218
2483,67,17,66,17,167
2484,67,33,66,18,184
2485,52,33,66,18,169
2486,67,33,68,15,183
2487,299,17,100,18,434
2488,66,33,67,16,182
2489,67,16,67,16,166
2491,85,32,67,17,201
2492,100,34,99,18,251
2493,99,18,99,18,234
2495,65,18,99,18,200
2496,66,33,66,18,183
2497,51,33,66,18,168
2502,100,35,65,16,216
2503,67,16,100,16,199
2505,67,19,65,16,167
2508,66,34,67,16,183
2510,99,33,98,19,249
2511,50,34,66,16,166
2512,68,33,98,19,218
2514,100,33,67,17,217
2515,51,33,65,19,168
2516,66,33,67,17,183
2518,66,32,52,17,167
2519,66,16,52,17,151
2520,65,35,67,17,184
2523,51,34,66,16,167
2524,52,17,66,16,151
2525,66,17,67,16,166
2526,67,33,99,19,218
2527,67,16,99,19,201
2531,66,16,52,17,151
2532,99,36,97,19,251
2534,84,17,97,19,217
2536,52,17,97,19,185
2537,52,31,66,19,168
2538,67,33,52,17,169
2540,64,33,68,16,181
2541,67,16,68,16,167
2542,66,36,64,18,184
2543,69,17,64,18,168
2544,101,32,69,16,218
2547,65,16,69,16,166
2549,68,18,65,17,168
2550,68,33,64,18,183
2552,52,17,64,18,151
2553,51,32,67,17,167
2554,65,32,52,17,166
2555,66,15,52,17,150
2556,64,35,66,17,182
2557,100,17,66,18,201
2559,67,17,66,18,168
2560,52,17,66,18,153
2561,51,32,101,15,199
2562,66,34,67,15,182
2563,66,17,67,15,165
2564,66,34,67,15,182
2566,68,33,100,16,217
2567,51,33,100,16,200
2572,67,33,66,17,183
2573,85,32,118,16,251
2574,98,34,84,16,232
2575,101,16,84,16,217
2577,100,18,65,17,200
2578,66,35,65,17,183
2579,67,18,65,17,167
2581,51,31,69,17,168
2583,67,16,117,16,216
2584,65,35,82,16,198
2586,86,15,66,18,185
2587,51,32,66,18,167
2588,52,15,66,18,151
2590,98,34,67,15,214
2591,65,16,166,17,264
2592,167,32,67,17,283
2593,51,34,67,15,167
2594,284,17,67,17,385
2595,66,17,66,16,165
2596,67,34,65,17,183
2597,66,17,65,17,165
2600,66,33,67,17,183
2602,65,34,151,16,266
2603,50,34,151,16,251
2605,68,16,83,18,185
2606,67,34,67,17,185
2607,67,17,67,17,168
2608,50,17,67,17,151
2609,50,33,51,16,150
2611,101,16,66,17,200
2612,67,33,66,17,183
2614,51,16,66,17,150
2615,51,33,67,17,168
2617,150,34,65,17,266
2618,66,34,85,16,201
2620,67,34,149,16,266
2621,84,34,65,17,200
2624,68,33,66,16,183
2625,68,16,66,16,166
2626,67,32,50,16,165
2627,52,32,50,16,150
2629,166,17,83,16,282
2630,66,32,102,16,216
2631,67,16,102,16,201
2633,67,16,68,16,167
2634,66,35,83,16,200
2635,68,17,83,16,184
2636,52,17,83,16,168
2637,165,17,52,16,250
2638,68,33,65,17,183
2639,66,17,65,17,165
2642,98,35,65,17,215
2644,100,33,67,16,216
2645,83,33,67,16,199
2646,67,33,67,16,183
2648,52,16,67,16,151
2649,51,32,118,16,217
2650,65,35,83,16,199
2652,67,32,51,16,166
2653,99,18,100,15,232
2654,102,32,101,16,251
2655,67,18,100,15,200
2656,67,32,101,16,216
2657,51,32,101,16,200
2658,51,16,101,16,184
2660,65,35,65,18,183
2661,68,16,65,18,167
2662,52,16,65,18,151
2663,66,18,66,17,167
2664,68,32,51,17,168
2666,65,34,99,18,216
2667,68,16,99,18,201
2669,67,17,83,18,185
2670,151,18,64,18,251
2673,66,16,85,15,182
2674,83,18,64,18,183
2675,67,18,64,18,167
2676,50,18,64,18,150
2677,52,33,66,17,168
2680,64,35,84,15,198
2681,51,35,84,15,185
2682,66,33,133,17,249
2683,67,16,133,17,233
2685,50,33,68,16,167
2686,166,32,68,16,282
2687,100,17,64,19,200
2688,66,35,64,19,184
2691,66,16,133,17,232
2692,67,32,68,16,183
2693,100,16,66,17,199
2694,64,35,66,17,182
2696,67,33,50,16,166
2697,67,16,50,16,149
2698,68,33,84,16,201
2699,166,16,66,17,265
2700,66,33,51,16,166
2701,66,16,51,16,149
2702,50,16,51,16,133
2703,69,16,82,16,183
2704,68,32,66,17,183
2705,67,16,66,17,166
2706,51,16,66,17,150
2709,66,16,54,14,150
2710,66,36,67,14,183
2712,69,32,67,15,183
2713,84,35,81,18,218
2714,54,14,67,15,150
2715,51,35,81,18,185
2717,63,18,67,15,163
2718,99,35,84,16,234
2719,64,17,68,17,166
2720,64,35,84,16,199
2722,100,33,67,18,218
2724,68,33,67,18,186
2725,51,33,67,18,169
2727,69,16,66,18,169
2728,51,16,66,18,151
2730,67,33,84,16,200
2735,66,16,66,16,164
2737,82,33,101,16,232
2738,67,33,101,16,217
2739,49,33,101,16,199
2740,66,34,67,16,183
2742,83,17,66,17,183
2743,67,17,66,17,167
2744,167,34,134,15,350
2745,51,34,66,17,168
2747,100,17,83,18,218
2748,50,16,51,17,134
2750,66,34,134,15,249
2752,51,17,134,15,217
2753,51,32,68,15,166
2754,66,35,67,15,183
2755,66,18,67,15,166
2757,85,34,66,16,201
2758,68,34,66,16,184
2759,85,33,67,16,201
2760,67,33,67,16,183
2761,52,33,67,16,168
2763,52,33,50,16,151
2764,66,34,65,17,182
2766,67,32,100,16,215
2767,68,16,100,16,200
2771,66,17,66,18,167
2774,168,31,68,17,284
2775,66,17,68,16,167
2776,66,34,65,18,183
2777,68,16,65,18,167
2778,51,16,65,18,150
2779,51,34,99,17,201
2780,68,31,68,17,184
2781,99,18,65,16,198
2782,101,32,67,16,216
2783,67,18,65,16,166
2784,166,33,65,18,282
2785,51,32,67,16,166
2786,101,34,66,17,218
2787,67,16,50,17,150
2788,99,33,65,18,215
2789,67,18,66,17,168
2793,51,33,66,19,169
2794,66,32,53,14,165
2795,167,18,64,17,266
2797,102,14,68,16,200
2798,66,33,68,16,183
2799,300,16,135,15,466
2800,53,14,68,16,151
2802,69,32,66,17,184
2803,98,16,51,17,182
2804,52,16,66,17,151
2805,99,17,67,17,200
2806,98,34,100,16,248
2809,300,18,67,14,399
2810,168,35,81,18,302
2811,51,33,67,16,167
2812,67,33,135,15,250
2814,66,34,101,15,216
2815,67,16,101,15,199
2816,67,35,81,18,201
2817,66,19,81,18,184
2818,50,19,81,18,168
2821,68,17,100,14,199
2822,99,32,118,16,265
2823,66,18,67,14,165
2825,66,16,118,16,216
2827,50,35,83,16,184
2828,67,33,66,18,184
2831,52,32,68,16,168
2832,99,34,65,16,214
2833,303,14,53,16,386
2834,66,34,65,16,181
2836,100,33,66,19,218
2837,50,32,66,18,166
2838,66,33,66,19,184
2839,65,16,66,19,166
2841,65,17,52,16,150
2842,66,33,67,18,184
2843,67,15,67,18,167
2844,85,16,68,17,186
2845,69,16,68,17,170
2846,52,16,68,17,153
2847,100,18,66,15,199
2848,67,36,66,15,184
2849,66,18,66,15,165
2850,68,33,65,19,185
2851,67,16,65,19,167
2852,102,32,66,19,219
2853,51,33,51,13,148
2855,100,13,53,16,182
2856,65,32,53,16,166
2857,99,16,118,17,250
2859,168,16,66,18,268
2860,66,35,100,17,218
2862,53,16,100,17,186
2863,68,17,66,17,168
2865,66,16,66,18,166
2866,100,32,67,18,217
2867,66,17,67,15,165
2869,67,15,67,18,167
2870,66,35,65,18,184
2871,67,17,65,18,167
2873,165,18,67,18,268
2874,50,17,101,18,186
2876,65,34,119,15,233
2877,68,16,119,15,218
2878,51,16,119,15,201
2879,101,15,52,15,183
2880,68,33,52,15,168
2882,166,35,66,18,285
2883,51,34,65,17,167
2886,99,35,66,18,218
2887,68,14,68,16,166
2888,65,35,66,18,184
2890,67,33,51,15,166
2892,68,33,100,18,219
2896,51,15,67,18,151
2900,51,16,66,17,150
2901,166,17,65,17,265
2903,99,16,66,20,201
2904,66,33,66,20,185
2906,65,35,65,17,182
2907,84,31,67,18,200
2909,102,14,68,17,201
2910,66,34,68,17,185
2911,68,14,68,17,167
2912,65,33,52,16,166
2913,100,17,65,17,199
2914,67,35,65,17,184
2915,65,17,65,17,164
2917,68,16,99,17,200
2918,100,34,67,19,220
2920,65,34,67,19,185
2922,66,33,53,14,166
2923,65,17,53,14,149
2924,50,17,53,14,134
2925,67,17,66,18,168
2927,102,15,100,18,235
2928,53,14,51,16,134
2929,68,15,100,18,201
2930,84,16,66,18,184
2931,65,16,66,18,165
2932,100,33,102,16,251
2933,65,17,67,17,166
2934,67,33,102,16,218
2935,67,15,102,16,200
2936,51,15,102,16,184
2938,51,16,68,16,151
2941,51,33,66,16,166
2942,52,16,66,16,150
2943,51,33,66,16,166
2944,66,33,116,17,232
2946,99,33,67,17,216
2947,66,17,83,17,183
2948,66,33,67,17,183
2949,66,17,67,17,167
2952,66,34,66,17,183
2955,102,15,84,16,217
2957,100,17,50,16,183
2958,150,16,67,16,249
2959,66,17,50,16,149
2960,66,33,67,15,181
2961,99,16,67,16,198
2962,51,16,67,15,149
2963,67,16,67,16,166
2964,50,16,67,16,149
2965,66,17,99,18,200
2966,100,34,67,15,216
2968,67,34,67,15,183
2969,66,18,67,15,166
2972,101,33,67,16,217
2974,67,33,67,16,183
2975,65,18,67,16,166
2976,50,18,67,16,151
2977,100,17,66,18,201
2978,66,34,66,18,184
2980,67,33,51,16,167
2981,67,17,51,16,151
2982,67,33,82,18,200
2983,65,18,82,18,183
2984,66,34,66,16,182
2985,50,34,66,16,166
2987,52,31,102,17,202
2989,98,16,52,16,182
2990,66,32,52,16,166
2991,99,18,66,17,200
2994,67,33,66,17,183
2995,51,33,66,17,167
2996,52,16,66,17,151
2997,51,33,67,17,168
2998,66,33,118,17,234
3000,66,34,84,17,201
3001,67,17,84,17,185
3003,67,15,134,17,233
3006,66,35,100,17,218
3007,67,17,100,17,201
3009,52,33,67,17,169
3010,68,32,117,19,236
3011,66,16,117,19,218
3012,100,32,69,14,215
3014,67,32,69,14,182
3015,68,15,69,14,166
3016,117,19,181,16,333
3019,65,19,181,16,281
3020,100,35,65,16,216
3022,66,35,65,16,182
3023,166,17,66,18,267
3024,66,33,82,16,197
3026,68,32,66,18,184
3027,65,17,66,18,166
3028,115,16,68,17,216
3029,66,17,66,18,167
3031,67,16,68,17,168
3032,66,33,67,17,183
3033,101,17,66,16,200
3035,67,17,66,16,166
3036,68,32,68,16,184
3037,150,32,66,18,266
3038,52,15,68,16,151
3040,66,34,65,16,181
3041,65,18,65,16,164
3043,67,16,66,18,167
3044,99,33,68,16,216
3045,67,16,51,16,150
3047,49,33,68,16,166
3048,66,34,134,17,251
3050,51,16,134,17,218
3051,69,16,69,14,168
3052,851,16,86,15,968
3053,100,19,64,16,199
3054,50,16,68,17,151
3056,69,31,66,17,183
3058,68,33,67,17,185
3061,66,17,51,16,150
3062,66,34,66,19,185
3063,66,17,66,19,168
3064,67,33,67,18,185
3065,51,33,67,18,169
3066,51,16,67,18,152
3068,66,34,83,17,200
3071,167,17,67,16,267
3072,102,32,67,16,217
3073,65,18,65,17,165
3074,68,32,67,16,183
3075,65,17,67,16,165
3076,66,33,67,16,182
3078,99,33,50,17,199
3079,67,17,66,17,167
3082,100,34,66,19,219
3083,100,17,66,19,202
3084,66,34,66,19,185
3085,67,17,66,19,169
3086,50,17,66,19,152
3088,68,32,85,16,201
3089,67,16,85,16,184
3090,66,33,52,16,167
3093,101,16,65,18,200
3094,51,15,68,16,150
3095,66,16,65,18,165
3097,65,18,50,17,150
3098,68,32,86,15,201
3099,65,16,86,15,182
3100,65,35,133,16,249
3101,68,17,133,16,234
3103,51,33,66,16,166
3104,68,33,67,16,184
3105,68,15,67,16,166
3106,66,33,50,17,166
3107,68,16,50,17,151
3108,66,34,83,16,199
3109,64,18,83,16,181
3110,83,17,50,16,166
3111,100,17,84,15,216
3112,50,17,50,16,133
3113,68,17,84,15,184
3114,83,16,52,15,166
3116,50,16,52,15,133
3117,65,18,66,17,166
3118,66,33,69,14,182
3119,68,15,69,14,166
3121,51,33,67,18,169
3122,83,19,64,17,183
3123,65,19,64,17,165
3125,52,31,66,17,166
3126,67,33,101,17,218
3127,68,15,101,17,201
3128,64,33,85,17,199
3129,67,16,85,17,185
3130,66,34,51,17,168
3132,101,34,66,15,216
3133,101,17,66,15,199
3134,68,34,66,15,183
3136,51,17,66,15,149
3138,67,33,50,16,166
3139,67,16,50,16,149
3140,66,34,66,16,182
3142,67,32,135,15,249
3146,66,33,99,19,217
3147,66,17,99,19,201
3149,51,34,65,19,169
3150,101,31,52,15,199
3151,100,16,52,15,183
3152,68,31,52,15,166
3153,65,16,52,15,148
3155,67,16,69,15,167
3157,51,32,68,17,168
3158,52,15,68,17,152
3159,66,19,197,17,299
3161,67,16,133,16,232
3164,65,33,66,16,180
3165,50,33,66,16,165
3167,100,16,134,17,267
3168,65,34,134,17,250
3169,67,16,134,17,234
3170,66,33,134,17,250
3172,100,34,67,17,218
3175,68,16,67,17,168
3176,51,16,67,17,151
3177,50,34,66,16,166
3178,101,33,167,17,318
3180,67,33,167,17,284
3182,66,33,68,15,182
3183,65,17,68,15,165
3184,66,35,65,16,182
3185,67,17,65,16,165
3187,52,33,98,21,204
3188,100,34,100,15,249
3189,82,34,100,15,231
3192,66,32,100,16,214
3193,51,32,100,16,199
3196,53,14,99,17,183
3199,62,17,117,17,213
3201,65,18,83,17,183
3202,66,34,101,17,218
3203,68,17,101,17,203
3204,51,17,101,17,186
3206,83,17,100,18,218
3207,66,17,100,18,201
3208,101,31,52,16,200
3211,69,14,52,16,151
3212,100,34,67,17,218
3214,65,34,67,17,183
3216,52,16,67,17,152
3217,51,34,66,17,168
3218,68,33,132,16,249
3219,66,17,132,16,231
3220,167,32,51,15,265
3221,52,33,67,16,168
3222,50,16,67,16,149
3224,67,33,83,15,198
3225,66,17,83,15,181
3226,67,32,51,15,165
3227,98,17,102,16,233
3228,65,33,102,16,216
3229,100,15,69,16,200
3231,67,15,69,16,167
3232,85,15,67,17,184
3233,69,15,67,17,168
3234,52,15,67,17,151
3235,166,18,64,17,265
3236,69,32,100,16,217
3238,150,17,67,17,251
3239,68,16,67,16,167
3241,66,18,64,17,165
3242,68,32,67,17,184
3243,66,17,67,17,167
3244,50,17,67,17,151
3245,150,33,67,16,266
3247,66,18,100,16,200
3249,84,33,67,16,200
3250,52,16,67,16,151
3252,66,34,67,16,183
3256,67,34,83,17,201
3258,67,34,99,18,218
3259,151,33,54,11,249
3262,67,33,66,21,187
3263,67,17,66,21,171
3265,50,33,54,11,148
3267,68,15,67,16,166
3269,100,16,67,17,200
3270,100,32,52,15,199
3271,66,16,67,17,166
3272,67,32,52,15,166
3273,62,16,52,15,145
3274,51,16,52,15,134
3275,65,18,66,18,167
3277,51,32,52,15,150
3278,52,15,52,15,134
3279,69,15,83,17,184
3280,66,33,100,16,215
3281,67,15,100,16,198
3282,52,15,100,16,183
3283,164,17,52,14,247
3284,68,32,66,16,182
3286,50,17,66,16,149
3287,65,17,67,18,167
3288,65,33,52,14,164
3289,66,17,52,14,149
3290,66,34,68,15,183
3291,66,18,68,15,167
3293,69,14,68,18,169
3294,102,32,67,16,217
3295,50,36,67,15,168
3296,68,32,67,16,183
3297,65,17,67,16,165
3298,51,17,67,16,151
3299,67,17,64,18,166
3300,67,32,67,17,183
3301,67,17,67,17,168
3304,99,31,68,17,215
3306,67,31,68,17,183
3307,68,14,68,17,167
3309,66,17,67,16,166
3310,66,33,50,17,166
3311,66,16,50,17,149
3312,52,16,50,17,135
3314,67,33,66,17,183
3315,66,17,66,17,166
3316,50,17,66,17,150
3317,67,17,100,15,199
3318,99,35,66,16,216
3319,68,15,68,15,166
3321,66,18,66,16,166
3322,67,33,99,17,216
3324,50,18,99,17,184
3326,66,34,67,15,182
3327,67,18,67,15,167
3328,299,33,66,18,416
3330,66,35,83,17,201
3331,67,18,83,17,185
3332,67,32,68,16,183
3333,67,17,68,16,168
3334,50,17,68,16,151
3335,66,18,67,16,167
3336,66,34,98,19,217
3342,65,33,66,18,182
3343,67,15,66,18,166
3344,167,34,65,16,282
3345,68,17,83,17,185
3346,52,17,83,17,169
3348,168,33,132,17,350
3349,100,17,65,16,198
3350,66,34,65,16,181
3352,70,32,99,17,218
3353,52,32,99,17,200
3354,99,32,67,16,214
3355,66,16,132,17,231
3356,97,34,66,17,214
3357,101,16,66,17,200
3358,99,33,50,18,200
3360,66,33,50,18,167
3362,51,16,50,18,135
3364,83,18,98,19,218
3366,50,18,98,19,185
3367,86,32,51,16,185
3368,69,32,51,16,168
3369,67,17,51,16,151
3370,66,32,70,15,183
3371,81,35,99,18,233
3372,64,35,99,18,216
3373,68,16,99,18,201
3374,51,16,99,18,184
3376,101,33,67,15,216
3377,66,16,51,16,149
3378,99,34,68,15,216
3379,67,16,67,15,165
3381,67,16,68,15,166
3383,98,20,66,16,200
3384,67,35,66,16,184
3385,64,20,66,16,166
3386,68,33,67,17,185
3387,65,18,67,17,167
3388,152,16,65,18,251
3393,83,34,82,18,217
3396,67,31,51,18,167
3397,67,14,51,18,150
3398,51,14,51,18,134
3399,67,16,66,18,167
3400,65,35,99,16,215
3401,65,18,99,16,198
3402,51,18,99,16,184
3403,51,31,68,16,166
3404,100,34,66,18,218
3406,65,34,66,18,183
3407,83,32,70,13,198
3408,68,32,70,13,183
3409,50,32,70,13,165
3410,100,36,132,16,284
3411,66,17,67,17,167
3413,68,18,132,16,234
3415,66,18,51,17,152
3417,66,17,117,16,216
3419,69,17,66,17,169
3420,51,17,66,17,151
3421,51,33,100,15,199
3422,67,33,99,18,217
3423,66,17,99,18,200
3424,66,33,66,18,183
3425,164,15,99,17,295
3427,50,34,65,18,167
3428,67,32,66,19,184
3430,66,33,99,17,215
3431,83,33,66,17,199
3432,65,33,66,17,181
3434,51,15,66,17,149
3435,67,16,67,17,167
3436,52,16,67,17,152
3438,66,36,65,16,183
3439,64,19,65,16,164
3441,69,15,67,17,168
3442,68,33,51,17,169
3443,152,33,67,17,269
3444,65,34,67,17,183
3445,64,18,67,17,166
3447,68,17,67,16,168
3448,51,17,67,16,151
3450,67,34,65,16,182
3451,67,17,65,16,165
3452,50,17,65,16,148
3453,66,17,67,17,167
3454,67,32,52,15,166
3455,98,19,101,14,232
3456,100,32,69,14,215
3458,67,32,69,14,182
3459,67,15,69,14,165
3460,52,15,69,14,150
3461,67,16,70,15,168
3462,64,37,114,18,233
3463,66,18,114,18,216
3464,69,33,99,16,217
3465,53,33,99,16,201
3466,70,31,101,16,218
3467,66,16,101,16,199
3468,297,36,81,16,430
3469,50,34,67,16,167
3470,65,34,66,17,182
3473,51,33,100,15,199
3474,50,17,100,15,182
3475,166,17,53,14,250
3477,67,17,65,17,166
3478,67,33,68,17,185
3479,99,17,53,14,183
3480,99,36,81,16,232
3484,68,31,102,15,216
3485,84,33,69,15,201
3489,64,16,51,17,148
3490,66,36,65,18,185
3491,67,18,65,18,168
3492,84,17,51,15,167
3493,67,17,51,15,150
3494,51,17,51,15,134
3495,68,15,84,16,183
3496,65,33,67,16,181
3498,51,15,67,16,149
3500,84,16,67,21,188
3502,99,35,82,18,234
3505,66,17,82,18,183
3506,67,34,98,19,218
3508,167,34,66,19,286
3509,67,17,65,19,168
3510,100,32,51,17,200
3511,111,34,66,19,230
3513,67,15,51,17,150
3515,69,15,66,19,169
3520,85,17,65,17,184
3524,52,15,67,16,150
3527,66,16,69,14,165
3529,66,18,133,16,233
3530,83,19,65,16,183
3532,50,19,65,16,150
3533,167,18,66,17,268
3534,67,33,67,16,183
3537,67,17,67,16,167
3538,66,34,66,17,183
3541,84,33,68,16,201
3542,67,33,68,16,184
3543,51,33,68,16,168
3545,67,16,118,15,216
3546,66,35,83,15,199
3547,50,35,83,15,183
3550,51,17,99,18,185
3551,101,15,135,17,268
3553,67,15,135,17,234
3554,99,35,66,17,217
3555,66,17,101,17,201
3556,68,35,66,17,186
3557,67,17,66,17,167
3558,52,17,66,17,152
3559,166,19,65,17,267
3560,101,31,69,15,216
3561,100,14,69,15,198
3563,67,14,69,15,165
3564,52,14,69,15,150
3565,101,17,67,14,199
3566,67,33,67,14,181
3567,150,32,52,16,250
3568,69,32,67,16,184
3569,52,32,67,16,167
3570,65,35,133,17,250
3571,66,18,133,17,234
3572,99,33,85,15,232
3573,52,32,52,16,152
3574,67,33,85,15,200
3575,66,17,85,15,183
3576,84,16,50,15,165
3577,70,16,50,15,151
3578,52,16,50,15,133
3579,52,33,83,16,184
3582,100,32,66,17,215
3583,66,18,98,17,199
3584,67,32,66,17,182
3586,51,16,66,17,150
3587,100,16,52,16,184
3588,98,34,68,16,216
3589,66,16,52,16,150
3590,66,34,68,16,184
3594,52,16,99,17,184
3595,51,34,65,17,167
3596,68,32,50,17,167
3597,482,33,118,17,650
3598,66,33,68,17,184
3599,101,17,67,15,200
3600,65,34,67,15,181
3601,66,17,67,15,165
3602,50,17,67,15,149
3603,50,34,100,17,201
3607,50,33,51,16,150
3608,66,34,66,17,183
3609,65,18,66,17,166
3610,84,16,98,18,216
3612,51,16,98,18,183
3613,284,33,68,16,401
3615,66,15,134,17,232
3619,66,17,66,17,166
3620,68,33,84,16,201
3621,67,17,84,16,184
3622,68,33,118,17,236
3624,100,33,68,16,217
3625,84,33,68,16,201
3627,51,33,68,16,168
3629,66,17,68,15,166
3630,101,33,65,18,217
3632,68,33,65,18,184
3633,52,33,65,18,168
3635,65,16,52,16,149
3636,64,34,68,16,182
3637,65,17,68,16,166
3638,65,34,66,18,183
3640,52,16,66,18,152
3641,68,17,50,15,150
3643,100,15,67,17,199
3644,50,16,100,17,183
3645,100,18,66,15,199
3647,67,18,66,15,166
3649,99,18,65,17,199
3650,102,33,67,16,218
3651,149,35,65,17,266
3652,66,33,67,16,182
3655,67,16,68,16,167
3657,50,35,65,17,167
3658,149,19,98,17,283
3660,68,32,52,15,167
3661,51,32,52,15,150
3663,85,31,67,17,200
3664,84,15,67,17,183
3665,83,34,67,16,200
3666,52,15,67,17,151
3667,50,34,67,16,167
3668,65,33,68,16,182
3669,67,15,68,16,166
3670,101,34,66,16,217
3671,50,34,67,16,167
3672,67,34,66,16,183
3676,50,17,66,17,150
3678,99,34,165,17,315
3679,66,17,50,16,149
3680,100,32,84,16,232
3681,100,16,84,16,216
3682,67,32,84,16,199
3683,67,16,84,16,183
3684,50,16,84,16,166
3686,65,34,66,17,182
3688,67,33,101,16,217
3689,67,16,101,16,200
3690,51,16,101,16,184
3691,100,18,66,17,201
3692,66,35,66,17,184
3693,66,18,66,17,167
3696,51,17,66,17,151
3701,67,16,116,17,216
3702,66,35,81,17,199
3703,67,17,81,17,182
3704,51,17,81,17,166
3705,51,32,99,19,201
3707,67,16,65,19,167
3708,81,17,85,15,198
3713,69,16,164,19,268
3714,68,32,102,16,218
3715,51,32,102,16,201
3716,102,33,100,16,251
3717,65,18,67,16,166
3718,67,33,100,16,216
3722,67,30,269,18,384
3723,67,14,269,18,368
3724,64,36,100,17,217
3726,66,33,67,17,183
3727,66,17,67,17,167
3729,50,33,51,15,149
3731,84,32,101,18,235
3733,51,32,101,18,202
3735,66,17,84,14,181
3737,50,32,52,14,148
3739,67,16,85,14,182
3740,84,14,67,17,182
3742,52,14,67,17,150
3743,66,16,133,18,233
3744,66,33,68,16,183
3745,67,14,68,16,165
3746,53,14,68,16,151
3749,82,32,54,13,181
3752,100,33,67,17,217
3756,54,13,67,17,151
3758,66,34,51,15,166
3759,63,17,51,15,146
3760,67,33,67,16,183
3761,67,16,67,16,166
3762,67,33,118,17,235
3763,68,15,118,17,218
3764,100,33,99,19,251
3765,66,17,66,18,167
3766,67,33,99,19,218
3767,65,17,99,19,200
3768,100,35,65,18,218
3769,101,17,65,18,201
3773,50,31,52,15,148
3774,66,34,67,18,185
3778,52,15,101,16,184
3780,67,34,65,17,183
3782,52,16,65,17,150
3783,99,16,101,16,232
3784,67,32,101,16,216
3786,65,35,66,16,182
3788,67,33,67,19,186
3789,68,16,67,19,170
3790,52,16,67,19,154
3792,66,34,83,17,200
3793,65,18,83,17,183
3794,67,34,66,15,182
3795,70,15,66,15,166
3796,53,15,66,15,149
3798,83,17,67,16,183
3799,81,34,84,14,213
3800,100,33,116,18,267
3801,64,19,84,14,181
3802,67,33,116,18,234
3803,67,17,116,18,218
3804,99,33,69,16,217
3805,103,14,69,16,202
3806,65,33,69,16,183
3807,151,32,50,17,250
3808,51,14,69,16,150
3809,118,32,50,17,217
3810,84,18,65,17,184
3812,101,33,67,17,218
3813,51,32,50,17,150
3814,99,34,101,18,252
3815,167,17,52,14,250
3816,65,34,101,18,218
3817,66,17,101,18,202
3821,99,19,65,16,199
3822,101,32,66,18,217
3823,103,14,66,18,201
3825,83,33,51,17,184
3827,51,33,51,17,152
3828,65,33,101,17,216
3830,66,35,99,16,216
3832,100,34,65,17,216
3833,52,32,67,16,167
3834,67,34,65,17,183
3836,99,32,101,16,248
3837,99,16,101,16,232
3838,67,32,101,16,216
3839,97,18,100,16,231
3841,83,34,66,16,199
3843,85,32,100,16,233
3844,52,17,66,16,151
3846,100,33,66,19,218
3847,65,18,66,16,165
3849,67,17,66,19,169
3853,66,17,67,17,167
3854,66,34,68,15,183
3855,83,33,50,18,184
3856,52,15,68,15,150
3857,101,18,65,17,201
3859,65,18,65,17,165
3860,68,33,65,18,184
3861,66,18,65,18,167
3865,101,16,66,18,201
3867,68,16,66,18,168
3868,51,16,66,18,151
3869,50,33,51,17,151
3870,167,34,118,16,335
3871,100,17,66,17,200
3873,166,16,85,16,283
3875,168,16,67,15,266
3876,67,34,118,16,235
3877,100,16,85,16,217
3879,101,16,67,15,199
3880,51,16,85,16,168
3881,67,16,67,15,165
3882,118,16,65,17,216
3884,85,16,65,17,183
3885,67,16,65,17,165
3887,100,16,51,15,182
3888,66,32,51,15,164
3889,65,16,51,15,147
3890,65,35,66,16,182
3891,50,35,66,16,167
3892,67,31,69,16,183
3894,51,15,69,16,151
3895,71,13,99,18,201
3897,66,18,65,18,167
3898,51,18,65,18,152
3899,63,16,51,16,146
3900,66,33,67,17,183
3901,50,33,67,17,167
3902,65,34,68,16,183
3903,83,33,99,18,233
3904,51,16,68,16,151
3905,166,16,152,17,351
3907,66,18,64,18,166
3911,66,16,152,17,251
3912,64,34,52,16,166
3913,99,18,100,16,233
3914,66,35,100,16,217
3915,67,18,100,16,201
3916,51,18,100,16,185
3918,100,35,65,17,217
3919,67,16,51,16,150
3921,83,32,67,17,199
3924,51,16,67,17,151
3925,67,15,51,16,149
3927,66,17,66,17,166
3928,67,33,66,19,185
3929,66,16,66,19,167
3930,51,16,66,19,152
3931,100,16,68,17,201
3932,66,33,68,17,184
3933,66,16,68,17,167
3934,85,16,99,17,217
3935,69,16,99,17,201
3936,52,16,99,17,184
3937,51,33,66,17,167
3939,99,16,118,15,248
3940,67,32,118,15,232
3941,99,17,67,17,200
3942,66,34,67,17,184
3943,66,17,67,17,167
3945,66,16,52,15,149
3946,66,35,117,17,235
3947,68,16,117,17,218
3949,51,32,68,17,168
3950,52,15,68,17,152
3951,100,16,67,17,200
3952,284,15,67,17,383
3953,100,17,67,16,200
3955,152,32,51,15,250
3956,102,34,64,19,219
3957,50,33,66,16,165
3959,67,17,64,19,167
3961,52,32,51,15,150
3962,98,34,67,17,216
3963,65,16,69,15,165
3964,64,34,67,17,182
3965,67,15,67,17,166
3966,51,15,67,17,150
3967,100,17,51,16,184
3969,99,16,68,16,199
3972,65,34,67,17,183
3974,151,15,66,19,251
3976,68,33,66,16,183
3977,165,16,85,16,282
3978,67,32,66,19,184
3979,68,15,66,19,168
3980,99,32,85,16,232
3981,166,18,98,19,301
3982,66,32,85,16,199
3984,50,16,85,16,167
3986,51,15,51,16,133
3987,67,18,98,19,202
3990,51,16,66,19,152
3991,50,34,66,18,168
3994,51,15,134,16,216
3995,67,15,67,19,168
3997,67,17,65,16,165
3999,101,14,101,15,231
4000,67,33,101,15,216
4001,98,19,66,15,198
4002,51,14,101,15,181
4003,66,19,66,15,166
4004,166,34,69,14,283
4005,83,32,135,14,264
4006,49,20,64,17,150
4008,66,32,103,14,215
4009,67,17,103,14,201
4010,64,34,69,14,181
4011,81,34,67,16,198
4013,51,34,67,16,168
4015,68,18,65,16,167
4020,97,34,68,15,214
4021,51,32,53,15,151
4022,65,34,68,15,182
4024,66,34,67,15,182
4026,53,15,67,15,150
4027,99,18,50,17,184
4029,64,18,50,17,149
4031,65,17,51,17,150
4032,65,35,99,16,215
4033,68,17,99,16,200
4035,52,33,66,16,167
4036,102,32,84,17,235
4038,67,32,84,17,200
4040,66,34,67,17,184
4041,65,18,67,17,167
4042,66,32,117,17,232
4043,67,16,117,17,217
4045,68,17,82,17,184
4046,67,34,65,17,183
4047,51,34,65,17,167
4048,52,17,65,17,151
4049,65,17,67,17,166
4050,65,34,66,18,183
4051,65,17,66,18,166
4052,65,33,51,15,164
4053,51,33,51,15,150
4054,67,33,68,17,185
4055,67,16,68,17,168
4056,84,15,68,17,184
4058,101,33,67,16,217
4060,68,33,67,16,184
4061,67,16,67,16,166
4062,68,34,66,16,184
4063,68,17,66,16,167
4064,84,16,100,13,213
4065,67,16,100,13,196
4066,51,16,100,13,180
4068,66,32,101,16,215
4071,66,18,66,16,166
4072,67,32,50,18,167
4076,66,34,65,17,182
4077,69,18,65,17,169
4079,52,32,68,17,169
4081,68,15,100,18,201
4083,65,18,65,18,166
4085,100,15,67,18,200
4086,100,34,66,19,219
4087,168,15,85,15,283
4089,66,16,66,19,167
4093,67,15,85,15,182
4095,50,33,67,18,168
4096,52,14,67,18,151
4097,65,17,68,15,165
4099,66,15,118,15,214
4100,67,35,98,19,219
4101,50,35,98,19,202
4103,50,33,65,19,167
4104,102,31,69,14,216
4105,84,31,69,14,198
4106,67,31,69,14,181
4107,68,15,69,14,166
4108,65,34,67,16,182
4109,67,15,67,16,165
4110,65,35,99,17,216
4111,67,17,99,17,200
4112,101,33,135,16,285
4113,98,17,135,16,266
4115,100,16,66,16,198
4116,65,34,66,16,181
4117,69,16,66,16,167
4118,67,34,67,16,184
4120,284,16,68,17,385
4122,66,35,82,16,199
4123,65,19,82,16,182
4124,83,18,98,17,216
4126,51,18,98,17,184
4127,101,16,51,16,184
4128,66,32,51,16,165
4129,66,16,51,16,149
4130,64,34,101,17,216
4131,66,16,101,17,200
4132,66,33,68,17,184
4133,50,33,68,17,168
4134,168,32,52,14,266
4135,166,16,52,14,248
4136,85,16,65,17,183
4137,68,16,65,17,166
4138,101,32,52,14,199
4141,65,16,52,14,147
4143,65,17,68,16,166
4145,300,17,67,17,401
4147,49,36,99,17,201
4148,68,34,65,17,184
4149,99,17,99,17,232
4150,102,33,66,17,218
4151,66,17,99,17,199
4154,65,33,67,17,182
4155,50,33,67,17,167
4157,67,16,51,16,150
4159,66,17,67,17,167
4160,84,16,51,17,168
4162,51,16,51,17,135
4163,68,16,99,17,200
4164,67,34,65,17,183
4165,67,17,65,17,166
4166,51,17,65,17,150
4167,66,16,68,15,165
4168,66,33,100,16,215
4169,65,17,100,16,198
4170,65,35,65,16,181
4171,66,18,65,16,165
4174,50,17,66,17,150
4175,67,16,67,17,167
4177,66,17,234,17,334
4179,66,17,68,15,166
4180,67,33,67,17,184
4181,100,19,67,15,201
4183,66,19,67,15,167
4184,68,32,117,16,233
4185,66,17,117,16,216
4187,86,32,50,16,184
4190,100,33,66,18,217
4191,83,33,66,18,200
4192,82,16,66,18,182
4194,167,34,98,17,316
4195,66,17,67,16,166
4196,67,32,100,20,219
4197,65,17,100,20,202
4199,67,17,65,20,169
4200,67,34,98,17,216
4203,102,14,68,16,200
4204,85,14,68,16,183
4205,83,33,51,17,184
4206,98,35,66,16,215
4208,67,35,66,16,184
4209,82,33,66,17,198
4210,68,33,66,17,184
4211,51,33,66,17,167
4213,68,16,66,19,169
4214,99,33,135,15,282
4215,100,16,135,15,266
4217,66,16,135,15,232
4218,66,35,81,19,201
4219,69,16,81,19,185
4221,66,17,100,16,199
4222,83,17,67,16,183
4223,97,19,99,16,231
4225,85,32,100,16,233
4226,68,32,100,16,216
4227,52,32,100,16,200
4228,67,36,64,16,183
4229,151,33,67,18,269
4230,68,31,66,16,181
4231,53,31,66,16,166
4232,167,33,67,17,284
4236,66,34,100,17,217
4237,66,18,100,17,201
4239,84,34,65,18,201
4240,51,16,67,17,151
4243,50,33,65,18,166
4244,67,32,68,17,184
4245,99,15,52,16,182
4246,65,33,52,16,166
4247,101,17,82,17,217
4249,66,17,82,17,182
4250,68,33,66,19,186
4251,67,16,66,19,168
4252,52,16,66,19,153
4253,50,33,52,14,149
4254,82,17,102,15,216
4255,65,17,102,15,199
4256,85,14,136,15,250
4257,83,34,135,15,267
4259,50,34,135,15,234
4260,84,18,67,15,184
4262,51,18,67,15,151
4265,68,17,98,15,198
4267,52,33,65,15,165
4268,68,31,87,14,200
4269,65,16,87,14,182
4270,64,34,53,14,165
4271,66,17,53,14,150
4272,165,34,82,18,299
4274,69,32,67,18,186
4276,53,14,67,18,152
4278,65,34,82,18,199
4280,50,17,82,18,167
4281,51,33,67,16,167
4283,67,16,66,17,166
4284,66,34,69,14,183
4286,67,32,51,17,167
4287,50,32,51,17,150
4288,66,37,98,17,218
4289,87,31,84,17,219
4290,69,31,84,17,201
4293,67,18,100,16,201
4295,68,16,100,16,200
4296,51,16,100,16,183
4297,51,34,66,16,167
4298,50,17,66,16,149
4300,67,33,66,16,182
4301,66,17,66,16,165
4303,66,16,67,18,167
4308,67,33,71,13,184
4309,68,15,71,13,167
4311,101,20,79,17,217
4312,104,34,62,17,217
4315,88,29,66,19,202
4316,70,29,66,19,184
4317,54,29,66,19,168
4318,79,17,67,18,181
4320,62,33,52,16,163
4321,66,16,52,16,150
4323,69,15,99,18,201
4324,52,15,99,18,184
4326,52,16,65,18,151
4327,66,17,98,19,200
4328,68,31,67,19,185
4329,50,31,67,19,167
4331,66,17,51,17,151
4332,66,32,66,19,183
4336,167,32,67,19,285
4337,101,16,100,16,233
4338,66,35,100,16,217
4339,66,16,100,16,198
4340,99,32,67,19,217
4342,69,32,67,19,187
4343,98,18,52,13,181
4345,64,18,52,13,147
4347,102,13,68,17,200
4348,67,32,68,17,184
4349,70,13,68,17,168
4350,52,13,68,17,150
4351,84,33,67,17,201
4354,51,17,67,17,152
4357,50,34,66,16,166
4358,51,16,66,16,149
4360,67,33,66,19,185
4361,65,17,66,19,167
4362,66,33,52,18,169
4363,152,31,99,18,300
4364,66,33,135,16,250
4365,67,16,135,16,234
4366,66,37,130,18,251
4367,69,18,130,18,235
4368,168,32,67,17,284
4370,68,34,65,18,185
4371,66,17,65,18,166
4374,67,32,67,17,183
4376,65,33,67,18,183
4379,100,16,67,17,200
4380,51,16,70,13,150
4381,66,16,67,17,166
4382,168,34,66,15,283
4383,166,18,66,15,265
4385,53,30,68,15,166
4386,67,34,100,15,216
4387,66,17,100,15,198
4389,67,18,66,15,166
4390,68,33,67,15,183
4391,66,18,67,15,166
4392,67,33,101,15,216
4394,66,34,67,15,182
4397,99,18,66,16,199
4398,66,35,66,16,183
4400,67,33,116,18,234
4401,52,33,116,18,219
4404,66,33,68,17,184
4405,51,33,68,17,169
4406,66,32,102,16,216
4407,167,18,67,15,267
4408,65,36,66,16,183
4411,101,18,67,15,201
4412,53,14,68,17,152
4413,100,17,87,12,216
4414,99,34,53,12,198
4415,65,17,87,12,181
4417,68,17,53,12,150
4419,51,32,133,17,233
4420,66,33,69,14,182
4421,70,12,69,14,165
4422,53,12,69,14,148
4424,66,36,64,18,184
4425,81,31,100,18,230
4427,52,31,100,18,201
4428,67,33,67,18,185
4429,65,16,67,18,166
4430,64,33,52,16,165
4431,68,15,52,16,151
4432,66,34,100,18,218
4434,67,34,66,18,185
4435,100,16,67,16,199
4437,99,17,101,16,233
4438,67,33,101,16,217
4439,100,16,67,16,199
4442,67,33,50,18,168
4443,51,33,50,18,152
4444,67,34,115,17,233
4445,67,16,115,17,215
4446,67,34,98,19,218
4448,50,18,98,19,185
4449,50,31,67,19,167
4450,65,34,52,14,165
4451,68,15,52,14,149
4452,98,33,68,16,215
4453,66,17,68,15,166
4454,67,33,68,16,184
4455,67,14,68,16,165
4457,69,16,66,17,168
4458,83,18,101,17,219
4460,50,18,101,17,186
4461,65,17,85,16,183
4465,50,35,66,16,167
4467,68,16,65,16,165
4468,52,16,65,16,149
4469,52,33,65,19,169
4470,282,17,51,15,365
4471,97,17,68,16,198
4472,98,34,67,18,217
4473,100,15,67,18,200
4474,65,34,67,18,184
4475,68,15,67,18,168
4477,67,18,100,15,200
4480,101,33,51,15,200
4481,69,16,84,15,184
4482,67,33,51,15,166
4483,51,33,51,15,150
4484,50,17,51,15,133
4485,64,19,99,16,198
4486,67,32,100,16,215
4487,68,15,100,16,199
4488,51,15,100,16,182
4489,67,18,66,16,167
4490,66,33,67,16,182
4491,64,18,67,16,165
4492,67,33,66,18,184
4493,84,34,68,16,202
4495,51,34,68,16,169
4497,101,18,83,15,217
4498,102,31,67,16,216
4499,484,38,62,17,601
4500,68,31,67,16,182
4501,52,31,67,16,166
4502,52,15,67,16,150
4503,68,14,67,17,166
4504,64,34,67,17,182
4505,67,15,67,17,166
4506,151,17,53,14,235
4507,64,17,51,17,149
4508,67,34,67,20,188
4509,99,17,53,14,183
4510,67,34,53,14,168
4512,51,17,53,14,135
4513,104,14,66,16,200
4517,51,32,67,17,167
4518,166,38,62,17,283
4520,66,33,52,19,170
4521,51,33,52,19,155
4522,67,33,67,17,184
4523,83,38,62,17,200
4524,85,19,62,17,183
4525,69,19,62,17,167
4526,100,33,68,17,218
4527,100,16,68,17,201
4528,67,33,68,17,185
4530,62,35,65,18,180
4533,101,15,101,16,233
4536,99,34,66,17,216
4538,66,34,66,17,183
4540,51,17,66,17,151
4542,67,33,67,17,184
4543,100,17,67,15,199
4545,66,17,67,15,165
4546,100,34,66,18,218
4547,68,16,66,17,167
4548,67,34,66,18,185
4549,50,34,66,18,168
4550,50,17,66,18,151
4551,50,32,52,16,150
4552,66,34,101,16,217
4553,167,17,83,14,281
4554,66,34,67,16,183
4555,51,34,67,16,168
4556,52,16,67,16,151
4557,101,17,83,14,215
4559,66,17,83,14,180
4560,67,31,66,19,183
4561,148,36,132,17,333
4562,99,33,85,17,234
4565,67,14,85,17,183
4566,66,36,132,17,251
4567,49,36,132,17,234
4568,52,17,132,17,218
4569,65,17,51,17,150
4571,66,17,66,17,166
4572,66,34,65,17,182
4573,85,32,68,16,201
4574,51,17,65,17,150
4575,51,32,68,16,167
4576,66,33,51,18,168
4577,66,16,51,18,151
4578,65,35,99,16,215
4581,51,34,65,16,166
4582,51,18,65,16,150
4583,100,17,66,17,200
4584,66,33,66,17,182
4585,66,17,66,17,166
4587,66,17,66,18,167
4588,66,33,100,17,216
4589,100,16,100,19,235
4590,66,33,100,19,218
4591,67,16,100,19,202
4593,100,16,52,14,182
4594,51,16,66,19,152
4595,67,16,52,14,149
4596,100,33,67,17,217
4597,101,14,67,17,199
4599,68,14,67,17,166
4601,67,17,67,16,167
4603,65,16,51,16,148
4605,66,18,99,17,200
4606,67,32,67,17,183
4607,51,32,67,17,167
4608,101,33,68,16,218
4609,66,18,67,17,168
4610,66,33,68,16,183
4611,67,16,68,16,167
4612,51,16,68,16,151
4613,51,34,66,18,169
4614,67,34,66,17,184
4615,67,17,66,17,167
4616,68,32,51,17,168
4621,67,17,99,18,201
4623,50,31,68,18,167
4624,65,34,52,14,165
4625,66,16,52,14,148
4628,86,14,52,15,167
4629,68,14,52,15,149
4630,101,32,69,15,217
4631,66,18,84,17,185
4632,67,32,69,15,183
4633,66,15,69,15,165
4634,52,15,69,15,151
4635,67,15,52,16,150
4636,64,37,99,15,215
4638,69,31,68,15,183
4641,66,16,66,17,165
4642,99,32,68,17,216
4644,68,32,68,17,185
4645,50,32,68,17,167
4646,66,33,69,15,183
4647,66,16,69,15,166
4648,65,35,67,15,182
4649,67,18,67,15,167
4650,50,18,67,15,150
4652,52,17,64,18,151
4653,52,33,66,17,168
4654,67,31,52,16,166
4656,64,35,67,16,182
4657,67,17,67,16,167
4658,66,33,66,17,182
4659,68,16,66,17,167
4660,52,16,66,17,151
4662,67,32,51,16,166
4663,99,17,100,17,233
4664,66,34,100,17,217
4666,66,33,133,17,249
4667,67,16,133,17,233
4668,117,17,66,17,217
4669,50,34,50,16,150
4670,83,17,66,17,183
4671,66,17,66,17,166
4673,51,33,68,16,168
4674,50,16,68,16,150
4675,67,16,67,17,167
4676,66,35,98,17,216
4677,66,18,98,17,199
4678,68,32,66,17,183
4679,51,32,66,17,166
4680,67,33,100,17,217
4682,65,33,67,17,182
4683,66,16,67,17,166
4684,66,34,67,17,184
4686,67,33,51,16,167
4687,68,15,51,16,150
4688,67,34,83,19,203
4689,101,16,69,16,202
4690,67,33,69,16,185
4691,66,16,69,16,167
4692,51,16,69,16,152
4694,66,36,97,17,216
4695,66,19,97,17,199
4696,69,32,65,17,183
4697,51,32,65,17,165
4698,68,34,83,16,201
4701,98,16,69,16,199
4702,51,14,52,16,133
4703,66,16,69,16,167
4704,64,35,67,16,182
4705,66,16,67,16,165
4708,69,33,53,14,169
4710,99,35,66,16,216
4711,66,16,101,16,199
4714,53,14,66,16,149
4716,68,33,66,18,185
4718,66,33,66,19,184
4719,66,17,66,19,168
4721,67,17,85,14,183
4723,68,15,101,16,200
4724,51,15,101,16,183
4725,102,14,67,17,200
4726,68,31,67,17,183
4727,300,16,66,18,400
4728,52,14,67,17,150
4729,98,16,67,17,198
4731,98,19,64,18,199
4732,67,36,64,18,185
4733,67,19,64,18,168
4735,52,31,68,17,168
4737,50,33,52,16,151
4741,68,16,66,18,168
4742,52,16,66,18,152
4743,50,33,51,16,150
4745,67,15,84,16,182
4750,66,34,85,15,200
4753,50,35,98,18,201
4754,52,17,98,18,185
4759,50,33,68,17,168
4760,83,17,98,20,218
4761,66,17,98,20,201
4762,51,17,98,20,186
4763,51,33,65,20,169
4766,65,33,84,16,198
4768,65,34,66,19,184
4770,53,14,66,19,152
4771,67,19,66,17,169
4772,69,31,68,17,185
4773,99,16,150,17,282
4774,66,35,150,17,268
4775,69,16,150,17,252
4776,165,33,68,15,281
4777,51,33,134,15,233
4778,52,16,134,15,217
4779,66,17,83,17,183
4780,99,33,68,15,215
4783,65,17,68,15,165
4784,65,35,99,16,215
4785,68,17,99,16,200
4787,52,33,66,16,167
4788,167,34,99,17,317
4789,167,16,99,17,299
4791,52,32,51,16,151
4792,66,33,68,15,182
4793,51,33,68,15,167
4794,65,34,99,17,215
4795,67,16,99,17,199
4796,51,16,99,17,183
4797,167,17,100,16,300
4799,65,18,66,16,165
4804,66,32,68,16,182
4805,66,16,68,16,166
4806,85,16,66,16,183
4808,51,16,66,16,149
4810,101,33,67,18,219
4811,65,17,67,17,166
4814,66,34,51,16,167
4815,151,33,72,11,267
4816,52,15,51,16,134
4818,67,34,65,19,185
4820,51,16,65,19,151
4821,50,33,72,11,166
4823,150,33,50,15,248
4825,99,18,66,17,200
4826,167,32,102,15,316
4827,67,18,66,17,168
4828,51,18,66,17,152
4829,66,17,50,15,148
4831,68,16,66,17,167
4833,67,15,102,15,199
4834,50,15,102,15,182
4835,66,16,68,15,165
4836,66,35,98,17,216
4837,66,18,98,17,199
4838,51,18,98,17,184
4840,68,32,67,17,184
4841,66,17,67,17,167
4842,98,34,68,14,214
4845,101,16,66,17,200
4847,68,16,66,17,167
4849,66,19,65,17,167
4850,68,31,51,17,167
4853,67,17,67,16,167
4855,51,34,65,17,167
4856,51,17,65,17,150
4857,100,16,136,14,266
4859,66,16,136,14,232
4861,65,19,66,15,165
4862,68,33,67,14,182
4864,69,33,66,17,185
4867,66,19,67,14,166
4868,67,32,67,17,183
4870,66,35,131,17,249
4871,51,35,131,17,234
4872,67,32,67,16,182
4873,85,33,66,17,201
4874,67,33,66,17,183
4877,101,16,69,15,201
4881,66,17,66,18,167
4882,66,35,65,17,183
4883,66,19,65,17,167
4884,69,31,67,16,183
4885,101,16,66,17,200
4887,68,16,66,17,167
4888,165,35,65,16,281
4889,67,16,67,16,166
4890,67,33,69,15,184
4892,66,34,67,16,183
4893,66,17,67,16,166
4894,67,35,65,16,183
4895,67,19,65,16,167
4896,69,32,66,18,185
4898,67,33,51,17,168
4899,51,33,51,17,152
4900,65,33,67,17,182
4902,66,35,66,16,183
4903,68,17,66,16,167
4904,51,17,66,16,150
4906,67,34,66,16,183
4907,83,33,66,17,199
4909,51,33,66,17,167
4911,67,16,66,18,167
4912,150,16,69,14,249
4913,66,17,51,16,150
4914,66,33,103,14,216
4915,66,16,103,14,199
4917,68,16,69,14,167
4918,51,16,69,14,150
4919,67,17,65,19,168
4920,103,30,102,15,250
4921,50,35,82,16,183
4922,69,30,102,15,216
4923,66,16,102,15,199
4924,65,35,67,15,182
4925,84,33,99,16,232
4927,51,33,99,16,199
4930,99,33,69,16,217
4931,99,16,69,16,200
4932,66,33,69,16,184
4933,99,19,50,16,184
4934,100,34,65,16,215
4935,85,34,65,16,200
4937,51,34,65,16,166
4939,69,16,132,17,234
4940,50,16,132,17,215
4942,65,34,99,17,215
4943,65,18,99,17,199
4945,84,31,67,17,199
4946,99,34,67,16,216
4949,66,17,67,16,166
4951,81,34,66,17,198
4952,167,34,99,19,319
4954,67,33,50,17,167
4955,50,33,50,17,150
4956,67,33,100,16,216
4957,100,17,99,19,235
4958,66,34,99,19,218
4960,50,17,99,19,185
4962,68,32,52,16,168
4964,66,33,67,18,184
4965,65,17,67,18,167
4966,84,16,67,17,184
4967,50,35,67,17,169
4968,52,16,67,17,152
4969,52,32,101,17,202
4970,67,35,98,17,217
4972,67,33,65,17,182
4973,67,16,65,17,165
4974,52,16,65,17,150
4976,66,32,71,15,184
4977,66,15,71,15,167
4978,65,35,51,14,165
4980,67,36,63,18,184
4981,65,21,63,18,167
4982,152,15,101,17,285
4985,68,16,51,15,150
4987,66,15,101,17,199
4988,52,15,101,17,185
4989,67,15,68,17,167
4992,51,15,52,16,134
4996,52,16,66,18,152
4997,67,15,51,16,149
4998,66,33,67,18,184
4999,66,16,67,18,167
5000,84,16,51,17,168
5001,66,16,51,17,150
5002,51,16,51,17,135
5004,67,35,66,18,186
5006,51,17,66,18,152
5007,51,31,119,14,215
5010,66,33,65,17,181
5011,51,33,65,17,166
5013,66,17,83,16,182
5014,66,32,51,16,165
5018,83,16,102,16,217
5019,98,17,84,17,216
5020,51,16,102,16,185
5021,67,17,84,17,185
5022,67,32,52,17,168
5024,66,36,82,18,202
5025,67,18,82,18,185
5026,50,18,82,18,168
5027,68,17,67,16,168
5029,51,32,67,16,166
5032,99,35,67,16,217
5034,634,34,66,16,750
5035,66,19,67,16,168
5036,67,31,120,14,232
5038,66,36,84,14,200
5039,67,19,84,14,184
5040,83,15,53,14,165
5041,101,15,100,17,233
5042,52,15,53,14,134
5043,68,15,100,17,200
5044,64,34,101,17,216
5045,68,14,101,17,200
5048,68,32,52,17,169
5049,97,18,83,16,214
5050,66,35,83,16,200
5053,51,34,65,16,166
5054,52,17,65,16,150
5055,101,16,68,17,202
5056,66,33,68,17,184
5060,83,18,66,16,183
5061,66,18,66,16,166
5062,50,18,66,16,150
5064,100,33,68,15,216
5065,66,18,67,17,168
5066,66,33,68,15,182
5067,65,17,68,15,165
5068,51,17,68,15,151
5070,67,34,65,16,182
5073,67,17,66,18,168
5076,65,33,68,16,182
5077,66,17,68,16,167
5078,66,34,50,17,167
5079,68,16,50,17,151
5082,68,33,66,18,185
5083,66,17,66,18,167
5084,100,33,66,17,216
5085,298,18,66,18,400
5086,165,35,67,14,281
5087,67,16,66,17,166
5088,284,16,66,17,383
5095,51,33,66,18,168
5096,52,16,66,18,152
5098,67,32,66,18,183
5099,64,18,66,18,166
5102,98,34,100,16,248
5103,102,16,100,16,234
5104,66,34,100,16,216
5105,66,16,100,16,198
5108,51,16,67,16,150
5109,66,16,68,17,167
5110,66,34,101,17,218
5112,101,33,51,15,200
5114,68,33,51,15,167
5115,100,18,82,18,218
5116,51,16,51,15,133
5119,82,33,50,17,182
5120,51,15,68,15,149
5121,50,33,50,17,150
5122,65,35,67,17,184
5123,65,18,67,17,167
5124,68,32,52,15,167
5125,103,16,81,20,220
5126,102,32,69,14,217
5127,69,16,81,20,186
5128,84,15,69,14,182
5129,52,32,69,14,167
5131,64,19,100,16,199
5132,81,20,66,16,183
5137,86,33,117,16,252
5138,82,17,117,16,232
5139,52,33,117,16,218
5140,168,33,65,19,285
5141,52,34,83,16,185
5144,65,35,65,17,182
5145,50,35,65,17,167
5146,66,33,65,19,183
5148,52,16,65,19,152
5149,52,32,52,15,151
5150,65,33,102,17,217
5151,65,16,102,17,200
5152,65,34,68,17,184
5153,68,15,68,17,168
5154,52,15,68,17,152
5157,83,32,68,15,198
5158,85,15,68,15,183
5159,67,15,68,15,165
5160,51,15,68,15,149
5161,67,18,65,18,168
5162,67,33,67,15,182
5163,67,16,67,15,165
5164,300,33,67,17,417
5165,51,32,100,16,199
5167,66,17,65,16,164
5168,67,33,65,20,185
5169,52,33,65,20,170
5172,65,33,67,17,182
5176,53,16,64,18,151
5177,53,31,67,17,168
5178,67,33,67,17,184
5179,64,16,67,17,164
5181,68,16,66,17,167
5182,100,33,69,17,219
5183,67,16,67,16,166
5184,67,33,69,17,186
5185,66,16,69,17,168
5187,167,17,65,18,267
5188,67,35,66,15,183
5190,86,14,67,17,184
5191,69,14,67,17,167
5192,52,14,67,17,150
5193,68,17,65,18,168
5196,67,33,68,16,184
5197,66,16,68,16,166
5198,65,33,67,15,180
5199,50,33,67,15,165
5201,66,18,66,19,169
5202,68,32,116,17,233
5203,66,16,116,17,215
5205,65,19,82,17,183
5206,66,34,65,19,184
5207,50,34,65,19,168
5208,53,15,65,19,152
5209,53,32,135,17,237
5210,99,34,135,17,285
5211,665,17,65,17,764
5212,84,15,135,17,251
5215,51,35,133,17,236
5218,85,17,66,17,185
5219,68,17,66,17,168
5220,50,17,66,17,150
5221,51,33,67,16,167
5222,67,33,66,17,183
5223,67,16,66,17,166
5224,165,33,53,14,265
5225,66,17,65,16,164
5227,50,32,101,18,201
5230,65,33,53,14,165
5232,66,35,100,16,217
5233,65,19,100,16,200
5237,51,34,66,19,170
5239,98,16,67,17,198
5240,68,32,67,17,184
5241,66,16,67,17,166
5242,66,34,67,17,184
5244,51,15,67,17,150
5245,151,31,68,15,265
5246,84,17,65,17,183
5247,65,17,65,17,164
5248,50,17,65,17,149
5249,66,17,65,17,165
5251,51,31,68,15,165
5252,65,34,66,20,185
5253,65,17,66,20,168
5254,65,34,52,14,165
5256,68,32,67,17,184
5257,66,17,67,17,167
5258,66,34,68,17,185
5259,69,14,68,17,168
5260,52,14,68,17,151
5261,51,33,101,15,200
5262,67,35,66,15,183
5263,64,18,66,15,163
5266,52,16,67,16,151
5267,51,33,67,16,167
5268,100,33,65,18,216
5269,64,19,98,18,199
5271,66,17,65,18,166
5272,102,30,101,16,249
5273,52,35,66,15,168
5274,98,36,65,16,215
5275,52,30,101,16,199
5279,187,31,85,15,318
5280,51,18,100,17,186
5281,51,32,68,17,168
5285,85,31,85,15,216
5286,68,31,85,15,199
5287,52,31,85,15,183
5288,100,34,66,18,218
5289,67,15,100,18,200
5291,66,15,66,18,165
5292,67,33,102,17,219
5293,67,15,102,17,201
5295,67,14,69,17,167
5297,66,15,53,15,149
5298,66,36,66,15,183
5299,65,18,66,15,164
5302,53,15,66,17,151
5303,99,17,52,14,182
5304,150,14,70,16,250
5305,64,17,52,14,147
5306,100,32,70,16,218
5307,66,17,69,12,164
5308,168,32,65,19,284
5314,70,32,65,19,186
5315,84,33,51,15,183
5316,65,33,51,15,164
5317,103,15,84,18,220
5318,65,32,84,18,199
5319,66,15,84,18,183
5321,67,15,68,15,165
5322,101,33,67,16,217
5323,99,18,67,16,200
5324,69,33,67,16,185
5325,65,18,67,16,166
5327,66,17,51,15,149
5329,68,17,66,17,168
5331,68,15,52,16,151
5332,51,15,52,16,134
5333,68,15,99,16,198
5334,66,33,66,16,181
5338,66,33,51,16,166
5339,98,17,68,17,200
5340,99,34,133,16,282
5342,66,34,133,16,249
5343,66,16,133,16,231
5345,51,34,50,20,155
5346,85,17,132,17,251
5347,67,17,132,17,233
5349,66,20,96,17,199
5350,50,20,96,17,183
5351,98,19,66,17,200
5353,65,19,66,17,167
5354,64,32,51,16,163
5355,67,16,51,16,150
5356,101,33,66,16,216
5357,68,17,99,16,200
5358,66,33,66,16,181
5359,50,33,66,16,165
5360,101,32,66,19,218
5361,66,18,98,19,201
5362,67,32,66,19,184
5363,67,15,66,19,167
5365,66,18,85,14,183
5367,100,17,82,16,215
5368,102,31,67,19,219
5369,69,17,82,16,184
5370,68,31,67,19,185
5371,68,14,67,19,168
5373,65,17,66,19,167
5374,65,33,67,16,181
5375,65,16,67,16,164
5376,86,14,67,16,183
5378,52,14,67,16,149
5380,52,15,84,16,167
5381,64,17,51,16,148
5383,99,16,66,17,198
5384,66,34,66,17,183
5385,68,16,66,17,167
5387,51,31,52,16,150
5388,65,35,68,16,184
5390,66,33,69,16,184
5391,65,16,69,16,166
5394,68,34,65,18,185
5395,67,18,65,18,168
5397,67,17,66,18,168
5399,66,17,52,14,149
5401,67,16,66,18,167
5403,51,32,85,17,185
5406,84,16,67,17,184
5407,66,16,67,17,166
5408,85,17,65,18,185
5409,66,17,65,18,166
5412,67,32,69,15,183
5413,67,15,69,15,166
5414,65,33,67,17,182
5415,67,15,67,17,166
5416,83,18,66,16,183
5417,66,18,66,16,166
5418,51,18,66,16,151
5421,100,17,67,17,201
5422,66,33,67,17,183
5423,67,17,67,17,168
5424,68,31,102,16,217
5427,84,32,67,16,199
5428,67,32,67,16,182
5429,51,32,67,16,166
5432,66,33,66,18,183
5433,65,17,66,18,166
5434,50,17,66,18,151
5435,51,34,67,17,169
5437,67,16,68,16,167
5438,66,35,66,16,183
5439,85,33,66,17,201
5440,84,16,66,17,183
5441,100,17,66,18,201
5443,99,17,51,16,183
5444,99,33,135,16,283
5446,66,33,135,16,250
5447,500,19,65,16,600
5448,84,16,101,16,217
5449,100,18,67,16,201
5450,51,16,101,16,184
5451,66,18,67,16,167
5452,68,32,118,16,234
5453,65,17,118,16,216
5454,101,33,66,17,217
5455,68,17,133,13,231
5456,67,33,66,17,183
5457,68,17,66,17,168
5458,51,17,66,17,151
5459,50,33,67,13,163
5460,83,16,66,17,182
5461,67,16,66,17,166
5462,100,32,100,17,249
5463,67,17,65,17,166
5464,67,32,100,17,216
5465,63,19,100,17,199
5466,66,33,67,17,183
5468,65,35,101,17,218
5469,155,33,64,18,270
5470,68,32,69,17,186
5471,51,32,69,17,169
5472,52,15,69,17,153
5475,51,33,64,18,166
5476,69,32,50,15,166
5477,52,32,50,15,149
5478,65,32,83,18,198
5479,67,16,83,18,184
5480,64,33,68,17,182
5482,50,15,68,17,150
5483,66,17,51,16,150
5484,67,34,99,17,217
5485,65,18,99,17,199
5487,51,33,66,17,167
5489,103,14,102,15,234
5490,66,33,102,15,216
5491,68,14,102,15,199
5492,66,34,100,18,218
5493,66,17,100,18,201
5494,67,35,65,18,185
5495,64,19,65,18,166
5497,52,33,65,17,167
5498,68,32,133,18,251
5500,65,33,100,18,216
5502,65,35,65,18,183
5503,67,18,65,18,168
5504,100,33,68,16,217
5505,63,19,51,15,148
5506,67,33,68,16,184
5507,67,16,68,16,167
5508,65,33,68,15,181
5511,167,16,100,16,299
5512,68,33,66,17,184
5513,98,17,51,16,182
5514,68,32,51,16,167
5518,50,16,100,16,182
5519,68,16,67,16,167
5520,51,16,67,16,150
5522,100,33,51,16,200
5523,66,17,66,18,167
5524,67,33,51,16,167
5526,67,33,67,16,183
5531,67,17,51,17,152
5533,65,17,102,16,200
5534,66,35,67,16,184
5535,68,17,67,16,168
5536,100,35,65,17,217
5537,301,18,66,16,401
5538,67,35,65,17,184
5539,66,18,65,17,166
5540,67,33,84,16,200
5541,65,17,84,16,182
5543,66,17,52,16,151
5544,65,33,67,17,182
5547,69,16,67,17,169
5548,52,16,67,17,152
5551,165,18,66,15,264
5553,66,15,50,18,149
5555,50,34,65,17,166
5556,82,18,66,15,181
5557,97,17,101,17,232
5558,50,18,66,15,149
5559,65,17,101,17,200
5560,65,35,66,17,183
5561,150,34,83,16,283
5562,66,33,67,15,181
5563,67,18,67,15,167
5564,68,33,117,16,234
5567,51,34,83,16,184
5568,67,32,67,16,182
5570,166,35,87,13,301
5572,67,32,50,18,167
5573,100,17,67,18,202
5575,67,17,67,18,169
5576,65,35,87,13,200
5579,52,32,55,13,152
5580,67,35,99,16,217
5581,68,17,99,16,200
5582,67,33,66,16,182
5583,69,13,66,16,164
5584,55,13,66,16,150
5592,50,16,67,16,149
5594,67,34,50,17,168
5595,66,17,50,17,150
5596,67,33,67,17,184
5598,67,34,99,19,219
5599,50,34,99,19,202
5600,100,33,102,16,251
5601,101,16,102,16,235
5602,100,33,69,16,218
5603,151,34,99,16,300
5604,66,33,69,16,184
5605,67,16,69,16,168
5609,101,15,68,16,200
5610,69,31,68,16,184
5611,66,15,68,16,165
5613,65,17,199,18,299
5614,66,33,65,18,182
5615,66,17,65,18,166
5616,68,33,68,14,183
5617,66,17,68,14,165
5618,66,32,67,17,182
5619,66,16,67,17,166
5620,65,36,65,18,184
5621,67,18,65,18,168
5622,82,17,117,18,234
5623,52,31,117,18,218
5625,101,17,66,15,199
5626,65,35,66,15,181
5627,69,17,66,15,167
5628,100,35,66,16,217
5629,52,31,66,17,166
5630,66,35,66,16,183
5631,65,18,66,16,165
5632,66,31,67,18,182
5633,167,17,65,19,268
5634,66,35,100,17,218
5635,151,33,67,16,267
5637,51,32,68,17,168
5638,67,35,65,19,186
5639,68,17,65,19,169
5640,50,17,65,19,151
5641,101,15,85,15,216
5642,51,17,67,16,151
5643,67,15,85,15,182
5644,150,15,68,18,251
5645,68,16,50,15,149
5646,67,33,66,17,183
5647,66,17,66,17,166
5648,85,15,68,18,186
5650,99,34,132,18,283
5651,67,16,117,17,217
5652,83,17,132,18,250
5653,66,17,132,18,233
5654,51,17,132,18,218
5655,167,15,67,18,267
5656,52,14,100,18,184
5659,99,15,67,18,199
5661,67,15,67,18,167
5663,103,13,85,17,218
5664,68,31,85,17,201
5666,54,13,85,17,169
5667,67,15,52,17,151
5668,49,15,52,17,133
5669,65,14,101,17,197
5671,67,17,65,17,166
5673,65,17,67,17,166
5674,68,33,68,16,185
5675,82,34,67,15,198
5677,50,34,67,15,166
5678,67,34,100,16,217
5679,100,17,67,16,200
5680,51,17,100,16,184
5682,67,34,65,16,182
5684,67,33,100,17,217
5686,67,32,68,17,184
5687,68,16,68,17,169
5689,86,32,100,17,235
5690,68,32,100,17,217
5691,84,32,68,17,201
5692,68,32,68,17,185
5693,52,32,68,17,169
5695,67,18,66,16,167
5697,68,15,99,17,199
5698,68,33,66,17,184
5700,66,33,66,16,181
5701,64,17,66,16,163
5702,66,33,99,18,216
5703,65,17,99,18,199
5706,50,16,66,18,150
5707,66,17,51,17,151
5708,66,33,119,16,234
5710,66,35,84,16,201
5711,68,17,84,16,185
5712,51,17,84,16,168
5715,67,16,67,17,167
5716,66,34,67,15,182
5717,67,16,67,15,165
5718,67,33,67,17,184
5721,66,17,50,15,148
5723,100,15,52,17,184
5724,67,32,52,17,168
5726,50,15,52,17,134
5727,69,16,66,17,168
5728,67,34,82,17,200
5730,52,17,82,17,168
5731,66,16,67,15,164
5733,66,17,66,16,165
5734,66,33,66,18,183
5736,67,33,65,18,183
5737,50,33,65,18,166
5739,66,17,101,16,200
5741,69,14,101,17,201
5742,150,16,50,16,232
5743,67,18,65,17,167
5744,68,33,66,16,183
5745,66,17,66,16,165
5747,51,32,50,16,149
5748,49,16,50,16,131
5749,99,16,102,16,233
5750,82,16,102,16,216
5751,66,16,102,16,200
5752,168,33,65,17,283
5753,167,17,65,17,266
5754,67,32,51,17,167
5755,151,33,99,17,300
5758,67,33,65,17,182
5759,66,17,65,17,165
5760,101,32,100,18,251
5761,51,33,99,17,200
5762,98,33,67,18,216
5763,67,15,100,18,200
5765,67,16,67,18,168
5766,65,34,51,18,168
5767,66,16,51,18,151
5769,67,16,69,15,167
5770,67,36,65,17,185
5771,67,18,65,17,167
5772,51,18,65,17,151
5773,52,33,149,16,250
5774,52,17,149,16,234
5775,66,17,68,17,168
5776,65,36,81,16,198
5777,66,19,81,16,182
5778,82,18,65,18,183
5779,53,32,65,18,168
5781,51,33,66,17,167
5782,65,32,51,16,164
5783,67,16,51,16,150
5784,65,34,83,17,199
5785,66,16,83,17,182
5786,66,33,67,16,182
5788,51,16,67,16,150
5789,66,17,83,17,183
5790,67,33,67,17,184
5791,66,17,67,17,167
5793,66,18,66,17,167
5794,67,33,66,17,183
5795,67,17,66,17,167
5796,67,33,50,16,166
5797,51,33,50,16,150
5798,66,33,84,17,200
5799,67,16,84,17,184
5803,100,17,66,16,199
5804,84,17,66,16,183
5805,166,17,51,15,249
5806,167,33,68,15,283
5807,100,16,84,15,215
5809,67,16,84,15,182
5813,66,16,68,15,165
5814,50,16,68,15,149
5815,100,18,66,17,201
5816,51,15,68,18,152
5817,99,18,133,16,266
5819,65,18,133,16,232
5820,101,32,101,17,251
5821,84,32,101,17,234
5825,64,17,67,17,165
5826,66,34,66,17,183
5827,66,17,66,17,166
5828,68,33,66,17,184
5832,66,33,101,17,217
5833,67,16,101,17,201
5834,50,16,101,17,184
5835,66,16,68,17,167
5836,84,16,117,17,234
5838,101,33,67,16,217
5840,85,16,67,16,184
5841,67,16,67,16,166
5842,51,16,67,16,150
5844,66,34,50,16,166
5847,166,18,83,16,283
5848,68,32,86,15,201
5849,67,16,86,15,184
5850,50,16,86,15,167
5852,66,34,83,16,199
5853,66,18,83,16,183
5854,86,15,66,18,185
5855,69,15,66,18,168
5856,52,15,66,18,151
5857,66,19,100,14,199
5859,65,16,118,15,214
5860,66,32,86,15,199
5862,64,36,50,15,165
5863,98,18,84,17,217
5864,68,32,84,17,201
5865,64,18,84,17,183
5866,86,15,68,17,186
5867,100,18,99,16,233
5868,166,33,65,19,283
5869,68,18,99,16,201
5870,84,17,66,16,183
5871,66,17,66,16,165
5872,51,17,66,16,150
5873,51,33,67,15,166
5874,66,33,65,19,183
5875,299,19,97,17,432
5876,66,34,100,16,216
5877,65,18,100,16,199
5880,101,33,82,19,235
5881,68,17,67,15,167
5882,67,33,82,19,201
5884,52,17,82,19,170
5885,66,18,67,16,167
5887,66,18,217,15,316
5888,101,32,65,17,215
5890,67,32,65,17,181
5892,148,17,102,15,282
5895,68,13,86,15,182
5896,65,34,102,15,216
5897,99,18,67,15,199
5898,102,32,167,17,318
5899,99,15,167,17,298
5900,69,32,167,17,285
5901,69,15,167,17,268
5902,102,31,101,17,251
5903,100,16,101,17,234
5904,67,31,101,17,216
5906,66,34,67,17,184
5908,65,35,99,16,215
5909,85,32,67,16,200
5910,69,32,67,16,184
5911,51,32,67,16,166
5915,99,17,67,15,198
5916,67,33,67,15,182
5917,66,17,67,15,165
5918,67,33,165,18,283
5919,67,16,165,18,266
5920,100,32,68,15,215
5921,50,34,100,15,199
5922,67,32,68,15,182
5923,65,17,68,15,165
5924,66,33,101,16,216
5925,102,16,66,16,200
5927,100,16,51,17,184
5928,99,35,68,17,219
5930,66,35,68,17,186
5931,65,17,68,17,167
5932,299,33,102,17,451
5934,51,17,52,14,134
5935,67,18,65,18,168
5937,69,14,67,19,169
5939,67,16,52,15,150
5941,66,15,84,16,181
5942,86,15,99,19,219
5943,68,15,99,19,201
5944,52,15,99,19,185
5945,66,16,66,19,167
5946,67,33,102,17,219
5947,97,17,69,17,200
5948,66,33,69,17,185
5949,101,15,66,17,199
5950,66,34,66,17,183
5951,68,15,66,17,166
5953,68,18,65,16,167
5954,69,31,68,17,185
5955,67,14,68,17,166
5956,52,14,68,17,151
5958,99,34,66,16,215
5960,102,32,85,15,234
5962,68,32,85,15,200
5963,52,32,85,15,184
5965,168,15,67,15,265
5966,66,32,68,16,182
5967,67,16,68,16,167
5970,51,15,66,17,149
5971,69,15,67,15,166
5972,100,35,66,16,217
5973,65,16,69,15,165
5974,101,34,65,17,217
5975,64,18,66,16,164
5977,51,34,65,17,167
5978,69,32,66,17,184
5979,52,32,66,17,167
5980,99,33,118,16,266
5981,67,17,67,17,168
5982,65,33,118,16,232
5983,67,16,118,16,217
5984,100,34,66,17,217
5988,102,32,67,16,217
5990,68,32,67,16,183
5991,67,16,67,16,166
5992,66,33,67,16,182
5995,66,17,99,17,199
5998,67,34,99,18,218
