序号,发送->接收,接收->转发,转发->接收,接收->处理,总计
2,64,35,84,15,198
3,50,35,84,15,184
4,66,33,66,19,184
5,66,17,66,19,168
7,51,34,65,18,168
8,118,14,134,17,283
9,102,14,134,17,267
11,100,33,68,15,216
12,65,51,68,15,199
13,80,19,68,15,182
14,65,19,68,15,167
16,51,16,84,18,169
17,67,15,51,18,151
20,67,35,81,18,201
21,66,18,81,18,183
22,102,31,52,16,201
23,83,31,52,16,182
24,99,35,67,17,218
25,82,35,67,17,201
26,64,35,67,17,183
27,83,33,66,17,199
30,52,16,66,17,151
31,51,34,66,17,168
33,67,15,51,17,150
35,65,17,83,26,191
36,83,17,75,8,183
39,51,32,118,15,216
40,66,43,75,15,199
41,66,26,75,15,182
42,75,25,65,19,184
43,60,25,65,19,169
44,68,32,101,16,217
45,51,32,101,16,200
46,57,33,68,16,174
47,67,15,68,16,166
48,65,34,99,18,216
49,68,15,99,18,200
50,52,15,99,18,184
52,51,17,65,18,151
53,65,17,65,19,166
55,82,33,118,17,250
56,83,15,118,17,233
57,101,17,99,16,233
58,65,36,99,16,216
59,68,17,99,16,200
61,51,32,67,16,166
64,67,32,68,15,182
66,67,34,82,18,201
67,83,34,66,16,199
68,66,34,66,16,182
70,68,33,83,15,199
71,85,33,65,17,200
73,65,18,65,17,165
74,66,33,66,17,182
75,51,33,66,17,167
76,66,32,67,17,182
77,68,15,67,17,167
78,65,34,85,16,200
80,66,33,68,16,183
81,66,16,68,16,166
83,50,34,217,15,316
86,52,16,66,16,150
87,51,33,67,16,167
89,65,17,67,17,166
90,66,34,83,15,198
91,66,18,83,15,182
92,67,33,65,18,183
94,50,17,65,18,150
95,51,34,83,16,184
97,67,15,102,16,200
100,65,34,68,15,182
101,67,16,68,15,166
102,68,34,82,17,201
103,50,34,82,17,183
106,68,33,133,16,250
107,51,33,133,16,233
108,67,32,67,17,183
109,66,17,67,17,167
110,65,33,68,16,182
111,50,33,68,16,167
112,82,17,116,17,232
115,66,17,133,16,232
117,51,33,66,16,166
118,83,18,66,16,183
119,66,18,66,16,166
120,67,32,67,18,184
121,66,17,67,18,168
123,50,34,103,14,201
127,51,33,101,15,200
128,103,29,68,15,215
129,66,21,64,15,166
130,70,29,68,15,182
131,52,29,68,15,164
132,66,35,83,16,200
133,69,16,83,16,184
135,65,18,66,18,167
136,83,18,99,18,218
137,64,18,99,18,199
138,66,33,100,17,216
140,50,16,100,17,183
141,69,16,66,17,168
142,67,32,69,15,183
143,67,15,69,15,166
144,66,34,50,16,166
146,66,35,66,16,183
151,84,34,65,17,200
152,66,34,65,17,182
153,67,18,65,17,167
154,84,16,68,17,185
156,65,34,51,15,165
157,83,34,134,16,267
158,65,34,134,16,249
159,67,17,134,16,234
161,50,32,68,16,166
162,51,15,68,16,150
163,84,33,67,16,200
164,67,33,67,16,183
165,66,17,67,16,166
166,68,34,65,18,185
167,66,18,65,18,167
169,51,33,66,18,168
170,50,17,66,18,151
171,51,32,52,16,151
172,65,34,66,18,183
173,67,16,66,18,167
175,68,16,50,16,150
176,52,16,50,16,134
177,82,34,115,18,249
181,66,16,83,18,183
182,85,16,66,18,185
183,67,16,66,18,167
185,51,32,68,17,168
186,67,34,51,16,168
189,51,34,84,16,185
190,52,16,84,16,168
191,52,33,101,16,202
192,51,16,101,16,184
193,66,16,100,16,198
194,66,34,66,16,182
196,83,18,131,17,249
198,50,18,131,17,216
199,66,16,99,17,198
201,66,18,117,16,217
203,66,18,83,16,183
204,68,31,68,17,184
205,83,34,51,15,183
206,65,34,51,15,165
207,83,34,83,18,218
208,83,16,83,18,200
209,67,16,83,18,184
210,68,32,168,17,285
211,51,32,168,17,268
212,117,18,65,18,218
214,83,18,65,18,184
216,118,16,66,18,218
220,65,34,50,17,166
221,67,16,50,17,150
223,82,35,83,16,216
224,66,35,83,16,200
225,66,17,83,16,182
226,50,17,83,16,166
228,68,34,65,17,184
229,67,17,65,17,166
231,67,16,67,18,168
232,66,33,52,15,166
234,65,34,83,17,199
235,66,17,83,17,183
237,67,15,67,17,166
239,117,34,68,15,234
241,65,17,67,17,166
242,84,17,68,15,184
243,67,17,68,15,167
245,51,33,50,16,150
246,84,18,98,18,218
247,67,18,98,18,201
249,52,31,67,18,168
251,67,16,134,15,232
254,67,33,68,15,183
255,67,15,68,15,165
256,84,17,82,17,200
257,68,17,82,17,184
258,68,33,66,17,184
260,68,33,66,17,184
263,84,33,51,16,184
264,66,33,51,16,166
265,51,33,51,16,151
267,67,16,101,16,200
269,67,16,67,16,166
270,51,16,67,16,150
271,67,16,101,16,200
272,67,34,67,16,184
274,83,18,82,17,200
277,51,33,66,17,167
278,83,18,82,16,199
280,67,32,66,18,183
281,67,17,66,18,168
282,83,16,118,15,232
283,67,16,118,15,216
284,82,16,85,15,198
285,67,16,85,15,183
289,66,17,66,17,166
290,67,33,84,16,200
293,68,15,51,16,150
294,66,35,67,15,183
295,65,18,67,15,165
296,68,32,85,16,201
297,66,16,85,16,183
298,51,16,85,16,168
299,67,18,66,16,167
301,51,33,83,16,183
302,85,16,66,16,183
303,68,16,66,16,166
306,99,34,117,16,266
309,84,34,83,16,217
310,67,34,83,16,200
311,66,18,83,16,183
312,68,33,99,18,218
313,52,33,99,18,202
314,67,33,134,17,251
315,51,33,134,17,235
318,66,33,85,16,200
319,51,33,85,16,185
320,84,15,117,17,233
321,67,15,117,17,216
322,66,35,99,16,216
324,68,33,66,16,183
325,67,16,66,16,165
326,52,16,66,16,150
327,51,33,66,17,167
328,82,17,67,16,182
329,82,33,151,15,281
331,83,34,117,15,249
333,50,34,117,15,216
334,67,33,84,15,199
335,84,33,66,18,201
337,67,16,66,18,167
339,50,34,99,18,201
343,66,15,101,17,199
344,65,34,67,17,183
345,65,17,67,17,166
346,67,34,99,19,219
347,67,16,99,19,201
348,52,16,99,19,186
350,67,34,51,15,167
351,115,34,68,15,232
354,66,34,68,15,183
355,68,15,68,15,166
358,67,35,65,17,184
360,68,33,66,16,183
362,68,32,83,17,200
365,50,34,66,17,167
366,66,33,83,18,200
367,65,17,83,18,183
369,66,17,68,16,167
372,67,34,66,17,184
373,67,18,66,17,168
374,68,32,68,16,184
375,51,32,68,16,167
376,50,16,68,16,150
377,84,34,101,16,235
378,66,34,101,16,217
381,51,33,68,16,168
382,67,33,67,16,183
385,85,32,165,17,299
386,68,32,165,17,282
390,65,33,68,17,183
393,66,19,64,17,166
394,68,33,66,16,183
397,52,31,68,17,168
398,64,35,99,17,215
401,65,17,66,17,165
402,51,17,66,17,151
403,68,15,100,18,201
404,65,34,66,18,183
405,67,16,66,18,167
406,50,16,66,18,150
407,83,32,69,16,200
409,66,16,69,16,167
410,66,34,51,17,168
412,66,35,83,16,200
413,85,33,100,16,234
415,51,33,100,16,200
416,51,17,100,16,184
417,52,32,68,16,168
418,83,16,67,17,183
419,83,34,132,16,265
420,66,34,132,16,248
421,67,17,132,16,232
422,84,17,83,16,200
424,50,17,83,16,166
425,67,17,65,16,165
427,83,33,68,17,201
429,66,16,68,17,167
430,65,34,67,17,183
431,65,18,67,17,167
433,67,17,133,17,234
434,101,33,67,17,218
435,85,33,67,17,202
437,67,16,67,17,167
438,66,34,67,15,182
439,83,33,67,17,200
442,67,34,112,7,220
444,67,33,137,17,254
445,65,18,137,17,237
446,84,62,58,17,221
447,67,62,58,17,204
448,112,25,117,16,270
450,137,36,64,17,254
451,62,25,117,16,220
453,51,36,64,17,168
456,84,16,66,18,184
457,67,16,66,18,167
460,84,15,117,16,232
461,67,15,117,16,215
462,66,34,83,16,199
463,67,16,83,16,182
464,67,33,100,18,218
467,66,16,67,18,167
468,66,33,52,17,168
469,67,16,52,17,152
470,66,34,67,18,185
471,66,17,67,18,168
472,67,35,99,16,217
473,50,35,99,16,200
474,52,17,99,16,184
475,84,34,82,18,218
476,85,16,82,18,201
477,67,16,82,18,183
478,66,33,67,18,184
479,66,17,67,18,168
480,67,34,51,15,167
482,67,33,67,16,183
483,66,18,67,16,167
484,85,15,81,20,201
485,69,15,81,20,185
486,116,31,69,17,233
488,67,47,69,17,200
490,50,31,69,17,167
492,100,33,134,15,282
493,84,33,134,15,266
494,53,33,134,15,235
495,82,33,83,18,216
497,51,33,83,18,185
499,67,15,69,15,166
500,65,35,66,18,184
502,67,34,66,17,184
503,66,18,66,17,167
504,69,32,84,17,202
506,66,34,67,16,183
508,66,37,80,16,199
509,51,37,80,16,184
511,83,33,100,17,233
514,63,33,67,17,180
515,67,16,67,17,167
516,66,34,66,17,183
517,50,34,66,17,167
518,67,33,50,16,166
519,66,17,50,16,149
523,50,33,67,18,168
524,84,16,51,16,167
525,67,16,51,16,150
526,67,33,101,16,217
527,83,34,67,16,200
528,67,34,67,16,184
529,67,16,67,16,166
531,67,16,166,16,265
532,67,34,65,18,184
533,67,16,65,18,166
534,51,16,65,18,150
536,66,33,67,16,182
538,65,33,86,16,200
539,67,15,86,16,184
541,66,17,52,16,151
542,67,34,66,17,184
544,68,34,66,16,184
545,69,16,66,16,167
546,68,32,68,17,185
548,49,17,68,17,151
552,68,33,66,16,183
553,51,33,66,16,166
554,51,16,66,16,149
555,51,33,66,16,166
556,66,33,167,17,283
558,66,33,67,17,183
559,51,33,67,17,168
560,66,34,66,17,183
563,51,33,67,17,168
565,51,33,51,16,151
566,66,34,99,18,217
567,67,17,99,18,201
568,50,17,99,18,184
569,67,16,66,18,167
570,51,16,66,18,151
571,101,15,68,16,200
574,51,15,68,16,150
575,67,16,66,20,169
576,66,34,66,14,180
577,65,18,66,14,163
578,68,32,85,16,201
579,50,32,85,16,183
581,70,14,51,16,151
582,52,14,51,16,133
583,64,19,67,17,167
584,67,34,67,15,183
587,53,33,101,15,202
588,67,34,98,17,216
589,83,33,65,17,198
590,67,33,65,17,182
591,65,18,65,17,165
594,67,31,51,16,165
595,67,16,51,16,150
596,65,34,67,16,182
597,100,16,118,16,250
598,65,33,118,16,232
599,67,16,118,16,217
600,136,31,52,15,234
601,84,35,65,18,202
603,66,19,65,18,168
604,69,31,52,15,167
605,51,31,52,15,149
606,66,34,67,17,184
607,84,33,67,16,200
608,65,33,67,16,181
609,67,15,67,16,165
610,86,15,67,17,185
612,52,15,67,17,151
613,66,16,68,16,166
614,67,34,66,16,183
615,64,18,66,16,164
616,67,34,83,16,200
619,68,16,67,20,171
620,66,35,116,18,235
622,67,32,84,18,201
624,67,33,69,14,183
626,52,13,69,14,148
627,65,17,68,16,166
628,66,36,97,18,217
630,69,32,65,18,184
631,53,32,65,18,168
632,68,32,51,17,168
633,66,16,51,17,150
636,65,35,67,15,182
638,51,17,67,15,150
639,82,35,66,16,199
640,117,16,69,15,217
641,65,19,66,16,166
642,67,31,69,15,182
643,66,16,69,15,166
645,101,18,66,16,201
646,66,34,66,16,182
647,67,18,66,16,167
649,65,18,132,18,233
650,67,33,67,17,184
653,51,37,62,18,168
655,67,17,50,16,150
656,50,17,50,16,133
658,80,16,67,19,182
660,83,16,68,16,183
661,66,16,68,16,166
662,51,16,68,16,151
666,84,17,50,15,166
667,66,17,50,15,148
668,50,17,50,15,132
669,81,32,67,18,198
672,50,15,67,18,150
674,67,32,67,16,182
676,67,34,67,17,185
677,66,16,67,17,166
678,66,33,68,17,184
679,68,15,68,17,168
680,67,34,66,18,185
684,51,17,66,16,150
686,66,34,101,15,216
687,67,16,101,15,199
688,66,33,68,15,182
690,101,34,65,19,219
691,66,17,99,19,201
692,101,32,52,17,202
693,85,32,52,17,186
694,68,32,52,17,169
695,66,17,52,17,152
698,65,36,63,17,181
699,69,17,63,17,166
700,52,17,63,17,149
701,51,30,67,18,166
702,83,16,52,16,167
703,64,16,52,16,148
705,65,17,68,18,168
707,50,34,52,14,150
708,52,16,52,14,134
709,70,15,67,14,166
710,68,32,68,16,184
714,81,19,51,14,165
717,51,33,117,16,217
718,66,32,85,16,199
719,135,16,52,16,219
720,51,14,85,16,166
721,100,16,52,16,184
722,83,16,52,16,167
723,65,16,52,16,149
724,51,16,52,16,135
725,68,16,67,17,168
726,51,16,67,17,151
728,85,16,67,15,183
729,67,16,67,15,165
730,67,33,66,19,185
731,82,34,51,14,181
732,66,34,51,14,165
734,99,33,69,15,216
735,101,14,69,15,199
737,67,14,69,15,165
738,51,14,69,15,149
739,67,17,73,10,167
741,64,19,66,17,166
742,69,38,62,16,185
743,52,38,62,16,168
744,73,28,65,18,184
745,57,28,65,18,168
746,66,34,65,16,181
747,68,17,65,16,166
748,62,31,101,17,211
749,52,31,101,17,201
751,82,35,65,17,199
753,65,19,65,17,166
754,69,32,68,15,184
755,100,16,104,13,233
757,68,16,104,13,201
758,65,35,69,13,182
759,66,18,69,13,166
760,68,32,67,17,184
761,51,32,67,17,167
762,67,37,62,17,183
764,69,30,67,16,182
766,67,32,51,16,166
768,62,35,132,16,245
769,66,18,132,16,232
770,67,32,68,16,183
771,66,16,68,16,166
772,51,16,68,16,151
774,66,34,132,17,249
776,68,32,202,17,319
777,51,32,202,17,302
778,82,19,65,17,183
779,66,19,65,17,167
780,67,33,66,17,183
783,118,34,67,15,234
784,65,34,101,15,215
785,66,17,101,15,199
786,66,34,67,15,182
787,67,17,67,15,166
788,51,17,67,15,150
789,51,34,165,17,267
790,68,33,84,15,200
791,84,34,65,17,200
793,52,34,65,17,168
794,67,31,67,17,182
795,100,15,67,16,198
796,65,34,67,16,182
797,69,15,67,16,167
798,65,33,135,15,248
800,67,34,101,15,217
801,82,33,68,15,198
803,50,33,68,15,166
804,67,33,104,17,221
805,83,35,69,17,204
806,66,35,69,17,187
808,68,32,54,18,172
809,51,32,54,18,155
810,67,37,67,16,187
812,69,35,64,16,184
814,54,18,64,16,152
816,67,32,51,18,168
817,82,32,70,15,199
818,64,32,70,15,181
819,81,37,66,14,198
820,64,37,66,14,181
822,69,33,67,16,185
823,53,33,67,16,169
825,66,18,65,18,167
826,66,34,150,18,268
827,84,31,68,15,198
828,67,31,68,15,181
830,65,34,66,19,184
831,69,16,66,19,170
832,65,34,51,18,168
833,67,16,51,18,152
836,85,18,63,17,183
837,67,18,63,17,165
839,54,30,66,17,167
840,51,16,66,17,150
843,66,16,52,15,149
844,83,17,83,19,202
845,68,17,83,19,187
847,68,15,69,16,168
848,83,18,66,16,183
850,67,35,64,16,182
851,65,19,64,16,164
852,69,31,135,16,251
854,66,33,133,18,250
855,50,33,133,18,234
858,67,34,65,18,184
859,51,34,65,18,168
860,51,17,65,18,151
861,68,18,66,15,167
862,84,15,102,16,217
863,67,15,102,16,200
864,65,35,67,16,183
866,66,32,101,17,216
867,82,35,66,17,200
868,67,35,66,17,185
870,67,32,68,15,182
871,52,32,68,15,167
872,84,17,100,17,218
873,67,17,100,17,201
875,67,17,165,18,267
876,68,33,132,18,251
877,66,18,132,18,234
879,83,33,66,18,200
881,68,16,66,18,168
883,66,16,119,16,217
885,67,15,68,17,167
887,68,15,52,16,151
888,52,15,52,16,135
889,67,16,84,15,182
891,99,17,101,15,232
893,65,17,101,15,198
894,66,33,68,15,182
897,50,35,66,16,167
898,68,33,100,15,216
902,82,16,67,16,181
903,66,16,67,16,165
904,65,35,66,16,182
905,50,35,66,16,167
906,67,32,68,15,182
908,67,34,65,18,184
913,52,31,50,17,150
914,65,35,167,18,285
915,67,17,167,18,269
916,66,32,67,17,182
917,51,32,67,17,167
921,68,16,68,18,170
922,67,34,52,15,168
923,66,17,52,15,150
925,84,33,67,16,200
926,68,33,67,16,184
927,69,15,67,16,167
928,67,37,129,17,250
929,88,30,116,18,252
930,70,30,116,18,234
931,52,30,116,18,216
932,67,33,66,17,183
935,67,16,51,18,152
936,65,34,67,17,183
939,67,18,66,17,168
940,51,18,66,17,152
942,67,34,99,17,217
944,66,33,66,17,182
945,67,16,66,17,166
946,51,16,66,17,150
948,83,16,101,16,216
949,66,16,101,16,199
950,66,34,99,17,216
951,66,17,99,17,199
954,51,16,66,17,150
955,50,34,66,16,166
956,99,34,117,17,267
957,66,16,68,17,167
958,66,34,117,17,234
960,66,34,83,17,200
962,68,32,68,16,184
963,68,15,68,16,167
964,51,15,68,16,150
965,67,17,67,16,167
966,66,34,65,18,183
967,83,33,99,17,232
968,68,33,99,17,217
969,51,33,99,17,200
970,67,32,67,17,183
971,66,16,67,17,166
973,67,16,67,16,166
974,50,16,67,16,149
978,67,33,67,16,183
980,67,35,64,18,184
983,84,32,68,17,201
984,67,32,68,17,184
986,82,17,66,17,182
989,68,16,100,19,203
990,85,16,67,19,187
991,83,33,53,14,183
992,66,33,53,14,166
993,66,16,53,14,149
994,66,34,84,15,199
995,66,17,84,15,182
996,67,33,66,17,183
999,68,15,67,18,168
1001,65,15,102,15,197
1002,51,15,102,15,183
1003,65,17,68,15,165
1005,67,16,67,17,167
1006,135,34,99,16,284
1007,51,34,67,17,169
1008,83,18,67,17,185
1010,101,33,66,16,216
1012,67,33,66,16,182
1013,52,33,66,16,167
1014,84,16,99,19,218
1015,67,16,99,19,201
1016,66,33,66,19,184
1017,65,17,66,19,167
1018,66,33,52,15,166
1019,82,33,67,16,198
1020,66,33,67,16,182
1022,85,15,68,14,182
1023,69,15,68,14,166
1024,52,15,68,14,149
1025,83,35,98,17,233
1026,83,19,98,17,217
1027,64,19,98,17,198
1028,68,33,65,17,183
1029,52,33,65,17,167
1030,68,32,68,15,183
1031,84,33,50,16,183
1032,65,33,50,16,164
1033,51,33,50,16,150
1034,82,18,65,17,182
1035,66,18,65,17,166
1036,68,31,135,15,249
1037,66,16,135,15,232
1038,50,16,135,15,216
1039,67,16,101,15,199
1040,65,34,67,15,181
1041,84,32,50,18,184
1042,68,32,50,18,168
1043,68,14,50,18,150
1046,82,18,66,17,183
1048,84,17,66,18,185
1049,67,17,66,18,168
1051,68,16,51,17,152
1052,50,16,51,17,134
1053,67,16,99,18,200
1054,66,35,64,18,183
1055,67,17,64,18,166
1056,51,17,64,18,150
1057,51,32,66,18,167
1061,65,16,67,18,166
1062,84,14,73,15,186
1064,52,14,73,15,154
1066,50,17,102,16,185
1068,53,20,80,16,169
1069,55,28,52,16,151
1070,85,17,82,17,201
1071,100,16,67,15,198
1072,64,32,67,15,178
1074,84,17,100,18,219
1075,82,34,66,18,200
1076,65,34,66,18,183
1078,67,32,52,15,166
1079,51,32,52,15,150
1080,66,34,102,15,217
1082,66,33,69,15,183
1083,69,15,69,15,168
1084,52,15,69,15,151
1085,83,35,67,14,199
1086,67,35,67,14,183
1087,65,19,67,14,165
1088,69,32,67,15,183
1090,50,17,67,15,149
1094,82,17,68,17,184
1095,66,17,68,17,168
1096,64,35,67,17,183
1098,67,33,51,16,167
1101,83,33,65,18,199
1102,67,33,65,18,183
1103,51,33,65,18,167
1104,67,32,51,15,165
1105,50,32,51,15,148
1106,65,33,69,15,182
1107,99,15,68,17,199
1108,65,33,68,17,183
1109,67,15,68,17,167
1110,51,15,68,17,151
1113,66,17,68,17,168
1114,51,17,68,17,153
1115,68,17,99,16,200
1116,100,32,66,17,215
1117,51,34,65,16,166
1119,51,32,66,17,166
1120,66,33,67,16,182
1121,51,33,67,16,167
1122,65,33,101,18,217
1123,64,17,101,18,200
1124,83,17,67,18,185
1125,68,17,67,18,170
1126,67,33,52,16,168
1128,50,17,52,16,135
1129,84,34,66,16,200
1130,67,34,66,16,183
1133,83,34,67,15,199
1134,82,18,67,15,182
1135,64,18,67,15,164
1137,51,33,67,17,168
1139,51,34,66,17,168
1140,67,33,98,18,216
1142,67,33,65,18,183
1143,67,16,65,18,166
1144,66,34,65,18,183
1145,68,17,65,18,168
1146,67,31,102,15,215
1147,81,34,68,15,198
1154,68,32,52,16,168
1157,84,33,66,15,198
1158,67,33,66,15,181
1159,52,33,66,15,166
1160,83,18,67,16,184
1161,98,17,50,17,182
1164,66,34,100,15,215
1168,50,17,67,15,149
1171,84,32,68,15,199
1173,52,32,68,15,167
1176,52,15,65,18,150
1177,85,32,68,16,201
1178,68,32,68,16,184
1179,63,17,68,16,164
1180,65,34,67,16,182
1182,66,34,66,16,182
1183,67,18,66,16,167
1185,83,33,99,18,233
1187,67,17,99,18,201
1189,66,18,65,18,167
1191,51,33,66,17,167
1192,67,32,51,16,166
1193,51,32,51,16,150
1195,67,16,68,15,166
1196,66,33,100,17,216
1197,68,16,100,17,201
1198,51,16,100,17,184
1199,84,33,65,19,201
1201,100,16,52,16,184
1202,100,33,101,17,251
1203,66,16,52,16,150
1204,65,33,101,17,216
1205,67,16,101,17,201
1206,65,35,83,17,200
1208,52,16,83,17,168
1209,102,15,66,18,201
1210,51,16,68,15,150
1211,67,15,66,18,166
1213,67,17,66,16,166
1216,66,34,67,17,184
1217,67,16,67,17,167
1218,66,33,67,17,183
1219,51,33,67,17,168
1220,50,17,67,17,151
1221,83,33,51,15,182
1223,68,16,51,15,150
1224,51,16,51,15,133
1225,51,34,66,17,168
1226,84,15,69,15,183
1228,83,17,67,16,183
1229,66,17,67,16,166
1230,66,35,66,15,182
1231,66,18,66,15,165
1232,51,18,66,15,150
1233,52,32,116,16,216
1235,50,34,82,16,182
1236,66,32,66,18,182
1239,50,34,100,16,200
1240,82,16,102,15,215
1242,66,34,100,16,216
1243,83,34,66,16,199
1244,66,34,66,16,182
1245,67,17,66,16,166
1246,68,34,66,16,184
1247,66,18,66,16,166
1249,66,17,68,16,167
1250,66,34,100,15,215
1251,50,34,100,15,199
1252,66,34,99,18,217
1253,67,18,99,18,202
1257,66,18,51,15,150
1258,66,33,83,18,200
1259,65,18,83,18,184
1260,85,15,68,15,183
1263,51,33,102,15,201
1264,83,18,133,16,250
1265,65,18,133,16,232
1266,68,33,66,17,184
1267,85,34,98,17,234
1268,68,34,98,17,217
1269,117,34,98,17,266
1270,67,32,66,17,182
1273,68,17,98,17,200
1274,82,16,66,17,181
1277,84,31,69,15,199
1278,67,31,69,15,182
1281,66,19,64,17,166
1283,52,33,65,18,168
1284,84,16,68,16,184
1285,67,16,68,16,167
1286,64,34,67,17,182
1287,66,17,67,17,167
1288,65,34,69,16,184
1289,68,16,69,16,169
1293,66,19,80,18,183
1297,83,34,66,18,201
1298,64,34,66,18,182
1299,64,18,66,18,166
1300,67,34,66,16,183
1301,51,34,66,16,167
1302,68,32,66,17,183
1303,52,32,66,17,167
1304,100,32,67,18,217
1306,82,16,67,18,183
1307,82,33,67,18,200
1309,65,16,67,18,166
1310,65,34,51,17,167
1311,67,16,51,17,151
1316,51,17,98,17,183
1317,65,17,66,17,165
1318,67,35,83,16,201
1319,66,18,83,16,183
1322,66,35,83,17,201
1323,66,18,83,17,184
1325,51,33,67,16,167
1327,67,18,65,17,167
1328,83,17,67,16,183
1330,67,32,51,16,166
1331,83,35,66,16,200
1332,65,35,66,16,182
1335,51,32,66,17,166
1336,85,16,99,18,218
1337,100,16,67,18,201
1338,115,17,66,19,217
1339,66,16,67,18,167
1340,50,16,67,18,151
1341,82,33,52,16,183
1343,83,33,101,16,233
1344,67,33,101,16,217
1346,66,35,99,17,217
1347,68,16,99,17,200
1348,52,16,99,17,184
1349,50,32,67,17,166
1350,50,17,67,17,151
1352,66,33,66,18,183
1354,67,33,85,17,202
1355,67,16,85,17,185
1356,66,33,102,17,218
1357,67,16,102,17,202
1359,101,17,67,16,201
1360,51,17,67,17,152
1361,68,17,67,16,168
1362,52,17,67,16,152
1364,67,34,98,18,217
1366,83,17,65,18,183
1367,68,17,65,18,168
1368,50,17,65,18,150
1369,50,32,51,16,149
1371,66,16,51,17,150
1373,66,16,67,17,166
1374,84,17,66,18,185
1375,67,17,66,18,168
1376,51,17,66,18,152
1378,84,16,66,17,183
1379,67,16,66,17,166
1380,50,16,66,17,149
1381,68,15,68,17,168
1382,51,15,68,17,151
1384,66,35,65,19,185
1385,65,18,65,19,167
1386,68,31,68,18,185
1388,83,17,85,17,202
1389,66,17,85,17,185
1391,67,15,51,17,150
1392,86,17,67,16,186
1393,69,17,67,16,169
1394,85,17,65,18,185
1395,66,17,65,18,166
1396,51,17,65,18,151
1397,50,34,65,16,165
1398,67,31,68,16,182
1399,51,31,68,16,166
1400,99,34,65,17,215
1402,99,33,68,15,215
1403,65,18,65,17,165
1405,50,33,68,15,166
1407,51,32,51,16,150
1408,65,36,82,15,198
1409,66,19,82,15,182
1410,68,31,66,17,182
1411,52,31,66,17,166
1412,84,18,66,15,183
1413,67,18,66,15,166
1414,82,15,67,17,181
1415,82,35,65,17,199
1416,66,35,65,17,183
1418,66,32,68,16,182
1419,82,33,69,15,199
1421,50,33,69,15,167
1422,82,18,65,18,183
1423,67,18,65,18,168
1424,68,34,65,16,183
1428,65,34,67,16,182
1429,49,34,67,16,166
1430,65,33,68,17,183
1431,66,17,68,17,168
1432,67,34,67,17,185
1433,66,17,67,17,167
1434,101,33,66,17,217
1436,68,33,66,17,184
1438,67,33,66,18,184
1440,50,16,66,18,150
1441,67,15,67,16,165
1442,66,33,68,17,184
1443,66,16,68,17,167
1444,66,34,66,18,184
1446,83,18,66,17,184
1447,66,18,66,17,167
1448,68,32,68,17,185
1449,67,15,68,17,167
1451,68,16,67,18,169
1453,66,17,67,16,166
1454,85,16,67,17,185
1455,67,16,67,17,167
1456,85,16,66,18,185
1457,68,16,66,18,168
1460,67,33,99,17,216
1461,66,16,99,17,198
1462,50,16,99,17,182
1464,51,16,65,17,149
1465,115,35,83,16,249
1469,65,18,83,16,182
1471,66,17,100,17,200
1475,67,16,67,17,167
1477,84,33,66,18,201
1478,84,16,66,18,184
1480,67,33,66,18,184
1481,82,33,102,16,233
1482,66,33,102,16,217
1483,65,17,102,16,200
1484,84,15,69,16,184
1487,83,36,82,17,218
1488,66,36,82,17,201
1489,84,32,67,16,199
1490,85,16,67,16,184
1491,67,16,67,16,166
1492,52,16,67,16,151
1493,67,17,67,15,166
1494,82,17,66,18,183
1495,83,34,67,15,199
1496,67,34,67,15,183
1497,66,18,67,15,166
1499,51,32,68,15,166
1500,66,35,99,18,218
1501,85,33,66,18,202
1502,67,33,66,18,184
1503,52,33,66,18,169
1505,65,17,52,16,150
1507,67,17,65,18,167
1508,66,34,66,17,183
1509,51,34,66,17,168
1512,65,35,100,16,216
1513,65,17,100,16,198
1514,66,34,66,16,182
1515,51,34,66,16,167
1516,86,16,66,16,184
1518,67,33,67,17,184
1520,66,33,51,16,166
1521,65,17,51,16,149
1523,65,18,66,18,167
1524,67,33,65,19,184
1525,51,33,65,19,168
1526,51,16,65,19,151
1528,66,32,69,17,184
1529,81,36,65,18,200
1531,98,19,66,17,200
1533,64,19,66,17,166
1534,69,32,66,17,184
1535,67,15,66,17,165
1536,65,34,66,16,181
1538,66,32,102,15,215
1540,66,34,68,15,183
1542,66,33,68,16,183
1543,49,33,68,16,166
1544,50,17,68,16,151
1545,50,35,66,17,168
1546,68,33,67,15,183
1548,68,33,67,15,183
1549,66,17,67,15,165
1550,66,34,68,16,184
1552,50,17,68,16,151
1553,66,18,66,18,168
1554,67,35,65,17,184
1556,68,31,68,16,183
1557,84,34,101,14,233
1558,66,34,101,14,215
1560,65,34,67,14,180
1561,66,17,67,14,164
1563,50,33,100,17,200
1564,67,34,66,17,184
1565,84,32,51,14,181
1566,67,32,51,14,164
1568,66,34,67,15,182
1569,67,17,67,15,166
1570,66,31,68,18,183
1571,52,31,68,18,169
1572,101,32,99,18,250
1573,67,17,66,15,165
1576,68,34,65,18,185
1579,51,33,66,18,168
1582,65,34,67,16,182
1583,68,16,67,16,167
1585,67,17,65,17,166
1586,52,17,65,17,151
1590,65,33,85,16,199
1591,65,16,85,16,182
1592,84,15,68,15,182
1593,68,15,68,15,166
1596,67,34,51,16,168
1597,67,16,51,16,150
1600,101,32,71,14,218
1601,67,16,117,18,218
1603,52,32,71,14,169
1604,66,34,134,16,250
1606,66,37,79,18,200
1607,88,32,65,16,201
1608,85,18,65,16,184
1609,68,18,65,16,167
1611,53,31,67,15,166
1613,83,33,67,16,199
1615,52,33,67,16,168
1616,67,33,67,16,183
1617,51,33,67,16,167
1618,66,34,66,16,182
1619,66,18,66,16,166
1621,118,32,52,17,219
1623,51,33,67,17,168
1624,66,32,52,17,167
1625,50,32,52,17,151
1626,65,35,99,17,216
1629,51,34,65,17,167
1630,52,17,65,17,151
1632,67,32,133,18,250
1633,67,15,133,18,233
1634,65,33,67,18,183
1635,67,16,67,18,168
1636,65,34,66,18,183
1637,66,16,66,18,166
1639,68,15,100,19,202
1640,52,15,100,19,186
1641,67,15,67,19,168
1642,51,15,67,19,152
1643,66,16,52,16,150
1644,51,16,52,16,135
1645,66,16,67,16,165
1647,68,16,65,16,165
1648,52,16,65,16,149
1649,83,33,67,16,199
1653,66,17,68,17,168
1654,49,17,68,17,151
1655,68,16,51,15,150
1657,67,18,50,15,150
1658,85,15,101,16,217
1659,67,15,101,16,199
1660,84,15,68,16,183
1661,68,15,68,16,167
1662,50,15,68,16,149
1664,67,34,66,18,185
1665,67,16,66,18,167
1667,51,33,99,18,201
1668,67,33,66,18,184
1669,67,15,66,18,166
1670,66,35,100,15,216
1672,68,31,69,15,183
1674,84,16,151,17,268
1675,82,35,98,18,233
1677,66,18,98,18,200
1678,69,33,65,18,185
1679,51,33,65,18,167
1681,67,17,50,17,151
1683,101,17,67,18,203
1684,65,35,67,18,185
1685,67,17,67,18,169
1686,50,17,67,18,152
1689,67,17,100,17,201
1690,50,17,100,17,184
1692,53,14,68,17,152
1695,82,33,133,17,265
1696,68,33,133,17,251
1697,100,16,68,16,200
1698,67,32,68,16,183
1700,65,36,98,17,216
1701,66,18,98,17,199
1702,50,18,98,17,183
1703,52,32,66,17,167
1704,52,16,66,17,151
1705,66,17,100,16,199
1707,99,15,51,17,182
1708,66,32,51,17,166
1709,82,35,67,16,200
1710,83,17,67,16,183
1711,66,17,67,16,166
1712,67,33,67,16,183
1713,50,33,67,16,166
1714,51,17,67,16,151
1715,66,18,66,16,166
1716,67,33,64,19,183
1717,67,17,64,19,167
1718,67,33,66,17,183
1719,84,31,103,16,234
1720,66,31,103,16,216
1721,81,35,68,16,200
1722,64,35,68,16,183
1724,83,16,101,16,216
1726,52,16,101,16,185
1727,67,17,66,16,166
1728,68,32,67,17,184
1731,65,18,66,18,167
1732,66,33,51,16,166
1734,67,33,66,18,184
1737,68,16,66,18,168
1738,51,16,66,18,151
1739,82,34,67,18,201
1740,66,34,67,18,185
1741,82,33,52,15,182
1742,84,15,52,15,166
1743,68,15,52,15,150
1745,67,16,134,16,233
1746,67,33,101,16,217
1747,67,15,101,16,199
1748,52,15,101,16,184
1749,65,17,68,16,166
1751,64,19,65,18,166
1753,85,32,68,17,202
1754,68,32,68,17,185
1755,52,32,68,17,169
1756,65,34,66,18,183
1757,68,16,66,18,168
1758,66,34,50,16,166
1759,67,17,50,16,150
1760,51,17,50,16,134
1763,67,16,67,17,167
1764,116,17,66,17,216
1765,82,34,66,17,199
1766,67,34,66,17,184
1767,66,17,66,17,166
1768,67,33,67,18,185
1769,66,16,67,18,167
1770,51,16,67,18,152
1772,66,34,66,18,184
1774,67,34,65,18,184
1775,68,16,65,18,167
1777,51,32,51,16,150
1778,66,33,68,16,183
1779,66,15,68,16,165
1781,66,16,68,15,165
1782,51,16,68,15,150
1783,65,18,66,17,166
1785,84,32,50,16,182
1786,50,18,82,16,166
1787,84,35,65,16,200
1789,67,18,65,16,166
1791,52,31,68,15,166
1793,66,17,49,18,150
1794,81,18,67,15,181
1795,66,18,67,15,166
1797,66,18,66,17,167
1798,49,18,66,17,150
1799,85,32,52,15,184
1800,67,32,52,15,166
1801,52,32,52,15,151
1802,66,35,64,19,184
1803,67,18,64,19,168
1806,52,15,67,17,151
1807,101,16,66,17,200
1808,83,16,66,17,182
1810,51,16,66,17,150
1811,65,15,134,18,232
1812,52,15,134,18,219
1813,65,17,66,19,167
1814,66,34,66,18,184
1817,51,32,52,16,151
1818,100,34,133,16,283
1819,68,15,101,16,200
1823,65,17,66,17,165
1825,66,17,66,16,165
1826,67,32,68,17,184
1828,66,34,98,20,218
1829,66,17,98,20,201
1830,66,34,64,20,184
1832,68,32,52,15,167
1833,51,32,52,15,150
1834,66,32,68,18,184
1835,50,32,68,18,168
1838,52,15,67,16,150
1839,66,16,67,17,166
1840,68,34,50,18,170
1842,83,17,84,17,201
1843,66,17,84,17,184
1844,67,35,98,17,217
1847,52,32,101,16,201
1848,67,34,67,16,184
1850,66,32,102,15,215
1851,83,35,67,15,200
1852,83,18,67,15,183
1854,67,32,67,18,184
1855,67,16,67,18,168
1856,152,15,67,18,252
1857,68,17,65,18,168
1858,82,17,100,18,217
1859,66,17,100,18,201
1860,67,33,67,18,185
1861,82,32,102,17,233
1862,65,32,102,17,216
1863,50,32,102,17,201
1864,65,35,67,17,184
1865,66,16,67,17,166
1866,67,34,67,15,183
1867,67,16,67,15,165
1868,53,16,67,15,151
1869,66,17,67,16,166
1870,101,33,100,16,250
1872,50,17,65,17,149
1873,66,18,100,16,200
1875,66,16,133,18,233
1876,65,35,65,17,182
1878,67,33,99,17,216
1879,66,18,99,17,200
1880,68,32,101,17,218
1881,67,16,101,17,201
1882,65,33,150,18,266
1883,67,16,150,18,251
1884,65,34,51,16,166
1885,117,33,67,17,234
1886,51,16,51,16,134
1887,67,17,100,17,201
1888,85,16,67,17,185
1889,50,33,67,17,167
1890,51,16,67,17,151
1891,50,34,66,16,166
1892,67,33,67,15,182
1893,65,18,67,15,165
1894,67,33,67,16,183
1895,100,18,67,15,200
1896,50,16,67,16,149
1897,67,18,67,15,167
1899,65,18,67,17,167
1900,67,34,99,18,218
1901,85,33,66,18,202
1902,67,33,66,18,184
1904,67,33,51,15,166
1905,51,33,51,15,150
1906,66,33,66,18,183
1907,51,33,66,18,168
1908,66,33,101,16,216
1909,67,15,101,16,199
1911,65,17,68,16,166
1912,101,33,84,16,234
1913,66,17,99,18,200
1914,68,33,84,16,201
1915,69,16,84,16,185
1917,83,33,99,17,232
1918,82,17,99,17,215
1919,65,17,99,17,198
1923,67,17,133,16,233
1924,50,17,133,16,216
1926,65,34,67,16,182
1927,66,17,67,16,166
1928,66,34,67,16,183
1930,68,33,67,16,184
1932,51,16,67,16,150
1933,65,18,66,16,165
1934,83,17,99,17,216
1936,100,34,66,17,217
1938,66,34,66,17,183
1940,67,32,68,16,183
1944,66,34,66,17,183
1945,50,34,66,17,167
1946,68,33,66,17,184
1948,67,33,134,16,250
1949,67,16,134,16,233
1951,83,34,67,16,200
1955,66,18,67,15,166
1957,67,17,66,16,166
1958,67,34,66,16,183
1959,51,34,66,16,167
1960,82,17,100,18,217
1961,66,17,100,18,201
1962,66,34,133,16,249
1964,66,33,51,16,166
1965,67,17,51,16,151
1967,51,33,67,16,167
1969,68,16,65,17,166
1970,51,16,65,17,149
1971,50,33,66,17,166
1972,67,32,51,16,166
1974,65,34,100,17,216
1975,66,17,100,17,200
1976,66,33,67,17,183
1978,51,16,67,17,151
1980,67,33,101,16,217
1981,66,17,101,16,200
1982,67,33,68,16,184
1985,70,13,51,17,151
1986,53,13,51,17,134
1987,67,17,66,17,167
1988,51,17,66,17,151
1989,64,17,67,16,164
1990,51,17,67,16,151
1991,50,33,67,15,165
1992,66,34,99,16,215
1993,67,17,99,16,199
1994,67,33,66,16,182
1997,65,18,49,17,149
1999,67,16,68,16,167
2000,66,33,51,16,166
2001,101,18,100,17,236
2002,83,18,100,17,218
2003,66,18,100,17,201
2004,68,32,68,17,185
2005,52,32,68,17,169
2006,51,16,68,17,152
2007,66,17,101,16,200
2008,65,35,117,15,232
2009,66,18,117,15,216
2010,68,33,84,15,200
2011,69,16,84,15,184
2013,51,33,66,16,166
2014,66,34,66,16,182
2015,65,18,66,16,165
2016,67,32,101,15,215
2018,51,15,101,15,182
2025,66,19,65,17,167
2026,69,31,67,17,184
2027,67,16,67,17,167
2028,83,16,50,16,165
2029,84,33,67,16,200
2030,65,33,67,16,181
2031,67,16,67,16,166
2033,66,16,102,15,199
2034,50,16,102,15,183
2035,67,16,68,15,166
2036,67,35,66,17,185
2037,66,19,66,17,168
2039,51,33,65,17,166
2040,68,33,103,12,216
2043,52,32,83,17,184
2045,83,38,63,17,201
2046,65,38,63,17,183
2047,86,29,51,16,182
2049,54,29,51,16,150
2050,50,17,51,16,134
2052,63,33,50,18,164
2053,68,16,50,18,152
2054,51,16,50,18,135
2055,68,16,68,16,168
2056,83,18,67,15,183
2058,50,18,67,15,150
2059,66,18,166,17,267
2060,68,33,66,15,182
2061,52,33,66,15,166
2062,67,32,101,17,217
2063,51,32,101,17,201
2064,81,18,67,17,183
2067,51,33,51,17,152
2068,67,34,131,18,250
2069,85,34,97,18,234
2070,67,34,97,18,216
2071,52,34,97,18,201
2072,100,33,50,17,200
2073,51,32,83,17,183
2074,66,33,50,17,166
2075,65,17,50,17,149
2078,65,35,51,16,167
2080,67,34,82,18,201
2081,84,33,84,16,217
2082,69,33,84,16,202
2083,68,16,84,16,184
2084,51,16,84,16,167
2085,84,34,100,16,234
2086,66,34,100,16,216
2087,83,33,67,16,199
2088,67,33,67,16,183
2090,51,16,67,16,150
2092,82,18,65,17,182
2093,65,18,65,17,165
2094,67,31,51,18,167
2095,51,31,51,18,151
2096,64,34,101,17,216
2097,68,15,101,17,201
2098,65,35,66,17,183
2100,51,18,66,17,152
2102,68,33,65,19,185
2103,51,33,65,19,168
2104,66,32,67,17,182
2105,67,15,67,17,166
2106,84,14,101,17,216
2107,69,14,101,17,201
2108,51,14,101,17,183
2111,65,17,67,16,165
2112,51,17,67,16,151
2113,65,17,67,17,166
2114,84,17,67,15,183
2115,67,17,67,15,166
2116,67,33,100,17,217
2117,51,33,100,17,201
2119,67,17,99,17,200
2121,51,33,99,18,201
2122,84,16,84,16,200
2123,67,16,84,16,183
2124,66,33,133,17,249
2125,84,33,67,17,201
2127,66,16,67,17,166
2128,66,34,66,17,183
2130,51,16,66,17,150
2131,68,15,67,16,166
2132,67,33,67,17,184
2133,99,17,67,18,201
2134,66,34,67,18,185
2135,65,17,67,18,167
2137,66,17,52,16,151
2138,67,34,67,17,185
2139,67,17,67,17,168
2140,67,34,66,17,184
2141,51,34,66,17,168
2144,67,33,66,18,184
2145,66,16,66,18,166
2146,50,16,66,18,150
2148,63,36,67,17,183
2149,66,16,67,17,166
2151,67,15,68,16,166
2152,86,17,66,17,186
2154,67,34,67,16,184
2155,66,17,67,16,166
2156,51,17,67,16,151
2157,83,35,66,18,202
2160,83,17,67,15,182
2161,51,33,67,15,166
2162,51,17,67,15,150
2163,51,33,66,17,167
2164,84,16,66,16,182
2165,68,16,66,16,166
2166,82,17,50,17,166
2167,65,17,50,17,149
2169,98,17,84,17,216
2170,66,33,84,17,200
2171,67,17,84,17,185
2172,50,17,84,17,168
2173,67,16,51,17,151
2176,66,35,149,17,267
2177,67,17,149,17,250
2178,51,17,149,17,234
2179,85,33,166,17,301
2180,68,33,166,17,284
2181,83,36,64,16,199
2182,66,36,64,16,182
2183,67,20,64,16,167
2184,99,34,66,17,216
2185,53,30,100,17,200
2186,66,34,66,17,183
2187,67,17,66,17,167
2188,64,34,66,17,181
2190,68,32,134,17,251
2191,68,15,134,17,234
2192,51,15,134,17,217
2193,67,17,66,17,167
2194,66,33,67,17,183
2195,66,16,67,17,166
2197,67,16,51,16,150
2198,66,34,67,16,183
2199,66,17,67,16,166
2200,134,32,51,16,233
2202,51,16,66,19,152
2203,66,18,66,17,167
2204,67,32,51,16,166
2205,66,16,51,16,149
2206,66,34,68,16,184
2207,84,33,68,15,200
2208,66,33,68,15,182
2209,50,33,68,15,166
2211,64,19,65,15,163
2212,101,32,67,16,216
2213,67,17,65,17,166
2215,99,18,100,18,235
2216,65,33,100,18,216
2217,64,18,100,18,200
2220,67,34,67,16,184
2221,68,18,67,16,169
2222,68,32,68,17,185
2224,84,17,66,16,183
2225,85,33,67,16,201
2226,67,33,67,16,183
2227,52,33,67,16,168
2228,51,17,67,16,151
2230,66,34,67,15,182
2231,50,34,67,15,166
2232,99,35,65,17,216
2233,66,16,133,18,233
2234,66,35,65,17,183
2235,118,32,133,17,300
2237,66,18,65,18,167
2238,68,32,133,17,250
2239,83,33,85,15,216
2240,82,16,85,15,198
2242,65,34,66,17,182
2243,67,16,66,17,166
2248,51,15,51,16,133
2249,52,35,65,18,170
2250,67,32,51,16,166
2251,66,16,51,16,149
2252,85,15,67,17,184
2253,68,15,67,17,167
2254,65,34,50,18,167
2256,51,16,50,18,135
2257,65,17,51,17,150
2259,66,18,65,17,166
2260,50,18,65,17,150
2261,52,33,67,15,167
2262,83,17,135,16,251
2268,67,33,51,15,166
2269,83,35,99,15,232
2271,66,19,99,15,199
2272,68,31,68,15,182
2273,51,31,68,15,165
2274,51,15,68,15,149
2275,50,34,83,17,184
2276,65,34,66,17,182
2277,66,17,66,17,166
2278,68,33,66,17,184
2279,64,18,66,17,165
2280,67,33,117,19,236
2281,83,33,68,16,200
2284,66,34,50,19,169
2287,68,16,66,16,166
2288,52,16,66,16,150
2289,67,19,64,16,166
2290,84,16,66,17,183
2291,66,16,66,17,165
2292,66,33,66,17,182
2293,66,17,66,17,166
2294,64,33,67,17,181
2295,65,17,67,17,166
2296,66,33,69,14,182
2297,67,16,69,14,166
2298,50,16,69,14,149
2299,67,17,100,16,200
2300,67,35,99,16,217
2301,67,18,99,16,200
2302,69,32,67,16,184
2303,52,32,67,16,167
2308,67,32,52,17,168
2310,66,35,65,17,183
2311,50,35,65,17,167
2312,84,17,67,16,184
2313,68,17,67,16,168
2314,52,17,67,16,152
2315,67,15,68,17,167
2316,65,36,66,15,182
2317,84,32,66,17,199
2318,67,32,66,17,182
2319,51,32,66,17,166
2322,66,32,51,16,165
2323,50,32,51,16,149
2326,66,33,66,17,182
2327,51,33,66,17,167
2328,51,16,66,17,150
2329,83,33,101,16,233
2330,66,33,101,16,216
2331,66,16,101,16,199
2332,66,35,66,16,183
2333,51,35,66,16,168
2334,68,33,99,17,217
2335,51,33,99,17,200
2336,51,17,99,17,184
2339,66,18,67,15,166
2340,67,32,100,18,217
2341,51,32,100,18,201
2342,66,35,99,16,216
2343,50,35,99,16,200
2344,99,33,101,16,249
2346,67,33,101,16,217
2347,50,33,101,16,200
2348,65,34,67,16,182
2349,50,34,67,16,167
2352,67,34,66,17,184
2353,65,18,66,17,166
2354,67,33,100,17,217
2355,51,33,100,17,201
2356,83,17,67,17,184
2357,67,17,67,17,168
2358,66,34,65,17,182
2360,67,33,117,17,234
2363,50,32,67,18,167
2364,82,17,51,17,167
2365,82,33,69,16,200
2366,66,33,69,16,184
2367,67,15,69,16,167
2372,50,19,65,18,152
2373,67,17,66,17,167
2374,67,32,51,15,165
2375,52,32,51,15,150
2376,65,34,132,17,248
2377,67,16,132,17,232
2378,66,32,67,17,182
2379,51,32,67,17,167
2380,51,15,67,17,150
2381,81,34,68,15,198
2382,65,34,68,15,182
2384,67,33,68,18,186
2385,50,33,68,18,169
2387,84,33,66,18,201
2388,68,33,66,18,185
2390,68,33,66,16,183
2391,51,33,66,16,166
2392,66,33,100,16,215
2394,66,33,67,16,182
2395,66,15,67,16,164
2396,66,35,83,15,199
2397,50,35,83,15,183
2398,68,32,66,18,184
2399,50,32,66,18,166
2400,67,33,51,16,167
2401,51,33,51,16,151
2404,51,15,67,17,150
2405,68,16,67,16,167
2407,67,15,67,17,166
2408,101,33,67,16,217
2411,65,17,67,16,165
2412,67,34,67,17,185
2413,67,17,67,17,168
2414,67,33,51,16,167
2415,51,33,51,16,151
2417,84,33,67,17,201
2418,67,33,67,17,184
2419,69,16,67,17,169
2420,51,16,67,17,151
2421,51,33,66,17,167
2422,66,34,99,17,216
2423,65,18,99,17,199
2424,67,32,67,17,183
2425,52,32,67,17,168
2427,67,16,67,17,167
2428,82,17,101,16,216
2429,65,17,101,16,199
2430,84,16,68,16,184
2431,67,16,68,16,167
2432,51,16,68,16,151
2433,67,16,51,17,151
2434,101,33,100,17,251
2435,84,33,100,17,234
2436,68,33,100,17,218
2437,67,17,100,17,201
2438,51,17,100,17,185
2439,51,32,68,17,168
2440,65,33,102,15,215
2441,67,15,102,15,199
2443,84,33,149,17,283
2444,68,33,149,17,267
2445,67,16,149,17,249
2446,102,35,80,17,234
2447,51,34,66,16,167
2448,67,35,80,17,199
2449,65,20,80,17,182
2450,69,31,66,17,183
2451,83,33,68,15,199
2453,100,17,68,17,202
2454,80,17,68,17,182
2456,66,35,50,17,168
2457,67,18,50,17,152
2458,68,33,100,15,216
2459,67,18,100,15,200
2462,50,17,66,15,148
2463,52,32,67,17,168
2464,83,17,66,18,184
2465,66,17,66,18,167
2466,66,33,51,17,167
2468,67,33,66,16,182
2469,67,16,66,16,165
2471,69,17,81,17,184
2475,64,18,66,18,166
2476,65,33,67,16,181
2479,51,33,134,17,235
2481,84,34,66,17,201
2482,83,18,66,17,184
2483,65,18,66,17,166
2484,50,18,66,17,151
2485,50,33,50,16,149
2486,67,33,68,15,183
2487,68,16,68,15,167
2488,66,33,101,17,217
2489,68,16,101,17,202
2490,50,16,101,17,184
2492,68,33,66,16,183
2493,51,33,66,16,166
2494,68,33,98,18,217
2495,51,33,98,18,200
2496,66,33,65,18,182
2497,51,33,65,18,167
2498,66,34,100,15,215
2499,83,31,69,15,198
2500,116,16,68,15,215
2501,66,15,69,15,165
2502,83,16,68,15,182
2503,67,16,68,15,166
2504,65,35,65,17,182
2506,69,33,65,19,186
2508,100,33,52,16,201
2509,66,17,85,16,184
2510,82,16,52,16,166
2511,83,35,66,16,200
2512,65,35,66,16,182
2513,69,16,66,16,167
2516,85,16,67,17,185
2518,66,34,65,19,184
2520,67,33,51,16,167
2521,115,35,99,17,266
2522,67,32,50,19,168
2523,68,15,50,19,152
2524,84,16,99,17,216
2525,67,16,99,17,199
2526,51,16,99,17,183
2527,65,19,65,17,166
2529,65,16,51,17,149
2530,83,16,100,17,216
2533,50,34,66,17,167
2534,83,17,100,19,219
2535,65,17,100,19,201
2536,66,34,66,19,185
2537,67,16,66,19,168
2538,66,34,51,15,166
2539,85,32,152,16,285
2541,66,16,152,16,250
2542,85,15,83,18,201
2543,68,15,83,18,184
2544,51,15,83,18,167
2545,66,17,68,17,168
2548,83,18,82,18,201
2550,68,33,67,16,184
2552,52,16,67,16,151
2553,51,34,65,17,167
2554,67,33,67,15,182
2556,99,35,116,17,267
2557,51,32,50,18,151
2559,67,18,116,17,218
2561,66,18,83,17,184
2562,50,18,83,17,168
2563,84,32,67,17,200
2564,66,32,67,17,182
2566,65,35,132,17,249
2567,67,17,132,17,233
2568,67,32,67,17,183
2569,66,16,67,17,166
2570,51,16,67,17,151
2573,66,17,68,17,168
2574,50,17,68,17,152
2575,50,33,52,17,152
2577,67,18,67,14,166
2578,68,34,132,16,250
2580,52,17,132,16,217
2581,85,33,66,16,200
2582,67,33,66,16,182
2583,64,19,66,16,165
2584,66,33,132,18,249
2586,66,33,68,14,181
2587,85,33,66,18,202
2588,66,33,66,18,183
2589,66,17,66,18,167
2590,66,35,166,16,283
2591,66,18,166,16,266
2592,68,31,69,15,183
2593,118,34,66,16,234
2594,66,35,100,16,217
2595,84,34,66,16,200
2596,66,34,66,16,182
2597,86,33,65,17,201
2598,69,33,65,17,184
2599,51,33,65,17,166
2600,67,33,65,17,182
2601,68,17,65,17,167
2602,66,32,68,15,181
2603,51,32,68,15,166
2604,65,33,101,16,215
2606,65,35,100,17,217
2608,68,32,68,17,185
2609,101,16,51,16,184
2611,68,16,51,16,151
2612,66,34,67,15,182
2613,51,34,67,15,167
2614,68,33,116,16,233
2615,50,33,116,16,215
2617,51,34,66,16,167
2618,98,35,100,17,250
2619,98,18,100,17,233
2622,66,32,68,17,183
2623,51,32,68,17,168
2624,51,16,68,17,152
2625,84,34,67,15,200
2626,66,34,67,15,182
2627,66,18,67,15,166
2628,85,15,50,18,168
2629,67,15,50,18,150
2632,67,33,134,15,249
2633,65,18,134,15,232
2635,67,17,66,15,165
2637,52,31,69,15,167
2638,82,18,65,18,183
2639,65,18,65,18,166
2640,66,34,65,18,183
2641,50,34,65,18,167
2642,50,19,65,18,152
2644,65,34,100,17,216
2645,68,16,100,17,201
2647,68,17,65,17,167
2648,52,17,65,17,151
2649,51,32,84,17,184
2650,83,17,51,17,168
2651,65,17,51,17,150
2652,65,32,52,16,165
2654,84,17,65,18,184
2655,68,17,65,18,168
2656,51,17,65,18,151
2657,51,32,51,17,151
2658,52,16,51,17,136
2659,82,35,67,15,199
2661,67,17,67,15,166
2663,66,16,67,18,167
2664,67,35,64,18,184
2665,66,18,64,18,166
2666,49,18,64,18,149
2669,68,14,102,18,202
2671,85,32,52,15,184
2672,68,32,52,15,167
2673,66,16,52,15,149
2675,68,16,66,17,167
2678,83,17,66,17,183
2679,65,17,66,17,165
2680,66,33,68,16,183
2681,65,16,68,16,165
2683,83,35,66,17,201
2684,101,32,67,16,216
2685,66,18,66,17,167
2687,99,17,66,18,200
2688,51,16,67,16,150
2689,67,17,66,18,168
2690,66,33,67,18,184
2691,50,33,67,18,168
2692,51,16,67,18,152
2694,66,34,84,15,199
2695,67,16,84,15,182
2696,67,34,65,18,184
2697,51,34,65,18,168
2698,84,17,50,17,168
2700,67,32,67,18,184
2701,66,15,67,18,166
2702,50,15,67,18,150
2703,67,17,65,18,167
2704,50,17,65,18,150
2705,82,33,102,15,232
2706,67,33,102,15,217
2707,67,15,102,15,199
2710,51,16,68,15,150
2711,66,18,66,16,166
2712,69,33,66,17,185
2713,51,33,66,17,167
2714,68,33,100,16,217
2716,66,33,67,16,182
2717,50,33,67,16,166
2718,66,33,68,16,183
2719,84,34,100,17,235
2722,83,18,66,17,184
2723,66,18,66,17,167
2724,68,32,66,18,184
2726,50,16,66,18,150
2727,134,18,65,15,232
2729,67,15,68,18,168
2730,84,18,65,15,182
2731,85,32,65,17,199
2732,68,32,65,17,182
2734,68,33,100,17,218
2735,50,33,100,17,200
2736,65,32,68,17,182
2737,50,32,68,17,167
2738,65,35,66,17,183
2739,82,33,101,16,232
2741,68,17,101,16,202
2742,51,17,101,16,185
2743,84,34,66,16,200
2745,67,17,66,16,166
2746,50,17,66,16,149
2747,84,32,67,16,199
2749,67,16,67,16,166
2750,66,34,66,17,183
2751,51,34,66,17,168
2752,66,33,66,16,181
2754,67,33,68,17,185
2755,84,33,134,15,266
2756,83,16,134,15,248
2757,66,16,134,15,231
2758,50,16,134,15,215
2759,66,19,99,15,199
2760,68,31,101,17,217
2761,51,31,101,17,200
2763,68,17,66,17,168
2767,117,34,66,17,234
2768,66,34,67,16,183
2770,67,34,66,17,184
2771,52,34,66,17,169
2772,68,33,65,18,184
2774,67,33,101,14,215
2775,52,33,101,14,200
2776,66,32,69,14,181
2780,83,18,65,16,182
2782,69,32,67,15,183
2783,83,33,99,18,233
2784,68,33,99,18,218
2785,50,33,99,18,200
2786,65,34,65,18,182
2787,67,18,65,18,168
2788,67,32,51,16,166
2789,51,32,51,16,150
2790,66,33,67,18,184
2791,83,34,68,15,200
2792,65,34,68,15,182
2793,68,16,68,15,167
2794,84,16,150,19,269
2798,51,17,65,17,150
2799,66,18,67,15,166
2800,68,32,50,19,169
2802,65,35,65,17,182
2803,67,18,65,17,167
2804,67,34,64,17,182
2805,65,19,64,17,165
2806,117,16,67,17,217
2807,52,31,67,18,168
2808,82,16,67,17,182
2810,64,34,101,15,214
2811,66,17,101,15,199
2812,50,17,101,15,183
2813,68,15,101,16,200
2814,84,16,134,16,250
2815,67,16,134,16,233
2816,66,35,65,17,183
2817,98,18,66,16,198
2819,66,18,66,16,166
2821,67,16,100,17,200
2822,65,34,66,17,182
2823,100,17,67,16,200
2827,68,15,101,17,201
2828,51,15,101,17,184
2829,84,34,97,19,234
2830,67,34,97,19,217
2831,65,18,97,19,199
2832,68,33,64,19,184
2833,84,34,65,18,201
2834,67,34,65,18,184
2835,51,34,65,18,168
2836,50,17,65,18,150
2837,68,12,103,16,199
2838,52,12,103,16,183
2839,66,16,101,17,200
2841,65,16,67,17,165
2842,136,33,68,15,252
2844,68,33,50,18,169
2845,66,17,50,18,151
2849,50,35,66,16,167
2850,101,33,99,17,250
2851,66,18,67,16,167
2852,68,33,99,17,217
2855,51,34,65,17,167
2856,67,31,68,16,182
2857,134,17,67,16,234
2858,82,17,68,16,183
2859,66,17,68,16,167
2860,82,17,67,16,182
2861,66,17,67,16,166
2863,51,34,100,15,200
2865,67,17,67,15,166
2866,67,32,68,16,183
2867,51,32,68,16,167
2869,68,16,65,17,166
2870,67,33,135,13,248
2871,51,33,135,13,232
2872,68,32,70,15,185
2873,65,16,70,15,166
2874,65,35,68,13,181
2875,67,18,68,13,166
2876,67,35,64,17,183
2879,53,33,66,13,165
2880,68,31,66,19,184
2881,67,18,66,19,170
2882,64,35,64,19,182
2883,66,18,64,19,167
2885,53,31,83,20,187
2886,66,33,50,20,169
2887,68,14,50,20,152
2888,64,36,64,18,182
2889,70,17,64,18,169
2890,52,17,64,18,151
2891,64,20,66,14,164
2892,50,20,66,14,150
2893,51,30,100,17,198
2895,68,18,64,17,167
2896,66,31,86,16,199
2897,64,17,86,16,183
2899,82,34,67,17,200
2901,67,17,67,17,168
2903,70,16,67,15,168
2904,53,16,67,15,151
2905,52,32,100,16,200
2906,67,35,65,16,183
2907,65,18,65,16,164
2908,67,31,134,16,248
2909,66,16,134,16,232
2910,83,17,66,18,184
2911,66,17,66,18,167
2912,81,19,98,17,215
2913,66,19,98,17,200
2914,69,31,67,17,184
2916,100,33,51,15,199
2917,50,34,66,18,168
2918,65,33,51,15,164
2922,66,33,67,18,184
2924,51,15,67,18,151
2926,51,16,66,17,150
2927,65,17,67,17,166
2928,50,17,67,17,151
2930,66,34,66,18,184
2932,67,34,66,18,185
2934,51,17,66,18,152
2936,84,16,134,17,251
2937,67,16,134,17,234
2939,68,17,81,18,184
2942,67,34,66,16,183
2943,65,18,66,16,165
2945,101,16,67,17,201
2946,67,33,67,17,184
2947,84,34,66,16,200
2949,51,34,66,16,167
2951,83,33,100,16,232
2952,67,33,100,16,216
2954,66,33,67,16,182
2955,84,33,67,16,200
2957,67,15,67,16,165
2959,67,17,66,18,168
2960,83,17,70,14,184
2962,83,17,117,18,235
2963,66,17,117,18,218
2964,66,37,80,18,201
2967,54,30,68,15,167
2968,51,16,68,15,150
2972,68,33,65,17,183
2973,51,33,65,17,166
2975,68,16,66,17,167
2976,66,32,118,15,231
2977,51,32,118,15,216
2978,65,34,68,16,183
2979,65,17,68,16,166
2980,66,33,51,15,165
2981,68,16,51,15,150
2984,68,31,68,16,183
2987,67,16,101,15,199
2988,83,16,67,15,181
2989,67,16,67,15,165
2990,68,32,67,17,184
2993,83,32,70,13,198
2995,66,17,70,13,166
2996,67,34,68,14,183
2999,69,18,65,16,168
3000,52,18,65,16,151
3002,82,19,66,18,185
3003,83,32,68,15,198
3004,65,32,68,15,180
3005,52,32,68,15,167
3006,65,34,67,16,182
3008,66,34,65,17,182
3010,52,16,65,17,150
3011,65,18,66,18,167
3012,67,32,52,15,166
3014,82,17,67,17,183
3015,67,17,67,17,168
3016,66,33,51,16,166
3017,50,33,51,16,150
3018,52,15,51,16,134
3019,84,33,67,17,201
3021,66,16,67,17,166
3022,51,16,67,17,151
3023,83,34,84,15,216
3024,66,34,84,15,199
3027,68,16,233,17,334
3031,82,34,67,16,199
3032,66,34,67,16,183
3033,51,34,67,16,168
3034,66,33,50,16,165
3037,67,18,83,17,185
3039,50,32,102,16,200
3040,50,16,102,16,184
3042,66,34,100,16,216
3043,84,34,82,18,218
3044,68,34,82,18,202
3047,51,32,101,17,201
3051,50,34,66,17,167
3053,65,18,67,17,167
3054,67,33,51,13,164
3055,68,16,51,13,148
3056,66,34,65,16,181
3057,51,34,65,16,166
3060,51,13,51,18,133
3062,81,18,67,16,182
3063,64,18,67,16,165
3064,51,18,67,16,152
3065,65,17,117,16,215
3066,67,34,67,16,184
3067,85,32,102,16,235
3070,84,17,67,16,184
3071,84,32,68,17,201
3073,51,32,68,17,168
3074,51,16,68,17,152
3075,67,17,98,18,200
3077,67,17,65,18,167
3078,51,17,65,18,151
3080,66,32,102,17,217
3082,116,16,52,15,199
3083,82,33,52,15,182
3084,66,33,52,15,166
3085,67,16,52,15,150
3086,51,16,52,15,134
3089,68,15,67,18,168
3090,52,15,67,18,152
3091,49,35,83,16,183
3092,67,32,99,18,216
3093,65,17,99,18,199
3096,65,34,67,15,181
3097,50,34,67,15,166
3098,51,16,67,15,149
3099,65,16,68,19,168
3100,84,17,99,18,218
3103,84,34,67,17,202
3106,67,32,101,15,215
3108,84,17,66,15,182
3109,65,17,66,15,163
3110,84,14,50,18,166
3113,66,17,65,18,166
3116,50,18,83,16,167
3120,83,16,118,16,233
3121,52,31,118,16,217
3123,64,20,83,16,183
3124,66,33,66,17,182
3125,68,16,66,17,167
3126,52,16,66,17,151
3127,53,32,68,17,170
3129,66,16,51,16,149
3130,66,34,83,16,199
3131,68,17,83,16,184
3132,85,16,66,17,184
3134,51,16,66,17,150
3135,66,16,68,16,166
3136,99,34,51,14,198
3137,66,16,85,14,181
3138,66,34,51,14,165
3140,84,18,67,15,184
3141,66,18,67,15,166
3142,50,18,67,15,150
3143,68,14,69,15,166
3144,51,14,69,15,149
3145,68,17,66,16,167
3146,50,17,66,16,149
3147,65,18,100,16,199
3148,69,33,67,16,185
3149,65,18,67,16,166
3150,66,32,51,17,166
3151,101,17,65,18,201
3155,51,33,67,17,168
3156,51,17,67,17,152
3159,67,17,99,17,200
3160,67,33,66,17,183
3162,52,16,66,17,151
3164,82,17,66,18,183
3165,65,17,66,18,166
3166,66,34,65,18,183
3167,83,32,68,15,198
3168,67,32,68,15,182
3169,83,33,67,18,201
3170,66,33,67,18,184
3171,67,15,67,18,167
3172,50,15,67,18,150
3175,65,17,51,16,149
3177,67,17,99,17,200
3178,67,32,200,17,316
3179,52,32,200,17,301
3180,51,16,200,17,284
3181,82,34,67,15,198
3186,68,33,66,17,184
3187,67,16,66,17,166
3191,65,17,67,16,165
3193,68,17,66,18,169
3195,67,17,67,17,168
3197,66,17,51,16,150
3200,51,16,83,18,168
3202,51,16,68,17,152
3204,67,34,66,16,183
3205,66,18,66,16,166
3206,68,33,66,17,184
3207,52,33,66,17,168
3208,150,16,50,17,233
3211,65,17,66,17,165
3212,66,33,50,17,166
3213,67,16,50,17,150
3215,50,33,66,18,167
3217,66,17,67,16,166
3219,50,32,68,17,167
3220,66,35,99,17,217
3221,84,33,66,17,200
3222,67,33,66,17,183
3223,50,33,66,17,166
3224,68,32,51,17,168
3225,50,32,51,17,150
3226,65,34,84,16,199
3227,67,16,84,16,183
3228,66,34,50,16,166
3229,66,17,50,16,149
3230,51,17,50,16,134
3232,67,33,67,17,184
3234,100,33,67,16,216
3235,66,18,100,16,200
3236,100,34,67,16,217
3237,83,34,67,16,200
3238,67,34,67,16,184
3239,68,17,67,16,168
3240,67,33,50,16,166
3241,83,34,66,16,199
3244,67,32,99,18,216
3247,67,17,65,18,167
3248,66,30,53,18,167
3252,65,36,99,16,216
3253,67,18,99,16,200
3254,53,18,99,16,186
3256,69,32,66,19,186
3257,66,17,66,19,168
3258,99,32,52,15,198
3259,50,34,66,18,168
3260,66,32,52,15,165
3261,67,16,52,15,150
3263,100,15,69,16,200
3265,68,15,69,16,168
3267,81,36,64,19,200
3268,66,36,64,19,185
3269,65,19,64,19,167
3270,69,33,83,15,200
3272,69,31,52,15,167
3273,52,31,52,15,150
3277,66,15,133,18,232
3278,85,16,67,17,185
3279,66,16,67,17,166
3280,83,16,66,18,183
3281,66,16,66,18,166
3282,67,34,66,21,188
3283,66,17,66,21,170
3285,67,15,55,13,150
3286,66,34,50,17,167
3287,67,16,50,17,150
3288,66,34,99,18,217
3289,70,13,99,18,200
3296,51,15,135,16,217
3297,67,16,134,16,233
3298,84,16,67,16,183
3299,67,16,67,16,166
3300,52,16,67,16,151
3301,65,17,133,17,232
3302,66,35,66,18,185
3303,116,33,65,19,233
3304,67,33,65,17,182
3305,68,17,65,17,167
3306,68,33,65,19,185
3307,51,33,65,19,168
3308,66,32,101,18,217
3309,68,14,101,18,201
3310,51,14,101,18,184
3312,84,16,66,17,183
3313,66,16,66,17,165
3314,52,16,66,17,151
3315,69,15,68,15,167
3316,68,33,50,19,170
3317,67,15,50,19,151
3318,51,15,50,19,135
3319,83,34,53,22,192
3321,84,32,67,17,200
3322,69,32,67,17,185
3323,52,32,67,17,168
3324,66,43,107,15,231
3325,72,22,107,15,216
3326,53,22,107,15,197
3327,61,24,83,15,183
3328,100,32,51,16,199
3329,79,32,51,16,178
3330,57,32,51,16,156
3331,85,33,67,17,202
3332,65,33,67,17,182
3334,65,34,68,16,183
3337,67,15,68,16,166
3339,84,33,66,17,200
3341,66,17,66,17,166
3343,117,34,65,19,235
3344,65,34,67,17,183
3345,83,34,65,19,201
3346,66,34,65,19,184
3347,67,17,65,19,168
3351,82,36,82,15,215
3354,68,33,98,17,216
3356,69,32,66,17,184
3357,64,18,66,17,165
3358,82,15,101,16,214
3359,67,15,101,16,199
3360,64,34,67,16,181
3361,84,35,98,18,235
3362,83,18,98,18,217
3364,51,18,98,18,185
3366,51,16,66,18,151
3367,66,19,65,17,167
3369,82,34,66,18,200
3370,66,34,66,18,184
3372,65,34,66,18,183
3373,67,17,66,18,168
3375,82,34,67,17,200
3376,66,34,67,17,184
3378,66,34,66,18,184
3379,50,34,66,18,168
3380,84,17,66,17,184
3382,84,16,68,16,184
3384,66,33,51,16,166
3389,50,32,70,13,165
3390,51,16,70,13,150
3391,68,17,65,17,167
3392,67,35,81,17,200
3393,51,35,81,17,184
3395,52,30,168,15,265
3396,116,17,65,16,214
3397,101,17,65,16,199
3398,81,17,65,16,179
3399,68,17,65,16,166
3401,84,32,68,16,200
3403,65,17,68,16,166
3404,81,19,66,16,182
3406,67,33,66,17,183
3407,52,33,66,17,168
3410,66,33,67,17,183
3411,51,33,67,17,168
3412,66,34,67,15,182
3414,67,33,66,17,183
3415,84,34,66,16,200
3416,67,34,66,16,183
3418,67,32,67,16,182
3420,66,34,100,17,217
3421,66,17,100,17,200
3423,51,33,67,17,168
3424,67,33,133,17,250
3425,83,34,99,17,233
3426,66,34,99,17,216
3427,50,34,99,17,200
3428,67,36,63,17,183
3432,67,32,51,16,166
3433,65,17,51,16,149
3434,80,19,64,18,181
3435,86,31,150,17,284
3437,53,31,150,17,251
3439,83,36,98,17,234
3440,82,18,98,17,215
3441,67,18,98,17,200
3442,69,32,66,17,184
3445,66,17,66,18,167
3447,65,17,101,15,198
3448,66,33,68,15,182
3450,66,33,50,18,167
3451,68,15,50,18,151
3453,67,17,100,16,200
3454,68,33,133,16,250
3456,50,18,133,16,217
3457,66,16,101,16,199
3458,65,35,66,16,182
3459,67,18,66,16,167
3461,83,34,83,18,218
3462,101,34,67,16,218
3463,67,17,83,18,185
3464,66,34,67,16,183
3465,66,18,67,16,167
3466,50,18,67,16,151
3467,51,33,66,16,166
3468,67,34,99,15,215
3469,67,18,99,15,199
3470,99,33,67,16,215
3471,51,32,67,15,165
3472,66,33,67,16,182
3473,66,17,67,16,166
3474,65,34,100,16,215
3475,65,18,100,16,199
3476,67,33,67,16,183
3478,67,34,67,15,183
3480,67,33,351,15,466
3481,52,33,351,15,451
3482,83,18,99,17,217
3483,67,18,99,17,201
3486,66,33,68,15,182
3487,100,17,100,17,234
3488,50,15,68,15,148
3492,51,17,66,17,151
3493,66,18,67,16,167
3494,84,16,66,19,185
3495,67,16,66,19,168
3496,100,32,52,15,199
3497,85,32,52,15,184
3499,66,16,52,15,149
3500,66,35,132,17,250
3501,68,16,132,17,233
3502,51,16,132,17,216
3504,84,17,66,17,184
3505,65,17,66,17,165
3507,82,33,68,16,199
3508,67,33,68,16,184
3509,100,18,65,17,200
3510,66,35,65,17,183
3511,85,33,65,17,200
3512,68,33,65,17,183
3513,51,33,65,17,166
3517,66,16,101,16,199
3518,65,34,67,16,182
3522,67,34,67,15,183
3523,84,34,98,17,233
3525,65,18,98,17,198
3526,50,18,98,17,183
3527,51,33,100,15,199
3530,83,15,69,16,183
3531,67,15,69,16,167
3533,67,18,66,17,168
3537,52,32,67,16,167
3538,66,34,67,16,183
3539,68,17,67,16,168
3540,66,33,67,17,183
3541,67,16,67,17,167
3542,51,16,67,17,151
3543,50,34,66,17,167
3546,67,33,66,17,183
3547,51,33,66,17,167
3548,66,33,100,18,217
3549,100,16,67,18,201
3551,66,16,67,18,167
3553,66,16,52,15,149
3554,50,16,52,15,133
3555,83,33,101,17,234
3556,67,33,101,17,218
3559,67,16,101,17,201
3561,65,18,66,17,166
3562,68,33,99,18,218
3563,101,16,66,18,201
3564,68,33,66,18,185
3565,68,16,66,18,168
3566,83,16,66,16,181
3569,67,15,68,15,165
3571,67,15,68,15,165
3572,51,15,68,15,149
3573,64,19,65,17,165
3574,68,33,67,14,182
3575,65,18,67,14,164
3576,68,32,68,15,183
3577,52,32,68,15,167
3578,65,35,66,17,183
3582,68,33,67,14,182
3583,51,33,67,14,165
3584,66,32,68,16,182
3587,85,33,99,18,235
3588,100,33,66,18,217
3590,68,33,66,18,185
3591,51,33,66,18,168
3592,66,33,66,18,183
3593,52,33,66,18,169
3595,50,33,66,18,167
3596,66,33,51,17,167
3597,66,15,51,17,149
3598,66,33,68,16,183
3599,66,15,68,16,165
3602,51,17,66,16,150
3603,67,16,67,17,167
3604,52,16,67,17,152
3605,66,17,51,16,150
3606,66,34,67,17,184
3608,84,16,66,18,184
3609,68,16,66,18,168
3610,51,16,66,18,151
3611,51,34,67,15,167
3612,67,32,50,16,165
3614,66,35,99,17,217
3615,68,17,99,17,201
3616,67,31,68,17,183
3617,65,16,68,17,166
3618,50,16,68,17,151
3622,68,33,66,19,186
3623,66,16,66,19,167
3624,65,34,51,16,166
3626,51,16,51,16,134
3627,65,17,68,16,166
3629,67,16,66,17,166
3630,51,16,66,17,150
3631,52,33,50,16,151
3633,65,17,66,16,164
3635,68,16,85,16,185
3636,50,16,85,16,167
3637,67,16,52,16,151
3638,66,34,166,17,283
3639,83,34,132,17,266
3641,50,34,132,17,233
3642,52,16,132,17,217
3643,52,33,67,17,169
3644,84,16,66,17,183
3645,66,16,66,17,165
3646,66,34,65,17,182
3647,66,18,65,17,166
3648,84,15,67,19,185
3650,66,33,101,16,216
3651,50,33,101,16,200
3652,65,34,67,16,182
3653,65,17,67,16,165
3654,67,33,167,16,283
3658,67,31,135,17,250
3661,67,17,66,16,166
3664,69,33,67,16,185
3669,84,35,65,16,200
3672,50,19,65,16,150
3673,52,33,64,17,166
3674,68,32,67,16,183
3675,100,16,102,16,234
3676,81,16,102,16,215
3678,64,35,67,16,182
3682,51,17,66,18,152
3684,99,35,66,16,216
3685,67,16,68,16,167
3686,84,17,66,16,183
3688,67,33,67,16,183
3689,51,33,67,16,167
3691,66,17,66,18,167
3692,66,34,50,15,165
3693,51,34,50,15,150
3694,67,32,85,16,200
3697,68,15,100,17,200
3698,82,17,66,17,182
3699,101,16,66,16,199
3700,67,34,66,16,183
3702,52,16,66,16,150
3703,67,16,66,18,167
3705,65,17,66,17,165
3708,66,34,151,16,267
3709,67,16,151,16,250
3710,50,16,151,16,233
3711,67,16,67,19,169
3712,67,35,67,16,185
3713,66,18,67,16,167
3714,68,32,100,16,216
3715,51,32,100,16,199
3716,102,32,67,17,218
3717,101,16,67,17,201
3718,67,32,67,17,183
3719,66,16,67,17,166
3720,51,16,67,17,151
3722,65,34,67,16,182
3723,65,18,67,16,166
3724,117,17,117,17,268
3725,83,34,117,17,251
3726,84,17,117,17,235
3727,68,17,117,17,219
3728,67,34,66,17,184
3729,84,32,51,17,184
3731,83,34,66,16,199
3735,67,17,100,16,200
3736,51,17,100,16,184
3737,82,34,68,15,199
3739,99,18,65,17,199
3740,66,34,65,17,182
3741,66,18,65,17,166
3742,68,34,64,17,183
3744,68,31,66,19,184
3745,52,31,66,19,168
3746,65,33,68,16,182
3750,66,35,67,15,183
3751,68,16,67,15,166
3752,52,16,67,15,150
3753,67,16,50,18,151
3754,84,18,66,18,186
3755,65,18,66,18,167
3756,67,33,65,19,184
3757,51,33,65,19,168
3758,50,18,65,19,152
3760,66,32,68,16,182
3761,69,14,68,16,167
3762,84,17,65,16,182
3763,68,17,65,16,166
3766,84,17,133,16,250
3768,99,32,67,16,214
3769,85,32,67,16,200
3770,67,32,67,16,182
3771,51,32,67,16,166
3772,66,35,67,17,185
3774,67,32,52,15,166
3775,67,16,52,15,150
3777,65,19,82,18,184
3780,52,15,68,15,150
3781,84,35,132,18,269
3782,65,35,132,18,250
3783,65,18,132,18,233
3784,68,34,98,18,218
3785,51,34,98,18,201
3786,69,32,66,18,185
3788,66,33,51,14,164
3789,51,33,51,14,149
3791,66,17,67,16,166
3792,66,32,70,16,184
3793,67,14,70,16,167
3794,84,16,51,16,167
3795,100,19,81,17,217
3796,67,35,81,17,200
3797,65,19,81,17,182
3798,51,19,81,17,168
3800,51,16,66,17,150
3801,67,18,67,17,169
3802,66,32,52,16,166
3803,65,17,52,16,150
3804,66,35,66,16,183
3806,67,33,65,18,183
3807,85,33,50,16,184
3808,68,33,50,16,167
3809,51,33,50,16,150
3810,66,32,67,17,182
3811,65,16,67,17,165
3812,83,16,66,18,183
3814,50,16,66,18,150
3816,84,16,68,17,185
3817,66,16,68,17,167
3818,66,35,66,17,184
3819,66,17,66,17,166
3822,68,33,68,15,184
3827,66,18,66,15,165
3829,51,31,50,19,151
3830,50,16,50,19,135
3831,67,17,66,17,167
3832,66,34,132,17,249
3833,51,34,132,17,234
3834,50,19,132,17,218
3835,51,32,67,17,167
3836,83,17,132,18,250
3837,100,18,66,18,202
3838,66,33,66,18,183
3839,65,18,66,18,167
3841,67,16,66,18,167
3842,66,33,51,16,166
3843,51,33,51,16,151
3844,66,33,67,16,182
3845,67,15,67,16,165
3846,51,15,67,16,149
3847,67,16,84,16,183
3850,67,33,66,18,184
3851,82,34,66,18,200
3852,66,34,66,18,184
3853,69,16,66,18,169
3854,51,16,66,18,151
3855,68,15,134,17,234
3857,66,16,68,16,166
3860,52,15,67,17,151
3861,66,18,65,17,166
3864,51,16,168,15,250
3865,67,16,51,17,151
3866,65,34,167,16,282
3867,66,17,167,16,266
3868,84,17,67,15,183
3870,51,17,67,15,150
3871,66,18,67,16,167
3873,66,18,66,16,166
3874,67,33,132,17,249
3876,67,33,66,16,182
3878,66,34,65,17,182
3879,51,34,65,17,167
3880,67,32,101,17,217
3881,51,32,101,17,201
3882,66,33,68,17,184
3883,66,17,68,17,168
3885,67,17,66,19,169
3886,67,34,99,17,217
3888,68,32,67,17,184
3890,51,15,67,17,150
3892,51,16,133,17,217
3893,64,18,66,19,167
3894,67,35,66,17,185
3896,49,18,66,17,150
3897,103,16,99,18,236
3899,68,16,99,18,201
3900,66,33,66,18,183
3901,68,16,66,18,168
3903,65,18,65,18,166
3905,66,16,67,18,167
3907,68,15,67,18,168
3909,67,16,51,15,149
3910,85,15,67,18,185
3911,67,15,67,18,167
3912,52,15,67,18,152
3914,51,15,102,16,184
3915,65,17,68,16,166
3917,67,16,50,16,149
3918,52,16,50,16,134
3919,67,18,81,18,184
3920,116,18,201,14,349
3922,50,16,67,17,150
3923,84,33,66,18,201
3925,65,18,66,18,167
3926,67,34,66,17,184
3927,85,32,66,18,201
3928,67,32,66,18,183
3929,52,32,66,18,168
3930,66,34,68,14,182
3931,83,32,69,16,200
3932,66,32,69,16,183
3933,68,15,69,16,168
3935,66,18,132,17,233
3937,65,19,66,15,165
3939,51,31,101,17,200
3942,66,33,66,18,183
3943,65,18,66,18,167
3944,50,18,66,18,152
3945,67,16,66,17,166
3946,99,33,51,18,201
3947,68,16,67,17,168
3950,83,17,133,18,251
3951,66,17,133,18,234
3952,84,18,66,16,184
3953,66,18,66,16,166
3955,85,33,50,16,184
3956,68,33,50,16,167
3957,69,15,50,16,150
3958,66,32,68,17,183
3959,51,32,68,17,168
3960,65,34,67,15,181
3961,65,16,67,15,163
3962,50,16,67,15,148
3964,85,16,134,17,252
3966,51,16,134,17,218
3967,82,33,134,18,267
3970,65,36,66,17,184
3973,68,16,65,18,167
3974,86,16,65,19,186
3975,67,16,65,19,167
3976,66,32,52,16,166
3978,65,33,67,16,181
3980,65,35,67,15,182
3981,67,16,67,15,165
3983,66,16,67,16,165
3984,51,16,67,16,150
3986,67,32,52,13,164
3987,66,17,52,13,148
3988,50,17,52,13,132
3990,84,13,52,17,166
3991,69,13,52,17,151
3992,84,17,50,15,166
3993,68,17,50,15,150
3994,68,33,65,18,184
3995,65,17,65,18,165
3996,52,17,65,18,152
3997,67,15,69,17,168
3999,67,15,53,15,150
4000,83,18,65,16,182
4002,51,18,65,16,150
4005,68,15,101,15,199
4006,50,15,101,15,181
4007,100,14,68,16,198
4008,67,32,68,16,183
4010,52,14,68,16,150
4011,69,16,101,15,201
4012,82,18,68,15,183
4014,68,34,66,17,185
4016,67,34,65,16,182
4019,67,17,65,19,168
4020,66,33,134,15,248
4021,51,33,134,15,233
4022,65,32,51,17,165
4023,50,32,51,17,150
4024,65,36,101,15,217
4026,68,32,69,15,184
4027,52,32,69,15,168
4028,51,17,69,15,152
4029,66,17,66,16,165
4030,66,35,63,17,181
4031,86,31,66,17,200
4032,69,31,66,17,183
4033,52,31,66,17,166
4034,66,32,67,17,182
4035,67,16,67,17,167
4036,97,33,67,18,215
4037,65,17,67,18,167
4042,67,33,67,18,185
4043,68,15,67,18,168
4045,68,17,100,15,200
4046,51,17,100,15,183
4047,67,15,68,15,165
4048,67,33,133,17,250
4049,67,15,133,17,232
4051,65,18,66,15,164
4052,68,33,65,17,183
4053,83,33,133,17,266
4055,51,33,133,17,234
4057,51,32,67,17,167
4058,82,16,68,17,183
4060,65,34,51,17,167
4061,67,17,51,17,152
4062,67,34,99,18,218
4063,67,17,99,18,201
4064,51,17,99,18,185
4065,68,17,83,17,185
4066,51,17,83,17,168
4067,51,32,51,17,151
4068,66,33,68,17,184
4069,65,17,68,17,167
4070,65,35,65,19,184
4071,68,17,65,19,169
4072,51,17,65,19,152
4073,136,17,64,19,236
4074,68,32,51,17,168
4075,50,32,51,17,150
4076,65,36,64,19,184
4077,67,17,64,19,167
4081,66,15,71,14,166
4082,64,33,52,15,164
4083,68,14,52,15,149
4084,65,38,63,17,183
4085,86,29,68,15,198
4087,52,29,68,15,164
4089,67,16,69,16,168
4090,63,34,132,22,251
4093,65,20,165,16,266
4094,69,32,65,22,188
4095,68,16,65,22,171
4096,51,16,65,22,154
4098,67,30,68,16,181
4100,65,33,51,17,166
4101,73,11,51,17,152
4103,68,16,66,16,166
4104,68,33,67,17,185
4105,62,17,67,17,163
4106,51,17,67,17,152
4107,65,17,101,16,199
4108,100,33,99,18,250
4109,84,33,99,18,234
4110,67,33,99,18,217
4111,68,16,99,18,201
4112,51,16,99,18,184
4114,83,16,150,17,266
4115,66,16,150,17,249
4116,50,16,150,17,233
4117,67,16,117,17,217
4119,67,16,100,16,199
4120,67,33,67,16,183
4121,50,33,67,16,166
4122,51,16,67,16,150
4123,66,17,66,17,166
4124,67,33,66,17,183
4127,66,17,84,17,184
4128,99,34,99,19,251
4129,67,16,51,17,151
4130,66,34,99,19,218
4131,67,17,99,19,202
4133,67,17,65,19,168
4135,67,16,101,16,200
4137,66,16,68,16,166
4138,65,35,65,18,183
4139,68,16,65,18,167
4140,52,16,65,18,151
4142,51,17,50,17,135
4144,65,35,100,17,217
4146,67,33,67,17,184
4147,51,33,67,17,168
4148,68,33,51,15,167
4149,100,17,66,16,199
4150,66,34,66,16,182
4152,67,32,67,17,183
4153,51,32,67,17,167
4154,51,15,67,17,150
4155,67,16,66,18,167
4158,67,33,68,17,185
4161,50,34,133,16,233
4162,51,16,133,16,216
4164,135,32,101,16,284
4165,67,17,65,16,165
4166,83,18,116,17,234
4168,67,32,101,16,216
4169,50,32,101,16,199
4170,65,34,100,16,215
4173,66,16,67,16,165
4175,68,17,66,16,167
4177,83,33,68,15,199
4178,67,33,68,15,183
4179,66,17,68,15,166
4180,66,34,66,16,182
4181,66,18,66,16,166
4182,67,34,99,16,216
4183,51,34,99,16,200
4186,66,33,67,16,182
4187,50,33,67,16,166
4188,83,16,184,17,300
4189,68,16,184,17,285
4190,51,16,184,17,268
4191,84,32,51,18,185
4193,81,35,84,17,217
4195,84,34,67,16,201
4196,67,34,67,16,184
4197,51,34,67,16,168
4198,51,18,67,16,152
4199,51,32,68,16,167
4201,68,17,98,17,200
4202,67,33,65,17,182
4203,83,32,67,17,199
4204,68,32,67,17,184
4206,65,33,51,16,165
4207,49,33,51,16,149
4208,65,34,99,18,216
4209,83,33,66,18,200
4212,51,16,66,18,151
4213,68,17,65,17,167
4214,68,31,134,16,249
4216,66,34,67,16,183
4217,66,16,67,16,165
4218,65,33,67,16,181
4220,51,16,67,16,150
4223,66,17,68,16,167
4225,65,18,100,16,199
4226,67,34,99,16,216
4227,51,34,99,16,200
4228,84,17,66,16,183
4229,52,33,66,16,167
4231,84,33,66,18,201
4232,66,33,66,18,183
4233,66,17,66,18,167
4234,66,33,135,15,249
4235,82,33,67,16,198
4236,66,33,67,16,182
4237,66,17,67,16,166
4238,66,34,68,15,183
4239,68,16,68,15,167
4242,67,35,65,17,184
4244,68,31,68,16,183
4245,52,31,68,16,167
4247,68,16,67,17,168
4248,65,34,99,17,215
4249,67,17,99,17,200
4250,68,33,66,17,184
4251,66,17,66,17,166
4253,67,17,67,16,167
4255,68,15,67,17,167
4257,84,32,85,15,216
4259,66,16,85,15,182
4260,84,16,85,16,201
4263,67,15,52,16,150
4264,85,15,68,17,185
4265,68,15,68,17,168
4266,52,15,68,17,152
4268,102,32,67,17,218
4269,63,20,66,17,166
4270,68,32,67,17,184
4271,67,15,67,17,166
4273,86,33,66,18,203
4276,67,33,67,17,184
4277,84,33,67,18,202
4279,100,16,51,15,182
4282,51,16,51,15,133
4283,67,16,68,15,166
4285,67,15,68,16,166
4286,51,15,68,16,150
4287,66,18,65,18,167
4288,68,33,167,16,284
4290,68,32,67,17,184
4291,51,32,67,17,167
4292,65,34,133,16,248
4293,84,33,68,16,201
4296,52,15,68,16,151
4297,66,17,132,18,233
4298,67,34,65,17,183
4300,68,32,66,18,184
4301,51,32,66,18,167
4302,66,33,133,18,250
4305,66,16,100,18,200
4309,68,16,66,17,167
4310,68,32,51,16,167
4312,66,34,66,18,184
4314,66,33,167,18,284
4315,49,33,167,18,267
4317,66,16,69,15,166
4319,67,16,66,18,167
4320,102,31,52,16,201
4321,67,18,65,18,168
4322,69,31,52,16,168
4324,50,16,52,16,134
4326,83,16,68,15,182
4328,52,16,68,15,151
4330,51,17,66,16,150
4331,66,18,66,16,166
4332,68,32,66,17,183
4334,66,34,66,16,182
4336,66,32,101,17,216
4337,51,32,101,17,201
4338,50,16,101,17,184
4340,66,34,67,15,182
4341,66,18,67,15,166
4343,118,31,101,17,267
4344,67,34,65,17,183
4346,67,31,101,17,216
4349,66,16,134,17,233
4350,65,35,65,18,183
4351,67,18,65,18,168
4352,69,32,67,17,185
4353,51,32,67,17,167
4354,67,33,51,16,167
4355,50,33,51,16,150
4356,83,16,83,18,200
4359,67,16,68,14,165
4360,51,16,68,14,149
4361,67,14,101,18,200
4363,66,18,131,18,233
4364,68,33,67,15,183
4365,50,33,67,15,165
4367,66,17,66,18,167
4368,83,17,65,18,183
4369,69,17,65,18,169
4371,83,34,67,17,201
4376,52,17,66,17,152
4377,51,32,66,18,167
4378,67,34,50,15,166
4379,100,15,68,16,199
4381,67,15,68,16,166
4385,83,32,103,15,233
4386,68,32,103,15,218
4387,82,33,70,15,200
4388,100,34,51,17,202
4389,67,16,70,15,168
4390,65,34,51,17,167
4392,52,15,51,17,135
4393,66,20,82,17,185
4394,70,32,67,14,183
4395,51,32,67,14,164
4396,68,32,68,16,184
4397,52,32,68,16,168
4398,82,17,65,16,180
4399,67,17,65,16,165
4402,68,32,68,17,185
4404,65,33,52,17,167
4406,65,35,66,17,183
4408,51,17,66,17,151
4409,101,17,68,16,202
4410,101,32,136,15,284
4411,66,17,68,16,167
4412,83,15,136,15,249
4414,64,36,100,15,215
4419,84,35,66,16,201
4421,65,19,66,16,166
4422,68,32,50,17,167
4423,52,32,50,17,151
4424,50,17,50,17,134
4425,67,18,82,16,183
4427,51,33,201,16,301
4428,50,17,201,16,284
4429,100,16,169,13,298
4431,100,15,103,16,234
4432,65,33,103,16,217
4433,67,15,103,16,201
4434,83,19,66,16,184
4436,70,33,66,13,182
4437,66,19,66,13,164
4438,51,19,66,13,149
4440,66,33,66,20,185
4441,117,34,166,16,333
4442,66,32,83,17,198
4444,83,16,166,16,281
4445,67,16,166,16,265
4446,66,29,70,17,182
4447,53,29,70,17,169
4449,65,17,66,18,166
4450,66,33,67,16,182
4451,79,33,102,15,229
4452,70,33,102,15,220
4454,84,16,68,15,183
4455,68,16,68,15,167
4456,83,18,67,16,184
4457,66,18,67,16,167
4459,67,17,99,16,199
4460,68,33,66,16,183
4461,52,33,66,16,167
4462,67,32,67,18,184
4464,99,33,68,15,215
4466,66,33,68,15,182
4468,67,34,151,15,267
4470,51,16,151,15,233
4471,68,17,64,18,167
4472,51,17,64,18,150
4473,65,16,69,17,167
4474,65,33,53,15,166
4476,64,36,81,18,199
4477,67,18,81,18,184
4478,69,32,49,18,168
4480,53,15,49,18,135
4482,66,33,66,17,182
4483,64,18,66,17,165
4484,49,18,66,17,150
4486,99,34,67,16,216
4489,65,17,67,16,165
4490,67,33,66,17,183
4491,65,17,66,17,165
4493,50,34,65,18,167
4494,99,33,135,16,283
4495,51,32,68,17,168
4496,66,33,135,16,250
4497,66,16,135,16,233
4499,67,17,82,18,184
4500,51,17,82,18,168
4501,51,32,68,16,167
4502,52,15,68,16,151
4503,117,34,99,17,267
4504,67,33,67,15,182
4506,68,34,99,17,218
4507,67,18,99,17,201
4508,67,33,99,18,217
4510,67,34,65,18,184
4511,51,34,65,18,168
4512,67,32,65,18,182
4514,66,33,66,17,182
4515,84,32,67,18,201
4516,83,14,67,18,182
4517,81,34,68,16,199
4518,83,16,68,16,183
4519,66,16,68,16,166
4521,65,16,68,17,166
4523,67,17,84,16,184
4526,85,16,67,16,184
4528,66,34,66,18,184
4530,116,17,101,15,249
4532,83,17,101,15,216
4533,82,32,168,17,299
4534,66,32,168,17,283
4536,51,14,168,17,250
4538,69,32,50,17,168
4539,65,18,50,17,150
4540,84,17,84,16,201
4541,64,17,84,16,181
4542,64,35,65,18,182
4543,50,35,65,18,168
4544,132,34,66,17,249
4545,52,32,67,16,167
4547,66,16,67,18,167
4548,65,34,66,17,182
4549,50,34,66,17,167
4550,67,33,68,17,185
4552,67,33,116,16,232
4555,67,18,81,16,182
4556,68,30,67,20,185
4557,67,13,67,20,167
4559,73,10,52,16,151
4560,81,16,69,16,182
4561,64,16,69,16,165
4565,85,33,65,20,203
4566,69,33,65,20,187
4569,51,33,52,15,151
4572,65,35,66,18,184
4573,69,15,66,18,168
4574,133,34,100,16,283
4576,67,34,84,16,201
4577,65,16,84,16,181
4579,69,16,100,16,201
4580,84,18,99,17,218
4581,66,18,99,17,200
4582,68,32,67,17,184
4583,66,16,67,17,166
4584,84,16,67,16,183
4585,100,17,66,23,206
4586,66,33,66,23,188
4587,66,17,66,23,172
4589,83,32,67,15,197
4590,83,16,67,15,181
4591,83,36,65,15,199
4592,66,36,65,15,182
4593,72,13,65,15,165
4594,55,13,65,15,148
4597,59,19,67,16,161
4600,69,32,67,16,184
4601,86,33,66,18,203
4602,67,33,66,18,184
4603,52,33,66,18,169
4606,117,16,65,17,215
4607,67,16,54,13,150
4608,50,16,54,13,133
4609,66,16,65,17,164
4611,70,13,132,42,257
4612,54,13,132,42,241
4613,65,16,55,13,149
4615,62,15,68,42,187
4617,71,13,74,16,174
4618,82,18,58,15,173
4619,83,42,77,16,218
4621,87,31,62,17,197
4622,74,31,62,17,184
4624,58,15,62,17,152
4627,97,32,66,16,211
4628,64,18,67,16,165
4629,68,32,66,16,182
4633,67,31,67,17,182
4634,52,31,67,17,167
4636,65,17,104,14,200
4637,81,17,70,14,182
4638,65,17,70,14,166
4639,50,17,70,14,151
4640,68,17,66,18,169
4641,51,17,66,18,152
4645,66,34,56,11,167
4646,50,34,56,11,151
4647,64,42,74,17,197
4649,51,25,74,17,167
4650,58,25,100,16,199
4652,66,17,167,16,266
4653,91,34,100,16,241
4655,66,34,100,16,216
4657,67,32,68,16,183
4658,51,32,68,16,167
4660,66,17,101,15,199
4661,100,33,66,18,217
4663,68,33,66,18,185
4664,118,31,67,17,233
4665,66,35,65,17,183
4667,68,31,67,17,183
4669,66,34,66,18,184
4670,84,33,65,18,200
4676,67,14,101,18,200
4677,65,34,67,18,184
4678,66,16,67,18,167
4679,66,34,51,17,168
4682,50,33,68,16,167
4683,67,35,67,17,186
4684,68,17,67,17,169
4685,68,33,100,16,217
4686,85,34,66,16,201
4687,68,34,66,16,184
4688,101,14,68,18,201
4689,67,31,68,18,184
4691,65,35,67,15,182
4694,65,17,67,18,167
4695,51,17,67,18,153
4697,51,16,51,17,135
4700,67,17,66,20,170
4701,51,17,66,20,154
4702,53,33,53,13,152
4705,66,33,65,18,182
4707,53,13,65,18,149
4708,86,31,51,16,184
4709,82,16,51,16,165
4710,62,16,51,16,145
4711,65,35,65,16,181
4712,67,17,65,16,165
4713,66,32,68,16,182
4715,51,16,68,16,151
4716,66,16,51,16,149
4717,65,35,100,16,216
4720,51,32,68,16,167
4721,51,16,68,16,151
4722,51,34,67,15,167
4723,82,18,98,18,216
4725,68,33,65,18,184
4727,67,32,51,16,166
4728,100,16,66,17,199
4729,65,33,66,17,181
4730,66,16,66,17,165
4731,65,34,67,17,183
4732,68,16,67,17,168
4733,51,16,67,17,151
4734,70,12,102,17,201
4736,65,18,84,16,183
4738,64,17,50,16,147
4739,52,17,50,16,135
4741,67,33,67,16,183
4742,67,16,67,16,166
4745,83,17,99,17,216
4746,66,17,99,17,199
4747,67,33,66,17,183
4748,67,17,66,17,167
4749,82,16,50,17,165
4750,67,16,50,17,150
4751,66,33,100,19,218
4752,83,34,66,19,202
4753,83,17,66,19,185
4755,50,17,66,19,152
4756,66,18,67,17,168
4757,68,32,68,15,183
4758,83,35,100,15,233
4759,66,35,100,15,216
4762,50,33,67,15,165
4763,68,32,67,18,185
4765,65,35,66,17,183
4766,66,17,66,17,166
4767,67,32,51,16,166
4768,52,32,51,16,151
4769,118,16,67,16,217
4770,67,16,66,16,165
4772,51,33,67,16,167
4773,87,13,67,18,185
4774,69,13,67,18,167
4775,53,13,67,18,151
4777,83,17,51,15,166
4778,63,17,51,15,146
4779,50,17,51,15,133
4781,66,33,68,17,184
4782,68,15,68,17,168
4783,83,16,68,16,183
4785,66,35,65,17,183
4787,68,33,67,15,183
4788,84,32,50,19,185
4792,65,18,67,15,165
4793,82,19,65,16,182
4795,50,19,65,16,150
4797,67,32,66,16,181
4798,84,35,65,16,200
4799,81,19,65,16,181
4800,66,19,65,16,166
4801,67,31,50,18,166
4802,68,15,50,18,151
4803,66,34,66,17,183
4806,65,18,84,15,182
4808,52,32,100,17,201
4809,83,18,99,16,216
4810,67,18,99,16,200
4811,67,32,67,16,182
4812,52,32,67,16,167
4813,100,34,67,16,217
4814,67,16,67,18,168
4819,67,34,68,16,185
4820,68,16,68,16,168
4821,67,32,101,17,217
4822,51,32,101,17,201
4825,68,33,66,17,184
4826,52,33,66,17,168
4827,69,32,67,16,184
4828,51,32,67,16,166
4831,66,33,50,16,165
4832,51,33,50,16,150
4833,67,34,83,16,200
4834,66,18,83,16,183
4835,67,32,67,17,183
4836,66,16,67,17,166
4837,82,17,67,18,184
4839,83,16,100,17,216
4840,67,16,100,17,200
4842,51,33,67,17,168
4843,67,34,100,16,217
4844,67,16,100,16,199
4845,51,16,100,16,183
4846,66,17,67,16,166
4847,67,34,65,18,184
4849,67,33,66,18,184
4851,67,32,52,16,167
4854,68,16,68,16,168
4855,84,16,66,18,184
4856,68,16,66,18,168
4857,52,16,66,18,152
4858,66,18,132,18,234
4859,68,32,100,18,218
4860,66,16,100,18,200
4861,50,16,100,18,184
4862,68,17,266,16,367
4863,67,33,66,16,182
4864,65,19,66,16,166
4865,68,32,66,18,184
4866,66,16,66,18,166
4870,66,16,102,15,199
4871,66,34,68,15,183
4872,66,16,68,15,165
4874,68,16,67,16,167
4875,84,18,66,16,184
4876,66,18,66,16,166
4877,68,33,65,17,183
4878,65,18,65,17,165
4880,67,17,67,15,166
4881,66,32,101,21,220
4887,69,32,68,16,185
4888,52,32,68,16,168
4889,66,35,166,15,282
4891,53,14,166,15,248
4893,52,16,81,19,168
4894,79,34,100,16,229
4895,81,18,100,16,215
4898,65,19,66,16,166
4901,67,33,50,17,167
4902,52,33,50,17,152
4903,66,33,66,17,182
4904,85,34,66,16,201
4905,66,34,66,16,182
4906,85,32,101,15,233
4907,50,17,66,16,149
4908,67,16,101,15,199
4909,66,34,134,16,250
4910,66,17,134,16,233
4911,66,34,66,17,183
4914,66,18,67,16,167
4915,67,33,100,17,217
4916,51,33,100,17,201
4917,66,34,66,17,183
4918,101,15,52,17,185
4920,52,31,52,17,152
4922,66,17,66,17,166
4924,67,17,215,19,318
4925,85,16,51,15,167
4926,67,16,51,15,149
4927,83,17,70,12,182
4928,66,17,70,12,165
4929,83,15,117,19,234
4930,50,32,117,19,218
4931,85,19,164,17,285
4933,70,30,68,15,183
4934,53,30,68,15,166
4935,85,15,66,19,185
4936,66,15,66,19,166
4937,62,36,83,17,198
4938,67,19,83,17,186
4942,68,17,65,17,167
4943,66,34,65,17,182
4944,68,17,65,17,167
4945,53,17,65,17,152
4946,51,31,218,16,316
4947,65,34,85,16,200
4948,82,33,134,17,266
4950,68,16,134,17,235
4952,66,17,168,16,267
4953,66,35,83,16,200
4954,68,16,83,16,183
4956,52,31,52,16,151
4957,66,35,67,16,184
4958,66,16,67,16,165
4959,66,33,66,18,183
4960,67,16,66,18,167
4961,52,16,66,18,152
4962,67,16,66,17,166
4963,67,32,70,15,184
4964,66,16,70,15,167
4965,84,16,67,16,183
4966,66,16,67,16,165
4968,86,31,68,16,201
4969,70,31,68,16,185
4970,52,31,68,16,167
4971,67,33,66,16,182
4972,118,31,67,18,234
4974,65,19,65,16,165
4978,135,16,66,19,236
4979,65,33,83,17,198
4980,82,34,66,19,201
4981,67,34,66,19,186
4982,134,17,66,17,234
4985,66,34,66,17,183
4986,82,33,68,16,199
4987,66,33,68,16,183
4988,68,14,68,16,166
4989,53,14,68,16,151
4991,66,35,66,18,185
4992,64,18,66,18,166
4995,51,16,52,15,134
4997,66,33,101,17,217
4999,85,16,67,17,185
5000,68,16,67,17,168
5003,68,33,66,16,183
5004,70,13,66,16,165
5006,84,33,67,17,201
5007,66,33,67,17,183
5008,79,33,100,17,229
5010,65,17,100,17,199
5013,67,32,51,18,168
5014,68,15,51,18,152
5015,51,15,51,18,135
5016,66,16,101,16,199
5019,51,18,66,16,151
5020,84,33,99,16,232
5021,68,33,99,16,216
5022,51,33,99,16,199
5023,66,33,66,16,181
5024,51,33,66,16,166
5026,51,34,67,15,167
5027,82,17,66,18,183
5028,66,17,66,18,167
5029,66,35,99,16,216
5030,50,35,99,16,200
5032,101,16,50,18,185
5033,66,34,50,18,168
5034,68,16,50,18,152
5035,65,34,65,18,182
5036,65,19,65,18,167
5037,68,34,65,19,186
5040,53,31,67,18,169
5042,67,16,67,18,168
5044,69,14,52,15,150
5045,53,14,52,15,134
5046,101,15,68,16,200
5047,51,16,51,17,135
5049,52,15,68,16,151
5050,67,17,99,17,200
5052,50,33,66,17,166
5053,68,34,65,18,185
5055,67,32,51,15,165
5057,83,16,100,18,217
5058,67,16,100,18,201
5060,68,15,67,18,168
5061,51,15,67,18,151
5062,67,17,67,15,166
5064,50,32,67,18,167
5065,67,35,67,15,184
5066,84,32,66,17,199
5067,67,32,66,17,182
5068,67,17,66,17,167
5070,67,17,66,15,165
5071,67,31,133,18,249
5072,52,31,133,18,234
5075,66,33,116,16,231
5076,51,33,116,16,216
5077,68,34,65,17,184
5078,68,17,65,17,167
5079,67,31,51,16,165
5080,67,16,51,16,150
5081,65,34,100,17,216
5083,115,17,68,16,216
5084,67,16,67,17,167
5085,84,17,68,16,185
5088,83,35,65,18,201
5090,85,32,66,18,201
5091,68,32,66,18,184
5092,66,16,66,18,166
5093,51,16,66,18,151
5094,50,33,67,18,168
5095,65,33,68,16,182
5096,67,15,68,16,166
5097,84,16,68,15,183
5098,67,16,68,15,166
5100,83,34,49,17,183
5101,84,18,49,17,168
5102,66,18,49,17,150
5103,68,33,66,16,183
5105,67,33,67,17,184
5108,67,17,51,15,150
5109,66,34,65,20,185
5110,66,18,65,20,169
5111,67,32,53,14,166
5113,51,15,53,14,133
5114,50,33,67,18,168
5116,68,14,117,17,216
5117,53,14,117,17,201
5118,83,33,68,16,200
5119,85,15,68,16,184
5124,133,18,64,19,234
5125,51,17,68,15,151
5126,51,32,100,19,202
5127,67,36,64,19,186
5129,68,33,64,16,181
5130,52,33,64,16,165
5133,64,33,103,16,216
5134,68,14,103,16,201
5135,64,34,69,16,183
5136,64,18,69,16,167
5137,67,34,66,17,184
5138,65,17,66,17,165
5139,51,17,66,17,151
5141,100,35,65,18,218
5142,52,31,100,18,201
5143,83,18,65,18,184
5144,83,32,67,17,199
5145,66,32,67,17,182
5146,65,17,67,17,166
5147,67,33,51,16,167
5148,50,33,51,16,150
5149,50,15,51,16,132
5150,50,34,82,18,184
5152,66,16,67,18,167
5154,66,17,66,17,166
5155,67,33,133,16,249
5156,65,18,133,16,232
5158,68,15,67,16,166
5161,50,17,66,16,149
5162,65,17,67,16,165
5164,66,17,50,16,149
5165,66,34,199,18,317
5166,84,32,153,14,283
5167,67,32,153,14,266
5168,51,32,153,14,250
5169,50,16,153,14,233
5170,50,35,67,15,167
5171,67,35,83,14,199
5172,66,20,83,14,183
5175,67,33,66,18,184
5176,52,33,66,18,169
5177,65,32,52,16,165
5179,51,14,52,16,133
5181,66,34,67,16,183
5182,66,16,67,16,165
5183,85,17,65,18,185
5184,67,17,65,18,167
5185,68,33,66,17,184
5187,67,32,67,16,182
5188,66,16,67,16,165
5189,65,34,83,17,199
5190,67,16,83,17,183
5191,66,33,50,17,166
5192,67,16,50,17,150
5193,83,16,68,16,183
5194,65,16,68,16,165
5196,66,17,68,18,169
5197,50,17,68,18,153
5198,69,15,53,12,149
5201,68,30,52,16,166
5202,50,30,52,16,148
5203,53,12,52,16,133
5204,83,34,118,15,250
5205,64,34,118,15,231
5206,64,16,118,15,213
5207,52,16,118,15,201
5208,65,18,84,15,182
5209,68,33,51,15,167
5210,66,17,51,15,149
5211,67,34,67,15,183
5213,67,32,66,18,183
5215,51,15,66,18,150
5216,85,31,101,17,234
5218,81,34,67,17,199
5219,84,16,67,17,184
5220,65,16,67,17,165
5222,69,16,65,17,167
5223,85,16,69,16,186
5225,67,33,52,17,169
5229,69,33,64,18,184
5231,100,33,100,17,250
5232,52,31,51,17,151
5233,64,33,100,17,214
5234,66,15,100,17,198
5235,82,17,65,17,181
5236,66,17,65,17,165
5238,82,33,68,17,200
5239,67,33,68,17,185
5240,82,36,97,17,232
5241,65,36,97,17,215
5243,50,19,97,17,183
5244,83,34,65,17,199
5247,66,31,68,16,181
5248,65,15,68,16,164
5249,65,34,67,17,183
5250,65,17,67,17,166
5252,66,17,84,17,184
5253,68,33,51,17,169
5256,67,18,66,15,166
5257,50,18,66,15,149
5258,68,17,67,15,167
5260,66,18,67,15,166
5261,66,34,66,18,184
5262,65,19,66,18,168
5265,67,33,66,18,184
5266,52,33,66,18,169
5267,66,32,67,16,181
5268,51,32,67,16,166
5269,51,14,67,16,148
5271,66,33,68,16,183
5272,66,15,68,16,165
5273,52,15,68,16,151
5274,65,18,133,17,233
5275,67,34,67,15,183
5276,65,18,67,15,165
5278,52,34,132,16,234
5279,68,33,65,17,183
5282,51,32,133,16,232
5283,82,16,100,16,214
5284,99,17,66,16,198
5286,100,17,68,16,201
5289,50,17,68,16,151
5290,50,33,66,17,166
5293,68,31,52,16,167
5294,52,31,52,16,151
5297,66,33,51,15,165
5298,67,16,51,15,149
5299,52,16,51,15,134
5300,68,18,65,17,168
5301,68,31,69,16,184
5302,51,31,69,16,167
5303,51,15,69,16,151
5305,65,35,64,19,183
5306,66,18,64,19,167
5307,69,31,101,17,218
5308,52,31,101,17,201
5310,67,15,68,17,167
5312,67,15,101,16,199
5313,52,15,101,16,184
5315,53,15,67,16,151
5316,66,15,51,16,148
5317,86,15,84,15,200
5318,67,15,84,15,181
5322,63,17,100,17,197
5323,65,34,66,17,182
5324,68,15,66,17,166
5325,67,33,66,19,185
5326,51,33,66,19,169
5327,100,33,101,18,252
5328,81,33,101,18,233
5329,83,16,101,18,218
5330,101,17,65,18,201
5333,52,17,65,18,152
5335,51,18,66,17,152
5336,66,16,100,18,200
5337,65,34,66,18,183
5338,68,16,66,18,168
5339,66,32,52,16,166
5340,50,32,52,16,150
5341,51,15,52,16,134
5342,66,16,65,17,164
5343,84,16,65,18,183
5346,98,17,52,16,183
5347,65,34,52,16,167
5348,64,17,52,16,149
5349,65,34,85,15,199
5350,66,16,85,15,182
5351,52,16,85,15,168
5353,102,32,67,17,218
5355,68,32,67,17,184
5357,66,33,69,15,183
5358,102,15,66,18,201
5359,65,34,66,18,183
5361,52,15,66,18,151
5362,67,18,66,16,167
5364,65,16,100,17,198
5366,84,34,83,16,217
5367,82,18,83,16,199
5368,67,18,83,16,184
5369,69,31,52,16,168
5371,65,33,66,18,182
5372,66,16,66,18,166
5374,50,35,65,19,169
5375,83,16,101,16,216
5378,65,16,67,16,164
5380,50,35,66,16,167
5382,83,34,51,16,184
5385,66,33,133,18,250
5387,67,34,66,18,185
5388,51,34,66,18,169
5389,67,34,99,18,218
5390,51,34,99,18,202
5393,66,33,52,15,166
5394,68,15,52,15,150
5395,65,34,67,16,182
5397,85,15,67,16,183
5400,83,33,67,16,199
5401,67,33,67,16,183
5402,65,17,67,16,165
5403,67,34,166,16,283
5406,51,33,65,17,166
5407,67,32,67,17,183
5408,51,32,67,17,167
5411,65,34,68,15,182
5412,66,17,68,15,166
5413,67,34,66,18,185
5415,68,34,99,16,217
5416,51,34,99,16,200
5417,68,32,67,16,183
5418,51,32,67,16,166
5419,66,34,67,17,184
5421,66,33,51,16,166
5422,68,16,51,16,151
5425,67,33,68,17,185
5426,67,16,68,17,168
5427,51,16,68,17,152
5428,51,34,99,17,201
5429,67,34,65,17,183
5431,68,33,99,17,217
5432,51,33,99,17,200
5433,67,32,67,17,183
5434,52,32,67,17,168
5435,65,33,51,16,165
5436,65,16,51,16,148
5438,65,18,66,17,166
5440,83,33,68,17,201
5442,84,33,68,16,201
5444,49,33,68,16,166
5447,68,33,50,16,167
5448,68,16,50,16,150
5449,68,34,81,19,202
5450,66,18,81,19,184
5451,67,32,68,16,183
5453,50,16,68,16,150
5454,66,17,67,18,168
5455,65,35,99,18,217
5456,65,19,99,18,201
5457,68,32,67,18,185
5458,84,33,100,18,235
5459,85,15,100,18,218
5460,69,15,100,18,202
5461,83,16,99,18,216
5462,67,16,99,18,200
5464,67,16,65,18,166
5465,52,16,65,18,151
5466,65,17,100,17,199
5467,66,33,67,17,183
5468,66,15,67,17,165
5469,50,15,67,17,149
5470,50,34,100,18,202
5473,67,33,68,16,184
5474,66,16,68,16,166
5476,65,17,116,17,215
5479,52,16,82,17,167
5480,67,16,134,17,234
5481,66,33,52,17,168
5482,65,16,52,17,150
5483,65,34,67,17,183
5486,68,17,68,14,167
5487,52,17,68,14,151
5488,52,32,100,18,202
5489,51,16,100,18,185
5490,66,19,64,18,167
5492,66,17,100,16,199
5493,67,33,67,16,183
5494,50,33,67,16,166
5495,82,16,67,16,181
5497,67,33,66,18,184
5498,82,34,66,17,199
5499,67,34,66,17,184
5500,65,18,66,17,166
5501,67,32,68,15,182
5502,51,32,68,15,166
5504,68,16,66,16,166
5505,66,34,67,16,183
5506,67,17,67,16,167
5508,65,17,68,16,166
5509,101,33,66,16,216
5512,85,32,68,15,200
5513,68,32,68,15,183
5516,67,16,67,15,165
5519,68,33,66,17,184
5521,67,33,167,16,283
5522,66,18,167,16,267
5523,66,33,68,15,182
5524,67,17,68,15,167
5525,66,34,49,18,167
5528,67,18,66,16,167
5531,49,18,66,16,149
5534,67,17,66,19,169
5537,99,34,66,17,216
5538,67,16,67,16,166
5539,66,34,66,17,183
5541,51,15,66,17,149
5543,51,16,133,17,217
5544,64,17,66,18,165
5545,66,34,134,15,249
5546,66,17,134,15,232
5547,67,32,68,18,185
5548,83,34,68,15,200
5549,84,16,68,15,183
5550,100,17,99,18,234
5551,66,34,99,18,217
5553,68,34,65,18,185
5554,50,34,65,18,167
5555,68,33,66,17,184
5556,84,32,84,18,218
5557,67,32,84,18,201
5558,66,15,84,18,183
5561,50,16,50,18,134
5563,51,17,67,15,150
5564,66,18,99,16,199
5565,68,33,100,16,217
5567,67,32,68,16,183
5568,83,34,66,18,201
5569,65,34,66,18,183
5571,66,34,66,16,182
5572,51,34,66,16,167
5573,68,32,66,19,185
5574,66,16,66,19,167
5577,66,32,67,17,182
5578,66,16,67,17,166
5580,83,32,102,16,233
5582,67,16,102,16,201
5584,82,34,65,17,198
5587,50,18,65,17,150
5588,51,34,65,19,169
5589,68,31,69,16,184
5590,68,15,69,16,168
5593,65,35,199,17,316
5594,68,16,199,17,300
5595,53,16,199,17,285
5599,65,33,51,16,165
5600,82,34,67,17,200
5601,65,34,67,17,183
5602,82,33,67,16,198
5604,67,16,67,16,166
5605,51,16,67,16,150
5608,50,33,67,16,166
5610,66,19,65,17,167
5611,68,32,67,16,183
5613,83,17,67,16,183
5614,67,17,67,16,167
5615,65,34,65,19,183
5618,84,32,102,15,233
5620,82,34,68,15,199
5621,65,34,68,15,182
5622,68,15,68,15,166
5623,51,15,68,15,149
5625,51,17,67,16,151
5626,66,17,66,16,165
5629,67,33,67,15,182
5630,66,17,67,15,165
5631,66,33,67,16,182
5632,51,33,67,16,167
5633,66,34,67,16,183
5635,67,33,67,16,183
5637,67,34,66,16,183
5638,64,18,66,16,164
5640,52,33,68,16,169
5641,100,35,99,19,253
5642,67,17,119,15,218
5643,66,35,99,19,219
5644,66,19,99,19,203
5645,68,31,68,19,186
5646,52,31,68,19,170
5648,84,34,66,17,201
5652,51,33,67,16,167
5653,53,14,67,16,150
5654,64,17,67,18,166
5655,66,34,98,17,215
5657,50,17,98,17,182
5658,51,33,101,16,201
5661,67,31,52,16,166
5663,65,36,81,17,199
5664,64,19,81,17,181
5665,67,32,66,17,182
5666,68,16,66,17,167
5667,52,16,66,17,151
5668,68,16,133,19,236
5669,65,33,68,15,181
5671,66,34,66,19,185
5672,66,17,66,19,168
5673,67,34,51,14,166
5675,68,32,83,18,201
5677,85,14,68,16,183
5678,68,14,68,16,166
5679,51,14,68,16,149
5680,67,18,67,15,167
5681,68,33,67,16,184
5682,64,18,67,16,165
5684,51,34,65,18,168
5686,52,33,133,16,234
5687,99,35,99,16,249
5689,65,35,99,16,215
5690,68,17,99,16,200
5691,67,33,116,15,231
5693,51,17,116,15,199
5695,82,17,65,19,183
5697,66,33,66,18,183
5698,66,17,66,18,167
5699,66,32,68,17,183
5700,67,15,68,17,167
5703,84,16,66,17,183
5704,67,16,66,17,166
5705,68,33,67,16,184
5706,66,16,67,16,165
5707,51,16,67,16,150
5708,82,34,67,16,199
5709,83,17,67,16,183
5710,83,33,67,17,200
5712,65,17,67,17,166
5713,67,34,100,16,217
5715,67,33,67,16,183
5716,67,17,67,16,167
5717,67,33,67,17,184
5719,66,34,66,18,184
5721,67,33,101,17,218
5722,50,33,101,17,201
5723,67,33,68,17,185
5724,66,16,68,17,167
5729,52,16,66,18,152
5731,51,16,67,16,150
5732,82,34,66,16,198
5733,66,34,66,16,182
5736,52,33,66,18,169
5737,83,17,167,16,283
5738,65,17,167,16,265
5739,66,33,71,13,183
5741,66,34,67,17,184
5742,68,16,67,17,168
5743,67,37,97,17,218
5744,51,37,97,17,202
5746,83,33,65,18,199
5748,51,33,65,18,167
5751,67,31,70,15,183
5752,67,14,70,15,166
5753,51,14,70,15,150
5755,65,36,81,18,200
5756,65,19,81,18,183
5757,70,31,68,17,186
5758,52,31,68,17,168
5759,51,16,68,17,152
5760,50,32,53,15,150
5763,68,32,101,15,216
5765,53,15,101,15,184
5766,50,35,66,15,166
5767,81,18,67,16,182
5768,98,18,66,17,199
5769,67,34,66,17,184
5770,64,18,66,17,165
5773,67,33,66,17,183
5774,51,33,66,17,167
5778,100,18,65,17,200
5783,85,15,165,18,283
5784,68,15,165,18,266
5785,50,15,165,18,248
5786,67,16,100,19,202
5787,66,34,66,19,185
5788,66,16,66,19,167
5789,51,16,66,19,152
5791,68,32,68,16,184
5792,66,16,68,16,166
5793,66,32,69,17,184
5794,100,18,67,16,201
5795,64,36,67,16,183
5796,84,33,67,17,201
5797,84,17,67,17,185
5798,65,17,67,17,166
5799,69,34,50,17,170
5800,51,34,50,17,152
5801,83,17,67,17,184
5802,67,17,67,17,168
5803,50,17,67,17,151
5804,50,34,133,16,233
5805,50,17,133,16,216
5806,51,33,66,16,166
5807,67,32,68,16,183
5808,67,15,68,16,166
5809,65,34,50,16,165
5811,82,18,66,18,184
5813,68,32,52,15,167
5816,84,33,66,21,204
5817,66,33,66,21,186
5818,68,15,66,21,170
5819,52,15,66,21,154
5820,68,19,64,15,166
5821,70,29,135,17,251
5823,66,35,132,18,251
5824,69,14,132,18,233
5826,65,19,66,17,167
5827,83,19,65,18,185
5828,62,19,65,18,164
5829,67,33,84,16,200
5830,70,15,84,16,185
5831,66,32,52,16,166
5832,84,31,53,18,186
5834,65,13,53,18,149
5835,84,16,116,17,233
5836,67,16,116,17,216
5840,64,19,66,17,166
5842,51,33,65,18,167
5843,82,17,134,15,248
5844,68,17,134,15,234
5845,83,15,102,15,215
5846,68,15,102,15,200
5848,82,33,51,17,183
5849,65,33,51,17,166
5850,67,14,51,17,149
5854,65,17,67,17,166
5856,82,34,134,15,265
5857,65,34,134,15,248
5858,68,16,134,15,233
5859,51,16,134,15,216
5860,65,17,100,15,197
5861,68,32,101,17,218
5862,82,34,99,18,233
5863,82,18,99,18,217
5864,65,18,99,18,200
5865,83,17,99,16,215
5866,83,33,100,18,234
5867,68,33,100,18,219
5868,67,18,100,18,203
5869,67,32,185,17,301
5870,67,15,185,17,284
5871,65,34,67,17,183
5872,68,16,67,17,168
5874,65,18,165,17,265
5875,68,33,67,17,185
5876,68,15,67,17,167
5877,67,33,51,17,168
5880,82,34,84,15,215
5881,67,34,84,15,200
5882,50,34,84,15,183
5883,51,17,84,15,167
5884,51,31,53,15,150
5885,82,18,84,15,199
5886,65,18,84,15,182
5888,50,33,133,17,233
5889,53,15,133,17,218
5890,117,33,51,18,219
5891,65,34,67,17,183
5892,81,33,51,18,183
5893,82,17,51,18,168
5894,65,17,51,18,151
5896,65,17,74,27,183
5897,67,35,66,17,185
5898,68,18,66,17,169
5899,51,18,66,17,152
5900,91,27,65,19,202
5901,74,27,65,19,185
5902,57,27,65,19,168
5903,100,31,68,16,215
5904,67,17,64,18,166
5905,61,31,68,16,176
5906,66,16,68,16,166
5907,65,33,68,15,181
5909,64,35,100,15,214
5910,67,17,100,15,199
5911,84,17,100,17,218
5912,65,17,100,17,199
5914,65,18,67,17,167
5918,52,33,67,16,168
5919,67,33,68,14,182
5920,51,33,68,14,166
5922,51,34,65,19,169
5923,67,34,67,14,182
5924,66,18,67,14,165
5926,51,31,50,17,149
5927,65,36,66,15,182
5928,68,17,66,15,166
5930,53,31,67,17,168
5931,50,17,67,17,151
5935,67,34,66,18,185
5936,66,17,66,18,167
5937,66,33,67,16,182
5938,100,17,50,16,183
5941,66,34,67,16,183
5942,68,16,67,16,167
5945,50,16,68,16,150
5946,66,17,66,18,167
5947,83,17,67,15,182
5948,67,17,67,15,166
5949,68,33,99,18,218
5951,66,34,65,18,183
5952,99,17,69,15,200
5953,51,16,65,18,150
5954,66,17,69,15,167
5956,65,16,70,15,166
5957,65,36,66,17,184
5959,103,32,65,17,217
5960,52,34,64,18,168
5961,70,32,65,17,184
5962,52,32,65,17,166
5963,66,32,68,20,186
5964,51,32,68,20,171
5967,65,35,66,16,182
5970,70,10,52,17,149
5971,55,10,52,17,134
5973,66,33,68,15,182
5974,62,17,68,15,162
5976,66,17,100,17,200
5978,68,17,65,17,167
5979,51,17,65,17,150
5980,52,33,67,15,167
5981,68,32,68,15,183
5982,65,17,68,15,165
5983,65,35,66,16,182
5985,67,33,65,18,183
5986,67,18,65,18,168
5987,50,18,65,18,151
5988,51,33,99,18,201
5989,82,16,101,18,217
5990,83,34,67,18,202
5992,50,34,67,18,169
5993,50,16,67,18,151
5994,83,34,66,17,200
5995,85,16,66,17,184
5996,101,16,67,16,200
5997,67,34,67,16,184
