序号,发送->接收,接收->转发,转发->接收,接收->处理,总计
2,0,25,0,16,41
3,14,31,0,19,64
4,0,31,0,19,50
5,0,15,0,19,34
7,0,17,0,17,34
8,0,32,18,18,68
9,0,15,18,18,51
11,0,18,0,16,34
12,0,31,0,15,46
13,0,15,0,15,30
14,0,33,0,17,50
16,0,33,0,17,50
17,0,16,0,17,33
20,0,33,0,16,49
21,0,18,0,16,34
22,0,33,0,15,48
23,0,17,0,15,32
24,0,33,0,15,48
25,0,18,0,15,33
26,0,39,0,9,48
27,0,24,0,9,33
30,0,34,0,17,51
31,0,16,0,17,33
33,0,15,0,18,33
35,0,14,0,19,33
36,0,34,0,17,51
39,0,18,0,17,35
40,0,32,0,17,49
41,0,15,0,17,32
42,0,34,0,17,51
43,0,17,0,17,34
44,0,32,0,22,54
45,0,15,0,22,37
46,0,34,0,17,51
47,0,12,0,17,29
48,0,32,0,17,49
49,0,15,0,17,32
50,0,36,0,16,52
52,0,33,0,18,51
53,0,17,0,18,35
55,0,14,0,17,31
56,0,35,0,17,52
57,0,18,0,17,35
58,0,34,0,14,48
59,0,17,0,14,31
61,0,25,0,27,52
64,0,34,0,15,49
66,0,31,0,18,49
67,0,16,0,18,34
68,0,34,0,16,50
70,0,32,0,19,51
71,0,16,0,19,35
73,0,17,0,17,34
74,0,33,0,18,51
75,0,16,0,18,34
76,0,34,0,15,49
77,0,16,0,15,31
78,0,31,0,18,49
80,0,34,0,16,50
81,0,16,0,16,32
83,0,17,19,15,51
86,0,32,0,17,49
87,0,15,0,17,32
89,0,18,0,17,35
90,0,34,0,16,50
91,0,17,0,16,33
92,0,33,0,16,49
94,0,34,0,16,50
95,0,18,0,16,34
97,0,18,0,14,32
100,0,34,0,16,50
101,0,17,0,16,33
102,0,33,0,16,49
103,0,17,0,16,33
106,0,33,0,17,50
107,0,17,0,17,34
108,0,33,0,17,50
109,0,16,0,17,33
110,0,34,0,17,51
111,0,17,0,17,34
112,0,34,0,15,49
115,0,18,0,15,33
117,0,18,0,16,34
118,0,32,0,19,51
119,0,16,0,19,35
120,0,36,0,20,56
121,0,17,0,20,37
123,0,13,0,15,28
127,0,16,0,15,31
128,0,33,0,14,47
129,0,18,0,14,32
130,0,31,0,18,49
131,0,17,0,18,35
132,0,36,0,14,50
133,0,18,0,14,32
135,0,17,0,19,36
136,0,36,0,17,53
137,0,17,0,17,34
138,0,31,0,16,47
140,0,36,0,14,50
141,0,20,0,14,34
142,0,33,0,15,48
143,0,19,0,15,34
144,0,32,0,16,48
146,0,34,0,15,49
151,0,17,0,16,33
152,0,33,0,18,51
153,0,17,0,18,35
154,0,36,0,17,53
156,0,32,0,17,49
157,0,15,0,17,32
158,0,33,17,16,66
159,0,16,17,16,49
161,0,16,0,18,34
162,0,33,0,18,51
163,0,15,0,18,33
164,0,34,0,17,51
165,0,16,0,17,33
166,0,34,0,16,50
167,0,17,0,16,33
169,0,16,0,20,36
170,0,35,0,17,52
171,0,15,0,17,32
172,0,33,0,15,48
173,0,16,0,15,31
175,0,18,0,15,33
176,0,33,0,16,49
177,0,18,0,16,34
181,0,19,0,16,35
182,0,32,0,15,47
183,0,16,0,15,31
185,0,18,0,17,35
186,0,35,0,15,50
189,0,16,0,18,34
190,0,34,0,15,49
191,0,16,0,15,31
192,0,33,18,16,67
193,0,18,18,16,52
194,0,34,0,17,51
196,0,34,17,16,67
198,0,33,0,16,49
199,0,16,0,16,32
201,0,18,0,15,33
203,0,16,0,19,35
204,0,35,0,16,51
205,0,16,0,16,32
206,0,34,0,18,52
207,0,18,0,18,36
208,0,33,0,15,48
209,0,15,0,15,30
210,0,32,0,18,50
211,0,17,0,18,35
212,0,34,0,18,52
214,0,35,0,16,51
216,0,34,0,14,48
220,0,32,0,16,48
221,0,16,0,16,32
223,0,17,0,19,36
224,0,35,0,14,49
225,0,16,0,14,30
226,0,32,0,18,50
228,0,34,0,15,49
229,0,16,0,15,31
231,0,18,0,17,35
232,0,34,0,17,51
234,0,34,0,16,50
235,0,17,0,16,33
237,0,16,0,18,34
239,0,16,0,16,32
241,0,17,0,15,32
242,0,34,0,15,49
243,0,19,0,15,34
245,0,18,0,18,36
246,0,33,0,17,50
247,0,15,0,17,32
249,0,16,0,18,34
251,0,16,0,17,33
254,0,32,0,17,49
255,0,16,0,17,33
256,0,33,0,16,49
257,0,16,0,16,32
258,0,33,0,17,50
260,0,35,0,15,50
263,0,16,0,19,35
264,0,35,0,18,53
265,0,16,0,18,34
267,0,15,0,20,35
269,0,12,0,17,29
270,0,35,0,17,52
271,0,18,0,17,35
272,0,32,0,17,49
274,0,34,0,17,51
277,0,15,0,19,34
278,0,36,0,16,52
280,0,33,0,15,48
281,0,17,0,15,32
282,0,31,0,20,51
283,0,16,0,20,36
284,0,35,0,16,51
285,0,15,0,16,31
289,0,15,0,17,32
290,0,33,0,18,51
293,0,16,0,17,33
294,0,34,0,17,51
295,0,17,0,17,34
296,0,32,0,17,49
297,0,15,0,17,32
298,0,34,18,16,68
299,0,17,18,16,51
301,0,16,0,15,31
302,0,33,0,17,50
303,0,18,0,17,35
306,0,31,0,18,49
309,0,18,0,16,34
310,0,33,0,17,50
311,0,17,0,17,34
312,0,33,0,16,49
313,0,16,0,16,32
314,0,33,18,15,66
315,0,17,18,15,50
318,0,35,0,16,51
319,0,18,0,16,34
320,0,31,0,19,50
321,0,15,0,19,34
322,0,34,0,16,50
324,0,33,0,16,49
325,0,17,0,16,33
326,0,35,0,17,52
327,0,19,0,17,36
328,0,33,0,15,48
329,0,16,0,15,31
331,0,19,0,15,34
333,0,17,0,17,34
334,0,35,0,16,51
335,0,18,0,16,34
337,0,16,0,15,31
339,0,18,0,16,34
343,0,18,0,16,34
344,0,33,0,16,49
345,0,17,0,16,33
346,0,33,0,17,50
347,0,17,0,17,34
348,0,37,0,13,50
350,0,29,0,18,47
351,0,16,0,18,34
354,0,32,0,15,47
355,0,18,0,15,33
358,0,33,0,16,49
360,0,34,0,16,50
362,0,33,0,17,50
365,0,17,0,16,33
366,0,32,0,18,50
367,0,16,0,18,34
369,0,15,0,18,33
372,0,35,0,15,50
373,0,17,0,15,32
374,0,33,0,15,48
375,0,18,0,15,33
376,0,34,0,17,51
377,0,19,0,17,36
378,0,32,0,17,49
381,0,16,0,18,34
382,0,34,0,16,50
385,0,17,0,18,35
386,0,33,0,17,50
390,0,35,0,14,49
393,0,19,0,17,36
394,0,34,0,16,50
397,0,15,0,16,31
398,0,34,0,18,52
401,0,15,0,17,32
402,0,33,0,17,50
403,0,16,0,17,33
404,0,35,17,17,69
405,0,18,17,17,52
406,0,34,0,15,49
407,0,17,0,15,32
409,0,17,0,18,35
410,0,35,0,14,49
412,0,30,0,19,49
413,0,16,0,19,35
415,0,15,0,19,34
416,0,35,0,17,52
417,0,16,0,17,33
418,0,33,0,17,50
419,0,16,0,17,33
420,0,32,0,18,50
421,0,15,0,18,33
422,0,35,0,15,50
424,0,33,0,16,49
425,0,18,0,16,34
427,0,16,0,16,32
429,0,20,0,15,35
430,0,34,0,13,47
431,0,19,0,13,32
433,0,17,0,16,33
434,0,33,0,17,50
435,0,17,0,17,34
437,0,16,17,18,51
438,0,35,0,18,53
439,0,18,0,18,36
442,0,32,0,18,50
444,0,31,0,17,48
445,0,13,0,17,30
446,0,34,0,19,53
447,0,17,0,19,36
448,0,36,0,16,52
450,0,33,0,16,49
451,0,17,0,16,33
453,0,17,0,18,35
456,0,33,0,15,48
457,0,19,0,15,34
460,0,33,0,18,51
461,0,16,0,18,34
462,0,33,0,18,51
463,0,15,0,18,33
464,0,37,0,12,49
467,0,19,0,16,35
468,0,33,0,17,50
469,0,17,0,17,34
470,0,32,0,18,50
471,0,15,0,18,33
472,0,33,0,19,52
473,0,15,0,19,34
474,0,33,0,18,51
475,0,14,0,18,32
476,0,36,0,15,51
477,0,18,0,15,33
478,0,33,0,15,48
479,0,18,0,15,33
480,0,33,0,17,50
482,0,33,0,17,50
483,0,16,0,17,33
484,0,33,0,18,51
485,0,16,0,18,34
486,0,34,0,16,50
488,0,32,0,16,48
490,0,34,0,18,52
492,0,34,0,16,50
493,0,16,0,16,32
494,0,35,0,16,51
495,0,19,0,16,35
497,0,15,0,16,31
499,0,18,0,17,35
500,0,32,0,20,52
502,0,35,0,17,52
503,0,15,0,17,32
504,0,34,0,15,49
506,0,32,0,17,49
508,0,34,0,15,49
509,0,17,0,15,32
511,0,16,0,17,33
514,0,36,0,15,51
515,0,17,0,15,32
516,0,33,0,14,47
517,0,18,0,14,32
518,0,31,0,17,48
519,0,17,0,17,34
523,0,17,0,16,33
524,0,35,0,17,52
525,0,19,0,17,36
526,0,33,0,15,48
527,0,16,0,15,31
528,0,32,0,20,52
529,0,17,0,20,37
531,0,17,0,13,30
532,0,29,0,19,48
533,0,16,0,19,35
534,0,34,0,17,51
536,0,35,0,15,50
538,0,33,0,17,50
539,0,18,0,17,35
541,0,16,0,15,31
542,0,35,0,15,50
544,0,30,0,19,49
545,0,15,0,19,34
546,0,35,0,18,53
548,0,32,0,16,48
552,0,32,0,18,50
553,0,17,0,18,35
554,0,33,0,17,50
555,0,15,0,17,32
556,0,35,0,17,52
558,0,31,0,17,48
559,0,14,0,17,31
560,0,35,0,17,52
563,0,16,0,17,33
565,0,19,0,15,34
566,0,32,0,16,48
567,0,17,0,16,33
568,0,31,0,18,49
569,0,15,0,18,33
570,0,35,0,17,52
571,0,17,0,17,34
574,0,32,0,16,48
575,0,15,0,16,31
576,0,33,0,18,51
577,0,17,0,18,35
578,0,35,0,15,50
579,0,17,0,15,32
581,0,16,0,18,34
582,0,34,0,18,52
583,0,16,0,18,34
584,0,34,0,15,49
587,0,17,0,19,36
588,0,34,0,18,52
589,0,15,0,18,33
590,0,33,0,19,52
591,0,15,0,19,34
594,0,32,0,17,49
595,0,16,0,17,33
596,0,34,0,18,52
597,0,17,0,18,35
598,0,35,0,14,49
599,0,17,0,14,31
600,0,33,0,16,49
601,0,19,0,16,35
603,0,17,0,16,33
604,0,32,0,17,49
605,0,16,0,17,33
606,0,33,0,18,51
607,0,16,0,18,34
608,0,34,0,15,49
609,0,16,0,15,31
610,0,34,0,16,50
612,0,32,0,17,49
613,0,16,0,17,33
614,0,33,0,17,50
615,0,16,0,17,33
616,0,36,0,14,50
619,0,18,0,15,33
620,0,33,0,17,50
622,0,32,0,18,50
624,0,35,0,18,53
626,0,32,0,20,52
627,0,14,0,20,34
628,0,34,0,16,50
630,0,34,0,17,51
631,0,18,0,17,35
632,0,36,0,14,50
633,0,19,0,14,33
636,0,31,0,17,48
638,0,34,0,16,50
639,0,17,0,16,33
640,0,35,0,16,51
641,0,19,0,16,35
642,0,31,0,18,49
643,0,15,0,18,33
645,0,16,0,17,33
646,0,35,0,14,49
647,0,18,0,14,32
649,0,18,0,17,35
650,0,33,0,16,49
653,0,19,0,15,34
655,0,17,0,16,33
656,0,33,0,17,50
658,0,33,0,18,51
660,0,35,0,14,49
661,0,17,0,14,31
662,0,33,0,15,48
666,0,32,0,19,51
667,0,15,0,19,34
668,0,34,0,18,52
669,0,15,0,18,33
672,0,35,0,15,50
674,0,35,0,14,49
676,0,32,0,17,49
677,0,18,0,17,35
678,0,34,0,17,51
679,0,17,0,17,34
680,0,32,0,17,49
684,0,32,0,17,49
686,0,33,0,18,51
687,0,16,0,18,34
688,0,34,0,16,50
690,0,34,0,15,49
691,0,18,0,15,33
692,0,35,0,14,49
693,0,20,0,14,34
694,0,31,0,16,47
695,0,17,0,16,33
698,0,34,0,17,51
699,0,18,0,17,35
700,0,32,0,17,49
701,0,15,0,17,32
702,0,34,0,16,50
703,0,17,0,16,33
705,0,16,0,17,33
707,0,18,0,16,34
708,0,32,0,19,51
709,0,16,0,19,35
710,0,31,19,18,68
714,0,33,0,17,50
717,0,15,0,19,34
718,0,35,0,17,52
719,0,16,0,17,33
720,0,33,0,16,49
721,0,16,0,16,32
722,0,34,0,15,49
723,0,18,0,15,33
724,0,34,15,17,66
725,0,19,15,17,51
726,0,32,0,16,48
728,0,34,0,15,49
729,0,18,0,15,33
730,0,31,0,20,51
731,0,16,0,20,36
732,0,36,0,15,51
734,0,33,0,16,49
735,0,18,0,16,34
737,0,16,0,18,34
738,0,32,0,17,49
739,0,14,0,17,31
741,0,19,0,15,34
742,0,34,0,15,49
743,0,19,0,15,34
744,0,33,0,15,48
745,0,18,0,15,33
746,0,31,0,19,50
747,0,16,0,19,35
748,0,34,0,16,50
749,0,15,0,16,31
751,0,17,0,18,35
753,0,15,0,17,32
754,0,35,0,18,53
755,0,18,0,18,36
757,0,14,0,18,32
758,0,34,0,17,51
759,0,16,0,17,33
760,0,33,0,19,52
761,0,16,0,19,35
762,19,17,0,15,51
764,0,30,0,19,49
766,0,35,0,16,51
768,0,34,0,16,50
769,0,18,0,16,34
770,0,32,0,17,49
771,0,16,0,17,33
772,0,33,0,16,49
774,0,32,0,18,50
776,0,37,0,15,52
777,0,19,0,15,34
778,0,33,0,17,50
779,0,18,0,17,35
780,0,33,0,16,49
783,0,17,0,17,34
784,0,34,0,16,50
785,0,17,0,16,33
786,0,31,0,19,50
787,0,15,0,19,34
788,0,33,0,18,51
789,0,14,0,18,32
790,0,33,0,17,50
791,0,15,0,17,32
793,0,17,0,17,34
794,0,35,0,16,51
795,0,18,0,16,34
796,0,33,17,14,64
797,0,17,17,14,48
798,0,31,0,18,49
800,0,36,0,16,52
801,0,18,0,16,34
803,0,16,0,17,33
804,0,33,0,17,50
805,0,16,0,17,33
806,0,35,0,17,52
808,0,33,0,19,52
809,0,16,0,19,35
810,0,36,0,14,50
812,0,29,0,18,47
814,0,35,0,19,54
816,19,15,0,15,49
817,0,15,0,15,30
818,0,32,0,18,50
819,0,17,0,18,35
820,0,32,0,19,51
822,0,35,0,17,52
823,0,16,0,17,33
825,0,17,0,15,32
826,0,33,0,15,48
827,0,18,0,15,33
828,0,34,0,18,52
830,0,31,0,17,48
831,0,13,0,17,30
832,0,37,0,14,51
833,0,20,0,14,34
836,0,35,0,17,52
837,0,17,0,17,34
839,0,20,0,12,32
840,0,29,0,19,48
843,0,15,0,16,31
844,0,32,0,17,49
845,0,16,0,17,33
847,0,19,0,17,36
848,0,29,0,19,48
850,0,36,0,16,52
851,0,17,0,16,33
852,0,35,0,15,50
854,0,32,0,16,48
855,0,17,0,16,33
858,0,36,0,14,50
859,0,18,0,14,32
860,0,33,0,14,47
861,0,19,0,14,33
862,0,31,0,16,47
863,0,17,0,16,33
864,0,33,0,16,49
866,0,34,0,19,53
867,0,18,0,19,37
868,0,35,0,15,50
870,0,30,0,18,48
871,0,15,0,18,33
872,0,34,0,18,52
873,0,16,0,18,34
875,0,15,0,19,34
876,0,34,0,19,53
877,0,15,0,19,34
879,0,14,0,17,31
881,0,18,0,16,34
883,0,18,0,15,33
885,0,18,0,15,33
887,0,17,0,17,34
888,0,36,0,15,51
889,0,19,0,15,34
891,0,15,0,17,32
893,0,18,0,15,33
894,0,33,0,17,50
897,0,18,0,16,34
898,0,31,0,19,50
902,0,34,0,17,51
903,0,15,0,17,32
904,0,33,0,17,50
905,0,16,0,17,33
906,0,33,0,17,50
908,0,34,0,17,51
913,0,17,0,17,34
914,0,32,0,17,49
915,0,15,0,17,32
916,0,35,0,16,51
917,0,18,0,16,34
921,0,17,0,19,36
922,0,35,0,14,49
923,0,16,0,14,30
925,0,17,0,17,34
926,0,32,0,18,50
927,0,15,0,18,33
928,0,36,0,15,51
929,0,18,0,15,33
930,0,32,0,16,48
931,0,17,0,16,33
932,0,35,0,17,52
935,0,17,0,14,31
936,0,33,0,17,50
939,0,17,0,15,32
940,0,30,0,17,47
942,0,36,0,16,52
944,0,33,0,15,48
945,0,17,0,15,32
946,0,33,0,15,48
948,0,34,0,15,49
949,0,19,0,15,34
950,0,31,0,19,50
951,0,16,0,19,35
954,0,33,0,17,50
955,0,16,0,17,33
956,0,33,0,19,52
957,0,16,0,19,35
958,0,35,0,15,50
960,0,33,0,16,49
962,0,33,0,16,49
963,0,17,0,16,33
964,0,34,0,18,52
965,0,18,0,18,36
966,0,32,0,18,50
967,0,14,0,18,32
968,0,35,0,17,52
969,0,17,0,17,34
970,0,34,0,14,48
971,0,17,0,14,31
973,0,17,0,17,34
974,0,36,0,14,50
978,0,31,0,18,49
980,0,33,0,18,51
983,0,16,0,18,34
984,0,34,0,19,53
986,0,33,0,18,51
989,0,16,0,16,32
990,0,34,0,14,48
991,0,18,0,14,32
992,0,32,0,19,51
993,0,18,0,19,37
994,0,34,0,15,49
995,0,15,0,15,30
996,0,33,0,16,49
999,0,16,0,17,33
1001,0,18,0,15,33
1002,0,34,0,15,49
1003,0,19,0,15,34
1005,0,18,0,17,35
1006,0,32,0,15,47
1007,0,15,0,15,30
1008,0,33,0,15,48
1010,0,35,0,17,52
1012,0,32,0,17,49
1013,0,15,0,17,32
1014,0,32,0,19,51
1015,0,15,0,19,34
1016,0,36,0,15,51
1017,0,17,0,15,32
1018,0,31,0,17,48
1019,0,16,0,17,33
1020,0,36,0,16,52
1022,0,33,0,16,49
1023,0,17,0,16,33
1024,0,33,0,15,48
1025,0,17,0,15,32
1026,0,33,0,16,49
1027,0,18,0,16,34
1028,0,33,0,18,51
1029,0,17,0,18,35
1030,0,33,0,16,49
1031,0,15,0,16,31
1032,0,33,0,17,50
1033,0,17,0,17,34
1034,0,33,0,19,52
1035,0,16,0,19,35
1036,0,35,0,15,50
1037,0,16,0,15,31
1038,0,32,0,18,50
1039,0,17,0,18,35
1040,0,34,0,19,53
1041,0,16,0,19,35
1042,0,34,0,17,51
1043,0,15,0,17,32
1046,0,33,0,18,51
1048,0,33,0,20,53
1049,0,15,0,20,35
1051,0,14,16,19,49
1052,0,35,0,16,51
1053,0,19,0,16,35
1054,0,34,0,16,50
1055,0,18,0,16,34
1056,0,33,0,15,48
1057,0,17,0,15,32
1061,0,17,0,17,34
1062,0,35,0,15,50
1064,0,32,0,16,48
1066,0,34,0,16,50
1068,0,34,0,15,49
1069,0,18,0,15,33
1070,0,33,0,15,48
1071,0,18,0,15,33
1072,0,33,0,15,48
1074,0,34,0,17,51
1075,0,19,0,17,36
1076,0,31,0,17,48
1078,0,34,0,17,51
1079,0,17,0,17,34
1080,0,34,0,17,51
1082,0,33,0,18,51
1083,0,16,0,18,34
1084,0,32,0,19,51
1085,0,14,0,19,33
1086,0,36,0,14,50
1087,0,17,0,14,31
1088,0,32,0,16,48
1090,0,34,0,16,50
1094,0,35,0,17,52
1095,0,18,0,17,35
1096,0,32,18,18,68
1098,0,36,0,15,51
1101,0,17,0,17,34
1102,0,34,0,15,49
1103,0,17,0,15,32
1104,0,33,0,17,50
1105,0,18,0,17,35
1106,0,33,0,18,51
1107,0,16,0,18,34
1108,0,34,0,16,50
1109,0,16,0,16,32
1110,0,33,0,16,49
1113,0,19,0,15,34
1114,0,32,0,16,48
1115,0,17,0,16,33
1116,0,35,0,13,48
1117,0,19,0,13,32
1119,0,19,0,17,36
1120,0,33,0,16,49
1121,0,16,0,16,32
1122,0,32,0,18,50
1123,0,16,0,18,34
1124,0,35,0,14,49
1125,0,17,0,14,31
1126,0,33,0,15,48
1128,0,34,0,15,49
1129,0,19,0,15,34
1130,0,34,0,14,48
1133,0,18,0,15,33
1134,0,32,0,16,48
1135,0,17,0,16,33
1137,0,18,0,17,35
1139,0,16,0,18,34
1140,0,33,0,18,51
1142,0,33,0,19,52
1143,0,15,0,19,34
1144,0,36,0,15,51
1145,0,17,0,15,32
1146,0,31,0,16,47
1147,0,16,0,16,32
1154,0,31,0,18,49
1157,0,16,0,16,32
1158,0,33,0,16,49
1159,0,17,0,16,33
1160,0,33,0,18,51
1161,0,17,0,18,35
1164,0,33,0,18,51
1168,0,32,0,16,48
1171,0,19,16,15,50
1173,0,15,0,19,34
1176,0,32,0,17,49
1177,0,15,0,17,32
1178,0,34,0,20,54
1179,0,17,0,20,37
1180,0,35,0,17,52
1182,0,34,0,16,50
1183,0,17,0,16,33
1185,0,17,0,16,33
1187,0,17,0,17,34
1189,0,15,0,16,31
1191,0,18,0,17,35
1192,0,34,0,16,50
1193,0,17,0,16,33
1195,0,16,0,18,34
1196,0,34,0,16,50
1197,0,16,0,16,32
1198,0,34,0,17,51
1199,0,18,0,17,35
1201,0,16,0,16,32
1202,0,32,0,18,50
1203,0,16,0,18,34
1204,0,33,0,20,53
1205,0,15,0,20,35
1206,0,35,0,16,51
1208,0,34,0,16,50
1209,0,18,0,16,34
1210,0,33,0,15,48
1211,0,17,0,15,32
1213,0,18,0,18,36
1216,0,31,0,17,48
1217,0,16,0,17,33
1218,0,35,0,17,52
1219,0,18,0,17,35
1220,0,33,0,15,48
1221,0,16,0,15,31
1223,0,18,0,18,36
1224,0,31,0,18,49
1225,0,13,0,18,31
1226,0,35,0,16,51
1228,0,33,0,18,51
1229,0,17,0,18,35
1230,0,34,0,17,51
1231,0,16,0,17,33
1232,0,32,0,19,51
1233,0,15,0,19,34
1235,0,17,17,16,50
1236,0,33,0,14,47
1239,0,19,0,16,35
1240,0,32,0,17,49
1242,0,33,0,18,51
1243,0,16,0,18,34
1244,0,34,0,17,51
1245,0,16,0,17,33
1246,0,32,0,18,50
1247,0,15,0,18,33
1249,0,17,16,19,52
1250,0,35,0,15,50
1251,0,19,0,15,34
1252,0,31,0,18,49
1253,0,16,0,18,34
1257,0,19,0,15,34
1258,0,35,0,13,48
1259,0,20,0,13,33
1260,0,30,0,18,48
1263,0,15,0,19,34
1264,0,35,0,16,51
1265,0,16,0,16,32
1266,0,32,0,16,48
1267,0,16,0,16,32
1268,0,34,0,18,52
1269,0,18,0,18,36
1270,0,34,0,15,49
1273,0,17,18,16,51
1274,0,34,0,17,51
1277,0,16,17,16,49
1278,0,33,0,16,49
1281,0,18,0,16,34
1283,0,18,0,15,33
1284,0,34,0,14,48
1285,0,19,0,14,33
1286,0,32,0,17,49
1287,0,18,0,17,35
1288,0,33,0,16,49
1289,0,16,0,16,32
1293,0,15,0,18,33
1297,0,22,0,12,34
1298,0,30,0,14,44
1299,0,18,0,14,32
1300,0,33,0,17,50
1301,0,19,0,17,36
1302,0,32,0,19,51
1303,0,15,0,19,34
1304,0,35,0,17,52
1306,0,33,0,16,49
1307,0,16,0,16,32
1309,0,18,0,17,35
1310,0,32,0,17,49
1311,0,15,0,17,32
1316,0,33,0,17,50
1317,0,17,0,17,34
1318,0,33,0,19,52
1319,0,16,0,19,35
1322,0,35,0,16,51
1323,0,17,0,16,33
1325,0,16,0,17,33
1327,0,18,0,16,34
1328,0,32,0,16,48
1330,0,33,0,18,51
1331,0,17,0,18,35
1332,0,37,12,19,68
1335,0,19,0,14,33
1336,0,33,0,16,49
1337,0,19,0,16,35
1338,0,34,0,16,50
1339,0,18,0,16,34
1340,0,32,0,16,48
1341,0,16,0,16,32
1343,0,18,0,17,35
1344,0,32,0,17,49
1346,0,34,0,16,50
1347,0,17,0,16,33
1348,0,34,0,16,50
1349,0,18,0,16,34
1350,0,33,0,16,49
1352,0,32,0,17,49
1354,0,35,0,16,51
1355,0,18,0,16,34
1356,0,35,0,16,51
1357,0,19,0,16,35
1359,0,16,0,15,31
1360,0,34,16,17,67
1361,0,19,16,17,52
1362,0,33,0,17,50
1364,0,33,0,15,48
1366,0,33,0,18,51
1367,0,18,0,18,36
1368,0,32,0,18,50
1369,0,14,0,18,32
1371,0,17,0,15,32
1373,0,19,0,15,34
1374,0,31,0,18,49
1375,0,16,0,18,34
1376,0,34,0,16,50
1378,0,35,0,16,51
1379,0,19,0,16,35
1380,0,31,0,16,47
1381,0,15,0,16,31
1382,0,34,0,18,52
1384,0,32,0,19,51
1385,0,14,0,19,33
1386,0,36,0,15,51
1388,0,33,0,16,49
1389,0,18,0,16,34
1391,0,15,0,19,34
1392,0,35,0,16,51
1393,0,16,0,16,32
1394,0,33,0,16,49
1395,0,17,0,16,33
1396,0,34,0,15,49
1397,0,18,0,15,33
1398,0,33,0,15,48
1399,0,18,0,15,33
1400,0,32,0,19,51
1402,0,32,0,21,53
1403,0,13,0,21,34
1405,0,14,0,19,33
1407,0,16,0,15,31
1408,0,34,0,15,49
1409,0,19,0,15,34
1410,0,31,0,18,49
1411,0,16,0,18,34
1412,0,35,0,18,53
1413,0,17,0,18,35
1414,0,33,0,15,48
1415,0,15,0,15,30
1416,0,34,0,17,51
1418,0,32,0,17,49
1419,0,15,0,17,32
1421,0,17,0,18,35
1422,0,33,0,16,49
1423,0,15,0,16,31
1424,0,33,0,17,50
1428,0,31,0,18,49
1429,0,17,0,18,35
1430,0,36,0,14,50
1431,0,18,0,14,32
1432,0,32,0,17,49
1433,0,18,0,17,35
1434,0,33,0,18,51
1436,0,33,0,16,49
1438,0,32,0,17,49
1440,0,35,0,17,52
1441,0,18,0,17,35
1442,0,33,0,16,49
1443,0,16,0,16,32
1444,0,34,0,17,51
1446,0,34,0,15,49
1447,0,17,0,15,32
1448,0,31,0,18,49
1449,0,16,0,18,34
1451,0,16,0,17,33
1453,0,18,0,14,32
1454,0,33,0,16,49
1455,0,19,0,16,35
1456,0,32,0,16,48
1457,0,16,0,16,32
1460,0,34,0,16,50
1461,0,17,0,16,33
1462,0,34,0,16,50
1464,0,33,0,17,50
1465,0,17,0,17,34
1469,0,18,0,15,33
1471,0,19,16,15,50
1475,0,19,0,16,35
1477,0,14,0,18,32
1478,0,35,0,18,53
1480,0,35,0,15,50
1481,0,17,0,15,32
1482,0,31,0,18,49
1483,0,16,0,18,34
1484,0,36,0,15,51
1487,0,16,0,17,33
1488,0,35,0,15,50
1489,0,18,0,15,33
1490,0,34,0,15,49
1491,0,19,0,15,34
1492,0,32,0,16,48
1493,0,17,0,16,33
1494,0,33,0,16,49
1495,0,17,0,16,33
1496,0,34,0,14,48
1497,0,18,0,14,32
1499,0,19,0,15,34
1500,0,33,0,17,50
1501,0,18,0,17,35
1502,0,32,0,17,49
1503,0,15,0,17,32
1505,0,20,0,15,35
1507,0,16,0,19,35
1508,0,34,0,18,52
1509,0,15,0,18,33
1512,0,34,0,17,51
1513,0,16,0,17,33
1514,0,35,0,14,49
1515,0,18,0,14,32
1516,0,33,0,14,47
1518,0,33,0,14,47
1520,0,32,0,15,47
1521,0,18,0,15,33
1523,0,17,0,17,34
1524,0,35,0,15,50
1525,0,18,0,15,33
1526,0,32,0,17,49
1528,0,35,0,18,53
1529,0,18,0,18,36
1531,0,15,0,16,31
1533,0,16,0,17,33
1534,0,36,0,14,50
1535,0,19,0,14,33
1536,0,33,0,16,49
1538,0,33,0,16,49
1540,0,32,0,16,48
1542,0,34,0,17,51
1543,0,18,0,17,35
1544,0,32,0,18,50
1545,0,15,0,18,33
1546,0,36,0,16,52
1548,0,32,0,17,49
1549,0,16,0,17,33
1550,0,34,0,15,49
1552,0,33,0,15,48
1553,0,18,0,15,33
1554,0,34,0,14,48
1556,0,31,0,18,49
1557,0,17,0,18,35
1558,0,33,0,18,51
1560,0,34,0,17,51
1561,0,16,0,17,33
1563,0,17,0,17,34
1564,0,33,0,17,50
1565,0,16,0,17,33
1566,0,33,0,17,50
1568,0,34,0,18,52
1569,0,17,0,18,35
1570,0,33,0,17,50
1571,0,15,0,17,32
1572,0,34,0,16,50
1573,0,17,0,16,33
1576,0,32,0,19,51
1579,0,16,0,15,31
1582,0,35,0,18,53
1583,0,17,0,18,35
1585,0,16,0,15,31
1586,0,31,0,18,49
1590,0,34,0,16,50
1591,0,16,0,16,32
1592,0,33,0,17,50
1593,0,17,0,17,34
1596,0,37,0,15,52
1597,0,18,0,15,33
1600,0,35,0,17,52
1601,0,18,0,17,35
1603,0,16,0,17,33
1604,0,34,0,17,51
1606,0,32,0,17,49
1607,0,15,0,17,32
1608,0,35,0,16,51
1609,0,18,0,16,34
1611,0,16,0,16,32
1613,0,17,0,17,34
1615,0,16,0,16,32
1616,0,33,0,19,52
1617,0,17,0,19,36
1618,0,34,0,17,51
1619,0,15,0,17,32
1621,0,17,0,18,35
1623,0,15,0,18,33
1624,0,32,0,20,52
1625,0,14,0,20,34
1626,0,35,0,16,51
1629,0,16,0,16,32
1630,0,34,0,16,50
1632,0,34,0,17,51
1633,0,18,0,17,35
1634,0,32,0,17,49
1635,0,15,0,17,32
1636,0,35,0,16,51
1637,0,18,0,16,34
1639,0,18,0,14,32
1640,0,33,0,15,48
1641,0,19,0,15,34
1642,0,32,0,17,49
1643,0,17,0,17,34
1644,0,33,0,16,49
1645,0,16,0,16,32
1647,0,18,0,17,35
1648,0,33,0,18,51
1649,0,16,0,18,34
1653,0,16,0,17,33
1654,0,34,0,17,51
1655,0,17,0,17,34
1657,0,15,0,16,31
1658,0,36,0,15,51
1659,0,20,0,15,35
1660,0,32,0,17,49
1661,0,17,0,17,34
1662,0,32,0,16,48
1664,0,34,0,18,52
1665,0,18,0,18,36
1667,0,19,0,13,32
1668,0,31,0,17,48
1669,0,18,0,17,35
1670,0,31,0,18,49
1672,0,35,0,15,50
1674,0,31,0,19,50
1675,0,16,0,19,35
1677,0,17,0,16,33
1678,0,33,0,17,50
1679,0,17,0,17,34
1681,0,16,0,17,33
1683,0,17,0,17,34
1684,0,31,0,17,48
1685,0,14,0,17,31
1686,0,34,0,19,53
1689,0,15,0,16,31
1690,0,32,0,18,50
1692,0,33,0,17,50
1695,0,18,0,16,34
1696,0,32,0,18,50
1697,0,16,0,18,34
1698,0,34,0,17,51
1700,0,33,0,18,51
1701,0,16,0,18,34
1702,0,35,0,17,52
1703,0,17,0,17,34
1704,0,32,0,16,48
1705,0,15,0,16,31
1707,0,17,0,17,34
1708,0,35,0,17,52
1709,0,18,0,17,35
1710,0,32,0,18,50
1711,0,15,0,18,33
1712,0,35,0,15,50
1713,0,17,0,15,32
1714,0,35,0,15,50
1715,0,20,0,15,35
1716,0,31,0,17,48
1717,0,16,0,17,33
1718,0,34,0,16,50
1719,0,17,0,16,33
1720,0,31,0,19,50
1721,0,15,0,19,34
1722,0,35,0,15,50
1724,0,34,0,15,49
1726,0,31,0,18,49
1727,0,16,0,18,34
1728,0,34,0,17,51
1731,0,19,0,14,33
1732,0,30,0,19,49
1734,0,36,0,14,50
1737,0,19,0,14,33
1738,0,33,0,16,49
1739,0,19,0,16,35
1740,0,32,0,17,49
1741,0,16,0,17,33
1742,0,36,0,14,50
1743,0,19,0,14,33
1745,0,18,0,16,34
1746,0,32,0,17,49
1747,0,16,0,17,33
1748,0,35,0,14,49
1749,0,18,0,14,32
1751,0,18,0,19,37
1753,0,14,0,17,31
1754,0,34,0,17,51
1755,0,17,0,17,34
1756,0,34,0,18,52
1757,0,17,0,18,35
1758,0,31,0,18,49
1759,0,13,0,18,31
1760,0,36,0,17,53
1763,0,15,0,17,32
1764,0,33,0,17,50
1765,0,16,0,17,33
1766,0,34,0,18,52
1767,0,17,0,18,35
1768,0,33,0,17,50
1769,0,15,0,17,32
1770,0,33,0,18,51
1772,0,33,0,17,50
1774,0,34,0,18,52
1775,0,17,0,18,35
1777,0,16,0,16,32
1778,0,33,0,18,51
1779,0,17,0,18,35
1781,0,17,0,18,35
1782,0,31,0,19,50
1783,0,13,0,19,32
1785,0,14,0,19,33
1786,0,36,0,17,53
1787,0,17,0,17,34
1789,0,15,0,15,30
1791,0,18,0,17,35
1793,0,18,0,14,32
1794,0,32,0,17,49
1795,0,18,0,17,35
1797,0,17,0,17,34
1798,0,32,0,15,47
1799,0,15,0,15,30
1800,0,33,0,16,49
1801,0,18,0,16,34
1802,0,35,0,17,52
1803,0,19,0,17,36
1806,0,34,0,16,50
1807,0,18,0,16,34
1808,0,33,0,18,51
1810,0,32,0,18,50
1811,0,14,0,18,32
1812,0,36,0,14,50
1813,0,18,0,14,32
1814,0,32,0,16,48
1817,0,16,0,18,34
1818,0,34,0,18,52
1819,0,16,0,18,34
1823,0,16,0,16,32
1825,0,16,0,16,32
1826,0,33,0,16,49
1828,0,33,0,18,51
1829,0,17,0,18,35
1830,0,33,0,18,51
1832,0,35,0,17,52
1833,0,17,0,17,34
1834,0,32,0,19,51
1835,0,15,0,19,34
1838,0,31,0,18,49
1839,0,15,0,18,33
1840,0,34,0,17,51
1842,0,35,0,15,50
1843,0,18,0,15,33
1844,0,32,0,16,48
1847,0,19,0,15,34
1848,15,16,0,16,47
1850,0,35,0,18,53
1851,0,19,0,18,37
1852,0,33,0,15,48
1854,0,32,0,18,50
1855,0,17,0,18,35
1856,0,34,0,16,50
1857,0,16,0,16,32
1858,0,33,0,18,51
1859,0,17,0,18,35
1860,0,36,0,14,50
1861,0,18,0,14,32
1862,0,30,0,19,49
1863,0,16,0,19,35
1864,0,35,0,16,51
1865,0,16,0,16,32
1866,0,32,0,17,49
1867,0,16,0,17,33
1868,0,33,0,18,51
1869,0,16,0,18,34
1870,0,34,0,17,51
1872,0,34,0,16,50
1873,0,17,0,16,33
1875,0,18,0,15,33
1876,0,32,0,19,51
1878,0,33,0,16,49
1879,0,14,0,16,30
1880,0,35,0,19,54
1881,0,19,0,19,38
1882,0,32,0,20,52
1883,0,13,0,20,33
1884,0,35,0,16,51
1885,0,15,0,16,31
1886,0,32,0,17,49
1887,0,16,0,17,33
1888,0,33,0,18,51
1889,0,16,0,18,34
1890,0,34,0,17,51
1891,0,16,0,17,33
1892,0,32,0,20,52
1893,0,15,0,20,35
1894,0,34,0,16,50
1895,0,14,0,16,30
1896,0,34,0,18,52
1897,0,18,0,18,36
1899,0,15,0,16,31
1900,0,35,0,14,49
1901,0,19,0,14,33
1902,0,31,0,17,48
1904,0,34,0,16,50
1905,0,17,0,16,33
1906,0,32,0,18,50
1907,0,16,0,18,34
1908,0,33,0,19,52
1909,0,15,0,19,34
1911,0,16,0,17,33
1912,0,34,0,16,50
1913,0,17,0,16,33
1914,0,35,0,13,48
1915,0,19,0,13,32
1917,0,17,0,18,35
1918,0,34,0,16,50
1919,0,16,0,16,32
1923,0,18,0,15,33
1924,0,34,0,17,51
1926,0,33,0,15,48
1927,0,16,0,15,31
1928,0,31,0,17,48
1930,0,35,0,17,52
1932,0,34,0,16,50
1933,0,17,0,16,33
1934,0,31,0,18,49
1936,0,35,0,16,51
1938,0,32,0,19,51
1940,0,33,0,17,50
1944,0,33,0,16,49
1945,0,17,0,16,33
1946,0,32,0,18,50
1948,0,34,0,17,51
1949,0,16,0,17,33
1951,0,16,0,15,31
1955,0,17,0,15,32
1957,0,19,0,17,36
1958,0,33,0,18,51
1959,0,16,0,18,34
1960,0,32,17,19,68
1961,0,14,17,19,50
1962,0,36,0,14,50
1964,0,30,17,17,64
1965,0,16,17,17,50
1967,0,17,0,18,35
1969,0,16,0,18,34
1970,0,34,0,17,51
1971,0,16,0,17,33
1972,0,33,0,15,48
1974,0,35,0,16,51
1975,0,20,0,16,36
1976,0,32,0,16,48
1978,0,34,0,17,51
1980,0,32,0,16,48
1981,0,15,0,16,31
1982,0,33,0,17,50
1985,0,16,18,17,51
1986,0,35,0,16,51
1987,0,17,0,16,33
1988,0,32,0,18,50
1989,0,16,0,18,34
1990,0,33,0,17,50
1991,0,15,0,17,32
1992,0,33,0,16,49
1993,0,16,0,16,32
1994,0,33,0,19,52
1997,0,14,0,19,33
1999,0,16,0,16,32
2000,0,32,19,16,67
2001,0,16,19,16,51
2002,0,35,0,14,49
2003,0,16,0,14,30
2004,0,34,0,16,50
2005,0,20,0,16,36
2006,0,32,0,17,49
2007,0,16,0,17,33
2008,0,33,0,18,51
2009,0,16,0,18,34
2010,0,33,0,18,51
2011,0,15,0,18,33
2013,0,19,0,15,34
2014,0,33,0,13,46
2015,0,18,0,13,31
2016,0,32,0,16,48
2018,0,31,0,19,50
2025,0,17,0,15,32
2026,0,32,16,17,65
2027,0,17,16,17,50
2028,0,33,0,18,51
2029,0,17,0,18,35
2030,0,34,16,16,66
2031,0,16,16,16,48
2033,0,16,0,18,34
2034,0,35,0,18,53
2035,0,17,0,18,35
2036,0,33,0,16,49
2037,0,15,0,16,31
2039,0,16,0,17,33
2040,0,34,0,17,51
2043,0,16,0,18,34
2045,0,16,0,17,33
2046,0,35,0,20,55
2047,0,18,0,20,38
2049,0,12,0,17,29
2050,0,36,0,15,51
2052,0,32,0,18,50
2053,0,17,0,18,35
2054,0,33,0,17,50
2055,0,15,0,17,32
2056,0,31,0,20,51
2058,0,36,0,20,56
2059,0,16,0,20,36
2060,0,31,0,17,48
2061,0,11,0,17,28
2062,0,33,0,18,51
2063,0,16,0,18,34
2064,0,34,0,16,50
2067,0,17,0,17,34
2068,0,36,0,14,50
2069,0,19,0,14,33
2070,0,31,0,16,47
2071,0,17,0,16,33
2072,0,33,0,19,52
2073,0,17,0,19,36
2074,0,33,0,18,51
2075,0,14,0,18,32
2078,0,35,0,16,51
2080,0,31,0,17,48
2081,0,15,0,17,32
2082,0,35,0,17,52
2083,0,18,0,17,35
2084,0,32,0,18,50
2085,0,15,0,18,33
2086,0,33,0,24,57
2087,0,15,0,24,39
2088,0,36,0,24,60
2090,0,24,0,25,49
2092,19,18,0,17,54
2093,0,18,0,17,35
2094,0,30,0,18,48
2095,0,13,0,18,31
2096,0,33,0,18,51
2097,0,15,0,18,33
2098,0,35,0,17,52
2100,0,35,0,16,51
2102,0,32,0,21,53
2103,0,16,0,21,37
2104,0,33,0,19,52
2105,0,12,0,19,31
2106,0,34,0,16,50
2107,0,15,0,16,31
2108,0,35,0,16,51
2111,0,17,0,14,31
2112,0,32,0,17,49
2113,0,18,0,17,35
2114,0,33,0,17,50
2115,0,16,0,17,33
2116,0,34,0,15,49
2117,0,17,0,15,32
2119,0,17,0,17,34
2121,0,16,0,17,33
2122,0,34,0,19,53
2123,0,17,0,19,36
2124,0,34,0,16,50
2125,0,15,0,16,31
2127,0,18,0,14,32
2128,0,31,0,19,50
2130,0,34,0,17,51
2131,0,15,0,17,32
2132,0,35,0,16,51
2133,0,18,0,16,34
2134,0,33,0,15,48
2135,0,17,0,15,32
2137,0,17,0,19,36
2138,0,33,0,19,52
2139,0,14,0,19,33
2140,0,34,0,16,50
2141,0,15,0,16,31
2144,0,36,15,17,68
2145,0,19,15,17,51
2146,0,32,0,16,48
2148,0,33,0,17,50
2149,0,17,0,17,34
2151,0,15,0,17,32
2152,0,35,0,15,50
2154,0,32,0,18,50
2155,0,17,0,18,35
2156,0,35,0,16,51
2157,0,17,0,16,33
2160,0,33,0,18,51
2161,0,16,0,18,34
2162,0,34,0,17,51
2163,0,16,0,17,33
2164,0,32,0,17,49
2165,0,15,0,17,32
2166,0,35,0,17,52
2167,0,18,0,17,35
2169,0,15,0,18,33
2170,0,34,0,21,55
2171,0,16,0,21,37
2172,0,35,0,14,49
2173,0,14,0,14,28
2176,0,32,0,16,48
2177,0,16,0,16,32
2178,0,33,0,17,50
2179,0,17,0,17,34
2180,0,34,0,17,51
2181,0,17,0,17,34
2182,0,35,0,16,51
2183,0,18,0,16,34
2184,0,31,17,17,65
2185,0,15,17,17,49
2186,17,17,0,17,51
2187,0,17,0,17,34
2188,0,34,0,16,50
2190,0,32,0,17,49
2191,0,16,0,17,33
2192,0,35,0,15,50
2193,0,18,0,15,33
2194,0,31,0,17,48
2195,0,16,0,17,33
2197,0,19,0,16,35
2198,0,31,0,17,48
2199,0,15,0,17,32
2200,0,33,0,17,50
2202,0,38,0,14,52
2203,0,21,0,14,35
2204,0,29,0,18,47
2205,0,15,0,18,33
2206,0,34,17,16,67
2207,0,16,17,16,49
2208,0,33,0,16,49
2209,0,16,0,16,32
2211,0,18,0,20,38
2212,0,36,0,15,51
2213,0,16,0,15,31
2215,0,16,0,17,33
2216,0,32,0,16,48
2217,0,15,0,16,31
2220,0,32,0,19,51
2221,0,15,0,19,34
2222,0,36,0,15,51
2224,0,33,0,16,49
2225,0,18,0,16,34
2226,0,32,0,18,50
2227,0,16,0,18,34
2228,0,34,0,17,51
2230,0,34,0,16,50
2231,0,17,0,16,33
2232,0,33,0,17,50
2233,0,17,0,17,34
2234,0,34,0,16,50
2235,0,17,0,16,33
2237,0,17,0,16,33
2238,0,33,0,15,48
2239,0,17,0,15,32
2240,0,33,0,17,50
2242,0,33,0,18,51
2243,0,16,0,18,34
2248,0,33,0,14,47
2249,0,18,0,14,32
2250,0,31,0,17,48
2251,0,17,0,17,34
2252,0,35,0,16,51
2253,0,18,0,16,34
2254,0,33,0,16,49
2256,0,33,0,16,49
2257,0,17,0,16,33
2259,0,16,0,18,34
2260,0,35,0,15,50
2261,0,17,0,15,32
2262,0,31,0,19,50
2268,17,16,0,16,49
2269,0,16,0,16,32
2271,0,19,0,13,32
2272,0,31,0,17,48
2273,0,18,0,17,35
2274,0,35,0,16,51
2275,0,18,0,16,34
2276,0,31,0,19,50
2277,0,15,0,19,34
2278,0,39,0,28,67
2279,0,20,0,28,48
2280,0,28,0,16,44
2281,0,17,0,16,33
2284,0,32,0,16,48
2287,0,15,0,20,35
2288,0,35,0,16,51
2289,0,15,0,16,31
2290,0,32,0,17,49
2291,0,16,0,17,33
2292,0,33,0,19,52
2293,0,16,0,19,35
2294,0,37,0,15,52
2295,0,18,0,15,33
2296,0,31,0,17,48
2297,0,16,0,17,33
2298,0,35,0,15,50
2299,0,18,0,15,33
2300,0,34,0,13,47
2301,0,19,0,13,32
2302,0,33,0,17,50
2303,0,20,0,17,37
2308,0,36,0,16,52
2310,0,30,0,19,49
2311,0,14,0,19,33
2312,0,34,0,18,52
2313,0,15,0,18,33
2314,0,35,0,14,49
2315,0,17,0,14,31
2316,0,34,0,13,47
2317,0,20,0,13,33
2318,0,30,0,19,49
2319,0,17,0,19,36
2322,0,33,0,16,49
2323,0,17,0,16,33
2326,0,34,0,13,47
2327,0,17,0,13,30
2328,0,30,0,19,49
2329,0,17,0,19,36
2330,0,34,0,17,51
2331,0,15,0,17,32
2332,0,32,0,17,49
2333,0,15,0,17,32
2334,0,34,0,18,52
2335,0,17,0,18,35
2336,0,34,0,16,50
2339,0,19,0,14,33
2340,0,32,0,18,50
2341,0,18,0,18,36
2342,0,35,0,14,49
2343,0,17,0,14,31
2344,0,29,0,19,48
2346,0,37,0,15,52
2347,0,18,0,15,33
2348,0,32,0,18,50
2349,0,17,0,18,35
2352,0,35,0,17,52
2353,0,18,0,17,35
2354,0,33,0,18,51
2355,0,16,0,18,34
2356,0,33,0,17,50
2357,0,15,0,17,32
2358,0,33,0,17,50
2360,0,32,0,18,50
2363,0,18,0,16,34
2364,0,31,0,20,51
2365,0,15,0,20,35
2366,0,33,0,17,50
2367,0,13,0,17,30
2372,0,34,0,31,65
2373,0,19,0,31,50
2374,0,31,0,16,47
2375,0,18,0,16,34
2376,0,32,0,18,50
2377,0,16,0,18,34
2378,0,34,0,16,50
2379,0,16,0,16,32
2380,0,35,0,14,49
2381,0,19,0,14,33
2382,0,33,0,15,48
2384,0,32,0,18,50
2385,0,17,0,18,35
2387,0,16,0,16,32
2388,0,33,0,17,50
2390,0,34,0,16,50
2391,0,17,0,16,33
2392,0,34,0,16,50
2394,0,33,0,15,48
2395,0,17,0,15,32
2396,0,32,0,16,48
2397,0,17,0,16,33
2398,0,32,0,17,49
2399,0,16,0,17,33
2400,0,34,0,16,50
2401,0,17,0,16,33
2404,0,34,0,15,49
2405,0,16,0,15,31
2407,0,18,0,17,35
2408,0,34,0,16,50
2411,0,18,15,15,48
2412,0,30,0,19,49
2413,0,15,0,19,34
2414,0,35,0,16,51
2415,0,16,0,16,32
2417,0,19,0,16,35
2418,0,32,0,16,48
2419,0,16,0,16,32
2420,0,34,0,15,49
2421,0,18,0,15,33
2422,0,32,0,18,50
2423,0,17,0,18,35
2424,0,34,0,18,52
2425,0,16,0,18,34
2427,0,16,15,17,48
2428,0,32,0,16,48
2429,0,17,0,16,33
2430,0,34,0,16,50
2431,0,18,0,16,34
2432,0,34,0,15,49
2433,0,18,0,15,33
2434,0,33,0,16,49
2435,0,18,0,16,34
2436,0,32,0,16,48
2437,0,16,0,16,32
2438,0,36,0,15,51
2439,0,20,0,15,35
2440,0,31,18,16,65
2441,0,16,18,16,50
2443,0,16,0,16,32
2444,0,33,17,15,65
2445,0,17,17,15,49
2446,0,32,0,19,51
2447,0,15,0,19,34
2448,0,35,0,17,52
2449,0,16,0,17,33
2450,0,33,0,16,49
2451,0,16,0,16,32
2453,0,18,0,17,35
2454,0,33,0,18,51
2456,0,34,0,15,49
2457,0,16,0,15,31
2458,0,33,0,16,49
2459,0,18,0,16,34
2462,0,35,0,16,51
2463,0,17,0,16,33
2464,0,34,0,15,49
2465,0,18,0,15,33
2466,0,32,0,18,50
2468,0,34,0,18,52
2469,0,16,0,18,34
2471,0,16,0,16,32
2475,0,17,0,16,33
2476,0,33,0,19,52
2479,0,16,0,17,33
2481,0,14,0,20,34
2482,0,35,0,18,53
2483,0,15,0,18,33
2484,0,34,0,16,50
2485,0,16,0,16,32
2486,0,33,0,17,50
2487,0,17,0,17,34
2488,0,31,0,17,48
2489,0,14,0,17,31
2490,0,35,0,18,53
2492,0,32,0,17,49
2493,0,14,0,17,31
2494,0,33,0,18,51
2495,0,16,0,18,34
2496,0,35,0,17,52
2497,0,17,0,17,34
2498,0,35,0,16,51
2499,0,18,0,16,34
2500,0,33,0,12,45
2501,0,17,0,12,29
2502,0,33,0,16,49
2503,0,21,0,16,37
2504,0,33,0,16,49
2506,0,34,0,17,51
2508,0,34,0,13,47
2509,0,17,0,13,30
2510,0,31,0,17,48
2511,0,18,0,17,35
2512,0,35,0,15,50
2513,0,18,0,15,33
2516,0,32,0,17,49
2518,0,34,0,17,51
2520,0,34,0,18,52
2521,0,17,0,18,35
2522,0,32,0,19,51
2523,0,14,0,19,33
2524,0,35,0,15,50
2525,0,16,0,15,31
2526,0,31,0,19,50
2527,0,16,0,19,35
2529,0,17,0,17,34
2530,0,33,0,16,49
2533,0,17,0,15,32
2534,0,33,0,18,51
2535,0,18,0,18,36
2536,0,33,0,16,49
2537,0,15,0,16,31
2538,0,32,0,20,52
2539,0,16,0,20,36
2541,0,16,0,16,32
2542,0,32,0,21,53
2543,0,16,0,21,37
2544,0,21,0,29,50
2545,0,46,0,17,63
2548,0,34,0,16,50
2550,0,34,0,15,49
2552,0,31,0,19,50
2553,0,16,0,19,35
2554,0,34,0,18,52
2556,0,33,0,17,50
2557,0,15,0,17,32
2559,0,18,0,15,33
2561,0,17,0,17,34
2562,0,33,0,18,51
2563,0,16,0,18,34
2564,0,36,0,15,51
2566,0,31,0,17,48
2567,0,16,0,17,33
2568,0,34,0,17,51
2569,0,17,0,17,34
2570,0,33,0,18,51
2573,0,16,0,17,33
2574,0,32,0,18,50
2575,0,15,0,18,33
2577,0,17,0,16,33
2578,0,33,0,16,49
2580,0,33,0,17,50
2581,0,17,0,17,34
2582,0,33,0,17,50
2583,0,16,0,17,33
2584,0,34,0,15,49
2586,0,30,0,19,49
2587,0,15,0,19,34
2588,0,36,0,17,53
2589,0,17,0,17,34
2590,0,33,0,16,49
2591,0,16,0,16,32
2592,0,34,0,18,52
2593,0,18,0,18,36
2594,0,35,0,15,50
2595,0,17,0,15,32
2596,0,32,16,16,64
2597,0,17,16,16,49
2598,0,32,0,18,50
2599,0,16,0,18,34
2600,0,35,0,14,49
2601,0,17,0,14,31
2602,0,33,0,14,47
2603,0,19,0,14,33
2604,0,34,0,16,50
2606,0,32,0,17,49
2608,0,33,0,17,50
2609,0,16,0,17,33
2611,0,17,0,16,33
2612,0,34,0,16,50
2613,0,18,0,16,34
2614,0,32,0,17,49
2615,0,16,0,17,33
2617,0,17,0,16,33
2618,0,32,0,18,50
2619,0,16,0,18,34
2622,0,33,0,18,51
2623,0,17,0,18,35
2624,0,35,0,15,50
2625,0,17,0,15,32
2626,0,31,0,17,48
2627,0,16,0,17,33
2628,0,39,0,29,68
2629,0,22,0,29,51
2632,0,35,0,14,49
2633,0,18,0,14,32
2635,0,19,0,15,34
2637,0,17,0,16,33
2638,0,33,0,18,51
2639,0,17,0,18,35
2640,0,35,0,15,50
2641,0,17,0,15,32
2642,0,32,0,16,48
2644,0,34,0,15,49
2645,0,18,0,15,33
2647,0,19,0,15,34
2648,0,32,0,17,49
2649,0,17,0,17,34
2650,0,33,0,17,50
2651,0,16,0,17,33
2652,0,32,0,19,51
2654,0,37,0,15,52
2655,0,18,0,15,33
2656,0,32,0,16,48
2657,0,17,0,16,33
2658,0,32,0,19,51
2659,0,16,0,19,35
2661,0,16,0,15,31
2663,0,19,0,15,34
2664,0,31,0,18,49
2665,0,16,0,18,34
2666,0,34,0,18,52
2669,0,16,0,16,32
2671,0,16,0,17,33
2672,0,36,0,15,51
2673,0,19,0,15,34
2675,0,17,0,15,32
2678,0,37,0,16,53
2679,0,19,0,16,35
2680,0,32,0,16,48
2681,0,16,0,16,32
2683,0,16,0,19,35
2684,0,35,0,16,51
2685,0,16,0,16,32
2687,0,18,0,14,32
2688,0,31,0,16,47
2689,0,17,0,16,33
2690,0,34,0,16,50
2691,0,18,0,16,34
2692,0,35,0,15,50
2694,0,31,0,18,49
2695,0,16,0,18,34
2696,0,35,0,17,52
2697,0,17,0,17,34
2698,0,32,0,17,49
2700,0,34,0,16,50
2701,0,17,0,16,33
2702,0,34,0,15,49
2703,0,18,0,15,33
2704,0,32,0,18,50
2705,0,17,0,18,35
2706,0,34,0,16,50
2707,0,16,0,16,32
2710,0,32,0,17,49
2711,0,15,0,17,32
2712,0,37,0,14,51
2713,0,20,0,14,34
2714,0,29,0,18,47
2716,0,35,0,15,50
2717,0,17,0,15,32
2718,0,33,0,16,49
2719,0,18,0,16,34
2722,0,33,0,17,50
2723,0,16,0,17,33
2724,0,33,0,16,49
2726,0,33,0,19,52
2727,0,17,0,19,36
2729,0,15,0,18,33
2730,0,33,0,19,52
2731,0,15,0,19,34
2732,0,33,0,19,52
2734,0,33,0,19,52
2735,0,14,0,19,33
2736,0,36,0,15,51
2737,0,17,0,15,32
2738,0,32,0,16,48
2739,0,17,0,16,33
2741,0,18,0,15,33
2742,0,34,0,14,48
2743,0,19,0,14,33
2745,0,17,0,17,34
2746,0,35,0,16,51
2747,0,18,0,16,34
2749,0,17,0,16,33
2750,0,33,0,16,49
2751,0,17,0,16,33
2752,0,34,0,17,51
2754,0,32,0,17,49
2755,0,15,0,17,32
2756,0,35,0,15,50
2757,0,18,0,15,33
2758,0,32,0,17,49
2759,0,17,0,17,34
2760,0,35,0,15,50
2761,0,18,0,15,33
2763,0,19,0,15,34
2767,0,17,0,17,34
2768,0,34,0,16,50
2770,0,33,0,16,49
2771,0,17,0,16,33
2772,0,32,0,17,49
2774,0,35,0,15,50
2775,0,18,0,15,33
2776,0,33,0,15,48
2780,0,31,0,18,49
2782,0,36,0,15,51
2783,0,18,0,15,33
2784,0,34,0,14,48
2785,0,19,0,14,33
2786,0,30,0,18,48
2787,0,16,0,18,34
2788,0,35,0,17,52
2789,0,17,0,17,34
2790,0,34,0,16,50
2791,0,17,0,16,33
2792,0,32,0,18,50
2793,0,16,0,18,34
2794,0,32,0,17,49
2798,0,34,0,17,51
2799,0,17,0,17,34
2800,0,33,0,18,51
2802,0,37,0,18,55
2803,0,19,0,18,37
2804,0,18,0,29,47
2805,0,45,0,18,63
2806,0,33,0,18,51
2807,0,16,0,18,34
2808,0,33,0,18,51
2810,0,34,0,17,51
2811,0,16,0,17,33
2812,0,33,0,16,49
2813,0,16,0,16,32
2814,0,35,0,16,51
2815,0,19,0,16,35
2816,0,33,0,15,48
2817,0,17,0,15,32
2819,0,18,0,16,34
2821,0,17,0,17,34
2822,0,34,0,15,49
2823,0,17,0,15,32
2827,0,16,0,18,34
2828,0,35,0,17,52
2829,0,17,0,17,34
2830,0,31,0,19,50
2831,0,14,0,19,33
2832,0,35,0,15,50
2833,0,16,0,15,31
2834,0,34,0,16,50
2835,0,19,0,16,35
2836,0,32,0,16,48
2837,0,16,0,16,32
2838,0,33,0,20,53
2839,0,17,0,20,37
2841,0,14,16,18,48
2842,0,34,0,17,51
2844,0,33,0,17,50
2845,0,16,0,17,33
2849,0,16,0,17,33
2850,0,31,0,19,50
2851,0,14,0,19,33
2852,0,36,0,18,54
2855,0,14,0,16,30
2856,0,35,0,15,50
2857,0,19,0,15,34
2858,0,33,0,15,48
2859,0,18,0,15,33
2860,0,33,0,15,48
2861,0,18,0,15,33
2863,0,17,0,16,33
2865,0,18,0,16,34
2866,0,32,0,17,49
2867,0,16,0,17,33
2869,0,17,0,19,36
2870,0,34,0,17,51
2871,0,15,0,17,32
2872,0,35,0,14,49
2873,0,18,0,14,32
2874,0,33,0,16,49
2875,0,19,0,16,35
2876,0,32,0,19,51
2879,0,16,0,15,31
2880,0,31,0,16,47
2881,0,16,0,16,32
2882,0,33,0,19,52
2883,0,17,0,19,36
2885,0,16,0,16,32
2886,0,32,0,19,51
2887,0,16,0,19,35
2888,0,35,0,17,52
2889,0,16,0,17,33
2890,0,32,0,16,48
2891,0,15,0,16,31
2892,0,35,0,16,51
2893,0,19,0,16,35
2895,0,15,0,19,34
2896,0,36,0,15,51
2897,0,17,0,15,32
2899,0,15,0,19,34
2901,0,16,0,18,34
2903,0,15,0,18,33
2904,18,15,0,17,50
2905,0,15,0,17,32
2906,0,33,0,17,50
2907,0,16,0,17,33
2908,0,34,0,18,52
2909,0,17,0,18,35
2910,0,35,0,15,50
2911,0,17,0,15,32
2912,0,32,0,16,48
2913,0,17,0,16,33
2914,0,33,0,17,50
2916,0,33,0,18,51
2917,0,16,0,18,34
2918,0,34,0,16,50
2922,0,36,0,15,51
2924,0,32,0,18,50
2926,0,34,0,16,50
2927,0,16,0,16,32
2928,0,32,0,18,50
2930,0,35,0,18,53
2932,0,31,0,19,50
2934,0,33,0,20,53
2936,0,34,0,19,53
2937,0,14,0,19,33
2939,0,16,0,15,31
2942,0,32,0,15,47
2943,0,20,0,15,35
2945,0,14,0,16,30
2946,0,34,0,18,52
2947,0,18,0,18,36
2949,0,15,0,17,32
2951,0,19,0,15,34
2952,0,32,0,17,49
2954,0,32,0,18,50
2955,0,15,0,18,33
2957,0,16,0,19,35
2959,0,14,0,16,30
2960,0,35,0,18,53
2962,0,31,0,17,48
2963,0,13,0,17,30
2964,0,33,0,18,51
2967,0,17,0,18,35
2968,0,34,0,15,49
2972,0,32,0,18,50
2973,0,14,0,18,32
2975,0,17,0,15,32
2976,0,32,0,16,48
2977,0,17,0,16,33
2978,0,34,0,18,52
2979,0,18,0,18,36
2980,0,34,0,15,49
2981,0,16,0,15,31
2984,0,35,0,16,51
2987,0,18,0,16,34
2988,0,31,0,17,48
2989,0,15,0,17,32
2990,0,34,0,17,51
2993,0,16,0,16,32
2995,0,16,0,19,35
2996,0,36,0,15,51
2999,0,18,0,15,33
3000,0,34,0,15,49
3002,0,33,0,18,51
3003,0,18,0,18,36
3004,0,31,0,18,49
3005,0,13,0,18,31
3006,0,36,0,15,51
3008,0,31,0,18,49
3010,0,34,0,17,51
3011,0,16,0,17,33
3012,0,34,0,15,49
3014,0,34,0,15,49
3015,0,19,0,15,34
3016,0,31,0,18,49
3017,0,16,0,18,34
3018,0,34,0,17,51
3019,0,16,0,17,33
3021,0,16,0,17,33
3022,0,35,0,16,51
3023,0,18,0,16,34
3024,0,31,0,18,49
3027,0,18,0,14,32
3031,0,18,0,18,36
3032,0,36,0,30,66
3033,0,18,0,30,48
3034,0,30,0,17,47
3037,0,17,0,15,32
3039,0,19,0,15,34
3040,0,33,0,16,49
3042,0,34,0,16,50
3043,0,18,0,16,34
3044,0,31,0,18,49
3047,0,17,0,16,33
3051,0,15,0,19,34
3053,0,15,0,19,34
3054,0,34,0,18,52
3055,0,15,0,18,33
3056,0,35,0,17,52
3057,0,17,0,17,34
3060,0,34,0,16,50
3062,0,33,0,18,51
3063,0,17,0,18,35
3064,0,35,0,16,51
3065,0,17,0,16,33
3066,0,33,0,15,48
3067,0,17,0,15,32
3070,0,33,0,17,50
3071,0,16,0,17,33
3073,0,19,0,15,34
3074,0,33,0,16,49
3075,0,18,0,16,34
3077,0,15,0,20,35
3078,0,34,0,19,53
3080,0,35,0,14,49
3082,0,31,0,19,50
3083,0,17,0,19,36
3084,0,34,0,17,51
3085,0,15,0,17,32
3086,0,34,0,17,51
3089,0,17,0,17,34
3090,0,34,0,14,48
3091,0,17,0,14,31
3092,0,32,0,17,49
3093,0,18,0,17,35
3096,0,32,0,16,48
3097,0,18,0,16,34
3098,0,34,0,16,50
3099,0,18,0,16,34
3100,0,31,0,17,48
3103,0,17,0,17,34
3106,0,36,0,16,52
3108,0,32,0,18,50
3109,0,16,0,18,34
3110,0,32,0,19,51
3113,0,16,0,17,33
3116,0,34,0,16,50
3120,0,33,0,18,51
3121,0,16,0,18,34
3123,0,16,0,18,34
3124,0,32,0,18,50
3125,0,14,0,18,32
3126,0,35,0,16,51
3127,0,17,0,16,33
3129,0,17,0,18,35
3130,0,32,0,18,50
3131,0,14,0,18,32
3132,0,35,0,17,52
3134,0,32,0,16,48
3135,0,15,0,16,31
3136,0,34,0,16,50
3137,0,18,0,16,34
3138,0,34,0,16,50
3140,0,36,0,32,68
3141,0,20,0,32,52
3142,0,32,0,16,48
3143,0,20,0,16,36
3144,0,32,0,16,48
3145,0,16,0,16,32
3146,0,32,0,17,49
3147,0,16,0,17,33
3148,0,34,18,15,67
3149,0,17,18,15,50
3150,0,33,0,18,51
3151,0,15,0,18,33
3155,0,14,0,19,33
3156,0,34,0,18,52
3159,0,15,0,19,34
3160,0,35,0,17,52
3162,0,35,0,15,50
3164,0,30,0,18,48
3165,0,15,0,18,33
3166,0,34,0,17,51
3167,0,16,0,17,33
3168,0,33,0,18,51
3169,0,16,0,18,34
3170,0,34,0,18,52
3171,0,16,0,18,34
3172,0,33,0,18,51
3175,0,17,0,17,34
3177,0,14,0,17,31
3178,0,36,0,16,52
3179,0,19,0,16,35
3180,0,30,0,20,50
3181,0,14,0,20,34
3186,0,32,0,17,49
3187,0,15,0,17,32
3191,0,20,0,14,34
3193,0,18,0,18,36
3195,0,15,0,17,32
3197,0,18,0,17,35
3200,0,35,0,17,52
3202,0,31,0,17,48
3204,0,36,0,16,52
3205,0,19,0,16,35
3206,0,33,0,16,49
3207,0,17,0,16,33
3208,0,31,0,19,50
3211,0,16,0,17,33
3212,0,34,0,14,48
3213,0,17,0,14,31
3215,0,20,0,15,35
3217,0,18,0,15,33
3219,0,16,0,18,34
3220,0,35,0,16,51
3221,0,17,0,16,33
3222,0,30,0,19,49
3223,0,14,0,19,33
3224,0,35,0,19,54
3225,0,16,0,19,35
3226,0,36,0,14,50
3227,0,17,0,14,31
3228,0,33,0,15,48
3229,0,19,0,15,34
3230,0,31,0,18,49
3232,0,34,0,16,50
3234,0,33,17,17,67
3235,0,17,17,17,51
3236,0,34,0,17,51
3237,0,17,0,17,34
3238,0,34,0,16,50
3239,0,17,0,16,33
3240,0,34,0,16,50
3241,0,18,0,16,34
3244,0,35,0,15,50
3247,0,19,0,15,34
3248,0,33,0,17,50
3252,0,32,0,19,51
3253,0,16,0,19,35
3254,0,35,0,16,51
3256,0,33,0,18,51
3257,0,17,0,18,35
3258,0,35,0,14,49
3259,0,17,0,14,31
3260,0,30,0,18,48
3261,0,16,0,18,34
3263,0,18,0,14,32
3265,0,19,0,15,34
3267,0,17,0,16,33
3268,0,33,0,16,49
3269,0,17,0,16,33
3270,0,33,0,16,49
3272,0,34,0,17,51
3273,0,18,0,17,35
3277,0,17,0,15,32
3278,0,34,0,15,49
3279,0,19,0,15,34
3280,0,34,0,16,50
3281,0,19,0,16,35
3282,0,31,0,16,47
3283,0,15,0,16,31
3285,0,19,0,15,34
3286,0,32,0,19,51
3287,0,17,0,19,36
3288,0,32,0,19,51
3289,0,13,0,19,32
3296,0,34,0,15,49
3297,0,18,0,15,33
3298,0,31,0,18,49
3299,0,16,0,18,34
3300,0,36,0,16,52
3301,0,18,0,16,34
3302,0,32,0,17,49
3303,0,16,0,17,33
3304,0,32,0,18,50
3305,0,15,0,18,33
3306,0,34,0,15,49
3307,0,16,0,15,31
3308,0,33,0,18,51
3309,0,18,0,18,36
3310,0,33,0,19,52
3312,0,34,0,17,51
3313,0,15,0,17,32
3314,0,35,0,16,51
3315,0,18,0,16,34
3316,0,31,0,19,50
3317,0,15,0,19,34
3318,0,35,0,16,51
3319,0,16,0,16,32
3321,0,19,0,15,34
3322,0,33,0,15,48
3323,0,18,0,15,33
3324,0,33,0,14,47
3325,0,18,0,14,32
3326,0,31,0,19,50
3327,0,17,0,19,36
3328,0,35,0,17,52
3329,0,16,0,17,33
3330,0,32,0,17,49
3331,0,15,0,17,32
3332,0,35,0,16,51
3334,0,32,0,19,51
3337,0,15,0,18,33
3339,0,15,0,18,33
3341,0,14,0,18,32
3343,0,18,16,16,50
3344,0,32,0,18,50
3345,0,16,0,18,34
3346,0,32,0,18,50
3347,0,14,0,18,32
3351,0,18,0,14,32
3354,0,33,17,14,64
3356,0,31,0,17,48
3357,0,14,0,17,31
3358,0,35,0,16,51
3359,0,18,0,16,34
3360,0,33,0,16,49
3361,0,17,0,16,33
3362,0,33,0,17,50
3364,0,34,0,16,50
3366,0,33,0,16,49
3367,0,17,0,16,33
3369,0,17,0,17,34
3370,0,34,0,17,51
3372,0,33,0,15,48
3373,0,16,0,15,31
3375,0,17,0,18,35
3376,0,36,0,16,52
3378,0,33,0,15,48
3379,0,17,0,15,32
3380,0,33,0,17,50
3382,0,34,0,15,49
3384,0,33,0,15,48
3389,0,18,0,17,35
3390,0,35,0,16,51
3391,0,18,0,16,34
3392,0,30,0,19,49
3393,0,14,0,19,33
3395,0,16,0,17,33
3396,0,32,0,20,52
3397,0,15,0,20,35
3398,0,34,0,16,50
3399,0,14,0,16,30
3401,0,17,0,16,33
3403,0,17,0,19,36
3404,0,33,0,17,50
3406,0,34,0,16,50
3407,0,17,0,16,33
3410,0,34,0,18,52
3411,0,16,0,18,34
3412,0,34,0,17,51
3414,0,34,0,17,51
3415,0,17,0,17,34
3416,0,33,0,16,49
3418,0,34,0,15,49
3420,0,32,0,18,50
3421,0,17,0,18,35
3423,0,17,0,15,32
3424,0,32,0,15,47
3425,0,17,0,15,32
3426,0,31,0,18,49
3427,0,16,0,18,34
3428,0,36,0,15,51
3432,0,32,0,17,49
3433,0,17,0,17,34
3434,0,33,0,17,50
3435,0,16,0,17,33
3437,0,19,0,15,34
3439,0,18,0,16,34
3440,0,33,0,15,48
3441,0,17,0,15,32
3442,0,34,0,15,49
3445,0,15,0,18,33
3447,0,18,0,16,34
3448,0,35,0,15,50
3450,0,31,0,15,46
3451,0,16,0,15,31
3453,0,18,0,15,33
3454,0,34,0,15,49
3456,0,33,0,18,51
3457,0,18,0,18,36
3458,0,33,0,16,49
3459,0,15,0,16,31
3461,0,18,0,16,34
3462,0,34,0,16,50
3463,0,18,0,16,34
3464,0,33,0,17,50
3465,0,17,0,17,34
3466,0,31,0,18,49
3467,0,14,0,18,32
3468,0,35,0,19,54
3469,0,17,0,19,36
3470,0,32,0,18,50
3471,0,13,0,18,31
3472,0,35,0,15,50
3473,0,17,0,15,32
3474,0,32,0,17,49
3475,0,17,0,17,34
3476,0,36,0,16,52
3478,0,35,0,29,64
3480,0,29,0,19,48
3481,0,15,0,19,34
3482,0,34,0,17,51
3483,0,15,0,17,32
3486,0,33,0,18,51
3487,0,17,0,18,35
3488,0,35,0,17,52
3492,0,32,0,17,49
3493,0,15,0,17,32
3494,0,35,0,15,50
3495,0,18,0,15,33
3496,0,32,0,18,50
3497,0,17,0,18,35
3499,0,17,0,16,33
3500,0,33,0,15,48
3501,0,17,0,15,32
3502,0,33,0,17,50
3504,0,34,0,15,49
3505,0,17,0,15,32
3507,0,17,0,17,34
3508,0,34,0,15,49
3509,0,17,0,15,32
3510,0,32,0,18,50
3511,0,17,0,18,35
3512,0,35,0,17,52
3513,0,17,0,17,34
3517,0,13,0,17,30
3518,0,35,18,16,69
3522,0,33,0,17,50
3523,0,16,0,17,33
3525,0,17,0,15,32
3526,0,33,0,17,50
3527,0,18,0,17,35
3530,0,34,0,17,51
3531,0,17,0,17,34
3533,0,16,0,17,33
3537,0,19,0,16,35
3538,0,31,0,19,50
3539,0,15,0,19,34
3540,0,34,0,17,51
3541,0,15,0,17,32
3542,0,32,0,19,51
3543,0,15,0,19,34
3546,0,30,0,19,49
3547,0,14,0,19,33
3548,0,35,0,18,53
3549,0,16,0,18,34
3551,0,15,0,16,31
3553,0,17,0,20,37
3554,0,35,0,16,51
3555,0,15,0,16,31
3556,0,32,0,16,48
3559,0,19,0,15,34
3561,0,19,0,14,33
3562,0,32,0,16,48
3563,0,18,0,16,34
3564,0,33,0,18,51
3565,0,17,0,18,35
3566,0,34,0,15,49
3569,0,18,0,16,34
3571,0,17,0,16,33
3572,0,34,0,16,50
3573,0,18,0,16,34
3574,0,31,0,18,49
3575,0,15,0,18,33
3576,0,36,0,16,52
3577,0,18,0,16,34
3578,0,34,0,14,48
3582,0,33,0,17,50
3583,0,17,0,17,34
3584,0,32,0,19,51
3587,0,14,0,18,32
3588,0,36,0,17,53
3590,0,32,0,16,48
3591,0,15,0,16,31
3592,0,34,0,15,49
3593,0,18,0,15,33
3595,0,18,0,17,35
3596,0,33,0,17,50
3597,0,16,0,17,33
3598,0,34,0,15,49
3599,0,17,0,15,32
3602,0,34,0,18,52
3603,0,16,0,18,34
3604,0,32,0,18,50
3605,0,14,0,18,32
3606,0,35,0,17,52
3608,0,33,0,18,51
3609,0,16,0,18,34
3610,0,34,0,16,50
3611,0,16,0,16,32
3612,0,32,0,20,52
3614,0,34,0,17,51
3615,0,14,0,17,31
3616,0,35,0,16,51
3617,0,18,0,16,34
3618,0,33,0,17,50
3622,0,34,0,17,51
3623,0,17,0,17,34
3624,0,34,0,16,50
3626,0,32,0,19,51
3627,0,16,0,19,35
3629,0,14,0,17,31
3630,0,33,0,18,51
3631,0,16,0,18,34
3633,0,17,0,15,32
3635,0,20,0,15,35
3636,0,31,0,18,49
3637,0,16,0,18,34
3638,0,33,0,15,48
3639,0,15,0,15,30
3641,0,18,0,16,34
3642,0,33,0,18,51
3643,0,17,0,18,35
3644,0,35,0,14,49
3645,0,17,0,14,31
3646,0,34,0,15,49
3647,0,20,0,15,35
3648,0,31,0,18,49
3650,0,33,0,19,52
3651,0,15,0,19,34
3652,0,34,0,18,52
3653,0,15,0,18,33
3654,0,34,0,17,51
3658,19,15,0,16,50
3661,0,21,0,30,51
3664,0,31,0,19,50
3669,0,16,0,16,32
3672,0,33,0,15,48
3673,0,17,0,15,32
3674,0,33,0,15,48
3675,0,18,0,15,33
3676,0,33,0,18,51
3678,0,34,0,14,48
3682,0,34,0,14,48
3684,0,31,0,17,48
3685,0,17,0,17,34
3686,0,36,0,14,50
3688,0,31,0,17,48
3689,0,17,0,17,34
3691,0,18,0,16,34
3692,0,33,0,17,50
3693,0,17,0,17,34
3694,0,32,0,16,48
3697,0,18,0,15,33
3698,0,33,0,18,51
3699,0,18,0,18,36
3700,0,34,0,17,51
3702,0,32,0,18,50
3703,0,15,0,18,33
3705,0,16,17,14,47
3708,0,36,0,17,53
3709,0,18,0,17,35
3710,0,34,0,15,49
3711,0,17,0,15,32
3712,0,32,0,16,48
3713,0,17,0,16,33
3714,0,33,0,17,50
3715,0,17,0,17,34
3716,0,36,0,14,50
3717,0,19,0,14,33
3718,0,31,0,19,50
3719,0,17,0,19,36
3720,0,34,0,17,51
3722,0,33,19,17,69
3723,0,16,19,17,52
3724,0,36,0,13,49
3725,0,17,0,13,30
3726,0,32,15,18,65
3727,0,19,15,18,52
3728,0,33,0,16,49
3729,0,18,0,16,34
3731,0,16,0,16,32
3735,0,16,0,19,35
3736,0,36,0,15,51
3737,0,17,0,15,32
3739,0,18,0,16,34
3740,0,32,0,15,47
3741,0,16,0,15,31
3742,0,34,0,15,49
3744,0,34,0,15,49
3745,0,19,0,15,34
3746,0,33,0,15,48
3750,0,35,0,16,51
3751,0,17,0,16,33
3752,0,31,0,17,48
3753,0,15,0,17,32
3754,0,34,0,17,51
3755,0,17,0,17,34
3756,0,34,0,17,51
3757,0,17,0,17,34
3758,0,34,0,16,50
3760,0,33,0,16,49
3761,0,17,0,16,33
3762,0,32,0,18,50
3763,0,16,0,18,34
3766,0,34,0,16,50
3768,0,32,0,16,48
3769,0,16,0,16,32
3770,0,33,0,18,51
3771,0,17,0,18,35
3772,0,34,0,15,49
3774,0,33,0,18,51
3775,0,18,0,18,36
3777,0,16,0,18,34
3780,0,33,0,16,49
3781,0,18,0,16,34
3782,0,32,0,17,49
3783,0,16,0,17,33
3784,0,36,0,15,51
3785,0,19,0,15,34
3786,0,33,0,16,49
3788,0,31,0,17,48
3789,0,15,0,17,32
3791,0,17,0,18,35
3792,0,32,0,18,50
3793,0,14,0,18,32
3794,0,35,0,16,51
3795,0,17,0,16,33
3796,0,34,0,15,49
3797,0,18,0,15,33
3798,0,34,0,16,50
3800,0,32,0,18,50
3801,0,16,0,18,34
3802,0,34,0,16,50
3803,0,16,0,16,32
3804,0,33,0,17,50
3806,0,32,0,19,51
3807,0,15,0,19,34
3808,0,34,0,17,51
3809,0,15,0,17,32
3810,0,34,0,18,52
3811,0,17,0,18,35
3812,0,34,0,17,51
3814,0,33,0,16,49
3816,0,32,0,17,49
3817,0,16,0,17,33
3818,0,34,0,17,51
3819,0,17,0,17,34
3822,0,34,0,15,49
3827,0,18,0,16,34
3829,0,17,0,17,34
3830,0,32,0,17,49
3831,0,15,0,17,32
3832,0,34,0,16,50
3833,0,17,0,16,33
3834,0,35,0,16,51
3835,0,19,0,16,35
3836,0,31,0,18,49
3837,0,15,0,18,33
3838,0,34,0,18,52
3839,0,16,0,18,34
3841,0,17,17,15,49
3842,0,32,0,17,49
3843,0,15,0,17,32
3844,0,34,0,15,49
3845,0,17,0,15,32
3846,0,32,0,18,50
3847,0,17,0,18,35
3850,0,34,0,16,50
3851,0,16,0,16,32
3852,0,34,0,17,51
3853,0,18,0,17,35
3854,0,33,0,16,49
3855,0,16,0,16,32
3857,0,16,0,17,33
3860,0,36,0,14,50
3861,0,17,0,14,31
3864,0,35,0,16,51
3865,0,16,0,16,32
3866,0,34,0,16,50
3867,0,18,0,16,34
3868,0,33,0,17,50
3870,0,33,0,17,50
3871,0,16,0,17,33
3873,0,18,0,16,34
3874,0,31,0,16,47
3876,0,34,0,16,50
3878,0,34,0,18,52
3879,0,18,0,18,36
3880,0,32,0,17,49
3881,0,14,0,17,31
3882,0,35,0,15,50
3883,0,18,0,15,33
3885,0,16,0,19,35
3886,0,35,0,15,50
3888,0,34,0,17,51
3890,0,31,0,18,49
3892,0,34,0,17,51
3893,0,16,0,17,33
3894,0,35,0,16,51
3896,0,31,0,17,48
3897,0,15,0,17,32
3899,0,17,0,17,34
3900,0,35,0,16,51
3901,0,18,0,16,34
3903,0,16,0,16,32
3905,0,20,0,14,34
3907,0,17,17,17,51
3909,0,17,0,15,32
3910,0,31,0,18,49
3911,0,16,0,18,34
3912,0,35,0,18,53
3914,0,33,0,20,53
3915,0,15,0,20,35
3917,0,14,0,17,31
3918,0,33,0,17,50
3919,0,16,0,17,33
3920,0,32,0,19,51
3922,0,34,0,16,50
3923,0,15,0,16,31
3925,0,17,0,18,35
3926,0,36,0,15,51
3927,0,18,0,15,33
3928,0,30,0,19,49
3929,0,15,0,19,34
3930,0,37,0,16,53
3931,0,18,0,16,34
3932,0,33,0,16,49
3933,0,17,0,16,33
3935,0,16,0,16,32
3937,0,16,0,17,33
3939,0,18,0,15,33
3942,0,34,0,14,48
3943,0,18,0,14,32
3944,0,32,0,16,48
3945,0,18,0,16,34
3946,0,34,0,17,51
3947,0,18,0,17,35
3950,0,32,0,16,48
3951,0,17,0,16,33
3952,0,35,0,15,50
3953,0,19,0,15,34
3955,0,16,0,18,34
3956,0,35,0,17,52
3957,0,17,0,17,34
3958,0,33,0,16,49
3959,0,16,0,16,32
3960,0,32,0,17,49
3961,0,16,0,17,33
3962,0,35,0,16,51
3964,0,34,0,14,48
3966,0,31,0,18,49
3967,0,17,0,18,35
3970,0,33,0,15,48
3973,0,18,0,16,34
3974,0,34,0,14,48
3975,18,33,0,15,66
3976,0,33,0,15,48
3978,0,32,0,16,48
3980,0,34,0,17,51
3981,0,18,0,17,35
3983,0,18,0,16,34
3984,0,33,0,17,50
3986,0,33,0,15,48
3987,0,16,0,15,31
3988,0,34,0,16,50
3990,0,31,0,17,48
3991,0,15,0,17,32
3992,0,35,0,16,51
3993,0,18,0,16,34
3994,0,32,0,17,49
3995,0,16,0,17,33
3996,0,34,0,16,50
3997,0,17,0,16,33
3999,0,21,0,29,50
4000,0,29,0,17,46
4002,0,35,0,15,50
4005,0,18,0,15,33
4006,0,34,0,15,49
4007,0,19,0,15,34
4008,0,33,0,15,48
4010,0,33,0,16,49
4011,0,18,0,16,34
4012,0,33,0,17,50
4014,0,32,0,17,49
4016,0,33,0,18,51
4019,0,17,0,15,32
4020,0,32,0,19,51
4021,0,17,0,19,36
4022,0,35,0,15,50
4023,0,16,0,15,31
4024,0,31,0,18,49
4026,0,34,0,18,52
4027,0,16,0,18,34
4028,0,34,0,18,52
4029,0,16,0,18,34
4030,0,33,0,16,49
4031,0,15,0,16,31
4032,0,33,0,19,52
4033,0,17,0,19,36
4034,0,36,0,14,50
4035,0,17,0,14,31
4036,0,32,0,20,52
4037,0,18,0,20,38
4042,0,33,0,17,50
4043,0,18,0,17,35
4045,0,16,0,15,31
4046,0,34,0,17,51
4047,0,19,0,17,36
4048,0,32,0,18,50
4049,0,15,0,18,33
4051,0,16,0,16,32
4052,0,32,0,18,50
4053,0,16,0,18,34
4055,0,15,0,17,32
4057,0,17,0,18,35
4058,0,34,0,18,52
4060,0,34,0,17,51
4061,0,16,0,17,33
4062,0,32,0,18,50
4063,0,15,0,18,33
4064,0,34,0,16,50
4065,0,16,0,16,32
4066,0,33,0,17,50
4067,0,17,0,17,34
4068,0,34,0,18,52
4069,0,17,0,18,35
4070,0,32,0,18,50
4071,0,14,0,18,32
4072,0,38,0,30,68
4073,0,20,0,30,50
4074,0,30,0,17,47
4075,16,34,0,15,65
4076,0,34,0,15,49
4077,0,17,0,15,32
4081,0,16,0,18,34
4082,0,35,0,17,52
4083,0,17,0,17,34
4084,0,33,0,17,50
4085,0,16,0,17,33
4087,0,14,0,19,33
4089,0,16,0,16,32
4090,0,33,0,16,49
4093,0,17,0,17,34
4094,0,35,0,17,52
4095,0,18,0,17,35
4096,0,32,0,17,49
4098,0,35,0,16,51
4100,0,31,0,19,50
4101,0,15,0,19,34
4103,0,16,0,17,33
4104,0,34,0,15,49
4105,0,17,0,15,32
4106,0,33,0,15,48
4107,0,18,0,15,33
4108,0,33,0,16,49
4109,0,18,0,16,34
4110,0,32,0,17,49
4111,0,16,0,17,33
4112,0,35,0,17,52
4114,0,32,0,21,53
4115,0,15,0,21,36
4116,0,21,0,30,51
4117,0,46,0,16,62
4119,0,16,0,16,32
4120,0,33,0,17,50
4121,0,17,0,17,34
4122,0,34,0,16,50
4123,0,17,0,16,33
4124,0,32,0,18,50
4127,0,15,0,17,32
4128,0,34,0,18,52
4129,0,17,0,18,35
4130,0,34,0,16,50
4131,0,16,0,16,32
4133,0,19,0,16,35
4135,0,16,0,17,33
4137,0,16,0,17,33
4138,0,34,0,17,51
4139,0,17,0,17,34
4140,0,32,0,17,49
4142,0,33,0,18,51
4144,0,35,0,15,50
4146,0,32,0,17,49
4147,0,17,0,17,34
4148,0,35,0,16,51
4149,0,18,0,16,34
4150,0,32,0,17,49
4152,0,34,0,17,51
4153,0,17,0,17,34
4154,0,33,0,17,50
4155,0,16,0,17,33
4158,0,35,0,17,52
4161,0,15,0,18,33
4162,0,36,0,14,50
4164,0,33,0,15,48
4165,0,19,0,15,34
4166,0,31,0,18,49
4168,0,34,0,19,53
4169,0,16,0,19,35
4170,0,33,0,18,51
4173,0,16,0,18,34
4175,0,16,0,15,31
4177,0,17,0,18,35
4178,0,35,0,16,51
4179,0,17,0,16,33
4180,0,33,0,16,49
4181,0,17,0,16,33
4182,0,33,0,16,49
4183,0,17,0,16,33
4186,0,33,0,18,51
4187,0,15,0,18,33
4188,0,33,0,19,52
4189,0,15,0,19,34
4190,0,35,0,15,50
4191,0,16,0,15,31
4193,0,17,0,17,34
4195,0,18,0,16,34
4196,0,32,0,16,48
4197,0,16,0,16,32
4198,0,34,0,17,51
4199,0,18,0,17,35
4201,0,19,0,13,32
4202,0,30,0,16,46
4203,0,17,0,16,33
4204,0,33,0,15,48
4206,0,33,0,16,49
4207,0,18,0,16,34
4208,0,35,0,15,50
4209,0,19,0,15,34
4212,0,33,0,17,50
4213,0,18,0,17,35
4214,0,33,0,18,51
4216,0,33,0,18,51
4217,0,15,0,18,33
4218,0,33,0,17,50
4220,0,35,0,15,50
4223,0,18,0,17,35
4225,0,17,0,17,34
4226,0,31,0,17,48
4227,0,14,0,17,31
4228,0,34,0,17,51
4229,0,17,0,17,34
4231,0,18,0,15,33
4232,0,32,0,17,49
4233,0,17,0,17,34
4234,0,32,0,19,51
4235,0,15,0,19,34
4236,0,35,0,15,50
4237,0,16,0,15,31
4238,0,32,16,18,66
4239,0,17,16,18,51
4242,0,34,0,15,49
4244,0,34,0,16,50
4245,0,19,0,16,35
4247,0,17,0,17,34
4248,0,34,0,14,48
4249,0,17,0,14,31
4250,0,32,0,16,48
4251,0,18,0,16,34
4253,0,17,15,17,49
4255,0,17,0,17,34
4257,0,17,17,16,50
4259,0,16,0,18,34
4260,0,34,0,16,50
4263,0,19,0,16,35
4264,0,34,0,15,49
4265,0,18,0,15,33
4266,0,32,0,16,48
4268,0,32,0,18,50
4269,0,16,0,18,34
4270,0,35,17,18,70
4271,0,17,17,18,52
4273,0,18,0,14,32
4276,0,34,0,18,52
4277,0,17,0,18,35
4279,0,15,0,18,33
4282,0,36,0,14,50
4283,0,18,0,14,32
4285,0,18,15,19,52
4286,0,34,0,17,51
4287,0,19,0,17,36
4288,0,31,0,17,48
4290,0,35,0,17,52
4291,0,18,0,17,35
4292,0,33,0,17,50
4293,0,16,0,17,33
4296,15,18,0,15,48
4297,0,18,0,15,33
4298,0,32,0,16,48
4300,0,32,0,18,50
4301,0,16,0,18,34
4302,0,35,0,17,52
4305,0,17,0,16,33
4309,0,15,0,18,33
4310,0,33,0,16,49
4312,0,33,0,19,52
4314,0,35,0,16,51
4315,0,16,0,16,32
4317,0,18,0,15,33
4319,0,17,0,18,35
4320,0,33,0,18,51
4321,0,15,0,18,33
4322,0,33,0,18,51
4324,0,35,0,18,53
4326,0,33,0,15,48
4328,0,33,0,17,50
4330,0,33,0,17,50
4331,0,16,0,17,33
4332,0,33,0,16,49
4334,0,33,0,18,51
4336,0,35,15,18,68
4337,0,17,15,18,50
4338,0,33,0,17,50
4340,0,34,0,15,49
4341,0,17,0,15,32
4343,0,18,0,15,33
4344,0,34,0,16,50
4346,0,31,0,17,48
4349,0,17,0,17,34
4350,0,34,0,18,52
4351,0,17,0,18,35
4352,0,33,0,17,50
4353,0,15,0,17,32
4354,0,34,0,15,49
4355,0,17,0,15,32
4356,0,31,0,18,49
4359,0,17,0,17,34
4360,0,35,0,16,51
4361,0,18,0,16,34
4363,0,15,0,17,32
4364,0,33,0,18,51
4365,0,16,0,18,34
4367,0,17,0,15,32
4368,0,34,0,15,49
4369,0,19,0,15,34
4371,0,19,0,14,33
4376,0,35,0,15,50
4377,0,16,0,15,31
4378,0,32,0,16,48
4379,0,17,0,16,33
4381,0,17,0,18,35
4385,0,16,0,17,33
4386,0,34,0,17,51
4387,0,17,0,17,34
4388,0,33,0,17,50
4389,0,16,0,17,33
4390,0,35,0,15,50
4392,0,32,0,20,52
4393,0,17,0,20,37
4394,0,33,0,18,51
4395,0,13,0,18,31
4396,0,35,0,16,51
4397,0,17,0,16,33
4398,0,33,0,17,50
4399,0,17,0,17,34
4402,0,33,0,17,50
4404,0,35,0,17,52
4406,0,33,0,18,51
4408,0,34,0,17,51
4409,0,16,0,17,33
4410,0,31,0,17,48
4411,0,14,0,17,31
4412,0,37,0,15,52
4414,0,32,0,16,48
4419,0,17,0,16,33
4421,0,16,0,18,34
4422,0,34,0,17,51
4423,0,16,0,17,33
4424,0,33,0,17,50
4425,0,16,0,17,33
4427,0,17,0,17,34
4428,0,33,0,17,50
4429,0,16,0,17,33
4431,0,16,0,18,34
4432,0,34,0,16,50
4433,0,16,0,16,32
4434,0,34,0,16,50
4436,0,33,0,15,48
4437,0,17,0,15,32
4438,0,32,0,16,48
4440,0,34,0,16,50
4441,0,18,0,16,34
4442,0,33,0,17,50
4444,0,37,0,31,68
4445,0,20,0,31,51
4446,0,31,0,15,46
4447,0,17,0,15,32
4449,0,17,0,15,32
4450,0,33,0,18,51
4451,0,18,0,18,36
4452,0,34,0,15,49
4454,0,33,0,16,49
4455,0,18,0,16,34
4456,0,33,0,17,50
4457,0,17,0,17,34
4459,0,17,0,17,34
4460,0,34,0,15,49
4461,0,17,0,15,32
4462,0,32,0,19,51
4464,0,35,0,15,50
4466,0,32,0,18,50
4468,0,33,0,18,51
4470,0,35,0,17,52
4471,0,17,0,17,34
4472,0,32,0,17,49
4473,0,15,0,17,32
4474,0,35,0,16,51
4476,0,33,0,17,50
4477,0,17,0,17,34
4478,0,33,0,15,48
4480,0,34,0,15,49
4482,0,32,0,16,48
4483,0,17,0,16,33
4484,0,32,0,18,50
4486,0,32,0,20,52
4489,0,16,0,16,32
4490,0,33,0,16,49
4491,0,17,0,16,33
4493,0,19,0,15,34
4494,0,31,0,17,48
4495,0,16,0,17,33
4496,0,33,0,17,50
4497,0,16,0,17,33
4499,0,17,0,17,34
4500,0,33,0,17,50
4501,0,16,0,17,33
4502,0,35,0,17,52
4503,0,18,0,17,35
4504,0,32,0,16,48
4506,0,35,0,15,50
4507,0,19,0,15,34
4508,0,31,0,17,48
4510,0,35,0,16,51
4511,0,18,0,16,34
4512,0,32,0,18,50
4514,0,35,0,15,50
4515,0,17,0,15,32
4516,0,35,0,16,51
4517,0,20,0,16,36
4518,0,30,0,18,48
4519,0,14,0,18,32
4521,0,17,0,15,32
4523,0,18,0,15,33
4526,0,35,0,17,52
4528,0,32,0,16,48
4530,0,35,0,19,54
4532,0,19,0,31,50
4533,0,46,0,18,64
4534,20,15,0,18,53
4536,0,34,0,15,49
4538,0,32,0,17,49
4539,0,17,0,17,34
4540,0,36,0,14,50
4541,0,19,0,14,33
4542,0,33,0,15,48
4543,0,19,0,15,34
4544,0,31,0,20,51
4545,0,16,0,20,36
4547,0,16,0,15,31
4548,0,31,0,17,48
4549,0,16,0,17,33
4550,0,34,0,17,51
4552,0,33,0,18,51
4555,0,17,16,16,49
4556,0,32,0,16,48
4557,0,16,0,16,32
4559,0,19,0,14,33
4560,0,31,0,18,49
4561,0,17,0,18,35
4565,0,18,0,16,34
4566,0,33,0,16,49
4569,0,16,0,15,31
4572,0,35,0,16,51
4573,0,16,0,16,32
4574,0,32,0,18,50
4576,0,35,0,16,51
4577,0,17,0,16,33
4579,0,17,0,18,35
4580,0,33,0,18,51
4581,0,15,0,18,33
4582,0,32,0,18,50
4583,0,14,0,18,32
4584,0,34,0,18,52
4585,0,16,0,18,34
4586,0,35,0,15,50
4587,0,17,0,15,32
4589,0,19,0,14,33
4590,0,33,0,16,49
4591,0,19,0,16,35
4592,0,31,0,18,49
4593,0,15,0,18,33
4594,0,34,0,18,52
4597,0,17,0,17,34
4600,0,33,0,16,49
4601,0,15,0,16,31
4602,0,33,17,16,66
4603,0,17,17,16,50
4606,0,37,0,13,50
4607,0,18,0,13,31
4608,0,31,0,15,46
4609,0,18,0,15,33
4611,0,18,0,17,35
4612,0,32,0,20,52
4613,0,15,0,20,35
4615,0,17,0,16,33
4617,0,16,0,17,33
4618,0,34,0,15,49
4619,0,17,0,15,32
4621,0,16,0,19,35
4622,0,35,0,15,50
4624,0,34,15,18,67
4627,0,18,0,18,36
4628,0,33,0,14,47
4629,0,15,0,14,29
4633,0,18,0,16,34
4634,0,35,0,19,54
4636,0,19,0,31,50
4637,0,47,0,17,64
4638,0,35,0,17,52
4639,0,16,0,17,33
4640,0,32,0,16,48
4641,0,15,0,16,31
4645,0,19,0,16,35
4646,0,33,0,17,50
4647,0,17,0,17,34
4649,0,17,0,14,31
4650,0,33,0,18,51
4652,0,32,0,16,48
4653,0,14,0,16,30
4655,0,17,0,18,35
4657,0,18,0,15,33
4658,0,31,0,19,50
4660,0,34,0,18,52
4661,0,15,0,18,33
4663,0,18,0,16,34
4664,0,31,0,16,47
4665,0,15,0,16,31
4667,0,17,0,16,33
4669,0,17,0,18,35
4670,0,34,0,16,50
4676,0,34,0,15,49
4677,0,15,0,15,30
4678,0,32,0,18,50
4679,0,17,0,18,35
4682,0,35,0,16,51
4683,0,16,0,16,32
4684,0,31,0,16,47
4685,0,15,0,16,31
4686,0,34,0,16,50
4687,0,18,0,16,34
4688,0,33,0,17,50
4689,0,17,0,17,34
4691,0,16,0,18,34
4694,0,33,0,16,49
4695,0,18,0,16,34
4697,0,16,0,19,35
4700,0,34,0,16,50
4701,0,19,0,16,35
4702,0,31,0,19,50
4705,0,17,0,17,34
4707,0,14,0,17,31
4708,0,36,0,15,51
4709,0,19,0,15,34
4710,0,32,0,19,51
4711,0,17,0,19,36
4712,0,33,0,18,51
4713,0,14,0,18,32
4715,0,17,0,15,32
4716,0,33,0,16,49
4717,0,18,0,16,34
4720,0,31,0,18,49
4721,0,13,0,18,31
4722,0,36,0,16,52
4723,0,18,0,16,34
4725,0,16,0,17,33
4727,0,18,0,15,33
4728,0,33,0,16,49
4729,0,18,0,16,34
4730,0,34,0,16,50
4731,0,18,0,16,34
4732,0,33,0,16,49
4733,0,17,0,16,33
4734,0,33,0,17,50
4736,0,33,0,16,49
4738,0,34,0,17,51
4739,0,18,0,17,35
4741,0,15,0,17,32
4742,0,35,0,16,51
4745,0,16,0,18,34
4746,0,35,0,15,50
4747,0,17,0,15,32
4748,0,32,0,16,48
4749,0,17,0,16,33
4750,0,34,0,15,49
4751,0,18,0,15,33
4752,0,34,0,14,48
4753,0,19,0,14,33
4755,0,21,0,15,36
4756,0,32,0,15,47
4757,0,17,0,15,32
4758,0,31,0,18,49
4759,0,16,0,18,34
4762,0,35,0,15,50
4763,0,16,0,15,31
4765,0,19,0,16,35
4766,0,32,0,16,48
4767,0,16,0,16,32
4768,0,33,0,16,49
4769,0,17,0,16,33
4770,0,34,0,15,49
4772,0,33,0,16,49
4773,0,18,0,16,34
4774,0,34,0,15,49
4775,0,18,0,15,33
4777,0,17,0,16,33
4778,0,35,0,17,52
4779,0,19,0,17,36
4781,0,15,0,19,34
4782,0,35,0,16,51
4783,0,16,0,16,32
4785,0,18,0,16,34
4787,0,15,0,17,32
4788,0,34,0,16,50
4792,0,32,0,15,47
4793,0,16,0,15,31
4795,0,19,0,15,34
4797,0,17,0,16,33
4798,0,34,0,17,51
4799,0,18,0,17,35
4800,0,33,0,16,49
4801,0,16,0,16,32
4802,0,33,0,18,51
4803,0,17,0,18,35
4806,0,18,0,32,50
4808,0,35,0,15,50
4809,0,16,0,15,31
4810,0,33,0,18,51
4811,0,18,0,18,36
4812,0,32,0,19,51
4813,0,14,0,19,33
4814,0,34,0,17,51
4819,0,17,0,14,31
4820,0,32,0,18,50
4821,0,18,0,18,36
4822,0,34,0,16,50
4825,0,17,0,16,33
4826,0,34,0,16,50
4827,0,18,0,16,34
4828,0,31,0,19,50
4831,0,17,0,15,32
4832,0,33,0,16,49
4833,0,18,0,16,34
4834,0,33,0,17,50
4835,0,17,0,17,34
4836,0,32,0,19,51
4837,0,15,0,19,34
4839,0,14,0,19,33
4840,0,33,0,19,52
4842,0,36,0,16,52
4843,0,17,0,16,33
4844,0,33,0,16,49
4845,0,17,0,16,33
4846,0,33,0,16,49
4847,0,17,0,16,33
4849,0,16,0,17,33
4851,0,18,0,16,34
4854,0,33,0,17,50
4855,0,17,0,17,34
4856,0,34,0,16,50
4857,0,17,0,16,33
4858,0,35,0,14,49
4859,0,19,0,14,33
4860,0,31,0,17,48
4861,0,17,0,17,34
4862,0,35,0,15,50
4863,0,18,0,15,33
4864,0,34,0,15,49
4865,0,19,0,15,34
4866,0,32,0,16,48
4870,0,32,0,17,49
4871,0,15,0,17,32
4872,0,34,0,17,51
4874,0,35,0,18,53
4875,0,18,0,18,36
4876,0,34,0,17,51
4877,0,16,0,17,33
4878,0,31,0,17,48
4880,0,34,0,19,53
4881,0,17,0,19,36
4887,0,19,0,15,34
4888,0,32,0,15,47
4889,0,17,0,15,32
4891,0,20,0,17,37
4893,0,14,0,17,31
4894,0,34,0,18,52
4895,0,17,0,18,35
4898,0,33,0,18,51
4901,0,17,0,16,33
4902,0,32,18,16,66
4903,0,16,18,16,50
4904,0,34,0,17,51
4905,0,16,0,17,33
4906,0,32,0,18,50
4907,0,15,0,18,33
4908,0,35,0,16,51
4909,0,17,0,16,33
4910,0,33,17,16,66
4911,0,17,17,16,50
4914,0,34,0,16,50
4915,0,17,0,16,33
4916,0,33,0,18,51
4917,0,17,0,18,35
4918,0,32,0,18,50
4920,0,35,0,18,53
4922,0,32,0,17,49
4924,0,35,0,15,50
4925,0,18,0,15,33
4926,0,35,0,15,50
4927,0,20,0,15,35
4928,0,30,0,18,48
4929,0,15,0,18,33
4930,0,34,0,16,50
4931,0,16,0,16,32
4933,0,18,0,15,33
4934,0,33,0,18,51
4935,0,18,0,18,36
4936,0,33,0,18,51
4937,0,15,0,18,33
4938,0,35,0,15,50
4942,0,33,0,16,49
4943,0,18,0,16,34
4944,0,34,0,16,50
4945,0,18,0,16,34
4946,0,35,0,13,48
4947,0,19,0,13,32
4948,0,30,0,17,47
4950,0,33,0,18,51
4952,0,35,0,16,51
4953,0,17,0,16,33
4954,0,33,0,17,50
4956,0,32,0,16,48
4957,0,15,0,16,31
4958,0,34,0,17,51
4959,0,18,0,17,35
4960,0,34,0,14,48
4961,0,17,0,14,31
4962,0,31,0,17,48
4963,0,17,0,17,34
4964,0,36,0,15,51
4965,0,19,0,15,34
4966,0,29,24,28,81
4968,24,46,0,18,88
4969,0,46,0,18,64
4970,0,34,0,18,52
4971,0,18,0,18,36
4972,0,36,0,15,51
4974,0,32,0,14,46
4978,0,34,0,14,48
4979,0,19,0,14,33
4980,0,29,0,17,46
4981,0,15,0,17,32
4982,0,35,0,17,52
4985,0,16,0,19,35
4986,0,33,0,17,50
4987,0,14,0,17,31
4988,0,35,0,15,50
4989,0,18,0,15,33
4991,0,17,0,17,34
4992,0,34,0,17,51
4995,0,15,0,18,33
4997,0,17,0,16,33
4999,0,16,0,19,35
5000,0,33,0,18,51
5003,0,17,0,16,33
5004,0,33,0,16,49
5006,0,33,0,18,51
5007,0,17,0,18,35
5008,0,33,0,17,50
5010,0,33,0,18,51
5013,0,15,0,20,35
5014,0,34,0,16,50
5015,0,14,0,16,30
5016,0,33,0,18,51
5019,0,18,0,15,33
5020,0,32,0,15,47
5021,0,17,0,15,32
5022,0,32,0,17,49
5023,0,17,0,17,34
5024,0,38,0,29,67
5026,0,29,0,18,47
5027,0,17,0,18,35
5028,0,34,0,17,51
5029,0,16,0,17,33
5030,0,33,0,16,49
5032,0,33,0,18,51
5033,0,17,0,18,35
5034,0,34,0,16,50
5035,0,16,0,16,32
5036,0,33,0,16,49
5037,0,17,0,16,33
5040,0,34,0,17,51
5042,0,33,17,17,67
5044,0,34,0,17,51
5045,0,17,0,17,34
5046,0,32,0,17,49
5047,0,15,0,17,32
5049,0,16,18,16,50
5050,18,16,0,18,52
5052,0,34,0,16,50
5053,0,16,0,16,32
5055,0,16,0,17,33
5057,0,17,0,18,35
5058,0,35,0,15,50
5060,0,32,0,16,48
5061,0,17,0,16,33
5062,0,34,0,15,49
5064,0,32,0,18,50
5065,0,17,0,18,35
5066,0,35,15,17,67
5067,0,17,15,17,49
5068,0,32,0,17,49
5070,0,33,0,17,50
5071,0,16,0,17,33
5072,0,34,0,17,51
5075,0,18,0,14,32
5076,0,32,0,17,49
5077,0,18,0,17,35
5078,0,36,0,13,49
5079,0,19,0,13,32
5080,0,30,0,16,46
5081,0,17,0,16,33
5083,0,19,0,16,35
5084,0,33,0,15,48
5085,0,17,0,15,32
5088,0,34,0,14,48
5090,0,31,0,17,48
5091,0,17,0,17,34
5092,0,36,0,14,50
5093,0,19,0,14,33
5094,0,30,0,18,48
5095,0,16,0,18,34
5096,0,34,0,21,55
5097,0,16,0,21,37
5098,0,34,0,17,51
5100,0,34,0,16,50
5101,0,17,0,16,33
5102,0,33,0,18,51
5103,0,17,0,18,35
5105,0,14,0,18,32
5108,0,36,0,15,51
5109,0,18,0,15,33
5110,0,31,0,16,47
5111,0,16,0,16,32
5113,0,17,0,16,33
5114,0,35,0,16,51
5116,0,36,0,31,67
5117,0,20,0,31,51
5118,0,31,0,17,48
5119,0,16,0,17,33
5124,0,31,0,13,44
5125,0,19,0,13,32
5126,0,30,0,20,50
5127,0,17,0,20,37
5129,0,14,0,16,30
5130,0,35,0,17,52
5133,0,15,0,18,33
5134,0,34,0,16,50
5135,16,32,0,18,66
5136,0,32,0,18,50
5137,0,16,0,18,34
5138,0,34,0,17,51
5139,0,16,0,17,33
5141,0,16,0,17,33
5142,0,35,17,15,67
5143,0,18,17,15,50
5144,0,32,0,18,50
5145,0,15,0,18,33
5146,0,35,0,16,51
5147,0,17,0,16,33
5148,0,34,0,14,48
5149,0,18,0,14,32
5150,0,30,0,20,50
5152,0,34,0,17,51
5154,0,33,0,16,49
5155,0,16,0,16,32
5156,0,33,0,17,50
5158,0,35,0,17,52
5161,0,17,0,16,33
5162,0,31,0,20,51
5164,0,34,0,16,50
5165,0,14,0,16,30
5166,0,34,16,16,66
5167,0,18,16,16,50
5168,0,32,0,17,49
5169,0,16,0,17,33
5170,0,33,0,17,50
5171,0,16,0,17,33
5172,0,35,0,15,50
5175,0,17,0,18,35
5176,0,36,0,14,50
5177,0,18,0,14,32
5179,0,19,0,15,34
5181,0,17,0,16,33
5182,0,32,0,19,51
5183,0,16,0,19,35
5184,0,34,0,18,52
5185,0,15,0,18,33
5187,0,17,0,17,34
5188,0,32,0,18,50
5189,0,15,0,18,33
5190,0,33,0,18,51
5191,0,15,0,18,33
5192,0,35,0,16,51
5193,0,17,0,16,33
5194,0,32,0,17,49
5196,0,33,0,18,51
5197,0,16,0,18,34
5198,0,36,0,18,54
5201,0,12,0,19,31
5202,0,36,0,16,52
5203,0,17,0,16,33
5204,0,32,0,18,50
5205,0,16,0,18,34
5206,0,36,0,16,52
5207,0,18,0,16,34
5208,0,31,0,16,47
5209,0,15,0,16,31
5210,0,33,0,17,50
5211,0,17,0,17,34
5213,0,18,0,16,34
5215,0,17,0,15,32
5216,0,32,0,15,47
5218,0,32,0,18,50
5219,0,17,0,18,35
5220,0,33,0,19,52
5222,0,35,0,18,53
5223,0,16,0,18,34
5225,0,16,0,15,31
5229,0,17,0,15,32
5231,0,17,0,16,33
5232,0,34,0,16,50
5233,0,18,0,16,34
5234,0,34,0,17,51
5235,0,18,0,17,35
5236,0,35,16,16,67
5238,0,32,0,14,46
5239,0,16,0,14,30
5240,0,33,0,18,51
5241,0,19,0,18,37
5243,0,15,0,15,30
5244,0,33,0,16,49
5247,0,18,0,16,34
5248,0,33,0,16,49
5249,0,17,0,16,33
5250,0,33,0,17,50
5252,0,32,0,17,49
5253,0,15,0,17,32
5256,0,35,0,17,52
5257,0,16,0,17,33
5258,0,32,0,17,49
5260,0,36,0,16,52
5261,0,19,0,16,35
5262,0,31,0,16,47
5265,0,19,0,17,36
5266,0,33,0,15,48
5267,0,16,0,15,31
5268,0,34,0,15,49
5269,0,19,0,15,34
5271,0,16,0,18,34
5272,0,34,0,17,51
5273,0,16,0,17,33
5274,0,34,0,16,50
5275,0,17,0,16,33
5276,0,33,0,18,51
5278,0,33,0,17,50
5279,0,15,0,17,32
5282,0,33,0,16,49
5283,0,18,0,16,34
5284,0,32,0,17,49
5286,0,34,0,17,51
5289,0,16,0,17,33
5290,0,35,0,14,49
5293,0,18,0,16,34
5294,0,34,0,16,50
5297,0,17,0,17,34
5298,0,32,0,18,50
5299,0,15,0,18,33
5300,0,35,0,15,50
5301,0,17,0,15,32
5302,0,33,0,14,47
5303,0,18,0,14,32
5305,0,19,0,17,36
5306,0,32,0,17,49
5307,0,15,0,17,32
5308,0,34,0,18,52
5310,0,33,0,19,52
5312,0,36,0,15,51
5313,0,17,0,15,32
5315,0,15,0,18,33
5316,0,35,0,15,50
5317,0,17,0,15,32
5318,0,34,0,15,49
5322,0,35,0,15,50
5323,0,17,0,15,32
5324,0,32,0,17,49
5325,0,17,0,17,34
5326,0,34,0,16,50
5327,0,17,0,16,33
5328,0,34,0,15,49
5329,0,18,0,15,33
5330,0,33,0,14,47
5333,0,19,0,17,36
5335,0,16,0,18,34
5336,0,34,0,16,50
5337,0,16,0,16,32
5338,0,31,0,18,49
5339,0,15,0,18,33
5340,0,34,0,18,52
5341,0,16,0,18,34
5342,0,33,0,17,50
5343,0,15,0,17,32
5346,0,33,0,16,49
5347,0,17,0,16,33
5348,0,32,0,18,50
5349,0,16,0,18,34
5350,0,35,0,15,50
5351,0,17,0,15,32
5353,0,17,0,18,35
5355,0,16,0,16,32
5357,0,17,0,17,34
5358,0,34,0,16,50
5359,0,17,0,16,33
5361,0,18,0,17,35
5362,0,33,0,17,50
5364,0,33,0,17,50
5366,0,32,0,19,51
5367,0,15,0,19,34
5368,0,35,0,17,52
5369,0,16,0,17,33
5371,0,17,0,14,31
5372,0,33,0,15,48
5374,0,32,0,17,49
5375,0,17,0,17,34
5378,0,34,0,17,51
5380,0,33,0,15,48
5382,0,34,0,14,48
5385,0,18,0,18,36
5387,0,17,0,17,34
5388,0,31,0,16,47
5389,0,14,0,16,30
5390,0,34,0,16,50
5393,0,18,0,16,34
5394,0,33,0,15,48
5395,0,17,0,15,32
5397,0,18,0,17,35
5400,0,38,0,28,66
5401,0,20,0,28,48
5402,0,28,0,17,45
5403,0,16,0,17,33
5406,0,36,0,16,52
5407,0,16,0,16,32
5408,0,33,0,17,50
5411,0,16,0,16,32
5412,0,34,0,17,51
5413,0,18,0,17,35
5415,0,16,0,17,33
5416,0,35,0,15,50
5417,0,18,0,15,33
5418,0,31,0,17,48
5419,0,16,0,17,33
5421,0,16,0,17,33
5422,0,35,0,15,50
5425,0,19,0,17,36
5426,0,31,0,18,49
5427,0,14,0,18,32
5428,0,35,0,16,51
5429,0,17,0,16,33
5431,0,17,0,17,34
5432,0,34,0,16,50
5433,0,17,0,16,33
5434,0,34,0,15,49
5435,0,18,0,15,33
5436,0,31,0,18,49
5438,0,34,0,16,50
5440,0,33,0,17,50
5442,0,33,17,15,65
5444,0,32,0,20,52
5447,0,15,0,17,32
5448,0,34,0,16,50
5449,0,17,0,16,33
5450,0,32,0,17,49
5451,0,16,0,17,33
5453,0,17,0,17,34
5454,0,33,0,18,51
5455,0,16,0,18,34
5456,0,35,0,15,50
5457,0,17,0,15,32
5458,0,32,0,17,49
5459,0,17,0,17,34
5460,0,35,0,16,51
5461,0,18,0,16,34
5462,0,34,0,14,48
5464,0,31,0,16,47
5465,0,17,0,16,33
5466,0,34,0,16,50
5467,0,18,0,16,34
5468,0,33,0,16,49
5469,0,17,0,16,33
5470,0,33,0,18,51
5473,0,16,0,17,33
5474,0,35,0,13,48
5476,0,34,0,16,50
5479,0,15,0,17,32
5480,0,32,0,17,49
5481,0,15,0,17,32
5482,0,34,0,17,51
5483,0,17,0,17,34
5486,0,32,0,18,50
5487,0,17,0,18,35
5488,0,34,0,16,50
5489,0,16,0,16,32
5490,0,33,0,16,49
5492,0,33,0,18,51
5493,0,17,0,18,35
5494,0,34,0,16,50
5495,0,16,0,16,32
5497,0,16,0,17,33
5498,0,34,0,17,51
5499,0,17,0,17,34
5500,0,34,0,17,51
5501,0,17,0,17,34
5502,0,33,0,16,49
5504,0,33,0,17,50
5505,0,17,0,17,34
5506,0,34,0,17,51
5508,0,34,0,15,49
5509,0,17,0,15,32
5512,0,33,0,18,51
5513,0,16,0,18,34
5516,0,33,0,17,50
5519,0,19,0,14,33
5521,0,17,0,17,34
5522,0,34,0,17,51
5523,0,17,0,17,34
5524,0,34,0,17,51
5525,0,17,0,17,34
5528,0,34,0,17,51
5531,0,16,0,17,33
5534,0,35,0,16,51
5537,0,15,0,19,34
5538,0,35,0,16,51
5539,0,16,0,16,32
5541,0,17,0,16,33
5543,0,16,0,18,34
5544,0,36,0,15,51
5545,0,18,0,15,33
5546,0,33,0,15,48
5547,0,18,0,15,33
5548,0,33,0,17,50
5549,0,18,0,17,35
5550,0,32,18,16,66
5551,0,15,18,16,49
5553,0,16,0,16,32
5554,0,32,0,17,49
5555,0,16,0,17,33
5556,0,34,0,18,52
5557,0,17,0,18,35
5558,0,33,0,16,49
5561,0,19,0,16,35
5563,0,18,0,15,33
5564,0,32,0,17,49
5565,0,17,0,17,34
5567,0,17,17,17,51
5568,0,34,0,16,50
5569,0,17,0,16,33
5571,0,17,0,16,33
5572,0,31,0,19,50
5573,0,15,0,19,34
5574,0,36,0,15,51
5577,0,18,0,14,32
5578,0,33,0,16,49
5580,0,33,0,16,49
5582,0,32,0,17,49
5584,0,35,0,16,51
5587,0,17,0,17,34
5588,0,32,0,18,50
5589,0,15,0,18,33
5590,0,34,0,17,51
5593,0,17,0,16,33
5594,0,33,0,17,50
5595,0,17,0,17,34
5599,0,18,13,18,49
5600,0,31,0,16,47
5601,0,18,0,16,34
5602,0,33,0,17,50
5604,0,34,0,18,52
5605,0,17,0,18,35
5608,0,33,17,18,68
5610,0,35,0,15,50
5611,0,18,0,15,33
5613,0,19,0,17,36
5614,0,31,0,18,49
5615,0,14,0,18,32
5618,0,33,0,17,50
5620,0,32,0,19,51
5621,0,15,0,19,34
5622,0,34,0,18,52
5623,0,15,0,18,33
5625,0,16,0,18,34
5626,0,33,0,17,50
5629,0,16,0,19,35
5630,0,35,0,15,50
5631,0,16,0,15,31
5632,0,31,0,18,49
5633,0,16,0,18,34
5635,0,16,0,18,34
5637,0,16,0,18,34
5638,0,34,0,15,49
5640,0,33,0,17,50
5641,0,18,0,17,35
5642,0,34,0,15,49
5643,0,17,0,15,32
5644,0,34,0,14,48
5645,0,19,0,14,33
5646,0,32,0,16,48
5648,0,34,0,14,48
5652,0,33,0,17,50
5653,0,17,0,17,34
5654,0,34,0,17,51
5655,0,17,0,17,34
5657,0,15,0,16,31
5658,0,33,0,17,50
5661,0,16,0,17,33
5663,0,18,0,16,34
5664,0,33,0,16,49
5665,0,17,0,16,33
5666,0,32,0,19,51
5667,0,16,0,19,35
5668,0,33,0,19,52
5669,0,14,0,19,33
5671,0,17,0,15,32
5672,0,32,0,18,50
5673,0,17,0,18,35
5675,0,15,0,17,32
5677,0,17,0,17,34
5678,0,33,0,16,49
5679,0,16,0,16,32
5680,0,32,0,17,49
5681,0,16,0,17,33
5682,0,35,0,15,50
5684,0,32,0,17,49
5686,0,34,0,16,50
5687,0,17,0,16,33
5689,0,17,0,18,35
5690,0,34,0,16,50
5691,0,16,0,16,32
5693,0,16,0,17,33
5695,0,18,0,17,35
5697,0,17,0,21,38
5698,0,21,0,27,48
5699,0,46,0,18,64
5700,0,33,0,18,51
5703,0,15,0,16,31
5704,0,32,0,21,53
5705,0,16,0,21,37
5706,0,21,0,29,50
5707,0,47,0,17,64
5708,0,35,0,17,52
5709,0,18,0,17,35
5710,0,33,0,18,51
5712,0,37,0,30,67
5713,0,19,0,30,49
5715,0,16,0,19,35
5716,0,19,0,30,49
5717,0,48,0,22,70
5719,0,18,0,22,40
5721,0,43,0,17,60
5722,0,31,0,17,48
5723,0,14,0,17,31
5724,0,33,0,17,50
5729,0,19,0,19,38
5731,0,49,0,15,64
5732,0,35,0,15,50
5733,0,20,0,15,35
5736,0,33,0,33,66
5737,0,17,0,33,50
5738,0,33,0,17,50
5739,0,19,0,17,36
5741,0,34,0,32,66
5742,0,17,0,32,49
5743,0,46,0,17,63
5744,0,32,0,17,49
5746,0,33,0,17,50
5748,0,34,0,20,54
5751,0,47,0,17,64
5752,0,34,0,17,51
5753,0,16,0,17,33
5755,0,16,0,16,32
5756,0,32,0,17,49
5757,0,16,0,17,33
5758,0,36,0,16,52
5759,0,19,0,16,35
5760,0,32,0,16,48
5763,0,18,0,16,34
5765,0,18,0,17,35
5766,0,32,0,18,50
5767,0,15,0,18,33
5768,0,33,0,18,51
5769,0,15,0,18,33
5770,0,36,0,16,52
5773,0,12,0,20,32
5774,0,35,0,18,53
5778,0,30,0,18,48
5783,0,15,0,17,32
5784,0,34,15,19,68
5785,0,17,15,19,51
5786,15,19,0,17,51
5787,0,19,0,17,36
5788,0,32,0,17,49
5789,0,15,0,17,32
5791,0,16,0,19,35
5792,0,35,0,14,49
5793,0,16,0,14,30
5794,0,33,0,37,70
5795,0,19,0,37,56
5796,0,37,0,20,57
5797,0,20,0,18,38
5798,15,30,0,18,63
5799,0,30,0,18,48
5800,0,12,0,18,30
5801,0,37,0,14,51
5802,0,19,0,14,33
5803,0,32,0,16,48
5804,0,18,0,16,34
5805,0,33,0,18,51
5806,0,17,0,18,35
5807,0,33,0,18,51
5808,0,15,0,18,33
5809,0,33,0,18,51
5811,0,34,0,18,52
5813,0,33,0,16,49
5816,0,18,0,16,34
5817,0,32,0,19,51
5818,0,16,0,19,35
5819,0,33,0,18,51
5820,0,14,0,18,32
5821,0,34,0,18,52
5823,0,35,0,16,51
5824,0,17,0,16,33
5826,0,17,0,16,33
5827,0,33,0,16,49
5828,0,17,0,16,33
5829,0,34,0,15,49
5830,0,18,0,15,33
5831,0,33,0,16,49
5832,0,18,0,16,34
5834,0,16,0,16,32
5835,0,33,18,17,68
5836,0,17,18,17,52
5840,0,18,0,16,34
5842,0,16,0,17,33
5843,0,35,0,16,51
5844,0,18,0,16,34
5845,0,32,0,18,50
5846,0,16,0,18,34
5848,0,16,0,15,31
5849,0,33,0,18,51
5850,0,18,0,18,36
5854,0,15,0,18,33
5856,0,16,0,18,34
5857,0,33,0,18,51
5858,0,15,0,18,33
5859,0,33,0,18,51
5860,0,15,0,18,33
5861,0,34,0,18,52
5862,0,16,0,18,34
5863,0,32,0,19,51
5864,0,14,0,19,33
5865,0,35,0,15,50
5866,0,16,0,15,31
5867,0,33,0,17,50
5868,0,18,0,17,35
5869,0,35,0,15,50
5870,0,18,0,15,33
5871,0,31,0,17,48
5872,0,16,0,17,33
5874,0,17,0,17,34
5875,0,35,0,15,50
5876,0,18,0,15,33
5877,0,31,0,18,49
5880,0,17,0,17,34
5881,0,32,0,17,49
5882,0,15,0,17,32
5883,0,34,0,17,51
5884,0,17,0,17,34
5885,0,33,0,17,50
5886,0,16,0,17,33
5888,0,16,0,17,33
5889,0,34,0,16,50
5890,0,17,0,16,33
5891,0,34,0,17,51
5892,0,18,0,17,35
5893,0,33,0,17,50
5894,0,16,0,17,33
5896,0,15,0,19,34
5897,0,34,17,16,67
5898,0,15,17,16,48
5899,0,33,0,18,51
5900,0,16,0,18,34
5901,0,34,0,16,50
5902,0,16,0,16,32
5903,0,34,0,16,50
5904,0,18,0,16,34
5905,0,32,0,17,49
5906,0,16,0,17,33
5907,0,36,0,15,51
5909,0,30,0,18,48
5910,0,15,0,18,33
5911,0,35,0,15,50
5912,0,17,0,15,32
5914,0,17,0,18,35
5918,0,16,0,17,33
5919,0,32,0,18,50
5920,0,15,0,18,33
5922,0,17,0,17,34
5923,0,31,0,20,51
5924,0,14,0,20,34
5926,0,16,0,16,32
5927,0,34,0,16,50
5928,0,18,0,16,34
5930,0,15,0,16,31
5931,0,34,0,17,51
5935,0,34,0,17,51
5936,0,18,0,17,35
5937,0,34,0,17,51
5938,0,17,0,17,34
5941,0,32,0,18,50
5942,0,15,0,18,33
5945,0,32,0,17,49
5946,0,17,0,17,34
5947,0,32,0,19,51
5948,0,15,0,19,34
5949,0,34,0,20,54
5951,0,35,0,15,50
5952,0,15,0,15,30
5953,0,33,0,15,48
5954,0,18,0,15,33
5956,0,17,0,18,35
5957,0,36,0,14,50
5959,0,33,0,19,52
5960,0,19,0,19,38
5961,0,30,18,19,67
5962,0,11,18,19,48
5963,0,37,14,20,71
5964,0,19,14,20,53
5967,0,31,0,18,49
5970,0,17,0,17,34
5971,0,29,0,19,48
5973,0,36,0,16,52
5974,0,17,0,16,33
5976,0,16,0,35,51
5978,0,20,0,15,35
5979,0,34,0,18,52
5980,0,19,0,18,37
5981,0,32,0,18,50
5982,0,14,0,18,32
5983,0,34,0,16,50
5985,0,32,0,18,50
5986,0,16,0,18,34
5987,0,34,0,17,51
5988,0,16,0,17,33
5989,0,34,0,16,50
5990,0,17,0,16,33
5992,0,16,0,17,33
5993,0,35,0,15,50
5994,0,18,0,15,33
5995,0,33,0,16,49
5996,0,18,0,16,34
5997,0,34,0,48,82
