序号,发送->接收,接收->转发,转发->接收,接收->处理,总计
2,0,39,17,15,71
3,16,16,17,15,64
4,0,16,17,15,48
5,0,32,0,19,51
7,0,34,0,16,50
8,0,15,0,16,31
9,0,32,0,21,53
11,0,21,0,19,40
12,0,35,0,30,65
13,0,16,0,30,46
14,0,48,0,33,81
16,0,18,0,33,51
17,0,33,0,16,49
20,0,18,0,32,50
21,0,32,17,18,67
22,0,16,17,18,51
23,0,35,0,32,67
24,0,18,0,32,50
25,0,32,0,16,48
26,0,16,0,16,32
27,0,33,0,17,50
30,0,16,0,18,34
31,0,34,0,16,50
33,0,33,0,18,51
35,0,18,0,17,35
36,0,47,20,16,83
39,0,20,0,16,36
40,0,48,0,19,67
41,0,32,0,19,51
42,0,15,0,19,34
43,0,19,0,31,50
44,0,48,0,16,64
45,0,33,0,16,49
46,0,17,0,16,33
47,0,33,0,16,49
48,0,17,0,16,33
49,0,35,0,33,68
50,0,19,0,33,52
52,0,17,0,16,33
53,0,33,0,16,49
55,0,33,17,17,67
56,0,17,17,17,51
57,0,34,0,16,50
58,0,17,0,16,33
59,0,33,18,16,67
61,0,18,0,16,34
64,0,16,19,16,51
66,0,16,0,18,34
67,0,18,0,32,50
68,0,48,0,17,65
70,0,16,0,17,33
71,0,33,0,19,52
73,0,19,0,16,35
74,0,50,0,31,81
75,0,34,0,31,65
76,0,18,0,31,49
77,0,31,0,19,50
78,0,16,0,19,35
80,0,48,0,18,66
81,0,33,0,18,51
83,0,18,0,17,35
86,0,16,0,17,33
87,0,33,0,17,50
89,0,34,0,16,50
90,0,17,0,16,33
91,0,32,0,19,51
92,0,16,0,19,35
94,0,49,0,17,66
95,0,33,0,17,50
97,0,33,0,18,51
100,0,49,0,18,67
101,0,32,0,18,50
102,0,16,0,18,34
103,0,18,0,16,34
106,0,16,0,17,33
107,0,33,0,19,52
108,0,16,0,19,35
109,0,19,0,16,35
110,0,49,0,16,65
111,0,33,0,16,49
112,0,17,0,16,33
115,0,32,0,16,48
117,0,33,0,18,51
118,0,17,0,18,35
119,0,18,0,33,51
120,0,50,0,34,84
121,0,35,0,34,69
123,0,34,0,16,50
127,0,19,0,16,35
128,0,48,0,17,65
129,0,32,0,17,49
130,0,16,0,17,33
131,0,34,0,16,50
132,0,17,0,16,33
133,0,32,0,19,51
135,0,19,0,16,35
136,0,48,0,18,66
137,0,32,0,18,50
138,0,16,0,18,34
140,0,15,0,18,33
141,0,35,0,16,51
142,0,17,0,16,33
143,0,34,0,32,66
144,0,18,0,32,50
146,0,16,0,16,32
151,0,34,0,18,52
152,0,16,0,18,34
153,0,18,0,32,50
154,0,48,0,17,65
156,0,16,0,17,33
157,0,35,0,16,51
158,0,18,0,16,34
159,0,33,0,16,49
161,0,32,0,18,50
162,0,16,0,18,34
163,0,18,0,33,51
164,0,45,20,20,85
165,0,29,20,20,69
166,0,12,20,20,52
167,20,20,0,32,72
169,0,32,0,15,47
170,0,17,0,15,32
171,0,32,0,16,48
172,0,17,0,16,33
173,0,34,0,17,51
175,0,33,0,16,49
176,0,16,0,16,32
177,0,33,17,18,68
181,0,17,0,32,49
182,0,48,0,17,65
183,0,33,0,17,50
185,0,35,0,32,67
186,0,18,0,32,50
189,0,35,0,31,66
190,0,20,0,31,51
191,0,31,0,17,48
192,0,16,0,17,33
193,0,35,16,17,68
194,0,18,16,17,51
196,0,17,0,17,34
198,0,16,16,19,51
199,0,35,0,31,66
201,0,31,0,18,49
203,0,18,0,17,35
204,0,49,0,17,66
205,0,32,0,17,49
206,0,16,0,17,33
207,0,33,0,18,51
208,0,16,0,18,34
209,0,18,0,17,35
210,0,49,0,18,67
211,0,32,0,18,50
212,0,16,0,18,34
214,0,49,0,16,65
216,0,18,0,16,34
220,0,19,0,30,49
221,0,30,0,19,49
223,0,19,0,17,36
224,0,50,0,31,81
225,0,33,0,31,64
226,0,19,0,31,50
228,0,16,0,18,34
229,0,35,0,34,69
231,0,34,0,16,50
232,0,19,0,16,35
234,0,50,0,33,83
235,0,34,0,33,67
237,0,33,0,16,49
239,0,34,0,32,66
241,0,32,0,18,50
242,0,16,0,18,34
243,0,18,0,33,51
245,0,18,0,40,58
246,0,40,0,26,66
247,0,24,0,26,50
249,18,20,0,17,55
251,0,17,0,37,54
254,0,44,0,34,78
255,18,19,0,34,71
256,0,19,0,34,53
257,0,34,0,32,66
258,0,19,0,32,51
260,0,18,0,33,51
263,0,32,0,17,49
264,0,16,0,17,33
265,0,33,0,18,51
267,0,36,0,16,52
269,0,16,0,32,48
270,0,51,0,17,68
271,0,35,0,17,52
272,0,19,0,17,36
274,0,32,0,32,64
277,0,33,0,17,50
278,0,17,0,17,34
280,0,18,0,32,50
281,0,32,0,18,50
282,0,16,0,18,34
283,0,18,0,16,34
284,0,48,0,17,65
285,0,32,0,17,49
289,0,34,0,16,50
290,0,19,0,16,35
293,0,19,0,32,51
294,0,32,0,18,50
295,0,17,0,18,35
296,0,34,0,32,66
297,0,16,0,32,48
298,0,49,0,16,65
299,0,34,0,16,50
301,0,34,0,32,66
302,0,18,0,32,50
303,0,32,0,18,50
306,0,50,0,16,66
309,0,33,0,17,50
310,0,17,0,17,34
311,0,17,0,17,34
312,0,50,0,33,83
313,0,33,0,33,66
314,0,17,0,33,50
315,0,33,0,17,50
318,0,16,0,18,34
319,0,18,0,19,37
320,0,48,0,18,66
321,0,29,0,18,47
322,0,16,0,18,34
324,0,33,0,18,51
325,0,15,0,18,33
326,0,50,0,16,66
327,0,32,0,16,48
328,0,18,0,16,34
329,0,32,0,18,50
331,0,18,0,17,35
333,0,32,0,18,50
334,0,16,0,18,34
335,0,18,0,33,51
337,0,34,0,15,49
339,0,32,0,18,50
343,0,33,0,17,50
344,0,17,0,17,34
345,0,34,0,34,68
346,0,17,0,34,51
347,0,34,0,33,67
348,0,18,0,33,51
350,0,17,0,31,48
351,0,31,0,17,48
354,0,19,0,33,52
355,0,33,0,32,65
358,0,16,0,17,33
360,0,16,0,19,35
362,0,33,0,32,65
365,0,34,0,34,68
366,0,18,0,34,52
367,0,34,0,17,51
369,0,17,0,30,47
372,0,19,0,32,51
373,0,32,0,16,48
374,0,17,0,16,33
375,0,33,0,17,50
376,0,17,0,17,34
377,0,34,0,17,51
378,0,17,0,17,34
381,0,31,0,18,49
382,0,16,0,18,34
385,0,32,15,19,66
386,0,16,15,19,50
390,0,48,0,18,66
393,0,35,0,17,52
394,0,17,0,17,34
397,0,18,0,33,51
398,0,51,0,31,82
401,0,31,0,18,49
402,0,15,0,18,33
403,0,18,0,17,35
404,0,34,0,31,65
405,0,17,0,31,48
406,0,50,0,34,84
407,0,35,0,34,69
409,0,34,0,16,50
410,0,19,0,16,35
412,0,50,0,33,83
413,0,35,0,33,68
415,0,33,0,32,65
416,0,18,0,32,50
417,0,32,0,16,48
418,0,16,0,16,32
419,0,32,0,18,50
420,0,16,0,18,34
421,0,36,0,16,52
422,0,18,0,16,34
424,0,16,0,16,32
425,0,35,0,16,51
427,0,16,0,32,48
429,0,32,0,16,48
430,0,17,0,16,33
431,0,34,0,17,51
433,0,34,0,17,51
434,0,17,0,17,34
435,0,17,0,17,34
437,0,16,0,33,49
438,0,33,16,17,66
439,0,18,16,17,51
442,0,17,0,16,33
444,0,17,0,18,35
445,0,18,0,32,50
446,0,49,0,16,65
447,0,35,0,16,51
448,0,17,0,16,33
450,0,17,0,16,33
451,0,34,0,31,65
453,0,31,0,19,50
456,0,15,0,19,34
457,0,19,0,33,52
460,0,49,0,16,65
461,0,33,0,16,49
462,0,18,0,16,34
463,0,34,0,34,68
464,0,18,0,34,52
467,0,31,0,17,48
468,0,16,0,17,33
469,0,35,0,15,50
470,0,18,0,15,33
471,0,33,0,16,49
472,0,18,0,16,34
473,0,33,0,17,50
474,0,17,0,17,34
475,0,34,0,32,66
476,0,17,0,32,49
477,0,32,0,18,50
478,0,16,0,18,34
479,0,18,0,32,50
480,0,51,0,17,68
482,0,19,0,17,36
483,0,17,0,32,49
484,0,32,0,32,64
485,0,18,0,32,50
486,0,48,0,18,66
488,0,16,0,18,34
490,0,17,0,16,33
492,0,17,0,17,34
493,0,17,0,32,49
494,0,50,0,34,84
495,0,35,0,34,69
497,0,34,0,32,66
499,0,32,0,16,48
500,0,16,0,16,32
502,0,17,0,19,36
503,0,19,0,32,51
504,0,48,0,16,64
506,0,16,0,16,32
508,0,16,0,18,34
509,0,36,0,16,52
511,0,16,0,34,50
514,0,49,17,33,99
515,0,35,17,33,85
516,0,18,17,33,68
517,0,17,0,33,50
518,0,51,0,16,67
519,0,35,0,16,51
523,0,34,0,18,52
524,0,17,0,18,35
525,0,18,0,17,35
526,0,48,0,17,65
527,0,31,0,17,48
528,0,17,0,17,34
529,0,33,0,17,50
531,0,36,0,33,69
532,0,19,0,33,52
533,0,33,0,33,66
534,0,17,0,33,50
536,0,18,0,33,51
538,0,17,0,18,35
539,0,18,0,32,50
541,0,17,0,34,51
542,0,34,0,33,67
544,0,33,0,33,66
545,0,17,0,33,50
546,0,49,0,18,67
548,0,16,0,18,34
552,0,15,17,16,48
553,0,33,0,18,51
554,0,16,0,18,34
555,0,35,16,18,69
556,0,17,16,18,51
558,0,18,0,32,50
559,0,32,0,18,50
560,0,17,0,18,35
563,0,32,0,18,50
565,0,18,0,16,34
566,0,34,0,17,51
567,0,18,0,17,35
568,0,33,0,34,67
569,0,16,0,34,50
570,0,34,0,32,66
571,0,20,0,32,52
574,0,48,0,19,67
575,0,33,0,19,52
576,0,16,0,19,35
577,0,19,0,16,35
578,0,48,0,18,66
579,0,32,0,18,50
581,0,33,0,19,52
582,0,15,0,19,34
583,0,19,0,19,38
584,0,33,0,34,67
587,0,18,0,33,51
588,0,33,0,32,65
589,0,19,0,32,51
590,0,48,0,18,66
591,0,33,0,18,51
594,0,16,0,16,32
595,0,33,0,16,49
596,0,17,0,16,33
597,0,33,0,18,51
598,0,17,0,18,35
599,0,18,0,33,51
600,0,33,0,18,51
601,0,17,0,18,35
603,0,34,0,16,50
604,0,19,0,16,35
605,0,16,0,31,47
606,0,49,0,15,64
607,0,34,0,15,49
608,0,18,0,15,33
609,0,33,0,19,52
610,0,18,0,19,37
612,0,34,0,29,63
613,0,20,0,29,49
614,0,46,0,18,64
615,0,33,0,18,51
616,0,17,0,18,35
619,0,33,0,31,64
620,0,18,0,31,49
622,0,16,0,18,34
624,0,17,0,32,49
626,19,19,0,31,69
627,0,19,0,31,50
628,0,50,0,32,82
630,0,19,0,32,51
631,0,32,0,17,49
632,0,17,0,17,34
633,0,17,0,17,34
636,18,32,0,18,68
638,0,16,0,18,34
639,0,18,0,16,34
640,0,33,0,17,50
641,0,17,0,17,34
642,0,48,0,17,65
643,0,31,0,17,48
645,0,36,0,17,53
646,0,19,0,17,36
647,0,17,0,16,33
649,0,17,0,16,33
650,0,50,0,32,82
653,0,32,0,17,49
655,0,36,0,32,68
656,0,19,0,32,51
658,0,18,0,33,51
660,0,18,0,16,34
661,0,16,0,17,33
662,0,52,0,16,68
666,0,48,0,17,65
667,0,32,0,17,49
668,0,16,0,17,33
669,0,34,0,17,51
672,0,33,0,32,65
674,0,49,0,19,68
676,0,17,0,19,36
677,0,19,0,17,36
678,0,33,0,31,64
679,0,16,0,31,47
680,0,48,0,19,67
684,0,49,0,17,66
686,0,17,0,17,34
687,0,17,0,17,34
688,0,49,0,17,66
690,0,17,0,17,34
691,0,34,0,34,68
692,0,17,0,34,51
693,0,34,0,16,50
694,0,18,0,16,34
695,0,16,0,18,34
698,0,34,0,31,65
699,0,19,0,31,50
700,0,49,0,31,80
701,0,35,0,31,66
702,0,18,0,31,49
703,0,31,0,20,51
705,0,20,0,31,51
707,0,34,0,17,51
708,0,17,0,17,34
709,0,33,0,17,50
710,0,16,0,17,33
714,0,17,0,16,33
717,0,17,0,34,51
718,0,34,0,31,65
719,0,19,0,31,50
720,0,49,0,15,64
721,0,34,0,15,49
722,0,18,0,15,33
723,0,33,0,17,50
724,0,18,0,17,35
725,0,17,0,17,34
726,0,51,0,17,68
728,0,19,0,17,36
729,0,17,0,32,49
730,0,32,0,33,65
731,0,18,0,33,51
732,0,33,0,20,53
734,0,34,0,32,66
735,0,14,0,32,46
737,0,33,0,18,51
738,0,16,0,18,34
739,0,36,0,16,52
741,0,16,0,17,33
742,0,33,0,33,66
743,0,16,0,33,49
744,0,49,0,16,65
745,0,33,0,16,49
746,0,16,0,16,32
747,0,33,0,17,50
748,0,17,0,17,34
749,0,34,0,16,50
751,0,33,0,18,51
753,0,18,0,32,50
754,0,48,19,16,83
755,0,33,19,16,68
757,0,19,0,16,35
758,0,48,0,17,65
759,0,32,0,17,49
760,0,17,0,17,34
761,0,34,0,16,50
762,0,17,0,16,33
764,0,17,0,17,34
766,0,17,0,16,33
768,0,17,0,17,34
769,0,35,0,32,67
770,0,18,0,32,50
771,0,32,0,15,47
772,0,17,0,15,32
774,0,17,0,17,34
776,0,17,24,11,52
777,0,24,0,11,35
778,0,43,16,18,77
779,0,32,16,18,66
780,0,18,16,18,52
783,0,17,0,32,49
784,0,48,17,17,82
785,0,32,17,17,66
786,0,16,17,17,50
787,0,34,0,17,51
788,0,17,0,17,34
789,0,34,0,34,68
790,0,17,0,34,51
791,0,34,0,32,66
793,0,32,18,32,82
794,0,16,18,32,66
795,0,18,0,32,50
796,0,49,0,16,65
797,0,34,0,16,50
798,0,17,0,16,33
800,0,16,0,19,35
801,0,19,0,32,51
803,0,32,17,17,66
804,0,16,17,17,50
805,0,34,0,17,51
806,0,17,0,17,34
808,0,17,0,16,33
809,0,33,17,17,67
810,0,17,17,17,51
812,0,49,0,18,67
814,0,17,0,18,35
816,0,19,0,33,52
817,0,33,0,29,62
818,0,20,0,29,49
819,0,29,19,32,80
820,0,15,19,32,66
822,0,49,0,17,66
823,0,34,0,17,51
825,0,34,0,16,50
826,0,17,0,16,33
827,0,34,0,32,66
828,0,18,0,32,50
830,0,17,0,16,33
831,0,33,0,17,50
832,0,17,0,17,34
833,0,36,0,32,68
836,0,17,0,34,51
837,0,34,0,32,66
839,0,32,0,16,48
840,0,18,0,16,34
843,0,33,0,18,51
844,0,17,0,18,35
845,0,18,0,32,50
847,0,33,0,16,49
848,0,16,0,16,32
850,0,17,18,15,50
851,0,33,0,18,51
852,0,15,0,18,33
854,0,17,0,17,34
855,0,17,0,17,34
858,0,50,17,33,100
859,0,35,17,33,85
860,0,17,17,33,67
861,0,17,0,33,50
862,0,33,15,17,65
863,0,18,15,17,50
864,0,49,0,16,65
866,0,17,0,16,33
867,0,33,0,17,50
868,0,17,0,17,34
870,0,17,0,16,33
871,0,34,0,17,51
872,0,18,0,17,35
873,0,17,0,17,34
875,0,31,20,17,68
876,0,17,20,17,54
877,0,20,0,17,37
879,0,32,0,33,65
881,0,33,0,33,66
883,0,33,0,15,48
885,0,34,0,33,67
887,0,33,0,16,49
888,0,18,0,16,34
889,0,16,0,18,34
891,0,31,0,18,49
893,0,18,0,32,50
894,0,49,0,17,66
897,0,35,0,31,66
898,0,18,0,31,49
902,0,15,19,32,66
903,0,19,0,32,51
904,0,49,0,16,65
905,0,33,0,16,49
906,0,17,0,16,33
908,0,18,16,17,51
913,0,17,0,33,50
914,0,33,0,18,51
915,0,17,0,18,35
916,0,48,0,17,65
917,0,30,0,17,47
921,0,34,0,16,50
922,0,18,0,16,34
923,0,32,0,18,50
925,0,18,0,17,35
926,0,50,0,34,84
927,0,33,0,34,67
928,0,18,0,34,52
929,0,34,0,33,67
930,0,18,0,33,51
931,0,33,0,17,50
932,0,18,0,17,35
935,0,31,0,18,49
936,0,17,0,18,35
939,0,35,0,32,67
940,0,18,0,32,50
942,0,17,0,17,34
944,0,17,0,33,50
945,0,33,0,15,48
946,0,18,0,15,33
948,0,18,0,17,35
949,0,34,0,17,51
950,0,17,0,17,34
951,0,17,0,35,52
954,0,47,16,18,81
955,0,33,16,18,67
956,0,17,16,18,51
957,0,34,0,17,51
958,0,18,0,17,35
960,0,50,0,16,66
962,0,17,0,16,33
963,0,32,0,18,50
964,0,16,0,18,34
965,0,18,0,33,51
966,0,33,0,17,50
967,0,18,0,17,35
968,0,50,0,17,67
969,0,33,0,17,50
970,0,17,0,17,34
971,0,17,0,17,34
973,0,16,0,32,48
974,0,50,0,34,84
978,0,17,0,17,34
980,0,49,0,16,65
983,0,34,0,17,51
984,0,18,0,17,35
986,0,49,17,17,83
989,0,17,0,17,34
990,0,49,0,17,66
991,0,32,0,17,49
992,0,17,0,17,34
993,0,34,0,17,51
994,0,17,0,17,34
995,0,33,0,17,50
996,0,16,0,17,33
999,0,16,0,16,32
1001,0,33,0,16,49
1002,0,16,0,16,32
1003,0,33,0,17,50
1005,0,33,0,18,51
1006,0,16,0,18,34
1007,0,34,0,16,50
1008,0,16,0,16,32
1010,0,17,0,16,33
1012,0,17,0,18,35
1013,0,18,0,31,49
1014,0,50,0,33,83
1015,0,35,0,33,68
1016,0,19,0,33,52
1017,0,33,0,16,49
1018,0,17,0,16,33
1019,0,34,0,32,66
1020,0,18,0,32,50
1022,0,16,0,18,34
1023,0,18,0,32,50
1024,0,50,0,32,82
1025,0,34,0,32,66
1026,0,18,0,32,50
1027,0,32,0,16,48
1028,0,16,0,16,32
1029,0,33,0,17,50
1030,0,17,0,17,34
1031,0,34,0,18,52
1032,0,17,0,18,35
1033,0,18,0,33,51
1034,0,33,0,32,65
1035,0,19,0,32,51
1036,0,50,0,32,82
1037,0,34,0,32,66
1038,0,18,0,32,50
1039,0,32,0,18,50
1040,0,17,0,18,35
1041,0,18,0,32,50
1042,0,49,0,17,66
1043,0,33,0,17,50
1046,0,34,0,32,66
1048,0,49,0,17,66
1049,0,33,0,17,50
1051,0,35,0,16,51
1052,0,18,0,16,34
1053,0,16,0,17,33
1054,0,48,0,17,65
1055,0,31,0,17,48
1056,0,16,0,17,33
1057,0,35,0,33,68
1061,0,32,0,16,48
1062,0,16,0,16,32
1064,0,19,0,17,36
1066,0,47,0,20,67
1068,0,15,0,20,35
1069,0,20,0,33,53
1070,0,33,0,33,66
1071,0,17,0,33,50
1072,0,48,0,18,66
1074,0,15,0,18,33
1075,0,18,0,34,52
1076,0,34,0,32,66
1078,0,48,0,15,63
1079,0,32,0,15,47
1080,0,16,0,15,31
1082,0,19,0,18,37
1083,0,18,0,32,50
1084,0,48,0,17,65
1085,0,33,0,17,50
1086,0,16,0,17,33
1087,0,34,0,18,52
1088,0,17,0,18,35
1090,0,49,0,17,66
1094,0,16,0,18,34
1095,0,18,0,16,34
1096,0,49,0,16,65
1098,0,17,0,16,33
1101,0,34,0,32,66
1102,0,18,0,32,50
1103,0,32,0,17,49
1104,0,16,0,17,33
1105,0,35,0,32,67
1106,0,18,0,32,50
1107,0,32,0,17,49
1108,0,16,0,17,33
1109,0,35,0,31,66
1110,0,18,0,31,49
1113,0,35,0,15,50
1114,0,17,0,15,32
1115,0,32,0,17,49
1116,0,17,0,17,34
1117,0,34,0,18,52
1119,0,18,0,31,49
1120,0,50,0,17,67
1121,0,34,0,17,51
1122,0,19,0,17,36
1123,0,17,0,16,33
1124,0,50,0,32,82
1125,0,34,0,32,66
1126,0,19,0,32,51
1128,17,33,0,16,66
1129,0,33,0,16,49
1130,0,17,0,16,33
1133,0,33,0,17,50
1134,0,17,0,17,34
1135,0,34,0,17,51
1137,0,17,0,33,50
1139,0,18,0,17,35
1140,0,34,0,32,66
1142,0,48,0,19,67
1143,0,33,0,19,52
1144,0,16,0,19,35
1145,0,19,0,32,51
1146,0,48,0,16,64
1147,0,33,0,16,49
1154,0,16,0,17,33
1157,0,34,0,16,50
1158,0,18,0,16,34
1159,0,16,0,33,49
1160,0,49,0,18,67
1161,0,32,0,18,50
1164,0,49,0,16,65
1168,0,17,16,18,51
1171,0,33,0,18,51
1173,0,18,0,17,35
1176,0,17,0,17,34
1177,0,33,0,17,50
1178,0,16,0,17,33
1179,0,33,0,17,50
1180,0,16,0,17,33
1182,0,17,0,20,37
1183,0,20,0,30,50
1185,0,35,16,18,69
1187,0,34,0,34,68
1189,0,34,0,16,50
1191,0,16,0,33,49
1192,0,33,15,18,66
1193,0,18,15,18,51
1195,0,18,0,33,51
1196,0,49,0,17,66
1197,0,32,0,17,49
1198,0,16,0,17,33
1199,0,35,0,32,67
1201,0,32,0,16,48
1202,0,16,0,16,32
1203,0,33,0,18,51
1204,0,17,0,18,35
1205,0,18,0,32,50
1206,0,51,0,16,67
1208,0,19,0,16,35
1209,0,16,0,31,47
1210,0,48,0,18,66
1211,0,33,0,18,51
1213,0,18,0,33,51
1216,0,18,0,31,49
1217,0,31,0,18,49
1218,0,15,0,18,33
1219,0,34,0,17,51
1220,0,16,0,17,33
1221,0,33,0,17,50
1223,0,34,17,17,68
1224,0,17,17,17,51
1225,0,34,0,16,50
1226,0,17,0,16,33
1228,0,16,17,17,50
1229,0,34,0,17,51
1230,0,17,0,17,34
1231,0,34,0,17,51
1232,0,17,0,17,34
1233,0,17,0,34,51
1235,0,19,0,16,35
1236,0,34,0,31,65
1239,0,36,0,32,68
1240,0,18,0,32,50
1242,0,17,0,17,34
1243,0,34,0,17,51
1244,0,17,0,17,34
1245,0,17,0,34,51
1246,0,34,0,31,65
1247,0,18,0,31,49
1249,0,33,0,17,50
1250,0,17,0,17,34
1251,0,33,0,17,50
1252,0,16,0,17,33
1253,0,33,0,17,50
1257,0,34,0,18,52
1258,0,17,0,18,35
1259,0,18,0,17,35
1260,0,33,0,17,50
1263,0,33,0,32,65
1264,0,18,0,32,50
1265,0,32,0,17,49
1266,0,16,0,17,33
1267,0,39,0,29,68
1268,0,22,0,29,51
1269,0,29,0,19,48
1270,17,19,0,15,51
1273,0,17,15,19,51
1274,0,34,0,16,50
1277,0,17,16,34,67
1278,0,50,0,33,83
1281,0,33,0,17,50
1283,0,17,0,17,34
1284,0,33,0,16,49
1285,0,16,0,16,32
1286,0,33,0,17,50
1287,0,17,0,17,34
1288,0,33,0,17,50
1289,0,16,0,17,33
1293,0,17,16,18,51
1297,0,16,0,34,50
1298,0,34,0,33,67
1299,0,18,0,33,51
1300,0,33,0,16,49
1301,0,18,0,16,34
1302,0,33,0,17,50
1303,0,17,0,17,34
1304,0,33,0,16,49
1306,0,34,0,16,50
1307,0,18,0,16,34
1309,0,18,0,15,33
1310,0,32,0,17,49
1311,0,17,0,17,34
1316,0,18,0,31,49
1317,0,31,0,19,50
1318,0,16,0,19,35
1319,0,19,0,16,35
1322,0,18,0,33,51
1323,0,33,0,17,50
1325,0,17,0,16,33
1327,0,32,0,19,51
1328,0,17,0,19,36
1330,0,34,15,18,67
1331,0,18,15,18,51
1332,0,33,0,16,49
1335,0,16,0,33,49
1336,0,33,0,18,51
1337,0,17,0,18,35
1338,0,51,0,17,68
1339,0,33,0,17,50
1340,0,18,0,17,35
1341,0,17,0,33,50
1343,0,18,0,17,35
1344,0,33,0,34,67
1346,0,34,0,17,51
1347,0,18,0,17,35
1348,0,33,0,32,65
1349,0,16,0,32,48
1350,0,48,0,19,67
1352,0,16,0,19,35
1354,0,33,0,16,49
1355,0,16,0,16,32
1356,0,33,0,17,50
1357,0,17,0,17,34
1359,0,17,0,16,33
1360,0,33,0,16,49
1361,0,17,0,16,33
1362,0,34,0,16,50
1364,0,33,0,15,48
1366,0,33,0,16,49
1367,0,18,0,16,34
1368,0,50,0,16,66
1369,0,34,0,16,50
1371,0,16,0,17,33
1373,0,17,17,17,51
1374,0,34,0,17,51
1375,0,17,0,17,34
1376,0,32,0,17,49
1378,0,34,0,16,50
1379,0,17,0,16,33
1380,0,33,16,17,66
1381,0,17,16,17,50
1382,0,33,0,17,50
1384,0,34,0,16,50
1385,0,17,0,16,33
1386,0,33,16,18,67
1388,0,34,0,33,67
1389,0,18,0,33,51
1391,0,18,17,16,51
1392,0,33,0,16,49
1393,0,16,0,16,32
1394,0,34,14,17,65
1395,0,18,14,17,49
1396,0,49,17,32,98
1397,0,35,17,32,84
1398,0,18,17,32,67
1399,0,17,0,32,49
1400,0,50,0,32,82
1402,0,18,0,32,50
1403,0,32,0,19,51
1405,0,19,0,16,35
1407,0,16,0,17,33
1408,0,34,0,17,51
1409,0,17,0,17,34
1410,0,34,0,33,67
1411,0,17,0,33,50
1412,0,33,0,17,50
1413,0,18,0,17,35
1414,0,32,0,17,49
1415,0,15,0,17,32
1416,0,34,0,16,50
1418,0,33,16,18,67
1419,0,17,16,18,51
1421,0,18,0,33,51
1422,0,33,0,17,50
1423,0,18,0,17,35
1424,0,50,0,16,66
1428,0,52,15,34,101
1429,0,36,15,34,85
1430,0,20,15,34,69
1431,0,15,0,34,49
1432,0,34,0,17,51
1433,0,18,0,17,35
1434,0,49,0,16,65
1436,0,17,0,16,33
1438,0,17,0,17,34
1440,0,35,0,32,67
1441,0,20,0,32,52
1442,0,32,0,17,49
1443,0,18,0,17,35
1444,0,34,0,16,50
1446,0,33,0,32,65
1447,0,17,0,32,49
1448,0,49,0,17,66
1449,0,33,0,17,50
1451,0,17,0,17,34
1453,0,34,0,16,50
1454,0,18,0,16,34
1455,0,16,0,17,33
1456,0,34,0,17,51
1457,0,17,0,17,34
1460,0,37,0,13,50
1461,0,20,0,13,33
1462,0,29,0,17,46
1464,0,33,0,18,51
1465,0,16,0,18,34
1469,0,16,0,18,34
1471,0,16,0,17,33
1475,0,15,0,18,33
1477,0,16,0,16,32
1478,0,49,0,17,66
1480,0,17,0,17,34
1481,0,34,0,18,52
1482,0,17,0,18,35
1483,0,18,0,16,34
1484,0,32,0,33,65
1487,0,17,0,33,50
1488,0,33,0,35,68
1489,0,17,0,35,52
1490,0,35,0,33,68
1491,0,19,0,33,52
1492,0,33,0,17,50
1493,0,18,0,17,35
1494,0,33,0,16,49
1495,0,16,0,16,32
1496,0,34,0,16,50
1497,0,18,0,16,34
1499,0,16,0,17,33
1500,0,34,0,17,51
1501,0,17,0,17,34
1502,0,33,0,17,50
1503,0,16,0,17,33
1505,0,17,0,32,49
1507,0,34,0,17,51
1508,0,17,0,17,34
1509,0,17,0,34,51
1512,0,34,0,33,67
1513,0,19,0,33,52
1514,0,33,0,32,65
1515,0,19,0,32,51
1516,0,32,0,18,50
1518,0,34,0,17,51
1520,0,34,0,33,67
1521,0,17,0,33,50
1523,0,18,0,16,34
1524,0,50,0,17,67
1525,0,34,0,17,51
1526,0,18,0,17,35
1528,0,33,0,17,50
1529,0,17,0,17,34
1531,0,16,0,17,33
1533,0,32,0,16,48
1534,0,18,0,16,34
1535,0,34,0,18,52
1536,0,18,0,18,36
1538,0,32,0,17,49
1540,0,49,17,18,84
1542,0,16,17,18,51
1543,0,35,0,34,69
1544,0,18,0,34,52
1545,0,34,0,33,67
1546,0,19,0,33,52
1548,0,18,0,33,51
1549,0,33,0,16,49
1550,0,18,0,16,34
1552,0,33,0,17,50
1553,0,16,0,17,33
1554,0,50,0,17,67
1556,0,17,0,17,34
1557,0,17,0,17,34
1558,0,34,0,17,51
1560,0,34,0,15,49
1561,0,17,0,15,32
1563,0,35,0,31,66
1564,0,19,0,31,50
1565,0,31,0,17,48
1566,0,16,0,17,33
1568,0,18,0,32,50
1569,0,32,0,18,50
1570,19,18,0,33,70
1571,0,18,0,33,51
1572,0,33,0,17,50
1573,0,18,0,17,35
1576,0,17,0,17,34
1579,0,33,0,17,50
1582,0,50,0,32,82
1583,0,35,0,32,67
1585,0,32,0,17,49
1586,0,17,0,17,34
1590,0,17,0,34,51
1591,0,34,0,17,51
1592,0,18,0,17,35
1593,0,17,0,16,33
1596,0,48,0,19,67
1597,0,31,0,19,50
1600,0,32,0,33,65
1601,0,17,0,33,50
1603,0,17,0,17,34
1604,0,34,0,21,55
1606,0,34,0,32,66
1607,0,13,0,32,45
1608,0,32,0,17,49
1609,0,17,0,17,34
1611,0,18,0,15,33
1613,0,35,0,15,50
1615,0,15,0,18,33
1616,0,34,0,16,50
1617,0,16,0,16,32
1618,0,51,0,16,67
1619,0,35,0,16,51
1621,0,16,0,17,33
1623,0,32,0,18,50
1624,0,18,0,18,36
1625,0,18,0,17,35
1626,0,32,0,17,49
1629,0,17,0,18,35
1630,0,34,0,16,50
1632,0,33,17,32,82
1633,0,17,17,32,66
1634,0,49,0,18,67
1635,0,32,0,18,50
1636,0,17,0,18,35
1637,0,18,0,33,51
1639,0,18,0,17,35
1640,0,50,0,17,67
1641,0,33,0,17,50
1642,0,19,0,17,36
1643,0,17,0,33,50
1644,0,33,0,16,49
1645,0,19,0,16,35
1647,0,34,0,17,51
1648,0,19,0,17,36
1649,0,17,0,16,33
1653,0,18,0,33,51
1654,0,51,0,16,67
1655,0,35,0,16,51
1657,0,16,0,33,49
1658,0,33,0,32,65
1659,0,18,0,32,50
1660,0,49,18,17,84
1661,0,33,18,17,68
1662,0,17,18,17,52
1664,0,34,16,17,67
1665,0,17,16,17,50
1667,0,17,0,17,34
1668,0,50,0,16,66
1669,0,33,0,16,49
1670,0,19,0,16,35
1672,0,34,0,17,51
1674,0,33,0,34,67
1675,0,16,0,34,50
1677,0,18,0,16,34
1678,0,33,16,17,66
1679,0,17,16,17,50
1681,0,17,0,32,49
1683,0,35,0,32,67
1684,0,19,0,32,51
1685,0,32,16,16,64
1686,0,18,16,16,50
1689,0,35,17,17,69
1690,0,18,17,17,52
1692,0,33,0,17,50
1695,0,16,0,16,32
1696,0,51,0,15,66
1697,0,35,0,15,50
1698,0,19,0,15,34
1700,0,35,0,16,51
1701,0,17,0,16,33
1702,0,33,0,16,49
1703,0,17,0,16,33
1704,0,32,0,35,67
1705,0,16,0,35,51
1707,0,18,0,16,34
1708,0,33,0,16,49
1709,0,17,0,16,33
1710,0,49,0,17,66
1711,0,33,0,17,50
1712,0,17,0,17,34
1713,0,17,0,16,33
1714,0,33,0,36,69
1715,0,17,0,36,53
1716,0,36,0,14,50
1717,0,20,0,14,34
1718,0,31,0,16,47
1719,0,17,0,16,33
1720,0,33,0,18,51
1721,0,17,0,18,35
1722,0,34,0,16,50
1724,0,33,0,17,50
1726,0,50,0,17,67
1727,0,33,0,17,50
1728,0,17,0,17,34
1731,0,33,0,33,66
1732,0,18,0,33,51
1734,0,18,0,18,36
1737,0,34,0,17,51
1738,0,18,0,17,35
1739,0,17,0,32,49
1740,0,50,0,17,67
1741,0,35,0,17,52
1742,0,18,0,17,35
1743,0,17,0,17,34
1745,0,16,0,17,33
1746,0,34,0,31,65
1747,0,17,0,31,48
1748,0,47,0,20,67
1749,0,33,0,20,53
1751,0,20,0,15,35
1753,0,36,0,14,50
1754,0,21,0,14,35
1755,0,14,0,34,48
1756,0,34,0,16,50
1757,0,18,0,16,34
1758,0,34,0,16,50
1759,0,18,0,16,34
1760,0,33,0,17,50
1763,0,31,0,17,48
1764,0,17,0,17,34
1765,0,35,0,33,68
1766,0,18,0,33,51
1767,0,33,0,17,50
1768,0,18,0,17,35
1769,0,17,0,32,49
1770,0,32,0,33,65
1772,0,50,17,16,83
1774,0,17,17,16,50
1775,0,33,0,17,50
1777,0,17,0,17,34
1778,0,34,0,33,67
1779,0,17,0,33,50
1781,0,34,0,17,51
1782,0,17,0,17,34
1783,0,17,0,17,34
1785,0,16,0,33,49
1786,0,51,0,16,67
1787,0,37,0,16,53
1789,0,16,0,18,34
1791,0,16,0,15,31
1793,0,17,0,17,34
1794,0,34,0,17,51
1795,0,17,0,17,34
1797,0,17,0,33,50
1798,0,33,0,23,56
1799,0,18,0,23,41
1800,0,33,16,19,68
1801,0,10,16,19,45
1802,16,19,0,15,50
1803,0,19,0,15,34
1806,0,35,0,15,50
1807,0,19,0,15,34
1808,0,33,0,16,49
1810,0,33,0,16,49
1811,0,17,0,16,33
1812,0,33,0,16,49
1813,0,17,0,16,33
1814,0,34,0,16,50
1817,0,17,18,16,51
1818,0,34,0,32,66
1819,0,16,0,32,48
1823,0,18,0,17,35
1825,0,16,0,17,33
1826,0,34,0,16,50
1828,0,32,0,17,49
1829,0,16,0,17,33
1830,0,35,0,16,51
1832,0,33,0,16,49
1833,0,17,0,16,33
1834,0,33,0,16,49
1835,0,17,0,16,33
1838,0,17,0,16,33
1839,0,35,0,16,51
1840,0,19,0,16,35
1842,0,34,0,16,50
1843,0,17,0,16,33
1844,0,33,0,16,49
1847,0,17,0,17,34
1848,0,33,0,17,50
1850,0,34,0,16,50
1851,0,17,0,16,33
1852,0,33,0,16,49
1854,0,33,0,17,50
1855,0,17,0,17,34
1856,0,34,0,16,50
1857,0,17,0,16,33
1858,0,32,0,17,49
1859,0,16,0,17,33
1860,0,33,0,17,50
1861,0,16,0,17,33
1862,0,36,0,16,52
1863,0,19,0,16,35
1864,0,33,0,16,49
1865,0,17,0,16,33
1866,0,33,0,15,48
1867,0,17,0,15,32
1868,0,32,0,18,50
1869,0,17,0,18,35
1870,0,35,0,16,51
1872,0,31,0,19,50
1873,0,15,0,19,34
1875,0,17,0,17,34
1876,0,32,0,16,48
1878,0,33,0,16,49
1879,0,17,0,16,33
1880,0,35,0,16,51
1881,0,19,0,16,35
1882,0,33,0,15,48
1883,0,17,0,15,32
1884,0,33,0,16,49
1885,0,18,0,16,34
1886,0,32,0,17,49
1887,0,16,0,17,33
1888,0,33,0,35,68
1889,0,16,0,35,51
1890,0,35,0,16,51
1891,0,19,0,16,35
1892,0,33,0,15,48
1893,0,17,0,15,32
1894,0,35,0,15,50
1895,0,20,0,15,35
1896,0,33,0,16,49
1897,0,18,0,16,34
1899,0,31,0,19,50
1900,0,17,0,19,36
1901,0,19,0,16,35
1902,0,32,0,18,50
1904,0,34,0,18,52
1905,0,16,0,18,34
1906,0,34,0,15,49
1907,0,16,0,15,31
1908,0,32,0,18,50
1909,0,17,0,18,35
1911,0,15,0,18,33
1912,0,34,0,18,52
1913,0,16,0,18,34
1914,0,33,0,17,50
1915,0,15,0,17,32
1917,0,17,0,18,35
1918,0,51,0,17,68
1919,0,33,0,17,50
1923,0,17,0,18,35
1924,0,35,0,15,50
1926,0,34,0,15,49
1927,0,19,0,15,34
1928,0,32,0,32,64
1930,0,32,0,19,51
1932,0,34,0,19,53
1933,0,15,0,19,34
1934,0,34,0,16,50
1936,0,34,0,15,49
1938,0,34,0,16,50
1940,0,32,0,16,48
1944,0,32,0,18,50
1945,0,17,0,18,35
1946,0,35,0,16,51
1948,0,33,0,15,48
1949,0,17,0,15,32
1951,0,18,0,16,34
1955,0,14,0,19,33
1957,0,16,0,16,32
1958,0,32,0,36,68
1959,0,16,0,36,52
1960,0,36,0,15,51
1961,0,21,0,15,36
1962,0,34,0,17,51
1964,0,34,0,14,48
1965,0,17,0,14,31
1967,0,16,0,19,35
1969,0,15,0,17,32
1970,0,33,0,17,50
1971,0,16,0,17,33
1972,0,34,0,16,50
1974,0,35,0,15,50
1975,0,19,0,15,34
1976,0,31,0,16,47
1978,0,34,0,16,50
1980,0,33,0,17,50
1981,0,17,0,17,34
1982,0,33,0,18,51
1985,0,14,0,19,33
1986,0,35,0,15,50
1987,0,16,0,15,31
1988,0,33,0,17,50
1989,0,18,0,17,35
1990,0,34,0,19,53
1991,0,17,0,19,36
1992,0,34,0,16,50
1993,0,15,0,16,31
1994,0,32,0,18,50
1997,0,16,0,17,33
1999,0,16,0,15,31
2000,0,32,0,17,49
2001,0,17,0,17,34
2002,0,34,0,16,50
2003,0,17,0,16,33
2004,0,34,0,15,49
2005,0,18,0,15,33
2006,0,32,0,19,51
2007,0,17,0,19,36
2008,0,34,0,19,53
2009,0,15,0,19,34
2010,0,35,0,16,51
2011,0,16,0,16,32
2013,0,15,0,17,32
2014,0,34,0,17,51
2015,0,17,0,17,34
2016,0,34,0,15,49
2018,0,33,0,18,51
2025,0,18,0,16,34
2026,0,32,0,20,52
2027,0,16,0,20,36
2028,0,35,0,17,52
2029,0,15,0,17,32
2030,0,33,0,17,50
2031,0,16,0,17,33
2033,0,17,0,16,33
2034,0,34,0,16,50
2035,0,18,0,16,34
2036,0,31,19,16,66
2037,0,15,19,16,50
2039,0,16,0,15,31
2040,0,32,0,20,52
2043,0,14,0,17,31
2045,0,16,0,17,33
2046,0,33,0,18,51
2047,0,16,0,18,34
2049,0,15,0,17,32
2050,0,33,0,17,50
2052,0,35,0,15,50
2053,0,18,0,15,33
2054,0,32,0,18,50
2055,0,17,0,18,35
2056,0,35,0,16,51
2058,0,33,0,32,65
2059,0,17,0,32,49
2060,0,32,0,16,48
2061,0,17,0,16,33
2062,0,34,0,16,50
2063,0,18,0,16,34
2064,0,33,0,20,53
2067,0,13,0,18,31
2068,0,52,0,16,68
2069,0,34,0,16,50
2070,0,19,0,16,35
2071,0,16,0,17,33
2072,0,33,0,16,49
2073,0,16,0,16,32
2074,0,34,0,16,50
2075,0,18,0,16,34
2078,0,32,0,18,50
2080,0,35,0,16,51
2081,0,17,0,16,33
2082,0,32,0,17,49
2083,0,16,0,17,33
2084,0,33,0,16,49
2085,0,16,0,16,32
2086,0,35,16,17,68
2087,0,19,16,17,52
2088,0,33,0,16,49
2090,0,33,0,16,49
2092,0,34,0,17,51
2093,0,18,0,17,35
2094,0,32,0,18,50
2095,0,15,0,18,33
2096,0,33,0,20,53
2097,0,15,0,20,35
2098,0,36,0,15,51
2100,0,31,0,16,47
2102,0,34,0,17,51
2103,0,18,0,17,35
2104,0,33,0,16,49
2105,0,16,0,16,32
2106,0,34,0,17,51
2107,0,18,0,17,35
2108,0,33,0,16,49
2111,0,18,0,15,33
2112,0,33,0,17,50
2113,0,18,0,17,35
2114,0,32,0,16,48
2115,0,15,0,16,31
2116,0,33,0,17,50
2117,0,17,0,17,34
2119,0,17,0,18,35
2121,0,15,0,17,32
2122,0,34,0,32,66
2123,0,17,0,32,49
2124,0,49,0,17,66
2125,0,34,0,17,51
2127,0,17,0,17,34
2128,0,34,0,16,50
2130,0,32,0,18,50
2131,0,16,0,18,34
2132,0,36,0,16,52
2133,0,18,0,16,34
2134,0,33,0,15,48
2135,0,17,0,15,32
2137,0,18,0,15,33
2138,0,33,0,17,50
2139,0,18,0,17,35
2140,0,33,0,18,51
2141,0,16,0,18,34
2144,0,33,0,16,49
2145,0,16,0,16,32
2146,0,52,0,16,68
2148,0,19,0,16,35
2149,0,16,0,17,33
2151,0,16,0,16,32
2152,0,34,0,15,49
2154,0,32,16,18,66
2155,0,17,16,18,51
2156,0,34,0,18,52
2157,0,18,0,18,36
2160,0,34,0,15,49
2161,0,18,0,15,33
2162,0,32,0,17,49
2163,0,17,0,17,34
2164,0,33,0,16,49
2165,0,16,0,16,32
2166,0,32,0,19,51
2167,0,16,0,19,35
2169,0,15,0,16,31
2170,0,35,0,16,51
2171,0,19,0,16,35
2172,0,32,0,17,49
2173,0,16,0,17,33
2176,0,35,0,16,51
2177,0,17,0,16,33
2178,0,32,0,17,49
2179,0,16,0,17,33
2180,0,34,0,15,49
2181,0,17,0,15,32
2182,0,34,0,16,50
2183,0,19,0,16,35
2184,0,32,0,17,49
2185,0,16,0,17,33
2186,0,35,0,33,68
2187,0,18,0,33,51
2188,0,33,0,15,48
2190,0,31,0,19,50
2191,0,16,0,19,35
2192,0,34,0,16,50
2193,0,15,0,16,31
2194,0,35,0,15,50
2195,0,19,0,15,34
2197,0,17,0,18,35
2198,0,33,0,18,51
2199,0,15,0,18,33
2200,0,33,0,18,51
2202,0,36,0,14,50
2203,0,18,0,14,32
2204,0,31,0,16,47
2205,0,17,0,16,33
2206,0,34,0,16,50
2207,0,18,0,16,34
2208,0,34,0,17,51
2209,0,18,0,17,35
2211,0,16,0,16,32
2212,0,33,0,16,49
2213,0,17,0,16,33
2215,0,18,15,19,52
2216,0,34,0,16,50
2217,0,19,0,16,35
2220,0,33,0,16,49
2221,0,16,0,16,32
2222,0,33,0,16,49
2224,0,33,0,16,49
2225,0,17,0,16,33
2226,0,34,0,16,50
2227,0,18,0,16,34
2228,0,32,0,18,50
2230,0,34,0,18,52
2231,0,16,0,18,34
2232,0,33,0,16,49
2233,0,15,0,16,31
2234,0,35,0,14,49
2235,0,19,0,14,33
2237,0,19,0,15,34
2238,0,33,0,15,48
2239,0,18,0,15,33
2240,0,32,0,17,49
2242,0,34,0,17,51
2243,0,17,0,17,34
2248,0,33,0,33,66
2249,0,17,0,33,50
2250,0,33,0,16,49
2251,0,18,0,16,34
2252,0,33,0,18,51
2253,0,17,0,18,35
2254,0,34,0,18,52
2256,0,33,0,17,50
2257,0,15,0,17,32
2259,0,17,0,16,33
2260,0,33,0,16,49
2261,0,17,0,16,33
2262,0,33,0,17,50
2268,0,32,0,17,49
2269,0,16,0,17,33
2271,0,17,0,17,34
2272,0,33,0,17,50
2273,0,16,0,17,33
2274,0,36,0,16,52
2275,0,19,0,16,35
2276,0,31,0,17,48
2277,0,15,0,17,32
2278,0,34,0,17,51
2279,0,17,0,17,34
2280,0,33,0,16,49
2281,0,16,0,16,32
2284,0,35,0,17,52
2287,0,16,0,17,33
2288,0,32,0,17,49
2289,0,15,0,17,32
2290,0,35,0,15,50
2291,0,18,0,15,33
2292,0,33,16,17,66
2293,0,18,16,17,51
2294,0,33,0,17,50
2295,0,17,0,17,34
2296,0,33,17,16,66
2297,0,16,17,16,49
2298,0,33,0,17,50
2299,0,16,0,17,33
2300,0,34,0,17,51
2301,0,17,0,17,34
2302,0,34,0,16,50
2303,0,17,0,16,33
2308,0,33,0,16,49
2310,0,33,0,16,49
2311,0,17,0,16,33
2312,0,34,0,16,50
2313,0,18,0,16,34
2314,0,33,0,16,49
2315,0,17,0,16,33
2316,0,34,0,16,50
2317,0,18,0,16,34
2318,0,33,0,16,49
2319,0,17,0,16,33
2322,0,34,0,33,67
2323,0,16,0,33,49
2326,0,33,0,17,50
2327,0,17,0,17,34
2328,0,32,0,18,50
2329,0,15,0,18,33
2330,0,35,0,17,52
2331,0,17,0,17,34
2332,0,33,0,17,50
2333,0,16,0,17,33
2334,0,34,0,15,49
2335,0,17,0,15,32
2336,0,32,0,17,49
2339,0,16,0,18,34
2340,0,35,16,16,67
2341,0,17,16,16,49
2342,0,32,0,18,50
2343,0,16,0,18,34
2344,0,33,0,18,51
2346,0,37,0,14,51
2347,0,19,0,14,33
2348,0,30,0,17,47
2349,0,16,0,17,33
2352,0,32,0,16,48
2353,0,17,0,16,33
2354,0,33,0,18,51
2355,0,17,0,18,35
2356,0,35,0,15,50
2357,0,17,0,15,32
2358,0,33,0,16,49
2360,0,32,0,18,50
2363,0,15,0,18,33
2364,0,34,0,17,51
2365,0,16,0,17,33
2366,0,34,0,16,50
2367,0,17,0,16,33
2372,0,33,0,17,50
2373,0,17,0,17,34
2374,0,49,17,17,83
2375,0,32,17,17,66
2376,0,17,17,17,51
2377,0,17,0,17,34
2378,0,33,17,17,67
2379,0,16,17,17,50
2380,0,34,0,16,50
2381,0,17,0,16,33
2382,0,34,0,33,67
2384,0,33,0,17,50
2385,0,18,0,17,35
2387,0,16,0,18,34
2388,0,33,0,17,50
2390,0,33,0,17,50
2391,0,16,0,17,33
2392,0,34,0,16,50
2394,0,34,15,17,66
2395,0,18,15,17,50
2396,0,32,0,18,50
2397,0,17,0,18,35
2398,0,34,0,16,50
2399,0,16,0,16,32
2400,0,41,0,10,51
2401,0,25,0,10,35
2404,0,35,0,17,52
2405,0,18,0,17,35
2407,0,16,0,18,34
2408,0,34,0,17,51
2411,0,17,0,16,33
2412,0,33,0,16,49
2413,0,17,0,16,33
2414,0,32,0,17,49
2415,0,16,0,17,33
2417,0,16,0,17,33
2418,0,33,0,19,52
2419,0,16,0,19,35
2420,0,35,0,16,51
2421,0,16,0,16,32
2422,0,31,0,19,50
2423,0,15,0,19,34
2424,0,36,0,17,53
2425,0,17,0,17,34
2427,0,14,0,17,31
2428,0,35,0,16,51
2429,0,18,0,16,34
2430,0,32,0,18,50
2431,0,16,0,18,34
2432,0,34,0,18,52
2433,0,16,0,18,34
2434,0,33,0,18,51
2435,0,15,0,18,33
2436,0,33,0,19,52
2437,0,15,0,19,34
2438,0,35,0,16,51
2439,0,16,0,16,32
2440,0,32,0,18,50
2441,0,16,0,18,34
2443,0,16,0,18,34
2444,0,33,0,16,49
2445,0,15,0,16,31
2446,0,33,0,17,50
2447,0,17,0,17,34
2448,0,33,0,18,51
2449,0,16,0,18,34
2450,0,35,0,16,51
2451,0,17,0,16,33
2453,0,17,0,17,34
2454,0,32,0,18,50
2456,0,37,0,14,51
2457,0,19,0,14,33
2458,0,31,0,15,46
2459,0,17,0,15,32
2462,0,32,0,17,49
2463,0,17,0,17,34
2464,0,32,0,17,49
2465,0,15,0,17,32
2466,0,34,0,16,50
2468,0,33,0,16,49
2469,0,17,0,16,33
2471,0,17,0,18,35
2475,0,17,0,16,33
2476,0,33,0,18,51
2479,0,16,0,16,32
2481,0,18,0,16,34
2482,0,34,0,16,50
2483,0,18,0,16,34
2484,0,32,0,16,48
2485,0,16,0,16,32
2486,0,33,0,17,50
2487,0,17,0,17,34
2488,0,33,0,18,51
2489,0,16,0,18,34
2490,0,35,0,15,50
2492,0,32,0,16,48
2493,0,17,0,16,33
2494,0,34,0,16,50
2495,0,18,0,16,34
2496,0,34,0,17,51
2497,0,18,0,17,35
2498,0,32,0,17,49
2499,0,15,0,17,32
2500,0,34,16,18,68
2501,0,17,16,18,51
2502,0,34,0,15,49
2503,0,18,0,15,33
2504,0,32,0,18,50
2506,0,34,0,16,50
2508,0,33,0,17,50
2509,0,17,0,17,34
2510,0,34,0,16,50
2511,0,17,0,16,33
2512,0,33,0,16,49
2513,0,17,0,16,33
2516,0,33,0,17,50
2518,0,33,18,16,67
2520,0,34,0,16,50
2521,0,16,0,16,32
2522,0,33,17,16,66
2523,0,17,17,16,50
2524,0,33,0,19,52
2525,0,16,0,19,35
2526,0,36,0,14,50
2527,0,17,0,14,31
2529,0,17,0,16,33
2530,0,34,15,19,68
2533,0,19,0,16,35
2534,0,31,0,17,48
2535,0,15,0,17,32
2536,0,36,0,17,53
2537,0,19,0,17,36
2538,0,33,0,16,49
2539,0,16,0,16,32
2541,0,16,0,19,35
2542,0,33,0,16,49
2543,0,14,0,16,30
2544,0,34,0,17,51
2545,0,18,0,17,35
2548,0,33,0,17,50
2550,0,33,0,16,49
2552,0,33,0,18,51
2553,0,17,0,18,35
2554,0,33,0,16,49
2556,0,35,0,17,52
2557,0,19,0,17,36
2559,0,15,0,18,33
2561,0,16,0,16,32
2562,0,34,0,16,50
2563,0,18,0,16,34
2564,0,32,0,18,50
2566,0,35,0,17,52
2567,0,17,0,17,34
2568,0,33,0,17,50
2569,0,16,0,17,33
2570,0,31,0,18,49
2573,0,18,0,16,34
2574,0,32,0,16,48
2575,0,16,0,16,32
2577,0,18,0,17,35
2578,0,32,0,17,49
2580,0,34,0,17,51
2581,0,17,0,17,34
2582,0,34,0,16,50
2583,0,17,0,16,33
2584,0,32,0,17,49
2586,0,33,0,18,51
2587,0,16,0,18,34
2588,0,35,0,17,52
2589,0,17,0,17,34
2590,0,33,0,16,49
2591,0,16,0,16,32
2592,0,32,0,19,51
2593,0,16,0,19,35
2594,0,34,0,19,53
2595,0,15,0,19,34
2596,0,33,0,18,51
2597,0,14,0,18,32
2598,0,34,0,18,52
2599,0,16,0,18,34
2600,0,33,0,16,49
2601,0,15,0,16,31
2602,0,33,0,17,50
2603,0,17,0,17,34
2604,0,34,0,16,50
2606,0,34,0,16,50
2608,0,32,0,17,49
2609,0,16,0,17,33
2611,0,18,0,15,33
2612,0,31,0,17,48
2613,0,16,0,17,33
2614,0,35,0,17,52
2615,0,18,0,17,35
2617,0,17,0,16,33
2618,0,33,0,15,48
2619,0,17,0,15,32
2622,0,34,0,16,50
2623,0,17,0,16,33
2624,0,33,0,18,51
2625,0,17,0,18,35
2626,0,35,0,16,51
2627,0,17,0,16,33
2628,0,33,16,16,65
2629,0,17,16,16,49
2632,0,33,0,18,51
2633,0,17,0,18,35
2635,0,16,0,16,32
2637,0,17,0,34,51
2638,0,34,0,15,49
2639,0,20,0,15,35
2640,0,33,0,17,50
2641,0,18,0,17,35
2642,0,33,0,17,50
2644,0,33,0,17,50
2645,0,16,0,17,33
2647,0,16,0,19,35
2648,0,35,0,16,51
2649,0,16,0,16,32
2650,0,32,0,17,49
2651,0,16,0,17,33
2652,0,34,0,16,50
2654,0,33,0,17,50
2655,0,17,0,17,34
2656,0,35,0,16,51
2657,0,18,0,16,34
2658,0,30,0,19,49
2659,0,14,0,19,33
2661,0,16,0,18,34
2663,0,16,0,18,34
2664,0,33,0,17,50
2665,0,15,0,17,32
2666,0,33,0,17,50
2669,0,18,0,15,33
2671,0,17,0,17,34
2672,0,32,0,19,51
2673,0,15,0,19,34
2675,0,15,0,18,33
2678,0,34,0,17,51
2679,0,18,0,17,35
2680,0,32,0,17,49
2681,0,15,0,17,32
2683,0,17,0,18,35
2684,0,33,0,17,50
2685,0,15,0,17,32
2687,0,17,0,15,32
2688,0,33,0,16,49
2689,0,18,0,16,34
2690,0,34,0,15,49
2691,0,18,0,15,33
2692,0,34,0,17,51
2694,0,33,0,17,50
2695,0,16,0,17,33
2696,0,33,0,16,49
2697,0,16,0,16,32
2698,0,31,0,19,50
2700,0,36,0,14,50
2701,0,17,0,14,31
2702,0,33,0,16,49
2703,0,19,0,16,35
2704,0,33,0,16,49
2705,0,17,0,16,33
2706,0,32,0,18,50
2707,0,16,0,18,34
2710,0,33,0,17,50
2711,0,17,0,17,34
2712,0,32,0,19,51
2713,0,15,0,19,34
2714,0,34,0,17,51
2716,0,35,0,16,51
2717,0,18,0,16,34
2718,0,32,0,16,48
2719,0,16,0,16,32
2722,0,33,0,17,50
2723,0,16,0,17,33
2724,0,34,0,16,50
2726,0,34,0,36,70
2727,0,18,0,36,54
2729,0,39,0,13,52
2730,14,18,0,13,45
2731,0,18,0,13,31
2732,0,30,0,18,48
2734,0,35,0,16,51
2735,0,17,0,16,33
2736,0,32,0,18,50
2737,0,16,0,18,34
2738,0,34,0,17,51
2739,0,16,0,17,33
2741,0,17,0,16,33
2742,0,33,0,17,50
2743,0,17,0,17,34
2745,0,16,17,17,50
2746,0,34,0,16,50
2747,0,17,0,16,33
2749,0,17,0,17,34
2750,0,33,0,16,49
2751,0,16,0,16,32
2752,0,34,0,17,51
2754,0,33,0,16,49
2755,0,16,0,16,32
2756,0,33,0,17,50
2757,0,17,0,17,34
2758,0,34,0,17,51
2759,0,17,0,17,34
2760,0,33,0,17,50
2761,0,16,0,17,33
2763,0,17,0,17,34
2767,0,18,0,15,33
2768,0,33,0,17,50
2770,0,32,0,17,49
2771,0,15,0,17,32
2772,0,34,0,17,51
2774,0,33,0,17,50
2775,0,16,0,17,33
2776,0,34,0,16,50
2780,0,33,0,17,50
2782,0,33,0,16,49
2783,0,16,0,16,32
2784,0,33,0,18,51
2785,0,17,0,18,35
2786,0,33,0,17,50
2787,0,15,0,17,32
2788,0,35,0,14,49
2789,0,18,0,14,32
2790,0,33,0,17,50
2791,0,19,0,17,36
2792,0,33,0,18,51
2793,0,16,0,18,34
2794,0,34,0,16,50
2798,0,33,0,18,51
2799,0,16,0,18,34
2800,0,33,0,18,51
2802,0,34,0,16,50
2803,0,16,0,16,32
2804,0,33,0,17,50
2805,0,17,0,17,34
2806,0,34,0,16,50
2807,0,17,0,16,33
2808,0,33,0,16,49
2810,0,33,0,16,49
2811,0,17,0,16,33
2812,0,35,0,15,50
2813,0,19,0,15,34
2814,0,31,0,18,49
2815,0,16,0,18,34
2816,0,34,0,18,52
2817,0,16,0,18,34
2819,0,16,0,16,32
2821,0,17,0,15,32
2822,0,34,0,15,49
2823,0,19,0,15,34
2827,0,16,0,19,35
2828,0,34,0,17,51
2829,0,15,0,17,32
2830,0,35,0,17,52
2831,0,18,0,17,35
2832,0,32,0,17,49
2833,0,15,0,17,32
2834,0,34,0,17,51
2835,0,17,0,17,34
2836,0,34,0,16,50
2837,0,17,0,16,33
2838,0,33,0,17,50
2839,0,17,0,17,34
2841,0,16,0,16,32
2842,0,34,15,17,66
2844,0,32,18,16,66
2845,0,17,18,16,51
2849,0,15,0,17,32
2850,0,34,0,16,50
2851,0,17,0,16,33
2852,0,32,0,18,50
2855,0,16,0,17,33
2856,0,34,0,17,51
2857,0,17,0,17,34
2858,0,34,0,16,50
2859,0,17,0,16,33
2860,0,32,0,16,48
2861,0,16,0,16,32
2863,0,17,0,18,35
2865,0,15,0,17,32
2866,0,35,0,16,51
2867,0,18,0,16,34
2869,0,17,0,16,33
2870,0,33,0,17,50
2871,0,17,0,17,34
2872,0,33,0,16,49
2873,0,16,0,16,32
2874,0,35,0,17,52
2875,0,19,0,17,36
2876,0,31,0,17,48
2879,0,18,0,16,34
2880,0,34,0,15,49
2881,0,18,0,15,33
2882,0,33,0,17,50
2883,0,18,0,17,35
2885,0,17,0,15,32
2886,0,32,0,16,48
2887,0,17,0,16,33
2888,0,33,0,17,50
2889,0,17,0,17,34
2890,0,33,0,18,51
2891,0,16,0,18,34
2892,0,33,0,17,50
2893,0,15,0,17,32
2895,0,18,0,16,34
2896,0,32,0,18,50
2897,0,16,0,18,34
2899,0,16,0,15,31
2901,0,19,0,16,35
2903,0,16,0,17,33
2904,0,33,0,18,51
2905,0,16,0,18,34
2906,0,35,0,16,51
2907,0,17,0,16,33
2908,0,33,0,16,49
2909,0,17,0,16,33
2910,0,34,0,15,49
2911,0,18,0,15,33
2912,0,32,0,17,49
2913,0,17,0,17,34
2914,0,34,0,18,52
2916,0,33,0,17,50
2917,0,15,0,17,32
2918,0,33,0,18,51
2922,0,34,0,16,50
2924,0,34,0,15,49
2926,0,32,0,18,50
2927,0,17,0,18,35
2928,0,33,0,18,51
2930,0,35,0,17,52
2932,0,32,0,17,49
2934,0,34,0,17,51
2936,0,35,0,15,50
2937,0,18,0,15,33
2939,0,16,0,17,33
2942,0,33,0,17,50
2943,0,18,0,17,35
2945,0,15,0,17,32
2946,0,33,0,18,51
2947,0,16,0,18,34
2949,0,17,0,16,33
2951,0,17,0,17,34
2952,0,33,0,17,50
2954,0,33,0,17,50
2955,0,16,0,17,33
2957,0,16,0,16,32
2959,0,19,0,16,35
2960,0,32,0,16,48
2962,0,33,0,18,51
2963,0,17,0,18,35
2964,0,35,0,14,49
2967,0,17,0,18,35
2968,0,34,0,17,51
2972,0,31,0,17,48
2973,0,15,0,17,32
2975,0,17,0,18,35
2976,0,34,0,16,50
2977,0,16,0,16,32
2978,0,35,0,16,51
2979,0,19,0,16,35
2980,0,31,0,18,49
2981,0,15,0,18,33
2984,0,33,0,17,50
2987,0,15,0,17,32
2988,0,34,0,16,50
2989,0,17,0,16,33
2990,0,33,0,16,49
2993,0,18,0,16,34
2995,0,18,0,14,32
2996,0,33,0,16,49
2999,0,16,0,16,32
3000,0,34,0,16,50
3002,0,33,0,16,49
3003,0,17,0,16,33
3004,0,35,0,16,51
3005,0,19,0,16,35
3006,0,31,0,17,48
3008,0,33,0,17,50
3010,0,33,0,19,52
3011,0,16,0,19,35
3012,0,35,0,17,52
3014,0,34,0,16,50
3015,0,17,0,16,33
3016,0,33,0,16,49
3017,0,17,0,16,33
3018,0,33,0,17,50
3019,0,17,0,17,34
3021,0,17,0,15,32
3022,0,32,0,18,50
3023,0,17,0,18,35
3024,0,34,0,16,50
3027,0,16,0,17,33
3031,0,16,0,17,33
3032,0,33,17,17,67
3033,0,16,17,17,50
3034,0,34,0,16,50
3037,0,19,0,16,35
3039,0,19,0,14,33
3040,0,30,0,18,48
3042,0,34,0,16,50
3043,0,16,0,16,32
3044,0,32,0,18,50
3047,0,17,0,17,34
3051,0,15,0,18,33
3053,0,16,0,17,33
3054,0,34,0,16,50
3055,0,17,0,16,33
3056,0,34,0,17,51
3057,0,18,0,17,35
3060,0,33,0,17,50
3062,0,34,0,17,51
3063,0,17,0,17,34
3064,0,34,0,17,51
3065,0,17,0,17,34
3066,0,32,0,17,49
3067,0,15,0,17,32
3070,0,34,0,15,49
3071,0,18,0,15,33
3073,0,19,0,16,35
3074,0,32,0,17,49
3075,0,16,0,17,33
3077,0,16,0,19,35
3078,0,35,0,16,51
3080,0,33,0,16,49
3082,0,32,0,18,50
3083,0,16,0,18,34
3084,0,34,0,16,50
3085,0,16,0,16,32
3086,0,32,0,18,50
3089,0,16,0,18,34
3090,0,34,0,17,51
3091,0,16,0,17,33
3092,0,34,0,15,49
3093,0,17,0,15,32
3096,0,32,0,17,49
3097,0,17,0,17,34
3098,0,32,0,18,50
3099,0,15,0,18,33
3100,0,34,0,16,50
3103,0,19,0,16,35
3106,0,33,0,17,50
3108,0,33,0,17,50
3109,0,16,0,17,33
3110,0,33,0,17,50
3113,0,17,0,17,34
3116,0,34,0,18,52
3120,0,33,0,16,49
3121,0,17,0,16,33
3123,0,17,0,16,33
3124,0,34,0,16,50
3125,0,18,0,16,34
3126,0,32,0,17,49
3127,0,16,0,17,33
3129,0,18,0,16,34
3130,0,33,0,16,49
3131,0,17,0,16,33
3132,0,33,0,14,47
3134,0,34,0,17,51
3135,0,20,0,17,37
3136,0,33,0,16,49
3137,0,16,0,16,32
3138,0,32,0,18,50
3140,0,34,0,18,52
3141,0,16,0,18,34
3142,0,34,0,15,49
3143,0,16,0,15,31
3144,0,34,0,16,50
3145,0,19,0,16,35
3146,0,32,0,17,49
3147,0,16,0,17,33
3148,0,33,0,18,51
3149,0,16,0,18,34
3150,0,33,0,16,49
3151,0,15,0,16,31
3155,0,17,0,16,33
3156,0,33,0,16,49
3159,0,16,0,17,33
3160,0,35,0,17,52
3162,0,33,0,16,49
3164,0,33,0,16,49
3165,0,17,0,16,33
3166,0,34,16,17,67
3167,0,18,16,17,51
3168,0,33,17,16,66
3169,0,17,17,16,50
3170,0,33,0,17,50
3171,0,16,0,17,33
3172,0,34,0,16,50
3175,0,17,0,17,34
3177,0,17,0,17,34
3178,0,33,0,17,50
3179,0,16,0,17,33
3180,0,34,0,15,49
3181,0,17,0,15,32
3186,0,33,0,17,50
3187,0,17,0,17,34
3191,0,17,0,17,34
3193,0,18,15,17,50
3195,0,17,0,16,33
3197,0,18,0,15,33
3200,0,36,0,15,51
3202,0,30,0,20,50
3204,0,37,0,15,52
3205,0,17,0,15,32
3206,0,32,0,17,49
3207,0,17,0,17,34
3208,0,33,0,16,49
3211,0,18,0,17,35
3212,0,33,0,18,51
3213,0,16,0,18,34
3215,0,16,0,15,31
3217,0,19,0,16,35
3219,0,18,0,14,32
3220,0,31,16,17,64
3221,0,17,16,17,50
3222,0,33,0,18,51
3223,0,17,0,18,35
3224,0,35,0,16,51
3225,0,17,0,16,33
3226,0,32,0,17,49
3227,0,16,0,17,33
3228,0,34,0,17,51
3229,0,17,0,17,34
3230,0,32,0,18,50
3232,0,35,0,15,50
3234,0,33,0,16,49
3235,0,18,0,16,34
3236,0,33,0,17,50
3237,0,17,0,17,34
3238,0,33,0,17,50
3239,0,16,0,17,33
3240,0,33,0,16,49
3241,0,16,0,16,32
3244,0,32,0,17,49
3247,0,18,0,16,34
3248,0,33,0,16,49
3252,0,34,0,17,51
3253,0,16,0,17,33
3254,0,33,0,16,49
3256,0,32,0,18,50
3257,0,16,0,18,34
3258,0,34,0,19,53
3259,0,16,0,19,35
3260,0,33,0,18,51
3261,0,14,0,18,32
3263,0,16,0,18,34
3265,0,15,18,17,50
3267,0,17,0,16,33
3268,0,33,0,16,49
3269,0,17,0,16,33
3270,0,33,0,16,49
3272,0,32,0,17,49
3273,0,16,0,17,33
3277,0,17,0,17,34
3278,0,34,0,16,50
3279,0,17,0,16,33
3280,0,34,0,14,48
3281,0,18,0,14,32
3282,0,31,0,17,48
3283,0,17,0,17,34
3285,0,17,0,18,35
3286,0,33,0,16,49
3287,0,15,0,16,31
3288,0,34,0,15,49
3289,0,18,0,15,33
3296,0,34,0,16,50
3297,0,17,0,16,33
3298,0,32,0,16,48
3299,0,16,0,16,32
3300,0,34,0,17,51
3301,0,18,0,17,35
3302,0,32,0,18,50
3303,0,15,0,18,33
3304,0,35,0,15,50
3305,0,17,0,15,32
3306,0,32,0,17,49
3307,0,17,0,17,34
3308,0,31,0,21,52
3309,0,14,0,21,35
3310,0,36,0,16,52
3312,0,33,0,18,51
3313,0,17,0,18,35
3314,0,34,0,17,51
3315,0,16,0,17,33
3316,0,33,0,17,50
3317,0,16,0,17,33
3318,0,34,0,15,49
3319,0,17,0,15,32
3321,0,17,0,19,36
3322,0,35,0,17,52
3323,0,16,0,17,33
3324,0,33,0,17,50
3325,0,16,0,17,33
3326,0,34,0,16,50
3327,0,17,0,16,33
3328,0,33,0,17,50
3329,0,17,0,17,34
3330,0,33,0,17,50
3331,0,16,0,17,33
3332,0,34,0,15,49
3334,0,32,0,17,49
3337,0,16,0,19,35
3339,0,16,0,16,32
3341,0,16,0,16,32
3343,0,15,0,20,35
3344,0,36,0,16,52
3345,0,16,0,16,32
3346,0,33,0,18,51
3347,0,17,0,18,35
3351,0,17,0,16,33
3354,0,34,0,17,51
3356,0,33,0,17,50
3357,0,16,0,17,33
3358,0,33,0,18,51
3359,0,16,0,18,34
3360,0,34,0,16,50
3361,0,16,0,16,32
3362,0,33,0,16,49
3364,0,33,0,17,50
3366,0,34,0,16,50
3367,0,17,0,16,33
3369,0,16,0,18,34
3370,0,35,0,16,51
3372,0,33,0,16,49
3373,0,17,0,16,33
3375,0,28,0,26,54
3376,0,26,0,13,39
3378,0,29,0,17,46
3379,0,16,0,17,33
3380,0,34,0,16,50
3382,0,34,0,17,51
3384,0,34,0,16,50
3389,0,16,0,19,35
3390,0,35,0,16,51
3391,0,16,0,16,32
3392,0,33,0,16,49
3393,0,17,0,16,33
3395,0,17,0,17,34
3396,0,34,0,16,50
3397,0,17,0,16,33
3398,0,32,0,18,50
3399,0,16,0,18,34
3401,0,16,0,17,33
3403,0,17,0,18,35
3404,0,32,0,19,51
3406,0,34,0,18,52
3407,0,15,0,18,33
3410,0,32,0,17,49
3411,0,17,0,17,34
3412,0,35,0,16,51
3414,0,32,0,16,48
3415,0,16,0,16,32
3416,0,35,0,16,51
3418,0,34,0,16,50
3420,0,32,0,17,49
3421,0,16,0,17,33
3423,0,16,0,17,33
3424,0,33,0,17,50
3425,0,16,0,17,33
3426,0,35,0,15,50
3427,0,18,0,15,33
3428,0,32,0,17,49
3432,0,35,0,16,51
3433,0,17,0,16,33
3434,0,32,0,17,49
3435,0,16,0,17,33
3437,0,16,0,17,33
3439,0,16,0,17,33
3440,0,35,0,17,52
3441,0,18,0,17,35
3442,0,33,0,16,49
3445,0,17,0,16,33
3447,0,16,0,18,34
3448,0,42,0,10,52
3450,0,26,0,26,52
3451,16,26,0,28,70
3453,0,45,0,17,62
3454,18,17,0,17,52
3456,0,33,0,16,49
3457,0,16,0,16,32
3458,0,33,0,17,50
3459,0,17,0,17,34
3461,0,17,0,17,34
3462,0,34,0,17,51
3463,0,17,0,17,34
3464,0,34,0,16,50
3465,0,17,0,16,33
3466,0,33,0,15,48
3467,0,17,0,15,32
3468,0,32,0,16,48
3469,0,17,0,16,33
3470,0,33,0,18,51
3471,0,17,0,18,35
3472,0,34,0,16,50
3473,0,16,0,16,32
3474,0,32,0,17,49
3475,0,16,0,17,33
3476,0,34,0,16,50
3478,0,34,0,16,50
3480,0,32,0,17,49
3481,0,16,0,17,33
3482,0,35,0,17,52
3483,0,18,0,17,35
3486,0,34,0,17,51
3487,0,16,0,17,33
3488,0,33,16,19,68
3492,0,33,0,17,50
3493,0,16,0,17,33
3494,0,32,0,17,49
3495,0,15,0,17,32
3496,0,34,0,16,50
3497,0,17,0,16,33
3499,0,18,0,16,34
3500,0,33,0,16,49
3501,0,17,0,16,33
3502,0,33,0,17,50
3504,0,33,0,17,50
3505,0,16,0,17,33
3507,0,16,0,17,33
3508,0,34,0,15,49
3509,0,17,0,15,32
3510,0,34,0,15,49
3511,0,19,0,15,34
3512,0,32,0,18,50
3513,0,17,0,18,35
3517,0,16,0,17,33
3518,0,34,0,15,49
3522,0,36,0,14,50
3523,0,17,0,14,31
3525,0,17,0,16,33
3526,0,33,0,18,51
3527,0,17,0,18,35
3530,0,34,0,17,51
3531,0,18,0,17,35
3533,0,16,0,18,34
3537,0,17,0,16,33
3538,0,32,0,18,50
3539,0,16,0,18,34
3540,0,35,0,16,51
3541,0,17,0,16,33
3542,0,32,0,18,50
3543,0,16,0,18,34
3546,0,33,0,18,51
3547,0,15,0,18,33
3548,0,35,0,13,48
3549,0,17,0,13,30
3551,0,19,0,16,35
3553,0,18,0,16,34
3554,0,32,0,18,50
3555,0,16,0,18,34
3556,0,37,0,10,47
3559,20,34,0,16,70
3561,0,18,0,16,34
3562,0,34,0,16,50
3563,0,18,0,16,34
3564,0,33,0,16,49
3565,0,17,0,16,33
3566,0,32,0,17,49
3569,0,17,0,16,33
3571,0,17,16,21,54
3572,0,37,0,14,51
3573,0,21,0,14,35
3574,0,29,0,17,46
3575,0,15,0,17,32
3576,0,33,0,18,51
3577,0,16,0,18,34
3578,0,35,0,15,50
3582,0,33,0,18,51
3583,0,16,0,18,34
3584,0,35,0,14,49
3587,0,19,0,15,34
3588,0,33,0,15,48
3590,0,33,0,17,50
3591,0,18,0,17,35
3592,0,32,0,17,49
3593,0,15,0,17,32
3595,0,18,0,17,35
3596,0,33,0,18,51
3597,0,16,0,18,34
3598,0,34,0,16,50
3599,0,16,0,16,32
3602,0,32,0,17,49
3603,0,17,0,17,34
3604,0,35,0,15,50
3605,0,18,0,15,33
3606,0,33,0,17,50
3608,0,32,0,17,49
3609,0,15,0,17,32
3610,0,34,0,17,51
3611,0,17,0,17,34
3612,0,34,0,15,49
3614,0,32,0,17,49
3615,0,17,0,17,34
3616,0,33,0,18,51
3617,0,16,0,18,34
3618,0,34,0,18,52
3622,0,33,0,18,51
3623,0,16,0,18,34
3624,0,35,0,16,51
3626,0,33,0,15,48
3627,0,17,0,15,32
3629,0,17,0,17,34
3630,0,34,0,16,50
3631,0,17,0,16,33
3633,0,19,0,17,36
3635,0,14,0,17,31
3636,0,36,0,15,51
3637,0,19,0,15,34
3638,0,31,0,17,48
3639,0,16,0,17,33
3641,0,16,0,18,34
3642,0,36,0,14,50
3643,0,18,0,14,32
3644,0,32,0,18,50
3645,0,18,0,18,36
3646,0,32,0,18,50
3647,0,14,0,18,32
3648,0,36,0,15,51
3650,0,32,0,16,48
3651,0,17,0,16,33
3652,0,32,0,16,48
3653,0,16,0,16,32
3654,0,33,0,18,51
3658,0,31,0,19,50
3661,0,16,0,17,33
3664,0,34,0,16,50
3669,0,17,0,17,34
3672,0,32,0,18,50
3673,0,16,0,18,34
3674,0,34,0,17,51
3675,0,16,0,17,33
3676,0,34,0,15,49
3678,0,33,0,17,50
3682,0,36,0,12,48
3684,0,30,0,19,49
3685,0,18,0,19,37
3686,0,35,0,17,52
3688,0,32,0,17,49
3689,0,15,0,17,32
3691,0,17,0,17,34
3692,0,32,0,18,50
3693,0,15,0,18,33
3694,0,36,0,14,50
3697,0,18,0,17,35
3698,0,33,0,17,50
3699,0,16,0,17,33
3700,0,33,0,17,50
3702,0,35,0,17,52
3703,0,18,0,17,35
3705,0,18,0,15,33
3708,0,34,0,15,49
3709,0,17,0,15,32
3710,0,33,0,16,49
3711,0,18,0,16,34
3712,0,35,0,14,49
3713,0,19,0,14,33
3714,0,33,0,16,49
3715,0,19,0,16,35
3716,0,32,0,16,48
3717,0,16,0,16,32
3718,0,33,0,15,48
3719,0,17,0,15,32
3720,0,32,0,17,49
3722,0,35,0,16,51
3723,0,18,0,16,34
3724,0,33,0,16,49
3725,0,17,0,16,33
3726,0,32,0,17,49
3727,0,16,0,17,33
3728,0,35,0,17,52
3729,0,18,0,17,35
3731,0,16,0,16,32
3735,0,18,0,17,35
3736,0,34,0,15,49
3737,0,17,0,15,32
3739,0,17,0,17,34
3740,0,32,0,17,49
3741,0,15,0,17,32
3742,0,35,0,18,53
3744,0,32,0,17,49
3745,0,14,0,17,31
3746,0,34,0,16,50
3750,0,33,0,16,49
3751,0,17,0,16,33
3752,0,33,0,18,51
3753,0,17,0,18,35
3754,0,33,0,19,52
3755,0,15,0,19,34
3756,0,35,0,17,52
3757,0,16,0,17,33
3758,0,31,0,18,49
3760,0,34,0,18,52
3761,0,16,0,18,34
3762,0,35,0,16,51
3763,0,17,0,16,33
3766,0,34,0,17,51
3768,0,34,0,16,50
3769,0,17,0,16,33
3770,0,32,0,17,49
3771,0,16,0,17,33
3772,0,33,0,17,50
3774,0,34,0,16,50
3775,0,17,0,16,33
3777,0,17,0,18,35
3780,0,34,0,17,51
3781,0,18,0,17,35
3782,0,34,0,16,50
3783,0,17,0,16,33
3784,0,33,0,15,48
3785,0,17,0,15,32
3786,0,33,0,17,50
3788,0,32,0,17,49
3789,0,15,0,17,32
3791,0,17,0,17,34
3792,0,34,0,15,49
3793,0,17,0,15,32
3794,0,33,0,16,49
3795,0,18,0,16,34
3796,0,32,0,17,49
3797,0,16,0,17,33
3798,0,35,0,17,52
3800,0,32,0,16,48
3801,0,15,0,16,31
3802,0,33,0,17,50
3803,0,17,0,17,34
3804,0,33,0,17,50
3806,0,33,0,18,51
3807,0,16,0,18,34
3808,0,35,16,18,69
3809,0,17,16,18,51
3810,0,34,0,16,50
3811,0,18,0,16,34
3812,0,32,0,18,50
3814,0,34,0,16,50
3816,0,32,0,18,50
3817,0,16,0,18,34
3818,0,36,0,15,51
3819,0,18,0,15,33
3822,0,33,0,16,49
3827,0,18,0,17,35
3829,0,17,0,20,37
3830,0,20,0,30,50
3831,0,46,0,16,62
3832,0,32,0,16,48
3833,0,16,0,16,32
3834,0,32,0,17,49
3835,0,16,0,17,33
3836,0,34,0,18,52
3837,0,17,0,18,35
3838,0,35,0,17,52
3839,0,17,0,17,34
3841,0,14,0,19,33
3842,0,33,0,19,52
3843,0,14,0,19,33
3844,0,35,0,17,52
3845,0,16,0,17,33
3846,0,34,0,15,49
3847,0,17,0,15,32
3850,0,33,0,16,49
3851,0,17,0,16,33
3852,0,33,0,16,49
3853,0,17,0,16,33
3854,0,33,0,18,51
3855,0,17,0,18,35
3857,0,17,0,16,33
3860,0,17,0,27,44
3861,0,45,0,19,64
3864,0,34,0,16,50
3865,0,15,0,16,31
3866,0,31,0,18,49
3867,0,15,0,18,33
3868,0,35,0,16,51
3870,0,32,19,17,68
3871,0,16,19,17,52
3873,0,17,0,16,33
3874,0,35,0,13,48
3876,0,31,0,15,46
3878,0,32,0,16,48
3879,0,17,0,16,33
3880,0,34,0,18,52
3881,0,18,0,18,36
3882,0,35,0,14,49
3883,0,17,0,14,31
3885,0,18,0,15,33
3886,0,32,0,18,50
3888,0,34,0,18,52
3890,0,32,0,19,51
3892,0,34,0,18,52
3893,0,15,0,18,33
3894,0,35,0,17,52
3896,0,33,0,17,50
3897,0,16,0,17,33
3899,0,18,0,14,32
3900,0,31,0,15,46
3901,0,17,0,15,32
3903,0,17,0,19,36
3905,0,16,0,18,34
3907,0,15,0,16,31
3909,0,18,0,17,35
3910,0,32,0,17,49
3911,0,15,0,17,32
3912,0,35,0,15,50
3914,0,31,0,18,49
3915,0,16,0,18,34
3917,0,18,0,17,35
3918,0,33,0,14,47
3919,0,16,0,14,30
3920,0,35,0,14,49
3922,0,32,0,16,48
3923,0,18,0,16,34
3925,0,16,0,18,34
3926,0,33,0,18,51
3927,0,15,0,18,33
3928,0,37,0,12,49
3929,0,19,0,12,31
3930,0,31,0,17,48
3931,0,19,0,17,36
3932,0,33,0,17,50
3933,0,16,0,17,33
3935,0,16,0,16,32
3937,0,17,0,16,33
3939,0,16,0,19,35
3942,0,34,0,15,49
3943,0,18,0,15,33
3944,0,34,0,16,50
3945,0,19,0,16,35
3946,0,33,0,16,49
3947,0,17,0,16,33
3950,0,32,0,17,49
3951,0,17,0,17,34
3952,0,33,0,17,50
3953,0,16,0,17,33
3955,0,16,0,17,33
3956,0,34,0,18,52
3957,0,17,0,18,35
3958,0,33,0,19,52
3959,0,15,0,19,34
3960,0,34,0,18,52
3961,0,15,0,18,33
3962,0,35,0,16,51
3964,0,31,0,18,49
3966,0,33,0,19,52
3967,0,15,0,19,34
3970,0,34,0,16,50
3973,0,17,0,16,33
3974,0,33,0,19,52
3975,0,17,0,19,36
3976,0,35,0,16,51
3978,0,33,0,16,49
3980,0,32,0,18,50
3981,0,16,0,18,34
3983,0,16,0,16,32
3984,0,32,0,18,50
3986,0,35,0,15,50
3987,0,17,0,15,32
3988,0,33,0,16,49
3990,0,34,0,17,51
3991,0,18,0,17,35
3992,0,34,0,16,50
3993,0,17,0,16,33
3994,0,33,0,15,48
3995,0,17,0,15,32
3996,0,33,0,17,50
3997,0,18,0,17,35
3999,0,15,0,18,33
4000,0,35,0,16,51
4002,0,33,0,16,49
4005,0,16,0,18,34
4006,0,34,0,16,50
4007,0,16,0,16,32
4008,0,34,0,15,49
4010,0,34,0,15,49
4011,0,19,0,15,34
4012,0,32,0,18,50
4014,0,34,0,17,51
4016,0,33,0,16,49
4019,0,17,0,17,34
4020,0,34,0,15,49
4021,0,17,0,15,32
4022,0,32,0,18,50
4023,0,17,0,18,35
4024,0,33,0,18,51
4026,0,36,0,15,51
4027,0,18,0,15,33
4028,0,32,0,16,48
4029,0,17,0,16,33
4030,0,33,0,16,49
4031,0,17,0,16,33
4032,0,33,0,16,49
4033,0,17,0,16,33
4034,0,31,0,19,50
4035,0,15,0,19,34
4036,0,37,0,16,53
4037,0,18,0,16,34
4042,0,33,0,15,48
4043,0,16,0,15,31
4045,0,18,0,15,33
4046,0,32,17,16,65
4047,0,17,17,16,50
4048,0,33,0,18,51
4049,0,16,0,18,34
4051,0,17,0,16,33
4052,0,33,16,21,70
4053,0,17,16,21,54
4055,0,21,0,29,50
4057,0,17,0,17,34
4058,0,33,0,19,52
4060,0,36,0,16,52
4061,0,17,0,16,33
4062,0,32,0,17,49
4063,0,16,0,17,33
4064,0,34,0,14,48
4065,0,17,0,14,31
4066,0,31,0,16,47
4067,0,17,0,16,33
4068,0,36,0,16,52
4069,0,20,0,16,36
4070,0,34,0,16,50
4071,0,18,0,16,34
4072,0,30,0,17,47
4073,0,14,0,17,31
4074,0,34,0,18,52
4075,0,17,0,18,35
4076,0,34,0,16,50
4077,0,16,0,16,32
4081,0,16,0,16,32
4082,0,34,0,17,51
4083,0,18,0,17,35
4084,0,31,0,19,50
4085,0,14,0,19,33
4087,0,15,0,15,30
4089,0,20,0,17,37
4090,0,33,0,16,49
4093,0,16,0,19,35
4094,0,36,0,16,52
4095,0,17,0,16,33
4096,0,30,0,18,48
4098,0,36,0,15,51
4100,0,34,0,15,49
4101,0,19,0,15,34
4103,0,15,0,18,33
4104,0,33,0,17,50
4105,0,15,0,17,32
4106,0,36,17,14,67
4107,0,19,17,14,50
4108,0,31,0,19,50
4109,0,14,0,19,33
4110,0,34,0,18,52
4111,0,15,0,18,33
4112,0,39,0,29,68
4114,0,29,0,15,44
4115,0,18,0,15,33
4116,0,33,0,15,48
4117,0,18,0,15,33
4119,0,19,0,14,33
4120,0,30,0,18,48
4121,0,16,0,18,34
4122,0,35,0,18,53
4123,0,17,0,18,35
4124,0,35,0,15,50
4127,0,17,0,18,35
4128,0,33,0,18,51
4129,0,15,0,18,33
4130,0,35,0,15,50
4131,0,17,0,15,32
4133,0,18,0,15,33
4135,0,17,0,17,34
4137,0,16,17,18,51
4138,0,35,0,17,52
4139,0,18,0,17,35
4140,0,34,0,14,48
4142,0,33,0,17,50
4144,0,32,0,18,50
4146,0,33,0,17,50
4147,0,15,0,17,32
4148,0,34,0,16,50
4149,0,17,0,16,33
4150,0,35,0,15,50
4152,0,31,0,20,51
4153,0,16,0,20,36
4154,0,36,13,17,66
4155,0,16,13,17,46
4158,0,34,0,16,50
4161,0,18,0,15,33
4162,0,33,0,17,50
4164,0,34,0,16,50
4165,0,17,0,16,33
4166,0,33,0,17,50
4168,0,34,0,16,50
4169,0,17,0,16,33
4170,0,32,0,16,48
4173,0,18,0,16,34
4175,0,17,0,18,35
4177,0,15,0,18,33
4178,0,33,0,17,50
4179,0,15,0,17,32
4180,0,33,0,19,52
4181,0,16,0,19,35
4182,0,36,0,14,50
4183,0,17,0,14,31
4186,0,32,0,17,49
4187,0,16,0,17,33
4188,0,36,0,15,51
4189,0,19,0,15,34
4190,0,31,0,16,47
4191,0,16,0,16,32
4193,0,17,0,18,35
4195,0,16,0,17,33
4196,0,33,0,16,49
4197,0,16,0,16,32
4198,0,33,0,19,52
4199,0,17,0,19,36
4201,0,16,0,17,33
4202,0,34,0,16,50
4203,0,17,0,16,33
4204,0,33,0,16,49
4206,0,32,0,17,49
4207,0,16,0,17,33
4208,0,33,0,18,51
4209,0,16,0,18,34
4212,0,33,0,16,49
4213,0,15,0,16,31
4214,0,35,0,14,49
4216,0,34,0,14,48
4217,0,20,0,14,34
4218,0,31,0,17,48
4220,0,33,0,18,51
4223,0,15,0,19,34
4225,0,17,0,15,32
4226,0,31,0,19,50
4227,0,16,0,19,35
4228,0,35,0,15,50
4229,0,16,0,15,31
4231,0,17,0,16,33
4232,0,33,0,17,50
4233,0,17,0,17,34
4234,0,34,0,14,48
4235,0,17,0,14,31
4236,0,33,0,18,51
4237,0,19,0,18,37
4238,0,33,0,16,49
4239,0,15,0,16,31
4242,0,33,0,15,48
4244,0,33,0,16,49
4245,0,18,0,16,34
4247,0,17,0,18,35
4248,0,32,0,17,49
4249,0,14,0,17,31
4250,0,34,0,18,52
4251,0,17,0,18,35
4253,0,16,0,15,31
4255,0,19,0,16,35
4257,0,17,0,16,33
4259,0,17,0,17,34
4260,0,33,0,18,51
4263,0,16,0,15,31
4264,0,34,0,15,49
4265,0,19,0,15,34
4266,0,31,0,18,49
4268,0,31,14,24,69
4269,0,13,14,24,51
4270,14,24,0,15,53
4271,0,24,0,15,39
4273,0,18,0,17,35
4276,0,34,0,16,50
4277,0,16,0,16,32
4279,0,18,0,16,34
4282,0,32,18,17,67
4283,0,15,18,17,50
4285,0,17,0,17,34
4286,0,34,0,16,50
4287,0,17,0,16,33
4288,0,30,0,19,49
4290,0,35,0,18,53
4291,0,16,0,18,34
4292,0,33,0,17,50
4293,0,15,0,17,32
4296,0,32,0,17,49
4297,0,16,0,17,33
4298,0,34,0,16,50
4300,0,32,0,17,49
4301,0,16,0,17,33
4302,0,34,0,17,51
4305,0,16,0,17,33
4309,0,17,0,16,33
4310,0,33,0,16,49
4312,0,32,0,16,48
4314,0,35,0,14,49
4315,0,19,0,14,33
4317,0,18,0,18,36
4319,0,16,0,16,32
4320,0,33,0,18,51
4321,0,17,0,18,35
4322,0,34,0,16,50
4324,0,32,0,17,49
4326,0,35,0,16,51
4328,0,33,0,15,48
4330,0,32,0,17,49
4331,0,17,0,17,34
4332,0,34,0,16,50
4334,0,33,0,17,50
4336,0,35,0,16,51
4337,0,18,0,16,34
4338,0,33,0,16,49
4340,0,32,0,18,50
4341,0,16,0,18,34
4343,0,16,0,17,33
4344,0,33,0,17,50
4346,0,34,0,16,50
4349,0,17,0,16,33
4350,0,34,0,16,50
4351,0,18,0,16,34
4352,0,33,0,16,49
4353,0,17,0,16,33
4354,0,32,0,21,53
4355,0,16,0,21,37
4356,0,32,0,20,52
4359,0,16,0,17,33
4360,0,34,0,15,49
4361,0,17,0,15,32
4363,0,17,0,17,34
4364,0,33,0,16,49
4365,0,16,0,16,32
4367,0,18,0,17,35
4368,0,32,0,18,50
4369,0,15,0,18,33
4371,0,16,0,16,32
4376,0,32,0,18,50
4377,0,16,0,18,34
4378,0,34,0,16,50
4379,0,16,0,16,32
4381,0,18,0,16,34
4385,0,15,0,18,33
4386,0,35,0,15,50
4387,0,17,0,15,32
4388,0,33,0,16,49
4389,0,18,0,16,34
4390,0,33,0,16,49
4392,0,32,0,19,51
4393,0,16,0,19,35
4394,0,35,0,15,50
4395,0,16,0,15,31
4396,0,33,16,18,67
4397,0,18,16,18,52
4398,0,34,0,17,51
4399,0,18,0,17,35
4402,0,32,0,19,51
4404,0,34,0,17,51
4406,0,34,0,16,50
4408,0,33,0,17,50
4409,0,17,0,17,34
4410,0,33,0,18,51
4411,0,16,0,18,34
4412,0,34,0,16,50
4414,0,32,18,16,66
4419,0,17,18,15,50
4421,0,15,0,16,31
4422,0,33,0,16,49
4423,0,17,0,16,33
4424,0,34,0,16,50
4425,0,18,0,16,34
4427,0,16,0,17,33
4428,0,35,15,18,68
4429,0,18,15,18,51
4431,0,18,0,17,35
4432,0,34,0,15,49
4433,0,17,0,15,32
4434,0,30,0,19,49
4436,0,35,0,17,52
4437,0,16,0,17,33
4438,0,34,0,16,50
4440,0,33,0,16,49
4441,0,17,0,16,33
4442,0,33,0,17,50
4444,0,35,0,15,50
4445,0,18,0,15,33
4446,0,33,0,16,49
4447,0,18,0,16,34
4449,0,17,0,17,34
4450,0,33,0,15,48
4451,0,16,0,15,31
4452,0,32,0,17,49
4454,0,33,0,18,51
4455,0,16,0,18,34
4456,0,35,0,17,52
4457,0,17,0,17,34
4459,0,15,0,18,33
4460,0,33,0,17,50
4461,0,15,0,17,32
4462,0,34,0,17,51
4464,0,35,0,15,50
4466,0,31,0,19,50
4468,0,35,0,17,52
4470,0,33,0,18,51
4471,0,16,0,18,34
4472,0,35,0,17,52
4473,0,17,0,17,34
4474,0,32,0,17,49
4476,0,33,0,17,50
4477,0,16,0,17,33
4478,0,34,0,15,49
4480,0,33,0,16,49
4482,0,43,26,15,84
4483,0,27,26,15,68
4484,0,26,0,15,41
4486,0,33,0,16,49
4489,0,17,0,16,33
4490,0,33,0,18,51
4491,0,17,0,18,35
4493,0,15,0,17,32
4494,0,34,16,16,66
4495,0,17,16,16,49
4496,0,32,0,19,51
4497,0,16,0,19,35
4499,0,16,0,15,31
4500,0,33,0,17,50
4501,0,18,0,17,35
4502,0,34,0,16,50
4503,0,17,0,16,33
4504,0,32,0,18,50
4506,0,33,0,17,50
4507,0,15,0,17,32
4508,0,35,0,16,51
4510,0,32,0,17,49
4511,0,16,0,17,33
4512,0,34,0,16,50
4514,0,33,0,16,49
4515,0,17,0,16,33
4516,0,34,0,16,50
4517,0,18,0,16,34
4518,0,33,0,16,49
4519,0,17,0,16,33
4521,0,19,0,31,50
4523,0,16,0,16,32
4526,0,33,0,17,50
4528,0,34,0,16,50
4530,0,33,0,17,50
4532,0,32,0,19,51
4533,0,15,0,19,34
4534,0,32,0,18,50
4536,0,36,0,16,52
4538,0,33,0,16,49
4539,0,17,0,16,33
4540,0,35,0,16,51
4541,0,19,0,16,35
4542,0,32,16,17,65
4543,0,16,16,17,49
4544,0,33,0,17,50
4545,0,17,0,17,34
4547,0,16,0,17,33
4548,0,34,17,16,67
4549,0,17,17,16,50
4550,0,33,0,17,50
4552,0,33,0,17,50
4555,0,17,16,18,51
4556,0,34,0,17,51
4557,0,18,0,17,35
4559,0,17,15,17,49
4560,0,32,0,16,48
4561,0,17,0,16,33
4565,0,15,0,16,31
4566,0,33,0,16,49
4569,0,16,18,16,50
4572,0,34,0,16,50
4573,0,16,0,16,32
4574,0,34,0,16,50
4576,0,32,0,17,49
4577,0,16,0,17,33
4579,0,18,0,15,33
4580,0,33,0,16,49
4581,0,18,0,16,34
4582,0,33,0,16,49
4583,0,17,0,16,33
4584,0,34,0,16,50
4585,0,18,0,16,34
4586,0,32,0,16,48
4587,0,16,0,16,32
4589,0,17,0,17,34
4590,0,37,0,18,55
4591,0,20,0,18,38
4592,0,18,0,15,33
4593,0,32,0,18,50
4594,0,17,0,18,35
4597,0,35,0,17,52
4600,0,17,0,15,32
4601,0,33,0,15,48
4602,0,18,0,15,33
4603,0,33,0,16,49
4606,0,17,0,18,35
4607,0,34,0,20,54
4608,0,16,0,20,36
4609,0,33,0,18,51
4611,0,33,0,17,50
4612,0,15,0,17,32
4613,0,34,0,16,50
4615,0,33,0,18,51
4617,0,33,0,16,49
4618,0,15,0,16,31
4619,0,33,0,18,51
4621,0,34,0,17,51
4622,0,16,0,17,33
4624,0,15,0,19,34
4627,0,32,0,18,50
4628,0,16,0,18,34
4629,0,33,0,19,52
4633,0,33,0,16,49
4634,0,16,0,16,32
4636,0,16,0,20,36
4637,0,33,0,19,52
4638,0,13,0,19,32
4639,0,34,0,17,51
4640,0,15,0,17,32
4641,0,34,0,16,50
4645,0,22,0,18,40
4646,19,34,0,16,69
4647,0,34,0,16,50
4649,0,33,0,17,50
4650,0,17,0,17,34
4652,0,14,0,16,30
4653,0,33,0,19,52
4655,0,36,0,16,52
4657,0,32,0,17,49
4658,0,16,0,17,33
4660,0,17,0,18,35
4661,0,32,0,20,52
4663,0,33,0,17,50
4664,0,13,0,17,30
4665,0,34,0,19,53
4667,0,34,0,17,51
4669,0,33,0,18,51
4670,0,16,0,18,34
4676,0,16,0,17,33
4677,0,35,0,16,51
4678,0,18,0,16,34
4679,0,33,0,17,50
4682,0,16,0,16,32
4683,0,32,0,18,50
4684,0,16,0,18,34
4685,0,36,0,15,51
4686,0,18,0,15,33
4687,0,34,0,16,50
4688,0,19,0,16,35
4689,0,33,0,14,47
4691,0,32,0,16,48
4694,0,20,0,13,33
4695,0,30,0,18,48
4697,0,34,0,14,48
4700,0,19,0,18,37
4701,0,36,0,14,50
4702,0,18,0,14,32
4705,0,33,0,15,48
4707,0,32,0,18,50
4708,0,17,0,18,35
4709,0,33,0,16,49
4710,0,15,0,16,31
4711,0,33,0,17,50
4712,0,17,0,17,34
4713,0,34,0,17,51
4715,0,33,0,18,51
4716,0,16,0,18,34
4717,0,34,0,17,51
4720,0,18,0,14,32
4721,0,31,0,17,48
4722,0,17,0,17,34
4723,0,34,0,16,50
4725,0,33,0,17,50
4727,0,35,0,31,66
4728,0,18,0,31,49
4729,0,31,0,21,52
4730,0,37,0,16,53
4731,16,16,0,16,48
4732,0,16,0,16,32
4733,0,33,0,16,49
4734,0,17,0,16,33
4736,0,18,0,17,35
4738,0,15,0,18,33
4739,0,35,0,16,51
4741,0,34,14,17,65
4742,0,18,14,17,49
4745,0,33,0,18,51
4746,0,14,0,18,32
4747,0,35,0,17,52
4748,0,17,0,17,34
4749,0,34,0,15,49
4750,0,17,0,15,32
4751,0,33,0,16,49
4752,0,18,0,16,34
4753,0,33,0,16,49
4755,0,33,0,17,50
4756,0,17,0,17,34
4757,0,32,0,17,49
4758,0,15,0,17,32
4759,0,35,0,15,50
4762,0,18,16,18,52
4763,0,34,0,17,51
4765,0,32,0,18,50
4766,0,15,0,18,33
4767,0,34,0,15,49
4768,0,16,0,15,31
4769,0,34,0,16,50
4770,0,19,0,16,35
4772,0,17,0,17,34
4773,0,33,0,16,49
4774,0,16,0,16,32
4775,0,32,0,17,49
4777,0,34,0,17,51
4778,0,17,0,17,34
4779,0,33,0,18,51
4781,0,35,0,16,51
4782,0,17,0,16,33
4783,0,33,0,16,49
4785,0,38,0,12,50
4787,0,28,0,17,45
4788,0,16,0,17,33
4792,0,17,0,16,33
4793,0,32,0,18,50
4795,0,35,0,16,51
4797,0,32,0,16,48
4798,0,16,0,16,32
4799,0,33,0,18,51
4800,0,17,0,18,35
4801,0,33,0,18,51
4802,0,15,0,18,33
4803,0,34,0,17,51
4806,0,18,0,14,32
4808,0,17,0,19,36
4809,0,35,0,18,53
4810,0,16,0,18,34
4811,0,33,0,17,50
4812,0,15,0,17,32
4813,0,34,0,16,50
4814,0,17,0,16,33
4819,0,33,0,16,49
4820,0,17,0,16,33
4821,0,32,0,16,48
4822,0,16,0,16,32
4825,0,34,0,15,49
4826,0,18,0,15,33
4827,0,32,0,16,48
4828,0,17,0,16,33
4831,0,37,0,17,54
4832,0,16,0,17,33
4833,0,34,0,16,50
4834,0,17,0,16,33
4835,0,33,0,14,47
4836,0,17,0,14,31
4837,0,33,0,16,49
4839,0,33,0,16,49
4840,0,17,0,16,33
4842,0,17,0,17,34
4843,0,34,0,15,49
4844,0,17,0,15,32
4845,0,36,0,12,48
4846,0,21,0,12,33
4847,0,29,0,17,46
4849,0,33,0,18,51
4851,0,35,0,16,51
4854,0,17,0,16,33
4855,0,34,0,16,50
4856,0,18,0,16,34
4857,0,32,0,16,48
4858,0,16,0,16,32
4859,0,35,0,16,51
4860,0,19,0,16,35
4861,0,33,0,15,48
4862,0,17,0,15,32
4863,0,33,0,15,48
4864,0,18,0,15,33
4865,0,32,0,17,49
4866,0,17,0,17,34
4870,0,18,0,16,34
4871,0,34,0,15,49
4872,0,18,0,15,33
4874,0,17,0,17,34
4875,0,34,0,15,49
4876,0,17,0,15,32
4877,0,33,0,16,49
4878,0,18,0,16,34
4880,0,17,17,16,50
4881,0,33,0,17,50
4887,0,33,0,16,49
4888,0,17,0,16,33
4889,0,33,0,17,50
4891,0,34,0,18,52
4893,0,33,17,17,67
4894,0,15,17,17,49
4895,0,34,0,17,51
4898,0,16,0,17,33
4901,0,33,16,17,66
4902,0,17,16,17,50
4903,0,33,0,16,49
4904,0,17,0,16,33
4905,0,35,16,17,68
4906,0,19,16,17,52
4907,0,33,0,15,48
4908,0,17,0,15,32
4909,0,32,0,17,49
4910,0,17,0,17,34
4911,0,35,0,16,51
4914,0,18,0,15,33
4915,0,31,0,17,48
4916,0,16,0,17,33
4917,0,34,0,16,50
4918,0,17,0,16,33
4920,0,17,0,16,33
4922,0,16,0,18,34
4924,0,16,0,18,34
4925,0,34,0,16,50
4926,0,16,0,16,32
4927,0,33,0,18,51
4928,0,17,0,18,35
4929,0,35,0,16,51
4930,0,17,0,16,33
4931,0,33,0,17,50
4933,0,33,0,16,49
4934,0,16,0,16,32
4935,0,34,0,16,50
4936,0,18,0,16,34
4937,0,33,0,16,49
4938,0,17,0,16,33
4942,0,18,0,16,34
4943,0,33,0,17,50
4944,0,17,0,17,34
4945,0,33,0,16,49
4946,0,16,0,16,32
4947,0,35,0,14,49
4948,0,19,0,14,33
4950,0,18,0,17,35
4952,0,15,0,18,33
4953,0,34,0,17,51
4954,0,16,0,17,33
4956,0,18,0,15,33
4957,0,31,0,17,48
4958,0,16,0,17,33
4959,0,34,0,17,51
4960,0,17,0,17,34
4961,0,33,0,16,49
4962,0,16,0,16,32
4963,0,33,0,17,50
4964,0,17,0,17,34
4965,0,34,0,18,52
4966,0,17,0,18,35
4968,0,17,0,14,31
4969,0,31,0,19,50
4970,0,17,0,19,36
4971,0,35,0,17,52
4972,0,16,0,17,33
4974,0,16,0,15,31
4978,0,17,0,16,33
4979,0,33,16,16,65
4980,0,17,16,16,49
4981,0,32,18,16,66
4982,0,16,18,16,50
4985,0,34,0,17,51
4986,0,16,0,17,33
4987,0,32,18,16,66
4988,0,15,18,16,49
4989,0,34,0,17,51
4991,0,33,0,17,50
4992,0,16,0,17,33
4995,0,35,0,13,48
4997,0,33,0,15,48
4999,0,31,0,16,47
5000,0,16,0,16,32
5003,0,33,0,16,49
5004,0,18,0,16,34
5006,0,15,0,17,32
5007,0,36,0,17,53
5008,0,19,0,17,36
5010,0,16,0,16,32
5013,0,34,0,17,51
5014,0,17,0,17,34
5015,0,33,0,17,50
5016,0,16,0,17,33
5019,0,34,0,17,51
5020,0,18,0,17,35
5021,0,32,16,19,67
5022,0,15,16,19,50
5023,0,35,0,16,51
5024,0,19,0,16,35
5026,0,17,0,16,33
5027,0,33,0,15,48
5028,0,17,0,15,32
5029,0,33,0,18,51
5030,0,18,0,18,36
5032,0,14,0,18,32
5033,0,36,0,16,52
5034,0,18,0,16,34
5035,0,31,0,19,50
5036,0,15,0,19,34
5037,0,36,0,16,52
5040,0,16,0,15,31
5042,0,19,0,17,36
5044,0,14,0,18,32
5045,0,35,0,17,52
5046,0,17,0,17,34
5047,0,34,0,16,50
5049,0,32,0,16,48
5050,0,16,0,16,32
5052,0,19,0,17,36
5053,0,34,0,15,49
5055,0,32,0,15,47
5057,0,32,0,18,50
5058,0,17,0,18,35
5060,0,16,0,18,34
5061,0,33,0,18,51
5062,0,15,0,18,33
5064,0,16,0,17,33
5065,0,35,0,15,50
5066,0,18,0,15,33
5067,0,31,0,17,48
5068,0,16,0,17,33
5070,0,16,0,19,35
5071,0,34,0,20,54
5072,0,15,0,20,35
5075,0,32,0,17,49
5076,0,16,0,17,33
5077,0,33,0,19,52
5078,0,16,0,19,35
5079,0,35,0,16,51
5080,0,16,0,16,32
5081,0,34,0,16,50
5083,0,32,0,17,49
5084,0,16,0,17,33
5085,0,33,0,19,52
5088,0,15,0,18,33
5090,0,16,0,16,32
5091,0,34,0,16,50
5092,0,18,0,16,34
5093,0,33,0,15,48
5094,0,17,0,15,32
5095,0,32,0,16,48
5096,0,17,0,16,33
5097,0,35,0,16,51
5098,0,19,0,16,35
5100,0,16,0,16,32
5101,0,34,0,16,50
5102,0,18,0,16,34
5103,0,33,0,17,50
5105,0,33,0,16,49
5108,0,18,0,16,34
5109,0,32,0,18,50
5110,0,16,0,18,34
5111,0,34,0,16,50
5113,0,32,0,18,50
5114,0,16,0,18,34
5116,0,16,0,18,34
5117,0,33,0,18,51
5118,0,15,0,18,33
5119,0,35,0,16,51
5124,0,19,0,15,34
5125,0,33,0,15,48
5126,0,18,0,15,33
5127,0,34,0,15,49
5129,0,31,0,18,49
5130,0,16,0,18,34
5133,0,30,0,18,48
5134,0,17,0,18,35
5135,0,38,0,13,51
5136,0,20,0,13,33
5137,0,32,0,14,46
5138,0,19,0,14,33
5139,0,33,0,16,49
5141,0,32,0,16,48
5142,0,16,0,16,32
5143,0,33,0,16,49
5144,0,17,0,16,33
5145,0,34,0,15,49
5146,0,18,0,15,33
5147,0,32,0,18,50
5148,0,17,0,18,35
5149,0,33,0,16,49
5150,0,15,0,16,31
5152,0,20,0,17,37
5154,0,15,0,16,31
5155,0,32,0,19,51
5156,0,16,0,19,35
5158,0,15,0,17,32
5161,0,33,0,18,51
5162,0,15,0,18,33
5164,0,14,19,17,50
5165,0,36,0,15,51
5166,0,17,0,15,32
5167,0,51,0,4,55
5168,0,36,0,4,40
5169,0,4,15,17,36
5170,15,32,0,18,65
5171,0,32,0,18,50
5172,0,15,0,18,33
5175,0,33,0,16,49
5176,0,16,0,16,32
5177,0,33,0,17,50
5179,0,33,0,17,50
5181,0,35,0,17,52
5182,0,18,0,17,35
5183,0,32,0,18,50
5184,0,15,0,18,33
5185,0,35,0,16,51
5187,0,33,0,17,50
5188,0,17,0,17,34
5189,0,33,0,16,49
5190,0,16,0,16,32
5191,0,32,0,18,50
5192,0,16,0,18,34
5193,0,33,0,20,53
5194,0,15,0,20,35
5196,0,19,16,16,51
5197,0,16,0,16,32
5198,0,32,0,35,67
5201,0,19,0,16,35
5202,0,33,0,16,49
5203,0,17,0,16,33
5204,0,33,0,16,49
5205,0,17,0,16,33
5206,0,33,0,17,50
5207,0,17,0,17,34
5208,0,34,0,17,51
5209,0,17,0,17,34
5210,0,33,0,33,66
5211,0,16,0,33,49
5213,0,18,0,17,35
5215,0,16,0,18,34
5216,0,35,0,17,52
5218,0,34,0,16,50
5219,0,17,0,16,33
5220,0,47,0,18,65
5222,0,17,0,18,35
5223,0,18,0,16,34
5225,0,34,0,16,50
5229,0,16,0,17,33
5231,0,17,0,16,33
5232,0,52,0,14,66
5233,0,36,0,14,50
5234,0,20,0,14,34
5235,0,14,0,17,31
5236,0,34,0,34,68
5238,0,34,0,17,51
5239,0,18,0,17,35
5240,0,33,0,17,50
5241,0,16,0,17,33
5243,0,16,0,17,33
5244,0,34,0,16,50
5247,0,17,0,17,34
5248,0,33,0,18,51
5249,0,16,0,18,34
5250,0,34,0,16,50
5252,0,32,0,17,49
5253,0,16,0,17,33
5256,0,32,0,17,49
5257,0,16,0,17,33
5258,0,34,0,17,51
5260,0,32,0,17,49
5261,0,15,0,17,32
5262,0,35,0,16,51
5265,0,16,0,18,34
5266,0,34,0,33,67
5267,0,16,0,33,49
5268,0,33,0,16,49
5269,0,17,0,16,33
5271,0,18,0,17,35
5272,0,34,0,16,50
5273,0,17,0,16,33
5274,0,32,0,35,67
5275,0,16,0,35,51
5276,0,35,0,17,52
5278,0,32,0,18,50
5279,0,15,0,18,33
5282,0,32,0,17,49
5283,0,16,0,17,33
5284,0,35,0,33,68
5286,0,33,0,16,49
5289,0,17,0,17,34
5290,0,33,0,17,50
5293,0,16,0,18,34
5294,0,34,0,16,50
5297,0,34,0,17,51
5298,0,18,0,17,35
5299,0,17,0,17,34
5300,0,50,0,17,67
5301,0,33,0,17,50
5302,0,18,0,17,35
5303,0,17,0,17,34
5305,0,17,0,16,33
5306,0,32,0,16,48
5307,0,16,0,16,32
5308,0,50,0,16,66
5310,0,18,0,16,34
5312,0,33,0,17,50
5313,0,17,0,17,34
5315,0,16,0,17,33
5316,0,34,0,17,51
5317,0,17,0,17,34
5318,0,33,17,18,68
5322,0,32,16,18,66
5323,0,17,16,18,51
5324,0,34,0,17,51
5325,0,18,0,17,35
5326,0,50,0,16,66
5327,0,33,0,16,49
5328,0,18,0,16,34
5329,0,16,0,17,33
5330,0,33,0,17,50
5333,0,16,0,18,34
5335,0,16,0,17,33
5336,0,35,0,15,50
5337,0,18,0,15,33
5338,0,48,0,18,66
5339,0,33,0,18,51
5340,0,17,0,18,35
5341,0,18,0,16,34
5342,0,32,0,17,49
5343,0,16,0,17,33
5346,0,18,0,34,52
5347,0,34,0,16,50
5348,0,19,0,16,35
5349,0,16,0,18,34
5350,0,35,0,30,65
5351,0,17,0,30,47
5353,16,18,0,16,50
5355,0,16,0,35,51
5357,0,19,0,16,35
5358,0,33,0,16,49
5359,0,17,0,16,33
5361,0,17,0,17,34
5362,0,50,0,35,85
5364,0,18,0,35,53
5366,0,20,0,14,34
5367,0,14,0,18,32
5368,0,34,0,17,51
5369,0,16,0,17,33
5371,0,16,0,17,33
5372,0,33,0,17,50
5374,0,33,0,19,52
5375,0,16,0,19,35
5378,0,35,0,16,51
5380,0,33,0,16,49
5382,0,32,0,17,49
5385,0,17,0,16,33
5387,0,17,0,16,33
5388,0,33,0,34,67
5389,0,17,0,34,51
5390,0,34,0,17,51
5393,0,16,0,16,32
5394,0,51,16,17,84
5395,0,35,16,17,68
5397,0,16,0,17,33
5400,0,34,0,17,51
5401,0,18,0,17,35
5402,0,33,0,16,49
5403,0,16,0,16,32
5406,0,33,0,33,66
5407,0,15,0,33,48
5408,0,33,0,33,66
5411,0,17,0,18,35
5412,0,34,0,16,50
5413,0,16,0,16,32
5415,0,17,0,17,34
5416,0,34,0,34,68
5417,0,17,0,34,51
5418,0,34,0,16,50
5419,0,18,0,16,34
5421,0,17,0,16,33
5422,0,50,0,16,66
5425,0,16,0,17,33
5426,0,34,0,16,50
5427,0,17,0,16,33
5428,0,33,0,18,51
5429,0,17,0,18,35
5431,0,31,0,18,49
5432,0,17,0,18,35
5433,0,18,0,17,35
5434,0,34,0,16,50
5435,0,17,0,16,33
5436,0,32,0,18,50
5438,0,34,0,17,51
5440,0,33,0,33,66
5442,0,33,0,17,50
5444,0,34,0,33,67
5447,0,18,0,17,35
5448,0,33,0,16,49
5449,0,16,0,16,32
5450,0,33,0,34,67
5451,0,17,0,34,51
5453,0,18,0,17,35
5454,0,33,0,16,49
5455,0,16,0,16,32
5456,0,51,0,17,68
5457,0,35,0,17,52
5458,0,18,0,17,35
5459,0,17,0,16,33
5460,0,32,0,17,49
5461,0,16,0,17,33
5462,0,33,0,34,67
5464,0,34,0,17,51
5465,0,18,0,17,35
5466,0,34,0,16,50
5467,0,17,0,16,33
5468,0,49,16,17,82
5469,0,33,16,17,66
5470,0,17,16,17,50
5473,0,17,0,34,51
5474,0,34,0,16,50
5476,0,33,0,16,49
5479,0,34,0,16,50
5480,0,18,0,16,34
5481,0,16,0,17,33
5482,0,33,0,19,52
5483,0,16,0,19,35
5486,0,19,0,15,34
5487,0,15,0,17,32
5488,0,34,0,16,50
5489,0,17,0,16,33
5490,0,33,0,16,49
5492,0,34,16,35,85
5493,0,18,16,35,69
5494,0,51,0,16,67
5495,0,35,0,16,51
5497,0,16,0,16,32
5498,0,32,0,18,50
5499,0,16,0,18,34
5500,0,35,0,15,50
5501,0,17,0,15,32
5502,0,50,0,16,66
5504,0,19,0,16,35
5505,0,16,0,17,33
5506,0,33,0,17,50
5508,0,34,0,16,50
5509,0,17,0,16,33
5512,0,35,0,16,51
5513,0,18,0,16,34
5516,0,50,0,17,67
5519,0,17,0,17,34
5521,0,16,0,17,33
5522,0,34,0,17,51
5523,0,17,0,17,34
5524,0,34,0,15,49
5525,0,17,0,15,32
5528,0,32,0,16,48
5531,0,33,0,18,51
5534,0,34,0,17,51
5537,0,15,0,17,32
5538,0,34,0,15,49
5539,0,17,0,15,32
5541,0,17,0,17,34
5543,0,16,0,17,33
5544,0,35,0,16,51
5545,0,18,0,16,34
5546,0,33,0,33,66
5547,0,17,0,33,50
5548,0,33,0,33,66
5549,0,18,0,33,51
5550,0,33,0,16,49
5551,0,17,0,16,33
5553,0,18,0,16,34
5554,0,33,0,16,49
5555,0,17,0,16,33
5556,0,33,0,34,67
5557,0,17,0,34,51
5558,0,34,0,16,50
5561,0,16,0,34,50
5563,0,17,0,18,35
5564,0,33,0,18,51
5565,0,15,0,18,33
5567,0,17,16,16,49
5568,0,32,0,18,50
5569,0,16,0,18,34
5571,0,16,17,17,50
5572,0,34,0,16,50
5573,0,17,0,16,33
5574,0,33,0,16,49
5577,0,16,0,17,33
5578,0,35,0,17,52
5580,0,34,0,17,51
5582,0,33,0,16,49
5584,0,32,0,16,48
5587,0,34,0,17,51
5588,0,18,0,17,35
5589,0,17,0,18,35
5590,0,33,0,16,49
5593,0,18,0,17,35
5594,0,34,0,15,49
5595,0,17,0,15,32
5599,0,16,0,16,32
5600,0,51,0,33,84
5601,0,35,0,33,68
5602,0,18,0,33,51
5604,0,18,0,17,35
5605,0,17,0,17,34
5608,0,34,0,16,50
5610,0,32,0,17,49
5611,0,16,0,17,33
5613,0,17,0,15,32
5614,0,32,0,17,49
5615,0,17,0,17,34
5618,0,35,15,17,67
5620,0,32,0,17,49
5621,0,17,0,17,34
5622,0,34,16,18,68
5623,0,17,16,18,51
5625,0,18,0,15,33
5626,0,33,0,15,48
5629,0,19,0,15,34
5630,0,33,0,17,50
5631,0,18,0,17,35
5632,0,32,0,18,50
5633,0,15,0,18,33
5635,0,17,0,14,31
5637,0,18,0,16,34
5638,0,34,0,15,49
5640,0,32,0,17,49
5641,0,17,0,17,34
5642,0,34,0,16,50
5643,0,17,0,16,33
5644,0,34,0,17,51
5645,0,18,0,17,35
5646,0,34,0,15,49
5648,0,31,0,17,48
5652,0,36,0,13,49
5653,0,19,0,13,32
5654,0,31,0,24,55
5655,0,18,0,24,42
5657,0,12,0,15,27
5658,15,15,0,17,47
5661,0,16,0,17,33
5663,0,16,0,18,34
5664,0,34,0,17,51
5665,0,16,0,17,33
5666,0,33,0,18,51
5667,0,16,0,18,34
5668,0,35,0,16,51
5669,0,17,0,16,33
5671,0,16,0,16,32
5672,0,35,0,16,51
5673,0,19,0,16,35
5675,0,17,0,16,33
5677,0,16,0,17,33
5678,0,35,0,15,50
5679,0,18,0,15,33
5680,0,32,0,18,50
5681,0,17,0,18,35
5682,0,33,0,18,51
5684,0,34,0,33,67
5686,0,33,0,16,49
5687,0,18,0,16,34
5689,0,17,0,17,34
5690,0,34,0,16,50
5691,0,17,0,16,33
5693,0,18,0,30,48
5695,0,5,15,16,36
5697,0,16,0,17,33
5698,0,33,0,18,51
5699,0,16,0,18,34
5700,0,35,0,15,50
5703,0,16,0,17,33
5704,0,35,0,15,50
5705,0,18,0,15,33
5706,0,32,0,19,51
5707,0,17,0,19,36
5708,0,34,0,16,50
5709,0,15,0,16,31
5710,0,34,0,16,50
5712,0,32,0,17,49
5713,0,16,0,17,33
5715,0,17,0,17,34
5716,0,33,0,18,51
5717,0,16,0,18,34
5719,0,18,0,15,33
5721,0,15,0,18,33
5722,0,34,0,17,51
5723,0,16,0,17,33
5724,0,35,0,17,52
5729,0,19,0,17,36
5731,0,16,0,16,32
5732,0,33,0,16,49
5733,0,17,0,16,33
5736,0,32,0,19,51
5737,0,16,0,19,35
5738,0,52,0,31,83
5739,0,33,0,31,64
5741,0,31,0,18,49
5742,0,17,0,18,35
5743,0,18,0,16,34
5744,0,34,0,15,49
5746,0,33,0,16,49
5748,0,32,0,18,50
5751,0,15,0,19,34
5752,0,34,0,17,51
5753,0,15,0,17,32
5755,0,18,0,16,34
5756,0,32,0,16,48
5757,0,16,0,16,32
5758,0,35,0,32,67
5759,0,19,0,32,51
5760,0,32,0,17,49
5763,0,17,0,15,32
5765,0,18,0,16,34
5766,0,33,0,16,49
5767,0,17,0,16,33
5768,0,50,0,33,83
5769,0,34,0,33,67
5770,0,18,0,33,51
5773,0,16,0,17,33
5774,0,34,0,16,50
5778,0,33,0,16,49
5783,0,17,0,16,33
5784,0,34,0,15,49
5785,0,18,0,15,33
5786,0,32,0,31,63
5787,0,17,0,31,48
5788,0,50,0,16,66
5789,0,35,0,16,51
5791,0,16,0,17,33
5792,0,33,0,34,67
5793,0,16,0,34,50
5794,0,34,0,16,50
5795,0,18,0,16,34
5796,0,51,0,16,67
5797,0,35,0,16,51
5798,0,19,0,16,35
5799,0,16,0,17,33
5800,0,33,0,18,51
5801,0,16,0,18,34
5802,0,34,0,16,50
5803,0,16,0,16,32
5804,0,32,0,35,67
5805,0,16,0,35,51
5806,0,35,0,33,68
5807,0,19,0,33,52
5808,0,33,0,16,49
5809,0,18,0,16,34
5811,0,34,0,17,51
5813,0,17,0,33,50
5816,0,32,0,17,49
5817,0,17,0,17,34
5818,0,35,0,16,51
5819,0,18,0,16,34
5820,0,33,0,16,49
5821,0,17,0,16,33
5823,0,16,0,35,51
5824,0,35,0,17,52
5826,0,33,0,15,48
5827,0,16,0,15,31
5828,0,33,0,16,49
5829,0,18,0,16,34
5830,0,33,0,34,67
5831,0,17,0,34,51
5832,0,34,0,16,50
5834,0,34,0,16,50
5835,0,18,0,16,34
5836,0,31,0,17,48
5840,0,18,0,16,34
5842,0,52,0,15,67
5843,0,36,0,15,51
5844,0,19,0,15,34
5845,0,15,0,17,32
5846,0,33,0,34,67
5848,0,34,0,17,51
5849,0,18,0,17,35
5850,0,33,0,16,49
5854,0,34,0,16,50
5856,0,33,17,17,67
5857,0,17,17,17,51
5858,0,34,0,33,67
5859,0,17,0,33,50
5860,0,33,0,16,49
5861,0,18,0,16,34
5862,0,34,0,17,51
5863,0,18,0,17,35
5864,0,33,0,16,49
5865,0,16,0,16,32
5866,0,32,0,19,51
5867,0,16,0,19,35
5868,0,35,0,16,51
5869,0,16,0,16,32
5870,0,33,0,17,50
5871,0,17,0,17,34
5872,0,50,0,16,66
5874,0,20,0,16,36
5875,0,16,0,17,33
5876,0,33,0,18,51
5877,0,16,0,18,34
5880,0,36,0,14,50
5881,0,18,0,14,32
5882,0,30,0,18,48
5883,0,16,0,18,34
5884,0,35,17,16,68
5885,0,17,17,16,50
5886,0,33,0,16,49
5888,0,32,0,18,50
5889,0,16,0,18,34
5890,0,34,0,17,51
5891,0,16,0,17,33
5892,0,34,16,16,66
5893,0,17,16,16,49
5894,0,32,0,18,50
5896,0,35,0,15,50
5897,0,17,0,15,32
5898,0,33,0,16,49
5899,0,18,0,16,34
5900,0,32,0,18,50
5901,0,16,0,18,34
5902,0,34,0,16,50
5903,0,16,0,16,32
5904,0,49,0,17,66
5905,0,33,0,17,50
5906,0,17,0,17,34
5907,0,17,0,17,34
5909,0,16,0,19,35
5910,0,36,0,16,52
5911,0,17,0,16,33
5912,0,33,0,15,48
5914,0,33,0,32,65
5918,0,34,0,17,51
5919,0,16,0,17,33
5920,0,34,0,16,50
5922,0,32,0,35,67
5923,0,16,0,35,51
5924,0,35,0,31,66
5926,0,49,0,17,66
5927,0,35,0,17,52
5928,0,18,0,17,35
5930,0,33,0,17,50
5931,0,17,0,17,34
5935,0,16,0,17,33
5936,0,33,0,18,51
5937,0,16,0,18,34
5938,0,33,0,19,52
5941,0,17,0,16,33
5942,0,31,0,35,66
5945,0,19,0,15,34
5946,0,32,0,18,50
5947,0,17,0,18,35
5948,0,33,0,34,67
5949,0,15,0,34,49
5951,0,18,0,17,35
5952,0,50,0,19,69
5953,0,33,0,19,52
5954,0,18,0,19,37
5956,0,32,0,17,49
5957,0,17,0,17,34
5959,0,15,0,18,33
5960,0,34,0,17,51
5961,0,16,0,17,33
5962,0,34,0,19,53
5963,0,17,0,19,36
5964,0,33,0,35,68
5967,0,20,0,14,34
5970,0,51,0,17,68
5971,0,33,0,17,50
5973,0,17,0,17,34
5974,0,33,0,18,51
5976,0,34,0,16,50
5978,0,37,0,14,51
5979,0,21,0,14,35
5980,0,47,0,17,64
5981,0,33,0,17,50
5982,0,19,0,17,36
5983,0,17,0,14,31
5985,0,33,0,19,52
5986,0,16,0,19,35
5987,0,19,0,17,36
5988,0,32,0,17,49
5989,0,15,0,17,32
5990,0,36,0,15,51
5992,0,32,0,17,49
5993,0,17,0,17,34
5994,0,32,0,33,65
5995,0,15,0,33,48
5996,0,52,0,15,67
5997,0,36,0,15,51
