序号,发送->接收,接收->转发,转发->接收,接收->处理,总计
2,0,10,18,17,45
3,18,17,0,19,54
4,0,17,0,19,36
5,0,34,0,16,50
7,0,33,0,18,51
8,0,17,0,18,35
9,0,33,0,18,51
11,0,35,0,14,49
12,0,17,0,14,31
13,0,33,0,16,49
14,0,19,0,16,35
16,0,16,0,17,33
17,0,33,0,17,50
20,0,17,0,16,33
21,0,34,0,16,50
22,0,18,0,16,34
23,0,32,0,19,51
24,0,16,0,19,35
25,0,34,0,18,52
26,0,15,0,18,33
27,0,33,0,17,50
30,0,17,17,15,49
31,0,32,0,18,50
33,0,36,0,15,51
35,0,32,0,18,50
36,0,17,0,18,35
39,0,32,0,16,48
40,0,16,0,16,32
41,0,35,0,15,50
42,0,19,0,15,34
43,0,33,0,17,50
44,0,18,0,17,35
45,0,32,18,15,65
46,0,15,18,15,48
47,0,33,0,18,51
48,0,15,0,18,33
49,0,35,0,16,51
50,0,17,0,16,33
52,0,17,0,16,33
53,0,32,17,17,66
55,0,34,0,17,51
56,0,17,0,17,34
57,0,34,0,16,50
58,0,17,0,16,33
59,0,34,0,15,49
61,0,33,0,15,48
64,0,17,0,17,34
66,0,17,0,18,35
67,0,34,0,16,50
68,0,16,0,16,32
70,0,17,0,16,33
71,0,32,0,17,49
73,0,34,0,18,52
74,0,17,0,18,35
75,0,33,16,19,68
76,0,15,16,19,50
77,0,35,0,15,50
78,0,19,0,15,34
80,0,17,0,18,35
81,0,35,0,15,50
83,0,32,17,16,65
86,0,16,0,18,34
87,0,35,0,15,50
89,0,31,0,18,49
90,0,16,0,18,34
91,0,35,16,18,69
92,0,17,16,18,51
94,0,18,0,15,33
95,0,31,0,16,47
97,0,35,0,16,51
100,0,17,0,17,34
101,0,33,0,16,49
102,0,16,0,16,32
103,0,33,0,18,51
106,0,16,0,16,32
107,0,33,0,16,49
108,0,17,0,16,33
109,0,32,0,19,51
110,0,16,0,19,35
111,0,35,0,15,50
112,0,16,0,15,31
115,0,35,0,16,51
117,0,33,0,17,50
118,0,17,0,17,34
119,0,33,0,16,49
120,0,16,0,16,32
121,0,33,0,18,51
123,0,34,0,15,49
127,0,34,0,16,50
128,0,18,0,16,34
129,0,33,18,15,66
130,0,17,18,15,50
131,0,33,16,17,66
132,0,15,16,17,48
133,0,33,0,18,51
135,0,32,0,19,51
136,0,14,0,19,33
137,0,34,0,19,53
138,0,15,0,19,34
140,0,17,0,15,32
141,0,32,0,15,47
142,0,17,0,15,32
143,0,34,16,17,67
144,0,19,16,17,52
146,0,17,0,17,34
151,0,34,0,16,50
152,0,18,0,16,34
153,0,32,0,18,50
154,0,16,0,18,34
156,0,16,0,17,33
157,0,34,0,16,50
158,0,17,0,16,33
159,0,31,0,18,49
161,0,35,0,16,51
162,0,17,0,16,33
163,0,34,0,16,50
164,0,18,0,16,34
165,0,32,0,18,50
166,0,16,0,18,34
167,0,34,0,18,52
169,0,34,0,15,49
170,0,16,0,15,31
171,0,32,0,17,49
172,0,17,0,17,34
173,0,34,0,17,51
175,0,32,0,17,49
176,0,15,0,17,32
177,0,35,0,15,50
181,0,31,0,18,49
182,0,16,0,18,34
183,0,34,17,16,67
185,0,33,0,18,51
186,0,16,0,18,34
189,0,36,0,15,51
190,0,18,0,15,33
191,0,32,0,16,48
192,0,17,0,16,33
193,0,34,0,17,51
194,0,18,0,17,35
196,0,17,0,15,32
198,0,16,0,18,34
199,0,33,0,17,50
201,0,34,0,17,51
203,0,35,0,16,51
204,0,18,0,16,34
205,0,32,0,17,49
206,0,16,0,17,33
207,0,33,0,19,52
208,0,16,0,19,35
209,0,34,18,16,68
210,0,15,18,16,49
211,0,34,0,15,49
212,0,16,0,15,31
214,0,17,0,18,35
216,0,15,0,18,33
220,0,20,0,13,33
221,0,31,15,17,63
223,0,32,0,18,50
224,0,17,0,18,35
225,0,35,0,14,49
226,0,17,0,14,31
228,0,18,0,17,35
229,0,33,0,17,50
231,0,34,16,16,66
232,0,17,16,16,49
234,0,16,0,18,34
235,0,34,0,17,51
237,0,35,0,16,51
239,0,33,0,15,48
241,0,31,0,19,50
242,0,16,0,19,35
243,0,35,0,16,51
245,0,34,0,16,50
246,0,18,0,16,34
247,0,33,0,17,50
249,0,34,0,17,51
251,0,31,0,17,48
254,0,19,0,15,34
255,0,33,0,16,49
256,0,18,0,16,34
257,0,31,0,19,50
258,0,15,0,19,34
260,0,14,0,17,31
263,0,34,0,18,52
264,0,17,0,18,35
265,0,34,0,15,49
267,0,31,0,17,48
269,0,33,0,18,51
270,0,16,0,18,34
271,0,34,0,18,52
272,0,16,0,18,34
274,0,15,0,17,32
277,0,33,0,15,48
278,0,18,0,15,33
280,0,18,0,18,36
281,0,34,0,16,50
282,0,16,0,16,32
283,0,32,0,18,50
284,0,16,0,18,34
285,0,33,0,18,51
289,0,34,0,18,52
290,0,16,0,18,34
293,0,33,0,17,50
294,0,17,0,17,34
295,0,34,0,17,51
296,0,17,0,17,34
297,0,33,0,17,50
298,0,16,0,17,33
299,0,33,0,17,50
301,0,34,0,16,50
302,0,17,0,16,33
303,0,33,0,18,51
306,0,15,0,16,31
309,0,34,0,16,50
310,0,17,0,16,33
311,0,33,0,16,49
312,0,17,0,16,33
313,0,32,0,18,50
314,0,16,0,18,34
315,0,34,0,17,51
318,0,17,0,17,34
319,0,33,0,17,50
320,0,16,0,17,33
321,0,33,0,17,50
322,0,16,0,17,33
324,0,16,0,16,32
325,0,35,0,16,51
326,0,19,0,16,35
327,0,32,0,17,49
328,0,16,0,17,33
329,0,33,0,17,50
331,0,33,0,18,51
333,0,34,0,15,49
334,0,16,0,15,31
335,0,33,0,16,49
337,0,34,0,15,49
339,0,33,0,17,50
343,0,33,0,17,50
344,0,17,0,17,34
345,0,33,0,16,49
346,0,16,0,16,32
347,0,34,0,16,50
348,0,18,0,16,34
350,0,16,0,18,34
351,0,35,0,16,51
354,0,15,0,19,34
355,0,35,0,17,52
358,0,16,0,15,31
360,0,18,0,16,34
362,0,18,0,15,33
365,0,33,0,19,52
366,0,15,0,19,34
367,0,35,0,15,50
369,0,33,0,15,48
372,0,18,0,16,34
373,0,34,0,18,52
374,0,18,0,18,36
375,0,33,0,17,50
376,0,15,0,17,32
377,0,33,0,15,48
378,0,16,0,15,31
381,0,32,0,15,47
382,0,17,0,15,32
385,0,35,16,16,67
386,0,18,16,16,50
390,0,18,15,19,52
393,0,31,16,18,65
394,0,17,16,18,51
397,0,35,15,17,67
398,0,18,15,17,50
401,0,33,0,16,49
402,0,16,0,16,32
403,0,31,0,20,51
404,0,15,0,20,35
405,0,36,0,16,52
406,0,16,0,16,32
407,0,34,0,17,51
409,0,33,0,17,50
410,0,16,0,17,33
412,0,16,0,16,32
413,0,32,0,19,51
415,0,34,0,17,51
416,0,15,0,17,32
417,0,33,0,19,52
418,0,16,0,19,35
419,0,35,0,16,51
420,0,16,0,16,32
421,0,34,0,16,50
422,0,18,0,16,34
424,0,17,0,15,32
425,0,32,0,17,49
427,0,33,0,16,49
429,0,34,16,18,68
430,0,18,16,18,52
431,0,34,0,15,49
433,0,33,0,17,50
434,0,18,0,17,35
435,0,33,0,16,49
437,0,33,0,16,49
438,0,17,0,16,33
439,0,34,0,16,50
442,0,16,0,16,32
444,0,20,0,14,34
445,0,32,0,15,47
446,0,18,0,15,33
447,0,34,0,15,49
448,0,19,0,15,34
450,0,17,0,16,33
451,0,35,0,15,50
453,0,31,0,17,48
456,0,18,0,16,34
457,0,32,0,18,50
460,0,13,19,17,49
461,19,17,0,16,52
462,0,17,0,16,33
463,0,33,0,17,50
464,0,17,0,17,34
467,0,34,0,17,51
468,0,16,0,17,33
469,0,33,0,16,49
470,0,16,0,16,32
471,0,34,0,17,51
472,0,18,0,17,35
473,0,34,0,16,50
474,0,17,0,16,33
475,0,33,0,15,48
476,0,17,0,15,32
477,0,33,0,16,49
478,0,18,0,16,34
479,0,33,18,15,66
480,0,17,18,15,50
482,0,15,0,16,31
483,0,34,0,17,51
484,0,18,0,17,35
485,0,32,0,17,49
486,0,15,0,17,32
488,0,19,0,14,33
490,0,17,0,17,34
492,0,18,0,16,34
493,0,32,0,18,50
494,0,16,0,18,34
495,0,33,0,17,50
497,0,34,0,16,50
499,0,34,0,16,50
500,0,18,0,16,34
502,0,16,0,17,33
503,0,34,0,17,51
504,0,17,0,17,34
506,0,17,0,16,33
508,0,18,0,14,32
509,0,32,0,17,49
511,0,33,0,17,50
514,0,16,0,17,33
515,0,34,17,16,67
516,0,17,17,16,50
517,0,33,0,16,49
518,0,16,0,16,32
519,0,34,0,16,50
523,0,33,0,16,49
524,0,16,0,16,32
525,0,34,0,14,48
526,0,18,0,14,32
527,0,31,0,18,49
528,0,17,0,18,35
529,0,35,0,16,51
531,0,33,0,16,49
532,0,17,0,16,33
533,0,33,0,17,50
534,0,17,0,17,34
536,0,15,19,16,50
538,0,16,0,16,32
539,0,32,0,17,49
541,0,35,0,16,51
542,0,18,0,16,34
544,0,16,0,16,32
545,0,33,0,19,52
546,0,17,0,19,36
548,0,16,0,15,31
552,0,16,0,19,35
553,0,34,0,17,51
554,0,15,0,17,32
555,0,34,0,17,51
556,0,17,0,17,34
558,0,16,0,17,33
559,0,33,0,18,51
560,0,16,0,18,34
563,0,33,0,18,51
565,0,33,0,19,52
566,0,15,0,19,34
567,0,35,0,16,51
568,0,16,0,16,32
569,0,34,0,15,49
570,0,18,0,15,33
571,0,32,0,17,49
574,0,16,0,17,33
575,0,35,0,15,50
576,0,18,0,15,33
577,0,31,0,19,50
578,0,16,0,19,35
579,0,34,0,18,52
581,0,34,0,16,50
582,0,16,0,16,32
583,0,33,0,16,49
584,0,17,0,16,33
587,0,32,0,16,48
588,0,17,0,16,33
589,0,32,0,17,49
590,0,16,0,17,33
591,0,34,0,18,52
594,0,17,0,16,33
595,0,32,0,16,48
596,0,16,0,16,32
597,0,33,0,18,51
598,0,17,0,18,35
599,0,33,0,18,51
600,0,15,0,18,33
601,0,34,0,17,51
603,0,33,0,17,50
604,0,16,0,17,33
605,0,34,0,17,51
606,0,17,0,17,34
607,0,34,0,16,50
608,0,17,0,16,33
609,0,33,0,17,50
610,0,17,0,17,34
612,0,15,18,16,49
613,0,34,0,17,51
614,0,16,0,17,33
615,0,33,0,18,51
616,0,16,0,18,34
619,0,34,0,15,49
620,0,18,0,15,33
622,0,17,0,17,34
624,0,15,20,15,50
626,0,15,0,15,30
627,0,32,0,18,50
628,0,17,0,18,35
630,0,17,0,15,32
631,0,31,0,17,48
632,0,16,0,17,33
633,0,36,0,14,50
636,0,18,0,17,35
638,0,17,0,17,34
639,0,33,0,15,48
640,0,16,0,15,31
641,0,33,0,17,50
642,0,18,0,17,35
643,0,33,0,17,50
645,0,34,0,15,49
646,0,17,0,15,32
647,0,32,0,18,50
649,0,36,0,14,50
650,0,18,0,14,32
653,0,32,0,18,50
655,0,34,0,16,50
656,0,16,0,16,32
658,0,18,0,17,35
660,0,16,0,18,34
661,0,34,0,17,51
662,0,16,0,17,33
666,0,18,0,16,34
667,0,32,0,16,48
668,0,16,0,16,32
669,0,34,0,17,51
672,0,17,0,16,33
674,0,16,0,17,33
676,0,21,0,11,32
677,0,30,0,16,46
678,0,19,0,16,35
679,0,33,0,17,50
680,0,17,0,17,34
684,0,16,0,16,32
686,0,17,0,18,35
687,0,34,0,16,50
688,0,16,0,16,32
690,0,17,0,16,33
691,0,34,0,16,50
692,0,18,0,16,34
693,0,32,0,17,49
694,0,16,0,17,33
695,0,34,0,17,51
698,0,16,0,17,33
699,0,33,0,16,49
700,0,16,0,16,32
701,0,34,0,16,50
702,0,18,0,16,34
703,0,33,0,16,49
705,0,33,0,18,51
707,0,33,0,17,50
708,0,15,0,17,32
709,0,36,0,13,49
710,0,19,0,13,32
714,0,15,0,16,31
717,0,34,0,17,51
718,0,18,0,17,35
719,0,33,0,17,50
720,0,16,0,17,33
721,0,33,0,17,50
722,0,16,0,17,33
723,0,35,0,14,49
724,0,18,0,14,32
725,0,31,0,19,50
726,0,17,0,19,36
728,0,16,0,16,32
729,0,33,0,16,49
730,0,17,0,16,33
731,0,35,0,15,50
732,0,19,0,15,34
734,0,16,0,18,34
735,0,33,0,17,50
737,0,33,0,18,51
738,0,16,0,18,34
739,0,35,0,16,51
741,0,32,0,17,49
742,0,16,0,17,33
743,0,35,0,16,51
744,0,18,0,16,34
745,0,33,0,16,49
746,0,17,0,16,33
747,0,33,0,20,53
748,0,17,0,20,37
749,0,32,0,18,50
751,0,35,0,16,51
753,0,32,0,18,50
754,0,16,0,18,34
755,0,34,0,16,50
757,0,33,0,17,50
758,0,17,0,17,34
759,0,33,0,18,51
760,0,16,0,18,34
761,0,34,0,18,52
762,0,16,0,18,34
764,0,15,0,18,33
766,0,16,0,17,33
768,0,16,0,17,33
769,0,33,0,16,49
770,0,16,0,16,32
771,0,34,0,16,50
772,0,18,0,16,34
774,0,17,0,17,34
776,0,17,0,16,33
777,0,33,0,18,51
778,0,17,0,18,35
779,0,34,19,13,66
780,0,16,19,13,48
783,0,34,17,16,67
784,0,16,17,16,49
785,0,33,0,18,51
786,0,16,0,18,34
787,0,34,0,17,51
788,0,16,0,17,33
789,0,32,0,16,48
790,0,15,0,16,31
791,0,33,0,18,51
793,0,36,0,15,51
794,0,18,0,15,33
795,0,31,0,17,48
796,0,16,0,17,33
797,0,34,0,17,51
798,0,17,0,17,34
800,0,17,0,15,32
801,0,33,0,16,49
803,0,33,0,16,49
804,0,17,0,16,33
805,0,33,0,17,50
806,0,17,0,17,34
808,0,16,0,18,34
809,0,34,0,17,51
810,0,16,0,17,33
812,0,15,0,17,32
814,0,18,0,16,34
816,0,16,0,18,34
817,0,35,0,16,51
818,0,17,0,16,33
819,0,32,0,18,50
820,0,16,0,18,34
822,0,17,0,15,32
823,0,32,0,17,49
825,0,33,0,18,51
826,0,16,0,18,34
827,0,35,0,15,50
828,0,17,0,15,32
830,0,17,0,17,34
831,0,33,0,18,51
832,0,16,0,18,34
833,0,35,0,17,52
836,0,15,0,17,32
837,0,33,0,18,51
839,0,34,0,17,51
840,0,16,0,17,33
843,0,32,0,20,52
844,0,16,0,20,36
845,0,32,0,19,51
847,0,36,0,15,51
848,0,17,0,15,32
850,0,18,0,17,35
851,0,32,0,17,49
852,0,15,0,17,32
854,0,18,0,16,34
855,0,32,0,18,50
858,0,15,0,18,33
859,0,34,0,17,51
860,0,16,0,17,33
861,0,34,0,18,52
862,0,17,0,18,35
863,0,32,0,18,50
864,0,14,0,18,32
866,0,17,0,17,34
867,0,33,0,17,50
868,0,16,0,17,33
870,0,16,0,17,33
871,0,33,0,17,50
872,0,16,0,17,33
873,0,33,0,17,50
875,0,34,15,18,67
876,0,17,15,18,50
877,0,33,0,18,51
879,0,33,0,18,51
881,0,33,0,17,50
883,0,34,0,17,51
885,0,34,0,17,51
887,0,34,0,15,49
888,0,17,0,15,32
889,0,32,0,17,49
891,0,34,0,17,51
893,0,33,0,16,49
894,0,16,0,16,32
897,0,34,18,17,69
898,0,16,18,17,51
902,0,18,0,16,34
903,0,33,0,17,50
904,0,17,0,17,34
905,0,33,0,17,50
906,0,16,0,17,33
908,0,18,0,16,34
913,0,33,0,17,50
914,0,16,0,17,33
915,0,35,0,15,50
916,0,18,0,15,33
917,0,32,0,17,49
921,0,32,0,18,50
922,0,17,0,18,35
923,0,33,0,17,50
925,0,34,0,17,51
926,0,17,0,17,34
927,0,33,0,18,51
928,0,16,0,18,34
929,0,35,0,15,50
930,0,17,0,15,32
931,0,33,0,15,48
932,0,18,0,15,33
935,0,35,0,15,50
936,0,16,0,15,31
939,0,33,0,16,49
940,0,18,0,16,34
942,0,17,0,17,34
944,0,18,0,15,33
945,0,32,0,17,49
946,0,17,0,17,34
948,0,16,0,17,33
949,0,33,0,18,51
950,0,16,0,18,34
951,0,34,0,16,50
954,0,17,0,16,33
955,0,32,0,18,50
956,0,16,0,18,34
957,0,34,0,17,51
958,0,16,0,17,33
960,0,18,0,16,34
962,0,16,0,17,33
963,0,34,0,17,51
964,0,17,0,17,34
965,0,32,0,18,50
966,0,15,0,18,33
967,0,34,0,16,50
968,0,16,0,16,32
969,0,33,0,17,50
970,0,17,0,17,34
971,0,33,0,17,50
973,0,34,0,17,51
974,0,17,0,17,34
978,0,17,0,17,34
980,0,17,0,15,32
983,0,33,0,17,50
984,0,16,0,17,33
986,0,16,0,16,32
989,0,35,0,17,52
990,0,18,0,17,35
991,0,32,0,17,49
992,0,15,0,17,32
993,0,33,0,18,51
994,0,16,0,18,34
995,0,35,0,15,50
996,0,17,0,15,32
999,0,35,0,16,51
1001,0,33,0,17,50
1002,0,17,0,17,34
1003,0,32,0,19,51
1005,0,34,0,20,54
1006,0,15,0,20,35
1007,0,35,0,15,50
1008,0,15,0,15,30
1010,0,17,0,17,34
1012,0,17,0,16,33
1013,0,33,0,16,49
1014,0,17,0,16,33
1015,0,33,0,18,51
1016,0,17,0,18,35
1017,0,33,0,17,50
1018,0,15,0,17,32
1019,0,34,0,17,51
1020,0,17,0,17,34
1022,0,17,0,16,33
1023,0,31,0,19,50
1024,0,15,0,19,34
1025,0,34,0,18,52
1026,0,15,0,18,33
1027,0,35,0,15,50
1028,0,17,0,15,32
1029,0,33,0,17,50
1030,0,18,0,17,35
1031,0,33,0,17,50
1032,0,16,0,17,33
1033,0,33,0,20,53
1034,0,16,0,20,36
1035,0,34,0,17,51
1036,0,14,0,17,31
1037,0,33,0,16,49
1038,0,16,0,16,32
1039,0,33,0,18,51
1040,0,17,0,18,35
1041,0,34,0,16,50
1042,0,16,0,16,32
1043,0,32,0,18,50
1046,0,17,17,15,49
1048,0,15,17,17,49
1049,0,34,0,16,50
1051,0,32,0,19,51
1052,0,16,0,19,35
1053,0,34,0,17,51
1054,0,15,0,17,32
1055,0,34,0,16,50
1056,0,17,0,16,33
1057,0,33,0,18,51
1061,0,35,0,15,50
1062,0,17,0,15,32
1064,0,19,0,15,34
1066,0,18,0,16,34
1068,0,16,0,16,32
1069,0,33,0,18,51
1070,0,17,0,18,35
1071,0,33,0,18,51
1072,0,15,0,18,33
1074,0,16,0,16,32
1075,0,32,17,19,68
1076,0,16,17,19,52
1078,0,19,0,16,35
1079,0,32,0,16,48
1080,0,16,0,16,32
1082,0,16,0,17,33
1083,0,34,0,17,51
1084,0,17,0,17,34
1085,0,33,0,17,50
1086,0,16,0,17,33
1087,0,35,0,16,51
1088,0,18,0,16,34
1090,0,16,0,17,33
1094,0,16,0,16,32
1095,0,34,0,17,51
1096,0,18,0,17,35
1098,0,16,0,17,33
1101,0,33,0,17,50
1102,0,16,0,17,33
1103,0,33,0,17,50
1104,0,16,0,17,33
1105,0,35,0,15,50
1106,0,18,0,15,33
1107,0,33,0,17,50
1108,0,18,0,17,35
1109,0,32,0,17,49
1110,0,15,0,17,32
1113,0,34,0,17,51
1114,0,17,0,17,34
1115,0,33,0,17,50
1116,0,16,0,17,33
1117,0,33,0,16,49
1119,0,34,0,17,51
1120,0,18,0,17,35
1121,0,32,0,18,50
1122,0,15,0,18,33
1123,0,33,0,19,52
1124,0,15,0,19,34
1125,0,34,0,16,50
1126,0,15,0,16,31
1128,0,18,0,15,33
1129,0,33,0,17,50
1130,0,18,0,17,35
1133,0,31,0,17,48
1134,0,15,0,17,32
1135,0,34,0,17,51
1137,0,33,0,17,50
1139,0,35,0,15,50
1140,0,18,0,15,33
1142,0,17,0,17,34
1143,0,34,0,17,51
1144,0,17,0,17,34
1145,0,34,0,17,51
1146,0,17,0,17,34
1147,0,31,0,19,50
1154,0,15,0,18,33
1157,0,35,0,14,49
1158,0,19,0,14,33
1159,0,35,0,14,49
1160,0,21,0,14,35
1161,0,31,0,16,47
1164,0,17,0,21,38
1168,0,16,0,17,33
1171,0,32,17,16,65
1173,0,33,0,18,51
1176,0,16,0,16,32
1177,0,34,16,16,66
1178,0,18,16,16,50
1179,0,32,0,18,50
1180,0,16,0,18,34
1182,0,15,0,17,32
1183,0,35,0,15,50
1185,0,34,0,16,50
1187,0,32,0,17,49
1189,0,34,0,15,49
1191,0,33,0,15,48
1192,0,18,0,15,33
1193,0,33,0,18,51
1195,0,31,0,18,49
1196,0,13,0,18,31
1197,0,36,0,15,51
1198,0,18,0,15,33
1199,0,33,0,16,49
1201,0,32,0,17,49
1202,0,16,0,17,33
1203,0,35,0,17,52
1204,0,18,0,17,35
1205,0,33,0,16,49
1206,0,16,0,16,32
1208,0,17,0,18,35
1209,0,34,0,16,50
1210,0,16,0,16,32
1211,0,34,0,16,50
1213,0,32,0,17,49
1216,0,16,0,17,33
1217,0,35,0,15,50
1218,0,18,0,15,33
1219,0,32,0,16,48
1220,0,17,0,16,33
1221,0,33,0,16,49
1223,0,33,0,19,52
1224,0,17,0,19,36
1225,0,34,0,19,53
1226,0,15,0,19,34
1228,0,14,0,17,31
1229,0,33,0,19,52
1230,0,16,0,19,35
1231,0,33,0,18,51
1232,0,14,0,18,32
1233,0,34,0,18,52
1235,0,35,0,16,51
1236,0,17,0,16,33
1239,0,32,0,18,50
1240,0,17,0,18,35
1242,0,16,0,17,33
1243,0,33,0,17,50
1244,0,16,0,17,33
1245,0,33,0,18,51
1246,0,16,0,18,34
1247,0,33,0,17,50
1249,0,35,0,16,51
1250,0,18,0,16,34
1251,0,32,0,18,50
1252,0,16,0,18,34
1253,0,35,0,16,51
1257,0,33,0,17,50
1258,0,15,0,17,32
1259,0,33,0,17,50
1260,0,16,0,17,33
1263,0,34,0,18,52
1264,0,18,0,18,36
1265,0,33,0,16,49
1266,0,15,0,16,31
1267,0,33,0,18,51
1268,0,17,0,18,35
1269,0,34,0,17,51
1270,0,16,0,17,33
1273,0,36,0,17,53
1274,0,18,0,17,35
1277,0,33,0,16,49
1278,0,15,0,16,31
1281,0,34,0,17,51
1283,0,35,0,15,50
1284,0,18,0,15,33
1285,0,31,0,18,49
1286,0,16,0,18,34
1287,0,34,0,17,51
1288,0,16,0,17,33
1289,0,33,0,18,51
1293,0,33,0,15,48
1297,0,31,0,17,48
1298,0,16,0,17,33
1299,0,35,0,16,51
1300,0,18,0,16,34
1301,0,34,0,16,50
1302,0,18,0,16,34
1303,0,33,0,16,49
1304,0,17,0,16,33
1306,0,17,0,16,33
1307,0,33,17,16,66
1309,0,33,0,17,50
1310,0,16,0,17,33
1311,0,33,0,18,51
1316,0,18,0,16,34
1317,0,33,0,17,50
1318,0,17,0,17,34
1319,0,32,0,16,48
1322,0,18,17,16,51
1323,0,33,0,18,51
1325,0,34,0,16,50
1327,0,33,0,17,50
1328,0,17,0,17,34
1330,0,17,0,16,33
1331,0,34,0,15,49
1332,0,18,0,15,33
1335,0,33,0,16,49
1336,0,17,0,16,33
1337,0,33,0,18,51
1338,0,17,0,18,35
1339,0,34,0,16,50
1340,0,16,0,16,32
1341,0,34,0,16,50
1343,0,34,0,15,49
1344,0,18,0,15,33
1346,0,18,0,16,34
1347,0,33,0,17,50
1348,0,17,0,17,34
1349,0,32,0,18,50
1350,0,15,0,18,33
1352,0,15,0,18,33
1354,0,16,0,16,32
1355,0,35,0,15,50
1356,0,19,0,15,34
1357,0,32,0,16,48
1359,0,33,0,18,51
1360,0,17,0,18,35
1361,0,34,0,16,50
1362,0,16,0,16,32
1364,0,18,0,17,35
1366,0,17,0,16,33
1367,0,33,0,16,49
1368,0,17,0,16,33
1369,0,33,0,16,49
1371,0,32,0,16,48
1373,0,34,0,16,50
1374,0,18,0,16,34
1375,0,33,0,16,49
1376,0,17,0,16,33
1378,0,17,0,16,33
1379,0,34,0,16,50
1380,0,18,0,16,34
1381,0,35,0,14,49
1382,0,19,0,14,33
1384,0,18,0,16,34
1385,0,33,0,18,51
1386,0,17,0,18,35
1388,0,17,0,16,33
1389,0,32,0,20,52
1391,0,33,0,16,49
1392,0,13,0,16,29
1393,0,32,0,18,50
1394,0,16,0,18,34
1395,0,35,0,16,51
1396,0,17,0,16,33
1397,0,32,0,17,49
1398,0,16,0,17,33
1399,0,34,0,16,50
1400,0,17,0,16,33
1402,0,17,0,18,35
1403,0,34,0,17,51
1405,0,33,0,16,49
1407,0,33,0,17,50
1408,0,17,0,17,34
1409,0,35,0,15,50
1410,0,18,0,15,33
1411,0,33,0,16,49
1412,0,18,0,16,34
1413,0,33,0,17,50
1414,0,17,0,17,34
1415,0,32,0,17,49
1416,0,15,0,17,32
1418,0,18,0,16,34
1419,0,33,0,16,49
1421,0,33,0,19,52
1422,0,17,0,19,36
1423,0,34,0,16,50
1424,0,15,0,16,31
1428,0,15,19,13,47
1429,0,32,0,22,54
1430,0,13,0,22,35
1431,0,36,0,17,53
1432,0,14,0,17,31
1433,0,33,17,17,67
1434,0,16,17,17,50
1436,0,17,0,16,33
1438,0,16,0,18,34
1440,0,16,0,16,32
1441,0,33,0,16,49
1442,0,17,0,16,33
1443,0,33,0,19,52
1444,0,17,0,19,36
1446,0,16,0,15,31
1447,0,32,0,17,49
1448,0,17,0,17,34
1449,0,34,0,17,51
1451,0,33,0,16,49
1453,0,32,0,18,50
1454,0,16,0,18,34
1455,0,35,0,17,52
1456,0,17,0,17,34
1457,0,32,0,18,50
1460,0,17,0,15,32
1461,0,33,0,16,49
1462,0,18,0,16,34
1464,0,17,0,18,35
1465,0,33,0,18,51
1469,0,33,0,17,50
1471,0,33,0,18,51
1475,0,32,0,17,49
1477,0,34,0,17,51
1478,0,17,0,17,34
1480,0,17,0,16,33
1481,0,31,0,19,50
1482,0,15,0,19,34
1483,0,34,0,18,52
1484,0,15,0,18,33
1487,0,35,0,17,52
1488,0,17,0,17,34
1489,0,33,0,16,49
1490,0,16,0,16,32
1491,0,33,0,17,50
1492,0,17,0,17,34
1493,0,33,0,16,49
1494,0,16,0,16,32
1495,0,32,0,17,49
1496,0,16,0,17,33
1497,0,33,0,19,52
1499,0,35,0,17,52
1500,0,16,0,17,33
1501,0,34,0,17,51
1502,0,17,0,17,34
1503,0,33,0,16,49
1505,0,33,0,16,49
1507,0,33,0,18,51
1508,0,17,0,18,35
1509,0,34,0,16,50
1512,0,19,0,15,34
1513,0,32,0,18,50
1514,0,17,0,18,35
1515,0,34,0,16,50
1516,0,16,0,16,32
1518,0,15,0,19,34
1520,0,15,0,17,32
1521,0,35,0,17,52
1523,0,32,0,16,48
1524,0,15,0,16,31
1525,0,34,0,18,52
1526,0,18,0,18,36
1528,0,13,0,19,32
1529,0,35,0,16,51
1531,0,33,0,17,50
1533,0,33,0,18,51
1534,0,16,0,18,34
1535,0,36,0,16,52
1536,0,18,0,16,34
1538,0,17,0,16,33
1540,0,16,16,17,49
1542,0,17,0,17,34
1543,0,33,0,18,51
1544,0,16,0,18,34
1545,0,34,0,17,51
1546,0,16,0,17,33
1548,0,17,0,16,33
1549,0,33,16,16,65
1550,0,17,16,16,49
1552,0,16,0,16,32
1553,0,33,0,18,51
1554,0,17,0,18,35
1556,0,17,16,16,49
1557,0,32,0,19,51
1558,0,16,0,19,35
1560,0,16,15,21,52
1561,0,36,0,13,49
1563,0,29,0,19,48
1564,0,16,0,19,35
1565,0,34,0,19,53
1566,0,15,0,19,34
1568,0,15,0,17,32
1569,0,32,0,18,50
1570,0,15,0,18,33
1571,0,34,0,18,52
1572,0,16,0,18,34
1573,0,34,0,17,51
1576,0,15,0,18,33
1579,0,34,0,16,50
1582,0,19,0,16,35
1583,0,31,0,17,48
1585,0,33,0,18,51
1586,0,16,0,18,34
1590,0,15,0,17,32
1591,0,34,0,17,51
1592,0,17,0,17,34
1593,0,34,0,16,50
1596,0,18,0,14,32
1597,0,32,0,16,48
1600,0,17,0,16,33
1601,0,34,0,17,51
1603,0,31,0,19,50
1604,0,14,0,19,33
1606,0,17,0,15,32
1607,0,31,18,18,67
1608,0,16,18,18,52
1609,0,36,0,17,53
1611,0,32,0,17,49
1613,0,34,0,16,50
1615,0,32,0,18,50
1616,0,16,0,18,34
1617,0,34,0,17,51
1618,0,16,0,17,33
1619,0,34,0,15,49
1621,0,33,0,16,49
1623,0,34,0,16,50
1624,0,18,0,16,34
1625,0,31,0,18,49
1626,0,15,0,18,33
1629,0,33,0,15,48
1630,0,17,0,15,32
1632,0,18,0,17,35
1633,0,38,12,16,66
1634,0,21,12,16,49
1635,0,28,0,18,46
1636,0,16,0,18,34
1637,0,34,0,17,51
1639,0,33,0,17,50
1640,0,16,0,17,33
1641,0,35,0,15,50
1642,0,18,0,15,33
1643,0,32,0,17,49
1644,0,17,0,17,34
1645,0,34,0,16,50
1647,0,32,0,18,50
1648,0,16,0,18,34
1649,0,34,0,17,51
1653,0,35,0,18,53
1654,0,17,0,18,35
1655,0,33,0,16,49
1657,0,33,0,17,50
1658,0,17,0,17,34
1659,0,33,0,17,50
1660,0,16,0,17,33
1661,0,35,0,15,50
1662,0,18,0,15,33
1664,0,18,0,16,34
1665,0,33,0,18,51
1667,0,33,16,18,67
1668,0,15,16,18,49
1669,0,34,0,16,50
1670,0,18,0,16,34
1672,0,16,0,17,33
1674,0,17,0,17,34
1675,0,33,0,16,49
1677,0,33,0,18,51
1678,0,17,0,18,35
1679,0,33,0,17,50
1681,0,35,0,17,52
1683,0,32,0,18,50
1684,0,15,0,18,33
1685,0,35,0,16,51
1686,0,17,0,16,33
1689,0,34,0,17,51
1690,0,17,0,17,34
1692,0,16,0,16,32
1695,0,34,0,17,51
1696,0,17,0,17,34
1697,0,35,0,15,50
1698,0,18,0,15,33
1700,0,18,0,15,33
1701,0,32,0,17,49
1702,0,17,0,17,34
1703,0,33,0,17,50
1704,0,16,0,17,33
1705,0,33,0,16,49
1707,0,34,0,16,50
1708,0,18,0,16,34
1709,0,33,0,17,50
1710,0,17,0,17,34
1711,0,32,0,19,51
1712,0,15,0,19,34
1713,0,34,0,19,53
1714,0,15,0,19,34
1715,0,34,0,16,50
1716,0,15,0,16,31
1717,0,33,0,17,50
1718,0,17,0,17,34
1719,0,36,0,13,49
1720,0,19,0,13,32
1721,0,32,0,17,49
1722,0,19,0,17,36
1724,0,16,0,15,31
1726,0,17,0,16,33
1727,0,35,0,17,52
1728,0,19,0,17,36
1731,0,34,0,17,51
1732,0,16,0,17,33
1734,0,17,0,15,32
1737,0,34,0,16,50
1738,0,17,0,16,33
1739,0,33,0,17,50
1740,0,17,0,17,34
1741,0,34,0,15,49
1742,0,17,0,15,32
1743,0,32,0,17,49
1745,0,33,0,17,50
1746,0,16,0,17,33
1747,0,35,0,15,50
1748,0,18,0,15,33
1749,0,34,0,15,49
1751,0,31,0,17,48
1753,0,36,0,15,51
1754,0,19,0,15,34
1755,0,33,0,14,47
1756,0,18,0,14,32
1757,0,33,0,15,48
1758,0,19,0,15,34
1759,0,34,0,16,50
1760,0,19,0,16,35
1763,0,32,0,19,51
1764,0,16,0,19,35
1765,0,35,0,15,50
1766,0,16,0,15,31
1767,0,34,0,16,50
1768,0,19,0,16,35
1769,0,32,0,18,50
1770,0,16,0,18,34
1772,0,15,0,18,33
1774,0,17,0,15,32
1775,0,31,0,19,50
1777,0,34,0,18,52
1778,0,15,0,18,33
1779,0,34,0,17,51
1781,0,34,0,15,49
1782,0,17,0,15,32
1783,0,32,0,17,49
1785,0,33,0,17,50
1786,0,16,0,17,33
1787,0,32,0,19,51
1789,0,35,0,17,52
1791,0,34,0,16,50
1793,0,33,0,17,50
1794,0,17,0,17,34
1795,0,33,0,17,50
1797,0,35,0,16,51
1798,0,18,0,16,34
1799,0,32,0,16,48
1800,0,16,0,16,32
1801,0,33,0,18,51
1802,0,17,0,18,35
1803,0,34,0,16,50
1806,0,17,0,17,34
1807,0,34,0,16,50
1808,0,17,0,16,33
1810,0,17,0,17,34
1811,0,33,0,16,49
1812,0,16,0,16,32
1813,0,32,0,17,49
1814,0,16,0,17,33
1817,0,33,0,18,51
1818,0,17,0,18,35
1819,0,33,0,15,48
1823,0,34,0,14,48
1825,0,34,0,19,53
1826,0,20,0,19,39
1828,0,13,0,16,29
1829,0,33,0,17,50
1830,0,17,0,17,34
1832,0,17,0,15,32
1833,0,32,0,16,48
1834,0,17,0,16,33
1835,0,34,0,17,51
1838,0,15,0,18,33
1839,0,35,0,16,51
1840,0,17,0,16,33
1842,0,16,0,17,33
1843,0,34,0,17,51
1844,0,17,0,17,34
1847,0,31,0,17,48
1848,0,16,0,17,33
1850,0,18,0,15,33
1851,0,33,0,16,49
1852,0,18,0,16,34
1854,0,18,0,16,34
1855,0,36,0,13,49
1856,0,20,0,13,33
1857,0,28,0,17,45
1858,0,15,0,17,32
1859,0,36,0,15,51
1860,0,19,0,15,34
1861,0,32,0,18,50
1862,0,17,0,18,35
1863,0,33,0,17,50
1864,0,15,0,17,32
1865,0,33,0,17,50
1866,0,16,0,17,33
1867,0,35,15,17,67
1868,0,18,15,17,50
1869,0,32,0,17,49
1870,0,17,0,17,34
1872,0,16,0,18,34
1873,0,35,0,17,52
1875,0,32,0,17,49
1876,0,15,0,17,32
1878,0,16,0,16,32
1879,0,35,0,16,51
1880,0,19,0,16,35
1881,0,32,0,18,50
1882,0,16,0,18,34
1883,0,35,0,16,51
1884,0,17,0,16,33
1885,0,32,0,17,49
1886,0,16,0,17,33
1887,0,35,0,16,51
1888,0,18,0,16,34
1889,0,32,0,16,48
1890,0,16,0,16,32
1891,0,33,0,17,50
1892,0,17,0,17,34
1893,0,33,0,16,49
1894,0,16,0,16,32
1895,0,34,0,18,52
1896,0,18,0,18,36
1897,0,33,0,18,51
1899,0,34,0,17,51
1900,0,16,0,17,33
1901,0,34,15,16,65
1902,0,17,15,16,48
1904,0,16,0,19,35
1905,0,35,0,16,51
1906,0,16,0,16,32
1907,0,33,0,17,50
1908,0,17,0,17,34
1909,0,34,0,16,50
1911,0,32,17,16,65
1912,0,16,17,16,49
1913,0,33,0,17,50
1914,0,16,0,17,33
1915,0,35,0,16,51
1917,0,33,0,18,51
1918,0,17,0,18,35
1919,0,34,0,15,49
1923,0,33,0,16,49
1924,0,18,0,16,34
1926,0,18,0,15,33
1927,0,33,0,16,49
1928,0,18,0,16,34
1930,0,17,0,16,33
1932,0,17,0,17,34
1933,0,32,0,18,50
1934,0,15,0,18,33
1936,0,16,0,17,33
1938,0,18,0,17,35
1940,0,14,17,17,48
1944,0,18,17,15,50
1945,0,32,0,16,48
1946,0,15,0,16,31
1948,0,17,16,18,51
1949,0,34,0,16,50
1951,0,35,0,15,50
1955,0,32,0,17,49
1957,0,35,0,15,50
1958,0,18,0,15,33
1959,0,32,0,17,49
1960,0,17,0,17,34
1961,0,34,17,17,68
1962,0,17,17,17,51
1964,0,17,0,15,32
1965,0,33,0,17,50
1967,0,34,0,15,49
1969,0,32,0,17,49
1970,0,17,0,17,34
1971,0,34,0,17,51
1972,0,17,0,17,34
1974,0,16,0,18,34
1975,0,33,0,17,50
1976,0,15,0,17,32
1978,0,17,17,15,49
1980,0,15,0,18,33
1981,0,34,0,18,52
1982,0,16,0,18,34
1985,0,32,0,17,49
1986,0,16,0,17,33
1987,0,34,0,18,52
1988,0,17,0,18,35
1989,0,33,0,17,50
1990,0,15,0,17,32
1991,0,34,0,18,52
1992,0,17,0,18,35
1993,0,33,0,17,50
1994,0,15,0,17,32
1997,0,31,0,17,48
1999,0,35,0,17,52
2000,0,18,0,17,35
2001,0,32,0,17,49
2002,0,15,0,17,32
2003,0,35,0,15,50
2004,0,18,0,15,33
2005,0,32,0,17,49
2006,0,17,0,17,34
2007,0,34,0,15,49
2008,0,17,0,15,32
2009,0,33,0,17,50
2010,0,18,0,17,35
2011,0,34,0,17,51
2013,0,32,0,17,49
2014,0,15,0,17,32
2015,0,35,16,16,67
2016,0,18,16,16,50
2018,0,16,0,17,33
2025,0,32,17,16,65
2026,0,17,17,16,50
2027,0,33,19,15,67
2028,0,16,19,15,50
2029,0,34,0,18,52
2030,0,15,0,18,33
2031,0,33,0,18,51
2033,0,35,0,16,51
2034,0,17,0,16,33
2035,0,33,0,17,50
2036,0,17,0,17,34
2037,0,32,0,17,49
2039,0,33,0,18,51
2040,0,16,0,18,34
2043,0,33,0,16,49
2045,0,33,0,20,53
2046,0,17,0,20,37
2047,0,34,0,16,50
2049,0,33,0,16,49
2050,0,17,0,16,33
2052,0,19,0,14,33
2053,0,30,0,18,48
2054,0,16,0,18,34
2055,0,35,0,17,52
2056,0,17,0,17,34
2058,0,16,0,16,32
2059,0,33,0,17,50
2060,0,17,0,17,34
2061,0,34,0,17,51
2062,0,17,0,17,34
2063,0,34,0,16,50
2064,0,17,0,16,33
2067,0,34,0,16,50
2068,0,16,0,16,32
2069,0,34,0,17,51
2070,0,18,0,17,35
2071,0,34,0,17,51
2072,0,17,0,17,34
2073,0,34,0,15,49
2074,0,17,0,15,32
2075,0,31,0,18,49
2078,0,17,0,15,32
2080,0,18,16,17,51
2081,0,33,0,18,51
2082,0,17,0,18,35
2083,0,34,0,16,50
2084,0,16,0,16,32
2085,0,32,17,16,65
2086,0,16,17,16,49
2087,0,33,0,18,51
2088,0,16,0,18,34
2090,0,16,0,17,33
2092,0,16,0,17,33
2093,0,33,0,18,51
2094,0,16,0,18,34
2095,0,35,0,15,50
2096,0,17,0,15,32
2097,0,32,0,18,50
2098,0,17,0,18,35
2100,0,16,0,16,32
2102,0,16,0,19,35
2103,0,35,16,17,68
2104,0,16,16,17,49
2105,0,33,0,17,50
2106,0,17,0,17,34
2107,0,32,0,18,50
2108,0,15,0,18,33
2111,0,32,0,17,49
2112,0,16,0,17,33
2113,0,34,0,16,50
2114,0,17,0,16,33
2115,0,35,0,15,50
2116,0,19,0,15,34
2117,0,31,0,17,48
2119,0,35,0,16,51
2121,0,33,0,18,51
2122,0,17,0,18,35
2123,0,36,0,16,52
2124,0,18,0,16,34
2125,0,29,0,19,48
2127,0,35,0,15,50
2128,0,16,0,15,31
2130,0,18,0,18,36
2131,0,33,0,16,49
2132,0,15,0,16,31
2133,0,33,0,17,50
2134,0,17,0,17,34
2135,0,33,0,18,51
2137,0,34,0,18,52
2138,0,16,0,18,34
2139,0,33,0,18,51
2140,0,15,0,18,33
2141,0,34,0,16,50
2144,0,17,0,18,35
2145,0,34,0,16,50
2146,0,16,0,16,32
2148,0,17,0,16,33
2149,0,34,0,15,49
2151,0,33,0,15,48
2152,0,18,0,15,33
2154,0,17,0,17,34
2155,0,33,0,18,51
2156,0,16,0,18,34
2157,0,36,0,16,52
2160,0,16,0,17,33
2161,0,33,0,17,50
2162,0,16,0,17,33
2163,0,33,0,16,49
2164,0,16,0,16,32
2165,0,34,0,16,50
2166,0,18,0,16,34
2167,0,32,0,19,51
2169,0,35,0,15,50
2170,0,16,0,15,31
2171,0,34,0,15,49
2172,0,19,0,15,34
2173,0,33,0,16,49
2176,0,16,0,17,33
2177,0,34,0,16,50
2178,0,17,0,16,33
2179,0,34,0,17,51
2180,0,18,0,17,35
2181,0,33,0,16,49
2182,0,16,0,16,32
2183,0,33,0,18,51
2184,0,17,0,18,35
2185,0,34,0,17,51
2186,0,16,0,17,33
2187,0,33,0,17,50
2188,0,16,0,17,33
2190,0,15,0,17,32
2191,0,34,0,21,55
2192,0,17,0,21,38
2193,0,36,0,14,50
2194,0,15,0,14,29
2195,0,31,0,18,49
2197,0,34,0,16,50
2198,0,16,0,16,32
2199,0,33,0,17,50
2200,0,17,0,17,34
2202,0,15,0,17,32
2203,0,35,0,17,52
2204,0,18,0,17,35
2205,0,33,0,17,50
2206,0,16,0,17,33
2207,0,34,0,16,50
2208,0,17,0,16,33
2209,0,32,0,17,49
2211,0,34,0,17,51
2212,0,17,0,17,34
2213,0,34,0,15,49
2215,0,33,0,16,49
2216,0,18,0,16,34
2217,0,32,0,18,50
2220,0,16,0,17,33
2221,0,32,0,17,49
2222,0,15,0,17,32
2224,0,17,0,16,33
2225,0,35,0,14,49
2226,0,19,0,14,33
2227,0,33,0,16,49
2228,0,19,0,16,35
2230,0,16,0,17,33
2231,0,34,0,17,51
2232,0,17,0,17,34
2233,0,34,0,15,49
2234,0,17,0,15,32
2235,0,34,0,15,49
2237,0,31,0,18,49
2238,0,16,0,18,34
2239,0,34,0,17,51
2240,0,16,0,17,33
2242,0,17,0,17,34
2243,0,33,0,16,49
2248,0,18,0,16,34
2249,0,31,0,17,48
2250,0,15,0,17,32
2251,0,34,0,18,52
2252,0,17,0,18,35
2253,0,34,0,16,50
2254,0,16,0,16,32
2256,0,17,0,18,35
2257,0,33,0,17,50
2259,0,34,0,17,51
2260,0,17,0,17,34
2261,0,32,0,17,49
2262,0,15,0,17,32
2268,0,17,0,17,34
2269,0,34,0,15,49
2271,0,33,0,17,50
2272,0,18,0,17,35
2273,0,32,0,17,49
2274,0,15,0,17,32
2275,0,35,0,16,51
2276,0,18,0,16,34
2277,0,32,0,18,50
2278,0,16,0,18,34
2279,0,34,0,17,51
2280,0,16,0,17,33
2281,0,33,0,17,50
2284,0,16,0,18,34
2287,0,34,0,16,50
2288,0,16,0,16,32
2289,0,33,0,16,49
2290,0,17,0,16,33
2291,0,33,0,16,49
2292,0,17,0,16,33
2293,0,32,0,18,50
2294,0,16,0,18,34
2295,0,35,0,15,50
2296,0,17,0,15,32
2297,0,33,0,16,49
2298,0,18,0,16,34
2299,0,34,0,17,51
2300,0,18,0,17,35
2301,0,32,0,17,49
2302,0,15,0,17,32
2303,0,31,0,20,51
2308,0,18,0,17,35
2310,0,15,0,18,33
2311,0,34,0,16,50
2312,0,16,0,16,32
2313,0,34,0,16,50
2314,0,18,0,16,34
2315,0,33,0,16,49
2316,0,17,0,16,33
2317,0,33,0,17,50
2318,0,17,0,17,34
2319,0,33,17,17,67
2322,0,17,0,16,33
2323,0,33,18,15,66
2326,0,15,0,18,33
2327,0,34,0,17,51
2328,0,16,0,17,33
2329,0,33,0,17,50
2330,0,16,0,17,33
2331,0,34,0,19,53
2332,0,17,0,19,36
2333,0,33,0,16,49
2334,0,14,0,16,30
2335,0,33,0,18,51
2336,0,17,0,18,35
2339,0,34,0,17,51
2340,0,15,0,17,32
2341,0,34,0,15,49
2342,0,17,0,15,32
2343,0,41,0,9,50
2344,0,26,0,9,35
2346,16,34,0,16,66
2347,0,34,0,16,50
2348,0,18,0,16,34
2349,0,33,0,16,49
2352,0,17,0,18,35
2353,0,33,0,16,49
2354,0,15,0,16,31
2355,0,35,0,16,51
2356,0,19,0,16,35
2357,0,33,0,15,48
2358,0,17,0,15,32
2360,0,17,16,18,51
2363,0,33,0,20,53
2364,0,17,0,20,37
2365,0,33,0,16,49
2366,0,13,0,16,29
2367,0,34,0,17,51
2372,0,17,0,17,34
2373,0,33,0,16,49
2374,0,16,0,16,32
2375,0,34,0,18,52
2376,0,18,0,18,36
2377,0,33,0,18,51
2378,0,15,0,18,33
2379,0,34,0,16,50
2380,0,16,0,16,32
2381,0,34,0,16,50
2382,0,18,0,16,34
2384,0,17,16,17,50
2385,0,33,0,16,49
2387,0,34,16,15,65
2388,0,18,16,15,49
2390,0,15,0,21,36
2391,0,36,0,16,52
2392,0,15,0,16,31
2394,0,17,16,16,49
2395,0,32,0,18,50
2396,0,16,0,18,34
2397,0,34,0,16,50
2398,0,16,0,16,32
2399,0,32,0,18,50
2400,0,16,0,18,34
2401,0,34,0,18,52
2404,0,16,0,16,32
2405,0,32,0,18,50
2407,0,35,0,16,51
2408,0,17,0,16,33
2411,0,35,0,15,50
2412,0,18,0,15,33
2413,0,33,0,15,48
2414,0,18,0,15,33
2415,0,33,0,15,48
2417,0,32,0,18,50
2418,0,17,0,18,35
2419,0,33,0,17,50
2420,0,15,0,17,32
2421,0,35,0,15,50
2422,0,18,0,15,33
2423,0,33,0,17,50
2424,0,18,0,17,35
2425,0,34,0,15,49
2427,0,33,0,16,49
2428,0,18,0,16,34
2429,0,34,0,17,51
2430,0,18,0,17,35
2431,0,32,0,18,50
2432,0,15,0,18,33
2433,0,33,0,18,51
2434,0,15,0,18,33
2435,0,34,0,18,52
2436,0,16,0,18,34
2437,0,33,0,16,49
2438,0,15,0,16,31
2439,0,33,0,16,49
2440,0,17,0,16,33
2441,0,35,0,16,51
2443,0,32,0,18,50
2444,0,16,0,18,34
2445,0,34,0,16,50
2446,0,16,0,16,32
2447,0,32,0,17,49
2448,0,16,0,17,33
2449,0,35,17,15,67
2450,0,18,17,15,50
2451,0,32,0,17,49
2453,0,35,0,15,50
2454,0,18,0,15,33
2456,0,18,0,17,35
2457,0,32,0,17,49
2458,0,15,0,17,32
2459,0,34,17,16,67
2462,0,16,0,17,33
2463,0,33,16,18,67
2464,0,16,16,18,50
2465,0,34,0,16,50
2466,0,18,0,16,34
2468,0,18,0,15,33
2469,0,32,0,18,50
2471,0,34,0,16,50
2475,0,33,0,17,50
2476,0,15,0,17,32
2479,0,32,0,17,49
2481,0,33,0,17,50
2482,0,16,0,17,33
2483,0,35,0,15,50
2484,0,18,0,15,33
2485,0,33,0,16,49
2486,0,18,0,16,34
2487,0,32,0,18,50
2488,0,16,0,18,34
2489,0,35,0,17,52
2490,0,17,0,17,34
2492,0,16,0,17,33
2493,0,34,0,14,48
2494,0,17,0,14,31
2495,0,32,0,15,47
2496,0,18,0,15,33
2497,0,30,0,19,49
2498,0,15,0,19,34
2499,0,37,0,15,52
2500,0,18,0,15,33
2501,0,32,0,16,48
2502,0,17,0,16,33
2503,0,34,0,17,51
2504,0,18,0,17,35
2506,0,16,0,17,33
2508,0,18,0,16,34
2509,0,31,0,19,50
2510,0,15,0,19,34
2511,0,34,0,18,52
2512,0,15,0,18,33
2513,0,34,0,17,51
2516,0,16,18,15,49
2518,0,15,0,16,31
2520,0,18,0,16,34
2521,0,33,0,16,49
2522,0,17,0,16,33
2523,0,34,15,19,68
2524,0,18,15,19,52
2525,0,34,0,16,50
2526,0,19,0,16,35
2527,0,32,17,15,64
2529,0,32,0,18,50
2530,0,15,0,18,33
2533,0,33,0,16,49
2534,0,17,0,16,33
2535,0,33,0,17,50
2536,0,17,0,17,34
2537,0,33,0,16,49
2538,0,16,0,16,32
2539,0,32,0,17,49
2541,0,35,0,16,51
2542,0,18,0,16,34
2543,0,32,0,17,49
2544,0,16,0,17,33
2545,0,34,0,18,52
2548,0,15,0,17,32
2550,0,18,0,17,35
2552,0,14,0,19,33
2553,0,35,0,17,52
2554,0,16,0,17,33
2556,0,14,0,19,33
2557,0,35,0,16,51
2559,0,33,0,17,50
2561,0,34,0,16,50
2562,0,17,0,16,33
2563,0,34,0,16,50
2564,0,18,0,16,34
2566,0,17,0,17,34
2567,0,30,19,17,66
2568,0,13,19,17,49
2569,19,17,0,16,52
2570,0,17,0,16,33
2573,0,35,0,15,50
2574,0,18,0,15,33
2575,0,32,0,16,48
2577,0,34,0,15,49
2578,0,18,0,15,33
2580,0,17,0,17,34
2581,0,35,0,17,52
2582,0,18,0,17,35
2583,0,33,0,15,48
2584,0,16,0,15,31
2586,0,18,0,17,35
2587,0,33,0,17,50
2588,0,16,0,17,33
2589,0,34,0,17,51
2590,0,17,0,17,34
2591,0,32,0,17,49
2592,0,15,0,17,32
2593,0,34,0,16,50
2594,0,17,0,16,33
2595,0,34,0,15,49
2596,0,18,0,15,33
2597,0,33,0,17,50
2598,0,18,0,17,35
2599,0,36,0,14,50
2600,0,19,0,14,33
2601,0,31,0,17,48
2602,0,17,0,17,34
2603,0,32,0,17,49
2604,0,15,0,17,32
2606,0,18,0,15,33
2608,0,18,0,15,33
2609,0,34,0,16,50
2611,0,32,0,17,49
2612,0,16,0,17,33
2613,0,34,0,16,50
2614,0,17,0,16,33
2615,0,32,0,18,50
2617,0,34,0,18,52
2618,0,16,0,18,34
2619,0,33,17,17,67
2622,0,17,0,17,34
2623,0,34,0,18,52
2624,0,17,0,18,35
2625,0,34,0,16,50
2626,0,16,0,16,32
2627,0,32,0,16,48
2628,0,16,0,16,32
2629,0,33,0,18,51
2632,0,16,0,17,33
2633,0,32,0,17,49
2635,0,35,0,16,51
2637,0,32,0,18,50
2638,0,16,0,18,34
2639,0,34,0,16,50
2640,0,16,0,16,32
2641,0,35,0,15,50
2642,0,19,0,15,34
2644,0,17,0,17,34
2645,0,33,0,17,50
2647,0,34,16,16,66
2648,0,17,16,16,49
2649,0,32,0,17,49
2650,0,16,0,17,33
2651,0,34,0,17,51
2652,0,17,0,17,34
2654,0,15,0,18,33
2655,0,34,0,16,50
2656,0,16,0,16,32
2657,0,34,0,17,51
2658,0,18,0,17,35
2659,0,33,0,17,50
2661,0,35,0,16,51
2663,0,32,0,17,49
2664,0,16,0,17,33
2665,0,33,0,16,49
2666,0,16,0,16,32
2669,0,35,0,17,52
2671,0,34,0,17,51
2672,0,17,0,17,34
2673,0,32,0,17,49
2675,0,35,0,15,50
2678,0,17,0,18,35
2679,0,34,0,16,50
2680,0,16,0,16,32
2681,0,32,0,18,50
2683,0,35,0,17,52
2684,0,17,0,17,34
2685,0,32,0,20,52
2687,0,34,0,16,50
2688,0,14,0,16,30
2689,0,34,0,16,50
2690,0,18,0,16,34
2691,0,32,0,18,50
2692,0,16,0,18,34
2694,0,17,0,15,32
2695,0,33,0,16,49
2696,0,18,0,16,34
2697,0,32,0,18,50
2698,0,16,0,18,34
2700,0,15,0,20,35
2701,0,33,0,17,50
2702,0,13,0,17,30
2703,0,35,0,17,52
2704,0,18,0,17,35
2705,0,34,0,17,51
2706,0,17,0,17,34
2707,0,32,0,17,49
2710,0,18,0,15,33
2711,0,33,0,16,49
2712,0,18,0,16,34
2713,0,33,0,15,48
2714,0,17,0,15,32
2716,0,19,0,16,35
2717,0,32,0,16,48
2718,0,16,0,16,32
2719,0,34,0,17,51
2722,0,16,0,17,33
2723,0,34,0,16,50
2724,0,17,0,16,33
2726,0,17,0,17,34
2727,0,32,0,17,49
2729,0,35,14,19,68
2730,0,18,14,19,51
2731,0,33,0,18,51
2732,0,19,0,18,37
2734,0,14,0,18,32
2735,0,38,12,17,67
2736,0,20,12,17,49
2737,0,29,0,16,45
2738,0,17,0,16,33
2739,0,33,0,17,50
2741,0,35,0,15,50
2742,0,18,0,15,33
2743,0,32,17,17,66
2745,0,34,0,16,50
2746,0,17,0,16,33
2747,0,34,16,17,67
2749,0,33,0,17,50
2750,0,17,0,17,34
2751,0,34,0,15,49
2752,0,17,0,15,32
2754,0,18,16,16,50
2755,0,32,0,18,50
2756,0,16,0,18,34
2757,0,33,0,18,51
2758,0,15,0,18,33
2759,0,34,0,17,51
2760,0,16,0,17,33
2761,0,35,0,16,51
2763,0,32,0,17,49
2767,0,33,0,16,49
2768,0,15,0,16,31
2770,0,17,0,18,35
2771,0,33,0,18,51
2772,0,15,0,18,33
2774,0,17,0,15,32
2775,0,32,0,20,52
2776,0,17,0,20,37
2780,0,15,0,19,34
2782,0,16,0,18,34
2783,0,34,17,15,66
2784,0,16,17,15,48
2785,0,32,0,18,50
2786,0,15,0,18,33
2787,0,33,0,16,49
2788,0,15,0,16,31
2789,0,34,0,18,52
2790,0,18,0,18,36
2791,0,33,0,18,51
2792,0,15,0,18,33
2793,0,34,0,18,52
2794,0,16,0,18,34
2798,0,16,0,15,31
2799,0,32,0,19,51
2800,0,17,0,19,36
2802,0,15,0,15,30
2803,0,34,0,18,52
2804,0,19,0,18,37
2805,0,32,17,19,68
2806,0,14,17,19,50
2807,0,36,0,18,54
2808,0,19,0,18,37
2810,0,15,0,16,31
2811,0,31,0,18,49
2812,0,15,0,18,33
2813,0,36,0,16,52
2814,0,18,0,16,34
2815,0,33,0,16,49
2816,0,17,0,16,33
2817,0,32,0,17,49
2819,0,34,0,17,51
2821,0,32,0,18,50
2822,0,15,0,18,33
2823,0,33,0,18,51
2827,0,33,0,17,50
2828,0,17,0,17,34
2829,0,32,0,16,48
2830,0,15,0,16,31
2831,0,33,0,18,51
2832,0,17,0,18,35
2833,0,34,0,16,50
2834,0,16,0,16,32
2835,0,35,0,15,50
2836,0,19,0,15,34
2837,0,33,0,16,49
2838,0,18,0,16,34
2839,0,33,0,15,48
2841,0,32,0,19,51
2842,0,17,0,19,36
2844,0,15,0,17,32
2845,0,38,12,16,66
2849,0,34,0,17,51
2850,0,16,0,17,33
2851,0,32,0,17,49
2852,0,15,0,17,32
2855,0,34,0,15,49
2856,0,19,0,15,34
2857,0,31,0,16,47
2858,0,16,0,16,32
2859,0,33,0,20,53
2860,0,17,0,20,37
2861,0,33,0,20,53
2863,0,34,0,19,53
2865,0,35,0,16,51
2866,0,16,0,16,32
2867,0,31,0,18,49
2869,0,35,0,16,51
2870,0,17,0,16,33
2871,0,34,0,16,50
2872,0,18,0,16,34
2873,0,33,0,15,48
2874,0,17,0,15,32
2875,0,33,0,15,48
2876,0,18,0,15,33
2879,0,32,0,17,49
2880,0,17,0,17,34
2881,0,33,0,15,48
2882,0,16,0,15,31
2883,0,35,0,15,50
2885,0,31,0,18,49
2886,0,16,0,18,34
2887,0,34,0,16,50
2888,0,16,0,16,32
2889,0,35,0,16,51
2890,0,19,0,16,35
2891,0,32,0,17,49
2892,0,16,0,17,33
2893,0,33,0,16,49
2895,0,33,0,17,50
2896,0,17,0,17,34
2897,0,34,0,18,52
2899,0,34,0,15,49
2901,0,34,0,15,49
2903,0,31,0,17,48
2904,0,16,0,17,33
2905,0,35,0,17,52
2906,0,18,0,17,35
2907,0,33,0,17,50
2908,0,16,0,17,33
2909,0,34,0,15,49
2910,0,17,0,15,32
2911,0,32,0,17,49
2912,0,17,0,17,34
2913,0,34,0,17,51
2914,0,17,0,17,34
2916,0,16,0,17,33
2917,0,32,18,17,67
2918,0,15,18,17,50
2922,0,17,17,16,50
2924,0,16,0,17,33
2926,0,17,0,17,34
2927,0,32,0,18,50
2928,0,15,0,18,33
2930,0,17,0,16,33
2932,0,17,0,18,35
2934,0,15,0,16,31
2936,0,17,0,17,34
2937,0,33,0,18,51
2939,0,33,0,19,52
2942,0,16,0,16,32
2943,0,33,0,16,49
2945,0,34,0,16,50
2946,0,18,0,16,34
2947,0,34,0,14,48
2949,0,31,0,17,48
2951,0,33,0,17,50
2952,0,16,0,17,33
2954,0,19,0,15,34
2955,0,32,0,16,48
2957,0,33,0,17,50
2959,0,33,0,16,49
2960,0,16,0,16,32
2962,0,18,0,16,34
2963,0,34,0,16,50
2964,0,18,0,16,34
2967,0,33,0,17,50
2968,0,16,0,17,33
2972,0,18,0,16,34
2973,0,33,0,17,50
2975,0,32,17,18,67
2976,0,15,17,18,50
2977,0,35,0,15,50
2978,0,18,0,15,33
2979,0,31,0,18,49
2980,0,16,0,18,34
2981,0,34,0,18,52
2984,0,17,15,18,50
2987,0,33,0,18,51
2988,0,16,0,18,34
2989,0,35,0,14,49
2990,0,17,0,14,31
2993,0,31,0,16,47
2995,0,32,0,17,49
2996,0,16,0,17,33
2999,0,33,0,17,50
3000,0,18,0,17,35
3002,0,15,0,17,32
3003,0,33,0,17,50
3004,0,16,0,17,33
3005,0,34,17,16,67
3006,0,17,17,16,50
3008,0,16,0,17,33
3010,0,17,0,16,33
3011,0,33,0,16,49
3012,0,17,0,16,33
3014,0,17,0,18,35
3015,0,34,0,16,50
3016,0,16,0,16,32
3017,0,34,0,16,50
3018,0,18,0,16,34
3019,0,33,0,16,49
3021,0,33,0,16,49
3022,0,17,0,16,33
3023,0,32,0,18,50
3024,0,16,0,18,34
3027,0,34,0,16,50
3031,0,32,0,16,48
3032,0,16,0,16,32
3033,0,34,0,17,51
3034,0,18,0,17,35
3037,0,34,0,18,52
3039,0,35,0,15,50
3040,0,17,0,15,32
3042,0,17,0,16,33
3043,0,34,0,16,50
3044,0,18,0,16,34
3047,0,35,0,16,51
3051,0,33,0,17,50
3053,0,33,0,15,48
3054,0,16,0,15,31
3055,0,34,17,16,67
3056,0,19,17,16,52
3057,0,33,0,17,50
3060,0,17,0,17,34
3062,0,16,0,16,32
3063,0,35,0,15,50
3064,0,19,0,15,34
3065,0,32,0,16,48
3066,0,17,0,16,33
3067,0,34,0,18,52
3070,0,15,0,17,32
3071,0,32,0,18,50
3073,0,35,0,16,51
3074,0,17,0,16,33
3075,0,32,0,18,50
3077,0,33,0,17,50
3078,0,15,0,17,32
3080,0,18,0,16,34
3082,0,16,0,17,33
3083,0,35,0,15,50
3084,0,18,0,15,33
3085,0,32,0,18,50
3086,0,17,0,18,35
3089,0,32,0,18,50
3090,0,16,0,18,34
3091,0,33,0,17,50
3092,0,15,0,17,32
3093,0,34,0,16,50
3096,0,17,0,16,33
3097,0,33,0,17,50
3098,0,17,0,17,34
3099,0,34,0,18,52
3100,0,17,0,18,35
3103,0,34,0,16,50
3106,0,18,0,16,34
3108,0,16,0,20,36
3109,0,33,0,18,51
3110,0,13,0,18,31
3113,0,34,0,16,50
3116,0,15,0,17,32
3120,0,17,0,17,34
3121,0,37,0,13,50
3123,0,30,16,17,63
3124,0,17,16,17,50
3125,0,33,0,16,49
3126,0,17,0,16,33
3127,0,34,0,15,49
3129,0,41,0,7,48
3130,0,26,0,7,33
3131,0,26,0,16,42
3132,19,34,0,17,70
3134,0,18,0,17,35
3135,0,32,0,18,50
3136,0,15,0,18,33
3137,0,36,0,15,51
3138,0,18,0,15,33
3140,0,16,0,16,32
3141,0,34,0,17,51
3142,0,18,0,17,35
3143,0,33,0,17,50
3144,0,16,0,17,33
3145,0,33,0,18,51
3146,0,16,0,18,34
3147,0,35,0,15,50
3148,0,17,0,15,32
3149,0,33,0,16,49
3150,0,18,0,16,34
3151,0,32,19,15,66
3155,0,34,0,18,52
3156,0,18,0,18,36
3159,0,36,0,17,53
3160,0,17,0,17,34
3162,0,16,18,17,51
3164,0,17,0,16,33
3165,0,33,0,14,47
3166,0,17,0,14,31
3167,0,34,0,15,49
3168,0,20,0,15,35
3169,0,30,0,18,48
3170,0,15,0,18,33
3171,0,35,0,16,51
3172,0,17,0,16,33
3175,0,33,0,18,51
3177,0,33,0,18,51
3178,0,15,0,18,33
3179,0,34,0,18,52
3180,0,16,0,18,34
3181,0,34,0,17,51
3186,0,16,0,18,34
3187,0,34,0,17,51
3191,0,33,0,16,49
3193,0,34,14,19,67
3195,0,33,0,15,48
3197,0,33,0,16,49
3200,0,16,0,18,34
3202,0,16,0,17,33
3204,0,16,0,17,33
3205,0,33,0,18,51
3206,0,16,0,18,34
3207,0,35,0,15,50
3208,0,17,0,15,32
3211,0,33,0,17,50
3212,0,17,0,17,34
3213,0,34,0,17,51
3215,0,33,0,16,49
3217,0,33,0,18,51
3219,0,35,0,16,51
3220,0,17,0,16,33
3221,0,32,0,17,49
3222,0,16,0,17,33
3223,0,34,16,17,67
3224,0,17,16,17,50
3225,0,33,0,17,50
3226,0,17,0,17,34
3227,0,34,0,15,49
3228,0,17,0,15,32
3229,0,33,0,17,50
3230,0,18,0,17,35
3232,0,16,17,16,49
3234,0,16,0,18,34
3235,0,34,0,16,50
3236,0,16,0,16,32
3237,0,33,0,16,49
3238,0,17,0,16,33
3239,0,33,0,17,50
3240,0,17,0,17,34
3241,0,34,0,16,50
3244,0,16,0,17,33
3247,0,33,0,17,50
3248,0,16,0,17,33
3252,0,16,0,17,33
3253,0,36,0,17,53
3254,0,19,0,17,36
3256,0,18,0,16,34
3257,0,31,0,17,48
3258,0,15,0,17,32
3259,0,35,0,16,51
3260,0,18,0,16,34
3261,0,31,0,16,47
3263,0,33,0,19,52
3265,0,34,0,16,50
3267,0,33,0,16,49
3268,0,17,0,16,33
3269,0,34,0,16,50
3270,0,18,0,16,34
3272,0,16,0,16,32
3273,0,34,0,16,50
3277,0,35,0,16,51
3278,0,17,0,16,33
3279,0,32,0,19,51
3280,0,16,0,19,35
3281,0,34,0,17,51
3282,0,15,0,17,32
3283,0,33,0,17,50
3285,0,34,0,17,51
3286,0,17,0,17,34
3287,0,33,0,16,49
3288,0,16,0,16,32
3289,0,33,0,16,49
3296,0,18,0,16,34
3297,0,33,0,17,50
3298,0,17,0,17,34
3299,0,33,0,17,50
3300,0,16,0,17,33
3301,0,32,0,16,48
3302,0,15,0,16,31
3303,0,35,0,17,52
3304,0,19,0,17,36
3305,0,34,0,15,49
3306,0,17,0,15,32
3307,0,33,0,16,49
3308,0,18,0,16,34
3309,0,33,16,18,67
3310,0,17,16,18,51
3312,0,18,0,16,34
3313,0,32,0,18,50
3314,0,16,0,18,34
3315,0,34,0,16,50
3316,0,16,0,16,32
3317,0,33,0,18,51
3318,0,17,0,18,35
3319,0,33,0,17,50
3321,0,34,0,16,50
3322,0,17,0,16,33
3323,0,33,0,17,50
3324,0,17,0,17,34
3325,0,33,0,16,49
3326,0,16,0,16,32
3327,0,33,0,17,50
3328,0,17,0,17,34
3329,0,34,0,18,52
3330,0,17,0,18,35
3331,0,35,0,15,50
3332,0,17,0,15,32
3334,0,17,0,17,34
3337,0,35,0,13,48
3339,0,31,0,16,47
3341,0,33,0,17,50
3343,0,33,17,17,67
3344,0,16,17,17,50
3345,0,34,0,17,51
3346,0,17,0,17,34
3347,0,34,0,15,49
3351,0,34,0,14,48
3354,0,19,13,17,49
3356,0,17,0,18,35
3357,0,36,0,16,52
3358,0,18,0,16,34
3359,0,32,0,16,48
3360,0,16,0,16,32
3361,0,35,0,16,51
3362,0,19,0,16,35
3364,0,16,17,16,49
3366,0,16,0,17,33
3367,0,34,0,16,50
3369,0,33,0,16,49
3370,0,17,0,16,33
3372,0,18,16,18,52
3373,0,34,0,16,50
3375,0,31,0,17,48
3376,0,15,0,17,32
3378,0,17,0,17,34
3379,0,33,0,17,50
3380,0,16,0,17,33
3382,0,16,0,18,34
3384,0,17,0,15,32
3389,0,34,0,16,50
3390,0,18,0,16,34
3391,0,34,0,15,49
3392,0,18,0,15,33
3393,0,32,0,18,50
3395,0,32,0,17,49
3396,0,14,0,17,31
3397,0,34,0,17,51
3398,0,17,0,17,34
3399,0,34,0,19,53
3401,0,35,0,16,51
3403,0,32,0,16,48
3404,0,16,0,16,32
3406,0,17,0,16,33
3407,0,34,17,15,66
3410,0,15,0,18,33
3411,0,34,0,16,50
3412,0,16,0,16,32
3414,0,18,0,15,33
3415,0,32,0,17,49
3416,0,17,0,17,34
3418,0,17,0,16,33
3420,0,17,0,16,33
3421,0,33,0,18,51
3423,0,32,0,19,51
3424,0,14,0,19,33
3425,0,35,0,18,53
3426,0,16,0,18,34
3427,0,35,0,16,51
3428,0,17,0,16,33
3432,0,17,0,18,35
3433,0,33,0,17,50
3434,0,15,0,17,32
3435,0,34,0,15,49
3437,0,33,0,17,50
3439,0,34,0,17,51
3440,0,17,0,17,34
3441,0,34,0,16,50
3442,0,17,0,16,33
3445,0,33,0,16,49
3447,0,33,0,17,50
3448,0,17,0,17,34
3450,0,17,0,13,30
3451,0,34,0,15,49
3453,0,31,0,18,49
3454,0,16,0,18,34
3456,0,16,0,17,33
3457,0,34,0,17,51
3458,0,17,0,17,34
3459,0,32,0,18,50
3461,0,34,0,18,52
3462,0,16,0,18,34
3463,0,34,0,16,50
3464,0,16,0,16,32
3465,0,33,0,17,50
3466,0,17,0,17,34
3467,0,33,0,16,49
3468,0,16,0,16,32
3469,0,33,0,18,51
3470,0,17,0,18,35
3471,0,34,0,16,50
3472,0,16,0,16,32
3473,0,33,0,16,49
3474,0,17,0,16,33
3475,0,35,0,16,51
3476,0,19,0,16,35
3478,0,17,0,16,33
3480,0,16,0,17,33
3481,0,34,0,16,50
3482,0,17,0,16,33
3483,0,32,0,17,49
3486,0,16,0,18,34
3487,0,38,0,13,51
3488,0,20,0,13,33
3492,0,16,0,18,34
3493,0,34,0,17,51
3494,0,16,0,17,33
3495,0,33,0,18,51
3496,0,16,0,18,34
3497,0,34,0,17,51
3499,0,34,0,17,51
3500,0,17,0,17,34
3501,0,33,0,17,50
3502,0,16,0,17,33
3504,0,16,0,16,32
3505,0,33,0,16,49
3507,0,33,0,17,50
3508,0,17,0,17,34
3509,0,35,0,16,51
3510,0,18,0,16,34
3511,0,33,0,17,50
3512,0,17,0,17,34
3513,0,32,0,18,50
3517,0,35,0,16,51
3518,0,16,0,16,32
3522,0,18,0,17,35
3523,0,33,0,15,48
3525,0,32,0,17,49
3526,0,17,0,17,34
3527,0,34,0,18,52
3530,0,15,0,16,31
3531,0,35,0,16,51
3533,0,33,0,16,49
3537,0,34,17,17,68
3538,0,17,17,17,51
3539,0,34,0,16,50
3540,0,17,0,16,33
3541,0,33,0,16,49
3542,0,17,0,16,33
3543,0,33,0,18,51
3546,0,15,0,17,32
3547,0,34,0,17,51
3548,0,17,0,17,34
3549,0,32,0,18,50
3551,0,33,0,17,50
3553,0,35,0,16,51
3554,0,18,0,16,34
3555,0,32,0,17,49
3556,0,16,0,17,33
3559,0,32,19,16,67
3561,0,35,0,14,49
3562,0,16,0,14,30
3563,0,37,0,12,49
3564,0,23,0,12,35
3565,0,29,0,17,46
3566,0,17,0,17,34
3569,0,34,0,15,49
3571,0,35,0,15,50
3572,0,20,0,15,35
3573,0,33,0,17,50
3574,0,18,0,17,35
3575,0,31,0,17,48
3576,0,14,0,17,31
3577,0,34,0,16,50
3578,0,17,0,16,33
3582,0,19,0,16,35
3583,0,34,0,14,48
3584,0,18,0,14,32
3587,0,35,0,13,48
3588,0,20,0,13,33
3590,0,18,0,17,35
3591,0,33,0,16,49
3592,0,16,0,16,32
3593,0,32,0,18,50
3595,0,35,0,17,52
3596,0,17,0,17,34
3597,0,32,0,19,51
3598,0,15,0,19,34
3599,0,34,0,18,52
3602,0,14,0,18,32
3603,0,34,18,16,68
3604,0,16,18,16,50
3605,0,34,0,17,51
3606,0,16,0,17,33
3608,0,18,0,16,34
3609,0,31,0,15,46
3610,0,15,0,15,30
3611,0,35,0,16,51
3612,0,20,0,16,36
3614,0,17,0,15,32
3615,0,33,0,16,49
3616,0,18,0,16,34
3617,0,33,0,18,51
3618,0,17,0,18,35
3622,0,18,0,15,33
3623,0,35,0,13,48
3624,0,20,0,13,33
3626,0,17,0,18,35
3627,0,35,0,17,52
3629,0,32,0,19,51
3630,0,15,0,19,34
3631,0,35,0,16,51
3633,0,30,0,20,50
3635,0,37,0,15,52
3636,0,17,0,15,32
3637,0,32,0,16,48
3638,0,17,0,16,33
3639,0,33,0,16,49
3641,0,32,0,30,62
3642,0,16,0,30,46
3643,0,30,0,21,51
3644,0,35,19,17,71
3645,17,14,19,17,67
3646,0,14,19,17,50
3647,19,17,0,16,52
3648,0,17,0,16,33
3650,0,17,0,16,33
3651,0,33,0,17,50
3652,0,17,0,17,34
3653,0,35,0,16,51
3654,0,18,0,16,34
3658,0,17,0,17,34
3661,0,30,0,17,47
3664,0,16,0,16,32
3669,0,32,0,18,50
3672,0,15,0,19,34
3673,0,34,0,16,50
3674,0,15,0,16,31
3675,0,35,0,16,51
3676,0,19,0,16,35
3678,0,16,0,16,32
3682,0,16,0,17,33
3684,0,15,0,18,33
3685,0,35,0,17,52
3686,0,17,0,17,34
3688,0,17,0,15,32
3689,0,33,0,15,48
3691,0,32,0,16,48
3692,0,17,0,16,33
3693,0,34,0,18,52
3694,0,18,0,18,36
3697,0,34,0,17,51
3698,0,17,0,17,34
3699,0,32,0,17,49
3700,0,15,0,17,32
3702,0,17,0,17,34
3703,0,34,0,15,49
3705,0,34,0,15,49
3708,0,17,0,16,33
3709,0,32,0,19,51
3710,0,16,0,19,35
3711,0,36,0,15,51
3712,0,17,0,15,32
3713,0,32,0,17,49
3714,0,17,0,17,34
3715,0,33,0,18,51
3716,0,16,0,18,34
3717,0,34,0,16,50
3718,0,16,0,16,32
3719,0,34,0,16,50
3720,0,18,0,16,34
3722,0,17,0,16,33
3723,0,32,0,17,49
3724,0,16,0,17,33
3725,0,35,0,17,52
3726,0,18,0,17,35
3727,0,32,0,18,50
3728,0,15,0,18,33
3729,0,35,0,16,51
3731,0,32,0,17,49
3735,0,34,0,18,52
3736,0,18,0,18,36
3737,0,33,0,18,51
3739,0,34,0,16,50
3740,0,16,0,16,32
3741,0,34,0,16,50
3742,0,18,0,16,34
3744,0,16,0,16,32
3745,0,34,0,17,51
3746,0,18,0,17,35
3750,0,17,0,15,32
3751,0,32,0,17,49
3752,0,17,0,17,34
3753,0,34,0,16,50
3754,0,17,0,16,33
3755,0,33,0,16,49
3756,0,17,0,16,33
3757,0,33,0,18,51
3758,0,17,0,18,35
3760,0,16,0,17,33
3761,0,32,0,17,49
3762,0,15,0,17,32
3763,0,36,0,15,51
3766,0,16,0,17,33
3768,0,16,0,17,33
3769,0,34,0,18,52
3770,0,17,0,18,35
3771,0,35,0,16,51
3772,0,17,0,16,33
3774,0,17,0,15,32
3775,0,31,0,18,49
3777,0,36,0,18,54
3780,0,16,0,15,31
3781,0,31,0,18,49
3782,0,16,0,18,34
3783,0,35,0,16,51
3784,0,17,0,16,33
3785,0,32,0,17,49
3786,0,16,0,17,33
3788,0,17,0,16,33
3789,0,34,0,16,50
3791,0,33,0,16,49
3792,0,17,0,16,33
3793,0,34,0,15,49
3794,0,18,0,15,33
3795,0,32,0,17,49
3796,0,17,0,17,34
3797,0,33,0,17,50
3798,0,16,0,17,33
3800,0,16,0,18,34
3801,0,35,17,16,68
3802,0,17,17,16,50
3803,0,33,0,17,50
3804,0,16,0,17,33
3806,0,15,0,18,33
3807,0,34,0,16,50
3808,0,16,0,16,32
3809,0,32,0,18,50
3810,0,16,0,18,34
3811,0,34,0,17,51
3812,0,16,0,17,33
3814,0,17,0,15,32
3816,0,18,0,18,36
3817,0,34,0,15,49
3818,0,16,0,15,31
3819,0,33,0,16,49
3822,0,16,0,19,35
3827,0,32,0,18,50
3829,0,34,0,17,51
3830,0,16,0,17,33
3831,0,34,0,16,50
3832,0,17,0,16,33
3833,0,32,0,19,51
3834,0,16,0,19,35
3835,0,35,0,16,51
3836,0,16,0,16,32
3837,0,34,0,15,49
3838,0,18,0,15,33
3839,0,33,0,15,48
3841,0,32,0,18,50
3842,0,17,0,18,35
3843,0,33,0,16,49
3844,0,15,0,16,31
3845,0,35,0,17,52
3846,0,19,0,17,36
3847,0,33,0,14,47
3850,0,18,0,18,36
3851,0,34,0,17,51
3852,0,16,0,17,33
3853,0,35,0,15,50
3854,0,18,0,15,33
3855,0,32,0,16,48
3857,0,32,0,18,50
3860,0,16,0,16,32
3861,0,35,0,15,50
3864,0,18,0,15,33
3865,0,32,0,17,49
3866,0,17,0,17,34
3867,0,33,0,16,49
3868,0,16,0,16,32
3870,0,18,0,19,37
3871,0,34,0,15,49
3873,0,32,0,18,50
3874,0,17,0,18,35
3876,0,16,0,17,33
3878,0,16,0,17,33
3879,0,34,0,17,51
3880,0,17,0,17,34
3881,0,34,0,17,51
3882,0,17,0,17,34
3883,0,34,0,15,49
3885,0,32,0,16,48
3886,0,17,0,16,33
3888,0,17,0,17,34
3890,0,17,0,16,33
3892,0,19,0,15,34
3893,0,32,0,17,49
3894,0,17,0,17,34
3896,0,14,0,18,32
3897,0,35,0,16,51
3899,0,34,0,15,49
3900,0,18,0,15,33
3901,0,32,0,17,49
3903,0,33,0,18,51
3905,0,34,0,16,50
3907,0,34,0,15,49
3909,0,34,0,14,48
3910,0,19,0,14,33
3911,0,33,0,16,49
3912,0,19,0,16,35
3914,0,15,0,17,32
3915,0,34,0,16,50
3917,0,33,0,17,50
3918,0,17,0,17,34
3919,0,34,0,17,51
3920,0,17,0,17,34
3922,0,17,0,16,33
3923,0,34,0,15,49
3925,0,32,0,18,50
3926,0,17,0,18,35
3927,0,33,0,19,52
3928,0,15,0,19,34
3929,0,35,0,16,51
3930,0,16,0,16,32
3931,0,31,0,19,50
3932,0,15,0,19,34
3933,0,35,0,17,52
3935,0,33,0,17,50
3937,0,33,0,17,50
3939,0,33,0,18,51
3942,0,16,0,18,34
3943,0,34,0,17,51
3944,0,16,0,17,33
3945,0,33,0,17,50
3946,0,16,0,17,33
3947,0,34,0,16,50
3950,0,16,0,17,33
3951,0,33,0,20,53
3952,0,16,0,20,36
3953,0,33,0,17,50
3955,0,35,16,16,67
3956,0,18,16,16,50
3957,0,32,0,18,50
3958,0,16,0,18,34
3959,0,36,0,15,51
3960,0,18,0,15,33
3961,0,31,0,17,48
3962,0,16,0,17,33
3964,0,16,0,18,34
3966,0,16,0,17,33
3967,0,34,0,16,50
3970,0,18,0,15,33
3973,0,34,0,16,50
3974,0,19,0,16,35
3975,0,32,0,18,50
3976,0,16,0,18,34
3978,0,16,0,16,32
3980,0,17,0,16,33
3981,0,33,0,18,51
3983,0,34,0,17,51
3984,0,16,0,17,33
3986,0,17,0,15,32
3987,0,33,0,17,50
3988,0,18,0,17,35
3990,0,15,0,17,32
3991,0,35,0,15,50
3992,0,18,0,15,33
3993,0,32,0,17,49
3994,0,17,0,17,34
3995,0,34,0,17,51
3996,0,17,0,17,34
3997,0,32,0,18,50
3999,0,33,18,18,69
4000,0,15,18,18,51
4002,0,18,0,14,32
4005,0,33,0,17,50
4006,0,15,0,17,32
4007,0,34,18,17,69
4008,0,17,18,17,52
4010,0,17,0,16,33
4011,0,32,0,18,50
4012,0,16,0,18,34
4014,0,15,0,18,33
4016,0,16,0,17,33
4019,0,34,0,16,50
4020,0,18,0,16,34
4021,0,35,0,18,53
4022,0,19,0,18,37
4023,0,32,0,14,46
4024,0,14,0,14,28
4026,0,18,0,16,34
4027,0,34,0,17,51
4028,0,18,0,17,35
4029,0,33,0,17,50
4030,0,16,0,17,33
4031,0,34,15,18,67
4032,0,17,15,18,50
4033,0,33,0,17,50
4034,0,18,0,17,35
4035,0,34,0,16,50
4036,0,17,0,16,33
4037,0,32,18,17,67
4042,0,17,17,14,48
4043,0,31,0,17,48
4045,0,35,15,17,67
4046,0,18,15,17,50
4047,0,32,0,18,50
4048,0,17,0,18,35
4049,0,35,0,15,50
4051,0,34,0,21,55
4052,0,19,0,21,40
4053,0,32,17,17,66
4055,17,17,0,16,50
4057,0,34,0,15,49
4058,0,18,0,15,33
4060,0,17,0,17,34
4061,0,34,0,16,50
4062,0,17,0,16,33
4063,0,32,0,17,49
4064,0,16,0,17,33
4065,0,35,0,16,51
4066,0,18,0,16,34
4067,0,33,0,16,49
4068,0,17,0,16,33
4069,0,32,0,18,50
4070,0,16,0,18,34
4071,0,33,0,19,52
4072,0,15,0,19,34
4073,0,35,0,17,52
4074,0,16,0,17,33
4075,0,35,0,14,49
4076,0,18,0,14,32
4077,0,31,0,17,48
4081,0,34,0,16,50
4082,0,18,0,16,34
4083,0,32,0,17,49
4084,0,16,0,17,33
4085,0,34,0,17,51
4087,0,33,0,17,50
4089,0,34,0,16,50
4090,0,17,0,16,33
4093,0,33,0,17,50
4094,0,16,0,17,33
4095,0,34,0,18,52
4096,0,17,0,18,35
4098,0,15,0,17,32
4100,0,16,0,18,34
4101,0,34,0,15,49
4103,0,34,0,15,49
4104,0,19,0,15,34
4105,0,33,0,17,50
4106,0,18,0,17,35
4107,0,32,0,17,49
4108,0,15,0,17,32
4109,0,35,0,15,50
4110,0,18,0,15,33
4111,0,33,0,17,50
4112,0,18,0,17,35
4114,0,16,0,18,34
4115,0,33,0,18,51
4116,0,15,0,18,33
4117,0,34,0,16,50
4119,0,33,0,17,50
4120,0,17,0,17,34
4121,0,33,0,18,51
4122,0,16,0,18,34
4123,0,33,0,17,50
4124,0,15,0,17,32
4127,0,33,0,17,50
4128,0,18,0,17,35
4129,0,34,0,16,50
4130,0,17,0,16,33
4131,0,31,0,17,48
4133,0,34,0,17,51
4135,0,34,0,15,49
4137,0,34,0,16,50
4138,0,19,0,16,35
4139,0,33,0,16,49
4140,0,17,0,16,33
4142,0,16,0,19,35
4144,0,16,0,16,32
4146,0,17,0,15,32
4147,0,34,0,15,49
4148,0,19,0,15,34
4149,0,33,0,17,50
4150,0,18,0,17,35
4152,0,15,0,17,32
4153,0,33,0,18,51
4154,0,16,0,18,34
4155,0,33,0,16,49
4158,0,18,0,16,34
4161,0,33,16,18,67
4162,0,15,16,18,49
4164,0,18,0,17,35
4165,0,35,0,16,51
4166,0,18,0,16,34
4168,0,17,15,18,50
4169,0,33,0,15,48
4170,0,18,0,15,33
4173,0,33,0,15,48
4175,0,33,0,15,48
4177,0,34,0,16,50
4178,0,19,0,16,35
4179,0,32,17,17,66
4180,0,16,17,17,50
4181,0,34,0,15,49
4182,0,17,0,15,32
4183,0,33,0,17,50
4186,0,18,0,15,33
4187,0,31,0,20,51
4188,0,16,0,20,36
4189,0,32,0,18,50
4190,0,12,0,18,30
4191,0,36,0,16,52
4193,0,32,0,16,48
4195,0,32,0,17,49
4196,0,16,0,17,33
4197,0,34,0,19,53
4198,0,17,0,19,36
4199,0,36,0,15,51
4201,0,32,0,16,48
4202,0,17,0,16,33
4203,0,32,0,17,49
4204,0,16,0,17,33
4206,0,17,0,18,35
4207,0,33,0,17,50
4208,0,15,0,17,32
4209,0,35,0,16,51
4212,0,16,0,18,34
4213,0,34,0,16,50
4214,0,16,0,16,32
4216,0,18,0,15,33
4217,0,32,18,15,65
4218,0,17,18,15,50
4220,0,15,0,17,32
4223,0,31,0,19,50
4225,0,34,0,16,50
4226,0,15,0,16,31
4227,0,34,0,18,52
4228,0,18,0,18,36
4229,0,33,0,16,49
4231,0,35,0,15,50
4232,0,19,0,15,34
4233,0,33,0,16,49
4234,0,18,0,16,34
4235,0,33,0,19,52
4236,0,17,0,19,36
4237,0,32,0,17,49
4238,0,13,0,17,30
4239,0,35,0,15,50
4242,0,18,0,16,34
4244,0,16,0,17,33
4245,0,34,0,17,51
4247,0,33,0,16,49
4248,0,16,0,16,32
4249,0,34,0,17,51
4250,0,18,0,17,35
4251,0,32,0,17,49
4253,0,34,0,16,50
4255,0,33,0,17,50
4257,0,35,0,15,50
4259,0,31,0,17,48
4260,0,16,0,17,33
4263,0,34,15,17,66
4264,0,18,15,17,50
4265,15,17,0,17,49
4266,0,17,0,17,34
4268,0,16,0,18,34
4269,0,35,0,15,50
4270,0,17,0,15,32
4271,0,33,0,16,49
4273,0,31,0,18,49
4276,0,16,0,18,34
4277,0,33,0,18,51
4279,0,35,0,17,52
4282,0,15,0,18,33
4283,0,34,0,17,51
4285,0,34,0,17,51
4286,0,17,0,17,34
4287,0,33,0,17,50
4288,0,16,0,17,33
4290,0,16,0,18,34
4291,0,33,0,17,50
4292,0,15,0,17,32
4293,0,34,0,15,49
4296,0,19,0,16,35
4297,0,34,0,15,49
4298,0,18,0,15,33
4300,0,17,0,17,34
4301,0,33,0,17,50
4302,0,16,0,17,33
4305,0,32,0,18,50
4309,0,33,0,16,49
4310,0,16,0,16,32
4312,0,17,0,19,36
4314,0,14,0,19,33
4315,0,37,0,19,56
4317,0,31,0,16,47
4319,0,34,0,16,50
4320,0,18,0,16,34
4321,0,33,0,15,48
4322,0,17,0,15,32
4324,0,17,0,17,34
4326,0,17,0,18,35
4328,0,15,18,15,48
4330,0,15,0,18,33
4331,0,34,0,16,50
4332,0,16,0,16,32
4334,0,18,0,15,33
4336,0,18,0,16,34
4337,0,34,0,16,50
4338,0,18,0,16,34
4340,0,16,17,17,50
4341,0,34,0,17,51
4343,0,34,16,16,66
4344,0,17,16,16,49
4346,0,16,0,17,33
4349,0,33,0,17,50
4350,0,15,0,17,32
4351,0,34,0,17,51
4352,0,17,0,17,34
4353,0,32,17,18,67
4354,0,15,17,18,50
4355,0,35,0,15,50
4356,0,18,0,15,33
4359,0,33,0,17,50
4360,0,17,0,17,34
4361,0,33,0,17,50
4363,0,34,0,16,50
4364,0,17,0,16,33
4365,0,34,0,17,51
4367,0,32,0,17,49
4368,0,15,0,17,32
4369,0,33,0,18,51
4371,0,35,0,16,51
4376,0,16,0,16,32
4377,0,32,0,18,50
4378,0,16,0,18,34
4379,0,35,0,16,51
4381,0,33,0,16,49
4385,0,32,0,16,48
4386,0,16,0,16,32
4387,0,33,0,16,49
4388,0,17,0,16,33
4389,0,34,0,18,52
4390,0,18,0,18,36
4392,0,16,0,15,31
4393,0,33,0,16,49
4394,0,18,0,16,34
4395,0,33,0,16,49
4396,0,17,0,16,33
4397,0,34,0,17,51
4398,0,18,0,17,35
4399,0,33,0,17,50
4402,0,16,0,16,32
4404,0,18,0,15,33
4406,0,18,0,16,34
4408,0,16,0,18,34
4409,0,35,15,18,68
4410,0,17,15,18,50
4411,0,33,0,16,49
4412,0,18,0,16,34
4414,0,16,0,19,35
4419,0,32,0,18,50
4421,0,33,0,16,49
4422,0,15,0,16,31
4423,0,34,0,16,50
4424,0,18,0,16,34
4425,0,33,0,16,49
4427,0,33,0,18,51
4428,0,17,0,18,35
4429,0,33,0,17,50
4431,0,35,0,16,51
4432,0,18,0,16,34
4433,0,32,0,17,49
4434,0,16,0,17,33
4436,0,14,0,18,32
4437,0,37,0,16,53
4438,0,19,0,16,35
4440,0,16,0,18,34
4441,0,34,0,16,50
4442,0,16,0,16,32
4444,0,17,0,17,34
4445,0,33,0,17,50
4446,0,16,0,17,33
4447,0,34,0,16,50
4449,0,32,0,18,50
4450,0,16,0,18,34
4451,0,36,0,14,50
4452,0,18,0,14,32
4454,0,19,0,16,35
4455,0,32,0,16,48
4456,0,16,0,16,32
4457,0,34,0,16,50
4459,0,33,17,16,66
4460,0,17,17,16,50
4461,0,33,0,16,49
4462,0,16,0,16,32
4464,0,18,0,17,35
4466,0,16,0,15,31
4468,0,19,0,16,35
4470,0,16,0,18,34
4471,0,33,0,18,51
4472,0,15,0,18,33
4473,0,34,0,15,49
4474,0,16,0,15,31
4476,0,18,17,17,52
4477,0,34,0,17,51
4478,0,17,0,17,34
4480,0,16,17,15,48
4482,0,15,0,18,33
4483,0,34,0,17,51
4484,0,16,0,17,33
4486,0,17,0,16,33
4489,0,32,0,17,49
4490,0,15,0,17,32
4491,0,34,0,16,50
4493,0,33,0,17,50
4494,0,17,0,17,34
4495,0,33,0,18,51
4496,0,16,0,18,34
4497,0,33,0,18,51
4499,0,34,0,16,50
4500,0,16,0,16,32
4501,0,34,0,16,50
4502,0,18,0,16,34
4503,0,33,0,17,50
4504,0,17,0,17,34
4506,0,16,0,18,34
4507,0,34,0,20,54
4508,0,16,0,20,36
4510,0,12,0,17,29
4511,0,34,0,18,52
4512,0,17,0,18,35
4514,0,15,0,18,33
4515,0,34,0,16,50
4516,0,16,0,16,32
4517,0,34,16,17,67
4518,0,18,16,17,51
4519,0,33,0,17,50
4521,0,33,0,16,49
4523,0,33,0,17,50
4526,0,16,18,17,51
4528,0,17,0,16,33
4530,0,17,0,15,32
4532,0,18,0,16,34
4533,0,34,0,15,49
4534,0,18,0,15,33
4536,0,17,0,17,34
4538,0,17,0,15,32
4539,0,35,0,14,49
4540,0,20,0,14,34
4541,0,32,0,18,50
4542,0,18,0,18,36
4543,0,32,0,19,51
4544,0,14,0,19,33
4545,0,33,0,17,50
4547,0,35,0,17,52
4548,0,18,0,17,35
4549,0,32,0,18,50
4550,0,15,0,18,33
4552,0,17,0,16,33
4555,0,34,0,17,51
4556,0,15,0,17,32
4557,0,34,0,17,51
4559,0,32,0,18,50
4560,0,15,0,18,33
4561,0,34,0,17,51
4565,0,32,0,17,49
4566,0,15,0,17,32
4569,0,33,0,18,51
4572,0,17,0,16,33
4573,0,33,0,16,49
4574,0,17,0,16,33
4576,0,17,0,15,32
4577,0,34,0,17,51
4579,0,34,0,15,49
4580,0,17,0,15,32
4581,0,32,0,16,48
4582,0,17,0,16,33
4583,0,34,0,15,49
4584,0,18,0,15,33
4585,0,33,0,16,49
4586,0,18,0,16,34
4587,0,33,0,16,49
4589,0,34,0,16,50
4590,0,18,0,16,34
4591,0,32,0,18,50
4592,0,16,0,18,34
4593,0,35,0,16,51
4594,0,17,0,16,33
4597,0,33,0,17,50
4600,0,16,0,17,33
4601,0,34,0,16,50
4602,0,17,0,16,33
4603,0,33,0,16,49
4606,0,16,0,18,34
4607,0,35,0,15,50
4608,0,17,0,15,32
4609,0,33,0,17,50
4611,0,34,0,15,49
4612,0,17,0,15,32
4613,0,33,0,16,49
4615,0,32,0,17,49
4617,0,35,0,16,51
4618,0,18,0,16,34
4619,0,32,0,18,50
4621,0,34,0,18,52
4622,0,16,0,18,34
4624,0,15,0,17,32
4627,0,34,0,16,50
4628,0,18,0,16,34
4629,0,34,0,15,49
4633,0,34,0,16,50
4634,0,16,0,16,32
4636,0,16,0,18,34
4637,0,33,0,18,51
4638,0,15,0,18,33
4639,0,34,0,17,51
4640,0,16,0,17,33
4641,0,34,16,16,66
4645,0,35,0,14,49
4646,0,18,0,14,32
4647,0,33,0,16,49
4649,0,34,0,17,51
4650,0,18,0,17,35
4652,0,16,17,15,48
4653,0,32,0,19,51
4655,0,35,0,17,52
4657,0,33,0,16,49
4658,0,16,0,16,32
4660,0,16,0,17,33
4661,0,35,0,16,51
4663,0,34,0,16,50
4664,0,18,0,16,34
4665,0,32,0,17,49
4667,0,32,0,19,51
4669,0,35,17,15,67
4670,0,16,17,15,48
4676,0,17,0,18,35
4677,0,34,0,16,50
4678,0,16,0,16,32
4679,0,35,0,16,51
4682,0,14,0,19,33
4683,0,34,0,17,51
4684,0,15,0,17,32
4685,0,35,16,17,68
4686,0,18,16,17,51
4687,0,33,0,16,49
4688,0,17,0,16,33
4689,0,34,0,15,49
4691,0,33,0,17,50
4694,0,15,0,16,31
4695,0,35,0,16,51
4697,0,32,0,16,48
4700,0,17,0,16,33
4701,0,34,17,17,68
4702,0,18,17,17,52
4705,0,32,17,17,66
4707,0,34,0,16,50
4708,0,17,0,16,33
4709,0,33,0,16,49
4710,0,17,0,16,33
4711,0,33,0,17,50
4712,0,17,0,17,34
4713,0,34,0,16,50
4715,0,32,0,18,50
4716,0,16,0,18,34
4717,0,32,0,19,51
4720,0,16,0,17,33
4721,0,35,17,16,68
4722,0,18,17,16,51
4723,0,33,0,17,50
4725,0,33,0,17,50
4727,0,34,0,15,49
4728,0,17,0,15,32
4729,0,33,0,16,49
4730,0,18,0,16,34
4731,0,33,0,16,49
4732,0,17,0,16,33
4733,0,32,0,18,50
4734,0,16,0,18,34
4736,0,19,0,15,34
4738,0,19,0,13,32
4739,0,29,0,17,46
4741,0,35,0,17,52
4742,0,18,0,17,35
4745,0,34,0,15,49
4746,0,17,0,15,32
4747,0,32,0,16,48
4748,0,17,0,16,33
4749,0,34,0,17,51
4750,0,18,0,17,35
4751,0,33,0,17,50
4752,0,16,0,17,33
4753,0,34,0,17,51
4755,0,33,0,16,49
4756,0,16,0,16,32
4757,0,34,0,17,51
4758,0,18,0,17,35
4759,0,32,0,17,49
4762,0,16,0,18,34
4763,0,34,0,18,52
4765,0,34,0,16,50
4766,0,16,0,16,32
4767,0,33,0,17,50
4768,0,17,0,17,34
4769,0,34,0,15,49
4770,0,17,0,15,32
4772,0,18,0,16,34
4773,0,34,0,17,51
4774,0,18,0,17,35
4775,0,33,0,15,48
4777,0,33,0,17,50
4778,0,18,0,17,35
4779,0,33,0,17,50
4781,0,34,0,16,50
4782,0,17,0,16,33
4783,0,32,0,17,49
4785,0,33,0,18,51
4787,0,34,0,20,54
4788,0,16,0,20,36
4792,0,15,0,18,33
4793,0,34,0,17,51
4795,0,33,0,18,51
4797,0,34,0,16,50
4798,0,16,0,16,32
4799,0,35,0,16,51
4800,0,19,0,16,35
4801,0,31,0,18,49
4802,0,15,0,18,33
4803,0,33,0,17,50
4806,0,18,0,16,34
4808,0,17,0,16,33
4809,0,32,0,18,50
4810,0,16,0,18,34
4811,0,33,0,18,51
4812,0,15,0,18,33
4813,0,35,0,16,51
4814,0,17,0,16,33
4819,0,34,0,17,51
4820,0,18,0,17,35
4821,0,33,0,17,50
4822,0,16,0,17,33
4825,0,35,0,15,50
4826,0,18,0,15,33
4827,0,32,16,18,66
4828,0,17,16,18,51
4831,0,31,0,19,50
4832,0,15,0,19,34
4833,0,34,0,18,52
4834,0,15,0,18,33
4835,0,34,0,18,52
4836,0,16,0,18,34
4837,0,34,0,17,51
4839,0,32,0,17,49
4840,0,15,0,17,32
4842,0,17,0,17,34
4843,0,34,0,17,51
4844,0,17,0,17,34
4845,0,33,0,16,49
4846,0,16,0,16,32
4847,0,33,0,17,50
4849,0,32,0,19,51
4851,0,34,0,18,52
4854,0,17,0,16,33
4855,0,32,0,17,49
4856,0,16,0,17,33
4857,0,34,0,16,50
4858,0,17,0,16,33
4859,0,33,0,17,50
4860,0,17,0,17,34
4861,0,34,0,15,49
4862,0,17,0,15,32
4863,0,33,0,17,50
4864,0,18,0,17,35
4865,0,33,0,17,50
4866,0,16,0,17,33
4870,0,14,0,17,31
4871,0,35,0,15,50
4872,0,18,0,15,33
4874,0,18,0,16,34
4875,0,32,0,17,49
4876,0,16,0,17,33
4877,0,34,0,18,52
4878,0,17,0,18,35
4880,0,15,0,17,32
4881,0,34,0,16,50
4887,0,34,0,17,51
4888,0,17,0,17,34
4889,0,33,0,17,50
4891,0,34,0,17,51
4893,0,34,0,15,49
4894,0,17,0,15,32
4895,0,32,0,17,49
4898,0,17,0,17,34
4901,0,35,0,16,51
4902,0,16,0,16,32
4903,0,33,0,17,50
4904,0,17,0,17,34
4905,0,34,0,17,51
4906,0,17,0,17,34
4907,0,33,0,17,50
4908,0,16,0,17,33
4909,0,35,0,17,52
4910,0,18,0,17,35
4911,0,33,0,14,47
4914,0,19,0,17,36
4915,0,33,0,16,49
4916,0,16,0,16,32
4917,0,34,0,16,50
4918,0,18,0,16,34
4920,0,16,0,18,34
4922,0,16,0,16,32
4924,0,16,0,17,33
4925,0,35,0,16,51
4926,0,18,0,16,34
4927,0,32,0,17,49
4928,0,16,0,17,33
4929,0,34,0,16,50
4930,0,17,0,16,33
4931,0,34,0,16,50
4933,0,33,0,17,50
4934,0,17,0,17,34
4935,0,33,0,17,50
4936,0,16,0,17,33
4937,0,33,0,19,52
4938,0,16,0,19,35
4942,0,18,0,17,35
4943,0,33,0,16,49
4944,0,16,0,16,32
4945,0,34,0,16,50
4946,0,18,0,16,34
4947,0,32,0,18,50
4948,0,16,0,18,34
4950,0,16,0,17,33
4952,0,16,0,18,34
4953,0,35,0,15,50
4954,0,17,0,15,32
4956,0,16,0,17,33
4957,0,34,0,18,52
4958,0,17,0,18,35
4959,0,35,0,16,51
4960,0,17,0,16,33
4961,0,32,0,17,49
4962,0,16,0,17,33
4963,0,33,0,18,51
4964,0,16,0,18,34
4965,0,35,0,15,50
4966,0,17,0,15,32
4968,0,18,0,16,34
4969,0,32,0,19,51
4970,0,16,0,19,35
4971,0,34,0,17,51
4972,0,15,0,17,32
4974,0,16,0,16,32
4978,0,18,0,15,33
4979,0,33,0,16,49
4980,0,18,0,16,34
4981,0,34,0,14,48
4982,0,18,0,14,32
4985,0,34,0,17,51
4986,0,18,0,17,35
4987,0,33,0,17,50
4988,0,16,0,17,33
4989,0,32,0,17,49
4991,0,33,0,18,51
4992,0,16,0,18,34
4995,0,34,0,18,52
4997,0,33,0,19,52
4999,0,34,0,17,51
5000,0,15,0,17,32
5003,0,33,0,17,50
5004,0,17,0,17,34
5006,0,17,0,17,34
5007,0,34,0,15,49
5008,0,17,0,15,32
5010,0,17,0,16,33
5013,0,33,0,17,50
5014,0,16,0,17,33
5015,0,33,0,19,52
5016,0,16,0,19,35
5019,0,34,0,18,52
5020,0,17,0,18,35
5021,0,35,0,15,50
5022,0,17,0,15,32
5023,0,32,0,16,48
5024,0,17,0,16,33
5026,0,19,0,15,34
5027,0,32,0,16,48
5028,0,17,0,16,33
5029,0,33,0,18,51
5030,0,17,0,18,35
5032,0,16,0,16,32
5033,0,33,0,17,50
5034,0,17,0,17,34
5035,0,34,0,16,50
5036,0,17,0,16,33
5037,0,33,0,16,49
5040,0,18,0,17,35
5042,0,16,0,17,33
5044,0,15,0,18,33
5045,0,35,0,15,50
5046,0,17,0,15,32
5047,0,33,0,17,50
5049,0,33,0,17,50
5050,0,16,0,17,33
5052,0,16,0,18,34
5053,0,34,16,17,67
5055,0,33,0,18,51
5057,0,33,0,17,50
5058,0,15,0,17,32
5060,0,16,0,18,34
5061,0,33,0,19,52
5062,0,15,0,19,34
5064,0,14,0,17,31
5065,0,35,0,16,51
5066,0,18,0,16,34
5067,0,33,0,16,49
5068,0,17,0,16,33
5070,0,18,0,15,33
5071,0,32,0,18,50
5072,0,17,0,18,35
5075,0,33,0,16,49
5076,0,16,0,16,32
5077,0,34,0,17,51
5078,0,18,0,17,35
5079,0,33,0,17,50
5080,0,16,0,17,33
5081,0,33,0,16,49
5083,0,34,17,15,66
5084,0,18,17,15,50
5085,0,32,0,19,51
5088,0,15,0,17,32
5090,0,15,0,18,33
5091,0,36,0,15,51
5092,0,18,0,15,33
5093,0,33,0,15,48
5094,0,18,0,15,33
5095,0,34,16,16,66
5096,0,19,16,16,51
5097,0,32,0,16,48
5098,0,16,0,16,32
5100,0,18,0,17,35
5101,0,33,0,16,49
5102,0,16,0,16,32
5103,0,32,0,17,49
5105,0,34,0,18,52
5108,0,16,0,17,33
5109,0,32,0,18,50
5110,0,15,0,18,33
5111,0,35,0,15,50
5113,0,32,0,18,50
5114,0,17,0,18,35
5116,0,17,0,15,32
5117,0,32,0,17,49
5118,0,17,0,17,34
5119,0,34,0,17,51
5124,0,17,0,16,33
5125,0,34,0,17,51
5126,0,18,0,17,35
5127,0,36,0,12,48
5129,0,30,0,16,46
5130,0,18,0,16,34
5133,0,33,17,16,66
5134,0,18,17,16,51
5135,0,33,0,18,51
5136,0,16,0,18,34
5137,0,33,0,16,49
5138,0,15,0,16,31
5139,0,34,0,17,51
5141,0,33,0,16,49
5142,0,16,0,16,32
5143,0,34,17,17,68
5144,0,18,17,17,52
5145,0,34,0,15,49
5146,0,17,0,15,32
5147,0,33,0,15,48
5148,0,18,0,15,33
5149,0,32,0,18,50
5150,0,17,0,18,35
5152,0,16,0,16,32
5154,0,18,0,16,34
5155,0,32,0,17,49
5156,0,16,0,17,33
5158,0,18,0,17,35
5161,0,34,16,17,67
5162,0,18,16,17,51
5164,0,17,0,15,32
5165,0,33,0,16,49
5166,0,18,0,16,34
5167,0,33,0,15,48
5168,0,17,0,15,32
5169,0,33,0,16,49
5170,0,18,0,16,34
5171,0,35,0,14,49
5172,0,19,0,14,33
5175,0,33,0,15,48
5176,0,16,0,15,31
5177,0,33,0,16,49
5179,0,34,0,15,49
5181,0,32,0,16,48
5182,0,17,0,16,33
5183,0,33,0,17,50
5184,0,17,0,17,34
5185,0,34,0,15,49
5187,0,33,0,17,50
5188,0,18,0,17,35
5189,0,32,0,18,50
5190,0,15,0,18,33
5191,0,36,0,14,50
5192,0,18,0,14,32
5193,0,33,0,17,50
5194,0,19,0,17,36
5196,0,16,0,16,32
5197,0,32,0,17,49
5198,0,16,0,17,33
5201,0,33,0,17,50
5202,0,16,0,17,33
5203,0,33,18,16,67
5204,0,16,18,16,50
5205,0,34,0,16,50
5206,0,16,0,16,32
5207,0,32,0,18,50
5208,0,16,0,18,34
5209,0,34,0,19,53
5210,0,16,0,19,35
5211,0,33,0,17,50
5213,0,35,0,16,51
5215,0,33,0,15,48
5216,0,17,0,15,32
5218,0,18,0,16,34
5219,0,33,0,17,50
5220,0,17,0,17,34
5222,0,16,0,18,34
5223,0,35,0,15,50
5225,0,33,0,16,49
5229,0,35,0,15,50
5231,0,33,0,16,49
5232,0,18,0,16,34
5233,0,33,0,18,51
5234,0,17,0,18,35
5235,0,32,0,18,50
5236,0,14,0,18,32
5238,0,17,0,17,34
5239,0,32,0,18,50
5240,0,15,0,18,33
5241,0,34,0,16,50
5243,0,34,0,15,49
5244,0,18,0,15,33
5247,0,35,0,16,51
5248,0,17,0,16,33
5249,0,32,0,17,49
5250,0,16,0,17,33
5252,0,16,0,17,33
5253,0,35,0,14,49
5256,0,18,0,18,36
5257,0,34,0,15,49
5258,0,16,0,15,31
5260,0,18,0,15,33
5261,0,31,0,19,50
5262,0,16,0,19,35
5265,0,33,0,26,59
5266,0,17,0,26,43
5267,0,26,0,26,52
5268,0,44,0,17,61
5269,17,18,0,17,52
5271,0,34,0,16,50
5272,0,17,0,16,33
5273,0,30,0,18,48
5274,0,14,0,18,32
5275,0,36,0,17,53
5276,0,18,0,17,35
5278,0,21,0,11,32
5279,0,28,0,17,45
5282,0,17,0,14,31
5283,0,31,0,19,50
5284,0,17,0,19,36
5286,0,16,0,15,31
5289,0,31,0,18,49
5290,0,16,0,18,34
5293,0,32,0,18,50
5294,0,15,0,18,33
5297,0,33,0,19,52
5298,0,17,0,19,36
5299,0,36,0,14,50
5300,0,17,0,14,31
5301,0,31,0,17,48
5302,0,17,0,17,34
5303,0,33,0,19,52
5305,0,33,0,17,50
5306,0,14,0,17,31
5307,0,35,0,17,52
5308,0,18,0,17,35
5310,0,15,0,17,32
5312,0,17,0,16,33
5313,0,32,0,19,51
5315,0,35,0,16,51
5316,0,16,0,16,32
5317,0,32,0,19,51
5318,0,16,0,19,35
5322,0,16,0,19,35
5323,0,34,0,16,50
5324,0,15,0,16,31
5325,0,33,0,18,51
5326,0,17,0,18,35
5327,0,34,0,17,51
5328,0,16,0,17,33
5329,0,34,0,17,51
5330,0,17,0,17,34
5333,0,34,0,17,51
5335,0,33,0,19,52
5336,0,16,0,19,35
5337,0,35,0,16,51
5338,0,16,0,16,32
5339,0,33,0,16,49
5340,0,17,0,16,33
5341,0,32,0,17,49
5342,0,16,0,17,33
5343,0,35,0,17,52
5346,0,15,0,18,33
5347,0,34,0,17,51
5348,0,16,0,17,33
5349,0,34,0,15,49
5350,0,17,0,15,32
5351,0,31,0,17,48
5353,0,36,0,16,52
5355,0,33,0,17,50
5357,0,33,0,16,49
5358,0,16,0,16,32
5359,0,36,0,12,48
5361,0,31,0,15,46
5362,0,19,0,15,34
5364,0,18,0,17,35
5366,0,15,0,18,33
5367,0,34,0,18,52
5368,0,16,0,18,34
5369,0,35,0,17,52
5371,0,33,0,17,50
5372,0,16,0,17,33
5374,0,15,0,18,33
5375,0,34,0,16,50
5378,0,16,0,17,33
5380,0,16,0,19,35
5382,0,17,0,16,33
5385,0,33,0,17,50
5387,0,34,0,16,50
5388,0,17,0,16,33
5389,0,32,0,16,48
5390,0,16,0,16,32
5393,0,32,0,19,51
5394,0,16,0,19,35
5395,0,36,0,18,54
5397,0,32,0,16,48
5400,0,17,0,15,32
5401,0,32,0,18,50
5402,0,17,0,18,35
5403,0,36,0,16,52
5406,0,16,0,17,33
5407,0,34,0,17,51
5408,0,17,0,17,34
5411,0,35,0,15,50
5412,0,18,0,15,33
5413,0,31,0,18,49
5415,0,34,0,16,50
5416,0,16,0,16,32
5417,0,32,0,17,49
5418,0,16,0,17,33
5419,0,34,0,17,51
5421,0,35,0,16,51
5422,0,18,0,16,34
5425,0,31,0,18,49
5426,0,16,0,18,34
5427,0,35,0,17,52
5428,0,17,0,17,34
5429,0,34,0,16,50
5431,0,34,0,14,48
5432,0,18,0,14,32
5433,0,32,0,17,49
5434,0,18,0,17,35
5435,0,31,0,19,50
5436,0,14,0,19,33
5438,0,16,0,17,33
5440,0,17,0,16,33
5442,0,17,0,17,34
5444,0,17,0,15,32
5447,0,32,0,15,47
5448,0,18,0,15,33
5449,0,34,0,15,49
5450,0,19,0,15,34
5451,0,31,0,18,49
5453,0,34,0,18,52
5454,0,16,0,18,34
5455,0,34,0,19,53
5456,0,16,0,19,35
5457,0,33,0,16,49
5458,0,14,0,16,30
5459,0,33,0,16,49
5460,0,17,0,16,33
5461,0,36,0,15,51
5462,0,20,0,15,35
5464,0,15,0,19,34
5465,0,35,0,18,53
5466,0,16,0,18,34
5467,0,35,0,16,51
5468,0,17,0,16,33
5469,0,31,0,16,47
5470,0,15,0,16,31
5473,0,35,0,15,50
5474,0,17,0,15,32
5476,0,19,0,12,31
5479,0,33,0,17,50
5480,0,18,0,17,35
5481,0,32,17,18,67
5482,0,15,17,18,50
5483,0,35,0,15,50
5486,0,18,0,14,32
5487,0,32,0,16,48
5488,0,18,0,16,34
5489,0,34,0,18,52
5490,0,18,0,18,36
5492,0,16,0,15,31
5493,0,32,0,16,48
5494,0,17,0,16,33
5495,0,33,0,16,49
5497,0,31,0,19,50
5498,0,15,0,19,34
5499,0,38,0,16,54
5500,0,19,0,16,35
5501,0,32,0,17,49
5502,0,16,0,17,33
5504,0,17,0,16,33
5505,0,32,0,16,48
5506,0,16,0,16,32
5508,0,17,0,16,33
5509,0,35,0,16,51
5512,0,17,0,15,32
5513,0,32,0,16,48
5516,0,19,0,19,38
5519,0,32,0,18,50
5521,0,33,0,17,50
5522,0,15,0,17,32
5523,0,34,0,18,52
5524,0,17,0,18,35
5525,0,34,0,15,49
5528,0,18,0,18,36
5531,0,31,0,17,48
5534,0,18,0,16,34
5537,0,34,0,16,50
5538,0,16,0,16,32
5539,0,35,0,15,50
5541,0,30,0,18,48
5543,0,35,0,16,51
5544,0,17,0,16,33
5545,0,32,0,17,49
5546,0,16,0,17,33
5547,0,34,0,18,52
5548,0,17,0,18,35
5549,0,33,0,17,50
5550,0,15,0,17,32
5551,0,34,0,15,49
5553,0,37,0,12,49
5554,0,22,0,12,34
5555,0,29,0,16,45
5556,0,17,0,16,33
5557,0,35,0,15,50
5558,0,19,0,15,34
5561,0,34,0,17,51
5563,0,33,0,17,50
5564,0,16,0,17,33
5565,0,32,0,19,51
5567,0,35,0,17,52
5568,0,16,0,17,33
5569,0,33,0,16,49
5571,0,34,0,16,50
5572,0,18,0,16,34
5573,0,33,0,17,50
5574,0,17,0,17,34
5577,0,32,0,18,50
5578,0,15,0,18,33
5580,0,16,17,17,50
5582,0,17,0,16,33
5584,0,17,0,16,33
5587,0,33,0,17,50
5588,0,15,0,17,32
5589,0,35,0,17,52
5590,0,18,0,17,35
5593,0,35,0,17,52
5594,0,17,0,17,34
5595,0,34,0,16,50
5599,0,33,0,17,50
5600,0,15,0,17,32
5601,0,33,0,16,49
5602,0,16,0,16,32
5604,0,18,0,17,35
5605,0,33,0,17,50
5608,0,17,0,16,33
5610,0,17,0,16,33
5611,0,34,0,14,48
5613,0,32,0,16,48
5614,0,18,0,16,34
5615,0,33,0,16,49
5618,0,18,0,16,34
5620,0,16,0,17,33
5621,0,34,0,18,52
5622,0,17,0,18,35
5623,0,34,0,17,51
5625,0,32,0,17,49
5626,0,15,0,17,32
5629,0,34,0,17,51
5630,0,16,0,17,33
5631,0,33,0,17,50
5632,0,16,0,17,33
5633,0,34,0,17,51
5635,0,32,0,18,50
5637,0,35,0,16,51
5638,0,17,0,16,33
5640,0,17,0,16,33
5641,0,33,0,17,50
5642,0,17,0,17,34
5643,0,33,0,17,50
5644,0,16,0,17,33
5645,0,33,0,17,50
5646,0,16,0,17,33
5648,0,18,0,16,34
5652,0,16,0,19,35
5653,0,36,0,15,51
5654,0,17,0,15,32
5655,0,32,0,17,49
5657,0,34,0,15,49
5658,0,17,0,15,32
5661,0,34,0,15,49
5663,0,32,0,18,50
5664,0,17,0,18,35
5665,0,34,0,16,50
5666,0,16,0,16,32
5667,0,37,0,12,49
5668,0,21,0,12,33
5669,0,30,0,15,45
5671,0,33,0,15,48
5672,0,18,0,15,33
5673,0,33,0,18,51
5675,0,33,0,17,50
5677,0,34,0,16,50
5678,0,17,0,16,33
5679,0,34,0,17,51
5680,0,18,0,17,35
5681,0,32,0,17,49
5682,0,15,0,17,32
5684,0,17,0,16,33
5686,0,16,0,19,35
5687,0,34,0,18,52
5689,0,35,0,15,50
5690,0,17,0,15,32
5691,0,32,0,16,48
5693,0,34,0,15,49
5695,0,34,0,16,50
5697,0,31,0,18,49
5698,0,15,0,18,33
5699,0,35,0,16,51
5700,0,17,0,16,33
5703,0,33,0,15,48
5704,0,17,0,15,32
5705,0,32,0,19,51
5706,0,17,0,19,36
5707,0,33,0,18,51
5708,0,14,0,18,32
5709,0,33,0,18,51
5710,0,15,0,18,33
5712,0,16,0,17,33
5713,0,34,0,16,50
5715,0,34,0,16,50
5716,0,18,0,16,34
5717,0,34,0,15,49
5719,0,32,0,17,49
5721,0,34,0,15,49
5722,0,17,0,15,32
5723,0,32,0,18,50
5724,0,17,0,18,35
5729,0,34,0,15,49
5731,0,32,0,17,49
5732,0,17,0,17,34
5733,0,34,0,16,50
5736,0,16,0,17,33
5737,0,34,0,16,50
5738,0,17,0,16,33
5739,0,32,0,18,50
5741,0,36,0,16,52
5742,0,18,0,16,34
5743,0,31,0,17,48
5744,0,15,0,17,32
5746,0,17,0,15,32
5748,0,19,0,16,35
5751,0,32,0,17,49
5752,0,16,0,17,33
5753,0,33,0,18,51
5755,0,34,0,16,50
5756,0,16,0,16,32
5757,0,32,0,18,50
5758,0,16,0,18,34
5759,0,34,0,18,52
5760,0,16,0,18,34
5763,0,33,0,17,50
5765,0,34,0,16,50
5766,0,17,0,16,33
5767,0,34,0,15,49
5768,0,18,0,15,33
5769,0,33,0,17,50
5770,0,18,0,17,35
5773,0,32,0,18,50
5774,0,15,0,18,33
5778,0,16,0,18,34
5783,0,33,0,16,49
5784,0,17,0,16,33
5785,0,34,0,17,51
5786,0,18,0,17,35
5787,0,31,0,19,50
5788,0,14,0,19,33
5789,0,33,0,18,51
5791,0,34,0,18,52
5792,0,16,0,18,34
5793,0,34,0,17,51
5794,0,16,0,17,33
5795,0,33,0,16,49
5796,0,16,0,16,32
5797,0,33,0,17,50
5798,0,17,0,17,34
5799,0,33,0,18,51
5800,0,16,0,18,34
5801,0,34,0,19,53
5802,0,16,0,19,35
5803,0,34,0,16,50
5804,0,15,0,16,31
5805,0,32,0,17,49
5806,0,16,0,17,33
5807,0,36,0,14,50
5808,0,19,0,14,33
5809,0,32,0,16,48
5811,0,33,0,18,51
5813,0,34,0,17,51
5816,0,17,0,17,34
5817,0,33,0,17,50
5818,0,16,0,17,33
5819,0,32,0,18,50
5820,0,15,0,18,33
5821,0,33,0,17,50
5823,0,34,0,16,50
5824,0,17,0,16,33
5826,0,18,0,15,33
5827,0,35,0,14,49
5828,0,20,0,14,34
5829,0,31,0,16,47
5830,0,17,0,16,33
5831,0,33,0,20,53
5832,0,17,0,20,37
5834,0,14,0,17,31
5835,0,33,0,18,51
5836,0,16,0,18,34
5840,0,16,0,17,33
5842,0,17,0,17,34
5843,0,33,0,18,51
5844,0,16,0,18,34
5845,0,33,0,18,51
5846,0,15,0,18,33
5848,0,14,0,17,31
5849,0,35,17,16,68
5850,0,18,17,16,51
5854,0,16,0,18,34
5856,0,16,0,18,34
5857,0,35,0,16,51
5858,0,17,0,16,33
5859,0,32,0,18,50
5860,0,16,0,18,34
5861,0,33,0,17,50
5862,0,15,0,17,32
5863,0,33,0,18,51
5864,0,16,0,18,34
5865,0,35,0,17,52
5866,0,17,0,17,34
5867,0,32,0,18,50
5868,0,15,0,18,33
5869,0,34,0,18,52
5870,0,16,0,18,34
5871,0,33,0,17,50
5872,0,15,0,17,32
5874,0,18,0,16,34
5875,0,32,0,17,49
5876,0,16,0,17,33
5877,0,34,0,15,49
5880,0,18,0,15,33
5881,0,32,0,17,49
5882,0,17,0,17,34
5883,0,34,0,18,52
5884,0,17,0,18,35
5885,0,34,0,17,51
5886,0,16,0,17,33
5888,0,16,15,18,49
5889,0,33,0,16,49
5890,0,18,0,16,34
5891,0,34,0,16,50
5892,0,18,0,16,34
5893,0,33,0,17,50
5894,0,17,0,17,34
5896,0,16,0,17,33
5897,0,33,0,16,49
5898,0,16,0,16,32
5899,0,35,0,15,50
5900,0,19,0,15,34
5901,0,32,0,17,49
5902,0,17,0,17,34
5903,0,33,0,17,50
5904,0,16,0,17,33
5905,0,33,0,18,51
5906,0,16,0,18,34
5907,0,34,0,17,51
5909,0,34,0,16,50
5910,0,17,0,16,33
5911,0,33,0,16,49
5912,0,17,0,16,33
5914,0,18,0,20,38
5918,0,16,0,18,34
5919,0,34,0,17,51
5920,0,16,0,17,33
5922,0,16,0,18,34
5923,0,33,0,18,51
5924,0,15,0,18,33
5926,0,18,14,17,49
5927,0,31,0,18,49
5928,0,17,0,18,35
5930,0,19,0,14,33
5931,0,30,0,16,46
5935,0,33,0,17,50
5936,0,17,0,17,34
5937,0,32,0,17,49
5938,0,15,0,17,32
5941,0,32,0,16,48
5942,0,17,0,16,33
5945,0,33,0,18,51
5946,0,16,0,18,34
5947,0,33,0,18,51
5948,0,15,0,18,33
5949,0,34,0,16,50
5951,0,33,0,17,50
5952,0,17,0,17,34
5953,0,35,0,15,50
5954,0,18,0,15,33
5956,0,18,0,16,34
5957,0,32,0,17,49
5959,0,33,0,17,50
5960,0,16,0,17,33
5961,0,35,0,15,50
5962,0,18,0,15,33
5963,0,32,0,17,49
5964,0,17,0,17,34
5967,0,34,0,17,51
5970,0,17,0,17,34
5971,0,34,0,16,50
5973,0,33,0,16,49
5974,0,17,0,16,33
5976,0,16,0,16,32
5978,0,18,0,18,36
5979,0,33,0,17,50
5980,0,15,0,17,32
5981,0,33,0,17,50
5982,0,16,0,17,33
5983,0,35,0,16,51
5985,0,31,0,18,49
5986,0,15,0,18,33
5987,0,35,0,16,51
5988,0,17,0,16,33
5989,0,32,0,17,49
5990,0,16,0,17,33
5992,0,17,0,17,34
5993,0,34,0,16,50
5994,0,17,0,16,33
5995,0,33,0,17,50
5996,0,17,0,17,34
5997,0,33,0,16,49
