序号,发送->接收,接收->转发,转发->接收,接收->处理,总计
2,0,25,101,17,143
3,34,17,16,15,82
4,0,35,16,15,66
5,0,17,16,15,48
7,15,35,33,16,99
8,35,33,16,19,103
9,0,15,33,16,64
11,0,16,16,19,51
12,35,33,48,16,132
13,19,33,48,16,116
14,0,33,48,16,97
16,0,33,15,16,64
17,20,31,0,20,71
20,54,13,17,16,100
21,0,17,17,13,47
22,30,33,17,17,97
23,0,13,17,16,46
24,0,33,17,17,67
25,16,34,0,16,66
26,0,34,0,16,50
27,17,33,16,21,87
30,37,29,18,16,100
31,21,29,18,16,84
33,0,16,18,16,50
35,0,16,0,19,35
36,0,34,33,16,83
39,15,32,102,18,167
40,32,36,0,16,84
41,0,16,102,18,136
42,36,31,35,18,120
43,20,31,35,18,104
44,16,15,35,18,84
45,0,15,35,18,68
46,0,35,85,14,134
47,18,35,13,19,85
48,0,35,13,19,67
49,0,17,13,19,49
50,0,32,134,18,184
52,18,14,19,16,67
53,0,14,19,16,49
55,16,32,0,17,65
56,18,14,0,17,49
57,0,14,0,17,31
58,53,14,35,16,118
59,18,32,35,16,101
61,0,14,35,16,65
64,49,15,0,17,81
66,18,15,0,17,50
67,15,36,81,20,152
68,36,31,20,15,102
70,0,31,20,15,66
71,0,15,20,15,50
73,0,15,15,20,50
74,0,35,15,15,65
75,0,20,15,15,50
76,0,30,18,15,63
77,33,15,0,19,67
78,52,15,0,16,83
80,19,15,0,16,50
81,0,15,0,16,31
83,0,18,0,18,36
86,0,34,15,18,67
87,51,33,0,16,100
89,18,33,0,16,67
90,0,33,0,16,49
91,18,35,131,16,200
92,0,35,131,16,182
94,16,15,0,16,47
95,15,36,48,16,115
97,0,20,48,16,84
100,32,36,0,15,83
101,16,36,0,15,67
102,0,36,0,15,51
103,0,20,0,15,35
106,0,34,0,16,50
107,14,32,19,16,81
108,0,32,19,16,67
109,0,16,19,16,51
110,0,35,0,15,50
111,16,36,15,15,82
112,15,21,15,15,66
115,15,32,18,17,82
117,0,15,18,17,50
118,0,35,15,19,69
119,0,17,15,19,51
120,0,34,0,15,49
121,0,19,0,15,34
123,0,19,15,16,50
127,0,15,0,18,33
128,18,16,18,15,67
129,49,34,16,18,117
130,0,33,0,16,49
131,15,34,16,18,83
132,0,34,16,18,68
133,34,18,0,12,64
135,18,32,83,17,150
136,0,32,83,17,132
137,0,20,83,17,120
138,0,32,0,16,48
140,0,36,32,16,84
141,0,20,32,16,68
142,0,32,49,19,100
143,0,17,49,19,85
144,0,33,16,19,68
146,35,32,33,16,116
151,33,19,47,20,119
152,0,35,47,20,102
153,0,19,47,20,86
154,0,34,13,20,67
156,0,33,14,20,67
157,34,20,46,18,118
158,0,34,46,18,98
159,0,20,46,18,84
161,15,33,16,18,82
162,0,33,16,18,67
163,0,18,16,18,52
164,16,18,49,19,102
165,18,31,18,19,86
166,0,31,18,19,68
167,53,32,99,16,200
169,19,32,99,16,166
170,16,16,99,16,147
171,0,16,99,16,131
172,0,33,18,15,66
173,0,15,18,15,48
175,15,33,0,16,64
176,0,33,0,16,49
177,0,15,0,16,31
181,15,34,104,30,183
182,34,35,50,19,138
183,15,35,50,19,119
185,33,16,19,19,87
186,0,31,19,19,69
189,0,19,0,30,49
190,15,15,15,19,64
191,15,34,0,15,64
192,34,32,84,18,168
193,69,16,0,18,103
194,0,32,84,18,134
196,34,33,17,18,102
198,18,15,17,18,68
199,0,15,17,18,50
201,18,31,34,19,102
203,0,15,34,19,68
204,0,34,0,19,53
205,15,35,16,16,82
206,0,35,16,16,67
207,0,16,16,16,48
208,16,16,50,16,98
209,16,34,16,16,82
210,0,34,16,16,66
211,17,32,17,16,82
212,16,16,17,16,65
214,0,33,103,15,151
216,0,36,67,15,118
220,0,37,0,15,52
221,18,30,33,19,100
223,15,33,0,19,67
224,0,33,0,19,52
225,15,36,48,19,118
226,36,34,14,19,103
228,0,34,14,19,67
229,32,19,49,15,115
231,0,19,49,15,83
232,0,34,15,15,64
234,50,14,83,19,166
235,15,34,83,19,151
237,14,34,0,16,64
239,16,35,81,19,151
241,0,19,81,19,119
242,0,33,48,19,100
243,52,34,15,19,120
245,18,34,15,19,86
246,34,34,0,16,84
247,19,34,0,16,69
249,19,30,69,15,133
251,50,33,0,15,98
254,33,33,0,16,82
255,18,33,0,16,67
256,65,34,15,20,134
257,18,32,85,15,150
258,16,16,85,15,132
260,34,35,16,15,100
263,0,20,16,15,51
264,0,31,0,16,47
265,31,19,33,16,99
267,0,19,33,16,68
269,0,18,67,15,100
270,0,34,15,18,67
271,0,18,15,18,51
272,0,33,0,15,48
274,49,15,0,15,79
277,15,33,0,17,65
278,33,34,20,15,102
280,0,34,20,15,69
281,0,17,20,15,52
282,0,35,18,15,68
283,15,33,15,16,79
284,0,33,15,16,64
285,46,35,16,18,115
289,0,16,16,18,50
290,0,34,50,15,99
293,0,20,15,15,50
294,0,30,51,16,97
295,0,15,51,16,82
296,36,31,19,16,102
297,0,15,15,16,46
298,15,16,19,16,66
299,16,35,82,19,152
301,16,33,18,16,83
302,0,33,18,16,67
303,36,16,15,19,86
306,0,34,67,14,115
309,19,33,0,14,66
310,0,33,0,14,47
311,33,16,117,18,184
312,14,16,117,18,165
313,16,33,19,15,83
314,0,33,19,15,67
315,15,34,19,15,83
318,0,34,16,18,68
319,0,15,16,18,49
320,0,34,16,19,69
321,18,35,45,18,116
322,0,35,45,18,98
324,0,33,12,18,63
325,0,18,12,18,48
326,0,30,102,16,148
327,18,35,18,16,87
328,0,35,18,16,69
329,15,34,0,15,64
331,0,16,0,15,31
333,0,18,34,16,68
334,0,34,0,16,50
335,0,18,0,16,34
337,0,16,35,15,66
339,0,16,0,15,31
343,0,19,0,15,34
344,0,34,0,15,49
345,0,19,0,15,34
346,33,34,0,14,81
347,18,34,0,14,66
348,0,34,0,14,48
350,30,37,15,18,100
351,0,16,0,20,36
354,0,33,0,16,49
355,0,18,0,16,34
358,0,33,19,15,67
360,0,34,51,15,100
362,0,33,18,15,66
365,15,36,0,15,66
366,0,36,0,15,51
367,16,30,19,16,81
369,0,15,19,16,50
372,0,34,0,15,49
373,0,19,0,15,34
374,0,34,16,15,65
375,0,19,16,15,50
376,16,15,51,18,100
377,0,15,51,18,84
378,0,36,15,18,69
381,18,31,0,19,68
382,0,31,0,19,50
385,31,16,0,19,66
386,0,32,0,19,51
390,18,16,0,15,49
393,50,35,0,15,100
394,0,31,35,15,81
397,16,34,0,15,65
398,0,34,0,15,49
401,17,32,50,19,118
402,32,35,65,17,149
403,0,15,50,19,84
404,0,35,65,17,117
405,16,34,0,15,65
406,15,19,0,15,49
407,19,31,0,17,67
409,16,34,50,18,118
410,0,34,50,18,102
412,0,34,16,18,68
413,15,34,65,19,133
415,18,32,33,19,102
416,0,32,33,19,84
417,15,33,34,17,99
418,0,33,34,17,84
419,14,34,102,16,166
420,0,34,102,16,152
421,0,15,102,16,133
422,0,33,0,14,47
424,0,33,101,16,150
425,0,19,101,16,136
427,20,31,19,15,85
429,15,34,101,16,166
430,34,34,17,15,100
431,15,34,17,15,81
433,0,18,17,15,50
434,17,15,16,19,67
435,0,15,16,19,50
437,19,32,100,17,168
438,32,33,0,16,81
439,16,33,0,16,65
442,0,36,15,16,67
444,15,16,118,17,166
445,16,33,102,16,167
446,0,33,102,16,151
447,0,16,102,16,134
448,34,32,19,17,102
450,32,36,0,16,84
451,15,36,0,16,67
453,0,17,0,16,33
456,16,16,17,19,68
457,0,16,17,19,52
460,0,30,0,19,49
461,0,14,0,19,33
462,70,33,0,16,119
463,18,33,15,18,84
464,0,33,15,18,66
467,0,18,0,16,34
468,0,34,0,16,50
469,18,33,15,18,84
470,0,33,15,18,66
471,50,32,51,14,147
472,0,33,16,16,65
473,0,18,16,16,50
474,32,35,16,14,97
475,0,16,51,14,81
476,0,35,16,14,65
477,17,30,19,18,84
478,0,30,19,18,67
479,14,37,83,16,150
480,0,37,83,16,136
482,0,31,52,16,99
483,0,15,52,16,83
484,33,35,16,19,103
485,15,35,16,19,85
486,0,35,16,19,70
488,0,35,48,15,98
490,0,30,18,15,63
492,0,33,86,14,133
493,15,34,135,16,200
494,19,15,135,16,185
495,33,15,19,14,81
497,0,15,19,14,48
499,14,35,15,19,83
500,0,35,15,19,69
502,50,16,18,15,99
503,0,19,0,16,35
504,0,32,18,15,65
506,0,33,0,16,49
508,16,19,34,15,84
509,19,34,48,18,119
511,33,18,15,18,84
514,0,33,15,16,64
515,0,18,15,16,49
516,0,31,51,15,97
517,51,31,0,18,100
518,0,35,16,15,66
519,0,17,16,15,48
523,0,16,0,17,33
524,17,19,16,15,67
525,19,31,0,19,69
526,0,31,0,19,50
527,34,15,16,19,84
528,0,34,16,19,69
529,15,35,0,16,66
531,19,31,19,16,85
532,16,15,19,16,66
533,0,15,19,16,50
534,0,35,65,18,118
536,0,34,16,15,65
538,0,31,0,18,49
539,15,34,0,18,67
541,0,16,0,18,34
542,0,33,19,15,67
544,0,34,0,16,50
545,15,35,15,15,80
546,0,35,15,15,65
548,49,15,18,15,97
552,33,34,18,15,100
553,15,34,18,15,82
554,34,33,0,16,83
555,0,16,18,15,49
556,0,33,0,16,49
558,0,35,167,15,217
559,19,33,68,15,135
560,0,33,68,15,116
563,34,19,31,16,100
565,34,16,0,16,66
566,0,31,0,16,47
567,0,16,0,16,32
568,0,35,48,18,101
569,0,19,48,18,85
570,0,33,33,16,82
571,0,18,33,16,67
574,0,32,19,15,66
575,0,16,19,15,50
576,0,34,50,15,99
577,0,15,50,15,80
578,0,34,50,18,102
579,30,15,19,18,82
581,15,37,15,18,85
582,0,37,15,18,70
583,51,32,17,15,115
584,0,33,64,17,114
587,0,16,17,15,48
588,0,32,0,17,49
589,15,34,20,15,84
590,0,34,20,15,69
591,0,17,20,15,52
594,0,34,50,15,99
595,0,19,50,15,84
596,0,31,19,15,65
597,0,15,19,15,49
598,0,34,15,18,67
599,15,33,16,18,82
600,0,33,16,18,67
601,52,33,87,15,187
603,51,34,136,15,236
604,0,33,87,15,135
605,50,35,82,19,186
606,0,34,136,15,185
607,15,35,82,19,151
608,0,35,82,19,136
609,0,17,82,19,118
610,48,19,65,18,150
612,0,34,65,18,117
613,0,19,65,18,102
614,0,34,166,20,220
615,19,31,18,15,83
616,0,31,18,15,64
619,15,34,19,15,83
620,19,15,19,15,68
622,34,34,20,28,116
624,0,34,20,28,82
626,0,20,63,15,98
627,0,45,117,16,178
628,16,17,117,16,166
630,18,15,17,19,69
631,0,15,17,19,51
632,0,36,17,15,68
633,0,19,17,15,51
636,0,32,35,17,84
638,0,21,14,17,52
639,46,19,34,33,132
640,0,32,19,34,85
641,0,15,19,34,68
642,33,20,0,33,86
643,34,49,48,16,147
645,0,49,48,16,113
646,20,16,48,16,100
647,31,17,16,16,80
649,17,32,20,31,100
650,0,32,20,31,83
653,0,47,19,16,82
655,16,35,0,16,67
656,0,35,0,16,51
658,16,17,0,18,51
660,18,49,0,16,83
661,32,17,0,16,65
662,0,33,0,16,49
666,0,36,0,32,68
667,20,32,0,17,69
668,0,32,0,17,49
669,33,16,0,18,67
672,18,47,20,15,100
674,15,16,20,15,66
676,35,34,49,17,135
677,15,34,49,17,115
678,34,33,16,17,100
679,0,19,49,17,85
680,33,33,16,19,101
684,35,31,49,18,133
686,15,16,49,18,98
687,16,34,15,18,83
688,34,33,0,18,85
690,0,33,0,18,51
691,18,33,52,15,118
692,0,33,52,15,100
693,15,33,19,15,82
694,0,33,19,15,67
695,14,34,50,16,114
698,34,32,0,17,83
699,18,32,0,17,67
700,32,36,0,31,99
701,16,36,0,31,83
702,0,36,0,31,67
703,35,15,66,19,135
705,0,15,66,19,100
707,18,32,0,19,69
708,0,32,0,19,51
709,16,36,0,31,83
710,36,31,19,15,101
714,0,34,0,16,50
717,0,19,50,15,84
718,0,30,54,31,115
719,14,35,84,15,148
720,0,35,84,15,134
721,15,19,98,18,150
722,19,47,119,31,216
723,15,32,119,31,197
724,16,16,119,31,182
725,0,16,119,31,166
726,0,33,36,15,84
728,0,36,50,31,117
729,18,32,33,16,99
730,15,17,33,16,81
731,66,16,19,16,117
732,49,16,19,16,100
734,16,16,19,16,67
735,35,16,16,16,83
737,16,32,117,20,185
738,0,32,117,20,169
739,16,20,0,17,53
741,49,32,16,20,117
742,0,32,15,17,64
743,17,32,16,20,85
744,32,36,16,17,101
745,53,16,17,32,118
746,0,36,16,17,69
747,20,16,17,32,85
748,0,16,17,32,65
749,0,49,0,18,67
751,19,18,13,20,70
753,33,15,16,16,80
754,0,35,16,16,67
755,15,32,19,16,82
757,16,35,15,19,85
758,0,35,15,19,69
759,16,34,15,19,84
760,34,34,30,16,114
761,34,19,30,16,99
762,0,34,30,16,80
764,46,20,16,15,97
766,67,33,50,18,168
768,16,15,17,16,64
769,0,15,17,16,48
770,0,33,50,18,101
771,35,15,116,17,183
772,19,15,116,17,167
774,0,34,18,14,66
776,32,35,32,19,118
777,0,14,0,17,31
778,0,35,32,19,86
779,18,32,0,19,69
780,0,32,0,19,51
783,0,15,16,19,50
784,0,35,53,31,119
785,0,19,53,31,103
786,0,37,16,31,84
787,22,16,13,18,69
788,16,47,15,18,96
789,0,47,15,18,80
790,18,16,15,18,67
791,0,16,15,18,49
793,34,18,0,15,67
794,0,34,0,15,49
795,18,30,0,19,67
796,15,15,0,19,49
797,15,35,0,17,67
798,0,35,0,17,52
800,0,34,16,16,66
801,17,32,17,18,84
803,16,35,16,18,85
804,0,35,16,18,69
805,18,34,31,17,100
806,0,34,31,17,82
808,0,31,0,17,48
809,0,16,0,17,33
810,0,37,15,15,67
812,15,15,19,15,64
814,34,33,16,17,100
816,33,33,51,16,133
817,17,33,51,16,117
818,0,33,51,16,100
819,33,16,19,16,84
820,0,32,19,16,67
822,19,16,67,17,119
823,0,16,67,17,100
825,20,32,0,17,69
826,0,32,0,17,49
827,0,16,0,17,33
828,0,34,17,16,67
830,17,16,49,19,101
831,0,16,49,19,84
832,0,34,15,19,68
833,18,34,15,15,82
836,15,15,19,17,66
837,0,15,19,17,51
839,0,17,0,15,32
840,0,33,21,30,84
843,11,19,81,16,127
844,19,50,16,15,100
845,0,50,16,15,81
847,0,20,16,15,51
848,0,31,16,19,66
850,35,31,19,15,100
851,34,16,19,15,84
852,0,31,19,15,65
854,0,34,16,18,68
855,15,34,17,15,81
858,66,34,149,18,267
859,0,15,19,15,49
860,0,34,16,18,68
861,15,34,149,18,216
862,0,34,149,18,201
863,18,33,16,19,86
864,0,33,16,19,68
866,0,35,15,18,68
867,19,33,17,15,84
868,33,32,16,18,99
870,0,32,16,18,66
871,49,33,16,17,115
872,34,33,16,17,100
873,18,33,16,17,84
875,18,33,50,18,119
876,0,33,50,18,101
877,17,35,131,17,200
879,0,19,131,17,167
881,18,32,18,15,83
883,16,33,18,15,82
885,0,15,18,15,48
887,0,15,49,20,84
888,69,31,119,14,233
889,16,36,16,15,83
891,20,31,119,14,184
893,15,39,17,27,98
894,0,39,17,27,83
897,0,47,49,15,111
898,35,30,84,18,167
902,34,34,134,15,217
903,15,34,134,15,198
904,0,34,134,15,183
905,18,34,0,16,68
906,0,34,0,16,50
908,16,16,18,16,66
913,0,19,50,15,84
914,0,31,19,15,65
915,0,16,19,15,50
916,0,34,17,18,69
917,32,18,14,19,83
921,0,19,15,19,53
922,34,34,82,18,168
923,19,34,82,18,153
925,0,19,82,18,119
926,66,34,16,16,132
927,15,35,50,16,116
928,35,34,16,16,101
929,19,34,16,16,85
930,0,34,16,16,66
931,18,32,83,15,148
932,0,32,83,15,130
935,0,18,15,18,51
936,0,33,16,15,64
939,0,15,19,15,49
940,0,34,68,16,118
942,0,35,15,18,68
944,0,33,0,16,49
945,18,32,19,18,87
946,0,32,19,18,69
948,37,19,12,16,84
949,0,18,19,28,65
950,19,44,18,15,96
951,12,32,18,15,77
954,0,33,19,15,67
955,15,34,19,15,83
956,0,34,19,15,68
957,34,15,15,20,84
958,0,34,15,20,69
960,35,31,50,19,135
962,0,31,50,19,100
963,32,19,134,15,200
964,69,30,36,15,150
965,19,34,0,30,83
966,0,34,0,30,64
967,35,14,36,15,100
968,0,30,36,15,81
969,14,36,34,15,99
970,17,19,34,15,85
971,34,19,30,19,102
973,0,19,30,19,68
974,0,30,34,16,80
978,0,35,15,18,68
980,33,33,0,15,81
983,0,18,0,15,33
984,0,34,0,15,49
986,0,31,0,19,50
989,0,14,20,16,50
990,36,34,33,15,118
991,16,34,33,15,98
992,0,34,33,15,82
993,19,33,0,15,67
994,15,18,0,15,48
995,18,31,0,18,67
996,0,31,0,18,49
999,32,18,32,16,98
1001,34,16,0,16,66
1002,0,32,0,16,48
1003,0,16,0,16,32
1005,16,35,0,18,69
1006,0,35,0,18,53
1007,0,15,0,18,33
1008,18,16,16,19,69
1010,0,35,50,15,100
1012,15,16,19,15,65
1013,16,34,0,17,67
1014,34,32,68,15,149
1015,15,32,68,15,130
1016,17,15,68,15,115
1017,0,15,68,15,98
1018,0,34,19,30,83
1019,34,50,14,19,117
1020,49,20,14,19,102
1022,15,20,14,19,68
1023,0,20,14,19,53
1024,0,33,100,15,148
1025,19,32,49,19,119
1026,32,34,34,15,115
1027,0,16,49,19,84
1028,18,16,34,15,83
1029,50,33,15,16,114
1030,0,34,101,16,151
1031,19,33,15,16,83
1032,0,33,15,16,64
1033,0,18,15,16,49
1034,0,31,17,20,68
1035,16,37,33,15,101
1036,0,37,33,15,85
1037,20,16,17,15,68
1038,0,16,17,15,48
1039,0,48,32,20,100
1040,15,16,32,20,83
1041,0,16,32,20,68
1042,16,16,36,17,85
1043,0,16,36,17,69
1046,0,33,16,16,65
1048,0,32,0,17,49
1049,16,32,0,20,68
1051,0,15,0,20,35
1052,0,36,51,17,104
1053,16,34,17,17,84
1054,0,34,17,17,68
1055,20,34,83,31,168
1056,17,17,83,31,148
1057,65,15,35,16,131
1061,15,20,15,16,66
1062,20,50,15,18,103
1064,16,19,15,18,68
1066,33,33,34,16,116
1068,16,17,34,16,83
1069,32,19,0,16,67
1070,0,34,0,16,50
1071,19,33,16,18,86
1072,0,33,16,18,67
1074,16,18,114,19,167
1075,0,18,114,19,151
1076,16,15,216,19,266
1078,0,33,202,17,252
1079,31,18,16,19,84
1080,0,34,16,19,69
1082,35,31,18,16,100
1083,19,31,18,16,84
1084,0,31,18,16,65
1085,0,15,18,16,49
1086,0,34,15,19,68
1087,0,16,15,19,50
1088,0,34,100,15,149
1090,15,19,17,15,66
1094,18,16,15,18,67
1095,0,16,15,18,49
1096,15,18,16,16,65
1098,16,16,0,19,51
1101,0,14,168,16,198
1102,0,35,0,16,51
1103,0,18,0,16,34
1104,16,16,19,14,65
1105,0,16,19,14,49
1106,19,14,19,15,67
1107,14,34,19,15,82
1108,0,34,19,15,68
1109,0,15,19,15,49
1110,34,34,50,15,133
1113,0,18,50,15,83
1114,0,31,34,19,84
1115,0,15,34,19,68
1116,53,14,19,15,101
1117,15,33,19,15,82
1119,0,14,19,15,48
1120,0,34,19,32,85
1121,15,19,14,18,66
1122,0,19,14,18,51
1123,32,15,18,15,80
1124,0,33,18,15,66
1125,0,15,18,15,48
1126,0,33,17,16,66
1128,33,37,16,16,102
1129,16,37,16,16,85
1130,0,37,16,16,69
1133,16,36,46,16,114
1134,0,36,46,16,98
1135,19,29,33,20,101
1137,16,33,0,20,69
1139,36,16,15,18,85
1140,0,36,15,18,69
1142,0,33,50,17,100
1143,18,34,117,33,202
1144,34,33,16,15,98
1145,0,18,117,33,168
1146,16,17,16,15,64
1147,17,31,19,15,82
1154,34,33,51,15,133
1157,17,34,17,15,83
1158,0,34,17,15,66
1159,18,32,19,31,100
1160,0,32,19,31,82
1161,15,19,15,16,65
1164,16,20,148,15,199
1168,0,35,14,19,68
1171,34,19,16,15,84
1173,0,19,16,15,50
1176,50,18,16,18,102
1177,18,34,16,18,86
1178,34,34,0,15,83
1179,0,18,16,18,52
1180,0,34,0,15,49
1182,0,31,0,19,50
1183,0,16,0,19,35
1185,0,16,99,19,134
1187,0,49,0,16,65
1189,0,19,0,16,35
1191,0,16,19,31,66
1192,0,19,0,31,50
1193,0,50,0,31,81
1195,0,19,0,31,50
1196,0,31,16,20,67
1197,0,16,16,20,52
1198,0,36,48,15,99
1199,51,32,19,15,117
1201,15,32,19,15,81
1202,17,15,19,15,66
1203,15,34,53,30,132
1204,34,34,19,30,117
1205,15,34,19,30,98
1206,0,34,19,30,83
1208,19,50,15,15,99
1209,30,20,15,15,80
1210,14,20,15,15,64
1211,0,20,15,15,50
1213,15,72,0,22,109
1216,17,34,16,19,86
1217,0,34,16,19,69
1218,0,17,16,19,52
1219,0,35,15,16,66
1220,19,31,68,15,133
1221,0,31,68,15,114
1223,34,34,0,15,83
1224,52,31,54,12,149
1225,0,34,0,15,49
1226,0,18,0,15,33
1228,0,16,54,12,82
1229,20,15,19,12,66
1230,15,31,0,17,63
1231,0,31,0,17,48
1232,12,36,66,16,130
1233,17,19,66,16,118
1235,0,34,83,17,134
1236,19,32,0,16,67
1239,51,17,51,18,137
1240,0,16,19,17,52
1242,0,17,51,18,86
1243,0,25,26,18,69
1244,26,18,17,17,78
1245,15,18,17,17,67
1246,0,18,17,17,52
1247,34,32,0,16,82
1249,32,34,35,16,117
1250,66,19,0,16,101
1251,0,34,35,16,85
1252,0,18,35,16,69
1253,0,35,0,16,51
1257,34,32,16,20,102
1258,18,32,16,20,86
1259,0,32,16,20,68
1260,15,36,15,16,82
1263,31,34,15,17,97
1264,16,34,15,17,82
1265,34,32,17,16,99
1266,19,32,17,16,84
1267,0,32,17,16,65
1268,0,17,17,16,50
1269,0,33,0,19,52
1270,16,34,102,16,168
1273,34,34,15,19,102
1274,19,34,15,19,87
1277,0,34,46,18,98
1278,19,34,12,18,83
1281,0,30,85,17,132
1283,34,33,51,15,133
1284,18,33,51,15,117
1285,0,33,51,15,99
1286,15,35,16,15,81
1287,0,35,16,15,66
1288,17,31,20,16,84
1289,0,31,20,16,67
1293,0,31,19,15,65
1297,0,35,15,18,68
1298,20,33,16,17,86
1299,0,33,16,17,66
1300,18,33,66,17,134
1301,16,17,66,17,116
1302,0,17,66,17,100
1303,32,34,0,17,83
1304,0,17,19,15,51
1306,0,15,0,17,32
1307,17,15,0,16,48
1309,16,20,31,18,85
1310,0,20,31,18,69
1311,31,33,18,15,97
1316,0,15,20,14,49
1317,20,14,34,18,86
1318,14,34,49,19,116
1319,34,33,83,19,169
1322,15,35,115,19,184
1323,0,35,115,19,169
1325,48,19,48,19,134
1327,0,34,48,19,101
1328,34,18,15,19,86
1330,84,31,17,20,152
1331,0,34,0,15,49
1332,0,19,0,15,34
1335,48,20,0,14,82
1336,52,30,18,17,117
1337,0,37,0,14,51
1338,0,20,0,14,34
1339,14,16,18,17,65
1340,0,16,18,17,51
1341,0,35,82,19,136
1343,0,34,0,16,50
1344,0,17,0,16,33
1346,0,16,16,19,51
1347,0,35,0,13,48
1348,0,19,0,13,32
1349,0,33,0,17,50
1350,0,20,0,17,37
1352,0,16,0,17,33
1354,48,35,0,15,98
1355,32,35,0,15,82
1356,16,35,0,15,66
1357,19,16,0,15,50
1359,15,19,32,16,82
1360,0,19,32,16,67
1361,0,32,0,16,48
1362,0,16,0,16,32
1364,0,17,18,17,52
1366,17,32,0,16,65
1367,32,35,48,18,133
1368,0,16,0,16,32
1369,0,35,48,18,101
1371,15,14,19,18,66
1373,0,37,16,16,69
1374,0,18,16,16,50
1375,0,32,0,16,48
1376,16,35,66,15,132
1378,0,19,66,15,100
1379,0,34,0,15,49
1380,34,17,0,15,66
1381,32,32,69,16,149
1382,0,17,0,15,32
1384,17,34,0,16,67
1385,34,35,0,16,85
1386,15,35,0,16,66
1388,0,19,0,16,35
1389,16,17,50,15,98
1391,0,31,50,19,100
1392,15,34,66,19,134
1393,0,34,66,19,119
1394,15,35,15,16,81
1395,0,35,15,16,66
1396,19,31,19,17,86
1397,31,36,0,16,83
1398,16,36,0,16,68
1399,0,36,0,16,52
1400,17,31,68,16,132
1402,15,35,0,16,66
1403,35,33,32,18,118
1405,0,33,32,18,83
1407,16,16,0,18,50
1408,34,17,15,18,84
1409,0,35,15,18,68
1410,17,33,0,17,67
1411,0,33,0,17,50
1412,18,34,49,16,117
1413,0,34,49,16,99
1414,17,31,18,16,82
1415,15,16,18,16,65
1416,50,32,53,16,151
1418,16,32,53,16,117
1419,17,15,53,16,101
1421,19,15,19,16,69
1422,15,35,15,16,81
1423,35,31,0,20,86
1424,16,31,0,20,67
1428,13,38,0,15,66
1429,0,38,0,15,53
1430,84,32,0,16,132
1431,15,15,52,15,97
1432,31,19,17,15,82
1433,16,19,17,15,67
1434,0,19,17,15,51
1436,15,33,69,17,134
1438,0,17,69,17,103
1440,16,36,0,17,69
1441,0,36,0,17,53
1442,69,16,15,16,116
1443,0,34,47,16,97
1444,33,16,15,16,80
1446,0,16,15,16,47
1447,0,31,0,19,50
1448,16,36,17,16,85
1449,0,36,17,16,69
1451,17,16,0,16,49
1453,16,18,15,19,68
1454,0,18,15,19,52
1455,0,34,15,15,64
1456,19,30,19,15,83
1457,30,34,17,16,97
1460,0,15,17,16,48
1461,0,33,53,14,100
1462,0,16,53,14,83
1464,17,34,34,15,100
1465,0,34,34,15,83
1469,0,34,50,16,100
1471,0,34,16,16,66
1475,35,30,19,15,99
1477,30,34,19,15,98
1478,15,34,19,15,83
1480,49,35,48,16,148
1481,0,34,83,16,133
1482,15,35,48,16,114
1483,0,35,48,16,99
1484,19,32,16,16,83
1487,0,32,52,15,99
1488,0,16,52,15,83
1489,0,35,49,18,102
1490,18,32,17,18,85
1491,0,32,17,18,67
1492,15,35,0,16,66
1493,0,35,0,16,51
1494,18,32,66,19,135
1495,32,34,17,15,98
1496,34,16,17,15,82
1497,34,32,0,19,85
1499,32,36,15,15,98
1500,51,30,19,15,115
1501,19,17,15,15,66
1502,17,30,19,15,81
1503,15,15,19,15,64
1505,0,34,0,20,54
1507,0,35,16,16,67
1508,0,15,16,16,47
1509,32,33,20,15,100
1512,15,35,49,19,118
1513,0,35,49,19,103
1514,15,34,15,19,83
1515,0,34,15,19,68
1516,52,31,19,15,117
1518,19,31,19,15,84
1520,0,15,19,15,49
1521,0,34,18,15,67
1523,0,33,15,18,66
1524,15,33,16,21,85
1525,33,37,45,18,133
1526,0,18,16,21,55
1528,0,21,45,18,84
1529,0,31,14,18,63
1531,0,32,102,16,150
1533,0,33,51,18,102
1534,34,15,18,18,85
1535,0,33,18,18,69
1536,15,36,82,18,151
1538,18,32,50,18,118
1540,0,16,50,18,84
1542,0,19,33,16,68
1543,33,32,0,17,82
1544,34,16,0,17,67
1545,16,16,0,17,49
1546,0,16,0,17,33
1548,32,18,67,15,132
1549,0,34,67,15,116
1550,0,18,67,15,100
1552,19,33,0,15,67
1553,0,33,0,15,48
1554,0,17,0,15,32
1556,0,16,35,16,67
1557,0,35,83,18,136
1558,15,34,16,17,82
1560,0,18,16,17,51
1561,0,33,100,15,148
1563,16,18,16,15,65
1564,0,18,16,15,49
1565,0,31,19,16,66
1566,0,15,19,16,50
1568,0,16,15,20,51
1569,0,35,47,16,98
1570,0,20,47,16,83
1571,0,31,16,16,63
1572,15,32,17,18,82
1573,0,32,17,18,67
1576,18,35,15,16,84
1579,31,35,32,19,117
1582,19,32,35,16,102
1583,0,32,35,16,83
1585,0,35,0,16,51
1586,0,16,0,16,32
1590,19,33,15,16,83
1591,0,33,15,16,64
1592,0,18,15,16,49
1593,0,31,0,19,50
1596,0,16,34,16,66
1597,0,34,0,16,50
1600,35,15,16,18,84
1601,0,35,16,18,69
1603,0,34,50,16,100
1604,18,34,16,16,84
1606,19,32,34,16,101
1607,32,34,0,16,82
1608,16,34,0,16,66
1609,0,34,0,16,50
1611,0,31,19,16,66
1613,19,16,34,17,86
1615,34,32,50,18,134
1616,19,32,50,18,119
1617,0,32,50,18,100
1618,0,15,50,18,83
1619,0,34,84,18,136
1621,0,34,50,18,102
1623,35,33,82,16,166
1624,0,20,15,18,53
1625,50,15,15,18,98
1626,0,18,82,16,116
1629,15,18,17,16,66
1630,0,18,17,16,51
1632,0,16,16,16,48
1633,0,32,17,17,66
1634,0,16,17,17,50
1635,17,17,16,17,67
1636,17,33,17,17,84
1637,16,17,17,17,67
1639,0,34,16,20,70
1640,17,36,97,17,167
1641,0,36,97,17,150
1642,50,35,84,16,185
1643,0,30,0,19,49
1644,17,35,84,16,152
1645,19,16,84,16,135
1647,0,32,52,16,100
1648,15,36,16,16,83
1649,0,36,16,16,68
1653,0,33,17,16,66
1654,0,16,17,16,49
1655,17,16,16,19,68
1657,0,35,15,15,65
1658,19,30,50,19,118
1659,0,30,50,19,99
1660,15,35,15,19,84
1661,0,35,15,19,69
1662,18,34,16,16,84
1664,0,19,16,16,51
1665,32,33,20,14,99
1667,0,33,20,14,67
1668,0,17,20,14,51
1669,0,34,16,19,69
1670,0,14,16,19,49
1672,19,31,50,18,118
1674,15,35,99,19,168
1675,35,33,0,15,83
1677,0,33,0,15,48
1678,0,18,0,15,33
1679,0,33,15,18,66
1681,15,18,19,16,68
1683,0,35,15,19,69
1684,0,16,15,19,50
1685,15,19,52,12,98
1686,19,35,17,12,83
1689,29,35,15,18,97
1690,47,33,17,17,114
1692,16,33,17,17,83
1695,0,34,0,15,49
1696,17,31,53,14,115
1697,15,16,53,14,98
1698,0,16,53,14,83
1700,34,14,0,16,64
1701,0,33,0,16,49
1702,0,14,0,16,30
1703,16,17,0,19,52
1704,17,35,34,15,101
1705,0,35,34,15,84
1707,34,31,20,15,100
1708,19,31,20,15,85
1709,0,31,20,15,66
1710,0,16,20,15,51
1711,20,15,0,15,50
1712,0,15,0,15,30
1713,0,33,15,19,67
1714,0,18,15,19,52
1715,15,19,100,15,149
1716,0,19,100,15,134
1717,0,31,18,18,67
1718,16,36,33,15,100
1719,36,33,51,15,135
1720,33,18,51,15,117
1721,0,33,51,15,99
1722,18,32,19,15,84
1724,17,34,0,17,68
1726,15,35,98,16,164
1727,0,35,98,16,149
1728,0,18,98,16,132
1731,33,34,0,16,83
1732,15,34,0,16,65
1734,15,33,16,16,80
1737,16,16,53,19,104
1738,0,16,53,19,88
1739,34,38,29,16,117
1740,15,38,29,16,98
1741,38,29,49,20,136
1742,0,19,29,16,64
1743,0,29,49,20,98
1745,16,17,66,20,119
1746,0,17,66,20,103
1747,16,20,17,13,66
1748,20,30,0,20,70
1749,50,17,115,15,197
1751,0,37,115,15,167
1753,31,35,15,18,99
1754,15,35,15,18,83
1755,16,19,15,18,68
1756,0,19,15,18,52
1757,15,18,16,15,64
1758,0,18,16,15,49
1759,0,31,20,13,64
1760,0,15,20,13,48
1763,0,36,33,15,84
1764,0,16,33,15,64
1765,0,33,0,15,48
1766,0,18,0,15,33
1767,0,31,19,15,65
1768,0,16,19,15,50
1769,0,34,50,16,100
1770,15,35,31,19,100
1772,16,31,68,16,131
1774,16,34,20,14,84
1775,0,34,20,14,68
1777,0,34,0,16,50
1778,14,35,15,15,79
1779,16,19,15,15,65
1781,30,35,102,15,182
1782,15,35,102,15,167
1783,0,35,102,15,152
1785,0,35,16,16,67
1786,0,19,16,16,51
1787,0,32,16,19,67
1789,35,31,19,16,101
1791,15,16,19,16,66
1793,19,16,16,15,66
1794,16,31,20,13,80
1795,31,33,51,19,134
1797,0,33,51,19,103
1798,13,34,52,15,114
1799,34,36,47,18,135
1800,14,36,47,18,115
1801,36,31,16,18,101
1802,19,31,16,18,84
1803,31,34,16,19,100
1806,18,35,0,15,68
1807,35,31,85,15,166
1808,0,19,0,15,34
1810,16,36,49,15,116
1811,18,18,49,15,100
1812,33,15,19,15,82
1813,0,30,19,15,64
1814,0,15,19,15,49
1817,34,34,82,19,169
1818,18,34,82,19,153
1819,0,34,82,19,135
1823,0,33,15,19,67
1825,0,34,17,15,66
1826,0,19,17,15,51
1828,0,15,15,19,49
1829,0,34,0,16,50
1830,0,19,0,16,35
1832,15,35,49,16,115
1833,20,15,49,16,100
1834,0,15,49,16,80
1835,15,19,15,16,65
1838,16,33,134,20,203
1839,19,14,134,20,187
1840,14,36,0,15,65
1842,19,34,48,16,117
1843,34,31,17,16,98
1844,19,31,17,16,83
1847,17,16,50,19,102
1848,16,35,15,19,85
1850,0,15,15,19,49
1851,0,34,100,15,149
1852,19,31,50,19,119
1854,13,34,50,16,113
1855,18,16,50,16,100
1856,16,35,50,16,117
1857,0,35,50,16,101
1858,19,31,35,16,101
1859,0,31,35,16,82
1860,0,16,35,16,67
1861,0,35,0,16,51
1862,16,31,34,16,97
1863,0,31,34,16,81
1864,15,34,0,16,65
1865,19,15,0,16,50
1866,15,36,30,19,100
1867,0,36,30,19,85
1868,0,20,30,19,69
1869,0,30,0,19,49
1870,15,35,18,16,84
1872,0,16,18,16,50
1873,34,34,0,16,84
1875,0,34,0,16,50
1876,19,31,0,16,66
1878,0,15,0,16,31
1879,0,36,15,18,69
1880,84,36,31,16,167
1881,0,33,0,16,49
1882,18,31,67,16,132
1883,0,31,67,16,114
1884,15,36,31,16,98
1885,0,36,31,16,83
1886,19,31,32,20,102
1887,0,31,32,20,83
1888,15,32,0,20,67
1889,16,16,0,20,52
1890,36,15,134,15,200
1891,67,35,32,16,150
1892,31,16,0,19,66
1893,0,32,0,19,51
1894,0,16,0,19,35
1895,50,17,35,15,117
1896,0,16,32,16,64
1897,0,32,35,15,82
1899,16,19,65,19,119
1900,0,19,65,19,103
1901,0,34,15,16,65
1902,0,19,15,16,50
1904,16,35,16,16,83
1905,0,35,16,16,67
1906,48,33,34,16,131
1907,0,32,52,15,99
1908,16,33,34,16,99
1909,0,33,34,16,83
1911,19,15,0,16,50
1912,15,34,49,18,116
1913,0,34,49,18,101
1914,85,34,50,15,184
1915,33,34,34,16,117
1917,34,34,50,15,133
1918,18,34,50,15,117
1919,0,34,50,15,99
1923,34,34,51,14,133
1924,49,32,19,14,114
1926,18,32,19,14,83
1927,65,35,17,15,132
1928,49,35,17,15,116
1930,14,35,17,15,81
1932,16,32,18,17,83
1933,0,32,18,17,67
1934,15,35,0,17,67
1936,0,17,0,17,34
1938,0,16,52,16,84
1940,20,32,17,16,85
1944,16,31,16,20,83
1945,0,31,16,20,67
1946,0,15,16,20,51
1948,20,32,0,17,69
1949,32,33,19,16,100
1951,0,33,19,16,68
1955,0,30,20,16,66
1957,20,16,50,15,101
1958,16,31,19,15,81
1959,0,31,19,15,65
1960,15,34,21,18,88
1961,0,34,21,18,73
1962,15,39,13,15,82
1964,0,18,13,15,46
1965,0,28,17,16,61
1967,0,33,0,19,52
1969,0,34,15,19,68
1970,0,15,15,19,49
1971,0,34,49,18,101
1972,0,19,49,18,86
1974,0,18,15,18,51
1975,15,18,0,16,49
1976,0,18,0,16,34
1978,16,35,0,15,66
1980,19,34,16,17,86
1981,0,34,16,17,67
1982,19,33,0,15,67
1985,0,31,0,19,50
1986,16,35,33,16,100
1987,0,35,33,16,84
1988,49,32,34,17,132
1989,0,33,0,16,49
1990,16,32,34,17,99
1991,0,32,34,17,83
1992,16,34,52,15,117
1993,0,34,52,15,101
1994,0,15,52,15,82
1997,34,35,0,15,84
1999,0,35,0,15,50
2000,34,15,20,15,84
2001,0,30,20,15,65
2002,0,15,20,15,50
2003,0,35,16,18,69
2004,0,15,16,18,49
2005,0,34,0,15,49
2006,18,34,15,18,85
2007,0,34,15,18,67
2008,19,33,67,16,135
2009,33,33,16,18,100
2010,18,33,16,18,85
2011,0,33,16,18,67
2013,16,18,0,16,50
2014,18,32,16,19,85
2015,16,16,16,19,67
2016,0,16,16,19,51
2018,0,19,50,15,84
2025,69,34,50,15,168
2026,17,32,165,19,233
2027,0,32,165,19,216
2028,16,34,50,15,115
2029,0,34,50,15,99
2030,15,32,33,19,99
2031,0,32,33,19,84
2033,33,35,15,16,99
2034,34,16,15,16,81
2035,0,35,15,16,66
2036,0,16,15,16,47
2037,31,34,19,16,100
2039,0,34,19,16,69
2040,0,15,19,16,50
2043,35,30,18,16,99
2045,15,15,18,16,64
2046,0,15,18,16,49
2047,0,34,16,18,68
2049,0,34,33,16,83
2050,18,33,0,16,67
2052,0,15,0,16,31
2053,16,18,16,18,68
2054,52,34,15,16,117
2055,0,34,0,17,51
2056,83,34,48,19,184
2058,0,17,15,16,48
2059,15,16,0,19,50
2060,16,34,48,19,117
2061,34,34,14,19,101
2062,0,15,48,19,82
2063,0,34,14,19,67
2064,32,19,51,16,118
2067,32,35,17,13,97
2068,35,16,17,13,81
2069,19,16,17,13,65
2070,33,13,104,15,165
2071,0,30,104,15,149
2072,13,37,0,16,66
2073,0,37,0,16,53
2074,0,18,0,16,34
2075,0,32,35,15,82
2078,19,31,19,15,84
2080,16,34,0,15,65
2081,34,35,15,18,102
2082,15,35,15,18,83
2083,0,35,15,18,68
2084,0,20,15,18,53
2085,15,18,49,18,100
2086,67,18,16,15,116
2087,0,34,49,15,98
2088,0,17,49,15,81
2090,49,34,51,17,151
2092,0,15,19,15,49
2093,34,32,19,17,102
2094,15,32,19,17,83
2095,0,32,19,17,68
2096,15,36,132,18,201
2097,36,32,50,19,137
2098,17,32,50,19,118
2100,15,34,66,18,133
2102,18,35,16,15,84
2103,35,31,18,16,100
2104,19,31,18,16,84
2105,49,16,15,19,99
2106,15,34,15,19,83
2107,0,34,15,19,68
2108,0,16,15,19,50
2111,0,34,116,15,165
2112,35,15,16,18,84
2113,17,15,16,18,66
2114,0,15,16,18,49
2115,0,34,116,16,166
2116,0,18,116,16,150
2117,34,31,0,17,82
2119,31,32,19,16,98
2121,0,32,19,16,67
2122,0,15,19,16,50
2123,0,35,0,18,53
2124,34,15,0,17,66
2125,0,33,0,17,50
2127,17,16,0,19,52
2128,0,16,0,19,35
2130,15,34,18,14,81
2131,0,34,18,14,66
2132,0,18,18,14,50
2133,0,32,0,16,48
2134,0,14,0,16,30
2135,16,19,34,15,84
2137,0,34,0,15,49
2138,0,19,0,15,34
2139,0,31,0,16,47
2140,16,35,34,16,101
2141,35,34,65,16,150
2144,51,33,35,15,134
2145,0,32,0,16,48
2146,0,16,0,16,32
2148,0,17,35,15,67
2149,0,35,0,15,50
2151,0,31,50,18,99
2152,16,35,15,18,84
2154,19,33,0,17,69
2155,15,18,0,17,50
2156,0,18,0,17,35
2157,32,33,0,19,84
2160,0,14,0,19,33
2161,0,35,15,19,69
2162,31,19,0,16,66
2163,0,34,0,16,50
2164,19,31,0,16,66
2165,0,31,0,16,47
2166,0,15,0,16,31
2167,16,18,50,19,103
2169,35,34,15,18,102
2170,20,34,15,18,87
2171,34,33,17,15,99
2172,19,33,17,15,84
2173,0,33,17,15,65
2176,15,35,30,17,97
2177,16,19,30,17,82
2178,0,19,30,17,66
2179,0,30,52,15,97
2180,14,36,16,15,81
2181,36,31,51,19,137
2182,0,19,16,15,50
2183,31,36,15,19,101
2184,15,36,15,19,85
2185,16,20,15,19,70
2186,20,34,16,15,85
2187,0,34,16,15,65
2188,35,15,19,15,84
2190,34,15,16,16,81
2191,0,34,16,16,66
2192,0,15,16,16,47
2193,16,16,16,18,66
2194,0,16,16,18,50
2195,34,34,16,18,102
2197,34,34,16,16,100
2198,15,34,16,16,81
2199,0,34,16,16,66
2200,18,32,34,15,99
2202,32,18,35,15,100
2203,16,18,35,15,84
2204,0,18,35,15,68
2205,0,35,0,15,50
2206,20,33,0,15,68
2207,0,33,0,15,48
2208,0,18,0,15,33
2209,0,30,36,15,81
2211,0,36,0,15,51
2212,47,35,17,15,114
2213,0,31,168,17,216
2215,20,15,17,15,67
2216,0,15,17,15,47
2217,17,15,20,15,67
2220,0,15,83,17,115
2221,0,35,15,16,66
2222,49,34,17,16,116
2224,0,16,17,17,50
2225,17,17,17,16,67
2226,50,34,17,18,119
2227,0,33,17,17,67
2228,16,34,17,18,85
2230,52,32,15,17,116
2231,0,35,12,20,67
2232,18,32,15,17,82
2233,0,32,15,17,64
2234,20,32,67,16,135
2235,0,32,67,16,115
2237,32,35,0,16,83
2238,0,16,19,16,51
2239,0,35,0,16,51
2240,0,16,0,16,32
2242,36,16,51,15,118
2243,103,33,51,16,203
2248,15,33,51,16,115
2249,0,33,51,16,100
2250,17,31,20,16,84
2251,0,31,20,16,67
2252,15,36,16,16,83
2253,0,36,16,16,68
2254,16,32,16,20,84
2256,0,16,16,20,52
2257,0,36,15,18,69
2259,0,33,147,17,197
2260,18,30,0,19,67
2261,0,30,0,19,49
2262,34,16,134,15,199
2268,32,17,35,15,99
2269,28,35,0,15,78
2271,0,35,0,15,50
2272,0,19,0,15,34
2273,15,20,32,15,82
2274,0,20,32,15,67
2275,32,34,16,15,97
2276,16,34,16,15,81
2277,15,19,16,15,65
2278,0,19,16,15,50
2279,31,35,83,15,164
2280,15,35,83,15,148
2281,0,35,83,15,133
2284,18,35,15,15,83
2287,0,30,0,16,46
2288,15,35,15,19,84
2289,0,35,15,19,69
2290,19,34,30,20,103
2291,34,30,0,20,84
2292,19,30,0,20,69
2293,0,30,0,20,50
2294,51,30,0,19,100
2295,0,37,15,15,67
2296,0,17,15,15,47
2297,15,15,0,19,49
2298,15,34,18,15,82
2299,19,15,18,15,67
2300,0,15,18,15,48
2301,18,15,17,16,66
2302,0,15,17,16,48
2303,0,33,18,19,70
2308,30,20,16,15,81
2310,36,15,50,18,119
2311,0,31,50,18,99
2312,0,15,50,18,83
2313,35,33,33,18,119
2314,0,19,15,18,52
2315,0,33,33,18,84
2316,18,21,12,18,69
2317,0,21,12,18,51
2318,0,45,98,17,160
2319,18,15,98,17,148
2322,14,34,15,16,79
2323,0,34,15,16,65
2326,0,16,67,19,102
2327,0,36,16,15,67
2328,0,19,16,15,50
2329,0,31,19,15,65
2330,15,34,36,15,100
2331,19,15,36,15,85
2332,0,15,36,15,66
2333,0,36,15,15,66
2334,0,19,15,15,49
2335,0,30,20,15,65
2336,0,15,20,15,50
2339,0,33,16,19,68
2340,18,35,15,16,84
2341,0,35,15,16,66
2342,19,31,67,18,135
2343,0,31,67,18,116
2344,0,16,67,18,101
2346,20,30,0,18,68
2347,0,30,0,18,48
2348,15,33,19,15,82
2349,0,33,19,15,67
2352,15,34,15,17,81
2353,0,34,15,17,66
2354,47,36,16,14,113
2355,32,36,16,14,98
2356,17,36,16,14,83
2357,36,30,70,17,153
2358,0,19,16,14,49
2360,14,33,17,20,84
2363,0,37,0,17,54
2364,20,33,12,21,86
2365,0,33,12,21,66
2366,0,16,12,21,49
2367,33,31,100,19,183
2372,15,37,15,15,82
2373,0,37,15,15,67
2374,20,30,19,16,85
2375,0,30,19,16,65
2376,15,35,0,15,65
2377,0,35,0,15,50
2378,0,16,0,15,31
2379,0,34,14,18,66
2380,19,32,0,17,68
2381,0,32,0,17,49
2382,0,18,0,17,35
2384,0,15,19,16,50
2385,19,16,0,17,52
2387,32,37,63,21,153
2388,15,37,63,21,136
2390,0,19,63,21,103
2391,0,33,14,16,63
2392,0,18,14,16,48
2394,0,16,0,21,37
2395,0,36,0,15,51
2396,0,15,0,15,30
2397,0,30,19,15,64
2398,0,15,19,15,49
2399,0,34,0,17,51
2400,15,33,19,16,83
2401,0,33,19,16,68
2404,0,16,116,18,150
2405,18,14,51,17,100
2407,0,35,49,18,102
2408,15,33,16,18,82
2411,16,18,198,19,251
2412,18,34,0,15,67
2413,0,34,0,15,49
2414,0,18,0,15,33
2415,0,33,35,16,84
2417,0,35,32,15,82
2418,0,20,32,15,67
2419,0,32,0,15,47
2420,0,16,0,15,31
2421,0,33,16,15,64
2422,18,31,0,19,68
2423,0,31,0,19,50
2424,0,15,0,19,34
2425,0,35,15,19,69
2427,0,34,0,15,49
2428,34,19,15,17,85
2429,0,34,15,17,66
2430,0,19,15,17,51
2431,0,32,0,16,48
2432,0,17,0,16,33
2433,0,34,0,15,49
2434,0,18,0,15,33
2435,15,19,64,19,117
2436,0,19,64,19,102
2437,0,30,20,14,64
2438,15,34,0,19,68
2439,20,14,0,19,53
2440,0,14,0,19,33
2441,19,16,50,15,100
2443,31,34,33,20,118
2444,0,15,19,15,49
2445,0,34,33,20,87
2446,15,33,0,20,68
2447,33,35,151,16,235
2448,37,15,151,16,219
2449,0,35,151,16,202
2450,0,15,151,16,182
2451,0,31,19,15,65
2453,0,34,36,16,86
2454,51,32,18,16,117
2456,20,32,18,16,86
2457,0,32,18,16,66
2458,16,34,15,19,84
2459,0,34,15,19,68
2462,19,33,98,16,166
2463,0,33,98,16,147
2464,52,32,20,12,116
2465,0,34,52,12,98
2466,17,32,20,12,81
2468,0,16,20,12,48
2469,20,12,50,19,101
2471,0,35,99,16,150
2475,50,15,0,16,81
2476,15,34,0,16,65
2479,0,33,18,15,66
2481,52,14,16,20,102
2482,15,33,16,20,84
2483,0,33,16,20,69
2484,14,36,15,16,81
2485,0,36,15,16,67
2486,0,20,15,16,51
2487,0,31,18,18,67
2488,0,16,18,18,52
2489,0,36,14,19,69
2490,18,33,16,15,82
2492,0,19,16,15,50
2493,0,31,19,15,65
2494,0,15,19,15,49
2495,19,15,0,15,49
2496,15,34,16,18,83
2497,15,19,16,18,68
2498,19,34,0,15,68
2499,0,34,0,15,49
2500,0,18,0,15,33
2501,33,34,16,16,99
2502,0,18,114,18,150
2503,34,32,16,16,98
2504,19,32,16,16,83
2506,48,34,85,16,183
2508,16,34,85,16,151
2509,0,34,85,16,135
2510,18,34,16,16,84
2511,0,34,16,16,66
2512,0,18,16,16,50
2513,16,16,52,16,100
2516,0,16,17,16,49
2518,0,16,31,20,67
2520,0,14,0,20,34
2521,20,17,15,16,68
2522,0,17,15,16,48
2523,31,33,17,18,99
2524,16,33,17,18,84
2525,0,33,17,18,68
2526,50,32,18,15,115
2527,0,35,50,15,100
2529,16,16,18,15,65
2530,16,33,17,16,82
2533,0,33,36,16,85
2534,16,36,0,16,68
2535,0,36,0,16,52
2536,0,19,0,16,35
2537,32,34,201,17,284
2538,16,34,201,17,268
2539,16,18,201,17,252
2541,33,32,85,15,165
2542,47,36,14,19,116
2543,0,32,85,15,132
2544,16,36,14,19,85
2545,0,36,14,19,69
2548,19,31,16,20,86
2550,31,20,0,17,68
2552,0,20,0,17,37
2553,0,32,16,16,64
2554,0,15,16,16,47
2556,0,16,17,16,49
2557,33,34,0,17,84
2559,19,15,0,17,51
2561,0,33,19,16,68
2562,0,16,19,16,51
2563,35,33,0,17,85
2564,0,16,17,16,49
2566,16,32,66,18,132
2567,0,32,66,18,116
2568,81,38,16,14,149
2569,0,33,33,18,84
2570,14,33,0,18,65
2573,0,38,16,14,68
2574,0,20,16,14,50
2575,0,30,0,16,46
2577,35,31,19,14,99
2578,0,19,133,14,166
2580,0,16,19,14,49
2581,19,14,103,15,151
2582,0,14,103,15,132
2583,34,35,34,15,118
2584,0,15,35,14,64
2586,19,34,50,15,118
2587,0,34,50,15,99
2588,35,16,19,15,85
2589,0,31,19,15,65
2590,16,34,0,16,66
2591,34,35,66,15,150
2592,0,15,0,16,31
2593,0,35,66,15,116
2594,0,19,66,15,100
2595,16,15,35,15,81
2596,0,15,35,15,65
2597,50,18,15,16,99
2598,19,33,15,16,83
2599,15,18,15,16,64
2600,0,18,15,16,49
2601,0,31,0,19,50
2602,35,15,0,17,67
2603,19,15,0,17,51
2604,15,37,0,16,68
2606,51,32,16,18,117
2608,0,15,17,15,47
2609,0,32,16,18,66
2611,0,34,117,18,169
2612,18,34,0,15,67
2613,0,34,0,15,49
2614,18,34,132,16,200
2615,0,34,132,16,182
2617,0,34,15,18,67
2618,19,33,50,15,117
2619,33,34,16,15,98
2622,0,18,16,15,49
2623,0,31,35,17,83
2624,15,35,0,17,67
2625,35,32,16,17,100
2626,0,19,0,17,36
2627,17,15,16,17,65
2628,0,15,16,17,48
2629,0,33,16,18,67
2632,18,34,15,19,86
2633,0,34,15,19,68
2635,34,32,15,18,99
2637,16,16,15,18,65
2638,0,16,15,18,49
2639,0,33,16,18,67
2640,18,34,16,18,86
2641,0,34,16,18,68
2642,18,34,16,15,83
2644,18,31,0,16,65
2645,0,31,0,16,47
2647,0,35,16,15,66
2648,19,31,0,20,70
2649,0,31,0,20,51
2650,15,35,15,19,84
2651,0,35,15,19,69
2652,30,19,133,18,200
2654,19,34,0,16,69
2655,0,34,0,16,50
2656,18,31,19,14,82
2657,0,31,19,14,64
2658,0,15,19,14,48
2659,33,35,0,18,86
2661,0,35,0,18,53
2663,0,33,16,19,68
2664,0,15,16,19,50
2665,35,32,67,16,150
2666,19,32,67,16,134
2669,0,31,84,18,133
2671,20,16,99,15,150
2672,16,32,67,15,130
2673,16,16,67,15,114
2675,34,33,34,16,117
2678,31,19,0,16,66
2679,15,19,0,16,50
2680,0,19,0,16,35
2681,0,35,15,16,66
2683,0,31,66,19,116
2684,16,33,0,17,66
2685,50,16,84,18,168
2687,17,16,84,18,135
2688,50,35,15,18,118
2689,0,34,16,19,69
2690,0,15,16,19,50
2691,16,19,15,18,68
2692,0,19,15,18,52
2694,0,18,16,15,49
2695,0,31,0,19,50
2696,15,34,102,15,166
2697,0,34,102,15,151
2698,67,14,17,19,117
2700,15,32,17,19,83
2701,0,32,17,19,68
2702,14,36,49,15,114
2703,17,19,49,15,100
2704,19,34,15,15,83
2705,15,19,15,15,64
2706,34,15,51,16,116
2707,0,30,51,16,97
2710,18,31,18,15,82
2711,64,34,19,15,132
2712,0,16,18,15,49
2713,0,33,68,19,120
2714,15,34,19,15,83
2716,15,34,34,16,99
2717,0,34,34,16,84
2718,15,34,49,16,114
2719,19,15,49,16,99
2722,0,16,67,18,101
2723,33,34,18,15,100
2724,16,34,18,15,83
2726,34,15,83,17,149
2727,0,33,83,17,133
2729,0,34,16,18,68
2730,15,34,52,15,116
2731,34,32,51,18,135
2732,0,18,52,15,85
2734,37,15,231,20,303
2735,0,35,231,20,286
2736,0,15,231,20,266
2737,16,18,16,16,66
2738,66,16,50,18,150
2739,0,32,16,16,64
2741,0,32,50,18,100
2742,16,35,15,18,84
2743,35,33,33,16,117
2745,0,33,33,16,82
2746,18,33,67,15,133
2747,33,32,20,15,100
2749,0,32,20,15,67
2750,0,16,20,15,51
2751,20,15,0,15,50
2752,0,15,0,15,30
2754,36,15,18,17,86
2755,32,35,16,15,98
2756,15,35,16,15,81
2757,35,31,84,16,166
2758,17,31,84,16,148
2759,0,31,84,16,131
2760,15,34,16,19,84
2761,0,34,16,19,69
2763,0,35,15,16,66
2767,70,30,19,16,135
2768,16,35,15,15,81
2770,19,30,19,16,84
2771,15,15,19,16,65
2772,15,35,16,16,82
2774,16,32,51,18,117
2775,0,32,51,18,101
2776,0,16,51,18,85
2780,0,18,47,19,84
2782,0,16,15,19,50
2783,15,19,17,15,66
2784,19,32,52,15,118
2785,0,32,52,15,99
2786,67,15,16,19,117
2787,16,21,15,15,67
2788,0,21,15,15,51
2789,30,35,65,15,145
2790,31,19,65,15,130
2791,0,35,65,15,115
2792,19,31,18,16,84
2793,16,15,18,16,65
2794,33,16,0,15,64
2798,0,19,68,16,103
2799,16,18,15,19,68
2800,18,34,32,16,100
2802,19,32,66,18,135
2803,0,32,66,18,116
2804,16,32,17,17,82
2805,0,32,17,17,66
2806,33,17,0,18,68
2807,17,17,0,18,52
2808,17,34,16,18,85
2810,0,16,16,18,50
2811,0,34,0,15,49
2812,18,32,0,16,66
2813,0,32,0,16,48
2814,0,17,0,16,33
2815,16,18,0,16,50
2816,0,18,0,16,34
2817,0,31,38,16,85
2819,0,38,0,16,54
2821,0,32,15,18,65
2822,0,16,15,18,49
2823,15,18,0,16,49
2827,34,35,0,17,86
2828,49,33,31,20,133
2829,0,35,0,17,52
2830,0,19,0,17,36
2831,0,33,31,20,84
2832,0,16,31,20,67
2833,68,33,0,16,117
2834,36,17,0,16,69
2835,0,37,0,16,53
2836,0,17,0,16,33
2837,0,33,0,16,49
2838,0,17,0,16,33
2839,0,32,16,16,64
2841,32,31,20,16,99
2842,16,31,20,16,83
2844,13,36,135,16,200
2845,20,16,135,16,187
2849,0,33,20,16,69
2850,0,17,20,16,53
2851,36,33,49,15,133
2852,16,33,49,15,113
2855,16,16,51,16,99
2856,16,32,19,16,83
2857,32,35,15,19,101
2858,0,15,19,16,50
2859,0,35,15,19,69
2860,31,19,34,16,100
2861,0,34,34,16,84
2863,34,32,17,15,98
2865,0,32,17,15,64
2866,0,16,17,15,48
2867,0,32,52,15,99
2869,0,33,19,15,67
2870,16,34,0,16,66
2871,34,34,0,15,83
2872,15,34,0,15,64
2873,0,34,0,15,49
2874,0,18,0,15,33
2875,0,34,15,19,68
2876,53,34,14,18,119
2879,16,18,14,18,66
2880,0,18,14,18,50
2881,0,32,33,16,81
2882,67,18,16,18,119
2883,0,33,0,16,49
2885,0,34,16,18,68
2886,34,18,15,16,83
2887,0,34,15,16,65
2888,18,31,50,18,117
2889,0,31,50,18,99
2890,50,34,0,20,104
2891,34,34,0,20,88
2892,15,34,0,20,69
2893,0,34,0,20,54
2895,0,36,17,15,68
2896,16,32,39,27,114
2897,32,22,17,27,98
2899,0,22,17,27,66
2901,27,37,16,17,97
2903,37,33,15,18,103
2904,18,33,15,18,84
2905,48,18,16,15,97
2906,50,31,86,15,182
2907,15,18,16,15,64
2908,0,18,16,15,49
2909,0,31,86,15,132
2910,15,35,82,19,151
2911,0,35,82,19,136
2912,16,31,51,19,117
2913,0,31,51,19,101
2914,15,35,16,19,85
2916,15,35,0,16,66
2917,35,30,0,20,85
2918,19,30,0,20,69
2922,0,15,16,18,49
2924,18,34,17,16,85
2926,19,33,15,18,85
2927,0,33,15,18,66
2928,16,33,34,16,99
2930,52,32,16,18,118
2932,18,32,16,18,84
2934,0,16,16,18,50
2936,0,18,50,15,83
2937,0,31,87,15,133
2939,0,34,86,15,135
2942,19,33,18,15,85
2943,18,15,18,15,66
2945,33,35,15,19,102
2946,15,35,15,19,84
2947,0,35,15,19,69
2949,15,19,16,15,65
2951,31,32,0,18,81
2952,47,39,0,28,114
2954,15,39,0,28,82
2955,0,39,0,28,67
2957,12,16,0,18,46
2959,0,33,133,19,185
2960,0,15,133,19,167
2962,14,35,50,15,114
2963,20,15,50,15,100
2964,0,15,50,15,80
2967,0,31,70,15,116
2968,15,35,16,19,85
2972,19,31,19,16,85
2973,0,31,19,16,66
2975,35,31,0,20,86
2976,16,31,0,20,67
2977,0,31,0,20,51
2978,0,14,0,20,34
2979,0,33,51,18,102
2980,0,13,51,18,82
2981,0,36,15,18,69
2984,0,18,0,16,34
2987,0,36,0,15,51
2988,35,16,52,15,118
2989,31,33,19,15,98
2990,0,16,52,15,83
2993,0,34,85,15,134
2995,0,34,51,15,100
2996,18,32,19,15,84
2999,19,15,16,19,69
3000,50,31,18,15,114
3002,0,19,0,17,36
3003,17,14,18,15,64
3004,0,14,18,15,47
3005,52,16,65,18,151
3006,0,15,100,18,133
3008,16,34,15,16,81
3010,19,31,0,18,68
3011,15,16,0,18,49
3012,0,16,0,18,34
3014,17,33,65,20,135
3015,15,18,65,20,118
3016,0,18,65,20,103
3017,15,19,133,16,183
3018,0,19,133,16,168
3019,0,31,36,15,82
3021,0,36,66,16,118
3022,0,16,66,16,98
3023,15,15,20,16,66
3024,15,36,16,16,83
3027,16,16,19,15,66
3031,0,35,0,16,51
3032,0,19,0,16,35
3033,0,31,0,19,50
3034,0,15,0,19,34
3037,19,15,16,18,68
3039,0,34,32,16,82
3040,18,32,50,18,118
3042,0,17,50,18,85
3043,100,36,14,16,166
3044,52,32,50,16,150
3047,0,32,50,16,98
3051,0,30,0,16,46
3053,0,35,15,19,69
3054,19,34,64,16,133
3055,34,31,18,15,98
3056,19,31,18,15,83
3057,31,33,35,16,115
3060,15,35,0,16,66
3062,0,19,0,16,35
3063,0,34,32,18,84
3064,0,18,32,18,68
3065,0,32,0,18,50
3066,16,33,66,16,131
3067,18,15,66,16,115
3070,14,34,0,16,64
3071,50,20,0,16,86
3073,16,20,0,16,52
3074,0,20,0,16,36
3075,0,31,66,20,117
3077,34,32,0,20,86
3078,15,32,0,20,67
3080,50,34,100,16,200
3082,0,15,0,16,31
3083,0,34,100,16,150
3084,0,18,100,16,134
3085,15,18,16,17,66
3086,18,33,16,18,85
3089,0,34,65,19,118
3090,18,31,34,19,102
3091,0,31,34,19,84
3092,15,34,50,18,117
3093,18,16,50,18,102
3096,49,33,49,16,147
3097,0,33,33,15,81
3098,18,33,49,16,116
3099,0,33,49,16,98
3100,16,34,15,16,81
3103,0,31,84,20,135
3106,0,15,50,20,85
3108,0,16,48,18,82
3109,35,31,50,18,134
3110,0,20,13,18,51
3113,0,35,15,18,68
3116,18,30,19,18,85
3120,18,18,62,18,116
3121,0,18,62,18,98
3123,0,34,15,18,67
3124,16,33,15,17,81
3125,15,18,15,17,65
3126,0,18,15,17,50
3127,0,32,19,14,65
3129,117,20,16,16,169
3130,14,35,35,14,98
3131,0,35,35,14,84
3132,0,16,35,14,65
3134,19,34,16,16,85
3135,0,34,16,16,66
3136,0,20,16,16,52
3137,32,33,198,17,280
3138,49,34,16,17,116
3140,16,34,16,17,83
3141,34,33,48,16,131
3142,16,33,48,16,113
3143,16,17,48,16,97
3144,0,17,48,16,81
3145,16,15,17,16,64
3146,15,33,20,16,84
3147,0,33,20,16,69
3148,16,36,16,15,83
3149,20,16,16,15,67
3150,0,16,16,15,47
3151,31,37,17,30,115
3155,0,17,15,15,47
3156,0,49,15,18,82
3159,64,36,0,16,116
3160,34,15,0,16,65
3162,0,15,0,16,31
3164,0,20,0,16,36
3165,0,31,17,17,65
3166,0,15,17,17,49
3167,0,34,37,29,100
3168,54,29,16,19,118
3169,0,19,18,29,66
3170,18,29,16,19,82
3171,13,16,16,19,64
3172,51,31,34,19,135
3175,0,31,34,19,84
3177,19,15,52,16,102
3178,15,34,34,17,100
3179,0,34,34,17,85
3180,0,15,34,17,66
3181,0,34,17,16,67
3186,35,16,16,18,85
3187,31,34,52,15,132
3191,34,33,16,17,100
3193,0,33,16,17,66
3195,33,32,20,31,116
3197,0,32,20,31,83
3200,31,16,66,17,130
3202,0,16,66,17,99
3204,0,15,18,15,48
3205,0,33,0,17,50
3206,0,15,0,17,32
3207,17,19,16,15,67
3208,19,31,16,18,84
3211,0,34,19,14,67
3212,0,18,19,14,51
3213,0,33,84,18,135
3215,0,35,15,19,69
3217,0,34,15,18,67
3219,15,18,14,19,66
3220,18,33,0,15,66
3221,0,33,0,15,48
3222,34,19,15,16,84
3223,34,31,0,16,81
3224,50,34,49,16,149
3225,0,31,0,16,47
3226,16,34,49,16,115
3227,0,34,49,16,99
3228,0,18,49,16,83
3229,16,19,14,16,65
3230,0,19,14,16,49
3232,16,34,101,16,167
3234,15,33,120,16,184
3235,0,33,120,16,169
3236,0,15,120,16,151
3237,0,36,16,16,68
3238,50,32,20,16,118
3239,0,32,0,16,48
3240,16,32,20,16,84
3241,32,36,15,18,101
3244,0,16,15,18,49
3247,31,34,19,15,99
3248,15,34,19,15,83
3252,15,34,16,16,81
3253,34,32,84,18,168
3254,18,32,84,18,152
3256,50,35,15,18,118
3257,0,34,101,15,150
3258,0,18,101,15,134
3259,16,19,15,18,68
3260,0,19,15,18,52
3261,15,18,15,18,66
3263,15,18,15,19,67
3265,0,34,15,16,65
3267,31,34,100,16,181
3268,16,34,100,16,166
3269,0,34,100,16,150
3270,18,21,79,16,134
3272,0,45,19,15,79
3273,19,15,19,15,68
3277,16,18,0,16,50
3278,0,18,0,16,34
3279,0,31,19,15,65
3280,0,15,19,15,49
3281,0,34,0,18,52
3282,15,35,49,17,116
3283,67,34,0,17,118
3285,0,32,17,17,66
3286,16,34,0,17,67
3287,0,34,0,17,51
3288,17,34,0,15,66
3289,0,34,0,15,49
3296,0,16,14,18,48
3297,14,18,35,15,82
3298,18,35,0,15,68
3299,0,35,0,15,50
3300,0,19,0,15,34
3301,15,19,0,15,49
3302,34,16,19,15,84
3303,0,31,19,15,65
3304,16,34,0,16,66
3305,0,34,0,16,50
3306,15,34,17,15,81
3307,0,34,17,15,66
3308,0,18,17,15,50
3309,32,35,0,15,82
3310,15,35,0,15,65
3312,34,19,16,15,84
3313,15,19,16,15,65
3314,50,33,35,15,133
3315,0,31,133,17,181
3316,0,15,133,17,165
3317,0,33,35,15,83
3318,15,35,0,15,65
3319,16,19,0,15,50
3321,31,34,17,18,100
3322,0,16,0,19,35
3323,34,35,49,19,137
3324,0,15,17,18,50
3325,0,35,49,19,103
3326,0,18,49,19,86
3327,33,35,16,16,100
3328,34,19,16,16,85
3329,16,19,16,16,67
3330,19,32,164,19,234
3331,16,16,164,19,215
3332,0,16,164,19,199
3334,14,34,68,16,132
3337,20,14,50,15,99
3339,0,34,16,15,65
3341,0,31,0,19,50
3343,0,34,19,16,69
3344,0,15,19,16,50
3345,0,35,115,20,170
3346,16,33,17,15,81
3347,0,33,17,15,65
3351,0,35,50,18,103
3354,20,33,47,18,118
3356,0,18,47,18,83
3357,0,31,16,18,65
3358,15,34,66,16,131
3359,0,34,66,16,116
3360,0,18,66,16,100
3361,17,15,19,15,66
3362,34,15,52,15,116
3364,0,15,52,15,82
3366,0,19,32,15,66
3367,32,35,47,16,130
3369,0,35,47,16,98
3370,0,20,47,16,83
3372,0,15,66,19,100
3373,16,16,34,19,85
3375,34,35,16,18,103
3376,0,14,0,19,33
3378,16,34,35,30,115
3379,0,34,35,30,99
3380,53,30,0,17,100
3382,19,30,0,17,66
3384,0,15,0,17,32
3389,0,35,68,16,119
3390,15,34,16,18,83
3391,0,34,16,18,68
3392,53,33,16,15,117
3393,0,34,0,16,50
3395,49,15,18,17,99
3396,33,15,18,17,83
3397,0,31,18,17,66
3398,15,35,99,17,166
3399,35,32,84,18,169
3401,32,33,17,17,99
3403,0,33,17,17,67
3404,15,34,17,18,84
3406,52,31,18,17,118
3407,17,18,49,17,101
3410,0,17,18,17,52
3411,18,17,16,18,69
3412,0,17,16,18,51
3414,0,18,0,15,33
3415,0,31,0,19,50
3416,0,16,0,19,35
3418,16,34,0,17,67
3420,19,34,0,15,68
3421,0,34,0,15,49
3423,0,31,17,17,65
3424,0,16,17,17,50
3425,17,17,0,21,55
3426,17,21,14,16,68
3427,0,21,14,16,51
3428,30,16,82,17,145
3432,0,18,0,13,31
3433,0,30,17,17,64
3434,0,17,17,17,51
3435,34,34,15,19,102
3437,0,34,15,19,68
3439,0,34,0,17,51
3440,19,35,0,13,67
3441,0,35,0,13,48
3442,0,18,0,13,31
3445,0,36,47,19,102
3447,0,31,16,19,66
3448,15,35,0,17,67
3450,36,17,32,18,103
3451,17,17,32,18,84
3453,0,32,0,18,50
3454,0,16,0,18,34
3456,16,33,65,19,133
3457,0,33,65,19,117
3458,17,32,18,15,82
3459,0,32,18,15,65
3461,0,33,68,18,119
3462,15,33,85,16,149
3463,0,33,85,16,134
3464,0,14,85,16,115
3465,0,35,50,16,101
3466,34,16,16,16,82
3467,0,34,16,16,66
3468,16,32,0,17,65
3469,32,33,18,16,99
3470,33,16,18,16,83
3471,17,16,18,16,67
3472,68,16,17,16,117
3473,0,34,51,16,101
3474,16,34,17,16,83
3475,34,33,51,13,131
3476,0,16,17,16,49
3478,16,31,20,13,80
3480,0,14,20,13,47
3481,20,13,17,18,68
3482,13,35,18,16,82
3483,17,18,18,16,69
3486,0,16,18,17,51
3487,0,35,83,17,135
3488,17,33,17,16,83
3492,16,34,16,16,82
3493,0,34,16,16,66
3494,17,32,15,18,82
3495,0,32,15,18,65
3496,16,33,33,16,98
3497,0,33,33,16,82
3499,17,16,16,19,68
3500,51,31,50,19,151
3501,0,35,31,19,85
3502,0,19,31,19,69
3504,15,34,16,19,84
3505,69,32,16,18,135
3507,35,32,16,18,101
3508,19,32,16,18,85
3509,0,32,16,18,66
3510,16,34,0,17,67
3511,34,33,16,18,101
3512,18,33,16,18,85
3513,0,33,16,18,67
3517,0,33,0,15,48
3518,18,34,49,16,117
3522,18,31,0,16,65
3523,0,31,0,16,47
3525,16,20,81,17,134
3526,0,20,81,17,118
3527,0,32,16,18,66
3530,33,17,16,18,84
3531,0,32,16,18,66
3533,0,34,16,16,66
3537,0,21,12,19,52
3538,0,46,18,15,79
3539,19,15,18,15,67
3540,64,19,15,18,116
3541,0,33,16,19,68
3542,0,15,16,19,50
3543,0,35,15,18,68
3546,18,32,16,18,84
3547,32,34,16,18,100
3548,15,34,16,18,83
3549,16,18,16,18,68
3551,34,32,16,18,100
3553,0,32,16,18,66
3554,16,34,50,16,116
3555,49,20,15,16,100
3556,0,18,50,16,84
3559,31,32,19,14,96
3561,0,32,19,14,65
3562,15,33,20,15,83
3563,0,33,20,15,68
3564,0,14,20,15,49
3565,51,18,16,19,104
3566,0,15,16,18,49
3569,35,31,0,16,82
3571,0,31,0,16,47
3572,0,16,0,16,32
3573,0,35,34,16,85
3574,0,19,34,16,69
3575,34,31,101,16,182
3576,0,19,31,19,69
3577,0,31,101,16,148
3578,34,15,118,17,184
3582,50,35,33,18,136
3583,35,35,33,18,121
3584,16,35,33,18,102
3587,0,33,0,18,51
3588,17,18,18,30,83
3590,0,48,64,20,132
3591,13,17,64,20,114
3592,17,34,0,13,64
3593,14,20,0,13,47
3595,0,30,20,13,63
3596,50,34,0,20,104
3597,0,33,20,14,67
3598,13,34,0,20,67
3599,0,34,0,20,54
3602,0,15,33,16,64
3603,0,33,51,16,100
3604,18,31,20,16,85
3605,31,36,51,15,133
3606,0,15,20,16,51
3608,16,35,16,15,82
3609,0,35,16,15,66
3610,19,31,16,18,84
3611,0,31,16,18,65
3612,49,33,35,32,149
3614,51,35,0,32,118
3615,0,33,35,32,100
3616,18,35,0,32,85
3617,35,32,15,19,101
3618,18,32,15,19,84
3622,19,33,65,19,136
3623,0,33,65,19,117
3624,0,18,65,19,102
3626,0,17,33,19,69
3627,33,35,32,20,120
3629,0,35,32,20,87
3630,0,16,32,20,68
3631,0,32,35,16,83
3633,0,20,15,16,51
3635,16,16,49,18,99
3636,0,16,49,18,83
3637,0,34,15,18,67
3638,64,15,20,17,116
3639,0,33,83,19,135
3641,16,15,20,17,68
3642,0,15,20,17,52
3643,37,34,16,16,103
3644,0,17,81,19,117
3645,15,19,16,16,66
3646,0,19,16,16,51
3647,0,32,15,19,66
3648,16,34,32,18,100
3650,19,32,67,15,133
3651,0,32,67,15,114
3652,83,34,16,15,148
3653,18,16,15,18,67
3654,16,33,0,15,64
3658,0,19,16,15,50
3661,34,32,154,30,250
3664,0,14,154,30,198
3669,0,31,53,30,114
3672,0,15,35,15,65
3673,0,20,15,15,50
3674,0,49,48,19,116
3675,15,19,48,19,101
3676,34,18,15,19,86
3678,18,34,15,15,82
3682,0,15,0,18,33
3684,16,35,15,18,84
3685,0,35,15,18,68
3686,15,33,19,33,100
3688,37,33,16,15,101
3689,0,19,49,15,83
3691,18,47,68,18,151
3692,0,47,68,18,133
3693,0,31,68,18,117
3694,0,16,68,18,102
3697,19,15,85,31,150
3698,81,19,16,15,131
3699,0,18,0,19,37
3700,0,48,19,31,98
3702,18,19,16,15,68
3703,0,19,16,15,50
3705,15,16,19,16,66
3708,0,16,31,20,67
3709,0,31,20,15,66
3710,16,35,17,18,86
3711,0,35,17,18,70
3712,0,15,17,18,50
3713,0,35,16,15,66
3714,18,31,0,16,65
3715,0,31,0,16,47
3716,31,19,100,14,164
3717,16,19,100,14,149
3718,0,19,100,14,133
3719,34,31,16,19,100
3720,20,31,16,19,86
3722,14,35,14,20,83
3723,0,35,14,20,69
3724,19,34,16,15,84
3725,14,20,16,15,65
3726,51,34,16,19,120
3727,65,35,15,16,131
3728,15,34,16,19,84
3729,34,35,15,16,100
3731,35,31,15,20,101
3735,0,35,49,15,99
3736,20,32,32,17,101
3737,16,16,32,17,81
3739,0,32,0,17,49
3740,0,15,0,17,32
3741,33,35,17,15,100
3742,51,32,84,19,186
3744,0,15,17,15,47
3745,32,37,47,19,135
3746,0,15,84,19,118
3750,0,16,16,19,51
3751,16,19,52,30,117
3752,0,19,52,30,101
3753,14,18,0,20,52
3754,18,20,63,15,116
3755,50,17,52,31,150
3756,0,47,52,31,130
3757,85,48,0,15,148
3758,0,17,52,31,100
3760,15,21,0,31,67
3761,0,21,0,31,52
3762,31,17,0,15,63
3763,15,17,0,15,47
3766,0,18,0,16,34
3768,17,33,0,20,70
3769,16,17,0,20,53
3770,0,17,0,20,37
3771,0,20,13,19,52
3772,13,33,20,30,96
3774,14,20,0,30,64
3775,0,20,0,30,50
3777,0,30,34,19,83
3780,16,34,0,16,66
3781,50,19,49,15,133
3782,0,15,0,16,31
3783,35,34,49,16,134
3784,0,19,49,15,83
3785,15,19,49,16,99
3786,0,19,49,16,84
3788,15,35,0,16,66
3789,51,16,0,19,86
3791,32,34,15,21,102
3792,0,16,0,19,35
3793,0,34,15,21,70
3794,51,30,0,19,100
3795,36,30,0,19,85
3796,21,30,0,19,70
3797,30,36,67,15,148
3798,33,17,67,15,132
3800,17,31,19,17,84
3801,31,36,0,15,82
3802,0,16,19,17,52
3803,36,30,19,15,100
3804,17,30,19,15,81
3806,0,15,19,15,49
3807,19,15,0,19,53
3808,15,36,19,31,101
3809,0,36,19,31,86
3810,0,17,19,31,67
3811,19,47,15,16,97
3812,47,31,0,16,94
3814,0,16,15,16,47
3816,16,35,0,17,68
3817,0,35,0,17,52
3818,0,19,0,17,36
3819,0,32,18,15,65
3822,15,20,33,33,101
3827,19,16,0,15,50
3829,0,32,16,18,66
3830,0,17,16,18,51
3831,0,34,17,15,66
3832,18,32,20,14,84
3833,17,15,20,14,66
3834,0,15,20,14,49
3835,20,14,19,33,86
3836,33,49,49,17,148
3837,34,34,49,17,134
3838,0,49,49,17,115
3839,34,33,16,17,100
3841,0,33,16,17,66
3842,18,33,16,18,85
3843,0,33,16,18,67
3844,17,34,16,17,84
3845,0,34,16,17,67
3846,51,31,20,16,118
3847,0,33,16,15,64
3850,15,36,16,16,83
3851,0,36,16,16,68
3852,16,32,134,17,199
3853,0,32,134,17,183
3854,0,16,134,17,167
3855,15,20,15,19,69
3857,34,32,15,18,99
3860,83,38,0,29,150
3861,0,33,0,17,50
3864,0,15,38,29,82
3865,0,38,0,29,67
3866,51,35,15,18,119
3867,0,29,16,19,64
3868,15,35,15,18,83
3870,19,33,16,16,84
3871,0,33,16,16,65
3873,16,16,16,19,67
3874,16,35,49,16,116
3876,19,34,15,16,84
3878,19,31,67,16,133
3879,0,31,67,16,114
3880,16,34,33,16,99
3881,0,34,33,16,83
3882,0,15,33,16,64
3883,33,36,16,16,101
3885,0,36,16,16,68
3886,0,20,16,16,52
3888,16,31,19,15,81
3890,0,16,19,15,50
3892,15,35,15,19,84
3893,35,34,15,19,103
3894,19,34,15,19,87
3896,19,34,0,30,83
3897,0,34,0,30,64
3899,0,30,69,17,116
3900,17,36,17,16,86
3901,36,33,0,17,86
3903,0,33,0,17,50
3905,0,33,0,15,48
3907,15,19,0,16,50
3909,31,33,70,15,149
3910,0,15,33,16,64
3911,0,33,70,15,118
3912,15,33,67,18,133
3914,0,17,67,18,102
3915,37,30,0,18,85
3917,64,34,37,15,150
3918,0,15,0,18,33
3919,0,34,34,19,87
3920,16,34,37,15,102
3922,18,19,18,15,70
3923,19,33,81,16,149
3925,0,15,81,16,112
3926,0,47,19,15,81
3927,19,15,19,15,68
3928,34,15,0,16,65
3929,19,15,0,16,50
3930,0,15,0,16,31
3931,16,18,115,18,167
3932,0,18,115,18,151
3933,0,32,20,33,85
3935,0,20,97,18,135
3937,19,15,83,15,132
3939,15,18,16,18,67
3942,18,31,17,19,85
3943,31,36,33,17,117
3944,15,36,33,17,101
3945,69,32,0,16,117
3946,19,33,32,16,100
3947,0,33,32,16,81
3950,0,15,0,16,31
3951,0,35,32,16,83
3952,0,19,32,16,67
3953,15,17,0,16,48
3955,16,19,47,19,101
3956,0,19,47,19,85
3957,66,31,0,17,114
3958,18,34,0,15,67
3959,34,31,0,17,82
3960,19,31,0,17,67
3961,15,16,0,17,48
3962,0,16,0,17,33
3964,0,18,33,17,68
3966,15,32,33,18,98
3967,0,32,33,18,83
3970,0,14,101,16,131
3973,0,36,0,15,51
3974,18,31,0,16,65
3975,0,31,0,16,47
3976,0,16,0,16,32
3978,19,18,0,31,68
3980,0,49,15,19,83
3981,15,18,15,19,67
3983,0,34,15,16,65
3984,19,31,49,18,117
3986,0,16,49,18,83
3987,0,34,15,18,67
3988,0,15,15,18,48
3990,18,35,15,18,86
3991,68,33,65,19,185
3992,0,19,15,18,52
3993,0,33,16,17,66
3994,18,33,65,19,135
3995,0,33,65,19,117
3996,0,17,65,19,101
3997,15,19,15,16,65
3999,0,31,0,19,50
4000,16,32,19,17,84
4002,0,13,19,17,49
4005,83,16,102,15,216
4006,18,33,100,16,167
4007,0,33,100,16,149
4008,17,32,102,15,166
4010,16,34,68,15,133
4011,0,34,68,15,117
4012,18,34,0,16,68
4014,19,34,0,15,68
4016,0,18,0,15,33
4019,0,34,15,19,68
4020,19,34,15,17,85
4021,34,32,15,19,100
4022,19,32,15,19,85
4023,0,32,15,19,66
4024,17,34,15,18,84
4026,19,33,16,17,85
4027,0,33,16,17,66
4028,18,33,16,16,83
4029,0,33,16,16,65
4030,17,32,0,16,65
4031,0,32,0,16,48
4032,16,33,17,16,82
4033,16,17,17,16,66
4034,0,17,17,16,50
4035,17,16,23,27,83
4036,16,23,12,15,66
4037,0,23,12,15,50
4042,0,49,16,16,81
4043,0,33,16,16,65
4045,16,16,17,17,66
4046,33,17,32,19,101
4047,0,34,32,19,85
4048,17,32,0,19,68
4049,16,16,0,19,51
4051,0,35,49,16,100
4052,16,32,17,16,81
4053,0,32,17,16,65
4055,33,35,17,16,101
4057,17,18,17,16,68
4058,0,18,17,16,51
4060,16,34,17,15,82
4061,0,34,17,15,66
4062,19,32,50,16,117
4063,0,32,50,16,98
4064,0,15,50,16,81
4065,34,32,0,18,84
4066,0,16,16,16,48
4067,0,32,0,18,50
4068,0,16,0,18,34
4069,18,15,18,16,67
4070,0,15,18,16,49
4071,0,34,50,18,102
4072,0,16,50,18,84
4073,0,34,16,18,68
4074,15,34,0,16,65
4075,34,32,18,17,101
4076,18,32,18,17,85
4077,16,16,18,17,67
4081,0,32,100,22,154
4082,0,15,100,22,137
4083,0,35,49,16,100
4084,34,18,32,22,106
4085,33,32,0,22,87
4087,0,32,0,22,54
4089,22,46,0,15,83
4090,0,46,0,15,61
4093,0,34,15,17,66
4094,0,19,15,17,51
4095,32,35,14,19,100
4096,0,17,0,16,33
4098,0,19,14,19,52
4100,34,18,0,16,68
4101,33,31,17,18,99
4103,0,31,17,18,66
4104,0,15,17,18,50
4105,35,31,19,15,100
4106,33,16,19,15,83
4107,31,34,19,15,99
4108,0,16,19,15,50
4109,34,34,16,18,102
4110,15,34,16,18,83
4111,0,34,16,18,68
4112,64,18,0,16,98
4114,18,33,0,16,67
4115,0,33,0,16,49
4116,18,35,15,18,86
4117,0,35,15,18,68
4119,33,31,34,18,116
4120,18,31,34,18,101
4121,0,31,34,18,83
4122,15,34,0,18,67
4123,0,34,0,18,52
4124,15,34,17,15,81
4127,0,32,50,18,100
4128,15,35,33,16,99
4129,0,35,33,16,84
4130,0,18,33,16,67
4131,0,33,0,16,49
4133,0,34,16,16,66
4135,0,32,50,19,101
4137,0,32,54,15,101
4138,85,31,19,18,153
4139,0,37,100,15,152
4140,19,32,16,15,82
4142,15,31,19,18,83
4144,15,37,15,15,82
4146,18,30,66,20,134
4147,79,17,120,16,232
4148,0,15,66,20,101
4149,33,33,120,16,202
4150,0,15,16,17,48
4152,17,35,49,18,119
4153,0,35,49,18,102
4154,0,15,49,18,82
4155,0,34,82,20,136
4158,18,34,66,19,137
4161,35,31,19,16,101
4162,20,31,19,16,86
4164,16,35,64,18,133
4165,0,35,64,18,117
4166,0,16,64,18,98
4168,16,32,34,19,101
4169,16,16,34,19,85
4170,16,34,19,15,84
4173,0,34,15,19,68
4175,100,33,0,16,149
4177,0,33,0,18,51
4178,0,18,0,18,36
4179,0,33,15,18,66
4180,0,15,15,18,48
4181,15,18,0,16,49
4182,18,35,147,19,219
4183,0,35,147,19,201
4186,19,35,99,15,168
4187,0,35,99,15,149
4188,0,19,99,15,133
4189,0,31,49,19,99
4190,15,34,15,19,83
4191,0,34,15,19,68
4193,49,19,16,15,99
4195,65,33,22,29,149
4196,0,19,16,15,50
4197,0,31,18,15,64
4198,33,15,22,29,99
4199,0,33,22,29,84
4201,0,22,10,19,51
4202,0,45,16,21,82
4203,19,16,16,21,72
4204,0,16,16,21,53
4206,21,31,34,16,102
4207,31,34,49,15,129
4208,18,34,49,15,116
4209,0,34,49,15,98
4212,0,17,16,15,48
4213,16,15,19,16,66
4214,15,35,18,15,83
4216,16,33,49,19,117
4217,0,33,49,19,101
4218,0,15,49,19,83
4220,18,34,16,15,83
4223,0,31,16,19,66
4225,0,35,15,19,69
4226,19,34,15,19,87
4227,0,34,15,19,68
4228,0,19,15,19,53
4229,0,34,49,15,98
4231,0,32,51,15,98
4232,33,15,19,15,82
4233,0,32,19,15,66
4234,15,34,19,15,83
4235,19,15,19,15,68
4236,15,34,16,18,83
4237,0,34,16,18,68
4238,15,34,16,15,80
4239,0,34,16,15,65
4242,15,36,31,19,101
4244,17,31,0,19,67
4245,0,31,0,19,50
4247,0,35,97,20,152
4248,16,34,16,15,81
4249,65,32,0,20,117
4250,50,32,0,20,102
4251,31,32,0,20,83
4253,19,13,0,20,52
4255,0,36,16,18,70
4257,34,33,15,18,100
4259,0,33,15,18,66
4260,18,33,0,16,67
4263,0,32,18,16,66
4264,0,16,18,16,50
4265,34,34,16,18,102
4266,16,34,16,18,84
4268,15,34,16,15,80
4269,0,34,16,15,65
4270,0,18,16,15,49
4271,0,31,19,15,65
4273,19,15,117,15,166
4276,33,19,15,18,85
4277,0,34,15,18,67
4279,0,33,31,19,83
4282,15,35,34,17,101
4283,0,35,34,17,86
4285,0,34,0,17,51
4286,0,18,0,17,35
4287,0,33,18,15,66
4288,0,16,18,15,49
4290,64,19,0,15,98
4291,34,34,0,15,83
4292,17,34,0,15,66
4293,67,33,17,15,132
4296,33,18,17,15,83
4297,15,18,17,15,65
4298,0,18,17,15,50
4300,0,15,16,19,50
4301,0,35,16,18,69
4302,19,34,81,19,153
4305,0,36,45,19,100
4309,34,33,15,18,100
4310,52,33,15,18,118
4312,0,16,15,18,49
4314,51,33,49,18,151
4315,0,33,165,19,217
4317,0,33,49,18,100
4319,34,33,16,18,101
4320,18,33,16,18,85
4321,15,18,16,18,67
4322,18,34,16,15,83
4324,18,31,19,16,84
4326,15,35,15,18,83
4328,0,16,15,18,49
4330,18,32,0,18,68
4331,32,33,33,19,117
4332,16,33,33,19,101
4334,15,21,12,19,67
4336,65,15,32,20,132
4337,0,36,17,15,68
4338,34,15,32,20,101
4340,0,15,32,20,67
4341,0,32,0,20,52
4343,20,16,0,16,52
4344,0,16,0,16,32
4346,16,32,68,16,132
4349,17,19,0,16,52
4350,0,19,0,16,35
4351,0,32,16,16,64
4352,0,16,16,16,48
4353,16,16,36,16,84
4354,0,16,36,16,68
4355,0,36,0,16,52
4356,0,19,0,16,35
4359,0,21,79,19,119
4360,31,15,103,17,166
4361,18,15,103,17,153
4363,33,35,17,18,103
4364,14,35,17,18,84
4365,0,35,17,18,70
4367,0,35,64,16,115
4368,0,18,64,16,98
4369,0,32,17,15,64
4371,17,15,49,18,99
4376,18,32,0,19,69
4377,16,16,0,19,51
4378,0,16,0,19,35
4379,0,34,19,15,68
4381,19,15,0,16,50
4385,0,34,33,19,86
4386,0,15,33,19,67
4387,0,33,53,15,101
4388,48,34,49,19,150
4389,0,34,19,15,68
4390,0,15,19,15,49
4392,15,34,15,19,83
4393,0,34,15,19,68
4394,33,19,15,19,86
4395,34,34,15,15,98
4396,19,34,15,15,83
4397,0,34,15,15,64
4398,19,30,20,15,84
4399,30,35,15,18,98
4402,15,33,18,15,81
4404,18,33,100,18,169
4406,0,15,100,18,133
4408,15,34,17,15,81
4409,0,34,17,15,66
4410,19,32,67,16,134
4411,0,32,67,16,115
4412,15,34,33,16,98
4414,16,33,35,15,99
4419,0,31,0,16,47
4421,0,35,99,16,150
4422,0,19,99,16,134
4423,15,18,15,19,67
4424,18,34,16,16,84
4425,34,32,0,16,82
4427,0,32,0,16,48
4428,16,33,16,18,83
4429,16,17,16,18,67
4431,0,34,31,20,85
4432,0,18,31,20,69
4433,0,31,270,15,316
4434,15,35,0,19,69
4436,15,35,16,15,81
4437,19,16,16,15,66
4438,0,16,16,15,47
4440,49,35,16,15,115
4441,0,34,16,19,69
4442,15,35,16,15,81
4444,19,31,19,15,84
4445,0,31,19,15,65
4446,0,15,19,15,49
4447,0,34,16,19,69
4449,0,35,0,15,50
4450,19,33,16,16,84
4451,0,33,16,16,65
4452,18,32,49,19,118
4454,34,15,183,19,251
4455,18,15,183,19,235
4456,0,15,183,19,217
4457,0,35,16,18,69
4459,34,31,18,16,99
4460,18,31,18,16,83
4461,31,34,49,19,133
4462,16,34,49,19,118
4464,0,16,49,19,84
4466,18,35,47,20,120
4468,0,19,47,20,86
4470,15,36,49,15,115
4471,0,36,49,15,100
4472,0,20,49,15,84
4473,0,30,19,15,64
4474,15,34,19,16,84
4476,50,34,83,16,183
4477,0,35,0,16,51
4478,16,34,83,16,149
4480,18,31,0,19,68
4482,16,35,17,16,84
4483,0,35,17,16,68
4484,0,16,17,16,49
4486,32,19,14,16,81
4489,0,30,19,15,64
4490,16,34,16,19,85
4491,19,15,16,19,69
4493,0,35,15,18,68
4494,0,19,15,18,52
4495,33,32,18,17,100
4496,18,32,18,17,85
4497,0,32,18,17,67
4499,0,35,84,15,134
4500,48,37,16,15,116
4501,0,31,18,19,68
4502,0,15,18,19,52
4503,0,37,16,15,68
4504,0,19,16,15,50
4506,0,15,51,15,81
4507,33,33,19,15,100
4508,0,17,83,16,116
4510,0,15,19,15,49
4511,0,34,16,16,66
4512,15,32,0,17,64
4514,16,33,20,17,86
4515,17,16,20,17,70
4516,16,37,16,16,85
4517,37,32,33,16,118
4518,17,32,33,16,98
4519,32,33,0,16,81
4521,0,33,0,16,49
4523,16,16,67,20,119
4526,15,34,0,20,69
4528,15,20,48,14,97
4530,0,48,34,16,98
4532,0,16,34,16,66
4533,0,34,0,16,50
4534,0,20,0,16,36
4536,0,17,15,18,50
4538,18,33,50,17,118
4539,33,34,16,17,100
4540,68,17,16,15,116
4541,0,34,16,17,67
4542,35,17,16,15,83
4543,0,33,16,15,64
4544,48,35,0,16,99
4545,31,35,0,16,82
4547,0,35,0,16,51
4548,0,16,0,16,32
4549,16,16,19,14,65
4550,0,16,19,14,49
4552,14,21,12,18,65
4555,18,16,152,15,201
4556,16,35,50,15,116
4557,0,35,50,15,100
4559,0,35,15,15,65
4560,0,19,15,15,49
4561,15,15,17,19,66
4565,0,31,0,19,50
4566,34,14,18,17,83
4569,0,35,16,18,69
4572,0,18,16,18,52
4573,0,34,48,15,97
4574,34,16,16,15,81
4576,0,16,16,15,47
4577,31,34,86,15,166
4579,0,34,86,15,135
4580,0,15,86,15,116
4581,0,36,17,14,67
4582,35,14,19,15,83
4583,0,31,19,15,65
4584,0,14,19,15,48
4585,0,34,16,16,66
4586,15,32,20,16,83
4587,0,32,20,16,68
4589,0,36,15,19,70
4590,0,16,15,19,50
4591,34,33,115,15,197
4592,19,33,115,15,182
4593,0,33,115,15,163
4594,18,31,0,19,68
4597,19,16,0,15,50
4600,0,19,51,14,84
4601,0,30,21,14,65
4602,15,35,17,16,83
4603,35,33,16,19,103
4606,16,35,14,18,83
4607,0,35,14,18,67
4608,0,19,14,18,51
4609,14,18,51,16,99
4611,0,32,19,16,67
4612,15,35,15,20,85
4613,0,35,15,20,70
4615,0,35,16,16,67
4617,32,35,48,15,130
4618,16,35,48,15,114
4619,0,35,48,15,98
4621,0,30,18,15,63
4622,14,33,19,15,81
4624,0,15,19,15,49
4627,0,35,49,19,103
4628,19,34,15,19,87
4629,0,34,15,19,68
4633,0,31,16,20,67
4634,15,36,47,16,114
4636,20,31,16,16,83
4637,0,31,16,16,63
4638,0,16,16,16,48
4639,0,32,50,19,101
4640,16,36,14,19,85
4641,0,36,14,19,69
4645,0,32,49,19,100
4646,32,16,16,19,83
4647,17,16,16,19,68
4649,0,35,17,16,68
4650,19,33,16,15,83
4652,16,31,17,20,84
4653,31,37,14,18,100
4655,0,37,14,18,69
4657,0,32,16,18,66
4658,0,18,16,18,52
4660,49,34,20,34,137
4661,31,34,20,34,119
4663,0,34,20,34,88
4664,35,34,13,15,97
4665,0,20,14,20,54
4667,20,47,15,18,100
4669,15,19,15,18,67
4670,0,19,15,18,52
4676,0,16,16,19,51
4677,50,16,84,18,168
4678,19,31,84,18,152
4679,65,35,15,18,133
4682,31,19,15,18,83
4683,0,35,15,18,68
4684,19,33,17,15,84
4685,33,32,16,18,99
4686,18,32,16,18,84
4687,32,34,68,16,150
4688,15,34,68,16,133
4689,0,34,68,16,118
4691,0,34,84,16,134
4694,0,19,66,17,102
4695,0,31,35,17,83
4697,19,16,0,17,52
4700,0,16,15,19,50
4701,0,34,97,19,150
4702,0,19,97,19,135
4705,0,36,15,15,66
4707,0,30,0,19,49
4708,15,36,49,16,116
4709,0,36,49,16,101
4710,17,33,82,19,151
4711,33,32,0,19,84
4712,19,32,0,19,70
4713,16,16,0,19,51
4715,19,16,15,19,69
4716,0,16,15,19,50
4717,0,34,16,15,65
4720,15,35,15,22,87
4721,0,35,15,22,72
4722,0,19,15,22,56
4723,37,27,0,17,81
4725,27,37,15,17,96
4727,0,37,15,17,69
4728,0,20,15,17,52
4729,0,32,16,15,63
4730,0,17,16,15,48
4731,0,31,0,20,51
4732,35,15,51,16,117
4733,20,15,51,16,102
4734,49,33,16,19,117
4736,16,33,16,19,84
4738,0,16,16,19,51
4739,35,30,19,15,99
4741,0,30,19,15,64
4742,49,35,82,18,184
4745,0,35,82,18,135
4746,19,32,17,18,86
4747,16,16,17,18,67
4748,0,16,17,18,51
4749,0,35,148,16,199
4750,18,33,16,18,85
4751,0,33,16,18,67
4752,52,31,101,15,199
4753,34,31,101,15,181
4755,31,34,67,15,147
4756,49,32,50,20,151
4757,0,34,67,15,116
4758,15,32,50,20,117
4759,0,32,50,20,102
4762,15,35,15,15,80
4763,0,35,15,15,65
4765,0,30,68,16,114
4766,15,34,16,18,83
4767,0,34,16,18,68
4768,15,34,82,19,150
4769,0,34,82,19,135
4770,18,32,20,15,85
4772,0,16,20,15,51
4773,0,35,15,19,69
4774,49,34,62,20,165
4775,0,34,96,20,150
4777,0,34,62,20,116
4778,18,33,17,12,80
4779,0,33,17,12,62
4781,0,29,20,17,66
4782,0,12,20,17,49
4783,0,37,15,18,70
4785,33,35,16,14,98
4787,0,35,16,14,65
4788,19,30,20,30,99
4792,0,49,16,16,81
4793,15,19,16,16,66
4795,32,34,50,15,131
4797,0,34,50,15,99
4798,15,34,16,15,80
4799,50,15,119,15,199
4800,0,19,16,15,50
4801,0,31,119,15,165
4802,15,35,16,18,84
4803,35,34,17,18,104
4806,18,35,132,16,201
4808,48,34,49,19,150
4809,0,30,53,15,98
4810,0,15,53,15,83
4811,34,34,15,19,102
4812,18,34,15,19,86
4813,0,34,15,19,68
4814,15,34,0,16,65
4819,0,34,49,19,102
4820,19,32,17,19,87
4821,0,32,17,19,68
4822,0,17,17,19,53
4825,0,17,13,19,49
4826,0,48,15,17,80
4827,19,16,15,17,67
4828,0,16,15,17,48
4831,53,14,151,16,234
4832,34,14,151,16,215
4833,0,33,151,16,200
4834,14,34,117,16,181
4835,0,34,117,16,167
4836,0,15,117,16,148
4837,33,31,19,19,102
4839,0,31,19,19,69
4840,13,38,15,16,82
4842,0,19,15,16,50
4843,0,31,16,19,66
4844,0,16,16,19,51
4845,0,35,100,16,151
4846,0,19,100,16,135
4847,66,34,48,19,167
4849,17,16,15,19,67
4851,15,19,48,19,101
4854,0,16,16,19,51
4855,16,19,16,15,66
4856,0,19,16,15,50
4857,0,31,0,16,47
4858,15,35,115,19,184
4859,0,35,115,19,169
4860,0,19,115,19,153
4861,16,18,16,14,64
4862,18,30,0,20,68
4863,16,14,0,20,50
4864,14,35,16,19,84
4865,0,35,16,19,70
4866,0,15,16,19,50
4870,0,15,101,18,134
4871,0,20,66,33,119
4872,33,14,34,18,99
4874,0,14,34,18,66
4875,0,19,83,15,117
4876,0,49,34,15,98
4877,18,16,34,15,83
4878,0,16,34,15,65
4880,35,16,18,15,84
4881,0,31,18,15,64
4887,15,15,19,15,64
4888,15,34,15,19,83
4889,0,34,15,19,68
4891,0,34,49,18,101
4893,67,30,0,20,117
4894,34,18,17,13,82
4895,0,32,17,13,62
4898,0,13,0,20,33
4901,0,35,33,16,84
4902,19,33,0,16,68
4903,0,33,0,16,49
4904,18,32,67,15,132
4905,0,32,67,15,114
4906,0,16,67,15,98
4907,33,34,0,15,82
4908,34,15,0,15,64
4909,34,31,52,15,132
4910,15,31,52,15,113
4911,15,16,52,15,98
4914,18,30,0,20,68
4915,0,30,0,20,50
4916,15,36,14,19,84
4917,0,36,14,19,69
4918,49,34,15,18,116
4920,19,34,15,18,86
4922,0,18,15,18,51
4924,0,18,15,19,52
4925,0,34,49,15,98
4926,19,33,16,15,83
4927,0,33,16,15,64
4928,17,31,20,29,97
4929,0,31,20,29,80
4930,15,20,14,15,64
4931,0,20,14,15,49
4933,15,17,70,16,118
4934,0,17,70,16,103
4935,0,36,34,16,86
4936,17,34,0,16,67
4937,0,34,0,16,50
4938,17,33,17,16,83
4942,0,16,64,17,97
4943,0,32,0,16,48
4944,16,32,0,17,65
4945,0,32,0,17,49
4946,33,17,35,16,101
4947,0,34,35,16,85
4948,0,17,35,16,68
4950,0,16,0,16,32
4952,0,16,0,16,32
4953,0,32,36,18,86
4954,0,16,36,18,70
4956,16,18,0,31,65
4957,18,47,33,20,118
4958,0,47,33,20,100
4959,15,16,33,20,84
4960,0,16,33,20,69
4961,18,15,0,20,53
4962,15,36,31,16,98
4963,0,36,31,16,83
4964,31,16,0,16,63
4965,15,16,0,16,47
4966,16,36,16,15,83
4968,51,35,15,15,116
4969,31,35,15,15,96
4970,15,35,15,15,80
4971,0,35,15,15,65
4972,16,30,19,15,80
4974,15,34,51,18,118
4978,0,20,15,18,53
4979,0,33,16,16,65
4980,0,18,16,16,50
4981,48,19,16,16,99
4982,16,35,16,16,83
4985,16,16,18,15,65
4986,34,15,17,15,81
4987,0,33,17,15,65
4988,0,15,17,15,47
4989,32,34,20,15,101
4991,34,35,16,15,100
4992,14,35,16,15,80
4995,0,31,51,19,101
4997,0,37,14,19,70
4999,0,33,47,18,98
5000,19,31,16,18,84
5003,16,18,16,19,69
5004,18,35,82,19,154
5006,19,30,52,19,120
5007,16,14,52,19,101
5008,14,37,148,15,214
5010,0,19,148,15,182
5013,0,32,82,15,129
5014,0,18,82,15,115
5015,16,21,45,15,97
5016,21,27,50,20,118
5019,33,37,47,18,135
5020,0,15,17,20,52
5021,17,20,47,18,102
5022,0,20,47,18,85
5023,0,31,16,18,65
5024,0,15,16,18,49
5026,0,18,17,15,50
5027,0,32,16,20,68
5028,0,15,16,20,51
5029,0,36,15,16,67
5030,0,20,15,16,51
5032,0,16,0,16,32
5033,0,35,0,15,50
5034,0,19,0,15,34
5035,0,34,33,16,83
5036,0,19,33,16,68
5037,0,33,0,16,49
5040,15,33,19,15,82
5042,15,34,18,17,84
5044,33,17,49,15,114
5045,0,35,49,15,99
5046,0,17,49,15,81
5047,0,31,18,15,64
5049,33,35,116,19,203
5050,0,15,20,15,50
5052,15,33,19,15,82
5053,0,33,19,15,67
5055,34,34,15,19,102
5057,0,34,15,19,68
5058,18,34,83,17,152
5060,19,31,169,15,234
5061,0,31,169,15,215
5062,0,15,169,15,199
5064,0,14,19,17,50
5065,0,36,16,15,67
5066,17,31,84,16,148
5067,0,31,84,16,131
5068,34,14,17,19,84
5070,14,36,15,16,81
5071,0,36,15,16,67
5072,19,31,119,15,184
5075,0,33,0,14,47
5076,16,33,53,15,117
5077,14,19,53,15,101
5078,0,19,53,15,87
5079,0,34,19,15,68
5080,0,15,19,15,49
5081,0,34,0,16,50
5083,16,16,52,15,99
5084,0,16,52,15,83
5085,67,33,35,16,151
5088,15,33,35,16,99
5090,0,16,35,16,67
5091,0,35,0,16,51
5092,32,16,18,16,82
5093,16,16,18,16,66
5094,34,16,0,16,66
5095,0,34,0,16,50
5096,0,16,0,16,32
5097,16,18,0,18,52
5098,0,18,0,18,36
5100,15,34,0,16,65
5101,16,18,0,16,50
5102,0,18,0,16,34
5103,0,32,20,31,83
5105,51,15,54,30,150
5108,15,34,0,20,69
5109,0,34,0,20,54
5110,0,15,0,20,35
5111,0,20,15,15,50
5113,0,34,80,19,133
5114,19,31,19,15,84
5116,0,16,19,15,50
5117,0,34,15,19,68
5118,49,34,50,15,148
5119,0,34,16,18,68
5124,0,15,19,15,49
5125,34,35,15,17,101
5126,0,15,0,16,31
5127,0,35,15,17,67
5129,0,32,0,16,48
5130,17,32,37,29,115
5133,0,37,0,29,66
5134,0,20,0,29,49
5135,29,35,0,18,82
5136,36,15,0,18,69
5137,35,33,0,16,84
5138,15,33,0,16,64
5139,18,15,0,16,49
5141,0,34,50,18,102
5142,53,33,31,17,134
5143,0,35,15,18,68
5144,19,33,31,17,100
5145,0,33,31,17,81
5146,0,18,31,17,66
5147,0,31,17,17,65
5148,15,34,16,17,82
5149,0,34,16,17,67
5150,0,17,16,17,50
5152,17,35,14,18,84
5154,0,19,14,18,51
5155,32,34,15,20,101
5156,18,34,15,20,87
5158,18,35,48,16,117
5161,0,32,16,16,64
5162,48,35,65,18,166
5164,16,35,65,18,134
5165,0,35,65,18,118
5166,19,31,19,15,84
5167,65,34,34,16,149
5168,0,15,19,15,49
5169,19,15,34,16,84
5170,15,34,34,16,99
5171,0,34,34,16,84
5172,0,16,34,16,66
5175,0,31,19,14,64
5176,0,15,19,14,48
5177,0,33,67,19,119
5179,34,33,51,18,136
5181,0,33,51,18,102
5182,15,36,49,16,116
5183,0,36,49,16,101
5184,50,32,0,19,101
5185,0,33,150,16,199
5187,32,35,15,19,101
5188,16,35,15,19,85
5189,0,35,15,19,69
5190,0,16,15,19,50
5191,0,34,81,19,134
5192,50,34,16,19,119
5193,0,31,50,19,100
5194,15,34,16,19,84
5196,16,35,31,16,98
5197,0,35,31,16,82
5198,66,19,15,19,119
5201,16,19,15,19,69
5202,0,19,15,19,53
5203,34,33,15,20,102
5204,19,33,15,20,87
5205,0,33,15,20,68
5206,18,35,47,15,115
5207,0,35,47,15,97
5208,20,31,16,15,82
5209,16,15,16,15,62
5210,0,15,16,15,46
5211,31,35,18,16,100
5213,0,35,18,16,69
5215,18,16,0,16,50
5216,16,34,49,15,114
5218,18,33,16,15,82
5219,0,33,16,15,64
5220,18,31,34,19,102
5222,15,34,85,15,149
5223,0,34,85,15,134
5225,0,34,18,15,67
5229,33,35,17,17,102
5231,35,34,80,17,166
5232,19,34,80,17,150
5233,0,34,80,17,131
5234,17,32,65,17,131
5235,0,32,65,17,114
5236,0,16,65,17,98
5238,32,17,0,17,66
5239,33,36,49,16,134
5240,53,32,17,16,118
5241,0,36,49,16,101
5243,17,15,17,16,65
5244,0,15,17,16,48
5247,0,33,19,15,67
5248,16,34,84,16,150
5249,0,34,84,16,134
5250,0,15,84,16,115
5252,16,35,17,16,84
5253,0,35,17,16,68
5256,0,16,16,19,51
5257,0,35,17,34,86
5258,19,17,50,14,100
5260,84,19,11,20,134
5261,19,50,19,31,119
5262,0,50,19,31,100
5265,0,19,11,20,50
5266,0,31,16,33,80
5267,20,49,66,15,150
5268,0,49,66,15,130
5269,0,33,66,15,114
5271,0,33,33,15,81
5272,19,33,84,16,152
5273,0,33,84,16,133
5274,50,33,51,16,150
5275,0,32,18,15,65
5276,17,33,51,16,117
5278,15,35,16,16,82
5279,35,32,49,19,135
5282,16,33,84,18,151
5283,0,33,84,18,135
5284,50,33,16,18,117
5286,19,33,16,18,86
5289,0,34,16,17,67
5290,0,18,16,17,51
5293,33,35,14,19,101
5294,16,35,14,19,84
5297,49,15,16,19,99
5298,0,19,47,19,85
5299,16,15,16,19,66
5300,0,15,16,19,50
5301,0,35,0,16,51
5302,19,32,16,18,85
5303,0,32,16,18,66
5305,0,34,0,16,50
5306,18,34,15,18,85
5307,0,34,15,18,67
5308,0,18,15,18,51
5310,18,31,19,14,82
5312,0,16,19,14,49
5313,0,33,34,15,82
5315,0,34,33,19,86
5316,15,33,53,15,116
5317,15,18,53,15,101
5318,0,18,53,15,86
5322,15,35,16,15,81
5323,0,35,16,15,66
5324,0,19,16,15,50
5325,0,31,16,19,66
5326,15,35,16,16,82
5327,0,35,16,16,67
5328,85,34,15,18,152
5329,0,32,166,19,217
5330,0,16,166,19,201
5333,0,34,15,18,67
5335,0,33,16,18,67
5336,0,18,16,18,52
5337,0,34,15,16,65
5338,18,31,50,19,118
5339,0,31,50,19,100
5340,16,34,16,19,85
5341,0,34,16,19,69
5342,0,15,16,19,50
5343,0,35,0,15,50
5346,0,19,0,16,35
5347,48,18,0,16,82
5348,0,16,16,18,50
5349,50,16,16,18,100
5350,18,32,16,18,84
5351,0,32,16,18,66
5353,0,34,16,15,65
5355,0,31,0,19,50
5357,0,35,0,18,53
5358,0,16,0,18,34
5359,0,34,15,18,67
5361,0,33,84,15,132
5362,0,18,84,15,117
5364,18,35,15,15,83
5366,0,19,15,15,49
5367,0,30,19,15,64
5368,0,15,19,15,49
5369,0,34,33,19,86
5371,0,21,12,19,52
5372,0,47,15,17,79
5374,16,32,16,18,82
5375,0,32,16,18,66
5378,18,35,15,16,84
5380,0,19,15,16,50
5382,0,16,16,18,50
5385,0,33,16,15,64
5387,0,31,18,18,67
5388,0,15,18,18,51
5389,0,36,49,18,103
5390,0,18,49,18,85
5393,15,18,16,18,67
5394,0,18,16,18,52
5395,0,34,83,15,132
5397,15,19,15,15,64
5400,0,15,83,19,117
5401,34,34,15,19,102
5402,49,34,16,16,115
5403,34,34,16,16,100
5406,0,19,16,16,51
5407,32,33,19,15,99
5408,16,33,19,15,83
5411,0,34,50,19,103
5412,49,35,15,15,114
5413,0,34,16,19,69
5415,0,35,15,15,65
5416,0,19,15,15,49
5417,0,30,34,19,83
5418,15,34,0,19,68
5419,34,35,53,28,150
5421,0,35,53,28,116
5422,0,16,53,28,97
5425,48,20,15,15,98
5426,28,20,15,15,78
5427,0,36,15,15,66
5428,0,20,15,15,50
5429,15,15,16,19,65
5431,0,35,50,18,103
5432,0,19,50,18,87
5433,0,31,37,16,84
5434,15,37,0,16,68
5435,37,30,17,16,100
5436,18,30,17,16,81
5438,47,33,20,16,116
5440,16,33,20,16,85
5442,16,36,16,15,83
5444,16,31,35,16,98
5447,0,35,202,16,253
5448,0,16,202,16,234
5449,16,17,18,17,68
5450,0,17,18,17,52
5451,18,17,99,16,150
5453,0,31,68,16,115
5454,15,33,183,19,250
5455,0,33,183,19,235
5456,65,19,49,15,148
5457,0,35,0,16,51
5458,18,35,49,15,117
5459,16,19,49,15,99
5460,83,34,15,19,151
5461,16,15,18,15,64
5462,48,34,15,19,116
5464,15,34,15,19,83
5465,18,16,15,19,68
5466,31,19,16,19,85
5467,15,19,16,19,69
5468,19,35,114,18,186
5469,0,35,114,18,167
5470,19,33,46,19,117
5473,30,35,53,18,136
5474,15,35,53,18,121
5476,90,30,82,18,220
5479,19,48,82,18,167
5480,18,30,82,18,148
5481,30,32,15,19,96
5482,18,32,15,19,84
5483,0,32,15,19,66
5486,53,31,19,15,118
5487,34,31,19,15,99
5488,18,31,19,15,83
5489,31,34,66,19,150
5490,15,34,66,19,134
5492,33,15,19,14,81
5493,0,33,19,14,66
5494,15,33,35,17,100
5495,19,14,35,17,85
5497,0,35,0,17,52
5498,0,16,0,17,33
5499,0,32,20,30,82
5500,0,15,20,30,65
5501,0,20,64,16,100
5502,30,19,15,16,80
5504,50,34,0,17,101
5505,0,31,19,15,65
5506,35,15,0,17,67
5508,15,33,19,15,82
5509,17,16,19,15,67
5512,15,35,15,18,83
5513,0,35,15,18,68
5516,18,30,19,18,85
5519,0,37,0,31,68
5521,16,15,0,16,47
5522,0,15,0,16,31
5523,0,33,18,15,66
5524,50,34,0,16,100
5525,0,33,16,18,67
5528,18,33,18,15,84
5531,33,35,47,19,134
5534,15,32,15,19,81
5537,0,34,0,18,52
5538,19,34,0,17,70
5539,0,34,0,17,51
5541,17,17,100,16,150
5543,0,34,16,16,66
5544,17,32,0,17,66
5545,32,34,31,17,114
5546,16,34,31,17,98
5547,65,34,35,16,150
5548,0,17,31,17,65
5549,0,31,0,17,48
5550,0,15,0,17,32
5551,53,16,47,19,135
5553,19,16,47,19,101
5554,16,32,15,19,82
5555,0,32,15,19,66
5556,31,19,49,19,118
5557,34,32,51,16,133
5558,19,32,51,16,118
5561,36,31,19,15,101
5563,31,34,67,15,147
5564,16,34,67,15,132
5565,34,35,0,15,84
5567,35,32,50,15,132
5568,20,32,50,15,117
5569,0,32,50,15,97
5571,0,34,16,15,65
5572,0,19,16,15,50
5573,16,15,19,15,65
5574,15,34,101,15,165
5577,101,32,0,19,152
5578,0,17,100,19,136
5580,0,18,34,15,67
5582,19,32,0,19,70
5584,17,34,16,18,85
5587,0,34,15,18,67
5588,83,33,50,18,184
5589,0,33,16,16,65
5590,0,18,16,16,50
5593,0,33,50,18,101
5594,15,35,15,18,83
5595,19,16,15,18,68
5599,35,30,0,19,84
5600,19,30,0,19,68
5601,0,30,0,19,49
5602,15,34,18,18,85
5604,33,18,16,15,82
5605,18,18,16,15,67
5608,50,33,64,19,166
5610,19,33,64,19,135
5611,33,34,30,19,116
5613,0,34,30,19,83
5614,48,35,49,19,151
5615,16,14,0,19,49
5618,16,33,50,18,117
5620,15,35,82,15,147
5621,0,35,82,15,132
5622,19,33,16,18,86
5623,15,18,16,18,67
5625,16,18,15,15,64
5626,0,18,15,15,48
5629,20,17,49,16,102
5630,0,17,49,16,82
5631,0,32,17,16,65
5632,16,33,0,16,65
5633,0,33,0,16,49
5635,0,35,50,15,100
5637,32,33,82,19,166
5638,0,18,18,15,51
5640,15,33,18,15,81
5641,0,33,18,15,66
5642,0,16,18,15,49
5643,33,35,50,15,133
5644,15,35,50,15,115
5645,35,37,13,15,100
5646,19,37,13,15,84
5648,21,28,35,16,100
5652,35,16,15,19,85
5653,0,32,15,19,66
5654,16,34,50,15,115
5655,0,34,50,15,99
5657,0,32,18,15,65
5658,15,33,19,15,82
5661,19,15,16,20,70
5663,0,36,16,17,69
5664,20,33,15,16,84
5665,0,33,15,16,64
5666,17,31,17,18,83
5667,0,31,17,18,66
5668,16,35,82,18,151
5669,0,35,82,18,135
5671,49,18,15,18,100
5672,0,18,15,18,51
5673,0,33,15,18,66
5675,0,33,15,18,66
5677,15,18,0,15,48
5678,18,34,65,15,132
5679,15,19,65,15,114
5680,0,19,65,15,99
5681,16,14,20,15,65
5682,49,34,15,18,116
5684,15,34,15,18,82
5686,0,19,15,18,52
5687,0,33,50,18,101
5689,34,34,117,14,199
5690,18,34,117,14,183
5691,16,18,117,14,165
5693,0,34,15,17,66
5695,0,32,0,16,48
5697,0,32,19,14,65
5698,0,16,19,14,49
5699,52,20,44,18,134
5700,14,39,44,18,115
5703,28,34,50,15,127
5704,15,34,50,15,114
5705,0,34,50,15,99
5706,18,32,18,15,83
5707,0,32,18,15,65
5708,0,16,18,15,49
5709,0,33,19,15,67
5710,15,34,19,14,82
5712,15,33,52,17,117
5713,52,15,18,17,102
5715,0,34,18,17,69
5716,0,15,18,17,50
5717,35,32,19,14,100
5719,16,16,19,14,65
5721,0,33,20,29,82
5722,14,20,14,15,63
5723,34,34,15,19,102
5724,0,48,15,19,82
5729,31,34,16,18,99
5731,0,34,16,18,68
5732,15,34,83,19,151
5733,34,33,16,18,101
5736,18,34,16,19,87
5737,0,34,16,19,69
5738,18,35,82,17,152
5739,16,19,82,17,134
5741,30,35,17,17,99
5742,15,35,17,17,84
5743,0,35,17,17,69
5744,18,34,82,16,150
5746,0,17,82,16,115
5748,0,17,49,16,82
5751,0,32,16,20,68
5752,16,36,16,15,83
5753,0,36,16,15,67
5755,0,31,52,13,96
5756,15,35,48,19,117
5757,0,35,48,19,102
5758,19,30,119,15,183
5759,0,30,119,15,164
5760,0,13,119,15,147
5763,0,30,19,17,66
5765,36,31,19,16,102
5766,0,17,50,16,83
5767,31,35,16,18,100
5768,15,35,16,18,84
5769,0,35,16,18,69
5770,0,16,16,18,50
5773,0,31,0,19,50
5774,15,35,50,15,115
5778,0,15,19,15,49
5783,0,34,15,16,65
5784,19,31,35,16,101
5785,15,16,35,16,82
5786,16,35,98,19,168
5787,16,19,98,19,152
5788,35,16,35,15,101
5789,16,16,35,15,82
5791,0,35,0,15,50
5792,20,31,50,16,117
5793,15,16,50,16,97
5794,0,16,50,16,82
5795,0,35,15,16,66
5796,0,16,15,16,47
5797,0,31,19,14,64
5798,0,16,19,14,49
5799,19,14,19,16,68
5800,14,35,82,19,150
5801,35,34,48,19,136
5802,16,34,48,19,117
5803,0,34,48,19,101
5804,18,32,16,19,85
5805,32,35,98,18,183
5806,16,35,98,18,167
5807,0,35,98,18,151
5808,19,33,15,18,85
5809,14,19,15,18,66
5811,15,18,32,18,83
5813,0,32,0,18,50
5816,0,15,40,28,83
5817,0,40,28,16,84
5818,21,28,16,16,81
5819,0,28,16,16,60
5820,15,32,34,19,100
5821,0,32,34,19,85
5823,0,34,0,19,53
5824,15,35,16,18,84
5826,0,16,16,18,50
5827,0,34,50,15,99
5828,18,30,20,15,83
5829,0,30,20,15,65
5830,15,35,49,18,117
5831,20,15,49,18,102
5832,15,32,17,18,82
5834,0,16,17,18,51
5835,17,18,0,18,53
5836,18,35,15,16,84
5840,51,30,20,16,117
5842,0,19,0,17,36
5843,0,30,20,16,66
5844,65,17,0,16,98
5845,0,36,33,16,85
5846,16,33,0,16,65
5848,0,17,0,16,33
5849,16,16,35,16,83
5850,0,16,35,16,67
5854,0,16,19,16,51
5856,16,31,53,15,115
5857,0,31,53,15,99
5858,0,15,53,15,83
5859,0,34,19,15,68
5860,49,34,17,15,115
5861,0,34,16,18,68
5862,31,18,17,15,81
5863,0,34,17,15,66
5864,18,32,0,19,69
5865,17,15,0,19,51
5866,15,34,15,20,84
5867,0,34,15,20,69
5868,0,15,15,20,50
5869,0,35,16,15,66
5870,51,33,20,15,119
5871,31,33,20,15,99
5872,15,33,20,15,83
5874,0,16,20,15,51
5875,0,35,0,17,52
5876,0,15,0,17,32
5877,0,35,15,16,66
5880,16,35,48,18,117
5881,16,19,48,18,101
5882,52,33,49,16,150
5883,0,33,15,18,66
5884,19,33,49,16,117
5885,0,33,49,16,98
5886,18,38,11,16,83
5888,32,16,0,20,68
5889,11,16,0,20,47
5890,16,20,0,33,69
5891,0,20,0,33,53
5892,33,50,17,32,132
5893,51,17,17,32,117
5894,33,17,17,32,99
5896,0,17,17,32,66
5897,0,17,13,19,49
5898,0,48,16,20,84
5899,19,16,16,20,71
5900,16,36,0,16,68
5901,36,16,0,30,82
5902,36,51,31,17,135
5903,32,35,31,17,115
5904,30,21,31,17,99
5905,14,21,31,17,83
5906,0,21,31,17,69
5907,0,31,49,19,99
5909,35,33,15,15,98
5910,0,18,14,19,51
5911,0,33,15,15,63
5912,34,15,0,20,69
5914,15,20,65,18,118
5918,15,36,64,19,134
5919,0,36,64,19,119
5920,0,18,64,19,101
5922,34,15,68,18,135
5923,0,30,68,18,116
5924,0,15,68,18,101
5926,0,49,18,32,99
5927,0,34,18,32,84
5928,34,47,0,25,106
5930,0,47,0,25,72
5931,16,15,0,25,56
5935,15,21,15,31,82
5936,21,15,0,31,67
5937,0,15,0,31,46
5938,0,50,16,34,100
5941,16,34,64,16,130
5942,34,50,30,16,130
5945,0,34,30,16,80
5946,18,30,0,16,64
5947,30,34,67,15,146
5948,50,35,0,17,102
5949,0,34,67,15,116
5951,15,20,0,17,52
5952,20,32,0,15,67
5953,17,15,0,15,47
5954,30,16,20,14,80
5956,0,16,20,14,50
5957,20,14,0,19,53
5959,19,16,18,19,72
5960,0,16,18,19,53
5961,52,50,14,19,135
5962,19,15,0,30,64
5963,0,15,0,30,45
5964,0,50,14,19,83
5967,0,33,0,14,47
5970,0,20,0,33,53
5971,0,33,33,30,96
5973,0,33,30,22,85
5974,0,18,30,22,70
5976,14,22,0,15,51
5978,0,47,31,18,96
5979,32,31,0,18,81
5980,16,31,0,18,65
5981,31,34,19,15,99
5982,0,16,0,18,34
5983,18,16,19,15,68
5985,19,15,0,15,49
5986,15,33,52,15,115
5987,0,33,52,15,100
5988,0,18,52,15,85
5989,16,16,35,17,84
5990,36,15,0,17,68
5992,15,32,19,15,81
5993,0,32,19,15,66
5994,0,15,19,15,49
5995,0,34,0,20,54
5996,0,15,0,20,35
5997,20,52,14,33,119
