序号,发送->接收,接收->转发,转发->接收,接收->处理,总计
1,0,38,0,17,55
2,0,15,0,17,32
3,0,33,49,18,100
5,0,33,16,18,67
6,0,17,16,18,51
7,16,18,16,17,67
9,0,33,51,16,100
11,0,34,17,16,67
12,18,33,50,17,118
13,0,33,50,17,100
14,16,33,50,17,116
15,0,33,50,17,100
16,33,17,33,16,99
17,17,17,33,16,83
18,17,33,16,18,84
19,0,33,16,18,67
22,0,18,49,16,83
23,0,33,16,16,65
24,0,17,16,16,49
25,32,34,83,16,165
26,16,34,83,16,149
27,69,32,49,17,167
30,18,32,49,17,116
33,82,18,15,18,133
34,16,34,49,18,117
35,17,17,49,18,101
37,0,34,15,18,67
39,0,33,82,18,133
40,18,33,49,18,118
43,33,34,16,17,100
44,31,18,16,17,82
45,0,34,16,17,67
46,0,18,16,17,51
47,0,33,17,17,67
49,34,33,149,17,233
51,0,33,149,17,199
52,17,34,17,16,84
53,99,33,17,17,166
54,18,33,82,17,150
56,16,32,0,18,66
58,35,15,17,17,84
60,0,15,17,17,49
61,0,34,18,15,67
62,17,33,0,18,68
63,0,33,0,18,51
64,0,15,0,18,33
65,0,34,17,17,68
67,34,32,85,15,166
68,49,35,65,17,166
69,0,32,85,15,132
70,14,35,65,17,131
71,0,35,65,17,117
72,49,33,0,17,99
73,32,33,0,17,82
75,0,33,0,17,50
76,15,34,17,17,83
77,17,17,17,17,68
79,34,33,33,16,116
81,0,33,33,16,82
82,0,18,33,16,67
83,0,33,50,18,101
84,17,34,49,17,117
88,18,32,83,17,150
89,0,32,83,17,132
90,17,33,17,18,85
92,16,35,15,17,83
93,0,35,15,17,67
94,18,32,50,16,116
96,17,34,16,16,83
97,0,34,16,16,66
98,18,32,18,15,83
100,16,33,18,17,84
101,18,15,18,17,68
102,33,17,150,15,215
103,0,35,150,15,200
104,17,32,17,17,83
105,82,17,13,20,132
106,0,16,17,17,50
108,17,33,13,20,83
109,0,33,13,20,66
111,0,33,51,17,101
112,20,33,18,17,88
113,33,35,17,16,101
114,15,35,17,16,83
115,35,33,17,16,101
116,17,33,17,16,83
117,33,33,16,17,99
118,16,33,16,17,82
120,0,16,16,17,49
122,17,34,83,17,151
124,16,33,50,17,116
125,0,33,50,17,100
126,0,16,50,17,83
128,0,15,117,17,149
129,17,17,50,17,101
130,17,33,17,17,84
131,0,33,17,17,67
132,16,34,16,17,83
134,17,33,17,17,84
135,33,34,49,17,133
136,0,17,17,17,51
138,50,33,116,17,216
140,0,17,49,16,82
142,17,32,17,18,84
143,0,32,17,18,67
144,51,33,50,17,151
146,18,33,50,17,118
148,0,18,50,17,85
149,16,17,17,17,67
151,0,34,18,15,67
152,0,17,18,15,50
153,0,33,16,18,67
154,15,34,0,15,64
157,0,32,84,17,133
158,0,17,84,17,118
159,34,33,17,17,101
160,17,33,17,17,84
161,0,33,17,17,67
162,16,34,16,17,83
163,0,34,16,17,67
164,17,33,0,18,68
165,16,17,0,18,51
166,0,17,0,18,35
168,82,33,50,17,182
169,0,33,17,17,67
170,16,34,83,17,150
171,100,34,16,17,167
172,17,33,50,17,117
173,0,33,50,17,100
174,17,33,50,17,117
175,33,34,16,17,100
177,17,17,16,17,67
178,50,33,16,18,117
180,17,33,16,18,84
181,0,33,16,18,67
182,17,34,16,17,84
183,0,34,16,17,67
184,51,33,83,17,184
185,33,33,83,17,166
188,0,15,83,17,115
189,0,34,0,17,51
192,17,32,17,17,83
193,15,17,17,17,66
195,0,34,16,18,68
196,17,34,15,17,83
197,0,34,15,17,66
198,18,32,0,16,66
199,0,32,0,16,48
200,0,17,0,16,33
203,34,34,82,17,167
204,17,34,82,17,150
205,0,34,82,17,133
206,17,32,20,14,83
207,0,32,20,14,66
208,16,34,16,17,83
209,20,14,16,17,67
210,47,33,18,15,113
212,17,33,18,15,83
213,66,34,49,18,167
215,0,33,151,16,200
216,15,34,49,18,116
217,34,33,135,16,218
218,16,33,135,16,200
220,16,34,84,17,151
221,16,18,84,17,135
225,17,16,18,17,68
226,16,35,16,17,84
228,0,17,16,17,50
229,0,33,0,17,50
230,0,17,0,17,34
231,0,32,17,17,66
232,0,15,17,17,49
233,17,17,34,16,84
234,17,34,83,17,151
236,17,33,117,17,184
237,16,17,117,17,167
238,0,17,117,17,151
239,33,34,83,16,166
240,17,34,83,16,150
242,0,17,83,16,116
243,33,34,16,16,99
245,17,17,16,16,66
246,17,32,17,18,84
248,16,35,15,17,83
249,0,35,15,17,67
250,0,18,15,17,50
252,17,33,17,17,84
253,0,33,17,17,67
258,15,36,15,17,83
259,36,32,16,17,101
260,19,32,16,17,84
261,0,32,16,17,65
262,17,33,17,17,84
265,0,34,16,18,68
266,17,34,49,17,117
267,0,34,49,17,100
268,134,17,17,15,183
269,66,34,16,17,133
270,16,34,17,17,84
271,34,34,16,17,101
272,17,34,16,17,84
274,17,33,17,15,82
275,33,32,17,16,98
276,17,32,17,16,82
277,17,15,17,16,65
279,0,33,17,16,66
281,0,33,17,17,67
283,68,34,16,16,134
284,17,34,151,15,217
287,0,34,16,16,66
288,17,32,17,18,84
289,0,32,17,18,67
290,16,35,15,17,83
292,18,32,18,15,83
293,0,32,18,15,65
294,17,33,18,16,84
297,34,33,17,16,100
298,16,33,17,16,82
299,0,33,17,16,66
300,17,33,83,17,150
301,17,16,83,17,133
302,0,16,83,17,116
304,15,33,17,17,82
307,34,34,17,17,102
309,0,34,17,17,68
311,0,34,49,17,100
312,17,32,17,17,83
313,15,17,17,17,66
314,117,34,17,16,184
315,17,17,17,17,68
316,83,34,17,16,150
317,0,34,83,16,133
318,49,34,17,16,116
319,0,32,51,16,99
321,0,34,17,16,67
322,17,33,33,17,100
324,16,33,84,16,149
325,0,33,84,16,133
327,0,35,49,16,100
329,0,31,85,17,133
330,16,34,18,15,83
332,16,33,18,17,84
334,15,35,16,17,83
335,0,35,16,17,68
336,17,33,16,17,83
337,16,17,16,17,66
338,0,17,16,17,50
339,0,33,17,17,67
341,34,33,49,17,133
342,17,33,49,17,116
343,0,33,49,17,99
345,83,17,15,18,133
346,33,17,49,18,117
347,0,33,49,18,100
348,0,17,49,18,84
350,0,17,15,18,50
351,0,33,16,17,66
353,0,33,50,16,99
354,17,33,17,16,83
355,0,33,17,16,66
356,16,33,117,17,183
357,0,33,117,17,167
360,0,17,82,17,116
361,17,15,17,17,66
362,15,34,84,16,149
365,33,33,18,16,100
367,0,33,18,16,67
369,18,16,17,17,68
370,16,34,50,16,116
371,0,34,50,16,100
373,0,32,18,16,66
375,0,34,16,17,67
377,0,33,17,17,67
378,0,17,17,17,51
379,17,17,17,15,66
380,17,32,18,18,85
381,0,32,18,18,68
384,18,31,83,17,149
386,15,33,18,17,83
389,18,17,50,15,100
390,17,32,84,16,149
391,0,32,84,16,132
392,17,33,18,16,84
393,0,33,18,16,67
394,0,15,18,16,49
395,0,34,17,16,67
396,16,33,17,17,83
397,17,16,17,17,67
399,66,34,17,17,134
400,17,32,17,17,83
401,0,32,17,17,66
402,15,34,17,17,83
403,0,34,17,17,68
404,0,17,17,17,51
406,17,34,15,17,83
407,0,34,15,17,66
408,17,32,18,17,84
409,32,35,49,16,132
410,17,35,49,16,117
413,0,33,100,15,148
414,18,32,17,16,83
415,0,32,17,16,65
416,0,16,17,16,49
417,0,33,18,17,68
419,35,33,49,16,133
420,32,18,49,16,115
421,0,33,49,16,98
424,17,32,117,18,184
425,0,32,117,18,167
426,16,34,17,16,83
427,0,34,17,16,67
428,34,16,118,16,184
429,17,16,118,16,167
430,16,35,15,18,84
431,0,35,15,18,68
432,18,33,16,16,83
434,34,16,18,16,84
435,0,32,18,16,66
436,0,16,18,16,50
437,34,34,199,17,284
438,16,34,199,17,266
439,34,32,17,17,100
440,17,32,17,17,83
442,50,33,117,17,217
443,0,34,50,18,102
444,17,33,117,17,184
445,50,18,0,16,84
447,17,18,0,16,51
448,18,31,85,17,151
449,16,15,85,17,133
450,0,15,85,17,117
451,0,34,84,17,135
452,17,34,17,17,85
453,0,34,17,17,68
454,0,17,17,17,51
458,17,33,16,16,82
459,0,33,16,16,65
460,32,16,17,18,83
461,16,16,17,18,67
463,17,18,17,15,67
464,0,18,17,15,50
465,17,15,51,17,100
466,0,15,51,17,83
467,68,33,83,18,202
468,18,33,82,18,151
469,16,17,82,18,133
472,17,33,84,18,152
473,0,33,84,18,135
474,32,18,50,18,118
475,34,34,16,18,102
476,34,18,16,18,86
478,0,18,16,18,52
481,0,31,18,17,66
483,0,35,15,17,67
485,15,17,116,17,165
486,0,17,116,17,150
487,0,34,82,17,133
488,17,33,49,17,116
489,33,33,51,16,133
490,16,33,51,16,116
491,0,33,51,16,100
492,0,17,51,16,84
493,16,17,52,15,100
494,17,34,18,15,84
495,67,34,50,17,168
496,16,33,51,16,116
498,15,34,50,17,116
499,34,33,34,17,118
500,18,33,34,17,102
501,17,16,34,17,84
502,16,34,0,17,67
503,0,34,0,17,51
504,49,35,16,15,115
505,17,15,17,18,67
507,0,35,16,15,66
508,18,31,0,18,67
509,0,31,0,18,49
511,18,16,51,17,102
514,34,17,16,15,82
515,17,17,16,15,65
517,0,31,18,16,65
518,0,15,18,16,49
524,0,18,15,17,50
525,0,32,85,16,133
526,17,34,16,17,84
527,19,15,16,17,67
529,16,17,18,16,67
530,17,34,16,16,83
531,0,34,16,16,66
533,0,32,18,16,66
534,16,34,18,20,88
535,34,38,0,13,85
536,16,38,0,13,67
537,0,38,0,13,51
538,20,30,16,16,82
540,0,17,16,16,49
541,65,35,16,17,133
542,16,33,51,17,117
544,15,35,16,17,83
545,0,35,16,17,68
546,50,33,17,15,115
547,33,33,17,15,98
549,16,17,17,15,65
551,0,32,19,15,66
552,49,34,16,16,115
554,15,34,16,16,81
556,16,32,17,18,83
557,0,32,17,18,67
559,0,35,17,17,69
560,0,18,17,17,52
561,0,34,49,17,100
562,17,31,18,17,83
563,0,31,18,17,66
566,17,32,51,16,116
567,32,34,17,16,99
568,16,34,17,16,83
570,0,17,17,16,50
571,17,16,84,17,134
572,16,33,84,17,150
573,0,33,84,17,134
575,34,34,49,18,135
576,17,34,49,18,118
577,0,34,49,18,101
578,50,34,16,16,116
579,0,33,50,16,99
580,17,34,16,16,83
581,66,34,18,15,133
583,0,32,18,16,66
584,0,16,18,16,50
586,16,33,17,17,83
588,0,15,17,17,49
589,17,17,15,18,67
592,0,18,17,16,51
593,0,33,50,17,100
594,16,33,17,17,83
595,0,33,17,17,67
597,34,35,47,19,135
598,17,35,47,19,118
599,0,35,47,19,101
600,18,32,15,19,84
601,47,19,13,20,99
602,0,17,15,19,51
603,15,19,13,20,67
604,19,33,115,18,185
606,20,32,17,16,85
607,0,32,17,16,65
608,0,16,17,16,49
609,17,16,50,18,101
613,0,35,16,17,68
615,33,32,17,17,99
616,0,17,15,17,49
617,32,34,17,17,100
618,51,34,16,17,118
621,0,34,16,17,67
624,17,33,18,17,85
625,0,33,18,17,68
626,35,17,48,18,118
627,0,35,48,18,101
628,48,35,16,16,115
629,0,31,17,18,66
630,16,35,16,16,83
631,35,32,117,18,202
633,32,34,17,17,100
634,16,34,17,17,84
637,34,33,150,17,234
638,17,33,150,17,217
640,0,17,150,17,184
641,0,34,16,16,66
643,0,32,50,17,99
644,49,34,17,17,117
645,101,32,50,16,199
648,17,34,16,16,83
650,17,32,50,16,115
651,0,32,50,16,98
654,0,17,16,16,49
655,32,35,15,19,101
656,85,33,16,17,151
657,0,35,15,19,69
659,0,34,17,16,67
660,19,33,16,17,85
661,0,33,16,17,66
662,0,16,16,17,49
663,33,32,51,17,133
664,17,32,51,17,117
666,0,15,51,17,83
667,0,34,17,17,68
668,0,17,17,17,51
669,34,34,48,17,133
670,0,17,116,17,150
671,0,34,48,17,99
672,17,33,15,17,82
673,82,17,17,17,133
674,17,32,85,15,149
675,0,32,85,15,132
676,17,34,17,17,85
677,0,34,17,17,68
678,51,32,17,16,116
679,34,32,17,16,99
680,34,15,17,16,82
681,32,33,17,17,99
684,0,16,17,17,50
685,0,34,50,17,101
686,0,17,50,17,84
687,0,33,17,17,67
688,49,32,52,17,150
694,251,33,18,16,318
695,99,35,50,15,199
696,17,33,17,15,82
697,33,32,17,18,100
698,0,17,17,15,49
700,15,35,50,15,115
701,0,35,50,15,100
703,0,31,19,15,65
704,0,15,19,15,49
705,101,34,50,17,202
706,15,34,17,16,82
707,0,34,17,16,67
711,0,34,50,17,101
712,83,32,151,17,283
713,0,33,117,17,167
714,16,34,17,15,82
715,0,34,17,15,66
716,0,17,17,15,49
717,100,33,17,16,166
718,415,33,18,15,481
720,16,34,115,17,182
721,232,34,17,15,298
722,17,33,17,16,83
723,232,32,51,17,332
725,0,33,17,17,67
726,16,34,15,17,82
728,17,32,52,14,115
729,0,32,52,14,98
730,0,17,52,14,83
731,0,33,19,14,66
732,16,33,18,16,83
733,0,33,18,16,67
736,0,16,17,15,48
737,32,36,15,17,100
738,0,15,51,17,83
740,16,32,17,16,81
743,101,32,17,18,168
744,16,33,19,16,84
745,0,33,19,16,68
747,35,32,17,18,102
748,16,32,17,18,83
749,0,32,17,18,67
750,51,33,150,18,252
751,0,35,16,17,68
752,251,33,18,16,318
753,0,33,150,18,201
754,17,32,19,16,84
755,0,32,19,16,67
756,15,35,50,15,115
758,48,33,84,17,182
759,0,32,51,18,101
760,17,33,84,17,151
762,15,36,48,17,116
763,36,32,51,16,135
764,18,32,51,16,117
765,32,33,18,16,99
767,16,17,18,16,67
771,0,33,16,17,66
772,17,33,17,17,84
773,234,33,17,15,299
774,0,17,17,17,51
775,34,34,15,17,100
776,17,34,15,17,83
777,34,32,16,17,99
778,32,17,16,17,82
779,0,32,16,17,65
780,118,33,17,15,183
781,0,33,18,17,68
782,234,16,84,18,352
783,434,33,0,17,484
785,33,33,17,15,98
786,116,34,51,17,218
787,0,33,17,15,65
788,0,17,17,15,49
790,99,16,84,18,217
791,0,33,17,17,67
792,16,34,51,17,118
793,0,34,51,17,102
794,0,17,51,17,85
795,51,17,49,18,135
797,102,32,17,16,167
798,50,34,15,17,116
799,33,34,15,17,99
801,0,34,15,17,66
802,0,18,15,17,50
804,0,17,17,16,50
805,33,34,0,15,82
806,16,34,0,15,65
809,0,33,0,17,50
810,0,18,0,17,35
811,0,33,18,17,68
812,51,33,15,17,116
813,35,33,15,17,100
815,33,32,17,17,99
816,17,32,17,17,83
817,0,32,17,17,66
818,17,34,17,17,85
819,0,34,17,17,68
820,117,33,17,15,182
822,49,34,0,16,99
823,0,32,17,17,66
824,17,34,0,16,67
825,0,34,0,16,50
826,17,33,17,15,82
828,0,17,17,15,49
829,0,32,51,17,100
831,0,36,49,16,101
832,0,18,49,16,83
833,0,32,17,16,65
834,17,33,51,17,118
835,0,33,51,17,101
836,16,34,50,17,117
837,34,34,16,17,101
838,34,17,16,17,84
839,100,33,16,18,167
842,17,33,16,17,83
844,82,34,82,18,216
847,34,34,82,18,168
848,84,33,17,18,152
849,99,35,16,17,167
850,0,17,82,18,117
851,0,32,17,16,65
852,16,33,17,18,84
853,33,35,16,17,101
855,35,33,15,17,100
856,0,18,16,17,51
857,0,33,15,17,65
858,17,32,17,17,83
859,0,32,17,17,66
860,17,34,34,15,100
862,17,34,15,17,83
863,0,34,15,17,66
864,18,32,17,16,83
866,0,17,17,16,50
867,83,17,18,16,134
868,83,34,0,16,133
869,169,31,50,18,268
871,32,34,0,16,82
872,0,17,18,16,51
875,0,32,52,15,99
876,0,16,52,15,83
877,0,36,81,18,135
879,0,31,50,18,99
881,0,36,14,18,68
882,19,32,49,16,116
883,0,32,49,16,97
886,18,32,18,17,85
889,0,35,50,18,103
890,17,34,50,16,117
893,0,34,16,16,66
894,50,33,17,16,116
895,0,32,17,16,65
897,0,33,17,16,66
901,34,34,16,17,101
902,51,33,82,18,184
903,0,34,16,17,67
904,17,33,82,18,150
906,84,33,15,17,149
907,0,32,17,18,67
908,0,17,17,18,52
911,82,18,17,15,132
912,33,17,17,18,85
913,32,35,17,15,99
914,34,18,17,15,84
915,0,35,17,15,67
917,0,32,18,16,66
918,49,33,17,17,116
919,0,34,18,15,67
920,16,33,17,17,83
922,0,15,17,17,49
924,17,32,50,17,116
925,0,32,50,17,99
926,17,34,50,16,117
928,0,18,50,16,84
929,0,33,17,16,66
930,0,17,17,16,50
931,0,33,17,17,67
935,0,34,17,15,66
936,17,32,0,18,67
937,0,32,0,18,50
938,33,15,19,16,83
939,0,33,19,16,68
942,16,34,15,17,82
943,0,34,15,17,66
946,17,33,16,18,84
948,15,34,0,17,66
949,34,32,0,18,84
950,18,32,0,18,68
951,199,34,16,16,265
953,0,35,16,16,67
954,33,16,50,19,118
956,16,35,15,19,85
957,35,34,97,18,184
958,16,34,97,18,165
960,19,31,18,16,84
962,48,32,36,19,135
963,0,34,16,16,66
964,16,32,36,19,103
965,0,32,36,19,87
967,0,36,84,17,137
969,0,35,15,17,67
970,0,16,15,17,48
975,33,35,48,16,132
976,0,16,17,18,51
977,99,35,48,18,200
978,0,18,48,16,82
979,0,33,31,18,82
982,16,35,48,18,117
983,35,33,15,18,101
986,32,18,33,18,101
987,0,33,33,18,84
988,34,17,0,18,69
989,0,33,0,18,51
991,0,34,51,18,103
993,199,34,51,17,301
995,0,36,16,14,66
997,0,30,18,21,69
999,185,17,15,17,234
1000,21,29,17,15,82
1001,0,29,17,15,61
1002,84,34,49,17,184
1003,0,32,18,16,66
1004,15,34,51,17,117
1005,350,17,118,15,500
1006,16,34,49,17,116
1007,0,34,49,17,100
1008,17,34,15,17,83
1009,101,33,15,17,166
1011,0,32,18,17,67
1012,17,35,15,18,85
1013,0,35,15,18,68
1014,50,32,84,17,183
1017,0,32,84,17,133
1018,50,35,16,17,118
1019,234,32,18,16,300
1020,33,18,16,17,84
1021,0,35,16,17,68
1025,32,33,17,17,99
1026,252,33,0,17,302
1030,0,17,51,15,83
1031,0,34,50,16,100
1033,0,32,18,16,66
1034,117,33,0,17,167
1035,0,34,68,15,117
1036,99,18,0,17,134
1038,50,33,0,17,100
1039,0,35,15,18,68
1040,19,33,0,17,69
1042,0,18,0,17,35
1044,0,16,51,15,82
1046,16,33,18,16,83
1047,33,34,15,18,100
1048,15,34,15,18,82
1051,334,33,84,16,467
1052,18,32,18,17,85
1054,34,17,16,16,83
1055,0,35,16,16,67
1056,0,17,16,16,49
1057,32,34,17,17,100
1058,0,16,20,14,50
1059,34,34,17,16,101
1060,48,33,51,16,148
1061,0,34,17,16,67
1062,50,34,17,16,117
1063,0,33,51,16,100
1065,0,34,17,16,67
1066,18,33,51,16,118
1067,33,34,48,17,132
1069,0,34,48,17,99
1070,17,33,84,16,150
1071,17,16,84,16,133
1072,16,32,0,17,65
1073,0,32,0,17,49
1074,34,17,49,19,119
1075,0,34,49,19,102
1076,0,17,49,19,85
1077,18,16,15,19,68
1081,0,31,50,19,100
1082,0,16,50,19,85
1083,0,33,102,17,152
1084,51,32,16,18,117
1086,19,32,16,18,85
1087,0,32,16,18,66
1088,0,17,16,18,51
1089,16,18,0,17,51
1090,18,33,17,17,85
1095,33,32,0,17,82
1096,0,16,32,17,65
1097,32,34,17,17,100
1098,34,17,17,17,85
1100,0,17,17,17,51
1101,17,17,17,16,67
1102,17,33,117,15,182
1103,0,33,117,15,165
1105,0,32,17,16,65
1106,0,15,17,16,48
1109,0,35,17,15,67
1111,32,36,49,16,133
1112,15,36,49,16,116
1113,68,33,51,15,167
1114,0,19,49,16,84
1117,0,33,51,15,99
1118,16,36,15,15,82
1119,51,15,17,16,99
1120,0,18,15,15,48
1121,97,33,83,19,232
1122,48,34,17,16,115
1124,83,33,50,19,185
1125,0,34,17,16,67
1126,49,33,50,19,151
1129,0,33,50,19,102
1131,0,35,15,19,69
1132,17,34,15,17,83
1133,0,34,15,17,66
1134,19,32,50,17,118
1135,0,32,50,17,99
1136,0,17,50,17,84
1137,0,34,16,17,67
1138,17,33,82,19,151
1140,51,31,17,19,118
1141,0,34,83,15,132
1143,31,36,16,15,98
1144,31,19,16,15,81
1147,31,35,50,17,133
1148,15,35,50,17,117
1150,0,17,50,17,84
1151,33,34,150,16,233
1155,0,33,17,14,64
1156,17,31,20,14,82
1159,34,35,17,16,102
1160,14,35,17,16,82
1161,0,35,17,16,68
1162,17,33,16,17,83
1163,33,33,16,17,99
1166,50,33,0,17,100
1167,0,33,16,17,66
1168,17,33,0,17,67
1169,0,33,0,17,50
1170,84,33,17,17,151
1172,0,17,16,17,50
1173,16,17,18,15,66
1175,0,33,17,17,67
1176,15,34,17,16,82
1177,0,34,17,16,67
1178,17,33,51,15,116
1180,16,31,20,15,82
1182,15,35,51,17,118
1183,0,35,51,17,103
1186,19,32,16,16,83
1188,17,32,17,18,84
1189,32,35,0,15,82
1192,18,32,17,17,84
1193,0,32,17,17,66
1194,0,17,17,17,51
1196,0,17,16,17,50
1197,33,34,15,17,99
1198,51,32,17,18,118
1199,0,34,15,17,66
1200,17,32,17,18,84
1202,17,35,15,18,85
1204,18,33,16,17,84
1206,18,33,116,17,184
1207,33,32,17,17,99
1210,16,34,17,18,85
1212,17,35,99,16,167
1213,101,33,49,17,200
1214,18,32,67,16,133
1216,0,17,67,16,100
1218,16,33,49,17,115
1219,283,17,67,17,384
1220,0,17,49,17,83
1221,0,32,17,17,66
1222,0,16,17,17,50
1224,34,17,16,16,83
1225,100,33,18,16,167
1226,0,17,16,16,49
1227,0,32,17,17,66
1228,50,33,18,16,117
1229,101,34,67,17,219
1230,17,33,18,16,84
1233,0,34,17,17,68
1234,16,34,67,17,134
1236,0,17,67,17,101
1237,0,33,34,17,84
1238,16,34,0,17,67
1239,34,32,18,17,101
1241,100,33,17,16,166
1243,0,35,15,18,68
1245,0,33,16,17,66
1246,18,33,17,16,84
1247,33,33,16,17,99
1249,33,33,16,17,99
1250,116,34,50,16,216
1251,0,33,16,17,66
1254,17,34,17,17,85
1255,0,34,17,17,68
1256,117,33,51,15,216
1258,17,33,17,16,83
1260,0,16,17,16,49
1261,516,17,51,16,600
1263,0,33,51,15,99
1264,17,32,19,15,83
1266,33,15,17,18,83
1267,0,34,17,18,69
1269,0,35,16,18,69
1270,0,18,16,18,52
1273,0,31,17,17,65
1274,17,34,53,13,117
1275,17,17,53,13,100
1276,17,33,50,17,117
1277,33,33,17,17,100
1278,36,13,17,17,83
1279,0,33,17,17,67
1280,0,13,17,17,47
1282,100,17,17,17,151
1283,0,35,48,17,100
1284,51,33,17,17,118
1286,17,33,17,17,84
1289,0,34,0,16,50
1293,0,34,17,16,67
1294,0,17,17,16,50
1295,100,33,17,16,166
1296,16,33,17,17,83
1297,0,33,17,17,67
1298,50,33,17,16,116
1299,0,34,0,16,50
1301,33,33,16,16,98
1303,0,33,16,16,65
1305,0,32,18,16,66
1307,0,34,16,17,67
1308,117,33,0,18,168
1310,52,33,15,18,118
1313,0,33,15,18,66
1314,17,33,0,18,68
1315,33,32,51,17,133
1316,18,32,51,17,118
1317,0,32,51,17,100
1321,0,33,17,17,67
1322,17,34,49,16,116
1323,0,34,49,16,99
1324,316,35,17,15,383
1325,32,33,18,16,99
1327,0,33,18,16,67
1328,16,34,18,15,83
1329,34,33,17,17,101
1331,0,33,17,17,67
1332,0,15,17,17,49
1333,0,34,50,16,100
1334,50,33,50,17,150
1335,185,15,149,19,368
1336,49,33,17,17,116
1337,33,33,17,17,100
1338,16,33,17,17,83
1339,0,33,17,17,67
1340,17,34,17,18,86
1343,84,15,17,17,133
1344,99,17,18,16,150
1345,81,17,18,16,132
1346,81,34,0,17,132
1348,100,15,17,19,151
1349,117,19,15,17,168
1350,35,16,0,17,68
1351,34,32,17,19,102
1352,0,16,0,17,33
1353,0,32,17,19,68
1356,19,32,17,16,84
1357,32,33,17,17,99
1358,17,33,17,17,84
1359,0,33,17,17,67
1360,0,16,17,17,50
1361,34,33,17,17,101
1363,0,33,17,17,67
1364,118,33,32,16,199
1365,0,34,0,15,49
1366,17,32,17,18,84
1369,35,33,32,16,116
1370,18,33,32,16,99
1371,0,33,32,16,81
1372,785,35,17,17,854
1373,0,32,84,16,132
1375,0,34,16,20,70
1376,0,18,16,20,54
1379,30,34,83,17,164
1380,16,34,83,17,150
1381,34,34,15,17,100
1382,17,34,15,17,83
1384,49,34,50,16,149
1385,0,32,51,16,99
1386,17,34,50,16,117
1387,0,34,50,16,100
1388,0,17,50,16,83
1389,0,33,50,17,100
1390,0,16,50,17,83
1391,569,32,51,16,668
1392,16,34,17,16,83
1394,50,33,17,17,117
1395,33,33,17,17,100
1396,16,33,17,17,83
1397,33,34,17,15,99
1398,0,16,17,17,50
1400,117,33,17,24,191
1402,33,17,51,15,116
1404,0,17,51,15,83
1405,17,16,18,15,66
1406,16,33,17,24,90
1407,33,41,30,14,118
1409,0,41,30,14,85
1413,14,18,17,15,64
1414,101,17,17,17,152
1416,0,15,85,17,117
1417,217,16,18,16,267
1419,0,35,17,17,69
1420,0,17,17,17,51
1422,0,17,48,16,81
1423,0,32,83,16,131
1425,16,16,51,16,99
1426,50,33,18,16,117
1427,0,34,51,16,101
1430,0,16,18,16,50
1431,0,34,17,17,68
1434,17,33,17,16,83
1435,33,33,84,17,167
1436,16,33,84,17,150
1437,0,33,84,17,134
1438,117,33,50,16,216
1439,400,35,49,16,500
1440,118,33,17,16,184
1441,0,34,17,17,68
1442,50,33,50,16,149
1443,0,34,49,17,100
1446,33,17,17,16,83
1447,33,33,85,15,166
1448,50,33,17,17,117
1449,0,33,85,15,133
1451,50,17,18,15,100
1453,34,33,0,18,85
1456,15,33,18,16,82
1457,0,33,18,16,67
1458,0,15,18,16,49
1459,0,34,68,15,117
1460,249,33,18,15,315
1461,50,18,49,16,133
1462,16,35,49,16,116
1463,17,18,49,16,100
1465,98,34,50,16,198
1466,34,16,51,16,117
1467,33,33,18,16,100
1469,233,33,18,17,301
1471,0,34,50,16,100
1472,16,33,17,16,82
1476,49,34,0,16,99
1477,0,33,0,19,52
1479,0,34,0,16,50
1480,31,17,17,16,81
1481,0,33,17,16,66
1482,250,34,84,15,383
1483,33,35,17,15,100
1484,16,35,17,15,83
1486,49,34,17,16,116
1487,0,32,82,20,134
1488,15,34,17,16,82
1491,232,35,50,16,333
1492,16,35,16,15,82
1494,20,31,17,17,85
1495,0,31,17,17,65
1496,49,33,17,17,116
1498,251,33,51,15,350
1500,50,32,18,17,117
1501,34,32,18,17,101
1502,49,35,50,16,150
1504,15,35,50,16,116
1505,35,32,18,16,101
1508,0,15,18,16,49
1509,0,34,18,16,68
1510,16,34,17,16,83
1511,34,33,51,15,133
1512,49,34,17,15,115
1513,33,34,17,15,99
1514,99,18,49,17,183
1515,0,34,17,15,66
1516,0,17,17,15,49
1518,0,15,17,18,50
1519,0,35,49,17,101
1520,34,16,51,16,117
1521,99,33,17,17,166
1522,0,16,51,16,83
1525,0,33,18,15,66
1526,16,33,17,17,83
1527,33,34,51,17,135
1528,0,15,17,17,49
1529,102,32,84,16,234
1531,0,34,17,17,68
1532,0,18,17,17,52
1533,17,17,81,17,132
1535,32,32,17,17,98
1536,17,32,17,17,83
1538,0,17,17,17,51
1540,35,16,82,17,150
1541,234,33,17,17,301
1542,0,16,82,17,115
1543,0,34,17,16,67
1544,117,33,149,17,316
1545,0,33,84,16,133
1546,16,32,18,17,83
1547,0,32,18,17,67
1548,0,17,18,17,52
1549,0,35,49,17,101
1550,50,33,50,17,150
1552,16,33,50,17,116
1553,33,33,17,17,100
1554,17,33,17,17,84
1556,17,34,49,17,117
1557,0,34,49,17,100
1558,116,34,49,18,217
1559,234,32,50,17,333
1560,15,34,50,17,116
1561,0,34,50,17,101
1562,0,17,50,17,84
1564,51,32,17,18,118
1565,34,32,17,18,101
1567,0,32,17,18,67
1569,35,34,0,17,86
1570,18,34,0,17,69
1573,0,32,50,17,99
1574,48,34,0,16,98
1575,17,16,100,17,150
1576,16,34,0,16,66
1577,0,34,0,16,50
1578,0,17,0,16,33
1580,0,17,20,30,67
1581,232,35,16,17,300
1583,17,17,16,17,67
1586,17,34,15,18,84
1587,34,33,83,17,167
1588,0,17,15,18,50
1589,0,33,83,17,133
1590,35,17,15,16,83
1591,0,34,15,16,65
1592,0,17,15,16,48
1593,31,35,16,17,99
1594,34,17,16,17,84
1595,35,33,17,17,102
1596,0,17,16,17,50
1598,0,17,17,17,51
1599,0,34,83,17,134
1600,0,17,83,17,117
1602,0,15,0,18,33
1604,0,17,16,17,50
1607,0,33,17,17,67
1608,17,34,16,17,84
1609,17,17,16,17,67
1610,17,33,49,17,116
1611,0,33,49,17,99
1614,83,34,16,17,150
1616,50,34,16,17,117
1619,0,34,16,17,67
1621,249,17,18,16,300
1623,33,34,17,16,100
1624,0,16,51,16,83
1625,0,34,17,16,67
1626,17,33,84,15,149
1627,17,16,84,15,132
1629,0,33,83,17,133
1630,0,17,83,17,117
1632,0,17,17,15,49
1633,0,32,34,18,84
1634,0,15,34,18,67
1635,34,34,17,17,102
1636,0,17,18,16,51
1641,0,32,0,18,50
1642,35,16,16,17,84
1643,100,34,17,17,168
1644,0,16,16,17,49
1645,16,17,16,17,66
1646,33,17,17,17,84
1647,101,32,17,17,167
1648,34,17,17,17,85
1651,0,34,17,15,66
1652,17,32,17,17,83
1653,32,34,0,18,84
1654,15,34,0,18,67
1655,0,34,0,18,52
1657,49,17,17,16,99
1658,48,33,18,15,114
1659,17,17,17,16,67
1660,17,33,18,15,83
1661,33,33,17,18,101
1662,49,35,16,16,116
1664,15,35,16,16,82
1665,0,35,16,16,67
1667,0,32,17,17,66
1668,16,34,18,16,84
1670,0,17,18,16,51
1671,0,34,15,18,67
1672,16,33,17,16,82
1674,18,33,184,15,250
1675,82,18,17,17,134
1676,50,33,17,17,117
1677,0,34,15,18,67
1679,15,18,17,17,67
1680,18,34,16,16,84
1681,34,32,17,16,99
1682,0,17,16,16,49
1683,32,33,18,15,98
1684,16,33,18,15,82
1685,0,33,18,15,66
1686,0,16,18,15,49
1689,0,35,16,18,69
1691,34,31,84,18,167
1693,0,31,84,18,133
1694,16,34,16,17,83
1695,34,33,17,18,102
1696,16,33,17,18,84
1697,0,33,17,18,68
1698,17,35,99,17,168
1700,18,32,17,17,84
1701,0,32,17,17,66
1702,0,17,17,17,51
1703,0,34,17,16,67
1705,0,33,17,17,67
1707,0,34,50,17,101
1708,0,17,50,17,84
1709,0,32,50,17,99
1710,17,35,15,17,84
1711,0,35,15,17,67
1712,49,34,18,15,116
1713,66,33,16,18,133
1714,0,17,17,17,51
1715,0,34,18,15,67
1716,17,33,16,18,84
1718,15,34,33,16,98
1721,33,34,116,17,200
1722,18,34,116,17,185
1724,0,18,116,17,151
1727,0,32,17,17,66
1728,16,34,17,17,84
1729,0,34,17,17,68
1731,0,34,49,17,100
1732,0,17,49,17,83
1733,0,36,13,17,66
1734,0,20,13,17,50
1735,30,33,51,16,130
1736,17,33,51,16,117
1737,0,33,51,16,100
1738,0,16,51,16,83
1739,33,34,83,17,167
1740,17,34,83,17,151
1741,0,34,83,17,134
1742,16,34,82,17,149
1743,0,34,82,17,133
1744,0,17,82,17,116
1746,49,33,17,17,116
1748,17,33,17,17,84
1749,0,33,17,17,67
1751,301,32,50,17,400
1752,0,17,17,17,51
1753,34,32,17,17,100
1754,49,34,17,15,115
1756,16,34,17,15,82
1757,0,34,17,15,66
1758,34,15,18,17,84
1759,0,32,18,17,67
1760,0,15,18,17,50
1761,0,35,15,18,68
1764,0,18,16,18,52
1765,0,34,15,18,67
1766,0,18,15,18,51
1767,0,33,16,16,65
1768,367,18,16,17,418
1770,16,34,51,15,116
1771,0,34,51,15,100
1772,50,33,18,15,116
1774,17,33,18,15,83
1776,99,17,50,16,182
1777,0,33,17,17,67
1778,0,15,17,17,49
1779,0,34,17,17,68
1780,17,34,50,16,117
1781,0,34,50,16,100
1782,0,17,50,16,83
1783,0,33,51,15,99
1785,0,33,18,15,66
1788,15,35,16,17,83
1789,0,35,16,17,68
1790,118,35,14,16,183
1791,33,33,50,19,135
1794,0,17,50,19,86
1795,17,17,16,19,69
1796,52,30,17,17,116
1797,35,30,17,17,99
1798,849,34,19,31,933
1799,0,30,17,17,64
1800,16,34,18,15,83
1803,0,33,17,16,66
1804,15,33,18,16,82
1805,0,33,18,16,67
1807,0,34,83,17,134
1808,16,33,16,17,82
1810,0,17,16,17,50
1811,0,33,17,17,67
1812,0,17,17,17,51
1813,0,34,17,17,68
1814,17,34,49,17,117
1817,0,34,48,17,99
1819,15,17,16,17,65
1821,0,33,18,16,67
1822,817,34,16,16,883
1823,34,34,49,19,136
1825,34,33,16,19,102
1826,50,35,82,15,182
1827,33,35,82,15,165
1828,17,35,82,15,149
1829,0,35,82,15,132
1833,0,33,17,15,65
1834,49,35,15,17,116
1835,17,15,16,19,67
1837,0,35,15,17,67
1839,99,33,86,31,249
1840,0,17,51,16,84
1842,50,33,86,31,200
1845,0,33,86,31,150
1846,0,17,86,31,134
1847,0,33,0,18,51
1848,34,16,19,31,100
1849,0,34,19,31,84
1850,0,16,19,31,66
1851,19,48,67,16,150
1852,31,17,67,16,131
1853,16,17,67,16,116
1854,0,17,67,16,100
1857,34,32,18,16,100
1858,32,16,18,16,82
1860,0,16,18,16,50
1861,18,16,34,15,83
1862,50,32,17,17,116
1863,0,34,0,15,49
1864,20,32,17,17,86
1866,0,17,17,17,51
1867,17,17,17,16,67
1868,17,33,50,16,116
1869,0,33,50,16,99
1870,16,34,16,16,82
1873,0,32,17,18,67
1874,102,17,47,18,184
1876,52,34,47,18,151
1877,0,34,48,16,98
1878,17,34,47,18,116
1879,0,34,47,18,99
1880,0,17,47,18,82
1881,30,35,17,17,99
1882,0,16,85,17,118
1883,0,35,17,17,69
1885,0,34,16,17,67
1886,17,33,50,17,117
1887,0,33,50,17,100
1888,17,32,18,17,84
1891,0,35,15,17,67
1893,0,32,18,14,64
1894,17,32,17,17,83
1897,0,34,18,16,68
1898,51,34,17,17,119
1899,0,34,17,17,68
1900,16,34,17,17,84
1901,34,34,15,18,101
1902,51,33,17,15,116
1903,0,34,15,18,67
1904,17,33,17,15,82
1905,0,33,17,15,65
1906,50,35,65,17,167
1907,0,32,18,17,67
1911,49,16,0,17,82
1912,183,32,16,17,248
1913,100,34,66,16,216
1914,16,35,15,17,83
1915,0,35,15,17,67
1916,50,34,66,16,166
1919,34,34,15,17,100
1922,17,32,16,17,82
1923,199,33,17,17,266
1924,17,33,17,17,84
1925,33,34,83,17,167
1926,101,17,16,17,151
1927,0,34,83,17,134
1928,0,17,83,17,117
1929,0,33,17,17,67
1930,50,33,50,17,150
1932,17,33,50,17,117
1935,0,33,17,17,67
1936,0,15,17,17,49
1939,33,33,17,16,99
1940,34,16,17,16,83
1942,0,16,17,16,49
1943,33,33,51,17,134
1944,16,33,51,17,117
1946,33,17,17,17,84
1947,0,34,17,17,68
1948,0,17,17,17,51
1951,0,33,83,17,133
1954,17,34,15,17,83
1955,17,17,15,17,66
1956,17,32,49,17,115
1957,32,34,51,14,131
1958,51,32,51,16,150
1959,0,34,51,14,99
1960,16,32,51,16,115
1961,15,17,51,16,99
1963,0,33,51,16,100
1964,0,14,51,16,81
1966,0,16,17,16,49
1967,0,33,17,17,67
1968,33,17,50,17,117
1969,0,34,50,17,101
1973,0,34,17,17,68
1976,32,18,83,17,150
1978,0,18,83,17,118
1979,0,33,16,17,66
1980,33,17,49,17,116
1982,0,17,49,17,83
1983,0,34,15,17,66
1984,17,32,101,18,168
1985,0,32,101,18,151
1987,0,34,51,16,101
1989,17,15,235,17,284
1991,19,16,86,29,150
1992,16,33,53,29,131
1993,86,46,85,16,233
1994,0,15,53,29,97
1995,17,17,19,29,82
2000,0,17,85,16,118
2001,34,34,17,16,101
2002,84,33,17,17,151
2003,34,33,118,15,200
2005,33,33,17,17,100
2006,33,16,17,17,83
2007,101,32,51,16,200
2008,16,34,17,17,84
2013,0,32,51,16,99
2014,15,34,17,16,82
2015,34,33,17,16,100
2016,17,33,17,16,83
2018,16,33,18,16,83
2019,0,33,18,16,67
2020,0,16,18,16,50
2021,0,34,0,17,51
2022,33,17,16,16,82
2023,0,34,16,16,66
2025,0,32,20,30,82
2026,0,16,20,30,66
2027,0,20,13,17,50
2028,148,32,16,19,215
2029,17,17,17,17,68
2030,0,17,17,17,51
2031,17,17,83,16,133
2032,17,33,17,17,84
2033,0,33,17,17,67
2034,17,34,16,16,83
2035,0,34,16,16,66
2037,32,35,0,16,83
2039,0,35,0,16,51
2041,31,34,33,18,116
2042,0,15,51,16,82
2043,0,34,33,18,85
2044,17,33,18,16,84
2045,0,33,18,16,67
2046,16,34,17,17,84
2047,34,34,15,18,101
2048,0,16,17,17,50
2049,34,33,83,17,167
2050,0,17,15,18,50
2052,0,18,83,17,118
2054,0,16,50,17,83
2055,17,16,51,15,99
2056,16,34,50,17,117
2057,34,32,18,17,101
2058,84,33,50,16,183
2059,0,32,18,17,67
2060,0,15,18,17,50
2061,86,15,17,16,134
2062,50,33,17,16,116
2063,0,33,50,16,99
2065,0,33,17,16,66
2066,32,16,17,16,81
2068,33,16,51,17,117
2069,101,33,17,17,168
2070,0,16,51,17,84
2072,51,33,17,17,118
2074,17,33,17,17,84
2077,0,34,15,17,66
2079,32,34,117,16,199
2080,17,34,117,16,184
2081,49,18,50,17,134
2082,17,33,50,17,117
2083,15,18,50,17,100
2085,32,35,17,16,100
2086,82,33,116,17,248
2087,35,33,16,17,101
2088,17,33,16,17,83
2089,0,33,16,17,66
2091,0,33,116,17,166
2092,17,34,17,16,84
2093,0,34,17,16,67
2095,99,33,0,18,150
2098,17,32,17,16,82
2099,0,32,17,16,65
2100,0,17,17,16,50
2101,0,33,0,18,51
2102,118,32,17,16,183
2103,51,17,17,17,102
2104,50,34,0,17,101
2106,83,33,16,16,148
2108,17,32,17,16,82
2109,32,33,16,16,97
2110,80,35,17,16,148
2111,0,33,16,16,65
2112,83,33,51,17,184
2113,0,32,18,17,67
2114,16,35,17,16,84
2115,0,35,17,16,68
2116,50,35,16,17,118
2119,0,35,16,17,68
2120,0,17,16,17,50
2121,100,32,50,16,198
2122,17,32,18,17,84
2124,16,35,82,16,149
2125,0,35,82,16,133
2126,17,32,50,16,115
2127,98,34,16,18,166
2128,15,34,16,16,81
2129,34,32,18,16,100
2130,49,34,16,18,117
2131,0,32,18,16,66
2132,117,33,51,17,218
2133,0,34,16,18,68
2134,16,34,16,17,83
2136,18,33,17,16,84
2137,33,33,51,17,134
2138,17,33,51,17,118
2139,0,33,51,17,101
2140,50,34,82,16,182
2141,0,34,83,17,134
2142,16,34,82,16,148
2144,0,17,82,16,115
2145,0,32,66,18,116
2146,51,32,18,16,117
2147,34,32,18,16,100
2148,17,32,18,16,83
2150,16,34,17,17,84
2151,0,34,17,17,68
2153,0,34,17,15,66
2155,82,17,17,18,134
2157,0,35,82,17,134
2158,17,32,17,18,84
2159,0,32,17,18,67
2160,0,17,17,18,52
2162,18,32,51,16,117
2165,84,17,17,15,133
2166,16,33,17,17,83
2169,0,34,17,15,66
2171,166,33,118,16,333
2172,83,33,84,15,215
2173,32,36,49,17,134
2174,15,36,49,17,117
2175,102,33,118,16,269
2178,17,33,51,15,116
2179,0,33,51,15,99
2180,50,33,17,16,116
2181,33,33,17,16,99
2182,83,34,18,16,151
2183,0,33,17,16,66
2185,33,34,18,16,101
2186,0,16,151,17,184
2187,0,34,18,16,68
2188,0,17,18,16,51
2189,18,16,0,15,49
2190,16,32,51,17,116
2191,50,16,117,17,200
2192,0,17,51,17,85
2195,83,17,17,17,134
2196,17,34,15,17,83
2198,17,32,17,17,83
2199,0,32,17,17,66
2201,0,34,50,17,101
2203,34,33,32,17,116
2205,0,33,32,17,82
2206,49,34,17,15,115
2207,0,32,83,17,132
2211,282,18,50,15,365
2212,15,34,51,16,116
2213,0,34,51,16,101
2214,34,17,17,16,84
2215,0,34,17,16,67
2216,0,17,17,16,50
2217,17,16,117,17,167
2218,16,33,16,17,82
2219,49,17,51,17,134
2221,16,17,51,17,101
2222,17,34,49,18,118
2223,0,34,49,18,101
2224,16,34,15,18,83
2225,0,34,15,18,67
2228,52,31,119,17,219
2229,0,34,16,15,65
2230,17,31,119,17,184
2233,35,34,16,17,102
2234,16,34,16,17,83
2236,0,19,16,17,52
2237,0,33,49,17,99
2238,17,34,15,17,83
2240,17,32,17,16,82
2241,99,33,50,17,199
2243,33,34,16,17,100
2245,0,34,16,17,67
2246,0,17,16,17,50
2247,33,34,84,16,167
2248,17,34,84,16,151
2249,0,34,84,16,134
2250,0,18,84,16,118
2251,16,17,17,15,65
2252,34,15,19,16,84
2253,0,32,19,16,67
2255,35,32,17,18,102
2256,0,16,17,15,48
2257,0,32,17,18,67
2259,35,33,17,17,102
2261,0,33,17,17,67
2265,32,37,14,15,98
2266,0,17,85,16,118
2268,20,29,19,16,84
2270,15,35,16,16,82
2273,32,32,20,16,100
2274,116,34,83,17,250
2275,100,34,83,17,234
2276,36,32,17,17,102
2277,16,16,15,17,64
2278,48,34,83,17,182
2279,82,17,17,16,132
2280,17,34,83,17,151
2281,34,33,17,16,100
2282,0,17,83,17,117
2283,33,33,17,17,100
2284,0,17,17,16,50
2285,0,33,17,17,67
2286,16,34,17,17,84
2287,34,34,16,16,100
2289,0,34,16,16,66
2290,49,34,17,16,116
2291,32,34,17,16,99
2292,16,34,17,16,83
2293,0,34,17,16,67
2294,17,33,16,17,83
2296,16,33,18,16,83
2298,17,34,15,18,84
2299,34,33,84,16,167
2300,16,33,84,16,149
2302,84,34,16,17,151
2303,33,33,84,18,168
2305,18,15,84,18,135
2306,0,15,84,18,117
2307,0,34,16,17,67
2308,16,33,17,18,84
2309,0,33,17,18,68
2311,0,35,16,17,68
2314,17,33,17,16,83
2315,166,34,17,15,232
2316,0,18,17,16,51
2317,33,33,18,16,100
2318,32,17,18,16,83
2319,0,33,18,16,67
2320,0,17,18,16,51
2321,301,32,51,15,399
2322,0,16,17,16,49
2323,0,33,17,17,67
2324,16,34,17,15,82
2325,101,33,14,19,167
2326,17,32,17,18,84
2327,32,35,83,17,167
2330,33,18,14,19,84
2331,0,33,14,19,66
2333,14,19,17,17,67
2335,99,35,48,18,200
2336,50,32,51,15,148
2337,0,33,17,15,65
2338,18,32,51,15,116
2340,0,15,51,15,81
2341,0,35,48,18,101
2342,0,18,48,18,84
2343,16,15,17,18,66
2344,32,18,49,17,116
2345,35,34,49,18,136
2347,0,34,49,18,101
2348,17,32,17,18,84
2349,0,32,17,18,67
2350,17,35,14,17,83
2353,31,34,17,17,99
2356,16,34,17,17,84
2357,0,34,17,17,68
2358,0,17,17,17,51
2360,200,16,18,16,250
2362,17,32,16,19,84
2364,17,35,15,19,86
2365,0,35,15,19,69
2366,34,19,83,16,152
2367,34,31,52,16,133
2368,318,34,16,15,383
2369,0,31,52,16,99
2371,0,34,18,16,68
2372,16,34,16,16,82
2373,34,32,17,16,99
2374,16,32,17,16,81
2375,0,32,17,16,65
2377,0,33,51,17,101
2378,16,34,17,17,84
2379,0,34,17,17,68
2381,34,33,17,17,101
2382,17,33,17,17,84
2383,117,15,18,17,167
2384,33,17,50,15,115
2385,99,35,16,16,166
2388,0,17,16,15,48
2389,98,33,50,18,199
2390,15,35,16,16,82
2391,0,35,16,16,67
2393,0,32,52,16,100
2394,49,35,15,18,117
2395,233,34,19,32,318
2397,0,35,15,18,68
2398,16,33,84,17,150
2399,33,33,51,17,134
2400,18,33,51,17,119
2401,0,33,51,17,101
2402,49,34,16,15,114
2403,235,32,17,17,301
2404,100,16,19,32,167
2405,0,34,16,15,65
2407,0,31,18,16,65
2408,15,34,19,32,100
2409,0,34,19,32,85
2410,0,16,19,32,67
2412,15,32,19,17,83
2414,100,17,17,15,149
2415,0,36,16,16,68
2416,49,34,17,15,115
2417,0,32,17,17,66
2418,583,32,18,15,648
2419,34,32,17,18,101
2420,0,17,17,15,49
2422,50,32,17,16,115
2425,32,33,69,32,166
2426,17,33,69,32,151
2427,0,33,69,32,134
2428,0,16,69,32,117
2429,0,34,14,21,69
2430,17,35,15,17,84
2431,0,35,15,17,67
2432,0,21,15,17,53
2434,17,33,33,18,101
2435,33,33,18,17,101
2439,0,35,16,16,67
2440,0,17,16,16,49
2441,0,32,17,15,64
2442,16,32,17,17,82
2444,15,34,18,17,84
2445,34,35,16,18,103
2446,17,35,16,18,86
2450,50,32,18,15,115
2451,0,32,17,15,64
2452,17,32,18,15,82
2453,32,33,18,17,100
2454,100,17,116,16,249
2456,15,35,0,17,67
2457,0,35,0,17,52
2458,17,34,116,16,183
2460,0,17,116,16,149
2461,0,33,83,16,132
2462,49,32,18,16,115
2463,0,33,17,15,65
2465,0,32,18,16,66
2469,0,32,18,16,66
2470,0,14,18,16,48
2473,0,35,17,17,69
2474,117,33,15,20,185
2477,0,31,19,16,66
2478,0,16,19,16,51
2479,35,33,15,20,103
2480,16,33,15,20,84
2481,99,33,152,14,298
2482,0,17,15,20,52
2483,35,31,118,15,199
2484,0,20,13,18,51
2485,0,31,118,15,164
2486,35,16,152,14,217
2487,33,35,17,14,99
2488,16,35,17,14,82
2489,100,34,50,18,202
2491,216,16,16,17,265
2492,33,15,17,17,82
2493,0,34,17,17,68
2495,0,34,50,18,102
2496,49,36,31,18,134
2497,0,32,18,18,68
2502,34,16,16,17,83
2503,0,34,16,17,67
2505,16,17,18,16,67
2508,116,33,18,16,183
2510,0,16,17,18,51
2511,35,33,17,16,101
2512,18,33,17,16,84
2514,50,34,133,17,234
2515,0,33,18,16,67
2516,16,34,133,17,200
2518,115,34,17,17,183
2519,32,34,17,16,99
2520,34,17,17,16,84
2523,101,32,17,15,165
2524,16,34,17,17,84
2525,34,34,82,18,168
2526,17,34,82,18,151
2527,98,36,32,17,183
2531,0,32,68,17,117
2532,15,36,32,17,100
2534,18,32,0,17,67
2536,0,17,0,17,34
2537,0,34,16,17,67
2538,0,17,16,17,50
2540,34,17,17,16,84
2541,82,18,50,16,166
2542,0,17,17,16,50
2543,33,33,50,16,132
2544,16,33,50,16,115
2547,0,34,16,16,66
2549,0,32,52,15,99
2550,49,34,17,17,117
2552,16,34,17,17,84
2553,0,34,17,17,68
2554,81,34,17,16,148
2555,0,34,17,15,66
2556,283,33,18,15,349
2557,0,32,132,20,184
2559,0,34,17,16,67
2560,16,33,17,17,83
2561,0,33,17,17,67
2562,16,34,20,31,101
2563,0,34,20,31,85
2564,17,20,11,20,68
2566,11,37,83,15,146
2567,37,34,14,17,102
2572,17,33,18,15,83
2573,0,33,18,15,66
2574,15,33,50,17,115
2575,0,33,50,17,100
2577,34,33,17,17,101
2578,518,32,50,17,617
2579,0,33,17,17,67
2581,0,34,84,16,134
2583,34,32,51,17,134
2584,235,14,51,15,315
2586,0,17,51,17,85
2587,18,16,83,17,134
2588,16,34,15,17,82
2590,100,17,49,16,182
2591,0,32,51,17,100
2592,17,34,17,17,85
2593,34,34,49,16,133
2594,17,34,49,16,116
2595,0,34,49,16,99
2596,35,14,51,15,115
2597,0,32,51,15,98
2600,34,15,19,16,84
2602,34,16,16,18,84
2603,0,35,16,18,69
2605,34,33,116,17,200
2606,0,18,15,18,51
2607,33,32,50,17,132
2608,18,32,50,17,117
2609,0,32,50,17,99
2611,19,17,14,17,67
2612,17,31,17,17,82
2614,34,17,17,16,84
2615,34,33,50,17,134
2617,0,33,50,17,100
2618,0,16,50,17,83
2620,50,32,19,15,116
2621,17,17,0,16,50
2624,35,15,17,17,84
2625,100,35,16,17,168
2626,0,15,17,17,49
2627,0,34,17,15,66
2629,0,32,51,17,100
2630,50,33,16,16,115
2631,100,34,16,17,167
2633,0,33,16,16,65
2634,99,17,117,17,250
2635,0,32,101,17,150
2636,50,33,117,17,217
2637,0,34,16,17,67
2638,17,33,117,17,184
2639,101,32,84,16,233
2642,0,17,17,17,51
2644,32,17,84,16,149
2645,49,17,17,17,100
2646,51,34,49,17,151
2648,17,34,49,17,117
2649,367,33,117,17,534
2650,0,17,49,17,83
2652,367,16,51,15,449
2653,0,34,17,17,68
2654,17,34,15,18,84
2655,0,34,15,18,67
2656,17,33,16,17,83
2657,0,33,16,17,66
2658,251,33,51,15,350
2660,50,35,16,15,116
2661,0,33,51,15,99
2662,116,34,16,17,183
2663,17,18,16,15,66
2664,18,31,17,17,83
2666,15,34,17,17,83
2667,0,34,17,17,68
2669,34,33,117,17,201
2670,0,17,16,17,50
2673,234,32,51,17,334
2674,0,16,51,15,82
2675,0,34,50,17,101
2676,0,17,50,17,84
2677,32,35,116,16,199
2680,32,18,51,16,117
2681,100,32,51,17,200
2682,18,34,17,16,85
2683,34,33,16,16,99
2685,0,33,16,16,65
2686,0,16,16,16,48
2687,0,32,51,17,100
2688,50,34,16,17,117
2691,17,17,16,17,67
2692,17,33,17,17,84
2693,33,34,15,19,101
2694,17,34,15,19,85
2696,17,34,0,15,66
2697,0,34,0,15,49
2698,34,18,16,15,83
2699,0,33,16,15,64
2700,49,34,117,17,217
2701,0,31,18,16,65
2702,33,16,117,17,183
2703,0,34,117,17,168
2704,0,16,117,17,150
2705,0,33,84,17,134
2706,49,33,50,17,149
2709,33,34,16,17,100
2710,16,34,16,17,83
2712,17,33,51,16,117
2713,0,33,51,16,100
2714,118,32,84,17,251
2715,0,34,17,16,67
2717,33,34,15,17,99
2718,0,16,49,17,82
2719,34,32,84,17,167
2720,18,32,84,17,151
2722,0,17,84,17,118
2724,17,33,17,17,84
2725,0,33,17,17,67
2727,34,32,17,17,100
2728,17,32,17,17,83
2730,0,16,17,17,50
2735,0,34,17,16,67
2737,0,33,51,17,101
2738,16,33,18,17,84
2739,0,33,18,17,68
2740,17,35,15,16,83
2742,17,31,118,17,183
2743,0,31,118,17,166
2744,16,35,51,14,116
2745,52,16,18,14,100
2747,17,16,18,14,65
2748,16,32,51,17,116
2750,14,35,16,17,82
2752,0,17,16,17,50
2753,100,34,48,18,200
2754,166,18,82,17,283
2755,0,34,50,17,101
2757,0,33,49,17,99
2758,17,34,48,18,117
2759,0,34,48,18,100
2760,17,32,16,18,83
2761,0,32,16,18,66
2763,0,34,82,17,133
2764,0,18,82,17,117
2766,17,34,83,17,151
2767,99,35,49,17,200
2771,0,33,50,17,100
2774,17,32,17,17,83
2775,32,34,17,17,100
2776,118,33,16,16,183
2777,0,34,17,17,68
2778,0,17,17,17,51
2779,0,34,16,17,67
2780,50,33,16,16,115
2781,0,33,49,16,98
2782,17,33,16,16,82
2783,49,16,18,16,99
2784,18,32,18,16,84
2785,16,16,18,16,66
2786,50,34,17,15,116
2787,34,34,17,15,100
2788,16,34,17,15,82
2789,100,34,66,17,217
2793,0,34,17,17,68
2794,34,17,66,17,134
2795,184,18,15,17,234
2797,83,17,17,16,133
2798,50,34,17,16,117
2799,17,16,0,17,50
2800,33,17,17,16,83
2802,50,35,15,17,117
2803,17,16,50,17,100
2804,16,35,15,17,83
2805,50,17,16,17,100
2806,0,18,15,17,50
2809,0,33,33,18,84
2810,0,17,33,18,68
2811,0,33,50,18,101
2812,100,16,84,15,215
2814,0,15,51,16,82
2815,35,32,84,15,166
2816,34,16,84,15,149
2817,0,32,84,15,131
2818,0,16,84,15,115
2821,84,16,18,16,134
2822,16,32,84,18,150
2823,17,15,84,18,134
2825,34,34,50,16,134
2827,0,34,50,16,100
2828,16,34,16,16,82
2831,0,32,52,14,98
2832,16,35,17,14,82
2833,35,31,17,17,100
2834,0,18,17,14,49
2836,0,14,17,17,48
2837,0,34,16,17,67
2838,17,33,51,16,117
2839,0,33,51,16,100
2841,33,34,17,19,103
2842,15,34,17,19,85
2843,34,36,15,17,102
2844,16,36,15,17,84
2845,0,36,15,17,68
2846,0,19,15,17,51
2847,0,32,15,17,64
2848,17,32,51,17,117
2849,32,34,17,17,100
2850,0,17,51,17,85
2851,0,34,17,17,68
2852,18,34,49,17,118
2853,17,17,49,17,100
2855,0,32,50,18,100
2856,17,34,16,18,85
2857,0,34,16,18,68
2859,0,34,49,17,100
2860,0,18,49,17,84
2862,16,33,16,16,81
2863,33,32,51,17,133
2865,32,35,16,17,100
2866,16,35,16,17,84
2867,51,17,17,17,102
2869,101,32,0,16,149
2870,51,34,15,17,117
2871,0,34,16,18,68
2873,166,33,51,17,267
2874,50,34,17,17,118
2876,33,18,17,17,85
2877,0,34,17,17,68
2878,0,18,17,17,52
2879,17,17,15,17,66
2880,98,18,17,17,150
2882,17,33,51,17,118
2883,0,33,51,17,101
2886,18,34,15,17,84
2887,17,17,15,17,66
2888,32,17,17,17,83
2890,51,33,51,16,151
2892,17,33,51,16,117
2896,0,17,50,16,83
2900,0,16,84,18,118
2901,0,34,17,16,67
2903,17,16,17,18,68
2904,16,35,16,16,83
2906,18,32,17,18,85
2907,0,32,17,18,67
2909,0,35,82,17,134
2910,49,34,17,17,117
2911,0,31,0,18,49
2912,16,34,17,17,84
2913,0,34,17,17,68
2914,0,16,17,17,50
2915,17,17,50,16,100
2917,101,32,16,17,166
2918,0,17,50,18,85
2920,16,35,32,16,99
2922,18,32,16,17,83
2923,0,32,16,17,65
2924,33,17,18,15,83
2925,100,34,32,18,184
2927,0,33,167,17,217
2928,0,15,167,17,199
2929,0,34,51,15,100
2930,17,34,32,18,101
2931,0,34,32,18,84
2932,35,15,0,18,68
2933,0,32,0,18,50
2934,33,15,51,17,116
2935,0,33,51,17,101
2936,0,15,51,17,83
2938,34,17,17,16,84
2941,0,33,17,17,67
2942,82,34,50,17,183
2943,34,32,17,17,100
2944,83,33,51,16,183
2946,15,34,50,17,116
2947,0,34,50,17,101
2948,33,17,51,16,117
2949,0,33,51,16,100
2952,17,33,49,19,118
2955,0,34,49,16,99
2957,34,31,51,17,133
2958,101,17,17,16,151
2959,31,34,17,17,99
2960,117,32,18,17,184
2961,0,34,17,17,68
2962,34,17,17,16,84
2963,0,34,17,16,67
2964,50,32,18,17,117
2965,33,32,18,17,100
2966,16,32,18,17,83
2968,50,32,17,17,116
2969,0,35,17,15,67
2972,32,17,50,17,116
2974,17,34,83,17,151
2975,34,33,17,17,101
2976,0,18,83,17,118
2977,0,33,17,17,67
2978,17,34,16,17,84
2980,0,17,16,17,50
2981,0,33,17,15,65
2982,17,32,135,16,200
2983,0,32,135,16,183
2984,50,33,0,17,100
2985,0,35,0,17,52
2987,33,33,17,17,100
2989,0,33,17,17,67
2990,84,32,16,18,150
2991,34,34,48,18,134
2994,0,18,48,18,84
2995,32,34,83,17,166
2996,17,34,83,17,151
2997,0,34,83,17,134
2998,51,33,17,17,118
3000,17,33,17,17,84
3001,0,33,17,17,67
3003,0,34,50,16,100
3006,34,16,20,31,101
3007,32,20,13,18,83
3009,0,20,13,18,51
3010,0,46,18,15,79
3011,18,15,18,15,66
3012,0,15,18,15,48
3014,0,15,17,17,49
3015,0,34,18,17,69
3016,17,35,15,17,84
3019,0,32,0,16,48
3020,17,34,49,17,117
3022,0,18,49,17,84
3023,17,15,17,17,66
3024,0,15,17,17,49
3026,17,33,50,16,116
3027,17,16,50,16,99
3028,0,16,50,16,82
3029,0,35,15,16,66
3031,0,31,18,17,66
3032,0,16,18,17,51
3033,18,17,82,18,135
3035,0,32,17,16,65
3036,50,35,16,19,120
3037,134,34,15,18,201
3038,16,35,16,19,86
3040,0,18,16,19,53
3041,0,35,48,17,100
3043,31,34,15,18,98
3044,17,34,15,18,84
3045,0,34,15,18,67
3047,66,32,17,18,133
3048,18,33,18,14,83
3050,0,16,18,14,48
3051,0,32,17,18,67
3052,182,34,16,17,249
3053,35,33,17,17,102
3054,33,18,17,17,85
3056,86,32,50,17,185
3058,0,17,16,18,51
3061,0,32,50,17,99
3062,17,34,16,17,84
3063,0,34,16,17,67
3064,17,33,16,18,84
3065,0,33,16,18,67
3066,17,34,15,17,83
3068,517,34,15,17,583
3071,34,33,16,16,99
3072,17,33,16,16,82
3073,0,33,16,16,65
3074,33,16,18,17,84
3075,32,35,17,16,100
3076,0,16,18,17,51
3078,17,33,51,16,117
3079,33,33,18,16,100
3082,16,34,17,17,84
3083,0,34,17,17,68
3084,0,16,17,17,50
3085,0,34,16,16,66
3086,17,32,18,17,84
3088,0,16,18,17,51
3089,100,35,49,17,201
3090,49,33,17,18,117
3093,0,33,17,18,68
3094,16,35,49,17,117
3095,667,45,57,17,786
3097,198,35,83,15,331
3098,33,17,15,17,82
3099,184,17,83,15,299
3100,49,33,17,18,117
3101,32,33,17,18,100
3103,33,35,83,15,166
3104,33,18,83,15,149
3105,0,35,83,15,133
3106,101,15,0,18,134
3107,32,35,83,15,165
3108,33,17,83,15,148
3109,102,31,18,17,168
3110,0,17,83,15,115
3111,0,31,0,18,49
3112,100,17,16,17,150
3113,102,33,49,18,202
3114,502,17,15,16,550
3116,0,15,18,17,50
3117,0,35,16,17,68
3118,33,17,49,18,117
3119,0,33,49,18,100
3121,49,18,0,16,83
3122,0,19,15,18,52
3123,15,18,0,16,49
3125,33,33,16,18,100
3126,0,17,17,16,50
3127,0,33,16,18,67
3128,16,34,16,17,83
3129,0,34,16,17,67
3130,18,33,17,16,84
3132,50,45,57,17,169
3133,33,45,57,17,152
3134,16,45,57,17,135
3136,0,28,57,17,102
3138,34,33,16,17,100
3139,51,50,15,16,132
3140,250,32,18,34,334
3142,99,17,67,34,217
3146,16,35,67,34,152
3147,0,35,67,34,136
3149,33,17,67,16,133
3150,34,51,16,16,117
3151,0,17,67,16,100
3152,51,32,18,34,135
3153,233,33,18,33,317
3155,0,32,18,34,84
3157,0,18,16,18,52
3158,0,34,48,17,99
3159,18,33,15,17,83
3161,250,18,17,32,317
3164,101,33,16,17,167
3165,33,33,18,33,117
3167,0,33,18,33,84
3168,17,18,49,17,101
3169,0,18,49,17,84
3170,15,18,16,17,66
3172,33,51,17,32,133
3175,116,19,15,17,167
3176,0,18,17,32,67
3177,17,49,49,17,132
3178,15,34,49,17,115
3180,0,17,49,17,83
3182,19,32,17,33,101
3183,0,32,17,33,82
3184,17,17,16,17,67
3185,117,17,99,17,250
3187,17,34,15,18,84
3188,0,34,15,18,67
3189,17,50,99,17,183
3192,0,17,99,17,133
3193,0,17,15,17,49
3196,35,32,16,18,101
3199,17,34,50,32,133
3201,35,16,67,32,150
3202,0,33,67,32,132
3203,0,16,67,32,115
3204,17,32,18,32,99
3206,50,34,17,16,117
3207,85,33,100,33,251
3208,16,34,17,16,83
3211,17,33,100,33,183
3212,33,50,65,18,166
3214,83,17,15,18,133
3216,17,33,17,33,100
3217,16,17,17,33,83
3218,49,18,16,17,100
3219,0,17,15,18,50
3220,15,18,16,17,66
3221,18,33,18,16,85
3222,0,33,18,16,67
3224,34,33,66,17,150
3225,16,33,66,17,132
3226,33,49,17,17,116
3227,184,51,15,16,266
3228,32,17,17,17,83
3229,84,49,84,16,233
3231,34,17,15,17,83
3232,183,18,17,32,250
3233,49,17,84,16,166
3234,0,49,84,16,149
3235,17,17,84,16,134
3236,0,17,84,16,117
3238,17,34,15,16,82
3239,0,34,15,16,65
3241,0,31,18,17,66
3242,51,32,67,14,164
3243,0,18,17,32,67
3244,116,34,32,18,200
3245,0,32,67,14,113
3247,0,18,17,32,67
3249,0,32,14,20,66
3250,17,34,32,18,101
3252,37,33,67,32,169
3256,99,19,14,17,149
3258,0,18,32,17,67
3259,17,51,14,17,99
3262,0,19,14,17,50
3263,31,17,51,16,115
3265,0,17,51,16,84
3267,0,17,17,16,50
3269,16,34,65,17,132
3270,0,34,65,17,116
3271,18,49,52,15,134
3272,49,33,19,15,116
3273,17,17,52,15,101
3274,84,17,16,34,151
3275,16,17,19,15,67
3277,101,17,15,18,151
3278,0,32,16,34,82
3279,0,17,16,34,67
3280,0,50,17,33,100
3281,17,17,17,33,84
3282,34,33,15,15,97
3283,50,51,31,17,149
3284,15,18,15,15,63
3286,30,21,31,17,99
3287,15,21,31,17,84
3288,0,21,31,17,69
3289,0,15,134,16,165
3290,0,51,49,16,116
3291,17,18,49,16,100
3293,0,34,15,16,65
3294,19,31,18,16,84
3295,0,31,18,16,65
3296,99,19,16,17,151
3297,0,18,100,17,135
3298,0,34,15,16,65
3299,0,18,15,16,49
3300,0,50,16,17,83
3301,100,18,17,31,166
3304,0,49,35,31,115
3306,35,48,18,16,117
3307,0,18,17,31,66
3309,0,31,18,16,65
3310,50,18,17,16,101
3311,0,34,18,17,69
3312,34,33,15,17,99
3314,33,51,98,17,199
3315,0,16,15,17,48
3316,32,19,98,17,166
3317,17,19,98,17,151
3318,0,19,98,17,134
3319,15,16,67,17,115
3321,35,32,33,18,118
3322,18,32,33,18,101
3324,21,17,16,18,72
3326,0,34,15,18,67
3327,18,33,17,17,85
3328,0,33,17,17,67
3330,34,49,52,32,167
3331,17,49,52,32,150
3332,499,17,17,17,550
3333,0,32,52,32,116
3334,50,19,15,17,101
3335,0,33,34,17,84
3336,50,17,15,18,100
3342,0,49,51,33,133
3343,83,33,67,17,200
3344,17,34,17,33,101
3345,0,34,17,33,84
3346,34,33,67,17,151
3348,0,33,67,17,117
3349,35,32,83,17,167
3350,0,50,83,17,150
3352,34,50,16,17,117
3353,34,33,16,17,100
3354,17,33,16,17,83
3355,0,33,16,17,66
3356,51,17,67,17,152
3357,617,49,17,18,701
3358,17,17,67,17,118
3360,16,34,17,17,84
3362,34,49,18,32,133
3364,0,49,18,32,99
3366,17,18,150,35,220
3367,0,18,150,35,203
3368,32,17,17,16,82
3369,117,52,14,17,200
3370,0,17,17,16,50
3371,33,34,83,17,167
3372,16,34,83,17,150
3373,0,34,83,17,134
3374,51,35,14,17,117
3376,17,35,14,17,83
3377,483,49,33,18,583
3378,20,31,0,16,67
3379,0,31,0,16,47
3381,49,17,83,17,166
3383,34,18,17,32,101
3384,17,18,17,32,84
3385,100,33,18,33,184
3386,0,49,16,17,82
3387,0,32,16,17,65
3388,50,33,18,33,134
3393,51,16,17,18,102
3396,0,16,17,18,51
3397,17,18,49,17,101
3398,101,33,67,33,234
3399,0,32,17,17,66
3400,101,49,33,18,201
3401,34,17,15,18,84
3402,17,17,15,18,67
3403,50,49,33,18,150
3404,33,49,33,18,133
3406,49,18,15,18,100
3407,32,18,15,18,83
3408,35,33,16,17,101
3409,51,49,17,17,134
3410,15,18,16,17,66
3411,18,49,17,17,101
3413,17,16,17,17,67
3415,17,17,16,18,68
3417,0,34,15,17,66
3419,0,32,17,17,66
3420,17,34,17,33,101
3421,34,17,15,18,84
3422,117,17,16,16,166
3423,0,17,15,18,50
3424,15,34,16,18,83
3425,117,17,17,17,168
3427,117,17,17,18,169
3428,18,17,16,16,67
3430,16,33,17,17,83
3431,50,17,17,18,102
3432,0,17,17,17,51
3434,17,17,18,15,67
3435,0,17,18,15,50
3436,100,33,17,32,182
3438,0,49,18,33,100
3439,16,16,18,33,83
3441,51,49,18,16,134
3442,0,33,17,32,82
3443,17,49,18,16,100
3444,0,49,18,16,83
3445,16,16,18,16,66
3447,0,18,16,17,51
3448,16,17,17,32,82
3450,0,49,0,17,66
3451,32,35,50,33,150
3452,16,35,50,33,134
3453,0,35,50,33,118
3454,0,18,50,33,101
3455,16,17,17,33,83
3456,17,17,15,18,67
3458,98,18,65,18,199
3459,18,34,15,16,83
3460,0,34,15,16,65
3461,0,18,15,16,49
3462,0,49,65,18,132
3463,16,18,65,18,117
3464,0,18,65,18,101
3465,16,17,166,17,216
3466,17,17,15,18,67
3467,84,50,100,17,251
3468,15,18,49,17,99
3469,18,34,15,17,84
3470,0,34,15,17,66
3473,17,18,100,17,152
3474,0,18,100,17,135
3475,49,17,17,17,100
3477,51,34,16,17,118
3478,0,17,17,17,51
3479,17,34,16,17,84
3480,100,50,33,34,217
3484,0,33,16,17,66
3485,85,50,15,18,168
3489,17,50,15,18,100
3490,0,50,15,18,83
3491,0,34,15,18,67
3492,18,33,100,34,185
3493,0,33,100,34,167
3494,18,17,16,16,67
3495,49,17,18,16,100
3496,32,17,18,16,83
3498,0,17,18,16,51
3500,16,34,82,17,149
3502,18,17,0,32,67
3505,50,17,66,18,151
3506,0,16,17,17,50
3508,52,31,35,16,134
3509,0,17,49,18,84
3510,18,31,35,16,100
3511,14,17,35,16,82
3513,0,18,84,32,134
3515,0,16,17,16,49
3520,17,33,17,17,84
3524,17,33,49,17,116
3527,16,18,66,17,117
3529,0,32,18,33,83
3530,17,18,16,17,68
3532,33,17,117,17,184
3533,17,17,117,17,168
3534,0,17,117,17,151
3537,18,33,51,33,135
3538,0,33,51,33,117
3541,16,50,15,17,98
3542,0,50,15,17,82
3543,33,32,17,17,99
3545,265,34,33,17,349
3546,51,17,50,17,135
3547,0,17,50,17,84
3550,0,33,17,17,67
3551,17,34,15,19,85
3553,17,34,64,17,132
3554,34,48,16,17,115
3555,19,48,16,17,100
3556,0,48,16,17,81
3557,16,17,16,17,66
3558,50,34,33,17,134
3559,16,17,17,17,67
3560,34,17,33,17,101
3561,0,34,33,17,84
3563,0,17,16,17,50
3564,99,18,16,17,150
3565,51,50,16,17,134
3566,0,17,17,32,66
3567,17,50,16,17,100
3568,15,35,16,17,83
3569,17,18,16,17,68
3570,51,33,17,33,134
3571,16,17,16,17,66
3572,17,33,17,33,100
3573,103,15,18,16,152
3574,17,50,20,15,102
3575,0,50,20,15,85
3576,33,4,16,15,68
3577,0,4,16,15,35
3578,16,15,18,16,65
3579,15,34,17,17,83
3582,0,34,17,17,68
3583,17,34,15,18,84
3584,0,34,15,18,67
3586,166,34,15,17,232
3587,18,33,82,18,151
3588,0,33,82,18,133
3589,18,34,16,17,85
3590,0,34,16,17,67
3594,0,33,17,17,67
3595,35,17,15,17,84
3596,0,34,15,17,66
3597,0,17,15,17,49
3598,0,32,17,15,64
3599,34,15,52,17,118
3600,32,35,84,17,168
3601,0,15,52,17,84
3602,0,35,84,17,136
3603,17,34,50,17,118
3607,15,35,16,18,84
3608,0,35,16,18,69
3609,33,18,48,17,116
3610,0,34,48,17,99
3612,0,31,17,17,65
3613,17,34,49,17,117
3615,184,34,82,17,317
3619,35,17,15,18,85
3620,0,35,15,18,68
3621,0,17,15,18,50
3622,199,50,34,16,299
3624,33,34,82,17,166
3625,18,34,82,17,151
3627,50,33,118,16,217
3629,17,33,118,16,184
3630,0,33,118,16,167
3632,34,50,34,16,134
3633,17,50,34,16,117
3635,10,20,34,16,80
3636,54,16,17,16,103
3637,50,33,17,17,117
3638,17,16,17,16,66
3640,0,33,17,17,67
3641,0,16,17,17,50
3643,117,33,50,17,217
3644,0,32,17,17,66
3645,34,17,18,16,85
3647,0,17,18,16,51
3649,16,33,50,17,116
3650,0,33,50,17,100
3651,0,17,50,17,84
3652,34,33,16,17,100
3655,17,33,16,17,83
3657,0,17,16,17,50
3658,0,33,17,17,67
3660,0,34,83,17,134
3661,17,33,17,16,83
3663,83,32,51,17,183
3664,0,33,17,17,67
3665,16,34,83,17,150
3666,0,34,83,17,134
3667,0,17,83,17,117
3668,0,32,51,17,100
3669,12,35,50,16,113
3670,0,35,50,16,101
3671,0,17,50,16,83
3672,0,33,67,16,116
3676,0,34,16,17,67
3678,0,33,82,17,132
3679,0,17,82,17,116
3680,0,32,118,17,167
3681,32,16,17,17,82
3682,0,33,17,17,67
3683,16,34,83,18,151
3684,0,34,83,18,135
3686,51,17,15,18,101
3688,17,17,15,18,67
3689,17,33,50,17,117
3690,33,32,18,17,100
3691,18,32,18,17,85
3692,32,35,16,16,99
3693,0,15,18,17,50
3696,0,32,17,18,67
3701,17,50,17,17,101
3702,0,50,17,17,84
3703,49,33,17,16,115
3704,19,17,17,16,69
3705,34,16,17,16,83
3707,0,16,17,16,49
3708,83,17,51,17,168
3713,0,17,51,17,85
3714,0,34,17,17,68
3715,0,17,17,17,51
3716,34,32,51,17,134
3717,0,17,15,17,49
3718,265,33,84,17,399
3722,35,32,18,16,101
3723,32,17,18,16,83
3724,0,32,18,16,66
3726,34,32,17,17,100
3727,16,32,17,17,82
3729,0,14,17,17,48
3731,17,33,18,15,83
3733,48,35,16,17,116
3735,15,35,16,17,83
3737,51,33,117,16,217
3739,17,33,117,16,183
3740,0,33,117,16,166
3742,34,32,18,15,99
3743,18,32,18,15,83
3744,0,32,18,15,65
3745,0,17,18,15,50
3746,33,34,83,18,168
3749,16,33,17,18,84
3752,0,35,15,18,68
3756,0,33,17,17,67
3758,0,34,15,17,66
3759,17,32,17,17,83
3760,0,32,17,17,66
3761,34,17,17,16,84
3762,0,34,17,16,67
3763,34,16,16,17,83
3764,33,33,16,17,99
3765,0,16,16,17,49
3766,0,33,16,17,66
3767,17,33,51,17,118
3768,33,34,17,17,101
3769,0,17,51,17,85
3773,17,31,19,16,83
3774,50,16,84,17,167
3778,50,17,17,17,101
3780,34,34,15,17,100
3782,0,34,15,17,66
3783,0,17,15,17,49
3784,0,32,83,16,131
3786,0,34,16,18,68
3788,16,18,15,16,65
3789,18,31,18,17,84
3790,0,31,18,17,66
3792,0,35,49,17,101
3793,17,33,16,17,83
3794,116,17,17,16,166
3795,117,33,17,16,183
3796,33,33,17,17,100
3798,0,33,17,17,67
3799,17,34,17,16,84
3800,0,34,17,16,67
3801,0,17,17,16,50
3802,0,33,17,16,66
3803,16,33,19,14,82
3804,99,35,17,16,167
3805,0,16,19,14,49
3806,0,33,19,14,66
3807,82,33,16,16,147
3808,0,33,84,16,133
3809,14,35,17,16,82
3810,202,33,17,15,267
3812,183,17,17,15,232
3813,48,34,50,18,150
3814,0,32,0,17,49
3815,16,34,50,18,118
3816,0,34,50,18,102
3817,0,17,50,18,85
3821,18,33,17,15,83
3822,0,33,17,15,65
3823,17,32,51,17,117
3825,15,34,17,17,83
3827,51,34,16,16,117
3828,0,34,0,17,51
3830,0,34,16,16,66
3832,32,33,51,17,133
3833,16,33,51,17,117
3834,0,33,51,17,101
3836,0,35,116,16,167
3837,0,18,116,16,150
3838,0,33,50,16,99
3839,17,32,18,16,83
3841,99,17,16,17,149
3843,99,17,16,18,150
3844,33,34,16,17,100
3846,0,34,16,17,67
3847,33,17,16,18,84
3849,0,17,16,18,51
3853,16,33,17,17,83
3854,0,33,17,17,67
3855,51,32,18,17,118
3856,17,17,15,17,66
3857,17,32,18,17,84
3859,17,35,17,17,86
3860,0,35,17,17,69
3861,17,34,82,16,149
3865,17,32,18,16,83
3867,51,34,67,18,170
3868,34,34,67,18,153
3869,16,34,67,18,135
3870,0,34,67,18,119
3871,18,33,150,16,217
3873,101,16,15,17,149
3875,17,33,18,16,84
3876,0,33,18,16,67
3877,33,16,15,17,81
3879,16,32,17,16,81
3880,0,32,17,16,65
3881,0,17,17,16,50
3882,0,33,17,17,67
3884,34,34,66,18,152
3885,166,18,49,18,251
3887,0,18,66,18,102
3888,0,32,17,17,66
3889,15,34,134,17,200
3890,34,33,52,14,133
3891,35,15,52,14,116
3892,0,33,52,14,99
3894,16,18,49,18,101
3895,0,18,49,18,85
3897,81,34,18,16,149
3898,35,32,52,16,135
3899,0,18,17,15,50
3900,32,34,18,16,100
3901,117,32,86,15,250
3902,102,32,86,15,235
3903,0,17,18,16,51
3904,0,34,17,17,68
3905,16,34,15,17,82
3907,17,32,86,15,150
3911,0,18,52,15,85
3912,383,17,17,16,433
3913,50,32,18,15,115
3914,18,15,17,15,65
3915,15,32,18,15,80
3916,116,16,18,17,167
3918,33,35,16,16,100
3919,0,15,0,17,32
3921,0,18,16,16,50
3924,35,31,50,19,135
3925,233,17,15,17,282
3927,100,17,17,17,151
3928,0,33,17,19,69
3929,117,33,17,17,184
3930,0,36,49,17,102
3931,118,34,15,17,184
3932,0,32,17,17,66
3933,0,17,17,17,51
3934,17,17,17,16,67
3935,17,33,17,17,84
3936,0,33,17,17,67
3937,100,16,66,19,201
3939,0,17,15,17,49
3940,0,32,100,19,151
3941,101,16,19,14,150
3942,34,33,0,17,84
3943,0,16,66,19,101
3945,34,16,19,14,83
3946,33,33,16,18,100
3947,0,16,19,14,49
3949,0,14,16,18,48
3950,34,33,18,16,101
3951,0,18,0,16,34
3952,116,17,51,17,201
3953,0,17,18,16,51
3955,16,33,16,17,82
3956,0,33,16,17,66
3957,15,33,51,17,116
3959,17,35,50,16,118
3961,17,33,17,16,83
3962,0,33,17,16,66
3963,0,17,17,16,50
3964,0,33,17,17,67
3965,0,16,17,17,50
3966,34,32,0,18,84
3967,17,32,0,18,67
3969,0,17,0,18,35
3972,252,17,17,16,302
3974,0,33,35,16,84
3976,0,35,50,17,102
3977,33,17,17,17,84
3978,0,33,17,17,67
3979,0,17,17,17,51
3980,17,17,15,18,67
3981,66,17,17,17,117
3982,33,33,17,17,100
3984,0,33,17,17,67
3986,138,30,16,18,202
3987,0,17,17,16,50
3990,233,34,16,17,300
3991,550,35,14,17,616
3994,0,30,16,18,64
3995,17,34,15,17,83
3997,116,34,16,17,183
3999,17,34,49,17,117
4000,34,32,17,17,100
4001,18,32,17,17,84
4002,0,32,17,17,66
4003,52,33,51,15,151
4004,0,34,16,17,67
4005,17,33,51,15,116
4006,0,33,51,15,99
4008,0,33,49,19,101
4009,50,35,16,16,117
4010,0,33,16,19,68
4011,100,16,16,16,148
4013,117,34,17,16,184
4015,16,34,16,16,82
4020,34,33,49,17,133
4021,17,33,49,17,116
4022,0,33,49,17,99
4024,0,35,14,17,66
4026,0,31,51,17,99
4027,0,17,51,17,85
4029,115,33,19,17,184
4031,17,32,33,17,99
4032,0,32,33,17,82
4033,0,15,33,17,65
4035,33,16,19,17,85
4036,33,36,116,17,202
4038,36,33,83,17,169
4040,99,34,65,16,214
4041,17,34,49,17,117
4042,100,33,32,16,181
4043,18,32,17,17,84
4045,0,15,17,17,49
4046,34,33,32,16,115
4047,17,33,32,16,98
4048,0,33,32,16,81
4049,101,16,16,17,150
4050,0,32,36,15,83
4051,15,36,47,17,115
4052,234,36,47,18,335
4053,35,16,16,17,84
4054,114,18,49,17,198
4055,117,33,16,17,183
4056,0,33,0,18,51
4058,0,35,15,18,68
4060,15,18,49,17,99
4061,18,33,16,17,84
4062,33,33,17,19,102
4063,0,18,16,17,51
4064,33,36,47,18,134
4065,53,31,16,18,118
4066,0,36,47,18,101
4068,0,31,16,18,65
4071,18,32,16,19,85
4072,0,32,16,19,67
4076,0,32,50,16,98
4077,117,34,0,17,168
4079,0,17,50,17,84
4081,16,34,17,17,84
4083,17,34,0,17,68
4085,0,17,0,17,34
4086,0,34,49,17,100
4087,0,17,49,17,83
4089,50,33,16,16,115
4093,83,32,17,17,149
4095,100,17,17,19,153
4096,0,35,49,17,101
4097,0,16,49,17,82
4099,51,36,14,18,119
4100,17,17,17,19,70
4101,17,36,14,18,85
4103,182,34,17,17,250
4104,0,32,16,17,65
4105,0,18,16,17,51
4106,33,32,17,18,100
4107,32,17,17,18,84
4108,0,32,17,18,67
4109,52,31,17,17,117
4110,0,35,48,17,100
4111,484,32,50,17,583
4112,0,31,17,17,65
4113,16,34,17,17,84
4115,83,34,18,16,151
4116,0,34,49,17,100
4117,17,32,135,15,199
4118,0,32,135,15,182
4120,0,34,18,16,68
4122,0,34,16,17,67
4123,0,16,16,17,49
4124,0,33,17,17,67
4126,0,34,15,17,66
4127,0,17,15,17,49
4128,0,32,150,18,200
4129,35,16,17,17,85
4130,0,34,17,17,68
4131,33,17,15,19,84
4132,17,17,15,19,68
4133,117,32,50,17,216
4134,34,30,18,18,100
4135,49,36,16,16,117
4136,0,30,18,18,66
4137,16,36,16,16,84
4138,0,36,16,16,68
4141,49,34,51,16,150
4143,16,34,51,16,117
4145,17,34,17,16,84
4147,0,17,17,16,50
4148,17,16,50,17,100
4149,34,15,17,17,83
4150,33,34,17,16,100
4151,49,33,17,17,116
4154,0,33,17,17,67
4155,115,34,17,17,183
4157,34,16,16,16,82
4159,0,16,16,16,48
4160,0,32,17,17,66
4162,0,34,17,17,68
4163,51,32,51,17,151
4164,0,34,49,18,101
4165,17,32,51,17,117
4166,32,35,16,17,100
4167,15,35,16,17,83
4168,17,18,16,17,68
4169,18,33,17,16,84
4170,0,33,17,16,66
4171,17,33,49,17,116
4174,49,17,51,16,133
4175,17,32,51,16,116
4177,17,34,50,16,117
4179,16,33,17,16,82
4180,33,33,17,18,101
4181,0,16,17,16,49
4183,33,18,16,16,83
4184,0,35,16,16,67
4185,0,18,16,16,50
4187,0,16,17,16,49
4190,0,34,50,17,101
4191,34,16,17,17,84
4192,0,33,17,17,67
4194,0,34,0,17,51
4195,0,17,0,17,34
4196,0,33,51,17,101
4197,33,17,17,17,84
4199,17,34,16,17,84
4200,0,34,16,17,67
4203,17,32,0,16,65
4204,0,32,0,16,48
4205,17,34,84,16,151
4206,0,34,84,16,134
4208,0,33,17,17,67
4209,33,17,17,16,83
4210,17,17,17,16,67
4211,17,33,17,16,83
4213,16,33,16,18,83
4214,33,34,49,17,133
4215,50,33,16,17,116
4217,0,18,49,17,84
4218,0,33,16,17,66
4219,17,33,17,17,84
4221,17,34,49,18,118
4222,0,34,49,18,101
4223,17,33,49,17,116
4225,17,34,15,17,83
4226,0,34,15,17,66
4227,18,32,85,15,150
4228,0,32,85,15,132
4229,0,17,85,15,117
4230,0,35,50,15,100
4231,0,17,50,15,82
4232,50,15,51,17,133
4236,267,34,15,17,333
4237,13,34,15,17,79
4239,17,32,17,17,83
4240,32,34,18,15,99
4243,17,33,51,15,116
4244,199,34,16,18,267
4245,49,32,0,18,99
4246,84,16,49,17,166
4247,18,32,0,18,68
4249,0,15,0,18,33
4250,0,34,49,17,100
4251,0,16,49,17,82
4252,17,17,15,17,66
4253,49,34,16,18,117
4254,32,34,16,18,100
4255,17,34,16,18,85
4256,0,34,16,18,68
4257,117,34,16,17,184
4259,18,33,49,18,118
4260,33,33,50,17,133
4262,0,33,50,17,100
4265,234,16,119,14,383
4267,0,17,82,17,116
4268,50,18,48,17,133
4269,0,16,49,17,82
4270,17,18,48,17,100
4271,18,31,17,17,83
4272,31,34,17,17,99
4274,0,34,17,17,68
4276,99,35,51,14,199
4278,0,32,119,14,165
4280,33,35,51,14,133
4281,16,35,51,14,116
4283,417,34,48,18,517
4284,16,17,82,17,132
4286,0,32,67,18,117
4287,0,14,67,18,99
4288,34,33,18,17,102
4289,33,17,18,17,85
4290,33,35,49,17,134
4293,0,17,49,17,83
4295,17,34,82,17,150
4296,0,34,82,17,133
4297,0,17,82,17,116
4298,0,32,67,18,117
4300,0,35,32,18,85
4301,33,17,18,15,83
4303,0,17,18,15,50
4308,0,34,48,18,100
4309,0,17,48,18,83
4311,0,17,16,18,51
4312,0,34,48,17,99
4315,116,33,16,17,182
4316,0,33,85,16,134
4317,17,34,51,16,118
4318,0,34,51,16,101
4320,0,34,17,16,67
4321,17,33,16,17,83
4323,49,34,0,16,99
4324,33,34,0,16,83
4326,234,36,47,17,334
4327,17,33,17,16,83
4328,0,33,17,16,66
4329,50,34,17,16,117
4331,16,34,17,16,83
4332,34,33,49,18,134
4336,0,34,49,20,103
4337,17,33,16,20,86
4338,33,36,47,17,133
4339,18,36,47,17,118
4340,0,36,47,17,100
4342,47,17,50,16,130
4343,15,34,50,16,115
4345,0,17,50,16,83
4347,100,17,49,18,184
4348,0,33,17,16,66
4349,116,35,48,18,217
4350,33,35,49,18,135
4351,34,17,49,18,118
4354,32,35,48,18,133
4357,18,33,15,18,84
4358,0,33,15,18,66
4360,33,34,15,17,99
4361,18,34,15,17,84
4362,34,32,50,16,132
4363,33,17,50,16,116
4364,0,32,50,16,98
4365,0,17,50,16,83
4366,0,33,50,18,101
4367,50,35,16,15,116
4368,33,35,16,15,99
4370,0,35,16,15,66
4371,18,31,18,17,84
4374,202,33,16,17,268
4376,0,35,19,13,67
4379,79,34,17,16,146
4380,32,34,117,17,200
4381,16,34,117,17,184
4382,0,34,117,17,168
4383,17,34,17,16,84
4385,17,33,16,17,83
4386,0,33,16,17,66
4387,16,33,17,17,83
4389,17,34,17,17,85
4390,0,34,17,17,68
4391,0,17,17,17,51
4392,34,31,52,16,133
4394,0,31,52,16,99
4397,51,34,48,18,151
4398,0,33,17,17,67
4400,82,18,50,16,166
4401,0,17,48,18,83
4404,34,32,60,8,134
4405,50,34,26,8,118
4406,0,32,60,8,100
4407,51,34,18,17,120
4408,0,34,26,8,68
4411,26,17,48,18,109
4412,101,35,15,18,169
4413,118,33,16,16,183
4414,0,33,49,19,101
4415,49,35,15,18,117
4417,18,35,15,18,86
4419,19,33,16,16,84
4420,0,33,16,16,65
4421,50,35,115,18,218
4422,32,35,115,18,200
4424,0,35,115,18,168
4425,17,33,15,17,82
4427,50,34,16,18,118
4428,0,32,17,17,66
4429,202,16,16,17,251
4430,0,34,16,18,68
4431,51,33,50,15,149
4432,0,34,17,16,67
4434,33,34,16,15,98
4435,198,17,89,12,316
4437,0,17,16,15,48
4438,16,15,19,16,66
4439,117,32,89,12,250
4442,0,33,17,17,67
4443,0,17,17,17,51
4444,117,16,149,18,300
4445,17,32,89,12,150
4446,0,32,89,12,133
4448,0,34,17,16,67
4449,0,17,17,16,50
4450,17,16,149,18,200
4451,16,34,82,17,149
4452,0,34,82,17,133
4453,111,34,17,16,178
4454,33,34,15,17,99
4455,51,32,16,18,117
4457,550,32,17,16,615
4458,0,32,16,18,66
4460,0,34,17,16,67
4461,0,18,17,16,51
4465,100,17,83,17,217
4467,18,33,17,17,85
4468,0,33,17,17,67
4469,34,17,83,17,151
4470,34,33,50,17,134
4471,0,17,83,17,117
4472,50,16,17,17,100
4473,18,33,17,17,85
4474,17,16,17,17,67
4475,16,34,16,17,83
4477,0,17,16,17,50
4480,33,33,17,17,100
4481,15,33,17,17,82
4482,0,33,17,17,67
4483,16,34,17,17,84
4484,0,34,17,17,68
4485,34,17,116,16,183
4486,0,34,116,16,166
4487,700,15,19,14,748
4488,98,34,66,18,216
4489,34,15,17,16,82
4490,0,32,17,16,65
4491,233,17,15,17,282
4492,17,16,51,17,101
4493,16,34,66,18,134
4495,16,34,0,18,68
4497,100,17,49,17,183
4498,0,32,85,17,134
4499,32,15,18,17,82
4500,0,33,18,17,68
4501,0,15,18,17,50
4502,35,34,15,17,101
4503,17,34,15,17,83
4504,0,34,15,17,66
4505,17,32,17,17,83
4506,0,32,17,17,66
4507,0,17,17,17,51
4508,235,33,16,16,300
4509,34,17,49,17,117
4510,0,34,49,17,100
4512,0,32,17,17,66
4513,15,34,116,18,183
4517,50,35,15,18,118
4518,16,17,50,18,101
4520,100,35,16,15,166
4521,17,33,16,16,82
4522,0,33,16,16,65
4523,50,35,16,15,116
4524,0,32,51,15,98
4525,16,35,16,15,82
4526,0,35,16,15,66
4527,19,31,19,14,83
4528,0,31,19,14,64
4530,0,33,51,16,100
4533,49,33,19,17,118
4536,0,33,19,17,69
4538,401,34,16,18,469
4540,0,33,50,15,98
4542,0,33,17,15,65
4543,249,34,17,15,315
4545,15,35,33,17,100
4546,102,33,0,15,150
4547,665,17,19,14,715
4548,33,34,15,18,100
4549,0,17,67,15,99
4550,34,33,0,15,82
4551,0,17,15,18,50
4552,99,34,17,15,165
4553,33,17,34,17,101
4554,0,32,34,17,83
4555,0,17,34,17,68
4556,18,16,0,17,51
4557,99,17,16,18,150
4559,49,34,16,18,117
4560,0,32,17,17,66
4561,32,17,16,18,83
4562,0,34,16,18,68
4565,51,32,85,17,185
4566,33,32,85,17,167
4567,18,32,85,17,152
4568,0,32,85,17,134
4569,117,33,16,16,182
4571,13,35,49,18,115
4572,0,35,49,18,102
4573,17,34,15,18,84
4574,0,34,15,18,67
4575,17,33,16,16,82
4576,33,32,0,17,82
4577,850,34,17,17,918
4578,0,32,0,17,49
4581,0,16,50,18,84
4582,17,18,15,18,68
4583,18,33,15,17,83
4584,0,33,15,17,65
4585,18,32,19,14,83
4587,0,17,19,14,50
4588,100,34,0,17,151
4589,0,14,17,18,49
4590,35,32,17,17,101
4591,50,34,0,17,101
4593,16,34,0,17,67
4594,0,34,0,17,51
4595,17,33,18,15,83
4596,0,33,18,15,66
4597,0,16,18,15,49
4599,15,33,17,18,83
4601,0,16,17,18,51
4603,118,32,17,18,185
4605,0,17,51,16,84
4606,34,33,49,18,134
4607,50,32,17,18,117
4608,33,32,17,18,100
4609,16,32,17,18,83
4610,0,32,17,18,67
4611,15,35,16,16,82
4612,0,35,16,16,67
4613,0,18,16,16,50
4614,32,34,17,16,99
4615,0,16,17,17,50
4616,0,34,17,16,67
4621,0,18,17,16,51
4623,250,32,17,16,315
4624,100,34,50,15,199
4625,0,16,152,15,183
4628,0,34,17,17,68
4629,52,32,18,15,117
4630,0,34,50,15,99
4631,17,32,18,15,82
4632,0,32,18,15,65
4633,0,15,18,15,48
4634,0,33,18,17,68
4635,15,35,17,15,82
4636,0,35,17,15,67
4638,99,34,16,18,167
4641,0,16,17,17,50
4642,102,32,50,16,200
4644,0,34,16,18,68
4645,0,17,16,18,51
4646,99,33,0,18,150
4647,18,32,50,16,116
4648,32,33,17,16,98
4649,0,17,50,16,83
4650,0,33,17,16,66
4652,0,33,0,18,51
4653,16,34,18,16,84
4654,218,16,0,18,252
4656,0,34,17,16,67
4657,16,33,117,16,182
4658,0,33,117,16,166
4659,16,33,17,16,82
4660,0,33,17,16,66
4662,0,33,16,17,66
4663,16,33,18,16,83
4664,0,33,18,16,67
4666,102,33,82,17,234
4667,0,16,0,18,34
4668,0,35,15,18,68
4669,0,17,15,18,50
4670,15,18,82,17,132
4671,18,33,82,17,150
4673,51,33,16,17,117
4674,99,34,17,18,168
4675,17,33,16,17,83
4676,0,33,16,17,66
4677,17,33,51,18,119
4678,33,34,17,18,102
4679,117,33,34,16,200
4680,0,34,17,18,69
4682,116,17,16,18,167
4683,116,34,15,18,183
4684,0,31,50,17,98
4686,0,33,34,16,83
4687,17,34,16,18,85
4688,17,17,16,18,68
4689,17,34,15,18,84
4690,100,32,18,17,167
4691,0,18,15,18,51
4692,98,35,50,16,199
4694,33,32,18,17,100
4695,233,17,17,16,283
4696,0,32,18,17,67
4697,116,34,16,17,183
4698,0,35,50,16,101
4701,0,15,18,16,49
4702,34,34,16,17,101
4703,16,34,16,17,83
4704,0,34,16,17,67
4705,18,33,16,17,84
4708,0,33,17,16,66
4710,33,34,17,16,100
4711,33,17,17,16,83
4714,0,33,17,17,67
4716,0,34,16,17,67
4718,0,33,49,17,99
4719,17,32,51,17,117
4721,0,15,51,17,83
4723,51,33,49,19,152
4724,34,33,49,19,135
4725,17,33,49,19,118
4726,0,33,49,19,101
4727,0,16,49,19,84
4728,0,34,83,17,134
4729,17,34,49,17,117
4731,235,15,18,20,288
4732,0,32,17,17,66
4733,0,16,17,17,50
4735,84,32,51,15,182
4737,15,35,17,15,82
4741,365,18,16,17,416
4742,0,35,16,15,66
4743,87,30,16,17,150
4745,33,20,12,18,83
4750,33,34,17,15,99
4753,17,32,18,15,82
4754,17,15,18,15,65
4759,250,32,52,16,350
4760,32,35,16,17,100
4761,15,35,16,17,83
4762,35,33,67,17,152
4763,0,18,16,17,51
4766,0,34,15,18,67
4768,0,33,0,17,50
4770,98,35,17,16,166
4771,0,15,17,17,49
4772,17,17,16,16,66
4773,17,32,52,16,117
4774,0,32,52,16,100
4775,0,16,52,16,84
4776,0,35,17,16,68
4777,51,33,16,18,118
4778,17,16,16,17,66
4779,49,34,83,16,182
4780,0,33,16,18,67
4783,18,33,16,17,84
4784,33,33,17,16,99
4785,0,17,16,17,50
4787,17,33,51,15,116
4788,0,33,51,15,99
4789,16,34,49,18,117
4791,18,32,84,18,152
4792,100,34,50,16,200
4793,0,15,84,18,117
4794,0,35,49,18,102
4795,18,33,16,18,85
4796,117,16,49,17,199
4797,51,33,17,16,117
4799,18,33,17,16,84
4804,33,33,35,15,116
4805,17,33,35,15,100
4806,33,35,82,17,167
4808,0,35,82,17,134
4810,49,16,17,17,99
4811,50,34,16,18,118
4814,34,34,16,17,101
4815,33,18,16,17,84
4816,34,33,17,16,100
4818,0,33,17,16,66
4820,0,33,16,17,66
4821,0,16,16,17,49
4823,85,32,17,29,163
4825,100,29,24,17,170
4826,0,34,49,29,112
4827,33,17,17,29,96
4828,49,29,24,17,119
4829,0,17,17,29,63
4831,29,24,84,17,154
4833,34,15,17,17,83
4834,17,15,17,17,66
4835,0,15,17,17,49
4836,34,35,17,15,101
4837,17,35,17,15,84
4838,0,35,17,15,67
4840,0,32,117,17,166
4841,81,35,48,18,182
4842,0,33,16,17,66
4845,0,17,83,18,118
4847,18,33,15,18,84
4849,17,33,49,17,116
4850,0,33,49,17,99
4853,17,32,16,18,83
4855,17,34,16,17,84
4856,34,33,17,17,101
4857,284,34,86,13,417
4859,51,33,17,15,116
4861,17,33,17,15,82
4862,99,35,16,17,167
4864,0,32,85,17,134
4867,17,35,16,17,85
4868,83,17,16,18,134
4870,0,33,48,18,99
4871,182,35,16,17,250
4872,0,32,16,18,66
4873,0,17,16,18,51
4874,0,34,86,13,133
4877,17,32,21,13,83
4881,81,33,49,18,181
4882,0,35,16,17,68
4883,0,18,16,17,51
4884,0,33,16,17,66
4885,50,34,15,18,117
4887,416,33,17,17,483
4888,0,34,15,18,67
4889,0,17,15,18,50
4890,15,18,16,16,65
4892,0,32,18,16,66
4893,34,16,16,17,83
4894,34,33,50,17,134
4895,0,16,16,17,49
4896,234,32,18,15,299
4898,0,34,16,17,67
4899,17,33,16,17,83
4900,0,33,16,17,66
4902,0,33,50,16,99
4903,17,33,17,16,83
4904,0,33,17,16,66
4906,0,33,18,17,68
4907,250,34,18,14,316
4909,99,17,17,16,149
4911,35,15,17,17,84
4912,0,33,17,17,67
4913,116,33,17,17,183
4914,0,34,17,16,67
4915,0,17,17,16,50
4917,16,34,18,15,83
4918,0,34,18,15,67
4919,16,33,17,17,83
4920,0,33,17,17,67
4921,15,34,18,14,81
4922,0,34,18,14,66
4923,17,32,17,17,83
4924,0,32,17,17,66
4925,114,35,116,17,282
4927,34,17,17,15,83
4930,32,35,116,17,200
4931,15,35,116,17,183
4932,235,33,0,20,288
4933,17,33,17,15,82
4934,33,32,51,17,133
4935,16,32,51,17,116
4937,50,33,50,17,150
4939,17,33,50,17,117
4940,0,33,50,17,100
4942,0,32,18,17,67
4943,17,35,33,20,105
4945,17,33,0,20,70
4946,0,33,0,20,53
4949,0,13,17,17,47
4951,51,32,17,16,116
4952,0,34,15,17,66
4954,215,17,17,17,266
4955,217,34,16,16,283
4956,0,33,17,17,67
4957,0,16,17,17,50
4958,101,32,51,17,201
4960,50,17,17,15,99
4962,18,17,17,15,67
4964,0,32,51,17,100
4965,32,17,17,17,83
4966,34,34,16,16,100
4967,51,32,18,17,118
4968,366,34,51,15,466
4969,33,16,18,17,84
4970,32,35,15,18,100
4972,100,34,49,21,204
4973,50,32,51,17,150
4974,233,32,50,17,332
4976,0,32,51,17,100
4977,0,17,51,17,85
4978,34,34,15,21,104
4980,0,34,15,21,70
4981,17,36,47,17,117
4982,100,32,50,17,199
4985,0,17,66,17,100
4987,17,32,50,17,116
4988,0,32,50,17,99
4989,17,34,51,15,117
4992,0,33,18,15,66
4996,34,34,15,18,101
4997,17,34,15,18,84
4998,0,34,15,18,67
4999,0,16,15,18,49
5000,0,33,17,16,66
5001,18,33,17,17,85
5002,33,34,49,16,132
5004,0,34,49,16,99
5006,0,33,50,15,98
5007,17,32,18,15,82
5010,33,36,16,16,101
5011,15,36,16,16,83
5013,50,32,51,17,150
5014,32,32,51,17,132
5018,200,35,16,18,269
5019,14,35,16,17,82
5020,35,33,52,15,135
5021,33,17,52,15,117
5022,0,33,52,15,100
5024,33,34,17,15,99
5025,217,32,18,16,283
5026,0,34,17,15,66
5027,47,35,16,18,116
5029,15,35,16,18,84
5032,0,34,16,17,67
5034,0,33,17,16,66
5035,100,16,17,18,151
5036,0,33,17,15,65
5038,733,33,17,17,800
5039,249,33,83,17,382
5040,0,34,17,18,69
5041,416,34,17,17,484
5042,0,35,65,18,118
5043,49,34,0,18,101
5044,116,17,15,17,165
5045,15,34,0,18,67
5048,0,33,18,17,68
5049,0,15,18,17,50
5050,18,17,15,17,67
5053,50,34,49,17,150
5054,101,32,18,17,168
5055,51,34,15,17,117
5056,0,34,49,17,100
5060,0,32,18,17,67
5061,52,32,17,17,118
5062,0,35,15,17,67
5064,0,32,17,17,66
5065,17,34,17,17,85
5066,0,34,17,17,68
5067,17,34,15,18,84
5068,0,34,15,18,67
5070,0,33,15,17,65
5073,117,34,17,16,184
5076,0,34,116,17,167
5077,17,32,84,17,150
5078,0,32,84,17,133
5079,16,34,17,16,83
5082,17,16,17,17,67
5083,16,34,16,16,82
5084,34,32,19,16,101
5085,100,17,16,16,149
5086,0,32,19,16,67
5087,51,33,16,16,116
5088,0,35,16,17,68
5095,116,34,150,16,316
5096,0,34,17,16,67
5098,0,33,17,17,67
5099,16,34,18,16,84
5102,0,34,150,16,200
5103,0,16,150,16,182
5104,99,33,18,16,166
5105,48,34,51,16,149
5108,34,33,18,16,101
5109,16,33,18,16,83
5110,0,33,18,16,67
5112,100,35,50,16,201
5114,35,31,18,17,101
5115,48,35,50,16,149
5116,0,31,18,17,66
5119,17,33,17,16,83
5120,33,33,17,14,97
5121,0,16,17,16,49
5122,0,33,17,14,64
5123,115,34,17,17,183
5124,0,31,18,18,67
5125,50,32,51,17,150
5126,36,32,51,17,136
5127,101,17,0,16,134
5128,0,32,51,17,100
5129,318,33,17,16,384
5131,101,16,17,17,151
5132,34,33,17,16,100
5137,16,34,49,17,116
5138,0,34,49,17,100
5139,0,17,49,17,83
5140,0,34,49,17,100
5141,49,34,16,17,116
5144,0,34,16,17,67
5145,0,17,16,17,50
5146,99,33,18,17,167
5148,0,33,17,16,66
5149,17,33,18,15,83
5150,33,33,18,17,101
5151,101,16,17,15,149
5152,33,35,50,15,133
5153,15,35,50,15,115
5154,35,33,17,15,100
5157,0,16,17,15,48
5158,0,32,18,18,68
5159,51,33,15,17,116
5160,0,36,48,17,101
5161,18,33,15,17,83
5162,0,33,15,17,65
5163,20,32,51,16,119
5164,32,34,17,16,99
5165,0,17,51,16,84
5167,0,17,17,16,50
5168,17,16,83,17,133
5169,16,32,17,16,81
5172,102,33,49,17,201
5176,34,33,49,17,133
5177,100,17,16,17,150
5178,0,33,49,17,99
5179,0,17,49,17,83
5181,0,17,282,19,318
5182,34,33,17,16,100
5183,83,34,51,16,184
5184,33,33,17,17,100
5185,84,33,52,15,184
5187,83,34,18,15,150
5188,34,33,52,15,134
5190,0,33,52,15,100
5191,50,33,17,16,116
5192,0,34,18,15,67
5193,34,15,17,16,82
5196,0,33,83,17,133
5197,31,19,16,17,83
5198,100,34,16,16,166
5199,35,17,83,16,151
5201,0,17,83,16,116
5202,0,33,17,17,67
5203,0,17,17,17,51
5205,33,16,18,16,83
5206,0,32,18,16,66
5207,0,16,18,16,50
5208,0,34,0,18,52
5209,0,16,0,18,34
5210,50,17,50,16,133
5211,0,15,168,15,198
5212,34,34,184,15,267
5215,17,32,17,17,83
5218,34,34,116,16,200
5219,0,17,83,18,118
5220,0,34,116,16,166
5221,17,32,17,18,84
5222,0,32,17,18,67
5223,0,17,17,18,52
5224,100,34,17,16,167
5225,18,32,84,16,150
5227,283,33,15,17,348
5230,0,34,17,16,67
5232,17,16,84,17,134
5233,49,33,18,17,117
5237,15,35,16,17,83
5239,17,33,17,17,84
5240,33,34,48,17,132
5241,0,17,17,17,51
5242,0,34,48,17,99
5244,0,33,15,17,65
5245,50,35,16,17,118
5246,0,32,17,18,67
5247,17,35,16,17,85
5248,35,33,17,16,101
5249,353,33,18,14,418
5251,17,33,85,18,153
5252,0,33,85,18,136
5253,16,50,19,16,101
5254,0,50,19,16,85
5256,35,18,83,16,152
5257,16,34,83,16,149
5258,0,34,83,16,133
5259,0,18,83,16,117
5260,0,32,0,18,50
5261,17,34,17,16,84
5262,0,34,17,16,67
5263,0,16,17,16,49
5266,0,33,17,17,67
5267,0,17,17,17,51
5268,0,34,0,16,50
5269,17,33,18,14,82
5271,0,17,18,14,49
5272,18,14,20,13,65
5273,47,36,15,17,115
5274,33,36,15,17,101
5275,49,32,17,16,114
5279,50,35,16,16,117
5280,235,33,15,17,300
5281,16,35,16,16,83
5285,33,17,17,16,83
5286,0,34,17,16,67
5287,0,17,17,16,50
5288,17,16,51,17,101
5289,117,32,17,16,182
5291,17,35,48,17,117
5292,0,35,48,17,100
5293,17,33,15,17,82
5295,49,33,84,16,182
5297,250,34,15,17,316
5298,0,33,84,16,133
5299,16,34,17,17,84
5302,17,17,84,15,133
5303,17,32,18,16,83
5304,0,32,18,16,66
5305,16,34,51,15,116
5306,0,34,51,15,100
5307,16,33,82,17,148
5308,0,33,82,17,132
5314,0,32,51,17,100
5315,17,35,49,17,118
5316,0,35,49,17,101
5317,0,18,49,17,84
5318,16,17,16,17,66
5319,50,33,17,18,118
5321,100,17,51,15,183
5322,0,33,17,18,68
5323,52,32,51,15,150
5324,101,32,18,16,167
5325,18,32,51,15,116
5327,51,32,18,16,117
5329,99,18,17,17,151
5331,15,34,16,18,83
5332,102,31,51,17,201
5333,16,34,17,17,84
5334,0,34,17,17,68
5338,0,31,51,17,99
5339,16,35,16,17,84
5340,0,35,16,17,68
5342,16,17,17,16,66
5343,17,33,17,16,83
5345,115,33,19,17,184
5346,0,33,51,15,99
5347,16,35,16,15,82
5349,48,33,19,17,117
5350,16,15,19,14,64
5351,15,33,19,17,84
5353,33,17,15,18,83
5354,0,36,15,18,69
5355,50,32,68,15,165
5356,99,34,49,17,199
5357,18,32,68,15,133
5358,32,34,17,17,100
5359,85,33,50,17,185
5360,34,34,49,17,134
5361,17,34,49,17,117
5362,34,33,50,17,134
5363,32,18,50,17,117
5365,0,18,50,17,85
5367,17,34,17,17,85
5368,34,34,49,16,133
5369,17,34,49,16,116
5370,34,32,17,16,99
5371,0,17,49,16,82
5373,0,17,17,16,50
5374,17,16,16,17,66
5375,16,33,18,16,83
5376,0,33,18,16,67
5378,0,34,16,16,66
5380,32,34,84,16,166
5381,16,34,84,16,150
5383,52,32,17,16,117
5384,0,35,0,15,50
5385,17,32,17,16,82
5387,85,33,17,16,151
5388,33,35,17,16,101
5390,35,33,17,16,101
5391,83,32,135,16,266
5394,33,32,135,16,216
5395,0,16,17,15,48
5397,15,34,83,18,150
5399,16,34,0,17,67
5401,17,32,17,18,84
5403,0,15,17,18,50
5406,0,32,17,16,65
5407,49,34,101,14,198
5408,17,16,50,18,101
5409,16,34,101,14,165
5412,0,34,50,17,101
5413,51,34,14,18,117
5414,0,33,84,17,134
5415,17,34,14,18,83
5416,17,17,14,18,66
5417,17,32,18,17,84
5418,0,32,18,17,67
5421,49,33,18,17,117
5422,0,32,17,16,65
5423,17,33,18,17,85
5424,0,33,18,17,68
5427,49,34,84,16,183
5428,0,32,17,17,66
5429,17,34,84,16,151
5432,0,32,18,16,66
5433,16,34,18,16,84
5434,0,34,18,16,68
5435,84,31,18,16,149
5437,16,34,15,16,81
5438,0,34,15,16,65
5439,17,31,18,16,82
5440,0,31,18,16,65
5441,16,34,18,17,85
5443,83,33,18,15,149
5444,0,35,233,15,283
5446,32,33,18,15,98
5447,17,33,18,15,83
5448,33,33,18,17,101
5449,50,35,83,17,185
5450,101,33,17,17,168
5451,15,35,83,17,150
5452,0,35,83,17,135
5453,17,33,16,17,83
5454,33,33,17,17,100
5455,18,33,17,17,85
5456,0,33,17,17,67
5457,0,17,17,17,51
5458,0,34,15,17,66
5459,17,32,50,17,116
5460,0,32,50,17,99
5461,33,17,17,17,84
5462,83,17,101,17,218
5463,0,17,17,17,51
5464,17,17,50,17,101
5465,17,33,101,17,168
5466,50,17,50,17,134
5468,17,17,50,17,101
5469,34,17,16,17,84
5470,0,34,16,17,67
5471,50,32,17,17,116
5472,16,17,0,17,50
5475,182,35,49,17,283
5476,34,33,83,17,167
5477,17,33,83,17,150
5478,0,33,83,17,133
5479,84,33,18,17,152
5480,201,32,17,17,267
5482,0,33,51,17,101
5483,50,35,49,17,151
5484,0,33,18,17,68
5485,101,17,132,17,267
5487,17,31,18,17,83
5489,0,14,18,17,49
5490,18,17,132,17,184
5491,17,32,17,17,83
5492,0,32,17,17,66
5493,116,35,48,17,216
5494,34,33,16,17,100
5495,17,33,16,17,83
5497,0,17,16,17,50
5498,16,17,0,17,50
5500,0,35,48,17,100
5502,17,16,15,17,65
5503,16,32,51,16,115
5504,15,17,51,16,99
5505,51,33,51,16,151
5506,0,34,17,16,67
5507,50,35,16,16,117
5508,17,16,51,16,100
5511,0,18,16,16,50
5512,16,16,51,15,98
5513,16,33,18,15,82
5514,0,33,18,15,66
5518,0,33,34,17,84
5519,14,34,0,17,65
5520,101,34,51,15,201
5522,0,34,51,16,101
5523,84,33,50,16,183
5524,17,16,50,17,100
5526,0,34,51,15,100
5531,15,33,17,17,82
5533,16,34,0,17,67
5534,0,34,0,17,51
5535,17,34,50,15,116
5536,34,32,51,15,132
5537,49,33,18,15,115
5538,0,32,51,15,98
5539,17,33,18,15,83
5540,0,33,18,15,66
5541,82,34,50,18,184
5543,15,34,17,17,83
5544,200,34,84,17,335
5547,0,17,50,18,85
5548,0,33,17,18,68
5551,18,31,17,16,82
5553,48,34,84,17,183
5555,85,31,50,17,183
5556,0,34,84,17,135
5557,16,35,49,17,117
5558,35,31,50,17,133
5559,17,31,50,17,115
5560,231,35,17,17,300
5561,14,35,15,17,81
5562,35,32,51,17,135
5563,0,17,15,17,49
5564,0,32,51,17,100
5567,33,17,17,16,83
5568,99,35,17,17,168
5570,0,33,17,15,65
5572,32,35,17,17,101
5573,15,35,17,17,84
5575,0,17,17,17,51
5576,34,32,16,18,100
5579,100,17,17,17,151
5580,34,32,17,17,100
5581,18,32,17,17,84
5582,0,32,17,17,66
5583,32,17,17,17,83
5584,34,34,49,18,135
5592,0,31,18,16,65
5594,0,34,51,18,103
5595,0,16,51,18,85
5596,34,35,15,17,101
5598,100,35,16,16,167
5599,0,18,15,17,50
5600,32,33,16,19,100
5601,17,33,16,19,85
5602,0,33,16,19,68
5603,184,34,17,16,251
5604,35,32,51,16,134
5605,19,32,51,16,118
5609,17,33,16,17,83
5610,17,16,16,17,66
5611,16,33,18,16,83
5613,116,35,17,15,183
5614,0,34,17,16,67
5615,49,32,20,15,116
5616,0,33,15,17,65
5617,16,32,20,15,83
5618,0,32,20,15,67
5619,37,15,17,15,84
5620,0,35,17,15,67
5621,0,15,17,15,47
5622,0,32,17,17,66
5623,0,15,17,17,49
5625,0,17,17,16,50
5626,0,33,17,17,67
5627,0,16,17,17,50
5628,0,34,18,14,66
5629,17,32,18,17,84
5630,0,32,18,17,67
5631,14,35,15,18,82
5632,0,35,15,18,68
5633,17,33,17,15,82
5634,0,33,17,15,65
5635,18,32,17,18,85
5637,0,15,17,18,50
5638,35,32,51,16,134
5639,18,32,51,16,117
5640,15,17,51,16,99
5641,117,35,17,15,184
5642,0,34,17,16,67
5643,17,33,18,15,83
5644,17,16,18,15,66
5645,16,33,18,17,84
5646,0,33,18,17,68
5647,0,15,18,17,50
5648,669,32,50,17,768
5650,0,32,17,16,65
5651,0,15,17,16,48
5652,33,35,15,17,100
5653,16,35,15,17,83
5654,0,35,15,17,67
5655,49,33,18,17,117
5656,199,34,66,18,317
5659,16,35,15,17,83
5661,49,33,17,17,116
5663,17,33,17,17,84
5664,0,33,17,17,67
5666,0,34,18,16,68
5667,17,34,66,18,135
5668,0,34,66,18,118
5669,16,32,18,16,82
5671,84,31,19,16,150
5673,584,34,0,16,634
5674,0,35,0,14,49
5675,31,17,19,16,83
5677,0,17,19,16,52
5678,19,16,33,17,85
5679,49,34,49,18,150
5680,0,33,17,17,67
5682,34,31,18,18,101
5684,0,31,18,18,67
5686,0,36,14,18,68
5687,32,18,50,17,117
5689,0,18,50,17,85
5690,0,35,49,15,99
5691,44,32,84,18,178
5692,32,32,84,18,166
5693,17,32,84,18,151
5695,50,34,48,17,149
5697,35,16,48,17,116
5698,0,34,48,17,99
5700,33,32,0,17,82
5701,18,32,0,17,67
5702,0,32,0,17,49
5703,17,34,17,17,85
5706,17,17,82,17,133
5707,51,31,17,17,116
5708,0,34,0,16,50
5710,0,31,17,17,65
5711,0,15,17,17,49
5712,0,34,16,17,67
5715,0,17,17,19,53
5716,0,36,15,17,68
5717,0,19,15,17,51
5718,0,32,18,14,64
5721,31,17,16,17,81
5723,102,16,50,16,184
5724,33,34,49,17,133
5726,100,34,50,17,201
5727,0,16,49,17,82
5728,0,34,50,16,100
5730,99,34,15,18,166
5731,17,34,50,17,118
5733,83,33,17,17,150
5734,33,34,15,18,100
5736,0,34,15,18,67
5737,0,17,15,18,50
5739,0,18,17,17,52
5741,17,33,17,15,82
5742,232,34,0,17,283
5743,16,32,52,15,115
5744,0,32,52,15,99
5745,15,34,50,17,116
5747,0,17,50,17,84
5748,0,33,17,17,67
5749,15,34,0,17,66
5750,0,34,0,17,51
5751,17,32,51,17,117
5752,32,34,133,18,217
5753,83,34,16,17,150
5754,34,34,0,17,85
5755,51,34,16,17,118
5758,0,34,16,17,67
5759,0,17,16,17,50
5760,0,33,0,15,48
5761,32,17,50,18,117
5762,0,32,50,18,100
5763,35,17,15,18,85
5765,32,18,115,17,182
5766,33,32,0,19,84
5767,50,34,17,17,118
5769,17,34,17,17,85
5770,0,34,17,17,68
5771,49,32,17,17,115
5772,34,32,17,17,100
5773,17,32,17,17,83
5774,0,32,17,17,66
5775,34,17,17,18,86
5776,0,34,17,18,69
5777,34,18,115,17,184
5778,35,31,17,16,99
5779,33,16,17,16,82
5781,16,33,118,16,183
5782,167,35,50,17,269
5783,16,35,83,16,150
5784,0,35,83,16,134
5785,17,33,15,19,84
5786,0,33,15,19,67
5788,0,34,117,17,168
5789,19,32,18,17,86
5790,82,18,17,17,134
5791,84,34,15,18,151
5793,17,33,17,17,84
5794,0,33,17,17,67
5795,0,18,17,17,52
5796,0,34,15,18,67
5797,0,17,15,18,50
5798,0,33,17,14,64
5799,100,18,17,14,149
5803,33,18,17,14,82
5804,0,35,17,14,66
5805,0,18,17,14,49
5806,0,31,18,16,65
5807,48,34,17,17,116
5809,16,34,17,17,84
5813,17,33,16,16,82
5814,0,33,16,16,65
5815,17,32,67,18,134
5816,32,35,15,17,99
5817,16,35,15,17,83
5819,0,17,15,17,49
5820,32,33,52,16,133
5821,35,15,52,16,118
5825,17,34,17,15,83
5826,18,16,17,15,66
5827,16,32,17,16,81
5828,32,33,17,18,100
5832,35,34,48,17,134
5833,52,31,17,17,117
5834,34,31,17,17,99
5835,18,31,17,17,83
5836,0,31,17,17,65
5838,17,17,51,16,101
5840,51,16,18,17,102
5841,17,33,18,17,85
5842,17,16,18,17,68
5844,0,35,81,17,133
5847,84,34,17,15,150
5848,101,32,69,16,218
5849,16,34,17,17,84
5850,34,34,17,15,100
5852,0,34,17,15,66
5853,183,33,16,18,250
5854,300,34,49,16,399
5855,0,15,69,16,100
5856,183,18,50,17,268
5857,19,33,48,17,117
5859,22,31,17,17,87
5860,16,15,17,17,65
5862,17,17,49,18,101
5863,17,33,16,18,84
5864,0,33,16,18,67
5865,17,34,50,17,118
5866,0,34,50,17,101
5867,18,34,48,19,119
5868,50,17,151,16,234
5869,0,17,48,19,84
5870,33,34,49,16,132
5871,17,34,49,16,116
5872,0,34,49,16,99
5873,19,32,17,16,84
5874,567,32,0,17,616
5875,50,35,81,18,184
5876,0,33,18,17,68
5877,16,35,81,18,150
5880,0,33,48,18,99
5881,16,32,16,18,82
5882,0,32,16,18,66
5884,16,18,0,17,51
5885,35,15,19,15,84
5887,0,15,19,15,49
5888,34,33,35,15,117
5890,0,33,35,15,83
5892,19,16,0,15,50
5895,0,18,16,17,51
5896,16,17,0,17,50
5897,17,33,17,19,86
5898,0,33,17,19,69
5899,100,16,16,19,151
5900,17,19,12,19,67
5901,19,31,0,17,67
5902,31,33,16,19,99
5903,19,33,16,19,87
5904,0,33,16,19,68
5906,117,17,0,17,151
5908,32,33,17,17,99
5909,0,17,0,17,34
5910,0,33,17,17,67
5911,0,16,17,17,50
5915,33,17,17,15,82
5916,0,35,17,15,67
5917,49,34,84,17,184
5918,0,32,17,17,66
5919,15,34,84,17,150
5920,0,34,84,17,135
5921,17,34,50,17,118
5922,0,34,50,17,101
5923,34,16,17,17,84
5924,233,32,34,17,316
5925,116,33,50,17,216
5927,215,34,17,16,282
5928,0,32,84,16,132
5930,100,34,15,17,166
5931,17,33,50,17,117
5932,0,33,50,17,100
5934,0,33,66,16,115
5935,16,34,15,17,82
5937,17,32,34,17,100
5939,0,17,34,17,68
5941,0,18,17,16,51
5942,0,33,17,17,67
5943,50,34,16,16,116
5944,100,33,51,16,200
5945,116,35,16,16,183
5946,34,32,17,16,99
5947,17,32,17,16,82
5948,0,32,17,16,65
5949,100,16,17,18,151
5950,33,35,16,16,100
5951,51,32,17,18,118
5953,17,32,17,18,84
5954,32,35,16,16,99
5955,0,16,17,18,51
5956,0,35,16,16,67
5958,0,32,0,16,48
5960,0,33,51,17,101
5962,35,33,17,15,100
5963,18,33,17,15,83
5965,17,32,50,16,115
5966,0,32,50,16,98
5967,81,35,84,17,217
5970,0,33,51,16,100
5971,16,35,84,17,152
5972,202,32,18,17,269
5973,49,34,35,15,133
5974,0,32,17,17,66
5975,16,34,35,15,100
5977,84,34,15,17,150
5978,35,32,49,17,133
5979,32,17,49,17,115
5980,0,32,49,17,98
5981,51,32,18,17,118
5982,34,32,18,17,101
5983,17,32,18,17,84
5984,15,17,18,17,67
5988,0,31,19,16,66
5990,19,16,16,17,68
5991,16,33,16,17,82
5992,100,33,50,17,200
5995,-99939,0,0,0,-99939
5998,-99990,0,0,0,-99990
