序号,发送->接收,接收->转发,转发->接收,接收->处理,总计
2,0,15,82,18,115
3,17,16,0,16,49
4,0,16,0,16,32
5,67,33,16,18,134
7,34,33,16,18,101
8,18,33,16,18,85
9,33,34,17,16,100
11,0,34,17,16,67
12,18,33,0,17,68
13,0,33,0,17,50
14,16,33,17,17,83
16,33,17,16,17,83
17,0,34,16,17,67
20,17,34,0,16,67
21,34,33,16,16,99
22,0,18,0,16,34
23,0,33,16,16,65
24,0,17,16,16,49
25,16,16,51,18,101
26,16,34,17,18,85
27,0,34,17,18,69
30,18,32,16,16,82
31,0,32,16,16,64
33,16,16,34,16,82
35,0,34,49,18,101
36,17,34,99,16,166
39,33,33,18,15,99
40,18,33,18,15,84
41,18,15,18,15,66
42,48,34,50,17,149
43,0,33,16,18,67
44,49,33,83,18,183
45,0,34,50,17,101
46,0,18,50,17,85
47,0,33,83,18,134
48,17,34,16,17,84
49,0,34,16,17,67
50,17,33,51,16,117
52,17,34,17,16,84
53,16,18,17,16,67
55,0,33,15,17,65
56,0,16,15,17,48
57,0,32,0,18,50
58,17,33,34,18,102
59,0,33,34,18,85
61,34,33,135,15,217
64,0,15,135,15,165
66,0,16,17,17,50
67,34,32,18,17,101
68,17,32,18,17,84
70,14,35,15,17,81
71,0,35,15,17,67
73,32,33,68,15,148
74,17,33,68,15,133
75,0,33,68,15,116
76,0,15,68,15,98
77,0,34,17,17,68
78,0,17,17,17,51
80,17,33,16,17,83
81,15,18,16,17,66
83,0,33,16,18,67
86,0,18,16,18,52
87,34,32,17,16,99
89,0,32,17,16,65
90,17,33,17,18,85
91,33,35,98,18,184
92,16,35,98,18,167
94,18,32,16,18,84
95,0,32,16,18,66
97,34,32,0,18,84
100,16,33,18,17,84
101,0,33,18,17,68
102,0,15,18,17,50
103,18,17,49,17,101
106,16,34,0,16,66
107,17,17,0,16,50
108,17,33,66,18,134
109,0,33,66,18,117
110,30,20,18,15,83
111,0,33,18,15,66
112,20,33,0,18,71
115,0,35,33,17,85
117,99,34,83,17,233
118,16,33,16,17,82
119,0,33,16,17,66
120,0,16,16,17,49
121,0,33,34,17,84
123,0,34,83,17,134
127,0,33,84,17,134
128,66,16,101,16,199
129,17,17,67,16,117
130,17,33,101,16,167
131,0,33,101,16,150
132,33,17,83,17,150
133,0,34,83,17,134
135,0,33,17,17,67
136,0,17,17,17,51
137,67,33,16,16,132
138,33,17,16,17,83
140,0,17,16,17,50
141,33,32,35,15,115
142,17,32,35,15,99
143,0,32,35,15,82
144,16,35,0,15,66
146,18,33,16,17,84
151,0,34,18,15,67
152,17,33,16,18,84
153,0,33,16,18,67
154,15,34,0,15,64
156,18,32,17,17,84
157,0,32,17,17,66
158,0,17,17,17,51
159,17,17,17,16,67
161,33,34,0,16,83
162,16,34,0,16,66
163,17,17,0,16,50
164,17,33,50,16,116
165,0,33,50,16,99
166,0,17,50,16,83
167,0,33,17,16,66
169,0,33,17,17,67
170,16,34,16,17,83
171,0,34,16,17,67
172,17,33,149,18,217
173,66,34,49,17,166
175,17,16,50,17,100
176,16,34,49,17,116
177,34,33,100,18,185
181,0,33,16,18,67
182,17,34,16,17,84
183,0,34,16,17,67
185,33,33,17,17,100
186,17,33,17,17,84
189,0,34,49,17,100
190,17,34,49,17,117
191,0,34,49,17,100
192,17,32,17,17,83
193,32,34,34,15,115
194,17,34,34,15,100
196,17,34,15,17,83
198,33,17,50,17,117
199,0,32,50,17,99
201,16,17,51,17,101
203,34,34,52,14,134
204,17,34,52,14,117
205,34,32,20,14,100
206,49,34,16,17,116
207,66,33,0,18,117
208,50,33,0,18,101
209,0,34,16,17,67
210,0,14,16,17,47
211,0,33,0,18,51
212,17,33,100,16,166
214,0,15,100,16,131
216,149,33,18,17,217
220,16,34,66,18,134
221,0,34,66,18,118
223,33,33,18,17,101
224,49,35,82,17,183
225,33,35,82,17,167
226,16,35,82,17,150
228,0,17,82,17,116
229,0,33,0,17,50
231,0,32,51,17,100
232,0,15,51,17,83
234,17,34,49,17,117
235,0,34,49,17,100
237,0,33,117,17,167
239,33,34,50,17,134
241,0,34,50,17,101
242,0,17,50,17,84
243,0,33,50,16,99
245,0,34,32,17,83
246,33,16,100,17,166
247,0,32,100,17,149
249,0,35,49,16,100
251,32,33,51,15,131
254,50,32,17,19,118
255,0,34,17,15,66
256,66,19,15,17,117
257,0,32,17,19,68
258,15,36,15,17,83
260,19,32,16,17,84
263,0,33,17,17,67
264,0,17,17,17,51
265,34,34,49,17,134
267,0,34,49,17,100
269,16,16,51,17,100
270,0,16,51,17,84
271,17,17,17,17,68
272,17,34,33,17,101
274,0,17,33,17,67
277,0,32,50,16,98
278,0,15,50,16,81
280,33,16,51,17,117
281,33,34,17,17,101
282,16,34,17,17,84
283,0,34,17,17,68
284,17,34,17,17,85
285,34,34,16,16,100
289,0,32,67,18,117
290,0,16,67,18,101
293,15,17,133,18,183
294,0,17,133,18,168
295,33,34,0,16,83
296,0,15,18,16,49
297,0,34,0,16,50
298,16,33,0,17,66
299,16,17,0,17,50
301,33,33,50,17,133
302,0,16,50,16,82
303,18,15,50,17,100
306,16,34,0,18,68
309,0,34,17,17,68
310,0,16,17,17,50
311,17,17,0,15,49
312,17,32,17,17,83
313,0,32,17,17,66
314,51,34,16,16,117
315,0,34,17,17,68
318,17,32,17,17,83
319,0,32,17,17,66
320,33,17,83,18,151
321,34,33,17,16,100
322,17,33,17,16,83
324,16,33,50,16,115
325,33,35,133,16,217
326,51,31,18,16,116
327,0,35,133,16,184
328,18,31,18,16,83
329,0,31,18,16,65
331,34,33,18,17,102
333,0,33,18,17,68
334,15,35,16,17,83
335,0,35,16,17,68
337,0,33,16,17,66
339,33,34,16,17,100
343,0,33,33,16,82
344,17,33,16,17,83
345,0,33,16,17,66
346,17,33,0,17,67
347,33,34,0,15,82
348,0,17,0,17,34
350,0,17,0,15,32
351,0,33,0,16,49
354,0,17,17,16,50
355,0,33,33,18,84
358,16,35,17,15,83
360,0,17,17,15,49
362,15,34,33,17,99
365,0,33,0,17,50
366,17,33,83,17,150
367,0,33,83,17,133
369,68,32,34,16,150
372,17,32,34,16,99
373,0,32,34,16,82
374,51,33,0,17,101
375,0,34,67,17,118
376,16,33,0,17,66
377,0,33,0,17,50
378,0,17,0,17,34
381,0,32,0,18,50
382,0,15,0,18,33
385,0,31,51,17,99
386,15,33,18,17,83
390,17,32,18,15,82
393,33,34,0,17,84
394,15,34,0,17,66
397,0,33,66,17,116
398,0,16,66,17,99
401,0,32,17,17,66
402,15,34,17,17,83
403,0,34,17,17,68
404,51,34,15,17,117
405,34,34,15,17,100
406,17,34,15,17,83
407,0,34,15,17,66
409,0,32,0,18,50
410,17,35,15,18,85
412,0,17,15,18,50
413,33,32,17,16,98
415,32,33,18,17,100
416,16,33,18,17,84
417,0,33,18,17,68
418,34,17,15,18,84
419,0,35,15,18,68
420,17,33,116,16,182
421,15,18,116,16,165
422,0,18,116,16,150
424,17,32,51,16,116
425,0,32,51,16,99
427,0,34,50,18,102
429,33,35,33,16,117
430,51,33,0,16,100
431,68,32,18,16,134
433,0,33,0,16,49
434,0,18,0,16,34
435,32,34,83,17,166
437,0,34,83,17,134
438,16,34,16,16,82
439,0,34,16,16,66
442,16,34,50,18,118
444,39,11,17,18,85
445,68,31,17,17,133
446,0,11,17,18,46
447,17,18,65,17,117
448,34,15,17,17,83
450,0,15,17,17,49
451,0,34,51,17,102
453,17,17,67,17,118
456,17,33,0,17,67
457,0,33,0,17,50
460,0,16,16,16,48
461,16,16,0,17,49
462,16,35,0,17,68
463,0,35,0,17,52
464,0,18,0,17,35
467,0,35,49,17,101
468,18,33,16,17,84
469,0,33,16,17,66
470,17,33,0,17,67
471,0,33,0,17,50
472,0,17,0,17,34
473,0,33,102,16,151
474,0,16,102,16,134
475,0,34,0,16,50
476,18,34,0,16,68
477,0,34,0,16,50
478,34,18,0,16,68
479,0,34,0,16,50
480,18,31,35,15,99
482,15,35,0,15,65
483,0,35,0,15,50
484,17,32,17,17,83
485,0,32,17,17,66
486,0,17,17,17,51
488,34,16,0,16,66
490,32,17,16,17,82
492,0,17,16,17,50
493,0,33,18,16,67
494,17,34,18,15,84
495,0,34,18,15,67
497,0,33,51,16,100
499,16,18,17,16,67
500,18,33,101,16,168
502,16,34,17,15,82
503,0,34,17,15,66
504,17,32,17,18,84
506,15,35,16,15,81
508,18,31,85,17,151
509,31,34,68,16,149
511,0,34,68,16,118
514,17,34,16,15,82
515,17,17,16,15,65
516,17,31,18,16,82
517,16,15,18,16,65
518,0,15,18,16,49
519,0,34,33,17,84
523,117,17,18,16,168
524,0,18,117,16,151
525,32,34,233,18,317
526,17,34,233,18,302
527,0,34,233,18,285
528,0,15,233,18,266
529,16,17,18,16,67
531,0,34,16,16,66
532,16,32,18,16,82
533,0,32,18,16,66
534,50,38,163,16,267
536,16,38,163,16,233
538,20,30,32,18,100
539,46,16,84,17,163
541,16,16,84,17,133
542,16,33,51,17,117
544,15,35,16,17,83
545,0,35,16,17,68
546,17,33,16,17,83
548,17,33,51,15,116
552,15,34,18,16,83
553,0,34,18,16,68
554,15,34,16,16,81
555,0,34,16,16,66
556,16,32,0,17,65
558,16,35,0,17,68
559,17,18,0,17,52
560,0,18,0,17,35
563,0,31,18,17,66
565,35,32,0,17,84
566,17,32,0,17,66
567,32,34,83,17,166
568,16,34,83,17,150
569,51,16,50,17,134
570,0,17,83,17,117
571,66,34,17,17,134
574,13,34,17,17,81
575,17,17,17,17,68
576,17,34,16,17,84
577,34,33,0,16,83
578,17,33,0,16,66
579,0,33,0,16,49
581,0,34,0,16,50
582,50,34,0,18,102
583,16,16,18,16,66
584,0,16,18,16,50
587,0,33,0,17,50
588,0,15,0,17,32
589,17,17,0,15,49
590,17,33,33,17,100
591,0,33,33,17,83
594,16,33,17,17,83
595,0,33,17,17,67
596,0,16,17,17,50
597,17,17,17,18,69
598,17,35,0,15,67
599,0,35,0,15,50
600,18,32,15,19,84
601,15,17,15,19,66
603,0,34,13,20,67
604,19,33,0,16,68
605,0,33,0,16,49
606,52,33,184,17,286
607,0,32,17,16,65
608,0,16,17,16,49
609,33,33,17,18,101
610,16,33,17,18,84
612,51,33,15,17,116
613,0,35,0,16,51
614,18,33,15,17,83
615,0,33,15,17,65
616,0,17,15,17,49
619,0,34,17,17,68
620,17,34,16,17,84
622,50,33,0,18,101
624,17,33,0,18,68
626,17,35,15,16,83
627,18,17,15,16,66
628,132,17,34,16,199
630,16,35,16,16,83
631,0,35,16,16,67
632,18,32,0,17,67
633,83,17,0,16,116
636,51,33,16,18,118
638,17,33,16,18,84
639,67,32,17,16,132
640,0,17,16,18,51
641,0,34,16,16,66
642,18,32,17,16,83
643,0,32,17,16,65
645,0,33,17,17,67
646,16,34,17,17,84
647,34,34,32,17,117
649,0,34,32,17,83
650,83,32,18,17,150
653,34,32,18,17,101
655,32,35,100,17,184
656,0,16,18,17,51
658,0,17,100,17,134
660,36,16,33,17,102
661,0,33,33,17,83
662,0,16,33,17,66
666,0,15,0,17,32
667,0,34,0,17,51
668,0,17,0,17,34
669,101,32,0,17,150
672,199,16,52,15,282
674,17,32,0,17,66
676,17,34,34,17,102
677,0,34,34,17,85
678,0,17,34,17,68
679,0,34,65,17,116
680,17,32,17,16,82
684,33,17,18,15,83
686,0,17,18,15,50
687,18,15,17,17,67
688,15,34,16,16,81
690,17,32,52,17,118
691,101,33,67,16,217
692,16,35,17,17,85
693,0,35,17,17,69
694,18,34,16,17,85
695,34,33,67,16,150
698,17,32,0,17,66
699,0,32,0,17,49
700,0,15,0,17,32
701,0,35,116,16,167
702,34,15,19,15,83
703,0,31,19,15,65
705,168,34,50,16,268
707,0,34,17,16,67
708,0,16,17,16,49
709,100,34,50,16,200
710,16,34,33,17,100
714,16,34,50,16,116
717,100,33,17,16,166
718,15,34,17,17,83
719,84,17,17,16,134
720,0,16,17,17,50
721,34,33,17,16,100
722,117,32,52,14,215
723,0,33,17,16,66
724,0,17,17,16,50
725,33,34,49,16,132
726,16,34,49,16,115
728,17,32,52,14,115
729,0,32,52,14,98
730,0,17,52,14,83
731,0,33,84,15,132
732,0,16,84,15,115
734,0,14,18,16,48
735,34,32,20,16,102
737,0,32,20,16,68
738,0,15,20,16,51
739,0,36,15,17,68
741,200,33,82,17,332
742,17,33,0,18,68
743,0,33,0,18,51
744,16,33,84,18,151
745,168,32,50,17,267
746,50,32,17,18,117
747,0,35,49,18,102
748,16,32,17,18,83
749,0,32,17,18,67
751,0,35,84,16,135
753,0,33,82,17,132
754,17,32,50,17,116
755,32,35,50,15,132
757,35,32,18,15,100
758,0,16,50,15,81
759,0,32,18,15,65
760,17,33,18,18,86
761,0,33,18,18,69
762,15,36,48,17,116
764,50,33,67,16,166
766,17,33,67,16,133
768,17,34,16,17,84
769,0,34,16,17,67
770,49,33,17,17,116
771,100,34,0,15,149
772,17,33,17,17,84
774,0,17,17,17,51
776,34,17,0,15,66
777,0,34,0,15,49
778,0,17,0,15,32
779,32,33,50,18,133
780,0,17,0,16,33
783,84,17,65,17,183
784,50,33,65,17,165
785,0,33,0,16,49
786,18,33,65,17,133
787,98,34,51,17,200
788,82,34,51,17,184
789,32,33,34,17,116
790,15,33,34,17,99
791,0,33,34,17,84
793,0,34,51,17,102
794,0,17,51,17,85
795,33,35,33,16,117
796,0,16,18,17,51
797,0,35,33,16,84
798,17,33,34,15,99
800,18,34,0,15,67
801,0,34,0,15,49
803,32,33,17,17,99
804,0,17,82,18,117
805,0,33,17,17,67
806,16,34,15,18,83
808,32,18,17,16,83
809,0,33,17,16,66
810,86,33,15,17,151
812,51,33,15,17,116
814,17,33,15,17,82
816,49,34,49,17,149
817,0,32,17,17,66
818,17,34,49,17,117
819,0,34,49,17,100
820,34,17,15,17,83
822,32,17,17,17,83
823,0,32,17,17,66
825,0,34,16,17,67
826,17,33,32,18,100
827,83,18,99,17,217
828,0,17,32,18,67
830,15,36,99,17,167
831,0,36,99,17,152
832,167,17,18,15,217
833,0,32,17,16,65
836,16,34,17,17,84
837,101,33,16,17,167
839,0,34,82,17,133
840,83,33,16,18,150
843,183,16,17,18,234
844,15,33,16,18,82
845,33,34,0,17,84
847,0,34,0,17,51
848,0,18,0,17,35
850,49,33,17,18,117
851,0,32,17,16,65
852,49,35,16,17,117
854,16,35,16,17,84
855,0,35,16,17,68
858,17,32,17,17,83
859,0,32,17,17,66
860,17,34,16,18,85
861,34,34,100,15,183
862,0,17,16,18,51
863,0,34,100,15,149
864,18,32,17,16,83
866,0,17,17,16,50
867,33,35,15,17,100
868,16,35,15,17,83
870,32,17,18,16,83
871,32,34,16,16,98
872,0,17,18,16,51
873,0,34,16,16,66
875,0,32,52,15,99
876,83,36,47,18,184
877,36,31,50,18,135
879,31,36,47,18,132
881,36,32,33,16,117
883,32,33,16,16,97
885,0,33,16,16,65
887,0,32,18,17,67
888,0,16,18,17,51
889,85,18,16,16,135
891,0,34,16,18,68
893,0,34,16,16,66
894,0,18,16,16,50
897,0,33,50,17,100
898,0,16,50,17,83
902,17,34,16,17,84
903,34,33,0,15,82
904,50,32,35,15,132
905,33,32,35,15,115
906,17,32,35,15,99
908,0,17,35,15,67
913,32,35,66,18,151
914,0,17,0,17,34
915,0,35,66,18,119
916,50,34,18,15,117
917,32,34,18,15,99
921,33,34,66,16,149
922,0,15,17,17,49
923,0,34,66,16,116
925,0,32,16,18,66
926,0,17,16,18,51
927,16,18,33,17,84
928,18,33,101,17,169
929,0,33,101,17,151
930,34,16,0,17,67
931,101,32,83,19,235
932,0,16,0,17,33
935,0,34,84,16,134
936,82,35,15,19,151
939,0,33,50,19,102
940,165,18,32,18,233
942,16,34,50,15,115
944,19,32,18,15,84
945,0,32,18,15,65
946,17,33,16,18,84
948,49,32,0,18,99
949,34,32,0,18,84
950,18,32,0,18,68
951,0,32,0,18,50
954,0,17,16,16,49
955,32,35,51,14,132
956,85,31,18,16,150
957,0,35,51,14,100
958,0,16,51,14,81
960,19,31,18,16,84
962,14,34,32,18,98
963,34,32,0,18,84
964,48,36,0,19,103
965,32,36,0,19,87
966,16,36,0,19,71
967,0,36,0,19,55
968,85,34,0,17,136
969,0,35,99,17,151
970,0,16,99,17,132
971,15,17,17,17,66
973,0,34,0,17,51
974,34,16,51,17,118
978,82,35,66,16,199
980,48,35,66,16,165
983,0,35,66,16,117
984,0,17,66,16,99
986,17,33,16,17,83
989,0,33,85,18,136
990,0,17,85,18,120
991,0,34,17,16,67
992,49,36,16,14,115
993,0,33,18,18,69
994,82,39,11,18,150
995,36,30,39,29,134
996,18,30,39,29,116
999,0,39,11,18,68
1001,0,29,83,17,129
1002,35,15,18,16,84
1003,0,32,18,16,66
1005,0,34,51,17,102
1006,249,35,82,16,382
1007,0,34,84,17,135
1008,166,17,101,15,299
1010,17,32,18,17,84
1012,584,33,18,16,651
1013,433,35,15,18,501
1014,17,33,0,15,65
1015,0,33,0,15,48
1016,18,32,101,15,166
1017,32,33,133,17,215
1018,50,35,82,16,183
1019,0,33,133,17,183
1020,16,35,82,16,149
1022,34,17,0,15,66
1023,0,33,0,15,48
1024,17,32,50,17,116
1025,0,32,50,17,99
1026,50,34,51,15,150
1027,0,33,51,17,101
1028,16,34,51,15,116
1029,34,34,17,15,100
1030,51,32,18,16,117
1031,0,34,17,15,66
1032,17,32,18,16,83
1033,0,32,18,16,66
1034,15,34,49,19,117
1035,0,34,49,19,102
1036,16,33,16,19,84
1037,33,35,15,18,101
1038,15,35,15,18,83
1039,118,16,18,15,167
1040,19,33,50,16,118
1041,0,33,50,16,99
1042,35,16,84,16,151
1043,50,16,18,15,99
1046,98,18,16,16,148
1048,15,34,65,18,132
1049,34,33,16,16,99
1051,0,33,16,16,65
1052,117,34,51,16,218
1053,0,32,118,17,167
1054,16,35,32,20,103
1055,0,35,32,20,87
1056,0,17,32,20,69
1057,401,31,0,18,450
1061,0,34,84,16,134
1062,17,33,16,18,84
1064,16,34,84,16,150
1066,18,33,51,16,118
1068,98,17,52,16,183
1069,0,34,17,16,67
1070,17,33,15,17,82
1071,0,33,15,17,65
1072,48,34,18,16,116
1074,17,34,18,16,85
1075,0,34,18,16,68
1076,35,16,15,19,85
1078,0,16,15,19,50
1079,34,31,0,18,83
1080,34,16,0,18,68
1082,0,16,0,18,34
1083,0,33,36,15,84
1084,0,15,36,15,66
1085,36,32,34,17,119
1086,34,17,34,17,102
1087,0,32,34,17,83
1088,33,18,50,17,118
1090,18,33,150,17,218
1094,17,33,0,15,65
1095,99,34,98,18,249
1096,0,16,0,15,31
1098,0,17,0,17,34
1101,0,34,98,18,150
1102,17,33,49,16,115
1103,0,33,49,16,98
1104,16,32,33,18,99
1105,83,17,32,17,149
1106,83,32,17,19,151
1107,0,33,0,18,51
1108,16,35,32,17,100
1109,0,35,32,17,84
1110,332,17,18,17,384
1113,0,36,14,18,68
1114,0,19,14,18,51
1115,0,32,33,18,83
1116,51,36,15,15,117
1117,215,17,18,17,267
1119,0,36,15,15,66
1120,0,18,15,15,48
1121,30,33,18,16,97
1122,15,33,18,16,82
1123,0,33,18,16,67
1124,16,34,84,17,151
1125,0,34,84,17,135
1126,33,16,16,17,82
1128,0,16,16,17,49
1129,0,33,18,17,68
1130,17,35,15,19,86
1133,100,33,65,17,215
1134,19,32,34,16,101
1135,231,35,16,17,299
1137,101,31,67,18,217
1139,33,34,17,14,98
1140,0,17,65,17,99
1142,0,17,17,14,48
1143,0,31,67,18,116
1144,99,17,16,17,149
1145,36,31,68,17,152
1146,0,19,16,15,50
1147,31,35,16,17,99
1154,0,17,16,17,50
1157,0,31,20,14,65
1158,14,34,18,17,83
1159,34,35,17,16,102
1160,0,14,18,17,49
1161,35,33,49,17,134
1164,16,33,16,17,82
1168,17,33,0,17,67
1171,100,34,64,20,218
1173,33,33,17,17,100
1176,184,32,16,16,248
1177,0,34,64,20,118
1178,34,16,16,15,81
1179,0,33,16,15,64
1180,182,35,0,15,232
1182,15,35,17,19,86
1183,35,36,15,17,103
1185,0,36,15,17,68
1187,0,32,16,16,64
1189,0,32,17,18,67
1191,0,35,0,15,50
1192,18,32,50,17,117
1193,0,32,50,17,99
1195,101,32,17,18,168
1196,116,35,15,18,184
1197,0,33,49,17,99
1198,100,18,15,18,151
1199,0,34,234,15,283
1201,365,34,0,17,416
1202,17,35,15,18,85
1203,0,35,15,18,68
1204,251,33,49,17,350
1205,0,33,16,17,66
1206,18,33,83,18,152
1208,49,34,101,16,200
1209,0,32,51,18,101
1210,16,34,101,16,167
1211,101,34,33,16,184
1213,35,32,50,17,134
1216,51,33,49,17,150
1217,0,34,33,16,83
1218,16,33,49,17,115
1219,33,32,17,17,99
1220,0,17,49,17,83
1221,0,32,17,17,66
1223,17,17,0,17,51
1224,17,34,66,18,135
1225,0,34,66,18,118
1226,0,17,66,18,101
1228,33,17,0,18,68
1229,34,33,34,17,118
1230,35,15,34,17,101
1231,0,33,34,17,84
1232,49,34,50,17,150
1233,34,34,50,17,135
1235,0,34,50,17,101
1236,34,16,17,17,84
1239,0,34,50,17,101
1240,0,17,50,17,84
1242,0,15,18,17,50
1243,0,35,115,17,167
1244,0,17,115,17,149
1245,0,33,33,17,83
1246,18,33,0,17,68
1247,33,33,16,17,99
1249,0,33,16,17,66
1250,49,33,17,17,116
1251,0,33,16,17,66
1252,17,33,17,17,84
1253,0,33,17,17,67
1257,0,34,50,16,100
1258,17,33,49,17,116
1259,33,33,16,17,99
1260,0,16,49,17,82
1263,0,33,32,19,84
1264,35,14,19,15,83
1265,32,34,0,17,83
1266,83,34,48,17,182
1267,0,34,0,17,51
1268,32,18,16,18,84
1269,0,35,16,18,69
1270,83,34,17,16,150
1273,0,31,17,17,65
1274,17,34,17,16,84
1277,0,33,33,17,83
1278,16,33,0,17,66
1281,0,34,67,16,117
1283,35,32,0,16,83
1284,19,32,0,16,67
1285,32,33,0,17,82
1286,17,33,0,17,67
1287,33,34,0,16,83
1288,34,17,0,16,67
1289,34,33,0,17,84
1293,34,33,17,16,100
1297,0,33,17,17,67
1298,16,34,16,17,83
1299,84,16,82,17,199
1300,33,17,49,16,115
1301,33,33,82,17,165
1302,184,33,15,18,250
1303,0,33,82,17,132
1304,0,16,82,17,115
1306,16,34,16,17,83
1307,34,33,17,18,102
1309,0,33,17,18,68
1310,17,35,48,18,118
1311,101,32,85,17,235
1316,18,32,85,17,152
1317,0,32,85,17,134
1318,116,32,17,16,181
1319,17,18,50,17,102
1322,17,34,49,16,116
1323,0,34,49,16,99
1325,0,32,17,16,65
1327,33,34,0,18,85
1328,16,34,0,18,68
1330,34,15,0,17,66
1331,33,34,50,16,133
1332,32,17,50,16,115
1335,0,33,17,16,66
1336,0,16,17,16,49
1337,0,33,50,17,100
1338,182,34,0,18,234
1339,0,33,101,17,151
1340,17,34,17,18,86
1341,0,34,17,18,69
1343,84,15,0,17,116
1344,82,34,0,18,134
1346,0,15,17,15,47
1347,0,32,0,17,49
1348,32,17,0,18,67
1349,0,34,0,18,52
1350,0,17,0,18,35
1352,0,16,0,17,33
1354,0,15,68,17,100
1355,85,16,0,17,118
1356,51,33,0,17,101
1357,82,17,16,17,132
1359,33,34,16,17,100
1360,0,16,0,17,33
1361,0,34,16,17,67
1362,50,34,100,15,199
1364,17,34,100,15,166
1366,32,17,17,18,84
1367,32,35,48,17,132
1368,52,33,15,17,117
1369,0,35,48,17,100
1371,33,32,16,18,99
1373,102,30,17,17,166
1374,0,17,16,18,51
1375,0,34,16,20,70
1376,54,30,17,17,118
1378,50,34,49,17,150
1379,0,30,17,17,64
1380,16,34,49,17,116
1381,184,16,17,17,234
1382,34,17,32,17,100
1384,32,17,17,17,83
1385,0,32,17,17,66
1386,17,34,0,17,68
1388,100,17,66,17,200
1389,33,33,17,17,100
1391,0,33,17,17,67
1392,100,16,17,17,150
1393,34,33,0,17,84
1394,17,33,0,17,67
1395,0,33,0,17,50
1396,33,16,17,17,83
1397,33,34,0,17,84
1398,0,16,17,17,50
1399,0,34,0,17,51
1400,101,16,104,14,235
1402,0,15,52,16,83
1403,0,35,17,16,68
1405,0,33,104,14,151
1407,0,33,0,17,50
1408,32,24,30,14,100
1409,0,41,30,14,85
1410,0,24,30,14,68
1411,0,30,14,18,62
1412,34,18,0,17,69
1413,0,32,0,17,49
1414,0,18,0,17,35
1415,0,32,17,16,65
1416,66,17,0,17,100
1418,16,35,0,17,68
1419,52,17,0,15,84
1421,0,34,0,15,49
1422,0,17,0,15,32
1423,0,32,16,16,64
1424,0,17,16,16,49
1428,17,33,85,16,151
1429,0,33,85,16,134
1430,0,16,85,16,117
1431,0,34,51,16,101
1432,0,16,51,16,83
1433,17,17,17,16,67
1434,0,17,17,16,50
1436,49,33,18,16,116
1438,83,34,16,17,150
1440,17,34,17,17,85
1441,0,34,17,17,68
1442,16,34,16,17,83
1443,0,34,16,17,67
1444,17,33,0,16,66
1446,17,33,83,17,150
1447,0,33,83,17,133
1448,0,17,83,17,117
1449,0,33,85,15,133
1451,0,33,17,17,67
1453,167,35,15,17,234
1454,35,15,18,15,83
1455,168,32,17,16,233
1456,33,15,18,16,82
1457,0,33,18,16,67
1460,0,16,50,18,84
1461,0,33,50,17,100
1462,83,33,17,16,149
1464,616,34,17,15,682
1465,465,35,16,15,531
1469,0,33,18,16,67
1471,0,34,50,16,100
1475,0,33,18,15,66
1477,33,34,16,17,100
1478,0,15,19,15,49
1480,0,15,16,17,48
1481,0,33,17,16,66
1482,0,17,17,16,50
1483,0,33,0,18,51
1484,16,35,49,17,117
1487,0,32,118,15,165
1488,0,15,118,15,148
1489,0,34,17,16,67
1490,101,15,17,17,150
1491,33,35,16,15,99
1492,233,17,17,15,282
1493,35,31,17,17,100
1494,20,31,17,17,85
1495,0,31,17,17,65
1496,15,34,134,17,200
1497,34,33,17,17,101
1499,33,34,17,15,99
1500,16,34,17,15,82
1501,0,34,17,15,66
1502,17,32,0,18,67
1503,99,34,18,16,167
1505,0,35,17,15,67
1507,0,32,18,16,66
1508,0,15,18,16,49
1509,34,34,67,17,152
1512,0,16,67,17,100
1513,0,33,0,17,50
1514,16,34,32,17,99
1515,101,32,17,17,167
1516,0,17,32,17,66
1518,32,18,49,17,116
1520,0,18,49,17,84
1521,0,32,17,17,66
1523,17,17,33,18,85
1524,17,33,0,18,68
1525,0,33,0,18,51
1526,0,16,0,18,34
1528,49,34,17,17,117
1529,85,17,15,17,134
1531,0,34,17,17,68
1533,0,34,15,17,66
1534,0,17,15,17,49
1535,0,32,0,15,47
1536,17,32,17,17,83
1538,0,17,17,17,51
1540,17,34,67,15,133
1542,16,34,48,17,115
1543,51,16,15,17,99
1544,17,33,15,17,82
1545,33,32,18,17,100
1546,132,17,16,17,182
1548,0,17,18,17,52
1549,0,35,49,17,101
1550,17,33,16,17,83
1552,16,33,16,17,82
1553,33,33,17,17,100
1554,17,33,17,17,84
1556,34,17,17,15,83
1557,34,32,0,17,83
1558,167,15,17,18,217
1560,82,34,0,17,133
1561,0,34,16,17,67
1563,0,33,34,17,84
1564,17,34,0,17,68
1565,0,34,0,17,51
1566,17,32,17,18,84
1568,0,15,17,18,50
1569,17,18,34,17,86
1570,18,34,49,16,117
1571,0,34,49,16,99
1572,199,17,33,17,266
1573,0,32,33,17,82
1576,33,17,0,16,66
1579,0,33,20,30,83
1582,30,17,33,17,97
1583,17,17,33,17,84
1585,33,34,0,15,82
1586,34,17,0,15,66
1590,568,16,51,16,651
1591,0,34,15,16,65
1592,0,17,15,16,48
1593,0,31,0,18,49
1596,0,17,0,16,33
1597,0,33,34,17,84
1600,34,15,51,17,117
1601,0,32,51,17,100
1603,0,35,16,17,68
1604,0,17,16,17,50
1606,17,33,50,17,117
1607,0,33,50,17,100
1608,17,34,16,17,84
1609,216,17,0,17,250
1611,0,33,0,16,49
1613,49,17,33,18,117
1615,33,33,0,18,84
1616,100,17,0,17,134
1617,0,33,0,18,51
1618,101,16,51,16,184
1619,1001,33,0,17,1051
1621,0,33,0,17,50
1623,0,33,51,16,100
1624,0,16,51,16,83
1625,0,34,17,16,67
1626,100,17,0,17,134
1629,33,34,0,17,84
1630,34,17,0,17,68
1632,34,15,0,17,66
1633,32,34,0,18,84
1634,0,15,0,17,32
1635,0,34,0,18,52
1636,0,17,0,18,35
1637,0,34,66,18,118
1639,0,34,32,18,84
1640,766,16,0,18,800
1641,0,32,50,17,99
1642,17,34,33,16,100
1643,0,34,33,16,83
1644,483,33,17,16,549
1645,16,17,33,17,83
1647,0,33,51,17,101
1648,102,15,17,17,151
1649,0,34,66,17,117
1653,32,34,49,17,132
1654,98,17,17,16,148
1655,34,32,17,17,100
1657,0,32,17,17,66
1658,0,14,17,17,48
1659,17,17,17,16,67
1660,0,17,17,16,50
1661,0,33,50,18,101
1662,49,35,32,17,133
1664,99,17,84,16,216
1665,101,34,50,16,201
1667,0,32,52,16,100
1668,33,17,84,16,150
1669,34,34,50,16,134
1670,0,17,84,16,117
1672,16,33,17,16,82
1674,18,33,49,18,118
1675,0,33,49,18,100
1677,34,33,0,17,84
1678,51,34,16,16,117
1679,15,18,0,17,50
1681,0,34,16,16,66
1683,0,32,0,17,49
1684,16,33,0,18,67
1685,0,33,0,18,51
1686,0,16,0,18,34
1689,0,35,0,16,51
1690,33,18,49,16,116
1692,49,34,68,15,166
1695,34,33,50,17,134
1696,49,35,15,17,116
1697,100,34,0,17,151
1698,52,32,17,17,118
1700,18,32,17,17,84
1701,32,34,0,17,83
1702,0,17,17,17,51
1703,0,34,0,17,51
1704,217,33,0,16,266
1705,99,35,0,15,149
1707,0,34,15,17,66
1708,49,35,0,15,99
1709,32,35,0,15,82
1710,118,33,0,16,167
1711,0,35,0,15,50
1712,116,34,15,18,183
1713,0,32,17,17,66
1714,51,33,0,16,100
1715,233,34,0,17,284
1716,17,33,0,16,66
1717,0,33,0,16,49
1718,31,18,15,18,82
1719,34,33,83,16,166
1720,51,34,82,17,184
1721,0,33,83,16,132
1722,18,34,82,17,151
1724,0,18,82,17,117
1726,49,34,0,17,100
1727,32,34,0,17,83
1728,33,17,0,17,67
1731,100,33,16,17,166
1732,0,17,0,16,33
1734,50,33,16,17,116
1737,33,33,117,17,200
1738,49,34,0,17,100
1739,0,33,117,17,167
1740,17,34,0,17,68
1741,0,34,0,17,51
1742,16,34,49,17,116
1743,0,34,49,17,100
1745,32,34,16,17,99
1746,182,34,17,15,248
1747,0,34,16,17,67
1748,284,34,0,15,333
1749,184,15,0,18,217
1751,0,34,100,17,151
1753,0,34,66,17,117
1754,49,34,17,15,115
1755,0,32,17,17,66
1756,16,34,17,15,82
1757,0,34,17,15,66
1758,0,17,17,15,49
1759,0,32,0,18,50
1760,0,15,0,18,33
1763,33,34,0,15,82
1764,34,18,0,15,67
1765,0,34,0,15,49
1766,33,18,132,18,201
1767,33,32,0,17,82
1768,0,18,132,18,168
1769,0,32,0,17,49
1770,0,16,0,17,33
1772,50,33,18,15,116
1774,50,33,17,17,117
1775,0,33,18,15,66
1777,0,33,17,17,67
1778,0,15,17,17,49
1779,101,33,18,15,167
1781,84,16,18,15,133
1782,0,17,17,16,50
1783,0,33,17,16,66
1785,0,33,18,15,66
1786,16,33,0,17,66
1787,33,35,33,16,117
1789,35,33,0,16,84
1791,33,33,17,17,100
1793,0,33,17,17,67
1794,86,30,17,17,150
1795,17,17,16,19,69
1797,35,30,17,17,99
1798,0,19,47,17,83
1799,0,30,17,17,64
1800,0,16,17,17,50
1801,34,33,17,16,100
1802,83,34,33,16,166
1803,0,33,17,16,66
1806,34,16,33,16,99
1807,0,34,33,16,83
1808,0,16,33,16,65
1810,0,17,0,16,33
1811,33,34,83,17,167
1812,51,34,49,17,151
1813,0,34,83,17,134
1814,51,34,15,17,117
1817,0,34,15,17,66
1818,82,34,0,17,133
1819,32,33,34,17,116
1823,201,32,35,15,283
1825,34,33,16,19,102
1826,85,32,65,16,198
1828,52,32,65,16,165
1829,0,35,14,18,67
1830,19,32,65,16,132
1832,18,33,17,15,83
1833,0,33,17,15,65
1834,17,32,35,15,99
1835,32,35,0,15,82
1838,0,19,0,15,34
1839,32,33,34,16,115
1840,0,17,17,16,50
1842,50,33,101,16,200
1843,100,34,84,16,234
1844,32,17,101,16,166
1847,33,34,84,16,167
1848,0,16,53,31,100
1850,35,48,17,16,116
1851,50,17,17,16,100
1852,31,17,17,16,81
1854,0,17,17,16,50
1855,0,33,18,16,67
1856,100,16,14,20,150
1857,0,34,50,16,100
1858,32,16,18,16,82
1859,0,32,18,16,66
1860,0,16,18,16,50
1861,18,16,14,20,68
1862,82,34,17,16,149
1863,0,34,83,16,133
1864,185,35,17,17,254
1865,0,32,17,17,66
1866,0,17,17,17,51
1867,0,34,17,16,67
1868,34,16,18,16,84
1869,33,34,101,17,185
1870,185,30,17,18,250
1872,0,16,101,17,134
1873,32,35,17,17,101
1875,0,35,17,17,69
1876,86,30,17,18,151
1878,17,34,14,16,81
1879,0,34,14,16,64
1880,0,17,14,16,47
1881,14,16,17,18,65
1882,33,18,17,17,85
1883,0,35,17,17,69
1884,0,18,17,17,52
1885,0,34,16,17,67
1886,33,17,82,17,149
1887,0,33,82,17,132
1888,0,17,82,17,116
1889,282,18,17,15,332
1890,17,35,15,17,84
1891,18,17,15,17,67
1892,32,17,84,16,149
1893,0,32,84,16,132
1894,49,34,18,16,117
1895,0,32,17,17,66
1896,14,34,18,16,82
1897,0,34,18,16,68
1899,0,34,17,17,68
1900,84,33,17,15,149
1901,0,34,17,17,68
1902,116,35,65,17,233
1904,17,33,17,15,82
1905,0,33,17,15,65
1906,18,32,35,17,102
1907,0,32,35,17,84
1908,15,35,65,17,132
1909,0,35,65,17,117
1911,32,33,0,17,82
1912,0,15,17,16,48
1913,0,33,0,17,50
1914,33,18,15,17,83
1915,101,34,65,17,217
1917,0,32,0,16,48
1918,100,17,0,16,133
1919,0,34,17,17,68
1923,0,32,0,16,48
1924,17,33,0,17,67
1926,218,33,0,17,268
1927,34,33,17,17,101
1928,0,17,0,17,34
1930,0,16,17,17,50
1932,83,34,0,16,133
1933,199,33,0,17,249
1934,0,17,0,18,35
1936,181,34,17,17,249
1938,17,33,0,17,67
1940,0,17,0,17,34
1944,33,16,0,17,66
1945,101,33,68,15,217
1946,33,17,17,17,84
1948,118,34,0,15,167
1949,101,34,0,15,150
1951,0,33,68,15,116
1955,17,17,0,15,49
1957,0,32,99,18,149
1958,0,17,99,18,134
1959,0,34,15,17,66
1960,16,32,0,19,67
1961,15,17,0,19,51
1962,36,14,0,18,68
1964,0,14,0,18,32
1965,0,34,33,17,84
1967,33,34,0,16,83
1969,0,34,0,16,50
1970,33,17,17,17,84
1971,84,17,15,18,134
1972,0,17,17,17,51
1974,17,34,15,18,84
1975,34,33,33,16,116
1976,17,33,33,16,99
1978,34,17,16,17,84
1980,0,17,16,17,50
1981,0,33,49,17,99
1982,0,17,49,17,83
1985,0,32,168,19,219
1986,17,34,117,17,185
1987,0,34,117,17,168
1988,84,33,53,29,199
1989,32,35,86,29,182
1990,0,15,19,16,50
1991,19,16,86,29,150
1992,16,33,53,29,131
1993,0,33,53,29,115
1994,49,19,13,16,97
1997,0,19,13,16,48
1999,0,33,151,17,201
2000,51,34,17,16,118
2001,0,34,16,18,68
2002,33,18,17,16,84
2003,34,33,50,17,134
2004,18,33,50,17,118
2005,0,33,50,17,100
2006,83,34,17,15,149
2007,33,34,17,17,101
2008,84,32,67,17,200
2009,85,15,67,17,184
2010,17,34,17,15,83
2011,0,34,17,15,66
2013,0,32,67,17,116
2014,49,33,0,17,99
2015,0,34,33,17,84
2016,117,34,16,16,183
2018,16,33,84,16,149
2025,32,20,13,17,82
2026,36,47,17,17,117
2027,0,20,13,17,50
2028,0,47,17,17,81
2029,101,34,16,16,167
2030,0,17,17,17,51
2031,17,17,16,17,67
2033,33,34,16,16,99
2034,17,34,16,16,83
2035,0,34,16,16,66
2036,17,32,16,19,84
2037,0,32,16,19,67
2039,0,35,16,15,66
2040,0,19,16,15,50
2043,0,34,17,16,67
2045,33,34,67,17,151
2046,34,16,67,17,134
2047,0,34,67,17,118
2049,34,33,50,16,133
2050,0,17,133,17,167
2052,0,18,50,16,84
2053,0,33,17,16,66
2054,49,34,17,15,115
2055,84,15,51,17,167
2056,50,32,51,17,150
2058,17,32,51,17,117
2059,32,35,66,17,150
2060,0,15,51,17,83
2061,86,15,33,17,151
2062,50,33,33,17,133
2063,0,33,0,18,51
2064,35,15,33,17,100
2067,300,32,18,17,367
2068,33,16,0,17,66
2069,0,33,0,17,50
2070,0,16,0,17,33
2071,318,16,33,17,384
2072,0,18,16,17,51
2073,0,33,50,17,100
2074,84,32,85,14,215
2075,0,33,17,17,67
2078,0,17,15,17,49
2080,0,17,85,14,116
2081,0,34,15,18,67
2082,50,32,18,17,117
2083,0,33,18,14,65
2084,50,35,0,17,102
2085,0,32,18,17,67
2086,14,35,0,17,66
2087,0,35,0,17,52
2088,34,16,33,17,100
2090,100,16,17,17,150
2092,234,17,17,17,285
2093,34,33,17,17,101
2094,34,16,17,17,84
2095,0,33,17,17,67
2096,50,32,17,16,115
2097,34,32,17,16,99
2098,17,32,17,16,82
2100,0,17,17,16,50
2102,16,34,17,17,84
2103,0,34,17,17,68
2104,0,16,17,17,50
2105,0,34,17,17,68
2106,34,17,17,15,83
2107,34,32,49,16,131
2108,0,17,17,15,49
2111,33,32,18,17,100
2112,0,16,16,16,48
2113,0,32,18,17,67
2114,16,35,17,16,84
2115,0,35,17,16,68
2116,17,33,18,17,85
2117,0,33,18,17,68
2119,0,35,16,17,68
2121,0,33,16,16,65
2122,0,17,16,16,49
2123,0,32,18,17,67
2124,0,16,18,17,51
2125,0,35,17,15,67
2127,0,32,17,17,66
2128,32,17,50,16,115
2130,0,17,50,16,83
2131,0,32,18,16,66
2132,16,34,16,18,84
2133,0,34,16,18,68
2134,16,34,16,17,83
2135,0,34,16,17,67
2137,0,33,17,16,66
2138,17,33,51,17,118
2139,0,33,51,17,101
2140,16,34,17,17,84
2141,0,34,17,17,68
2144,17,32,17,17,83
2145,0,32,17,17,66
2146,0,17,17,17,51
2148,17,32,0,18,67
2149,32,34,17,17,100
2151,18,16,17,17,68
2152,50,32,18,17,117
2154,17,32,18,17,84
2155,32,35,49,18,134
2156,15,35,49,18,117
2157,0,35,49,18,102
2160,0,17,17,18,52
2161,17,18,15,17,67
2162,18,32,18,16,84
2163,0,32,18,16,66
2164,17,34,33,17,101
2165,0,34,33,17,84
2166,16,33,34,17,100
2167,0,33,34,17,84
2169,17,17,17,15,66
2170,0,17,17,15,49
2171,0,32,17,15,64
2172,0,15,17,15,47
2173,17,15,19,17,68
2176,50,33,16,17,116
2177,0,33,16,17,66
2178,17,33,16,17,83
2179,0,33,16,17,66
2180,17,33,0,18,68
2181,0,33,0,18,51
2182,17,33,0,17,67
2183,0,33,0,17,50
2184,0,15,0,17,32
2185,0,33,0,17,50
2186,99,17,18,16,150
2187,0,34,34,15,83
2188,0,17,34,15,66
2190,16,32,18,16,82
2191,0,32,18,16,66
2192,185,34,16,17,252
2193,0,34,17,17,68
2194,16,34,34,15,99
2195,83,17,0,17,117
2197,0,34,66,17,117
2198,17,32,0,17,66
2199,0,32,0,17,49
2200,0,17,0,17,34
2202,0,17,0,17,34
2203,17,17,16,17,67
2204,50,32,0,17,99
2205,0,33,14,18,65
2206,17,32,0,17,66
2207,32,34,32,17,115
2208,18,34,32,17,101
2209,0,34,32,17,83
2211,199,34,34,15,282
2212,32,17,0,17,66
2213,34,34,17,16,101
2215,0,34,17,16,67
2216,0,17,17,16,50
2217,17,16,49,17,99
2220,49,34,34,15,132
2221,101,33,50,15,199
2222,51,34,0,15,100
2224,16,34,0,15,65
2225,84,17,16,15,132
2226,17,33,50,15,115
2227,0,33,50,15,98
2228,102,16,0,15,133
2230,0,17,16,15,48
2231,0,31,19,16,66
2232,0,15,19,16,50
2233,0,35,0,15,50
2234,16,34,99,17,166
2235,0,34,99,17,150
2237,0,33,17,17,67
2238,0,17,17,17,51
2239,0,34,0,15,49
2240,32,17,83,17,149
2242,84,33,0,16,133
2243,0,33,50,17,100
2248,0,17,0,16,33
2249,0,34,16,17,67
2250,83,35,67,15,200
2251,0,33,0,17,50
2252,84,32,85,17,218
2253,0,32,0,19,51
2254,34,16,67,15,132
2256,0,16,67,15,98
2257,32,35,0,15,82
2259,0,35,0,15,50
2260,0,18,0,15,33
2261,0,33,17,17,67
2262,169,16,16,16,217
2268,0,20,14,15,49
2269,263,33,17,17,330
2271,0,35,16,16,67
2272,16,32,0,32,80
2273,32,32,68,17,149
2274,0,16,0,32,48
2275,0,32,68,17,117
2276,0,36,166,17,219
2277,16,16,166,17,215
2278,0,16,166,17,199
2279,0,32,34,16,82
2280,0,17,34,16,67
2281,0,34,16,17,67
2284,0,17,50,17,84
2287,0,34,17,17,68
2288,34,17,16,16,83
2289,34,32,218,15,299
2290,0,17,16,16,49
2291,232,33,18,16,299
2292,33,17,100,15,165
2293,0,34,100,15,149
2294,34,16,16,17,83
2295,0,33,16,17,66
2296,16,33,18,16,83
2297,0,33,18,16,67
2298,451,34,0,17,502
2299,0,34,15,18,67
2300,31,18,51,15,115
2301,33,33,18,15,99
2302,118,33,17,18,186
2303,33,33,18,16,100
2308,117,33,17,16,183
2310,0,17,17,18,52
2311,0,35,33,15,83
2312,51,33,17,16,117
2313,0,33,50,16,99
2314,17,33,17,16,83
2315,99,34,17,16,166
2316,51,33,0,18,102
2317,33,33,0,18,84
2318,116,34,0,17,167
2319,0,33,0,18,51
2322,49,34,0,17,100
2323,0,33,17,17,67
2326,0,17,0,17,34
2327,32,35,0,15,82
2328,0,15,35,15,65
2329,235,31,17,18,301
2330,0,18,0,15,33
2331,0,33,14,19,66
2332,0,18,14,19,51
2333,14,19,17,17,67
2334,0,19,17,17,53
2335,0,34,15,18,67
2336,17,33,17,15,82
2339,0,32,0,17,49
2340,0,15,0,17,32
2341,0,35,31,17,83
2342,0,18,31,17,66
2343,16,15,17,18,66
2344,0,15,17,18,50
2346,0,18,17,17,52
2347,0,34,15,17,66
2348,17,32,100,17,166
2349,0,32,100,17,149
2352,18,31,18,16,83
2353,99,34,16,17,166
2354,17,34,17,17,85
2355,34,34,17,17,102
2356,33,17,17,17,84
2357,0,34,17,17,68
2358,0,17,17,17,51
2360,216,34,0,16,266
2363,32,35,15,19,101
2364,17,35,15,19,86
2365,0,35,15,19,69
2366,0,19,15,19,53
2367,0,34,15,16,65
2372,0,16,34,16,66
2373,0,34,0,16,50
2374,0,16,0,16,32
2375,0,32,50,17,99
2376,0,16,50,17,83
2377,0,33,17,17,67
2378,16,34,17,17,84
2379,0,34,17,17,68
2380,51,33,0,17,101
2381,0,34,0,17,51
2382,17,33,0,17,67
2384,0,16,0,17,33
2385,34,34,16,15,99
2387,0,34,16,15,65
2388,0,17,16,15,48
2390,82,33,19,16,150
2391,0,35,16,16,67
2392,66,16,19,16,117
2394,16,33,19,16,84
2395,0,33,19,16,68
2396,16,35,15,18,84
2397,68,33,17,17,135
2398,49,33,17,17,116
2399,0,33,0,18,51
2400,36,15,17,17,85
2401,33,34,17,17,101
2404,51,31,0,18,100
2405,0,34,84,32,150
2407,0,31,0,18,49
2408,15,34,34,17,100
2411,151,17,17,15,200
2412,15,32,52,16,115
2413,166,35,32,17,250
2414,34,17,32,17,100
2415,68,34,17,15,134
2417,32,34,17,15,98
2418,16,34,17,15,82
2419,83,18,32,17,150
2420,49,35,32,17,133
2421,32,35,32,17,116
2422,15,35,32,17,99
2423,0,35,32,17,84
2424,18,32,0,17,67
2425,0,32,0,17,49
2427,0,33,17,17,67
2428,183,35,16,16,250
2429,0,34,50,17,101
2430,17,35,48,17,117
2431,0,35,48,17,100
2432,53,33,16,17,119
2433,0,32,16,17,65
2434,33,17,16,17,83
2435,0,33,16,17,66
2436,17,33,18,17,85
2437,0,33,18,17,68
2438,17,35,16,16,84
2439,0,35,16,16,67
2440,0,17,16,16,49
2441,182,17,17,15,231
2443,0,32,17,17,66
2444,0,15,17,17,49
2445,34,35,16,18,103
2446,52,34,15,17,118
2447,218,17,17,16,268
2448,17,34,15,17,83
2449,217,16,17,16,266
2450,18,32,17,15,82
2451,748,17,32,18,815
2453,0,32,18,15,65
2454,0,15,18,15,48
2456,0,15,18,17,50
2457,35,34,17,16,102
2458,17,34,17,16,84
2459,0,34,17,16,67
2462,99,16,0,18,133
2463,33,32,18,16,99
2464,33,15,18,16,82
2465,0,32,18,16,66
2466,15,34,0,18,67
2468,16,32,18,16,82
2469,0,32,18,16,66
2471,34,35,100,16,185
2475,0,34,0,15,49
2476,17,31,83,20,151
2479,0,35,48,20,103
2481,0,33,35,31,99
2482,32,20,0,31,83
2483,35,31,17,16,99
2484,0,20,0,31,51
2485,31,33,0,18,82
2486,18,33,0,18,69
2487,33,35,31,19,118
2488,16,35,31,19,101
2489,52,14,19,15,100
2490,0,17,31,19,67
2492,14,34,66,18,132
2493,0,34,66,18,118
2494,0,15,66,18,99
2495,34,32,0,18,84
2496,17,32,0,18,67
2497,0,32,0,18,50
2498,32,18,0,15,65
2499,36,31,0,18,85
2500,0,18,0,15,33
2501,0,31,0,18,49
2502,0,16,0,18,34
2503,34,33,18,16,101
2504,32,17,18,16,83
2506,0,17,18,16,51
2508,16,32,17,18,83
2509,32,35,84,16,167
2510,0,16,17,18,51
2511,0,35,84,16,135
2512,184,33,68,17,302
2513,0,33,82,17,132
2516,183,34,0,17,234
2518,0,16,15,17,48
2520,34,17,17,16,84
2521,34,33,68,17,152
2522,50,34,0,17,101
2523,0,33,68,17,118
2524,33,17,0,17,67
2525,85,15,68,15,183
2526,0,17,0,17,34
2527,0,34,0,17,51
2529,0,32,68,15,115
2530,249,33,17,17,316
2533,0,36,0,15,51
2534,0,18,0,15,33
2535,0,32,0,17,49
2536,118,33,0,15,166
2537,0,34,16,17,67
2538,0,17,16,17,50
2539,16,17,17,17,67
2541,34,33,0,15,82
2542,17,33,0,15,65
2543,100,32,67,17,216
2544,31,18,17,17,83
2545,99,33,19,15,166
2548,17,32,67,17,133
2550,16,33,19,15,83
2552,16,34,0,17,67
2553,501,34,0,15,550
2554,15,34,17,15,81
2556,0,17,17,15,49
2557,32,34,17,16,99
2559,0,34,17,16,67
2561,98,37,0,16,151
2562,33,17,20,31,101
2563,0,34,20,31,85
2564,17,20,48,16,101
2566,31,17,0,16,64
2567,0,37,0,16,53
2568,0,17,0,16,33
2569,34,31,33,18,116
2570,0,18,14,17,49
2573,100,33,17,17,167
2574,15,33,17,17,82
2575,33,34,16,17,100
2577,0,34,16,17,67
2578,233,17,51,17,318
2580,17,34,34,15,100
2581,34,34,0,15,83
2582,17,34,0,15,66
2583,0,34,0,15,49
2584,17,32,18,16,83
2586,0,17,18,16,51
2587,0,34,100,17,151
2588,16,34,83,17,150
2589,0,34,83,17,134
2590,32,17,51,17,117
2591,0,32,51,17,100
2592,51,34,98,19,202
2593,34,34,98,19,185
2594,17,34,98,19,168
2595,0,34,98,19,151
2596,100,15,19,16,150
2597,0,32,17,16,65
2598,0,14,17,16,47
2599,0,33,0,18,51
2600,0,16,0,18,34
2601,33,35,0,16,84
2602,34,16,0,16,66
2603,0,35,0,16,51
2604,0,16,0,16,32
2606,0,18,33,17,68
2608,86,31,0,17,134
2609,0,32,19,17,68
2611,19,17,14,17,67
2612,0,17,14,17,48
2613,0,31,0,17,48
2614,34,17,0,17,68
2615,34,33,0,17,84
2617,0,33,0,17,50
2618,0,16,0,17,33
2619,0,33,17,17,67
2622,17,32,19,15,83
2623,16,16,19,15,66
2624,0,16,19,15,50
2625,19,15,101,16,151
2626,0,15,101,16,132
2627,0,34,17,15,66
2628,17,32,18,17,84
2629,0,32,18,17,67
2632,17,33,16,16,82
2633,183,17,100,16,316
2635,0,32,34,16,82
2637,34,33,68,15,150
2638,17,33,68,15,133
2639,316,18,16,17,367
2640,0,17,68,15,100
2641,0,34,0,17,51
2642,0,17,0,17,34
2644,0,17,100,16,133
2645,49,17,0,17,83
2647,117,17,17,17,168
2648,17,34,16,16,83
2649,34,32,68,15,149
2650,100,17,0,15,132
2651,0,32,68,15,115
2652,50,34,0,15,99
2654,34,17,0,15,66
2655,0,34,0,15,49
2656,17,33,16,17,83
2657,33,33,50,18,134
2658,234,17,17,16,284
2659,33,33,17,18,101
2661,33,35,65,17,150
2663,0,35,65,17,117
2664,18,31,17,17,83
2665,0,31,17,17,65
2666,15,34,17,17,83
2669,100,34,17,15,166
2671,0,33,17,16,66
2672,116,35,15,18,184
2673,0,33,0,17,50
2675,101,33,0,18,152
2678,15,35,15,18,83
2679,0,35,15,18,68
2680,17,33,0,18,68
2681,0,33,0,18,51
2683,34,33,0,16,83
2684,448,34,0,16,498
2685,0,33,0,16,49
2687,0,32,51,17,100
2688,0,16,51,17,84
2689,0,34,50,17,101
2690,214,34,18,15,281
2691,17,17,16,17,67
2692,17,33,17,17,84
2694,17,34,15,19,85
2695,233,33,17,17,300
2696,17,34,64,18,133
2697,0,34,64,18,116
2698,19,33,16,15,83
2700,49,34,18,15,116
2701,0,31,18,16,65
2702,15,34,18,15,82
2703,34,33,51,16,134
2704,0,16,18,15,49
2705,0,33,51,16,100
2706,15,34,17,16,82
2707,0,34,17,16,67
2710,33,17,0,16,66
2711,0,34,0,16,50
2712,101,16,16,18,151
2713,0,33,101,15,149
2714,0,17,101,15,133
2716,17,33,16,18,84
2717,232,34,17,16,299
2718,0,16,16,18,50
2719,0,34,182,17,233
2722,0,17,17,17,51
2723,101,32,17,17,167
2724,100,16,17,17,150
2726,0,16,17,17,50
2727,0,34,0,16,50
2729,0,32,17,17,66
2730,566,18,50,17,651
2731,17,17,17,16,67
2732,17,33,118,17,185
2734,16,34,17,16,83
2735,34,33,16,17,100
2736,17,33,16,17,83
2737,0,33,16,17,66
2738,32,17,50,16,115
2739,0,33,50,16,99
2741,101,33,18,14,166
2742,0,17,131,18,166
2743,0,31,52,16,99
2745,35,33,18,14,100
2746,17,33,18,14,82
2747,0,33,18,14,65
2749,0,32,35,16,83
2750,32,17,83,17,149
2751,0,35,83,17,135
2752,0,17,83,17,117
2754,51,33,116,17,217
2755,0,34,16,17,67
2756,100,17,0,16,133
2757,0,33,116,17,166
2758,99,18,50,17,184
2759,34,32,0,16,82
2760,17,32,0,16,65
2761,0,32,0,16,48
2763,101,32,17,16,166
2767,0,34,0,15,49
2768,32,17,17,16,82
2770,50,35,66,17,168
2771,33,35,66,17,151
2772,16,35,66,17,134
2774,49,34,17,17,117
2775,0,32,0,17,49
2776,17,34,17,17,85
2780,0,17,16,17,50
2782,17,33,50,16,116
2783,0,33,50,16,99
2784,18,32,18,16,84
2785,16,16,18,16,66
2786,0,16,18,16,50
2787,201,33,0,17,251
2788,99,17,34,16,166
2789,0,34,32,17,83
2790,48,34,34,16,132
2791,0,32,0,17,49
2792,15,34,34,16,99
2793,0,34,34,16,84
2794,0,17,34,16,67
2798,0,17,17,16,50
2799,0,33,0,17,50
2800,16,34,33,17,100
2802,0,17,33,17,67
2803,17,16,0,17,50
2804,16,35,15,17,83
2805,0,35,15,17,67
2806,0,18,15,17,50
2807,32,33,17,16,98
2808,17,33,17,16,83
2810,50,33,17,18,118
2811,0,33,0,18,51
2812,16,33,17,18,84
2813,0,33,17,18,68
2814,50,32,17,16,115
2815,35,32,17,16,100
2816,18,32,17,16,83
2817,0,32,17,16,65
2819,0,33,66,18,117
2821,0,34,32,18,84
2822,82,34,16,18,150
2823,0,32,0,18,50
2827,0,34,16,18,68
2828,0,16,16,18,50
2829,34,32,0,17,83
2830,18,32,0,17,67
2831,0,32,0,17,49
2832,82,34,16,17,149
2833,0,35,0,17,52
2834,0,18,0,17,35
2835,0,31,17,17,65
2836,0,14,17,17,48
2837,17,17,16,17,67
2838,17,33,18,15,83
2839,0,33,18,15,66
2841,0,33,34,17,84
2842,15,34,0,17,66
2844,16,36,64,16,132
2845,0,36,64,16,116
2849,32,34,0,17,83
2850,0,17,16,18,51
2851,0,34,0,17,51
2852,0,18,0,17,35
2855,0,32,34,16,82
2856,17,34,0,16,67
2857,0,34,0,16,50
2858,17,34,17,16,84
2859,16,18,17,16,67
2860,0,18,17,16,51
2861,33,33,16,16,98
2863,0,33,16,16,65
2865,0,32,85,17,134
2866,16,35,16,17,84
2867,0,35,16,17,68
2869,0,33,17,17,67
2870,0,17,17,17,51
2871,0,34,16,18,68
2872,17,34,15,17,83
2873,0,34,15,17,66
2874,18,32,0,16,66
2875,0,32,0,16,48
2876,0,17,0,16,33
2879,34,32,0,17,83
2880,17,32,0,17,66
2881,15,17,0,17,49
2882,0,17,0,17,34
2883,0,33,68,15,116
2885,16,18,34,15,83
2886,18,34,0,15,67
2887,100,33,51,16,200
2888,17,32,34,15,98
2889,66,33,51,16,166
2890,17,34,33,16,100
2891,34,33,51,16,134
2892,17,33,51,16,117
2893,15,18,51,16,100
2895,0,33,18,16,67
2896,0,17,18,16,51
2897,18,16,0,16,50
2899,0,32,0,18,50
2901,0,34,68,16,118
2903,0,33,67,17,117
2904,16,35,0,16,67
2905,0,35,0,16,51
2906,18,32,66,18,134
2907,0,32,66,18,116
2908,0,16,66,18,100
2909,0,35,15,16,66
2910,0,18,15,16,49
2911,0,31,0,18,49
2912,217,33,0,18,268
2913,0,34,34,16,84
2914,16,34,0,16,66
2916,17,33,50,18,118
2917,16,17,50,18,101
2918,0,17,50,18,85
2922,18,32,33,18,101
2924,0,17,33,18,68
2926,0,17,0,18,35
2927,50,17,51,15,133
2928,0,15,17,17,49
2930,101,15,68,17,201
2932,18,32,50,17,117
2934,33,15,68,17,133
2936,0,15,68,17,100
2937,34,34,0,17,85
2939,0,34,0,17,51
2942,82,34,16,17,149
2943,0,34,49,17,100
2945,0,32,17,17,66
2946,15,34,16,17,82
2947,202,31,0,17,250
2949,0,33,67,17,117
2951,84,17,15,19,135
2952,17,33,17,17,84
2954,84,31,0,17,132
2955,0,34,15,19,68
2957,34,31,0,17,82
2959,0,31,0,17,48
2960,16,34,51,16,117
2962,0,17,51,16,84
2963,0,34,117,15,166
2964,0,17,117,15,149
2967,0,32,18,17,67
2968,15,35,82,18,150
2972,15,34,50,17,116
2973,34,34,16,17,101
2975,34,33,17,17,101
2976,51,34,16,17,118
2977,283,18,32,16,349
2978,285,32,0,16,333
2979,34,33,0,17,84
2980,17,33,0,17,67
2981,0,33,0,17,50
2984,0,15,17,18,50
2987,0,33,0,17,50
2988,0,16,0,17,33
2989,183,17,17,16,233
2990,0,16,17,17,50
2993,34,32,0,16,82
2995,0,32,0,16,48
2996,33,18,16,17,84
2999,33,33,34,16,116
3000,50,34,34,16,134
3002,16,34,34,16,100
3003,0,34,34,16,84
3004,17,34,16,16,83
3005,34,32,20,31,117
3006,101,15,0,18,134
3008,36,46,0,18,100
3010,0,46,0,18,64
3011,18,15,0,18,51
3012,0,15,0,18,33
3014,0,15,0,17,32
3015,0,34,0,18,52
3016,0,17,0,18,35
3017,35,32,34,17,118
3018,0,17,66,17,100
3019,0,32,34,17,83
3021,0,34,17,15,66
3022,84,33,16,19,152
3023,0,32,17,17,66
3024,0,15,17,17,49
3027,0,33,16,19,68
3031,0,31,0,18,49
3032,0,16,0,18,34
3033,0,35,65,17,117
3034,0,17,65,17,99
3037,0,33,0,17,50
3039,0,35,0,16,51
3040,0,18,0,16,34
3042,0,19,14,17,50
3043,31,34,15,18,98
3044,17,34,15,18,84
3047,50,16,67,15,148
3051,0,32,35,15,82
3053,0,35,33,17,85
3054,18,33,17,17,85
3055,0,33,17,17,67
3056,0,18,17,17,52
3057,0,34,83,17,134
3060,18,32,17,17,84
3062,118,32,83,16,249
3063,0,34,67,15,116
3064,17,33,149,16,215
3065,0,33,149,16,198
3066,0,17,149,16,182
3067,0,34,115,16,165
3070,51,33,16,16,116
3071,117,17,17,16,167
3073,0,33,16,16,65
3074,17,32,18,17,84
3075,0,32,18,17,67
3077,0,35,17,16,68
3078,17,33,51,16,117
3080,16,33,18,16,83
3082,34,16,17,17,84
3083,34,34,132,17,217
3084,0,16,17,17,50
3085,0,34,132,17,183
3086,0,17,132,17,166
3089,0,35,15,17,67
3090,0,17,15,17,49
3091,32,33,17,18,100
3092,50,35,32,17,134
3093,0,33,17,18,68
3096,0,18,32,17,67
3097,81,17,33,17,148
3098,82,33,67,18,200
3099,0,34,49,16,99
3100,0,17,49,16,82
3103,0,33,67,18,118
3106,35,15,0,18,68
3108,33,17,0,16,66
3109,0,35,0,16,51
3110,0,17,0,16,33
3113,169,33,50,16,268
3116,0,15,0,18,33
3120,0,17,0,15,32
3121,0,34,49,17,100
3123,15,18,50,16,99
3124,84,34,16,17,151
3125,0,33,49,18,100
3126,0,17,49,18,84
3127,0,33,16,18,67
3129,0,34,16,17,67
3130,0,18,16,17,51
3131,111,7,50,17,185
3132,0,17,17,16,50
3134,0,16,0,17,33
3135,0,45,23,18,86
3136,102,50,31,18,201
3137,41,33,149,17,240
3138,34,33,149,17,233
3140,0,33,149,17,199
3141,17,50,31,18,116
3142,0,50,31,18,99
3143,17,17,31,18,83
3144,32,16,51,17,116
3145,0,31,51,17,99
3146,16,35,67,34,152
3147,35,33,84,16,168
3148,467,18,17,32,534
3149,33,17,17,34,101
3150,34,51,16,16,117
3151,34,34,16,16,100
3155,32,18,16,18,84
3156,34,34,48,17,133
3159,18,33,15,17,83
3160,0,33,15,17,65
3162,0,49,17,16,82
3164,34,49,33,18,134
3165,0,17,16,33,66
3166,49,18,15,18,100
3167,217,17,34,32,300
3168,101,51,17,32,201
3169,0,18,15,18,51
3170,0,33,16,17,66
3171,18,33,0,33,84
3172,33,51,17,32,133
3175,17,18,17,32,84
3177,17,49,34,32,132
3178,32,17,34,32,115
3179,49,19,0,32,100
3180,0,17,34,32,83
3181,34,32,0,17,83
3186,0,33,101,32,166
3187,0,17,101,32,150
3191,18,17,17,32,84
3193,0,17,15,17,49
3195,17,16,34,17,84
3197,0,19,15,17,51
3200,0,34,0,17,51
3202,0,33,17,32,82
3204,0,49,34,16,99
3205,16,16,34,16,82
3206,34,50,17,16,117
3207,0,18,67,16,101
3208,0,50,17,16,83
3211,17,33,0,17,67
3212,83,33,50,33,199
3213,0,17,0,17,34
3215,0,33,16,17,66
3217,0,33,50,33,116
3219,0,17,33,33,83
3220,15,18,0,33,66
3221,51,34,16,17,118
3222,0,33,18,16,67
3223,17,34,16,17,84
3224,0,34,16,17,67
3225,16,33,16,16,81
3226,99,17,32,17,165
3227,83,17,32,17,149
3228,0,49,17,17,83
3229,16,17,17,17,67
3230,0,17,17,17,51
3232,34,49,18,17,118
3234,0,49,18,17,84
3235,0,34,18,17,69
3236,35,51,49,17,152
3237,84,16,35,32,167
3238,51,31,35,32,149
3239,0,34,49,17,100
3240,19,31,35,32,117
3241,31,18,17,32,98
3244,0,49,18,17,84
3247,35,32,14,20,101
3248,49,34,17,33,133
3252,0,20,17,33,70
3253,0,17,49,16,82
3254,0,33,16,16,65
3256,0,50,32,17,99
3257,167,17,17,16,217
3258,0,18,32,17,67
3259,0,17,15,17,49
3260,166,34,65,17,282
3261,36,31,17,17,101
3263,14,17,17,17,65
3265,34,17,17,16,84
3267,0,17,17,16,50
3268,0,33,150,17,200
3269,16,34,65,17,132
3270,0,34,65,17,116
3272,49,33,34,17,133
3273,17,17,16,17,67
3277,101,17,33,30,181
3278,231,18,49,16,314
3279,0,17,16,34,67
3280,0,50,50,30,130
3281,0,34,50,30,114
3282,17,17,33,30,97
3283,0,17,33,30,80
3285,18,51,15,33,117
3286,117,34,15,16,182
3287,15,21,15,33,84
3288,0,21,15,33,69
3289,0,15,16,17,48
3296,16,18,16,18,68
3297,0,18,16,18,52
3298,0,34,66,17,117
3299,0,18,66,17,101
3300,0,50,33,32,115
3301,16,19,33,32,100
3302,0,19,33,32,84
3303,0,16,67,17,100
3304,115,34,18,17,184
3305,0,32,84,16,132
3306,17,18,66,16,117
3307,0,18,66,16,100
3308,0,48,18,16,82
3309,233,32,17,34,316
3310,16,34,18,17,85
3312,16,18,48,17,99
3313,0,18,48,17,83
3314,0,33,15,17,65
3315,0,16,15,17,48
3316,0,51,48,18,117
3317,51,16,17,18,102
3318,34,16,17,18,85
3319,15,16,17,18,66
3321,17,18,32,17,84
3322,18,32,17,34,101
3323,0,32,17,34,83
3324,105,34,0,17,156
3325,0,17,16,18,51
3326,0,34,15,18,67
3327,18,33,17,17,85
3328,0,33,17,17,67
3329,18,34,0,17,69
3330,34,49,17,16,116
3331,34,32,17,16,99
3332,0,49,17,16,82
3334,17,33,34,17,101
3337,0,19,47,18,84
3339,0,17,50,32,99
3341,184,17,17,17,235
3343,32,34,0,17,83
3344,17,34,0,17,68
3345,0,34,0,17,51
3346,184,33,17,33,267
3347,0,17,0,33,50
3351,32,17,50,33,132
3354,0,50,50,33,133
3356,18,33,17,33,101
3357,0,33,17,33,83
3358,34,50,66,18,168
3359,33,34,66,18,151
3360,0,50,66,18,134
3361,0,34,66,18,118
3362,34,49,100,17,200
3364,0,49,100,17,166
3366,17,18,66,16,117
3367,0,18,66,16,100
3369,16,17,17,16,66
3370,0,17,17,16,50
3372,33,17,17,17,84
3373,0,34,17,17,68
3375,0,17,52,31,100
3376,0,52,0,31,83
3378,34,17,0,16,67
3379,0,31,0,16,47
3380,17,32,17,17,83
3382,0,16,17,17,50
3384,0,17,18,17,52
3389,16,17,17,16,66
3390,0,17,17,16,50
3391,0,33,33,18,84
3392,16,18,15,18,67
3393,0,18,15,18,51
3395,0,34,17,18,69
3396,0,16,17,18,51
3397,35,32,17,17,101
3398,18,32,17,17,84
3399,32,17,34,33,116
3401,0,17,34,33,84
3403,0,17,100,33,150
3404,0,33,166,17,216
3406,49,18,33,33,133
3407,15,17,18,33,83
3410,0,33,16,17,66
3411,101,34,15,17,167
3412,0,49,17,17,83
3414,84,32,17,17,150
3415,0,34,16,18,68
3416,17,34,15,17,83
3418,18,32,17,17,84
3420,17,34,17,33,101
3421,34,17,65,18,134
3423,0,17,65,18,100
3424,33,16,16,18,83
3425,0,34,16,18,68
3426,50,17,16,16,99
3427,0,34,17,32,83
3428,18,17,16,16,67
3432,34,17,0,17,68
3433,34,17,50,32,133
3434,17,17,50,32,116
3435,0,17,50,32,99
3437,48,16,18,33,115
3439,83,49,18,16,166
3440,34,33,17,32,116
3441,51,49,18,16,134
3442,82,18,16,17,133
3445,16,16,18,16,66
3447,0,18,16,17,51
3448,0,33,17,32,82
3450,0,49,51,17,117
3451,16,16,51,17,100
3453,0,35,83,34,152
3454,34,17,17,33,101
3456,0,17,17,33,67
3457,0,17,49,18,84
3458,15,18,49,16,98
3459,166,18,18,16,218
3461,83,17,17,33,150
3462,0,49,50,33,132
3463,284,34,16,17,351
3464,0,18,50,33,101
3465,33,17,134,32,216
3466,17,17,134,32,200
3467,0,17,134,32,183
3468,0,33,18,16,67
3469,0,18,18,16,52
3470,34,50,17,32,133
3471,48,18,17,32,115
3472,32,18,17,32,99
3473,17,18,17,32,84
3474,0,18,17,32,67
3475,49,17,17,17,100
3476,100,33,0,33,166
3478,0,17,17,17,51
3480,401,48,17,17,483
3481,0,17,16,17,50
3482,0,33,0,33,66
3483,50,50,17,16,133
3486,0,50,17,16,83
3487,34,17,0,16,67
3488,0,17,17,16,50
3492,51,17,16,16,100
3493,0,33,17,32,82
3494,18,17,16,16,67
3495,0,17,16,16,49
3496,233,49,18,17,317
3497,101,17,15,17,150
3499,34,34,17,32,117
3500,0,50,17,32,99
3501,0,34,17,32,83
3502,18,17,15,17,67
3504,0,48,17,17,82
3505,50,17,35,31,133
3507,17,17,35,31,100
3508,17,17,18,31,83
3509,0,17,18,31,66
3510,49,18,17,16,100
3511,14,17,18,17,66
3512,17,18,17,16,68
3513,0,18,17,16,51
3517,49,17,17,16,99
3518,0,50,17,16,83
3522,0,16,17,17,50
3523,101,32,0,18,151
3525,33,34,15,17,99
3526,51,32,0,18,101
3527,0,34,15,17,66
3530,0,17,0,18,35
3531,51,17,16,34,118
3533,17,17,16,34,84
3537,18,33,99,17,167
3538,0,33,99,17,149
3539,17,34,65,17,133
3540,0,34,65,17,116
3541,33,33,49,17,132
3542,183,17,132,17,349
3543,0,33,49,17,99
3546,17,17,17,17,68
3547,0,17,17,17,51
3548,101,34,15,16,166
3549,33,17,17,17,84
3551,34,17,132,17,200
3553,99,33,17,17,166
3554,98,17,17,17,149
3555,0,19,15,16,50
3556,0,48,16,17,81
3559,0,33,17,17,67
3561,0,34,17,33,84
3562,34,50,17,32,133
3563,0,17,16,17,50
3564,0,50,17,32,99
3565,0,34,17,32,83
3566,34,50,16,17,117
3569,35,33,16,17,101
3571,16,17,16,17,66
3572,50,50,20,15,135
3573,0,33,70,15,118
3574,17,50,20,15,102
3575,0,50,20,15,85
3576,33,4,31,18,86
3577,0,4,31,18,53
3578,16,15,18,16,65
3582,0,34,0,17,51
3583,17,34,15,18,84
3584,0,34,15,18,67
3587,0,18,15,18,51
3588,0,33,16,18,67
3590,0,34,48,18,100
3591,51,33,0,17,101
3592,16,17,15,18,66
3593,17,33,0,17,67
3595,18,34,32,17,101
3596,0,34,32,17,83
3597,17,32,0,17,66
3598,32,32,52,17,133
3599,17,32,52,17,118
3602,35,34,17,15,101
3603,17,34,17,15,83
3604,0,34,17,15,66
3605,17,32,0,18,67
3606,32,35,0,16,83
3608,0,35,0,16,51
3609,0,17,0,16,33
3610,34,31,135,15,215
3611,0,18,48,17,83
3612,0,31,135,15,181
3614,34,34,15,17,100
3615,17,34,15,17,83
3616,116,18,49,18,201
3617,117,33,49,17,216
3618,0,32,18,17,67
3622,0,33,49,18,100
3623,284,33,17,17,351
3624,33,34,15,17,99
3626,34,32,50,17,133
3627,18,32,50,17,117
3629,50,34,20,30,134
3630,0,33,17,17,67
3631,16,34,20,30,100
3633,37,30,50,17,134
3635,10,20,50,17,97
3636,0,20,50,17,87
3637,0,17,17,16,50
3638,0,33,17,16,66
3639,0,16,17,16,49
3641,0,16,17,17,50
3642,0,34,0,15,49
3643,17,32,0,17,66
3644,0,32,0,17,49
3645,34,17,18,16,85
3646,34,34,0,16,84
3647,0,17,18,16,51
3648,34,33,16,18,101
3650,0,33,16,18,67
3651,0,17,16,18,51
3652,16,18,33,16,83
3653,18,33,33,16,100
3654,0,33,33,16,82
3658,33,34,17,16,100
3661,17,33,167,17,234
3664,33,34,20,12,99
3669,30,17,50,16,113
3672,100,33,17,15,165
3673,34,16,17,17,84
3674,0,33,17,17,67
3675,0,16,17,17,50
3676,99,33,17,17,166
3678,0,33,17,15,65
3682,0,33,17,17,67
3684,0,34,101,17,152
3685,85,33,17,15,150
3686,0,34,17,17,68
3688,0,34,15,18,67
3689,17,33,17,15,82
3691,284,33,17,18,352
3692,0,32,18,17,67
3693,50,32,17,18,117
3694,0,35,0,16,51
3697,51,32,0,18,101
3698,0,35,132,17,184
3699,100,17,0,17,134
3700,99,33,33,17,182
3702,0,50,17,17,84
3703,0,32,17,17,66
3705,34,16,33,17,100
3708,83,17,0,17,117
3709,0,16,17,18,51
3710,0,35,0,15,50
3711,33,17,0,17,67
3712,232,34,18,14,298
3713,34,17,0,17,68
3714,0,34,0,17,51
3715,100,16,35,15,166
3716,34,32,0,17,83
3717,0,17,0,15,32
3718,0,32,0,17,49
3719,0,17,0,17,34
3720,0,33,35,15,83
3722,101,32,52,15,200
3723,17,32,34,18,101
3724,32,34,18,14,98
3725,0,17,34,18,69
3726,0,34,18,14,66
3727,16,32,52,15,115
3728,0,32,52,15,99
3729,0,14,52,15,81
3731,17,33,18,15,83
3735,15,35,16,17,83
3736,35,33,0,16,84
3737,51,33,16,18,118
3739,17,33,16,18,84
3740,0,33,16,18,67
3741,0,17,16,18,51
3742,0,34,15,17,66
3744,0,32,0,18,50
3745,35,15,18,16,84
3746,0,33,18,16,67
3750,33,35,15,18,101
3751,0,17,0,17,34
3752,0,35,15,18,68
3753,0,18,15,18,51
3754,0,33,99,17,149
3755,51,34,15,17,117
3756,33,34,15,17,99
3757,18,34,15,17,84
3758,0,34,15,17,66
3760,66,33,16,17,132
3761,17,34,0,17,68
3762,0,34,0,17,51
3763,0,17,0,17,34
3766,100,34,50,16,200
3768,0,33,51,17,101
3769,0,17,51,17,85
3770,0,34,167,17,218
3771,16,34,50,16,116
3772,0,34,50,16,100
3774,31,35,67,17,150
3775,15,35,67,17,134
3777,16,33,17,17,83
3780,34,34,0,15,83
3781,17,34,0,15,66
3782,83,17,16,18,134
3783,0,17,0,15,32
3784,0,32,0,17,49
3785,0,17,0,17,34
3786,0,34,16,18,68
3788,83,17,0,16,116
3789,0,18,115,17,150
3791,16,35,0,16,67
3792,0,35,0,16,51
3793,0,17,0,16,33
3794,0,33,16,17,66
3795,0,17,16,17,50
3796,0,33,33,17,83
3797,0,17,33,17,67
3798,0,33,0,17,50
3800,119,14,19,14,166
3801,17,33,0,17,67
3802,33,33,19,14,99
3803,16,33,19,14,82
3804,0,33,19,14,66
3806,0,33,19,14,66
3807,47,35,17,16,115
3808,33,35,17,16,101
3809,114,34,17,17,182
3810,0,35,17,16,68
3811,18,33,16,16,83
3812,0,33,16,16,65
3814,0,32,51,17,100
3816,0,34,17,17,68
3817,51,34,16,17,118
3818,34,34,16,17,101
3819,51,33,17,15,116
3822,99,34,50,16,199
3827,17,34,50,16,117
3829,17,34,32,17,100
3830,50,16,17,16,99
3831,0,17,32,17,66
3832,16,16,17,16,65
3833,16,33,0,17,66
3834,33,35,16,17,101
3835,0,16,0,17,33
3836,0,35,16,17,68
3837,34,17,0,17,68
3838,0,33,0,17,50
3839,0,17,0,17,34
3841,0,15,34,17,66
3842,0,34,0,17,51
3843,0,16,0,17,33
3844,0,33,0,17,50
3845,0,16,0,17,33
3846,17,17,0,16,50
3847,50,34,17,16,117
3850,0,34,17,16,67
3851,18,33,50,17,118
3852,0,33,50,17,100
3853,16,33,17,17,83
3854,0,33,17,17,67
3855,17,34,84,17,152
3857,165,17,18,16,216
3860,35,34,15,17,101
3861,17,34,15,17,83
3864,0,32,0,15,47
3865,17,32,18,16,83
3866,100,33,34,18,185
3867,51,34,50,17,152
3868,0,34,34,17,85
3870,34,33,34,18,119
3871,35,16,34,18,103
3873,0,16,34,18,68
3874,17,17,0,18,52
3876,0,33,34,15,82
3878,18,16,32,17,83
3879,16,32,0,17,65
3880,32,33,117,17,199
3881,34,16,117,17,184
3882,0,33,117,17,167
3883,0,16,117,17,150
3885,17,34,17,15,83
3886,83,17,99,17,216
3888,0,32,17,17,66
3890,101,32,52,15,200
3892,33,34,32,17,116
3893,0,15,16,18,49
3894,34,32,52,15,133
3896,32,35,32,17,116
3897,81,34,18,16,149
3899,35,15,0,17,67
3900,100,34,32,16,182
3901,0,15,0,17,32
3903,0,17,18,16,51
3905,16,34,32,16,98
3907,215,35,16,16,282
3909,17,34,67,17,135
3910,101,32,33,17,183
3911,0,18,67,17,102
3912,17,17,33,17,84
3914,0,33,32,18,83
3915,32,15,33,17,97
3917,0,15,33,17,65
3918,0,33,0,17,50
3919,0,15,0,17,32
3920,35,32,18,17,102
3922,0,32,18,17,67
3923,115,36,0,15,166
3925,17,31,18,15,81
3926,0,31,18,15,64
3927,49,36,0,15,100
3928,33,36,0,15,84
3929,15,36,0,15,66
3930,0,36,0,15,51
3931,0,19,0,15,34
3932,0,32,67,17,116
3933,0,17,67,17,101
3935,84,32,50,17,183
3937,33,17,32,18,100
3939,0,17,32,18,67
3942,34,33,52,14,133
3943,49,33,49,18,149
3944,33,33,49,18,133
3945,17,33,49,18,117
3946,0,33,49,18,100
3947,35,14,16,18,83
3950,0,34,16,17,67
3951,18,33,18,16,85
3952,0,33,18,16,67
3953,0,17,18,16,51
3955,0,16,49,17,82
3956,0,33,51,17,101
3957,15,33,35,16,99
3958,0,33,35,16,84
3959,0,17,35,16,68
3960,0,35,0,16,51
3961,83,34,0,15,132
3962,0,33,0,17,50
3964,33,34,0,15,82
3966,0,34,0,15,49
3967,32,17,49,17,115
3970,0,32,51,16,99
3973,17,33,18,17,85
3974,0,33,18,17,68
3975,16,35,50,17,118
3976,0,35,50,17,102
3978,50,17,66,17,150
3980,83,17,17,17,134
3981,17,33,16,17,83
3983,0,18,16,17,51
3984,0,33,17,17,67
3986,83,16,18,21,138
3987,50,32,18,21,121
3988,0,33,16,16,65
3990,0,32,18,21,71
3991,0,16,18,21,55
3992,0,39,13,17,69
3993,0,21,13,17,51
3994,0,30,16,18,64
3995,33,18,15,17,83
3996,0,34,15,17,66
3997,0,18,15,17,50
3999,0,17,48,18,83
4000,0,34,49,17,100
4002,0,32,17,17,66
4005,17,33,16,17,83
4006,66,33,16,19,134
4007,118,32,0,18,168
4008,0,33,18,15,66
4010,18,15,16,19,68
4011,0,15,16,19,50
4012,67,34,99,17,217
4014,0,32,0,18,50
4016,0,34,99,17,150
4019,83,35,0,14,132
4020,0,34,33,17,84
4021,0,17,33,17,67
4022,82,17,18,17,134
4023,0,16,17,18,51
4024,35,31,18,17,101
4026,0,31,18,17,66
4027,35,17,16,17,85
4028,35,33,0,17,85
4029,0,17,16,17,50
4030,33,32,33,17,115
4031,0,17,0,17,34
4032,0,32,33,17,82
4033,32,16,52,17,117
4034,33,33,19,17,102
4035,184,34,15,18,251
4036,33,36,49,18,136
4037,52,33,83,17,185
4042,34,32,17,17,100
4043,185,31,83,18,317
4045,0,15,17,17,49
4046,0,34,15,18,67
4047,182,35,15,18,250
4048,33,32,16,20,101
4049,86,31,83,18,218
4051,31,20,0,15,66
4052,0,36,0,15,51
4053,0,20,0,15,35
4055,32,17,0,18,67
4057,35,17,15,18,85
4058,0,35,15,18,68
4060,0,33,0,15,48
4061,18,33,0,16,67
4062,0,33,0,16,49
4063,34,17,51,16,118
4064,0,33,51,16,100
4065,0,17,51,16,84
4066,0,36,15,16,67
4067,19,31,133,16,199
4068,0,31,133,16,180
4069,16,34,32,16,98
4070,0,34,32,16,82
4071,0,18,32,16,66
4072,0,32,0,16,48
4073,17,35,15,17,84
4074,0,35,15,17,67
4075,0,19,15,17,51
4076,32,33,17,16,98
4077,17,33,17,16,83
4081,0,16,17,17,50
4082,0,34,0,17,51
4083,85,31,18,17,151
4084,17,17,0,17,51
4085,0,17,0,17,34
4087,66,17,0,17,100
4089,0,15,18,17,50
4090,369,31,17,17,434
4093,83,32,17,17,149
4094,0,32,84,17,133
4095,35,16,83,19,153
4096,0,35,83,19,137
4098,0,32,17,17,66
4100,34,36,0,14,84
4101,0,17,36,14,67
4103,0,19,0,14,33
4104,0,32,33,15,80
4105,0,18,33,15,66
4106,0,33,0,15,48
4107,17,32,17,18,84
4108,32,35,15,16,98
4109,0,17,17,18,52
4110,0,35,15,16,66
4111,166,17,18,16,217
4112,31,34,100,18,183
4114,34,34,16,16,100
4115,17,34,16,16,83
4116,100,34,16,17,167
4117,0,17,16,16,49
4119,16,34,18,16,84
4120,34,34,16,17,101
4121,0,17,18,16,51
4122,0,34,16,17,67
4123,98,17,0,18,133
4124,0,33,0,17,50
4127,0,17,0,15,32
4128,0,32,0,18,50
4129,35,16,0,17,68
4130,102,30,18,18,168
4131,0,16,0,17,33
4133,0,17,0,15,32
4135,0,19,48,18,85
4137,84,33,101,18,236
4138,18,18,0,16,52
4139,18,32,50,17,117
4140,32,33,101,18,184
4142,0,33,101,18,152
4144,0,34,0,17,51
4146,0,34,17,16,67
4147,50,33,17,17,117
4148,17,16,0,18,51
4149,16,33,17,17,83
4150,100,34,17,16,167
4152,401,32,18,16,467
4153,17,33,17,17,84
4154,33,34,17,16,100
4155,33,17,17,16,83
4158,0,33,32,17,82
4161,84,32,17,18,151
4162,0,34,17,17,68
4164,0,34,49,18,101
4165,17,32,17,18,84
4166,32,35,33,17,117
4168,35,33,0,17,85
4169,18,33,0,17,68
4170,0,33,0,17,50
4173,383,33,51,17,484
4175,17,32,18,16,83
4177,17,34,17,16,84
4178,34,33,17,16,100
4179,16,33,17,16,82
4180,0,33,17,16,66
4181,100,16,0,17,133
4182,800,35,50,15,900
4183,33,18,0,16,67
4186,0,32,0,17,49
4187,0,16,0,17,33
4188,0,33,17,17,67
4189,0,16,17,17,50
4190,0,34,17,16,67
4191,34,16,0,17,67
4193,0,16,0,17,33
4195,118,33,15,17,183
4196,0,33,51,17,101
4197,0,16,51,17,84
4198,17,17,50,17,101
4199,17,34,16,17,84
4201,17,33,15,17,82
4202,99,33,17,17,166
4203,100,16,17,17,150
4204,0,32,16,18,66
4206,0,34,0,17,51
4207,0,18,0,17,35
4208,0,33,17,17,67
4209,0,16,17,17,50
4212,0,33,33,16,82
4213,16,33,150,17,216
4214,0,33,150,17,200
4216,34,33,16,17,100
4217,0,18,16,17,51
4218,0,33,16,17,66
4220,0,33,50,17,100
4223,0,17,49,18,84
4225,51,32,18,17,118
4226,0,34,15,17,66
4227,18,32,18,17,85
4228,32,35,50,15,132
4229,0,17,18,17,52
4231,0,17,50,15,82
4232,0,32,18,15,65
4233,17,33,68,15,133
4234,0,33,68,15,116
4235,49,34,15,17,115
4236,0,34,17,17,68
4237,13,34,15,17,79
4238,100,33,16,18,167
4239,17,32,17,17,83
4242,101,32,51,17,201
4244,33,34,17,15,99
4245,31,18,17,15,81
4247,18,32,51,17,118
4248,0,32,51,17,100
4249,98,17,17,17,149
4250,0,34,17,17,68
4251,0,16,17,17,50
4253,17,32,17,17,83
4255,17,34,16,18,85
4257,17,34,16,17,84
4259,18,33,49,18,118
4260,0,33,49,18,100
4263,16,34,33,17,100
4264,0,34,33,17,84
4265,218,32,33,18,301
4266,0,33,99,17,149
4268,300,32,17,17,366
4269,51,31,51,17,150
4270,17,18,0,14,49
4271,18,31,51,17,117
4273,0,17,51,17,85
4276,0,34,0,16,50
4277,17,32,33,18,100
4279,0,16,33,18,67
4282,185,17,15,17,234
4283,99,17,16,17,149
4285,0,17,66,16,99
4286,32,34,16,17,99
4287,31,17,16,17,81
4288,0,34,16,17,67
4290,100,34,49,18,201
4291,0,17,67,17,101
4292,0,35,15,17,67
4293,100,15,67,18,200
4296,0,34,49,18,101
4297,0,17,49,18,84
4298,566,34,0,17,617
4300,0,35,0,15,50
4301,18,32,33,16,99
4302,0,32,33,16,81
4305,31,19,34,15,99
4309,32,17,82,17,148
4310,0,32,82,17,131
4312,0,34,0,17,51
4314,0,32,33,18,83
4315,0,15,33,18,66
4317,35,16,17,17,85
4319,0,16,17,17,50
4320,34,33,50,17,134
4321,50,33,17,17,117
4322,0,33,50,17,100
4324,0,33,17,17,67
4326,0,34,0,16,50
4328,0,33,33,16,82
4330,33,34,0,17,84
4331,451,33,33,16,533
4332,34,33,67,16,150
4334,0,33,67,16,116
4336,0,34,15,18,67
4337,17,33,0,16,66
4338,99,34,17,16,166
4340,0,36,30,17,83
4341,0,20,30,17,67
4343,99,16,17,16,148
4344,100,33,0,18,151
4346,33,33,17,16,99
4349,16,33,0,18,67
4350,0,33,0,18,51
4351,0,16,0,18,34
4352,102,33,33,16,184
4353,232,17,17,16,282
4354,0,32,35,15,82
4355,16,35,100,15,166
4356,101,34,0,15,150
4359,51,34,0,15,100
4360,15,18,0,16,49
4361,18,34,0,15,67
4363,0,18,0,15,33
4364,0,32,0,16,48
4365,118,31,0,18,167
4367,0,17,17,16,50
4368,0,33,35,16,84
4369,51,31,0,18,100
4371,18,31,0,18,67
4376,0,35,0,19,54
4377,0,19,0,19,38
4378,98,34,66,17,215
4379,0,13,16,16,45
4381,16,34,17,17,84
4385,50,33,0,17,100
4386,33,33,0,17,83
4387,16,33,0,17,66
4388,0,33,0,17,50
4389,17,34,17,17,85
4390,0,34,17,17,68
4392,100,33,50,16,199
4393,83,33,50,16,182
4394,31,35,50,17,133
4395,16,35,50,17,118
4396,0,35,50,17,102
4397,18,33,50,16,117
4398,183,16,26,8,233
4399,16,34,32,16,98
4402,0,32,0,16,48
4404,34,32,60,8,134
4406,217,19,15,18,269
4408,103,33,49,19,204
4409,0,16,26,8,50
4410,219,16,18,17,270
4411,43,33,49,19,144
4412,101,35,15,18,169
4414,234,32,17,17,300
4419,34,18,16,16,84
4421,0,18,16,16,50
4422,32,35,15,18,100
4423,0,16,18,17,51
4424,0,35,15,18,68
4425,17,33,15,17,82
4427,18,32,17,17,84
4428,0,32,17,17,66
4429,17,34,67,17,135
4431,51,33,0,17,101
4432,0,34,0,17,51
4433,18,33,0,17,68
4434,33,34,16,15,98
4436,0,34,16,15,65
4437,0,17,16,15,48
4438,0,31,0,19,50
4440,0,35,0,16,51
4441,32,17,17,17,83
4442,0,33,17,17,67
4444,34,32,0,17,83
4445,0,17,0,15,32
4446,0,32,0,17,49
4447,0,17,0,17,34
4449,0,17,33,22,72
4450,55,12,0,16,83
4451,0,16,101,15,132
4452,0,34,0,16,50
4454,0,33,49,17,99
4455,0,17,49,17,83
4456,0,34,32,16,82
4457,17,32,0,16,65
4459,17,34,17,16,84
4460,0,34,17,16,67
4461,51,34,66,17,168
4462,0,33,0,17,50
4464,0,34,66,17,117
4466,0,33,50,17,100
4468,33,34,66,17,150
4470,17,17,66,17,117
4471,0,17,66,17,100
4472,83,17,16,17,133
4473,51,34,16,17,118
4474,0,33,17,17,67
4476,0,34,16,17,67
4477,83,33,150,16,282
4478,0,33,18,15,66
4480,184,15,51,16,266
4482,0,33,150,16,199
4483,0,16,150,16,182
4484,101,32,51,16,200
4486,84,15,51,16,166
4489,17,32,51,16,116
4490,0,32,51,16,99
4491,32,16,18,16,82
4493,0,16,18,16,50
4494,0,34,17,17,68
4495,0,16,17,17,50
4496,0,34,83,17,134
4497,35,14,0,18,67
4499,0,14,0,18,32
4500,0,33,18,17,68
4501,33,17,17,17,84
4502,84,17,34,17,152
4503,0,17,17,17,51
4504,0,34,0,15,49
4506,32,34,17,17,100
4507,0,17,34,17,68
4508,34,34,17,15,100
4510,34,32,17,17,100
4511,83,33,16,17,149
4512,0,32,17,17,66
4514,0,34,49,17,100
4515,50,33,18,17,118
4516,0,33,16,17,66
4517,17,33,18,17,85
4518,33,35,15,18,101
4519,52,33,16,16,117
4521,17,33,16,16,82
4523,0,18,16,16,50
4526,0,35,115,16,166
4528,0,31,0,19,50
4530,100,33,86,16,235
4532,0,34,52,14,100
4533,16,33,52,17,118
4534,0,33,52,17,102
4536,0,33,86,16,135
4538,69,33,83,17,202
4539,33,17,50,15,115
4540,0,33,50,15,98
4541,0,17,50,15,82
4542,167,33,0,15,215
4543,48,35,16,17,116
4544,0,32,51,17,100
4545,15,35,16,17,83
4547,0,17,16,17,50
4548,0,33,67,15,115
4549,34,17,15,18,84
4550,0,34,15,18,67
4552,0,33,0,15,48
4555,0,17,18,16,51
4556,0,34,17,17,68
4557,0,16,17,17,50
4559,99,18,50,15,182
4560,0,32,34,16,82
4561,83,33,17,15,148
4565,185,33,16,16,250
4566,33,32,51,17,133
4569,15,33,18,17,83
4572,0,35,67,16,118
4573,17,34,15,18,84
4574,99,33,17,18,167
4576,33,32,50,18,133
4577,18,32,50,18,118
4579,0,16,50,18,84
4580,0,33,17,18,68
4581,0,16,17,18,51
4582,0,35,15,18,68
4583,18,33,0,15,66
4584,33,32,0,19,84
4585,18,32,0,19,69
4586,100,32,17,17,166
4587,0,17,0,19,36
4589,0,14,17,18,49
4590,0,35,66,17,118
4591,18,32,17,17,84
4592,0,32,17,17,66
4593,16,34,0,17,67
4594,0,34,0,17,51
4597,82,35,0,16,133
4600,0,33,17,18,68
4601,33,18,0,16,67
4602,35,33,17,17,102
4603,18,33,17,17,85
4606,34,33,32,17,116
4607,0,17,100,16,133
4608,0,33,32,17,82
4609,0,16,32,17,65
4611,15,35,32,17,99
4612,0,35,32,17,84
4613,34,16,0,17,67
4615,0,16,0,17,33
4617,0,17,0,17,34
4618,0,33,0,16,49
4619,0,16,0,16,32
4621,0,18,0,17,35
4622,0,33,82,18,133
4624,16,16,50,18,100
4627,16,34,17,17,84
4628,34,34,17,15,100
4629,18,34,17,15,84
4633,0,15,18,15,48
4634,0,33,35,17,85
4636,0,35,0,17,52
4637,17,32,0,17,66
4638,49,16,17,17,99
4639,0,15,0,17,32
4640,67,34,34,15,150
4641,0,16,17,17,50
4645,116,33,0,18,167
4646,0,34,15,17,66
4647,18,32,17,16,83
4649,0,17,17,16,50
4650,0,33,17,16,66
4652,0,33,0,18,51
4653,34,16,67,16,133
4655,34,16,17,16,83
4657,33,16,16,17,82
4658,0,33,16,17,66
4660,33,33,16,17,99
4661,0,17,66,18,101
4663,16,33,0,18,67
4664,0,33,0,18,51
4665,17,34,0,18,69
4667,16,35,33,15,99
4669,0,17,33,15,65
4670,0,33,0,15,48
4676,0,33,16,17,66
4677,50,34,17,18,119
4678,33,34,17,18,102
4679,17,34,17,18,86
4682,66,33,17,17,133
4683,18,31,67,16,132
4684,0,31,67,16,114
4685,84,34,66,17,201
4686,33,34,49,18,134
4687,17,34,49,18,118
4688,0,34,49,18,101
4689,17,34,66,17,134
4691,0,18,66,17,101
4694,83,17,0,17,117
4695,17,32,0,18,67
4697,0,15,0,18,33
4700,32,34,67,16,149
4701,49,34,0,16,99
4702,34,34,0,16,84
4705,18,33,33,17,101
4707,33,17,0,17,67
4708,33,33,0,17,83
4709,0,17,0,17,34
4710,0,33,0,17,50
4711,167,15,17,17,216
4712,0,34,33,17,84
4713,84,33,100,17,234
4715,16,34,33,17,100
4716,0,34,33,17,84
4717,82,34,17,17,150
4720,0,32,17,17,66
4721,0,15,17,17,49
4722,85,16,49,19,169
4723,84,34,34,16,168
4725,17,33,49,19,118
4727,0,16,49,19,84
4728,0,34,34,16,84
4729,17,34,0,16,67
4730,333,33,66,18,450
4731,585,34,0,15,634
4732,0,32,17,17,66
4733,0,16,17,17,50
4734,17,17,17,15,66
4736,32,35,32,17,116
4738,0,35,32,17,84
4739,101,15,0,18,134
4741,15,35,16,15,81
4742,104,30,0,16,150
4745,15,38,0,12,65
4746,38,30,0,16,84
4747,0,20,0,12,32
4748,0,30,0,16,46
4749,85,32,100,17,234
4750,0,33,66,18,117
4751,0,17,66,18,101
4752,201,33,15,19,268
4753,49,33,18,17,117
4755,15,33,18,17,83
4756,0,33,18,17,68
4757,50,32,0,17,99
4758,35,32,0,17,84
4759,17,32,0,17,66
4762,0,35,48,19,102
4763,100,18,66,16,200
4765,17,34,0,15,66
4766,0,34,0,15,49
4767,19,33,66,16,134
4768,99,32,135,16,282
4769,0,18,66,16,100
4770,0,32,34,16,82
4772,17,17,0,16,50
4773,33,16,135,16,200
4774,0,32,135,16,183
4775,51,33,67,16,167
4777,118,33,16,17,184
4778,0,33,67,16,116
4779,16,33,34,16,99
4781,17,34,0,16,67
4782,0,34,0,16,50
4783,34,17,16,17,84
4785,0,17,16,17,50
4787,233,18,17,16,284
4788,0,33,16,18,67
4792,0,32,17,18,67
4793,99,18,0,15,132
4795,100,18,17,16,151
4797,17,34,0,15,66
4798,34,33,17,16,100
4799,0,18,0,15,33
4800,99,33,18,17,167
4801,0,18,17,16,51
4802,0,33,84,17,134
4803,49,33,18,17,117
4806,0,33,18,17,68
4808,35,32,17,16,100
4809,32,17,17,16,82
4810,0,32,17,16,65
4811,50,34,0,16,100
4812,0,33,17,17,67
4813,16,34,0,16,66
4814,0,34,0,16,50
4819,34,16,16,17,83
4820,33,33,17,17,100
4821,49,34,0,16,99
4822,0,33,17,17,67
4825,0,17,0,16,33
4826,34,32,17,29,112
4827,0,18,0,15,33
4828,0,32,17,29,78
4831,29,24,17,15,85
4832,24,32,52,17,125
4833,17,32,52,17,118
4834,0,32,52,17,101
4835,49,35,0,17,101
4836,0,34,85,15,134
4837,17,35,0,17,69
4839,17,32,18,15,82
4840,0,32,18,15,65
4842,33,33,17,18,101
4843,15,33,17,18,83
4844,0,33,17,18,68
4845,52,33,15,18,118
4846,0,35,48,18,101
4847,18,33,15,18,84
4849,17,33,17,17,84
4851,18,34,15,17,84
4854,32,34,50,17,133
4855,17,34,50,17,118
4856,0,34,50,17,101
4857,34,17,17,17,85
4858,0,33,17,17,67
4859,51,33,84,17,185
4860,0,34,0,16,50
4861,17,33,84,17,151
4862,0,33,84,17,134
4863,0,17,84,17,118
4864,0,32,17,17,66
4865,15,34,18,17,84
4866,34,35,16,17,102
4870,0,33,0,15,48
4871,32,17,16,18,83
4872,0,32,16,18,66
4874,34,33,16,16,99
4875,0,18,99,17,134
4876,0,33,16,16,65
4877,17,32,21,13,83
4878,0,32,21,13,66
4880,34,35,0,16,85
4881,30,18,0,16,64
4887,17,34,33,16,100
4888,49,18,32,18,117
4889,32,18,32,18,100
4891,18,32,34,16,100
4893,0,16,34,16,66
4894,150,17,50,16,233
4895,0,16,50,17,83
4898,0,34,49,17,100
4901,33,17,50,16,116
4902,284,16,18,15,333
4903,17,33,17,16,83
4904,0,33,17,16,66
4905,15,33,18,17,83
4906,0,33,18,17,68
4907,0,16,18,17,51
4908,0,35,15,17,67
4909,32,17,0,18,67
4910,0,32,0,18,50
4911,0,17,0,18,35
4914,0,34,17,16,67
4915,418,33,67,16,534
4916,0,33,52,15,100
4917,50,33,100,17,200
4918,0,34,18,15,67
4920,33,34,18,14,99
4922,0,34,18,14,66
4924,0,32,17,17,66
4925,0,14,17,17,48
4926,0,34,17,17,68
4927,0,17,17,17,51
4928,34,32,18,17,101
4929,49,35,17,16,117
4930,32,35,17,16,100
4931,15,35,17,16,83
4933,17,33,17,15,82
4934,100,33,67,16,216
4935,16,32,18,17,83
4936,0,32,18,17,67
4937,0,15,18,17,50
4938,0,35,48,17,100
4942,0,32,18,17,67
4943,17,35,16,17,85
4944,0,35,16,17,68
4945,0,17,16,17,50
4946,0,33,20,13,66
4947,0,17,20,13,50
4948,0,33,17,17,67
4950,34,34,15,17,100
4952,0,34,15,17,66
4953,19,32,134,17,202
4954,0,32,134,17,183
4956,0,33,17,17,67
4957,0,16,17,17,50
4958,0,34,150,17,201
4959,101,15,51,17,184
4960,0,32,18,17,67
4961,0,16,18,17,51
4962,185,17,82,17,301
4963,17,32,51,17,117
4964,0,32,51,17,100
4965,32,17,34,16,99
4966,0,34,34,16,84
4968,0,34,32,18,84
4969,17,32,50,18,117
4970,0,32,50,18,100
4971,0,16,50,18,84
4972,0,35,82,17,134
4974,0,33,0,15,48
4978,0,34,49,21,104
4979,17,34,15,21,87
4980,0,34,15,21,70
4981,17,36,79,17,149
4982,36,30,17,17,100
4985,17,34,15,17,83
4986,0,34,15,17,66
4987,17,32,17,17,83
4988,99,33,17,17,166
4989,17,34,51,15,117
4991,50,33,17,17,117
4992,200,34,16,17,267
4995,15,34,0,18,67
4997,17,34,15,18,84
4999,0,16,15,18,49
5000,0,33,50,17,100
5003,50,33,50,15,148
5004,0,34,16,17,67
5006,0,33,50,15,98
5007,17,32,51,18,118
5008,32,33,18,18,101
5010,33,36,32,17,118
5013,0,18,32,17,67
5014,32,32,19,14,97
5015,16,32,19,14,81
5016,32,33,35,16,116
5019,399,18,16,15,448
5020,101,34,17,15,167
5021,17,33,17,16,83
5022,33,33,0,19,85
5023,50,34,17,15,116
5024,284,16,17,18,335
5026,34,32,0,18,84
5027,82,34,0,16,132
5028,0,32,0,18,50
5029,33,17,0,16,66
5030,0,35,0,16,51
5032,0,34,0,16,50
5033,0,18,0,16,34
5034,0,33,50,15,98
5035,0,17,50,15,82
5036,0,33,17,15,65
5037,16,32,0,18,66
5040,0,34,17,18,69
5042,0,35,16,15,66
5044,83,15,18,17,133
5045,100,17,15,17,149
5046,0,34,0,18,52
5047,17,33,18,17,85
5049,0,15,18,17,50
5050,35,32,16,17,100
5052,0,32,16,17,65
5053,118,32,18,17,185
5055,117,35,15,17,184
5057,51,32,18,17,118
5058,666,33,34,18,751
5060,0,32,18,17,67
5061,17,35,15,17,84
5062,101,34,15,18,168
5064,0,32,116,17,165
5065,51,34,15,18,118
5066,0,34,17,17,68
5067,17,34,15,18,84
5068,0,34,15,18,67
5070,33,32,0,17,82
5071,18,32,0,17,67
5072,0,32,0,17,49
5075,117,33,0,17,167
5076,0,34,16,16,66
5077,33,16,51,16,116
5078,32,34,17,16,99
5079,50,33,0,17,100
5080,0,34,17,16,67
5081,17,33,0,17,67
5083,16,34,0,16,66
5084,0,34,0,16,50
5085,0,17,0,16,33
5088,0,35,0,16,51
5090,0,33,65,19,117
5091,0,17,65,19,101
5092,32,33,19,15,99
5093,34,15,19,15,83
5094,100,34,83,16,233
5095,1350,34,0,16,1400
5096,0,34,50,17,101
5097,0,15,50,17,82
5098,101,32,17,16,166
5100,0,34,83,16,133
5101,0,17,83,16,116
5102,0,34,0,17,51
5103,0,16,0,17,33
5105,32,16,18,16,82
5108,0,34,17,16,67
5109,16,33,34,18,101
5110,0,33,34,18,85
5111,16,34,18,17,85
5113,16,35,49,17,117
5114,0,35,49,17,101
5116,0,31,18,17,66
5117,51,33,17,16,117
5118,101,31,18,18,168
5119,17,33,17,16,83
5124,0,31,18,18,67
5125,482,35,17,16,550
5126,102,34,0,16,152
5127,101,17,0,16,134
5129,17,34,0,17,68
5130,0,34,0,17,51
5133,0,17,0,16,33
5134,0,33,33,17,83
5135,0,17,33,17,67
5136,33,34,0,17,84
5137,16,34,0,17,67
5138,0,34,0,17,51
5139,0,17,0,17,34
5141,49,34,0,16,99
5142,99,33,17,16,165
5143,34,17,0,16,67
5144,0,34,0,16,50
5145,33,17,16,17,83
5146,0,33,16,17,66
5147,116,35,17,16,184
5148,33,33,68,17,151
5149,50,33,18,17,118
5150,1583,18,15,17,1633
5152,101,32,49,20,202
5154,0,35,17,16,68
5155,17,33,0,17,67
5156,0,33,0,17,50
5158,0,32,49,20,101
5161,0,18,13,20,51
5162,0,33,0,15,48
5164,0,32,0,17,49
5165,0,17,0,17,34
5166,0,34,17,16,67
5167,0,17,17,16,50
5168,17,16,0,16,49
5169,32,16,17,16,81
5170,0,32,17,16,65
5171,484,33,0,16,533
5172,17,16,18,17,68
5175,17,34,0,16,67
5176,0,34,0,16,50
5177,18,33,0,15,66
5179,0,17,0,15,32
5181,34,17,0,16,67
5182,17,17,0,16,50
5183,17,33,17,16,83
5184,0,33,17,16,66
5185,101,16,34,18,169
5187,33,17,0,17,67
5188,34,33,34,18,119
5189,0,17,0,17,34
5190,483,17,17,17,534
5191,0,16,34,18,68
5192,0,34,0,18,52
5193,34,15,33,15,97
5194,33,33,0,15,81
5196,100,33,66,18,217
5197,16,34,0,16,66
5198,34,33,0,16,83
5201,0,17,0,16,33
5202,0,33,66,18,117
5203,0,17,66,18,101
5204,0,34,0,16,50
5205,33,16,84,17,150
5206,0,32,84,17,133
5207,117,34,0,16,167
5208,34,33,68,16,151
5209,0,16,0,18,34
5210,101,32,0,17,150
5211,0,15,68,16,99
5213,17,34,0,16,67
5215,17,32,0,17,66
5216,0,32,0,17,49
5218,34,34,67,17,152
5219,51,32,17,18,118
5220,0,34,67,17,118
5222,49,18,0,17,84
5223,0,17,17,18,52
5225,0,18,0,17,35
5229,16,34,50,16,116
5231,0,17,50,16,83
5232,0,33,17,16,66
5233,0,16,17,16,49
5234,0,33,68,16,117
5235,16,33,18,17,84
5236,33,35,16,17,101
5238,0,35,16,17,68
5239,33,17,17,17,84
5240,100,32,17,18,167
5241,0,17,17,17,51
5243,0,17,15,18,50
5244,0,33,15,17,65
5247,472,13,19,17,521
5248,0,35,151,18,204
5249,99,35,19,16,169
5250,33,33,85,18,169
5252,102,34,15,17,168
5253,101,18,15,17,151
5256,0,19,16,18,53
5257,32,18,15,17,82
5258,0,34,15,17,66
5260,0,32,0,18,50
5261,17,34,33,16,100
5262,0,34,33,16,83
5265,0,16,0,16,32
5266,0,33,17,17,67
5267,0,17,17,17,51
5268,34,33,52,13,132
5269,17,33,52,13,115
5271,0,17,52,13,82
5272,18,14,20,13,65
5273,14,33,19,17,83
5274,0,33,19,17,69
5275,49,32,100,17,198
5276,36,32,100,17,185
5278,0,32,100,17,149
5279,17,33,0,18,68
5282,0,35,16,16,67
5283,0,17,16,16,49
5284,32,34,17,16,99
5286,0,34,17,16,67
5289,49,35,16,17,117
5290,0,33,18,17,68
5293,0,17,16,17,50
5294,0,33,49,16,98
5297,17,33,51,17,118
5298,0,33,51,17,101
5299,16,34,50,16,116
5300,51,17,16,16,100
5301,51,32,34,18,135
5302,17,17,16,16,66
5303,17,32,34,18,101
5305,16,34,0,18,68
5306,34,33,18,15,100
5307,82,34,83,17,216
5308,84,16,83,17,200
5310,33,34,83,17,167
5312,0,34,83,17,134
5313,0,16,83,17,116
5315,34,18,16,17,85
5316,0,35,16,17,68
5317,0,18,16,17,51
5318,0,33,49,17,99
5322,0,33,84,17,134
5323,17,35,49,17,118
5324,0,35,49,17,101
5325,18,32,17,17,84
5326,32,34,17,15,98
5327,0,17,17,17,51
5328,17,17,17,15,66
5329,17,32,34,16,99
5330,0,32,34,16,82
5333,16,34,0,17,67
5335,0,18,0,17,35
5336,100,33,0,17,150
5337,0,17,82,17,116
5338,132,33,51,15,231
5339,16,35,83,16,150
5340,35,33,0,17,85
5341,50,33,17,16,116
5342,16,17,0,17,50
5343,34,16,17,16,83
5346,0,33,51,15,99
5347,82,33,19,17,151
5348,35,31,19,14,99
5349,17,31,19,14,81
5350,83,17,33,15,148
5351,15,33,19,17,84
5353,50,33,0,15,98
5355,32,18,0,15,65
5357,18,32,34,17,101
5358,0,32,34,17,83
5359,0,17,34,17,68
5361,17,34,0,15,66
5362,0,34,0,15,49
5364,0,33,101,15,149
5366,0,33,68,15,116
5367,17,34,0,17,68
5368,34,34,49,16,133
5369,17,34,49,16,116
5371,32,17,17,16,82
5372,0,32,17,16,65
5374,0,33,16,17,66
5375,0,16,16,17,49
5378,18,16,166,18,218
5380,101,32,0,17,150
5382,0,34,18,17,69
5385,17,32,0,17,66
5387,0,17,0,17,34
5388,0,33,35,17,85
5389,34,17,33,17,101
5390,0,35,33,17,85
5393,33,16,17,15,81
5394,0,33,17,15,65
5395,48,34,17,17,116
5397,15,34,17,17,83
5400,101,32,52,15,200
5401,17,32,134,16,199
5402,0,32,134,16,182
5403,50,32,52,15,149
5406,0,32,52,15,99
5407,0,16,52,15,83
5408,0,33,50,18,101
5411,82,34,14,18,148
5412,34,33,17,17,101
5413,85,32,18,17,152
5415,34,17,14,18,83
5416,34,32,18,17,101
5417,0,17,14,18,49
5418,0,32,18,17,67
5419,36,17,15,17,85
5421,49,33,18,17,117
5422,0,32,17,16,65
5425,0,16,18,17,51
5426,0,35,49,17,101
5427,17,32,50,16,115
5428,0,32,50,16,98
5429,368,15,18,17,418
5431,83,34,17,17,151
5432,0,32,18,16,66
5433,16,34,18,16,84
5434,85,17,115,17,234
5435,16,34,17,17,84
5436,34,34,115,17,200
5438,99,35,48,17,199
5440,31,34,50,17,132
5442,0,34,50,17,101
5444,35,32,51,15,133
5447,17,33,18,15,83
5448,84,17,15,18,134
5449,17,33,18,17,85
5450,0,33,18,17,68
5451,15,35,15,18,83
5453,83,34,0,15,132
5454,0,33,0,16,49
5455,18,33,66,16,133
5456,0,33,66,16,115
5457,0,17,66,16,99
5458,0,34,0,15,49
5459,99,17,50,17,183
5460,99,33,34,17,183
5461,0,17,0,16,33
5462,33,34,50,17,134
5464,0,34,50,17,101
5465,0,17,50,17,84
5466,0,33,34,17,84
5467,51,34,16,17,118
5468,0,34,133,16,183
5469,101,15,17,17,150
5470,0,34,16,17,67
5473,17,32,17,17,83
5474,32,34,67,16,149
5476,219,14,18,17,268
5479,0,17,18,16,51
5480,34,33,16,17,100
5481,0,16,0,16,32
5482,0,33,16,17,66
5483,33,17,35,17,102
5486,0,35,49,17,101
5487,816,34,15,17,882
5488,0,31,18,17,66
5489,0,14,18,17,49
5490,35,32,17,17,101
5492,0,32,17,17,66
5493,16,34,0,16,66
5494,0,34,0,16,50
5495,17,33,16,17,83
5497,0,17,16,17,50
5498,0,33,0,17,50
5499,17,35,48,17,117
5500,0,35,48,17,100
5501,51,32,134,16,233
5502,99,33,0,17,149
5504,533,34,15,17,599
5505,51,33,0,17,101
5506,0,34,84,16,134
5508,17,16,0,17,50
5509,99,17,52,14,182
5512,16,16,16,17,65
5513,16,33,52,14,115
5516,234,33,17,16,300
5519,14,34,0,17,65
5521,101,16,16,17,150
5522,0,34,17,16,67
5523,0,17,17,16,50
5524,17,16,34,16,83
5525,16,34,16,17,83
5528,232,33,0,18,283
5531,15,33,83,17,148
5534,100,33,33,18,184
5537,32,17,0,18,67
5538,0,32,0,18,50
5539,35,15,33,18,101
5541,0,15,33,18,66
5543,0,15,0,18,33
5544,34,34,0,18,86
5545,0,16,0,17,33
5546,0,34,0,18,52
5547,0,17,0,18,35
5548,0,33,35,16,84
5549,0,15,35,16,66
5550,35,31,17,16,99
5551,116,35,17,14,182
5553,0,15,17,16,48
5554,0,33,18,16,67
5555,0,16,18,16,50
5556,34,35,17,14,100
5557,16,35,17,14,82
5558,0,35,17,14,66
5561,115,34,65,18,232
5563,0,17,15,17,49
5564,0,32,18,16,66
5565,51,34,65,18,168
5567,16,34,65,18,133
5568,0,34,65,18,117
5569,0,17,65,18,100
5571,48,35,0,17,100
5572,0,32,0,18,50
5573,433,18,15,17,483
5574,0,35,0,17,52
5577,0,17,0,15,32
5578,0,32,34,17,83
5580,216,16,0,18,250
5582,0,32,0,17,49
5584,234,35,15,17,301
5587,17,32,0,17,66
5588,0,32,0,17,49
5589,16,35,0,15,66
5590,35,31,0,18,84
5593,0,16,0,18,34
5594,34,34,0,17,85
5595,0,16,17,17,50
5599,50,33,35,16,134
5600,100,32,51,16,199
5601,17,33,35,16,101
5602,33,35,0,16,84
5604,118,16,51,16,201
5605,19,32,51,16,118
5608,0,34,17,16,67
5610,17,16,51,16,100
5611,16,33,18,16,83
5613,17,34,17,16,84
5614,0,34,17,16,67
5615,0,16,17,16,49
5618,0,32,0,20,52
5620,0,35,0,17,52
5621,499,15,17,16,547
5622,0,32,0,17,49
5623,32,17,0,17,66
5625,0,17,0,17,34
5626,0,33,52,14,99
5629,35,14,18,17,84
5630,0,32,18,17,67
5631,14,35,33,17,99
5632,85,15,35,15,150
5633,32,18,0,17,67
5635,18,32,35,15,100
5637,282,35,15,17,349
5638,0,35,0,15,50
5640,0,32,51,16,99
5641,0,17,51,16,84
5642,0,34,17,16,67
5643,17,33,0,18,68
5644,101,32,17,16,166
5645,16,33,18,17,84
5646,0,33,18,17,68
5648,0,35,0,17,52
5652,0,33,0,18,51
5653,34,17,15,17,83
5654,35,32,17,16,100
5655,100,17,15,17,149
5657,50,35,15,17,117
5658,33,35,15,17,100
5661,116,34,17,15,182
5663,102,16,17,15,150
5664,33,34,18,16,101
5665,0,15,52,16,83
5666,0,34,18,16,68
5667,17,34,17,15,83
5668,34,32,18,16,100
5669,233,17,16,15,281
5671,15,34,35,14,98
5672,100,35,16,17,168
5673,0,16,35,14,65
5675,0,17,0,14,31
5677,0,17,19,16,52
5678,35,33,17,17,102
5679,99,15,18,18,150
5680,0,33,17,17,67
5681,17,34,16,15,82
5682,0,34,16,15,65
5684,0,31,18,18,67
5686,0,36,0,14,50
5687,18,32,23,12,85
5689,0,18,23,12,53
5690,0,35,15,17,67
5691,0,12,15,17,44
5693,301,15,34,16,366
5695,0,15,18,17,50
5697,35,16,15,18,84
5698,0,34,15,18,67
5699,0,16,15,18,49
5700,33,32,51,17,133
5703,0,17,51,17,85
5704,0,34,17,17,68
5705,34,17,50,15,116
5706,0,34,50,15,99
5707,368,16,32,18,434
5708,0,34,65,16,115
5709,33,15,34,16,98
5710,31,34,16,17,98
5712,0,34,16,17,67
5713,86,32,99,18,235
5715,34,19,15,17,85
5716,0,36,15,17,68
5717,0,19,15,17,51
5719,17,32,0,17,66
5721,14,34,16,17,81
5722,0,34,16,17,67
5723,33,17,18,16,84
5724,0,33,18,16,67
5729,0,16,32,18,66
5731,35,16,17,16,84
5732,0,34,17,16,67
5733,0,16,17,16,49
5736,0,34,0,15,49
5737,0,17,0,15,32
5738,0,33,17,17,67
5739,35,17,50,15,117
5741,0,17,50,15,82
5742,33,32,52,15,132
5743,48,34,18,15,115
5744,0,32,52,15,99
5746,34,33,117,17,201
5748,33,34,17,15,99
5751,34,15,17,17,83
5752,0,32,17,17,66
5753,200,17,0,15,232
5755,51,34,100,15,200
5756,0,34,17,17,68
5757,17,34,100,15,166
5758,0,34,100,15,149
5759,0,17,100,15,132
5760,0,33,50,17,100
5763,0,17,18,17,52
5765,0,17,0,15,32
5766,0,33,15,17,65
5767,0,18,15,17,50
5768,32,34,17,17,100
5769,17,34,17,17,85
5770,0,34,17,17,68
5773,17,32,34,17,100
5774,32,34,0,17,83
5778,99,35,16,17,167
5783,16,35,16,17,84
5784,0,35,16,17,68
5785,17,33,15,19,84
5786,0,33,15,19,67
5787,17,34,67,15,133
5788,34,32,18,17,101
5789,168,18,0,17,203
5791,84,34,0,15,133
5792,0,35,0,15,50
5793,17,33,34,15,99
5794,50,17,0,15,82
5795,0,18,34,15,67
5796,17,17,0,15,49
5797,17,33,0,17,67
5798,0,33,0,17,50
5799,35,14,18,16,83
5800,0,31,18,16,65
5801,415,34,32,17,498
5802,34,35,0,17,86
5803,16,35,0,17,68
5804,35,31,18,16,100
5805,0,18,0,17,35
5806,0,31,18,16,65
5807,0,14,18,16,48
5808,0,34,0,16,50
5809,16,34,17,17,84
5811,0,18,17,17,52
5813,17,33,16,16,82
5816,0,32,0,18,50
5817,83,33,52,16,184
5818,0,35,15,17,67
5819,0,17,15,17,49
5820,15,17,0,18,50
5821,17,33,52,16,118
5823,32,17,66,17,132
5824,0,34,66,17,117
5826,18,16,32,17,83
5827,81,35,34,14,164
5828,0,32,33,17,82
5829,32,16,69,14,131
5830,0,33,69,14,116
5831,0,16,69,14,99
5832,35,34,0,14,83
5834,0,34,0,14,48
5835,0,18,0,14,32
5836,31,34,51,16,132
5840,0,34,17,16,67
5842,0,33,0,18,51
5843,0,16,0,18,34
5844,0,35,0,14,49
5845,81,34,34,17,166
5846,0,31,17,16,64
5848,17,16,68,17,118
5849,16,34,34,17,101
5850,0,34,34,17,85
5854,32,36,33,16,117
5856,85,15,17,17,134
5857,19,33,48,17,117
5858,0,33,48,17,98
5859,87,33,84,17,221
5860,0,31,17,17,65
5861,32,17,67,17,133
5862,0,34,67,17,118
5863,84,34,16,17,151
5864,0,33,84,17,134
5865,17,34,50,17,118
5866,0,34,50,17,101
5867,0,18,50,17,85
5868,0,34,16,17,67
5869,50,34,15,17,116
5870,0,33,15,19,67
5871,17,34,15,17,83
5872,0,34,15,17,66
5874,0,32,17,16,65
5875,17,33,0,18,68
5876,0,33,0,18,51
5877,0,16,0,18,34
5880,0,33,66,17,116
5881,0,16,66,17,99
5882,32,34,0,17,83
5883,0,16,34,17,67
5884,16,18,0,17,51
5885,18,32,102,15,167
5886,85,14,35,15,149
5888,0,34,0,19,53
5889,34,14,35,15,98
5890,0,33,35,15,83
5891,49,33,16,17,115
5892,68,33,0,17,118
5893,31,18,16,17,82
5894,0,33,16,17,66
5896,0,33,0,17,50
5897,17,33,67,17,134
5898,0,33,67,17,117
5899,0,16,67,17,100
5900,0,36,31,17,84
5901,0,19,31,17,67
5902,0,31,0,17,48
5903,19,33,35,15,102
5904,0,33,35,15,83
5905,0,16,35,15,66
5906,16,19,15,17,67
5907,19,32,67,17,135
5909,0,17,67,17,101
5910,0,33,34,17,84
5911,0,16,34,17,67
5912,0,34,32,18,84
5914,0,32,18,17,67
5918,0,32,68,17,117
5919,0,15,68,17,100
5920,34,34,17,16,101
5922,0,34,17,16,67
5923,34,16,17,17,84
5924,33,34,0,15,82
5926,0,34,0,15,49
5927,32,17,49,18,116
5928,0,32,49,18,99
5930,34,33,17,16,100
5931,17,33,17,16,83
5935,0,16,17,17,50
5936,0,34,0,15,49
5937,83,33,17,17,150
5938,133,34,100,16,283
5941,0,18,17,16,51
5942,17,16,17,17,67
5945,17,34,100,16,167
5946,0,34,100,16,150
5947,17,32,17,16,82
5948,0,32,17,16,65
5949,16,33,18,17,84
5951,16,35,16,16,83
5952,202,33,82,16,333
5953,17,32,17,18,84
5954,0,32,17,18,67
5956,0,35,16,16,67
5957,18,32,50,18,118
5959,16,33,17,18,84
5960,0,33,17,18,68
5961,0,17,17,18,52
5962,35,33,82,16,166
5963,18,33,82,16,149
5964,182,16,0,17,215
5967,381,35,49,17,482
5970,0,33,0,18,51
5971,83,34,18,17,152
5973,118,32,49,17,216
5974,32,34,18,17,101
5976,0,34,18,17,69
5978,0,35,0,15,50
5979,17,32,49,17,115
5980,0,32,49,17,98
5981,101,17,50,16,184
5982,17,17,15,17,66
5983,17,32,18,17,84
5985,0,17,18,17,52
5986,0,35,50,16,101
5987,0,17,50,16,83
5988,0,31,118,17,166
5989,15,35,49,17,116
5990,0,35,49,17,101
5992,33,33,51,16,133
5993,17,33,51,16,117
5994,0,33,51,16,100
5995,17,34,17,16,84
5996,-99956,0,0,0,-99956
5997,0,17,17,16,50
