序号,发送->接收,接收->转发,转发->接收,接收->处理,总计
1,0,48,76,15,139
2,0,25,0,18,43
3,16,35,51,15,117
5,0,17,51,15,83
6,16,15,52,16,99
7,15,35,49,19,118
9,0,15,49,19,83
11,0,16,51,17,84
12,16,19,16,17,68
13,0,19,16,17,52
14,33,33,15,16,97
15,17,33,15,16,81
16,33,31,0,20,84
17,20,31,0,20,71
18,31,37,0,17,85
19,16,37,0,17,70
22,0,30,0,17,47
23,0,13,0,17,30
24,137,29,86,15,267
25,0,16,17,17,50
26,34,33,37,13,117
27,17,33,37,13,100
30,37,29,86,15,167
33,0,16,86,15,117
34,18,16,52,15,101
35,16,34,18,15,83
37,0,15,18,15,48
39,31,16,52,15,114
40,0,32,52,15,99
43,20,31,17,18,86
44,84,17,13,19,133
45,0,15,17,18,50
46,0,35,0,18,53
47,18,35,13,19,85
49,0,17,13,19,49
51,19,32,35,18,104
52,32,35,0,18,85
53,49,32,53,14,148
54,35,32,53,14,134
56,0,32,53,14,99
58,17,18,18,14,67
60,0,32,17,18,67
61,0,14,17,18,49
62,35,31,50,19,135
63,34,15,50,19,118
64,0,31,50,19,100
65,0,15,50,19,84
67,15,36,0,16,67
68,17,19,0,16,52
69,19,31,20,15,85
70,0,31,20,15,66
71,0,15,20,15,50
72,0,35,50,15,100
73,15,35,15,15,80
75,0,20,15,15,50
76,0,30,18,15,63
77,15,33,19,15,82
79,15,34,16,18,83
81,82,34,15,18,149
82,0,34,0,18,52
83,0,18,0,18,36
84,18,15,49,18,100
88,33,33,51,15,132
89,18,33,51,15,117
90,0,33,51,15,99
92,0,35,16,15,66
93,0,19,16,15,50
94,16,15,0,16,47
96,0,36,48,16,100
97,0,20,48,16,84
98,14,18,119,14,165
100,0,32,16,20,68
101,16,36,0,15,67
102,0,36,0,15,51
103,20,31,20,14,85
104,15,16,20,14,65
105,16,34,0,16,66
106,34,32,19,16,101
108,51,16,15,21,103
109,66,21,15,15,117
111,16,36,15,15,82
112,0,36,15,15,66
113,51,32,18,17,118
114,30,32,18,17,97
115,15,32,18,17,82
116,0,32,18,17,67
117,65,19,15,19,118
118,18,17,15,19,69
120,49,19,15,16,99
122,0,34,15,16,65
124,0,31,34,18,83
125,16,34,0,18,68
126,34,34,33,16,117
128,18,16,33,16,83
129,34,15,0,16,65
130,33,34,16,18,101
131,15,34,16,18,83
132,16,18,16,18,68
134,16,18,0,12,46
135,18,32,16,16,82
136,12,20,16,16,64
138,16,16,51,17,100
140,0,36,15,17,68
142,15,17,16,17,65
143,17,33,16,19,85
144,0,33,16,19,68
146,0,35,17,15,67
148,0,32,16,17,65
149,15,33,16,19,83
151,0,17,16,19,52
152,0,35,0,14,49
153,0,19,0,14,33
154,0,34,13,20,67
157,20,34,80,18,152
158,0,34,80,18,132
159,0,20,80,18,118
160,31,33,16,18,98
161,15,33,16,18,82
162,15,18,16,18,67
163,18,34,68,16,136
164,0,34,68,16,118
165,18,31,18,19,86
166,31,37,0,16,84
168,0,37,0,16,53
169,19,32,18,15,84
170,32,33,18,15,98
171,16,33,18,15,82
172,18,15,18,15,66
173,15,33,18,15,81
174,18,15,18,15,66
175,0,15,18,15,48
177,15,35,50,15,115
178,0,35,50,15,100
180,0,31,19,15,65
181,15,34,17,18,84
182,0,34,17,18,69
183,0,15,17,18,50
184,0,35,50,19,104
185,68,19,15,15,117
188,19,19,15,15,68
189,19,30,84,16,149
192,34,32,18,16,100
193,19,32,18,16,85
195,0,17,18,16,51
196,18,16,50,18,102
197,16,33,17,18,84
198,0,33,17,18,68
199,0,15,17,18,50
200,35,31,19,15,100
203,0,15,19,15,49
204,0,34,0,19,53
205,15,35,16,16,82
206,19,16,16,16,67
207,0,16,16,16,48
208,16,16,0,17,49
209,16,34,49,16,115
210,0,34,49,16,99
212,16,16,17,16,65
213,49,36,49,18,152
215,16,36,49,18,119
216,36,30,19,18,103
217,86,30,52,17,185
218,0,30,19,18,67
220,100,36,48,19,203
221,18,30,52,17,117
225,15,36,48,19,118
226,0,36,48,19,103
228,34,33,15,19,101
229,18,33,15,19,85
230,33,34,50,14,131
231,19,34,50,14,117
232,0,34,50,14,98
233,19,30,20,14,83
234,0,30,20,14,64
236,0,34,34,16,84
237,14,34,0,16,64
238,50,19,14,19,102
239,16,35,14,19,84
240,16,19,14,19,68
242,14,19,48,19,100
243,0,19,48,19,86
245,18,34,15,19,86
246,15,19,15,19,68
248,0,34,0,16,50
249,19,30,17,19,85
250,0,30,17,19,66
252,69,33,16,16,134
253,19,33,15,18,85
258,0,32,16,18,66
259,0,16,16,18,50
260,0,34,15,20,69
261,18,35,16,15,84
262,0,35,16,15,66
265,15,35,15,18,83
266,0,35,15,18,68
267,0,19,15,18,52
268,33,34,15,18,100
269,18,34,15,18,85
270,16,18,15,18,67
271,0,18,15,18,51
272,15,18,15,19,67
274,34,30,15,18,97
275,0,19,45,18,82
276,63,34,53,15,165
277,15,33,17,17,82
279,18,34,53,15,120
281,0,17,53,15,85
283,15,33,15,16,79
284,0,33,15,16,64
287,16,35,49,20,120
288,0,35,49,20,104
289,0,16,49,20,85
290,0,34,15,20,69
292,0,35,15,15,65
293,20,30,21,15,86
294,30,36,15,16,97
297,15,31,50,18,114
298,0,31,50,18,99
299,16,35,15,18,84
300,35,33,18,16,102
301,16,33,18,16,83
302,0,33,18,16,67
304,34,34,15,19,102
307,53,33,48,15,149
309,33,19,48,15,115
311,19,30,18,15,82
312,0,30,18,15,63
313,0,16,18,15,49
314,101,34,16,19,170
315,15,34,19,15,83
316,0,34,19,15,68
317,15,34,16,18,83
318,0,34,16,18,68
319,15,34,16,19,84
321,18,35,0,15,68
322,0,35,0,15,50
324,116,16,99,19,250
325,0,18,12,18,48
327,18,35,83,18,154
329,15,34,99,19,167
330,18,16,99,19,152
332,0,33,50,16,99
334,0,34,32,19,85
335,0,18,32,19,69
336,16,16,19,16,67
337,16,35,15,17,83
338,0,35,15,17,67
339,16,32,15,19,82
341,0,17,15,19,51
342,0,34,15,19,68
343,19,34,81,16,150
345,0,19,81,16,116
346,0,33,48,16,97
347,33,19,14,16,82
348,34,30,52,18,134
350,30,37,116,15,198
351,36,17,116,15,184
353,0,17,116,15,148
354,15,18,83,15,131
355,18,31,52,15,116
356,0,31,52,15,98
357,0,15,52,15,82
360,19,15,16,17,67
361,15,33,18,15,81
362,0,33,18,15,66
365,51,30,19,16,116
367,46,35,49,19,149
369,0,15,19,16,50
370,0,35,49,19,103
371,16,34,15,19,84
373,19,34,47,20,120
375,0,19,47,20,86
377,15,36,199,15,265
378,36,33,50,15,134
379,20,33,50,15,118
380,0,33,50,15,98
381,18,31,19,15,83
384,19,15,16,16,66
386,16,16,53,16,101
389,0,16,18,16,50
390,18,16,15,19,68
391,16,34,15,16,81
392,0,34,15,16,65
393,34,16,50,19,119
394,15,16,50,19,100
395,16,35,15,19,85
396,35,34,148,16,233
397,16,34,148,16,214
399,0,19,148,16,183
400,0,32,82,19,133
401,17,32,84,16,149
402,17,15,84,16,132
403,0,15,84,16,115
404,19,16,49,16,100
406,34,31,17,17,99
407,19,31,17,17,84
408,0,31,17,17,65
409,0,16,17,17,50
410,0,34,50,18,102
413,15,34,17,15,81
414,0,34,17,15,66
415,50,33,19,15,117
416,32,33,19,15,99
417,15,33,19,15,82
419,14,34,47,19,114
420,34,33,134,16,217
421,0,15,47,19,81
424,14,19,16,20,69
425,0,19,16,20,55
426,0,36,16,15,67
427,20,31,85,15,151
428,16,15,85,15,131
429,0,15,85,15,115
430,34,34,17,15,100
431,15,34,17,15,81
432,16,18,17,15,66
434,0,32,51,16,99
435,50,32,17,16,115
436,0,35,16,16,67
437,19,32,17,16,84
438,0,32,17,16,65
439,0,16,17,16,49
440,0,33,51,16,100
442,0,36,15,16,67
443,0,20,15,16,51
444,31,33,19,15,98
445,68,15,51,17,151
447,0,16,19,15,50
448,34,32,84,16,166
449,15,32,84,16,147
450,0,32,84,16,132
451,15,36,48,16,115
452,36,32,49,19,136
453,17,32,49,19,117
454,0,32,49,19,100
458,0,36,49,18,103
459,19,30,52,18,119
460,0,30,52,18,100
461,14,37,15,18,84
463,0,18,15,18,51
464,0,33,15,18,66
465,18,33,16,18,85
466,0,33,16,18,67
467,18,34,48,18,118
468,16,18,48,18,100
469,0,18,48,18,84
472,15,18,50,17,100
473,18,32,18,17,85
474,16,16,18,17,67
475,0,16,18,17,51
476,0,35,16,14,65
478,0,30,19,18,67
481,18,31,18,15,82
483,0,15,18,15,48
485,15,35,0,16,66
486,19,16,0,16,51
487,0,16,0,16,32
488,0,35,97,18,150
489,49,33,34,18,134
490,30,33,34,18,115
491,48,34,0,18,100
492,33,34,0,18,85
493,15,34,0,18,67
494,0,34,0,18,52
495,15,33,19,14,81
496,18,15,19,14,66
498,19,14,50,19,102
499,14,35,15,19,83
500,35,34,81,19,169
501,15,34,81,19,149
502,15,19,81,19,134
503,19,32,49,19,119
504,0,32,49,19,100
505,34,15,16,19,84
507,15,35,16,18,84
508,0,35,16,18,69
509,53,33,15,18,119
511,18,33,15,18,84
514,0,33,31,18,82
515,0,18,31,18,67
517,16,35,16,15,82
518,0,35,16,15,66
524,17,19,16,15,67
525,0,19,16,15,50
526,0,31,19,15,65
527,15,34,85,16,150
529,0,15,85,16,116
530,0,35,16,15,66
531,19,31,19,16,85
533,0,15,19,16,50
534,19,16,15,19,69
535,0,16,15,19,50
536,0,34,16,15,65
537,19,31,18,16,84
538,0,31,18,16,65
540,18,16,18,15,67
541,0,16,18,15,49
542,18,15,19,15,67
544,0,34,50,15,99
545,15,35,15,15,80
546,16,19,15,15,65
547,34,15,19,15,83
549,15,34,116,19,184
551,0,15,116,19,150
552,33,34,68,18,153
554,0,34,68,18,120
556,33,35,18,15,101
557,15,35,18,15,83
559,0,19,18,15,52
560,0,33,83,16,132
561,0,15,83,16,114
562,35,33,47,19,134
563,20,33,47,19,119
566,15,16,83,18,132
567,16,35,15,18,84
568,0,35,15,18,68
570,15,18,33,16,82
571,0,18,33,16,67
572,33,32,54,14,133
573,18,32,54,14,118
575,35,15,34,16,100
576,19,15,34,16,84
577,15,34,68,15,132
578,0,34,68,15,117
579,14,31,119,15,179
580,68,33,98,20,219
581,0,15,119,15,149
583,18,33,98,20,169
584,15,18,98,20,151
586,0,32,32,17,81
588,17,15,0,17,49
589,15,34,85,15,149
592,0,35,15,19,69
593,0,15,15,19,49
594,50,15,19,15,99
595,19,31,19,15,84
597,0,15,19,15,49
598,0,34,15,18,67
599,15,33,16,18,82
600,49,18,52,15,134
601,18,34,52,15,119
602,0,34,52,15,101
603,18,33,19,15,85
604,0,33,19,15,67
606,0,34,0,18,52
607,15,35,18,15,83
608,35,33,15,19,102
609,17,33,15,19,84
613,19,34,15,16,84
615,19,31,52,15,117
616,31,33,19,15,98
617,16,33,19,15,83
618,33,34,49,19,135
621,15,34,15,19,83
624,0,34,20,28,82
625,19,20,12,16,67
626,20,45,18,15,98
627,0,45,18,15,78
628,16,17,18,15,66
629,0,17,18,15,50
630,33,36,85,31,185
631,51,32,16,16,115
633,19,32,16,16,83
634,0,32,16,16,64
637,68,15,19,34,136
638,0,21,65,34,120
640,17,15,19,34,85
641,0,15,19,34,68
643,34,49,15,17,115
644,20,49,15,17,101
645,33,16,15,17,81
648,15,17,118,16,166
650,0,32,169,16,217
651,16,20,16,15,67
654,15,16,86,32,149
655,0,16,86,32,134
656,35,33,18,32,118
657,99,17,48,20,184
659,0,17,18,32,67
660,18,49,48,20,135
661,65,16,119,31,231
662,49,16,119,31,215
663,65,20,16,16,117
664,16,16,119,31,182
666,16,20,16,16,68
667,20,32,51,31,134
668,0,32,51,31,114
669,16,33,18,31,98
670,0,33,18,31,82
671,0,16,18,31,65
672,18,47,50,19,134
673,31,16,50,19,116
674,15,16,50,19,100
675,0,16,50,19,85
676,35,34,17,16,102
677,15,34,17,16,82
678,0,34,17,16,67
679,19,33,49,19,120
680,0,33,49,19,101
681,16,33,16,19,84
684,0,35,15,16,66
685,19,31,16,18,84
686,15,16,16,18,65
687,0,16,16,18,50
688,0,34,15,18,67
694,0,33,19,15,67
695,14,34,16,18,82
696,0,34,16,18,68
697,15,34,16,16,81
698,0,34,16,16,66
700,0,32,17,19,68
701,16,36,16,15,83
703,0,19,16,15,50
704,31,34,16,16,97
705,15,34,16,16,81
706,0,34,16,16,66
707,18,32,86,15,151
711,0,17,16,15,48
712,31,34,16,19,100
713,15,34,16,19,84
714,0,34,16,19,69
715,15,35,16,14,80
716,0,35,16,14,65
717,0,19,16,14,49
718,0,30,20,15,65
720,85,16,18,15,134
721,15,19,116,15,165
722,0,19,116,15,150
723,47,33,36,15,131
725,0,16,18,15,49
726,33,36,50,31,150
728,0,36,50,31,117
729,18,32,18,31,99
730,0,32,18,31,81
731,0,17,18,31,66
732,18,47,19,16,100
733,15,32,19,16,82
736,35,32,0,20,87
737,16,32,0,20,68
738,32,20,117,16,185
740,0,20,117,16,153
743,85,16,17,32,150
744,32,36,16,17,101
745,17,36,16,17,86
747,20,16,17,32,85
748,0,16,17,32,65
749,17,32,0,18,67
750,32,18,13,20,83
751,19,18,13,20,70
752,0,18,13,20,51
753,13,35,16,16,80
754,20,15,16,16,67
755,0,15,16,16,47
756,0,32,50,19,101
758,35,34,15,19,103
759,16,34,15,19,84
760,34,34,15,15,98
762,0,34,15,15,64
763,0,19,15,15,49
764,30,36,16,15,97
765,15,36,16,15,82
767,36,15,0,17,68
771,35,15,52,14,116
772,34,34,32,17,117
773,15,34,32,17,98
774,0,34,32,17,83
775,18,32,50,17,117
776,0,32,50,17,99
777,14,35,15,17,81
778,17,18,15,17,67
779,33,17,19,15,84
780,15,17,19,15,66
781,17,34,101,18,170
782,0,34,101,18,153
783,50,37,29,18,134
785,72,47,15,18,152
786,0,37,29,18,84
787,0,22,29,18,69
788,16,47,15,18,96
790,34,33,49,15,131
791,0,16,15,18,49
792,15,18,49,15,97
793,18,34,15,15,82
794,16,18,15,15,64
795,0,18,15,15,48
797,0,15,19,16,50
798,19,16,50,16,101
799,66,16,51,18,151
801,0,17,49,18,84
802,16,16,51,18,101
804,69,31,52,15,167
805,18,34,15,16,83
806,0,34,15,16,65
809,33,20,49,15,117
810,0,37,49,15,101
811,0,20,49,15,84
812,30,34,49,17,130
813,15,34,49,17,115
815,15,33,16,17,81
816,33,33,0,16,82
817,17,33,0,16,66
818,33,32,35,15,115
819,17,32,35,15,99
820,16,16,35,15,82
822,35,35,16,16,102
823,16,35,16,16,83
824,15,20,16,16,67
825,0,20,16,16,52
826,16,16,0,17,49
828,0,34,17,16,67
829,0,17,17,16,50
831,50,34,81,18,183
832,0,34,0,15,49
833,18,34,81,18,151
834,15,19,81,18,133
835,19,30,19,17,85
836,30,36,15,18,99
837,15,36,15,18,84
838,36,33,21,30,120
839,17,33,21,30,101
842,0,21,111,16,148
844,19,50,16,15,100
847,36,15,16,19,86
848,16,15,16,19,66
849,15,35,15,16,81
850,16,19,15,16,66
851,0,19,15,16,50
852,31,34,16,18,99
853,50,34,17,15,116
855,15,34,17,15,81
856,0,34,17,15,66
857,18,32,83,18,151
858,32,34,0,16,82
859,49,34,15,18,116
860,34,34,15,18,101
862,0,34,15,18,67
863,18,33,50,18,119
864,0,33,50,18,101
866,0,35,50,15,100
867,52,32,49,18,151
868,0,33,81,18,132
869,18,32,49,18,117
871,15,34,15,18,82
872,0,34,15,18,67
875,18,33,16,19,86
876,0,33,16,19,68
877,17,35,83,15,150
879,0,19,83,15,117
881,18,32,18,15,83
882,0,32,18,15,65
883,16,33,18,15,82
886,0,33,0,17,50
889,0,16,16,20,52
890,0,36,16,15,67
893,15,39,80,14,148
894,19,20,80,14,133
895,37,47,49,15,148
897,77,34,50,18,179
901,14,34,50,18,116
902,0,34,50,18,102
903,0,15,50,18,83
904,0,34,16,18,68
906,16,18,0,16,50
907,18,32,18,16,84
908,0,32,18,16,66
911,16,34,15,16,81
912,0,34,15,16,65
913,19,31,19,15,84
914,0,31,19,15,65
915,50,35,0,14,99
917,15,35,0,14,64
918,35,33,15,19,102
919,18,33,15,19,85
920,0,33,15,19,67
922,34,34,16,15,99
924,34,31,16,19,100
925,19,31,16,19,85
926,16,15,16,19,66
928,0,35,50,16,101
929,53,32,49,18,152
930,34,32,49,18,133
931,18,32,49,18,117
935,18,33,16,15,82
936,0,33,16,15,64
937,18,31,0,19,68
938,0,31,0,19,50
939,15,34,17,18,84
942,35,33,51,18,137
943,18,33,51,18,120
946,0,32,68,16,116
948,19,18,31,16,84
949,18,19,12,16,65
950,31,32,52,15,130
951,28,16,52,15,111
953,0,16,52,15,83
954,33,34,19,15,101
956,34,34,82,19,169
957,15,34,82,19,150
958,69,31,16,19,135
960,35,31,16,19,101
962,0,31,16,19,66
963,32,19,50,14,115
964,0,35,50,14,99
965,19,34,47,19,119
967,19,30,17,19,85
969,50,34,15,15,114
970,0,36,15,19,70
975,0,15,19,15,49
976,19,15,16,19,69
977,15,35,48,18,116
978,0,35,48,18,101
979,0,19,48,18,85
982,0,33,15,19,67
983,18,34,15,16,83
986,31,33,20,16,100
987,0,16,19,14,49
988,19,14,20,16,69
989,50,34,15,18,117
991,16,34,15,18,83
993,19,33,49,16,117
995,18,31,50,18,117
997,34,16,16,18,84
999,16,34,16,16,82
1000,34,32,16,16,98
1001,18,32,16,16,82
1002,0,32,16,16,64
1003,16,32,20,15,83
1004,0,32,20,15,67
1005,0,16,20,15,51
1006,0,35,0,18,53
1007,0,15,0,18,33
1008,0,34,85,15,134
1009,0,16,85,15,116
1011,19,31,19,15,84
1012,31,34,17,15,97
1013,35,15,17,15,82
1014,19,15,17,15,66
1017,15,34,19,30,98
1018,0,34,19,30,83
1019,15,19,15,15,64
1020,34,35,33,16,118
1021,15,35,33,16,99
1025,19,32,18,16,85
1026,16,16,18,16,66
1030,34,33,15,16,98
1031,19,33,15,16,83
1033,0,18,15,16,49
1034,15,16,17,20,68
1035,16,37,116,16,185
1036,0,37,116,16,169
1038,16,48,52,16,132
1039,0,48,52,16,116
1040,15,16,52,16,99
1042,16,16,118,15,165
1044,0,36,17,16,69
1046,0,33,49,15,97
1047,0,16,49,15,80
1048,0,32,17,15,64
1051,0,15,20,16,51
1052,36,34,17,17,104
1054,0,34,17,17,68
1055,20,34,48,15,117
1056,17,17,48,15,97
1057,17,33,50,31,131
1058,0,33,50,31,114
1059,0,17,50,31,98
1060,30,20,15,16,81
1061,35,50,49,17,151
1062,0,20,15,16,51
1063,0,50,49,17,116
1065,19,33,16,17,85
1066,0,33,16,17,66
1067,18,33,15,19,85
1069,0,17,15,19,51
1070,34,33,16,18,101
1071,19,33,16,18,86
1072,0,33,16,18,67
1073,0,17,16,18,51
1074,34,31,49,18,132
1075,18,31,49,18,116
1076,0,31,49,18,98
1077,15,33,16,18,82
1081,18,35,0,16,69
1082,0,35,0,16,51
1083,68,16,0,15,99
1084,0,31,18,16,65
1086,0,34,0,15,49
1087,0,16,0,15,31
1088,0,34,51,15,100
1089,0,19,51,15,85
1090,0,34,50,16,100
1095,16,33,82,18,149
1096,0,33,82,18,133
1097,0,18,82,18,118
1098,32,33,17,18,100
1100,0,33,17,18,68
1101,0,14,17,18,49
1102,17,18,16,16,67
1103,18,32,19,14,83
1105,0,16,19,14,49
1106,0,33,19,15,67
1109,15,34,16,18,83
1111,15,34,16,15,80
1112,34,31,19,15,99
1113,0,18,16,15,49
1114,31,34,19,14,98
1117,15,33,19,15,82
1118,0,33,19,15,67
1119,81,33,18,15,147
1120,0,34,33,18,85
1121,15,19,65,15,114
1122,33,33,18,15,99
1124,18,15,18,15,66
1125,0,15,18,15,48
1126,18,15,33,20,86
1129,16,37,49,19,121
1131,0,17,49,19,85
1132,32,36,29,17,114
1133,16,36,29,17,98
1134,0,36,29,17,82
1135,19,29,53,16,117
1136,0,29,53,16,98
1137,49,36,15,18,118
1138,0,33,20,16,69
1140,0,36,15,18,69
1141,16,33,0,16,65
1143,18,34,16,17,85
1144,16,18,16,17,67
1147,17,31,19,15,82
1148,0,31,19,15,65
1150,0,34,34,18,86
1151,15,19,65,17,116
1155,0,16,16,17,49
1156,33,34,51,31,149
1159,18,32,34,16,100
1160,0,32,34,16,82
1161,49,36,15,15,115
1162,0,19,15,16,50
1163,31,20,15,15,81
1166,15,15,16,19,65
1167,15,35,83,15,148
1168,0,35,83,15,133
1169,19,33,15,19,86
1170,0,33,15,19,67
1172,0,34,16,15,65
1173,0,19,16,15,50
1175,15,34,50,18,117
1176,34,34,49,16,133
1177,18,34,49,16,117
1178,0,34,49,16,99
1180,34,31,153,31,249
1182,0,31,153,31,215
1183,16,35,18,30,99
1186,18,49,16,16,99
1188,66,19,97,20,202
1189,0,19,16,16,51
1192,34,35,47,20,136
1193,0,50,47,20,117
1194,35,31,84,15,165
1196,47,20,82,15,164
1197,0,16,84,15,115
1198,16,20,82,15,133
1199,0,20,82,15,117
1200,0,31,51,15,97
1202,17,15,34,18,84
1204,0,34,69,14,117
1206,18,16,19,30,83
1207,35,50,102,22,209
1210,14,20,102,22,158
1212,0,30,72,22,124
1213,15,72,22,17,126
1214,72,22,17,17,128
1216,17,34,16,19,86
1218,0,17,16,19,52
1219,0,35,15,16,66
1220,19,31,119,15,184
1221,31,34,16,18,99
1222,16,34,16,18,84
1224,18,34,0,15,67
1225,16,18,0,15,49
1226,18,31,20,15,84
1227,0,31,20,15,66
1228,0,16,20,15,51
1229,0,35,48,19,102
1230,0,15,48,19,82
1233,0,36,50,16,102
1234,0,19,50,16,85
1236,19,32,51,17,119
1237,0,32,51,17,100
1238,16,32,122,17,187
1239,0,32,122,17,171
1241,19,17,25,26,87
1243,0,25,94,16,135
1245,15,18,50,16,99
1246,0,18,50,16,84
1247,0,34,16,16,66
1249,16,16,16,18,66
1250,16,34,16,19,85
1251,16,18,16,19,69
1254,19,32,16,18,85
1255,0,32,16,18,66
1256,32,18,17,15,82
1258,18,32,16,20,86
1260,0,15,16,20,51
1261,0,36,15,16,67
1263,0,31,15,19,65
1264,50,32,17,16,115
1266,19,32,17,16,84
1267,0,32,17,16,65
1269,0,33,0,19,52
1270,16,34,15,19,84
1273,15,19,49,19,102
1274,19,34,34,16,103
1275,16,18,34,16,84
1276,18,34,131,18,201
1277,0,34,131,18,183
1278,35,18,12,18,83
1279,0,34,12,18,64
1280,48,34,51,17,150
1282,18,34,51,17,120
1283,34,33,51,15,133
1284,18,33,51,15,117
1286,33,17,16,15,81
1289,0,31,20,16,67
1293,0,31,19,15,65
1294,15,34,15,20,84
1295,34,35,117,15,201
1296,15,35,117,15,182
1297,0,35,117,15,167
1298,20,33,84,15,152
1299,33,33,15,17,98
1301,33,32,51,15,131
1303,15,17,51,15,98
1305,34,32,16,20,102
1307,0,32,16,20,68
1308,15,36,15,16,82
1310,51,33,18,15,117
1313,0,33,18,15,66
1314,33,15,86,15,149
1315,18,15,86,15,134
1316,83,33,50,18,184
1317,0,34,19,15,68
1321,33,35,15,18,101
1322,0,15,50,18,83
1323,0,35,15,18,68
1324,19,33,15,19,86
1325,33,34,0,15,82
1327,34,33,34,15,116
1328,19,33,34,15,101
1329,0,33,34,15,82
1331,15,19,15,17,66
1332,19,32,48,20,119
1333,0,32,48,20,100
1334,17,31,17,20,85
1335,0,31,17,20,68
1336,32,20,14,16,82
1337,102,34,48,19,203
1338,20,30,18,17,85
1339,0,30,18,17,65
1340,16,35,82,19,152
1343,34,32,48,20,134
1344,33,16,48,20,117
1345,67,33,117,16,233
1346,0,16,48,20,84
1348,19,33,117,16,185
1349,0,33,117,16,166
1350,20,33,17,16,86
1351,0,33,17,16,66
1352,0,16,17,16,49
1353,17,16,82,19,134
1356,16,35,15,19,85
1357,19,16,15,19,69
1358,16,34,16,16,82
1359,34,32,84,16,166
1360,0,19,16,16,51
1361,16,16,84,16,132
1363,0,33,18,17,68
1364,35,17,16,16,84
1365,18,17,16,16,67
1366,17,32,83,18,150
1369,0,35,98,16,149
1370,34,14,19,18,85
1371,15,14,19,18,66
1372,14,37,82,19,152
1373,19,18,82,19,138
1375,32,35,15,19,101
1376,16,35,15,19,85
1379,0,34,15,17,66
1380,19,32,15,17,83
1381,15,17,15,17,64
1382,0,17,15,17,49
1384,0,17,19,15,51
1385,0,34,16,19,69
1386,15,35,16,17,83
1387,16,19,16,17,68
1388,19,33,16,15,83
1389,16,17,16,15,64
1390,48,34,50,16,148
1391,0,31,84,16,131
1392,15,34,50,16,115
1394,15,35,50,17,117
1395,35,31,19,17,102
1396,19,31,19,17,86
1397,0,31,19,17,67
1398,16,36,82,17,151
1400,33,15,51,17,116
1402,50,33,82,18,183
1404,18,33,82,18,151
1405,0,33,82,18,133
1406,0,17,82,18,117
1407,0,32,50,18,100
1409,18,17,15,18,68
1413,0,34,15,16,65
1414,0,17,15,16,48
1416,16,34,0,17,67
1417,0,34,0,17,51
1419,0,32,120,13,165
1420,49,35,15,16,115
1422,34,16,15,16,81
1423,19,16,15,16,66
1425,0,31,20,13,64
1426,16,33,19,19,87
1427,0,33,19,19,71
1430,0,19,46,19,84
1431,0,30,16,19,65
1434,19,32,50,16,117
1435,32,33,17,16,98
1436,65,16,17,19,117
1437,0,33,17,16,66
1438,34,16,17,19,86
1439,17,16,17,19,69
1440,52,34,16,16,118
1441,0,36,50,16,102
1442,19,34,16,16,85
1443,17,17,16,16,66
1446,16,31,19,17,83
1447,50,17,17,16,100
1448,16,36,17,16,85
1449,0,36,17,16,69
1451,33,34,15,19,101
1453,0,34,15,19,68
1456,19,30,0,19,68
1457,0,30,0,19,49
1458,15,34,17,16,82
1459,0,34,17,16,67
1460,0,15,17,16,48
1461,0,33,83,18,134
1462,16,33,20,14,83
1463,0,33,20,14,67
1465,20,14,83,19,136
1466,48,34,15,19,116
1467,34,34,15,19,102
1469,15,19,15,19,68
1471,0,34,16,16,66
1472,19,32,18,17,86
1476,17,30,19,15,81
1477,0,30,19,15,64
1479,0,34,69,15,118
1480,0,15,69,15,99
1481,34,35,48,16,133
1482,15,35,48,16,114
1483,50,17,16,16,99
1484,19,32,16,16,83
1486,116,35,98,19,268
1487,0,32,17,18,67
1488,0,16,17,18,51
1491,0,32,17,18,67
1492,50,32,18,16,116
1494,18,32,18,16,84
1495,16,16,18,16,66
1496,0,16,18,16,50
1498,16,32,0,19,67
1500,15,36,64,20,135
1501,0,36,64,20,120
1502,0,17,64,20,101
1504,15,34,51,16,116
1505,0,34,51,16,101
1508,31,16,18,15,80
1509,16,16,18,15,65
1510,49,35,16,18,118
1511,0,33,84,19,136
1512,15,35,16,18,84
1513,35,34,15,19,103
1514,15,34,15,19,83
1515,34,34,16,15,99
1516,52,31,52,15,150
1518,19,31,52,15,117
1519,0,31,52,15,98
1520,0,15,52,15,82
1521,0,34,66,16,116
1522,48,33,0,16,97
1525,33,37,63,17,150
1526,18,37,63,17,135
1527,16,21,63,17,117
1528,0,21,63,17,101
1529,0,31,14,18,63
1531,14,18,84,18,134
1532,18,33,18,15,84
1533,0,33,18,15,66
1535,33,36,16,16,101
1536,15,36,16,16,83
1538,18,32,16,19,85
1540,0,16,16,19,51
1541,68,32,17,16,133
1542,68,16,17,16,117
1543,0,33,49,16,98
1544,18,32,17,16,83
1545,32,33,49,19,133
1546,0,16,17,16,49
1547,0,33,49,19,101
1548,0,16,49,19,84
1549,16,18,50,17,101
1550,33,19,48,16,116
1552,19,33,15,16,83
1553,16,17,15,16,64
1554,0,17,15,16,48
1556,0,16,20,15,51
1557,35,34,49,18,136
1558,15,34,49,18,116
1559,67,34,16,15,132
1560,34,17,16,18,85
1561,16,17,16,18,67
1562,51,31,19,16,117
1564,18,31,19,16,84
1565,0,31,19,16,66
1567,0,35,51,15,101
1569,0,35,16,15,66
1570,0,20,16,15,51
1573,0,32,17,18,67
1574,16,35,16,19,86
1575,0,35,16,19,70
1576,18,35,15,16,84
1577,35,31,16,19,101
1578,19,31,16,19,85
1580,16,35,16,16,83
1581,0,35,16,16,67
1583,0,32,19,16,67
1586,32,16,15,19,82
1587,0,32,15,19,66
1588,0,16,15,19,50
1589,34,33,15,16,98
1590,19,33,15,16,83
1591,33,31,19,16,99
1592,0,18,15,16,49
1593,15,16,19,16,66
1594,16,35,15,19,85
1595,0,35,15,19,69
1596,0,16,15,19,50
1598,19,31,20,15,85
1599,0,31,20,15,66
1600,0,15,20,15,50
1602,15,34,15,19,83
1604,0,18,15,19,52
1607,16,16,16,18,66
1608,16,34,81,19,150
1609,34,31,50,19,134
1610,18,31,50,19,118
1611,0,31,50,19,100
1614,16,34,17,15,82
1616,19,32,16,18,85
1619,0,34,34,15,83
1621,34,35,15,18,102
1623,0,35,15,18,68
1624,0,20,15,18,53
1625,33,32,15,18,98
1626,18,32,15,18,83
1627,0,32,15,18,65
1629,15,18,17,16,66
1630,18,33,16,16,83
1632,16,32,17,17,82
1633,32,34,16,17,99
1634,0,16,17,17,50
1635,0,34,16,17,67
1636,17,33,17,17,84
1641,0,36,13,17,66
1642,20,30,19,16,85
1643,0,30,19,16,65
1644,17,35,17,15,84
1645,0,35,17,15,67
1646,16,32,17,19,84
1647,68,32,0,17,117
1648,15,36,32,17,100
1651,16,16,0,17,49
1652,16,33,115,18,182
1653,0,33,115,18,166
1654,33,16,0,16,65
1655,17,16,0,16,49
1657,0,35,15,15,65
1658,0,19,15,15,49
1659,0,30,50,19,99
1660,0,15,50,19,84
1661,0,35,50,16,101
1662,18,34,16,16,84
1664,19,32,53,14,118
1665,0,32,53,14,99
1667,33,34,16,19,102
1668,51,35,16,15,117
1670,14,35,16,15,80
1671,0,35,16,15,66
1672,19,31,50,18,118
1674,65,18,48,18,149
1675,0,35,15,18,68
1676,16,33,48,18,115
1677,15,18,48,18,99
1679,0,33,15,18,66
1680,0,18,15,18,51
1681,33,35,15,19,102
1682,18,35,15,19,87
1683,0,35,15,19,69
1684,0,16,15,19,50
1685,0,34,15,20,69
1686,19,35,17,12,83
1689,29,35,15,18,97
1691,0,35,15,18,68
1693,67,31,53,14,165
1694,18,34,15,16,83
1695,34,31,53,14,132
1696,17,31,53,14,115
1697,0,31,53,14,98
1698,16,34,49,17,116
1700,34,14,16,17,81
1701,49,17,19,16,101
1702,14,33,19,16,82
1703,0,33,19,16,68
1705,0,35,15,19,69
1707,34,31,0,20,85
1708,19,31,0,20,70
1709,0,31,0,20,51
1710,0,16,0,20,36
1711,35,33,15,19,102
1712,15,33,15,19,82
1713,0,33,15,19,67
1714,0,18,15,19,52
1715,34,31,18,18,101
1716,19,31,18,18,86
1718,16,36,15,18,85
1721,48,17,84,16,165
1722,18,32,84,16,150
1724,0,17,84,16,117
1727,0,35,15,16,66
1728,82,34,16,17,149
1729,0,31,18,15,64
1731,0,33,19,15,67
1732,15,34,16,17,82
1733,0,34,16,17,67
1734,15,33,51,15,114
1735,16,17,51,15,99
1736,0,17,51,15,83
1737,0,32,53,19,104
1738,16,34,56,11,117
1739,0,34,56,11,101
1740,15,38,18,11,82
1741,38,29,0,16,83
1742,0,19,18,11,48
1743,29,33,36,17,115
1744,11,33,36,17,97
1746,0,17,36,17,70
1748,20,30,118,18,186
1749,0,30,118,18,166
1751,0,37,16,15,68
1752,0,17,16,15,48
1753,16,15,84,15,130
1754,15,35,49,15,114
1756,19,33,51,13,116
1757,33,31,20,13,97
1758,49,33,69,15,166
1759,0,31,20,13,64
1760,15,33,69,15,132
1761,33,36,15,18,102
1764,0,16,15,18,49
1765,15,18,0,15,48
1766,18,31,0,19,68
1767,0,31,0,19,50
1768,0,16,0,19,35
1770,0,15,19,16,50
1771,35,31,68,16,150
1772,16,31,68,16,131
1774,16,34,119,15,184
1776,35,14,0,16,65
1777,20,14,0,16,50
1778,30,19,15,15,79
1779,0,35,15,15,65
1780,0,19,15,15,49
1781,50,15,16,19,100
1782,15,35,16,19,85
1783,0,35,16,19,70
1785,16,19,16,16,67
1788,16,35,50,16,117
1789,0,35,50,16,101
1790,19,31,19,16,85
1791,15,16,19,16,66
1794,0,16,51,13,80
1795,0,31,20,13,64
1796,15,33,117,18,183
1797,0,33,117,18,168
1798,13,34,52,15,114
1799,0,34,52,15,101
1800,14,36,16,15,81
1803,65,35,15,16,131
1804,15,34,84,18,151
1805,0,34,84,18,136
1807,0,35,15,16,66
1808,50,36,49,15,150
1810,0,16,18,18,52
1811,36,30,19,15,100
1812,18,30,19,15,82
1813,0,30,19,15,64
1814,15,34,16,18,83
1817,34,34,16,18,102
1819,0,34,16,18,68
1821,0,34,16,17,67
1822,18,33,15,19,85
1823,33,34,47,19,133
1825,66,34,51,15,166
1826,19,32,50,15,116
1827,32,34,51,15,132
1828,15,34,51,15,115
1829,0,34,51,15,100
1833,0,35,115,19,169
1834,15,34,15,16,80
1835,65,33,51,19,168
1837,15,16,19,14,64
1839,0,33,51,19,103
1840,50,34,15,16,115
1842,53,31,33,20,137
1845,0,31,33,20,84
1846,16,33,0,20,69
1847,0,33,0,20,53
1848,16,35,15,19,85
1849,0,35,15,19,69
1850,0,15,15,19,49
1851,34,31,18,16,99
1852,19,31,18,16,84
1853,0,31,18,16,65
1854,47,35,50,16,148
1857,0,35,50,16,101
1858,19,31,19,16,85
1860,0,16,19,16,51
1861,35,31,50,20,136
1862,16,31,50,20,117
1863,16,15,50,20,101
1864,0,15,50,20,85
1866,15,36,15,15,81
1867,16,20,15,15,66
1868,20,30,119,15,184
1869,30,35,84,15,164
1870,15,35,84,15,149
1873,18,16,15,19,68
1874,16,34,16,15,81
1876,19,31,51,18,119
1877,16,15,51,18,100
1878,0,15,51,18,84
1879,51,18,16,15,100
1880,35,18,16,15,84
1881,15,18,16,15,64
1882,18,31,17,19,85
1883,16,15,17,19,67
1885,0,36,16,15,67
1886,19,31,16,16,82
1887,31,32,51,16,130
1888,15,32,51,16,114
1891,0,35,51,16,102
1893,32,35,15,17,99
1894,16,35,15,17,83
1897,48,19,49,16,132
1898,17,35,49,16,117
1899,16,19,49,16,100
1900,0,19,49,16,84
1901,0,34,31,19,84
1902,0,19,31,19,69
1903,31,35,52,13,131
1904,16,35,52,13,116
1905,0,35,52,13,100
1906,81,34,49,18,182
1907,32,33,19,15,99
1911,0,34,49,18,101
1912,15,34,49,18,116
1913,0,34,49,18,101
1914,0,18,49,18,85
1915,15,18,68,16,117
1916,18,34,16,18,86
1919,0,34,0,16,50
1922,0,15,19,15,49
1923,19,15,50,16,100
1924,15,34,16,16,81
1925,0,34,16,16,66
1926,0,18,16,16,50
1927,32,33,19,16,100
1928,16,33,19,16,84
1929,0,33,19,16,68
1930,14,35,50,17,116
1932,16,32,18,17,83
1935,0,35,0,17,52
1936,0,17,0,17,34
1939,36,32,49,15,132
1940,20,32,49,15,116
1942,16,33,47,20,116
1943,0,33,47,20,100
1944,16,31,16,20,83
1946,15,36,16,16,83
1947,0,36,16,16,68
1948,0,20,16,16,52
1951,17,16,19,16,68
1954,16,30,20,16,82
1955,0,30,20,16,66
1956,35,16,16,15,82
1957,36,31,55,18,140
1958,0,16,16,15,47
1959,0,31,55,18,104
1960,0,15,55,18,88
1961,34,39,13,15,101
1963,21,18,13,15,67
1964,0,18,13,15,46
1966,48,34,15,19,116
1967,0,33,0,19,52
1968,16,34,15,19,84
1969,68,34,49,16,167
1973,34,33,48,19,134
1976,18,32,16,19,85
1978,0,16,16,19,51
1979,35,34,48,16,133
1980,19,34,48,16,117
1982,0,19,48,16,83
1983,16,17,15,16,64
1984,17,31,119,15,182
1985,31,35,17,16,99
1987,0,35,17,16,68
1989,17,16,66,17,116
1991,16,16,19,15,66
1992,0,16,19,15,50
1993,34,33,19,15,101
1994,15,33,19,15,82
1995,0,33,19,15,67
2000,49,35,16,18,118
2001,0,30,20,15,65
2002,0,15,20,15,50
2003,35,34,15,19,103
2005,34,34,15,18,101
2006,18,34,15,18,85
2007,0,34,15,18,67
2008,0,19,15,18,52
2013,0,34,16,16,66
2014,18,32,16,19,85
2015,0,32,16,19,67
2016,0,16,16,19,51
2018,50,34,16,15,115
2019,31,34,16,15,96
2020,15,34,16,15,80
2021,34,31,88,15,168
2022,15,31,88,15,149
2023,16,15,88,15,134
2025,0,37,16,16,69
2026,17,32,19,15,83
2027,16,16,19,15,66
2028,16,34,16,16,82
2029,0,34,16,16,66
2030,0,15,16,16,47
2031,32,33,0,19,84
2032,16,33,0,19,68
2033,0,33,0,19,52
2034,15,35,15,16,81
2035,19,16,15,16,66
2037,65,35,65,18,183
2039,0,34,19,16,69
2041,50,20,15,15,100
2042,16,35,15,15,81
2043,15,20,15,15,65
2044,0,20,15,15,50
2045,15,15,0,18,48
2046,15,34,16,18,83
2047,0,34,16,18,68
2048,0,16,16,18,50
2049,34,33,0,16,83
2050,18,33,0,16,67
2052,15,34,16,18,83
2054,52,34,15,16,117
2055,16,18,65,19,118
2056,18,34,15,16,83
2057,0,34,15,16,65
2058,0,17,15,16,48
2059,31,34,48,19,132
2060,16,34,48,19,117
2061,0,34,48,19,101
2062,0,15,48,19,82
2063,16,18,49,16,99
2065,33,32,52,13,130
2066,19,32,52,13,116
2068,16,35,49,18,118
2069,0,35,49,18,102
2070,16,30,19,18,83
2072,0,13,19,18,50
2074,85,31,84,18,218
2077,35,31,84,18,168
2079,15,16,84,18,133
2080,0,16,84,18,118
2081,34,35,15,18,102
2082,15,35,15,18,83
2083,35,33,17,17,102
2085,33,34,15,18,100
2086,18,34,15,18,85
2087,34,33,50,15,132
2088,17,33,50,15,115
2089,0,33,50,15,98
2091,31,34,51,17,133
2092,15,34,51,17,117
2093,0,34,51,17,102
2095,0,32,19,17,68
2098,17,32,85,15,149
2099,32,34,16,19,101
2100,15,34,16,19,84
2101,16,18,16,19,69
2102,18,35,49,16,118
2103,35,31,18,16,100
2104,19,31,18,16,84
2106,15,34,15,19,83
2108,50,34,82,18,184
2109,0,34,16,18,68
2110,53,32,50,18,153
2111,0,34,82,18,134
2112,18,32,50,18,118
2113,0,32,50,18,100
2114,0,15,50,18,83
2115,16,18,16,18,68
2116,18,34,16,15,83
2119,31,32,53,15,131
2120,15,32,53,15,115
2121,0,32,53,15,100
2122,34,16,18,15,83
2124,16,33,17,16,82
2125,0,33,17,16,66
2126,0,15,17,16,48
2127,0,33,19,15,67
2128,16,34,52,14,116
2129,0,34,52,14,100
2130,0,15,52,14,81
2131,34,32,50,19,135
2132,18,32,50,19,119
2133,18,14,50,19,101
2134,14,35,15,19,83
2136,0,19,15,19,53
2137,0,34,15,16,65
2138,34,16,16,19,85
2139,15,16,16,19,66
2140,0,16,16,19,51
2141,0,35,82,17,134
2142,0,19,82,17,118
2144,19,32,16,17,84
2145,0,32,16,17,65
2146,0,16,16,17,49
2147,16,17,16,19,68
2148,0,17,16,19,52
2150,0,19,15,16,50
2151,0,31,218,15,264
2153,0,35,50,15,100
2155,15,18,51,14,98
2157,0,32,118,15,165
2158,48,35,15,19,117
2159,0,33,19,16,68
2160,14,35,15,19,83
2162,16,34,47,18,115
2165,0,31,16,18,65
2166,0,15,16,18,49
2169,0,35,49,18,102
2171,0,34,15,18,67
2172,19,33,83,14,149
2173,0,33,83,14,130
2174,18,32,16,19,85
2175,0,32,16,19,67
2178,19,30,52,15,116
2179,0,30,52,15,97
2180,14,36,82,19,151
2181,0,36,82,19,137
2182,0,19,82,19,120
2183,0,31,16,20,67
2185,36,34,65,16,151
2186,0,20,15,19,54
2187,0,34,65,16,115
2188,19,31,19,15,84
2189,0,31,19,15,65
2190,15,34,0,16,65
2191,34,32,53,15,134
2192,15,32,53,15,115
2195,0,34,19,15,68
2196,18,34,16,18,86
2198,15,34,16,16,81
2199,34,32,69,15,150
2201,32,34,15,20,101
2203,0,34,15,20,69
2205,15,20,83,16,134
2206,0,20,83,16,119
2207,15,18,50,16,99
2211,36,31,87,15,169
2212,16,31,87,15,149
2213,0,31,87,15,133
2214,0,16,87,15,118
2215,35,32,20,15,102
2216,15,32,20,15,82
2217,0,32,20,15,67
2218,15,35,17,18,85
2219,0,35,17,18,70
2221,0,35,15,16,66
2222,18,31,51,16,116
2223,0,31,51,16,98
2224,16,34,17,16,83
2225,17,17,17,16,67
2228,16,34,17,18,85
2229,34,35,32,15,116
2230,17,35,32,15,99
2233,0,32,0,15,47
2234,0,20,0,15,35
2236,0,17,51,16,84
2237,0,32,51,15,98
2238,16,35,31,21,103
2240,16,31,0,21,68
2241,16,15,0,21,52
2243,0,37,51,15,103
2245,31,35,0,16,82
2246,15,35,0,16,66
2247,35,33,0,16,84
2248,15,33,0,16,64
2249,49,15,36,16,116
2250,0,17,0,16,33
2251,67,32,0,16,115
2252,35,16,0,16,67
2253,36,32,0,16,84
2255,83,18,15,15,131
2256,0,16,0,16,32
2257,0,36,15,18,69
2259,0,33,15,15,63
2261,30,35,82,17,164
2265,0,34,48,17,99
2266,0,15,48,17,80
2268,49,35,15,20,119
2270,17,35,15,20,87
2273,0,35,16,16,67
2274,0,20,16,16,52
2275,32,34,16,15,97
2276,16,34,16,15,81
2277,65,35,15,18,133
2278,0,19,16,15,50
2279,31,35,15,18,99
2280,50,33,16,19,118
2281,0,35,15,18,68
2282,31,18,16,19,84
2283,15,18,16,19,68
2284,18,35,15,15,83
2285,16,19,15,15,65
2286,19,30,99,20,168
2287,0,30,99,20,149
2289,0,35,15,19,69
2290,0,19,15,19,53
2291,15,19,82,15,131
2292,19,30,0,20,69
2293,30,37,15,15,97
2294,14,37,15,15,81
2296,47,34,18,15,114
2298,15,34,18,15,82
2299,52,15,0,17,84
2300,0,15,18,15,48
2302,15,33,18,19,85
2303,0,33,18,19,70
2305,0,37,16,14,67
2306,49,36,31,16,132
2307,0,30,16,20,66
2308,14,36,31,16,97
2309,0,36,31,16,83
2311,0,31,0,16,47
2314,0,19,54,30,103
2315,15,18,0,21,54
2316,18,21,0,30,69
2317,0,21,0,30,51
2318,0,45,19,14,78
2319,18,15,19,14,66
2320,0,15,19,14,48
2321,33,34,15,16,98
2322,14,34,15,16,79
2323,0,34,15,16,65
2324,30,16,17,19,82
2325,15,16,17,19,67
2326,0,16,17,19,52
2327,0,36,16,15,67
2330,15,34,17,19,85
2331,0,34,17,19,70
2333,51,15,20,15,101
2335,0,30,20,15,65
2336,0,15,20,15,50
2337,0,35,15,18,68
2338,15,33,16,19,83
2340,18,35,48,20,121
2341,66,37,15,15,133
2342,50,37,15,15,117
2343,0,31,85,15,131
2344,16,37,15,15,83
2345,0,37,15,15,67
2347,0,30,52,15,97
2348,15,33,19,15,82
2349,0,33,19,15,67
2350,0,15,19,15,49
2353,34,32,136,17,219
2356,17,36,16,14,83
2357,0,36,16,14,66
2358,49,33,17,20,119
2360,14,33,17,20,84
2362,16,37,115,15,183
2364,20,33,12,21,86
2365,17,16,12,21,66
2366,28,21,49,15,113
2367,33,31,18,15,97
2368,21,31,18,15,85
2369,0,31,18,15,64
2371,0,33,17,20,70
2372,15,37,15,15,82
2373,0,37,15,15,67
2374,0,20,15,15,50
2375,30,35,48,18,131
2377,19,16,48,18,101
2378,0,16,48,18,82
2379,0,34,14,18,66
2381,14,18,117,19,168
2382,18,32,52,15,117
2383,17,15,52,15,99
2384,34,16,50,19,119
2385,19,16,50,19,104
2388,0,15,18,19,52
2389,0,37,180,16,233
2390,52,30,21,15,118
2391,33,30,21,15,99
2393,0,30,21,15,66
2394,16,36,49,15,116
2395,0,36,49,15,100
2397,0,30,51,16,97
2398,34,15,17,16,82
2399,19,15,17,16,67
2400,15,33,53,14,115
2401,0,33,53,14,100
2402,0,16,53,14,83
2403,0,35,18,14,67
2404,0,16,18,14,48
2405,0,32,20,15,67
2407,0,35,16,17,68
2408,15,33,50,18,116
2409,0,33,50,18,101
2410,17,34,16,18,85
2412,18,34,15,18,85
2414,18,33,15,20,86
2415,15,18,15,20,68
2416,0,18,15,20,53
2417,35,32,15,18,100
2418,20,32,15,18,85
2419,16,16,15,18,65
2420,0,16,15,18,49
2422,18,31,19,16,84
2425,35,34,15,19,103
2426,16,34,15,19,84
2427,0,34,15,19,68
2428,19,34,15,17,85
2429,15,19,15,17,66
2430,0,19,15,17,51
2431,100,30,20,14,164
2432,17,34,49,15,115
2434,0,18,49,15,82
2435,15,19,15,15,64
2439,20,14,19,16,69
2440,0,14,19,16,49
2441,0,35,0,16,51
2442,0,16,0,16,32
2444,0,15,19,15,49
2445,34,33,35,15,117
2446,48,35,0,15,98
2450,30,16,19,15,80
2451,15,16,19,15,65
2452,0,16,19,15,50
2453,34,36,0,16,86
2454,51,32,49,19,151
2456,52,34,15,19,120
2457,0,32,49,19,100
2458,34,16,15,19,84
2460,65,18,34,16,133
2461,0,34,0,15,49
2462,19,33,34,16,102
2463,33,34,0,16,83
2465,0,34,0,16,50
2469,20,12,0,16,48
2470,12,35,15,19,81
2473,34,31,34,16,115
2474,19,31,34,16,100
2477,0,34,0,16,50
2478,15,33,18,15,81
2479,0,33,18,15,66
2480,50,33,36,15,134
2481,0,33,19,14,66
2482,15,33,36,15,99
2483,33,36,0,15,84
2484,14,36,0,15,65
2485,0,36,0,15,51
2486,20,31,50,19,120
2487,0,31,50,19,100
2488,16,36,14,19,85
2489,36,33,50,15,134
2491,0,33,50,15,98
2492,19,31,19,15,84
2493,0,31,19,15,65
2495,19,15,15,19,68
2496,49,34,15,18,116
2497,0,34,16,18,68
2502,0,18,50,16,84
2503,0,34,16,16,66
2505,32,32,84,16,164
2508,16,34,16,18,84
2510,18,34,16,16,84
2511,0,34,16,16,66
2512,18,32,52,16,118
2514,16,35,17,16,84
2515,0,35,17,16,68
2516,16,33,31,20,100
2518,16,31,0,20,67
2519,31,37,15,16,99
2520,14,37,15,16,82
2523,15,16,50,18,99
2524,16,33,17,18,84
2525,0,33,17,18,68
2526,15,35,0,16,66
2527,0,35,0,16,51
2531,18,15,17,16,66
2532,15,33,17,19,84
2534,52,32,52,15,151
2536,19,32,52,15,118
2537,0,32,52,15,99
2538,0,16,52,15,83
2540,18,33,48,20,119
2541,0,33,48,20,101
2542,15,32,16,20,83
2543,32,36,49,15,132
2544,32,20,49,15,116
2547,0,33,47,20,100
2549,0,31,16,20,67
2550,15,36,17,15,83
2552,20,32,16,16,84
2553,0,32,16,16,64
2554,0,15,16,16,47
2555,0,32,17,16,65
2556,16,33,86,16,151
2557,0,33,86,16,135
2559,0,34,52,16,102
2560,15,33,19,16,83
2561,17,16,19,16,68
2562,0,16,19,16,51
2563,19,16,17,16,68
2564,16,33,17,15,81
2566,16,32,19,14,81
2567,0,32,19,14,65
2572,32,20,16,14,82
2573,0,38,16,14,68
2574,0,20,16,14,50
2575,0,30,16,19,65
2577,0,35,50,14,99
2578,0,19,50,14,83
2579,0,31,19,14,64
2581,102,34,81,19,236
2583,34,35,14,20,103
2584,15,35,14,20,84
2586,19,34,81,19,153
2587,0,34,81,19,134
2588,0,20,81,19,120
2590,50,35,16,15,116
2591,19,15,16,19,69
2592,15,35,16,15,81
2593,0,35,16,15,66
2594,0,19,16,15,50
2595,0,31,16,19,66
2596,15,35,48,16,114
2597,35,33,82,20,170
2600,49,34,17,20,120
2602,16,34,17,20,87
2603,19,15,17,20,71
2605,17,20,48,15,100
2606,20,31,48,18,117
2607,48,15,16,18,97
2608,0,15,48,18,81
2609,17,15,16,18,66
2611,34,34,15,19,102
2612,18,34,15,19,86
2614,18,34,49,18,119
2615,0,34,49,18,101
2617,0,34,49,18,101
2618,19,33,50,15,117
2620,18,34,16,15,83
2621,0,34,16,15,65
2624,15,35,48,17,115
2625,52,15,16,17,100
2626,0,19,48,17,84
2627,0,32,16,17,65
2629,16,17,34,15,82
2630,17,34,0,15,66
2631,0,34,0,15,49
2633,0,34,34,16,84
2634,0,19,34,16,69
2635,0,34,0,16,50
2636,19,32,15,18,84
2637,0,32,15,18,65
2638,0,16,15,18,49
2639,33,34,50,15,132
2642,18,34,16,15,83
2644,49,35,16,15,115
2645,31,35,16,15,97
2646,15,35,16,15,81
2648,50,35,15,19,119
2649,31,35,15,19,100
2650,15,35,15,19,84
2652,0,15,15,19,49
2653,34,34,16,15,99
2654,19,34,16,15,84
2655,34,31,19,14,98
2656,34,15,19,14,82
2657,16,15,19,14,64
2658,0,15,19,14,48
2660,14,35,18,15,82
2661,20,15,18,15,68
2662,15,33,16,19,83
2663,0,33,16,19,68
2664,0,15,16,19,50
2666,19,32,67,16,134
2667,32,31,20,16,99
2669,0,31,20,16,67
2670,33,16,48,18,115
2673,32,34,17,16,99
2674,98,19,0,16,133
2675,16,18,17,16,67
2676,18,33,15,19,85
2677,67,35,15,16,133
2680,19,35,15,16,85
2681,0,35,15,16,66
2682,0,19,15,16,50
2683,15,16,19,14,64
2685,0,33,17,16,66
2686,14,33,0,19,66
2687,0,33,0,19,52
2688,0,16,0,19,35
2691,16,19,64,19,118
2692,19,33,16,15,83
2693,33,31,0,19,83
2694,18,31,0,19,68
2696,15,34,52,14,115
2697,0,34,52,14,100
2698,34,15,18,14,81
2699,19,15,18,14,66
2700,33,14,17,19,83
2701,18,14,17,19,68
2702,14,36,49,15,114
2703,36,34,15,15,100
2704,19,34,15,15,83
2705,15,19,15,15,64
2706,0,19,15,15,49
2709,0,36,49,15,100
2710,18,31,86,15,150
2712,16,33,19,15,83
2713,33,34,53,15,135
2714,15,34,53,15,117
2715,34,34,19,15,102
2717,34,34,16,16,100
2718,15,34,16,16,81
2719,0,34,16,16,66
2720,15,32,51,16,114
2722,0,16,51,16,83
2724,16,34,18,15,83
2725,0,34,18,15,67
2727,0,33,50,18,101
2728,15,34,16,18,83
2730,15,34,52,15,116
2735,0,35,16,18,69
2737,0,34,0,16,50
2738,18,32,16,16,82
2739,16,16,16,16,64
2740,0,16,16,16,48
2742,51,33,17,16,117
2743,0,35,50,16,101
2744,19,33,17,16,85
2745,15,18,17,16,66
2747,33,32,20,15,100
2748,16,32,20,15,83
2750,66,19,17,15,117
2752,0,15,15,19,49
2753,0,34,17,15,66
2754,51,35,16,15,117
2755,0,32,18,17,67
2757,0,35,16,15,66
2758,0,17,16,15,48
2759,31,34,16,19,100
2760,15,34,16,19,84
2761,0,34,16,19,69
2763,0,35,15,16,66
2764,50,35,84,16,185
2766,16,35,84,16,151
2767,0,35,84,16,135
2771,30,35,48,18,131
2774,16,32,16,18,82
2775,32,34,35,16,117
2776,16,34,35,16,101
2777,0,34,35,16,85
2778,18,35,0,16,69
2779,35,32,15,19,101
2780,34,16,15,19,84
2781,0,32,15,19,66
2782,0,16,15,19,50
2783,15,19,17,15,66
2784,51,37,15,15,118
2785,69,30,16,19,134
2786,15,37,15,15,82
2787,0,37,15,15,67
2788,0,21,15,15,51
2789,30,35,0,16,81
2793,0,31,18,16,65
2794,49,34,16,18,117
2795,18,16,15,19,68
2797,0,34,16,18,68
2798,0,19,16,18,53
2799,0,34,66,16,116
2800,18,34,16,16,84
2802,51,32,17,17,117
2803,0,32,0,16,48
2804,32,16,17,17,82
2805,0,32,17,17,66
2806,0,16,17,17,50
2809,0,34,49,17,100
2810,0,16,49,17,82
2811,34,32,16,18,100
2812,18,32,16,18,84
2814,0,17,16,18,51
2815,0,34,16,15,65
2816,49,38,47,18,152
2817,0,31,19,19,69
2818,0,15,19,19,53
2821,0,32,15,18,65
2822,0,16,15,18,49
2823,15,18,16,15,64
2825,0,31,50,19,100
2827,34,35,64,20,153
2828,14,35,64,20,133
2831,0,33,15,16,64
2832,0,16,15,16,47
2833,31,37,16,17,101
2834,16,37,16,17,86
2836,0,17,16,17,50
2837,0,33,48,16,97
2838,17,32,16,16,81
2839,0,32,16,16,64
2841,32,31,20,16,99
2842,16,31,20,16,83
2843,31,36,17,16,100
2844,13,36,17,16,82
2845,20,16,17,16,69
2846,16,33,16,17,82
2847,0,33,16,17,66
2848,16,33,20,16,85
2849,0,33,20,16,69
2850,0,17,20,16,53
2851,0,36,65,17,118
2852,16,33,114,19,182
2853,0,33,114,19,166
2855,0,32,17,15,64
2856,0,16,17,15,48
2857,0,32,85,18,135
2859,0,35,50,18,103
2860,84,32,17,15,148
2862,19,34,49,15,117
2863,34,32,17,15,98
2865,49,15,52,15,131
2866,0,16,17,15,48
2867,0,32,52,15,99
2869,33,34,16,18,101
2870,50,34,0,15,99
2871,0,34,16,18,68
2873,0,34,0,15,49
2874,0,18,0,15,33
2876,34,19,16,18,87
2877,34,34,48,17,133
2878,35,18,48,17,118
2879,16,18,48,17,99
2880,18,32,49,18,117
2882,0,18,49,18,85
2883,33,34,16,18,101
2886,0,18,16,18,52
2887,0,34,50,15,99
2888,18,31,19,15,83
2890,16,34,16,18,84
2892,15,34,20,16,85
2896,0,16,32,22,70
2900,44,37,16,17,114
2901,0,27,19,18,64
2903,0,37,16,17,70
2904,18,33,49,15,115
2906,17,33,50,16,116
2907,0,33,50,16,99
2909,0,31,19,16,66
2910,15,35,51,15,116
2911,0,35,51,15,101
2912,16,31,86,14,147
2913,0,31,86,14,131
2914,15,35,16,19,85
2915,0,35,16,19,70
2917,35,30,20,15,100
2918,19,30,20,15,84
2920,0,14,20,15,49
2922,0,15,16,18,49
2923,0,34,15,19,68
2924,18,34,48,18,118
2925,0,34,48,18,100
2927,33,33,16,18,100
2928,16,33,16,18,83
2929,0,33,16,18,67
2930,0,18,16,18,52
2931,0,34,116,15,165
2932,18,32,16,18,84
2933,32,34,50,15,131
2934,0,16,16,18,50
2935,16,18,50,15,99
2936,18,31,50,19,118
2938,34,15,35,18,102
2941,0,35,18,15,68
2942,19,33,18,15,85
2943,0,33,18,15,66
2944,15,33,16,19,83
2946,0,15,16,19,50
2947,0,35,15,19,69
2948,19,34,16,15,84
2949,0,34,16,15,65
2952,15,32,18,21,86
2955,0,39,12,16,67
2957,28,33,19,14,94
2958,16,33,19,14,82
2959,18,15,19,14,66
2960,0,15,19,14,48
2961,33,35,65,19,152
2962,14,35,65,19,133
2963,35,34,198,20,287
2964,15,34,198,20,267
2965,19,15,198,20,252
2966,15,31,0,19,65
2968,15,35,16,19,85
2969,0,35,16,19,70
2972,19,31,19,16,85
2974,16,35,31,20,102
2975,0,35,31,20,86
2976,16,31,0,20,67
2977,0,31,0,20,51
2978,83,33,16,16,148
2980,0,13,69,16,98
2981,36,33,16,16,101
2982,49,32,16,20,117
2983,33,32,16,20,101
2984,18,32,16,20,86
2985,16,16,16,20,68
2987,36,31,19,14,100
2989,0,31,19,14,64
2990,0,16,19,14,49
2991,19,14,19,15,67
2994,15,34,0,16,65
2995,34,32,50,19,135
2996,18,32,50,19,119
2997,0,32,50,19,101
2998,35,15,84,15,149
3000,15,35,49,15,114
3001,0,35,49,15,99
3003,0,31,18,15,64
3006,15,35,83,17,150
3007,69,31,83,19,202
3009,0,34,49,17,100
3010,19,31,83,19,152
3011,15,16,83,19,133
3012,16,35,48,19,118
3014,0,17,48,19,84
3015,0,33,15,19,67
3016,18,34,16,15,83
3019,0,31,20,16,67
3020,0,15,20,16,51
3022,0,16,15,15,46
3023,0,30,118,19,167
3024,0,15,118,19,152
3026,16,32,19,15,82
3027,16,16,19,15,66
3028,0,16,19,15,50
3029,0,34,16,19,69
3031,0,35,16,15,66
3032,19,31,19,15,84
3033,0,31,19,15,65
3035,19,15,83,17,134
3036,0,15,83,17,115
3037,0,34,49,17,100
3038,0,15,49,17,81
3040,18,32,16,18,84
3041,32,34,16,18,100
3043,68,32,0,16,116
3044,0,18,16,18,52
3045,0,34,16,16,66
3047,0,32,0,16,48
3048,16,36,14,16,82
3050,34,16,50,19,119
3051,14,16,50,19,99
3052,0,16,50,19,85
3053,0,35,15,19,69
3054,0,19,15,19,53
3056,19,31,18,15,83
3058,15,33,16,19,83
3061,35,34,16,16,101
3062,0,19,16,18,53
3063,16,18,16,16,66
3064,0,18,16,16,50
3065,0,32,200,17,249
3066,16,33,18,14,81
3068,0,15,18,14,47
3071,34,36,16,15,101
3072,0,15,16,20,51
3073,16,20,16,15,67
3074,0,20,16,15,51
3075,0,31,86,15,132
3076,0,15,86,15,116
3078,15,32,20,15,82
3079,17,15,20,15,67
3082,0,15,83,17,115
3083,16,18,49,17,100
3084,0,18,49,17,84
3085,33,33,16,18,100
3086,34,17,16,18,85
3088,51,31,18,16,116
3089,0,34,49,16,99
3090,18,31,18,16,83
3093,18,16,85,16,135
3094,16,35,15,18,84
3095,19,16,15,18,68
3097,15,18,33,15,81
3098,18,33,0,15,66
3099,0,33,0,15,48
3100,16,34,15,16,81
3101,0,34,15,16,65
3103,15,16,19,15,65
3104,16,34,50,20,120
3105,69,35,13,18,135
3106,50,35,13,18,116
3107,0,35,15,20,70
3108,51,31,16,19,117
3109,15,20,13,18,66
3110,33,18,16,19,86
3111,66,33,15,15,129
3112,0,18,16,19,53
3113,35,33,15,15,98
3114,119,18,62,18,217
3116,18,30,55,31,134
3117,0,30,55,31,116
3118,15,37,18,31,101
3119,0,37,18,31,86
3121,49,16,33,15,113
3122,13,34,33,15,95
3123,18,16,33,15,82
3125,15,18,0,15,48
3126,18,32,33,19,102
3127,0,32,33,19,84
3128,0,17,33,19,69
3129,0,33,51,19,103
3130,33,16,16,19,84
3132,32,19,0,14,65
3133,16,19,0,14,49
3134,19,34,49,16,118
3136,36,16,17,16,85
3138,16,33,83,15,147
3139,100,31,17,16,164
3140,16,34,16,17,83
3142,16,33,48,16,113
3146,15,33,84,20,152
3147,33,36,16,15,100
3149,0,36,16,15,67
3150,16,31,17,20,84
3151,31,37,81,18,167
3152,15,37,81,18,151
3153,0,37,81,18,136
3155,0,17,15,15,47
3157,15,19,49,15,98
3158,34,18,16,15,83
3159,15,18,16,15,64
3161,0,31,16,20,67
3164,20,31,17,17,85
3165,0,31,17,17,65
3167,34,19,63,19,135
3168,17,19,63,19,118
3169,0,19,63,19,101
3170,31,16,85,15,147
3172,16,35,117,16,184
3175,65,34,18,16,133
3176,0,15,19,15,49
3177,34,34,18,16,102
3178,15,34,18,16,83
3180,15,34,17,16,82
3182,33,16,15,20,84
3183,17,16,15,20,68
3184,0,16,15,20,51
3185,0,35,47,18,100
3187,31,34,0,16,81
3188,16,34,0,16,66
3189,0,34,0,16,50
3192,36,15,16,17,84
3193,18,15,16,17,66
3196,17,32,36,15,100
3199,0,20,16,15,51
3201,64,33,17,19,133
3202,0,16,18,15,49
3203,33,33,17,19,102
3204,15,33,17,19,84
3206,15,36,16,15,82
3207,0,36,16,15,67
3208,0,19,16,15,50
3211,0,34,19,14,67
3212,18,33,17,18,86
3214,14,35,15,19,83
3216,18,34,15,18,85
3217,34,33,48,19,134
3218,19,33,48,19,119
3219,0,33,48,19,100
3220,18,33,15,19,85
3221,67,31,0,16,114
3222,19,34,65,16,134
3224,0,19,65,16,100
3225,31,34,49,16,130
3226,16,34,49,16,115
3227,16,18,49,16,99
3228,0,18,49,16,83
3229,16,19,30,19,84
3231,0,30,34,18,82
3232,16,34,51,18,119
3233,0,34,51,18,103
3234,33,15,18,18,84
3235,51,18,16,16,101
3236,0,15,18,18,51
3238,18,32,16,16,82
3239,32,32,0,20,84
3241,0,32,0,20,52
3242,0,16,0,20,36
3243,0,36,15,18,69
3244,16,33,16,15,80
3245,0,33,16,15,64
3247,0,31,19,15,65
3249,68,34,48,18,168
3250,15,34,16,18,83
3252,15,34,48,18,115
3256,16,34,50,18,118
3258,18,35,48,18,119
3259,35,33,82,16,166
3262,18,33,15,19,85
3263,0,33,15,19,67
3265,0,34,15,16,65
3267,31,34,0,21,86
3269,34,21,64,15,134
3270,18,21,64,15,118
3271,0,21,64,15,100
3272,0,45,118,15,178
3273,19,15,118,15,167
3274,0,15,118,15,148
3275,34,34,50,15,133
3277,0,34,50,15,99
3278,18,31,19,15,83
3279,0,31,19,15,65
3280,0,15,19,15,49
3281,34,35,16,16,101
3282,15,35,16,16,82
3283,0,35,16,16,67
3284,33,16,17,17,83
3286,16,34,34,15,99
3287,0,34,34,15,83
3288,17,34,0,15,66
3289,0,34,0,15,49
3290,32,16,20,15,83
3291,0,31,20,15,66
3293,35,34,14,18,101
3294,15,34,14,18,81
3295,34,32,119,15,200
3296,48,35,15,19,117
3297,0,32,119,15,166
3298,68,19,15,16,118
3299,0,35,15,19,69
3300,0,19,15,19,53
3301,15,19,15,16,65
3304,16,34,16,18,84
3306,15,34,17,15,81
3307,16,18,17,15,66
3309,32,35,50,15,132
3310,15,35,50,15,115
3311,0,35,50,15,100
3312,19,34,16,15,84
3314,0,19,16,15,50
3315,31,33,16,19,99
3316,15,33,16,19,83
3317,0,33,16,19,68
3318,50,31,19,15,115
3319,35,31,19,15,100
3321,15,16,19,15,65
3322,0,16,19,15,50
3324,0,15,17,18,50
3326,18,33,84,14,149
3327,0,33,84,14,131
3328,18,35,16,16,85
3330,0,19,16,16,51
3331,0,32,17,14,63
3332,33,14,20,14,81
3333,0,31,20,14,65
3334,14,34,20,14,82
3335,0,34,20,14,68
3336,14,34,50,15,113
3342,15,34,19,16,84
3343,19,15,19,16,69
3344,0,15,19,16,50
3345,19,16,17,16,68
3346,16,33,51,16,116
3348,16,32,35,15,98
3349,32,35,50,18,135
3350,15,35,50,18,118
3352,16,35,15,18,84
3353,0,35,15,18,68
3354,0,20,15,18,53
3355,33,31,34,17,115
3356,18,31,34,17,100
3357,0,31,34,17,82
3358,15,34,0,17,66
3360,18,32,19,15,84
3362,0,15,19,15,49
3364,15,35,17,15,82
3366,19,32,15,20,86
3367,32,35,16,15,98
3368,30,20,16,15,81
3369,15,20,16,15,66
3370,0,20,16,15,51
3371,0,31,16,16,63
3372,15,32,20,14,81
3373,0,32,20,14,66
3374,16,34,51,18,119
3376,14,35,16,18,83
3377,0,35,16,18,69
3378,0,16,16,18,50
3379,0,34,16,19,69
3381,0,35,15,15,65
3383,0,30,17,17,64
3384,15,34,16,16,81
3385,17,17,16,16,66
3386,0,17,16,16,49
3387,32,35,15,19,101
3388,16,35,15,19,85
3393,34,33,16,15,98
3396,48,35,0,16,99
3397,0,31,35,16,82
3398,15,35,0,16,66
3399,0,35,0,16,51
3400,17,32,18,15,82
3401,16,16,18,15,65
3402,16,33,51,18,118
3403,0,33,51,18,102
3404,15,34,49,17,115
3406,17,35,14,17,83
3407,0,35,14,17,66
3408,0,18,14,17,49
3409,31,35,49,16,131
3410,17,35,49,16,117
3411,0,35,49,16,100
3413,16,18,15,16,65
3415,50,16,51,17,134
3417,0,35,51,17,103
3419,0,34,34,15,83
3420,19,34,0,15,68
3421,0,34,0,15,49
3422,0,17,0,15,32
3423,15,16,17,17,65
3424,33,17,35,16,101
3425,17,17,35,16,85
3427,21,46,17,18,102
3428,0,46,17,18,81
3430,0,16,17,18,51
3431,17,18,47,17,99
3432,18,30,137,13,198
3434,0,17,137,13,167
3435,34,34,0,15,83
3436,17,34,0,15,66
3438,19,34,17,18,88
3439,15,19,17,18,69
3441,17,18,13,17,65
3442,18,30,17,19,84
3443,0,30,17,19,66
3444,0,17,17,19,53
3445,0,36,182,17,235
3447,0,31,16,19,66
3448,15,35,50,16,116
3450,19,34,16,16,85
3451,0,34,16,16,66
3452,0,17,16,16,49
3453,16,16,50,17,99
3454,16,34,16,17,83
3455,0,34,16,17,67
3456,32,17,16,16,81
3458,17,32,18,15,82
3459,0,32,18,15,65
3460,16,33,52,16,117
3461,33,33,19,16,101
3462,15,33,19,16,83
3463,52,16,18,16,102
3464,0,14,19,16,49
3465,19,16,18,16,69
3466,16,34,16,16,82
3467,0,34,16,16,66
3468,0,16,16,16,48
3469,16,16,51,16,99
3470,33,16,52,16,117
3473,0,34,67,17,118
3474,16,34,17,16,83
3475,0,34,17,16,67
3477,0,33,64,17,114
3478,16,31,20,13,80
3479,0,31,20,13,64
3480,0,14,20,13,47
3484,52,35,50,16,153
3485,34,35,50,16,135
3489,17,16,17,16,66
3490,0,16,17,16,49
3491,17,16,17,17,67
3492,16,34,16,16,82
3493,0,34,16,16,66
3494,17,32,15,18,82
3495,0,32,15,18,65
3496,16,33,17,16,82
3498,18,33,16,19,86
3500,0,16,16,19,51
3502,50,34,51,16,151
3505,0,34,51,16,101
3506,50,32,16,18,116
3508,19,32,16,18,85
3509,0,32,16,18,66
3510,16,34,0,17,67
3511,34,33,34,15,116
3513,0,33,34,15,82
3515,0,34,33,15,82
3520,53,31,0,16,100
3524,16,36,0,15,67
3527,0,32,34,15,81
3529,34,32,66,21,153
3530,18,32,66,21,137
3532,0,17,66,21,104
3533,34,32,33,19,118
3534,18,32,33,19,102
3537,0,21,12,19,52
3538,31,15,18,15,79
3541,33,35,15,18,101
3542,15,35,15,18,83
3543,16,19,15,18,68
3545,0,33,17,15,65
3546,50,34,16,18,118
3547,32,34,16,18,100
3550,52,32,84,16,184
3551,0,34,48,18,100
3553,0,32,84,16,132
3554,16,34,15,20,85
3555,34,35,15,16,100
3556,18,35,15,16,84
3557,50,16,17,15,98
3558,20,31,17,15,83
3559,0,31,17,15,63
3560,48,33,51,18,150
3561,0,32,19,14,65
3563,19,14,51,18,102
3564,0,14,51,18,83
3565,0,35,16,18,69
3566,15,34,116,19,184
3567,0,34,116,19,169
3568,18,35,15,16,84
3569,0,35,15,16,66
3570,19,31,50,19,119
3571,0,31,50,19,100
3572,0,16,50,19,85
3573,69,31,19,15,134
3574,0,19,50,15,84
3575,15,19,16,15,65
3576,19,31,19,15,84
3577,16,15,19,15,65
3578,0,15,19,15,49
3579,19,15,17,15,66
3582,15,35,16,19,85
3583,0,35,16,19,70
3584,16,35,16,17,84
3586,0,19,16,17,52
3587,0,33,66,14,113
3588,17,18,18,30,83
3589,18,48,14,20,100
3590,62,20,13,17,112
3594,0,20,13,17,50
3595,0,30,20,13,63
3596,0,17,20,13,50
3597,0,33,20,14,67
3598,0,13,20,14,47
3599,0,34,50,18,102
3600,14,35,15,18,82
3601,0,35,15,18,68
3602,48,31,118,18,215
3603,15,18,51,16,100
3607,20,16,0,16,52
3608,32,19,80,18,149
3609,0,35,80,18,133
3610,50,34,15,18,117
3612,15,34,15,18,82
3613,34,33,17,18,102
3615,33,35,66,15,149
3619,0,32,34,15,81
3620,15,34,0,15,64
3621,0,34,0,15,49
3622,19,33,0,15,67
3624,0,18,0,15,33
3625,0,32,19,14,65
3627,19,14,51,16,100
3629,0,35,16,16,67
3630,0,16,16,16,48
3632,16,20,15,16,67
3633,0,20,15,16,51
3635,16,16,19,15,66
3636,0,16,19,15,50
3637,19,15,15,18,67
3638,15,33,51,17,116
3640,18,31,37,15,101
3641,51,17,81,19,168
3643,20,17,81,19,137
3644,17,34,0,32,83
3645,66,34,16,16,132
3647,0,32,15,19,66
3649,0,34,16,16,66
3650,19,32,0,18,69
3651,0,32,0,18,50
3652,16,34,15,18,83
3655,0,33,15,19,67
3657,15,19,16,15,65
3658,0,19,16,15,50
3660,15,34,32,20,101
3661,66,35,15,20,136
3663,32,35,15,20,102
3664,14,35,15,20,84
3665,0,35,15,20,70
3666,0,15,15,20,50
3667,15,20,64,20,119
3668,20,31,53,30,134
3669,31,33,20,30,114
3670,15,33,20,30,98
3671,33,20,15,15,83
3672,15,20,15,15,65
3676,0,19,82,15,116
3678,18,34,15,15,82
3679,0,34,15,15,64
3680,19,30,18,16,83
3681,0,30,18,16,64
3682,0,15,18,16,49
3683,0,34,20,15,69
3684,0,16,20,15,51
3686,15,33,19,33,100
3688,52,18,16,15,101
3689,0,19,15,18,52
3690,15,18,16,15,64
3691,18,47,53,15,133
3692,0,47,53,15,115
3693,50,15,19,15,99
3696,15,34,132,19,200
3701,29,19,16,15,79
3702,18,19,16,15,68
3703,19,47,19,16,101
3704,0,47,19,16,82
3705,15,16,19,16,66
3707,0,35,15,16,66
3708,0,16,15,16,47
3713,35,31,49,20,135
3714,18,31,49,20,118
3715,0,31,49,20,100
3716,15,35,51,14,115
3717,0,35,51,14,100
3718,33,20,17,14,84
3722,14,35,14,20,83
3723,35,34,47,18,134
3724,19,34,47,18,118
3726,20,31,16,18,85
3727,31,34,16,19,100
3729,0,34,16,19,69
3731,35,31,51,16,133
3733,31,35,16,16,98
3735,35,32,17,15,99
3737,0,32,17,15,64
3739,65,35,17,15,132
3740,15,33,52,15,115
3742,0,16,52,15,83
3743,35,32,17,20,104
3744,84,31,49,18,182
3745,0,32,17,20,69
3746,15,37,15,16,83
3749,0,31,49,18,98
3752,51,20,99,31,201
3756,0,47,52,31,130
3758,0,17,52,31,100
3759,16,15,21,31,83
3760,15,21,16,15,67
3761,21,48,15,18,102
3762,0,48,15,18,81
3763,15,17,15,18,65
3764,0,17,15,18,50
3765,0,33,16,17,66
3766,0,18,16,17,51
3767,0,33,16,17,66
3768,17,33,86,30,166
3769,0,33,86,30,149
3773,19,14,150,19,202
3774,34,46,18,16,114
3778,0,16,18,16,50
3780,16,34,16,19,85
3782,15,35,15,19,84
3783,0,35,15,19,69
3784,0,19,15,19,53
3786,0,19,15,15,49
3788,15,35,16,16,82
3789,51,16,49,21,137
3790,16,32,49,21,118
3792,16,34,15,21,86
3793,19,15,15,21,70
3794,0,15,15,21,51
3795,15,21,16,14,66
3796,21,30,167,19,237
3798,14,36,0,15,65
3799,0,36,0,15,51
3800,32,16,19,17,84
3801,15,16,19,17,67
3802,0,16,19,17,52
3803,19,17,119,31,186
3804,17,30,19,15,81
3805,0,30,19,15,64
3806,49,36,19,31,135
3807,19,15,0,19,53
3808,15,36,19,31,101
3809,0,36,19,31,86
3810,0,17,19,31,67
3812,31,16,15,16,78
3813,17,16,15,16,64
3814,0,16,15,16,47
3815,31,35,0,17,83
3816,16,35,0,17,68
3817,0,35,0,17,52
3821,18,15,53,33,119
3822,15,20,14,19,68
3823,53,49,48,18,168
3825,52,16,48,18,134
3827,19,16,48,18,101
3828,31,17,134,18,200
3830,0,17,134,18,169
3832,18,32,53,33,136
3833,32,34,19,33,118
3834,49,19,64,18,150
3836,14,19,64,18,115
3837,0,19,64,18,101
3838,0,49,15,18,82
3839,0,34,15,18,67
3841,0,33,0,16,49
3843,0,33,50,17,100
3844,17,34,16,17,84
3846,51,31,20,16,118
3847,0,33,0,16,49
3849,0,31,20,16,67
3853,0,32,0,15,47
3854,16,35,48,18,117
3855,0,35,48,18,101
3856,35,19,47,18,119
3857,15,19,47,18,99
3859,32,33,17,15,97
3860,18,33,17,15,83
3861,0,33,17,15,65
3865,0,38,0,29,67
3867,0,29,50,18,97
3868,15,35,15,18,83
3869,0,35,15,18,68
3870,19,33,0,16,68
3871,0,33,0,16,49
3873,16,16,16,19,67
3875,0,35,15,19,69
3876,19,34,15,16,84
3877,0,34,15,16,65
3879,31,34,18,15,98
3880,16,34,18,15,83
3881,0,34,18,15,67
3882,15,33,52,16,116
3884,15,36,16,16,83
3885,0,36,16,16,68
3887,32,31,220,16,299
3888,31,16,220,16,283
3889,0,31,220,16,267
3890,0,16,220,16,252
3891,19,15,50,19,103
3892,15,35,15,19,84
3894,19,34,15,19,87
3895,0,34,15,19,68
3897,15,19,13,17,64
3898,19,30,17,19,85
3899,30,36,50,16,132
3900,70,16,48,19,153
3901,0,36,50,16,102
3902,19,33,48,19,119
3903,0,33,48,19,100
3904,0,16,48,19,83
3905,0,33,15,19,67
3907,15,19,80,17,131
3911,33,33,52,15,133
3912,15,33,52,15,115
3913,16,17,52,15,100
3914,17,37,15,15,84
3915,0,37,15,15,67
3916,19,30,18,16,83
3918,33,16,16,18,83
3919,0,34,16,18,68
3921,34,19,33,32,118
3924,65,15,50,18,148
3925,0,15,66,15,96
3927,19,15,50,18,102
3928,0,15,50,18,83
3929,19,15,86,33,153
3930,31,18,18,14,81
3931,0,34,18,14,66
3932,0,18,18,14,50
3933,0,32,20,33,85
3934,14,20,0,33,67
3935,0,20,0,33,53
3936,81,34,16,15,146
3937,19,15,15,18,67
3939,15,18,16,18,67
3940,18,34,16,15,83
3941,0,34,16,15,65
3942,18,31,17,19,85
3943,31,36,17,16,100
3945,36,33,17,15,101
3946,19,33,17,15,84
3947,17,16,17,15,65
3949,0,32,0,16,48
3950,31,19,15,17,82
3951,0,35,15,17,67
3952,0,19,15,17,51
3953,32,35,81,16,164
3955,0,35,81,16,132
3956,0,19,81,16,116
3957,32,34,15,16,97
3959,0,34,15,16,65
3961,0,31,53,15,99
3962,116,33,52,18,219
3963,0,35,18,15,68
3964,36,15,17,15,83
3965,18,15,17,15,65
3966,15,32,19,14,80
3967,0,32,19,14,65
3969,33,34,51,16,134
3972,52,31,16,19,118
3974,18,31,16,19,84
3976,16,35,18,31,100
3977,16,19,18,31,84
3978,0,19,18,31,68
3979,0,18,83,15,116
3980,0,49,34,15,98
3981,15,18,34,15,82
3982,33,19,31,19,102
3984,19,31,67,16,133
3986,35,15,33,16,99
3987,49,18,0,16,83
3990,18,35,15,18,86
3991,0,35,15,18,68
3994,51,34,15,16,116
3995,33,34,15,16,98
3997,0,34,15,16,65
3999,0,31,118,17,166
4000,16,32,19,17,84
4001,19,13,19,17,68
4002,0,13,19,17,49
4003,36,34,49,16,135
4004,17,34,49,16,116
4005,0,34,49,16,99
4006,18,33,16,16,83
4008,0,17,16,16,49
4009,32,34,15,19,100
4010,16,34,15,19,84
4011,0,34,15,19,68
4013,15,19,49,17,100
4015,0,34,15,17,66
4020,19,34,15,17,85
4021,34,32,49,18,133
4022,19,32,49,18,118
4024,17,34,15,18,84
4026,0,19,15,18,52
4027,0,33,16,17,66
4029,33,32,50,16,131
4031,32,33,17,16,98
4032,16,33,17,16,82
4033,16,17,17,16,66
4035,17,16,23,27,83
4036,16,23,12,15,66
4038,27,17,20,32,96
4040,0,17,20,32,69
4041,36,33,16,16,101
4042,16,33,16,16,81
4043,16,17,16,16,65
4045,16,16,17,17,66
4046,50,32,51,16,149
4047,0,34,16,16,66
4048,17,32,51,16,116
4049,0,32,51,16,99
4050,35,16,32,17,100
4051,0,35,32,17,84
4052,48,33,52,16,149
4053,32,33,52,16,133
4054,16,33,52,16,117
4055,17,16,52,16,101
4056,0,16,52,16,84
4058,18,33,116,16,183
4060,16,34,50,16,116
4061,15,19,50,16,100
4062,19,32,18,16,85
4063,32,34,16,16,98
4064,15,34,16,16,81
4065,0,34,16,16,66
4066,16,32,117,18,183
4068,16,33,53,15,117
4071,18,16,19,15,68
4072,16,34,16,18,84
4076,18,32,52,15,117
4077,0,32,52,15,99
4079,0,35,48,19,102
4081,0,32,16,19,67
4083,0,35,15,18,68
4085,0,33,16,16,65
4086,18,32,22,18,90
4087,0,32,22,18,72
4089,0,22,18,28,68
4093,0,34,15,17,66
4095,48,19,14,19,100
4096,33,19,14,19,85
4097,0,35,14,19,68
4099,14,19,49,15,97
4100,52,31,85,15,183
4101,33,31,85,15,164
4103,0,31,85,15,131
4104,50,31,34,19,134
4105,0,35,50,15,100
4106,18,31,34,19,102
4107,50,15,0,19,84
4108,0,16,34,19,69
4109,34,34,16,18,102
4110,15,34,16,18,83
4111,0,34,16,18,68
4112,15,34,15,18,82
4113,0,34,15,18,67
4115,0,33,50,18,101
4116,18,35,15,18,86
4117,0,35,15,18,68
4118,52,31,19,15,117
4120,18,31,19,15,83
4122,49,34,82,18,183
4123,0,34,18,16,68
4124,15,34,82,18,149
4126,16,32,50,18,116
4127,32,35,83,16,166
4128,15,35,83,16,149
4129,0,35,83,16,134
4130,18,33,50,16,117
4131,33,34,16,16,99
4132,18,34,16,16,84
4133,0,34,16,16,66
4134,0,18,16,16,50
4135,16,16,0,16,48
4136,16,32,18,19,85
4137,0,32,18,19,69
4138,53,32,16,15,116
4141,32,31,19,18,100
4143,0,31,19,18,68
4145,0,37,15,15,67
4147,15,15,18,15,63
4148,0,15,18,15,48
4149,33,33,20,15,101
4150,15,33,20,15,83
4151,0,33,20,15,68
4154,0,15,49,18,82
4155,0,34,15,18,67
4157,33,34,15,20,102
4159,18,16,15,20,69
4160,0,16,15,20,51
4162,20,31,83,16,150
4163,0,31,83,16,130
4164,0,16,83,16,115
4165,0,35,0,16,51
4166,0,16,0,16,32
4167,0,32,16,16,64
4168,0,16,16,16,48
4169,16,16,18,16,66
4170,50,34,15,19,118
4171,18,16,49,19,102
4174,0,15,15,19,49
4175,0,34,15,18,67
4177,0,33,48,18,99
4179,0,33,15,18,66
4180,48,35,13,19,115
4181,15,18,16,19,68
4183,0,35,13,19,67
4184,0,19,13,19,51
4185,0,32,16,19,67
4187,0,35,16,15,66
4190,15,34,49,19,117
4191,0,34,49,19,102
4192,18,34,15,19,86
4194,19,34,86,29,168
4195,0,34,86,29,149
4196,50,33,32,19,134
4197,0,31,65,19,115
4199,0,33,32,19,84
4200,47,35,16,21,119
4203,19,16,16,21,72
4204,0,16,16,21,53
4205,37,31,15,19,102
4206,52,34,16,17,119
4208,18,34,16,17,85
4209,34,33,16,15,98
4210,19,33,16,15,83
4211,0,33,16,15,64
4213,31,35,49,18,133
4214,0,15,19,16,50
4215,84,18,15,19,136
4217,0,33,16,18,67
4218,15,34,15,19,83
4219,0,34,15,19,68
4221,0,34,115,19,168
4222,19,31,84,19,153
4223,0,31,84,19,134
4225,0,35,0,15,50
4226,19,34,15,19,87
4227,0,34,15,19,68
4228,19,34,117,15,185
4229,0,34,117,15,166
4230,51,32,53,15,151
4231,32,32,53,15,132
4232,16,32,53,15,116
4236,15,34,16,18,83
4237,0,34,16,18,68
4239,34,31,19,17,101
4240,18,31,19,17,85
4243,0,36,31,19,86
4244,48,35,15,19,117
4245,31,35,15,19,100
4246,15,35,15,19,84
4247,69,31,19,13,132
4249,34,31,19,13,97
4250,19,31,19,13,82
4251,0,31,19,13,63
4252,15,32,0,20,67
4253,0,32,0,20,52
4254,0,13,0,20,33
4255,0,36,49,18,103
4256,0,16,49,18,83
4257,34,33,15,18,100
4259,0,33,15,18,66
4260,18,33,116,18,185
4262,18,32,18,16,84
4265,34,34,16,18,102
4267,68,31,19,15,133
4268,49,31,19,15,114
4269,34,31,19,15,99
4270,18,31,19,15,83
4271,0,31,19,15,65
4272,15,34,16,18,83
4274,15,34,49,18,116
4276,18,34,83,16,151
4278,19,33,82,18,152
4280,18,31,19,16,84
4281,0,31,19,16,66
4283,19,16,85,15,135
4284,0,16,85,15,116
4286,18,33,18,15,84
4287,0,33,18,15,66
4288,49,34,15,19,117
4289,18,15,34,15,82
4290,15,34,15,19,83
4293,0,34,83,15,132
4295,33,33,17,15,98
4296,0,18,81,19,118
4297,0,33,17,15,65
4298,18,32,16,19,85
4300,15,35,16,18,84
4301,0,35,16,18,69
4303,0,34,15,21,70
4308,17,34,0,17,68
4309,0,34,0,17,51
4311,33,33,33,15,114
4312,0,16,15,18,49
4315,0,33,82,18,133
4316,18,33,0,16,67
4317,0,33,0,16,49
4318,0,18,0,16,34
4320,51,34,16,15,116
4321,33,34,16,15,98
4323,0,34,16,15,65
4324,18,31,0,19,68
4326,15,35,15,18,83
4327,19,16,15,18,68
4328,0,16,15,18,49
4329,0,33,16,16,65
4331,32,33,21,31,117
4332,34,15,21,31,101
4336,31,17,48,16,112
4337,19,17,48,16,100
4338,0,17,48,16,81
4339,17,15,16,16,64
4340,15,32,20,16,83
4342,0,16,20,16,52
4343,36,32,17,15,100
4345,0,32,17,15,64
4347,17,15,17,19,68
4348,15,36,16,16,83
4349,36,32,16,16,100
4350,19,32,16,16,83
4351,32,32,17,19,100
4354,16,36,16,15,83
4357,0,31,86,14,131
4358,0,15,86,14,115
4360,0,46,33,19,98
4361,18,15,33,19,85
4362,0,15,33,19,67
4363,19,14,19,16,68
4364,49,35,0,17,101
4365,0,35,0,17,52
4366,0,16,0,17,33
4367,0,35,0,17,52
4368,0,18,0,17,35
4370,32,15,67,16,130
4371,17,15,67,16,115
4374,0,19,14,18,51
4376,18,32,84,16,150
4379,0,34,19,15,68
4380,34,15,16,16,81
4381,34,32,19,15,100
4382,15,32,19,15,81
4383,0,32,19,15,66
4385,0,34,19,14,67
4386,15,33,53,15,116
4387,0,33,53,15,101
4389,0,34,50,18,102
4390,34,15,49,19,117
4391,0,34,49,19,102
4392,15,34,15,19,83
4394,18,34,34,15,101
4397,34,30,20,15,99
4398,34,15,20,15,84
4400,50,33,18,15,116
4401,35,33,18,15,101
4404,18,33,49,19,119
4405,0,33,49,19,101
4406,15,34,115,18,182
4407,34,34,17,15,100
4408,15,34,17,15,81
4411,0,32,0,18,50
4412,15,34,15,18,82
4413,0,34,15,18,67
4414,0,16,15,18,49
4415,15,18,16,19,68
4417,0,35,15,16,66
4419,0,31,50,18,99
4420,16,35,15,18,84
4421,0,35,15,18,68
4422,0,19,15,18,52
4424,52,32,49,18,151
4425,0,34,16,16,66
4427,0,32,49,18,99
4428,16,33,65,20,134
4429,0,33,65,20,118
4430,51,31,20,15,117
4431,16,18,16,15,65
4432,18,31,20,15,84
4434,15,35,0,19,69
4435,0,35,0,19,54
4437,19,16,0,16,51
4438,47,34,85,15,181
4439,65,35,0,16,116
4442,15,35,0,16,66
4443,35,31,19,15,100
4444,19,31,19,15,84
4445,0,31,19,15,65
4446,99,18,65,16,198
4448,15,35,15,18,83
4449,35,33,65,16,149
4450,19,33,65,16,133
4451,33,32,18,15,98
4452,0,18,65,16,99
4453,0,32,18,15,65
4454,16,33,0,16,65
4455,33,35,16,18,102
4457,0,35,16,18,69
4458,0,19,16,18,53
4460,18,31,67,16,132
4461,31,34,15,18,98
4465,0,33,16,19,68
4467,0,35,16,15,66
4468,0,19,16,15,50
4469,31,36,83,16,166
4470,15,36,83,16,150
4471,0,36,83,16,135
4472,20,30,19,15,84
4473,0,30,19,15,64
4474,15,34,19,16,84
4475,0,34,19,16,69
4477,0,35,65,19,119
4480,49,35,17,16,117
4481,0,31,0,19,50
4482,35,16,17,16,84
4483,35,33,16,19,103
4484,0,16,17,16,49
4485,0,33,16,19,68
4486,16,35,0,30,81
4487,0,35,0,30,65
4488,19,30,84,18,151
4489,0,30,84,18,132
4490,16,34,50,18,118
4491,34,35,15,18,102
4492,15,35,15,18,83
4493,0,35,15,18,68
4495,0,33,0,16,49
4497,0,32,18,17,67
4498,0,16,18,17,51
4499,18,17,49,19,103
4500,0,17,49,19,85
4501,0,31,53,15,99
4502,15,37,16,15,83
4503,0,37,16,15,68
4504,19,31,16,17,83
4505,0,31,16,17,64
4506,15,33,52,15,115
4507,0,33,52,15,100
4508,17,33,50,16,116
4509,0,33,50,16,99
4510,15,34,16,16,81
4512,15,32,0,17,64
4513,0,32,0,17,49
4517,37,32,16,17,102
4518,49,33,16,16,114
4520,16,33,16,16,81
4521,0,33,16,16,65
4522,17,32,52,15,116
4523,0,32,52,15,99
4524,0,16,52,15,83
4525,0,33,19,15,67
4526,15,34,118,17,184
4527,34,20,12,20,86
4528,15,20,12,20,67
4530,32,16,14,20,82
4533,14,20,16,17,67
4536,0,17,81,19,117
4538,18,33,15,19,85
4540,18,34,16,17,85
4542,19,33,16,15,83
4543,33,31,19,16,99
4545,0,31,19,16,66
4546,15,35,51,14,115
4547,0,35,51,14,100
4548,16,32,19,14,81
4549,0,32,19,14,65
4550,0,16,19,14,49
4551,19,14,21,30,84
4552,14,21,81,16,132
4553,0,21,81,16,118
4554,12,34,19,16,81
4555,69,35,15,15,134
4556,35,16,50,15,116
4557,35,35,15,15,100
4559,0,35,15,15,65
4560,0,19,15,15,49
4561,15,15,0,17,47
4562,15,36,82,17,150
4565,31,33,35,16,115
4566,15,33,35,16,99
4567,0,33,35,16,84
4568,32,17,0,16,65
4569,18,17,0,16,51
4571,0,34,16,18,68
4572,0,18,16,18,52
4573,0,34,16,16,66
4574,18,32,16,15,81
4575,32,31,52,18,133
4576,16,31,52,18,117
4577,101,31,86,16,234
4578,49,36,17,14,116
4581,18,18,17,14,67
4582,18,31,86,16,151
4583,0,31,86,16,133
4584,48,32,20,16,116
4585,34,32,20,16,102
4587,0,32,20,16,68
4588,52,34,15,18,119
4589,0,36,49,18,103
4590,16,34,15,18,83
4591,0,34,15,18,67
4593,33,31,19,16,99
4594,18,31,19,16,84
4595,0,31,19,16,66
4596,16,35,15,19,85
4597,0,35,15,19,69
4599,0,34,15,15,64
4601,30,35,49,19,133
4603,35,33,16,19,103
4605,33,35,14,18,100
4606,16,35,14,18,83
4607,16,19,14,18,67
4608,0,19,14,18,51
4609,0,32,17,15,64
4610,18,32,0,19,69
4611,0,32,0,19,51
4612,15,35,15,20,85
4613,19,16,15,20,70
4614,0,16,15,20,51
4615,0,35,16,16,67
4616,52,35,48,15,150
4621,0,30,33,19,82
4623,18,15,84,19,136
4624,15,34,16,19,84
4625,0,34,16,19,69
4628,19,34,15,19,87
4629,0,34,15,19,68
4630,19,34,16,15,84
4631,0,34,16,15,65
4632,19,31,51,16,117
4633,0,31,51,16,98
4634,15,36,47,16,114
4635,0,36,47,16,99
4636,51,32,50,19,152
4638,16,32,50,19,117
4641,0,36,14,19,69
4642,19,33,32,17,101
4644,19,32,117,15,183
4645,0,32,117,15,164
4646,15,33,116,20,184
4647,49,19,17,16,101
4648,0,16,116,20,152
4649,16,19,17,16,68
4650,0,19,17,16,52
4652,16,31,51,18,116
4653,31,37,14,18,100
4654,15,37,14,18,84
4656,20,32,16,18,86
4657,0,32,16,18,66
4658,18,34,85,34,171
4659,0,34,85,34,153
4660,18,31,88,28,165
4662,34,15,20,34,103
4663,19,15,20,34,88
4664,35,34,0,28,97
4666,34,47,49,18,148
4667,20,47,49,18,134
4668,0,47,49,18,114
4669,15,19,49,18,101
4670,0,19,49,18,86
4671,33,34,16,16,99
4673,34,32,50,16,132
4674,18,32,50,16,116
4675,32,35,15,16,98
4676,0,16,50,16,82
4677,35,31,34,16,116
4678,19,31,34,16,100
4679,0,31,34,16,81
4680,50,35,99,15,199
4682,31,19,99,15,164
4683,0,35,99,15,149
4684,52,32,16,18,118
4686,84,34,34,16,168
4687,32,34,49,19,134
4688,0,15,16,18,49
4689,0,34,49,19,102
4690,18,34,34,16,102
4691,49,19,83,16,167
4692,34,19,83,16,152
4694,19,31,19,16,85
4695,16,15,19,16,66
4696,0,15,19,16,50
4697,19,16,48,19,102
4698,16,33,15,19,83
4701,34,31,51,15,131
4702,19,31,51,15,116
4703,48,19,49,17,133
4704,15,36,49,17,117
4705,36,30,19,17,102
4708,15,36,49,16,116
4710,0,17,49,16,82
4711,0,33,16,16,65
4714,16,35,15,19,85
4716,0,16,15,19,50
4718,0,19,47,19,85
4719,66,37,12,15,130
4721,72,27,17,20,136
4723,0,37,12,15,64
4724,0,22,12,15,49
4725,44,20,0,15,79
4726,15,37,0,15,67
4727,0,37,0,15,52
4728,0,20,0,15,35
4729,0,32,16,15,63
4731,31,35,18,16,100
4732,15,35,18,16,84
4733,0,35,18,16,69
4735,18,16,17,16,67
4737,0,33,16,19,68
4741,0,30,50,19,99
4742,15,34,16,19,84
4743,34,35,16,16,101
4745,0,35,16,16,67
4750,0,18,15,18,51
4753,0,34,132,15,181
4754,18,31,19,15,83
4759,32,35,15,20,102
4760,16,35,15,20,86
4761,0,35,15,20,70
4762,114,34,16,16,180
4763,0,35,15,15,65
4766,15,34,16,18,83
4768,15,34,16,16,81
4770,18,32,20,15,85
4771,0,32,20,15,67
4772,0,16,20,15,51
4773,0,35,15,19,69
4774,0,15,15,19,49
4775,68,33,29,20,150
4776,19,34,17,16,86
4777,34,33,29,20,116
4778,18,33,29,20,100
4779,0,33,29,20,82
4780,0,16,29,20,65
4783,37,33,16,19,105
4784,0,17,49,19,85
4785,0,33,16,19,68
4787,0,35,16,14,65
4788,19,30,20,30,99
4789,0,30,20,30,80
4791,0,20,0,30,50
4792,30,19,16,16,81
4793,15,19,16,16,66
4794,0,19,16,16,51
4795,32,34,15,19,100
4796,16,34,15,19,84
4797,49,19,16,15,99
4799,34,31,19,16,100
4804,16,34,50,15,115
4805,0,34,50,15,99
4806,18,35,15,15,83
4808,48,34,49,19,150
4810,15,34,49,19,117
4811,68,34,0,16,118
4814,15,34,0,16,65
4815,34,32,15,19,100
4816,19,32,15,19,85
4818,0,16,15,19,50
4820,19,32,17,19,87
4821,15,17,17,19,68
4823,36,17,48,15,116
4825,0,17,48,15,80
4826,0,48,0,15,63
4827,19,16,0,15,50
4828,31,17,67,19,134
4829,15,17,67,19,118
4831,34,33,0,19,86
4833,0,33,0,19,52
4834,14,34,19,14,81
4835,19,15,19,14,67
4836,0,15,19,14,48
4837,33,31,53,16,133
4838,14,31,53,16,114
4840,13,38,15,16,82
4841,38,31,16,19,104
4842,50,35,50,16,151
4845,0,35,50,16,101
4847,0,33,48,19,100
4849,17,16,15,19,67
4850,16,34,48,19,117
4853,0,32,16,19,67
4855,16,19,16,15,66
4856,19,31,16,19,85
4857,0,31,16,19,66
4859,16,19,16,18,69
4861,64,35,16,19,134
4862,18,30,51,19,118
4864,65,19,31,20,135
4867,35,31,35,18,119
4868,19,31,35,18,103
4870,15,20,66,33,134
4871,20,47,19,33,119
4872,0,47,19,33,99
4873,18,14,19,33,84
4874,0,14,19,33,66
4877,18,16,14,20,68
4881,0,31,18,15,64
4882,0,16,18,15,49
4883,0,33,52,15,100
4884,15,37,30,19,101
4885,0,37,30,19,86
4887,15,15,0,19,49
4888,15,34,15,19,83
4889,0,34,15,19,68
4890,0,15,15,19,49
4892,19,35,14,18,86
4893,0,35,14,18,67
4894,0,20,14,18,52
4895,14,18,17,13,62
4896,18,30,0,20,68
4898,33,16,152,15,216
4899,0,36,152,15,203
4900,51,33,0,16,100
4902,19,33,0,16,68
4903,0,33,0,16,49
4904,18,32,117,18,185
4906,16,33,34,15,98
4907,0,33,34,15,82
4909,0,34,0,15,49
4911,15,16,19,18,68
4912,53,30,0,20,103
4913,0,37,30,20,87
4914,18,30,0,20,68
4915,30,36,14,19,99
4917,0,36,14,19,69
4918,49,34,15,18,116
4919,0,33,16,18,67
4920,19,34,15,18,86
4921,0,34,15,18,67
4922,0,18,15,18,51
4923,33,34,16,17,100
4924,18,34,16,17,85
4925,0,34,16,17,67
4927,0,33,16,15,64
4930,15,20,99,17,151
4931,0,20,99,17,136
4932,29,17,19,17,82
4933,15,17,19,17,68
4934,0,17,19,17,53
4935,0,36,50,17,103
4937,0,34,50,16,100
4939,16,17,17,16,66
4940,0,17,17,16,50
4942,0,16,16,16,48
4943,32,32,17,17,98
4945,0,32,17,17,66
4946,50,35,16,16,117
4949,0,35,16,16,67
4951,0,32,52,16,100
4952,0,16,52,16,84
4954,0,16,54,31,101
4955,36,18,16,15,85
4956,16,18,16,15,65
4957,0,18,16,15,49
4958,31,16,18,15,80
4960,0,16,18,15,49
4962,15,36,15,16,82
4964,0,16,15,16,47
4965,0,31,117,15,163
4966,0,16,117,15,148
4967,0,36,0,31,67
4968,36,15,0,19,70
4969,31,35,15,15,96
4970,15,35,15,15,80
4972,0,16,15,15,46
4973,0,30,19,15,64
4974,15,34,0,16,65
4976,15,36,49,16,116
4977,0,36,49,16,101
4978,0,20,49,16,85
4980,18,32,16,19,85
4981,0,32,16,19,67
4982,16,35,16,16,83
4985,0,32,0,18,50
4987,18,15,66,20,119
4988,0,15,66,20,101
4989,32,34,0,20,86
4992,14,35,0,16,65
4996,0,15,19,18,52
4997,0,37,14,19,70
4998,18,33,81,19,151
4999,0,33,81,19,133
5000,19,31,16,18,84
5001,47,18,16,19,100
5002,16,34,16,19,85
5004,18,35,16,14,83
5006,19,30,18,19,86
5007,30,37,15,19,101
5010,19,34,48,21,122
5011,0,34,48,21,103
5013,0,32,64,18,114
5014,55,27,18,15,115
5018,35,15,53,15,118
5019,0,33,53,15,101
5020,15,37,16,15,83
5021,0,37,16,15,68
5022,20,31,51,15,117
5024,15,34,17,15,81
5025,34,32,16,20,102
5026,18,32,16,20,86
5027,0,32,16,20,68
5029,36,31,16,19,102
5032,16,35,15,19,85
5034,19,34,14,19,86
5035,67,31,85,17,200
5036,0,19,14,19,52
5038,19,31,85,17,152
5039,0,31,85,17,133
5040,15,33,52,17,117
5041,0,33,52,17,102
5042,15,34,18,17,84
5043,34,35,0,16,85
5044,15,35,0,16,66
5045,84,15,20,15,134
5048,33,15,20,15,83
5049,18,15,20,15,68
5050,15,35,33,19,102
5053,0,33,50,18,101
5054,18,34,49,19,120
5055,0,34,49,19,102
5056,0,15,49,19,83
5060,19,31,19,14,83
5061,0,31,19,14,64
5062,15,33,52,15,115
5064,14,36,31,19,100
5065,36,31,84,16,167
5066,17,31,84,16,148
5067,0,31,84,16,131
5068,15,33,17,19,84
5070,0,14,17,19,50
5073,0,31,66,19,116
5076,16,33,19,15,83
5077,14,19,19,15,67
5078,0,19,19,15,53
5079,19,15,19,15,68
5082,15,32,19,14,80
5083,0,32,19,14,65
5084,0,16,19,14,49
5085,19,14,51,16,100
5086,14,34,52,16,116
5087,0,34,52,16,102
5088,15,33,19,16,83
5095,0,34,16,18,68
5096,16,34,18,15,83
5098,51,34,16,16,117
5099,0,33,16,18,67
5102,18,32,20,31,101
5103,0,32,20,31,83
5104,16,20,65,15,116
5105,0,20,65,15,100
5108,0,15,19,15,49
5109,34,20,15,15,84
5110,15,20,15,15,65
5112,30,19,15,16,80
5114,0,19,15,16,50
5115,31,34,15,19,99
5116,16,34,15,19,84
5119,0,34,16,18,68
5120,19,34,50,15,118
5121,0,34,50,15,99
5122,18,31,19,15,83
5123,0,31,19,15,65
5124,15,34,83,16,148
5125,19,15,83,16,133
5126,15,35,48,16,114
5127,16,19,48,16,99
5128,51,32,17,20,120
5129,32,32,17,20,101
5131,69,29,20,15,133
5132,53,29,20,15,117
5137,0,35,18,15,68
5138,48,34,16,19,117
5139,0,33,16,18,67
5140,0,15,16,18,49
5141,16,18,16,19,69
5144,19,33,16,15,83
5145,33,31,50,17,131
5146,49,34,16,17,116
5148,15,34,16,17,82
5149,0,34,16,17,67
5150,17,33,49,18,117
5151,16,17,49,18,100
5152,17,35,48,18,118
5153,0,35,48,18,101
5154,0,19,48,18,85
5157,34,35,0,32,101
5158,18,35,0,32,85
5159,0,35,0,32,67
5160,20,32,16,16,84
5161,32,32,35,16,115
5162,16,32,35,16,99
5163,16,16,35,16,83
5164,16,35,83,16,150
5165,0,35,83,16,134
5167,0,31,19,15,65
5168,34,15,18,16,83
5169,34,34,16,18,102
5172,16,34,83,15,148
5176,0,15,19,14,48
5177,19,14,19,15,67
5178,14,34,18,15,81
5179,0,34,18,15,67
5181,18,15,19,17,69
5182,0,15,19,17,51
5183,0,36,49,16,101
5184,0,17,49,16,82
5185,33,32,50,19,134
5187,0,32,50,19,101
5188,16,35,15,19,85
5190,0,16,15,19,50
5191,15,19,81,19,134
5192,50,34,16,19,119
5193,31,34,16,19,100
5196,16,35,31,16,98
5197,0,35,31,16,82
5198,19,31,16,19,85
5199,0,31,16,19,66
5201,0,35,15,19,69
5202,0,19,15,19,53
5203,34,33,51,15,133
5205,0,33,51,15,99
5206,18,35,47,15,115
5207,0,35,47,15,97
5208,20,31,16,15,82
5209,16,15,16,15,62
5210,15,31,53,16,115
5211,0,31,53,16,100
5212,15,35,18,16,84
5215,18,16,83,15,132
5218,0,18,64,19,101
5219,15,18,16,15,64
5220,18,31,19,15,83
5221,31,34,19,15,99
5222,34,15,19,15,83
5223,0,34,19,15,68
5224,0,15,19,15,49
5225,0,34,18,15,67
5227,33,33,16,19,101
5230,15,35,17,17,84
5232,19,34,16,16,85
5233,34,32,48,17,131
5237,0,32,69,17,118
5239,33,36,117,15,201
5240,17,36,117,15,185
5241,0,36,117,15,168
5242,19,32,17,16,84
5244,32,16,17,16,81
5245,17,16,17,16,66
5246,16,33,34,16,99
5247,0,33,34,16,83
5248,16,34,16,16,82
5249,0,34,16,16,66
5251,0,32,0,19,51
5252,0,16,0,19,35
5253,35,33,16,19,103
5254,16,33,16,19,84
5256,0,16,16,19,51
5257,35,17,114,20,186
5258,19,17,114,20,170
5259,0,17,114,20,151
5260,34,50,19,31,134
5261,19,50,19,31,119
5262,30,20,19,31,100
5263,14,20,19,31,84
5266,31,49,14,19,113
5267,20,49,14,19,102
5268,16,33,14,19,82
5269,33,33,15,18,99
5271,0,33,15,18,66
5272,19,33,15,17,84
5273,33,32,18,15,98
5274,18,32,18,15,83
5275,0,32,18,15,65
5279,0,35,16,16,67
5280,16,32,18,15,81
5281,32,33,50,18,133
5285,0,35,15,18,68
5286,19,33,50,17,119
5287,0,33,50,17,100
5288,18,34,16,17,85
5289,34,33,82,19,168
5291,0,33,82,19,134
5292,17,33,49,19,118
5293,0,33,49,19,101
5295,15,20,80,19,134
5297,33,31,16,19,99
5298,19,31,16,19,85
5299,0,31,16,19,66
5302,19,32,16,18,85
5303,0,32,16,18,66
5304,16,34,16,18,84
5305,0,34,16,18,68
5306,18,34,48,16,116
5307,0,34,48,16,98
5308,0,18,48,16,82
5314,48,33,53,15,149
5315,34,33,53,15,135
5316,30,18,53,15,116
5317,33,34,34,16,117
5318,0,18,53,15,86
5319,19,15,34,16,84
5321,19,15,51,15,100
5322,15,35,16,15,81
5323,0,35,16,15,66
5324,0,19,16,15,50
5325,0,31,0,16,47
5327,0,35,0,16,51
5329,0,32,16,18,66
5331,0,34,49,18,101
5332,18,34,15,18,85
5333,34,33,16,18,101
5334,18,33,16,18,85
5338,18,31,84,19,152
5339,0,31,84,19,134
5340,16,34,16,19,85
5342,31,19,50,16,116
5343,35,34,82,16,167
5345,15,19,82,16,132
5346,0,19,82,16,117
5347,0,32,16,18,66
5349,34,32,50,15,131
5350,18,32,50,15,115
5351,16,16,50,15,97
5353,0,34,16,15,65
5354,18,31,19,16,84
5355,0,31,19,16,66
5356,15,35,18,16,84
5357,0,35,18,16,69
5358,0,16,18,16,50
5359,34,33,50,19,136
5360,0,16,15,18,49
5361,0,33,50,19,102
5362,18,34,84,15,151
5363,0,34,84,15,133
5365,0,35,49,15,99
5367,30,34,21,31,116
5368,15,34,21,31,101
5369,0,34,21,31,86
5370,48,35,15,17,115
5371,0,21,12,19,52
5373,19,16,15,17,67
5374,0,16,15,17,48
5375,15,17,16,18,66
5376,17,34,50,16,117
5378,18,35,15,16,84
5380,19,31,34,17,101
5381,31,34,17,16,98
5383,34,33,49,18,134
5384,18,33,49,18,118
5385,0,33,49,18,100
5387,0,31,18,18,67
5388,15,36,49,18,118
5390,18,34,15,18,85
5391,0,34,15,18,67
5394,18,34,15,19,86
5395,0,34,15,19,68
5397,34,30,19,15,98
5399,0,30,19,15,64
5401,0,34,49,19,102
5403,0,34,15,19,68
5406,51,33,19,15,118
5407,0,32,19,14,65
5408,16,33,19,15,83
5409,0,33,19,15,67
5412,15,34,16,19,84
5413,0,34,16,19,69
5414,18,35,15,15,83
5415,35,30,19,15,99
5416,19,30,19,15,83
5417,0,30,19,15,64
5418,15,34,88,28,165
5421,68,20,12,16,116
5422,16,33,83,15,147
5423,0,33,83,15,131
5424,0,18,83,15,116
5427,16,20,15,15,66
5428,0,20,15,15,50
5429,30,35,50,18,133
5432,19,31,37,16,103
5433,0,31,37,16,84
5434,15,37,0,16,68
5435,19,18,0,16,53
5437,0,30,17,16,63
5438,14,33,33,20,100
5439,0,33,33,20,86
5440,16,33,0,20,69
5441,0,33,0,20,53
5443,0,36,16,15,67
5444,0,16,16,15,47
5446,15,35,51,17,118
5447,19,16,51,17,103
5448,0,16,51,17,84
5449,51,17,115,19,202
5450,0,17,116,18,151
5451,18,17,115,19,169
5452,17,31,19,14,81
5453,0,31,19,14,64
5454,15,33,51,19,118
5455,33,35,51,15,134
5456,14,35,51,15,115
5457,0,35,51,15,101
5458,34,19,16,15,84
5459,16,19,16,15,66
5460,19,31,18,15,83
5461,0,31,18,15,64
5462,0,15,18,15,48
5463,0,33,0,18,51
5464,33,16,15,19,83
5465,0,34,15,19,68
5466,31,19,16,19,85
5468,0,19,16,19,54
5469,0,35,15,18,68
5470,19,33,46,19,117
5471,0,33,46,19,98
5472,18,30,16,19,83
5475,0,35,16,18,69
5476,19,34,37,30,120
5477,34,19,18,30,101
5478,18,19,18,30,85
5479,0,19,18,30,67
5480,0,48,16,16,80
5482,18,32,50,18,118
5483,0,32,50,18,100
5484,16,34,16,18,84
5485,0,34,16,18,68
5487,34,31,19,15,99
5489,31,34,85,16,166
5490,15,34,85,16,150
5491,0,34,85,16,135
5492,15,33,19,14,81
5493,33,33,52,15,133
5494,15,33,52,15,115
5495,19,14,52,15,100
5497,0,35,17,15,67
5498,0,16,17,15,48
5500,0,15,35,15,65
5502,30,19,15,16,80
5503,34,31,19,15,99
5504,19,31,19,15,84
5505,65,33,19,15,132
5506,16,34,52,15,117
5507,0,34,52,15,101
5508,15,33,19,15,82
5511,0,34,117,18,169
5512,50,33,49,18,150
5513,0,35,15,18,68
5514,35,18,49,18,120
5518,14,37,82,15,148
5519,0,37,82,15,134
5520,18,31,16,17,82
5522,15,33,67,16,131
5523,0,33,67,16,116
5524,0,17,67,16,100
5526,15,34,0,16,65
5531,0,33,35,14,82
5533,0,35,84,16,135
5534,15,32,52,16,115
5535,0,32,52,16,100
5536,0,18,52,16,86
5537,0,34,18,16,68
5538,19,34,17,17,87
5539,0,34,17,17,68
5540,0,16,17,17,50
5541,0,34,17,17,68
5543,0,34,16,16,66
5544,17,32,50,15,114
5547,17,17,16,15,65
5548,0,17,16,15,48
5551,0,34,19,16,69
5553,35,32,15,19,101
5555,0,32,15,19,66
5556,0,16,15,19,50
5557,15,19,0,15,49
5558,19,32,17,19,87
5559,0,32,17,19,68
5560,0,17,17,19,53
5561,17,19,15,16,67
5562,19,31,19,15,84
5563,31,34,15,20,100
5564,16,34,15,20,85
5567,50,17,50,15,132
5568,20,32,50,15,117
5570,32,19,16,15,82
5572,50,34,16,17,117
5573,31,34,16,17,98
5575,19,15,16,17,67
5576,15,33,16,18,82
5579,0,34,15,19,68
5580,0,18,15,19,52
5581,49,17,19,15,100
5582,19,32,19,15,85
5583,0,32,19,15,66
5584,17,34,49,18,118
5592,16,33,118,15,182
5594,15,35,15,18,83
5595,35,33,50,15,133
5596,16,33,50,15,114
5598,18,35,30,19,102
5599,50,15,52,18,135
5600,19,30,52,18,119
5601,15,15,52,18,100
5602,15,34,52,15,116
5603,0,34,52,15,101
5604,0,15,52,15,82
5605,18,18,16,15,67
5609,35,33,0,16,84
5610,19,33,0,16,68
5611,0,33,0,16,49
5613,0,34,16,14,64
5614,34,14,19,16,83
5615,16,14,19,16,65
5616,14,35,49,19,117
5617,0,35,49,19,103
5618,16,33,50,18,117
5619,68,33,16,18,135
5620,31,19,15,18,83
5621,16,19,15,18,68
5622,19,33,16,18,86
5623,0,33,16,18,67
5625,0,34,15,15,64
5626,18,30,20,17,85
5627,50,17,16,16,99
5628,35,17,16,16,84
5629,0,37,16,16,69
5630,17,32,17,16,82
5631,32,33,16,19,100
5632,49,35,65,17,166
5633,0,33,16,19,68
5634,16,35,65,17,133
5635,0,35,65,17,117
5637,65,33,18,15,131
5638,18,33,117,21,189
5639,18,15,117,21,171
5640,15,33,18,15,81
5641,17,16,18,15,66
5642,0,16,18,15,49
5643,0,33,16,19,68
5644,50,37,44,19,150
5645,51,21,44,19,135
5646,19,37,44,19,119
5647,0,37,44,19,100
5648,21,28,82,19,150
5650,15,35,16,16,82
5651,0,35,16,16,67
5652,0,19,16,16,51
5653,0,32,15,19,66
5654,0,16,15,19,50
5655,34,32,83,20,169
5656,0,19,84,15,118
5659,18,15,86,17,136
5661,0,34,52,17,103
5663,36,33,15,16,100
5664,20,33,15,16,84
5666,17,31,17,18,83
5667,0,31,17,18,66
5668,51,34,15,18,118
5669,0,35,16,18,69
5671,0,34,15,18,67
5673,0,33,0,15,48
5674,33,18,15,18,84
5675,0,33,15,18,66
5677,33,34,16,14,97
5678,18,34,16,14,82
5679,0,34,16,14,64
5680,0,19,16,14,49
5682,14,35,15,19,83
5684,15,34,15,18,82
5686,52,34,34,17,137
5687,67,34,0,17,118
5689,34,34,0,17,85
5690,18,34,0,17,69
5691,0,34,0,17,51
5692,18,34,15,17,84
5693,0,34,15,17,66
5695,0,32,0,16,48
5697,32,33,19,20,104
5698,16,33,19,20,88
5700,14,39,13,15,81
5701,19,20,13,15,67
5702,48,34,0,16,98
5703,0,28,34,16,78
5706,18,32,18,15,83
5707,0,32,18,15,65
5708,34,15,19,15,83
5710,49,33,0,19,101
5711,0,34,19,14,67
5712,15,33,0,19,67
5715,0,34,18,17,69
5716,33,17,0,16,66
5717,18,17,0,16,51
5718,17,32,53,29,131
5721,0,33,20,29,82
5723,20,48,50,15,133
5724,48,34,16,15,113
5726,19,34,16,15,84
5727,0,34,16,15,65
5728,19,31,19,15,84
5730,15,34,16,18,83
5731,0,34,16,18,68
5733,0,34,15,18,67
5734,85,35,15,15,150
5736,18,34,16,19,87
5737,69,30,17,18,134
5739,0,35,15,15,65
5741,0,30,17,18,65
5742,50,34,0,16,100
5743,0,35,0,17,52
5744,18,34,0,16,68
5745,0,34,0,16,50
5747,0,33,17,16,66
5748,0,17,17,16,50
5749,17,16,16,16,65
5750,16,32,16,20,84
5751,32,36,16,15,99
5752,83,35,17,13,148
5753,36,31,52,13,132
5754,20,31,52,13,116
5755,31,35,17,13,96
5758,19,30,53,14,116
5759,17,13,53,14,97
5760,50,30,19,17,116
5761,0,37,16,14,67
5762,49,36,82,18,185
5763,30,36,82,18,166
5765,36,31,19,16,102
5766,17,31,19,16,83
5767,31,35,16,18,100
5769,0,35,16,18,69
5770,50,31,19,16,116
5771,34,31,19,16,100
5772,18,31,19,16,84
5773,31,35,299,19,384
5774,15,35,299,19,368
5775,0,35,299,19,353
5776,0,16,299,19,334
5777,31,34,20,16,101
5778,34,15,20,16,85
5779,34,36,15,19,104
5781,0,36,15,19,70
5782,16,34,15,16,81
5783,0,34,15,16,65
5784,19,31,16,19,85
5785,0,31,16,19,66
5786,0,16,16,19,51
5788,19,32,15,20,86
5789,0,32,15,20,67
5790,0,16,15,20,51
5791,0,35,15,16,66
5793,0,31,19,16,66
5794,16,35,50,14,115
5795,19,16,50,14,99
5796,0,16,50,14,80
5797,0,31,19,14,64
5798,0,16,19,14,49
5799,0,33,19,16,68
5803,34,32,16,19,101
5804,18,32,16,19,85
5805,32,35,0,14,81
5806,16,35,0,14,65
5807,0,35,0,14,49
5809,14,19,15,18,66
5813,0,32,18,15,65
5814,17,33,19,21,90
5815,0,33,19,21,73
5816,0,15,19,21,55
5817,68,32,19,15,134
5819,0,28,16,16,60
5820,15,32,19,15,81
5821,16,16,19,15,66
5825,0,35,16,18,69
5826,0,16,16,18,50
5827,34,30,35,16,115
5828,18,30,35,16,99
5832,15,32,202,16,265
5833,0,32,202,16,250
5834,0,16,202,16,234
5835,35,35,31,16,117
5836,18,35,31,16,100
5838,0,17,31,16,64
5840,0,16,0,16,32
5841,0,35,0,17,52
5842,19,30,69,16,134
5844,0,13,69,16,98
5847,0,33,52,15,100
5848,17,32,35,16,100
5849,16,16,35,16,83
5850,0,16,35,16,67
5852,15,32,51,15,113
5853,51,16,84,15,166
5854,0,16,51,15,82
5855,19,16,84,15,134
5856,0,16,84,15,115
5857,0,31,0,19,50
5859,0,34,19,15,68
5860,15,34,16,18,83
5862,15,34,81,20,150
5863,0,34,81,20,135
5864,18,32,49,20,119
5865,0,32,49,20,101
5866,15,34,51,15,115
5867,0,34,51,15,100
5868,30,20,99,17,166
5869,15,20,99,17,151
5870,0,20,99,17,136
5871,31,33,0,20,84
5872,15,33,0,20,68
5873,17,16,0,20,53
5874,16,35,216,16,283
5875,0,35,216,16,267
5876,15,35,15,16,81
5877,0,35,15,16,66
5880,16,35,115,16,182
5881,0,35,115,16,166
5882,33,19,15,18,85
5884,0,19,15,18,52
5885,33,38,11,16,98
5887,0,38,11,16,65
5888,21,27,20,33,101
5890,16,20,15,18,69
5892,33,50,17,32,132
5895,17,17,17,32,83
5896,0,17,17,32,66
5897,17,48,52,30,147
5898,32,16,52,30,130
5899,19,16,52,30,117
5900,16,36,16,30,98
5901,36,16,64,18,134
5902,0,20,16,30,66
5903,46,21,13,18,98
5904,0,51,13,18,82
5906,0,21,13,18,52
5908,18,35,14,19,86
5909,0,35,14,19,68
5910,32,19,15,15,81
5911,14,19,15,15,63
5915,0,20,98,19,137
5916,32,15,18,18,83
5917,52,18,15,19,104
5918,51,34,116,32,233
5919,18,18,15,19,70
5920,52,30,34,18,134
5921,34,30,34,18,116
5922,49,19,15,18,101
5923,0,30,34,18,82
5924,15,19,15,18,67
5925,0,19,15,18,52
5927,18,16,34,16,84
5928,34,47,25,11,117
5930,0,47,25,11,83
5931,16,15,25,11,67
5932,0,15,25,11,51
5934,11,36,15,31,93
5935,0,36,15,31,82
5937,0,15,15,16,46
5939,0,35,16,34,85
5941,16,34,64,16,130
5942,34,50,30,16,130
5943,20,50,30,16,116
5944,0,50,30,16,96
5945,48,16,0,16,80
5946,18,30,0,16,64
5947,14,16,0,16,46
5948,16,34,82,16,148
5949,0,34,82,16,132
5950,0,18,82,16,116
5951,15,20,0,17,52
5953,17,15,15,16,63
5954,15,31,20,14,80
5955,0,31,20,14,65
5956,0,16,20,14,50
5958,67,19,15,30,131
5960,0,16,18,19,53
5962,19,15,15,15,64
5963,0,15,15,15,45
5965,15,20,81,19,135
5966,53,34,14,19,120
5967,14,19,14,20,67
5970,0,20,14,19,53
5971,0,33,63,22,118
5972,19,33,30,22,104
5973,0,33,30,22,85
5974,18,30,69,15,132
5975,16,14,69,15,114
5977,22,47,15,16,100
5978,0,47,15,16,78
5979,0,32,15,16,63
5980,16,31,0,18,65
5981,0,31,0,18,49
5982,0,16,0,18,34
5983,0,34,19,15,68
5984,35,15,85,15,150
5988,0,18,52,15,85
5990,16,35,0,17,68
5991,20,15,0,17,52
5992,15,32,19,15,81
5995,54,52,14,33,153
5998,16,36,14,33,99
