序号,发送->接收,接收->转发,转发->接收,接收->处理,总计
2,18,33,15,18,84
3,99,33,17,16,165
4,83,33,17,16,149
5,66,33,17,16,132
7,33,33,17,16,99
8,18,33,17,16,84
9,16,17,17,16,66
11,0,33,34,16,83
12,84,31,84,16,215
13,68,31,84,16,199
14,137,16,348,18,519
16,102,16,348,18,484
17,999,34,16,16,1065
20,950,34,16,16,1016
21,934,34,16,16,1000
22,915,34,16,16,981
23,899,34,16,16,965
24,884,34,16,16,950
25,868,34,16,16,934
26,851,34,16,16,917
27,833,34,16,16,899
30,783,34,16,16,849
31,766,34,16,16,832
33,733,34,16,16,799
35,699,34,16,16,765
36,685,34,16,16,751
39,634,34,16,16,700
40,616,34,16,16,682
41,600,34,16,16,666
42,584,34,16,16,650
43,568,34,16,16,634
44,551,34,16,16,617
45,533,34,16,16,599
46,517,34,16,16,583
47,500,34,16,16,566
48,484,34,16,16,550
49,467,34,16,16,533
50,450,34,16,16,516
52,416,34,16,16,482
53,399,34,16,16,465
55,368,34,16,16,434
56,351,34,16,16,417
57,335,34,16,16,401
58,318,34,16,16,384
59,384,15,18,16,433
61,351,15,18,16,400
64,302,15,18,16,351
66,269,15,18,16,318
67,253,15,18,16,302
68,235,15,18,16,284
70,202,15,18,16,251
71,184,15,18,16,233
73,152,15,18,16,201
74,135,15,18,16,184
75,119,15,18,16,168
76,100,15,18,16,149
77,85,15,18,16,134
78,68,15,18,16,117
80,35,15,18,16,84
81,19,15,18,16,68
83,18,16,31,19,84
86,16,36,16,16,84
87,117,17,86,14,234
89,81,17,86,14,198
90,65,17,86,14,182
91,49,17,86,14,166
92,32,17,86,14,149
94,34,17,52,14,117
95,17,17,52,14,100
97,19,14,19,14,66
100,32,16,17,17,82
101,34,34,16,17,101
102,134,14,86,16,250
103,118,14,86,16,234
106,68,14,86,16,184
107,65,86,6,10,167
108,48,86,6,10,150
109,33,86,6,10,135
110,14,86,6,10,116
111,86,16,17,16,135
112,69,16,17,16,118
115,0,33,17,16,66
117,70,32,132,16,250
118,53,32,132,16,233
119,37,32,132,16,217
120,20,32,132,16,200
121,14,18,132,16,180
123,32,32,68,16,148
127,84,18,16,16,134
128,68,18,16,16,118
129,49,18,16,16,99
130,33,18,16,16,83
131,16,18,16,16,66
132,0,18,16,16,50
133,16,16,18,17,67
135,0,35,32,17,84
136,17,32,34,17,100
137,15,17,34,17,83
138,0,17,34,17,68
140,83,33,85,15,216
141,66,33,85,15,199
142,49,33,85,15,182
143,32,33,85,15,165
144,17,33,85,15,150
146,17,35,50,15,117
151,18,15,18,16,67
152,15,34,34,16,99
153,18,16,34,16,84
154,33,17,16,17,83
156,17,33,34,14,98
157,81,18,85,15,199
158,65,18,85,15,183
159,48,18,85,15,166
161,14,18,85,15,132
162,500,17,17,17,551
163,482,17,17,17,533
164,466,17,17,17,517
165,450,17,17,17,501
166,432,17,17,17,483
167,416,17,17,17,467
169,382,17,17,17,433
170,364,17,17,17,415
171,348,17,17,17,399
172,332,17,17,17,383
173,315,17,17,17,366
175,282,17,17,17,333
176,266,17,17,17,317
177,248,17,17,17,299
181,183,17,17,17,234
182,166,17,17,17,217
183,148,17,17,17,199
185,116,17,17,17,167
186,100,17,17,17,151
189,167,33,82,17,299
190,150,33,82,17,282
191,133,33,82,17,265
192,119,33,82,17,251
193,102,33,82,17,234
194,85,33,82,17,217
196,84,34,48,17,183
198,49,34,48,17,148
199,33,34,48,17,132
201,17,17,48,17,99
203,16,17,15,17,65
204,100,15,119,16,250
205,83,15,119,16,233
206,68,15,119,16,218
207,51,15,119,16,201
208,34,15,119,16,184
209,17,15,119,16,167
210,0,15,119,16,150
211,34,35,81,17,167
212,84,34,15,17,150
214,51,34,15,17,117
216,34,16,15,17,82
220,84,34,82,19,219
221,67,34,82,19,202
223,32,34,82,19,167
224,15,34,82,19,150
225,17,17,82,19,135
226,17,33,49,19,118
228,85,33,18,14,150
229,68,33,18,14,133
231,35,33,18,14,100
232,134,16,51,17,218
234,101,16,51,17,185
235,82,16,51,17,166
237,50,16,51,17,134
239,18,16,51,17,102
241,35,33,16,18,102
242,66,18,233,17,334
243,49,18,233,17,317
245,16,18,233,17,284
246,18,32,201,17,268
247,49,17,167,17,250
249,17,17,167,17,218
251,16,16,152,15,199
254,15,36,82,15,148
255,36,30,52,15,133
256,19,30,52,15,116
257,14,16,52,15,97
258,16,35,17,15,83
260,17,32,17,17,83
263,34,33,49,18,134
264,17,33,49,18,117
265,100,33,33,16,182
267,67,33,33,16,149
269,33,33,33,16,115
270,18,33,33,16,100
271,0,33,33,16,82
272,15,33,16,17,81
274,82,35,84,16,217
277,33,35,84,16,168
278,16,35,84,16,151
280,31,16,51,16,114
281,33,34,17,16,100
282,16,34,17,16,83
283,16,18,17,16,67
284,84,33,17,16,150
285,66,33,17,16,132
289,0,33,17,16,66
290,34,16,84,17,151
293,19,14,51,17,101
294,82,33,34,15,164
295,68,33,34,15,150
296,50,33,34,15,132
297,33,33,34,15,115
298,84,32,18,15,149
299,67,32,18,15,132
301,34,32,18,15,99
302,17,32,18,15,82
303,83,15,17,17,132
306,33,15,17,17,82
309,17,17,18,15,67
310,17,33,17,17,84
311,84,18,32,16,150
312,66,18,32,16,132
313,51,18,32,16,117
314,34,18,32,16,100
315,17,18,32,16,83
318,17,33,34,17,101
319,16,17,34,17,84
320,118,33,115,18,284
321,101,33,115,18,267
322,83,33,115,18,249
324,50,33,115,18,216
325,35,33,115,18,201
326,18,33,115,18,184
327,83,17,84,15,199
328,67,17,84,15,183
329,82,19,50,15,166
331,50,19,50,15,134
333,34,32,18,15,99
334,19,32,18,15,84
335,0,32,18,15,65
337,0,33,183,17,233
339,34,32,117,17,200
343,17,18,82,17,134
344,68,16,33,16,133
345,50,16,33,16,115
346,35,16,33,16,100
347,18,16,33,16,83
348,16,33,16,17,82
350,218,31,84,19,352
351,201,31,84,19,335
354,149,31,84,19,283
355,133,31,84,19,267
358,84,31,84,19,218
360,50,31,84,19,184
362,84,32,151,17,284
365,36,32,151,17,236
366,18,32,151,17,218
367,32,35,116,17,200
369,83,16,119,17,235
372,33,16,119,17,185
373,16,16,119,17,168
374,118,34,115,16,283
375,102,34,115,16,267
376,84,34,115,16,249
377,67,34,115,16,232
378,84,30,85,16,215
381,34,30,85,16,165
382,17,30,85,16,148
385,34,35,16,16,101
386,16,35,16,16,83
390,16,35,151,15,217
393,217,15,51,17,300
394,200,15,51,17,283
397,152,15,51,17,235
398,135,15,51,17,218
401,84,15,51,17,167
402,66,15,51,17,149
403,51,15,51,17,134
404,83,33,17,15,148
405,66,33,17,15,131
406,83,32,34,17,166
407,68,32,34,17,151
409,33,32,34,17,116
410,17,32,34,17,100
412,15,34,33,18,100
413,34,33,83,18,168
415,17,16,83,18,134
416,16,33,50,18,117
417,83,18,17,15,133
418,65,18,17,15,115
419,184,16,16,18,234
420,167,16,16,18,217
421,149,16,16,18,199
422,134,16,16,18,184
424,99,16,16,18,149
425,84,16,16,18,134
427,48,16,16,18,98
429,32,34,18,17,101
430,102,14,34,17,167
431,86,14,34,17,151
433,52,14,34,17,117
434,34,14,34,17,99
435,17,14,34,17,82
437,84,18,366,17,485
438,66,18,366,17,467
439,84,17,333,17,451
442,34,17,333,17,401
444,17,33,300,17,367
445,33,32,268,17,350
446,18,32,268,17,335
447,0,32,268,17,317
448,33,17,233,17,300
450,33,15,202,17,267
451,16,15,202,17,250
453,19,15,168,17,219
456,82,34,34,17,167
457,67,34,34,17,152
460,16,34,34,17,101
461,17,17,34,17,85
462,35,16,33,16,100
463,83,18,16,16,133
464,83,32,202,15,332
467,34,32,202,15,283
468,18,32,202,15,267
469,32,34,168,15,249
470,99,17,102,15,233
471,83,17,102,15,217
472,66,17,102,15,200
473,49,17,102,15,183
474,34,17,102,15,168
475,17,17,102,15,151
476,17,34,68,15,134
477,184,18,16,15,233
478,166,18,16,15,215
479,150,18,16,15,199
480,133,18,16,15,182
482,101,18,16,15,150
483,82,18,16,15,131
484,67,18,16,15,116
485,84,15,17,17,133
486,69,15,17,17,118
488,83,33,82,19,217
490,49,33,82,19,183
492,17,33,82,19,151
493,0,33,82,19,134
494,16,34,48,19,117
495,82,19,17,16,134
497,48,19,17,16,100
499,34,33,16,16,99
500,84,34,16,19,153
502,48,34,16,19,117
503,217,15,84,16,332
504,201,15,84,16,316
506,166,15,84,16,281
508,135,15,84,16,250
509,215,16,150,18,399
511,184,16,150,18,368
514,133,16,150,18,317
515,118,16,150,18,302
516,99,16,150,18,283
517,84,16,150,18,268
518,67,16,150,18,251
519,148,18,101,15,282
523,83,18,101,15,217
524,66,18,101,15,200
525,49,18,101,15,183
526,33,18,101,15,167
527,15,18,101,15,149
528,18,33,68,15,134
529,16,17,68,15,116
531,16,18,34,15,83
532,85,32,16,19,152
533,67,32,16,19,134
534,51,32,16,19,118
536,33,17,16,19,85
538,100,18,67,17,202
539,83,18,67,17,185
541,48,18,67,17,150
542,32,18,67,17,134
544,18,34,33,17,102
545,100,33,216,17,366
546,85,33,216,17,351
548,50,33,216,17,316
552,16,33,183,17,249
553,17,16,183,17,233
554,32,18,149,17,216
555,83,17,83,17,200
556,67,17,83,17,184
558,32,17,83,17,149
559,17,17,83,17,134
560,36,14,50,17,117
563,17,17,16,17,67
565,16,17,85,15,133
566,17,33,52,15,117
567,0,33,52,15,100
568,32,16,19,15,82
569,17,16,19,15,67
570,35,15,84,17,151
571,19,15,84,17,135
574,16,33,49,18,116
575,15,18,49,18,100
576,18,34,33,17,102
577,17,17,33,17,84
578,17,33,84,15,149
579,83,14,136,15,248
581,50,14,136,15,215
582,33,14,136,15,198
583,17,14,136,15,182
584,34,15,101,15,165
587,116,19,16,16,167
588,99,19,16,16,150
589,82,19,16,16,133
590,65,19,16,16,116
591,49,19,16,16,100
594,0,19,16,16,51
595,32,34,15,19,100
596,16,34,15,19,84
597,16,18,15,19,68
598,18,34,15,17,84
599,49,17,251,17,334
600,34,17,251,17,319
601,15,17,251,17,300
603,66,34,151,17,268
604,50,34,151,17,252
605,32,34,151,17,234
606,16,34,151,17,218
607,85,15,85,17,202
608,167,17,50,15,249
609,151,17,50,15,233
610,133,17,50,15,215
612,100,17,50,15,182
613,85,17,50,15,167
614,67,17,50,15,149
615,82,17,18,15,132
616,66,17,18,15,116
619,15,17,18,15,65
620,35,15,18,16,84
622,15,34,17,16,82
624,33,16,16,17,82
626,16,33,18,16,83
627,186,16,15,17,234
628,170,16,15,17,218
630,135,16,15,17,183
631,119,16,15,17,167
632,101,16,15,17,149
633,86,16,15,17,134
636,36,16,15,17,84
638,48,34,34,15,131
639,32,34,34,15,115
640,17,34,34,15,100
641,16,18,34,15,83
642,18,34,416,17,485
643,34,31,385,17,467
645,15,16,385,17,433
646,32,18,351,17,418
647,16,18,351,17,402
649,16,17,318,17,368
650,17,32,286,17,352
653,36,33,217,17,303
655,15,18,217,17,267
656,116,35,166,21,338
658,83,35,166,21,305
660,48,35,166,21,270
661,32,35,166,21,254
662,14,35,166,21,236
666,34,17,100,21,172
667,33,35,65,21,154
668,84,33,51,15,183
669,67,33,51,15,166
672,16,33,51,15,115
674,15,34,32,18,99
676,0,13,32,18,63
677,17,15,34,18,84
678,15,34,18,17,84
679,34,35,149,18,236
680,16,35,149,18,218
684,17,32,84,18,151
686,33,17,50,18,118
687,17,17,50,18,102
688,85,31,84,16,216
690,51,31,84,16,182
691,34,31,84,16,165
692,149,35,82,17,283
693,131,35,82,17,265
694,117,35,82,17,251
695,100,35,82,17,234
698,49,35,82,17,183
699,165,37,46,18,266
700,150,37,46,18,251
701,134,37,46,18,235
702,116,37,46,18,217
703,99,37,46,18,200
705,68,37,46,18,169
707,49,20,46,18,133
708,34,20,46,18,118
709,17,20,46,18,101
710,84,34,33,17,168
714,18,34,33,17,102
717,33,33,16,16,98
718,17,33,16,16,82
719,49,16,33,18,116
720,32,16,33,18,99
721,16,16,33,18,83
722,16,33,18,16,83
723,33,34,18,16,101
724,48,34,33,17,132
725,34,34,33,17,118
726,16,34,33,17,100
728,16,33,34,17,100
729,33,34,17,15,99
730,101,16,83,18,218
731,84,16,83,18,201
732,67,16,83,18,184
734,33,16,83,18,150
735,18,16,83,18,135
737,16,18,49,18,101
738,18,32,35,17,102
739,32,35,80,19,166
741,35,33,47,19,134
742,35,16,47,19,117
743,33,35,12,19,99
744,16,35,12,19,82
745,17,18,12,19,66
746,49,34,33,16,132
747,31,34,33,16,114
748,19,34,33,16,102
749,34,33,16,16,99
751,33,32,18,17,100
753,16,16,18,17,67
754,16,35,35,15,101
755,18,17,35,15,85
757,16,19,15,17,67
758,34,17,16,17,84
759,15,17,16,17,65
760,17,33,117,17,184
761,16,17,117,17,167
762,17,31,86,17,151
764,14,35,51,17,117
766,84,30,35,16,165
768,71,11,35,16,133
769,52,11,35,16,114
770,36,11,35,16,98
771,19,11,35,16,81
772,0,11,35,16,62
774,16,33,34,17,100
776,17,34,34,17,102
777,0,34,34,17,85
778,15,34,17,16,82
779,84,17,33,15,149
780,67,17,33,15,132
783,17,17,33,15,82
784,17,33,32,17,99
785,16,17,32,17,82
786,17,32,34,19,102
787,15,17,34,19,85
788,17,34,19,16,86
789,17,17,19,16,69
790,0,17,19,16,52
791,19,16,16,15,66
793,48,18,16,18,100
794,32,18,16,18,84
795,17,18,16,18,69
796,134,17,83,16,250
797,116,17,83,16,232
798,100,17,83,16,216
800,66,17,83,16,182
801,51,17,83,16,167
803,17,17,83,16,133
804,183,34,83,16,316
805,166,34,83,16,299
806,484,34,17,16,551
808,451,34,17,16,518
809,434,34,17,16,501
810,417,34,17,16,484
812,383,34,17,16,450
814,351,34,17,16,418
816,318,34,17,16,385
817,300,34,17,16,367
818,284,34,17,16,351
819,266,34,17,16,333
820,251,34,17,16,318
822,217,34,17,16,284
823,201,34,17,16,268
825,467,33,51,15,566
826,451,33,51,15,550
827,435,33,51,15,534
828,418,33,51,15,517
830,384,33,51,15,483
831,366,33,51,15,465
832,351,33,51,15,450
833,335,33,51,15,434
836,282,33,51,15,381
837,266,33,51,15,365
839,233,33,51,15,332
840,217,33,51,15,316
843,169,33,51,15,268
844,149,33,51,15,248
845,133,33,51,15,232
847,100,33,51,15,199
848,84,33,51,15,183
850,50,33,51,15,149
851,34,33,51,15,133
852,35,16,51,15,117
854,16,33,85,14,148
855,33,33,52,14,132
858,133,17,100,14,264
859,118,17,100,14,249
860,101,17,100,14,232
861,83,17,100,14,214
862,66,17,100,14,197
863,52,17,100,14,183
864,35,17,100,14,166
866,17,31,69,14,131
867,15,16,69,14,114
868,85,33,50,17,185
870,51,33,50,17,151
871,82,17,17,17,133
872,67,17,17,17,118
873,49,17,17,17,100
875,16,17,17,17,67
876,34,17,15,17,83
877,83,17,182,17,299
879,150,16,82,17,265
881,118,16,82,17,233
883,84,16,82,17,199
885,52,16,82,17,167
887,34,35,47,17,133
888,81,34,18,15,148
889,65,34,18,15,132
891,30,34,18,15,97
893,85,15,17,18,135
894,68,15,17,18,118
897,18,15,17,18,68
898,32,18,16,16,82
902,35,15,19,16,85
903,168,33,33,18,252
904,149,33,33,18,233
905,134,33,33,18,218
906,115,33,33,18,199
908,83,33,33,18,167
913,16,17,33,18,84
914,0,17,33,18,68
915,33,33,83,17,166
916,35,15,83,17,150
917,18,15,83,17,133
921,17,16,16,17,66
922,16,33,18,16,83
923,16,17,18,16,67
925,18,16,16,19,69
926,16,35,16,15,82
927,35,31,16,19,101
928,19,31,16,19,85
929,83,15,184,18,300
930,67,15,184,18,284
931,52,15,184,18,269
932,36,15,184,18,253
935,84,15,85,18,202
936,68,15,85,18,186
939,18,15,85,18,136
940,34,14,52,18,118
942,33,17,16,18,84
944,82,35,82,18,217
945,65,35,82,18,200
946,49,35,82,18,184
948,16,35,82,18,151
949,18,17,82,18,135
950,17,33,49,18,117
951,15,18,49,18,100
954,17,35,16,17,85
955,151,15,51,17,234
956,134,15,51,17,217
957,116,15,51,17,199
958,100,15,51,17,183
960,66,15,51,17,149
962,33,15,51,17,116
963,16,15,51,17,99
964,15,35,33,17,100
965,18,17,33,17,85
966,83,32,19,16,150
967,66,32,19,16,133
968,50,32,19,16,117
969,33,32,19,16,100
970,16,32,19,16,83
971,17,15,19,16,67
973,1067,35,83,16,1201
974,1048,35,83,16,1182
978,981,35,83,16,1115
980,949,35,83,16,1083
983,900,35,83,16,1034
984,883,35,83,16,1017
986,849,35,83,16,983
989,798,35,83,16,932
990,781,35,83,16,915
991,767,35,83,16,901
992,749,35,83,16,883
993,731,35,83,16,865
994,715,35,83,16,849
995,700,35,83,16,834
996,682,35,83,16,816
999,632,35,83,16,766
1001,600,35,83,16,734
1002,582,35,83,16,716
1003,567,35,83,16,701
1005,531,35,83,16,665
1006,516,35,83,16,650
1007,499,35,83,16,633
1008,482,35,83,16,616
1010,449,35,83,16,583
1012,415,35,83,16,549
1013,398,35,83,16,532
1014,383,35,83,16,517
1015,365,35,83,16,499
1016,349,35,83,16,483
1017,333,35,83,16,467
1018,316,35,83,16,450
1019,333,33,83,17,466
1020,317,33,83,17,450
1022,285,33,83,17,418
1023,266,33,83,17,399
1024,250,33,83,17,383
1025,234,33,83,17,367
1026,214,33,83,17,347
1027,202,33,83,17,335
1028,185,33,83,17,318
1029,167,33,83,17,300
1030,152,33,83,17,285
1031,134,33,83,17,267
1032,117,33,83,17,250
1033,102,33,83,17,235
1034,84,33,83,17,217
1035,67,33,83,17,200
1036,50,33,83,17,183
1037,35,33,83,17,168
1038,16,33,83,17,149
1039,64,35,17,17,133
1040,49,35,17,17,118
1041,31,35,17,17,100
1042,16,35,17,17,85
1043,19,16,17,17,69
1046,68,17,17,15,117
1048,35,17,17,15,84
1049,19,17,17,15,68
1051,32,33,33,17,115
1052,81,34,16,18,149
1053,66,34,16,18,134
1054,50,34,16,18,118
1055,199,33,18,16,266
1056,182,33,18,16,249
1057,166,33,18,16,233
1061,98,33,18,16,165
1062,82,33,18,16,149
1064,81,34,17,17,149
1066,49,34,17,17,117
1068,16,34,17,17,84
1069,18,16,17,17,68
1070,33,17,15,19,84
1071,17,17,15,19,68
1072,17,34,49,16,116
1074,169,15,35,16,235
1075,150,15,35,16,216
1076,134,15,35,16,200
1078,101,15,35,16,167
1079,85,15,35,16,151
1080,68,15,35,16,134
1082,32,15,35,16,98
1083,18,15,35,16,84
1084,15,35,32,17,99
1085,84,17,18,16,135
1086,66,17,18,16,117
1087,132,34,83,17,266
1088,116,34,83,17,250
1090,83,34,83,17,217
1094,16,34,83,17,150
1095,16,18,83,17,134
1096,186,33,49,15,283
1098,150,33,49,15,247
1101,117,16,49,15,197
1102,102,16,49,15,182
1103,85,16,49,15,165
1104,67,16,49,15,147
1105,51,16,49,15,131
1106,35,16,49,15,115
1107,33,33,16,15,97
1108,80,35,83,17,215
1109,64,35,83,17,199
1110,182,34,168,14,398
1113,135,34,168,14,351
1114,117,34,168,14,333
1115,100,34,168,14,316
1116,85,34,168,14,301
1117,66,34,168,14,282
1119,33,34,168,14,249
1120,17,34,168,14,233
1121,16,18,168,14,216
1122,18,33,135,14,200
1123,33,33,102,14,182
1124,18,33,102,14,167
1125,17,16,102,14,149
1126,16,33,69,14,132
1128,85,32,82,18,217
1129,83,18,82,18,201
1130,65,18,82,18,183
1133,32,33,49,18,132
1134,83,35,184,15,317
1135,65,35,184,15,299
1137,84,16,151,15,266
1139,52,16,151,15,234
1140,184,33,18,16,251
1142,149,33,18,16,216
1143,133,33,18,16,200
1144,116,33,18,16,183
1145,101,33,18,16,168
1146,83,33,18,16,150
1147,86,15,18,16,135
1154,16,32,35,17,100
1157,17,18,34,16,85
1158,199,20,16,16,251
1159,181,20,16,16,233
1160,184,32,18,16,250
1161,167,32,18,16,233
1164,149,34,15,18,216
1168,84,34,15,18,151
1171,165,33,83,18,299
1173,133,33,83,18,267
1176,84,33,83,18,218
1177,66,33,83,18,200
1178,48,33,83,18,182
1179,33,33,83,18,167
1180,16,33,83,18,150
1182,15,35,48,18,116
1183,19,16,48,18,101
1185,83,15,33,19,150
1187,50,15,33,19,117
1189,32,33,119,16,200
1191,18,15,119,16,168
1192,15,35,84,16,150
1193,35,32,52,16,135
1195,32,33,19,16,100
1196,15,33,19,16,83
1197,84,17,149,19,269
1198,218,34,15,17,284
1199,202,34,15,17,268
1201,167,34,15,17,233
1202,151,34,15,17,217
1203,134,34,15,17,200
1204,115,34,15,17,181
1205,151,17,17,17,202
1206,133,17,17,17,184
1208,100,17,17,17,151
1209,85,17,17,17,136
1210,67,17,17,17,118
1211,83,17,80,18,198
1213,49,17,80,18,164
1216,17,32,48,18,115
1217,17,15,48,18,98
1218,99,18,15,17,149
1219,84,18,15,17,134
1220,67,18,15,17,117
1221,50,18,15,17,100
1223,18,18,15,17,68
1224,66,16,35,16,133
1225,48,16,35,16,115
1226,33,16,35,16,100
1228,16,35,84,15,150
1229,86,14,19,15,134
1230,67,14,19,15,115
1231,84,15,19,14,132
1232,68,15,19,14,116
1233,51,15,19,14,99
1235,19,15,19,14,67
1236,15,33,84,17,149
1239,18,16,50,17,101
1240,83,37,10,19,149
1242,51,37,10,19,117
1243,79,19,85,16,199
1244,64,19,85,16,184
1245,84,17,50,16,167
1246,134,16,184,16,350
1247,114,16,184,16,330
1249,85,16,184,16,301
1250,67,16,184,16,283
1251,83,15,152,16,266
1252,416,34,15,18,483
1253,400,34,15,18,467
1257,334,34,15,18,401
1258,317,34,15,18,384
1259,299,34,15,18,366
1260,283,34,15,18,350
1263,233,34,15,18,300
1264,216,34,15,18,283
1265,201,34,15,18,268
1266,182,34,15,18,249
1267,166,34,15,18,233
1268,150,34,15,18,217
1269,133,34,15,18,200
1270,116,34,15,18,183
1273,66,34,15,18,133
1274,48,34,15,18,115
1277,16,18,15,18,67
1278,18,33,15,18,84
1281,0,33,16,18,67
1283,16,18,32,17,83
1284,67,16,18,16,117
1285,49,16,18,16,99
1286,33,16,18,16,83
1287,17,16,18,16,67
1288,16,34,18,17,85
1289,34,35,31,18,118
1293,31,37,16,15,99
1297,0,31,84,16,131
1298,15,34,50,16,115
1299,34,31,19,16,100
1300,18,31,19,16,84
1301,16,15,19,16,66
1302,34,16,16,17,83
1303,68,34,15,19,136
1304,49,34,15,19,117
1306,17,34,15,19,85
1307,18,16,15,19,68
1309,82,18,51,15,166
1310,67,18,51,15,151
1311,148,18,17,16,199
1316,66,18,17,16,117
1317,85,16,18,15,134
1318,66,16,18,15,115
1319,51,16,18,15,100
1322,66,17,17,16,116
1323,50,17,17,16,100
1325,17,17,17,16,67
1327,17,16,18,16,67
1328,16,34,16,17,83
1330,147,37,16,16,216
1331,131,37,16,16,200
1332,115,37,16,16,184
1335,66,37,16,16,135
1336,49,37,16,16,118
1337,51,19,16,16,102
1338,33,19,16,16,84
1339,18,19,16,16,69
1340,19,32,17,16,84
1341,16,16,17,16,65
1343,84,15,51,15,165
1344,67,15,51,15,148
1346,35,15,51,15,116
1347,19,15,51,15,100
1348,33,17,16,15,81
1349,66,35,33,16,150
1350,48,35,33,16,132
1352,15,35,33,16,99
1354,18,33,33,17,101
1355,33,33,33,18,117
1356,32,17,33,18,100
1357,84,17,81,18,200
1359,51,17,81,18,167
1360,34,17,81,18,150
1361,18,17,81,18,134
1362,84,32,249,18,383
1364,51,32,249,18,350
1366,18,32,249,18,317
1367,14,18,249,18,299
1368,18,33,216,18,285
1369,0,33,216,18,267
1371,16,17,183,18,234
1373,83,18,82,18,201
1374,66,18,82,18,184
1375,49,18,82,18,167
1376,32,18,82,18,150
1378,18,32,83,18,151
1379,17,15,83,18,133
1380,15,35,184,15,249
1381,83,18,118,15,234
1382,66,18,118,15,217
1384,33,18,118,15,184
1385,15,18,118,15,166
1386,18,33,85,15,151
1388,101,15,16,19,151
1389,85,15,16,19,135
1391,50,15,16,19,100
1392,34,15,16,19,84
1393,130,35,266,18,449
1394,113,35,266,18,432
1395,98,35,266,18,417
1396,82,35,266,18,401
1397,63,35,266,18,382
1398,47,35,266,18,366
1399,32,35,266,18,351
1400,13,35,266,18,332
1402,0,15,266,18,299
1403,18,16,232,18,284
1405,16,16,200,18,250
1407,35,35,130,18,218
1408,181,35,17,14,247
1409,165,35,17,14,231
1410,150,35,17,14,216
1411,214,18,15,16,263
1412,199,18,15,16,248
1413,183,18,15,16,232
1414,166,18,15,16,215
1415,151,18,15,16,200
1416,132,18,15,16,181
1418,101,18,15,16,150
1419,84,18,15,16,133
1421,49,18,15,16,98
1422,32,18,15,16,81
1423,151,18,17,16,202
1424,133,18,17,16,184
1428,66,18,17,16,117
1429,84,16,33,16,149
1430,148,36,15,18,217
1431,133,36,15,18,202
1432,116,36,15,18,185
1433,98,36,15,18,167
1434,81,36,15,18,150
1436,50,36,15,18,119
1438,16,36,15,18,85
1440,34,18,83,13,148
1441,33,32,51,13,129
1442,34,16,51,13,114
1443,32,33,83,18,166
1444,16,33,83,18,150
1446,34,13,52,18,117
1447,18,13,52,18,101
1448,13,36,84,15,148
1449,0,36,84,15,135
1451,16,18,50,15,99
1453,16,18,31,17,82
1454,18,31,17,18,84
1455,31,35,32,17,115
1456,32,18,32,17,99
1457,101,33,52,14,200
1460,51,33,52,14,150
1461,34,33,52,14,133
1462,17,33,52,14,116
1464,15,36,16,14,81
1465,117,16,20,15,168
1469,51,16,20,15,102
1471,18,16,20,15,69
1475,98,34,67,17,216
1477,64,34,67,17,182
1478,50,34,67,17,168
1480,17,34,67,17,135
1481,68,33,150,17,268
1482,49,33,150,17,249
1483,34,33,150,17,234
1484,16,33,150,17,216
1487,33,33,84,17,167
1488,83,34,16,17,150
1489,67,34,16,17,134
1490,51,34,16,17,118
1491,34,34,16,17,101
1492,17,34,16,17,84
1493,17,17,16,17,67
1494,17,33,17,18,85
1495,16,17,17,18,68
1496,17,35,32,16,100
1497,17,18,32,16,83
1499,32,32,33,17,114
1500,16,32,33,17,98
1501,16,16,33,17,82
1502,16,33,17,18,84
1503,0,33,17,18,68
1505,317,18,17,16,368
1507,282,18,17,16,333
1508,266,18,17,16,317
1509,249,18,17,16,300
1512,216,33,32,18,299
1513,199,33,32,18,282
1514,184,33,32,18,267
1515,166,33,32,18,249
1516,184,32,18,18,252
1518,149,32,18,18,217
1520,116,32,18,18,184
1521,101,32,18,18,169
1523,67,32,18,18,135
1524,51,32,18,18,119
1525,33,32,18,18,101
1526,16,32,18,18,84
1528,16,36,33,16,101
1529,85,17,33,17,152
1531,49,17,33,17,116
1533,33,33,32,18,116
1534,17,33,32,18,100
1535,17,16,32,18,83
1536,16,32,18,16,82
1538,33,16,17,16,82
1540,33,16,167,16,232
1542,32,17,134,16,199
1543,33,34,100,16,183
1544,17,34,100,16,167
1545,0,34,100,16,150
1546,81,33,16,18,148
1548,67,16,16,18,117
1549,51,16,16,18,101
1550,34,16,16,18,84
1552,16,34,34,16,100
1553,168,33,100,17,318
1554,152,33,100,17,302
1556,119,33,100,17,269
1557,100,33,100,17,250
1558,84,33,100,17,234
1560,53,33,100,17,203
1561,117,17,35,17,186
1563,81,17,35,17,150
1564,64,17,35,17,133
1565,117,15,16,19,167
1566,100,15,16,19,150
1568,69,15,16,19,119
1569,52,15,16,19,102
1570,50,35,15,18,118
1571,32,35,15,18,100
1572,15,35,15,18,83
1573,16,19,15,18,68
1576,18,32,34,16,100
1579,17,17,35,16,85
1582,85,34,0,15,134
1583,66,34,0,15,115
1585,34,34,0,15,83
1586,18,34,0,15,67
1590,34,15,18,17,84
1591,17,15,18,17,67
1592,15,35,19,15,84
1593,0,35,19,15,69
1596,15,31,17,18,81
1597,15,16,17,18,66
1600,152,33,82,16,283
1601,134,33,82,16,265
1603,100,33,82,16,231
1604,84,33,82,16,215
1606,51,33,82,16,182
1607,35,33,82,16,166
1608,19,33,82,16,150
1609,82,16,17,16,131
1611,49,16,17,16,98
1613,33,33,17,18,101
1615,17,16,17,18,68
1616,16,35,18,15,84
1617,17,18,18,15,68
1618,83,34,33,17,167
1619,65,34,33,17,149
1621,32,34,33,17,116
1623,17,17,33,17,84
1624,34,16,17,17,84
1625,17,16,17,17,67
1626,83,34,15,18,150
1629,33,34,15,18,100
1630,16,34,15,18,83
1632,83,33,18,15,149
1633,66,33,18,15,132
1634,51,33,18,15,117
1635,33,33,18,15,99
1636,16,33,18,15,82
1637,17,16,18,15,66
1639,18,15,18,16,67
1640,15,34,84,16,149
1641,18,16,84,16,134
1642,16,37,47,16,116
1643,0,37,47,16,100
1644,21,31,182,17,251
1645,47,16,150,17,230
1647,16,16,150,17,199
1648,16,33,117,17,183
1649,150,17,18,15,200
1653,82,17,18,15,132
1654,67,17,18,15,117
1655,84,15,17,17,133
1657,52,15,17,17,101
1658,67,17,17,16,117
1659,50,17,17,16,100
1660,32,17,17,16,82
1661,17,17,17,16,67
1662,17,33,34,17,101
1664,16,34,17,16,83
1665,17,17,17,16,67
1667,17,16,19,13,65
1668,16,32,35,16,99
1669,19,13,35,16,83
1670,48,32,150,16,246
1672,18,32,150,16,216
1674,32,18,116,16,182
1675,34,34,82,16,166
1677,34,32,85,15,166
1678,33,16,85,15,149
1679,32,33,52,15,132
1681,33,33,251,16,333
1683,17,16,251,16,300
1684,35,15,217,16,283
1685,19,15,217,16,267
1686,15,34,183,16,248
1689,16,18,149,16,199
1690,33,18,116,16,183
1692,35,15,84,16,150
1695,15,19,50,16,100
1696,19,34,32,17,102
1697,16,18,32,17,83
1698,0,18,32,17,67
1700,118,33,49,17,217
1701,102,33,49,17,201
1702,85,33,49,17,184
1703,69,33,49,17,168
1704,52,33,49,17,151
1705,33,33,49,17,132
1707,16,17,49,17,99
1708,17,31,18,17,83
1709,31,35,33,16,115
1710,83,33,17,17,150
1711,68,33,17,17,135
1712,50,33,17,17,117
1713,33,33,17,17,100
1714,33,17,17,17,84
1715,16,17,17,17,67
1716,119,33,16,16,184
1717,102,33,16,16,167
1718,85,33,16,16,150
1719,68,33,16,16,133
1720,52,33,16,16,117
1721,35,33,16,16,100
1722,84,33,19,16,152
1724,49,33,19,16,117
1726,16,33,19,16,84
1727,33,35,16,16,100
1728,16,35,16,16,83
1731,32,32,18,17,99
1732,16,32,18,17,83
1734,118,31,1083,18,1250
1737,68,31,1083,18,1200
1738,51,31,1083,18,1183
1739,82,16,1050,18,1166
1740,65,16,1050,18,1149
1741,215,17,882,18,1132
1742,199,17,882,18,1116
1743,184,17,882,18,1101
1745,151,17,882,18,1068
1746,133,17,882,18,1050
1747,333,33,649,18,1033
1748,317,33,649,18,1017
1749,299,33,649,18,999
1751,267,33,649,18,967
1753,234,33,649,18,934
1754,217,33,649,18,917
1755,200,33,649,18,900
1756,183,33,649,18,883
1757,168,33,649,18,868
1758,149,33,649,18,849
1759,134,33,649,18,834
1760,117,33,649,18,817
1763,67,33,649,18,767
1764,49,33,649,18,749
1765,34,33,649,18,734
1766,16,33,649,18,716
1767,33,34,615,18,700
1768,35,16,615,18,684
1769,34,32,583,18,667
1770,99,18,514,18,649
1772,68,18,514,18,618
1774,33,18,514,18,583
1775,17,18,514,18,567
1777,32,33,449,18,532
1778,15,33,449,18,515
1779,82,18,382,18,500
1781,49,18,382,18,467
1782,32,18,382,18,450
1783,152,16,249,18,435
1785,117,16,249,18,400
1786,215,34,116,18,383
1787,198,34,116,18,366
1789,166,34,116,18,334
1791,133,34,116,18,301
1793,99,34,116,18,267
1794,83,34,116,18,251
1795,66,34,116,18,234
1797,117,17,48,18,200
1798,102,17,48,18,185
1799,85,17,48,18,168
1800,67,17,48,18,150
1801,51,17,48,18,134
1802,33,17,48,18,116
1803,16,17,48,18,99
1806,17,34,18,17,86
1807,16,18,18,17,69
1808,18,35,80,19,152
1810,17,31,84,16,148
1811,14,17,84,16,131
1812,33,17,51,16,117
1813,16,17,51,16,100
1814,17,35,16,16,84
1817,16,16,85,14,131
1818,84,31,19,16,150
1819,68,31,19,16,134
1823,0,31,19,16,66
1825,35,32,18,17,102
1826,16,32,18,17,83
1828,50,32,17,17,116
1829,35,32,17,17,101
1830,17,32,17,17,83
1832,33,17,33,16,99
1833,17,17,33,16,83
1834,33,17,33,19,102
1835,33,33,33,19,118
1838,17,33,34,16,100
1839,33,34,16,17,100
1840,33,15,16,17,81
1842,15,33,18,16,82
1843,33,34,34,18,119
1844,17,34,34,18,103
1847,34,33,34,16,117
1848,36,15,34,16,101
1850,15,34,16,16,81
1851,0,34,16,16,66
1852,20,32,18,16,86
1854,483,35,198,17,733
1855,467,35,198,17,717
1856,449,35,198,17,699
1857,433,35,198,17,683
1858,417,35,198,17,667
1859,398,35,198,17,648
1860,382,35,198,17,632
1861,367,35,198,17,617
1862,351,35,198,17,601
1863,333,35,198,17,583
1864,316,35,198,17,566
1865,300,35,198,17,550
1866,284,35,198,17,534
1867,266,35,198,17,516
1868,251,35,198,17,501
1869,232,35,198,17,482
1870,216,35,198,17,466
1872,181,35,198,17,431
1873,165,35,198,17,415
1875,133,35,198,17,383
1876,116,35,198,17,366
1878,84,35,198,17,334
1879,64,35,198,17,314
1880,49,35,198,17,299
1881,33,35,198,17,283
1882,17,35,198,17,267
1883,84,16,133,17,250
1884,66,16,133,17,232
1885,65,33,100,17,215
1886,51,33,100,17,201
1887,33,33,100,17,183
1888,16,33,100,17,166
1889,83,19,31,17,150
1890,65,19,31,17,132
1891,50,19,31,17,117
1892,99,17,33,17,166
1893,82,17,33,17,149
1894,67,17,33,17,134
1895,48,17,33,17,115
1896,33,17,33,17,100
1897,17,17,33,17,84
1899,33,33,17,17,100
1900,15,33,17,17,82
1901,17,16,17,17,67
1902,16,34,32,19,101
1904,84,32,117,17,250
1905,67,32,117,17,233
1906,50,32,117,17,216
1907,35,32,117,17,201
1908,16,32,117,17,182
1909,16,16,117,17,166
1911,34,33,50,17,134
1912,84,33,16,17,150
1913,83,17,16,17,133
1914,84,33,84,17,218
1915,67,33,84,17,201
1917,33,33,84,17,167
1918,17,33,84,17,151
1919,0,33,84,17,134
1923,0,34,16,17,67
1924,16,33,16,17,82
1926,33,17,33,17,100
1927,83,16,17,18,134
1928,83,35,15,17,150
1930,52,35,15,17,119
1932,150,33,16,19,218
1933,134,33,16,19,202
1934,117,33,16,19,185
1936,84,33,16,19,152
1938,51,33,16,19,119
1940,32,17,16,19,84
1944,36,16,15,17,84
1945,17,16,15,17,65
1946,16,32,17,16,81
1948,17,33,16,19,85
1949,17,16,16,19,68
1951,35,32,34,16,117
1955,34,32,17,16,99
1957,16,16,17,16,65
1958,16,33,18,16,83
1959,17,16,18,16,67
1960,34,16,33,17,100
1961,18,16,33,17,84
1962,16,33,34,18,101
1964,16,34,35,17,102
1965,118,15,18,17,168
1967,84,15,18,17,134
1969,49,15,18,17,99
1970,32,15,18,17,82
1971,648,17,50,17,732
1972,632,17,50,17,716
1974,599,17,50,17,683
1975,582,17,50,17,666
1976,566,17,50,17,650
1978,533,17,50,17,617
1980,500,17,50,17,584
1981,481,17,50,17,565
1982,466,17,50,17,550
1985,416,17,50,17,500
1986,399,17,50,17,483
1987,383,17,50,17,467
1988,366,17,50,17,450
1989,350,17,50,17,434
1990,331,17,50,17,415
1991,316,17,50,17,400
1992,300,17,50,17,384
1993,283,17,50,17,367
1994,267,17,50,17,351
1997,215,17,50,17,299
1999,181,17,50,17,265
2000,166,17,50,17,250
2001,149,17,50,17,233
2002,132,17,50,17,216
2003,115,17,50,17,199
2004,100,17,50,17,184
2005,81,17,50,17,165
2006,67,17,50,17,151
2007,115,17,118,14,264
2008,99,17,118,14,248
2009,84,17,118,14,233
2010,67,17,118,14,216
2011,116,18,183,16,333
2013,83,18,183,16,300
2014,66,18,183,16,283
2015,49,18,183,16,266
2016,32,18,183,16,249
2018,18,34,149,16,217
2025,15,17,84,17,133
2026,268,15,118,16,417
2027,251,15,118,16,400
2028,236,15,118,16,385
2029,217,15,118,16,366
2030,201,15,118,16,350
2031,185,15,118,16,334
2033,150,15,118,16,299
2034,217,34,299,17,567
2035,200,34,299,17,550
2036,183,34,299,17,533
2037,167,34,299,17,517
2039,132,34,299,17,482
2040,115,34,299,17,465
2043,67,34,299,17,417
2045,34,34,299,17,384
2046,16,34,299,17,366
2047,16,18,299,17,350
2049,0,33,266,17,316
2050,16,33,233,17,299
2052,16,34,199,17,266
2053,18,16,199,17,250
2054,16,34,349,16,415
2055,16,18,349,16,399
2056,18,32,317,16,383
2058,16,33,284,16,349
2059,17,16,284,16,333
2060,16,33,251,16,316
2061,33,34,217,16,300
2062,151,33,117,16,317
2063,135,33,117,16,301
2064,118,33,117,16,284
2067,68,33,117,16,234
2068,51,33,117,16,217
2069,34,33,117,16,200
2070,17,33,117,16,183
2071,15,18,117,16,166
2072,18,34,83,16,151
2073,34,33,50,16,133
2074,34,16,50,16,116
2075,17,16,50,16,99
2078,133,16,152,17,318
2080,99,16,152,17,284
2081,83,16,152,17,268
2082,65,16,152,17,250
2083,134,33,51,17,235
2084,116,33,51,17,217
2085,101,33,51,17,202
2086,84,33,51,17,185
2087,68,33,51,17,169
2088,51,33,51,17,152
2090,15,33,51,17,116
2092,32,18,35,16,101
2093,33,35,32,17,117
2094,18,35,32,17,102
2095,84,18,114,18,234
2096,66,18,114,18,216
2097,49,18,114,18,199
2098,33,18,114,18,183
2100,34,14,84,18,150
2102,66,15,86,15,182
2103,52,15,86,15,168
2104,47,35,51,15,148
2105,31,35,51,15,132
2106,116,35,34,16,201
2107,101,35,34,16,186
2108,84,35,34,16,169
2111,215,18,49,17,299
2112,198,18,49,17,282
2113,183,18,49,17,267
2114,165,18,49,17,249
2115,148,18,49,17,232
2116,133,18,49,17,217
2117,114,18,49,17,198
2119,84,18,49,17,168
2121,48,18,49,17,132
2122,33,18,49,17,117
2123,200,35,16,15,266
2124,184,35,16,15,250
2125,166,35,16,15,232
2127,134,35,16,15,200
2128,117,35,16,15,183
2130,83,35,16,15,149
2131,149,17,34,18,218
2132,132,17,34,18,201
2133,112,17,34,18,181
2134,97,17,34,18,166
2135,82,17,34,18,151
2137,47,17,34,18,116
2138,82,33,33,19,167
2139,67,33,33,19,152
2140,84,33,35,16,168
2141,67,33,35,16,151
2144,33,15,35,16,99
2145,18,15,35,16,84
2146,15,35,32,19,101
2148,16,32,19,15,82
2149,32,34,19,13,98
2151,19,15,19,13,66
2152,114,34,52,15,215
2154,80,34,52,15,181
2155,67,34,52,15,168
2156,48,34,52,15,149
2157,99,33,17,16,165
2160,51,33,17,16,117
2161,34,33,17,16,100
2162,16,33,17,16,82
2163,18,15,17,16,66
2164,100,14,85,17,216
2165,85,14,85,17,201
2166,68,14,85,17,184
2167,52,14,85,17,168
2169,17,14,85,17,133
2170,14,35,50,17,116
2171,17,18,50,17,102
2172,18,33,34,16,101
2173,33,34,34,19,120
2176,17,34,48,18,117
2177,82,18,467,16,583
2178,66,18,467,16,567
2179,48,18,467,16,549
2180,29,18,467,16,530
2181,19,18,467,16,520
2182,18,32,435,16,501
2183,16,16,435,16,483
2184,32,19,400,16,467
2185,16,19,400,16,451
2186,86,32,301,16,435
2187,67,32,301,16,416
2188,51,32,301,16,400
2190,17,32,301,16,366
2191,16,16,301,16,349
2192,66,17,234,16,333
2193,50,17,234,16,317
2194,34,17,234,16,301
2195,16,17,234,16,283
2197,32,33,169,16,250
2198,33,15,169,16,233
2199,102,32,68,16,218
2200,84,32,68,16,200
2202,50,32,68,16,166
2203,35,32,68,16,151
2204,84,33,32,18,167
2205,67,33,32,18,150
2206,53,33,32,18,136
2207,35,33,32,18,118
2208,19,33,32,18,102
2209,33,32,34,16,115
2211,16,16,34,16,82
2212,82,35,32,16,165
2213,66,35,32,16,149
2215,32,35,32,16,115
2216,83,34,16,18,151
2217,67,34,16,18,135
2220,16,34,16,18,84
2221,16,18,16,18,68
2222,34,18,17,15,84
2224,50,33,17,16,116
2225,32,33,17,16,98
2226,15,33,17,16,81
2227,18,15,17,16,66
2228,32,16,17,17,82
2230,33,17,35,16,101
2231,17,17,35,16,85
2232,17,35,83,17,152
2233,168,32,51,16,267
2234,233,16,17,15,281
2235,216,16,17,15,264
2237,183,16,17,15,231
2238,168,16,17,15,216
2239,166,32,84,19,301
2240,149,32,84,19,284
2242,117,32,84,19,252
2243,199,35,32,17,283
2248,116,35,32,17,200
2249,100,35,32,17,184
2250,83,35,32,17,167
2251,68,35,32,17,152
2252,50,35,32,17,134
2253,34,35,32,17,118
2254,17,35,32,17,101
2256,19,32,50,16,117
2257,82,16,16,17,131
2259,216,17,35,16,284
2260,199,17,35,16,267
2261,186,17,35,16,254
2262,166,17,35,16,234
2268,68,17,35,16,136
2269,49,17,35,16,117
2271,16,17,35,16,84
2272,17,35,32,18,102
2273,35,32,83,17,167
2274,35,16,83,17,151
2275,16,16,83,17,132
2276,16,34,49,17,116
2277,34,34,15,17,100
2278,16,34,15,17,82
2279,34,32,32,16,114
2280,148,38,81,17,284
2281,129,38,81,17,265
2284,81,38,81,17,217
2287,84,15,50,17,166
2288,64,15,50,17,146
2289,136,32,85,18,271
2290,117,32,85,18,252
2291,98,32,85,18,233
2292,82,32,85,18,217
2293,67,32,85,18,202
2294,50,32,85,18,185
2295,34,32,85,18,169
2296,17,32,85,18,152
2297,66,34,83,18,201
2298,49,34,83,18,184
2299,34,34,83,18,169
2300,17,34,83,18,152
2301,34,35,48,18,135
2302,16,35,48,18,117
2303,17,18,48,18,101
2308,34,16,33,17,100
2310,33,16,17,16,82
2311,17,16,17,16,66
2312,16,33,17,18,84
2313,101,33,34,17,185
2314,84,33,34,17,168
2315,68,33,34,17,152
2316,51,33,34,17,135
2317,184,16,16,17,233
2318,169,16,16,17,218
2319,151,16,16,17,200
2322,101,16,16,17,150
2323,84,16,16,17,133
2326,34,16,16,17,83
2327,18,16,16,17,67
2328,32,17,16,18,83
2329,33,34,15,18,100
2330,84,33,16,18,151
2331,67,33,16,18,134
2332,51,33,16,18,118
2333,33,33,16,18,100
2334,151,34,33,15,233
2335,133,34,33,15,215
2336,117,34,33,15,199
2339,83,17,33,15,148
2340,85,33,15,17,150
2341,82,18,15,17,132
2342,115,35,82,18,250
2343,99,35,82,18,234
2344,82,35,82,18,217
2346,50,35,82,18,185
2347,84,15,83,18,200
2348,69,15,83,18,185
2349,52,15,83,18,168
2352,15,33,50,18,116
2353,16,17,50,18,101
2354,17,35,15,18,85
2355,35,33,15,18,101
2356,200,19,15,17,251
2357,182,19,15,17,233
2358,167,19,15,17,218
2360,134,19,15,17,185
2363,102,32,16,16,166
2364,84,32,16,16,148
2365,69,32,16,16,133
2366,85,32,17,18,152
2367,67,32,17,18,134
2372,16,35,33,17,101
2373,17,18,33,17,85
2374,18,33,32,16,99
2375,15,18,32,16,81
2376,35,15,35,15,100
2377,17,15,35,15,82
2378,15,35,15,16,81
2379,35,31,86,16,168
2380,68,16,52,16,152
2381,49,16,52,16,133
2382,34,16,52,16,118
2384,16,34,34,17,101
2385,34,34,17,15,100
2387,0,34,17,15,66
2388,33,15,17,18,83
2390,15,35,16,18,84
2391,102,31,85,15,233
2392,85,31,85,15,216
2394,51,31,85,15,182
2395,732,35,182,15,964
2396,715,35,182,15,947
2397,699,35,182,15,931
2398,685,35,182,15,917
2399,668,35,182,15,900
2400,651,35,182,15,883
2401,634,35,182,15,866
2404,583,35,182,15,815
2405,568,35,182,15,800
2407,534,35,182,15,766
2408,518,35,182,15,750
2411,466,35,182,15,698
2412,451,35,182,15,683
2413,433,35,182,15,665
2414,417,35,182,15,649
2415,400,35,182,15,632
2417,368,35,182,15,600
2418,351,35,182,15,583
2419,333,35,182,15,565
2420,318,35,182,15,550
2421,299,35,182,15,531
2422,284,35,182,15,516
2423,266,35,182,15,498
2424,250,35,182,15,482
2425,233,35,182,15,465
2427,200,35,182,15,432
2428,182,35,182,15,414
2429,166,35,182,15,398
2430,149,35,182,15,381
2431,134,35,182,15,366
2432,117,35,182,15,349
2433,99,35,182,15,331
2434,119,33,149,15,316
2435,100,33,149,15,297
2436,85,33,149,15,282
2437,67,33,149,15,264
2438,53,33,149,15,250
2439,35,33,149,15,232
2440,32,19,149,15,215
2441,14,19,149,15,197
2443,15,17,117,15,164
2444,17,32,85,15,149
2445,17,15,85,15,132
2446,15,35,50,15,115
2447,17,18,50,15,100
2448,18,33,83,16,150
2449,0,33,83,16,132
2450,15,32,51,16,114
2451,83,16,251,16,366
2453,51,16,251,16,334
2454,34,16,251,16,317
2456,116,33,118,16,283
2457,100,33,118,16,267
2458,82,33,118,16,249
2459,65,33,118,16,232
2462,15,33,118,16,182
2463,33,35,83,16,167
2464,32,17,83,16,148
2465,219,16,18,16,269
2466,201,16,18,16,251
2468,167,16,18,16,217
2469,151,16,18,16,201
2471,116,16,18,16,166
2475,53,16,18,16,103
2476,36,16,18,16,86
2479,34,32,18,15,99
2481,17,15,18,15,65
2482,33,15,33,18,99
2483,118,15,33,18,184
2484,100,15,33,18,166
2485,85,15,33,18,151
2486,66,15,33,18,132
2487,86,14,18,16,134
2488,68,14,18,16,116
2489,82,16,20,13,131
2490,66,16,20,13,115
2492,32,16,20,13,81
2493,34,33,19,14,100
2494,16,33,19,14,82
2495,20,13,19,14,66
2496,32,14,86,14,146
2497,85,17,17,14,133
2498,66,17,17,14,114
2499,52,17,17,14,100
2500,32,17,17,14,80
2501,18,17,17,14,66
2502,17,31,18,17,83
2503,31,35,32,18,116
2504,215,34,34,16,299
2506,183,34,34,16,267
2508,149,34,34,16,233
2509,134,34,34,16,218
2510,116,34,34,16,200
2511,99,34,34,16,183
2512,84,34,34,16,168
2513,66,34,34,16,150
2516,15,34,34,16,99
2518,16,34,16,17,83
2520,51,34,49,16,150
2521,33,34,49,16,132
2522,17,34,49,16,116
2523,83,16,17,17,133
2524,83,34,268,15,400
2525,65,34,268,15,382
2526,53,34,268,15,370
2527,32,34,268,15,349
2529,34,33,235,15,317
2530,83,35,167,15,300
2533,33,35,167,15,250
2534,35,17,167,15,234
2535,35,33,134,15,217
2536,17,33,134,15,199
2537,14,19,134,15,182
2538,19,32,102,15,168
2539,16,16,102,15,149
2541,17,16,218,16,267
2542,85,32,117,16,250
2543,69,32,117,16,234
2544,52,32,117,16,217
2545,36,32,117,16,201
2548,117,33,18,15,183
2550,85,33,18,15,151
2552,51,33,18,15,117
2553,85,15,17,17,134
2554,69,15,17,17,118
2556,34,15,17,17,83
2557,18,15,17,17,67
2559,116,16,185,16,333
2561,82,16,185,16,299
2562,66,16,185,16,283
2563,49,16,185,16,266
2564,32,16,185,16,249
2566,36,15,150,16,217
2567,185,16,35,16,252
2568,165,16,35,16,232
2569,150,16,35,16,217
2570,132,16,35,16,199
2573,85,16,35,16,152
2574,66,16,35,16,133
2575,101,32,84,17,234
2577,68,32,84,17,201
2578,51,32,84,17,184
2580,18,32,84,17,151
2581,16,16,84,17,133
2582,32,17,51,17,117
2583,152,14,402,18,586
2584,136,14,402,18,570
2586,101,14,402,18,535
2587,84,14,402,18,518
2588,68,14,402,18,502
2589,51,14,402,18,485
2590,36,14,402,18,470
2591,17,14,402,18,451
2592,33,15,368,18,434
2593,68,34,300,18,420
2594,49,34,300,18,401
2595,34,34,300,18,386
2596,18,34,300,18,370
2597,101,31,202,18,352
2598,83,31,202,18,334
2599,300,34,47,17,398
2600,283,34,47,17,381
2601,669,34,15,16,734
2602,650,34,15,16,715
2603,632,34,15,16,697
2604,616,34,15,16,681
2606,582,34,15,16,647
2608,549,34,15,16,614
2609,533,34,15,16,598
2611,500,34,15,16,565
2612,483,34,15,16,548
2613,467,34,15,16,532
2614,450,34,15,16,515
2615,434,34,15,16,499
2617,399,34,15,16,464
2618,381,34,15,16,446
2619,365,34,15,16,430
2622,318,34,15,16,383
2623,301,34,15,16,366
2624,283,34,15,16,348
2625,267,34,15,16,332
2626,248,34,15,16,313
2627,235,34,15,16,300
2628,216,34,15,16,281
2629,199,34,15,16,264
2632,151,34,15,16,216
2633,135,34,15,16,200
2635,164,34,83,17,298
2637,130,34,83,17,264
2638,114,34,83,17,248
2639,99,34,83,17,233
2640,81,34,83,17,215
2641,65,34,83,17,199
2642,50,34,83,17,184
2644,16,34,83,17,150
2645,0,34,83,17,134
2647,16,19,48,17,100
2648,35,17,15,17,84
2649,82,18,31,19,150
2650,66,18,31,19,134
2651,49,18,31,19,117
2652,34,18,31,19,102
2654,18,31,85,17,151
2655,17,14,85,17,133
2656,14,35,50,17,116
2657,19,16,50,17,102
2658,83,35,115,17,250
2659,67,35,115,17,234
2661,133,36,16,17,202
2663,98,36,16,17,167
2664,79,36,16,17,148
2665,63,36,16,17,132
2666,84,33,84,14,215
2669,36,33,84,14,167
2671,16,17,84,14,131
2672,17,33,51,14,115
2673,0,33,51,14,98
2675,17,16,149,19,201
2678,14,33,117,19,183
2679,0,33,117,19,169
2680,15,36,81,19,151
2681,36,31,50,19,136
2683,15,16,50,19,100
2684,16,36,14,19,85
2685,17,19,14,19,69
2687,0,33,14,19,66
2688,33,19,32,15,99
2689,14,19,32,15,80
2690,36,15,33,16,100
2691,32,33,33,17,115
2692,15,33,33,17,98
2694,0,18,33,17,68
2695,16,17,34,18,85
2696,34,17,168,17,236
2697,17,17,168,17,219
2698,17,34,134,17,202
2700,16,33,101,17,167
2701,0,33,101,17,151
2702,34,15,87,15,151
2703,31,34,53,15,133
2704,15,34,53,15,117
2705,0,34,53,15,102
2706,14,36,83,16,149
2707,36,32,51,16,135
2710,32,16,18,16,82
2711,33,34,17,17,101
2712,34,16,17,17,84
2713,102,32,33,17,184
2714,84,32,33,17,166
2716,116,34,134,15,299
2717,99,34,134,15,282
2718,83,34,134,15,266
2719,65,34,134,15,248
2722,16,34,134,15,199
2723,17,17,134,15,183
2724,116,35,15,18,184
2726,84,35,15,18,152
2727,65,35,15,18,133
2729,33,35,15,18,101
2730,39,13,15,18,85
2731,22,13,15,18,68
2732,13,33,33,15,94
2734,18,33,118,15,184
2735,17,16,118,15,166
2736,16,33,85,15,149
2737,15,18,85,15,133
2738,83,35,16,17,151
2739,65,35,16,17,133
2741,84,17,33,17,151
2742,66,17,33,17,133
2743,51,17,33,17,118
2745,16,17,33,17,83
2746,34,16,17,17,84
2747,17,16,17,17,67
2749,17,17,16,18,68
2750,33,18,17,16,84
2751,34,33,15,17,99
2752,18,33,15,17,83
2754,16,32,150,18,216
2755,83,16,116,18,233
2756,68,16,116,18,218
2757,51,16,116,18,201
2758,35,16,116,18,185
2759,32,35,81,18,166
2760,85,32,15,18,150
2761,69,32,15,18,134
2763,34,32,15,18,99
2767,33,32,19,16,100
2768,18,32,19,16,85
2770,82,35,17,17,151
2771,67,35,17,17,136
2772,48,35,17,17,117
2774,34,17,17,17,85
2775,150,17,151,15,333
2776,132,17,151,15,315
2780,65,17,151,15,248
2782,32,17,151,15,215
2783,33,34,117,15,199
2784,117,33,18,15,183
2785,100,33,18,15,166
2786,81,33,18,15,147
2787,66,33,18,15,132
2788,49,33,18,15,115
2789,32,33,18,15,98
2790,16,33,18,15,82
2791,33,33,18,16,100
2792,33,15,18,16,82
2793,18,15,18,16,67
2794,15,34,17,16,82
2798,33,17,35,15,100
2799,34,35,33,14,116
2800,17,35,33,14,99
2802,18,33,32,16,99
2803,15,18,32,16,81
2804,66,19,16,17,118
2805,48,19,16,17,100
2806,34,19,16,17,86
2807,16,19,16,17,68
2808,35,17,14,19,85
2810,50,32,18,15,115
2811,33,32,18,15,98
2812,19,32,18,15,84
2813,16,16,18,15,65
2814,34,15,18,15,82
2815,83,16,52,16,167
2816,65,16,52,16,149
2817,50,16,52,16,134
2819,17,16,52,16,101
2821,18,17,33,16,84
2822,34,16,16,18,84
2823,17,16,16,18,67
2827,17,16,33,16,82
2828,33,16,16,16,81
2829,83,16,18,17,134
2830,66,16,18,17,117
2831,50,16,18,17,101
2832,34,16,18,17,85
2833,18,16,18,17,69
2834,16,35,50,17,118
2835,85,17,16,17,135
2836,84,33,16,16,149
2837,67,33,16,16,132
2838,52,33,16,16,117
2839,36,33,16,16,101
2841,182,17,33,16,248
2842,166,17,33,16,232
2844,133,17,33,16,199
2845,117,17,33,16,183
2849,134,36,82,20,272
2850,115,36,82,20,253
2851,99,36,82,20,237
2852,83,36,82,20,221
2855,33,36,82,20,171
2856,17,36,82,20,155
2857,0,36,82,20,138
2858,19,31,184,15,249
2859,82,20,113,15,230
2860,67,20,113,15,215
2861,51,20,113,15,199
2863,151,15,17,17,200
2865,113,15,17,17,162
2866,98,15,17,17,147
2867,99,34,19,15,167
2869,66,34,19,15,134
2870,49,34,19,15,117
2871,33,34,19,15,101
2872,15,34,19,15,83
2873,17,17,19,15,68
2874,135,17,17,16,185
2875,118,17,17,16,168
2876,99,17,17,16,149
2879,51,17,17,16,101
2880,35,17,17,16,85
2881,17,17,17,16,67
2882,34,16,49,17,116
2883,33,31,18,17,99
2885,150,16,82,17,265
2886,133,16,82,17,248
2887,119,16,82,17,234
2888,101,16,82,17,216
2889,84,16,82,17,199
2890,66,16,82,17,181
2891,50,16,82,17,165
2892,34,16,82,17,149
2893,35,34,233,17,319
2895,17,17,233,17,284
2896,34,16,200,17,267
2897,17,16,200,17,250
2899,15,17,168,17,217
2901,34,32,102,17,185
2903,32,35,67,17,151
2904,16,35,67,17,135
2905,20,15,67,17,119
2906,99,15,85,19,218
2907,84,15,85,19,203
2908,68,15,85,19,187
2909,85,16,52,19,172
2910,66,16,52,19,153
2911,65,33,19,19,136
2912,48,33,19,19,119
2913,33,33,19,19,104
2914,87,30,33,17,167
2916,54,30,33,17,134
2917,38,30,33,17,118
2918,82,34,84,17,217
2922,34,17,84,17,152
2924,35,16,50,17,118
2926,0,16,50,17,83
2927,17,17,16,17,67
2928,33,17,16,16,82
2930,17,32,33,18,100
2932,16,33,118,16,183
2934,119,32,149,17,317
2936,84,32,149,17,282
2937,85,16,149,17,267
2939,51,16,149,17,233
2942,16,32,117,17,182
2943,32,34,83,17,166
2945,34,35,48,17,134
2946,16,35,48,17,116
2947,17,18,48,17,100
2949,83,15,452,16,566
2951,51,15,452,16,534
2952,35,15,452,16,518
2954,15,35,417,16,483
2955,18,17,417,16,468
2957,16,18,383,16,433
2959,0,31,352,16,399
2960,17,35,317,16,385
2962,85,32,218,16,351
2963,67,32,218,16,333
2964,150,34,118,16,318
2967,98,34,118,16,266
2968,82,34,118,16,250
2972,17,34,118,16,185
2973,34,33,85,16,168
2975,18,15,85,16,134
2976,33,15,52,16,116
2977,33,34,34,17,118
2978,15,34,34,17,100
2979,17,17,34,17,85
2980,17,34,17,15,83
2981,117,19,13,18,167
2984,66,19,13,18,116
2987,16,19,13,18,66
2988,19,31,82,19,151
2989,31,32,152,15,230
2990,18,32,152,15,217
2993,20,14,118,15,167
2995,16,19,83,15,133
2996,19,31,52,15,117
2999,1018,17,48,18,1101
3000,999,17,48,18,1082
3002,966,17,48,18,1049
3003,951,17,48,18,1034
3004,932,17,48,18,1015
3005,917,17,48,18,1000
3006,900,17,48,18,983
3008,867,17,48,18,950
3010,833,17,48,18,916
3011,817,17,48,18,900
3012,800,17,48,18,883
3014,768,17,48,18,851
3015,751,17,48,18,834
3016,732,17,48,18,815
3017,716,17,48,18,799
3018,701,17,48,18,784
3019,684,17,48,18,767
3021,649,17,48,18,732
3022,634,17,48,18,717
3023,616,17,48,18,699
3024,600,17,48,18,683
3027,550,17,48,18,633
3031,482,17,48,18,565
3032,468,17,48,18,551
3033,449,17,48,18,532
3034,433,17,48,18,516
3037,381,17,48,18,464
3039,351,17,48,18,434
3040,334,17,48,18,417
3042,301,17,48,18,384
3043,282,17,48,18,365
3044,266,17,48,18,349
3047,484,16,18,16,534
3051,416,16,18,16,466
3053,384,16,18,16,434
3054,368,16,18,16,418
3055,350,16,18,16,400
3056,332,16,18,16,382
3057,315,16,18,16,365
3060,266,16,18,16,316
3062,232,16,18,16,282
3063,216,16,18,16,266
3064,201,16,18,16,251
3065,183,16,18,16,233
3066,166,16,18,16,216
3067,151,16,18,16,201
3070,102,16,18,16,152
3071,84,16,18,16,134
3073,83,16,18,15,132
3074,83,33,117,17,250
3075,66,33,117,17,233
3077,34,33,117,17,201
3078,151,32,17,18,218
3080,117,32,17,18,184
3082,85,32,17,18,152
3083,68,32,17,18,135
3084,52,32,17,18,119
3085,35,32,17,18,102
3086,18,32,17,18,85
3089,0,35,116,16,167
3090,32,19,83,16,150
3091,14,19,83,16,132
3092,19,33,50,16,118
3093,16,17,50,16,99
3096,15,34,200,16,265
3097,18,16,200,16,250
3098,32,18,166,16,232
3099,16,18,166,16,216
3100,301,17,115,17,450
3103,251,17,115,17,400
3106,200,17,115,17,349
3108,166,17,115,17,315
3109,149,17,115,17,298
3110,135,17,115,17,284
3113,83,17,115,17,232
3116,34,17,115,17,183
3120,84,31,17,17,149
3121,69,31,17,17,134
3123,84,17,33,17,151
3124,66,17,33,17,133
3125,48,17,33,17,115
3126,34,17,33,17,101
3127,84,16,35,14,149
3129,66,35,216,16,333
3130,48,35,216,16,315
3131,33,35,216,16,300
3132,16,35,216,16,283
3134,183,33,649,17,882
3135,166,33,649,17,865
3136,152,33,649,17,851
3137,134,33,649,17,833
3138,117,33,649,17,816
3140,83,33,649,17,782
3141,67,33,649,17,766
3142,52,33,649,17,751
3143,34,33,649,17,733
3144,32,19,649,17,717
3145,50,16,616,17,699
3146,52,34,582,17,685
3147,33,34,582,17,666
3148,16,34,582,17,649
3149,0,34,582,17,633
3150,17,32,550,17,616
3151,17,15,550,17,599
3155,17,17,483,17,534
3156,17,34,449,17,517
3159,17,16,416,17,466
3160,16,34,382,17,449
3162,86,31,283,17,417
3164,51,31,283,17,382
3165,36,31,283,17,367
3166,34,15,283,17,349
3167,48,16,250,17,331
3168,32,16,250,17,315
3169,17,16,250,17,300
3170,151,31,84,17,283
3171,135,31,84,17,267
3172,117,31,84,17,249
3175,68,31,84,17,200
3177,35,31,84,17,167
3178,17,31,84,17,149
3179,17,14,84,17,132
3180,14,36,282,17,349
3181,20,16,282,17,335
3186,17,35,616,16,684
3187,0,35,616,16,667
3191,17,17,550,16,600
3193,17,16,517,16,566
3195,83,17,417,16,533
3197,697,32,34,17,780
3200,651,32,34,17,734
3202,618,32,34,17,701
3204,583,32,34,17,666
3205,568,32,34,17,651
3206,550,32,34,17,633
3207,535,32,34,17,618
3208,518,32,34,17,601
3211,467,32,34,17,550
3212,451,32,34,17,534
3213,434,32,34,17,517
3215,401,32,34,17,484
3217,367,32,34,17,450
3219,334,32,34,17,417
3220,316,32,34,17,399
3221,302,32,34,17,385
3222,285,32,34,17,368
3223,267,32,34,17,350
3224,249,32,34,17,332
3225,232,32,34,17,315
3226,217,32,34,17,300
3227,201,32,34,17,284
3228,186,32,34,17,269
3229,167,32,34,17,250
3230,150,32,34,17,233
3232,117,32,34,17,200
3234,84,32,34,17,167
3235,69,32,34,17,152
3236,50,32,34,17,133
3237,35,32,34,17,118
3238,18,32,34,17,101
3239,15,17,34,17,83
3240,17,34,34,17,102
3241,17,17,34,17,85
3244,84,34,82,17,217
3247,86,15,50,17,168
3248,68,15,50,17,150
3252,15,33,17,17,82
3253,17,16,17,17,67
3254,83,32,18,18,151
3256,50,32,18,18,118
3257,215,16,18,17,266
3258,199,16,18,17,250
3259,182,16,18,17,233
3260,164,16,18,17,215
3261,150,16,18,17,201
3263,114,16,18,17,165
3265,81,16,18,17,132
3267,50,16,18,17,101
3268,34,16,18,17,85
3269,31,35,18,14,98
3270,202,15,18,15,250
3272,168,15,18,15,216
3273,151,15,18,15,199
3277,84,15,18,15,132
3278,114,35,166,17,332
3279,96,35,166,17,314
3280,83,35,166,17,301
3281,66,35,166,17,284
3282,48,35,166,17,266
3283,33,35,166,17,251
3285,86,16,99,17,218
3286,68,16,99,17,200
3287,51,16,99,17,183
3288,34,16,99,17,166
3289,202,32,33,17,284
3296,85,32,33,17,167
3297,68,32,33,17,150
3298,83,33,150,16,282
3299,136,32,83,16,267
3300,118,32,83,16,249
3301,100,32,83,16,231
3302,86,32,83,16,217
3303,68,32,83,16,199
3304,51,32,83,16,182
3305,35,32,83,16,166
3306,18,32,83,16,149
3307,15,17,83,16,131
3308,17,32,51,16,116
3309,17,15,51,16,99
3310,15,35,32,17,99
3312,17,32,17,18,84
3313,32,35,83,17,167
3314,16,35,83,17,151
3315,0,35,83,17,135
3316,85,33,115,18,251
3317,67,33,115,18,233
3318,52,33,115,18,218
3319,33,33,115,18,199
3321,33,34,81,18,166
3322,33,18,81,18,150
3323,16,18,81,18,133
3324,18,31,83,17,149
3325,15,16,83,17,131
3326,84,32,19,15,150
3327,68,32,19,15,134
3328,50,32,19,15,116
3329,33,32,19,15,99
3330,18,32,19,15,84
3331,82,17,119,16,234
3332,67,17,119,16,219
3334,31,17,119,16,183
3337,18,15,86,16,135
3339,86,16,15,18,135
3341,52,16,15,18,101
3343,19,16,15,18,68
3344,16,33,148,18,215
3345,15,18,148,18,199
3346,33,17,116,18,184
3347,32,33,83,18,166
3351,16,19,82,18,135
3354,16,34,16,18,84
3356,18,34,15,16,83
3357,16,18,15,16,65
3358,0,18,15,16,49
3359,0,31,16,19,66
3360,16,35,17,17,85
3361,35,34,15,17,101
3362,19,34,15,17,85
3364,83,34,17,16,150
3366,51,34,17,16,118
3367,284,18,49,17,368
3369,250,18,49,17,334
3370,232,18,49,17,316
3372,199,18,49,17,283
3373,183,18,49,17,267
3375,150,18,49,17,234
3376,134,18,49,17,218
3378,101,18,49,17,185
3379,85,18,49,17,169
3380,66,18,49,17,150
3382,150,33,34,16,233
3384,117,33,34,16,200
3389,149,16,17,17,199
3390,134,16,17,17,184
3391,116,16,17,17,166
3392,100,16,17,17,150
3393,83,16,17,17,133
3395,49,16,17,17,99
3396,33,16,17,17,83
3397,16,16,17,17,66
3398,16,34,17,17,84
3399,0,34,17,17,68
3401,116,19,17,15,167
3403,82,19,17,15,133
3404,86,32,82,18,218
3406,51,32,82,18,183
3407,35,32,82,18,167
3410,15,37,45,18,115
3411,20,17,45,18,100
3412,165,14,118,17,314
3414,135,14,118,17,284
3415,117,14,118,17,266
3416,103,14,118,17,252
3418,69,14,118,17,218
3420,35,14,118,17,184
3421,34,34,84,17,169
3423,0,34,84,17,135
3424,34,16,84,16,150
3425,33,34,50,16,133
3426,33,17,50,16,116
3427,34,34,16,16,100
3428,83,34,17,16,150
3432,83,33,217,17,350
3433,67,33,217,17,334
3434,84,33,184,17,318
3435,66,33,184,17,300
3437,33,33,184,17,267
3439,33,34,150,17,234
3440,17,34,150,17,218
3441,17,17,150,17,201
3442,17,33,117,17,184
3445,84,15,35,18,152
3447,50,15,35,18,118
3448,35,15,35,18,103
3450,15,35,117,16,183
3451,18,17,117,16,168
3453,33,35,49,16,133
3454,15,35,49,16,115
3456,18,32,17,16,83
3457,16,16,17,16,65
3458,16,33,32,19,100
3459,199,34,15,18,266
3461,166,34,15,18,233
3462,151,34,15,18,218
3463,168,33,17,18,236
3464,149,33,17,18,217
3465,134,33,17,18,202
3466,116,33,17,18,184
3467,101,33,17,18,169
3468,84,33,17,18,152
3469,116,18,118,15,267
3470,100,18,118,15,251
3471,84,18,118,15,235
3472,66,18,118,15,217
3473,50,18,118,15,201
3474,35,18,118,15,186
3475,17,18,118,15,168
3476,18,33,85,15,151
3478,47,34,19,15,115
3480,18,34,19,15,86
3481,16,18,19,15,68
3482,37,15,149,16,217
3483,19,15,149,16,199
3486,17,34,84,16,151
3487,151,17,17,16,201
3488,134,17,17,16,184
3492,83,33,18,16,150
3493,67,33,18,16,134
3494,50,33,18,16,117
3495,34,33,18,16,101
3496,17,33,18,16,84
3497,33,34,16,20,103
3499,0,34,16,20,70
3500,32,20,80,16,148
3501,16,20,80,16,132
3502,34,17,49,16,116
3504,34,16,16,16,82
3505,17,16,16,16,65
3507,16,16,18,17,67
3508,349,35,82,18,484
3509,333,35,82,18,468
3510,315,35,82,18,450
3511,298,35,82,18,433
3512,282,35,82,18,417
3513,266,35,82,18,401
3517,199,35,82,18,334
3518,183,35,82,18,318
3522,116,35,82,18,251
3523,100,35,82,18,235
3525,66,35,82,18,201
3526,50,35,82,18,185
3527,32,35,82,18,167
3530,33,17,48,18,116
3531,82,18,15,19,134
3533,81,19,32,17,149
3537,98,37,82,16,233
3538,83,37,82,16,218
3539,64,37,82,16,199
3540,49,37,82,16,184
3541,32,37,82,16,167
3542,15,37,82,16,150
3543,20,17,82,16,135
3546,16,34,17,16,83
3547,17,17,17,16,67
3548,17,33,17,16,83
3549,149,17,16,17,199
3551,518,16,17,17,568
3553,485,16,17,17,535
3554,468,16,17,17,518
3555,452,16,17,17,502
3556,433,16,17,17,483
3559,385,16,17,17,435
3561,352,16,17,17,402
3562,334,16,17,17,384
3563,320,16,17,17,370
3564,302,16,17,17,352
3565,285,16,17,17,335
3566,267,16,17,17,317
3569,217,16,17,17,267
3571,184,16,17,17,234
3572,168,16,17,17,218
3573,152,16,17,17,202
3574,133,16,17,17,183
3575,117,16,17,17,167
3576,101,16,17,17,151
3577,85,16,17,17,135
3578,84,34,16,18,152
3582,16,34,16,18,84
3583,17,17,16,18,68
3584,17,34,115,16,182
3587,365,34,332,17,748
3588,351,34,332,17,734
3590,318,34,332,17,701
3591,301,34,332,17,684
3592,282,34,332,17,665
3593,268,34,332,17,651
3595,234,34,332,17,617
3596,216,34,332,17,599
3597,199,34,332,17,582
3598,183,34,332,17,566
3599,168,34,332,17,551
3602,117,34,332,17,500
3603,100,34,332,17,483
3604,82,34,332,17,465
3605,66,34,332,17,449
3606,51,34,332,17,434
3608,35,17,332,17,401
3609,17,17,332,17,383
3610,17,31,301,17,366
3611,132,34,166,17,349
3612,117,34,166,17,334
3614,117,34,132,17,300
3615,101,34,132,17,284
3616,82,34,132,17,265
3617,66,34,132,17,249
3618,50,34,132,17,233
3622,34,15,100,17,166
3623,32,33,67,17,149
3624,15,33,67,17,132
3626,35,17,32,17,101
3627,18,17,32,17,84
3629,32,35,49,17,133
3630,17,35,49,17,118
3631,84,17,33,18,152
3633,49,17,33,18,117
3635,18,17,33,18,86
3636,17,33,33,18,101
3637,15,18,33,18,84
3638,18,33,149,17,217
3639,33,35,148,18,234
3641,85,15,83,18,201
3642,67,15,83,18,183
3643,50,15,83,18,166
3644,84,32,17,18,151
3645,67,32,17,18,134
3646,148,35,47,17,247
3647,133,35,47,17,232
3648,117,35,47,17,216
3650,84,35,47,17,183
3651,67,35,47,17,166
3652,50,35,47,17,149
3653,168,33,15,16,232
3654,152,33,15,16,216
3658,86,33,15,16,150
3661,85,16,85,16,202
3664,84,34,18,16,152
3669,102,33,17,15,167
3672,50,33,17,15,115
3673,34,33,17,15,99
3674,17,33,17,15,82
3675,16,17,17,15,65
3676,167,16,33,18,234
3678,133,16,33,18,200
3682,68,16,33,18,135
3684,34,16,33,18,101
3685,33,33,18,16,100
3686,16,33,18,16,83
3688,34,16,83,18,151
3689,34,33,50,18,135
3691,19,14,50,18,101
3692,14,34,16,18,82
3693,34,34,249,16,333
3694,33,18,249,16,316
3697,31,36,182,16,265
3698,14,36,182,16,248
3699,36,32,150,16,234
3700,81,35,150,17,283
3702,84,32,118,17,251
3703,67,32,118,17,234
3705,35,32,118,17,202
3708,35,16,83,17,151
3709,19,16,83,17,135
3710,32,16,51,17,116
3711,16,16,51,17,100
3712,67,17,82,16,182
3713,51,17,82,16,166
3714,34,17,82,16,149
3715,36,33,49,16,134
3716,17,33,49,16,115
3717,33,32,17,16,98
3718,16,32,17,16,81
3719,32,33,34,17,116
3720,34,16,34,17,101
3722,16,34,17,18,85
3723,100,33,85,17,235
3724,80,33,85,17,215
3725,66,33,85,17,201
3726,49,33,85,17,184
3727,31,33,85,17,166
3728,34,16,85,17,152
3729,84,17,17,17,135
3731,51,17,17,17,102
3735,201,32,151,18,402
3736,184,32,151,18,385
3737,167,32,151,18,368
3739,136,32,151,18,337
3740,118,32,151,18,319
3741,100,32,151,18,301
3742,83,32,151,18,284
3744,50,32,151,18,251
3745,36,32,151,18,237
3746,35,15,151,18,219
3750,34,17,84,18,153
3751,16,17,84,18,135
3752,17,34,50,18,119
3753,17,17,50,18,102
3754,17,33,17,18,85
3755,333,34,17,18,402
3756,315,34,17,18,384
3757,300,34,17,18,369
3758,283,34,17,18,352
3760,249,34,17,18,318
3761,233,34,17,18,302
3762,218,34,17,18,287
3763,201,34,17,18,270
3766,149,34,17,18,218
3768,115,34,17,18,184
3769,94,34,17,18,163
3770,118,35,14,18,185
3771,100,35,14,18,167
3772,83,35,14,18,150
3774,119,31,35,16,201
3775,101,31,35,16,183
3777,67,31,35,16,149
3780,18,31,35,16,100
3781,31,35,150,16,232
3782,48,35,115,16,214
3783,35,35,115,16,201
3784,17,35,115,16,183
3785,16,19,115,16,166
3786,19,30,85,16,150
3788,15,33,52,16,116
3789,85,16,118,14,233
3791,52,16,118,14,200
3792,34,16,118,14,182
3793,34,33,85,14,166
3794,85,30,134,19,268
3795,69,30,134,19,252
3796,52,30,134,19,235
3797,36,30,134,19,219
3798,20,30,134,19,203
3800,15,33,101,19,168
3801,19,14,101,19,153
3802,14,35,66,19,134
3803,35,33,152,15,235
3804,18,33,152,15,218
3806,151,33,18,15,217
3807,134,33,18,15,200
3808,118,33,18,15,184
3809,101,33,18,15,167
3810,82,33,18,15,148
3811,65,33,18,15,131
3812,129,17,19,19,184
3814,99,17,19,19,154
3816,63,17,19,19,118
3817,48,17,19,19,103
3818,30,17,19,19,85
3819,15,17,19,19,70
3822,34,15,19,16,84
3827,34,32,48,17,131
3829,32,34,1064,20,1150
3830,16,34,1064,20,1134
3831,34,31,1033,20,1118
3832,33,17,1033,20,1103
3833,14,17,1033,20,1084
3834,17,36,997,20,1070
3835,84,19,930,20,1053
3836,101,16,899,20,1036
3837,82,16,899,20,1017
3838,66,16,899,20,1001
3839,49,16,899,20,984
3841,15,16,899,20,950
3842,16,35,864,20,935
3843,17,18,864,20,919
3844,18,31,833,20,902
3845,47,17,800,20,884
3846,133,19,698,20,870
3847,116,19,698,20,853
3850,64,19,698,20,801
3851,50,19,698,20,787
3852,50,32,666,20,768
3853,35,32,666,20,753
3854,19,32,666,20,737
3855,15,17,666,20,718
3857,35,32,599,20,686
3860,18,34,565,20,637
3861,16,18,565,20,619
3864,85,32,432,20,569
3865,66,32,432,20,550
3866,51,32,432,20,535
3867,33,32,432,20,517
3868,19,32,432,20,503
3870,32,18,398,20,468
3871,34,34,364,20,452
3873,34,32,332,20,418
3874,31,18,332,20,401
3876,35,15,300,20,370
3878,15,34,266,20,335
3879,83,19,198,20,320
3880,85,32,166,20,303
3881,68,32,166,20,286
3882,50,32,166,20,268
3883,35,32,166,20,253
3885,17,15,166,20,218
3886,15,33,133,20,201
3888,17,34,99,20,170
3890,80,33,20,16,149
3892,50,33,20,16,119
3893,218,18,14,17,267
3894,201,18,14,17,250
3896,167,18,14,17,216
3897,151,18,14,17,200
3899,115,18,14,17,164
3900,100,18,14,17,149
3901,85,18,14,17,134
3903,49,18,14,17,98
3905,17,18,14,17,66
3907,14,17,16,20,67
3909,16,20,18,13,67
3910,85,35,15,16,151
3911,83,17,15,16,131
3912,65,17,15,16,113
3914,35,17,15,16,83
3915,35,31,35,15,116
3917,81,18,17,14,130
3918,66,18,17,14,115
3919,85,14,19,16,134
3920,69,14,19,16,118
3922,35,14,19,16,84
3923,17,14,19,16,66
3925,35,32,19,17,103
3926,32,16,19,17,84
3927,16,16,19,17,68
3928,35,17,15,16,83
3929,67,36,48,17,168
3930,48,36,48,17,149
3931,31,36,48,17,132
3932,16,36,48,17,117
3933,36,33,32,16,117
3935,16,17,32,16,81
3937,15,17,16,16,64
3939,0,32,33,18,83
3942,14,34,34,17,99
3943,18,16,34,17,85
3944,16,34,35,16,101
3945,34,35,16,17,102
3946,17,35,16,17,85
3947,35,33,17,16,101
3950,0,17,17,16,50
3951,82,16,84,17,199
3952,65,16,84,17,182
3953,49,16,84,17,166
3955,16,16,84,17,133
3956,33,17,216,17,283
3957,134,33,83,17,267
3958,117,33,83,17,250
3959,100,33,83,17,233
3960,82,33,83,17,215
3961,68,33,83,17,201
3962,50,33,83,17,183
3964,17,33,83,17,150
3966,15,33,50,17,115
3967,83,17,33,18,151
3970,183,35,83,16,317
3973,133,35,83,16,267
3974,115,35,83,16,249
3975,100,35,83,16,234
3976,82,35,83,16,216
3978,49,35,83,16,183
3980,17,35,83,16,151
3981,18,17,83,16,134
3983,17,17,149,17,200
3984,33,17,116,17,183
3986,33,16,150,17,216
3987,32,35,115,17,199
3988,34,17,115,17,183
3990,17,31,84,17,149
3991,0,31,84,17,132
3992,16,35,49,17,117
3993,18,17,49,17,101
3994,17,32,17,17,83
3995,32,34,16,16,98
3996,33,17,16,16,82
3997,201,34,48,19,302
3999,167,34,48,19,268
4000,151,34,48,19,252
4002,118,34,48,19,219
4005,67,34,48,19,168
4006,232,16,21,13,282
4007,216,16,21,13,266
4008,200,16,21,13,250
4010,167,16,21,13,217
4011,149,16,21,13,199
4012,134,16,21,13,184
4014,101,16,21,13,151
4016,67,16,21,13,117
4019,18,16,21,13,68
4020,37,13,83,17,150
4021,151,16,101,16,284
4022,130,16,101,16,263
4023,117,16,101,16,250
4024,100,16,101,16,233
4026,67,16,101,16,200
4027,50,16,101,16,183
4028,34,16,101,16,167
4029,17,16,101,16,150
4030,16,35,66,16,133
4031,18,17,66,16,117
4032,17,32,34,16,99
4033,0,32,34,16,82
4034,16,34,16,17,83
4035,34,33,17,16,100
4036,149,33,116,18,316
4037,133,33,116,18,300
4042,50,33,116,18,217
4043,34,33,116,18,201
4045,17,16,116,18,167
4046,0,16,116,18,150
4047,34,32,50,18,134
4048,19,32,50,18,119
4049,32,34,34,17,117
4051,34,34,118,14,200
4052,15,34,118,14,181
4053,84,16,52,14,166
4055,50,16,52,14,132
4057,17,16,52,14,99
4058,34,14,85,17,150
4060,14,34,83,20,151
4061,85,17,49,16,167
4062,65,17,49,16,147
4063,103,30,17,16,166
4064,86,30,17,16,149
4065,69,30,17,16,132
4066,52,30,17,16,115
4067,35,30,17,16,98
4068,20,30,17,16,83
4069,14,16,17,16,63
4070,0,16,17,16,49
4071,33,36,32,18,119
4072,52,32,33,18,135
4073,36,32,33,18,119
4074,19,32,33,18,102
4075,115,18,148,17,298
4076,99,18,148,17,282
4077,83,18,148,17,266
4081,17,18,148,17,200
4082,83,33,152,16,284
4083,65,33,152,16,266
4084,49,33,152,16,250
4085,32,33,152,16,233
4087,83,17,135,17,252
4089,50,17,135,17,219
4090,33,17,135,17,202
4093,0,35,100,17,152
4094,18,33,84,16,151
4095,17,16,84,16,133
4096,16,33,51,16,116
4098,50,33,50,15,148
4100,18,33,50,15,116
4101,33,32,18,15,98
4103,65,33,17,18,133
4104,50,33,17,18,118
4105,33,33,17,18,101
4106,15,33,17,18,83
4107,19,14,17,18,68
4108,14,35,18,16,83
4109,17,18,18,16,69
4110,18,34,16,15,83
4111,18,16,16,15,65
4112,32,15,35,15,97
4114,65,18,16,17,116
4115,50,18,16,17,101
4116,31,18,16,17,82
4117,15,18,16,17,66
4119,0,33,17,16,66
4120,167,16,35,15,233
4121,150,16,35,15,216
4122,133,16,35,15,199
4123,117,16,35,15,183
4124,99,16,35,15,165
4127,50,16,35,15,116
4128,33,16,35,15,99
4129,183,17,17,17,234
4130,166,17,17,17,217
4131,167,34,16,16,233
4133,132,34,16,16,198
4135,100,34,16,16,166
4137,101,32,19,16,168
4138,82,32,19,16,149
4139,68,32,19,16,135
4140,51,32,19,16,118
4142,184,33,17,17,251
4144,151,33,17,17,218
4146,116,33,17,17,183
4147,100,33,17,17,167
4148,83,33,17,17,150
4149,69,33,17,17,136
4150,52,33,17,17,119
4152,18,33,17,17,85
4153,16,17,17,17,67
4154,0,17,17,17,51
4155,34,34,16,17,101
4158,34,17,33,15,99
4161,0,33,15,18,66
4162,18,33,32,17,100
4164,35,15,302,16,368
4165,17,15,302,16,350
4166,15,35,267,16,333
4168,18,33,234,16,301
4169,0,33,234,16,283
4170,18,33,201,16,268
4173,84,18,99,16,217
4175,50,18,99,16,183
4177,16,18,99,16,149
4178,32,16,69,16,133
4179,49,15,35,16,115
4180,85,31,17,17,150
4181,69,31,17,17,134
4182,50,31,17,17,115
4183,35,31,17,17,100
4186,67,17,15,17,116
4187,52,17,15,17,101
4188,84,34,17,15,150
4189,67,34,17,15,133
4190,49,34,17,15,115
4191,32,34,17,15,98
4193,99,34,116,17,266
4195,65,34,116,17,232
4196,48,34,116,17,215
4197,33,34,116,17,200
4198,15,34,116,17,182
4199,251,18,50,18,337
4201,217,18,50,18,303
4202,198,18,50,18,284
4203,180,18,50,18,266
4204,165,18,50,18,251
4206,132,18,50,18,218
4207,116,18,50,18,202
4208,101,18,50,18,187
4209,84,18,50,18,170
4212,33,18,50,18,119
4213,16,18,50,18,102
4214,34,15,19,18,86
4216,15,37,48,16,116
4217,19,18,48,16,101
4218,18,30,83,19,150
4220,0,17,83,19,119
4223,84,16,16,19,135
4225,51,16,16,19,102
4226,117,34,82,18,251
4227,98,34,82,18,232
4228,82,34,82,18,216
4229,66,34,82,18,200
4231,31,34,82,18,165
4232,16,34,82,18,150
4233,452,16,16,18,502
4234,435,16,16,18,485
4235,418,16,16,18,468
4236,400,16,16,18,450
4237,385,16,16,18,435
4238,369,16,16,18,419
4239,350,16,16,18,400
4242,300,16,16,18,350
4244,267,16,16,18,317
4245,252,16,16,18,302
4247,218,16,16,18,268
4248,202,16,16,18,252
4249,185,16,16,18,235
4250,168,16,16,18,218
4251,151,16,16,18,201
4253,116,16,16,18,166
4255,84,16,16,18,134
4257,52,16,16,18,102
4259,19,16,16,18,69
4260,0,16,16,18,50
4263,16,16,16,18,66
4264,98,18,81,18,215
4265,82,18,81,18,199
4266,665,16,701,15,1397
4268,632,16,701,15,1364
4269,615,16,701,15,1347
4270,599,16,701,15,1331
4271,581,16,701,15,1313
4273,519,16,701,15,1251
4276,482,16,701,15,1214
4277,468,16,701,15,1200
4279,434,16,701,15,1166
4282,384,16,701,15,1116
4283,367,16,701,15,1099
4285,334,16,701,15,1066
4286,313,16,701,15,1045
4287,299,16,701,15,1031
4288,283,16,701,15,1015
4290,250,16,701,15,982
4291,233,16,701,15,965
4292,218,16,701,15,950
4293,201,16,701,15,933
4296,151,16,701,15,883
4297,134,16,701,15,866
4298,117,16,701,15,849
4300,85,16,701,15,817
4301,82,33,668,15,798
4302,65,33,668,15,781
4305,33,16,668,15,732
4309,16,33,601,15,665
4310,17,16,601,15,649
4312,18,16,567,15,616
4314,32,33,502,15,582
4315,152,31,369,15,567
4317,118,31,369,15,533
4319,84,31,369,15,499
4320,67,31,369,15,482
4321,83,35,334,15,467
4322,114,17,302,15,448
4324,81,17,302,15,415
4326,50,17,302,15,384
4328,15,17,302,15,349
4330,18,16,268,15,317
4331,33,17,234,15,299
4332,17,17,234,15,283
4334,33,35,166,15,249
4336,35,31,135,15,216
4337,19,31,135,15,200
4338,14,17,135,15,181
4340,217,16,17,17,267
4341,199,16,17,17,249
4343,163,16,17,17,213
4344,149,16,17,17,199
4346,116,16,17,17,166
4349,67,16,17,17,117
4350,118,18,31,17,184
4351,99,18,31,17,165
4352,82,18,31,17,148
4353,67,18,31,17,133
4354,51,18,31,17,117
4355,83,36,49,16,184
4356,66,36,49,16,167
4359,17,36,49,16,118
4360,36,31,18,16,101
4361,19,31,18,16,84
4363,33,16,84,18,151
4364,18,16,84,18,136
4365,32,17,51,18,118
4367,17,34,17,18,86
4368,18,16,17,18,69
4369,83,32,17,17,149
4371,283,33,49,17,382
4376,201,33,49,17,300
4377,184,33,49,17,283
4378,167,33,49,17,266
4379,149,33,49,17,248
4381,117,33,49,17,216
4385,49,33,49,17,148
4386,34,33,49,17,133
4387,33,17,49,17,116
4388,33,33,16,17,99
4389,17,33,16,17,83
4390,33,33,17,17,100
4392,33,34,17,18,102
4393,17,34,17,18,86
4394,0,34,17,18,69
4395,17,35,15,18,85
4396,17,18,15,18,68
4397,33,18,15,16,82
4398,15,18,15,16,64
4399,451,32,51,13,547
4402,402,32,51,13,498
4404,369,32,51,13,465
4406,335,32,51,13,431
4408,301,32,51,13,397
4409,284,32,51,13,380
4410,267,32,51,13,363
4411,250,32,51,13,346
4412,236,32,51,13,332
4414,201,32,51,13,297
4419,118,32,51,13,214
4421,85,32,51,13,181
4422,68,32,51,13,164
4423,50,32,51,13,146
4424,35,32,51,13,131
4425,18,32,51,13,114
4427,35,16,17,13,81
4428,18,16,17,13,64
4429,16,30,19,17,82
4431,13,36,17,16,82
4432,19,17,17,16,69
4433,17,33,18,16,84
4434,17,16,18,16,67
4436,84,16,116,19,235
4437,66,16,116,19,217
4438,50,16,116,19,201
4440,15,16,116,19,166
4441,16,34,82,19,151
4442,84,17,34,15,150
4444,50,17,34,15,116
4445,34,17,34,15,100
4446,16,17,34,15,82
4447,32,19,15,18,84
4449,34,18,81,19,152
4450,15,18,81,19,133
4451,84,34,16,17,151
4452,66,34,16,17,133
4454,32,34,16,17,99
4455,17,34,16,17,84
4456,34,33,16,16,99
4457,84,35,34,15,168
4459,49,35,34,15,133
4460,32,35,34,15,116
4461,16,35,34,15,100
4462,35,34,31,19,119
4464,34,31,35,16,116
4466,698,34,268,14,1014
4468,667,34,268,14,983
4470,632,34,268,14,948
4471,616,34,268,14,932
4472,599,34,268,14,915
4473,582,34,268,14,898
4474,566,34,268,14,882
4476,531,34,268,14,847
4477,516,34,268,14,832
4478,500,34,268,14,816
4480,465,34,268,14,781
4482,431,34,268,14,747
4483,416,34,268,14,732
4484,399,34,268,14,715
4486,366,34,268,14,682
4489,317,34,268,14,633
4490,300,34,268,14,616
4491,282,34,268,14,598
4493,249,34,268,14,565
4494,234,34,268,14,550
4495,214,34,268,14,530
4496,200,34,268,14,516
4497,184,34,268,14,500
4499,150,34,268,14,466
4500,133,34,268,14,449
4501,115,34,268,14,431
4502,101,34,268,14,417
4503,82,34,268,14,398
4504,66,34,268,14,382
4506,34,34,268,14,350
4507,150,34,135,14,333
4508,133,34,135,14,316
4510,99,34,135,14,282
4511,83,34,135,14,266
4512,82,17,135,14,248
4514,500,34,14,18,566
4515,484,34,14,18,550
4516,468,34,14,18,534
4517,451,34,14,18,517
4518,434,34,14,18,500
4519,417,34,14,18,483
4521,384,34,14,18,450
4523,351,34,14,18,417
4526,299,34,14,18,365
4528,267,34,14,18,333
4530,233,34,14,18,299
4532,200,34,14,18,266
4533,183,34,14,18,249
4534,167,34,14,18,233
4536,134,34,14,18,200
4538,102,34,14,18,168
4539,83,34,14,18,149
4540,66,34,14,18,132
4541,51,34,14,18,117
4542,34,34,14,18,100
4543,200,19,15,16,250
4544,183,19,15,16,233
4545,166,19,15,16,216
4547,135,19,15,16,185
4548,117,19,15,16,167
4549,100,19,15,16,150
4550,85,19,15,16,135
4552,49,19,15,16,99
4555,283,32,52,15,382
4556,264,32,52,15,363
4557,249,32,52,15,348
4559,282,33,151,17,483
4560,267,33,151,17,468
4561,250,33,151,17,451
4565,182,33,151,17,383
4566,164,33,151,17,365
4569,116,33,151,17,317
4572,66,33,151,17,267
4573,50,33,151,17,251
4574,34,33,151,17,235
4576,33,35,116,17,201
4577,33,17,116,17,183
4579,49,34,85,17,185
4580,32,34,85,17,168
4581,15,34,85,17,151
4582,17,17,85,17,136
4583,17,34,51,17,119
4584,85,17,16,14,132
4585,67,17,16,14,114
4586,84,14,19,15,132
4587,82,34,86,14,216
4589,47,34,86,14,181
4590,30,34,86,14,164
4591,81,33,253,15,382
4592,67,33,253,15,368
4593,48,33,253,15,349
4594,33,33,253,15,334
4597,14,34,219,15,282
4600,33,35,151,15,234
4601,34,17,151,15,217
4602,86,15,85,15,201
4603,68,15,85,15,183
4606,18,15,85,15,133
4607,32,17,149,18,216
4608,17,17,149,18,201
4609,0,17,149,18,184
4611,17,34,83,18,152
4612,19,15,83,18,135
4613,33,15,151,16,215
4615,15,34,117,16,182
4617,0,17,117,16,150
4618,0,34,83,16,133
4619,34,16,83,17,150
4621,33,16,184,19,252
4622,133,34,50,19,236
4624,100,34,50,19,203
4627,50,34,50,19,153
4628,33,34,50,19,136
4629,14,34,50,19,117
4633,15,37,48,17,117
4634,18,19,48,17,102
4636,0,31,17,17,65
4637,17,34,17,16,84
4638,217,18,14,18,267
4639,200,18,14,18,250
4640,183,18,14,18,233
4641,166,18,14,18,216
4645,100,18,14,18,150
4646,83,18,14,18,133
4647,67,18,14,18,117
4649,34,18,14,18,84
4650,231,36,148,16,431
4652,198,36,148,16,398
4653,184,36,148,16,384
4655,149,36,148,16,349
4657,115,36,148,16,315
4658,100,36,148,16,300
4660,66,36,148,16,266
4661,114,36,82,16,248
4663,82,36,82,16,216
4664,83,19,82,16,200
4665,150,31,16,18,215
4667,119,31,16,18,184
4669,86,31,16,18,151
4670,67,31,16,18,132
4676,0,34,35,14,83
4677,18,35,32,18,103
4678,35,32,34,15,116
4679,31,18,34,15,98
4682,34,32,85,15,166
4683,16,32,85,15,148
4684,15,17,85,15,132
4685,83,34,17,16,150
4686,66,34,17,16,133
4687,48,34,17,16,115
4688,34,34,17,16,101
4689,149,33,18,17,217
4691,183,32,351,17,583
4694,135,32,351,17,535
4695,116,32,351,17,516
4697,85,32,351,17,485
4700,35,32,351,17,435
4701,82,36,282,17,417
4702,65,36,282,17,400
4705,34,19,282,17,352
4707,19,30,252,17,318
4708,83,15,184,17,299
4709,67,15,184,17,283
4710,53,15,184,17,269
4711,36,15,184,17,252
4712,133,33,685,16,867
4713,115,33,685,16,849
4715,83,33,685,16,817
4716,84,16,685,16,801
4717,64,16,685,16,781
4720,17,16,685,16,734
4721,16,34,651,16,717
4722,17,17,651,16,701
4723,17,34,617,16,684
4725,17,33,584,16,650
4727,35,17,550,16,618
4728,17,17,550,16,600
4729,81,35,451,16,583
4730,64,35,451,16,566
4731,49,35,451,16,551
4732,32,35,451,16,534
4733,14,35,451,16,516
4734,18,17,451,16,502
4736,32,37,382,16,467
4738,37,31,351,16,435
4739,20,31,351,16,418
4741,34,18,317,16,385
4742,16,18,317,16,367
4745,16,35,250,16,317
4746,17,18,250,16,301
4747,18,34,216,16,284
4748,17,17,216,16,266
4749,17,31,185,16,249
4750,48,17,151,16,232
4751,82,34,85,16,217
4752,66,34,85,16,201
4753,49,34,85,16,184
4755,14,34,85,16,149
4756,17,17,85,16,135
4757,17,35,50,16,118
4758,0,35,50,16,101
4759,18,34,81,20,153
4762,16,16,82,18,132
4763,85,31,18,16,150
4765,53,31,18,16,118
4766,35,31,18,16,100
4767,100,18,250,17,385
4768,80,18,250,17,365
4769,67,18,250,17,352
4770,49,18,250,17,334
4772,15,18,250,17,300
4773,151,33,84,17,285
4774,133,33,84,17,267
4775,116,33,84,17,250
4777,82,33,84,17,216
4778,68,33,84,17,202
4779,50,33,84,17,184
4781,18,33,84,17,152
4782,33,35,148,18,234
4783,18,35,148,18,219
4785,33,18,114,18,183
4787,18,32,82,18,150
4788,32,33,49,18,132
4792,67,34,98,18,217
4793,52,34,98,18,202
4795,18,34,98,18,168
4797,18,33,65,18,134
4798,15,18,65,18,116
4799,18,33,32,18,101
4800,16,17,32,18,83
4801,17,32,18,16,83
4802,32,34,18,13,97
4803,17,34,18,13,82
4806,18,13,17,18,66
4808,0,35,18,14,67
4809,151,35,81,19,286
4810,149,19,81,19,268
4811,131,19,81,19,250
4812,185,18,14,19,236
4813,165,18,14,19,216
4814,151,18,14,19,202
4819,68,18,14,19,119
4820,49,18,14,19,100
4821,33,18,14,19,84
4822,17,18,14,19,68
4825,19,34,16,15,84
4826,34,31,16,18,99
4827,17,31,16,18,82
4828,31,34,16,18,99
4831,18,34,82,17,151
4832,85,14,117,16,232
4833,69,14,117,16,216
4834,51,14,117,16,198
4835,117,32,33,18,200
4836,99,32,33,18,182
4837,82,32,33,18,165
4839,51,32,33,18,134
4840,34,32,33,18,117
4842,0,32,33,18,83
4843,15,33,35,18,101
4844,0,33,35,18,86
4845,16,35,149,16,216
4846,35,32,150,17,234
4847,17,32,150,17,216
4849,49,31,118,16,214
4851,20,31,118,16,185
4854,84,17,85,15,201
4855,65,17,85,15,182
4856,50,17,85,15,167
4857,33,17,85,15,150
4858,51,16,52,15,134
4859,34,16,52,15,117
4860,17,16,52,15,100
4861,16,33,19,15,83
4862,33,34,16,18,101
4863,16,34,16,18,84
4864,34,34,15,17,100
4865,81,36,15,19,151
4866,85,17,15,19,136
4870,36,34,13,19,102
4871,32,19,13,19,83
4872,34,32,166,17,249
4874,32,31,135,17,215
4875,19,31,135,17,202
4876,84,14,68,17,183
4877,69,14,68,17,168
4878,251,17,84,16,368
4880,216,17,84,16,333
4881,198,17,84,16,315
4887,99,17,84,16,216
4888,82,17,84,16,199
4889,117,33,32,18,200
4891,86,33,32,18,169
4893,52,33,32,18,135
4894,35,33,32,18,118
4895,18,33,32,18,101
4898,16,16,18,15,65
4901,15,33,18,16,82
4902,0,33,18,16,67
4903,83,36,14,18,151
4904,66,36,14,18,134
4905,48,36,14,18,116
4906,32,36,14,18,100
4907,16,36,14,18,84
4908,85,18,16,15,134
4909,67,18,16,15,116
4910,49,18,16,15,98
4911,35,18,16,15,84
4914,16,15,17,15,63
4915,15,32,18,18,83
4916,17,15,18,18,68
4917,15,36,17,18,86
4918,18,18,17,18,71
4920,35,30,86,15,166
4922,14,16,86,15,131
4924,0,36,50,15,101
4925,0,20,50,15,85
4926,33,32,82,17,164
4927,17,32,82,17,148
4928,17,15,82,17,131
4929,32,15,50,17,114
4930,32,34,33,18,117
4931,15,34,33,18,100
4933,32,17,18,17,84
4934,16,17,18,17,68
4935,17,35,117,15,184
4936,84,17,51,15,167
4937,66,17,51,15,149
4938,49,17,51,15,132
4942,33,33,68,16,150
4943,16,33,68,16,133
4944,83,18,16,16,133
4945,166,17,52,13,248
4946,151,17,52,13,233
4947,135,17,52,13,217
4948,117,17,52,13,199
4950,83,17,52,13,165
4952,51,17,52,13,133
4953,35,17,52,13,117
4954,16,17,52,13,98
4956,15,19,18,13,65
4957,102,16,116,19,253
4958,83,16,116,19,234
4959,65,16,116,19,216
4960,52,16,116,19,203
4961,35,16,116,19,186
4962,17,16,116,19,168
4963,33,16,151,14,214
4964,17,16,151,14,198
4965,33,15,119,14,181
4966,32,35,84,14,165
4968,51,19,49,14,133
4969,34,19,49,14,116
4970,16,19,49,14,98
4971,33,18,31,17,99
4972,14,18,31,17,80
4974,31,35,16,17,99
4978,33,33,17,17,100
4979,17,33,17,17,84
4980,0,33,17,17,67
4981,17,34,34,17,102
4982,34,34,17,16,101
4985,16,33,15,17,81
4986,17,16,15,17,65
4987,0,16,15,17,48
4988,32,35,17,14,98
4989,17,35,17,14,83
4991,35,14,19,16,84
4992,17,14,19,16,66
4995,32,16,18,17,83
4997,16,35,32,18,101
4999,17,32,18,16,83
5000,18,14,18,16,66
5003,16,35,15,18,84
5004,18,17,15,18,68
5006,15,18,17,15,65
5007,18,32,18,15,83
5008,17,15,18,15,65
5010,33,35,51,15,134
5013,18,31,20,15,84
5014,31,35,32,18,116
5015,149,33,35,16,233
5016,134,33,35,16,218
5019,83,33,35,16,167
5020,67,33,35,16,151
5021,49,33,35,16,133
5022,33,33,35,16,117
5023,17,33,35,16,101
5024,167,33,17,17,234
5026,134,33,17,17,201
5027,115,33,17,17,182
5028,99,33,17,17,166
5029,83,33,17,17,150
5030,67,33,17,17,134
5032,31,33,17,17,98
5033,17,33,17,17,84
5034,0,33,17,17,67
5035,34,17,35,15,101
5036,34,35,83,17,169
5037,17,35,83,17,152
5040,15,17,51,17,100
5042,33,35,81,18,167
5044,0,35,81,18,134
5045,98,18,15,22,153
5046,81,18,15,22,136
5047,67,18,15,22,122
5049,34,18,15,22,89
5050,35,37,13,17,102
5052,0,37,13,17,67
5053,102,15,82,19,218
5055,67,15,82,19,183
5057,34,15,82,19,150
5058,17,15,82,19,133
5060,17,17,84,17,135
5061,84,34,334,16,468
5062,67,34,334,16,451
5064,34,34,334,16,418
5065,19,34,334,16,403
5066,0,34,334,16,384
5067,32,17,302,16,367
5068,15,17,302,16,350
5070,17,16,269,16,318
5071,16,36,233,16,301
5072,19,17,233,16,285
5075,16,33,168,16,233
5076,17,16,168,16,217
5077,16,33,135,16,200
5078,17,16,135,16,184
5079,117,34,32,16,199
5080,101,34,32,16,183
5081,120,32,16,16,184
5083,86,32,16,16,150
5084,181,17,18,17,233
5085,165,17,18,17,217
5088,114,17,18,17,166
5090,82,17,18,17,134
5091,66,17,18,17,118
5092,50,17,18,17,102
5093,32,17,18,17,84
5094,16,17,18,17,68
5095,17,35,82,17,151
5096,0,35,82,17,134
5097,83,33,17,17,150
5098,66,33,17,17,133
5100,85,17,16,17,135
5101,67,17,16,17,117
5102,50,17,16,17,100
5103,34,17,16,17,84
5105,33,17,84,15,149
5108,17,15,52,15,99
5109,33,17,32,19,101
5110,18,17,32,19,86
5111,250,34,49,18,351
5113,216,34,49,18,317
5114,201,34,49,18,302
5116,167,34,49,18,268
5117,149,34,49,18,250
5118,134,34,49,18,235
5119,118,34,49,18,219
5124,34,34,49,18,135
5125,18,34,49,18,119
5126,16,18,49,18,101
5127,18,32,17,18,85
5129,17,35,31,18,101
5130,35,31,18,18,102
5133,32,18,16,16,82
5134,18,18,16,16,68
5135,34,16,200,16,266
5136,32,34,166,16,248
5137,16,34,166,16,232
5138,83,18,99,16,216
5139,68,18,99,16,201
5141,33,18,99,16,166
5142,16,18,99,16,149
5143,18,30,69,16,133
5144,48,18,33,16,115
5145,33,18,33,16,100
5146,18,18,33,16,85
5147,35,16,16,17,84
5148,17,16,16,17,66
5149,16,33,17,16,82
5150,151,14,50,19,234
5152,118,14,50,19,201
5154,85,14,50,19,168
5155,67,14,50,19,150
5156,50,14,50,19,133
5158,31,33,319,15,398
5161,32,19,283,15,349
5162,36,34,249,15,334
5164,82,17,184,15,298
5165,65,17,184,15,281
5166,83,18,148,15,264
5167,100,16,118,15,249
5168,82,16,118,15,231
5169,67,16,118,15,216
5170,100,33,51,15,199
5171,82,33,51,15,181
5172,64,33,51,15,163
5175,17,33,51,15,116
5176,33,35,131,17,216
5177,15,35,131,17,198
5179,19,31,100,17,167
5181,15,35,82,18,150
5182,35,31,51,18,135
5183,18,31,51,18,118
5184,50,15,17,18,100
5185,34,15,17,18,84
5187,66,16,18,15,115
5188,51,16,18,15,100
5189,34,16,18,15,83
5190,16,16,18,15,65
5191,34,15,86,14,149
5192,18,15,86,14,133
5193,32,16,53,14,115
5194,17,16,53,14,100
5196,20,14,19,14,67
5197,14,33,18,16,81
5198,19,14,18,16,67
5201,34,16,717,16,783
5202,18,16,717,16,767
5203,16,32,685,16,749
5204,0,32,685,16,733
5205,34,18,649,16,717
5206,36,33,616,16,701
5207,149,34,484,16,683
5208,131,34,484,16,665
5209,116,34,484,16,650
5210,98,34,484,16,632
5211,82,34,484,16,616
5213,50,34,484,16,584
5215,33,17,484,16,550
5216,34,34,450,16,534
5218,16,18,450,16,500
5219,18,32,418,16,484
5220,16,16,418,16,466
5222,34,34,350,16,434
5223,34,17,350,16,417
5225,34,16,317,16,383
5229,68,16,217,16,317
5231,34,16,217,16,283
5232,18,16,217,16,267
5233,100,15,118,16,249
5234,84,15,118,16,233
5235,68,15,118,16,217
5236,51,15,118,16,200
5238,34,33,85,16,168
5239,15,33,85,16,149
5240,33,35,50,16,134
5241,16,35,50,16,117
5243,17,32,200,17,266
5244,16,16,200,17,249
5247,16,33,133,17,199
5248,0,33,133,17,183
5249,36,14,100,17,167
5250,19,14,100,17,150
5252,85,15,33,17,150
5253,67,15,33,17,132
5256,84,17,17,17,135
5257,65,17,17,17,116
5258,50,17,17,17,101
5260,17,17,17,17,68
5261,34,17,32,18,101
5262,17,17,32,18,84
5265,14,35,50,17,116
5266,35,33,17,17,102
5267,17,33,17,17,84
5268,16,17,17,17,67
5269,17,34,50,15,116
5271,32,17,18,15,82
5272,82,15,19,17,133
5273,101,17,83,16,217
5274,84,17,83,16,200
5275,66,17,83,16,182
5276,83,17,51,16,167
5278,84,17,18,16,135
5279,82,34,17,17,150
5282,84,17,16,16,133
5283,68,17,16,16,117
5284,501,32,36,14,583
5286,467,32,36,14,549
5289,417,32,36,14,499
5290,401,32,36,14,483
5293,350,32,36,14,432
5294,333,32,36,14,415
5297,284,32,36,14,366
5298,267,32,36,14,349
5299,250,32,36,14,332
5300,232,32,36,14,314
5301,217,32,36,14,299
5302,199,32,36,14,281
5303,184,32,36,14,266
5305,150,32,36,14,232
5306,135,32,36,14,217
5307,116,32,36,14,198
5308,99,32,36,14,181
5310,65,32,36,14,147
5312,34,32,36,14,116
5313,17,32,36,14,99
5315,16,36,33,17,102
5316,36,33,17,15,101
5317,82,33,18,17,150
5318,65,33,18,17,133
5322,102,32,34,16,184
5323,86,32,34,16,168
5324,69,32,34,16,151
5325,51,32,34,16,133
5326,82,18,16,16,132
5327,67,18,16,16,117
5328,48,18,16,16,98
5329,83,35,66,17,201
5330,66,35,66,17,184
5333,16,35,66,17,134
5335,117,33,217,17,384
5336,99,33,217,17,366
5337,82,33,217,17,349
5338,66,33,217,17,333
5339,51,33,217,17,318
5340,33,33,217,17,300
5341,16,33,217,17,283
5342,133,34,83,17,267
5343,117,34,83,17,251
5346,67,34,83,17,201
5347,85,32,51,17,185
5348,68,32,51,17,168
5349,51,32,51,17,151
5350,34,32,51,17,134
5351,85,33,251,16,385
5353,50,33,251,16,350
5355,79,33,187,16,315
5357,48,33,187,16,284
5358,54,10,187,16,267
5359,38,10,187,16,251
5361,10,35,152,16,213
5362,35,34,118,16,203
5364,18,16,118,16,168
5366,34,32,52,16,134
5367,32,17,52,16,117
5368,15,17,52,16,100
5369,17,33,19,16,85
5371,0,17,19,16,52
5372,0,35,49,18,102
5374,0,32,84,17,133
5375,150,34,80,19,283
5378,165,35,83,15,298
5380,132,35,83,15,265
5382,99,35,83,15,232
5385,51,35,83,15,184
5387,15,35,83,15,148
5388,35,31,85,15,166
5389,49,34,51,15,149
5390,31,34,51,15,131
5393,83,34,152,15,284
5394,66,34,152,15,267
5395,48,34,152,15,249
5397,15,34,152,15,216
5400,34,33,85,15,167
5401,35,16,85,15,151
5402,33,34,82,17,166
5403,16,34,82,17,149
5406,18,14,50,17,99
5407,33,15,33,17,98
5408,34,33,17,17,101
5411,17,34,16,18,85
5412,117,17,17,16,167
5413,100,17,17,16,150
5415,67,17,17,16,117
5416,49,17,17,16,99
5417,33,17,17,16,83
5418,86,16,15,17,134
5419,84,32,36,16,168
5421,50,32,36,16,134
5422,34,32,36,16,118
5425,17,36,48,16,117
5426,36,31,17,16,100
5427,19,31,17,16,83
5428,48,16,85,15,164
5429,32,16,85,15,148
5431,101,15,17,17,150
5432,85,15,17,17,134
5433,67,15,17,17,116
5434,82,17,33,17,149
5435,68,17,33,17,135
5436,50,17,33,17,117
5438,34,33,32,18,117
5440,16,17,32,18,83
5442,17,15,18,16,66
5444,18,16,18,16,68
5447,16,33,34,16,99
5448,16,17,34,16,83
5449,17,34,16,17,84
5450,0,34,16,17,67
5451,17,33,33,18,101
5453,36,14,18,17,85
5454,19,14,18,17,68
5455,99,16,34,15,164
5456,85,16,34,15,150
5457,234,15,18,14,281
5458,217,15,18,14,264
5459,201,15,18,14,248
5460,186,15,18,14,233
5461,167,15,18,14,214
5462,151,15,18,14,198
5464,117,15,18,14,164
5465,102,15,18,14,149
5466,84,15,18,14,131
5467,68,15,18,14,115
5468,52,15,18,14,99
5469,35,15,18,14,82
5470,18,15,18,14,65
5473,14,39,81,14,148
5474,39,29,52,14,134
5476,0,29,52,14,95
5479,18,32,34,17,101
5480,18,14,34,17,83
5481,14,34,17,17,82
5482,101,33,85,15,234
5483,84,33,85,15,217
5486,33,33,85,15,166
5487,17,33,85,15,150
5488,33,34,51,15,133
5489,16,34,51,15,116
5490,17,17,51,15,100
5492,17,17,32,16,82
5493,34,15,16,17,82
5494,32,33,36,14,115
5495,15,33,36,14,98
5497,0,17,36,14,67
5498,0,36,14,17,67
5499,82,34,15,17,148
5500,80,19,15,17,131
5501,66,19,15,17,117
5502,117,17,33,18,185
5504,83,17,33,18,151
5505,68,17,33,18,136
5506,49,17,33,18,117
5508,17,17,33,18,85
5509,33,17,32,17,99
5512,18,14,17,18,67
5513,82,34,116,16,248
5516,33,34,116,16,199
5519,17,32,84,16,149
5521,35,17,48,16,116
5522,100,35,16,17,168
5523,81,35,16,17,149
5524,64,35,16,17,132
5525,48,35,16,17,116
5528,35,33,16,16,100
5531,17,32,151,18,218
5534,236,32,32,17,317
5537,186,32,32,17,267
5538,170,32,32,17,251
5539,152,32,32,17,233
5541,119,32,32,17,200
5543,85,32,32,17,166
5544,67,32,32,17,148
5545,102,15,17,16,150
5546,85,15,17,16,133
5547,68,15,17,16,116
5548,49,15,17,16,97
5549,217,32,169,16,434
5550,200,32,169,16,417
5551,183,32,169,16,400
5553,166,17,169,16,368
5554,150,17,169,16,352
5555,131,17,169,16,333
5556,115,17,169,16,317
5557,100,17,169,16,302
5558,83,17,169,16,285
5561,33,17,169,16,235
5563,34,21,131,16,202
5564,38,28,103,16,185
5565,152,33,16,15,216
5567,249,32,18,16,315
5568,235,32,18,16,301
5569,217,32,18,16,283
5571,183,32,18,16,249
5572,165,32,18,16,231
5573,150,32,18,16,216
5574,132,32,18,16,198
5577,83,32,18,16,149
5578,68,32,18,16,134
5580,33,32,18,16,99
5582,133,32,36,17,218
5584,101,32,36,17,186
5587,49,32,36,17,134
5588,33,32,36,17,118
5589,17,32,36,17,102
5590,18,14,36,17,85
5593,36,14,16,18,84
5594,17,14,16,18,65
5595,0,14,16,18,48
5599,34,17,33,15,99
5600,17,17,33,15,82
5601,32,18,15,18,83
5602,33,33,16,16,98
5604,0,33,16,16,65
5605,0,18,16,16,50
5608,33,35,17,17,102
5610,17,18,17,17,69
5611,18,34,16,15,83
5613,150,32,17,15,214
5614,133,32,17,15,197
5615,117,32,17,15,181
5618,67,32,17,15,131
5620,34,32,17,15,98
5621,34,15,17,15,81
5622,17,15,17,15,64
5623,82,34,148,18,282
5625,50,34,148,18,250
5626,35,34,148,18,235
5629,17,33,115,18,183
5630,33,33,82,18,166
5631,34,17,82,18,151
5632,115,18,16,18,167
5633,99,18,16,18,151
5635,65,18,16,18,117
5637,31,18,16,18,83
5638,17,18,16,18,69
5640,34,33,150,17,234
5641,33,18,150,17,218
5642,85,15,83,17,200
5643,70,15,83,17,185
5644,52,15,83,17,167
5645,37,15,83,17,152
5646,33,33,50,17,133
5648,33,33,17,17,100
5652,87,14,148,17,266
5653,84,31,117,17,249
5654,67,31,117,17,232
5655,52,31,117,17,217
5657,14,31,117,17,179
5658,16,15,117,17,165
5661,33,17,83,16,149
5663,17,32,51,16,116
5664,164,35,16,17,232
5665,147,35,16,17,215
5666,132,35,16,17,200
5667,116,35,16,17,184
5668,99,35,16,17,167
5669,81,35,16,17,149
5671,48,35,16,17,116
5672,30,35,16,17,98
5673,13,35,16,17,81
5675,15,33,85,15,148
5677,17,35,50,15,117
5678,68,32,34,16,150
5679,51,32,34,16,133
5680,33,32,34,16,115
5681,83,35,16,19,153
5682,82,19,16,19,136
5684,85,19,32,16,152
5686,51,19,32,16,118
5687,35,19,32,16,102
5689,19,32,16,15,82
5690,32,31,16,18,97
5691,83,34,32,17,166
5693,49,34,32,17,132
5695,84,33,35,14,166
5697,49,33,35,14,131
5698,32,33,35,14,114
5699,17,33,35,14,99
5700,33,35,31,17,116
5703,31,17,36,17,101
5704,14,17,36,17,84
5705,151,35,15,17,218
5706,134,35,15,17,201
5707,117,35,15,17,184
5708,98,35,15,17,165
5709,81,35,15,17,148
5710,66,35,15,17,133
5712,84,17,38,11,150
5713,67,17,38,11,133
5715,88,27,18,17,150
5716,70,27,18,17,132
5717,201,16,84,16,317
5719,169,16,84,16,285
5721,135,16,84,16,251
5722,119,16,84,16,235
5723,101,16,84,16,217
5724,84,16,84,16,200
5729,16,34,50,16,116
5731,32,18,17,16,83
5732,33,33,17,16,99
5733,185,33,182,18,418
5736,134,33,182,18,367
5737,117,33,182,18,350
5738,101,33,182,18,334
5739,84,33,182,18,317
5741,50,33,182,18,283
5742,33,33,182,18,266
5743,16,33,182,18,249
5744,85,14,116,18,233
5746,52,14,116,18,200
5748,19,14,116,18,167
5751,15,35,82,18,150
5752,83,18,49,18,168
5753,65,18,49,18,150
5755,32,18,49,18,117
5756,17,18,49,18,102
5757,18,34,82,17,151
5758,34,33,49,17,133
5759,18,33,49,17,117
5760,132,34,18,14,198
5763,82,34,18,14,148
5765,50,34,18,14,116
5766,33,34,18,14,99
5767,15,34,18,14,81
5768,16,18,18,14,66
5769,18,32,18,16,84
5770,0,32,18,16,66
5773,16,36,49,17,118
5774,18,18,49,17,102
5778,84,14,103,15,216
5783,48,33,36,15,132
5784,34,33,36,15,118
5785,17,33,36,15,101
5786,101,34,83,17,235
5787,83,34,83,17,217
5788,68,34,83,17,202
5789,50,34,83,17,184
5791,17,34,83,17,151
5792,34,31,52,17,134
5793,101,17,150,15,283
5794,83,17,150,15,265
5795,67,17,150,15,249
5796,52,17,150,15,234
5797,33,17,150,15,215
5798,35,34,116,15,200
5799,84,32,134,17,267
5800,82,17,134,17,250
5801,67,17,134,17,235
5802,83,16,100,17,216
5803,70,16,100,17,203
5804,50,16,100,17,183
5805,35,16,100,17,168
5806,34,32,68,17,151
5807,16,32,68,17,133
5808,17,15,68,17,117
5809,15,34,34,17,100
5811,149,34,16,17,216
5813,116,34,16,17,183
5816,117,17,85,16,235
5817,98,17,85,16,216
5818,81,17,85,16,199
5819,67,17,85,16,185
5820,50,17,85,16,168
5821,85,32,17,16,150
5823,53,32,17,16,118
5824,36,32,17,16,101
5826,15,17,17,16,65
5827,85,32,17,15,149
5828,68,32,17,15,132
5829,51,32,17,15,115
5830,84,15,18,16,133
5831,81,34,36,16,167
5832,82,16,36,16,150
5834,50,16,36,16,118
5835,33,16,36,16,101
5836,18,16,36,16,86
5840,16,15,151,16,198
5842,17,17,117,16,167
5843,34,17,83,16,150
5844,17,17,83,16,133
5845,17,33,182,16,248
5846,33,33,149,16,231
5848,15,18,149,16,198
5849,18,33,116,16,183
5850,149,16,36,14,215
5854,82,16,36,14,148
5856,49,16,36,14,115
5857,70,17,31,17,135
5858,52,17,31,17,117
5859,35,17,31,17,100
5860,19,17,31,17,84
5861,17,31,17,16,81
5862,132,32,19,16,199
5863,118,32,19,16,185
5864,101,32,19,16,168
5865,84,32,19,16,151
5866,85,15,19,16,135
5867,66,15,19,16,116
5868,49,15,19,16,99
5869,35,15,19,16,85
5870,51,16,316,16,399
5871,167,16,183,16,382
5872,152,16,183,16,367
5874,117,16,183,16,332
5875,102,16,183,16,317
5876,83,16,183,16,298
5877,149,33,119,16,317
5880,101,33,119,16,269
5881,82,33,119,16,250
5882,66,33,119,16,234
5883,268,17,14,17,316
5884,252,17,14,17,300
5885,232,17,14,17,280
5886,218,17,14,17,266
5888,185,17,14,17,233
5889,169,17,14,17,217
5890,151,17,14,17,199
5891,133,17,14,17,181
5892,118,17,14,17,166
5893,101,17,14,17,149
5894,85,17,14,17,133
5896,81,17,85,17,200
5897,66,17,85,17,185
5898,49,17,85,17,168
5899,31,17,85,17,150
5900,14,17,85,17,133
5901,51,33,86,15,185
5902,34,33,86,15,168
5903,15,33,86,15,149
5904,33,35,51,15,134
5905,35,17,51,15,118
5906,35,34,32,15,116
5907,17,34,32,15,98
5909,82,32,268,17,399
5910,66,32,268,17,383
5911,49,32,268,17,366
5912,34,32,268,17,351
5914,32,36,232,17,317
5918,48,16,168,17,249
5919,32,16,168,17,233
5920,18,16,168,17,219
5922,34,34,100,17,185
5923,17,34,100,17,168
5924,85,14,52,16,167
5926,51,14,52,16,133
5927,36,14,52,16,118
5928,31,35,17,16,99
5930,17,18,17,16,68
5931,18,33,18,14,83
5935,14,35,64,17,130
5936,0,35,64,17,116
5937,82,35,18,17,152
5938,64,35,18,17,134
5941,15,35,18,17,85
5942,17,18,18,17,70
5945,132,19,215,14,380
5946,115,19,215,14,363
5947,101,19,215,14,349
5948,83,19,215,14,331
5949,66,19,215,14,314
5951,33,19,215,14,281
5952,17,19,215,14,265
5953,19,32,183,14,248
5954,32,33,150,14,229
5956,15,18,150,14,197
5957,18,33,117,14,182
5959,18,34,83,14,149
5960,16,18,83,14,131
5961,18,32,51,14,115
5962,97,36,18,15,166
5963,82,36,18,15,151
5964,65,36,18,15,134
5967,32,18,18,15,83
5970,18,15,33,18,84
5971,15,33,18,16,82
5973,17,34,16,17,84
5974,82,19,15,18,134
5976,82,18,149,17,266
5978,49,18,149,17,233
5979,34,18,149,17,218
5980,15,18,149,17,199
5981,0,18,149,17,184
5982,0,33,116,17,166
5983,17,34,82,17,150
5985,32,17,49,17,115
5986,16,17,49,17,99
5987,34,15,17,17,83
5988,84,16,33,15,148
5989,83,33,15,20,151
5990,116,20,17,15,168
5992,82,20,17,15,134
5993,64,20,17,15,116
5994,48,20,17,15,100
5995,33,20,17,15,85
5996,15,20,17,15,67
5997,20,32,135,14,201
