序号,发送->接收,接收->转发,转发->接收,接收->处理,总计
1,152,17,348,19,536
2,133,17,348,19,517
3,115,17,348,19,499
5,82,17,348,19,466
6,67,17,348,19,451
7,83,16,315,19,433
9,50,16,315,19,400
11,17,16,315,19,367
12,31,19,281,19,350
13,15,19,281,19,334
14,19,34,247,19,319
15,118,16,147,19,300
16,102,16,147,19,284
17,84,16,147,19,266
18,84,31,116,19,250
19,69,31,116,19,235
22,31,16,116,19,182
23,31,35,81,19,166
24,16,35,81,19,151
25,17,18,81,19,135
26,18,34,47,19,118
27,17,17,47,19,100
30,17,33,83,16,149
33,34,32,150,17,233
34,82,34,83,17,216
35,83,16,83,17,199
37,51,16,83,17,167
39,83,18,16,17,134
40,65,18,16,17,116
43,17,18,16,17,68
44,18,33,84,17,152
45,0,33,84,17,134
46,218,33,15,17,283
47,201,33,15,17,266
49,168,33,15,17,233
51,134,33,15,17,199
52,117,33,15,17,182
53,100,33,15,17,165
54,85,33,15,17,150
56,52,33,15,17,117
58,19,33,15,17,84
60,32,17,17,17,83
61,82,16,36,15,149
62,67,16,36,15,134
63,167,33,19,15,234
64,150,33,19,15,217
65,133,33,19,15,200
67,101,33,19,15,168
68,83,33,19,15,150
69,65,33,19,15,132
70,50,33,19,15,117
71,149,16,34,18,217
72,134,16,34,18,202
73,117,16,34,18,185
75,84,16,34,18,152
76,65,16,34,18,133
77,85,15,18,16,134
79,115,16,19,17,167
81,83,16,19,17,135
82,64,16,19,17,116
83,49,16,19,17,101
84,31,16,19,17,83
88,17,32,17,16,82
89,0,32,17,16,65
90,16,33,16,17,82
92,32,17,17,17,83
93,67,33,33,18,151
94,51,33,33,18,135
96,17,33,33,18,101
97,84,16,34,16,150
98,65,16,34,16,131
100,82,33,17,15,147
101,68,33,17,15,133
102,50,33,17,15,115
103,34,33,17,15,99
104,33,17,17,15,82
105,16,17,17,15,65
106,34,15,33,17,99
108,65,69,6,10,150
109,50,69,6,10,135
111,17,69,6,10,102
112,335,17,84,17,453
113,266,17,84,17,384
114,260,17,84,17,378
115,250,17,84,17,368
116,233,17,84,17,351
117,217,17,84,17,335
118,200,17,84,17,318
120,167,17,84,17,285
122,133,17,84,17,251
124,99,17,84,17,217
125,201,32,17,17,267
126,184,32,17,17,250
128,153,32,17,17,219
129,134,32,17,17,200
130,118,32,17,17,184
131,101,32,17,17,167
132,85,32,17,17,151
134,183,33,18,17,251
135,167,33,18,17,235
136,149,33,18,17,217
138,117,33,18,17,185
140,83,33,18,17,151
142,149,33,34,17,233
143,132,33,34,17,216
144,117,33,34,17,201
146,84,33,34,17,168
148,49,33,34,17,133
149,32,33,34,17,116
151,33,34,17,17,101
152,15,34,17,17,83
153,18,16,17,17,68
154,16,34,16,17,83
157,33,34,14,18,99
158,17,34,14,18,83
159,17,17,14,18,66
160,17,32,16,16,81
161,32,32,168,16,248
162,18,32,168,16,234
163,16,16,168,16,216
164,16,34,134,16,200
165,18,16,134,16,184
166,16,34,100,16,166
168,97,18,16,18,149
169,82,18,16,18,134
170,64,18,16,18,116
171,48,18,16,18,100
172,32,18,16,18,84
173,33,34,16,17,100
174,85,32,50,17,184
175,67,32,50,17,166
177,165,35,82,17,299
178,149,35,82,17,283
180,117,35,82,17,251
181,135,34,48,17,234
182,118,34,48,17,217
183,100,34,48,17,199
184,85,34,48,17,184
185,68,34,48,17,167
188,34,17,48,17,116
189,17,17,48,17,99
192,17,34,118,17,186
193,17,17,118,17,169
195,0,34,84,17,135
196,84,34,16,17,151
197,67,34,16,17,134
198,214,34,35,16,299
199,198,34,35,16,283
200,181,34,35,16,266
203,131,34,35,16,216
204,115,34,35,16,200
205,98,34,35,16,183
206,83,34,35,16,168
207,66,34,35,16,151
208,83,35,81,17,216
209,66,35,81,17,199
210,49,35,81,17,182
212,17,35,81,17,150
213,35,32,49,17,133
215,81,17,18,17,133
216,65,17,18,17,117
217,49,17,18,17,101
218,31,17,18,17,83
220,17,35,49,17,118
221,167,35,14,19,235
225,100,35,14,19,168
226,83,35,14,19,151
228,50,35,14,19,118
229,33,35,14,19,101
230,30,19,14,19,82
231,16,19,14,19,68
232,19,33,18,14,84
233,14,19,18,14,65
234,19,32,32,18,101
236,30,16,18,16,80
237,32,34,434,16,516
238,16,34,434,16,500
239,18,16,434,16,484
240,0,16,434,16,466
242,17,33,366,16,432
243,99,34,266,16,415
245,66,34,266,16,382
246,84,32,234,16,366
248,51,32,234,16,333
249,34,32,234,16,316
250,17,32,234,16,299
252,35,15,200,16,266
253,34,36,431,16,517
258,16,35,382,18,451
259,18,17,382,18,435
260,17,32,350,18,417
261,17,15,350,18,400
262,82,34,249,18,383
265,33,34,249,18,334
266,166,17,117,18,318
267,149,17,117,18,301
268,133,17,117,18,285
269,115,17,117,18,267
270,100,17,117,18,252
271,82,17,117,18,234
272,64,17,117,18,216
274,82,35,49,18,184
275,66,35,49,18,168
276,50,35,49,18,152
277,33,35,49,18,135
279,151,17,284,15,467
281,116,17,284,15,432
283,83,17,284,15,399
284,100,17,251,15,383
287,49,17,251,15,332
288,33,17,251,15,316
289,16,17,251,15,299
290,17,33,218,15,283
292,199,17,33,18,267
293,183,17,33,18,251
294,164,17,33,18,232
297,115,17,33,18,183
298,99,17,33,18,167
299,82,17,33,18,150
300,67,17,33,18,135
301,49,17,33,18,117
302,32,17,33,18,100
304,0,17,33,18,68
307,0,33,101,17,151
309,34,33,51,18,136
311,33,34,35,15,117
312,15,34,35,15,99
313,17,17,35,15,84
314,34,18,15,17,84
315,17,18,15,17,67
316,33,17,33,18,101
317,15,17,33,18,83
318,17,33,34,17,101
319,16,17,34,17,84
321,18,16,150,17,201
322,33,15,118,17,183
324,15,35,83,17,150
325,17,18,83,17,135
327,16,17,50,17,100
329,17,15,18,17,67
330,15,35,15,19,84
332,32,19,14,18,83
334,19,32,33,18,102
335,32,33,116,17,198
336,18,33,116,17,184
337,0,33,116,17,166
338,33,16,82,17,148
339,18,16,82,17,133
341,17,15,50,17,99
342,15,35,15,17,82
343,35,32,18,16,101
345,15,17,18,16,66
346,17,34,16,17,84
347,34,33,16,17,100
348,16,33,16,17,82
350,17,33,19,16,85
351,0,33,19,16,68
353,35,33,50,15,133
354,16,33,50,15,114
355,15,18,50,15,98
356,83,35,16,15,149
357,65,35,16,15,131
360,15,35,16,15,81
361,18,17,16,15,66
362,33,15,36,16,100
365,18,18,16,16,68
367,99,32,18,17,166
369,67,32,18,17,134
370,51,32,18,17,118
371,32,32,18,17,99
373,0,32,18,17,67
375,18,17,17,17,69
377,17,17,16,17,67
378,166,17,16,16,215
379,149,17,16,16,198
380,133,17,16,16,182
381,116,17,16,16,165
384,67,17,16,16,116
386,34,17,16,16,83
389,16,16,35,17,84
390,84,32,35,15,166
391,85,15,35,15,150
392,68,15,35,15,133
393,50,15,35,15,115
394,83,33,18,15,149
395,67,33,18,15,133
396,65,18,18,15,116
397,50,18,18,15,101
399,15,18,18,15,66
400,18,33,18,17,86
401,18,15,18,17,68
402,198,17,51,15,281
403,183,17,51,15,266
404,165,17,51,15,248
406,132,17,51,15,215
407,117,17,51,15,200
408,100,17,51,15,183
409,82,17,51,15,165
410,66,17,51,15,149
413,67,33,17,18,135
414,50,33,17,18,118
415,33,33,17,18,101
416,16,33,17,18,84
417,18,15,17,18,68
419,35,33,82,18,168
420,33,18,82,18,151
421,15,18,82,18,133
424,33,18,14,18,83
425,36,32,16,16,100
426,18,32,16,16,82
427,14,18,16,16,64
428,18,32,16,18,84
429,16,16,16,18,66
430,16,34,18,17,85
431,16,18,18,17,69
432,18,35,31,18,102
434,17,31,34,17,99
435,17,14,34,17,82
436,32,16,17,17,82
437,102,33,15,18,168
438,84,33,15,18,150
439,68,33,15,18,134
440,51,33,15,18,117
442,18,33,15,18,84
443,16,17,15,18,66
444,17,33,32,18,100
445,15,18,32,18,83
447,0,32,18,17,67
448,33,17,83,15,148
449,18,17,83,15,133
450,82,33,119,16,250
451,65,33,119,16,233
452,49,33,119,16,217
453,118,16,52,16,202
454,99,16,52,16,183
458,34,16,52,16,118
459,16,16,52,16,100
460,16,34,83,18,151
461,68,33,149,17,267
463,34,33,149,17,233
464,16,33,149,17,215
465,33,34,115,17,199
466,66,16,134,17,233
467,50,16,134,17,217
468,34,16,134,17,201
469,32,34,100,17,183
472,32,17,85,15,149
473,15,17,85,15,132
474,17,34,51,15,117
475,17,17,51,15,100
476,83,36,47,17,183
478,48,36,47,17,148
481,36,32,15,17,100
483,15,17,15,17,64
485,217,16,83,16,332
486,202,16,83,16,317
487,185,16,83,16,300
488,167,16,83,16,282
489,149,16,83,16,264
490,133,16,83,16,248
491,118,16,83,16,233
492,101,16,83,16,216
493,84,16,83,16,199
494,67,16,83,16,182
495,51,16,83,16,166
496,34,16,83,16,149
498,16,34,49,16,115
499,15,19,49,16,99
500,19,33,16,16,84
501,0,33,16,16,65
502,82,35,31,18,166
503,66,35,31,18,150
504,50,35,31,18,134
505,34,35,31,18,118
507,84,16,51,15,166
508,68,16,51,15,150
509,148,18,17,16,199
511,117,18,17,16,168
514,66,18,17,16,117
515,51,18,17,16,102
517,17,18,17,16,68
518,83,34,83,17,217
524,33,18,49,17,117
525,16,18,49,17,100
526,84,34,16,18,152
527,66,34,16,18,134
529,83,18,15,18,134
530,67,18,15,18,118
531,50,18,15,18,101
533,34,33,15,17,99
534,33,18,15,17,83
535,15,18,15,17,65
536,18,32,16,19,85
537,15,17,16,19,67
538,17,35,16,18,86
540,19,34,82,17,152
541,16,18,82,17,133
542,32,18,50,17,117
544,33,19,33,17,102
545,15,19,33,17,84
546,19,33,17,16,85
547,33,33,82,18,166
549,33,33,49,18,133
551,17,16,49,18,100
552,33,16,16,18,83
554,16,34,85,14,149
556,84,33,34,16,167
557,66,33,34,16,149
559,34,33,34,16,117
560,36,14,34,16,100
561,19,14,34,16,83
562,14,34,33,18,99
563,17,17,33,18,85
566,17,33,116,18,184
567,0,33,116,18,167
568,15,33,83,18,149
570,16,34,49,18,117
571,150,18,150,16,334
572,131,18,150,16,315
573,116,18,150,16,300
575,82,18,150,16,266
576,67,18,150,16,251
577,49,18,150,16,233
578,32,18,150,16,216
579,15,18,150,16,199
580,18,33,117,16,184
581,17,16,117,16,166
583,17,14,86,16,133
584,150,34,316,17,517
586,116,34,316,17,483
588,84,34,316,17,451
589,67,34,316,17,434
592,16,34,316,17,383
593,15,19,316,17,367
594,19,32,284,17,352
595,16,16,284,17,333
597,83,17,234,17,351
598,67,17,234,17,335
599,49,17,234,17,317
600,34,17,234,17,302
601,32,34,200,17,283
602,17,34,200,17,268
603,34,32,168,17,251
604,18,32,168,17,235
606,83,33,85,17,218
607,151,17,17,17,202
608,133,17,17,17,184
609,151,17,148,17,333
613,85,17,148,17,267
615,50,17,148,17,232
616,34,17,148,17,216
617,17,17,148,17,199
618,0,17,148,17,182
621,18,15,83,17,133
624,33,16,33,18,100
625,235,32,16,18,301
626,218,32,16,18,284
627,202,32,16,18,268
628,186,32,16,18,252
629,169,32,16,18,235
630,151,32,16,18,217
631,135,32,16,18,201
633,102,32,16,18,168
634,86,32,16,18,152
637,36,32,16,18,102
638,16,32,16,18,82
640,17,34,34,15,100
641,115,18,33,17,183
643,81,18,33,17,149
644,65,18,33,17,133
645,265,32,18,17,332
648,218,32,18,17,285
650,184,32,18,17,251
651,167,32,18,17,234
654,117,32,18,17,184
655,99,32,18,17,166
656,84,32,18,17,151
657,66,32,18,17,133
659,65,35,33,16,149
660,48,35,33,16,132
661,32,35,33,16,116
662,14,35,33,16,98
663,0,35,33,16,84
664,32,18,16,17,83
666,18,33,35,16,102
667,33,35,32,18,118
668,17,35,32,18,102
669,35,32,33,21,121
670,17,32,33,21,103
671,0,32,33,21,86
672,34,15,302,14,365
673,84,15,236,14,349
674,115,35,167,14,331
675,100,35,167,14,316
676,79,35,167,14,295
677,66,35,167,14,282
678,49,35,167,14,265
679,34,35,167,14,250
680,16,35,167,14,232
681,35,33,134,14,216
684,33,16,102,14,165
685,16,16,102,14,148
686,33,17,68,14,132
687,84,18,14,17,133
688,67,18,14,17,116
694,0,17,18,16,51
695,0,34,17,18,69
696,16,35,31,18,100
697,17,18,31,18,84
698,18,31,18,17,84
700,82,36,15,17,150
701,83,19,15,17,134
703,48,19,15,17,99
704,32,19,15,17,83
705,36,32,37,13,118
706,19,32,37,13,101
707,0,32,37,13,82
711,13,18,83,17,131
712,18,33,50,17,118
713,117,16,149,17,299
714,102,16,149,17,284
715,84,16,149,17,266
716,68,16,149,17,250
717,50,16,149,17,232
718,82,33,84,17,216
720,48,33,84,17,182
721,51,14,84,17,166
722,35,14,84,17,150
723,19,14,84,17,134
725,34,34,216,18,302
726,34,16,216,18,284
728,83,32,117,18,250
729,3449,17,16,17,3499
730,3433,17,16,17,3483
731,3416,17,16,17,3466
732,3399,17,16,17,3449
733,3382,17,16,17,3432
736,3332,17,16,17,3382
737,3316,17,16,17,3366
738,3300,17,16,17,3350
740,3265,17,16,17,3315
743,3215,17,16,17,3265
744,3198,17,16,17,3248
745,3182,17,16,17,3232
747,3147,17,16,17,3197
748,3135,17,16,17,3185
749,3116,17,16,17,3166
750,3099,17,16,17,3149
751,3082,17,16,17,3132
752,3065,17,16,17,3115
753,3049,17,16,17,3099
754,3033,17,16,17,3083
755,3017,17,16,17,3067
756,2999,17,16,17,3049
758,2966,17,16,17,3016
759,2947,17,16,17,2997
760,2932,17,16,17,2982
762,2899,17,16,17,2949
763,2882,17,16,17,2932
764,2865,17,16,17,2915
765,2851,17,16,17,2901
767,2816,17,16,17,2866
771,2748,17,16,17,2798
772,2729,17,16,17,2779
773,2768,33,19,14,2834
774,2749,33,19,14,2815
775,2733,33,19,14,2799
776,2717,33,19,14,2783
777,2700,33,19,14,2766
778,2681,33,19,14,2747
779,2666,33,19,14,2732
780,2649,33,19,14,2715
781,2632,33,19,14,2698
782,2615,33,19,14,2681
783,2599,33,19,14,2665
785,2565,33,19,14,2631
786,2549,33,19,14,2615
787,2532,33,19,14,2598
788,2517,33,19,14,2583
790,2483,33,19,14,2549
791,2466,33,19,14,2532
792,2447,33,19,14,2513
793,2431,33,19,14,2497
794,2415,33,19,14,2481
795,2400,33,19,14,2466
797,2365,33,19,14,2431
798,2349,33,19,14,2415
799,2331,33,19,14,2397
801,2300,33,19,14,2366
802,2282,33,19,14,2348
804,2249,33,19,14,2315
805,2232,33,19,14,2298
806,2216,33,19,14,2282
809,2166,33,19,14,2232
810,2149,33,19,14,2215
811,2133,33,19,14,2199
812,2133,15,19,14,2181
813,2117,15,19,14,2165
815,2084,15,19,14,2132
816,2068,15,19,14,2116
817,2050,15,19,14,2098
818,2034,15,19,14,2082
819,2016,15,19,14,2064
820,2001,15,19,14,2049
822,1967,15,19,14,2015
823,1951,15,19,14,1999
824,1933,15,19,14,1981
825,1917,15,19,14,1965
826,1901,15,19,14,1949
828,1868,15,19,14,1916
829,1849,15,19,14,1897
831,1816,15,19,14,1864
832,1801,15,19,14,1849
833,1785,15,19,14,1833
834,1767,15,19,14,1815
835,1750,15,19,14,1798
836,1732,15,19,14,1780
837,1716,15,19,14,1764
838,1699,15,19,14,1747
839,1683,15,19,14,1731
842,1632,15,19,14,1680
844,1599,15,19,14,1647
847,1550,15,19,14,1598
848,1534,15,19,14,1582
849,1517,15,19,14,1565
850,1500,15,19,14,1548
851,1484,15,19,14,1532
852,1468,15,19,14,1516
853,1517,17,16,18,1568
855,1484,17,16,18,1535
856,1467,17,16,18,1518
857,1451,17,16,18,1502
858,1433,17,16,18,1484
859,1418,17,16,18,1469
860,1401,17,16,18,1452
862,1366,17,16,18,1417
863,1352,17,16,18,1403
864,1335,17,16,18,1386
866,1300,17,16,18,1351
867,1283,17,16,18,1334
868,1268,17,16,18,1319
869,1252,17,16,18,1303
871,1216,17,16,18,1267
872,1201,17,16,18,1252
875,1150,17,16,18,1201
876,1134,17,16,18,1185
877,1117,17,16,18,1168
879,1083,17,16,18,1134
881,1051,17,16,18,1102
882,1034,17,16,18,1085
883,1017,17,16,18,1068
886,969,17,16,18,1020
889,917,17,16,18,968
890,900,17,16,18,951
893,852,17,16,18,903
894,835,17,16,18,886
895,818,17,16,18,869
897,785,17,16,18,836
901,717,17,16,18,768
902,701,17,16,18,752
903,685,17,16,18,736
904,666,17,16,18,717
906,632,17,16,18,683
907,616,17,16,18,667
908,600,17,16,18,651
911,551,17,16,18,602
912,535,17,16,18,586
913,517,17,16,18,568
914,501,17,16,18,552
915,484,17,16,18,535
917,451,17,16,18,502
918,433,17,16,18,484
919,418,17,16,18,469
920,400,17,16,18,451
922,367,17,16,18,418
924,335,17,16,18,386
925,318,17,16,18,369
926,300,17,16,18,351
928,268,17,16,18,319
929,249,17,16,18,300
930,233,17,16,18,284
931,218,17,16,18,269
935,151,17,16,18,202
936,135,17,16,18,186
937,118,17,16,18,169
938,102,17,16,18,153
939,85,17,16,18,136
942,33,17,16,18,84
943,19,17,16,18,70
946,33,16,35,15,99
948,167,17,50,17,251
949,151,17,50,17,235
950,133,17,50,17,217
951,116,17,50,17,200
953,83,17,50,17,167
954,117,35,82,17,251
956,83,35,82,17,217
957,65,35,82,17,199
958,49,35,82,17,183
960,81,35,16,17,149
962,48,35,16,17,116
963,49,17,16,17,99
964,33,17,16,17,83
965,18,17,16,17,68
967,16,17,17,16,66
969,33,32,149,18,232
970,83,33,81,18,215
975,16,17,81,18,132
976,17,33,117,16,183
977,33,34,83,16,166
978,15,34,83,16,148
979,34,32,51,16,133
982,18,33,18,16,85
983,33,34,16,19,102
986,16,35,17,14,82
987,35,31,18,18,102
988,19,31,18,18,86
989,0,31,18,18,67
991,0,36,180,20,236
993,83,16,81,20,200
995,85,15,49,20,169
997,100,36,15,17,168
999,65,36,15,17,133
1000,48,36,15,17,116
1001,33,36,15,17,101
1002,15,36,15,17,83
1003,36,32,699,19,786
1004,20,32,699,19,770
1005,0,32,699,19,750
1006,0,17,699,19,735
1007,0,35,664,19,718
1008,18,32,632,19,701
1009,81,18,565,19,683
1011,49,18,565,19,651
1012,82,35,498,19,634
1013,133,34,431,19,617
1014,118,34,431,19,602
1017,68,34,431,19,552
1018,51,34,431,19,535
1019,33,34,431,19,517
1020,17,34,431,19,501
1021,15,19,431,19,484
1025,20,12,367,19,418
1026,12,35,332,19,398
1030,18,32,267,19,336
1031,17,15,267,19,318
1033,18,17,232,19,286
1034,17,32,200,19,268
1035,32,35,165,19,251
1036,34,16,165,19,234
1038,16,33,132,19,200
1039,15,18,132,19,184
1040,18,31,154,15,218
1042,16,35,119,15,185
1044,16,34,85,15,150
1046,33,16,151,17,217
1047,16,16,151,17,200
1048,35,17,115,17,184
1051,17,15,83,17,132
1052,31,17,50,17,115
1054,17,33,17,17,84
1055,101,33,33,16,183
1056,84,33,33,16,166
1057,68,33,33,16,150
1058,51,33,33,16,133
1059,34,33,33,16,116
1060,18,33,33,16,100
1061,16,17,33,16,82
1062,99,16,18,16,149
1063,82,16,18,16,132
1065,49,16,18,16,99
1066,33,16,18,16,83
1067,17,16,18,16,67
1069,83,19,150,15,267
1070,384,32,16,18,450
1071,368,32,16,18,434
1072,351,32,16,18,417
1073,334,32,16,18,400
1074,319,32,16,18,385
1075,300,32,16,18,366
1076,284,32,16,18,350
1077,268,32,16,18,334
1081,202,32,16,18,268
1082,182,32,16,18,248
1083,168,32,16,18,234
1084,150,32,16,18,216
1086,117,32,16,18,183
1087,100,32,16,18,166
1088,84,32,16,18,150
1089,68,32,16,18,134
1090,51,32,16,18,117
1095,84,18,82,18,202
1096,152,34,17,16,219
1097,134,34,17,16,201
1098,116,34,17,16,183
1100,84,34,17,16,151
1101,82,18,17,16,133
1102,67,18,17,16,118
1103,134,31,50,19,234
1105,100,31,50,19,200
1106,84,31,50,19,184
1109,33,31,50,19,133
1111,16,15,50,19,100
1112,15,35,34,16,100
1113,18,17,34,16,85
1114,32,19,16,17,84
1117,33,33,16,18,100
1118,33,17,16,18,84
1119,67,33,33,17,150
1120,51,33,33,17,134
1121,34,33,33,17,117
1122,18,33,33,17,101
1124,18,33,33,18,102
1125,17,16,33,18,84
1126,33,16,18,15,82
1129,183,18,17,16,234
1131,150,18,17,16,201
1132,133,18,17,16,184
1133,114,18,17,16,165
1134,100,18,17,16,151
1135,82,18,17,16,133
1136,217,33,151,17,418
1137,200,33,151,17,401
1138,184,33,151,17,385
1140,151,33,151,17,352
1141,133,33,151,17,334
1143,100,33,151,17,301
1144,83,33,151,17,284
1147,35,33,151,17,236
1148,136,14,119,17,286
1150,102,14,119,17,252
1151,85,14,119,17,235
1155,18,14,119,17,168
1156,14,35,84,17,150
1159,17,17,50,17,101
1160,33,17,17,17,84
1161,16,17,17,17,67
1162,34,17,14,17,82
1163,17,17,14,17,65
1166,450,35,49,16,550
1167,433,35,49,16,533
1168,416,35,49,16,516
1169,398,35,49,16,498
1170,384,35,49,16,484
1172,348,35,49,16,448
1173,332,35,49,16,432
1175,298,35,49,16,398
1176,283,35,49,16,383
1177,265,35,49,16,365
1178,247,35,49,16,347
1180,215,35,49,16,315
1182,181,35,49,16,281
1183,166,35,49,16,266
1186,117,35,49,16,217
1188,83,35,49,16,183
1189,65,35,49,16,165
1192,82,33,68,19,202
1193,67,33,68,19,187
1194,48,33,68,19,168
1196,32,16,68,19,135
1197,84,17,116,18,235
1198,116,35,49,18,218
1199,100,35,49,18,202
1200,81,35,49,18,183
1202,84,31,18,18,151
1204,48,31,18,18,115
1206,33,15,18,18,84
1207,16,15,18,18,67
1210,18,34,115,17,184
1212,19,32,83,17,151
1213,15,17,83,17,132
1214,17,34,49,17,117
1216,34,15,84,18,151
1218,32,17,50,18,117
1219,17,17,50,18,102
1220,17,32,18,18,85
1221,501,32,83,18,634
1222,487,32,83,18,620
1224,451,32,83,18,584
1225,433,32,83,18,566
1226,418,32,83,18,551
1227,401,32,83,18,534
1228,385,32,83,18,518
1229,369,32,83,18,502
1230,350,32,83,18,483
1233,301,32,83,18,434
1234,283,32,83,18,416
1236,250,32,83,18,383
1237,235,32,83,18,368
1238,216,32,83,18,349
1239,202,32,83,18,335
1241,168,32,83,18,301
1243,133,32,83,18,266
1245,101,32,83,18,234
1246,84,32,83,18,217
1247,64,32,83,18,197
1249,35,32,83,18,168
1250,17,32,83,18,150
1251,83,15,68,15,181
1254,33,15,68,15,131
1255,17,15,68,15,115
1256,32,18,33,15,98
1258,18,33,15,18,84
1260,32,18,249,18,317
1261,84,16,182,18,300
1263,51,16,182,18,267
1264,184,32,367,16,599
1266,150,32,367,16,565
1267,134,32,367,16,549
1269,101,32,367,16,516
1270,84,32,367,16,499
1273,34,32,367,16,449
1274,82,33,300,16,431
1275,66,33,300,16,415
1276,50,33,300,16,399
1277,34,33,300,16,383
1278,18,33,300,16,367
1279,0,33,300,16,349
1280,18,33,267,16,334
1282,34,18,233,16,301
1283,83,16,168,16,283
1284,67,16,168,16,267
1286,33,16,168,16,233
1289,18,16,134,16,184
1293,31,37,81,15,164
1294,31,19,81,15,146
1295,37,31,50,15,133
1296,35,15,50,15,115
1297,65,31,35,16,147
1298,49,31,35,16,131
1299,34,31,35,16,116
1301,16,15,35,16,82
1303,218,16,85,16,335
1305,183,16,85,16,300
1307,150,16,85,16,267
1308,132,16,85,16,249
1310,101,16,85,16,218
1313,48,16,85,16,165
1314,34,16,85,16,151
1315,16,16,85,16,133
1316,16,34,51,16,117
1317,19,15,51,16,101
1321,17,16,134,16,183
1322,100,16,50,17,183
1323,84,16,50,17,167
1324,66,16,50,17,149
1325,51,16,50,17,134
1327,17,16,50,17,100
1328,16,34,16,17,83
1329,18,16,16,17,67
1331,33,32,17,16,98
1332,17,32,17,16,82
1333,32,33,33,18,116
1334,32,16,33,18,99
1335,17,16,33,18,84
1336,34,15,18,19,86
1337,33,37,32,17,119
1338,15,37,32,17,101
1339,18,19,32,17,86
1340,19,32,17,16,84
1343,84,15,118,16,233
1344,67,15,118,16,216
1345,51,15,118,16,200
1346,35,15,118,16,184
1348,15,35,83,16,149
1349,83,18,83,16,200
1350,65,18,83,16,182
1351,48,18,83,16,165
1352,83,33,84,16,216
1353,68,33,84,16,201
1356,32,17,84,16,149
1357,16,17,84,16,133
1358,17,33,51,16,117
1359,100,35,14,18,167
1360,83,35,14,18,150
1361,67,35,14,18,134
1363,32,35,14,18,99
1364,33,18,14,18,83
1365,17,18,14,18,67
1366,116,34,84,15,249
1369,66,34,84,15,199
1370,48,34,84,15,181
1371,33,34,84,15,166
1372,17,34,84,15,150
1373,34,33,116,18,201
1375,17,16,116,18,167
1376,16,34,82,18,150
1379,100,33,84,17,234
1380,83,33,84,17,217
1381,68,33,84,17,202
1382,84,33,51,17,185
1384,51,33,51,17,152
1385,83,18,33,17,151
1386,68,18,33,17,136
1387,50,18,33,17,118
1388,33,18,33,17,101
1389,17,18,33,17,85
1390,34,17,32,16,99
1391,1598,33,16,17,1664
1392,1582,33,16,17,1648
1394,1548,33,16,17,1614
1395,1533,33,16,17,1599
1396,1517,33,16,17,1583
1397,1498,33,16,17,1564
1398,1482,33,16,17,1548
1400,1448,33,16,17,1514
1402,1415,33,16,17,1481
1404,1382,33,16,17,1448
1405,1366,33,16,17,1432
1406,1350,33,16,17,1416
1407,1334,33,16,17,1400
1409,1299,33,16,17,1365
1413,1233,33,16,17,1299
1414,1216,33,16,17,1282
1416,1182,33,16,17,1248
1417,1167,33,16,17,1233
1419,1134,33,16,17,1200
1420,1116,33,16,17,1182
1422,1082,33,16,17,1148
1423,1068,33,16,17,1134
1425,1032,33,16,17,1098
1426,1017,33,16,17,1083
1427,1001,33,16,17,1067
1430,949,33,16,17,1015
1431,934,33,16,17,1000
1434,882,33,16,17,948
1435,866,33,16,17,932
1436,851,33,16,17,917
1437,833,33,16,17,899
1438,817,33,16,17,883
1439,801,33,16,17,867
1440,784,33,16,17,850
1441,765,33,16,17,831
1442,750,33,16,17,816
1443,732,33,16,17,798
1446,683,33,16,17,749
1447,667,33,16,17,733
1448,649,33,16,17,715
1449,636,33,16,17,702
1451,600,33,16,17,666
1453,566,33,16,17,632
1456,516,33,16,17,582
1457,501,33,16,17,567
1458,484,33,16,17,550
1459,466,33,16,17,532
1460,451,33,16,17,517
1461,434,33,16,17,500
1462,417,33,16,17,483
1463,400,33,16,17,466
1465,367,33,16,17,433
1466,350,33,16,17,416
1467,331,33,16,17,397
1469,301,33,16,17,367
1471,268,33,16,17,334
1472,250,33,16,17,316
1476,184,33,16,17,250
1477,165,33,16,17,231
1479,132,33,16,17,198
1480,118,33,16,17,184
1481,101,33,16,17,167
1482,82,33,16,17,148
1483,67,33,16,17,133
1484,82,33,34,17,166
1486,50,33,34,17,134
1487,83,17,17,17,134
1488,66,17,17,17,117
1491,17,17,17,17,68
1492,34,17,33,17,101
1494,17,33,35,16,101
1495,16,17,35,16,84
1496,17,35,16,16,84
1498,34,16,16,16,82
1500,16,32,17,16,81
1501,16,16,17,16,65
1502,84,33,16,18,151
1504,51,33,16,18,118
1505,136,33,15,16,200
1508,85,33,15,16,149
1509,68,33,15,16,132
1510,52,33,15,16,116
1511,34,33,15,16,98
1512,17,33,15,16,81
1513,0,33,15,16,64
1514,18,31,19,17,85
1515,15,16,19,17,67
1516,35,17,31,20,103
1518,233,17,16,17,283
1519,216,17,16,17,266
1520,200,17,16,17,250
1521,185,17,16,17,235
1522,165,17,16,17,215
1525,117,17,16,17,167
1526,100,17,16,17,150
1527,84,17,16,17,134
1528,118,33,50,16,217
1529,102,33,50,16,201
1531,66,33,50,16,165
1532,50,33,50,16,149
1533,33,33,50,16,132
1535,0,33,50,16,99
1536,16,32,18,16,82
1538,15,34,33,16,98
1540,82,34,17,16,149
1541,66,34,17,16,133
1542,49,34,17,16,116
1543,33,34,17,16,100
1544,37,14,17,16,84
1545,20,14,17,16,67
1546,14,33,34,17,98
1547,33,34,33,16,116
1548,16,34,33,16,99
1549,17,17,33,16,83
1550,17,33,84,17,151
1552,16,34,50,17,117
1553,101,31,618,16,766
1554,85,31,618,16,750
1556,52,31,618,16,717
1557,33,31,618,16,698
1558,17,31,618,16,682
1559,182,18,449,16,665
1560,168,18,449,16,651
1561,151,18,449,16,634
1562,134,18,449,16,617
1564,98,18,449,16,581
1565,82,18,449,16,565
1567,234,35,248,16,533
1569,201,35,248,16,500
1570,184,35,248,16,483
1573,134,35,248,16,433
1574,118,35,248,16,417
1575,99,35,248,16,398
1576,84,35,248,16,383
1577,66,35,248,16,365
1578,50,35,248,16,349
1580,17,35,248,16,316
1581,83,18,182,16,299
1583,48,18,182,16,264
1586,34,18,148,16,216
1587,34,32,116,16,198
1588,18,32,116,16,182
1589,32,32,84,16,164
1590,17,32,84,16,149
1591,17,15,84,16,132
1592,33,17,49,16,115
1593,35,34,15,16,100
1594,36,15,15,16,82
1595,19,15,15,16,65
1596,15,31,85,16,147
1598,16,35,50,16,117
1599,0,35,50,16,101
1600,84,33,16,19,152
1602,50,33,16,19,118
1604,16,33,16,19,84
1607,16,19,16,17,68
1608,19,33,17,15,84
1609,33,32,17,16,98
1610,34,15,17,16,82
1611,17,15,17,16,65
1614,16,33,17,18,84
1616,133,17,17,16,183
1619,82,17,17,16,132
1621,49,17,17,16,99
1623,17,17,17,16,67
1624,34,16,17,17,84
1625,33,34,17,16,100
1626,33,17,17,16,83
1627,17,17,17,16,67
1629,33,34,15,18,100
1630,33,17,15,18,83
1632,17,33,17,16,83
1633,33,33,84,16,166
1634,18,33,84,16,151
1635,84,15,84,18,201
1636,82,34,50,18,184
1641,34,37,13,18,102
1642,16,37,13,18,84
1643,84,16,33,18,151
1644,68,16,33,18,135
1645,47,16,33,18,114
1646,34,16,33,18,101
1647,16,16,33,18,83
1648,32,17,35,15,99
1651,18,17,15,18,68
1652,17,33,699,16,765
1653,99,33,600,16,748
1654,84,33,600,16,733
1655,66,33,600,16,715
1657,34,33,600,16,683
1658,117,34,499,16,666
1659,100,34,499,16,649
1660,82,34,499,16,631
1661,67,34,499,16,616
1662,117,32,434,16,599
1664,83,32,434,16,565
1665,67,32,434,16,549
1667,82,18,399,16,515
1668,65,18,399,16,498
1670,30,18,399,16,463
1671,17,18,399,16,450
1672,18,32,367,16,433
1674,16,34,333,16,399
1675,16,18,333,16,383
1676,18,34,299,16,367
1677,34,32,267,16,349
1679,32,33,234,16,315
1680,16,33,234,16,299
1681,17,16,234,16,283
1682,33,16,201,16,266
1683,101,34,99,16,250
1684,84,34,99,16,233
1685,68,34,99,16,217
1686,49,34,99,16,198
1689,216,16,85,17,334
1691,182,16,85,17,300
1693,149,16,85,17,267
1694,132,16,85,17,250
1695,117,16,85,17,235
1696,102,16,85,17,220
1697,83,16,85,17,201
1698,67,16,85,17,185
1700,33,16,85,17,151
1701,17,16,85,17,135
1702,200,17,33,17,267
1703,184,17,33,17,251
1705,148,17,33,17,215
1707,115,17,33,17,182
1708,99,17,33,17,166
1709,82,17,33,17,149
1710,66,17,33,17,133
1711,51,17,33,17,118
1712,33,17,33,17,100
1713,16,17,33,17,83
1714,17,33,34,16,100
1715,135,33,16,16,200
1716,119,33,16,16,184
1718,85,33,16,16,150
1721,1084,17,32,17,1150
1722,1068,17,32,17,1134
1724,1033,17,32,17,1099
1727,984,17,32,17,1050
1728,967,17,32,17,1033
1729,951,17,32,17,1017
1731,916,17,32,17,982
1732,900,17,32,17,966
1733,884,17,32,17,950
1734,867,17,32,17,933
1735,852,17,32,17,918
1736,834,17,32,17,900
1737,817,17,32,17,883
1738,800,17,32,17,866
1739,783,17,32,17,849
1740,766,17,32,17,832
1741,749,17,32,17,815
1742,733,17,32,17,799
1743,718,17,32,17,784
1744,701,17,32,17,767
1746,667,17,32,17,733
1748,700,16,84,17,817
1749,682,16,84,17,799
1751,650,16,84,17,767
1752,634,16,84,17,751
1753,617,16,84,17,734
1754,600,16,84,17,717
1756,566,16,84,17,683
1757,551,16,84,17,668
1758,532,16,84,17,649
1759,517,16,84,17,634
1760,500,16,84,17,617
1761,483,16,84,17,600
1764,432,16,84,17,549
1765,417,16,84,17,534
1766,399,16,84,17,516
1767,383,16,84,17,500
1768,367,16,84,17,484
1770,332,16,84,17,449
1771,316,16,84,17,433
1772,301,16,84,17,418
1774,266,16,84,17,383
1776,233,16,84,17,350
1777,215,16,84,17,332
1778,198,16,84,17,315
1779,183,16,84,17,300
1780,166,16,84,17,283
1781,150,16,84,17,267
1782,133,16,84,17,250
1783,118,16,84,17,235
1785,83,16,84,17,200
1788,33,16,84,17,150
1789,33,34,82,17,166
1790,16,34,82,17,149
1791,116,17,150,18,301
1794,66,17,150,18,251
1795,49,17,150,18,234
1796,32,17,150,18,217
1797,15,17,150,18,200
1798,17,34,116,18,185
1799,0,34,116,18,168
1800,16,35,81,18,150
1803,16,17,84,17,134
1804,17,32,52,17,118
1805,32,34,49,17,132
1807,16,18,49,17,100
1808,67,17,33,16,133
1810,31,17,33,16,97
1811,14,17,33,16,80
1812,85,32,51,17,185
1813,68,32,51,17,168
1814,52,32,51,17,152
1817,16,16,51,17,100
1819,18,15,18,17,68
1821,18,17,17,14,66
1822,34,14,19,16,83
1823,17,14,19,16,66
1825,35,32,18,17,102
1826,149,33,33,19,234
1827,133,33,33,19,218
1828,116,33,33,19,201
1829,150,17,19,14,200
1833,83,17,19,14,133
1834,66,17,19,14,116
1835,49,17,19,14,99
1837,66,34,119,15,234
1839,33,34,119,15,201
1840,14,34,119,15,182
1842,15,33,86,15,149
1845,0,34,52,15,101
1846,16,34,18,15,83
1847,16,18,18,15,67
1848,18,33,14,20,85
1849,215,18,82,19,334
1850,197,18,82,19,316
1851,182,18,82,19,301
1852,168,18,82,19,287
1853,148,18,82,19,267
1854,132,18,82,19,251
1857,82,18,82,19,201
1858,66,18,82,19,185
1860,31,18,82,19,150
1861,16,18,82,19,135
1862,18,33,49,19,119
1863,0,33,49,19,101
1864,16,34,34,16,100
1866,103,16,32,17,168
1867,85,16,32,17,150
1868,70,16,32,17,135
1869,51,16,32,17,116
1870,35,16,32,17,100
1873,16,16,17,16,65
1874,85,31,16,17,149
1876,52,31,16,17,116
1877,100,35,14,18,167
1878,84,35,14,18,151
1879,64,35,14,18,131
1880,49,35,14,18,116
1881,33,35,14,18,100
1882,17,35,14,18,84
1883,35,32,84,17,168
1885,14,18,84,17,133
1886,18,33,51,17,119
1887,17,16,51,17,101
1888,34,15,35,15,99
1891,69,31,151,15,266
1893,34,31,151,15,231
1894,19,31,151,15,216
1897,134,32,252,16,434
1898,117,32,252,16,417
1899,100,32,252,16,400
1900,82,32,252,16,382
1901,67,32,252,16,367
1902,50,32,252,16,350
1903,34,32,252,16,334
1904,17,32,252,16,317
1905,17,15,252,16,300
1906,15,35,217,16,283
1907,19,16,217,16,268
1911,34,33,118,16,201
1912,33,17,118,16,184
1913,16,17,118,16,167
1914,34,17,84,16,151
1915,34,33,51,16,134
1916,17,33,51,16,117
1919,0,33,18,16,67
1922,16,34,49,17,116
1923,34,33,33,14,114
1924,32,17,33,14,96
1925,149,18,15,17,199
1926,133,18,15,17,183
1927,166,33,18,16,233
1928,150,33,18,16,217
1929,133,33,18,16,200
1930,119,33,18,16,186
1932,83,33,18,16,150
1935,32,33,18,16,99
1936,33,17,18,16,84
1939,34,33,68,15,150
1940,283,32,17,16,348
1942,251,32,17,16,316
1943,234,32,17,16,299
1944,218,32,17,16,283
1946,182,32,17,16,247
1947,166,32,17,16,231
1948,151,32,17,16,216
1951,101,32,17,16,166
1954,50,32,17,16,115
1955,83,16,119,17,235
1956,65,16,119,17,217
1957,149,17,52,16,234
1958,133,17,52,16,218
1959,117,17,52,16,202
1960,100,17,52,16,185
1961,84,17,52,16,169
1963,50,17,52,16,135
1964,33,17,52,16,118
1966,17,35,33,16,101
1967,18,17,33,16,84
1968,17,33,31,18,99
1969,0,33,31,18,82
1973,0,35,16,16,67
1976,16,34,35,15,100
1978,17,35,349,17,418
1979,16,19,349,17,401
1980,34,17,317,17,385
1982,0,17,317,17,351
1983,15,18,284,17,334
1984,18,33,251,17,319
1985,33,33,218,17,301
1987,33,34,184,17,268
1989,83,17,118,17,235
1991,116,19,49,17,201
1992,100,19,49,17,185
1993,83,19,49,17,168
1994,86,32,17,17,152
1995,69,32,17,17,135
2000,17,34,15,19,85
2001,17,17,15,19,68
2002,17,34,14,19,84
2003,0,34,14,19,67
2005,33,31,17,17,98
2006,19,31,17,17,84
2007,16,15,17,17,65
2008,32,17,17,16,82
2013,83,18,34,17,152
2014,66,18,34,17,135
2015,49,18,34,17,118
2016,32,18,34,17,101
2018,18,34,17,14,83
2019,17,17,17,14,65
2020,17,31,36,15,99
2021,17,14,36,15,82
2022,33,17,82,16,148
2023,36,32,50,16,134
2025,82,16,152,14,264
2026,67,16,152,14,249
2027,50,16,152,14,232
2028,35,16,152,14,217
2029,32,35,117,14,198
2030,16,35,117,14,182
2031,18,17,117,14,166
2032,32,17,85,14,148
2033,15,17,85,14,131
2034,150,33,50,18,251
2035,133,33,50,18,234
2037,100,33,50,18,201
2039,65,33,50,18,166
2041,34,33,50,18,135
2042,15,33,50,18,116
2043,18,15,50,18,101
2044,65,18,17,16,116
2045,50,18,17,16,101
2046,32,18,17,16,83
2047,16,18,17,16,67
2048,18,33,17,16,84
2049,17,16,17,16,66
2050,33,16,18,16,83
2052,16,34,16,18,84
2054,182,33,118,17,350
2055,166,33,118,17,334
2056,150,33,118,17,318
2057,132,33,118,17,300
2058,116,33,118,17,284
2059,100,33,118,17,268
2060,83,33,118,17,251
2061,67,33,118,17,235
2062,50,33,118,17,218
2063,34,33,118,17,202
2065,16,17,118,17,168
2066,68,17,50,17,152
2068,34,17,50,17,118
2069,17,17,50,17,101
2070,84,33,84,15,216
2072,52,33,84,15,184
2074,17,33,84,15,149
2077,0,32,52,15,99
2079,0,34,18,15,67
2080,34,15,33,17,99
2081,99,34,50,17,200
2082,81,34,50,17,182
2083,66,34,50,17,167
2085,33,34,50,17,134
2086,69,15,16,17,117
2087,53,15,16,17,101
2088,36,15,16,17,84
2089,19,15,16,17,67
2091,48,18,18,17,101
2092,32,18,18,17,85
2093,15,18,18,17,68
2095,18,17,16,16,67
2098,16,35,114,18,183
2099,17,18,114,18,167
2100,84,31,119,17,251
2101,183,15,3401,15,3614
2102,167,15,3401,15,3598
2103,153,15,3401,15,3584
2104,133,15,3401,15,3564
2106,101,15,3401,15,3532
2108,84,35,3366,15,3500
2109,66,35,3366,15,3482
2110,50,35,3366,15,3466
2111,67,34,3332,15,3448
2112,50,34,3332,15,3431
2113,35,34,3332,15,3416
2114,32,19,3332,15,3398
2115,81,19,3266,15,3381
2116,85,32,3234,15,3366
2119,36,32,3234,15,3317
2120,85,32,3168,15,3300
2121,66,32,3168,15,3281
2122,51,32,3168,15,3266
2124,18,32,3168,15,3233
2125,66,33,3101,15,3215
2126,50,33,3101,15,3199
2127,34,33,3101,15,3183
2128,17,33,3101,15,3166
2129,0,33,3101,15,3149
2130,33,20,3064,15,3132
2131,86,16,2999,15,3116
2132,69,16,2999,15,3099
2133,49,16,2999,15,3079
2134,114,34,2901,15,3064
2136,80,34,2901,15,3030
2137,98,33,2868,15,3014
2138,82,33,2868,15,2998
2139,133,35,2800,15,2983
2140,117,35,2800,15,2967
2141,100,35,2800,15,2950
2142,82,35,2800,15,2932
2144,48,35,2800,15,2898
2145,33,35,2800,15,2883
2146,15,35,2800,15,2865
2147,86,15,2734,15,2850
2148,67,15,2734,15,2831
2150,35,15,2734,15,2799
2151,34,32,2702,15,2783
2153,19,13,2702,15,2749
2155,19,17,2666,15,2717
2157,217,14,2435,15,2681
2158,203,14,2435,15,2667
2159,186,14,2435,15,2650
2160,169,14,2435,15,2633
2162,134,14,2435,15,2598
2165,85,14,2435,15,2549
2166,68,14,2435,15,2532
2169,17,14,2435,15,2481
2171,0,35,2415,18,2468
2172,85,34,2314,18,2451
2173,67,34,2314,18,2433
2174,52,34,2314,18,2418
2175,34,34,2314,18,2400
2178,18,29,2285,18,2350
2179,19,10,2285,18,2332
2180,10,37,2248,18,2313
2181,37,32,2216,18,2303
2182,101,16,2149,18,2284
2183,83,16,2149,18,2266
2185,266,34,1916,18,2234
2186,250,34,1916,18,2218
2187,231,34,1916,18,2199
2188,215,34,1916,18,2183
2189,199,34,1916,18,2167
2190,181,34,1916,18,2149
2191,164,34,1916,18,2132
2192,148,34,1916,18,2116
2195,98,34,1916,18,2066
2196,165,18,1849,18,2050
2198,131,18,1849,18,2016
2199,116,18,1849,18,2001
2201,83,18,1849,18,1968
2203,49,18,1849,18,1934
2205,14,18,1849,18,1899
2206,18,35,1814,18,1885
2207,84,16,1749,18,1867
2211,16,16,1749,18,1799
2212,0,16,1749,18,1783
2213,34,32,1701,17,1784
2214,16,32,1701,17,1766
2215,16,16,1701,17,1750
2216,35,16,1666,17,1734
2217,35,32,1634,17,1718
2218,32,16,1634,17,1699
2219,16,16,1634,17,1683
2221,34,34,1566,17,1651
2222,18,34,1566,17,1635
2223,16,18,1566,17,1617
2224,18,32,1534,17,1601
2225,17,15,1534,17,1583
2228,165,18,1466,18,1667
2229,150,18,1466,18,1652
2230,133,18,1466,18,1635
2233,83,18,1466,18,1585
2234,65,18,1466,18,1567
2236,32,18,1466,18,1534
2237,15,18,1466,18,1517
2238,85,32,1367,18,1502
2240,50,32,1367,18,1467
2241,33,32,1367,18,1450
2243,15,17,1367,18,1417
2245,117,16,1234,18,1385
2246,101,16,1234,18,1369
2247,83,16,1234,18,1351
2248,66,16,1234,18,1334
2249,50,16,1234,18,1318
2250,33,16,1234,18,1301
2251,34,34,1200,18,1286
2252,33,17,1200,18,1268
2253,17,17,1200,18,1252
2255,16,19,1165,18,1218
2256,19,32,1133,18,1202
2257,82,16,1067,18,1183
2259,148,19,966,18,1151
2261,118,19,966,18,1121
2265,49,19,966,18,1052
2266,32,19,966,18,1035
2268,19,33,933,18,1003
2270,17,33,900,18,968
2273,16,19,865,18,918
2274,69,16,799,18,902
2275,50,16,799,18,883
2276,34,16,799,18,867
2277,18,16,799,18,851
2278,50,32,733,18,833
2279,34,32,733,18,817
2280,19,32,733,18,802
2281,15,17,733,18,783
2282,65,19,666,18,768
2283,48,19,666,18,751
2284,32,19,666,18,735
2285,16,19,666,18,719
2286,19,30,636,18,703
2287,20,10,636,18,684
2289,19,19,598,18,654
2290,19,31,567,18,635
2291,0,31,567,18,616
2292,32,16,534,18,600
2293,33,34,500,18,585
2294,33,17,500,18,568
2296,17,32,468,18,535
2298,32,17,452,16,517
2299,137,32,317,16,502
2300,120,32,317,16,485
2302,85,32,317,16,450
2303,69,32,317,16,434
2305,34,32,317,16,399
2306,20,32,317,16,385
2307,32,32,285,16,365
2308,83,33,219,16,351
2309,65,33,219,16,333
2311,33,33,219,16,301
2314,33,18,184,16,251
2315,85,16,118,16,235
2316,68,16,118,16,218
2317,50,16,118,16,200
2318,35,16,118,16,185
2319,84,16,51,16,167
2320,67,16,51,16,150
2321,51,16,51,16,134
2322,34,16,51,16,117
2323,17,16,51,16,100
2324,16,33,18,16,83
2325,33,34,149,18,234
2326,83,34,82,18,217
2327,67,34,82,18,201
2330,84,33,84,16,217
2331,67,33,84,16,200
2333,82,18,50,16,166
2335,49,18,50,16,133
2336,33,18,50,16,117
2337,16,18,50,16,100
2338,18,33,33,17,101
2340,18,33,17,17,85
2341,33,34,33,15,115
2342,33,17,33,15,98
2343,82,17,317,19,435
2344,65,17,317,19,418
2345,48,17,317,19,401
2347,15,17,317,19,368
2348,17,35,282,19,353
2349,35,32,250,19,336
2350,18,32,250,19,319
2353,16,17,217,19,269
2356,18,33,149,19,219
2357,81,18,83,19,201
2358,151,35,15,17,218
2360,118,35,15,17,185
2362,85,35,15,17,152
2364,49,35,15,17,116
2365,34,35,15,17,101
2366,18,35,15,17,85
2367,16,19,15,17,67
2368,34,17,16,16,83
2369,32,32,85,15,164
2371,82,18,150,16,266
2372,66,18,150,16,250
2373,50,18,150,16,234
2374,33,18,150,16,217
2375,15,18,150,16,199
2377,82,16,52,16,166
2378,65,16,52,16,149
2379,50,16,52,16,134
2381,83,16,18,16,133
2382,68,16,18,16,118
2383,86,16,17,15,134
2384,68,16,17,15,116
2385,52,16,17,15,100
2388,65,18,34,17,134
2389,49,18,34,17,118
2390,32,18,34,17,101
2391,17,18,34,17,86
2393,167,31,18,16,232
2394,151,31,18,16,216
2395,133,31,18,16,198
2397,100,31,18,16,165
2398,86,31,18,16,151
2399,69,31,18,16,134
2400,133,16,85,17,251
2401,116,16,85,17,234
2402,99,16,85,17,217
2403,81,16,85,17,199
2404,65,16,85,17,183
2405,50,16,85,17,168
2407,16,16,85,17,134
2408,67,18,82,18,185
2409,51,18,82,18,169
2410,33,18,82,18,151
2412,18,33,49,18,118
2414,84,34,150,15,283
2415,67,34,150,15,266
2416,119,33,84,15,251
2417,102,33,84,15,234
2418,85,33,84,15,217
2419,67,33,84,15,199
2420,52,33,84,15,184
2422,18,33,84,15,150
2425,15,18,51,15,99
2426,36,16,17,15,84
2427,135,33,32,17,217
2428,117,33,32,17,199
2429,101,33,32,17,183
2430,84,33,32,17,166
2431,69,33,32,17,151
2432,52,33,32,17,134
2434,34,18,32,17,101
2435,33,32,17,18,100
2439,17,18,14,19,68
2440,83,32,17,18,150
2441,65,32,17,18,132
2442,51,32,17,18,118
2444,34,15,17,18,84
2445,17,15,17,18,67
2446,15,35,18,15,83
2450,15,32,17,18,82
2451,32,35,16,16,99
2452,32,18,16,16,82
2453,85,17,216,16,334
2454,68,17,216,16,317
2456,34,17,216,16,283
2457,18,17,216,16,267
2458,17,34,182,16,249
2460,18,31,151,16,216
2461,31,33,118,16,198
2462,15,33,118,16,182
2463,19,14,118,16,167
2465,35,33,84,14,166
2469,84,14,35,18,151
2470,80,35,18,16,149
2473,32,35,18,16,101
2474,14,35,18,16,83
2477,18,16,18,16,68
2478,82,33,119,14,248
2479,66,33,119,14,232
2480,48,33,119,14,214
2481,32,33,119,14,198
2482,15,33,119,14,181
2483,18,15,119,14,166
2484,15,33,86,14,148
2485,85,15,19,14,133
2486,66,15,19,14,114
2487,52,15,19,14,100
2488,34,15,19,14,82
2489,16,15,19,14,64
2491,19,14,34,20,87
2492,14,34,118,17,183
2493,34,33,85,17,169
2495,33,33,52,17,135
2496,32,14,52,17,115
2497,185,15,35,15,250
2502,100,15,35,15,165
2503,83,15,35,15,148
2505,52,15,35,15,117
2508,15,35,15,18,83
2510,150,34,33,16,233
2511,133,34,33,16,216
2512,118,34,33,16,201
2514,83,34,33,16,166
2515,66,34,33,16,149
2516,49,34,33,16,132
2518,16,34,33,16,99
2519,16,18,33,16,83
2520,18,33,16,18,85
2523,34,33,32,17,116
2524,30,21,32,17,100
2525,12,21,32,17,82
2526,188,33,82,16,319
2527,167,33,82,16,298
2531,101,33,82,16,232
2532,86,33,82,16,217
2534,52,33,82,16,183
2536,50,32,50,16,148
2537,33,32,50,16,131
2538,19,32,50,16,117
2540,33,16,17,16,82
2541,50,16,501,17,584
2542,33,16,501,17,567
2543,17,16,501,17,551
2544,150,34,333,17,534
2547,98,34,333,17,482
2549,66,34,333,17,450
2550,51,34,333,17,435
2552,17,34,333,17,401
2553,16,18,333,17,384
2554,35,16,300,17,368
2555,17,16,300,17,350
2556,16,33,267,17,333
2557,0,33,267,17,317
2559,34,33,200,17,284
2560,17,33,200,17,267
2561,16,17,200,17,250
2562,17,34,166,17,234
2563,34,31,135,17,217
2564,17,31,135,17,200
2566,16,35,100,17,168
2567,84,16,35,17,152
2572,16,35,17,16,84
2573,19,16,17,16,68
2574,182,35,132,16,365
2575,166,35,132,16,349
2577,133,35,132,16,316
2578,116,35,132,16,299
2579,100,35,132,16,283
2581,65,35,132,16,248
2583,33,35,132,16,216
2584,35,17,132,16,200
2586,0,17,132,16,165
2587,16,17,99,16,148
2588,17,34,65,16,132
2590,19,31,34,16,100
2591,17,14,34,16,81
2592,82,34,49,18,183
2593,68,34,49,18,169
2594,49,34,49,18,150
2595,34,34,49,18,135
2596,18,34,49,18,119
2597,18,16,49,18,101
2600,32,18,50,14,114
2602,18,31,19,14,82
2603,16,15,19,14,64
2605,19,14,35,15,83
2606,14,35,15,18,82
2607,35,33,383,18,469
2608,31,18,383,18,450
2609,83,16,317,18,434
2611,50,16,317,18,401
2612,33,16,317,18,384
2614,16,35,282,18,351
2615,17,18,282,18,335
2617,18,16,248,18,300
2618,0,16,248,18,282
2620,183,32,18,18,251
2621,167,32,18,18,235
2624,116,32,18,18,184
2625,100,32,18,18,168
2626,81,32,18,18,149
2627,68,32,18,18,136
2629,64,36,34,16,150
2630,48,36,34,16,134
2631,32,36,34,16,118
2633,36,34,31,18,119
2634,35,17,31,18,101
2635,34,31,18,16,99
2636,33,15,18,16,82
2637,16,15,18,16,65
2638,15,34,15,19,83
2639,18,16,15,19,68
2642,19,31,34,16,100
2644,16,34,16,19,85
2645,0,34,16,19,69
2646,33,19,33,15,100
2648,19,33,15,17,84
2649,16,17,15,17,65
2650,17,32,17,18,84
2652,0,17,17,18,52
2653,85,16,32,18,151
2654,68,16,32,18,134
2655,50,16,32,18,116
2656,33,16,32,18,99
2657,19,16,32,18,85
2658,31,17,116,17,181
2660,0,17,116,17,150
2661,18,17,81,17,133
2662,17,35,46,17,115
2663,35,31,15,17,98
2664,16,31,15,17,79
2666,16,32,17,19,84
2667,15,17,17,19,68
2669,36,33,15,18,102
2670,19,33,15,18,85
2673,0,33,17,16,66
2674,35,16,82,19,152
2675,83,15,36,15,149
2676,66,15,36,15,132
2677,50,15,36,15,116
2680,15,36,31,17,99
2681,36,31,83,19,169
2682,19,31,83,19,152
2683,0,31,83,19,133
2685,17,19,47,19,102
2686,66,19,17,15,117
2687,47,19,17,15,98
2688,33,19,17,15,84
2691,17,15,33,16,81
2692,15,33,85,16,149
2693,0,33,85,16,134
2694,18,33,52,16,119
2696,118,31,20,14,183
2697,101,31,20,14,166
2698,84,31,20,14,149
2699,83,15,20,14,132
2700,65,15,20,14,114
2701,49,15,20,14,98
2702,34,15,20,14,83
2703,16,15,20,14,65
2704,15,34,18,18,85
2705,0,34,18,18,70
2706,14,36,17,15,82
2709,17,15,17,16,65
2710,32,16,18,16,82
2712,16,34,17,17,84
2713,0,34,17,17,68
2714,16,34,16,18,84
2715,34,34,15,17,100
2717,16,18,15,17,66
2718,33,17,17,16,83
2719,15,17,17,16,65
2720,17,33,17,17,84
2722,16,34,82,17,149
2724,83,33,22,13,151
2725,82,17,22,13,134
2727,48,17,22,13,100
2728,151,33,17,15,216
2730,118,33,17,15,183
2735,33,33,17,15,98
2737,15,18,17,15,65
2738,18,32,84,17,151
2739,17,15,84,17,133
2740,15,33,51,17,116
2742,35,15,16,17,83
2743,35,33,83,18,169
2744,48,33,116,17,214
2745,33,33,116,17,199
2747,83,18,48,17,166
2748,84,33,15,17,149
2750,284,33,17,15,349
2752,251,33,17,15,316
2753,233,33,17,15,298
2754,216,33,17,15,281
2755,200,33,17,15,265
2757,168,33,17,15,233
2758,152,33,17,15,217
2759,133,33,17,15,198
2760,117,33,17,15,182
2761,101,33,17,15,166
2763,66,33,17,15,131
2764,218,34,149,17,418
2766,185,34,149,17,385
2767,167,34,149,17,367
2771,102,34,149,17,302
2774,51,34,149,17,251
2775,35,34,149,17,235
2776,34,17,149,17,217
2777,99,33,84,16,232
2778,82,33,84,16,215
2779,65,33,84,16,198
2780,49,33,84,16,182
2781,32,33,84,16,165
2782,16,33,84,16,149
2783,33,34,84,15,166
2784,17,34,84,15,150
2785,19,15,84,15,133
2786,15,34,50,15,114
2787,17,17,50,15,99
2788,33,16,18,15,82
2789,16,16,18,15,65
2793,33,34,366,17,450
2794,15,34,366,17,432
2795,0,34,366,17,417
2797,33,34,299,17,383
2798,16,34,299,17,366
2799,34,35,264,17,350
2800,17,35,264,17,333
2802,18,33,231,17,299
2803,15,18,231,17,281
2804,18,32,199,17,266
2805,149,16,66,17,248
2806,135,16,66,17,234
2809,82,16,66,17,181
2810,66,16,66,17,165
2811,49,16,66,17,148
2812,35,16,66,17,134
2814,16,33,168,17,234
2815,18,15,168,17,218
2816,15,33,135,17,200
2817,33,33,102,17,185
2818,15,33,102,17,167
2821,35,33,268,16,352
2822,84,33,201,16,334
2823,67,33,201,16,317
2825,34,33,201,16,284
2827,17,16,201,16,250
2828,16,33,168,16,233
2831,16,16,136,16,184
2832,34,16,102,16,168
2833,18,16,102,16,152
2834,34,17,67,16,134
2836,17,31,36,16,100
2837,0,31,36,16,83
2838,16,36,16,17,85
2839,19,17,16,17,69
2841,33,32,17,18,100
2842,17,32,17,18,84
2843,16,16,17,18,67
2844,82,35,183,16,316
2845,66,35,183,16,300
2846,166,17,84,16,283
2847,148,17,84,16,265
2848,132,17,84,16,249
2849,117,17,84,16,234
2850,98,17,84,16,215
2851,82,17,84,16,199
2852,66,17,84,16,183
2853,83,19,48,16,166
2855,50,19,48,16,133
2856,34,19,48,16,117
2857,153,14,50,16,233
2859,117,14,50,16,197
2860,102,14,50,16,182
2862,69,14,50,16,149
2863,166,34,19,15,234
2865,128,34,19,15,196
2866,113,34,19,15,181
2867,99,34,19,15,167
2869,66,34,19,15,134
2870,49,34,19,15,117
2871,33,34,19,15,101
2873,17,17,19,15,68
2874,17,34,33,16,100
2876,15,33,16,18,82
2877,33,34,34,17,118
2878,16,34,34,17,101
2879,34,34,17,16,101
2880,18,34,17,16,85
2882,17,33,17,14,81
2883,99,34,50,16,199
2886,49,34,50,16,149
2887,35,34,50,16,135
2888,17,34,50,16,117
2890,16,31,19,16,82
2892,15,35,34,17,101
2896,82,34,134,17,267
2900,17,34,134,17,202
2901,86,15,67,17,185
2903,52,15,67,17,151
2904,36,15,67,17,135
2906,46,36,17,15,114
2907,31,36,17,15,99
2909,36,32,17,16,101
2910,17,32,17,16,82
2911,82,16,19,19,136
2912,65,16,19,19,119
2913,50,16,19,19,104
2914,133,17,34,18,202
2915,117,17,34,18,186
2917,84,17,34,18,153
2918,82,34,34,17,167
2920,86,34,34,16,170
2922,51,34,34,16,135
2923,85,17,16,17,135
2924,68,17,16,17,118
2925,51,17,16,17,101
2927,17,17,16,17,67
2928,33,17,183,16,249
2929,16,17,183,16,232
2930,33,16,151,16,216
2931,65,33,85,16,199
2932,49,33,85,16,183
2933,33,33,85,16,167
2934,17,33,85,16,151
2935,33,34,51,16,134
2936,33,16,51,16,116
2938,16,35,16,16,83
2941,32,32,18,16,98
2942,32,16,18,16,82
2943,16,16,18,16,66
2944,85,32,117,18,252
2946,134,15,51,18,218
2947,118,15,51,18,202
2948,101,15,51,18,185
2949,83,15,51,18,167
2952,35,15,51,18,119
2955,18,17,16,18,69
2957,16,18,14,17,65
2958,18,31,17,18,84
2959,0,31,17,18,66
2960,17,35,83,16,151
2961,17,18,83,16,134
2962,18,33,50,16,117
2963,15,18,50,16,99
2964,84,35,14,17,150
2965,84,17,14,17,132
2966,67,17,14,17,115
2968,34,17,14,17,82
2969,151,15,17,17,200
2972,217,35,284,15,551
2974,183,35,284,15,517
2975,166,35,284,15,500
2976,148,35,284,15,482
2977,133,35,284,15,467
2978,115,35,284,15,449
2980,83,35,284,15,417
2981,66,35,284,15,400
2982,48,35,284,15,382
2983,32,35,284,15,366
2984,15,35,284,15,349
2985,35,35,249,15,334
2987,35,31,218,15,299
2989,13,18,218,15,264
2990,84,35,117,15,251
2991,66,35,117,15,233
2994,14,35,117,15,181
2995,16,19,117,15,167
2996,34,16,86,15,151
2997,15,16,86,15,132
2998,16,36,50,15,117
3000,17,31,34,17,99
3001,115,16,268,17,416
3003,84,16,268,17,385
3006,33,16,268,17,334
3007,15,16,268,17,316
3009,18,16,234,17,285
3010,16,33,201,17,267
3011,17,16,201,17,251
3012,84,32,150,18,284
3014,52,32,150,18,252
3015,85,17,115,18,235
3016,66,17,115,18,216
3019,35,33,82,18,168
3020,17,33,82,18,150
3022,18,33,49,18,118
3023,33,33,82,19,167
3024,151,31,19,18,219
3026,117,31,19,18,185
3027,101,31,19,18,169
3028,85,31,19,18,153
3029,67,31,19,18,135
3031,33,31,19,18,101
3032,35,15,19,18,87
3033,16,15,19,18,68
3035,19,18,47,19,103
3036,18,30,17,19,84
3037,0,30,17,19,66
3038,15,36,33,16,100
3040,85,31,17,19,152
3041,66,31,17,19,133
3043,81,19,80,18,198
3044,65,19,80,18,182
3045,116,15,16,18,165
3047,85,15,16,18,134
3048,68,15,16,18,117
3050,35,15,16,18,84
3051,48,18,18,17,101
3052,31,18,18,17,84
3053,16,18,18,17,69
3054,36,17,32,17,102
3056,32,17,17,17,83
3058,17,34,117,15,183
3061,17,16,84,15,132
3062,16,33,51,15,115
3063,99,33,19,16,167
3064,84,33,19,16,152
3065,266,34,16,17,333
3066,249,34,16,17,316
3068,215,34,16,17,282
3071,167,34,16,17,234
3072,148,34,16,17,215
3073,132,34,16,17,199
3074,116,34,16,17,183
3075,99,34,16,17,166
3076,83,34,16,17,150
3078,99,17,35,15,166
3079,83,17,35,15,150
3082,85,32,17,18,152
3083,68,32,17,18,135
3084,84,35,33,16,168
3085,67,35,33,16,151
3086,50,35,33,16,134
3088,34,18,33,16,101
3089,17,18,33,16,84
3090,0,18,33,16,67
3093,16,17,82,18,133
3094,0,17,82,18,117
3095,0,32,50,18,100
3097,18,16,16,18,68
3098,32,18,17,15,82
3099,99,33,19,17,168
3100,83,33,19,17,152
3101,65,33,19,17,134
3103,33,33,19,17,102
3104,15,33,19,17,84
3105,33,36,14,18,101
3106,34,17,14,18,83
3107,36,32,34,15,117
3108,49,34,32,17,132
3109,32,34,32,17,115
3110,18,34,32,17,101
3111,16,18,32,17,83
3112,18,32,33,18,101
3113,32,33,85,15,165
3114,17,33,85,15,150
3116,34,17,50,15,116
3117,35,32,167,17,251
3118,34,15,167,17,233
3119,17,15,167,17,216
3121,33,36,464,18,551
3122,33,18,464,18,533
3123,18,18,464,18,518
3125,14,17,433,18,482
3126,17,34,399,18,468
3127,34,33,366,18,451
3128,17,33,366,18,434
3129,18,15,366,18,417
3130,83,32,266,18,399
3132,51,32,266,18,367
3133,35,32,266,18,351
3134,17,32,266,18,333
3136,35,19,230,18,302
3138,83,34,132,18,267
3139,64,34,132,18,248
3140,49,34,132,18,233
3142,85,33,216,18,352
3146,36,16,216,18,286
3147,17,16,216,18,267
3149,0,34,182,18,234
3150,82,34,83,18,217
3151,65,34,83,18,200
3152,48,34,83,18,183
3153,33,34,83,18,168
3155,34,34,151,15,234
3157,34,33,150,16,233
3158,17,33,150,16,216
3159,17,16,150,16,199
3161,16,18,116,16,166
3164,15,36,148,16,215
3165,36,31,117,16,200
3167,216,14,118,18,366
3168,200,14,118,18,350
3169,185,14,118,18,335
3170,168,14,118,18,318
3172,134,14,118,18,284
3175,85,14,118,18,235
3176,68,14,118,18,218
3177,150,17,118,16,301
3178,132,17,118,16,283
3180,98,17,118,16,249
3182,64,17,118,16,215
3183,48,17,118,16,199
3184,31,17,118,16,182
3185,34,35,83,16,168
3187,0,35,83,16,134
3188,18,32,51,16,117
3189,0,32,51,16,99
3192,17,33,83,17,150
3193,33,37,79,17,166
3196,21,28,51,17,117
3199,18,17,33,18,86
3201,16,17,18,15,66
3202,83,33,17,18,151
3203,66,33,17,18,134
3204,48,33,17,18,116
3206,15,33,17,18,83
3207,17,16,17,18,68
3208,33,18,33,17,101
3211,83,17,16,17,133
3212,135,14,17,18,184
3214,101,14,17,18,150
3216,68,14,17,18,117
3217,51,14,17,18,100
3218,35,14,17,18,84
3219,32,35,81,19,167
3220,31,18,81,19,149
3221,17,18,81,19,135
3222,36,17,46,19,118
3224,17,31,15,19,82
3225,15,16,15,19,65
3226,31,19,17,17,84
3227,34,34,31,18,117
3228,151,35,15,17,218
3229,132,35,15,17,199
3231,98,35,15,17,165
3232,82,35,15,17,149
3233,67,35,15,17,134
3234,84,32,34,17,167
3235,69,32,34,17,152
3236,50,32,34,17,133
3238,33,17,34,17,101
3239,83,17,83,18,201
3241,51,17,83,18,169
3242,34,17,83,18,152
3243,84,17,166,18,285
3244,67,17,166,18,268
3245,50,17,166,18,251
3247,18,17,166,18,219
3249,0,34,132,18,184
3250,182,36,33,14,265
3252,147,36,33,14,230
3256,82,36,33,14,165
3258,49,36,33,14,132
3259,32,36,33,14,115
3262,18,33,31,16,98
3263,0,33,31,16,80
3265,14,17,186,18,235
3267,16,19,151,18,204
3269,115,18,49,17,199
3270,100,18,49,17,184
3271,84,18,49,17,168
3272,66,18,49,17,150
3273,49,18,49,17,133
3274,133,15,33,18,199
3275,119,15,33,18,185
3277,84,15,33,18,150
3278,66,15,33,18,132
3279,48,15,33,18,114
3280,83,35,17,15,150
3281,66,35,17,15,133
3282,48,35,17,15,115
3283,33,35,17,15,100
3284,15,35,17,15,82
3286,49,35,48,18,150
3287,32,35,48,18,133
3288,15,35,48,18,116
3289,19,16,48,18,101
3290,82,33,82,18,215
3291,82,17,82,18,199
3293,166,33,17,18,234
3294,151,33,17,18,219
3295,133,33,17,18,201
3296,117,33,17,18,185
3297,100,33,17,18,168
3298,83,33,17,18,151
3299,68,33,17,18,136
3300,50,33,17,18,118
3301,149,15,102,15,281
3304,100,15,102,15,232
3306,67,15,102,15,199
3307,49,15,102,15,181
3309,17,15,102,15,149
3310,33,17,67,15,132
3311,18,17,67,15,117
3312,33,16,35,15,99
3314,16,35,15,19,85
3315,35,34,15,18,102
3316,18,34,15,18,85
3317,15,19,15,18,67
3318,185,33,433,16,667
3319,166,33,433,16,648
3321,133,33,433,16,615
3322,117,33,433,16,599
3324,84,33,433,16,566
3326,51,33,433,16,533
3327,35,33,433,16,517
3328,17,33,433,16,499
3330,18,32,401,16,467
3331,32,34,367,16,449
3332,17,34,367,16,434
3333,34,33,334,16,417
3334,15,33,334,16,398
3335,16,17,334,16,383
3336,17,33,301,16,367
3342,85,32,134,16,267
3343,68,32,134,16,250
3344,49,32,134,16,231
3345,333,32,17,17,399
3346,318,32,17,17,384
3348,285,32,17,17,351
3349,268,32,17,17,334
3350,250,32,17,17,316
3352,219,32,17,17,285
3353,200,32,17,17,266
3354,184,32,17,17,250
3355,168,32,17,17,234
3356,152,32,17,17,218
3357,134,32,17,17,200
3358,118,32,17,17,184
3360,85,32,17,17,151
3362,53,32,17,17,119
3364,17,32,17,17,83
3366,34,17,83,17,151
3367,17,17,83,17,134
3368,35,16,49,17,117
3369,18,16,49,17,100
3370,65,17,217,17,316
3371,49,17,217,17,300
3372,32,17,217,17,283
3373,16,17,217,17,267
3374,17,32,185,17,251
3376,16,33,152,17,218
3377,33,34,118,17,202
3378,35,15,118,17,185
3379,19,15,118,17,169
3381,18,16,84,17,135
3383,17,18,49,17,101
3384,84,33,50,17,184
3385,115,17,17,17,166
3386,100,17,17,17,151
3387,82,17,17,17,133
3388,66,17,17,17,117
3393,17,17,33,16,83
3396,149,34,35,17,235
3397,132,34,35,17,218
3398,116,34,35,17,202
3399,100,34,35,17,186
3400,83,34,35,17,169
3401,66,34,35,17,152
3402,49,34,35,17,135
3403,32,34,35,17,118
3404,86,32,82,18,218
3406,51,32,82,18,183
3407,87,17,79,17,200
3408,71,17,79,17,184
3409,52,17,79,17,165
3410,35,17,79,17,148
3411,20,17,79,17,133
3413,13,18,48,17,96
3415,82,15,34,17,148
3417,50,15,34,17,116
3419,17,15,34,17,83
3420,15,34,84,17,150
3421,20,14,84,17,135
3422,14,34,249,17,314
3423,17,17,249,17,300
3424,34,16,216,17,283
3425,17,16,216,17,266
3427,0,34,182,17,233
3428,216,34,49,18,317
3430,182,34,49,18,283
3431,165,34,49,18,266
3432,149,34,49,18,250
3434,117,34,49,18,218
3435,99,34,49,18,200
3436,82,34,49,18,183
3438,49,34,49,18,150
3439,33,34,49,18,134
3441,219,15,17,18,269
3442,202,15,17,18,252
3443,185,15,17,18,235
3444,168,15,17,18,218
3445,152,15,17,18,202
3447,118,15,17,18,168
3448,103,15,17,18,153
3450,134,16,183,16,349
3451,119,16,183,16,334
3452,101,16,183,16,316
3453,84,16,183,16,299
3454,66,16,183,16,281
3455,51,16,183,16,266
3456,34,16,183,16,249
3458,16,33,150,16,215
3459,17,16,150,16,199
3460,31,17,118,16,182
3461,32,34,84,16,166
3462,69,15,85,16,185
3463,52,15,85,16,168
3464,33,15,85,16,149
3465,18,15,85,16,134
3466,15,35,50,16,116
3467,17,18,50,16,101
3468,18,32,18,16,84
3469,81,18,17,18,134
3470,65,18,17,18,118
3473,15,18,17,18,68
3474,118,34,19,15,186
3475,100,34,19,15,168
3477,231,34,84,16,365
3478,213,34,84,16,347
3479,198,34,84,16,332
3480,184,34,84,16,318
3484,113,34,84,16,247
3485,98,34,84,16,232
3489,33,34,84,16,167
3490,17,34,84,16,151
3491,84,17,17,16,134
3492,66,17,17,16,116
3493,50,17,17,16,100
3494,33,17,17,16,83
3495,17,17,17,16,67
3496,34,16,18,16,84
3498,16,34,36,14,100
3500,16,36,48,16,116
3502,20,31,17,16,84
3505,33,32,202,15,282
3506,32,16,202,15,265
3508,16,35,167,15,233
3509,18,17,167,15,217
3510,17,32,135,15,199
3511,16,16,135,15,182
3513,83,18,34,15,150
3515,50,18,34,15,117
3520,81,34,51,16,182
3524,82,35,17,17,151
3527,134,33,233,17,417
3529,102,33,233,17,385
3530,83,33,233,17,366
3532,50,33,233,17,333
3533,33,33,233,17,316
3534,17,33,233,17,300
3537,135,31,67,17,250
3538,120,31,67,17,235
3541,69,31,67,17,184
3542,52,31,67,17,167
3543,37,31,67,17,152
3545,15,16,67,17,115
3546,33,17,33,17,100
3547,17,17,33,17,84
3550,16,33,83,17,149
3551,0,33,83,17,133
3553,33,35,115,17,200
3554,35,16,115,17,183
3555,83,17,50,17,167
3556,64,17,50,17,148
3557,48,17,50,17,132
3558,33,17,50,17,117
3559,16,17,50,17,100
3560,17,32,18,17,84
3561,32,35,18,15,100
3563,0,35,18,15,68
3564,17,33,84,16,150
3565,33,35,49,16,133
3566,15,35,49,16,115
3567,19,16,49,16,100
3568,16,33,16,16,81
3569,33,32,35,16,116
3570,17,32,35,16,100
3571,83,16,17,17,133
3572,67,16,17,17,117
3573,51,16,17,17,101
3574,32,16,17,17,82
3575,16,16,17,17,66
3576,16,34,13,20,83
3577,0,34,13,20,67
3578,17,33,84,18,152
3579,84,17,34,14,149
3582,33,17,34,14,98
3583,34,34,182,15,265
3584,33,18,182,15,248
3586,82,33,85,15,215
3587,64,33,85,15,197
3588,50,33,85,15,183
3589,33,33,85,15,166
3590,17,33,85,15,150
3594,34,17,117,16,184
3595,168,33,15,18,234
3596,150,33,15,18,216
3597,133,33,15,18,199
3598,117,33,15,18,183
3599,102,33,15,18,168
3600,185,31,18,16,250
3601,168,31,18,16,233
3602,151,31,18,16,216
3603,134,31,18,16,199
3607,67,31,18,16,132
3608,52,31,18,16,117
3609,34,31,18,16,99
3610,32,16,18,16,82
3612,16,34,267,17,334
3613,0,34,267,17,318
3615,35,32,200,17,284
3619,34,34,132,17,217
3620,14,34,132,17,197
3621,17,17,132,17,183
3622,17,32,100,17,166
3624,132,18,49,17,216
3625,117,18,49,17,201
3627,84,18,49,17,168
3629,49,18,49,17,133
3630,34,18,49,17,118
3632,0,18,49,17,84
3633,49,17,151,15,232
3635,18,17,151,15,201
3636,17,33,118,15,183
3637,0,33,118,15,166
3638,18,33,85,15,151
3640,100,15,269,13,397
3641,85,15,269,13,382
3643,50,15,269,13,347
3644,35,15,269,13,332
3645,134,32,136,13,315
3647,101,32,136,13,282
3649,67,32,136,13,248
3650,52,32,136,13,233
3651,35,32,136,13,216
3652,18,32,136,13,199
3655,18,17,101,13,149
3657,15,16,70,13,114
3658,32,17,37,13,99
3660,34,20,13,20,87
3661,17,20,13,20,70
3663,13,20,15,16,64
3664,35,16,33,17,101
3665,64,34,34,17,149
3666,49,34,34,17,134
3667,33,34,34,17,118
3668,84,34,16,17,151
3669,68,34,16,17,135
3670,51,34,16,17,118
3671,34,34,16,17,101
3672,16,34,16,17,83
3676,17,32,35,15,99
3678,33,17,15,17,82
3679,18,17,15,17,67
3680,17,32,1501,15,1565
3681,32,34,1467,15,1548
3682,17,34,1467,15,1533
3683,84,16,1401,15,1516
3684,67,16,1401,15,1499
3686,33,16,1401,15,1465
3688,34,16,1367,15,1432
3689,18,16,1367,15,1416
3690,16,33,1334,15,1398
3691,19,14,1334,15,1382
3692,181,32,1135,15,1363
3693,167,32,1135,15,1349
3696,117,32,1135,15,1299
3701,32,32,1135,15,1214
3702,17,32,1135,15,1199
3703,16,16,1135,15,1182
3704,16,35,1100,15,1166
3705,18,17,1100,15,1150
3707,16,16,1068,15,1115
3708,16,35,1033,15,1099
3713,32,36,933,15,1016
3714,15,36,933,15,999
3715,69,32,868,15,984
3716,50,32,868,15,965
3717,33,32,868,15,948
3718,16,32,868,15,931
3722,16,34,801,15,866
3723,34,35,766,15,850
3724,14,35,766,15,830
3726,18,31,735,15,799
3727,0,31,735,15,781
3729,33,36,666,15,750
3731,20,16,666,15,717
3733,0,32,634,15,681
3735,17,17,600,15,649
3737,16,15,569,15,615
3739,86,14,469,15,584
3740,68,14,469,15,566
3742,33,14,469,15,531
3743,16,14,469,15,514
3744,0,14,469,15,498
3745,0,36,466,17,519
3746,18,32,434,17,501
3749,16,18,400,17,451
3752,34,17,333,17,401
3756,15,35,265,17,332
3758,34,16,233,17,300
3759,64,33,168,17,282
3760,48,33,168,17,266
3761,32,33,168,17,250
3762,86,38,94,17,235
3763,69,38,94,17,218
3764,50,38,94,17,199
3765,36,38,94,17,185
3766,17,38,94,17,166
3767,38,28,66,17,149
3768,21,28,66,17,132
3769,0,28,66,17,111
3773,33,34,49,18,134
3774,18,34,49,18,119
3778,32,18,18,13,81
3780,18,31,18,17,84
3782,48,35,15,15,113
3783,35,35,15,15,100
3784,17,35,15,15,82
3786,19,30,33,18,100
3788,32,16,18,16,82
3789,33,34,18,16,101
3790,84,33,116,18,251
3792,50,33,116,18,217
3793,34,33,116,18,201
3794,115,33,1037,15,1200
3795,99,33,1037,15,1184
3796,82,33,1037,15,1167
3798,50,33,1037,15,1135
3799,30,33,1037,15,1115
3800,15,33,1037,15,1100
3801,33,35,1002,15,1085
3802,31,18,1002,15,1066
3803,17,18,1002,15,1052
3804,18,33,969,15,1035
3805,16,17,969,15,1017
3806,17,33,936,15,1001
3807,16,17,936,15,984
3808,17,36,900,15,968
3809,83,18,835,15,951
3810,64,18,835,15,932
3812,30,18,835,15,898
3813,16,18,835,15,884
3814,36,15,802,15,868
3815,136,30,669,15,850
3816,118,30,669,15,832
3817,103,30,669,15,817
3821,38,30,669,15,752
3822,19,30,669,15,733
3823,15,15,669,15,714
3825,19,16,634,15,684
3827,34,32,568,15,649
3828,18,32,568,15,633
3830,81,36,467,15,599
3832,50,36,467,15,568
3833,31,36,467,15,549
3834,86,34,400,15,535
3836,52,34,400,15,501
3837,33,34,400,15,482
3838,17,34,400,15,466
3839,15,19,400,15,449
3841,15,16,369,15,415
3843,66,33,270,15,384
3844,49,33,270,15,367
3846,17,33,270,15,335
3847,33,33,237,15,318
3849,83,19,168,15,285
3853,16,19,168,15,218
3854,34,17,136,15,202
3855,15,17,136,15,183
3856,17,35,101,15,168
3857,18,17,101,15,151
3859,14,18,84,18,134
3860,34,18,50,18,120
3861,16,18,50,18,102
3865,15,18,33,16,82
3867,33,32,34,17,116
3868,19,32,34,17,102
3869,32,34,17,17,100
3870,32,18,17,17,84
3871,82,18,17,15,132
3873,48,18,17,15,98
3875,14,18,17,15,64
3876,35,15,34,18,102
3877,32,34,18,15,99
3879,34,33,16,19,102
3880,17,33,16,19,85
3881,85,15,33,20,153
3882,67,15,33,20,135
3884,36,15,33,20,104
3885,17,15,33,20,85
3887,0,33,20,14,67
3888,17,34,450,16,517
3889,20,14,450,16,500
3890,80,33,351,16,480
3891,66,33,351,16,466
3892,50,33,351,16,450
3894,86,30,285,16,417
3895,69,30,285,16,400
3897,36,30,285,16,367
3898,16,30,285,16,347
3899,81,17,217,16,331
3900,66,17,217,16,316
3901,51,17,217,16,301
3902,32,17,217,16,282
3903,15,17,217,16,265
3904,17,35,182,16,250
3905,35,31,151,16,233
3907,47,20,115,16,198
3911,48,17,50,16,131
3912,47,35,15,16,113
3913,34,35,15,16,100
3914,17,35,15,16,83
3915,18,17,15,16,66
3916,83,33,149,16,281
3918,51,33,149,16,249
3919,35,33,149,16,233
3921,150,17,100,15,282
3924,100,17,100,15,232
3925,86,17,100,15,218
3927,51,17,100,15,183
3928,35,17,100,15,167
3929,19,17,100,15,151
3930,17,31,152,14,214
3931,15,16,152,14,197
3932,37,15,116,14,182
3933,21,15,116,14,166
3934,31,17,83,14,145
3935,16,17,83,14,130
3936,32,17,218,16,283
3937,83,14,153,16,266
3939,51,14,153,16,234
3940,35,14,153,16,218
3941,19,14,153,16,202
3942,14,34,119,16,183
3943,18,16,119,16,169
3945,0,34,85,16,135
3946,17,35,50,16,118
3947,17,18,50,16,101
3949,16,17,17,16,66
3950,34,16,16,17,83
3951,33,33,32,17,115
3952,32,17,32,17,98
3953,16,17,32,17,82
3955,0,32,17,17,66
3956,16,34,18,14,82
3957,34,32,18,17,101
3959,83,17,18,15,133
3961,51,17,18,15,101
3962,33,17,18,15,83
3963,33,33,17,16,99
3964,35,15,17,16,83
3965,18,15,17,16,66
3966,15,33,17,18,83
3967,33,35,148,17,233
3969,17,18,148,17,200
3972,17,33,83,17,150
3974,15,35,117,17,184
3976,65,17,52,17,151
3977,48,17,52,17,134
3978,32,17,52,17,118
3979,14,17,52,17,100
3980,0,17,52,17,86
3981,35,34,83,17,169
3982,34,17,83,17,151
3984,17,33,50,17,117
3986,33,16,18,17,84
3987,16,16,18,17,67
3990,215,34,50,17,316
3991,198,34,50,17,299
3994,149,34,50,17,250
3995,132,34,50,17,233
3997,100,34,50,17,201
3999,66,34,50,17,167
4000,50,34,50,17,151
4001,34,34,50,17,135
4002,17,34,50,17,118
4003,16,18,50,17,101
4004,18,34,16,17,85
4005,18,16,16,17,67
4006,150,32,32,18,232
4008,118,32,32,18,200
4009,101,32,32,18,183
4010,85,32,32,18,167
4011,67,32,32,18,149
4013,35,32,32,18,117
4015,149,17,16,17,199
4020,67,17,16,17,117
4021,51,17,16,17,101
4022,80,33,51,17,181
4024,83,33,18,17,151
4026,50,33,18,17,118
4027,33,33,18,17,101
4029,17,16,18,17,68
4031,18,17,16,16,67
4032,33,16,84,16,149
4033,32,34,50,16,132
4035,151,16,33,15,215
4036,133,16,33,15,197
4038,101,16,33,15,165
4040,67,16,33,15,131
4041,84,16,151,16,267
4042,83,34,117,16,250
4043,67,34,117,16,234
4045,33,34,117,16,200
4046,31,19,117,16,183
4047,34,32,152,14,232
4048,19,32,152,14,217
4049,266,34,82,16,398
4050,249,34,82,16,381
4051,234,34,82,16,366
4052,215,34,82,16,347
4053,200,34,82,16,332
4054,184,34,82,16,316
4055,166,34,82,16,298
4056,166,17,82,16,281
4058,133,17,82,16,248
4060,99,17,82,16,214
4061,85,17,82,16,200
4062,65,17,82,16,180
4063,51,17,82,16,166
4064,34,17,82,16,149
4065,83,16,33,17,149
4066,151,32,18,15,216
4068,151,33,18,15,217
4071,101,33,18,15,167
4072,84,33,18,15,150
4076,16,33,18,15,82
4077,18,15,18,15,66
4079,84,17,15,17,133
4081,51,17,15,17,100
4083,16,17,15,17,65
4085,15,17,33,17,82
4086,17,33,17,18,85
4087,33,35,32,17,117
4089,17,18,32,17,84
4093,17,18,50,16,101
4095,17,16,17,16,66
4096,16,33,34,17,100
4097,33,34,33,15,115
4099,0,34,33,15,82
4100,35,16,84,14,149
4101,17,16,84,14,131
4103,84,14,150,18,266
4104,69,14,150,18,251
4105,52,14,150,18,234
4106,34,14,150,18,216
4107,19,14,150,18,201
4108,14,35,115,18,182
4109,17,18,115,18,168
4110,18,34,81,18,151
4111,34,31,50,18,133
4112,16,31,50,18,115
4113,16,15,50,18,99
4115,101,33,50,17,201
4116,82,33,50,17,182
4117,66,33,50,17,166
4118,51,33,50,17,151
4120,83,34,50,16,183
4122,116,33,18,17,184
4123,100,33,18,17,168
4124,82,33,18,17,150
4126,50,33,18,17,118
4127,33,33,18,17,101
4128,16,33,18,17,84
4129,17,16,18,17,68
4130,16,35,182,16,249
4131,18,17,182,16,233
4132,32,17,150,16,215
4133,15,17,150,16,198
4134,69,14,84,16,183
4135,52,14,84,16,166
4136,36,14,84,16,150
4137,33,34,50,16,133
4138,14,34,50,16,114
4141,34,32,100,17,183
4143,16,16,100,17,149
4145,66,34,17,18,135
4147,31,34,17,18,100
4148,14,34,17,18,83
4149,17,17,17,18,69
4150,17,35,149,18,219
4151,17,18,149,18,202
4154,17,34,82,18,151
4155,17,17,82,18,134
4157,34,33,15,18,100
4159,16,17,15,18,66
4160,17,33,82,18,150
4162,18,33,49,18,118
4163,15,18,49,18,100
4164,67,18,15,18,118
4165,49,18,15,18,100
4166,32,18,15,18,83
4167,17,18,15,18,68
4168,0,18,15,18,51
4169,150,18,49,15,232
4170,135,18,49,15,217
4171,117,18,49,15,199
4174,66,18,49,15,148
4175,50,18,49,15,132
4177,34,30,19,15,98
4179,49,15,18,17,99
4180,35,15,18,17,85
4181,19,15,18,17,69
4183,18,17,216,15,266
4184,132,17,84,15,248
4185,115,17,84,15,231
4187,84,17,84,15,200
4190,32,17,84,15,148
4191,15,17,84,15,131
4192,101,15,34,19,169
4194,67,15,34,19,135
4195,50,15,34,19,118
4196,33,15,34,19,101
4197,33,34,19,18,104
4199,135,32,34,17,218
4200,117,32,34,17,200
4203,64,32,34,17,147
4204,81,34,34,16,165
4205,65,34,34,16,149
4206,82,34,16,18,150
4208,85,34,16,15,150
4209,68,34,16,15,133
4210,51,34,16,15,116
4211,34,34,16,15,99
4213,16,18,16,15,65
4214,18,31,37,13,99
4215,16,15,37,13,81
4217,37,30,150,19,236
4218,18,30,150,19,217
4219,80,17,83,19,199
4221,50,17,83,19,169
4222,166,16,52,15,249
4223,150,16,52,15,233
4225,117,16,52,15,200
4226,101,16,52,15,184
4227,82,16,52,15,165
4228,66,16,52,15,149
4229,50,16,52,15,133
4230,34,16,52,15,117
4231,31,34,82,18,165
4232,33,17,82,18,150
4236,0,15,49,18,82
4237,35,32,82,18,167
4239,98,34,118,16,266
4240,84,34,118,16,252
4243,31,34,118,16,199
4244,82,34,51,16,183
4245,67,34,51,16,168
4246,85,35,16,16,152
4247,67,35,16,16,134
4249,34,35,16,16,101
4250,17,35,16,16,84
4251,35,32,32,18,117
4252,33,16,32,18,99
4253,32,32,33,19,116
4254,48,33,981,16,1078
4255,32,33,981,16,1062
4256,17,33,981,16,1047
4257,33,35,946,16,1030
4259,19,16,946,16,997
4260,0,16,946,16,978
4262,34,16,880,16,946
4265,82,18,780,16,896
4267,48,18,780,16,862
4268,33,18,780,16,847
4269,34,62,718,16,830
4270,286,30,482,16,814
4271,268,30,482,16,796
4272,252,30,482,16,780
4274,203,30,482,16,731
4276,169,30,482,16,697
4278,137,30,482,16,665
4280,105,30,482,16,633
4281,88,30,482,16,616
4283,54,30,482,16,582
4284,38,30,482,16,566
4286,80,15,417,16,528
4287,66,15,417,16,514
4288,50,15,417,16,498
4289,33,15,417,16,481
4290,17,15,417,16,465
4293,33,17,350,16,416
4295,17,34,316,16,383
4296,51,15,284,16,366
4297,34,15,284,16,349
4298,17,15,284,16,332
4300,19,17,248,16,300
4301,33,15,217,16,281
4303,33,16,183,16,248
4308,18,16,116,16,166
4309,16,33,83,16,148
4311,16,34,49,16,115
4312,83,16,50,19,168
4315,34,16,50,19,119
4316,17,16,50,19,102
4317,16,35,15,19,85
4318,35,34,17,16,102
4320,15,19,17,16,67
4321,19,33,15,16,83
4323,16,31,19,16,82
4324,31,35,15,17,98
4326,0,35,15,17,67
4327,31,17,18,16,82
4328,32,34,17,17,100
4329,17,34,17,17,85
4331,203,14,48,19,284
4332,187,14,48,19,268
4336,120,14,48,19,201
4337,104,14,48,19,185
4338,85,14,48,19,166
4339,85,33,15,19,152
4340,68,33,15,19,135
4342,33,33,15,19,100
4343,14,33,15,19,81
4345,67,16,51,16,150
4347,34,16,51,16,117
4348,15,16,51,16,98
4349,0,16,51,16,83
4350,36,31,17,17,101
4351,17,31,17,17,82
4354,34,35,14,17,100
4357,66,19,49,16,150
4358,48,19,49,16,132
4360,17,19,49,16,101
4361,84,33,34,17,168
4362,81,17,34,17,149
4363,65,17,34,17,133
4364,50,17,34,17,118
4365,32,17,34,17,100
4366,483,17,83,16,599
4367,467,17,83,16,583
4368,450,17,83,16,566
4370,416,17,83,16,532
4371,399,17,83,16,515
4374,349,17,83,16,465
4376,317,17,83,16,433
4379,265,17,83,16,381
4380,250,17,83,16,366
4381,233,17,83,16,349
4382,216,17,83,16,332
4383,199,17,83,16,315
4385,165,17,83,16,281
4386,150,17,83,16,266
4387,133,17,83,16,249
4389,100,17,83,16,216
4390,83,17,83,16,199
4391,83,35,48,16,182
4392,67,35,48,16,166
4394,200,34,51,14,299
4397,149,34,51,14,248
4398,149,16,51,14,230
4400,116,16,51,14,197
4401,101,16,51,14,182
4404,85,17,17,14,133
4405,66,17,17,14,114
4406,99,35,83,16,233
4407,81,35,83,16,215
4408,65,35,83,16,199
4411,14,35,83,16,148
4412,68,33,17,16,134
4413,50,33,17,16,116
4414,33,33,17,16,99
4415,17,33,17,16,83
4417,17,33,17,17,84
4419,16,34,83,17,150
4420,84,18,132,17,251
4421,117,34,233,16,400
4422,100,34,233,16,383
4424,67,34,233,16,350
4425,50,34,233,16,333
4427,17,34,233,16,300
4428,18,16,233,16,283
4429,16,30,203,16,265
4430,17,13,203,16,249
4431,151,31,84,17,283
4432,138,31,84,17,270
4434,102,31,84,17,234
4435,85,31,84,17,217
4437,51,31,84,17,183
4438,35,31,84,17,167
4439,19,31,84,17,151
4442,116,19,33,17,185
4443,99,19,33,17,168
4444,82,19,33,17,151
4445,66,19,33,17,135
4446,48,19,33,17,117
4448,34,33,17,17,101
4449,19,33,17,17,86
4450,33,34,15,17,99
4451,84,34,16,17,151
4452,66,34,16,17,133
4453,49,34,16,17,116
4454,99,32,135,16,282
4455,84,32,135,16,267
4457,52,32,135,16,235
4458,33,32,135,16,216
4460,0,32,135,16,183
4461,16,35,100,16,167
4465,17,31,51,17,116
4467,35,16,116,16,183
4468,19,16,116,16,167
4469,0,16,116,16,148
4470,16,17,83,16,132
4471,34,16,50,16,116
4472,17,16,50,16,99
4473,117,34,80,17,248
4474,101,34,80,17,232
4475,267,18,80,18,383
4477,234,18,80,18,350
4480,183,18,80,18,299
4481,168,18,80,18,284
4482,149,18,80,18,265
4483,134,18,80,18,250
4484,117,18,80,18,233
4485,102,18,80,18,218
4486,84,18,80,18,200
4487,69,18,80,18,185
4488,52,18,80,18,168
4489,35,18,80,18,151
4490,36,30,50,18,134
4491,18,30,50,18,116
4492,80,18,33,18,149
4493,65,18,33,18,134
4495,30,18,33,18,99
4497,34,17,18,14,83
4498,16,17,18,14,65
4499,17,32,19,16,84
4500,18,14,19,16,67
4501,33,16,250,17,316
4502,67,34,184,17,302
4503,48,34,184,17,283
4504,32,34,184,17,267
4505,15,34,184,17,250
4506,17,17,184,17,235
4507,35,16,150,17,218
4508,34,34,116,17,201
4509,16,34,116,17,183
4510,0,34,116,17,167
4512,16,17,83,17,133
4513,33,16,51,17,117
4517,17,34,49,16,116
4518,17,17,49,16,99
4520,0,32,17,16,65
4521,16,33,17,19,85
4522,17,16,17,19,69
4523,151,33,17,16,217
4524,135,33,17,16,201
4525,118,33,17,16,184
4526,99,33,17,16,165
4527,85,33,17,16,151
4528,67,33,17,16,133
4530,33,33,17,16,99
4533,16,33,18,14,81
4536,0,32,85,17,134
4538,119,17,149,19,304
4540,83,17,149,19,268
4542,51,17,149,19,236
4543,34,17,149,19,219
4545,17,32,117,19,185
4546,32,32,85,19,168
4547,18,32,85,19,154
4548,81,20,83,15,199
4549,64,20,83,15,182
4550,49,20,83,15,167
4551,31,20,83,15,149
4552,83,16,84,16,199
4553,70,16,84,16,186
4554,50,16,84,16,166
4555,99,17,18,16,150
4556,80,17,18,16,131
4557,65,17,18,16,116
4559,32,17,18,16,83
4560,117,18,150,15,300
4561,100,18,150,15,283
4562,83,18,150,15,266
4565,32,18,150,15,215
4566,32,34,149,17,232
4567,84,32,85,17,218
4568,66,32,85,17,200
4569,50,32,85,17,184
4571,34,16,85,17,152
4572,32,34,85,15,166
4573,16,34,85,15,150
4574,34,33,52,15,134
4575,17,33,52,15,117
4576,33,35,17,15,100
4577,15,35,17,15,82
4578,18,17,17,15,67
4581,83,33,51,14,181
4582,68,33,51,14,166
4583,51,33,51,14,149
4584,34,33,51,14,132
4585,16,33,51,14,114
4587,52,30,86,14,182
4588,35,30,86,14,165
4589,17,30,86,14,147
4590,0,30,86,14,130
4591,33,15,52,14,114
4593,15,33,33,20,101
4594,33,33,34,17,117
4595,14,33,34,17,98
4596,33,34,84,17,168
4597,34,14,84,17,149
4599,115,33,85,15,248
4601,84,33,85,15,217
4603,50,33,85,15,183
4605,17,33,85,15,150
4606,0,33,85,15,133
4607,15,34,51,15,115
4608,17,17,51,15,100
4609,116,34,83,16,249
4610,99,34,83,16,232
4611,84,34,83,16,217
4612,67,34,83,16,200
4613,48,34,83,16,181
4614,33,34,83,16,166
4615,15,34,83,16,148
4616,17,17,83,16,133
4621,116,33,19,15,183
4623,83,33,19,15,150
4624,100,34,32,18,184
4625,82,34,32,18,166
4628,33,34,32,18,117
4629,14,34,32,18,98
4630,19,15,32,18,84
4631,32,15,37,14,98
4632,17,15,37,14,83
4633,83,34,83,17,217
4634,68,34,83,17,202
4635,84,33,182,18,317
4636,65,33,182,18,298
4638,34,33,182,18,267
4641,33,16,149,18,216
4642,33,34,115,18,200
4644,200,33,84,16,333
4645,183,33,84,16,316
4646,166,33,84,16,299
4647,150,33,84,16,283
4648,133,33,84,16,266
4649,117,33,84,16,250
4650,98,33,84,16,231
4652,65,33,84,16,198
4653,51,33,84,16,184
4654,33,33,84,16,166
4656,0,33,84,16,133
4657,15,34,282,18,349
4658,18,16,282,18,334
4659,16,33,249,18,316
4660,85,17,180,18,300
4662,700,33,187,13,933
4663,683,33,187,13,916
4664,667,33,187,13,900
4666,631,33,187,13,864
4667,617,33,187,13,850
4668,601,33,187,13,834
4669,584,33,187,13,817
4670,565,33,187,13,798
4671,549,33,187,13,782
4673,515,33,187,13,748
4674,498,33,187,13,731
4675,483,33,187,13,716
4676,467,33,187,13,700
4677,451,33,187,13,684
4678,433,33,187,13,666
4679,415,33,187,13,648
4680,398,33,187,13,631
4682,366,33,187,13,599
4683,348,33,187,13,581
4684,332,33,187,13,565
4686,300,33,187,13,533
4687,282,33,187,13,515
4688,268,33,187,13,501
4689,249,33,187,13,482
4690,234,33,187,13,467
4691,215,33,187,13,448
4692,200,33,187,13,433
4694,167,33,187,13,400
4695,148,33,187,13,381
4696,133,33,187,13,366
4697,117,33,187,13,350
4698,100,33,187,13,333
4701,65,17,187,13,282
4702,48,17,187,13,265
4703,30,17,187,13,247
4704,16,17,187,13,233
4705,17,36,151,13,217
4708,16,14,121,13,164
4710,17,18,86,13,134
4711,18,33,53,13,117
4714,33,33,18,16,100
4716,20,13,18,16,67
4718,84,17,101,15,217
4719,167,17,32,18,234
4721,134,17,32,18,201
4723,101,17,32,18,168
4724,84,17,32,18,151
4725,67,17,32,18,134
4726,50,17,32,18,117
4727,52,32,32,18,134
4728,34,32,32,18,116
4729,17,32,32,18,99
4731,0,17,32,18,67
4732,18,14,84,20,136
4733,81,37,114,18,250
4735,49,37,114,18,218
4737,32,20,114,18,184
4741,34,18,49,18,119
4742,16,18,49,18,101
4743,34,16,35,17,102
4745,85,31,83,17,216
4750,15,16,83,17,131
4753,83,35,148,18,284
4754,66,35,148,18,267
4759,34,18,114,18,184
4760,16,18,114,18,166
4761,18,32,82,18,150
4762,16,16,82,18,132
4763,85,31,18,16,150
4766,35,31,18,16,100
4768,0,31,18,16,65
4770,34,33,17,17,101
4771,31,18,17,17,83
4772,15,18,17,17,67
4773,83,35,15,18,151
4774,65,35,15,18,133
4775,66,17,15,18,116
4776,49,17,15,18,99
4777,32,17,15,18,82
4778,18,17,15,18,68
4779,17,33,15,18,83
4780,15,18,15,18,66
4783,18,35,16,18,87
4784,0,35,16,18,69
4785,33,18,32,15,98
4787,83,32,17,18,150
4788,65,32,17,18,132
4789,50,32,17,18,117
4791,18,32,17,18,85
4792,15,17,17,18,67
4793,17,35,16,18,86
4794,17,18,16,18,69
4795,18,34,81,17,150
4796,83,17,15,17,132
4797,84,32,34,18,168
4799,51,32,34,18,135
4804,34,31,17,18,100
4805,16,31,17,18,82
4806,0,31,17,18,66
4808,17,18,32,20,87
4810,85,16,18,14,133
4811,67,16,18,14,115
4814,19,16,18,14,67
4815,16,32,16,19,83
4816,167,34,31,16,248
4818,135,34,31,16,216
4820,100,34,31,16,181
4821,84,34,31,16,165
4823,51,34,31,16,132
4825,36,17,31,16,100
4826,81,18,34,16,149
4827,64,18,34,16,132
4828,47,18,34,16,115
4829,134,14,52,16,216
4831,103,14,52,16,185
4833,69,14,52,16,151
4834,150,15,352,15,532
4835,134,15,352,15,516
4836,116,15,352,15,498
4837,99,15,352,15,481
4838,85,15,352,15,467
4840,99,35,284,15,433
4841,81,35,284,15,415
4842,65,35,284,15,399
4845,16,35,284,15,350
4847,17,32,252,15,316
4849,80,34,152,15,281
4850,66,34,152,15,267
4853,14,34,152,15,215
4855,15,33,119,15,182
4856,17,16,119,15,167
4857,83,33,119,17,252
4859,50,33,119,17,219
4861,168,17,15,19,219
4862,152,17,15,19,203
4864,119,17,15,19,170
4867,69,17,15,19,120
4868,83,19,13,19,134
4870,51,19,13,19,102
4871,32,19,13,19,83
4872,15,19,13,19,66
4873,19,32,15,16,82
4874,13,19,15,16,63
4877,32,19,18,14,83
4881,116,32,16,18,182
4882,102,32,16,18,168
4883,84,32,16,18,150
4884,86,15,16,18,135
4885,68,15,16,18,117
4887,34,15,16,18,83
4888,17,15,16,18,66
4889,15,34,16,17,82
4890,16,18,16,17,67
4892,0,33,118,15,166
4893,17,35,83,15,150
4894,0,35,83,15,133
4895,18,33,50,15,116
4896,16,17,50,15,98
4898,16,16,18,15,65
4899,34,15,83,16,148
4900,33,33,50,16,132
4902,83,16,85,18,202
4903,83,36,49,18,186
4904,66,36,49,18,169
4906,32,36,49,18,135
4907,16,36,49,18,119
4909,85,31,32,18,166
4911,53,31,32,18,134
4912,35,31,32,18,116
4913,18,31,32,18,99
4914,16,15,32,18,81
4915,83,35,30,16,164
4917,51,35,30,16,132
4918,36,35,30,16,117
4919,35,18,30,16,99
4920,81,20,82,15,198
4921,64,20,82,15,181
4922,46,20,82,15,163
4923,32,20,82,15,149
4924,16,20,82,15,133
4925,20,33,332,16,401
4927,34,15,300,16,365
4930,32,34,234,16,316
4931,117,33,133,16,299
4932,102,33,133,16,284
4933,84,33,133,16,266
4934,68,33,133,16,250
4935,52,33,133,16,234
4937,17,33,133,16,199
4939,33,17,100,16,166
4940,16,17,100,16,149
4942,82,18,500,16,616
4943,83,34,466,16,599
4945,150,33,366,16,565
4946,135,33,366,16,550
4949,85,33,366,16,500
4951,51,33,366,16,466
4952,35,33,366,16,450
4954,0,33,366,16,415
4955,17,34,332,16,399
4956,82,18,266,16,382
4957,67,18,266,16,367
4958,48,18,266,16,348
4960,17,18,266,16,317
4962,500,31,19,16,566
4964,467,31,19,16,533
4965,450,31,19,16,516
4966,434,31,19,16,500
4967,417,31,19,16,483
4968,402,31,19,16,468
4969,385,31,19,16,451
4970,367,31,19,16,433
4972,332,31,19,16,398
4973,318,31,19,16,384
4974,300,31,19,16,366
4976,269,31,19,16,335
4977,252,31,19,16,318
4978,234,31,19,16,300
4980,201,31,19,16,267
4981,185,31,19,16,251
4982,168,31,19,16,234
4985,116,31,19,16,182
4987,300,17,115,18,450
4988,284,17,115,18,434
4989,269,17,115,18,419
4992,217,17,115,18,367
4996,151,17,115,18,301
4997,135,17,115,18,285
4998,119,17,115,18,269
4999,101,17,115,18,251
5000,84,17,115,18,234
5001,66,17,115,18,216
5002,52,17,115,18,202
5004,18,17,115,18,168
5006,15,18,82,18,133
5007,18,32,84,15,149
5010,33,35,16,15,99
5011,166,16,152,17,351
5013,134,16,152,17,319
5014,116,16,152,17,301
5018,99,33,86,17,235
5019,83,33,86,17,219
5020,67,33,86,17,203
5021,49,33,86,17,185
5022,33,33,86,17,169
5024,33,35,51,17,136
5025,36,16,51,17,120
5026,19,16,51,17,103
5027,84,31,16,17,148
5029,52,31,16,17,116
5032,31,33,117,17,198
5034,16,17,117,17,167
5035,86,32,16,17,151
5036,69,32,16,17,134
5038,35,32,16,17,100
5039,18,32,16,17,83
5040,32,33,18,17,100
5041,17,33,18,17,85
5042,82,18,15,17,132
5043,66,18,15,17,116
5044,49,18,15,17,99
5045,31,18,15,17,81
5048,15,17,17,18,67
5049,17,35,15,22,89
5050,0,35,15,22,72
5053,22,30,33,17,102
5054,46,17,17,15,95
5055,82,34,17,16,149
5056,65,34,17,16,132
5060,0,34,17,16,67
5061,17,33,15,19,84
5062,84,17,15,17,133
5064,51,17,15,17,100
5065,36,17,15,17,85
5066,34,32,17,16,99
5067,17,32,17,16,82
5068,32,33,19,17,101
5070,33,36,16,16,101
5073,17,32,33,17,99
5076,17,16,17,16,66
5077,49,34,15,19,117
5078,33,34,15,19,101
5079,16,34,15,19,84
5082,34,33,34,16,117
5083,35,17,34,16,102
5084,83,16,82,17,198
5085,67,16,82,17,182
5086,50,16,82,17,165
5087,83,34,117,17,251
5088,64,34,117,17,232
5095,17,35,49,17,118
5096,35,31,18,17,101
5098,16,15,18,17,66
5099,33,17,117,15,182
5102,67,33,17,15,132
5103,51,33,17,15,116
5104,34,33,17,15,99
5105,17,33,17,15,82
5108,17,15,35,17,84
5109,15,35,17,15,82
5110,18,17,17,15,67
5112,17,15,19,15,66
5114,34,33,16,18,101
5115,33,15,16,18,82
5116,82,16,18,17,133
5119,33,16,18,17,84
5120,31,35,83,17,166
5121,34,17,83,17,151
5122,85,18,15,17,135
5123,67,18,15,17,117
5124,135,31,18,18,202
5125,119,31,18,18,186
5126,101,31,18,18,168
5127,85,31,18,18,152
5128,67,31,18,18,134
5129,52,31,18,18,119
5131,18,31,18,18,85
5132,83,16,15,19,133
5137,50,33,16,18,117
5138,34,33,16,18,101
5139,134,18,17,16,185
5140,115,18,17,16,166
5141,99,18,17,16,150
5144,48,18,17,16,99
5145,33,18,17,16,84
5146,18,18,17,16,69
5148,17,16,16,17,66
5149,82,35,16,17,150
5150,66,35,16,17,134
5151,85,33,17,14,149
5152,84,17,17,14,132
5153,67,17,17,14,115
5154,51,17,17,14,99
5157,34,14,18,15,81
5158,31,33,36,17,117
5159,14,33,36,17,100
5160,86,17,15,18,136
5161,68,17,15,18,118
5162,103,32,18,18,171
5163,86,32,18,18,154
5164,67,32,18,18,135
5165,50,32,18,18,118
5167,18,32,18,18,86
5168,0,32,18,18,68
5169,17,36,14,16,83
5172,14,16,34,18,82
5176,18,15,151,15,199
5177,81,35,100,16,232
5178,66,35,100,16,217
5179,50,35,100,16,201
5181,50,31,69,16,166
5182,35,31,69,16,151
5183,18,31,69,16,134
5184,82,18,16,16,132
5185,84,32,33,17,166
5187,50,32,33,17,132
5188,35,32,33,17,117
5190,82,16,34,19,151
5191,66,16,34,19,135
5192,50,16,34,19,119
5193,32,16,34,19,101
5196,20,14,19,14,67
5197,81,34,117,16,248
5198,85,16,117,16,234
5199,66,16,117,16,215
5201,34,16,117,16,183
5202,18,16,117,16,167
5203,32,16,85,16,149
5205,52,33,98,17,200
5206,36,33,98,17,184
5207,18,33,98,17,166
5208,15,18,98,17,148
5209,18,32,66,17,133
5210,32,32,34,17,115
5211,16,32,34,17,99
5212,32,34,34,16,116
5215,16,34,16,18,84
5218,167,33,17,16,233
5219,151,33,17,16,217
5220,133,33,17,16,199
5221,117,33,17,16,183
5222,101,33,17,16,167
5223,84,33,17,16,150
5224,67,33,17,16,133
5225,50,33,17,16,116
5227,32,17,17,16,82
5230,17,16,251,16,300
5232,18,16,217,16,267
5233,81,34,118,16,249
5237,149,34,52,14,249
5239,133,16,52,14,215
5240,118,16,52,14,200
5241,101,16,52,14,183
5242,85,16,52,14,167
5244,82,17,33,18,150
5245,66,17,33,18,134
5246,67,33,18,15,133
5247,49,33,18,15,115
5248,33,33,18,15,99
5249,36,14,18,15,83
5251,32,15,19,14,80
5252,18,15,19,14,66
5253,0,15,19,14,48
5254,0,33,19,15,67
5256,0,34,84,17,135
5257,15,33,51,17,116
5258,17,16,51,17,101
5259,0,16,51,17,84
5260,17,17,17,17,68
5261,34,17,0,18,69
5262,17,17,0,18,52
5263,17,32,35,16,100
5266,117,17,33,17,184
5267,99,17,33,17,166
5268,82,17,33,17,149
5269,66,17,33,17,133
5271,32,17,33,17,99
5272,15,17,33,17,82
5273,0,17,33,17,67
5274,18,15,17,15,65
5275,15,32,19,17,83
5279,150,32,34,17,233
5280,133,32,34,17,216
5281,150,34,83,17,284
5285,82,34,83,17,216
5286,66,34,83,17,200
5287,117,33,16,17,183
5288,100,33,16,17,166
5289,84,33,16,17,150
5291,50,33,16,17,116
5292,34,33,16,17,100
5293,83,35,15,18,151
5295,85,33,15,17,150
5297,52,33,15,17,117
5298,35,33,15,17,100
5299,18,33,15,17,83
5302,32,32,253,15,332
5303,17,32,253,15,317
5304,32,36,217,15,300
5305,15,36,217,15,283
5306,19,17,217,15,268
5307,82,34,118,15,249
5308,65,34,118,15,232
5314,82,19,17,15,133
5315,66,19,17,15,117
5316,50,19,17,15,101
5317,82,33,35,15,165
5318,65,33,35,15,148
5319,51,33,35,15,134
5321,15,33,35,15,98
5322,0,33,35,15,83
5323,35,17,34,15,101
5324,35,34,32,16,117
5325,117,32,17,18,184
5327,85,32,17,18,152
5329,51,32,17,18,118
5331,18,32,17,18,85
5332,0,32,17,18,67
5333,16,35,83,16,150
5334,17,18,83,16,134
5338,82,17,151,15,265
5339,67,17,151,15,250
5340,49,17,151,15,232
5342,16,17,151,15,199
5343,17,33,118,15,183
5345,15,33,85,15,148
5346,0,33,85,15,133
5347,17,34,51,15,117
5349,83,35,16,17,151
5350,66,35,16,17,134
5351,50,35,16,17,118
5353,15,35,16,17,83
5354,35,33,16,15,99
5355,15,33,16,15,79
5356,33,31,33,19,116
5357,33,15,33,19,100
5358,54,10,19,16,99
5359,38,10,19,16,83
5360,23,10,19,16,68
5361,79,34,32,16,161
5362,86,17,32,16,151
5363,67,17,32,16,132
5365,33,17,32,16,98
5367,17,32,33,19,101
5368,65,35,83,17,200
5369,50,35,83,17,185
5370,33,35,83,17,168
5371,17,35,83,17,152
5373,0,16,83,17,116
5374,32,35,316,15,398
5375,34,18,316,15,383
5376,17,18,316,15,366
5378,132,33,151,15,331
5380,99,33,151,15,298
5381,83,33,151,15,282
5383,200,15,33,17,265
5384,185,15,33,17,250
5385,169,15,33,17,234
5387,133,15,33,17,198
5388,118,15,33,17,183
5390,83,15,33,17,148
5391,86,33,17,17,153
5394,33,33,17,17,100
5395,15,33,17,17,82
5397,182,34,33,17,266
5399,150,34,33,17,234
5401,117,34,33,17,201
5403,82,34,33,17,166
5406,149,18,49,17,233
5407,131,18,49,17,215
5408,117,18,49,17,201
5409,98,18,49,17,182
5412,50,18,49,17,134
5413,33,18,49,17,117
5414,16,18,49,17,100
5415,18,31,18,17,84
5416,31,35,17,16,99
5417,15,35,17,16,83
5418,18,17,17,16,68
5421,16,34,15,17,82
5422,66,36,549,16,667
5423,48,36,549,16,649
5424,32,36,549,16,633
5427,19,31,518,16,584
5428,48,16,485,16,565
5429,32,16,485,16,549
5432,0,35,450,16,501
5433,49,33,385,16,483
5434,32,33,385,16,466
5435,18,33,385,16,452
5437,32,17,351,16,416
5438,84,15,286,16,401
5439,67,15,286,16,384
5440,50,15,286,16,367
5441,133,17,185,16,351
5443,99,17,185,16,317
5444,84,17,185,16,302
5446,50,17,185,16,268
5447,32,17,185,16,250
5448,83,17,118,16,234
5449,67,17,118,16,218
5450,50,17,118,16,201
5451,33,17,118,16,184
5452,33,33,150,18,234
5453,17,33,150,18,218
5454,0,33,150,18,201
5455,14,35,115,18,182
5456,35,31,84,18,168
5457,17,31,84,18,150
5458,16,15,84,18,133
5459,34,16,49,18,117
5460,35,34,33,16,118
5461,16,34,33,16,99
5462,0,34,33,16,83
5463,332,17,84,16,449
5464,315,17,84,16,432
5465,300,17,84,16,417
5466,282,17,84,16,399
5468,250,17,84,16,367
5469,233,17,84,16,350
5470,216,17,84,16,333
5471,198,17,84,16,315
5472,183,17,84,16,300
5475,133,17,84,16,250
5476,112,17,84,16,229
5477,98,17,84,16,215
5478,83,17,84,16,200
5479,67,17,84,16,184
5480,49,17,84,16,166
5482,34,34,83,17,168
5483,17,34,83,17,151
5484,0,34,83,17,134
5485,151,32,16,17,216
5487,118,32,16,17,183
5489,84,32,16,17,149
5490,68,32,16,17,133
5491,83,33,36,14,166
5492,82,17,36,14,149
5493,65,17,36,14,132
5494,48,17,36,14,115
5495,31,17,36,14,98
5497,17,36,14,17,84
5498,36,31,0,17,84
5500,31,34,34,15,114
5502,17,17,34,15,83
5503,32,19,32,17,100
5504,100,33,83,17,233
5505,85,33,83,17,218
5506,66,33,83,17,199
5507,51,33,83,17,184
5508,34,33,83,17,167
5511,17,32,51,17,117
5512,83,17,17,17,134
5513,65,17,17,17,116
5514,51,17,17,17,102
5518,85,17,48,16,166
5519,85,33,15,16,149
5520,68,33,15,16,132
5522,36,33,15,16,100
5523,17,33,15,16,81
5524,16,17,15,16,64
5526,31,35,16,17,99
5531,83,32,117,17,249
5533,50,32,117,17,216
5534,34,32,117,17,200
5535,16,32,117,17,182
5536,32,33,84,17,166
5537,34,15,84,17,150
5538,18,15,84,17,134
5539,67,18,14,17,116
5540,52,18,14,17,101
5541,34,18,14,17,83
5543,18,31,17,19,85
5544,14,17,17,19,67
5547,19,32,49,16,116
5548,15,17,49,16,97
5551,32,16,35,15,98
5553,16,35,15,17,83
5555,31,17,17,16,81
5556,32,33,17,18,100
5557,34,16,17,18,85
5558,17,16,17,18,68
5559,16,35,15,17,83
5560,17,18,15,17,67
5561,33,17,17,21,88
5562,15,17,17,21,70
5563,17,38,46,17,118
5564,0,38,46,17,101
5567,14,35,84,17,150
5568,18,17,84,17,136
5570,17,18,49,17,101
5572,15,18,16,17,66
5573,34,17,16,15,82
5575,33,15,35,15,98
5576,81,18,182,19,300
5579,31,18,182,19,250
5580,15,18,182,19,234
5581,134,17,49,19,219
5582,116,17,49,19,201
5583,98,17,49,19,183
5584,84,17,49,19,169
5592,17,19,17,14,67
5594,231,33,35,17,316
5595,214,33,35,17,299
5596,200,33,35,17,285
5598,166,33,35,17,251
5599,149,33,35,17,234
5600,1517,18,16,15,1566
5601,1500,18,16,15,1549
5602,1483,18,16,15,1532
5603,1468,18,16,15,1517
5604,1450,18,16,15,1499
5605,1435,18,16,15,1484
5609,1368,18,16,15,1417
5610,1352,18,16,15,1401
5611,1335,18,16,15,1384
5613,1300,18,16,15,1349
5614,1283,18,16,15,1332
5615,1267,18,16,15,1316
5616,1252,18,16,15,1301
5617,1233,18,16,15,1282
5618,1217,18,16,15,1266
5619,1199,18,16,15,1248
5620,1184,18,16,15,1233
5621,1167,18,16,15,1216
5622,1150,18,16,15,1199
5623,1133,18,16,15,1182
5625,1101,18,16,15,1150
5626,1086,18,16,15,1135
5627,1071,18,16,15,1120
5628,1051,18,16,15,1100
5629,1034,18,16,15,1083
5630,1017,18,16,15,1066
5631,1002,18,16,15,1051
5632,984,18,16,15,1033
5633,968,18,16,15,1017
5634,951,18,16,15,1000
5635,934,18,16,15,983
5637,900,18,16,15,949
5638,920,15,34,17,986
5639,903,15,34,17,969
5640,885,15,34,17,951
5641,869,15,34,17,935
5642,851,15,34,17,917
5643,836,15,34,17,902
5644,818,15,34,17,884
5645,803,15,34,17,869
5646,784,15,34,17,850
5647,766,15,34,17,832
5648,751,15,34,17,817
5650,718,15,34,17,784
5651,701,15,34,17,767
5652,685,15,34,17,751
5653,668,15,34,17,734
5654,651,15,34,17,717
5655,636,15,34,17,702
5656,619,15,34,17,685
5659,568,15,34,17,634
5661,534,15,34,17,600
5663,501,15,34,17,567
5664,484,15,34,17,550
5666,452,15,34,17,518
5667,436,15,34,17,502
5668,419,15,34,17,485
5669,401,15,34,17,467
5671,368,15,34,17,434
5673,333,15,34,17,399
5674,320,15,34,17,386
5675,300,15,34,17,366
5677,269,15,34,17,335
5678,252,15,34,17,318
5679,235,15,34,17,301
5680,217,15,34,17,283
5682,184,15,34,17,250
5684,152,15,34,17,218
5686,118,15,34,17,184
5687,102,15,34,17,168
5689,67,15,34,17,133
5690,48,15,34,17,114
5691,34,15,34,17,100
5692,16,15,34,17,82
5693,148,35,14,17,214
5695,117,35,14,17,183
5697,82,35,14,17,148
5698,83,17,14,17,131
5700,51,17,14,17,99
5701,34,17,14,17,82
5702,18,17,14,17,66
5703,17,31,36,17,101
5706,17,19,49,15,100
5707,19,32,32,17,100
5708,17,15,32,17,81
5710,17,15,34,17,83
5711,15,34,17,18,84
5712,34,35,15,17,101
5715,33,17,15,23,88
5716,15,17,15,23,70
5717,17,38,11,16,82
5718,38,27,18,17,100
5721,0,16,18,17,51
5723,17,33,16,19,85
5724,18,15,16,19,68
5726,0,35,32,17,84
5727,19,32,17,17,85
5728,16,16,17,17,66
5730,483,18,82,17,600
5731,466,18,82,17,583
5733,434,18,82,17,551
5734,416,18,82,17,533
5736,383,18,82,17,500
5737,366,18,82,17,483
5739,333,18,82,17,450
5741,299,18,82,17,416
5742,282,18,82,17,399
5743,265,18,82,17,382
5744,249,18,82,17,366
5745,233,18,82,17,350
5747,200,18,82,17,317
5748,183,18,82,17,300
5749,330,18,84,18,450
5750,316,18,84,18,436
5751,298,18,84,18,418
5752,283,18,84,18,403
5753,265,18,84,18,385
5754,248,18,84,18,368
5755,232,18,84,18,352
5758,182,18,84,18,302
5759,166,18,84,18,286
5760,148,18,84,18,268
5761,133,18,84,18,253
5762,115,18,84,18,235
5763,98,18,84,18,218
5765,66,18,84,18,186
5766,49,18,84,18,169
5767,31,18,84,18,151
5769,36,14,217,17,284
5770,18,14,217,17,266
5771,14,34,183,17,248
5772,186,14,17,17,234
5773,168,14,17,17,216
5774,152,14,17,17,200
5775,134,14,17,17,182
5776,116,14,17,17,164
5777,102,14,17,17,150
5778,84,14,17,17,132
5779,67,14,17,17,115
5781,102,15,18,18,153
5782,84,15,18,18,135
5783,66,15,18,18,117
5784,52,15,18,18,103
5785,35,15,18,18,86
5786,33,36,32,16,117
5788,18,18,32,16,84
5789,100,15,34,18,167
5790,82,15,34,18,149
5791,67,15,34,18,134
5793,34,15,34,18,101
5794,31,34,18,17,100
5795,15,34,18,17,84
5796,34,35,15,19,103
5797,84,33,15,17,149
5798,69,33,15,17,134
5799,51,33,15,17,116
5803,20,32,34,17,103
5804,15,17,34,17,83
5805,17,34,733,18,802
5806,18,16,733,18,785
5807,533,18,198,18,767
5809,500,18,198,18,734
5813,435,18,198,18,669
5814,417,18,198,18,651
5815,400,18,198,18,634
5816,386,18,198,18,620
5817,367,18,198,18,601
5819,336,18,198,18,570
5820,319,18,198,18,553
5821,301,18,198,18,535
5825,234,18,198,18,468
5826,216,18,198,18,450
5827,201,18,198,18,435
5828,184,18,198,18,418
5832,116,18,198,18,350
5833,101,18,198,18,335
5834,84,18,198,18,318
5835,67,18,198,18,301
5836,52,18,198,18,286
5838,18,18,198,18,252
5840,16,15,167,18,216
5841,32,17,133,18,200
5842,34,34,215,16,299
5844,17,17,215,16,265
5847,19,33,149,16,217
5848,33,33,116,16,198
5849,18,33,116,16,183
5850,17,16,116,16,165
5852,0,34,82,16,132
5853,0,16,82,16,114
5854,33,32,83,17,165
5855,32,18,83,17,150
5856,14,18,83,17,132
5857,35,16,50,17,118
5859,152,32,351,15,550
5860,136,32,351,15,534
5862,100,32,351,15,498
5863,86,32,351,15,484
5864,69,32,351,15,467
5865,84,32,319,15,450
5866,68,32,319,15,434
5867,49,32,319,15,415
5868,32,32,319,15,398
5869,18,32,319,15,384
5870,32,35,284,15,366
5871,15,35,284,15,349
5872,101,32,186,15,334
5873,82,32,186,15,315
5874,66,32,186,15,299
5875,51,32,186,15,284
5876,32,32,186,15,265
5877,16,32,186,15,249
5880,19,16,151,15,201
5881,16,32,119,15,182
5882,16,16,119,15,166
5884,34,33,84,16,167
5885,14,33,84,16,147
5887,17,34,50,16,117
5888,16,18,50,16,100
5890,18,15,17,16,66
5892,33,35,15,17,100
5895,16,32,18,17,83
5896,15,17,18,17,67
5897,35,17,31,19,102
5898,18,17,31,19,85
5899,17,31,19,15,82
5900,14,17,19,15,65
5901,67,17,18,17,119
5902,50,17,18,17,102
5903,31,17,18,17,83
5904,16,17,18,17,68
5906,18,17,0,18,53
5908,18,16,17,15,66
5909,33,15,15,19,82
5910,17,15,15,19,66
5911,15,34,15,17,81
5915,17,36,48,16,117
5916,18,18,48,16,100
5917,18,30,18,16,82
5918,16,14,18,16,64
5919,14,34,17,17,82
5920,18,16,17,17,68
5921,16,34,18,16,84
5922,34,34,15,19,102
5923,35,16,15,19,85
5924,18,16,15,19,68
5925,31,19,17,14,81
5927,118,32,52,12,214
5928,99,32,52,12,195
5930,68,32,52,12,164
5931,51,32,52,12,147
5932,33,32,52,12,129
5934,0,32,52,12,96
5935,31,18,49,15,113
5937,35,12,20,15,82
5939,12,35,17,18,82
5941,32,18,18,17,85
5942,84,18,83,19,204
5943,85,34,49,19,187
5944,84,17,49,19,169
5945,66,17,49,19,151
5946,49,17,49,19,134
5947,35,17,49,19,120
5948,17,17,49,19,102
5949,33,16,36,18,103
5950,16,16,36,18,86
5951,16,36,80,18,150
5953,37,14,82,18,151
5954,32,33,82,17,164
5955,14,33,82,17,146
5956,15,18,82,17,132
5958,15,18,82,18,133
5960,16,18,48,18,100
5962,15,17,268,15,315
5963,151,33,150,17,351
5965,118,33,150,17,318
5966,100,33,150,17,300
5967,83,33,150,17,283
5970,33,33,150,17,233
5971,15,33,150,17,215
5972,16,17,150,17,200
5973,17,34,116,17,184
5974,34,33,83,17,167
5975,32,17,83,17,149
5977,17,34,49,17,117
5978,49,18,33,18,118
5979,34,18,33,18,103
5980,15,18,33,18,84
5981,135,15,17,17,184
5982,117,15,17,17,166
5983,101,15,17,17,150
5984,84,15,17,17,133
5988,17,15,17,17,66
5990,17,17,200,19,253
5991,17,34,166,19,236
5992,0,34,166,19,219
5995,33,20,98,19,170
5998,0,32,66,19,117
