序号,发送->接收,接收->转发,转发->接收,接收->处理,总计
2,29,34,15,18,96
3,0,14,17,17,48
4,0,34,15,18,67
5,17,33,0,17,67
7,18,32,34,17,101
8,0,32,34,17,83
9,0,15,34,17,66
11,17,33,18,14,82
12,0,33,18,14,65
13,0,16,18,14,48
14,0,32,18,18,68
16,67,33,52,17,169
17,0,18,14,17,49
20,18,15,52,17,102
21,15,35,17,17,84
22,69,31,17,20,137
23,17,34,15,16,82
24,17,17,15,16,65
25,17,31,17,20,85
26,0,31,17,20,68
27,103,16,16,16,151
30,28,38,16,16,98
31,22,16,16,16,70
33,16,32,0,18,66
35,16,35,15,23,89
36,0,35,15,23,73
39,23,30,0,16,69
40,96,32,0,16,144
41,18,33,33,15,99
42,0,33,33,15,81
43,0,17,33,15,65
44,0,33,15,17,65
45,17,32,0,16,65
46,0,32,0,16,48
47,0,17,0,16,33
48,0,33,0,17,50
49,0,17,0,17,34
50,0,34,0,17,51
52,65,36,0,16,117
53,0,17,17,14,48
55,0,14,0,19,33
56,68,35,0,15,118
57,0,17,0,16,33
58,0,32,0,20,52
59,0,16,0,20,36
61,0,15,0,15,30
64,0,35,0,13,48
66,0,30,0,16,46
67,0,17,0,16,33
68,0,35,20,16,71
70,0,20,16,29,65
71,63,15,16,20,114
73,14,33,16,20,83
74,0,33,16,20,69
75,0,15,16,20,51
76,52,15,17,17,101
77,0,20,16,15,51
78,0,31,17,17,65
80,67,33,0,17,117
81,0,17,16,17,50
83,0,17,18,15,50
86,0,32,0,19,51
87,0,15,0,19,34
89,0,18,0,17,35
90,0,32,0,15,47
91,0,15,0,15,30
92,0,32,0,17,49
94,0,34,0,17,51
95,0,17,0,17,34
97,0,16,0,18,34
100,0,43,23,18,84
101,0,26,23,18,67
102,0,23,51,17,91
103,17,32,19,17,85
106,19,17,33,16,85
107,17,33,0,16,66
108,0,33,0,16,49
109,17,32,0,19,68
110,0,32,0,19,51
111,0,16,0,19,35
112,0,33,17,17,67
115,17,32,20,14,83
117,15,34,0,18,67
118,0,34,0,18,52
119,14,34,0,19,67
120,0,34,0,19,53
121,0,16,0,19,35
123,0,15,66,19,100
127,0,17,0,19,36
128,0,34,17,17,68
129,49,32,34,17,132
130,0,34,16,16,66
131,17,32,34,17,100
132,0,32,34,17,83
133,16,34,17,16,83
135,16,33,17,16,82
136,0,33,17,16,66
137,0,16,17,16,49
138,0,33,17,16,66
140,0,33,19,14,66
141,0,16,19,14,49
142,0,33,18,18,69
143,14,36,15,17,82
144,0,36,15,17,68
146,0,32,18,16,66
151,67,18,14,19,118
152,0,31,0,18,49
153,16,36,14,19,85
154,0,36,14,19,69
156,0,33,17,16,66
157,19,33,18,15,85
158,0,33,18,15,66
159,16,33,17,16,82
161,15,33,17,16,81
162,0,33,17,16,66
163,16,33,18,15,82
164,66,33,19,16,134
165,16,33,19,14,82
166,0,33,19,14,66
167,15,33,19,16,83
169,0,14,19,16,49
170,0,35,51,15,101
171,0,16,51,15,82
172,99,33,18,17,167
173,0,16,18,15,49
175,15,33,18,15,81
176,0,33,18,15,66
177,15,33,18,17,83
181,0,17,15,18,50
182,0,33,16,16,65
183,18,32,52,17,119
185,185,33,15,19,252
186,101,33,18,17,169
189,17,32,18,15,82
190,15,17,18,15,65
191,17,33,18,17,85
192,18,15,18,17,68
193,15,35,14,19,83
194,18,17,14,19,68
196,0,33,15,19,67
198,15,19,15,16,65
199,19,31,17,18,85
201,16,35,15,17,83
203,99,19,0,16,134
204,0,32,17,15,64
205,17,32,17,19,85
206,0,32,17,19,68
207,0,15,17,19,51
208,0,36,0,16,52
209,0,19,0,16,35
210,0,34,16,14,64
211,84,32,19,15,150
212,0,30,0,17,47
214,0,36,16,16,68
216,100,31,0,18,149
220,0,34,15,16,65
221,18,31,0,18,67
223,0,16,0,18,34
224,83,18,17,18,136
225,0,18,14,18,50
226,0,32,15,18,65
228,0,33,17,18,68
229,0,18,17,18,53
231,83,33,17,43,176
232,82,16,17,43,158
234,0,33,17,16,66
235,0,15,17,16,48
237,0,16,17,43,76
239,0,43,0,27,70
241,18,16,52,17,103
242,0,16,52,17,85
243,0,33,19,17,69
245,0,19,17,32,68
246,0,49,16,17,82
247,0,32,16,17,65
249,67,32,18,17,134
251,0,34,16,16,66
254,0,16,18,17,51
255,168,17,0,17,202
256,0,17,0,16,33
257,0,16,0,33,49
258,0,48,19,16,83
260,0,15,19,16,50
263,0,18,0,16,34
264,0,33,0,17,50
265,0,17,0,17,34
267,0,32,0,18,50
269,0,18,0,16,34
270,0,33,0,32,65
271,0,17,0,32,49
272,0,49,16,16,81
274,0,17,16,16,49
277,69,32,16,17,134
278,0,15,0,19,34
280,65,17,16,17,115
281,0,32,16,17,65
282,16,33,16,17,82
283,0,33,16,17,66
284,17,33,0,18,68
285,0,33,0,18,51
289,17,21,12,17,67
290,0,21,12,17,50
293,0,32,0,19,51
294,67,16,17,18,118
295,0,19,0,32,51
296,0,48,17,18,83
297,0,33,17,18,68
298,0,16,17,18,51
299,201,32,0,17,250
301,0,31,18,17,66
302,0,15,18,17,50
303,0,35,16,18,69
306,0,18,33,16,67
309,65,34,17,19,135
310,0,17,17,15,49
311,17,15,0,17,49
312,0,15,0,17,32
313,0,34,17,19,70
314,0,17,17,19,53
315,0,36,63,19,118
318,16,20,13,19,68
319,0,20,13,19,52
320,0,48,17,31,96
321,19,16,17,31,83
322,0,16,17,31,64
324,0,50,15,16,81
325,15,19,15,16,65
326,0,19,15,16,50
327,15,16,18,18,67
328,16,36,15,17,84
329,18,18,15,17,68
331,15,17,18,15,65
333,18,15,16,18,67
334,15,34,17,15,81
335,16,18,17,15,66
337,17,15,20,33,85
339,20,33,14,19,86
343,19,49,17,17,102
344,0,49,17,17,83
345,0,35,17,17,69
346,0,17,17,17,51
347,0,34,0,15,49
348,0,17,0,15,32
350,0,18,0,16,34
351,0,33,16,18,67
354,18,32,0,17,67
355,0,32,0,17,49
358,0,17,0,16,33
360,50,33,0,16,99
362,16,33,0,16,65
365,0,34,16,18,68
366,0,18,16,18,52
367,50,17,0,16,83
369,0,33,0,16,49
372,49,34,17,17,117
373,0,33,16,18,67
374,15,34,17,17,83
375,0,34,17,17,68
376,68,16,18,18,120
377,0,34,16,16,66
378,17,32,18,18,85
381,0,36,15,17,68
382,0,18,15,17,50
385,0,18,16,34,68
386,0,50,15,18,83
390,0,18,16,16,50
393,0,33,19,31,83
394,0,17,19,31,67
397,65,33,18,16,132
398,0,17,18,33,68
401,0,33,18,16,67
402,0,15,18,16,49
403,0,34,16,19,69
404,0,16,16,19,51
405,0,35,0,32,67
406,0,19,0,32,51
407,0,32,0,17,49
409,0,33,19,32,84
410,0,16,19,32,67
412,50,34,15,15,114
413,0,35,15,19,69
415,0,34,15,15,64
416,0,19,15,15,49
417,15,15,18,15,63
418,15,33,18,18,84
419,18,15,18,18,69
420,15,36,16,16,83
421,18,18,16,16,68
422,18,32,17,33,100
424,16,17,16,17,66
425,17,48,18,18,101
427,84,16,34,15,149
429,18,18,16,16,68
430,18,32,34,15,99
431,16,16,34,15,81
433,18,47,20,32,117
434,16,31,20,32,99
435,15,16,20,32,83
437,0,20,15,17,52
438,0,48,17,17,82
439,0,33,17,17,67
442,0,17,34,17,68
444,66,16,17,19,118
445,0,17,65,19,101
446,0,48,17,19,84
447,0,32,17,19,68
448,84,35,0,30,149
450,0,19,0,32,51
451,0,32,0,16,48
453,0,35,0,30,65
456,0,17,0,17,34
457,0,35,16,17,68
460,0,17,0,18,35
461,134,32,17,18,201
462,0,49,16,16,81
463,0,35,16,16,67
464,0,17,16,16,49
467,67,35,0,33,135
468,0,17,0,16,33
469,0,32,17,18,67
470,0,16,17,18,51
471,17,18,0,33,68
472,18,33,0,34,85
473,0,33,0,34,67
474,19,34,0,16,69
475,0,34,0,16,50
476,19,16,0,31,66
477,0,16,0,31,47
478,0,48,19,32,99
479,0,32,19,32,83
480,0,17,19,32,68
482,0,48,33,19,100
483,0,33,33,19,85
484,0,16,33,19,68
485,0,33,19,33,85
486,0,16,19,33,68
488,0,33,50,15,98
490,0,33,17,15,65
492,0,49,17,16,82
493,65,34,0,18,117
494,67,17,0,18,102
495,0,33,0,17,50
497,0,34,0,18,52
499,0,18,66,15,99
500,0,47,19,15,81
502,0,15,19,15,49
503,71,29,17,19,136
504,0,15,20,17,52
506,0,46,17,19,82
508,14,36,0,18,68
509,17,19,0,18,54
511,0,18,15,32,65
514,16,19,0,31,66
515,0,19,0,31,50
516,0,51,31,16,98
517,15,20,31,16,82
518,0,20,31,16,67
519,0,31,0,16,47
523,0,34,0,16,50
524,0,17,0,16,33
525,67,34,0,31,132
526,0,17,16,18,51
527,16,18,0,16,50
528,18,34,0,31,83
529,0,34,0,31,65
531,83,49,17,15,164
532,16,19,0,33,68
533,67,34,17,15,133
534,0,33,0,31,64
536,66,15,0,18,99
538,0,18,17,15,50
539,17,15,0,18,50
541,0,36,0,16,52
542,0,18,0,16,34
544,65,18,16,16,115
545,0,33,50,16,99
546,0,17,50,16,83
548,69,48,16,18,151
552,0,48,16,18,82
553,0,32,16,18,66
554,16,34,16,17,83
555,0,34,16,17,67
556,0,18,16,17,51
558,17,32,19,33,101
559,0,32,19,33,84
560,0,15,19,33,67
563,0,33,17,16,66
565,17,16,17,19,69
566,16,36,16,30,98
567,82,17,20,32,151
568,0,19,16,30,65
569,0,16,15,15,46
570,0,47,20,32,99
571,15,17,20,32,84
574,0,32,34,17,83
575,18,34,48,17,117
576,82,36,0,16,134
577,0,18,48,17,83
578,0,48,36,16,100
579,0,31,36,16,83
581,0,36,0,16,52
582,0,19,0,16,35
583,0,16,14,17,47
584,0,47,19,16,82
587,137,18,0,16,171
588,16,18,0,17,51
589,0,18,0,17,35
590,0,51,0,33,84
591,67,18,0,16,101
594,0,18,0,18,36
595,0,18,0,16,34
596,0,31,17,17,65
597,0,15,17,17,49
598,17,17,0,31,65
599,17,49,16,16,98
600,0,49,16,16,81
601,16,18,16,16,66
603,82,21,0,31,134
604,66,21,0,31,118
605,0,19,0,31,50
606,0,52,0,31,83
607,16,21,0,31,68
608,0,21,0,31,52
609,65,31,18,16,130
610,17,34,0,31,82
612,0,20,0,31,51
613,0,31,18,16,65
614,151,17,65,17,250
615,0,34,32,20,86
616,0,16,32,20,68
619,0,20,19,30,69
620,0,49,82,17,148
622,18,17,65,17,117
624,0,49,16,17,82
626,0,18,16,17,51
627,16,17,0,15,48
628,0,17,0,15,32
630,0,23,0,32,55
631,0,32,12,19,63
632,21,31,17,18,87
633,0,31,17,18,66
636,0,34,54,35,123
638,0,42,12,35,89
639,30,47,18,14,109
640,79,31,0,17,127
641,0,35,18,14,67
642,26,18,0,14,58
643,0,18,0,14,32
645,0,31,0,17,48
646,23,17,66,15,121
647,0,17,66,15,98
649,0,34,18,15,67
650,20,18,68,16,122
653,0,19,0,16,35
655,0,18,16,15,49
656,0,31,15,17,63
658,0,32,17,19,68
660,0,36,0,16,52
661,19,34,14,18,85
662,0,34,14,18,66
666,0,31,36,15,82
667,67,17,16,16,116
668,0,36,15,17,68
669,0,18,15,17,50
672,0,32,51,16,99
674,0,37,14,16,67
676,0,30,85,15,130
677,0,16,85,15,116
678,0,35,17,16,68
679,0,17,17,16,50
680,0,33,17,15,65
684,0,36,0,14,50
686,0,32,16,16,64
687,0,18,16,16,50
688,0,32,17,16,65
690,0,33,18,16,67
691,67,18,48,18,151
692,69,32,16,18,135
693,0,16,17,18,51
694,0,35,48,18,101
695,0,18,48,18,84
698,0,34,35,15,84
699,18,35,0,15,68
700,0,35,0,15,50
701,0,20,0,15,35
702,0,31,0,18,49
703,135,16,0,19,170
705,0,17,50,16,83
707,0,17,18,16,51
708,0,34,34,19,87
709,16,34,0,19,69
710,0,34,0,19,53
714,14,17,19,17,67
717,0,17,49,20,86
718,0,49,0,20,69
719,0,35,0,20,55
720,0,21,0,20,41
721,0,20,0,30,50
722,0,30,0,20,50
723,20,34,0,16,70
724,0,34,0,16,50
725,0,14,0,16,30
726,0,34,49,17,100
728,0,32,17,17,66
729,0,17,17,17,51
730,17,17,18,15,67
731,17,33,18,16,84
732,18,15,18,16,67
734,18,16,15,19,68
735,16,34,17,13,80
737,19,30,52,17,118
738,82,17,16,17,132
739,13,34,18,17,82
741,20,35,16,17,88
742,117,18,15,22,172
743,17,33,49,18,117
744,16,17,49,18,100
745,17,34,15,18,84
746,17,17,15,18,67
747,32,18,15,22,87
748,15,18,15,22,70
749,18,37,14,17,86
751,22,31,13,20,86
753,85,35,12,15,147
754,0,33,13,22,68
755,0,20,13,22,55
757,22,35,12,15,84
758,0,35,12,15,62
759,0,20,12,15,47
760,0,27,19,15,61
761,0,15,19,15,49
762,0,34,0,18,52
764,0,35,51,15,101
766,106,27,16,19,168
768,74,27,16,19,136
769,82,35,0,16,133
770,0,40,27,16,83
771,22,27,16,19,84
772,0,27,16,19,62
774,16,19,0,16,51
776,0,30,18,17,65
777,0,14,18,17,49
778,0,35,17,16,68
779,0,17,17,16,50
780,0,33,17,17,67
783,17,33,17,17,84
784,0,33,17,17,67
785,0,17,17,17,51
786,0,34,49,16,99
787,0,17,49,16,82
788,0,32,17,16,65
789,0,16,17,16,49
790,67,32,0,17,116
791,16,34,32,17,99
793,17,32,0,17,66
794,0,32,0,17,49
795,0,16,0,17,33
796,0,35,32,17,84
797,0,18,32,17,67
798,0,32,0,17,49
800,17,16,39,11,83
801,0,16,39,11,66
803,20,29,18,13,80
804,0,29,18,13,60
805,0,18,18,13,49
806,67,33,0,16,116
808,0,36,16,17,69
809,17,33,0,16,66
810,0,33,0,16,49
812,0,34,0,16,50
814,0,35,16,15,66
816,0,31,17,17,65
817,0,15,17,17,49
818,0,34,16,18,68
819,0,17,16,18,51
820,0,34,47,18,99
822,0,32,15,18,65
823,18,33,18,14,83
825,0,18,18,14,50
826,0,32,18,18,68
827,0,14,18,18,50
828,0,36,17,15,68
830,0,32,16,17,65
831,0,15,16,17,48
832,0,33,84,15,132
833,0,17,84,15,116
836,49,15,34,17,115
837,0,16,18,15,49
839,0,15,34,17,66
840,0,34,17,16,67
843,0,16,52,16,84
844,0,36,16,16,68
845,0,19,16,16,51
847,16,34,48,18,116
848,0,34,48,18,100
850,0,32,16,18,66
851,0,16,16,18,50
852,0,34,16,17,67
854,0,33,52,16,101
855,0,17,52,16,85
858,0,35,17,15,67
859,16,32,16,16,80
860,0,32,16,16,64
861,15,32,19,17,83
862,0,32,19,17,68
863,0,16,19,17,52
864,0,36,17,14,67
866,0,31,17,17,65
867,0,14,17,17,48
868,0,34,18,15,67
870,0,33,18,15,66
871,0,15,18,15,48
872,0,33,17,18,68
873,50,33,33,18,134
875,18,33,33,18,102
876,66,33,51,17,167
877,17,33,0,18,68
879,16,33,51,17,117
881,0,15,51,17,83
883,17,35,0,30,82
885,17,48,20,13,98
887,19,18,20,13,70
888,0,18,20,13,51
889,84,33,17,18,152
891,0,20,16,15,51
893,15,33,17,18,83
894,0,33,17,18,68
897,18,32,16,17,83
898,0,32,16,17,65
902,0,33,0,19,52
903,0,16,0,19,35
904,0,33,0,20,53
905,0,14,0,20,34
906,0,38,0,11,49
908,62,36,17,15,130
913,0,17,17,15,49
914,0,32,0,17,49
915,0,15,0,17,32
916,0,32,17,18,67
917,0,15,17,18,50
921,0,15,17,17,49
922,51,18,15,18,102
923,17,35,15,18,85
925,67,15,0,18,100
926,0,33,31,18,82
927,18,31,0,18,67
928,0,31,0,18,49
929,15,35,15,19,84
930,0,35,15,19,69
931,0,17,15,19,51
932,0,34,15,16,65
935,0,16,18,17,51
936,0,35,0,16,51
939,0,16,0,22,38
940,0,33,51,15,99
942,0,33,18,15,66
944,51,17,34,24,126
945,15,35,34,24,108
946,0,35,34,24,93
948,0,34,89,18,141
949,13,61,28,18,120
950,0,61,28,18,107
951,0,37,28,18,83
954,22,18,0,14,54
955,81,34,20,18,153
956,0,32,13,18,63
957,0,18,13,18,49
958,0,31,17,17,65
960,0,34,20,18,72
962,0,38,12,20,70
963,0,18,12,20,50
964,0,32,12,21,65
965,20,33,15,18,86
966,0,33,15,18,66
967,0,21,15,18,54
968,0,33,17,13,63
969,18,30,18,17,83
970,0,30,18,17,65
971,13,35,15,19,82
973,17,34,16,18,85
974,0,34,16,18,68
978,0,31,18,16,65
980,65,34,50,17,166
983,16,34,50,17,117
984,0,34,50,17,101
986,0,35,15,17,67
989,17,37,15,22,91
990,0,37,15,22,74
991,16,37,28,17,98
992,0,37,28,17,82
993,0,22,28,17,67
994,0,28,0,17,45
995,19,32,17,16,84
996,0,32,17,16,65
999,16,34,0,19,69
1001,17,33,69,16,135
1002,0,33,69,16,118
1003,0,14,69,16,99
1005,0,17,14,20,51
1006,0,34,16,15,65
1007,0,20,16,15,51
1008,0,31,16,18,65
1010,0,34,15,18,67
1012,0,33,0,16,49
1013,18,31,20,16,85
1014,0,31,20,16,67
1015,0,15,20,16,51
1016,0,36,15,18,69
1017,0,16,15,18,49
1018,0,33,51,16,100
1019,55,30,0,18,103
1020,0,37,14,16,67
1022,0,30,0,18,48
1023,82,34,0,15,131
1024,0,34,16,16,66
1025,82,34,0,16,132
1026,66,34,0,16,116
1027,16,34,0,15,65
1028,0,34,0,15,49
1029,18,34,0,16,68
1030,0,34,0,16,50
1031,0,19,0,16,35
1032,66,34,15,16,131
1033,0,18,81,16,115
1034,0,32,49,16,97
1035,19,34,15,16,84
1036,0,34,15,16,65
1037,0,17,15,16,48
1038,0,31,18,17,66
1039,16,35,33,16,100
1040,68,34,17,15,134
1041,17,33,51,15,116
1042,0,33,51,15,99
1043,17,34,17,15,83
1046,0,32,17,17,66
1048,0,34,18,16,68
1049,17,34,0,18,69
1051,16,32,0,19,67
1052,232,34,17,16,299
1053,0,14,0,19,33
1054,0,33,0,18,51
1055,0,14,0,18,32
1056,0,33,17,16,66
1057,83,32,17,17,149
1061,18,32,17,17,84
1062,66,34,17,16,133
1064,68,33,50,17,168
1066,0,34,17,16,67
1068,0,33,50,17,100
1069,149,36,0,15,200
1070,0,33,17,17,67
1071,14,34,15,20,83
1072,0,34,15,20,69
1074,0,35,16,15,66
1075,20,31,0,18,69
1076,0,31,0,18,49
1078,0,36,0,15,51
1079,0,18,0,15,33
1080,0,32,15,23,70
1082,101,33,16,15,165
1083,0,23,0,13,36
1084,0,27,0,16,43
1085,0,14,0,16,30
1086,0,36,0,16,52
1087,0,20,0,16,36
1088,0,33,16,15,64
1090,0,31,18,16,65
1094,0,32,0,17,49
1095,0,14,0,17,31
1096,0,35,0,17,52
1098,84,18,0,16,118
1101,0,17,0,16,33
1102,0,34,0,16,50
1103,98,17,35,17,167
1104,0,31,0,16,47
1105,81,35,0,17,133
1106,0,32,17,17,66
1107,0,16,17,17,50
1108,17,17,35,17,86
1109,17,35,0,17,69
1110,0,35,0,17,52
1113,0,16,0,18,34
1114,0,32,18,15,65
1115,0,14,18,15,47
1116,68,34,33,15,150
1117,15,35,34,15,99
1119,0,15,34,15,64
1120,16,18,33,15,82
1121,18,33,0,15,66
1122,0,33,0,15,48
1123,85,33,0,17,135
1124,0,33,0,16,49
1125,0,18,0,16,34
1126,0,34,17,16,67
1128,17,16,0,17,50
1129,16,35,14,18,83
1130,17,18,14,18,67
1133,0,18,15,17,50
1134,0,32,0,17,49
1135,0,17,0,17,34
1137,0,17,17,17,51
1139,17,32,18,18,85
1140,0,32,18,18,68
1142,0,36,0,15,51
1143,18,33,33,15,99
1144,0,33,33,15,81
1145,0,18,33,15,66
1146,64,37,23,9,133
1147,0,16,0,15,31
1154,17,17,14,18,66
1157,0,18,0,16,34
1158,0,35,15,15,65
1159,0,19,15,15,49
1160,0,30,17,15,62
1161,0,15,17,15,47
1164,0,38,15,18,71
1168,67,30,19,14,130
1171,18,30,19,14,81
1173,17,33,36,15,101
1176,0,36,0,15,51
1177,0,16,0,15,31
1178,0,34,0,13,47
1179,0,19,0,13,32
1180,0,29,37,17,83
1182,0,37,35,12,84
1183,0,18,35,12,65
1185,0,18,0,12,30
1187,0,21,0,12,33
1189,0,21,14,19,54
1191,19,30,0,21,70
1192,0,30,0,21,51
1193,0,14,0,21,35
1195,0,15,15,20,50
1196,0,35,0,12,47
1197,0,20,0,12,32
1198,0,29,0,29,58
1199,82,39,20,13,154
1201,36,39,20,13,108
1202,25,39,20,13,97
1203,0,39,20,13,72
1204,20,13,20,13,66
1205,61,16,0,19,96
1206,0,33,0,15,48
1208,63,35,52,15,165
1209,0,16,0,19,35
1210,0,32,0,25,57
1211,0,13,0,25,38
1213,0,10,52,15,77
1216,19,15,16,18,68
1217,164,18,18,16,216
1218,0,34,16,17,67
1219,0,18,16,17,51
1220,0,33,17,14,64
1221,17,31,20,17,85
1223,0,14,20,17,51
1224,0,37,14,18,69
1225,0,17,14,18,49
1226,229,35,18,16,298
1228,116,16,0,21,153
1229,0,16,16,15,47
1230,0,31,18,18,67
1231,0,15,18,18,51
1232,0,36,15,16,67
1233,0,18,15,16,49
1235,0,16,0,21,37
1236,118,16,16,17,167
1239,13,35,18,16,82
1240,170,32,18,17,237
1242,0,34,16,17,67
1243,0,16,16,17,49
1244,0,33,17,16,66
1245,0,17,17,16,50
1246,0,33,18,17,68
1247,0,16,18,17,51
1249,0,17,17,15,49
1250,0,32,18,17,67
1251,0,15,18,17,50
1252,136,30,18,18,202
1253,0,17,47,20,84
1257,20,34,12,18,84
1258,0,34,12,18,64
1259,19,30,18,18,85
1260,0,30,18,18,66
1263,117,35,12,19,183
1264,0,34,48,17,99
1265,250,35,15,20,320
1266,230,35,15,20,300
1267,0,14,18,17,49
1268,0,35,0,19,54
1269,0,17,0,19,36
1270,0,35,12,19,66
1273,19,32,52,15,118
1274,0,32,52,15,99
1277,15,32,20,15,82
1278,0,32,20,15,67
1281,15,35,16,17,83
1283,20,33,0,14,67
1284,0,33,0,14,47
1285,17,31,50,16,114
1286,0,31,50,16,97
1287,0,17,50,16,83
1288,0,35,15,16,66
1289,19,31,17,18,85
1293,18,33,16,16,83
1297,16,33,18,17,84
1298,19,14,18,17,68
1299,115,35,16,17,183
1300,18,17,15,17,67
1301,17,32,17,17,83
1302,15,17,17,17,66
1303,17,34,17,18,86
1304,118,15,34,20,187
1306,133,32,14,22,201
1307,18,33,0,16,67
1309,0,17,0,16,33
1310,0,31,34,20,85
1311,0,15,34,20,69
1316,14,22,14,18,68
1317,0,22,14,18,54
1318,0,32,0,16,48
1319,18,34,0,18,70
1322,0,34,0,14,48
1323,0,16,0,14,30
1325,0,18,18,15,51
1327,0,15,67,18,100
1328,0,36,31,18,85
1330,0,31,18,15,64
1331,13,33,18,16,80
1332,0,33,18,16,67
1335,0,16,16,18,50
1336,0,34,18,15,67
1337,0,18,18,15,51
1338,0,33,0,16,49
1339,0,15,0,16,31
1340,0,33,18,15,66
1341,50,33,17,17,117
1343,0,15,0,18,33
1344,0,33,17,17,67
1346,0,34,0,17,51
1347,17,34,67,16,134
1348,0,34,67,16,117
1349,0,17,67,16,100
1350,0,32,0,19,51
1352,70,32,84,16,202
1354,0,35,0,13,48
1355,0,19,0,13,32
1356,0,32,84,16,132
1357,0,19,84,16,119
1359,0,13,17,19,49
1360,0,36,17,16,69
1361,19,33,0,15,67
1362,0,33,0,15,48
1364,0,36,0,12,48
1366,0,30,33,17,80
1367,0,18,33,17,68
1368,0,33,17,15,65
1369,17,32,18,17,84
1371,0,15,18,17,50
1373,17,33,0,15,65
1374,0,33,0,15,48
1375,0,16,0,15,31
1376,0,33,84,17,134
1378,0,34,0,15,49
1379,17,33,17,17,84
1380,0,33,17,17,67
1381,0,18,17,17,52
1382,17,17,0,15,49
1384,0,33,0,17,50
1385,0,18,0,17,35
1386,0,34,16,16,66
1388,16,16,16,18,66
1389,50,33,0,17,100
1391,18,33,0,17,68
1392,0,33,0,17,50
1393,16,32,18,16,82
1394,0,32,18,16,66
1395,0,15,18,16,49
1396,18,16,33,18,85
1397,16,33,52,15,116
1398,0,33,52,15,100
1399,14,33,19,15,81
1400,0,33,19,15,67
1402,69,33,0,16,118
1403,15,35,0,18,68
1405,18,33,0,16,67
1407,0,15,0,16,31
1408,0,32,18,14,64
1409,0,16,18,14,48
1410,134,35,33,16,218
1411,67,15,17,17,116
1412,0,35,0,18,53
1413,0,17,0,18,35
1414,0,33,17,17,67
1415,84,33,66,16,199
1416,0,34,16,19,69
1418,0,35,33,16,84
1419,19,33,66,16,134
1421,19,33,15,18,85
1422,0,33,15,18,66
1423,0,17,15,18,50
1424,15,18,16,18,67
1428,0,32,17,16,65
1429,17,33,0,17,67
1430,0,33,0,17,50
1431,82,34,0,16,132
1432,0,33,17,16,66
1433,0,16,17,16,49
1434,0,33,18,16,67
1436,0,34,0,16,50
1438,0,36,15,17,68
1440,0,32,0,16,48
1441,0,17,0,16,33
1442,0,34,32,15,81
1443,0,18,32,15,65
1444,0,32,15,17,64
1446,0,32,0,18,50
1447,0,17,0,18,35
1448,0,34,0,17,51
1449,0,16,0,17,33
1451,0,17,16,16,49
1453,0,16,52,16,84
1454,68,32,17,18,135
1455,19,33,17,15,84
1456,0,33,17,15,65
1457,16,32,17,18,83
1460,0,35,16,16,67
1461,0,18,16,16,50
1462,0,32,17,19,68
1464,0,36,15,16,67
1465,0,19,15,16,50
1469,0,16,19,14,49
1471,0,14,20,15,49
1475,18,30,0,21,69
1477,0,12,0,21,33
1478,0,36,0,19,55
1480,0,33,0,16,49
1481,0,14,0,16,30
1482,0,34,0,18,52
1483,0,18,0,18,36
1484,0,34,0,16,50
1487,0,15,20,16,51
1488,20,16,16,15,67
1489,16,31,19,16,82
1490,0,31,19,16,66
1491,0,15,19,16,50
1492,0,35,17,18,70
1493,16,35,48,17,116
1494,0,35,48,17,100
1495,18,32,16,17,83
1496,0,32,16,17,65
1497,0,16,16,17,49
1499,17,32,18,15,82
1500,65,37,15,17,134
1501,0,16,18,15,49
1502,0,33,17,20,70
1503,15,37,15,17,84
1505,20,32,17,15,84
1507,17,32,19,17,85
1508,0,32,19,17,68
1509,15,36,14,16,81
1512,14,16,18,15,63
1513,16,33,19,18,86
1514,18,15,19,18,70
1515,15,37,48,17,117
1516,85,17,18,15,135
1518,13,19,16,17,65
1520,16,17,18,15,66
1521,17,33,15,18,83
1523,15,33,17,17,82
1524,15,18,17,17,67
1525,18,34,0,16,68
1526,17,17,0,16,50
1528,0,33,17,15,65
1529,0,17,17,15,49
1531,15,34,0,17,66
1533,0,15,0,17,32
1534,0,33,0,17,50
1535,0,16,0,17,33
1536,67,35,31,17,150
1538,0,35,0,16,51
1540,0,35,31,17,83
1542,0,31,0,17,48
1543,65,19,16,16,116
1544,69,32,52,14,167
1545,0,17,0,16,33
1546,0,35,16,16,67
1548,0,32,52,14,98
1549,16,33,19,14,82
1550,0,33,19,14,66
1552,19,14,0,20,53
1553,14,31,21,16,82
1554,0,31,21,16,68
1556,0,37,0,16,53
1557,16,31,17,17,81
1558,0,31,17,17,65
1560,0,34,0,17,51
1561,17,34,0,17,68
1563,0,17,0,17,34
1564,0,34,17,16,67
1565,0,17,17,16,50
1566,17,16,0,17,50
1568,0,34,0,17,51
1569,0,17,0,17,34
1570,0,33,16,18,67
1571,0,16,16,18,50
1572,48,20,0,16,84
1573,18,34,0,16,68
1576,0,33,0,15,48
1579,0,17,0,16,33
1582,15,18,16,16,65
1583,50,34,17,17,118
1585,16,34,17,17,84
1586,68,33,0,17,118
1590,0,33,0,17,50
1591,17,33,0,17,67
1592,67,35,16,16,134
1593,0,16,0,17,33
1596,0,35,16,16,67
1597,0,19,16,16,51
1600,0,32,17,18,67
1601,0,15,17,18,50
1603,0,18,0,16,34
1604,67,32,17,16,132
1606,0,35,0,16,51
1607,0,17,0,16,33
1608,0,32,17,16,65
1609,0,16,17,16,49
1611,0,16,51,16,83
1613,18,33,15,17,83
1615,16,32,19,15,82
1616,0,32,19,15,66
1617,17,34,51,18,120
1618,70,33,115,18,236
1619,0,15,51,18,84
1621,0,19,15,18,52
1623,84,33,16,18,151
1624,14,18,16,18,66
1625,18,34,14,19,85
1626,16,18,14,19,67
1629,19,34,47,19,119
1630,117,16,17,16,166
1632,15,16,52,16,99
1633,16,35,17,16,84
1634,16,19,17,16,68
1635,19,33,17,16,85
1636,17,16,17,16,66
1637,16,33,18,14,81
1639,16,32,17,19,84
1640,18,14,17,19,68
1641,14,36,14,19,83
1642,17,19,14,19,69
1643,19,33,0,14,66
1644,0,33,0,14,47
1645,19,33,0,16,68
1647,85,33,0,18,136
1648,0,33,17,16,66
1649,0,17,17,16,50
1653,0,18,0,18,36
1654,84,16,17,16,133
1655,0,15,18,16,49
1657,16,33,17,16,82
1658,0,33,17,16,66
1659,0,16,17,16,49
1660,84,17,17,16,134
1661,16,34,17,17,84
1662,0,34,17,17,68
1664,0,34,17,16,67
1665,84,32,17,16,149
1667,82,33,17,19,151
1668,83,16,17,19,135
1669,18,32,17,16,83
1670,198,36,17,15,266
1672,0,33,17,19,69
1674,0,36,19,11,66
1675,0,19,19,11,49
1677,0,11,17,16,44
1678,0,33,18,16,67
1679,118,34,17,16,185
1681,16,36,17,15,84
1683,302,16,17,17,352
1684,0,32,0,16,48
1685,15,34,17,16,82
1686,0,34,17,16,67
1689,0,16,16,16,48
1690,0,32,0,16,48
1692,0,34,68,15,117
1695,0,18,18,16,52
1696,0,34,0,15,49
1697,16,33,0,16,65
1698,0,33,0,16,49
1700,166,35,13,19,233
1701,0,16,17,17,50
1702,0,34,15,18,67
1703,17,33,0,17,67
1704,182,17,0,17,216
1705,18,33,0,17,68
1707,0,16,0,17,33
1708,0,34,0,17,51
1709,0,17,0,17,34
1710,0,35,13,19,67
1711,0,18,13,19,50
1712,0,32,0,15,47
1713,0,19,0,15,34
1714,0,32,0,17,49
1715,0,17,0,17,34
1716,0,34,0,16,50
1717,100,18,16,16,150
1718,0,34,0,15,49
1719,117,35,49,16,217
1720,0,34,0,15,49
1721,0,19,0,15,34
1722,0,33,16,16,65
1724,0,32,18,17,67
1726,0,35,49,16,100
1727,17,31,18,16,82
1728,0,31,18,16,65
1731,250,33,17,16,316
1732,117,18,15,16,166
1734,0,32,18,17,67
1737,0,17,0,16,33
1738,0,34,15,16,65
1739,0,18,15,16,49
1740,0,31,16,20,67
1741,16,36,16,16,84
1742,16,20,16,16,68
1743,20,32,15,18,85
1745,16,33,17,16,82
1746,15,18,17,16,66
1747,18,33,16,19,86
1748,17,16,16,19,68
1749,16,35,17,14,82
1751,19,31,20,18,88
1753,14,38,45,17,114
1754,20,18,45,17,100
1755,18,31,14,17,80
1756,13,18,14,17,62
1757,18,31,0,16,65
1758,100,31,0,19,150
1759,17,34,16,19,86
1760,0,34,16,19,69
1763,19,31,0,19,69
1764,0,31,0,19,50
1765,0,16,0,19,35
1766,0,33,0,18,51
1767,0,14,0,18,32
1768,0,34,0,18,52
1769,0,16,0,18,34
1770,0,34,0,18,52
1772,0,33,18,15,66
1774,18,15,68,15,116
1775,15,34,18,16,83
1777,18,34,32,18,102
1778,133,34,0,16,183
1779,16,32,0,18,66
1781,0,17,0,18,35
1782,0,34,18,15,67
1783,0,16,18,15,49
1785,15,34,0,16,65
1786,0,34,0,16,50
1787,16,31,18,18,83
1789,0,15,18,18,51
1791,0,18,16,18,52
1793,18,33,16,16,83
1794,0,33,16,16,65
1795,0,18,16,16,50
1797,0,16,16,17,49
1798,0,33,16,17,66
1799,0,17,16,17,50
1800,0,33,19,15,67
1801,0,17,19,15,51
1802,0,34,17,16,67
1803,15,33,16,18,82
1806,0,34,18,15,67
1807,18,33,17,17,85
1808,0,33,17,17,67
1810,0,34,15,21,70
1811,17,36,14,16,83
1812,0,36,14,16,66
1813,0,21,14,16,51
1814,0,30,18,16,64
1817,16,32,0,18,66
1818,0,32,0,18,50
1819,16,34,33,17,100
1823,0,17,0,17,34
1825,0,18,0,16,34
1826,0,34,0,15,49
1828,0,31,18,16,65
1829,0,16,18,16,50
1830,0,34,18,14,66
1832,0,32,0,19,51
1833,14,35,15,19,83
1834,0,35,15,19,69
1835,0,16,15,19,50
1838,100,32,0,18,150
1839,0,18,49,18,85
1840,0,34,15,18,67
1842,0,33,32,18,83
1843,0,18,32,18,68
1844,0,32,0,18,50
1847,0,16,0,17,33
1848,0,34,0,16,50
1850,0,31,0,18,49
1851,0,15,0,18,33
1852,0,35,0,15,50
1854,0,32,0,19,51
1855,0,17,0,19,36
1856,0,33,0,18,51
1857,0,14,0,18,32
1858,0,36,0,15,51
1859,0,18,0,15,33
1860,0,31,0,19,50
1861,35,17,0,15,67
1862,36,33,50,16,135
1863,0,17,0,15,32
1864,0,33,50,16,99
1865,49,35,0,18,102
1866,14,17,19,16,66
1867,17,35,0,18,70
1868,69,31,36,16,152
1869,149,32,35,15,231
1870,0,34,0,16,50
1872,0,31,36,16,83
1873,0,15,36,16,67
1875,20,32,0,17,69
1876,99,34,16,14,163
1878,0,32,35,15,82
1879,0,15,35,15,65
1880,19,16,0,15,50
1881,16,34,16,14,80
1882,0,34,16,14,64
1883,0,19,16,14,49
1884,16,14,0,19,49
1885,14,36,0,17,67
1886,0,36,0,17,53
1887,0,17,0,17,34
1888,0,34,0,15,49
1889,0,17,0,15,32
1890,0,33,14,18,65
1891,68,17,0,14,99
1892,0,32,0,18,50
1893,18,35,0,14,67
1894,0,35,0,14,49
1895,0,17,0,14,31
1896,0,32,0,16,48
1897,51,33,0,17,101
1899,0,17,0,17,34
1900,0,33,0,17,50
1901,0,16,0,17,33
1902,0,34,0,17,51
1904,0,33,16,19,68
1905,51,33,15,17,116
1906,0,35,0,16,51
1907,0,19,0,16,35
1908,0,33,15,17,65
1909,0,17,15,17,49
1911,17,35,0,15,67
1912,0,35,0,15,50
1913,0,16,0,15,31
1914,0,33,0,16,49
1915,0,18,0,16,34
1917,0,17,15,17,49
1918,0,32,0,17,49
1919,0,17,0,17,34
1923,0,16,0,17,33
1924,0,34,19,14,67
1926,49,17,15,18,99
1927,14,33,15,18,80
1928,0,33,15,18,66
1930,66,32,0,17,115
1932,0,33,18,14,65
1933,16,32,0,17,65
1934,68,31,0,18,117
1936,0,36,16,15,67
1938,0,31,0,18,49
1940,0,35,0,16,51
1944,0,33,16,18,67
1945,0,17,16,18,51
1946,0,34,17,16,67
1948,0,33,18,16,67
1949,0,16,18,16,50
1951,49,34,27,22,132
1955,0,17,27,22,66
1957,0,38,54,12,104
1958,18,16,54,12,100
1959,0,16,54,12,82
1960,0,33,21,12,66
1961,0,15,21,12,48
1962,0,33,20,16,69
1964,70,33,16,17,136
1965,16,34,15,18,83
1967,19,33,16,17,85
1969,18,33,0,16,67
1970,0,33,0,16,49
1971,0,17,0,16,33
1972,0,34,16,17,67
1974,0,33,16,15,64
1975,0,17,16,15,48
1976,0,31,34,18,83
1978,69,31,19,16,135
1980,0,35,14,17,66
1981,0,17,14,17,48
1982,0,31,19,16,66
1985,0,16,15,19,50
1986,0,34,16,15,65
1987,0,19,16,15,50
1988,0,31,17,17,65
1989,0,15,17,17,49
1990,0,34,17,17,68
1991,0,17,17,17,51
1992,0,34,18,14,66
1993,0,17,18,14,49
1994,0,32,51,16,99
1997,0,19,15,16,50
1999,0,16,18,16,50
2000,0,34,18,16,68
2001,0,16,18,16,50
2002,0,34,15,18,67
2003,49,32,18,18,117
2004,0,33,17,15,65
2005,0,18,17,15,50
2006,68,32,15,19,134
2007,15,36,15,17,83
2008,0,36,15,17,68
2009,18,32,15,19,84
2010,0,32,15,19,66
2011,0,17,15,19,51
2013,0,19,0,16,35
2014,0,34,14,19,67
2015,0,18,14,19,51
2016,67,32,49,18,166
2018,0,34,0,15,49
2025,0,18,17,16,51
2026,0,33,17,15,65
2027,0,16,17,15,48
2028,0,32,20,13,65
2029,0,15,20,13,48
2030,134,33,18,15,200
2031,0,13,16,19,48
2033,0,19,0,15,34
2034,0,34,16,16,66
2035,0,19,16,16,51
2036,0,32,0,18,50
2037,0,16,0,18,34
2039,0,15,18,15,48
2040,0,33,17,19,69
2043,0,19,34,16,69
2045,0,18,16,13,47
2046,0,29,18,17,64
2047,0,13,18,17,48
2049,0,17,16,17,50
2050,0,33,34,19,86
2052,0,34,0,19,53
2053,0,18,0,19,37
2054,0,33,17,17,67
2055,0,14,17,17,48
2056,0,34,18,16,68
2058,50,16,33,16,115
2059,16,32,33,16,97
2060,65,34,51,16,166
2061,0,16,33,16,65
2062,0,33,0,16,49
2063,0,17,0,16,33
2064,0,34,51,16,101
2067,17,32,17,15,81
2068,16,16,17,15,64
2069,16,32,18,18,84
2070,17,15,18,18,68
2071,15,36,17,15,83
2072,18,18,17,15,68
2073,18,32,20,13,83
2074,17,15,20,13,65
2075,97,17,17,19,150
2078,17,17,15,17,66
2080,15,17,17,19,68
2081,17,36,14,21,88
2082,84,18,0,17,119
2083,19,35,0,13,67
2084,0,35,0,13,48
2085,21,31,0,17,69
2086,0,31,0,17,48
2087,0,18,0,17,35
2088,0,31,0,19,50
2090,0,34,0,17,51
2092,0,34,0,17,51
2093,0,17,0,17,34
2094,0,34,31,18,83
2095,0,17,31,18,66
2096,0,31,0,18,49
2097,0,15,0,18,33
2098,51,18,15,19,103
2100,50,19,0,13,82
2102,0,34,0,13,47
2103,0,19,0,13,32
2104,0,32,0,17,49
2105,0,19,0,17,36
2106,0,32,0,19,51
2107,0,15,0,19,34
2108,0,34,0,16,50
2111,0,17,0,16,33
2112,0,34,0,17,51
2113,0,18,0,17,35
2114,0,33,0,18,51
2115,0,16,0,18,34
2116,0,33,34,17,84
2117,0,15,34,17,66
2119,15,32,0,18,65
2121,49,34,0,17,100
2122,0,34,17,17,68
2123,0,16,17,17,50
2124,0,34,0,17,51
2125,0,17,0,17,34
2127,0,17,16,18,51
2128,0,34,14,17,65
2130,0,31,34,18,83
2131,0,17,34,18,69
2132,0,34,0,18,52
2133,15,34,17,17,83
2134,0,34,17,17,68
2135,50,33,19,14,116
2137,17,33,19,14,83
2138,0,33,19,14,66
2139,0,16,19,14,49
2140,0,33,0,16,49
2141,14,34,14,19,81
2144,66,35,17,14,132
2145,0,19,16,17,52
2146,0,33,16,19,68
2148,0,35,17,14,66
2149,0,19,17,14,50
2151,131,16,16,18,181
2152,0,32,36,14,82
2154,0,36,14,18,68
2155,0,17,14,18,49
2156,0,32,17,16,65
2157,169,16,15,18,218
2160,0,34,16,16,66
2161,0,18,16,16,50
2162,0,32,17,18,67
2163,0,16,17,18,51
2164,0,35,48,18,101
2165,0,18,48,18,84
2166,0,33,15,18,66
2167,16,33,18,15,82
2169,0,18,18,15,51
2170,0,33,17,17,67
2171,0,15,17,17,49
2172,0,34,85,16,135
2173,0,17,85,16,118
2176,0,35,18,16,69
2177,0,18,18,16,52
2178,0,34,33,15,82
2179,0,16,33,15,64
2180,0,33,15,17,65
2181,0,16,15,17,48
2182,0,32,19,16,67
2183,0,17,19,16,52
2184,0,35,0,15,50
2185,0,16,0,15,31
2186,0,34,14,19,67
2187,0,19,14,19,52
2188,66,33,17,16,132
2190,0,33,17,16,66
2191,17,33,17,16,83
2192,0,33,17,16,66
2193,16,33,49,17,115
2194,0,33,49,17,99
2195,0,16,49,17,82
2197,68,17,0,17,102
2198,17,17,18,17,69
2199,17,35,0,17,69
2200,83,18,15,19,135
2202,66,34,14,20,134
2203,0,15,49,19,83
2204,16,18,15,19,68
2205,18,34,14,20,86
2206,0,34,14,20,68
2207,0,19,14,20,53
2208,0,34,46,18,98
2209,0,20,46,18,84
2211,0,18,48,17,83
2212,0,32,16,17,65
2213,70,16,17,17,120
2215,86,31,0,17,134
2216,0,35,17,17,69
2217,16,34,16,15,81
2220,0,31,0,17,48
2221,15,36,0,16,67
2222,0,36,0,16,52
2224,99,31,0,19,149
2225,0,16,0,15,31
2226,0,33,18,16,67
2227,0,18,18,16,52
2228,0,34,31,19,84
2230,0,31,0,19,50
2231,15,35,0,17,67
2232,0,35,0,17,52
2233,0,16,0,17,33
2234,0,33,0,19,52
2235,0,16,0,19,35
2237,0,14,16,17,47
2238,0,33,18,16,67
2239,17,34,35,17,103
2240,0,34,35,17,86
2242,0,35,0,17,52
2243,19,33,48,16,116
2248,0,33,0,17,50
2249,16,35,0,14,65
2250,0,35,0,14,49
2251,0,18,0,14,32
2252,0,33,50,18,101
2253,53,34,15,16,118
2254,0,34,16,18,68
2256,65,35,16,18,134
2257,18,31,35,16,100
2259,16,35,16,18,85
2260,0,35,16,18,69
2261,16,34,15,17,82
2262,0,34,15,17,66
2268,0,34,16,19,69
2269,16,35,14,19,84
2271,0,19,14,19,52
2272,0,33,16,15,64
2273,0,19,16,15,50
2274,0,31,19,14,64
2275,151,30,18,18,217
2276,0,33,19,14,66
2277,14,33,0,19,66
2278,0,33,0,19,52
2279,14,34,36,15,99
2280,70,30,18,18,136
2281,0,15,36,15,66
2284,0,30,18,18,66
2287,18,31,0,17,66
2288,0,31,0,17,48
2289,0,14,0,17,31
2290,0,34,0,16,50
2291,0,17,0,16,33
2292,0,35,67,16,118
2293,0,19,67,16,102
2294,0,31,19,17,67
2295,0,16,19,17,52
2296,19,17,16,15,67
2297,17,31,18,16,82
2298,0,31,18,16,65
2299,0,15,18,16,49
2300,0,34,16,17,67
2301,16,33,19,16,84
2302,0,33,19,16,68
2303,17,35,0,16,68
2308,0,35,0,16,51
2310,82,17,18,15,132
2311,0,20,46,17,83
2312,81,15,52,14,162
2313,14,32,18,15,79
2314,15,17,18,15,65
2315,17,33,52,14,116
2316,18,15,52,14,99
2317,15,33,19,14,81
2318,18,15,19,14,66
2319,15,33,20,14,82
2322,20,14,17,18,69
2323,0,14,17,18,49
2326,80,19,0,18,117
2327,16,32,15,19,82
2328,17,15,15,19,66
2329,15,34,0,18,67
2330,15,19,0,18,52
2331,0,19,0,18,37
2332,0,36,0,13,49
2333,0,18,0,13,31
2334,0,32,18,14,64
2335,0,19,18,14,51
2336,0,32,34,17,83
2339,16,32,0,18,66
2340,0,32,0,18,50
2341,0,15,0,18,33
2342,0,35,14,20,69
2343,0,17,14,20,51
2344,0,34,31,19,84
2346,0,31,19,15,65
2347,15,34,19,15,83
2348,0,34,19,15,68
2349,0,15,19,15,49
2352,0,34,15,18,67
2353,0,19,15,18,52
2354,0,33,17,16,66
2355,51,32,18,17,118
2356,0,33,17,15,65
2357,48,35,51,17,151
2358,0,32,18,17,67
2360,69,34,17,14,134
2363,16,34,17,14,81
2364,17,17,17,14,65
2365,0,17,17,14,48
2366,0,31,14,21,66
2367,0,14,14,21,49
2372,0,31,0,16,47
2373,0,15,0,16,31
2374,0,34,0,14,48
2375,119,31,20,13,183
2376,0,32,0,15,47
2377,0,18,0,15,33
2378,0,32,0,17,49
2379,54,31,20,13,118
2380,0,37,13,18,68
2381,0,20,13,18,51
2382,0,31,20,13,64
2384,0,33,19,15,67
2385,82,31,16,17,146
2387,0,15,17,18,50
2388,0,35,0,13,48
2390,197,34,18,18,267
2391,102,17,50,15,184
2392,0,33,17,18,68
2394,0,35,16,17,68
2395,250,33,19,15,317
2396,0,33,50,15,98
2397,116,36,16,14,182
2398,0,34,16,15,65
2399,0,18,16,15,49
2400,0,31,19,15,65
2401,15,34,18,18,85
2404,167,41,11,17,236
2405,0,18,16,14,48
2407,0,14,0,17,31
2408,0,34,0,18,52
2411,0,15,19,15,49
2412,19,15,15,26,75
2413,15,41,11,17,84
2414,0,41,11,17,69
2415,0,26,11,17,54
2417,0,17,14,15,46
2418,0,29,20,14,63
2419,15,34,0,18,67
2420,0,34,0,18,52
2421,0,14,0,18,32
2422,0,37,16,16,69
2423,0,19,16,16,51
2424,0,32,51,16,99
2425,0,16,51,16,83
2427,0,14,20,16,50
2428,0,36,16,15,67
2429,0,16,16,15,47
2430,0,31,17,19,67
2431,0,15,17,19,51
2432,0,36,14,20,70
2433,19,34,31,19,103
2434,0,34,31,19,84
2435,20,31,0,19,70
2436,0,31,0,19,50
2437,15,32,0,18,65
2438,0,32,0,18,50
2439,0,13,0,18,31
2440,0,36,0,16,52
2441,0,18,0,16,34
2443,0,15,0,19,34
2444,0,36,0,15,51
2445,0,17,0,15,32
2446,0,33,50,14,97
2447,51,31,16,20,118
2448,16,17,17,14,64
2449,17,31,16,20,84
2450,67,32,0,17,116
2451,14,36,17,15,82
2453,20,32,0,17,69
2454,0,32,0,17,49
2456,0,35,0,15,50
2457,67,16,17,15,115
2458,0,33,0,16,49
2459,0,18,0,16,34
2462,0,32,0,20,52
2463,15,38,0,13,66
2464,0,38,0,13,51
2465,0,18,0,13,31
2466,0,29,0,17,46
2468,0,35,0,18,53
2469,0,18,0,18,36
2471,0,15,17,15,47
2475,0,15,0,17,32
2476,0,34,17,15,66
2479,15,33,52,15,115
2481,16,35,17,15,83
2482,117,16,20,14,167
2483,0,17,17,15,49
2484,0,32,17,17,66
2485,0,15,17,17,49
2486,0,34,16,16,66
2487,0,17,16,16,49
2488,0,32,20,14,66
2489,16,34,20,14,84
2490,103,31,18,15,167
2492,0,34,17,18,69
2493,14,35,16,15,80
2494,99,34,0,18,151
2495,18,31,18,15,82
2496,98,33,51,19,201
2497,15,33,100,18,166
2498,0,33,100,18,151
2499,15,34,0,18,67
2500,100,37,14,18,169
2501,15,33,51,19,118
2502,135,32,0,15,182
2503,132,17,0,15,164
2504,18,15,18,19,70
2506,0,37,14,18,69
2508,0,32,0,15,47
2509,18,32,0,15,65
2510,132,33,0,18,183
2511,0,17,0,15,32
2512,0,33,16,17,66
2513,0,18,16,17,51
2516,0,34,17,16,67
2518,0,33,0,18,51
2520,0,34,16,17,67
2521,217,37,33,14,301
2522,16,17,0,19,52
2523,0,17,0,19,36
2524,0,36,64,16,116
2525,0,17,64,16,97
2526,115,17,14,23,169
2527,0,15,18,18,51
2529,123,33,14,16,186
2530,0,33,18,17,68
2533,0,17,14,23,54
2534,0,37,33,14,84
2535,23,33,14,16,86
2536,0,33,14,16,63
2537,22,30,19,12,83
2538,0,30,19,12,61
2539,0,16,19,12,47
2541,12,34,18,17,81
2542,0,34,18,17,69
2543,200,19,17,15,251
2544,0,35,31,19,85
2545,102,13,18,18,151
2548,0,36,0,18,54
2550,0,31,18,18,67
2552,0,36,0,14,50
2553,148,33,0,19,200
2554,130,33,0,19,182
2556,0,32,0,15,47
2557,149,34,15,18,216
2559,0,20,15,15,50
2561,15,33,0,19,67
2562,0,33,0,19,52
2563,15,36,18,16,85
2564,0,36,18,16,70
2566,0,34,15,18,67
2567,0,16,15,18,49
2568,0,33,14,19,66
2569,118,33,17,18,186
2570,0,33,17,16,66
2573,16,34,50,18,118
2574,0,34,50,18,102
2575,0,18,50,18,86
2577,19,35,13,19,86
2578,0,35,13,19,67
2580,0,32,15,20,67
2581,19,35,15,20,89
2582,0,35,15,20,70
2583,98,21,15,19,153
2584,114,19,13,19,165
2586,14,15,14,21,64
2587,15,35,15,19,84
2588,14,21,15,19,69
2589,242,27,36,27,332
2590,221,27,36,27,311
2591,19,32,14,19,84
2592,13,19,14,19,65
2593,19,33,15,17,84
2594,14,19,15,17,65
2595,19,32,18,17,86
2596,15,17,18,17,67
2597,17,35,22,7,81
2598,18,17,22,7,64
2599,17,29,26,27,99
2600,22,7,26,27,82
2601,33,27,36,27,123
2602,26,27,36,27,116
2603,27,12,24,27,90
2604,36,27,13,35,111
2606,27,13,54,14,108
2608,13,35,19,14,81
2609,135,34,17,17,203
2611,0,33,19,17,69
2612,0,14,19,17,50
2613,268,34,15,17,334
2614,0,17,14,17,48
2615,0,31,17,17,65
2617,0,34,17,17,68
2618,0,17,17,17,51
2619,0,34,0,16,50
2622,0,15,0,18,33
2623,0,36,0,15,51
2624,0,18,0,15,33
2625,0,32,0,17,49
2626,0,17,0,17,34
2627,0,34,0,17,51
2628,0,17,0,17,34
2629,151,16,35,17,219
2632,0,17,34,18,69
2633,0,34,18,16,68
2635,0,34,17,16,67
2637,0,33,35,17,85
2638,16,35,17,15,83
2639,0,35,17,15,67
2640,0,17,17,15,49
2641,0,32,17,15,64
2642,0,15,17,15,47
2644,0,15,0,16,31
2645,0,35,16,16,67
2647,0,32,18,16,66
2648,0,16,18,16,50
2649,0,34,16,16,66
2650,83,32,16,18,149
2651,0,32,67,16,115
2652,67,16,16,18,117
2654,0,18,0,16,34
2655,0,32,16,18,66
2656,0,16,16,18,50
2657,0,34,68,15,117
2658,0,18,68,15,101
2659,0,33,0,16,49
2661,0,35,15,17,67
2663,0,32,0,15,47
2664,0,17,0,15,32
2665,0,34,0,15,49
2666,0,19,0,15,34
2669,99,34,0,16,149
2671,0,35,0,15,50
2672,18,31,20,14,83
2673,0,31,20,14,65
2675,0,34,0,16,50
2678,68,17,0,17,102
2679,0,37,0,15,52
2680,0,19,0,15,34
2681,0,32,0,17,49
2683,0,33,0,16,49
2684,0,16,0,16,32
2685,0,34,0,17,51
2687,0,33,0,17,50
2688,0,16,0,17,33
2689,0,34,0,16,50
2690,49,32,0,18,99
2691,0,32,16,16,64
2692,0,16,16,16,48
2694,16,34,52,15,117
2695,0,34,52,15,101
2696,0,16,52,15,83
2697,0,35,32,16,83
2698,16,32,0,16,64
2700,15,34,0,18,67
2701,0,34,0,18,52
2702,0,18,0,18,36
2703,0,32,0,17,49
2704,0,14,0,17,31
2705,0,36,49,15,100
2706,118,32,17,18,185
2707,15,18,16,15,64
2710,15,35,49,18,117
2711,19,16,49,18,102
2712,16,32,17,18,83
2713,16,16,17,18,67
2714,16,35,15,18,84
2716,18,33,16,17,84
2717,15,18,16,17,66
2718,85,33,51,14,183
2719,16,17,16,18,67
2722,18,33,51,14,116
2723,0,33,51,14,98
2724,17,34,17,14,82
2726,0,17,17,14,48
2727,0,31,68,18,117
2729,0,34,0,18,52
2730,15,34,0,18,67
2731,0,34,0,18,52
2732,0,16,0,18,34
2734,0,14,0,19,33
2735,0,35,0,15,50
2736,0,16,0,15,31
2737,0,32,35,17,84
2738,0,17,35,17,69
2739,0,35,0,17,52
2741,0,32,17,17,66
2742,0,15,17,17,49
2743,0,34,33,18,85
2745,51,16,17,15,99
2746,16,34,17,15,82
2747,66,33,0,20,119
2749,65,34,33,19,151
2750,15,33,0,20,68
2751,0,33,0,20,53
2752,0,14,0,20,34
2754,0,14,33,19,66
2755,85,17,0,16,118
2756,16,34,18,17,85
2757,0,34,18,17,69
2758,83,33,15,18,149
2759,0,35,0,16,51
2760,0,17,0,16,33
2761,0,33,0,14,47
2763,0,33,15,18,66
2767,0,31,0,19,50
2768,14,36,48,19,117
2770,84,32,0,17,133
2771,0,33,15,19,67
2772,0,18,15,19,52
2774,0,19,0,15,34
2775,99,34,17,16,166
2776,0,17,0,17,34
2780,16,34,17,16,83
2782,199,17,16,18,250
2783,0,33,16,16,65
2784,0,16,16,16,48
2785,0,32,18,16,66
2786,0,16,18,16,50
2787,0,34,18,16,68
2788,99,17,16,18,150
2789,0,34,16,16,66
2790,16,32,17,17,82
2791,0,32,17,17,66
2792,0,16,17,17,50
2793,0,34,16,18,68
2794,0,17,16,18,51
2798,17,32,18,16,83
2799,0,32,18,16,66
2800,100,17,16,15,148
2802,0,16,33,17,66
2803,98,34,16,26,174
2804,0,17,0,17,34
2805,0,34,16,15,65
2806,0,17,16,15,48
2807,0,31,20,14,65
2808,0,15,20,14,49
2810,0,14,16,26,56
2811,0,42,29,23,94
2812,0,26,29,23,78
2813,0,29,47,21,97
2814,21,35,45,16,117
2815,0,35,45,16,96
2816,0,12,45,16,73
2817,12,21,12,16,61
2819,12,16,21,14,63
2821,21,14,22,9,66
2822,14,31,17,18,80
2823,22,9,17,18,66
2827,0,33,0,19,52
2828,0,18,0,19,37
2829,0,31,0,19,50
2830,0,12,0,19,31
2831,0,36,33,18,87
2832,0,17,33,18,68
2833,66,34,0,15,115
2834,18,33,0,17,68
2835,0,33,0,17,50
2836,0,15,0,17,32
2837,0,34,0,15,49
2838,0,17,0,15,32
2839,0,32,0,17,49
2841,0,35,16,15,66
2842,0,18,16,15,49
2844,15,33,18,15,81
2845,0,33,18,15,66
2849,0,36,15,19,70
2850,17,34,16,14,81
2851,15,19,16,14,64
2852,19,30,21,14,84
2855,0,35,0,16,51
2856,14,33,17,16,80
2857,0,33,17,16,66
2858,0,17,17,16,50
2859,0,33,17,19,69
2860,16,36,48,19,119
2861,0,36,48,19,103
2863,0,30,18,19,67
2865,0,37,16,16,69
2866,19,32,0,29,80
2867,0,32,0,29,61
2869,0,51,16,17,84
2870,134,19,17,16,186
2871,0,22,16,17,55
2872,16,33,0,16,65
2873,0,33,0,16,49
2874,0,16,0,16,32
2875,0,32,16,19,67
2876,0,16,16,19,51
2879,0,33,32,19,84
2880,16,32,0,19,67
2881,0,32,0,19,51
2882,85,34,15,16,150
2883,0,34,16,18,68
2885,0,34,15,19,68
2886,18,34,15,16,83
2887,100,33,17,17,167
2888,19,31,18,17,85
2889,0,31,18,17,66
2890,16,35,16,17,84
2891,202,33,16,16,267
2892,17,33,17,17,84
2893,0,33,17,17,67
2895,0,34,15,18,67
2896,0,17,15,18,50
2897,0,33,15,19,67
2899,0,34,15,18,67
2901,0,33,15,18,66
2903,0,33,16,16,65
2904,0,18,16,16,50
2905,0,32,18,18,68
2906,0,16,18,18,52
2907,0,36,13,20,69
2908,0,18,13,20,51
2909,0,33,15,17,65
2910,0,20,15,17,52
2911,0,32,16,18,66
2912,84,34,15,17,150
2913,0,34,17,16,67
2914,0,18,17,16,51
2916,0,16,0,19,35
2917,0,34,15,17,66
2918,0,15,15,17,47
2922,0,16,16,18,50
2924,0,18,17,16,51
2926,16,33,51,18,118
2927,0,33,51,18,102
2928,0,15,51,18,84
2930,15,36,15,17,83
2932,0,18,15,17,50
2934,17,33,0,18,68
2936,17,33,0,17,67
2937,0,33,0,17,50
2939,0,34,0,16,50
2942,0,17,0,19,36
2943,51,16,33,17,117
2945,0,35,33,17,85
2946,0,16,33,17,66
2947,0,33,0,17,50
2949,66,35,0,16,117
2951,0,33,0,18,51
2952,0,16,0,18,34
2954,0,17,0,16,33
2955,0,33,15,18,66
2957,0,33,17,15,65
2959,0,32,0,17,49
2960,15,33,19,16,83
2962,68,14,19,16,117
2963,0,35,0,17,52
2964,16,31,19,16,82
2967,19,16,0,17,52
2968,0,16,0,17,33
2972,15,35,0,16,66
2973,0,35,0,16,51
2975,65,35,0,17,117
2976,0,18,0,15,33
2977,0,31,0,16,47
2978,0,16,0,16,32
2979,0,35,0,17,52
2980,0,19,0,17,36
2981,0,32,0,17,49
2984,0,17,17,16,50
2987,0,32,52,16,100
2988,16,37,15,16,84
2989,0,37,15,16,68
2990,0,17,15,16,48
2993,0,34,16,16,66
2995,0,32,17,17,66
2996,0,16,17,17,50
2999,0,33,17,16,66
3000,0,16,17,16,49
3002,0,16,19,16,51
3003,0,35,15,18,68
3004,16,33,16,16,81
3005,0,33,16,16,65
3006,0,18,16,16,50
3008,0,16,18,15,49
3010,15,34,16,19,84
3011,20,14,16,19,69
3012,14,35,16,17,82
3014,0,19,16,17,52
3015,0,33,16,18,67
3016,17,34,15,17,83
3017,16,18,15,17,66
3018,66,19,15,16,116
3019,15,17,16,19,67
3021,16,19,15,16,66
3022,19,31,17,16,83
3023,0,31,17,16,64
3024,16,33,0,18,67
3027,0,33,0,18,51
3031,0,33,0,16,49
3032,0,17,0,16,33
3033,0,34,18,15,67
3034,0,18,18,15,51
3037,0,34,16,17,67
3039,48,18,0,17,83
3040,17,33,0,17,67
3042,0,18,0,17,35
3043,0,33,18,15,66
3044,0,16,18,15,49
3047,0,38,29,19,86
3051,0,34,16,16,66
3053,65,32,37,14,148
3054,16,33,0,32,81
3055,0,33,0,32,65
3056,17,32,37,14,100
3057,0,32,37,14,83
3060,17,34,0,14,65
3062,0,20,0,14,34
3063,0,31,0,18,49
3064,0,17,0,18,35
3065,0,34,15,18,67
3066,0,16,15,18,49
3067,15,18,0,16,49
3070,0,16,0,19,35
3071,0,35,0,16,51
3073,0,32,0,18,50
3074,0,16,0,18,34
3075,0,34,16,18,68
3077,0,34,0,16,50
3078,52,32,0,18,102
3080,0,18,0,16,34
3082,0,16,0,18,34
3083,0,35,32,17,84
3084,0,17,32,17,66
3085,0,32,49,18,99
3086,0,18,49,18,85
3089,0,33,16,17,66
3090,0,18,16,17,51
3091,67,32,0,16,115
3092,0,17,0,16,33
3093,0,34,0,16,50
3096,0,16,0,16,32
3097,0,34,16,19,69
3098,0,18,16,19,53
3099,0,35,14,18,67
3100,0,19,14,18,51
3103,0,33,17,17,67
3106,0,17,17,16,50
3108,49,35,16,16,116
3109,0,33,0,16,49
3110,17,35,16,16,84
3113,0,32,15,33,80
3116,15,18,0,17,50
3120,0,14,0,19,33
3121,0,36,16,15,67
3123,0,31,0,17,48
3124,15,34,19,15,83
3125,0,34,19,15,68
3126,0,17,19,15,51
3127,0,34,48,18,100
3129,0,32,16,18,66
3130,0,16,16,18,50
3131,0,34,22,14,70
3132,18,36,14,35,103
3134,0,14,14,35,63
3135,0,49,15,17,81
3136,0,35,15,17,67
3137,23,15,17,16,71
3138,0,15,17,16,48
3140,0,16,19,16,51
3141,50,18,16,16,100
3142,0,16,15,18,49
3143,0,33,16,16,65
3144,0,18,16,16,50
3145,0,32,17,17,66
3146,16,34,16,18,84
3147,0,34,16,18,68
3148,83,34,19,14,150
3149,66,34,19,14,133
3150,18,32,53,14,117
3151,0,32,53,14,99
3155,85,15,19,17,136
3156,0,14,17,16,47
3159,0,34,19,17,70
3160,0,15,19,17,51
3162,0,17,16,16,49
3164,0,16,49,19,84
3165,0,32,17,19,68
3166,17,36,0,15,68
3167,0,36,0,15,51
3168,69,15,0,16,100
3169,0,31,19,15,65
3170,0,16,19,15,50
3171,67,33,0,16,116
3172,0,15,0,16,31
3175,0,33,0,16,49
3177,67,33,17,15,132
3178,0,18,33,17,68
3179,0,33,0,17,50
3180,0,17,0,17,34
3181,0,33,17,15,65
3186,84,33,34,15,166
3187,0,33,15,18,66
3191,0,33,34,15,82
3193,0,34,32,16,82
3195,0,32,0,16,48
3197,0,34,0,17,51
3200,0,15,0,18,33
3202,0,18,0,17,35
3204,64,17,17,18,116
3205,65,35,33,16,149
3206,0,16,0,17,33
3207,0,34,17,18,69
3208,67,18,16,21,122
3211,0,33,16,21,70
3212,18,37,12,17,84
3213,0,37,12,17,66
3215,0,29,18,17,64
3217,0,35,17,13,65
3219,0,30,19,17,66
3220,0,13,19,17,49
3221,0,36,16,16,68
3222,0,17,16,16,49
3223,0,32,17,16,65
3224,0,16,17,16,49
3225,0,33,18,15,66
3226,67,16,17,18,118
3227,67,35,15,16,133
3228,15,34,17,18,84
3229,0,34,17,18,69
3230,66,16,0,16,98
3232,0,18,15,16,49
3234,0,16,0,16,32
3235,0,35,17,15,67
3236,0,19,17,15,51
3237,0,32,0,18,50
3238,0,15,0,18,33
3239,0,34,0,17,51
3240,0,16,0,17,33
3241,0,34,0,16,50
3244,50,36,64,17,167
3247,0,36,64,17,117
3248,0,18,64,17,99
3252,67,17,0,18,102
3253,0,34,0,16,50
3254,68,15,51,16,150
3256,0,17,0,18,35
3257,0,33,51,16,100
3258,82,32,52,16,182
3259,15,18,18,16,67
3260,18,34,16,16,84
3261,100,34,17,18,169
3263,16,16,52,16,100
3265,21,13,18,16,68
3267,18,16,17,18,69
3268,133,15,17,17,182
3269,17,18,15,15,65
3270,18,30,18,17,83
3272,116,33,0,17,166
3273,18,17,17,15,67
3277,0,34,0,15,49
3278,17,33,0,17,67
3279,0,33,0,17,50
3280,0,18,0,17,35
3281,99,35,17,15,166
3282,0,18,0,15,33
3283,0,32,17,15,64
3285,0,32,0,17,49
3286,15,35,17,15,82
3287,0,35,17,15,67
3288,0,18,17,15,50
3289,99,35,14,19,167
3296,0,18,14,19,51
3297,0,33,21,14,68
3298,84,36,0,15,135
3299,0,35,14,16,65
3300,14,30,0,16,60
3301,0,30,0,16,46
3302,16,36,0,15,67
3303,0,36,0,15,51
3304,0,20,0,15,35
3305,0,32,32,17,81
3306,0,17,32,17,66
3307,68,32,16,17,133
3308,15,36,15,17,83
3309,0,36,15,17,68
3310,0,19,15,17,51
3312,17,33,17,15,82
3313,0,33,17,15,65
3314,17,32,0,20,69
3315,0,32,0,20,52
3316,0,15,0,20,35
3317,0,36,0,15,51
3318,0,16,0,15,31
3319,0,31,0,17,48
3321,0,35,0,18,53
3322,0,18,0,18,36
3323,0,32,0,17,49
3324,0,14,0,17,31
3325,0,35,0,16,51
3326,49,34,0,19,102
3327,0,31,34,19,84
3328,0,15,34,19,68
3329,0,34,0,19,53
3330,15,33,0,19,67
3331,0,33,0,19,52
3332,0,14,0,19,33
3334,0,15,33,20,68
3337,0,34,0,16,50
3339,0,33,50,16,99
3341,0,34,32,34,100
3343,0,32,0,34,66
3344,16,34,0,18,68
3345,0,34,0,18,52
3346,0,19,0,18,37
3347,0,33,51,17,101
3351,0,34,15,19,68
3354,0,19,15,17,51
3356,50,33,18,15,116
3357,0,33,17,16,66
3358,50,33,18,18,119
3359,0,33,18,15,66
3360,0,16,18,15,49
3361,0,33,18,18,69
3362,0,15,18,18,51
3364,0,18,14,18,50
3366,67,17,17,17,118
3367,0,33,0,16,49
3369,67,33,17,16,133
3370,0,17,17,17,51
3372,0,17,16,17,50
3373,0,33,17,16,66
3375,0,33,16,18,67
3376,16,34,15,17,82
3378,18,32,18,17,85
3379,0,32,18,17,67
3380,17,35,17,15,84
3382,17,32,18,17,84
3384,15,35,16,17,83
3389,0,33,17,16,66
3390,0,17,17,16,50
3391,0,33,16,18,67
3392,16,34,17,17,84
3393,0,34,17,17,68
3395,0,34,15,16,65
3396,17,31,18,17,83
3397,0,31,18,17,66
3398,16,35,15,17,83
3399,0,35,15,17,67
3401,0,32,16,17,65
3403,0,33,19,15,67
3404,17,34,17,18,86
3406,15,35,16,16,82
3407,0,35,16,16,67
3410,0,16,16,17,49
3411,0,33,17,17,67
3412,0,17,17,17,51
3414,17,33,16,18,84
3415,67,32,18,17,134
3416,15,34,16,16,81
3418,151,33,33,17,234
3420,16,35,16,17,84
3421,0,35,16,17,68
3423,0,33,16,17,66
3424,0,17,16,17,50
3425,66,33,0,17,116
3426,17,33,33,17,100
3427,66,51,16,16,149
3428,16,33,0,17,66
3432,0,34,16,16,66
3433,20,16,16,17,69
3434,0,16,16,17,49
3435,0,33,17,16,66
3437,0,33,19,16,68
3439,0,35,15,18,68
3440,16,33,16,17,82
3441,84,15,50,17,166
3442,18,33,0,18,69
3445,0,33,50,17,100
3447,0,32,18,17,67
3448,0,15,18,17,50
3450,17,33,19,14,83
3451,16,17,19,14,66
3453,19,14,18,15,66
3454,14,33,16,19,82
3456,15,35,15,18,83
3457,16,19,15,18,68
3458,19,33,15,18,85
3459,15,18,15,18,66
3461,15,18,48,20,101
3462,18,34,14,20,86
3463,34,34,47,19,134
3464,23,34,47,19,123
3465,14,20,47,19,100
3466,20,31,16,19,86
3467,15,16,16,19,66
3468,16,35,15,18,84
3469,0,35,15,18,68
3470,19,33,0,16,68
3471,0,33,0,16,49
3472,0,18,0,16,34
3473,0,33,15,17,65
3474,0,17,15,17,49
3475,0,32,17,20,69
3476,17,37,13,17,84
3478,0,20,13,17,50
3480,0,17,16,19,52
3481,0,35,16,18,69
3482,0,19,16,18,53
3483,0,34,16,16,66
3486,0,16,15,19,50
3487,0,34,15,17,66
3488,0,19,15,17,51
3492,0,14,18,17,49
3493,0,35,16,17,68
3494,50,34,17,16,117
3495,0,33,17,17,67
3496,0,17,17,17,51
3497,0,34,17,16,67
3499,0,33,17,16,66
3500,16,33,0,19,68
3501,0,33,0,19,52
3502,16,32,50,17,115
3504,0,13,50,17,80
3505,0,35,15,17,67
3507,68,32,18,15,133
3508,0,17,17,19,53
3509,0,36,16,16,68
3510,0,19,16,16,51
3511,82,15,17,18,132
3512,16,33,17,15,81
3513,0,33,17,15,65
3517,0,35,17,16,68
3518,0,18,17,16,51
3522,0,16,17,17,50
3523,0,34,15,17,66
3525,0,32,18,16,66
3526,17,34,16,17,84
3527,67,33,18,15,133
3530,17,33,18,15,83
3531,0,33,18,15,66
3533,0,33,50,17,100
3537,0,34,16,18,68
3538,17,34,17,17,85
3539,0,34,17,17,68
3540,18,34,0,15,67
3541,0,34,0,15,49
3542,17,31,18,15,81
3543,0,31,18,15,64
3546,68,17,15,17,117
3547,0,36,34,15,85
3548,18,34,15,17,84
3549,82,17,17,17,133
3551,0,32,0,16,48
3553,0,33,17,17,67
3554,0,17,17,17,51
3555,0,34,16,17,67
3556,17,33,17,15,82
3559,68,31,36,16,151
3561,0,36,0,15,51
3562,19,31,36,16,102
3563,0,31,36,16,83
3564,0,16,36,16,68
3565,84,17,16,16,133
3566,18,32,33,16,99
3569,0,33,16,16,65
3571,0,32,17,17,66
3572,0,16,17,17,50
3573,0,34,16,18,68
3574,17,34,16,18,85
3575,0,34,16,18,68
3576,0,18,16,18,52
3577,0,34,32,16,82
3578,0,18,32,16,66
3582,0,17,18,15,50
3583,0,33,17,17,67
3584,15,34,16,17,82
3587,0,33,16,18,67
3588,152,32,17,16,217
3590,18,33,18,15,84
3591,0,33,18,15,66
3592,148,34,17,16,215
3593,0,33,17,18,68
3595,0,35,15,17,67
3596,18,32,17,16,83
3597,0,32,17,16,65
3598,0,17,17,16,50
3599,0,33,51,16,100
3602,16,33,34,16,99
3603,0,33,34,16,83
3604,0,16,34,16,66
3605,0,34,0,16,50
3606,16,35,0,14,65
3608,0,19,0,14,33
3609,0,32,31,18,81
3610,0,18,31,18,67
3611,0,31,0,18,49
3612,16,34,0,18,68
3614,0,16,0,18,34
3615,0,35,19,12,66
3616,0,17,19,12,48
3617,19,12,51,16,98
3618,12,35,16,16,79
3622,16,36,17,16,85
3623,84,17,52,15,168
3624,17,33,15,17,82
3626,16,32,52,15,115
3627,84,15,49,17,165
3629,17,17,18,15,67
3630,17,33,49,17,116
3631,99,35,33,16,183
3633,17,17,15,17,66
3635,15,17,16,19,67
3636,17,35,33,16,101
3637,0,35,33,16,84
3638,0,19,33,16,68
3639,0,33,16,16,65
3641,0,32,18,15,65
3642,0,16,18,15,49
3643,0,33,0,18,51
3644,0,15,0,18,33
3645,0,33,0,18,51
3646,0,15,0,18,33
3647,0,34,18,16,68
3648,0,16,18,16,50
3650,0,16,0,17,33
3651,67,33,0,17,117
3652,0,17,16,17,50
3653,49,17,0,17,83
3654,17,33,0,17,67
3658,0,17,33,16,66
3661,0,33,0,17,50
3664,67,17,0,16,100
3669,0,31,0,18,49
3672,0,16,34,18,68
3673,0,34,0,18,52
3674,16,34,0,16,66
3675,0,34,0,16,50
3676,49,32,19,17,117
3678,0,17,16,16,49
3682,0,17,14,17,48
3684,69,15,17,15,116
3685,0,33,19,15,67
3686,0,17,19,15,51
3688,0,15,17,15,47
3689,0,32,20,15,67
3691,0,35,51,15,101
3692,0,15,51,15,81
3693,0,34,17,15,66
3694,16,32,18,16,82
3697,0,34,17,15,66
3698,16,32,21,14,83
3699,0,32,21,14,67
3700,15,35,0,16,66
3702,0,14,0,16,30
3703,67,34,16,15,132
3705,0,35,17,17,69
3708,0,17,16,15,48
3709,0,31,18,16,65
3710,0,15,18,16,49
3711,0,34,0,16,50
3712,16,33,68,16,133
3713,0,33,68,16,117
3714,0,17,68,16,101
3715,17,18,0,16,51
3716,18,33,0,16,67
3717,0,33,0,16,49
3718,0,17,0,16,33
3719,0,33,16,17,66
3720,0,17,16,17,50
3722,17,34,16,16,83
3723,0,34,16,16,66
3724,0,17,16,16,49
3725,49,17,0,17,83
3726,16,34,0,17,67
3727,51,16,17,17,101
3728,0,17,0,17,34
3729,67,33,17,17,134
3731,0,34,33,17,84
3735,68,31,0,18,117
3736,0,17,16,18,51
3737,0,34,15,16,65
3739,0,31,0,18,49
3740,16,35,17,15,83
3741,0,35,17,15,67
3742,0,17,17,15,49
3744,15,32,0,18,65
3745,0,32,0,18,50
3746,14,36,15,19,84
3750,0,19,31,17,67
3751,0,31,0,17,48
3752,0,17,0,17,34
3753,0,35,0,16,51
3754,0,18,0,16,34
3755,0,33,15,19,67
3756,0,17,15,19,51
3757,15,19,0,17,51
3758,0,19,0,17,36
3760,0,14,35,18,67
3761,0,35,0,18,53
3762,19,33,16,18,86
3763,0,33,16,18,67
3766,0,18,15,17,50
3768,17,34,32,19,102
3769,0,34,32,19,85
3770,18,32,0,19,69
3771,0,32,0,19,51
3772,0,14,0,19,33
3774,0,15,0,18,33
3775,0,34,16,16,66
3777,0,32,0,18,50
3780,0,18,0,16,34
3781,0,31,18,17,66
3782,0,15,18,17,50
3783,18,17,17,16,68
3784,17,33,0,15,65
3785,0,33,0,15,48
3786,50,33,32,16,131
3788,0,19,16,17,52
3789,65,33,34,16,148
3791,0,32,33,17,82
3792,16,33,34,16,99
3793,0,33,34,16,83
3794,0,17,34,16,67
3795,0,34,0,16,50
3796,0,17,0,16,33
3797,0,34,0,17,51
3798,0,18,0,17,35
3800,0,16,16,18,50
3801,0,34,17,16,67
3802,0,18,17,16,51
3803,0,33,17,17,67
3804,16,34,15,17,82
3806,17,32,100,17,166
3807,0,32,100,17,149
3808,17,33,18,17,85
3809,68,32,17,18,135
3810,16,35,16,16,83
3811,0,35,16,16,67
3812,17,32,17,18,84
3814,16,35,0,15,66
3816,0,18,0,15,33
3817,0,32,17,16,65
3818,0,17,17,16,50
3819,17,16,16,17,66
3822,17,33,18,17,85
3827,65,34,0,18,117
3829,0,32,0,17,49
3830,69,16,0,16,101
3831,0,34,0,18,52
3832,67,17,0,22,106
3833,0,34,0,16,50
3834,0,16,0,16,32
3835,0,33,0,22,55
3836,0,17,0,22,39
3837,67,33,17,16,133
3838,0,11,51,16,78
3839,0,34,17,16,67
3841,0,33,17,16,66
3842,83,35,0,18,136
3843,0,33,17,17,67
3844,0,16,17,17,50
3845,0,34,0,15,49
3846,17,35,0,18,70
3847,0,35,0,18,53
3850,0,14,0,17,31
3851,0,33,0,17,50
3852,0,16,0,17,33
3853,0,34,15,18,67
3854,0,17,15,18,50
3855,0,33,17,15,65
3857,0,32,18,16,66
3860,16,34,0,17,67
3861,0,34,0,17,51
3864,0,15,0,17,32
3865,68,33,0,17,118
3866,51,33,0,17,101
3867,52,16,0,17,85
3868,50,32,17,17,116
3870,0,16,0,17,33
3871,0,32,17,17,66
3873,0,34,18,17,69
3874,83,34,18,14,149
3876,17,31,18,16,82
3878,13,34,18,14,79
3879,0,34,18,14,66
3880,0,16,18,14,48
3881,0,32,17,18,67
3882,14,35,16,17,82
3883,0,35,16,17,68
3885,0,33,51,15,99
3886,17,33,18,15,83
3888,16,33,17,17,83
3890,15,34,16,17,82
3892,17,33,17,16,83
3893,0,33,17,16,66
3894,17,33,17,18,85
3896,16,35,17,15,83
3897,0,35,17,15,67
3899,0,32,16,19,67
3900,15,35,15,17,82
3901,67,33,17,17,134
3903,0,32,33,17,82
3905,0,33,17,17,67
3907,0,34,17,16,67
3909,0,33,0,18,51
3910,0,16,0,18,34
3911,0,33,17,18,68
3912,0,15,17,18,50
3914,0,18,16,34,68
3915,0,50,17,16,83
3917,20,17,16,16,69
3918,0,17,16,16,49
3919,0,32,16,18,66
3920,0,16,16,18,50
3922,18,31,20,15,84
3923,0,31,20,15,66
3925,0,35,16,16,67
3926,0,15,16,16,47
3927,0,32,0,17,49
3928,0,16,0,17,33
3929,0,34,17,16,67
3930,0,17,17,16,50
3931,17,16,0,18,51
3932,0,16,0,18,34
3933,0,33,0,18,51
3935,0,36,0,16,52
3937,0,33,15,18,66
3939,0,33,0,17,50
3942,0,16,0,17,33
3943,0,32,34,16,82
3944,116,34,16,16,182
3945,0,34,0,16,50
3946,15,33,19,15,82
3947,0,33,19,15,67
3950,15,34,16,16,81
3951,0,34,16,16,66
3952,85,31,50,17,183
3953,16,16,16,19,67
3955,16,19,0,14,49
3956,19,31,50,17,117
3957,0,31,50,17,98
3958,17,34,52,16,119
3959,0,34,52,16,102
3960,15,33,19,16,83
3961,16,17,19,16,68
3962,17,35,15,20,87
3964,16,35,0,16,67
3966,20,33,0,15,68
3967,0,33,0,15,48
3970,82,35,16,15,148
3973,0,34,0,19,53
3974,0,15,0,19,34
3975,85,15,19,16,135
3976,0,16,16,15,47
3978,201,16,16,17,250
3980,0,15,19,16,50
3981,0,35,16,17,68
3983,0,33,0,16,49
3984,0,17,0,16,33
3986,0,16,33,19,68
3987,0,33,19,16,68
3988,17,35,16,17,85
3990,0,16,16,17,49
3991,0,33,16,18,67
3992,17,34,0,15,66
3993,0,34,0,15,49
3994,83,38,0,12,133
3995,0,34,16,15,65
3996,0,19,16,15,50
3997,0,31,38,12,81
3999,0,38,0,12,50
4000,0,20,0,12,32
4002,0,17,17,18,52
4005,0,34,15,17,66
4006,66,18,36,12,132
4007,0,32,16,18,66
4008,0,17,16,18,51
4010,18,36,0,12,66
4011,0,36,0,12,48
4012,21,29,100,18,168
4014,84,33,0,18,135
4016,17,34,0,19,70
4019,0,33,0,18,51
4020,0,14,0,18,32
4021,0,34,0,17,51
4022,0,16,0,17,33
4023,0,33,17,17,67
4024,0,16,17,17,50
4026,17,34,0,15,66
4027,0,34,0,15,49
4028,0,17,0,15,32
4029,98,35,50,15,198
4030,0,16,19,16,51
4031,19,16,0,16,51
4032,48,35,50,15,148
4033,0,32,0,17,49
4034,0,16,0,17,33
4035,68,32,18,15,133
4036,0,18,50,15,83
4037,0,33,17,15,65
4042,15,33,84,17,149
4043,0,33,84,17,134
4045,0,34,50,17,101
4046,16,35,15,17,83
4047,101,34,17,16,168
4048,0,18,15,17,50
4049,0,32,34,17,83
4051,0,34,0,17,51
4052,0,16,0,17,33
4053,0,34,17,16,67
4055,217,16,17,17,267
4057,117,15,18,17,167
4058,17,33,17,16,83
4060,16,33,17,15,81
4061,17,16,17,15,65
4062,16,32,18,17,83
4063,17,15,18,17,67
4064,15,35,17,16,83
4065,18,17,17,16,68
4066,17,33,17,17,84
4067,17,16,17,17,67
4068,16,34,15,17,82
4069,17,17,15,17,66
4070,17,32,18,15,82
4071,15,17,18,15,65
4072,17,33,19,16,85
4073,18,15,19,16,68
4074,116,34,15,17,182
4075,19,16,15,17,67
4076,16,32,18,16,82
4077,15,17,18,16,66
4081,0,34,15,17,66
4082,19,32,18,16,85
4083,0,32,18,16,66
4084,117,33,0,18,168
4085,0,34,0,17,51
4087,0,33,17,16,66
4089,0,33,16,17,66
4090,116,33,18,16,183
4093,100,34,17,18,169
4094,116,35,0,16,167
4095,0,34,17,16,67
4096,16,33,18,16,83
4098,16,34,17,18,85
4100,16,35,0,16,67
4101,0,35,0,16,51
4103,0,31,0,17,48
4104,0,15,0,17,32
4105,0,34,16,18,68
4106,0,17,16,18,51
4107,16,18,0,17,51
4108,18,32,0,16,66
4109,0,32,0,16,48
4110,0,15,0,16,31
4111,0,33,0,17,50
4112,0,17,0,17,34
4114,0,17,17,18,52
4115,0,35,15,17,67
4116,18,32,0,17,67
4117,0,32,0,17,49
4119,0,32,0,19,51
4120,117,33,15,17,182
4121,0,35,0,15,50
4122,0,16,0,15,31
4123,0,32,35,16,83
4124,0,17,35,16,68
4127,0,33,15,17,65
4128,0,17,15,17,49
4129,15,17,19,16,67
4130,17,35,16,18,86
4131,0,35,16,18,69
4133,0,34,15,16,65
4135,0,31,17,16,64
4137,0,33,17,17,67
4138,0,16,17,17,50
4139,0,34,17,17,68
4140,0,17,17,17,51
4142,0,17,18,16,51
4144,0,16,99,17,132
4146,0,17,0,20,37
4147,100,34,0,14,148
4148,0,14,17,15,46
4149,0,32,17,17,66
4150,0,15,17,17,49
4152,0,17,16,18,51
4153,0,34,0,14,48
4154,0,18,0,14,32
4155,0,33,15,19,67
4158,0,19,0,14,33
4161,0,35,0,16,51
4162,0,18,0,16,34
4164,0,16,0,17,33
4165,0,34,15,21,70
4166,0,17,15,21,53
4168,0,21,14,17,52
4169,0,31,17,16,64
4170,17,33,16,17,83
4173,0,33,17,18,68
4175,0,35,14,18,67
4177,0,32,83,18,133
4178,51,33,17,18,119
4179,0,33,0,17,50
4180,49,35,15,17,116
4181,0,33,17,18,68
4182,0,16,17,18,51
4183,0,35,15,17,67
4186,0,17,50,16,83
4187,0,34,32,17,83
4188,0,16,32,17,65
4189,0,32,0,17,49
4190,16,34,18,16,84
4191,0,34,18,16,68
4193,0,34,52,19,105
4195,0,35,17,19,71
4196,0,19,17,19,55
4197,0,36,26,20,82
4198,65,16,16,18,115
4199,62,34,17,17,130
4201,0,20,16,16,52
4202,67,17,52,14,150
4203,0,34,17,17,68
4204,0,18,17,17,52
4206,0,17,52,14,83
4207,0,31,21,14,66
4208,0,16,21,14,51
4209,0,35,17,16,68
4212,0,16,16,16,48
4213,0,32,15,20,67
4214,0,16,15,20,51
4216,20,33,15,19,87
4217,0,33,15,19,67
4218,0,15,15,19,49
4220,19,33,17,15,84
4223,0,32,16,17,65
4225,0,33,18,15,66
4226,0,17,18,15,50
4227,0,33,18,17,68
4228,0,15,18,17,50
4229,0,35,16,16,67
4231,0,32,18,17,67
4232,0,16,18,17,51
4233,0,35,0,16,51
4234,17,34,0,16,67
4235,0,34,0,16,50
4236,0,18,0,16,34
4237,0,33,0,14,47
4238,0,17,0,14,31
4239,0,31,19,16,66
4242,0,16,0,18,34
4244,0,15,0,17,32
4245,34,32,17,18,101
4247,0,32,17,18,67
4248,16,35,0,15,66
4249,50,17,0,16,83
4250,18,32,0,16,66
4251,0,32,0,16,48
4253,0,33,0,17,50
4255,0,34,16,17,67
4257,0,33,18,19,70
4259,0,37,14,15,66
4260,19,29,0,16,64
4263,0,35,0,17,52
4264,0,19,0,17,36
4265,0,33,17,18,68
4266,0,16,17,18,51
4268,0,18,13,18,49
4269,64,34,16,18,132
4270,18,33,0,19,70
4271,0,33,0,19,52
4273,0,34,16,18,68
4276,18,32,18,15,83
4277,0,32,18,15,65
4279,0,33,0,36,69
4282,24,32,17,17,90
4283,84,14,18,14,130
4285,17,17,18,14,66
4286,17,32,18,14,81
4287,18,14,18,14,64
4288,14,32,18,16,80
4290,14,34,18,16,82
4291,18,16,18,16,68
4292,16,34,17,17,84
4293,84,16,18,16,134
4296,17,32,18,16,83
4297,102,32,16,17,167
4298,86,32,16,17,151
4300,0,16,17,19,52
4301,17,19,0,13,49
4302,19,32,16,17,84
4305,0,33,17,15,65
4309,0,35,48,17,100
4310,22,32,16,17,87
4312,0,16,16,17,49
4314,17,33,50,18,118
4315,0,33,50,18,101
4317,0,34,16,18,68
4319,16,18,17,16,67
4320,18,33,18,17,86
4321,0,33,18,17,68
4322,16,35,14,19,84
4324,17,33,15,16,81
4326,19,31,18,16,84
4328,16,34,33,17,100
4330,16,33,0,17,66
4331,68,31,21,21,141
4332,17,35,0,16,68
4334,0,18,0,16,34
4336,0,15,21,21,57
4337,0,42,25,21,88
4338,21,25,0,21,67
4340,18,34,0,20,72
4341,0,34,0,20,54
4343,0,33,0,18,51
4344,0,13,0,18,31
4346,0,17,33,17,67
4349,0,32,17,17,66
4350,0,15,17,17,49
4351,0,34,17,16,67
4352,0,17,17,16,50
4353,0,33,19,15,67
4354,50,34,17,19,120
4355,0,34,0,18,52
4356,15,34,17,19,85
4359,0,36,97,16,149
4360,19,30,34,17,100
4361,0,30,34,17,81
4363,17,17,0,17,51
4364,17,33,16,17,83
4365,134,33,15,17,199
4367,0,33,0,17,50
4368,0,17,0,17,34
4369,0,33,0,16,49
4371,0,35,48,17,100
4376,117,33,17,15,182
4377,0,33,0,16,49
4378,18,35,14,18,85
4379,0,35,14,18,67
4381,0,32,17,16,65
4385,0,32,18,18,68
4386,0,15,18,18,51
4387,0,36,16,18,70
4388,0,18,16,18,52
4389,0,34,14,17,65
4390,0,18,14,17,49
4392,0,17,18,16,51
4393,0,34,33,17,84
4394,0,16,33,17,66
4395,0,33,0,17,50
4396,0,17,0,17,34
4397,0,33,18,16,67
4398,0,16,18,16,50
4399,68,33,17,15,133
4402,68,15,17,17,117
4404,16,32,17,17,82
4406,0,15,17,17,49
4408,0,17,17,17,51
4409,0,34,17,16,67
4410,0,17,17,16,50
4411,0,33,18,15,66
4412,0,16,18,15,49
4414,0,15,19,16,50
4419,0,33,16,18,67
4421,0,34,16,16,66
4422,0,18,16,16,50
4423,0,32,16,18,66
4424,0,16,16,18,50
4425,0,34,16,17,67
4427,0,33,16,17,66
4428,0,17,16,17,50
4429,0,33,17,18,68
4431,0,35,16,17,68
4432,18,33,15,18,84
4433,48,18,0,16,82
4434,17,33,0,16,66
4436,0,18,0,16,34
4437,0,33,49,16,98
4438,50,32,0,19,101
4440,16,32,0,19,67
4441,0,32,0,19,51
4442,0,16,0,19,35
4444,0,16,0,16,32
4445,0,34,15,17,66
4446,0,18,15,17,50
4447,0,32,16,18,66
4449,0,34,50,15,99
4450,0,18,50,15,83
4451,0,36,14,15,65
4452,19,29,19,16,83
4454,0,15,19,16,50
4455,0,35,17,16,68
4456,0,16,17,16,49
4457,0,33,32,19,84
4459,0,32,19,16,67
4460,16,35,0,17,68
4461,0,35,0,17,52
4462,0,16,0,17,33
4464,0,16,0,16,32
4466,0,16,0,18,34
4468,0,15,18,18,51
4470,52,31,17,17,117
4471,0,34,14,17,65
4472,49,34,17,18,118
4473,0,31,17,17,65
4474,17,34,17,18,86
4476,0,17,17,18,52
4477,0,35,14,18,67
4478,18,32,15,18,83
4480,18,33,16,16,83
4482,69,16,15,17,117
4483,0,32,19,16,67
4484,16,35,15,17,83
4486,0,16,15,17,48
4489,135,33,18,15,201
4490,18,32,17,15,82
4491,0,32,17,15,64
4493,0,32,0,18,50
4494,0,15,0,18,33
4495,0,36,21,12,69
4496,0,18,21,12,51
4497,21,12,18,15,66
4499,100,33,17,17,167
4500,0,15,15,19,49
4501,0,34,48,18,100
4502,0,19,48,18,85
4503,0,33,15,18,66
4504,0,18,15,18,51
4506,18,34,16,17,85
4507,0,34,16,17,67
4508,0,17,16,17,50
4510,0,17,15,18,50
4511,0,33,15,18,66
4512,18,33,18,14,83
4514,18,32,0,17,67
4515,0,32,0,17,49
4516,0,14,0,17,31
4517,0,34,18,17,69
4518,0,17,18,17,52
4519,18,17,15,17,67
4521,0,32,17,17,66
4523,0,34,17,17,68
4526,17,34,17,15,83
4528,0,19,17,15,51
4530,15,35,15,17,82
4532,19,32,17,16,84
4533,0,32,17,16,65
4534,17,33,16,18,84
4536,16,34,0,15,65
4538,18,32,16,18,84
4539,0,32,16,18,66
4540,0,17,16,18,51
4541,0,34,0,17,51
4542,18,33,0,15,66
4543,0,33,0,15,48
4544,49,35,15,17,116
4545,68,32,0,17,117
4547,0,35,15,17,67
4548,19,32,0,17,68
4549,0,32,0,17,49
4550,83,33,0,17,133
4552,66,16,0,17,99
4555,0,33,0,17,50
4556,68,17,14,18,117
4557,0,34,0,18,52
4559,0,35,14,18,67
4560,0,17,14,18,49
4561,0,32,0,16,48
4565,0,32,17,17,66
4566,0,17,17,17,51
4569,65,35,0,17,117
4572,0,13,0,18,31
4573,0,35,0,17,52
4574,0,17,0,17,34
4576,0,16,0,18,34
4577,0,35,32,18,85
4579,15,17,18,15,65
4580,17,33,0,18,68
4581,0,33,0,18,51
4582,0,15,0,18,33
4583,0,35,0,16,51
4584,0,17,0,16,33
4585,0,32,0,17,49
4586,0,16,0,17,33
4587,0,32,0,18,50
4589,0,35,0,15,50
4590,100,16,18,16,150
4591,0,34,0,16,50
4592,51,33,18,16,118
4593,0,32,0,17,49
4594,0,16,0,17,33
4597,0,34,50,16,100
4600,0,16,16,16,48
4601,0,32,17,17,66
4602,16,34,16,18,84
4603,68,33,18,16,135
4606,18,33,18,16,85
4607,0,33,18,16,67
4608,0,16,18,16,50
4609,0,34,16,17,67
4611,0,33,0,16,49
4612,0,17,0,16,33
4613,67,33,0,17,117
4615,68,32,0,18,118
4617,0,33,0,17,50
4618,18,32,0,18,68
4619,0,32,0,18,50
4621,0,33,18,16,67
4622,0,15,18,16,49
4624,0,16,17,18,51
4627,0,33,34,15,82
4628,52,31,17,18,118
4629,15,19,15,16,65
4633,0,35,15,16,66
4634,84,37,17,14,152
4636,0,16,18,17,51
4637,0,35,37,17,89
4638,71,14,15,18,118
4639,0,37,17,14,68
4640,21,31,15,18,85
4641,0,31,15,18,64
4645,0,34,15,16,65
4646,0,18,15,16,49
4647,0,31,49,18,98
4649,0,32,17,18,67
4650,0,16,17,18,51
4652,18,33,19,14,84
4653,83,17,16,18,134
4655,19,14,17,17,67
4657,17,17,16,18,68
4658,17,34,16,16,83
4660,18,32,116,19,185
4661,16,16,116,19,167
4663,17,17,16,18,68
4664,17,34,16,17,84
4665,16,18,16,17,67
4667,16,17,15,19,67
4669,15,19,16,17,67
4670,19,33,0,15,67
4676,16,34,15,17,82
4677,0,34,15,17,66
4678,17,32,17,18,84
4679,0,32,17,18,67
4682,0,18,16,17,51
4683,0,33,50,16,99
4684,0,17,50,16,83
4685,0,34,16,16,66
4686,0,17,16,16,49
4687,64,34,16,19,133
4688,0,16,16,16,48
4689,0,32,16,18,66
4691,0,34,16,19,69
4694,169,16,15,17,217
4695,0,31,18,17,66
4697,0,35,17,17,69
4700,17,32,18,16,83
4701,0,32,18,16,66
4702,16,34,15,17,82
4705,0,32,85,16,133
4707,0,34,18,14,66
4708,100,16,17,18,151
4709,0,32,19,16,67
4710,0,14,19,16,49
4711,0,35,16,16,67
4712,16,32,17,18,83
4713,0,32,17,18,67
4715,0,35,15,17,67
4716,0,18,15,17,50
4717,0,32,18,18,68
4720,18,32,17,16,83
4721,0,32,17,16,65
4722,18,33,16,16,83
4723,0,33,16,16,65
4725,0,32,19,15,66
4727,0,34,0,16,50
4728,15,34,0,16,65
4729,0,34,0,16,50
4730,68,17,17,16,118
4731,0,33,0,17,50
4732,0,17,0,17,34
4733,0,34,17,16,67
4734,0,17,17,16,50
4736,16,33,50,18,117
4738,0,16,50,18,84
4739,0,34,16,18,68
4741,0,34,17,16,67
4742,18,33,15,20,86
4745,0,35,0,16,51
4746,20,30,17,17,84
4747,0,30,17,17,64
4748,132,15,18,17,182
4749,0,34,18,15,67
4750,17,33,17,17,84
4751,0,33,17,17,67
4752,81,35,16,17,149
4753,0,34,17,15,66
4755,0,32,18,17,67
4756,100,15,19,16,150
4757,0,35,16,17,68
4758,117,32,0,18,167
4759,0,33,17,15,65
4762,0,15,19,16,50
4763,0,35,16,16,67
4765,0,32,0,18,50
4766,0,16,0,18,34
4767,0,35,82,18,135
4768,0,17,82,18,117
4769,0,32,18,16,66
4770,0,16,18,16,50
4772,16,34,17,16,83
4773,0,34,17,16,67
4774,0,18,17,16,51
4775,0,33,16,17,66
4777,0,33,17,16,66
4778,83,34,16,17,150
4779,0,33,17,16,66
4781,155,12,17,17,201
4782,16,34,16,17,83
4783,0,34,16,17,67
4785,0,33,17,17,67
4787,0,34,50,17,101
4788,0,17,50,17,84
4792,0,17,16,18,51
4793,0,34,16,16,66
4795,0,32,0,18,50
4797,0,33,0,17,50
4798,0,15,0,17,32
4799,0,33,0,17,50
4800,0,16,0,17,33
4801,0,35,0,16,51
4802,0,18,0,16,34
4803,0,33,0,17,50
4806,0,15,16,18,49
4808,18,33,51,15,117
4809,67,32,19,15,133
4810,16,34,17,15,82
4811,16,18,17,15,66
4812,18,32,19,15,84
4813,17,15,19,15,66
4814,15,34,17,17,83
4819,16,17,16,16,65
4820,84,34,0,15,133
4821,16,16,18,17,67
4822,0,16,18,17,51
4825,0,34,0,15,49
4826,0,17,0,15,32
4827,0,31,17,18,66
4828,0,16,17,18,51
4831,0,34,15,18,67
4832,0,17,15,18,50
4833,0,33,16,17,66
4834,0,18,16,17,51
4835,0,33,15,19,67
4836,17,34,0,14,65
4837,0,34,0,14,48
4839,0,32,17,16,65
4840,0,18,17,16,51
4842,0,16,0,18,34
4843,0,56,22,11,89
4844,0,38,22,11,71
4845,0,22,11,19,52
4846,0,30,13,19,62
4847,0,19,13,19,51
4849,0,19,0,18,37
4851,0,14,19,15,48
4854,0,35,0,16,51
4855,0,17,0,16,33
4856,0,31,16,19,66
4857,0,15,16,19,50
4858,0,35,0,18,53
4859,19,31,18,17,85
4860,0,31,18,17,66
4861,0,13,18,17,48
4862,51,16,35,15,117
4863,49,35,0,15,99
4864,0,32,35,15,82
4865,0,16,35,15,66
4866,0,35,0,15,50
4870,0,32,0,18,50
4871,0,16,0,18,34
4872,0,35,0,18,53
4874,0,33,51,15,99
4875,0,15,51,15,81
4876,0,34,49,16,99
4877,17,32,17,16,82
4878,65,33,50,17,165
4880,0,33,16,17,66
4881,16,33,50,17,116
4887,0,17,35,17,69
4888,0,35,17,16,68
4889,17,33,17,17,84
4891,0,16,17,17,50
4893,17,32,51,18,118
4894,0,32,51,18,101
4895,0,18,51,18,87
4898,0,37,14,17,68
4901,0,17,15,17,49
4902,0,32,20,14,66
4903,0,17,20,14,51
4904,0,34,19,15,68
4905,0,14,19,15,48
4906,0,34,15,18,67
4907,0,15,15,18,48
4908,0,33,18,15,66
4909,0,18,18,15,51
4910,0,33,0,16,49
4911,15,34,16,17,82
4914,50,20,0,12,82
4915,0,17,0,17,34
4916,0,37,0,12,49
4917,0,20,0,12,32
4918,0,31,0,16,47
4920,0,32,0,16,48
4922,0,33,33,16,82
4924,0,33,0,16,49
4925,0,15,0,16,31
4926,0,34,0,18,52
4927,0,18,0,18,36
4928,0,33,0,19,52
4929,0,15,0,19,34
4930,0,35,17,16,68
4931,0,16,17,16,49
4933,16,32,0,19,67
4934,0,32,0,19,51
4935,52,33,32,16,133
4936,0,35,0,16,51
4937,0,16,0,16,32
4938,0,33,32,16,81
4942,0,36,15,18,69
4943,69,15,0,18,102
4944,0,33,0,16,49
4945,67,16,0,18,101
4946,0,31,0,18,49
4947,0,15,0,18,33
4948,0,34,0,18,52
4950,0,34,33,16,83
4952,0,33,0,16,49
4953,19,34,0,18,71
4954,0,34,0,18,52
4956,0,33,15,17,65
4957,0,15,15,17,47
4958,115,18,19,16,168
4959,50,32,18,18,118
4960,0,33,0,18,51
4961,17,32,18,18,85
4962,0,32,18,18,68
4963,0,14,18,18,50
4964,0,36,19,16,71
4965,84,35,16,15,150
4966,0,35,0,20,55
4968,0,31,19,16,66
4969,0,11,19,16,46
4970,19,16,16,15,66
4971,98,17,19,13,147
4972,0,31,33,18,82
4974,0,33,0,18,51
4978,0,32,0,19,51
4979,13,34,0,18,65
4980,0,34,0,18,52
4981,0,15,0,18,33
4982,0,35,16,14,65
4985,0,14,0,17,31
4986,0,34,0,17,51
4987,0,17,0,17,34
4988,0,34,18,16,68
4989,0,17,18,16,51
4991,16,33,0,17,66
4992,0,33,0,17,50
4995,0,17,0,16,33
4997,0,18,0,15,33
4999,69,14,35,17,135
5000,0,33,19,14,66
5003,14,35,0,17,66
5004,0,35,0,17,52
5006,0,32,0,18,50
5007,0,15,0,18,33
5008,0,36,16,14,66
5010,66,32,15,19,132
5013,17,32,15,19,83
5014,14,18,15,19,66
5015,18,34,50,16,118
5016,15,19,50,16,100
5019,79,36,16,16,147
5020,17,16,17,15,65
5021,16,32,19,17,84
5022,17,15,19,17,68
5023,15,36,16,16,83
5024,19,17,16,16,68
5026,16,16,49,19,100
5027,16,33,16,19,84
5028,19,14,16,19,68
5029,14,35,16,17,82
5030,16,19,16,17,68
5032,0,33,16,17,66
5033,17,33,15,18,83
5034,0,33,15,18,66
5035,66,16,19,17,118
5036,0,33,16,16,65
5037,0,18,16,16,50
5040,0,36,15,17,68
5042,0,32,16,18,66
5044,66,33,0,19,118
5045,0,18,14,18,50
5046,84,14,18,17,133
5047,18,33,0,19,70
5049,17,33,18,17,85
5050,0,33,18,17,68
5052,0,35,15,19,69
5053,0,17,15,19,51
5055,0,19,15,19,53
5057,0,19,15,17,51
5058,0,32,0,15,47
5060,0,38,12,16,66
5061,0,23,12,16,51
5062,0,28,17,16,61
5064,0,33,15,18,66
5065,0,16,15,18,49
5066,0,33,17,18,68
5067,18,35,15,17,85
5068,0,35,15,17,67
5070,0,32,16,17,65
5071,0,17,16,17,50
5072,0,33,17,19,69
5075,51,32,18,16,117
5076,0,32,17,15,64
5077,0,16,17,15,48
5078,0,32,18,16,66
5079,15,34,0,17,66
5080,0,34,0,17,51
5081,16,32,0,17,65
5083,0,15,0,17,32
5084,0,34,17,18,69
5085,17,35,0,14,66
5088,0,31,19,17,67
5090,51,18,0,15,84
5091,17,33,0,15,65
5092,0,33,0,15,48
5093,0,18,0,15,33
5094,0,36,0,16,52
5095,0,21,0,16,37
5096,0,30,15,17,62
5097,0,14,15,17,46
5098,0,32,0,18,50
5100,0,35,16,17,68
5101,0,17,16,17,50
5102,0,33,16,17,66
5103,0,17,16,17,50
5105,17,34,17,16,84
5108,0,33,17,16,66
5109,0,16,17,16,49
5110,0,33,16,16,65
5111,0,16,16,16,48
5113,0,16,17,16,49
5114,0,33,20,16,69
5116,0,36,14,18,68
5117,0,16,14,18,48
5118,0,32,0,18,50
5119,0,18,0,18,36
5124,0,34,0,15,49
5125,0,17,0,15,32
5126,0,31,0,18,49
5127,0,16,0,18,34
5129,0,17,16,16,49
5130,0,32,19,16,67
5133,0,16,17,16,49
5134,0,33,15,18,66
5135,16,33,18,17,84
5136,0,33,18,17,68
5137,0,18,18,17,53
5138,0,35,20,13,68
5139,17,33,17,16,83
5141,0,13,17,16,46
5142,0,33,20,14,67
5143,16,34,0,15,65
5144,0,34,0,15,49
5145,49,30,0,19,98
5146,0,35,0,13,48
5147,0,20,0,13,33
5148,0,30,0,19,49
5149,0,17,0,19,36
5150,0,33,0,17,50
5152,0,34,0,19,53
5154,0,33,16,20,69
5155,50,33,16,14,113
5156,0,36,0,14,50
5158,0,33,16,14,63
5161,14,37,12,21,84
5162,0,37,12,21,70
5164,12,21,16,16,65
5165,21,32,15,18,86
5166,16,16,15,18,65
5167,81,35,19,12,147
5168,85,15,19,12,131
5169,18,32,20,15,85
5170,17,15,20,15,67
5171,15,35,19,12,81
5172,20,15,19,12,66
5175,12,38,15,16,81
5176,18,20,15,16,69
5177,20,31,17,15,83
5179,16,32,0,18,66
5181,15,34,0,16,65
5182,0,34,0,16,50
5183,0,16,0,16,32
5184,0,32,16,21,69
5185,0,16,16,21,53
5187,21,30,0,17,68
5188,0,30,0,17,47
5189,119,31,18,19,187
5190,0,35,17,15,67
5191,0,18,17,15,50
5192,0,32,0,16,48
5193,15,36,0,16,67
5194,0,36,0,16,52
5196,0,31,18,19,68
5197,98,17,0,17,132
5198,0,37,0,13,50
5201,0,16,17,17,50
5202,17,17,0,17,51
5203,17,34,82,17,150
5204,0,34,82,17,133
5205,0,17,82,17,116
5206,0,34,0,16,50
5207,0,18,0,16,34
5208,0,33,15,17,65
5209,0,17,15,17,49
5210,15,17,18,17,67
5211,0,17,18,17,52
5213,17,32,35,16,100
5215,0,16,35,16,67
5216,69,32,16,15,132
5218,0,34,0,15,49
5219,0,18,0,15,33
5220,0,32,16,15,63
5222,0,31,19,17,67
5223,15,36,17,16,84
5225,17,33,14,18,82
5229,18,33,18,15,84
5231,0,16,18,15,49
5232,0,33,0,17,50
5233,67,16,18,15,116
5234,0,35,0,17,52
5235,84,33,0,16,133
5236,0,33,18,15,66
5238,66,33,0,17,116
5239,15,33,0,16,64
5240,0,33,0,16,49
5241,0,17,0,16,33
5243,0,17,0,17,34
5244,0,34,16,18,68
5247,0,18,32,17,67
5248,0,32,0,17,49
5249,86,31,0,16,133
5250,0,36,14,19,69
5252,0,33,0,16,49
5253,19,31,0,16,66
5256,0,33,0,17,50
5257,0,17,0,17,34
5258,0,35,17,16,68
5260,0,33,16,18,67
5261,84,35,0,14,133
5262,0,34,34,14,82
5265,20,35,0,14,69
5266,0,35,0,14,49
5267,0,21,0,14,35
5268,0,26,21,15,62
5269,0,12,21,15,48
5271,15,35,0,15,65
5272,0,35,0,15,50
5273,0,18,0,15,33
5274,0,34,0,15,49
5275,0,19,0,15,34
5276,0,32,0,16,48
5278,0,33,16,19,68
5279,0,17,16,19,52
5282,64,35,0,16,115
5283,49,35,0,16,100
5284,0,33,19,16,68
5286,0,35,0,16,51
5289,0,18,0,16,34
5290,0,34,0,17,51
5293,0,16,0,18,34
5294,0,35,14,16,65
5297,0,16,0,14,30
5298,0,34,17,18,69
5299,0,20,17,18,55
5300,51,16,0,18,85
5301,18,32,0,18,68
5302,0,32,0,18,50
5303,0,16,0,18,34
5305,0,16,0,15,31
5306,0,34,31,19,84
5307,0,19,31,19,69
5308,0,31,0,19,50
5310,0,33,0,19,52
5312,0,36,14,18,68
5313,49,32,0,17,98
5315,18,32,0,17,67
5316,0,32,0,17,49
5317,14,35,49,17,115
5318,0,35,49,17,101
5322,0,34,33,16,83
5323,17,33,0,16,66
5324,0,33,0,16,49
5325,16,33,17,18,84
5326,0,33,17,18,68
5327,0,17,17,18,52
5328,0,35,15,19,69
5329,18,34,15,16,83
5330,0,34,15,16,65
5333,16,33,17,16,82
5335,66,16,19,16,117
5336,0,33,17,16,66
5337,16,33,19,16,84
5338,0,33,19,16,68
5339,0,16,19,16,51
5340,203,32,17,15,267
5341,16,33,17,18,84
5342,0,33,17,18,68
5343,14,35,16,16,81
5346,0,32,17,18,67
5347,16,35,14,19,84
5348,0,35,14,19,68
5349,83,32,0,19,134
5350,0,33,16,16,65
5351,19,32,17,15,83
5353,16,32,0,19,67
5355,0,15,0,19,34
5357,0,17,15,19,51
5358,0,34,0,14,48
5359,0,19,0,14,33
5361,0,17,17,17,51
5362,0,34,68,15,117
5364,0,34,17,17,68
5366,100,33,0,17,150
5367,0,17,15,17,49
5368,0,32,17,17,66
5369,0,17,17,17,51
5371,17,33,0,17,67
5372,0,33,0,17,50
5374,0,32,19,15,66
5375,0,15,19,15,49
5378,66,33,16,20,135
5380,0,32,0,18,50
5382,0,33,16,20,69
5385,20,30,18,16,84
5387,15,34,19,16,84
5388,0,34,19,16,69
5389,16,35,14,15,80
5390,0,35,14,15,64
5393,0,15,0,20,35
5394,0,38,16,17,71
5395,0,18,16,17,51
5397,17,31,51,17,116
5400,0,35,16,17,68
5401,18,33,17,16,84
5402,0,33,17,16,66
5403,0,17,17,16,50
5406,0,35,0,16,51
5407,16,31,19,14,80
5408,0,31,19,14,64
5411,14,35,0,16,65
5412,0,35,0,16,51
5413,0,15,0,16,31
5415,50,34,16,16,116
5416,0,31,0,18,49
5417,15,34,16,16,81
5418,0,34,16,16,66
5419,0,16,16,16,48
5421,16,34,19,14,83
5422,0,34,19,14,67
5425,66,16,33,16,131
5426,0,35,0,17,52
5427,0,16,0,17,33
5428,0,33,33,16,82
5429,0,16,33,16,65
5431,17,33,16,18,84
5432,67,34,0,15,116
5433,0,17,16,18,51
5434,0,34,17,17,68
5435,0,18,17,17,52
5436,0,34,0,15,49
5438,0,33,15,17,65
5440,0,32,17,17,66
5442,0,34,13,20,67
5444,0,33,18,15,66
5447,0,15,16,18,49
5448,0,34,17,16,67
5449,18,33,16,19,86
5450,0,33,16,19,68
5451,16,35,49,16,116
5453,19,32,17,16,84
5454,0,32,17,16,65
5455,0,16,17,16,49
5456,0,33,17,16,66
5457,0,16,17,16,49
5458,0,33,19,14,66
5459,0,16,19,14,49
5460,52,14,18,17,101
5461,65,17,15,18,115
5462,0,33,18,17,68
5464,0,35,15,18,68
5465,0,17,15,18,50
5466,0,33,16,17,66
5467,18,33,16,19,86
5468,0,33,16,19,68
5469,0,17,16,19,52
5470,0,35,16,18,69
5473,0,18,15,17,50
5474,0,32,81,18,131
5476,0,34,47,18,99
5479,0,14,16,18,48
5480,85,15,53,16,169
5481,0,18,16,20,54
5482,83,18,18,16,135
5483,20,30,53,16,119
5486,17,18,18,16,69
5487,18,34,15,18,85
5488,18,16,15,18,67
5489,16,33,17,15,81
5490,15,18,17,15,65
5492,17,15,15,19,66
5493,15,34,16,17,82
5494,15,19,16,17,67
5495,19,33,15,18,85
5497,32,18,0,17,67
5498,15,18,0,17,50
5499,18,34,0,16,68
5500,0,34,0,16,50
5501,0,17,0,16,33
5502,116,16,18,15,165
5504,0,34,0,17,51
5505,0,15,0,17,32
5506,0,33,0,17,50
5508,0,33,18,15,66
5509,0,16,18,15,49
5512,0,36,15,16,67
5513,0,16,15,16,47
5516,70,33,14,17,134
5519,0,19,15,18,52
5521,0,18,14,17,49
5522,0,31,19,16,66
5523,69,15,16,18,118
5524,0,35,0,17,52
5525,0,16,0,17,33
5528,0,34,32,17,83
5531,0,15,34,17,66
5534,0,35,0,15,50
5537,0,19,0,15,34
5538,0,30,17,18,65
5539,0,15,17,18,50
5541,0,18,31,19,68
5543,16,35,16,19,86
5544,0,35,16,19,70
5545,199,18,65,17,299
5546,0,35,0,15,50
5547,0,19,0,15,34
5548,0,31,0,19,50
5549,0,16,0,19,35
5550,0,35,15,19,69
5551,0,16,15,19,50
5553,0,19,0,16,35
5554,0,31,0,17,48
5555,0,15,0,17,32
5556,0,35,65,17,117
5557,0,18,65,17,100
5558,0,31,18,16,65
5561,0,16,0,17,33
5563,0,17,0,17,34
5564,0,36,13,17,66
5565,0,19,13,17,49
5567,0,17,0,16,33
5568,0,35,0,16,51
5569,0,19,0,16,35
5571,0,16,0,17,33
5572,0,33,0,16,49
5573,0,16,0,16,32
5574,0,34,17,17,68
5577,17,34,0,19,70
5578,0,34,0,19,53
5580,0,34,13,17,64
5582,0,30,20,14,64
5584,0,34,19,15,68
5587,15,33,18,16,82
5588,18,15,18,16,67
5589,15,34,18,15,82
5590,18,16,18,15,67
5593,15,35,16,15,81
5594,19,16,16,15,66
5595,16,31,21,13,81
5599,13,33,16,16,78
5600,18,15,16,16,65
5601,15,32,19,16,82
5602,16,16,19,16,67
5604,19,16,18,16,69
5605,16,34,17,15,82
5608,0,32,0,19,51
5610,66,36,14,17,133
5611,0,17,14,16,47
5613,16,36,14,17,83
5614,0,36,14,17,67
5615,0,17,14,17,48
5618,0,34,16,18,68
5620,0,34,16,19,69
5621,86,36,11,19,152
5622,0,35,15,18,68
5623,0,19,15,18,52
5625,18,36,11,19,84
5626,164,34,18,16,232
5629,19,32,16,16,83
5630,0,32,16,16,64
5631,17,32,19,15,83
5632,100,34,34,14,182
5633,84,34,34,14,166
5635,15,34,18,16,83
5637,17,34,34,14,99
5638,135,32,34,16,217
5640,0,34,14,21,69
5641,150,33,16,18,217
5642,0,35,54,10,99
5643,0,21,54,10,85
5644,0,32,22,10,64
5645,152,36,47,19,254
5646,0,32,34,16,82
5648,0,34,0,16,50
5652,0,34,0,14,48
5653,18,36,47,19,120
5654,0,36,47,19,102
5655,0,22,47,19,88
5657,13,36,0,16,65
5658,135,31,0,17,183
5661,131,15,17,18,181
5663,0,18,0,21,39
5664,0,34,0,13,47
5665,0,13,0,13,26
5666,0,31,0,17,48
5667,0,18,0,17,35
5668,0,32,17,18,67
5669,0,15,17,18,50
5671,18,36,31,16,101
5672,0,36,31,16,83
5673,0,20,31,16,67
5675,0,16,0,16,32
5677,0,21,12,17,50
5678,0,29,20,15,64
5679,0,17,20,15,52
5680,0,35,16,14,65
5681,67,15,20,10,112
5682,0,30,57,10,97
5684,87,14,23,13,137
5686,0,30,20,14,64
5687,0,10,20,14,44
5689,0,14,23,13,50
5690,0,36,18,13,67
5691,13,31,24,7,75
5693,111,40,77,27,255
5695,29,13,32,20,94
5697,30,15,20,20,85
5698,32,40,77,27,176
5699,35,20,77,27,159
5700,20,20,77,27,144
5703,156,34,18,16,224
5704,41,27,30,19,117
5705,26,27,30,19,102
5706,27,30,36,18,111
5707,17,30,36,18,101
5708,30,36,18,16,100
5709,18,36,18,16,88
5710,153,17,16,21,207
5712,18,16,18,16,68
5713,16,34,16,17,83
5715,16,33,16,17,82
5716,16,17,16,17,66
5717,17,33,16,21,87
5719,17,37,30,18,102
5721,21,30,0,18,69
5722,30,38,0,28,96
5723,18,38,0,28,84
5724,0,38,0,28,66
5729,0,49,16,16,81
5731,101,33,0,32,166
5732,0,32,0,18,50
5733,16,34,18,33,101
5736,101,34,0,16,151
5737,98,19,0,16,133
5738,101,16,14,18,149
5739,0,50,15,19,84
5741,117,34,18,33,202
5742,232,35,0,17,284
5743,0,19,0,16,35
5744,0,16,14,18,48
5746,0,35,16,18,69
5748,16,18,18,33,85
5751,0,33,17,31,81
5752,167,33,17,17,234
5753,0,48,0,17,65
5755,167,17,16,17,217
5756,0,35,0,17,52
5757,0,18,0,17,35
5758,185,48,17,32,282
5759,0,49,16,17,82
5760,0,35,16,17,68
5763,0,17,17,17,51
5765,17,33,0,19,69
5766,199,33,0,19,251
5767,17,19,0,31,67
5768,0,19,0,31,50
5769,0,48,17,32,97
5770,0,34,17,32,83
5773,0,49,17,16,82
5774,0,34,17,16,67
5778,0,33,0,19,52
5783,0,15,17,18,50
5784,0,35,0,15,50
5785,0,18,0,15,33
5786,0,32,0,17,49
5787,102,15,18,16,151
5788,0,34,0,16,50
5789,117,36,0,32,185
5791,0,17,0,18,35
5792,0,33,18,16,67
5793,0,15,18,16,49
5794,0,34,0,17,51
5795,16,36,0,32,84
5796,0,36,0,32,68
5797,0,19,0,32,51
5798,0,32,0,32,64
5799,18,32,0,18,68
5800,0,32,0,18,50
5801,0,17,0,18,35
5802,0,18,0,17,35
5803,0,48,52,18,118
5804,65,36,14,17,132
5805,69,18,14,17,118
5806,0,34,18,18,70
5807,0,16,18,18,52
5808,84,18,14,16,132
5809,0,18,14,17,49
5811,0,17,17,18,52
5813,18,30,19,16,83
5816,0,35,17,17,69
5817,0,16,17,17,50
5818,0,34,0,15,49
5819,0,17,0,15,32
5820,0,32,18,32,82
5821,0,17,18,32,67
5823,0,49,0,17,66
5824,17,17,0,17,51
5826,0,35,15,16,66
5827,0,18,15,16,49
5828,0,31,18,15,64
5829,0,16,18,15,49
5830,0,33,0,18,51
5831,51,17,15,17,100
5832,0,36,17,32,85
5834,66,33,0,17,116
5835,0,49,16,17,82
5836,17,17,16,17,67
5840,0,34,66,16,116
5842,0,32,16,18,66
5843,0,16,16,18,50
5844,0,34,16,17,67
5845,18,33,16,17,84
5846,0,33,16,17,66
5848,0,33,17,17,67
5849,17,34,17,16,84
5850,0,34,17,16,67
5854,0,33,0,17,50
5856,0,33,84,16,133
5857,0,16,84,16,116
5858,17,16,0,17,50
5859,0,16,0,17,33
5860,0,33,18,16,67
5861,0,16,18,16,50
5862,0,34,17,16,67
5863,0,16,17,16,49
5864,0,33,18,15,66
5865,0,16,18,15,49
5866,0,33,35,16,84
5867,0,15,35,16,66
5868,0,35,16,17,68
5869,0,17,16,17,50
5870,0,33,18,32,83
5871,0,17,18,32,67
5872,0,18,13,19,50
5874,0,36,17,16,69
5875,0,17,17,16,50
5876,0,33,16,19,68
5877,0,16,16,19,51
5880,49,17,23,15,104
5881,0,16,18,17,51
5882,0,35,23,15,73
5883,0,17,23,15,55
5884,0,23,15,18,56
5885,0,33,18,16,67
5886,0,18,18,16,52
5888,0,16,15,19,50
5889,0,34,17,14,65
5890,19,31,19,16,85
5891,66,32,17,18,133
5892,0,14,19,16,49
5893,0,35,17,15,67
5894,16,32,17,18,83
5896,0,15,17,18,50
5897,0,35,16,16,67
5898,0,18,16,16,50
5899,0,32,18,18,68
5900,66,17,18,16,117
5901,137,31,15,18,201
5902,18,31,18,16,83
5903,0,31,18,16,65
5904,17,34,0,20,71
5905,0,34,0,20,54
5906,16,36,16,15,83
5907,0,36,16,15,67
5909,131,33,18,14,196
5910,115,33,18,14,180
5911,0,33,16,16,65
5912,18,32,19,16,85
5914,116,37,47,17,217
5918,16,32,16,21,85
5919,0,32,16,21,69
5920,14,37,47,17,115
5922,21,32,15,17,85
5923,0,32,15,17,64
5924,18,32,19,14,83
5926,0,17,19,14,50
5927,101,34,48,16,199
5928,0,14,18,16,48
5930,0,16,19,15,50
5931,0,34,19,15,68
5935,130,35,18,16,199
5936,17,31,17,16,81
5937,0,31,17,16,64
5938,117,34,0,15,166
5941,0,33,0,21,54
5942,0,14,0,21,35
5945,0,34,0,15,49
5946,16,33,15,18,82
5947,0,33,15,18,66
5948,0,18,15,18,51
5949,0,33,16,17,66
5951,100,32,18,18,168
5952,0,17,18,16,51
5953,0,34,17,16,67
5954,16,33,17,15,81
5956,16,32,18,18,84
5957,101,33,66,19,219
5959,102,35,18,13,168
5960,0,18,14,19,51
5961,0,33,14,19,66
5962,235,17,16,17,285
5963,0,33,66,19,118
5964,0,19,66,19,104
5967,0,31,0,19,50
5970,0,18,13,19,50
5971,13,19,14,18,64
5973,0,32,16,17,65
5974,0,18,16,17,51
5976,17,33,15,18,83
5978,17,33,53,13,116
5979,0,33,53,13,99
5980,18,36,30,19,103
5981,0,36,30,19,85
5982,0,18,30,19,67
5983,17,13,0,19,49
5985,0,33,33,18,84
5986,0,14,33,18,65
5987,0,33,69,17,119
5988,16,36,15,18,85
5989,0,36,15,18,69
5990,0,18,15,18,51
5992,18,31,0,17,66
5993,0,31,0,17,48
5994,0,14,0,17,31
5995,0,33,20,16,69
5996,0,16,20,16,52
5997,20,16,16,16,68
