序号,发送->接收,接收->转发,转发->接收,接收->处理,总计
1,0,32,25,15,72
2,0,40,51,16,107
3,18,15,51,16,100
5,0,33,18,16,67
6,16,34,17,16,83
7,0,34,17,16,67
9,0,33,20,13,66
11,0,33,52,15,100
12,13,34,51,17,115
13,0,34,51,17,102
14,0,14,51,17,82
15,18,15,18,17,68
16,15,35,15,17,82
17,35,32,17,16,100
18,17,32,17,16,82
19,0,32,17,16,65
22,16,35,15,18,84
23,17,18,15,18,68
24,0,18,15,18,51
25,0,33,16,17,66
26,18,33,0,17,68
27,0,33,0,17,50
30,0,16,17,15,48
33,0,36,16,16,68
34,17,32,50,17,116
35,0,32,50,17,99
37,0,34,16,17,67
39,16,17,17,16,66
40,17,33,15,19,84
43,0,34,17,17,68
44,0,19,17,17,53
45,0,34,15,22,71
46,0,17,15,22,54
47,0,37,14,14,65
49,0,28,19,14,61
51,67,33,51,15,166
52,14,34,0,19,67
53,0,34,0,19,53
54,16,33,51,15,115
56,0,14,51,15,80
58,17,32,18,17,84
60,15,35,16,16,82
61,0,35,16,16,67
62,17,32,18,17,84
63,0,32,18,17,67
64,16,35,17,16,84
65,0,35,17,16,68
67,0,33,16,16,65
68,16,32,51,15,114
69,0,32,51,15,98
70,16,34,17,15,82
71,0,34,17,15,66
72,16,32,18,18,84
73,0,32,18,18,68
75,0,36,49,17,102
76,18,33,51,14,116
77,0,33,51,14,98
79,16,17,18,14,65
81,0,32,18,17,67
82,0,14,18,17,49
83,0,35,15,18,68
84,0,17,15,18,50
88,0,18,16,18,52
89,0,34,0,15,49
90,0,18,0,15,33
92,17,35,48,17,117
93,17,18,48,17,100
94,0,18,48,17,83
96,0,16,15,17,48
97,15,17,17,18,67
98,17,35,0,16,68
100,0,18,0,16,34
101,0,32,17,17,66
102,0,16,17,17,50
103,17,17,15,17,66
104,17,32,0,18,67
105,0,32,0,18,50
106,0,17,0,18,35
108,33,16,17,17,83
109,17,16,17,17,67
111,0,34,50,16,100
112,17,33,17,16,83
113,0,33,17,16,66
114,17,33,51,17,118
115,17,16,51,17,101
116,16,34,49,17,116
117,0,34,49,17,100
118,16,34,15,17,82
120,17,32,17,16,82
122,0,17,17,16,50
124,16,35,16,17,84
125,0,35,16,17,68
126,17,33,15,18,83
128,17,33,18,15,83
129,0,33,18,15,66
130,0,18,18,15,51
131,33,34,17,16,100
132,15,34,17,16,82
134,17,33,17,17,84
135,0,33,17,17,67
136,0,16,17,17,50
138,0,17,15,17,49
140,17,35,48,17,117
142,17,33,49,16,115
143,33,32,17,16,98
144,17,32,17,16,82
146,17,33,51,17,118
148,16,34,17,17,84
149,0,34,17,17,68
151,34,33,17,17,101
152,17,33,17,17,84
153,0,33,17,17,67
154,16,34,15,17,82
157,0,32,17,16,65
158,17,33,17,17,84
159,0,33,17,17,67
160,16,34,16,17,83
161,34,33,17,17,101
162,17,33,17,17,84
163,0,33,17,17,67
164,17,34,17,15,83
165,0,34,17,15,66
166,17,32,17,17,83
168,15,34,0,18,67
169,0,34,0,18,52
170,17,34,17,17,85
171,0,34,17,17,68
172,0,16,17,17,50
173,0,34,15,19,68
174,17,34,0,15,66
175,0,34,0,15,49
177,0,32,16,17,65
178,17,33,15,19,84
180,17,34,17,15,83
181,0,34,17,15,66
182,19,32,17,16,84
183,0,32,17,16,65
184,15,33,0,18,66
185,0,33,0,18,51
188,0,16,52,17,85
189,0,34,84,15,133
192,17,33,16,15,81
193,0,33,16,15,64
195,16,15,17,17,65
196,15,34,51,16,116
197,0,34,51,16,101
198,0,17,51,16,84
199,0,33,18,16,67
200,0,17,18,16,51
203,0,34,17,17,68
204,17,34,15,15,81
205,0,34,15,15,64
206,17,30,19,17,83
207,0,30,19,17,66
208,15,36,17,15,83
209,0,36,17,15,68
210,17,32,17,18,84
212,15,35,15,16,81
213,35,31,18,17,101
215,31,35,17,17,100
216,16,35,17,17,85
217,35,34,17,14,100
218,17,34,17,14,82
220,17,31,52,17,117
221,31,35,49,18,133
225,17,17,116,17,167
226,17,33,15,17,82
228,18,32,83,18,151
229,0,32,83,18,133
230,0,17,83,18,118
231,0,34,17,17,68
232,0,17,17,17,51
233,17,17,15,18,67
234,17,33,17,15,82
236,35,15,17,18,85
237,17,15,17,18,67
238,0,15,17,18,50
239,0,35,0,15,50
240,18,32,18,17,85
242,0,17,18,17,52
243,35,33,17,16,101
245,0,33,17,16,66
246,16,33,18,16,83
248,16,34,16,15,81
249,0,34,16,15,65
250,0,16,16,15,47
252,15,36,16,15,82
253,0,36,16,15,67
258,18,32,16,19,85
259,0,32,16,19,67
260,51,32,16,17,116
261,0,35,15,17,67
262,0,19,15,17,51
265,0,33,17,17,67
266,0,17,17,17,51
267,17,17,16,18,68
268,0,17,16,18,51
269,0,34,17,16,67
270,0,18,17,16,51
271,0,33,0,17,50
272,0,16,0,17,33
274,0,15,17,19,51
275,17,19,32,17,85
276,19,32,17,15,83
277,0,32,17,15,64
279,17,15,17,17,66
281,0,34,17,16,67
283,0,33,17,16,66
284,16,33,18,17,84
287,0,35,17,16,68
288,0,17,17,16,50
289,0,33,15,19,67
290,16,34,16,19,85
292,19,35,14,16,84
293,0,35,14,16,65
294,0,19,14,16,49
297,0,33,0,17,50
298,16,35,15,19,85
299,0,35,15,19,69
300,0,18,15,19,52
301,0,34,17,15,66
302,19,32,16,18,85
304,15,34,16,16,81
307,0,32,17,16,65
309,0,33,117,18,168
311,0,33,18,18,69
312,0,16,18,18,52
313,18,18,14,19,69
314,18,33,15,18,84
315,0,33,15,18,66
316,0,19,15,18,52
317,0,33,16,16,65
318,0,18,16,16,50
319,0,32,19,16,67
321,0,35,15,17,67
322,16,32,0,16,64
324,0,17,0,16,33
325,0,35,15,16,66
327,15,16,17,17,65
329,0,34,49,17,100
330,50,33,18,17,118
332,17,33,18,17,85
334,0,17,18,17,52
335,0,35,17,16,68
336,0,17,17,16,50
337,0,33,15,17,65
338,16,32,17,16,81
339,0,32,17,16,65
341,33,34,29,13,109
342,16,34,29,13,92
343,0,34,29,13,76
345,0,29,13,24,66
346,13,24,19,17,73
347,0,24,19,17,60
348,20,36,17,16,89
350,0,17,17,16,50
351,0,33,15,16,64
353,0,31,0,19,50
354,16,34,17,17,84
355,19,15,17,17,68
356,0,15,17,17,49
357,17,17,17,16,67
360,16,33,18,15,82
361,0,33,18,15,66
362,17,33,34,17,101
365,0,34,0,17,51
367,0,33,18,17,68
369,0,35,16,16,67
370,0,17,16,16,49
371,0,32,17,16,65
373,0,33,18,15,66
375,0,33,45,14,92
377,0,22,23,14,59
378,23,14,50,16,103
379,0,14,50,16,80
380,0,32,18,16,66
381,0,7,18,16,41
384,0,33,18,17,68
386,18,17,17,17,69
389,17,32,16,17,82
390,32,33,17,16,98
391,16,33,17,16,82
392,0,33,17,16,66
393,0,17,17,16,50
394,0,33,17,18,68
395,0,16,17,18,51
396,0,35,15,18,68
397,18,33,17,15,83
399,0,18,17,15,50
400,0,32,50,16,98
401,15,34,16,16,81
402,0,34,16,16,66
403,0,17,16,16,49
404,16,16,18,16,66
406,0,34,18,16,68
407,0,16,18,16,50
408,0,34,16,16,66
409,0,16,16,16,48
410,0,32,19,15,66
413,15,35,16,17,83
414,0,35,16,17,68
415,0,17,16,17,50
416,0,33,15,17,65
417,0,17,15,17,49
419,17,34,49,17,117
420,0,34,49,17,100
421,0,18,49,17,84
424,17,17,18,16,68
425,17,34,17,16,84
426,34,33,50,17,134
427,16,33,50,17,116
428,0,33,50,17,100
429,0,16,50,17,83
430,34,33,16,18,101
431,17,33,16,18,84
432,33,34,16,16,99
434,0,34,16,16,66
435,18,32,0,18,68
436,0,32,0,18,50
437,0,16,0,18,34
438,0,33,18,15,66
439,0,15,18,15,48
440,33,34,17,18,102
442,19,15,17,18,69
443,15,35,16,15,81
444,0,35,16,15,66
445,18,31,17,17,83
447,15,34,17,17,83
448,0,34,17,17,68
449,0,17,17,17,51
450,0,34,49,17,100
451,17,35,14,17,83
452,0,35,14,17,66
453,19,31,17,17,84
454,0,31,17,17,65
458,0,34,16,16,66
459,18,32,50,17,117
460,32,35,15,17,99
461,16,35,15,17,83
463,18,32,50,17,117
464,0,32,50,17,99
465,17,34,16,17,84
466,34,33,16,17,100
467,18,33,16,17,84
468,0,33,16,17,66
469,17,33,17,17,84
472,0,34,0,16,50
473,17,33,16,17,83
474,0,33,16,17,66
475,0,17,16,17,50
476,16,17,17,17,67
478,0,34,0,16,50
481,0,16,34,17,67
483,17,33,16,17,83
485,32,17,18,16,83
486,33,34,0,18,85
487,17,34,0,18,69
488,0,34,0,18,52
489,16,33,18,17,84
490,0,33,18,17,68
491,0,15,18,17,50
492,0,35,15,17,67
493,17,32,18,17,84
494,0,32,18,17,67
495,17,35,16,15,83
496,0,35,16,15,66
498,0,31,17,18,66
499,15,35,50,15,115
500,0,35,50,15,100
501,18,33,17,15,83
502,0,33,17,15,65
503,17,32,51,14,114
504,32,33,18,14,97
505,0,15,51,14,80
507,0,15,18,14,47
508,18,14,51,18,101
509,14,37,14,18,83
511,50,34,15,19,118
514,0,34,15,19,68
515,0,17,15,19,51
517,0,19,14,17,50
518,0,31,0,17,48
524,33,32,0,18,83
525,17,32,0,18,67
526,0,32,0,18,50
527,16,34,15,19,84
529,0,16,15,19,50
530,0,34,16,18,68
531,35,18,48,16,117
533,0,18,48,16,82
534,0,33,15,16,64
535,19,31,17,17,84
536,31,34,17,17,99
537,16,34,17,17,84
538,0,34,17,17,68
540,0,34,0,16,50
541,17,32,17,17,83
542,0,32,17,17,66
544,17,17,18,17,69
545,17,35,16,15,83
546,0,35,16,15,66
547,17,31,18,17,83
549,50,32,18,16,116
551,17,32,18,16,83
552,0,32,18,16,66
554,0,34,16,17,67
556,0,33,16,18,67
557,17,34,18,15,84
559,18,33,16,18,85
560,0,33,16,18,67
561,15,34,15,19,83
562,0,34,15,19,68
563,18,34,15,16,83
566,0,31,19,13,63
567,16,32,0,19,67
568,0,32,0,19,51
570,0,35,16,19,70
571,0,16,16,19,51
572,16,19,0,16,51
573,19,32,18,16,85
575,0,16,18,16,50
576,18,16,17,16,67
577,16,33,16,17,82
578,17,16,16,17,66
579,0,16,16,17,49
580,0,33,17,17,67
581,0,17,17,17,51
583,17,34,16,17,84
584,0,34,16,17,67
586,0,33,15,18,66
588,0,33,17,16,66
589,18,33,26,8,85
592,0,34,19,16,69
593,0,8,19,16,43
594,19,16,18,16,69
595,16,34,15,15,80
597,16,30,20,15,81
598,0,30,20,15,65
599,0,15,20,15,50
600,0,35,17,17,69
601,15,34,16,17,82
602,0,34,16,17,67
603,17,33,18,15,83
604,0,33,18,15,66
606,0,33,17,17,67
607,15,34,51,14,114
608,0,34,51,14,99
609,0,17,51,14,82
613,0,14,17,17,48
615,0,17,17,16,50
616,0,33,17,18,68
617,0,16,17,18,51
618,0,35,15,18,68
621,18,33,17,16,84
624,0,33,0,18,51
625,16,35,16,15,82
626,18,17,16,15,66
627,0,17,16,15,48
628,16,15,18,16,65
629,15,34,18,16,83
630,0,34,18,16,68
631,16,34,49,17,116
633,0,16,49,17,82
634,0,33,16,17,66
637,0,17,17,19,53
638,0,36,16,15,67
640,0,31,17,17,65
641,0,15,17,17,49
643,0,17,17,15,49
644,0,32,18,17,67
645,15,35,16,17,83
648,0,33,17,16,66
650,0,33,18,15,66
651,16,33,51,18,118
654,0,34,17,18,69
655,16,35,14,18,83
656,0,35,14,18,67
657,18,32,15,17,82
659,18,32,18,16,84
660,0,32,18,16,66
661,17,34,17,16,84
662,0,34,17,16,67
663,16,33,18,15,82
664,0,33,18,15,66
666,0,33,0,17,50
667,15,33,17,17,82
668,0,33,17,17,67
669,0,16,17,17,50
670,0,34,17,17,68
671,17,34,18,14,83
672,0,34,18,14,66
673,17,32,17,17,83
674,0,32,17,17,66
675,14,34,0,17,65
676,0,34,0,17,51
677,0,17,0,17,34
678,0,34,17,17,68
679,0,17,17,17,51
680,34,33,15,18,100
681,17,33,15,18,83
684,0,33,17,17,67
685,18,34,14,18,84
686,0,34,14,18,66
687,17,32,18,15,82
688,0,32,18,15,65
694,0,34,18,15,67
695,17,33,18,16,84
696,0,33,18,16,67
697,0,15,18,16,49
698,0,34,16,17,67
700,16,17,16,18,67
701,0,17,16,18,51
703,0,18,17,17,52
704,0,34,14,18,66
705,17,32,17,17,83
706,0,32,17,17,66
707,18,34,50,16,118
711,17,33,17,16,83
712,33,33,17,18,101
713,16,33,17,18,84
714,0,33,17,18,68
715,0,16,17,18,51
716,35,32,18,16,101
717,18,32,18,16,84
718,0,32,18,16,66
720,18,16,0,16,50
721,16,33,16,17,82
722,0,33,16,17,66
723,0,17,16,17,50
725,17,34,0,16,67
726,0,34,0,16,50
728,0,32,18,17,67
729,0,16,18,17,51
730,18,17,0,15,50
731,17,32,17,18,84
732,15,17,17,18,67
733,0,17,17,18,52
736,0,31,18,17,66
737,0,16,18,17,51
738,18,17,17,17,69
740,0,34,17,16,67
743,16,33,16,17,82
744,0,33,16,17,66
745,17,33,17,16,83
747,17,33,18,16,84
748,0,33,18,16,67
749,0,16,18,16,50
750,0,34,15,19,68
751,16,34,49,16,115
752,0,34,49,16,99
753,19,32,33,16,100
754,0,32,33,16,81
755,17,33,0,16,66
756,33,34,49,19,135
758,0,34,49,19,102
759,0,18,49,19,86
760,17,17,15,19,68
762,0,34,15,16,65
763,0,19,15,16,50
764,0,31,18,15,64
765,49,35,17,17,118
767,15,35,17,17,84
771,17,32,17,16,82
772,0,32,17,16,65
773,17,33,17,17,84
774,0,33,17,17,67
775,0,16,17,17,50
776,0,34,0,17,51
777,0,17,0,17,34
778,0,34,16,17,67
779,0,17,16,17,50
780,16,17,16,17,66
781,17,33,0,18,68
782,0,33,0,18,51
783,17,33,18,15,83
785,0,15,18,15,48
786,18,15,0,16,49
787,15,35,15,17,82
788,0,35,15,17,67
790,15,17,18,15,65
791,17,33,16,17,83
792,0,33,16,17,66
793,15,33,51,17,116
794,0,33,51,17,101
795,0,17,51,17,85
797,0,17,16,17,50
798,0,33,16,17,66
799,17,33,17,17,84
801,0,17,17,17,51
802,0,34,17,15,66
804,0,32,18,15,65
805,15,33,17,18,83
806,0,33,17,18,68
809,18,32,18,17,85
810,0,32,18,17,67
811,0,14,18,17,49
812,0,35,48,18,101
813,17,33,15,18,83
815,18,33,15,17,83
816,0,33,15,17,65
817,0,18,15,17,50
818,50,16,17,16,99
819,51,33,50,17,151
820,0,34,17,16,67
822,0,33,50,17,100
823,16,34,16,17,83
824,0,34,16,17,67
825,17,33,18,15,83
826,0,33,18,15,66
828,0,33,84,17,134
829,48,35,16,17,116
831,15,35,16,17,83
832,0,35,16,17,68
833,0,16,16,17,49
834,0,33,16,17,66
835,0,17,16,17,50
836,0,33,17,17,67
837,17,34,15,19,85
838,0,34,15,19,68
839,0,17,15,19,51
842,0,33,15,18,66
844,0,33,0,16,49
847,0,17,16,17,50
848,0,33,16,18,67
849,17,34,15,17,83
850,0,34,15,17,66
851,18,32,16,17,83
852,0,32,16,17,65
853,17,33,18,17,85
855,17,35,16,16,84
856,0,35,16,16,67
857,17,32,51,15,115
858,0,32,51,15,98
859,0,16,51,15,82
860,0,35,16,15,66
862,0,31,0,18,49
863,15,35,17,16,83
864,0,35,17,16,68
866,0,33,17,17,67
867,16,34,15,17,82
868,0,34,15,17,66
869,17,32,19,17,85
871,17,36,51,16,120
872,0,36,51,16,103
875,0,34,18,16,68
876,14,16,18,16,64
877,0,16,18,16,50
879,16,33,17,17,83
881,0,16,17,17,50
882,34,32,17,17,100
883,17,32,17,17,83
886,0,34,18,16,68
889,16,33,16,18,83
890,0,33,16,18,67
893,0,18,16,18,52
894,0,34,15,17,66
895,0,18,15,17,50
897,0,17,16,18,51
901,16,35,15,17,83
902,0,35,15,17,67
903,19,32,18,17,86
904,0,32,18,17,67
906,0,35,15,15,65
907,17,30,20,15,82
908,0,30,20,15,65
911,15,33,18,15,81
912,0,33,18,15,66
913,16,33,18,17,84
914,33,35,16,18,102
915,15,35,16,18,84
917,17,34,15,17,83
918,0,34,15,17,66
919,0,18,15,17,50
920,0,32,16,17,65
922,0,33,17,16,66
924,0,33,17,17,67
925,16,34,16,18,84
926,0,34,16,18,68
928,0,34,15,19,68
929,18,34,15,17,84
930,0,34,15,17,66
931,19,32,17,15,83
935,15,34,17,17,83
936,34,34,16,18,102
937,17,34,16,18,85
938,0,34,16,18,68
939,17,34,16,17,84
942,0,33,15,18,66
943,17,33,50,18,118
946,0,33,17,18,68
948,0,35,16,15,66
949,18,31,19,15,83
950,0,31,19,15,65
951,15,34,17,17,83
953,15,34,16,17,82
954,0,34,16,17,67
956,0,33,16,17,66
957,17,33,16,18,84
958,0,33,16,18,67
960,0,34,17,15,66
962,0,32,19,15,66
963,15,34,17,16,82
964,0,34,17,16,67
965,0,15,17,16,48
967,0,16,18,17,51
969,17,32,16,17,82
970,0,32,16,17,65
975,15,35,17,15,82
976,35,32,18,15,100
977,16,32,18,15,81
978,0,32,18,15,65
979,15,33,18,15,81
982,0,33,19,15,67
983,15,34,16,19,84
986,0,35,17,16,68
987,0,19,17,16,52
988,0,33,49,17,99
989,16,33,49,17,115
991,0,17,49,17,83
993,17,33,18,15,83
995,0,17,18,15,50
997,0,15,17,17,49
999,17,36,14,17,84
1000,0,36,14,17,67
1001,50,33,17,15,115
1002,0,31,16,17,64
1003,17,33,17,15,82
1004,0,33,17,15,65
1005,17,32,52,16,117
1006,32,34,18,16,100
1007,49,34,17,15,115
1008,0,34,18,16,68
1009,15,34,17,15,81
1011,16,32,19,15,82
1012,0,32,19,15,66
1013,15,34,18,16,83
1014,34,34,16,16,100
1017,16,32,52,17,117
1018,0,32,52,17,101
1019,16,35,17,17,85
1020,0,35,17,17,69
1021,17,34,16,16,83
1025,0,16,49,18,83
1026,0,34,49,17,100
1030,0,33,17,18,68
1031,17,35,16,16,84
1033,18,32,17,16,83
1034,0,32,17,16,65
1035,49,34,16,18,117
1036,0,33,17,17,67
1038,0,34,16,18,68
1039,17,34,16,17,84
1040,0,34,16,17,67
1042,0,33,15,18,66
1044,0,33,16,17,66
1046,0,33,18,16,67
1047,17,34,15,18,84
1048,34,33,33,17,117
1051,18,33,17,17,85
1052,33,34,15,18,100
1054,0,34,15,18,67
1055,0,17,15,18,50
1056,0,33,16,18,67
1057,18,34,15,18,85
1058,0,34,15,18,67
1059,18,33,18,16,85
1060,0,33,18,16,67
1061,18,34,16,17,85
1062,0,34,16,17,67
1063,16,33,16,17,82
1065,17,33,15,18,83
1066,0,33,15,18,66
1067,17,33,0,18,68
1069,0,18,0,18,36
1070,0,33,33,17,83
1071,0,15,33,17,65
1072,17,16,0,17,50
1073,16,33,17,16,82
1074,0,33,17,16,66
1075,0,16,17,16,49
1076,33,35,15,17,100
1077,51,32,18,16,117
1081,17,34,16,17,84
1082,0,34,16,17,67
1083,16,33,18,15,82
1084,0,33,18,15,66
1086,0,33,17,21,71
1087,0,15,17,21,53
1088,0,38,46,17,101
1089,0,21,46,17,84
1090,0,31,15,17,63
1095,17,34,15,18,84
1096,0,34,15,18,67
1097,18,33,16,15,82
1098,0,33,16,15,64
1100,31,35,49,17,132
1101,15,35,49,17,116
1102,0,35,49,17,101
1103,17,32,17,17,83
1105,0,15,17,17,49
1106,17,17,18,15,67
1109,32,18,16,15,81
1111,18,31,18,17,84
1112,0,31,18,17,66
1113,15,35,16,17,83
1114,0,35,16,17,68
1117,17,33,17,18,85
1118,0,33,17,18,68
1119,0,17,17,18,52
1120,0,35,16,15,66
1121,18,31,50,17,116
1122,0,31,50,17,98
1124,0,35,49,17,101
1125,0,17,49,17,83
1126,15,17,17,17,66
1129,17,33,16,17,83
1131,0,15,16,17,48
1132,33,35,14,18,100
1133,17,35,14,18,84
1134,0,35,14,18,67
1135,17,32,18,16,83
1136,0,32,18,16,66
1137,0,18,18,16,52
1138,0,34,15,17,66
1140,0,32,51,17,100
1141,17,35,16,17,85
1143,0,18,16,17,51
1144,16,17,14,19,66
1147,19,34,18,14,85
1148,0,34,18,14,66
1150,0,32,17,17,66
1151,14,34,16,17,81
1155,17,33,17,17,84
1156,0,33,17,17,67
1159,0,17,16,17,50
1160,0,33,51,17,101
1161,17,33,18,17,85
1162,33,35,17,15,100
1163,15,35,17,15,82
1166,0,32,17,17,66
1167,0,15,17,17,49
1168,0,34,15,18,67
1169,17,33,18,16,84
1170,0,33,18,16,67
1172,0,34,15,19,68
1173,16,34,50,16,116
1175,19,32,50,18,119
1176,0,32,50,18,100
1177,16,34,16,18,84
1178,18,16,16,18,68
1180,0,34,14,19,67
1182,0,33,15,17,65
1183,19,32,18,17,86
1186,0,35,15,17,67
1188,0,32,16,18,66
1189,0,17,16,18,51
1192,0,33,18,15,66
1193,0,18,18,15,51
1194,0,33,18,15,66
1196,0,33,17,18,68
1197,0,15,17,18,50
1198,0,35,15,17,67
1199,0,18,15,17,50
1200,0,32,18,14,64
1202,0,32,18,15,65
1204,0,33,18,18,69
1206,0,36,15,16,67
1207,0,18,15,16,49
1210,0,34,17,18,69
1212,0,35,15,17,67
1213,0,18,15,17,50
1214,0,32,18,15,65
1216,0,33,16,17,66
1218,0,33,18,15,66
1219,17,33,0,17,67
1220,0,33,0,17,50
1221,15,36,17,14,82
1222,0,36,17,14,67
1224,17,14,17,18,66
1225,14,35,15,18,82
1226,0,35,15,18,68
1227,18,33,17,15,83
1228,15,18,17,15,65
1229,0,18,17,15,50
1230,0,32,51,17,100
1233,0,15,52,17,84
1234,0,36,16,17,69
1236,0,33,17,17,67
1237,17,34,17,15,83
1238,0,34,17,15,66
1239,17,32,18,15,82
1241,15,33,17,17,82
1243,15,34,18,16,83
1245,0,17,18,16,51
1246,0,34,16,16,66
1247,16,32,0,18,66
1249,0,16,0,18,34
1250,18,17,49,18,102
1251,0,17,49,18,84
1254,0,35,15,17,67
1255,18,32,33,17,100
1256,32,33,17,18,100
1258,0,33,17,18,68
1260,0,35,18,15,68
1261,0,18,18,15,51
1263,15,33,16,17,81
1264,0,33,16,17,66
1266,0,33,18,14,65
1267,0,17,18,14,49
1269,0,14,18,17,49
1270,0,35,16,18,69
1273,0,18,50,16,84
1274,0,33,17,16,66
1275,0,18,17,16,51
1276,17,16,17,16,66
1277,16,33,16,18,83
1278,0,33,16,18,67
1279,16,34,16,17,83
1280,0,34,16,17,67
1282,0,33,15,17,65
1283,49,35,17,17,118
1284,0,32,0,18,50
1286,18,17,17,17,69
1289,17,31,18,17,83
1293,50,32,50,17,149
1294,0,33,18,14,65
1295,17,32,50,17,116
1296,0,32,50,17,99
1297,14,34,50,17,115
1298,0,34,50,17,101
1299,17,33,17,17,84
1301,17,34,0,18,69
1303,0,17,0,18,35
1305,0,14,18,16,48
1307,16,34,17,17,84
1308,18,16,17,17,68
1310,0,34,16,17,67
1313,0,17,15,17,49
1314,0,32,18,17,67
1315,17,35,32,20,104
1316,0,35,32,20,87
1317,17,32,20,13,82
1321,31,15,17,18,81
1322,0,33,17,18,68
1323,0,15,17,18,50
1324,35,33,18,15,101
1325,18,33,18,15,84
1327,17,33,16,17,83
1328,0,33,16,17,66
1329,15,33,18,15,81
1331,17,33,18,16,84
1332,0,33,18,16,67
1333,49,33,18,15,115
1334,0,34,0,17,51
1335,16,33,18,15,82
1336,0,33,18,15,66
1337,0,16,18,15,49
1338,18,15,0,17,50
1339,0,15,0,17,32
1340,17,17,0,18,52
1343,0,16,17,15,48
1344,17,15,18,15,65
1345,15,33,50,17,115
1346,0,33,50,17,100
1348,35,32,52,17,136
1349,17,32,52,17,118
1350,0,32,52,17,101
1351,17,34,18,17,86
1352,0,34,18,17,69
1353,0,18,18,17,53
1356,0,32,16,17,65
1357,17,33,16,17,83
1358,0,33,16,17,66
1359,0,17,16,17,50
1360,0,33,16,18,67
1361,17,34,16,17,84
1363,18,33,16,17,84
1364,0,33,16,17,66
1365,17,33,0,16,66
1366,0,33,0,16,49
1369,0,19,0,16,35
1370,0,32,17,17,66
1371,0,16,17,17,50
1372,0,34,15,18,67
1373,17,33,17,15,82
1375,18,32,17,18,85
1376,0,32,17,18,67
1379,18,35,49,15,117
1380,66,33,18,15,132
1381,19,31,18,15,83
1382,31,33,18,15,97
1384,0,33,18,15,66
1385,15,33,18,17,83
1386,0,33,18,17,68
1387,15,35,15,18,83
1388,0,35,15,18,68
1389,17,33,16,17,83
1390,0,33,16,17,66
1391,0,18,16,17,51
1392,0,33,16,16,65
1394,0,32,50,18,100
1395,16,35,15,18,84
1396,0,35,15,18,68
1397,17,33,18,15,83
1398,0,33,18,15,66
1400,0,33,18,15,66
1402,0,33,18,16,67
1404,0,34,17,17,68
1405,0,16,17,17,50
1406,0,34,15,17,66
1407,17,32,18,15,82
1409,0,17,18,15,50
1413,0,17,16,18,51
1414,0,34,15,17,66
1416,0,32,17,15,64
1417,0,17,17,15,49
1419,15,34,17,16,82
1420,0,34,17,16,67
1422,0,33,17,17,67
1423,16,34,51,15,116
1425,17,34,17,15,83
1426,0,34,17,15,66
1427,17,32,52,15,116
1430,0,34,51,16,101
1431,0,16,51,16,83
1434,34,32,18,17,101
1435,16,32,18,17,83
1436,0,32,18,17,67
1437,17,35,17,16,85
1438,0,35,17,16,68
1439,17,33,51,15,116
1440,33,33,18,15,99
1441,16,33,18,15,82
1442,0,33,18,15,66
1443,17,33,51,17,118
1446,0,34,17,17,68
1447,17,34,16,17,84
1448,17,17,16,17,67
1449,17,33,17,15,82
1451,17,32,17,18,84
1453,15,35,16,17,83
1456,33,33,16,17,99
1457,17,33,16,17,83
1458,0,33,16,17,66
1459,17,33,17,16,83
1460,33,33,17,17,100
1461,17,33,17,17,84
1462,0,33,17,17,67
1463,16,34,17,16,83
1465,17,33,16,17,83
1466,33,33,17,17,100
1467,16,33,17,17,83
1469,17,34,16,17,84
1471,17,33,17,16,83
1472,0,33,17,16,66
1476,0,33,18,16,67
1477,16,34,16,17,83
1479,16,33,18,15,82
1480,0,33,18,15,66
1481,17,33,18,17,85
1482,0,33,18,17,68
1483,15,35,17,16,83
1484,0,35,17,16,68
1486,33,32,50,18,133
1487,16,32,50,18,116
1488,0,32,50,18,100
1491,0,15,17,18,50
1492,17,18,16,17,68
1494,0,33,16,17,66
1495,17,33,17,17,84
1496,0,33,17,17,67
1498,0,34,15,17,66
1500,0,32,18,15,65
1501,17,33,18,17,85
1502,0,33,18,17,68
1504,0,35,15,18,68
1505,17,33,17,14,81
1508,17,14,18,17,66
1509,14,35,50,17,116
1510,0,35,50,17,102
1511,17,34,16,17,84
1512,0,34,16,17,67
1513,17,33,16,18,84
1514,0,33,16,18,67
1515,17,34,49,18,118
1516,0,34,49,18,101
1518,0,33,16,18,67
1519,17,34,17,15,83
1520,0,34,17,15,66
1521,18,32,18,16,84
1522,0,32,18,16,66
1525,16,33,18,15,82
1526,0,33,18,15,66
1527,17,33,18,16,84
1528,0,33,18,16,67
1529,15,34,16,17,82
1531,16,33,16,18,83
1532,0,33,16,18,67
1533,17,34,16,17,84
1535,18,33,16,17,84
1536,0,33,16,17,66
1538,0,33,17,15,65
1540,0,32,18,18,68
1541,0,15,18,18,51
1542,0,36,16,16,68
1543,18,32,17,16,83
1544,0,32,17,16,65
1545,0,16,17,16,49
1546,0,33,18,15,66
1547,0,16,18,15,49
1548,0,33,50,17,100
1549,0,15,50,17,82
1550,67,34,16,17,134
1552,15,17,50,17,99
1553,17,34,16,17,84
1554,0,34,16,17,67
1556,0,33,16,17,66
1557,17,33,18,15,83
1558,16,17,18,15,66
1559,0,17,18,15,50
1560,0,33,18,15,66
1561,15,33,0,18,66
1562,0,33,0,18,51
1564,0,34,17,17,68
1565,0,16,17,17,50
1567,17,34,17,16,84
1569,18,33,17,16,84
1570,0,33,17,16,66
1573,16,32,18,16,82
1574,0,32,18,16,66
1575,15,34,16,18,83
1576,18,16,16,18,68
1577,0,16,16,18,50
1578,0,34,16,18,68
1580,0,34,16,16,66
1581,18,32,17,18,85
1583,0,16,17,18,51
1586,0,32,0,17,49
1587,0,16,0,17,33
1588,0,34,17,17,68
1589,0,17,17,17,51
1590,17,17,15,17,66
1591,17,32,18,15,82
1592,0,32,18,15,65
1593,0,17,18,15,50
1594,0,33,17,16,66
1595,15,33,17,17,82
1596,0,33,17,17,67
1598,0,34,18,16,68
1599,17,34,15,17,83
1600,0,34,15,17,66
1602,0,32,83,19,134
1604,0,34,17,17,68
1607,51,32,18,15,116
1608,0,34,15,17,66
1609,51,33,50,18,152
1610,0,32,18,15,65
1611,0,17,18,15,50
1614,0,33,17,18,68
1616,17,18,15,17,67
1619,17,33,50,17,117
1621,0,16,50,17,83
1623,15,34,17,17,83
1624,0,34,17,17,68
1625,34,17,17,15,83
1626,0,34,17,15,66
1627,0,17,17,15,49
1629,15,35,0,15,65
1630,0,35,0,15,50
1632,0,33,33,18,84
1633,0,18,33,18,69
1634,16,17,0,18,51
1635,17,34,17,15,83
1636,18,16,17,15,66
1641,0,18,17,17,52
1642,0,34,15,17,66
1643,17,32,51,16,116
1644,0,32,51,16,99
1645,17,34,17,16,84
1646,34,33,16,17,100
1647,17,33,16,17,83
1648,0,33,16,17,66
1651,0,17,84,16,117
1652,0,33,17,17,67
1653,15,34,17,16,82
1654,0,34,17,16,67
1655,17,33,17,17,84
1657,0,16,17,17,50
1658,0,34,18,16,68
1659,0,17,18,16,51
1660,34,33,16,17,100
1661,16,33,16,17,82
1662,0,33,16,17,66
1664,0,33,18,15,66
1665,17,33,18,17,85
1667,15,35,48,17,115
1668,0,35,48,17,100
1670,0,33,15,17,65
1671,0,19,15,17,51
1672,15,17,17,16,65
1674,0,33,18,15,66
1675,16,33,18,16,83
1676,0,33,18,16,67
1677,15,34,18,15,82
1679,16,33,18,15,82
1680,0,33,18,15,66
1681,15,33,18,17,83
1682,0,33,18,17,68
1683,15,35,17,15,82
1684,0,35,17,15,67
1685,17,32,17,18,84
1686,0,32,17,18,67
1689,0,18,49,17,84
1691,33,17,17,17,84
1693,17,34,17,16,84
1694,0,34,17,16,67
1695,17,33,18,14,82
1696,0,33,18,14,65
1697,16,32,17,18,83
1698,0,32,17,18,67
1700,0,35,15,17,67
1701,18,32,18,16,84
1702,0,32,18,16,66
1703,17,34,17,17,85
1705,16,34,15,17,82
1707,49,33,18,15,115
1708,0,32,18,15,65
1709,17,33,18,15,83
1710,0,33,18,15,66
1711,15,33,18,16,82
1712,0,33,18,16,67
1713,15,34,17,18,84
1714,0,34,17,18,69
1715,16,35,14,18,83
1716,0,35,14,18,67
1718,0,32,51,17,100
1721,17,34,15,16,82
1722,17,17,15,16,65
1724,31,35,15,18,99
1727,15,33,17,15,80
1728,0,33,17,15,65
1729,18,32,0,20,70
1731,15,30,22,15,82
1732,0,30,22,15,67
1733,0,10,22,15,47
1734,0,37,17,18,72
1735,15,35,16,17,83
1736,0,35,16,17,68
1737,18,33,16,18,85
1738,0,33,16,18,67
1739,17,34,15,17,83
1740,0,34,15,17,66
1741,0,18,15,17,50
1742,0,32,83,18,133
1743,17,34,17,16,84
1744,0,34,17,16,67
1746,0,33,16,18,67
1748,16,18,15,17,66
1749,0,18,15,17,50
1751,17,34,17,17,85
1752,0,34,17,17,68
1753,0,16,17,17,50
1754,17,17,16,17,67
1756,0,33,16,17,66
1757,17,33,17,15,82
1758,16,17,17,15,65
1759,0,17,17,15,49
1760,17,15,17,17,66
1761,0,15,17,17,49
1764,0,33,52,15,100
1765,15,35,50,15,115
1766,0,35,50,15,100
1767,17,32,18,15,82
1768,0,32,18,15,65
1770,18,15,51,16,100
1771,15,34,17,16,82
1772,0,34,17,16,67
1774,0,33,17,16,66
1776,0,33,17,18,68
1777,0,16,17,18,51
1778,0,35,15,18,68
1779,18,33,16,17,84
1780,15,18,16,17,66
1781,18,33,15,16,82
1782,0,33,15,16,64
1783,0,17,15,16,48
1785,16,35,17,17,85
1788,0,34,17,17,68
1789,0,17,17,17,51
1790,0,34,50,16,100
1791,17,32,18,16,83
1794,18,16,0,18,52
1795,16,32,18,16,82
1796,0,32,18,16,66
1797,0,14,18,16,48
1798,18,16,0,16,50
1799,0,16,0,16,32
1800,0,34,17,16,67
1803,16,34,17,16,83
1804,0,34,17,16,67
1805,50,33,16,17,116
1807,16,33,16,17,82
1808,0,33,16,17,66
1810,0,33,16,18,67
1811,17,34,17,15,83
1812,0,34,17,15,66
1813,0,18,17,15,50
1814,17,15,17,17,66
1817,51,32,18,15,116
1819,16,32,18,15,81
1821,15,33,85,17,150
1822,0,33,85,17,135
1823,15,35,15,17,82
1825,17,32,18,17,84
1826,0,32,18,17,67
1827,17,35,17,16,85
1828,0,35,17,16,68
1829,0,17,17,16,50
1833,15,34,18,16,83
1834,0,34,18,16,68
1835,0,16,18,16,50
1837,16,34,34,15,99
1839,0,18,34,15,67
1840,0,34,15,17,66
1842,0,32,50,17,99
1845,19,34,16,17,86
1846,0,34,16,17,67
1847,17,33,17,16,83
1848,0,33,17,16,66
1849,17,33,17,16,83
1850,0,33,17,16,66
1851,16,33,50,18,117
1852,33,34,49,17,133
1853,16,34,49,17,116
1854,0,34,49,17,100
1857,18,32,18,16,84
1858,0,32,18,16,66
1860,0,34,17,17,68
1861,16,34,16,16,82
1862,0,34,16,16,66
1863,17,32,17,17,83
1864,0,32,17,17,66
1866,34,35,14,17,100
1867,17,35,14,17,83
1868,0,35,14,17,66
1869,0,18,14,17,49
1870,0,31,18,20,69
1873,20,30,16,17,83
1874,0,30,16,17,63
1876,16,17,15,17,65
1877,0,17,15,17,49
1878,0,32,17,17,66
1879,17,34,51,17,119
1880,0,34,51,17,102
1881,0,17,51,17,85
1882,0,33,18,17,68
1883,52,33,17,15,117
1885,17,33,17,15,82
1886,0,33,17,15,65
1887,18,32,51,15,116
1888,17,15,51,15,98
1891,17,32,19,15,83
1893,49,34,17,16,116
1894,0,34,51,16,101
1897,17,33,16,17,83
1898,0,33,16,17,66
1899,16,33,17,20,86
1900,0,33,17,20,70
1901,17,37,14,15,83
1902,0,37,14,15,66
1903,20,29,18,17,84
1904,0,29,18,17,64
1905,15,35,15,17,82
1906,0,35,15,17,67
1907,17,32,17,17,83
1911,17,34,16,18,85
1912,0,34,16,18,68
1913,17,34,15,17,83
1914,16,18,15,17,66
1915,18,32,16,17,83
1916,0,32,16,17,65
1919,17,34,17,16,84
1922,33,33,17,16,99
1923,16,33,17,16,82
1924,0,33,17,16,66
1925,17,33,51,16,117
1926,0,33,51,16,100
1927,16,33,51,16,116
1928,0,33,51,16,100
1929,15,34,17,16,82
1930,0,34,17,16,67
1932,0,33,17,17,67
1935,17,33,18,15,83
1936,0,33,18,15,66
1939,15,35,15,18,83
1940,0,35,15,18,68
1942,0,33,16,17,66
1943,85,33,16,17,151
1944,0,33,17,17,67
1946,0,34,82,17,133
1947,17,33,16,17,83
1948,0,33,16,17,66
1951,17,33,17,16,83
1954,33,34,34,14,115
1955,0,16,17,17,50
1956,0,34,34,14,82
1957,17,34,50,16,117
1958,0,34,50,16,100
1959,18,32,18,16,84
1960,0,32,18,16,66
1961,0,18,18,16,52
1963,16,34,15,17,82
1964,0,34,15,17,66
1966,0,32,17,17,66
1967,17,34,16,17,84
1968,34,33,50,18,135
1969,17,33,50,18,118
1973,18,33,16,17,84
1976,0,33,15,17,65
1978,0,32,17,17,66
1979,17,34,17,16,84
1980,0,34,17,16,67
1982,0,33,18,16,67
1983,16,34,17,17,84
1984,0,34,17,17,68
1985,16,34,16,17,83
1987,17,33,15,18,83
1989,17,33,17,15,82
1991,0,18,17,15,50
1992,0,32,17,18,67
1993,15,35,15,17,82
1994,0,35,15,17,67
1995,18,32,16,17,83
2000,0,34,17,16,67
2001,17,33,17,16,83
2002,17,16,17,16,66
2003,0,16,17,16,49
2005,16,35,17,16,84
2006,0,35,17,16,68
2007,17,33,49,18,117
2008,0,33,49,18,100
2013,0,18,16,17,51
2014,0,33,16,18,67
2015,17,34,0,15,66
2016,0,34,0,15,49
2018,0,32,16,16,64
2019,0,17,16,16,49
2020,16,16,18,17,67
2021,16,35,17,15,83
2022,0,35,17,15,67
2023,17,32,18,16,83
2025,15,34,16,18,83
2026,0,34,16,18,68
2027,16,34,16,16,82
2028,0,34,16,16,66
2029,0,18,16,16,50
2030,32,35,16,16,99
2031,16,35,16,16,83
2032,0,35,16,16,67
2033,0,17,16,16,49
2034,16,16,18,16,66
2035,16,34,16,16,82
2037,16,32,51,18,117
2039,16,35,16,18,85
2041,17,34,15,18,84
2042,34,33,15,18,100
2043,18,33,15,18,84
2044,0,33,15,18,66
2045,18,33,17,16,84
2046,0,33,17,16,66
2047,18,33,16,17,84
2048,66,34,49,17,166
2049,0,16,16,17,49
2050,0,33,51,15,99
2052,0,34,49,17,100
2054,0,32,17,17,66
2055,0,15,17,17,49
2056,0,34,17,17,68
2057,0,17,17,17,51
2058,0,34,16,18,68
2059,17,34,33,16,100
2060,0,34,33,16,83
2061,18,33,16,17,84
2062,199,33,17,17,266
2063,17,33,15,17,82
2065,17,32,119,15,183
2066,32,33,18,17,100
2068,0,33,18,17,68
2069,15,35,16,17,83
2070,0,35,16,17,68
2072,0,33,18,15,66
2074,0,33,17,17,67
2077,17,33,17,15,82
2079,0,16,17,15,48
2080,0,32,18,17,67
2081,0,15,18,17,50
2082,0,35,16,18,69
2083,0,17,16,18,51
2085,0,18,17,16,51
2086,33,31,18,16,98
2087,0,16,16,15,47
2088,0,31,18,16,65
2089,0,15,18,16,49
2091,0,16,17,17,50
2092,0,34,17,16,67
2093,17,33,18,15,83
2095,16,33,18,15,82
2098,0,33,52,17,102
2099,15,34,18,17,84
2100,0,34,18,17,69
2101,0,16,18,17,51
2102,18,17,0,16,51
2103,17,32,84,16,149
2104,0,32,84,16,132
2106,0,33,18,16,67
2108,67,34,17,17,135
2109,0,16,17,16,49
2110,0,33,17,17,67
2111,16,34,17,17,84
2112,0,34,17,17,68
2113,0,17,17,17,51
2114,0,34,15,17,66
2115,17,32,16,18,83
2116,0,32,16,18,66
2119,0,18,16,17,51
2120,0,33,16,17,66
2121,0,17,16,17,50
2122,0,33,50,17,100
2124,0,34,16,17,67
2125,0,16,16,17,49
2126,16,17,15,18,66
2127,17,33,18,16,84
2128,0,33,18,16,67
2129,18,34,16,17,85
2130,0,34,16,17,67
2131,16,33,16,17,82
2132,0,33,16,17,66
2133,17,33,17,16,83
2134,0,33,17,16,66
2136,67,33,17,17,134
2137,16,34,17,16,83
2138,0,34,17,16,67
2139,17,33,17,17,84
2140,0,33,17,17,67
2141,16,34,15,18,83
2142,0,34,15,18,67
2144,0,33,18,15,66
2145,84,34,16,16,150
2146,33,33,17,17,100
2147,15,33,17,17,82
2148,0,33,17,17,67
2150,0,34,16,16,66
2151,17,32,18,17,84
2153,16,35,17,15,83
2155,17,32,18,16,83
2157,0,15,18,16,49
2158,0,34,16,20,70
2159,52,30,51,16,149
2160,0,36,48,16,100
2162,48,16,17,16,97
2165,16,33,34,18,101
2166,0,33,34,18,85
2169,0,35,16,17,68
2171,50,34,17,15,116
2172,0,33,51,15,99
2173,17,34,17,15,83
2174,0,34,17,15,66
2175,0,18,17,15,50
2178,0,35,15,17,67
2179,18,32,18,16,84
2180,0,32,18,16,66
2181,17,34,17,17,85
2182,0,34,17,17,68
2183,16,34,15,17,82
2185,17,32,17,18,84
2186,0,32,17,18,67
2187,17,35,15,16,83
2188,0,35,15,16,66
2189,0,18,15,16,49
2190,15,16,17,17,65
2191,0,16,17,17,50
2192,0,34,17,17,68
2195,17,34,15,17,83
2196,0,34,15,17,66
2198,0,32,18,16,66
2199,0,17,18,16,51
2201,16,33,0,18,67
2203,17,33,17,17,84
2205,0,15,17,17,49
2206,34,34,16,16,100
2207,17,34,16,16,83
2211,16,34,16,17,83
2212,0,34,16,17,67
2213,16,33,17,15,81
2214,0,33,17,15,65
2215,17,32,19,17,85
2216,0,32,19,17,68
2217,0,15,19,17,51
2218,0,36,15,17,68
2219,0,17,15,17,49
2221,0,17,17,17,51
2222,0,34,15,17,66
2223,0,17,15,17,49
2224,0,32,17,17,66
2225,17,34,17,17,85
2228,0,34,19,11,64
2229,0,17,19,11,47
2230,30,37,49,17,133
2233,0,18,49,17,84
2234,0,32,17,17,66
2236,17,17,16,18,68
2237,17,34,16,17,84
2238,0,34,16,17,67
2240,0,33,15,17,65
2241,17,32,18,17,84
2243,17,35,82,17,151
2245,17,32,16,18,83
2246,0,32,16,18,66
2247,17,34,16,17,84
2248,0,34,16,17,67
2249,18,33,17,16,84
2250,66,33,18,17,134
2251,0,17,17,16,50
2252,0,33,17,16,66
2253,16,33,18,17,84
2255,16,35,16,16,83
2256,0,35,16,16,67
2257,0,17,16,16,49
2259,16,34,17,17,84
2261,17,34,16,14,81
2265,0,14,17,19,50
2266,0,36,15,17,68
2268,0,32,18,16,66
2270,0,34,50,17,101
2273,0,17,16,17,50
2274,16,17,17,16,66
2275,17,33,18,15,83
2276,0,33,18,15,66
2277,16,33,0,18,67
2278,0,33,0,18,51
2279,0,15,0,18,33
2280,0,35,16,15,66
2281,0,17,16,15,48
2282,16,15,18,17,66
2283,15,35,15,17,82
2284,0,35,15,17,67
2285,17,32,18,16,83
2286,0,32,18,16,66
2287,17,34,17,17,85
2289,16,34,17,15,82
2290,34,32,51,17,134
2291,17,32,51,17,117
2292,0,32,51,17,100
2293,15,34,17,17,83
2294,0,34,17,17,68
2296,0,34,50,16,100
2298,0,34,16,16,66
2299,17,32,17,16,82
2300,0,32,17,16,65
2302,0,33,17,17,67
2303,16,34,17,17,84
2305,17,34,15,18,84
2306,0,34,15,18,67
2307,0,17,15,18,50
2308,0,33,17,17,67
2309,0,18,17,17,52
2311,17,32,16,18,83
2314,51,16,17,16,100
2315,18,33,17,16,84
2316,0,33,17,16,66
2317,0,16,17,16,49
2318,17,16,51,18,102
2319,0,16,51,18,85
2320,0,34,17,18,69
2321,17,35,14,17,83
2322,0,35,14,17,66
2323,0,18,14,17,49
2324,0,31,17,17,65
2325,17,34,16,16,83
2326,0,34,16,16,66
2327,17,32,51,17,117
2330,0,35,16,17,68
2331,0,17,16,17,50
2333,17,32,18,17,84
2335,14,35,50,17,116
2336,0,35,50,17,102
2337,17,32,18,17,84
2338,0,32,18,17,67
2340,0,35,49,17,101
2341,17,32,17,17,83
2342,0,32,17,17,66
2343,17,34,16,17,84
2344,0,34,16,17,67
2345,17,33,17,16,83
2347,17,33,18,15,83
2348,0,33,18,15,66
2349,16,33,50,17,116
2350,0,33,50,17,100
2353,18,34,50,17,119
2356,0,33,17,17,67
2357,0,15,17,17,49
2358,17,17,17,17,68
2360,34,33,17,17,101
2362,33,34,15,17,99
2364,49,17,17,17,100
2365,17,32,17,17,83
2366,0,32,17,17,66
2367,17,34,49,18,118
2368,0,34,49,18,101
2369,17,32,17,18,84
2371,0,17,17,18,52
2372,17,18,16,18,69
2373,18,34,0,16,68
2374,0,34,0,16,50
2375,0,18,0,16,34
2377,0,16,16,18,50
2378,16,18,17,16,67
2379,18,33,15,17,83
2381,0,16,15,17,48
2382,0,32,52,16,100
2383,0,17,52,16,85
2384,0,35,17,16,68
2385,0,18,17,16,51
2388,0,32,18,15,65
2389,16,33,18,17,84
2390,0,33,18,17,68
2391,0,15,18,17,50
2393,17,34,15,17,83
2394,0,34,15,17,66
2395,17,32,17,17,83
2397,0,17,17,17,51
2398,34,32,17,18,101
2399,17,32,17,18,84
2400,0,32,17,18,67
2401,17,35,49,17,118
2402,0,35,49,17,101
2403,18,32,17,17,84
2404,0,32,17,17,66
2405,16,34,17,17,84
2407,17,34,51,16,118
2408,69,32,16,16,133
2409,0,17,51,16,84
2410,35,32,16,16,99
2412,32,32,16,17,97
2414,32,33,0,16,81
2415,0,16,16,17,49
2416,0,33,0,16,49
2417,0,17,0,16,33
2418,0,34,18,14,66
2419,0,18,18,14,50
2420,18,14,50,18,100
2422,0,35,15,18,68
2425,0,18,18,15,51
2426,18,15,17,17,67
2427,0,15,17,17,49
2428,0,34,16,17,67
2429,0,17,16,17,50
2430,0,33,17,17,67
2431,0,17,17,17,51
2432,0,34,83,18,135
2434,0,34,15,17,66
2435,0,18,15,17,50
2439,18,33,16,16,83
2440,0,33,16,16,65
2441,17,32,18,16,83
2442,0,32,18,16,66
2444,0,34,17,17,68
2445,0,16,17,17,50
2446,0,34,15,17,66
2450,0,35,15,16,66
2451,0,18,15,16,49
2452,0,31,17,18,66
2453,16,35,15,17,83
2454,0,35,15,17,67
2456,0,32,17,17,66
2457,17,34,17,15,83
2458,0,34,17,15,66
2460,0,32,18,17,67
2461,0,15,18,17,50
2462,0,35,16,16,67
2463,0,17,16,16,49
2465,16,34,17,15,82
2469,0,15,0,19,34
2470,0,35,49,18,102
2473,15,34,17,16,82
2474,0,34,17,16,67
2477,16,34,0,16,66
2478,0,34,0,16,50
2479,16,33,17,17,83
2480,16,17,17,17,67
2481,0,17,17,17,51
2482,0,34,16,15,65
2483,17,31,18,18,84
2484,0,31,18,18,67
2485,15,36,15,18,84
2486,0,36,15,18,69
2487,18,33,17,16,84
2488,0,33,17,16,66
2489,18,33,15,17,83
2491,16,32,18,17,83
2492,0,32,18,17,67
2493,0,17,18,17,52
2495,17,33,18,15,83
2496,0,33,18,15,66
2497,16,33,18,15,82
2502,0,35,15,18,68
2503,18,33,16,17,84
2505,18,33,14,19,84
2508,0,33,15,19,67
2510,0,34,15,17,66
2511,19,32,17,17,85
2512,0,32,17,17,66
2514,0,34,16,18,68
2515,17,34,15,17,83
2516,0,34,15,17,66
2518,0,32,17,17,66
2519,17,34,0,15,66
2520,0,34,0,15,49
2523,0,18,16,18,52
2524,16,18,15,17,66
2525,18,32,16,17,83
2526,0,32,16,17,65
2527,17,33,18,17,85
2531,17,35,11,21,84
2532,0,35,11,21,67
2534,0,32,15,17,64
2536,0,32,15,19,66
2537,17,34,15,18,84
2538,0,34,15,18,67
2540,0,33,15,17,65
2541,18,32,18,16,84
2542,0,32,18,16,66
2543,0,17,18,16,51
2544,34,34,18,16,102
2547,0,17,18,16,51
2549,16,31,19,15,81
2550,0,31,19,15,65
2552,0,34,17,18,69
2553,15,35,16,16,82
2554,0,35,16,16,67
2555,18,32,17,17,84
2556,0,32,17,17,66
2557,16,34,49,17,116
2559,17,35,14,17,83
2560,0,35,14,17,66
2561,20,31,16,19,86
2562,31,35,49,15,130
2563,17,35,49,15,116
2564,0,35,49,15,99
2566,0,32,32,19,83
2567,17,32,0,19,68
2572,0,33,18,17,68
2573,0,15,18,17,50
2574,0,35,15,17,67
2575,0,17,15,17,49
2577,17,34,17,15,83
2578,0,34,17,15,66
2579,0,17,17,15,49
2581,15,35,15,18,83
2583,0,17,15,18,50
2584,0,33,16,17,66
2586,0,33,16,17,66
2587,17,33,17,18,85
2588,0,33,17,18,68
2590,0,35,17,15,67
2591,0,18,17,15,50
2592,17,15,17,16,65
2593,0,15,17,16,48
2594,0,33,85,19,137
2595,0,16,85,19,120
2596,0,34,33,18,85
2597,18,33,18,19,88
2600,13,19,16,15,63
2602,0,31,151,18,200
2603,0,15,151,18,184
2605,17,33,17,15,82
2606,16,17,17,15,65
2607,17,32,17,17,83
2608,0,32,17,17,66
2609,0,15,17,17,49
2611,17,35,15,17,84
2612,17,18,15,17,67
2614,32,34,17,17,100
2615,0,17,17,17,51
2617,17,34,15,17,83
2618,0,34,15,17,66
2620,0,32,0,17,49
2621,17,33,17,17,84
2624,17,17,16,17,67
2625,17,33,17,18,85
2626,0,33,17,18,68
2627,17,35,14,18,84
2629,18,32,0,17,67
2630,0,32,0,17,49
2631,18,32,18,17,85
2633,0,15,18,17,50
2634,0,35,50,17,102
2635,17,32,18,17,84
2636,32,35,16,17,100
2637,17,35,16,17,85
2638,0,35,16,17,68
2639,17,33,16,17,83
2642,0,33,17,16,66
2644,0,33,18,15,66
2645,16,33,17,18,84
2646,0,33,17,18,68
2648,0,35,15,17,67
2649,0,18,15,17,50
2650,0,32,51,15,98
2652,66,33,18,17,134
2653,0,15,19,15,49
2654,34,33,18,17,102
2655,15,33,18,17,83
2656,0,33,18,17,68
2657,15,35,18,14,82
2658,0,35,18,14,67
2660,0,32,20,15,67
2661,14,35,50,17,116
2662,0,35,50,17,102
2663,15,34,49,17,115
2664,0,34,49,17,100
2666,0,33,16,17,66
2667,17,33,16,16,82
2669,0,17,16,16,49
2670,0,32,0,18,50
2673,0,15,17,18,50
2674,17,18,17,14,66
2675,18,31,19,17,85
2676,0,31,19,17,67
2677,0,14,19,17,50
2680,0,32,18,17,67
2681,17,35,48,17,117
2682,0,35,48,17,100
2683,17,33,15,17,82
2685,18,32,18,16,84
2686,0,32,18,16,66
2687,0,17,18,16,51
2688,0,34,0,13,47
2691,20,32,19,17,88
2692,0,32,19,17,68
2693,16,36,15,16,83
2694,0,36,15,16,67
2696,0,31,18,17,66
2697,0,16,18,17,51
2698,18,17,16,17,68
2699,17,33,17,15,82
2700,0,33,17,15,65
2701,17,32,17,18,84
2702,0,32,17,18,67
2703,0,15,17,18,50
2704,0,35,17,14,66
2705,0,18,17,14,49
2706,17,14,85,16,132
2709,0,17,15,17,49
2710,0,32,18,16,66
2712,0,34,18,15,67
2713,16,33,16,20,85
2714,0,33,16,20,69
2715,15,36,16,17,84
2717,20,33,16,16,85
2718,0,33,16,16,65
2719,17,32,17,16,82
2720,0,32,17,16,65
2722,0,33,15,19,67
2724,0,34,15,18,67
2725,19,33,17,15,84
2727,18,32,18,18,86
2728,0,32,18,18,68
2730,0,36,15,18,69
2735,0,15,17,16,48
2737,16,34,0,17,67
2738,0,34,0,17,51
2739,0,15,0,17,32
2740,0,35,0,15,50
2742,15,18,17,15,65
2743,0,18,17,15,50
2744,17,15,18,15,65
2745,15,33,17,18,83
2747,0,15,17,18,50
2748,0,35,0,15,50
2750,15,17,17,18,67
2752,17,18,17,14,66
2753,0,18,17,14,49
2754,0,31,19,14,64
2755,14,33,19,18,84
2757,14,37,14,17,82
2758,0,37,14,17,68
2759,18,31,51,17,117
2760,0,31,51,17,99
2761,0,17,51,17,85
2763,0,18,17,17,52
2764,17,17,16,15,65
2766,16,15,18,17,66
2767,0,15,18,17,50
2771,0,16,17,16,49
2774,0,34,17,17,68
2775,0,17,17,17,51
2776,0,34,15,18,67
2777,17,33,16,18,84
2778,0,33,16,18,67
2779,18,34,15,17,84
2780,0,34,15,17,66
2781,18,32,16,17,83
2782,0,32,16,17,65
2783,17,33,16,18,84
2784,0,33,16,18,67
2785,17,34,0,17,68
2786,34,34,15,18,101
2787,18,34,15,18,85
2788,17,17,15,18,67
2789,0,17,15,18,50
2793,0,16,15,17,48
2794,0,32,18,16,66
2795,0,17,18,16,51
2797,16,34,0,16,66
2798,0,34,0,16,50
2799,63,18,17,15,113
2800,0,34,15,18,67
2802,15,18,17,15,65
2803,0,18,17,15,50
2804,0,32,52,15,99
2805,15,34,18,15,82
2806,0,34,18,15,67
2809,0,15,17,16,48
2810,0,33,51,17,101
2811,16,34,17,17,84
2812,0,34,17,17,68
2814,0,34,15,18,67
2815,17,33,15,18,83
2816,0,33,15,18,66
2817,0,18,15,18,51
2818,0,33,17,17,67
2821,17,32,17,18,84
2822,0,32,17,18,67
2823,0,16,17,18,51
2825,0,18,15,17,50
2827,17,34,18,15,84
2828,0,34,18,15,67
2831,0,15,49,18,82
2832,0,33,16,18,67
2833,17,34,16,18,85
2834,0,34,16,18,68
2836,34,33,16,17,100
2837,18,33,16,17,84
2838,0,33,16,17,66
2839,0,17,16,17,50
2841,17,33,17,17,84
2842,0,33,17,17,67
2843,0,18,17,17,52
2844,0,34,15,18,67
2845,17,33,50,16,116
2846,0,33,50,16,99
2847,18,33,17,16,84
2848,0,33,17,16,66
2849,17,33,18,15,83
2850,17,16,18,15,66
2851,16,33,17,18,84
2852,0,33,17,18,68
2853,15,35,15,17,82
2855,18,32,17,16,83
2856,32,33,17,17,99
2857,17,33,17,17,84
2859,16,34,17,14,81
2860,0,34,17,14,65
2862,0,31,20,16,67
2863,14,36,17,17,84
2865,16,34,15,17,82
2866,0,34,15,17,66
2867,17,32,17,17,83
2869,17,34,17,17,85
2870,0,34,17,17,68
2871,17,34,15,17,83
2873,17,32,17,17,83
2874,0,32,17,17,66
2876,0,34,15,17,66
2877,0,17,15,17,49
2878,49,18,15,17,99
2879,17,35,15,17,84
2880,0,35,15,17,67
2882,0,32,17,17,66
2883,17,34,17,17,85
2886,0,34,16,17,67
2887,0,17,16,17,50
2888,0,33,49,16,98
2890,65,34,118,15,232
2892,15,16,19,15,65
2896,0,34,18,14,66
2900,0,35,17,15,67
2901,17,32,17,18,84
2903,0,15,17,18,50
2904,0,35,50,15,100
2906,0,32,18,15,65
2907,49,35,17,17,118
2909,15,35,17,17,84
2910,0,35,17,17,69
2911,0,18,17,17,52
2912,0,34,15,18,67
2913,17,33,15,18,83
2914,0,33,15,18,66
2915,18,33,16,17,84
2917,18,33,16,16,83
2918,0,33,16,16,65
2920,0,32,17,18,67
2922,35,33,16,17,101
2923,18,33,16,17,84
2924,0,33,16,17,66
2925,49,34,15,18,116
2927,17,34,15,18,84
2928,0,34,15,18,67
2929,0,13,15,18,46
2930,0,33,17,16,66
2931,18,33,17,15,83
2932,0,33,17,15,65
2933,0,16,17,15,48
2934,0,32,17,17,66
2935,15,34,18,15,82
2936,0,34,18,15,67
2938,0,33,17,18,68
2941,0,18,15,17,50
2942,0,32,18,15,65
2943,0,17,18,15,50
2944,0,33,17,17,67
2946,0,34,17,17,68
2947,17,34,15,17,83
2948,0,34,15,17,66
2949,17,32,18,16,83
2952,0,34,16,18,68
2955,18,33,16,18,85
2957,17,34,16,17,84
2958,0,34,16,17,67
2959,18,33,16,17,84
2960,0,33,16,17,66
2961,17,33,17,17,84
2962,0,33,17,17,67
2963,17,34,16,17,84
2964,0,34,16,17,67
2965,17,33,16,17,83
2966,0,33,16,17,66
2968,0,33,17,17,67
2969,17,34,16,17,84
2972,0,33,15,19,67
2974,0,34,15,18,67
2975,19,33,17,15,84
2976,0,33,17,15,65
2977,18,32,18,17,85
2978,0,32,18,17,67
2980,0,35,15,16,66
2981,0,17,15,16,48
2982,0,31,50,17,98
2983,16,35,15,17,83
2984,0,35,15,17,67
2985,18,32,17,17,84
2987,17,34,84,17,152
2989,17,34,16,18,85
2990,0,34,16,18,68
2991,16,34,16,17,83
2994,0,33,17,15,65
2995,17,32,51,17,117
2996,0,32,51,17,100
2997,50,33,0,16,99
2998,0,35,16,17,68
3000,16,17,0,16,49
3001,17,34,16,17,84
3003,34,17,15,18,84
3006,0,33,15,17,65
3007,0,18,15,17,50
3009,17,35,15,17,84
3010,0,35,15,17,67
3011,17,32,50,18,117
3012,0,32,50,18,100
3014,0,34,16,18,68
3015,18,34,16,15,83
3016,0,34,16,15,65
3019,15,34,18,16,83
3020,52,16,17,23,108
3022,0,34,17,23,74
3023,0,16,17,23,56
3024,0,40,11,16,67
3026,0,27,17,17,61
3027,16,34,16,17,83
3028,0,34,16,17,67
3029,17,33,16,16,82
3031,17,32,19,16,84
3032,0,32,19,16,67
3033,0,16,19,16,51
3035,0,16,17,16,49
3036,0,33,17,16,66
3037,0,16,17,16,49
3038,0,33,18,16,67
3040,0,34,17,16,67
3041,16,33,51,17,117
3043,16,33,18,17,84
3044,0,33,18,17,68
3045,15,35,15,17,82
3047,17,32,17,15,81
3048,0,32,17,15,64
3050,0,32,18,17,67
3051,15,35,17,17,84
3052,0,35,17,17,69
3053,51,32,17,17,117
3054,0,34,17,15,66
3056,0,32,17,17,66
3058,0,34,16,17,67
3061,0,17,18,16,51
3062,0,34,17,16,67
3063,16,33,16,17,82
3064,0,33,16,17,66
3065,0,16,16,17,49
3066,0,33,17,17,67
3068,17,17,17,17,68
3071,17,32,17,18,84
3072,0,32,17,18,67
3073,0,17,17,18,52
3074,0,35,16,17,68
3075,18,33,49,17,117
3076,0,33,49,17,99
3078,0,32,17,17,66
3079,16,34,17,17,84
3082,0,34,16,17,67
3083,17,33,15,18,83
3084,0,33,15,18,66
3085,17,33,16,17,83
3086,0,33,16,17,66
3088,33,34,15,17,99
3089,17,34,15,17,83
3090,0,34,15,17,66
3093,17,33,18,17,85
3094,0,33,18,17,68
3095,0,16,18,17,51
3097,0,17,16,17,50
3098,0,33,16,17,66
3099,0,17,16,17,50
3100,0,33,16,17,66
3101,0,17,16,17,50
3103,0,17,17,16,50
3104,67,33,16,17,133
3105,0,16,17,17,50
3106,0,34,17,16,67
3107,17,33,16,17,83
3108,0,33,16,17,66
3109,16,33,21,30,100
3110,0,33,21,30,84
3111,17,21,13,17,68
3112,0,21,13,17,51
3113,13,33,17,16,79
3114,17,16,17,16,66
3116,17,16,17,18,68
3117,16,35,16,15,82
3118,0,35,16,15,66
3119,18,31,52,16,117
3121,15,35,17,16,83
3122,0,35,17,16,68
3123,0,17,17,16,50
3125,16,33,17,17,83
3126,0,33,17,17,67
3127,0,16,17,17,50
3128,17,17,17,17,68
3129,17,34,49,17,117
3130,0,34,49,17,100
3132,0,33,16,17,66
3133,17,33,15,18,83
3134,0,33,15,18,66
3136,0,33,51,15,99
3138,0,33,18,15,66
3139,17,33,17,18,85
3140,0,33,17,18,68
3142,0,35,14,19,68
3146,0,33,15,18,66
3147,17,33,17,17,84
3149,18,34,16,17,85
3150,0,34,16,17,67
3151,17,33,50,17,117
3152,16,17,50,17,100
3153,0,17,50,17,84
3155,15,35,15,17,82
3157,17,32,17,18,84
3158,0,32,17,18,67
3159,0,17,17,18,52
3161,0,18,15,17,50
3164,34,34,15,18,101
3165,17,34,15,18,84
3167,17,33,15,19,84
3168,0,33,15,19,67
3169,18,34,15,17,84
3170,0,34,15,17,66
3172,0,32,18,15,65
3175,15,34,17,16,82
3176,0,34,17,16,67
3177,0,17,17,16,50
3178,17,16,17,17,67
3180,0,34,17,15,66
3182,0,32,17,17,66
3183,0,15,17,17,49
3184,0,34,17,16,67
3185,17,33,18,15,83
3187,16,33,17,18,84
3188,0,33,17,18,68
3189,0,15,17,18,50
3192,0,33,16,17,66
3193,18,33,16,17,84
3196,33,33,16,18,100
3199,0,15,16,18,49
3201,18,33,17,17,85
3202,0,33,17,17,67
3203,0,16,17,17,50
3204,17,17,16,17,67
3206,0,33,15,19,67
3207,17,34,15,19,85
3208,0,34,15,19,68
3211,19,32,17,17,85
3212,0,32,17,17,66
3214,17,17,16,15,65
3216,0,31,17,18,66
3217,0,15,17,18,50
3218,0,35,15,19,69
3219,18,34,17,15,84
3220,0,34,17,15,66
3221,0,19,17,15,51
3222,0,32,17,17,66
3224,0,34,49,17,100
3225,17,33,16,17,83
3226,0,33,16,17,66
3227,17,33,17,17,84
3228,0,33,17,17,67
3229,0,17,17,17,51
3231,17,32,18,17,84
3232,0,32,18,17,67
3233,0,16,18,17,51
3234,0,35,16,16,67
3235,17,32,18,17,84
3236,67,32,15,20,134
3238,0,35,15,17,67
3239,17,32,15,20,84
3241,17,35,16,15,83
3242,0,35,16,15,66
3243,20,31,18,16,85
3244,0,31,18,16,65
3245,15,34,17,17,83
3247,0,16,17,17,50
3249,17,32,18,17,84
3250,0,32,18,17,67
3252,0,35,17,15,67
3256,0,35,16,15,66
3258,0,31,18,17,66
3259,0,15,18,17,50
3262,0,34,15,17,66
3263,0,17,15,17,49
3265,0,17,16,17,50
3267,17,35,15,18,85
3269,0,17,15,18,50
3270,0,33,15,18,66
3271,18,33,18,16,85
3272,0,33,18,16,67
3273,0,18,18,16,52
3274,0,34,50,16,100
3275,16,32,18,16,82
3277,51,33,17,17,118
3278,18,16,16,17,67
3279,16,33,17,17,83
3280,0,33,17,17,67
3281,17,34,15,18,84
3282,0,34,15,18,67
3283,17,33,16,17,83
3284,0,33,16,17,66
3286,0,33,16,18,67
3287,51,32,17,16,116
3288,0,34,15,17,66
3289,0,18,15,17,50
3290,0,32,17,16,65
3291,17,33,18,16,84
3293,16,34,18,16,84
3294,0,34,18,16,68
3295,16,34,17,16,83
3296,0,34,17,16,67
3297,16,33,17,17,83
3298,0,33,17,17,67
3299,16,34,15,18,83
3300,0,34,15,18,67
3301,0,17,15,18,50
3304,0,33,16,21,70
3306,0,37,12,18,67
3307,0,21,12,18,51
3309,18,33,17,17,85
3310,0,33,17,17,67
3311,17,34,16,17,84
3312,0,34,16,17,67
3314,0,33,18,15,66
3315,17,33,16,18,84
3316,0,33,16,18,67
3317,15,34,49,18,116
3318,0,34,49,18,101
3319,0,18,49,18,85
3321,17,34,16,17,84
3322,16,18,16,17,67
3324,0,33,15,17,65
3326,0,32,50,16,98
3327,17,34,16,16,83
3328,0,34,16,16,66
3330,16,16,18,17,67
3331,16,35,0,16,67
3332,0,35,0,16,51
3333,17,33,17,16,83
3334,0,33,17,16,66
3335,0,17,17,16,50
3336,0,33,16,18,67
3342,0,34,15,18,67
3343,0,17,15,18,50
3344,0,33,15,17,65
3345,18,32,17,18,85
3346,0,32,17,18,67
3348,35,32,18,17,102
3349,18,32,18,17,85
3350,0,32,18,17,67
3352,0,35,15,17,67
3353,17,32,16,17,82
3354,0,32,16,17,65
3355,17,33,17,17,84
3356,0,33,17,17,67
3357,17,34,16,17,84
3358,0,34,16,17,67
3360,0,33,17,17,67
3362,34,33,16,18,101
3364,0,33,16,18,67
3366,0,34,16,17,67
3367,18,33,16,17,84
3368,0,33,16,17,66
3369,17,33,50,19,119
3370,0,33,50,19,102
3371,17,33,48,20,118
3372,0,33,48,20,101
3373,0,16,48,20,84
3374,17,19,12,20,68
3376,0,32,16,16,64
3377,20,32,17,16,85
3378,0,32,17,16,65
3379,0,16,17,16,49
3381,50,34,17,17,118
3383,16,34,17,17,84
3384,68,32,49,18,167
3385,17,34,16,16,83
3386,0,34,16,16,66
3387,17,32,49,18,116
3388,0,32,49,18,99
3393,18,33,17,17,85
3396,0,34,50,16,100
3397,17,33,17,16,83
3398,0,33,17,16,66
3399,17,33,16,17,83
3400,0,33,16,17,66
3401,16,33,16,17,82
3402,0,33,16,17,66
3403,17,33,51,17,118
3404,0,33,51,17,101
3406,0,33,18,17,68
3407,0,17,18,17,52
3408,18,17,15,18,68
3409,17,33,16,17,83
3410,0,33,16,17,66
3411,18,33,16,17,84
3413,17,33,18,16,84
3415,17,34,16,17,84
3417,0,16,16,17,49
3419,17,33,17,17,84
3420,0,33,17,17,67
3421,16,34,17,15,82
3422,0,34,17,15,66
3423,0,17,17,15,49
3424,0,32,18,15,65
3425,15,33,18,18,84
3427,15,36,16,16,83
3428,0,36,16,16,68
3430,0,32,16,18,66
3431,16,34,15,18,83
3432,0,34,15,18,67
3434,0,33,16,16,65
3435,18,32,17,18,85
3436,0,32,17,18,67
3438,0,35,16,17,68
3439,18,33,16,17,84
3441,17,33,16,20,86
3442,0,33,16,20,69
3443,17,36,13,18,84
3444,0,36,13,18,67
3445,20,31,17,16,84
3447,18,33,64,22,137
3448,0,33,64,22,119
3450,0,33,53,16,102
3451,17,31,22,16,86
3452,0,31,22,16,69
3453,22,16,17,17,72
3454,16,16,17,17,66
3455,0,16,17,17,50
3456,0,34,15,18,67
3458,33,33,16,17,99
3459,18,33,16,17,84
3460,0,33,16,17,66
3461,15,33,18,15,81
3462,33,33,18,17,101
3463,17,33,18,17,85
3464,33,35,15,17,100
3465,15,35,15,17,82
3466,35,32,50,18,135
3467,17,32,50,18,117
3468,0,32,50,18,100
3469,17,35,15,18,85
3470,0,35,15,18,68
3473,18,32,0,18,68
3474,0,32,0,18,50
3475,0,16,0,18,34
3477,0,15,18,17,50
3478,18,17,15,18,68
3479,17,33,19,30,99
3480,0,33,19,30,82
3484,16,18,15,18,67
3485,0,18,15,18,51
3489,19,33,17,15,84
3490,0,33,17,15,65
3491,17,32,18,17,84
3492,0,32,18,17,67
3493,15,35,48,18,116
3494,0,35,48,18,101
3495,17,32,16,18,83
3496,0,32,16,18,66
3498,16,18,16,16,66
3500,0,32,18,16,66
3502,0,34,17,18,69
3505,18,32,17,17,84
3506,0,32,17,17,66
3508,0,34,49,17,100
3509,17,34,15,17,83
3510,0,34,15,17,66
3511,0,18,15,17,50
3513,17,34,16,18,85
3515,18,34,13,19,84
3520,0,33,18,15,66
3524,34,33,51,17,135
3527,0,15,51,17,83
3529,16,34,16,17,83
3530,0,34,16,17,67
3532,0,33,15,18,66
3533,17,33,17,17,84
3534,0,33,17,17,67
3537,0,17,16,15,48
3538,0,31,18,17,66
3541,0,17,17,17,51
3542,0,34,16,17,67
3543,17,33,16,18,84
3545,17,34,15,17,83
3546,0,34,15,17,66
3547,18,32,17,17,84
3550,0,34,16,19,69
3551,17,35,48,16,116
3553,0,19,48,16,83
3554,0,32,50,15,97
3555,18,32,18,15,83
3556,0,32,18,15,65
3557,0,16,18,15,49
3558,0,33,18,17,68
3559,0,15,18,17,50
3560,0,35,15,17,67
3561,17,32,18,16,83
3563,17,34,50,17,118
3564,34,32,18,17,101
3565,16,32,18,17,83
3566,0,32,18,17,67
3567,0,15,18,17,50
3568,18,17,15,18,68
3569,17,33,17,15,82
3570,0,33,17,15,65
3571,18,32,17,16,83
3572,0,32,17,16,65
3573,15,33,52,15,115
3574,0,33,52,15,100
3575,16,36,16,15,83
3576,0,36,16,15,67
3577,18,31,18,17,84
3578,0,31,18,17,66
3579,15,35,16,17,83
3582,0,33,17,16,66
3583,17,33,17,17,84
3584,0,33,17,17,67
3586,0,34,16,16,66
3587,17,32,18,15,82
3588,0,32,18,15,65
3589,16,33,17,18,84
3590,0,33,17,18,68
3594,0,33,17,15,65
3595,18,32,17,17,84
3596,0,32,17,17,66
3597,15,34,18,17,84
3598,0,34,18,17,69
3599,17,35,15,16,83
3600,0,35,15,16,66
3601,17,31,17,17,82
3602,0,31,17,17,65
3603,16,34,17,18,85
3607,0,18,15,17,50
3608,0,32,17,18,67
3609,0,17,17,18,52
3610,0,35,16,16,67
3612,0,32,20,30,82
3613,16,20,12,18,66
3615,0,46,51,17,114
3619,17,34,15,17,83
3620,0,34,15,17,66
3621,0,17,15,17,49
3622,0,32,17,17,66
3624,0,34,16,16,66
3625,0,17,16,16,49
3627,16,31,52,17,116
3629,0,14,52,17,83
3630,20,16,16,17,69
3632,0,33,50,17,100
3633,17,35,15,17,84
3635,17,32,18,16,83
3636,0,32,18,16,66
3637,17,34,16,17,84
3638,0,34,16,17,67
3640,0,33,17,18,68
3641,0,17,17,18,52
3643,0,18,17,32,67
3644,17,49,17,15,98
3645,32,17,17,15,81
3647,0,17,17,15,49
3649,50,33,16,17,116
3650,0,35,16,17,68
3651,17,33,16,17,83
3652,0,33,16,17,66
3655,17,32,18,17,84
3657,16,35,16,16,83
3658,0,35,16,16,67
3660,0,32,18,17,67
3661,16,35,15,17,83
3663,17,32,17,17,83
3664,0,32,17,17,66
3665,17,34,16,17,84
3666,0,34,16,17,67
3667,17,33,17,15,82
3668,0,33,17,15,65
3669,17,32,18,17,84
3670,0,32,18,17,67
3671,15,35,17,17,84
3672,0,35,17,17,69
3676,0,17,15,16,48
3678,16,18,17,16,67
3679,0,18,17,16,51
3680,17,16,17,17,67
3681,16,34,16,16,82
3682,0,34,16,16,66
3683,17,32,18,17,84
3684,0,32,18,17,67
3686,0,35,16,17,68
3688,0,33,17,33,83
3689,17,17,99,17,150
3690,0,17,99,17,133
3691,15,34,16,17,82
3692,18,16,16,17,67
3693,0,16,16,17,49
3696,17,17,16,17,67
3701,0,17,15,18,50
3702,0,33,17,18,68
3703,18,35,15,14,82
3704,17,18,15,14,64
3705,18,29,53,17,117
3707,14,35,18,17,84
3708,0,35,18,17,70
3713,18,32,17,17,84
3714,0,32,17,17,66
3715,0,16,17,17,50
3716,0,34,18,32,84
3717,17,18,15,17,67
3718,0,18,15,17,50
3722,17,17,17,17,68
3723,17,34,16,17,84
3724,0,34,16,17,67
3726,0,33,16,18,67
3727,17,34,15,17,83
3729,18,32,17,18,85
3731,17,35,16,15,83
3733,49,34,49,19,151
3735,15,34,49,19,117
3737,17,33,16,19,85
3739,17,35,50,17,119
3740,0,35,50,17,102
3742,0,33,17,17,67
3743,18,34,15,17,84
3744,34,32,17,15,98
3745,17,32,17,15,81
3746,0,32,17,15,64
3749,15,34,18,17,84
3752,0,35,15,17,67
3756,33,35,16,17,101
3758,0,35,16,17,68
3759,18,33,50,15,116
3760,0,33,50,15,98
3761,17,32,18,15,82
3762,0,32,18,15,65
3763,16,33,17,17,83
3764,33,34,83,18,168
3765,15,34,83,18,150
3766,0,34,83,18,135
3767,17,35,16,17,85
3768,0,35,16,17,68
3769,18,33,15,18,84
3773,18,32,50,17,117
3774,32,34,16,17,99
3778,33,33,84,17,167
3780,84,17,16,17,134
3782,0,19,65,17,101
3783,0,49,16,17,82
3784,17,17,16,17,67
3786,16,17,16,17,66
3788,0,33,16,17,66
3789,0,17,16,17,50
3790,0,33,16,17,66
3792,0,33,17,17,67
3793,17,34,18,32,101
3794,34,18,15,17,84
3795,17,18,15,17,67
3796,0,18,15,17,50
3798,17,17,15,18,67
3799,0,17,15,18,50
3800,15,18,17,16,66
3801,18,33,17,16,84
3802,17,16,17,16,66
3803,0,16,17,16,49
3804,0,33,18,17,68
3805,16,35,16,17,84
3806,0,35,16,17,68
3807,17,33,16,17,83
3808,0,33,16,17,66
3809,17,33,16,18,84
3810,0,33,16,18,67
3812,0,34,15,17,66
3813,0,18,15,17,50
3814,0,32,18,15,65
3815,17,33,17,17,84
3816,0,33,17,17,67
3817,15,34,16,18,83
3821,18,32,18,17,85
3822,0,32,18,17,67
3823,17,35,17,32,101
3825,0,17,17,32,66
3827,32,17,16,17,82
3828,16,17,16,17,66
3830,16,17,17,16,66
3832,0,33,50,17,100
3833,16,33,17,17,83
3834,0,33,17,17,67
3836,0,34,50,16,100
3837,17,33,17,16,83
3838,0,33,17,16,66
3839,34,16,51,16,117
3841,16,33,18,16,83
3843,0,15,18,16,49
3844,18,16,16,18,68
3846,0,34,16,17,67
3847,18,33,17,15,83
3849,17,32,18,17,84
3853,17,18,14,18,67
3854,0,18,14,18,50
3855,14,34,16,17,81
3856,18,16,16,17,67
3857,32,17,50,17,116
3859,17,35,15,17,84
3860,67,31,20,16,134
3861,17,32,17,14,80
3865,14,36,17,17,84
3867,16,34,15,17,82
3868,34,32,17,17,100
3869,17,32,17,17,83
3870,0,32,17,17,66
3871,17,34,16,17,84
3873,50,33,0,18,101
3875,17,33,0,18,68
3876,0,33,0,18,51
3877,0,16,0,18,34
3879,0,17,18,16,51
3880,0,18,16,17,51
3881,66,50,32,17,165
3882,17,33,16,17,83
3884,18,50,32,17,117
3885,0,50,32,17,99
3887,0,17,32,17,66
3888,16,51,16,17,100
3889,16,35,16,17,84
3890,17,18,16,17,68
3891,0,18,16,17,51
3892,16,33,0,34,83
3894,0,16,0,34,50
3895,0,34,16,33,83
3897,0,49,0,17,66
3898,0,33,0,17,50
3899,17,34,17,32,100
3900,0,34,17,32,83
3901,0,17,17,32,66
3902,0,17,16,16,49
3903,16,34,17,16,83
3904,16,18,17,16,67
3905,0,18,17,16,51
3907,16,18,14,18,66
3911,0,34,15,18,67
3912,0,17,15,18,50
3913,0,33,49,17,99
3914,18,33,51,16,118
3915,0,33,51,16,100
3916,17,33,18,16,84
3918,17,34,16,18,85
3919,0,34,16,18,68
3921,0,34,66,17,117
3924,16,16,18,17,67
3925,16,18,17,31,82
3927,17,31,18,34,100
3928,31,18,17,17,83
3929,15,18,17,17,67
3930,0,18,17,17,52
3931,17,17,17,33,84
3932,17,50,15,19,101
3933,0,50,15,19,84
3934,15,18,15,19,67
3935,18,34,17,31,100
3936,34,17,14,17,82
3937,19,17,14,17,67
3939,14,35,17,32,98
3940,17,18,17,32,84
3941,0,18,17,32,67
3942,17,49,17,33,116
3943,15,34,17,33,99
3945,0,17,17,33,67
3946,17,49,16,17,99
3947,15,34,16,17,82
3949,0,16,16,17,49
3950,16,17,17,16,66
3951,17,33,86,31,167
3952,0,33,86,31,150
3953,16,36,15,17,84
3955,19,32,18,31,100
3956,0,32,18,31,81
3957,17,18,15,16,66
3959,0,49,17,33,99
3961,0,18,17,33,68
3962,17,33,17,34,101
3963,16,17,17,34,84
3964,17,51,32,17,117
3965,0,51,32,17,100
3966,34,32,17,33,116
3967,18,32,17,33,100
3969,17,17,16,17,67
3972,17,17,15,17,66
3974,15,17,17,17,66
3976,0,34,18,32,84
3977,17,18,16,16,67
3978,0,18,16,16,50
3979,16,34,15,18,83
3980,67,17,16,17,117
3981,18,33,17,16,84
3982,0,33,17,16,66
3984,0,17,16,17,50
3986,17,49,18,17,101
3987,0,49,18,17,84
3990,18,49,17,35,119
3991,17,32,17,35,101
3994,0,17,16,19,52
3995,16,19,16,16,67
3997,0,32,17,31,80
3999,0,48,17,17,82
4000,0,31,17,17,65
4001,16,34,17,18,85
4002,0,34,17,18,69
4003,17,35,16,17,85
4004,17,18,16,17,68
4005,0,18,16,17,51
4006,0,16,17,32,65
4008,0,32,18,17,67
4009,17,18,17,16,68
4010,0,18,17,16,51
4011,17,16,16,16,65
4013,0,49,18,17,84
4015,0,17,18,17,52
4020,0,33,17,17,67
4021,18,17,17,16,68
4022,0,17,17,16,50
4024,0,16,99,17,132
4026,16,17,17,17,67
4027,0,17,17,17,51
4029,17,33,33,17,100
4031,17,18,15,17,67
4032,0,18,15,17,50
4033,15,35,32,18,100
4035,0,18,32,18,68
4036,16,34,16,17,83
4038,18,33,16,17,84
4040,17,33,16,16,82
4041,0,33,16,16,65
4042,0,17,16,16,49
4043,0,50,17,32,99
4045,0,18,17,32,67
4046,17,50,17,31,115
4047,15,35,17,31,98
4048,0,35,17,31,83
4049,0,18,17,31,66
4050,17,48,18,18,101
4051,15,33,18,18,84
4052,16,17,18,18,69
4053,0,17,18,18,53
4054,18,18,32,34,102
4055,18,15,17,34,84
4056,0,15,17,34,66
4058,15,19,16,17,67
4060,0,33,32,18,83
4061,17,32,35,16,100
4062,0,32,35,16,83
4063,17,18,17,16,68
4064,18,33,19,30,100
4065,17,16,19,30,82
4066,16,49,18,18,101
4068,30,18,18,15,81
4071,67,49,17,17,150
4072,0,15,17,17,49
4076,17,17,17,17,68
4077,0,17,17,17,51
4079,17,17,15,17,66
4081,0,49,17,18,84
4083,0,17,17,18,52
4085,18,32,17,17,84
4086,0,32,17,17,66
4087,17,17,17,32,83
4089,17,32,17,17,83
4093,0,50,34,33,117
4095,17,18,16,33,84
4096,0,18,16,33,67
4097,0,49,18,32,99
4099,17,18,65,17,117
4100,0,18,65,17,100
4101,14,34,17,17,82
4103,33,17,17,32,99
4104,17,17,17,32,83
4105,17,17,15,17,66
4106,0,17,15,17,49
4107,15,35,15,18,83
4108,17,18,15,18,68
4109,0,18,15,18,51
4110,15,18,17,33,83
4111,18,17,16,17,68
4112,0,17,16,17,50
4113,16,33,18,32,99
4115,0,16,18,32,66
4116,18,50,16,18,102
4117,15,35,16,18,84
4118,17,18,16,18,69
4120,16,34,15,18,83
4122,0,16,15,18,49
4123,0,33,17,33,83
4124,18,50,15,19,102
4126,16,17,15,19,67
4127,17,34,15,17,83
4128,0,34,15,17,66
4129,19,32,50,34,135
4130,0,32,50,34,116
4131,17,34,33,17,101
4132,0,34,33,17,84
4133,18,16,17,17,68
4134,0,16,17,17,50
4135,0,34,16,17,67
4136,17,33,18,32,100
4137,0,33,18,32,83
4138,17,50,18,32,117
4141,18,18,15,17,68
4143,15,17,16,17,65
4145,0,50,17,17,84
4147,0,17,17,17,51
4148,34,33,17,16,100
4149,17,33,17,16,83
4150,0,33,17,16,66
4151,18,17,16,17,68
4154,0,17,16,16,49
4155,0,49,17,17,83
4157,0,17,17,17,51
4159,17,17,18,15,67
4160,0,17,18,15,50
4162,0,15,18,31,64
4163,0,49,0,17,66
4164,14,17,0,17,48
4165,17,35,15,17,84
4166,0,35,15,17,67
4167,0,18,15,17,50
4168,15,17,18,32,82
4169,17,18,15,17,67
4170,0,18,15,17,50
4171,15,33,19,16,83
4174,19,50,16,18,103
4175,16,34,16,18,84
4177,19,16,18,32,85
4179,0,50,32,17,99
4180,0,32,32,17,81
4181,18,17,15,17,67
4183,0,50,34,32,116
4184,17,18,34,32,101
4185,0,18,34,32,84
4187,17,32,17,17,83
4190,0,17,17,17,51
4191,17,17,15,17,66
4192,0,17,15,17,49
4194,17,18,16,17,68
4195,34,50,49,18,151
4196,16,50,49,18,133
4197,17,33,49,18,117
4199,17,33,16,18,84
4200,0,33,16,18,67
4203,18,18,14,17,67
4204,0,18,14,17,49
4205,14,17,18,31,80
4206,102,35,14,17,168
4208,14,17,18,18,67
4209,17,18,18,35,88
4210,0,18,18,35,71
4211,18,35,14,17,84
4213,20,14,0,17,51
4214,0,14,0,17,31
4215,0,49,19,16,84
4217,17,19,49,32,117
4218,19,32,17,32,100
4219,16,16,17,32,81
4221,0,49,0,18,67
4222,15,17,0,18,50
4223,17,18,16,17,68
4225,0,33,17,32,82
4226,66,18,0,17,101
4227,0,49,18,17,84
4228,15,17,18,17,67
4229,17,18,0,17,52
4230,18,49,18,33,118
4231,17,32,18,33,100
4232,0,32,18,33,83
4236,18,50,17,33,118
4237,0,50,17,33,100
4239,0,18,17,33,68
4240,17,33,16,17,83
4243,0,33,19,15,67
4244,17,34,16,17,84
4245,0,34,16,17,67
4246,15,33,15,18,81
4247,0,33,15,18,66
4249,0,33,17,17,67
4250,18,34,15,18,85
4251,0,34,15,18,67
4252,17,33,16,17,83
4253,0,33,16,17,66
4254,18,33,15,19,85
4255,0,33,15,19,67
4256,17,34,0,32,83
4257,0,34,0,32,66
4259,0,50,15,17,82
4260,17,18,15,17,67
4262,0,32,16,18,66
4265,18,18,14,17,67
4267,0,48,17,17,82
4268,17,17,17,17,68
4269,0,17,17,17,51
4270,17,35,15,17,84
4271,0,35,15,17,67
4272,0,18,15,17,50
4274,0,17,47,19,83
4276,19,48,17,17,101
4278,19,16,17,17,69
4280,17,17,18,16,68
4281,17,18,50,32,117
4283,0,33,17,32,82
4284,0,17,17,32,66
4286,15,17,51,16,99
4287,17,33,18,16,84
4288,67,33,16,18,134
4289,0,16,18,16,50
4290,0,18,16,33,67
4293,17,34,15,17,83
4295,0,18,15,17,50
4296,0,32,17,17,66
4297,17,34,16,17,84
4298,0,34,16,17,67
4300,0,33,35,36,104
4301,17,18,17,36,88
4303,0,53,15,15,83
4308,0,37,13,16,66
4309,21,13,16,19,69
4311,16,19,48,16,99
4312,0,19,48,16,83
4315,31,19,34,15,99
4316,16,19,34,15,84
4317,0,19,34,15,68
4318,17,32,16,17,82
4320,0,15,16,17,48
4321,0,33,18,32,83
4323,0,50,18,17,85
4324,15,17,18,17,67
4326,0,18,17,31,66
4327,17,31,18,17,83
4328,0,31,18,17,66
4329,17,18,17,15,67
4331,67,34,49,16,166
4332,0,15,18,17,50
4336,19,32,17,16,84
4337,0,32,17,16,65
4338,0,16,17,16,49
4339,0,33,51,15,99
4340,0,16,51,15,82
4342,18,33,19,15,85
4343,0,33,19,15,67
4345,0,34,17,17,68
4347,0,34,0,18,52
4348,17,34,16,18,85
4349,0,34,16,18,68
4350,0,16,16,18,50
4351,16,18,15,18,67
4354,18,32,17,17,84
4357,0,34,0,16,50
4358,0,17,0,16,33
4360,0,18,15,17,50
4361,0,32,0,18,50
4362,17,35,15,16,83
4363,0,35,15,16,66
4364,0,17,15,16,48
4365,15,16,16,18,65
4366,16,34,18,16,84
4367,0,34,18,16,68
4368,18,34,15,18,85
4370,0,16,15,18,49
4371,0,33,20,12,65
4374,0,12,17,17,46
4376,17,33,18,16,84
4379,18,16,16,17,67
4380,16,33,0,17,66
4381,0,33,0,17,50
4382,17,33,18,17,85
4383,17,16,18,17,68
4385,18,17,49,17,101
4386,17,32,17,17,83
4387,0,32,17,17,66
4389,17,17,18,14,66
4390,17,32,18,17,84
4391,0,32,18,17,67
4392,14,35,65,18,132
4394,17,50,15,18,100
4397,18,15,51,17,101
4398,0,15,51,17,83
4400,0,16,17,17,50
4401,17,17,16,17,67
4404,0,17,84,32,133
4405,0,36,15,15,66
4406,0,19,15,15,49
4407,15,15,18,32,80
4408,15,50,18,17,100
4411,17,18,17,15,67
4412,0,18,17,15,50
4413,17,15,18,15,65
4414,0,15,18,15,48
4415,0,33,17,18,68
4417,0,35,15,17,67
4419,0,32,18,18,68
4420,17,36,15,16,84
4421,36,31,66,17,150
4422,18,31,66,17,132
4424,16,50,16,17,99
4425,0,50,16,17,83
4427,0,17,16,17,50
4428,16,17,18,17,68
4429,17,18,17,17,69
4430,0,18,17,17,52
4431,17,17,49,17,100
4432,0,17,49,17,83
4434,17,34,18,15,84
4435,0,34,18,15,67
4437,0,33,15,18,66
4438,0,15,15,18,48
4439,0,33,50,17,100
4442,17,34,16,18,85
4443,0,34,16,18,68
4444,17,34,0,16,67
4445,0,34,0,16,50
4446,18,33,17,15,83
4448,34,15,0,18,67
4449,17,15,0,18,50
4450,0,15,0,18,33
4451,0,33,18,17,68
4452,0,15,18,17,50
4453,18,17,50,16,101
4454,17,33,17,16,83
4455,0,33,17,16,66
4457,17,16,16,18,67
4458,16,34,50,16,116
4460,18,33,17,16,84
4461,33,33,17,16,99
4465,0,33,18,17,68
4467,0,35,15,17,67
4468,17,32,17,18,84
4469,0,32,17,18,67
4470,17,35,16,16,84
4471,0,35,16,16,67
4472,50,33,18,17,118
4473,0,32,16,17,65
4474,16,33,18,17,84
4475,51,17,15,17,100
4477,18,17,15,17,67
4480,17,34,15,17,83
4481,34,32,17,17,100
4482,17,32,17,17,83
4483,0,32,17,17,66
4484,17,34,17,16,84
4485,17,17,17,16,67
4486,17,33,17,16,83
4487,0,33,17,16,66
4488,16,33,52,31,132
4489,0,33,52,31,116
4490,16,35,17,31,99
4491,0,35,17,31,83
4492,18,48,17,17,100
4493,17,31,17,17,82
4495,17,17,17,16,67
4497,0,33,18,17,68
4498,0,16,18,17,51
4499,0,35,49,17,101
4500,17,32,50,17,116
4501,0,32,50,17,99
4502,0,17,50,17,84
4503,17,17,16,17,67
4504,17,33,16,17,83
4505,0,33,16,17,66
4506,17,33,18,16,84
4507,0,33,18,16,67
4508,17,34,17,17,85
4509,0,34,17,17,68
4510,16,34,15,18,83
4512,0,17,15,18,50
4513,0,33,15,17,65
4517,34,33,17,17,101
4518,16,33,17,17,83
4520,17,34,16,17,84
4521,0,34,16,17,67
4522,17,33,16,17,83
4523,66,34,16,17,133
4524,17,33,17,17,84
4525,0,33,17,17,67
4526,17,34,16,17,84
4527,0,34,16,17,67
4528,17,33,17,17,84
4530,17,34,17,32,100
4533,83,17,17,15,132
4536,0,17,83,16,116
4538,34,15,17,16,82
4540,0,15,17,16,48
4542,0,16,17,18,51
4543,0,35,17,16,68
4545,0,33,16,17,66
4546,0,16,16,17,49
4547,0,33,17,17,67
4548,17,34,15,17,83
4549,0,34,15,17,66
4550,17,49,17,17,100
4551,0,49,17,17,83
4552,17,17,17,17,68
4553,0,17,17,17,51
4554,17,50,17,17,101
4555,17,33,17,17,84
4556,0,33,17,17,67
4557,18,17,17,15,67
4559,0,32,51,17,100
4560,0,15,51,17,83
4561,0,34,17,17,68
4562,17,34,15,19,85
4565,0,34,16,16,66
4566,19,32,17,17,85
4567,16,16,17,17,66
4568,0,16,17,17,50
4569,0,34,16,17,67
4571,0,33,16,17,66
4572,17,33,17,17,84
4573,0,33,17,17,67
4574,17,34,16,17,84
4575,0,34,16,17,67
4576,17,33,16,17,83
4577,0,33,16,17,66
4578,17,33,18,17,85
4581,0,35,14,19,68
4582,17,33,16,17,83
4583,0,33,16,17,66
4584,19,33,65,18,135
4585,0,33,65,18,116
4587,65,35,17,32,149
4588,15,17,16,18,66
4589,17,16,52,32,117
4590,16,35,17,32,100
4591,18,17,17,32,84
4593,17,32,18,16,83
4594,15,17,18,16,66
4595,17,18,16,33,84
4596,0,18,16,33,67
4597,0,49,17,16,82
4599,18,17,16,17,68
4601,16,17,16,17,66
4603,33,34,16,18,101
4605,0,34,16,18,68
4606,17,34,15,18,84
4607,0,34,15,18,67
4608,18,33,16,17,84
4609,0,33,16,17,66
4610,18,33,16,16,83
4611,0,33,16,16,65
4612,17,32,18,17,84
4613,0,32,18,17,67
4614,16,35,16,16,83
4615,0,35,16,16,67
4616,17,32,18,32,99
4621,17,18,17,15,67
4623,0,32,50,17,99
4624,0,15,50,17,82
4625,0,34,16,17,67
4628,17,34,15,17,83
4629,0,34,15,17,66
4630,17,32,17,17,83
4631,0,32,17,17,66
4632,17,34,18,17,86
4633,0,34,18,17,69
4634,17,35,14,17,83
4635,66,34,16,17,133
4636,17,31,17,17,82
4638,17,34,16,17,84
4641,0,33,15,19,67
4642,17,34,16,17,84
4644,19,33,49,18,119
4645,0,33,49,18,100
4646,17,34,15,18,84
4647,0,34,15,18,67
4648,0,17,15,18,50
4649,0,33,0,17,50
4650,18,33,16,17,84
4652,0,16,16,17,49
4653,0,33,17,17,67
4654,17,34,16,17,84
4656,17,33,17,17,84
4657,0,33,17,17,67
4658,17,34,18,15,84
4659,0,34,18,15,67
4660,17,33,18,15,83
4662,15,33,17,17,82
4663,0,33,17,17,67
4664,15,34,16,16,81
4666,17,32,18,16,83
4667,0,32,18,16,66
4668,16,34,17,16,83
4669,0,34,17,16,67
4670,16,33,18,16,83
4671,0,33,18,16,67
4673,0,34,17,17,68
4674,16,34,47,20,117
4675,68,33,16,17,134
4676,17,34,13,20,84
4677,0,34,13,20,67
4678,18,33,16,17,84
4679,0,33,16,17,66
4680,20,33,16,17,86
4682,17,33,17,17,84
4683,33,34,15,18,100
4684,0,17,17,17,51
4686,50,32,18,17,117
4687,0,33,50,17,100
4688,18,32,18,17,85
4689,0,32,18,17,67
4690,17,35,16,17,85
4691,0,35,16,17,68
4692,17,33,50,16,116
4694,17,33,17,16,83
4695,0,33,17,16,66
4696,50,33,17,17,117
4697,0,33,16,17,66
4698,16,33,17,17,83
4701,17,17,17,15,66
4702,0,17,17,15,49
4703,0,32,18,17,67
4704,15,35,15,17,82
4705,0,35,15,17,67
4708,17,50,18,15,100
4710,0,32,18,15,65
4711,17,18,15,18,68
4714,0,18,50,33,101
4716,16,50,17,16,99
4718,15,18,17,16,66
4719,18,17,16,36,87
4721,16,36,15,18,85
4723,20,15,18,15,68
4724,0,15,18,15,48
4725,0,33,49,29,111
4726,0,15,49,29,93
4727,0,34,15,29,78
4728,19,44,24,15,102
4729,0,44,24,15,83
4731,0,24,15,17,56
4732,18,32,17,16,83
4733,15,17,17,16,65
4735,0,33,17,18,68
4737,0,35,16,17,68
4741,0,33,17,16,66
4742,17,33,17,17,84
4743,0,33,17,17,67
4745,0,34,17,15,66
4750,17,32,18,17,84
4753,0,35,49,18,102
4754,0,17,49,18,84
4759,33,33,17,17,100
4760,17,33,17,17,84
4761,0,33,17,17,67
4762,0,17,17,17,51
4763,0,34,16,17,67
4766,0,17,15,18,50
4768,18,33,17,17,85
4770,17,34,17,15,83
4771,0,34,17,15,66
4772,0,17,17,15,49
4773,0,32,17,17,66
4774,15,34,17,17,83
4775,0,34,17,17,68
4776,17,34,50,17,118
4777,0,34,50,17,101
4778,17,32,18,17,84
4779,32,35,16,17,100
4780,16,35,16,17,84
4783,0,33,15,18,66
4784,0,17,15,18,50
4785,0,33,17,18,68
4787,0,35,13,19,67
4788,18,32,15,18,83
4789,0,32,15,18,65
4791,0,33,17,16,66
4792,18,33,16,18,85
4793,0,33,16,18,67
4794,16,34,15,17,82
4795,0,34,15,17,66
4796,18,32,33,18,101
4797,0,32,33,18,83
4799,0,33,0,18,51
4804,15,34,17,16,82
4805,0,34,17,16,67
4806,17,33,18,16,84
4808,16,34,17,17,84
4810,16,34,50,15,115
4811,0,34,50,15,99
4814,17,33,18,16,84
4815,0,33,18,16,67
4816,15,34,17,17,83
4818,16,34,16,16,82
4820,17,32,18,17,84
4821,0,32,18,17,67
4823,0,35,19,12,66
4825,0,31,85,15,131
4826,12,35,17,16,80
4827,0,35,17,16,68
4828,17,33,17,15,82
4829,0,33,17,15,65
4831,0,32,19,15,66
4833,0,34,17,17,68
4834,15,34,17,17,83
4835,0,34,17,17,68
4836,17,34,17,16,84
4837,0,34,17,16,67
4838,17,33,17,16,83
4840,16,33,17,17,83
4841,0,33,17,17,67
4842,16,34,16,16,82
4845,32,34,18,15,99
4847,0,34,18,15,67
4849,0,33,18,17,68
4850,0,15,18,17,50
4853,0,32,18,15,65
4855,133,33,17,17,200
4856,15,35,16,16,82
4857,0,35,16,16,67
4859,0,32,18,15,65
4861,0,33,16,17,66
4862,15,33,17,17,82
4864,17,34,17,16,84
4867,0,33,17,17,67
4868,16,34,17,17,84
4870,17,34,15,17,83
4871,0,34,15,17,66
4872,17,32,0,18,67
4873,0,32,0,18,50
4874,17,34,51,16,118
4877,0,33,18,16,67
4881,0,34,15,17,66
4882,18,32,16,18,84
4883,0,32,16,18,66
4884,17,34,17,16,84
4885,0,34,17,16,67
4887,0,33,50,17,100
4888,83,34,16,17,150
4889,0,33,17,17,67
4890,0,17,17,17,51
4892,17,34,16,17,84
4893,0,34,16,17,67
4894,0,17,16,17,50
4895,16,17,15,18,66
4896,17,33,16,16,82
4898,0,18,16,16,50
4899,0,32,50,18,100
4900,0,16,50,18,84
4902,17,34,16,17,84
4903,67,33,17,17,134
4904,18,33,16,17,84
4906,17,33,17,17,84
4907,0,33,17,17,67
4909,0,34,50,18,102
4911,34,34,15,17,100
4912,18,34,15,17,84
4913,0,34,15,17,66
4914,0,18,15,17,50
4915,32,32,18,15,97
4917,0,32,18,15,65
4918,0,15,18,15,48
4919,0,33,18,17,68
4920,0,15,18,17,50
4921,0,35,16,18,69
4922,17,34,15,18,84
4923,0,34,15,18,67
4924,0,18,15,18,51
4925,0,33,15,17,65
4927,0,32,17,17,66
4930,17,33,17,33,100
4931,0,33,17,33,83
4932,17,50,17,18,102
4933,0,50,17,18,85
4934,33,17,18,15,83
4935,19,17,18,15,69
4937,18,15,18,15,66
4939,0,33,50,17,100
4940,15,34,16,17,82
4942,16,33,18,16,83
4943,0,33,18,16,67
4945,0,34,16,18,68
4946,16,34,15,17,82
4949,0,32,18,15,65
4951,0,33,51,16,100
4952,15,34,17,16,82
4954,17,33,17,16,83
4955,0,33,17,16,66
4956,16,33,17,16,82
4957,0,33,17,16,66
4958,16,33,18,17,84
4960,16,35,15,18,84
4962,17,33,16,17,83
4964,18,33,16,18,85
4965,0,33,16,18,67
4966,17,34,15,17,83
4967,34,32,18,15,99
4968,18,32,18,15,83
4969,0,32,18,15,65
4970,17,33,17,17,84
4972,15,34,17,17,83
4973,34,34,17,17,102
4974,17,34,17,17,85
4976,17,34,16,16,83
4977,0,34,16,16,66
4978,17,32,17,17,83
4980,0,16,17,17,50
4981,0,34,16,17,67
4982,50,34,17,15,116
4985,17,17,17,15,66
4987,0,32,17,17,66
4988,15,34,17,15,81
4989,51,15,18,17,101
4992,0,15,18,17,50
4996,16,35,16,18,85
4997,0,35,16,18,69
4998,0,17,16,18,51
4999,34,32,17,17,100
5000,18,32,17,17,84
5001,0,32,17,17,66
5002,16,34,16,17,83
5004,17,33,17,17,84
5006,17,34,15,17,83
5007,0,34,15,17,66
5010,17,34,15,17,83
5011,0,34,15,17,66
5013,0,32,18,17,67
5014,17,35,15,17,84
5018,17,35,83,15,150
5019,0,35,83,15,133
5020,17,32,17,17,83
5021,0,32,17,17,66
5022,0,17,17,17,51
5024,17,32,52,15,116
5025,0,32,52,15,99
5026,15,35,17,15,82
5027,0,35,17,15,67
5029,0,32,0,17,49
5032,0,17,17,17,51
5034,17,32,18,16,83
5035,0,32,18,16,66
5036,17,34,17,16,84
5038,16,33,17,18,84
5039,0,33,17,18,68
5040,16,35,15,18,84
5041,35,33,14,18,100
5042,18,33,14,18,83
5043,15,18,14,18,65
5044,18,32,50,17,117
5045,0,32,50,17,99
5048,17,33,16,16,82
5049,33,32,19,16,100
5050,17,32,19,16,84
5053,0,35,50,16,101
5054,16,33,17,16,82
5055,0,33,17,16,66
5056,0,17,17,16,50
5060,0,17,17,16,50
5061,0,33,52,15,100
5062,16,34,18,15,83
5064,17,33,18,15,83
5065,0,33,18,15,66
5066,48,35,49,18,150
5067,0,33,17,18,68
5068,50,33,16,18,117
5070,18,33,16,18,85
5073,0,34,16,17,67
5076,17,32,18,15,82
5077,0,32,18,15,65
5078,17,33,18,17,85
5079,0,33,18,17,68
5082,17,33,16,17,83
5083,83,17,17,15,132
5084,18,33,17,17,85
5085,33,34,17,15,99
5086,17,34,17,15,83
5087,0,34,17,15,66
5088,0,17,17,15,49
5095,0,33,51,16,100
5096,17,33,18,16,84
5098,17,34,33,15,99
5099,0,34,33,15,82
5102,32,18,16,18,84
5103,15,18,16,18,67
5104,0,18,16,18,52
5105,0,34,15,17,66
5108,17,34,16,18,85
5109,50,18,16,17,101
5110,16,34,16,17,83
5112,18,33,16,18,85
5114,17,34,15,17,83
5115,34,32,17,16,99
5116,18,32,17,16,83
5119,0,33,18,17,68
5120,34,17,15,17,83
5121,18,17,15,17,67
5122,0,17,15,17,49
5123,0,32,17,17,66
5124,17,34,16,18,85
5125,34,34,17,15,100
5126,17,34,17,15,83
5127,0,34,17,15,66
5128,18,32,17,16,83
5129,0,32,17,16,65
5131,0,33,16,19,68
5132,0,16,16,19,51
5137,0,33,18,16,67
5138,16,34,17,16,83
5139,0,34,17,16,67
5140,16,33,18,15,82
5141,0,33,18,15,66
5144,15,35,17,15,82
5145,0,35,17,15,67
5146,18,32,17,17,84
5148,15,34,15,18,82
5149,0,34,15,18,67
5150,17,33,17,17,84
5151,0,33,17,17,67
5152,18,34,49,17,118
5153,0,34,49,17,100
5154,17,32,17,17,83
5157,0,34,17,16,67
5158,17,33,17,16,83
5159,0,33,17,16,66
5160,16,33,0,17,66
5161,17,16,0,17,50
5162,0,16,0,17,33
5163,0,33,33,19,85
5164,0,16,33,19,68
5165,33,34,18,17,102
5167,16,15,18,17,66
5168,15,35,15,17,82
5169,0,35,15,17,67
5172,17,33,18,18,86
5176,18,33,15,17,83
5177,16,17,15,17,65
5178,0,17,15,17,49
5179,32,34,16,16,98
5181,0,34,16,16,66
5182,17,32,51,16,116
5183,0,32,51,16,99
5184,16,35,16,16,83
5185,0,35,16,16,67
5187,16,16,17,17,66
5188,16,34,16,16,82
5190,17,32,18,17,84
5191,0,32,18,17,67
5192,0,16,18,17,51
5193,18,17,16,17,68
5196,17,34,17,15,83
5197,0,34,17,15,66
5198,0,17,17,15,49
5199,0,32,35,16,83
5201,0,35,0,16,51
5202,17,32,18,16,83
5203,0,32,18,16,66
5205,34,33,17,17,101
5206,16,33,17,17,83
5207,0,33,17,17,67
5208,0,17,17,17,51
5209,0,34,0,16,50
5210,17,32,18,17,84
5211,16,16,18,17,67
5212,34,17,15,17,83
5215,0,32,84,16,132
5218,0,18,16,16,50
5219,16,16,18,16,66
5220,16,34,16,17,83
5221,0,34,16,17,67
5222,16,33,18,15,82
5223,33,33,52,15,133
5224,17,33,52,15,117
5225,0,33,52,15,100
5227,0,34,18,15,67
5230,15,34,16,17,82
5232,0,17,16,17,50
5233,0,33,16,17,66
5237,0,35,16,17,68
5239,0,33,15,17,65
5240,17,32,51,15,115
5241,0,32,51,15,98
5242,17,35,16,15,83
5244,17,31,17,18,83
5245,0,31,17,18,66
5246,15,35,16,17,83
5247,0,35,16,17,68
5248,18,33,17,17,85
5249,33,34,17,15,99
5251,0,34,17,15,66
5252,17,32,18,17,84
5253,0,32,18,17,67
5254,15,35,16,16,82
5256,17,32,16,17,82
5257,0,32,16,17,65
5258,16,33,17,17,83
5259,0,33,17,17,67
5260,17,34,16,17,84
5261,0,34,16,17,67
5262,17,33,17,16,83
5263,0,33,17,16,66
5266,16,34,18,14,82
5267,0,34,18,14,66
5268,17,32,18,18,85
5269,32,36,0,15,83
5271,0,36,0,15,51
5272,18,32,17,17,84
5273,0,32,17,17,66
5274,34,17,16,16,83
5275,17,17,16,16,66
5279,0,34,16,16,66
5280,16,32,18,16,82
5281,0,32,18,16,66
5285,0,35,15,17,67
5286,16,32,17,15,80
5287,0,32,17,15,64
5288,17,32,19,17,85
5289,0,32,19,17,68
5291,0,36,15,17,68
5292,17,32,18,15,82
5293,0,32,18,15,65
5295,0,33,18,16,67
5297,0,34,17,17,68
5298,16,34,15,17,82
5299,0,34,15,17,66
5302,17,33,17,17,84
5303,33,34,18,15,100
5304,14,34,18,15,81
5305,34,33,18,15,100
5306,17,33,18,15,83
5307,0,33,18,15,66
5308,15,33,18,15,81
5314,18,32,0,18,68
5315,0,32,0,18,50
5316,15,33,18,16,82
5317,0,33,18,16,67
5318,0,15,18,16,49
5319,0,34,17,16,67
5321,0,33,18,17,68
5322,0,16,18,17,51
5323,0,35,17,16,68
5324,17,33,15,17,82
5325,0,33,15,17,65
5327,0,32,17,17,66
5329,0,34,16,18,68
5331,0,34,15,18,67
5332,18,33,17,15,83
5333,0,33,17,15,65
5334,18,32,18,17,85
5338,17,33,17,16,83
5339,0,33,17,16,66
5340,18,33,17,15,83
5342,16,32,18,17,83
5343,0,32,18,17,67
5345,35,34,17,15,101
5346,17,34,17,15,83
5347,0,34,17,15,66
5349,0,32,17,16,65
5350,0,15,17,16,48
5351,0,33,18,15,66
5353,0,33,19,16,68
5354,15,35,16,16,82
5355,0,35,16,16,67
5356,16,32,17,16,81
5357,0,32,17,16,65
5358,16,33,51,16,116
5359,0,33,51,16,100
5360,0,16,51,16,83
5361,19,15,17,16,67
5362,0,15,17,16,48
5363,0,33,17,16,66
5365,17,16,0,17,50
5367,0,34,16,17,67
5368,0,17,16,17,50
5369,16,17,17,18,68
5370,17,35,15,18,85
5371,0,35,15,18,68
5373,0,33,0,19,52
5374,0,18,0,19,37
5375,0,33,17,17,67
5376,31,17,15,17,80
5378,17,32,17,16,82
5380,17,33,18,15,83
5381,0,33,18,15,66
5383,0,33,18,16,67
5384,15,34,51,17,117
5385,0,34,51,17,102
5387,0,33,18,17,68
5388,15,35,16,15,81
5390,17,31,18,16,82
5391,0,31,18,16,65
5394,0,16,17,17,50
5395,0,34,17,17,68
5397,0,34,49,18,101
5399,32,35,15,17,99
5401,35,32,16,18,101
5403,0,32,16,18,66
5406,18,33,54,12,117
5407,0,33,54,12,99
5408,33,17,21,12,83
5409,16,17,21,12,66
5412,12,34,17,17,80
5413,0,34,17,17,68
5414,0,18,17,17,52
5415,0,34,16,18,68
5416,17,34,16,16,83
5417,0,34,16,16,66
5418,0,18,16,16,50
5421,0,32,18,16,66
5422,15,34,17,17,83
5423,0,34,17,17,68
5424,16,34,17,16,83
5427,0,33,0,17,50
5428,0,16,0,17,33
5429,0,35,15,17,67
5432,0,17,16,17,50
5433,0,33,49,19,101
5434,17,34,15,19,85
5435,0,34,15,19,68
5437,0,34,49,16,99
5438,19,33,16,16,84
5439,0,33,16,16,65
5440,17,32,18,17,84
5441,32,35,15,17,99
5443,0,35,15,17,67
5444,17,32,17,19,85
5446,0,17,17,19,53
5447,0,36,63,18,117
5448,19,32,49,16,116
5449,0,32,49,16,97
5450,19,31,18,16,84
5451,0,31,18,16,65
5452,16,34,18,15,83
5453,52,15,0,18,85
5454,0,16,18,15,49
5455,0,33,0,18,51
5456,0,15,0,18,33
5457,0,35,84,16,135
5458,0,17,84,16,117
5459,17,16,17,16,66
5460,16,33,18,16,83
5461,0,33,18,16,67
5462,16,34,16,18,84
5463,0,34,16,18,68
5464,16,34,15,17,82
5465,0,34,15,17,66
5466,18,32,51,17,118
5468,17,34,17,17,85
5469,68,32,17,16,133
5470,17,34,15,17,83
5471,0,34,15,17,66
5472,17,32,17,16,82
5475,0,33,49,18,100
5476,0,16,49,18,83
5477,0,35,14,18,67
5478,50,34,17,15,116
5479,0,32,51,15,98
5480,18,34,17,15,84
5482,17,32,0,16,65
5483,32,34,17,17,100
5484,0,15,0,16,31
5485,0,34,17,17,68
5487,17,17,16,17,67
5489,0,33,50,15,98
5490,17,32,18,15,82
5491,0,32,18,15,65
5492,49,35,16,17,117
5493,33,35,16,17,101
5494,15,35,16,17,83
5495,0,35,16,17,68
5497,0,33,17,17,67
5498,17,34,15,17,83
5500,17,32,17,16,82
5502,0,17,17,16,50
5503,0,33,51,17,101
5504,16,35,16,17,84
5505,0,35,16,17,68
5506,17,33,17,16,83
5507,0,33,17,16,66
5508,17,33,17,17,84
5511,17,17,15,17,66
5512,0,17,15,17,49
5513,0,32,17,17,66
5514,0,17,17,17,51
5518,17,32,52,15,116
5519,0,32,52,15,99
5520,15,34,18,15,82
5522,17,33,17,16,83
5523,18,15,17,16,66
5524,15,33,19,15,82
5526,16,34,17,17,84
5531,0,33,17,16,66
5533,0,33,16,17,66
5534,16,33,18,17,84
5535,0,33,18,17,68
5536,17,35,15,17,84
5537,0,35,15,17,67
5538,17,32,18,16,83
5539,0,32,18,16,66
5540,17,34,17,16,84
5541,0,34,17,16,67
5543,0,33,15,18,66
5544,0,16,15,18,49
5547,0,34,17,17,68
5548,0,17,17,17,51
5551,0,33,16,17,66
5553,0,33,16,17,66
5555,0,33,17,17,67
5556,0,17,17,17,51
5557,0,34,17,15,66
5558,0,17,17,15,49
5559,0,32,22,13,67
5560,15,35,15,17,82
5561,35,32,16,18,101
5562,13,32,16,18,79
5563,0,32,16,18,66
5564,17,34,17,17,85
5567,17,17,15,17,66
5568,0,17,15,17,49
5570,17,33,18,17,85
5572,16,35,16,17,84
5573,0,35,16,17,68
5575,0,33,15,18,66
5576,17,33,17,16,83
5579,0,33,0,17,50
5580,0,16,0,17,33
5581,0,35,14,17,66
5582,32,17,51,17,117
5583,31,34,17,17,99
5584,17,34,17,17,85
5592,0,13,17,17,47
5594,17,33,17,18,85
5595,0,33,17,18,68
5596,16,35,17,20,88
5598,18,37,13,17,85
5599,0,37,13,17,67
5600,20,30,17,15,82
5601,0,30,17,15,62
5602,17,32,18,16,83
5603,0,32,18,16,66
5604,15,34,15,17,81
5605,34,32,17,17,100
5609,0,34,18,16,68
5610,17,34,51,15,117
5611,0,34,51,15,100
5613,33,33,17,17,100
5614,35,15,17,17,84
5615,18,15,17,17,67
5616,15,34,34,16,99
5617,0,34,34,16,84
5618,17,34,16,17,84
5619,0,34,16,17,67
5620,17,33,16,16,82
5621,0,33,16,16,65
5622,0,17,16,16,49
5623,0,32,18,16,66
5625,0,34,16,17,67
5626,0,16,16,17,49
5627,0,33,18,15,66
5628,17,33,18,15,83
5629,0,33,18,15,66
5630,0,15,18,15,48
5631,0,33,18,14,65
5632,0,15,18,14,47
5633,0,32,52,17,101
5634,0,14,52,17,83
5635,0,35,17,17,69
5637,34,33,16,17,100
5638,17,33,16,17,83
5639,0,33,16,17,66
5640,0,17,16,17,50
5641,0,33,18,15,66
5642,17,33,18,16,84
5643,0,33,18,16,67
5644,0,15,18,16,49
5645,0,34,16,17,67
5646,16,33,18,18,85
5647,0,33,18,18,69
5648,53,31,50,18,152
5650,18,31,50,18,117
5651,0,31,50,18,99
5652,0,16,50,18,84
5653,0,34,16,18,68
5654,0,16,16,18,50
5655,16,18,15,18,67
5656,18,33,16,16,83
5659,0,32,17,18,67
5661,0,35,15,18,68
5663,0,33,17,14,64
5664,18,31,53,16,118
5666,50,33,84,16,183
5667,0,36,17,16,69
5668,17,33,84,16,150
5669,33,33,17,17,100
5671,33,34,17,16,100
5673,0,34,17,16,67
5674,17,33,16,16,82
5675,0,33,16,16,65
5677,32,34,17,17,100
5678,34,16,17,17,84
5679,0,34,17,17,68
5680,0,16,17,17,50
5682,17,33,16,16,82
5684,83,34,14,18,149
5686,16,35,16,18,85
5687,0,35,16,18,69
5689,0,34,14,18,66
5690,0,18,14,18,50
5691,0,32,16,16,64
5692,18,32,17,17,84
5693,0,32,17,17,66
5695,0,34,17,17,68
5697,0,34,18,15,67
5698,17,33,50,18,118
5700,0,15,50,18,83
5701,18,15,17,18,68
5702,0,15,17,18,50
5703,17,18,15,17,67
5706,0,17,18,17,52
5707,0,35,15,18,68
5708,17,33,15,18,83
5710,0,18,15,18,51
5711,15,18,17,17,67
5712,0,18,17,17,52
5715,0,32,17,17,66
5716,0,17,17,17,51
5717,0,34,16,17,67
5718,0,17,16,17,50
5721,0,34,16,17,67
5723,0,33,16,17,66
5724,17,33,49,17,116
5726,17,34,15,17,83
5727,0,34,15,17,66
5728,0,17,15,17,49
5730,17,34,18,17,86
5731,0,34,18,17,69
5733,0,35,49,16,100
5734,0,17,49,16,82
5736,17,33,0,17,67
5737,0,33,0,17,50
5739,0,34,50,15,99
5741,17,15,18,15,65
5742,15,33,18,17,83
5743,0,33,18,17,68
5744,15,35,17,17,84
5745,0,35,17,17,69
5747,0,34,15,16,65
5748,17,31,17,17,82
5749,0,31,17,17,65
5750,16,34,18,16,84
5751,34,34,16,18,102
5752,17,34,16,18,85
5753,0,34,16,18,68
5754,16,34,15,17,82
5755,0,34,15,17,66
5758,17,34,15,18,84
5759,0,34,15,18,67
5760,16,33,18,17,84
5761,0,33,18,17,68
5762,0,18,18,17,53
5763,0,35,14,18,67
5765,14,18,17,15,64
5766,0,18,17,15,50
5767,17,15,17,18,67
5769,0,35,50,17,102
5770,0,18,50,17,85
5771,0,33,17,17,67
5772,17,34,16,17,84
5773,0,34,16,17,67
5774,17,33,17,17,84
5775,0,33,17,17,67
5776,17,34,14,18,83
5777,0,34,14,18,66
5778,17,32,16,16,81
5779,0,32,16,16,64
5781,0,32,18,16,66
5782,0,16,18,16,50
5783,0,34,18,16,68
5784,16,34,17,20,87
5785,0,34,17,20,71
5786,0,16,17,20,53
5788,0,20,14,17,51
5789,0,31,14,19,64
5790,0,17,14,19,50
5791,0,33,15,18,66
5793,0,33,15,17,65
5794,18,32,18,15,83
5795,0,32,18,15,65
5796,17,33,17,17,84
5797,0,33,17,17,67
5798,0,15,17,17,49
5799,17,17,16,16,66
5803,0,36,15,17,68
5804,0,17,15,17,49
5805,0,32,17,17,66
5806,51,33,16,17,117
5807,0,34,16,17,67
5809,0,33,16,17,66
5813,0,33,17,18,68
5814,16,35,0,15,66
5815,0,35,0,15,50
5816,0,18,0,15,33
5817,0,32,16,18,66
5819,16,18,16,16,66
5820,18,32,15,18,83
5821,0,32,15,18,65
5825,0,34,17,17,68
5826,17,34,17,16,84
5827,0,34,17,16,67
5828,17,33,17,17,84
5832,0,17,15,19,51
5833,0,34,15,17,66
5834,19,32,16,17,84
5835,0,32,16,17,65
5836,0,17,16,17,50
5838,0,17,17,17,51
5840,0,17,16,18,51
5841,0,34,0,15,49
5842,0,18,0,15,33
5844,0,18,15,18,51
5847,16,19,15,17,67
5848,0,19,15,17,51
5849,15,17,16,17,65
5850,17,33,15,18,83
5852,0,17,15,18,50
5853,0,33,49,22,104
5854,18,34,50,17,119
5855,0,34,50,17,101
5856,0,17,50,17,84
5857,15,22,13,17,67
5859,0,30,15,17,62
5860,49,36,15,17,117
5862,0,17,18,18,53
5863,18,18,15,17,68
5864,18,32,15,17,82
5865,0,32,15,17,64
5866,0,17,15,17,49
5867,0,32,16,17,65
5868,17,33,18,16,84
5869,0,33,18,16,67
5870,0,17,18,16,51
5871,0,34,16,17,67
5872,49,33,34,17,133
5873,16,17,67,17,117
5874,0,17,67,17,101
5875,0,33,34,17,84
5876,0,16,34,17,67
5877,17,17,17,17,68
5880,0,17,17,16,50
5881,0,33,17,15,65
5882,0,16,17,15,48
5884,15,35,17,15,82
5885,0,35,17,15,67
5887,0,32,18,17,67
5888,15,35,16,17,83
5890,0,17,16,17,50
5892,17,33,17,16,83
5895,0,33,17,16,66
5896,0,16,17,16,49
5897,0,33,18,15,66
5898,0,16,18,15,49
5899,0,33,18,15,66
5900,15,33,18,17,83
5901,0,33,18,17,68
5902,15,35,16,16,82
5903,0,35,16,16,67
5904,17,32,18,18,85
5906,16,36,15,18,85
5908,18,33,15,17,83
5909,0,33,15,17,65
5910,18,32,17,17,84
5911,0,32,17,17,66
5915,0,32,17,16,65
5916,17,33,18,16,84
5917,0,33,18,16,67
5918,16,34,17,17,84
5919,34,34,17,15,100
5920,16,34,17,15,82
5921,0,34,17,15,66
5922,0,17,17,15,49
5923,0,32,17,17,66
5924,0,15,17,17,49
5925,0,34,17,15,66
5927,0,32,17,18,67
5928,0,15,17,18,50
5930,18,34,15,17,84
5931,0,34,15,17,66
5932,17,32,17,17,83
5934,0,17,17,17,51
5935,0,34,15,18,67
5937,0,33,16,18,67
5939,0,34,15,18,67
5941,0,33,16,17,66
5942,18,33,51,17,119
5943,0,33,51,17,101
5944,17,33,50,18,118
5945,0,33,50,18,101
5946,17,35,15,18,85
5947,0,35,15,18,68
5948,17,33,16,17,83
5949,15,18,16,17,66
5950,18,33,15,17,83
5951,0,33,15,17,65
5953,0,32,17,17,66
5954,17,34,17,17,85
5955,0,34,17,17,68
5956,17,34,16,16,83
5958,17,32,55,12,116
5960,16,34,21,12,83
5962,17,33,16,17,83
5963,0,33,16,17,66
5965,0,33,18,16,67
5966,17,34,16,17,84
5967,0,34,16,17,67
5970,17,34,16,17,84
5971,0,34,16,17,67
5972,17,33,17,17,84
5973,0,33,17,17,67
5974,17,34,16,16,83
5975,0,34,16,16,66
5977,0,32,17,17,66
5978,16,34,17,17,84
5979,0,34,17,17,68
5980,17,34,50,15,116
5981,17,17,50,15,99
5982,0,17,50,15,82
5983,0,32,18,15,65
5984,17,33,18,17,85
5988,17,32,17,17,83
5990,16,34,16,16,82
5991,0,34,16,16,66
5992,0,17,16,16,49
5995,0,36,15,16,67
5998,16,32,20,16,84
