序号,发送->接收,接收->转发,转发->接收,接收->处理,总计
1,0,44,46,17,107
2,0,29,17,17,63
3,0,14,17,17,48
5,17,33,17,15,82
6,0,33,17,15,65
7,84,33,18,14,149
9,0,15,17,17,49
11,217,34,15,16,282
12,0,33,18,14,65
13,0,16,18,14,48
14,0,32,18,18,68
15,14,36,14,17,81
16,0,36,14,17,67
17,18,31,18,15,82
18,267,32,50,23,372
19,17,33,18,17,85
22,18,17,17,17,69
23,17,34,15,16,82
24,17,17,15,16,65
25,17,31,17,20,85
26,0,31,17,20,68
27,0,16,17,20,53
30,28,38,16,16,98
33,16,32,50,23,121
34,401,32,50,18,501
35,16,35,15,23,89
37,0,17,15,23,55
39,401,18,15,20,454
40,212,17,17,14,260
43,0,17,48,17,82
44,0,33,15,17,65
45,17,32,16,17,82
46,15,17,16,17,65
47,0,17,16,17,50
49,0,17,17,17,51
51,0,17,17,17,51
52,0,34,17,14,65
53,0,17,17,14,48
54,287,45,18,15,365
56,0,36,16,16,68
58,581,17,17,17,632
60,0,35,15,18,68
61,313,34,16,17,380
62,0,33,15,20,68
63,0,18,15,20,53
64,0,35,13,17,65
65,20,30,16,19,85
67,302,15,17,15,349
68,0,35,20,16,71
69,0,19,20,16,55
70,0,20,63,15,98
71,0,45,18,15,78
72,0,29,18,15,62
73,14,33,16,20,83
75,0,15,16,20,51
76,0,36,16,15,67
77,0,20,16,15,51
79,15,34,16,17,82
81,17,33,18,15,83
82,0,33,18,15,66
83,17,33,17,15,82
84,0,33,17,15,65
88,0,37,17,15,69
89,0,18,17,15,50
90,0,32,15,17,64
92,0,32,17,17,66
93,0,17,17,17,51
94,0,34,17,16,67
96,0,33,0,18,51
97,0,16,0,18,34
98,0,34,66,18,118
100,0,43,23,18,84
101,0,26,23,18,67
102,23,32,19,17,91
103,17,32,19,17,85
104,0,32,19,17,68
105,0,14,19,17,50
106,19,17,16,17,69
108,0,33,16,16,65
109,17,32,84,15,148
111,0,16,84,15,115
112,0,33,17,17,67
113,0,14,17,17,48
114,0,34,17,15,66
115,17,32,20,14,83
116,84,16,19,15,134
117,0,15,20,14,49
118,0,34,86,15,135
120,0,34,19,15,68
122,83,17,19,15,134
124,266,33,19,14,332
125,15,33,19,15,82
126,0,33,19,15,67
128,100,34,0,17,151
129,0,15,17,17,49
130,0,34,16,16,66
131,17,32,18,16,83
132,0,32,18,16,66
134,0,34,0,17,51
135,16,33,17,16,82
136,0,33,17,16,66
138,0,33,17,16,66
140,0,33,19,14,66
142,0,33,18,18,69
143,14,36,15,17,82
144,0,36,15,17,68
146,0,32,18,16,66
148,0,34,15,18,67
149,0,16,15,18,49
151,0,18,15,16,49
152,0,31,18,18,67
153,0,16,18,18,52
154,0,36,50,16,102
157,19,33,18,15,85
158,0,33,18,15,66
159,82,33,18,15,148
160,0,33,17,16,66
161,15,33,51,15,114
162,0,33,51,15,99
163,16,33,18,15,82
164,0,33,18,15,66
165,16,33,19,14,82
166,0,33,19,14,66
168,0,33,19,16,68
169,14,35,17,16,82
170,0,35,17,16,68
171,82,33,18,15,148
172,99,33,50,18,200
173,16,33,18,15,82
174,0,33,18,15,66
175,15,33,18,15,81
177,15,33,50,18,116
178,101,32,21,12,166
180,0,35,15,18,68
181,17,33,16,16,82
182,134,32,18,15,199
183,134,17,18,15,184
184,16,16,21,12,65
185,16,33,19,17,85
188,269,32,17,15,333
189,17,32,18,15,82
192,18,15,18,17,68
193,15,35,14,19,83
195,17,33,82,18,150
196,0,33,82,18,133
197,19,34,15,16,84
198,15,19,15,16,65
199,19,31,17,18,85
200,200,30,52,16,298
203,182,36,16,16,250
204,0,32,17,15,64
205,17,32,17,19,85
206,0,32,17,19,68
207,0,15,17,19,51
208,0,36,16,18,70
209,0,19,16,18,53
210,0,34,16,14,64
212,0,30,52,16,98
213,165,16,18,18,217
215,0,19,16,16,51
216,16,16,19,15,66
217,16,34,16,18,84
218,0,34,16,18,68
220,0,34,15,16,65
221,18,31,18,18,85
225,0,18,14,18,50
226,0,32,15,18,65
228,0,33,17,18,68
229,118,33,17,43,211
230,0,35,50,15,100
231,18,32,18,15,83
232,0,32,18,15,65
233,16,33,17,16,82
234,0,33,17,16,66
236,0,33,17,43,93
237,16,60,27,16,119
238,0,60,27,16,103
239,43,43,52,17,155
240,0,43,52,17,112
242,0,16,52,17,85
243,0,33,19,17,69
245,19,49,16,17,101
246,0,49,16,17,82
248,17,33,16,18,84
249,99,35,16,33,183
250,0,17,16,18,51
252,0,18,16,16,50
253,0,32,18,17,67
258,101,33,17,32,183
259,0,34,19,16,69
260,0,15,19,16,50
261,19,16,18,16,69
262,16,18,16,17,67
265,0,17,17,32,66
266,0,49,34,17,100
267,0,32,34,17,83
268,17,18,16,17,68
269,0,18,16,17,51
270,0,33,15,17,65
271,0,17,15,17,49
272,0,49,16,16,81
274,82,19,17,32,150
275,0,32,18,15,65
276,16,33,19,17,85
277,0,33,19,17,69
279,0,19,17,32,68
281,0,32,49,17,98
283,0,33,16,17,66
284,17,33,0,18,68
287,0,34,38,29,101
288,0,16,38,29,83
289,17,21,45,16,99
290,21,29,16,16,82
292,17,32,19,32,100
293,0,32,19,32,83
294,16,19,15,17,67
297,17,16,17,18,68
298,0,16,17,18,51
299,17,18,16,15,66
300,18,31,18,17,84
301,0,31,18,17,66
302,15,35,16,18,84
304,17,34,17,32,100
307,0,17,16,16,49
309,16,17,17,15,65
311,17,15,17,17,66
312,66,19,14,16,115
313,0,34,17,19,70
314,0,17,17,19,53
315,0,36,14,16,66
316,0,19,14,16,49
317,0,30,20,32,82
318,0,16,20,32,68
319,0,20,13,19,52
321,52,50,49,18,169
322,0,16,17,31,64
324,0,50,49,18,117
325,15,19,49,18,101
327,15,16,18,18,67
329,18,18,15,17,68
330,18,32,18,15,83
332,17,33,16,18,84
334,15,34,17,15,81
335,16,18,17,15,66
336,18,32,20,33,103
337,17,15,20,33,85
338,15,20,15,18,68
339,20,33,14,19,86
341,18,33,14,18,83
342,14,19,14,18,65
343,19,49,17,17,102
345,18,17,17,17,69
346,0,17,17,17,51
347,17,17,15,18,67
348,17,33,0,16,66
350,0,18,0,16,34
351,0,33,16,18,67
353,16,18,16,16,66
354,18,32,17,17,84
355,66,32,50,17,165
356,66,16,50,17,149
357,0,34,0,16,50
360,0,16,50,17,83
361,18,16,16,17,67
362,16,33,50,18,117
365,0,34,16,18,68
367,16,18,16,17,67
369,98,34,50,16,198
370,0,17,16,16,49
371,0,32,18,15,65
373,0,33,16,18,67
375,0,34,50,16,100
377,0,34,16,16,66
378,17,32,18,18,85
379,0,32,18,18,68
380,16,36,15,17,84
381,0,36,15,17,68
384,0,17,18,16,51
386,0,50,15,18,83
389,0,33,16,16,65
390,0,18,16,16,50
391,84,48,18,33,183
392,0,16,16,17,49
393,0,33,19,31,83
394,17,19,16,15,67
395,0,19,16,15,50
396,0,48,18,33,99
397,15,17,18,33,83
399,18,48,18,16,100
400,15,33,18,16,82
401,18,15,18,16,67
402,0,15,18,16,49
403,18,16,16,19,69
404,16,35,15,17,83
406,19,32,17,16,84
407,0,32,17,16,65
408,17,33,19,32,101
409,0,33,19,32,84
410,0,16,19,32,67
413,17,18,15,19,69
414,0,18,15,19,52
415,0,34,15,15,64
416,19,30,51,18,118
417,15,15,51,18,99
419,18,15,18,18,69
420,15,36,16,16,83
421,18,18,16,16,68
424,16,17,16,17,66
425,17,48,18,18,101
426,16,32,18,18,84
427,17,15,18,18,68
428,15,36,16,16,83
429,18,18,16,16,68
430,18,32,18,31,99
431,16,16,18,31,81
432,16,18,67,32,133
434,16,31,20,32,99
435,15,16,20,32,83
436,0,16,20,32,68
437,0,20,65,17,102
438,0,48,17,17,82
439,17,16,17,17,67
440,133,16,17,19,185
442,68,48,17,19,152
443,0,34,17,32,83
444,17,17,16,16,66
445,0,17,16,16,49
447,16,16,17,19,68
448,84,35,47,18,184
449,17,19,13,19,68
450,19,32,16,19,86
451,0,32,16,19,67
452,84,35,16,17,152
453,0,35,47,18,100
454,0,19,47,18,84
458,252,33,15,19,319
459,132,35,0,16,183
460,17,18,14,18,67
461,0,18,14,18,50
463,18,17,16,16,67
464,0,17,16,16,49
465,16,16,18,17,67
466,16,35,0,16,67
467,0,35,0,16,51
468,0,17,0,16,33
469,0,32,49,19,100
472,18,33,15,19,85
473,0,33,15,19,67
474,19,34,16,31,100
475,149,16,17,16,198
476,19,16,16,15,66
478,0,48,19,32,99
481,0,19,15,17,51
483,17,16,17,16,66
485,17,16,19,33,85
486,16,19,15,18,68
487,0,19,15,18,52
488,0,33,50,15,98
489,18,33,17,15,83
490,115,34,18,32,199
491,17,49,17,16,99
492,17,32,17,16,82
493,15,17,17,16,65
494,102,47,19,15,183
495,0,33,17,17,67
496,16,34,18,32,100
498,136,46,54,15,251
499,136,29,54,15,234
500,0,47,19,15,81
501,16,15,19,15,65
502,0,15,19,15,49
503,19,15,20,17,71
504,15,20,63,19,117
505,0,20,63,19,102
507,0,29,54,15,98
508,165,20,15,16,216
509,0,36,18,15,69
511,0,18,15,32,65
514,16,19,66,16,117
515,0,19,66,16,101
517,15,20,15,16,66
518,0,20,15,16,51
524,0,17,0,16,33
525,0,33,16,18,67
526,0,17,16,18,51
527,16,18,16,18,68
529,0,34,31,19,84
530,0,18,31,19,68
531,0,31,19,33,83
533,0,19,15,18,52
534,99,15,18,18,150
535,18,49,17,15,99
536,81,36,16,32,165
537,16,18,17,15,66
538,0,18,17,15,50
540,15,36,16,32,99
541,0,36,16,32,84
542,0,18,16,32,66
544,0,49,16,18,83
545,99,19,16,32,166
546,0,17,16,18,51
547,16,18,16,16,66
549,0,32,19,16,67
551,0,19,16,32,67
552,16,32,16,18,82
554,16,34,16,17,83
556,18,33,17,15,83
557,0,33,17,15,65
559,0,32,19,33,84
560,15,19,82,17,133
561,0,19,82,17,118
562,82,36,16,30,164
563,17,16,17,16,66
566,16,36,16,30,98
567,0,36,16,30,82
568,102,32,16,18,168
570,15,32,20,32,99
571,0,32,20,32,84
572,0,17,20,32,69
573,20,32,16,18,86
575,18,34,48,17,117
576,0,34,48,17,99
577,18,48,17,19,102
578,0,48,17,19,84
579,0,31,17,19,67
580,16,36,0,16,68
581,169,34,15,18,236
583,0,16,14,17,47
584,0,47,19,16,82
586,0,16,19,16,51
588,16,18,17,34,85
589,0,18,17,34,69
592,19,33,0,18,70
593,0,33,0,18,51
594,18,18,48,17,101
595,0,18,48,17,83
597,0,15,17,17,49
598,99,16,19,31,165
599,17,49,16,16,98
600,0,49,16,16,81
601,16,18,16,16,66
602,0,18,16,16,50
603,16,16,19,31,82
604,16,19,15,16,66
606,15,37,0,31,83
607,16,21,0,31,68
608,0,21,0,31,52
609,14,17,14,20,65
613,0,31,0,18,49
615,0,34,0,16,50
616,0,16,0,16,32
617,0,32,20,19,71
618,0,16,20,19,55
621,0,30,17,31,78
624,0,49,16,17,82
625,17,18,16,17,68
626,0,18,16,17,51
627,16,17,0,15,48
628,0,17,0,15,32
629,0,38,0,32,70
630,0,23,0,32,55
631,0,32,12,19,63
633,0,31,17,18,66
634,0,19,17,18,54
637,0,16,12,30,58
638,0,42,12,35,89
640,12,35,18,14,79
641,0,35,18,14,67
643,0,18,0,14,32
644,0,45,17,14,76
645,0,31,17,14,62
648,0,48,18,15,81
650,20,18,15,19,72
651,0,18,15,19,52
654,0,34,16,15,65
655,0,18,16,15,49
656,46,17,17,19,99
657,0,15,15,17,47
659,0,17,17,19,53
660,0,36,0,16,52
661,53,32,49,18,152
662,0,34,14,18,66
663,0,18,14,18,50
664,14,18,49,18,99
666,0,31,51,17,99
667,16,36,15,17,84
668,0,36,15,17,68
669,18,32,16,16,82
670,0,32,16,16,64
671,0,17,16,16,49
672,0,32,20,17,69
673,0,16,20,17,53
674,0,37,14,16,67
675,0,17,14,16,47
676,0,30,18,17,65
677,0,16,18,17,51
678,52,16,17,15,100
679,0,17,83,18,118
680,0,33,17,15,65
681,16,32,18,18,84
684,0,36,14,18,68
685,0,18,14,18,50
686,0,32,16,16,64
687,0,18,16,16,50
688,0,32,17,16,65
694,136,31,18,17,202
695,18,32,16,18,84
696,0,32,16,18,66
697,15,34,15,20,84
698,0,34,15,20,69
700,0,35,15,16,66
701,20,31,18,17,86
703,117,34,47,17,215
704,0,35,15,17,67
705,0,17,15,17,49
706,0,32,18,16,66
707,104,14,14,17,149
711,16,33,14,17,80
712,0,33,14,17,64
713,0,14,14,17,45
714,14,17,19,17,67
715,102,20,30,20,172
716,218,17,17,17,269
717,17,49,20,30,116
718,0,49,20,30,99
720,0,21,20,30,71
721,0,20,30,20,70
722,0,30,20,14,64
723,20,34,16,18,88
725,0,14,16,18,48
726,0,34,49,17,100
728,0,32,17,17,66
729,0,17,17,17,51
730,17,17,51,16,101
731,17,33,18,16,84
732,18,15,18,16,67
733,15,34,15,19,83
736,15,19,17,13,64
737,19,30,14,20,83
738,17,13,14,20,64
740,102,34,15,18,169
743,17,33,49,18,117
744,100,37,44,20,201
745,17,34,15,18,84
747,118,33,13,22,186
748,15,18,15,22,70
749,119,35,15,20,189
750,15,22,44,20,101
751,121,35,27,19,202
752,134,27,19,15,195
753,17,33,13,22,85
754,0,33,13,22,68
755,136,15,18,17,186
756,0,35,15,20,70
758,0,35,27,19,81
759,20,27,19,15,81
760,0,27,19,15,61
762,0,34,18,17,69
763,0,15,18,17,50
764,0,35,16,16,67
765,0,17,16,16,49
767,0,16,19,15,50
771,22,27,16,19,84
772,0,27,16,19,62
773,18,35,16,14,83
774,0,35,16,14,65
775,0,19,16,14,49
776,0,30,0,18,48
777,0,14,0,18,32
778,0,35,0,17,52
779,0,17,0,17,34
780,0,33,17,17,67
781,0,16,17,17,50
782,0,34,16,17,67
783,17,33,17,17,84
785,116,34,0,16,166
786,0,34,0,16,50
787,17,32,17,16,82
788,0,32,17,16,65
790,0,33,17,17,67
791,16,34,0,16,66
792,0,34,0,16,50
793,17,32,17,18,84
794,0,32,17,18,67
795,0,16,17,18,51
797,0,18,0,16,34
798,0,32,17,16,65
799,0,16,17,16,49
801,0,16,39,11,66
802,0,39,0,11,50
804,60,36,16,17,129
805,0,18,18,13,49
806,18,13,52,17,100
809,17,33,16,18,84
810,83,19,16,15,133
811,17,34,0,16,67
812,0,34,0,16,50
813,0,18,0,16,34
815,0,19,16,15,50
816,0,31,17,17,65
817,15,34,0,16,65
818,0,34,0,16,50
819,17,34,14,18,83
820,0,34,14,18,66
822,65,32,18,18,133
823,18,33,18,14,83
824,0,33,18,14,65
825,18,32,18,18,86
826,0,32,18,18,68
828,0,36,17,15,68
829,18,32,16,17,83
831,15,33,18,17,83
832,68,31,18,15,132
833,17,35,0,15,67
834,0,35,0,15,50
835,17,31,18,15,81
836,0,31,18,15,64
837,0,16,18,15,49
838,18,15,17,17,67
839,15,34,33,17,99
842,0,33,52,16,101
844,0,36,16,16,68
847,16,34,16,16,82
848,0,34,16,16,66
849,0,16,16,16,48
850,0,32,16,18,66
851,16,34,16,17,83
852,0,34,16,17,67
853,0,18,16,17,51
855,17,33,19,16,85
856,0,33,19,16,68
857,0,16,19,16,51
858,67,32,36,17,152
859,16,32,16,16,80
860,0,32,16,16,64
862,0,32,36,17,85
863,16,36,17,14,83
864,252,16,18,15,301
866,0,31,34,18,83
867,0,14,34,18,66
868,0,34,18,15,67
869,0,17,18,15,50
871,0,15,18,15,48
872,0,33,17,18,68
875,18,33,17,16,84
876,0,33,17,16,66
877,17,33,18,15,83
879,16,33,51,17,117
881,0,15,51,17,83
882,0,33,18,17,68
883,17,35,0,30,82
886,0,48,20,13,81
889,0,20,0,13,33
890,0,33,16,15,64
893,0,15,17,16,48
894,0,33,17,18,68
895,0,16,17,18,51
897,18,32,16,17,83
901,0,17,17,16,50
902,0,33,0,19,52
903,0,16,0,19,35
904,0,33,20,18,71
906,0,38,11,18,67
907,0,18,11,18,47
908,0,29,17,16,62
911,0,16,19,17,52
912,53,15,17,15,100
913,0,17,17,15,49
914,0,32,17,15,64
915,64,18,17,15,114
917,0,15,17,18,50
918,67,34,17,18,136
919,0,18,17,15,50
920,0,32,17,17,66
922,0,34,17,18,69
924,0,35,15,18,68
925,0,18,15,18,51
926,0,33,16,15,64
928,0,31,18,17,66
929,65,19,15,16,115
930,0,35,15,19,69
931,0,17,15,19,51
935,0,16,18,17,51
936,0,35,16,16,67
937,0,17,16,16,49
938,0,32,22,11,65
939,0,16,22,11,49
942,0,33,51,17,101
943,23,15,18,17,73
946,0,35,21,13,69
948,0,34,89,18,141
949,13,61,28,18,120
950,0,61,28,18,107
951,0,37,28,18,83
953,28,18,14,18,78
954,22,18,14,18,72
956,0,32,13,18,63
957,83,38,12,20,153
958,0,31,17,17,65
960,0,34,20,18,72
962,82,21,15,18,136
963,0,18,12,20,50
964,0,32,12,21,65
965,20,33,15,18,86
967,0,21,15,18,54
969,18,30,50,19,117
970,164,34,15,16,229
975,0,19,16,18,53
976,0,34,31,18,83
977,0,18,31,18,67
978,0,31,18,16,65
979,16,34,15,16,81
982,0,31,19,15,65
983,16,34,0,18,68
986,0,35,15,17,67
987,86,37,28,17,168
988,199,34,19,14,266
989,91,28,17,15,151
991,16,37,28,17,98
993,22,28,17,15,82
995,19,32,17,16,84
997,101,14,0,18,133
999,16,34,19,14,83
1000,0,34,19,14,67
1001,135,15,16,18,184
1002,0,33,0,18,51
1003,0,14,0,18,32
1004,0,35,0,14,49
1005,0,17,0,14,31
1006,0,34,0,16,50
1007,0,20,0,16,36
1008,0,31,16,18,65
1009,219,30,50,16,315
1011,18,33,0,16,67
1012,0,33,0,16,49
1013,18,31,69,16,134
1014,0,31,69,16,116
1017,0,16,15,18,49
1018,0,33,0,16,49
1019,18,37,14,16,85
1020,0,37,14,16,67
1021,0,21,14,16,51
1025,0,16,16,16,48
1026,16,16,16,18,66
1030,149,16,18,17,200
1031,0,19,16,18,53
1033,133,17,16,17,183
1034,0,32,0,17,49
1035,19,34,15,16,84
1036,0,34,15,16,65
1038,15,16,18,17,66
1039,0,16,18,17,51
1040,0,35,16,17,68
1042,0,33,51,15,99
1044,0,34,17,15,66
1046,17,15,17,17,66
1047,101,14,19,14,148
1048,0,34,18,16,68
1051,16,32,19,14,81
1052,0,32,19,14,65
1054,0,33,0,18,51
1055,0,14,0,18,32
1056,0,33,17,16,66
1057,0,15,17,16,48
1058,0,33,17,18,68
1059,0,16,17,18,51
1060,0,35,15,17,67
1061,84,34,17,16,151
1062,0,32,17,17,66
1063,17,34,16,18,85
1065,17,34,17,16,84
1066,0,34,17,16,67
1067,18,33,19,14,84
1069,0,16,19,14,49
1070,151,18,15,17,201
1071,83,31,18,18,150
1072,69,31,18,18,136
1073,17,35,16,15,83
1074,0,35,16,15,66
1075,20,31,18,18,87
1076,0,31,18,18,67
1077,0,15,18,18,51
1081,0,17,15,23,55
1082,0,38,13,14,65
1083,23,27,16,20,86
1084,179,14,17,18,228
1086,0,36,0,16,52
1087,0,20,0,16,36
1088,0,33,16,15,64
1089,0,17,16,15,48
1090,16,15,18,16,65
1095,0,14,17,18,49
1096,17,18,17,16,68
1097,0,18,17,16,51
1098,0,33,18,17,68
1100,0,35,0,16,51
1101,0,17,0,16,33
1102,0,34,80,17,131
1103,0,18,80,17,115
1105,0,15,49,17,81
1106,16,16,17,17,66
1109,17,35,17,16,85
1111,15,33,18,14,80
1112,0,33,18,14,65
1113,0,16,18,14,48
1114,85,15,49,18,167
1117,84,33,15,18,150
1118,0,35,49,18,102
1119,0,15,49,18,82
1120,16,18,15,18,67
1121,18,33,15,18,84
1122,0,33,15,18,66
1124,84,16,17,18,135
1125,0,18,51,16,85
1126,0,34,17,16,67
1129,0,16,17,18,51
1131,0,18,0,14,32
1132,0,32,49,17,98
1133,84,34,83,18,219
1134,100,32,18,18,168
1135,17,34,17,17,85
1136,0,34,17,17,68
1137,0,17,17,17,51
1138,0,34,83,18,135
1140,101,33,15,16,165
1141,0,18,18,18,54
1143,18,33,0,17,68
1144,0,33,0,17,50
1147,133,17,14,18,182
1148,15,16,15,22,68
1150,0,37,23,9,69
1151,0,22,23,9,54
1155,17,32,16,19,84
1156,0,32,16,19,67
1159,0,19,15,15,49
1160,0,30,17,15,62
1161,0,15,17,15,47
1162,0,32,18,20,70
1163,0,15,18,20,53
1166,0,33,13,18,64
1167,0,18,13,18,49
1168,67,30,19,14,130
1169,18,36,13,17,84
1170,0,36,13,17,66
1172,0,30,19,14,63
1173,17,33,20,16,86
1175,14,36,15,19,84
1176,0,36,15,19,70
1177,16,34,13,16,79
1178,0,34,13,16,63
1180,0,29,19,18,66
1182,0,37,17,18,72
1183,18,35,0,12,65
1186,0,33,12,21,66
1188,0,33,14,19,66
1189,70,14,21,15,120
1192,0,30,21,15,66
1193,0,14,21,15,50
1194,0,36,15,20,71
1196,0,35,12,17,64
1197,20,29,29,36,114
1198,0,29,29,36,94
1199,82,39,20,13,154
1200,0,29,36,26,91
1202,64,33,15,16,128
1204,20,13,20,13,66
1206,0,33,15,16,64
1207,13,31,19,13,76
1210,0,32,25,10,67
1212,0,35,16,17,68
1213,0,10,16,17,43
1214,0,33,19,15,67
1216,19,15,16,18,68
1218,0,34,16,17,67
1219,0,18,16,17,51
1220,0,33,17,14,64
1221,85,32,18,16,151
1222,0,31,51,18,100
1224,0,37,14,18,69
1225,17,32,18,16,83
1226,82,15,18,18,133
1227,0,18,18,16,52
1228,0,34,16,15,65
1229,83,31,52,13,179
1230,0,31,18,18,67
1233,0,18,15,16,49
1234,96,35,18,16,165
1236,0,33,19,13,65
1237,0,12,19,13,44
1238,0,32,18,17,67
1239,13,35,18,16,82
1241,0,17,18,16,51
1243,16,33,17,16,82
1245,0,17,17,16,50
1246,0,33,52,15,100
1247,0,16,52,15,83
1249,0,17,17,15,49
1250,0,32,18,17,67
1251,15,35,15,16,81
1254,0,31,16,20,67
1255,16,36,15,19,86
1256,218,17,19,16,270
1258,0,34,12,18,64
1260,80,20,16,14,130
1261,18,36,14,20,88
1263,18,34,16,14,82
1264,0,34,16,14,64
1266,0,30,18,17,65
1267,0,14,18,17,49
1269,17,35,12,19,83
1270,0,35,12,19,66
1273,19,32,20,15,86
1274,0,32,20,15,67
1275,13,35,17,15,80
1276,0,35,17,15,67
1277,15,32,20,15,82
1278,0,32,20,15,67
1279,0,15,20,15,50
1280,184,16,17,18,235
1282,0,35,16,17,68
1283,20,33,47,19,119
1284,0,33,47,19,99
1286,0,31,16,19,66
1289,19,31,17,18,85
1293,18,33,16,16,83
1294,17,16,16,16,65
1295,116,32,17,17,182
1296,217,17,16,15,265
1297,16,33,18,17,84
1298,19,14,18,17,68
1299,14,35,15,17,81
1301,17,32,17,17,83
1303,284,34,18,16,352
1305,17,35,16,17,85
1307,162,22,14,18,216
1308,16,17,16,15,64
1310,0,31,19,15,65
1313,15,32,14,22,83
1314,0,32,14,22,68
1315,0,12,14,22,48
1316,14,22,14,18,68
1317,22,32,0,16,70
1321,184,33,34,16,267
1322,0,34,14,18,66
1323,0,16,14,18,48
1324,0,32,18,15,65
1325,0,18,18,15,51
1327,15,36,31,18,100
1328,0,36,31,18,85
1329,19,31,0,18,68
1331,13,33,34,16,96
1332,0,33,34,16,83
1333,0,15,34,16,65
1334,0,34,16,18,68
1335,16,34,18,15,83
1336,133,33,17,17,200
1337,0,18,18,15,51
1338,149,17,17,17,200
1339,15,33,18,15,81
1340,0,33,18,15,66
1343,15,33,17,17,82
1344,0,33,17,17,67
1345,0,15,17,17,49
1346,135,35,13,19,202
1348,0,34,15,17,66
1349,0,17,15,17,49
1350,0,32,19,16,67
1351,17,35,16,19,87
1352,0,35,16,19,70
1353,0,16,16,19,51
1356,0,32,0,18,50
1357,0,19,0,18,37
1358,0,31,17,19,67
1359,0,13,17,19,49
1360,17,19,17,16,69
1361,19,33,15,21,88
1363,16,36,0,12,64
1364,0,36,0,12,48
1365,0,21,0,12,33
1366,0,30,16,17,63
1369,17,32,68,15,132
1370,0,32,68,15,115
1371,0,15,68,15,98
1372,0,35,17,16,68
1373,17,33,15,18,83
1375,0,16,15,18,49
1376,0,33,17,17,67
1379,17,33,17,17,84
1380,0,33,17,17,67
1381,0,18,17,17,52
1382,17,17,15,18,67
1384,0,33,0,17,50
1385,0,18,0,17,35
1386,0,34,16,16,66
1387,0,17,16,16,49
1388,16,16,16,18,66
1389,0,16,16,18,50
1390,0,34,17,16,67
1391,18,33,0,17,68
1392,0,33,0,17,50
1394,0,32,18,16,66
1395,0,15,18,16,49
1396,18,16,19,14,67
1397,0,16,19,14,49
1398,0,33,0,18,51
1400,0,33,19,15,67
1402,19,15,17,18,69
1404,0,35,18,15,68
1405,18,33,0,16,67
1406,0,33,0,16,49
1407,0,15,0,16,31
1409,0,16,18,14,48
1413,0,17,0,18,35
1414,0,33,17,17,67
1416,17,17,49,19,102
1417,17,35,14,19,85
1419,19,33,0,16,68
1420,0,33,0,16,49
1422,0,33,15,18,66
1423,0,17,15,18,50
1425,18,34,49,16,117
1426,0,34,49,16,99
1427,0,18,49,16,83
1430,17,16,17,16,66
1431,16,33,17,16,82
1434,0,33,18,16,67
1435,66,20,15,17,118
1436,0,34,0,16,50
1437,16,36,15,17,84
1438,0,36,15,17,68
1439,201,17,16,16,250
1440,15,17,0,16,48
1441,17,34,16,16,83
1442,0,34,16,16,66
1443,0,18,16,16,50
1446,0,32,18,16,66
1447,0,17,18,16,51
1448,0,34,0,17,51
1449,0,16,0,17,33
1451,252,31,17,16,316
1453,16,35,17,16,84
1456,0,33,17,15,65
1457,16,32,17,18,83
1458,135,31,17,16,199
1459,15,35,16,16,82
1460,0,35,16,16,67
1461,18,32,17,19,86
1462,0,32,17,19,68
1463,16,36,15,16,83
1465,151,33,18,12,214
1466,0,31,17,16,64
1467,16,33,19,14,82
1469,16,33,86,12,147
1471,14,35,15,18,82
1472,0,35,15,18,68
1476,151,16,51,16,234
1477,149,31,20,16,216
1479,0,15,19,14,48
1480,0,33,0,16,49
1481,0,14,0,16,30
1482,0,34,0,18,52
1483,0,18,0,18,36
1484,0,34,51,16,101
1486,0,31,20,16,67
1487,0,15,20,16,51
1488,20,16,16,15,67
1491,0,15,19,16,50
1492,0,35,17,18,70
1494,100,32,50,20,202
1495,18,32,16,17,83
1496,97,33,17,20,167
1498,0,33,50,15,98
1500,134,32,19,17,202
1501,16,33,17,20,86
1502,0,33,17,20,70
1504,0,37,15,17,69
1505,20,32,17,15,84
1508,0,32,19,17,68
1509,15,36,14,16,81
1510,19,17,14,16,66
1511,130,19,16,17,182
1512,14,16,18,15,63
1513,16,33,19,18,86
1514,18,15,19,18,70
1515,15,37,13,19,84
1516,19,18,13,19,69
1518,13,19,16,17,65
1519,19,33,18,15,85
1520,16,17,18,15,66
1521,17,33,15,18,83
1522,18,15,15,18,66
1525,18,34,16,17,85
1526,17,17,16,17,67
1527,17,33,66,17,133
1528,84,15,17,16,132
1529,0,17,66,17,100
1531,15,34,17,16,82
1532,0,34,17,16,67
1533,0,15,17,16,48
1535,83,35,16,15,149
1536,0,32,17,18,67
1538,17,18,16,19,70
1540,0,35,16,15,66
1541,0,19,16,15,50
1542,0,31,17,17,65
1543,15,34,0,16,65
1544,0,34,0,16,50
1545,0,17,0,16,33
1546,0,35,16,16,67
1547,0,19,16,16,51
1548,16,16,0,16,48
1549,16,33,19,14,82
1550,0,33,19,14,66
1552,19,14,20,11,64
1553,82,31,17,17,147
1554,0,31,21,16,68
1556,0,37,48,17,102
1557,16,31,17,17,81
1558,0,31,17,17,65
1559,0,15,17,17,49
1560,17,17,17,17,68
1561,68,17,17,16,118
1562,0,34,0,17,51
1564,0,34,17,16,67
1565,0,17,17,16,50
1567,16,34,49,18,117
1569,0,17,49,18,84
1570,0,33,16,18,67
1573,0,18,14,20,52
1574,0,34,16,17,67
1575,68,17,49,18,152
1576,0,33,15,17,65
1577,0,17,15,17,49
1578,0,32,49,18,99
1580,99,34,17,17,167
1581,0,18,15,18,51
1583,0,18,16,16,50
1586,0,34,17,17,68
1587,0,17,17,17,51
1588,0,34,50,16,100
1589,0,17,50,16,83
1590,0,33,17,16,66
1591,0,17,17,16,50
1592,0,33,17,17,67
1593,0,16,17,17,50
1594,0,34,84,15,133
1595,0,17,84,15,116
1596,0,35,16,16,67
1598,81,18,16,16,131
1599,83,32,18,17,150
1600,0,32,51,16,99
1602,0,35,16,16,67
1604,0,32,18,17,67
1607,17,32,17,16,82
1608,0,32,17,16,65
1609,0,16,17,16,49
1610,0,33,16,18,67
1611,0,16,16,18,50
1614,0,33,15,17,65
1616,66,36,15,18,135
1619,0,15,0,17,32
1621,100,18,49,18,185
1623,0,18,14,18,50
1624,14,18,16,18,66
1625,18,34,49,18,119
1626,101,31,16,19,167
1627,18,33,16,18,85
1629,119,33,51,14,217
1630,133,33,18,14,198
1632,15,16,16,19,66
1633,135,14,50,19,218
1634,16,19,17,16,68
1635,19,33,51,14,117
1636,17,16,51,14,98
1641,14,36,14,19,83
1642,17,19,14,19,69
1643,19,33,14,19,85
1644,0,33,14,19,66
1645,0,19,14,19,52
1646,0,33,16,17,66
1647,0,19,16,17,52
1648,0,33,17,16,66
1651,0,16,51,15,82
1652,166,34,17,17,234
1653,0,18,18,15,51
1654,84,16,17,16,133
1655,82,33,18,16,149
1657,16,33,17,16,82
1658,84,16,17,17,134
1659,0,16,17,16,49
1660,84,17,17,16,134
1661,16,34,17,17,84
1662,0,34,17,17,68
1664,0,34,17,16,67
1665,116,33,17,19,185
1667,0,16,16,18,50
1668,116,19,19,11,165
1670,0,32,17,16,65
1671,0,16,17,16,49
1672,132,34,16,20,202
1674,0,36,19,11,66
1675,132,20,17,15,184
1676,0,30,17,16,63
1677,131,15,34,17,197
1679,16,34,16,20,86
1680,0,34,16,20,70
1681,16,36,17,15,84
1682,0,36,17,15,68
1683,20,32,34,17,103
1684,0,32,34,17,83
1685,0,15,34,17,66
1686,0,34,17,16,67
1689,0,16,16,16,48
1691,217,33,17,16,283
1693,0,18,0,16,34
1694,0,34,18,16,68
1695,0,18,18,16,52
1696,0,34,15,18,67
1697,16,33,16,16,81
1698,0,33,16,16,65
1700,0,32,17,17,66
1701,100,16,17,17,150
1702,0,34,15,18,67
1703,165,19,15,17,216
1705,18,33,17,17,85
1707,0,16,17,17,50
1708,0,34,0,17,51
1709,0,17,0,17,34
1710,0,35,13,19,67
1711,0,18,13,19,50
1712,13,19,15,17,64
1713,119,34,15,18,186
1714,115,19,15,18,167
1715,0,17,17,17,51
1716,0,34,16,18,68
1718,0,34,15,19,68
1721,0,19,15,18,52
1722,0,33,16,16,65
1724,0,32,18,17,67
1727,17,31,18,16,82
1728,99,32,18,17,166
1729,0,17,18,16,51
1731,100,17,16,18,151
1732,0,34,17,15,66
1733,0,17,17,15,49
1734,0,32,18,17,67
1735,0,15,18,17,50
1736,0,35,16,18,69
1737,17,34,15,16,82
1738,0,34,15,16,65
1739,101,16,15,18,150
1740,0,31,52,16,99
1741,16,36,47,18,117
1742,16,20,47,18,101
1743,20,32,15,18,85
1744,114,19,17,14,164
1746,118,14,20,18,170
1748,17,16,16,19,68
1749,16,35,17,14,82
1751,19,31,20,18,88
1752,17,14,20,18,69
1753,198,16,19,14,247
1754,20,18,45,17,100
1756,96,35,15,16,162
1757,18,31,16,18,83
1758,14,17,16,18,65
1759,17,34,16,19,86
1760,0,34,16,19,69
1761,0,18,16,19,53
1764,0,31,19,14,64
1765,0,16,19,14,49
1766,0,33,0,18,51
1767,133,15,52,16,216
1768,0,34,18,16,68
1770,267,34,16,15,332
1771,0,16,0,18,34
1772,0,33,18,15,66
1774,18,15,52,16,101
1776,0,34,18,16,68
1777,18,34,15,17,84
1778,18,16,15,17,66
1779,16,32,0,18,66
1780,0,32,0,18,50
1781,0,17,0,18,35
1782,0,34,18,15,67
1783,0,16,18,15,49
1785,15,34,16,15,80
1788,0,31,0,18,49
1789,0,15,0,18,33
1790,0,36,16,18,70
1791,0,18,16,18,52
1794,0,33,16,16,65
1795,18,32,0,16,66
1796,0,32,0,16,48
1797,0,16,0,16,32
1798,0,33,0,16,49
1799,0,17,0,16,33
1800,0,33,19,15,67
1803,0,15,17,16,48
1804,0,33,16,18,67
1805,83,34,15,21,153
1807,18,33,17,17,85
1808,67,36,14,16,133
1810,0,34,15,21,70
1811,17,36,14,16,83
1812,0,36,14,16,66
1813,0,21,14,16,51
1814,0,30,18,16,64
1817,82,33,17,18,150
1819,83,35,16,18,152
1821,0,16,50,18,84
1822,0,33,17,18,68
1823,17,35,16,18,86
1825,0,18,16,18,52
1826,0,34,15,16,65
1827,0,18,15,16,49
1828,0,31,18,16,65
1829,0,16,18,16,50
1833,14,35,15,19,83
1834,0,35,15,19,69
1835,0,16,15,19,50
1837,19,33,49,18,119
1839,0,18,49,18,85
1840,0,34,15,18,67
1842,15,18,16,16,65
1845,16,34,17,17,84
1846,0,34,17,17,68
1847,66,15,18,17,116
1848,17,17,16,15,65
1849,0,17,16,15,48
1850,0,31,18,17,66
1851,65,17,19,14,115
1852,0,35,15,17,67
1853,0,17,15,17,49
1854,0,32,19,14,65
1857,0,14,36,15,65
1858,0,36,15,16,67
1860,0,31,19,17,67
1861,0,16,19,17,52
1862,0,36,0,15,51
1863,0,17,0,15,32
1864,0,33,50,16,99
1866,14,17,19,16,66
1867,17,35,18,16,86
1868,19,16,18,16,69
1869,16,34,16,15,81
1870,0,34,16,15,65
1873,0,15,16,20,51
1874,0,36,16,16,68
1876,83,16,0,15,114
1877,0,16,0,17,33
1878,0,32,19,16,67
1879,0,15,19,16,50
1880,19,16,0,15,50
1881,16,34,49,17,116
1882,0,34,49,17,100
1883,0,19,49,17,85
1885,14,36,17,17,84
1886,0,36,17,17,70
1887,0,17,17,17,51
1888,0,34,15,18,67
1891,0,18,14,18,50
1893,0,18,18,17,53
1894,67,33,17,16,133
1897,0,18,16,17,51
1898,66,34,17,16,133
1899,0,17,17,16,50
1900,0,33,17,17,67
1901,67,16,51,17,151
1902,0,34,17,16,67
1903,85,33,51,16,185
1904,0,33,51,17,101
1905,0,16,51,17,84
1906,0,35,48,17,100
1907,19,33,51,16,119
1911,17,35,15,18,85
1912,0,35,15,18,68
1913,0,16,15,18,49
1914,0,33,16,17,66
1915,0,18,16,17,51
1916,0,33,84,16,133
1919,17,35,17,16,85
1922,0,33,17,17,67
1923,0,16,17,17,50
1924,0,34,19,14,67
1925,0,17,19,14,50
1926,0,33,16,17,66
1927,14,33,15,18,80
1928,0,33,15,18,66
1929,17,33,17,16,83
1930,150,15,18,17,200
1932,0,33,18,14,65
1935,14,36,16,15,81
1936,0,36,16,15,67
1939,200,16,16,17,249
1940,0,35,16,16,67
1942,0,32,0,16,48
1943,0,16,0,16,32
1944,0,33,51,16,100
1946,0,34,51,16,101
1947,235,15,21,12,283
1948,0,33,18,16,67
1951,0,16,16,17,49
1954,0,34,27,22,83
1955,17,27,38,18,100
1956,0,27,38,18,83
1957,0,38,0,18,56
1958,18,16,0,18,52
1959,0,16,0,18,34
1960,0,33,21,12,66
1961,0,15,21,12,48
1963,115,33,34,16,198
1964,119,17,34,16,186
1966,0,34,15,18,67
1967,19,33,49,18,119
1968,264,35,15,19,333
1969,18,33,34,16,101
1973,0,18,16,17,51
1976,0,31,19,15,65
1978,0,34,18,17,69
1979,15,35,14,17,81
1980,0,35,14,17,66
1982,0,31,19,16,66
1983,185,32,17,19,253
1984,0,35,15,19,69
1985,16,34,16,15,81
1987,0,19,16,15,50
1989,15,34,83,19,151
1991,17,34,0,18,69
1992,0,34,0,18,52
1993,150,34,15,18,217
1994,0,32,17,19,68
1995,0,14,17,19,50
2000,0,34,18,16,68
2001,16,34,15,18,83
2002,0,34,15,18,67
2003,16,33,17,15,81
2005,18,32,18,18,86
2006,0,32,18,18,68
2007,15,36,0,15,66
2008,0,36,0,15,51
2013,120,32,16,16,184
2014,0,34,14,19,67
2015,0,18,14,19,51
2016,14,19,34,15,82
2018,0,34,15,17,66
2019,17,32,16,16,81
2020,0,32,16,16,64
2021,0,17,16,16,49
2022,0,32,17,18,67
2023,16,35,17,16,84
2025,18,33,17,15,83
2026,98,35,15,19,167
2027,16,32,20,13,81
2028,0,32,20,13,65
2029,15,33,16,19,83
2030,0,33,16,19,68
2031,114,33,18,15,180
2032,101,33,18,15,167
2033,19,34,16,16,85
2034,0,34,16,16,66
2035,0,19,16,16,51
2037,232,17,16,18,283
2039,0,15,18,15,48
2041,15,36,16,18,85
2042,0,36,16,18,70
2043,19,34,16,13,82
2044,114,17,16,18,165
2045,18,29,18,17,82
2046,131,33,17,17,198
2047,0,13,18,17,48
2048,0,35,49,18,102
2049,17,33,16,18,84
2050,0,33,16,18,67
2052,0,34,19,14,67
2054,0,33,17,17,67
2055,0,14,17,17,48
2056,0,34,18,16,68
2057,116,34,18,17,185
2058,0,34,48,17,99
2059,16,32,16,17,81
2060,0,32,16,17,65
2061,150,32,18,18,218
2062,0,33,16,18,67
2063,17,34,18,17,86
2065,0,18,18,17,53
2066,18,17,16,16,67
2068,16,16,17,15,64
2069,16,32,18,18,84
2070,17,15,18,18,68
2072,18,18,17,15,68
2074,17,15,20,13,65
2077,13,34,15,17,79
2079,17,32,17,19,85
2080,15,17,17,19,68
2081,17,36,14,21,88
2082,17,19,14,21,71
2083,19,35,48,14,116
2085,21,31,50,15,117
2086,195,34,17,18,264
2087,18,31,19,15,83
2088,0,31,19,15,65
2089,99,17,16,15,147
2091,0,15,17,17,49
2092,0,34,17,17,68
2093,401,15,19,15,450
2095,0,17,16,15,48
2098,0,34,17,18,69
2099,149,34,16,17,216
2100,0,35,15,19,69
2101,0,18,15,19,52
2102,0,34,13,19,66
2103,19,32,17,15,83
2104,0,32,17,15,64
2106,0,32,19,15,66
2108,0,34,16,17,67
2109,0,15,16,17,48
2110,0,33,16,18,67
2111,0,17,16,18,51
2112,0,34,17,16,67
2113,218,34,16,18,286
2114,0,33,52,15,100
2115,0,16,52,15,83
2116,0,33,19,15,67
2119,15,32,51,17,115
2120,0,32,51,17,100
2121,0,15,51,17,83
2122,0,34,17,17,68
2124,0,34,17,17,68
2125,17,34,16,18,85
2126,0,34,16,18,68
2127,150,34,17,16,217
2128,0,34,14,17,65
2129,18,31,19,15,83
2130,0,31,19,15,65
2131,185,34,14,19,252
2132,0,34,0,18,52
2133,15,34,17,17,83
2134,0,34,17,17,68
2136,17,17,17,16,67
2137,17,33,19,14,83
2138,0,33,19,14,66
2139,0,16,19,14,49
2140,168,31,15,17,231
2141,14,34,14,19,81
2142,0,34,14,19,67
2144,0,33,16,17,66
2145,19,33,16,19,87
2146,0,33,16,19,68
2147,17,35,17,14,83
2148,0,35,17,14,66
2150,164,34,16,16,230
2151,0,14,15,17,46
2153,17,36,14,18,85
2155,17,32,49,18,116
2157,0,18,49,18,85
2158,0,33,16,18,67
2159,16,34,16,16,82
2160,0,34,16,16,66
2162,0,32,17,18,67
2165,18,33,15,18,84
2166,0,33,15,18,66
2169,334,19,16,17,386
2171,15,34,17,15,81
2172,0,34,17,15,66
2173,17,32,0,17,66
2174,101,33,67,15,216
2175,15,35,18,16,84
2178,18,16,17,16,67
2179,216,33,17,16,282
2180,0,33,67,15,115
2181,0,16,67,15,98
2182,0,32,0,19,51
2183,0,17,0,19,36
2185,0,16,0,15,31
2186,0,34,14,19,67
2187,0,19,14,19,52
2188,14,19,16,17,66
2189,19,33,17,16,85
2190,0,33,17,16,66
2191,17,33,17,16,83
2192,0,33,17,16,66
2195,16,32,17,17,82
2196,0,32,17,17,66
2198,17,17,18,17,69
2199,17,35,0,17,69
2201,17,32,16,18,83
2203,0,15,16,18,49
2205,18,34,14,20,86
2206,0,34,14,20,68
2207,19,34,14,18,85
2211,18,32,52,16,118
2212,0,32,52,16,100
2213,18,33,19,16,86
2214,0,33,19,16,68
2215,17,35,17,17,86
2216,0,35,17,17,69
2217,16,34,48,19,117
2218,0,34,48,19,101
2219,17,31,17,19,84
2221,83,33,18,16,150
2222,0,36,16,16,68
2223,0,19,16,16,51
2224,0,32,0,15,47
2225,0,16,0,15,31
2228,18,16,16,15,65
2229,82,33,19,14,148
2230,0,31,19,16,66
2233,0,16,17,16,49
2234,0,33,19,14,66
2236,0,33,16,17,66
2237,0,14,16,17,47
2238,0,33,18,16,67
2240,0,34,16,19,69
2241,16,35,17,16,84
2243,19,33,18,13,83
2245,80,35,0,14,129
2246,0,31,17,16,64
2247,81,33,16,18,148
2248,0,33,17,18,68
2249,16,35,0,14,65
2250,0,35,0,14,49
2251,0,18,0,14,32
2252,0,33,16,18,67
2253,0,19,16,18,53
2255,18,34,15,16,83
2256,0,34,15,16,65
2257,18,31,35,16,100
2259,0,16,35,16,67
2261,16,34,15,17,82
2265,0,17,18,15,50
2266,0,33,18,16,67
2268,0,34,16,19,69
2270,0,35,14,19,68
2273,19,31,19,14,83
2274,131,36,0,15,182
2275,15,33,19,14,81
2276,0,33,19,14,66
2277,14,33,19,15,81
2278,0,33,19,15,67
2279,84,30,18,18,150
2280,0,34,18,18,70
2281,0,15,18,18,51
2282,0,36,0,15,51
2283,101,14,17,17,149
2284,0,30,18,18,66
2285,116,35,0,15,166
2286,0,36,17,14,67
2287,18,31,17,17,83
2289,150,31,18,16,215
2290,0,34,16,19,69
2291,0,17,16,19,52
2292,0,35,0,15,50
2293,0,19,0,15,34
2294,0,31,19,17,67
2296,19,17,16,15,67
2298,133,31,18,17,199
2299,0,15,18,16,49
2300,0,34,84,15,133
2302,0,33,19,16,68
2303,17,35,16,15,83
2305,16,31,18,17,82
2306,0,31,18,17,66
2307,0,15,18,17,50
2308,0,35,16,20,71
2309,17,36,17,14,84
2311,116,33,19,14,182
2314,15,17,18,15,65
2315,17,33,18,15,83
2316,133,35,17,16,201
2317,249,36,13,19,317
2318,18,15,19,14,66
2319,134,16,17,15,182
2320,19,14,20,14,67
2321,14,34,17,18,83
2322,20,14,17,18,69
2323,148,36,13,19,216
2324,17,18,17,16,68
2325,18,33,17,15,83
2326,17,16,17,15,65
2327,16,32,15,19,82
2330,15,19,18,18,70
2331,19,36,13,19,87
2333,18,32,18,14,82
2335,152,34,16,15,217
2336,0,32,18,16,66
2337,0,14,18,16,48
2338,0,34,17,15,66
2340,0,32,18,17,67
2341,183,34,15,18,250
2342,0,35,14,20,69
2343,0,17,14,20,51
2344,0,34,16,15,65
2345,20,31,19,15,85
2347,15,34,19,15,83
2348,0,34,19,15,68
2349,0,15,19,15,49
2350,166,35,51,17,269
2353,0,19,15,18,52
2356,366,32,17,20,435
2357,16,32,18,17,83
2358,0,32,18,17,67
2360,0,35,51,17,103
2362,0,34,17,17,68
2364,17,17,17,14,65
2365,17,31,14,21,83
2366,0,31,14,21,66
2367,181,32,17,20,250
2368,0,35,17,18,70
2369,21,35,16,15,87
2371,18,31,16,18,83
2372,0,31,16,18,65
2373,15,34,14,18,81
2374,0,34,14,18,66
2375,0,18,14,18,50
2377,0,18,15,17,50
2378,0,32,17,20,69
2379,0,17,17,20,54
2381,0,20,13,18,51
2382,0,31,20,13,64
2383,18,33,19,15,85
2384,0,33,19,15,67
2385,13,34,17,18,82
2388,116,18,49,18,201
2389,117,33,16,18,184
2390,0,31,16,17,64
2391,0,18,16,17,51
2393,0,17,17,18,52
2394,0,35,49,18,102
2395,0,18,49,18,85
2397,17,34,16,15,82
2398,0,34,16,15,65
2399,0,18,16,15,49
2400,0,31,19,15,65
2401,0,15,19,15,49
2402,0,34,18,18,70
2403,0,15,18,18,51
2404,0,36,16,14,66
2405,190,28,14,15,247
2407,14,34,0,18,66
2408,0,34,0,18,52
2409,84,41,11,17,153
2410,0,33,19,15,67
2412,19,15,15,26,75
2414,0,41,11,17,69
2415,26,28,14,15,83
2416,0,28,14,15,57
2417,117,32,17,14,180
2418,0,29,20,14,63
2419,15,34,0,18,67
2420,0,34,0,18,52
2422,0,37,49,14,100
2425,16,31,52,15,114
2426,0,31,52,15,98
2427,0,14,52,15,81
2428,137,31,19,13,200
2429,16,31,17,19,83
2430,132,32,18,18,200
2431,15,36,14,20,85
2432,120,13,18,18,169
2434,0,34,16,15,65
2435,20,31,19,13,83
2439,0,13,18,18,49
2440,0,36,16,15,67
2441,0,18,16,15,49
2442,0,31,19,17,67
2444,0,36,49,17,102
2445,0,17,49,17,83
2446,0,33,16,17,66
2450,0,31,16,20,67
2451,14,36,17,15,82
2452,0,36,17,15,68
2453,0,20,17,15,52
2454,0,32,17,18,67
2456,0,35,15,18,68
2457,67,16,17,15,115
2458,0,33,16,16,65
2460,0,32,17,15,64
2461,86,29,17,18,150
2462,0,32,20,18,70
2463,15,38,46,18,117
2465,0,18,46,18,82
2469,0,18,18,15,51
2470,0,33,17,15,65
2473,0,15,19,15,49
2474,0,34,17,17,68
2477,0,17,17,15,49
2478,132,34,16,16,198
2479,15,33,67,17,132
2480,0,33,67,17,117
2481,16,35,17,15,83
2482,0,35,17,15,67
2483,17,32,50,16,115
2484,17,15,50,16,98
2485,15,34,16,16,81
2486,0,34,16,16,66
2487,0,17,16,16,49
2488,0,32,20,14,66
2489,16,34,20,14,84
2491,83,31,18,15,147
2492,0,34,51,15,100
2493,0,14,51,15,80
2495,18,31,18,15,82
2496,0,31,18,15,64
2497,15,33,19,15,82
2502,0,33,18,15,66
2503,0,15,18,15,48
2505,15,37,47,17,116
2508,0,32,15,17,64
2510,0,32,15,18,65
2511,0,17,15,18,50
2512,0,33,16,17,66
2514,0,33,16,18,67
2515,17,34,17,16,84
2516,0,34,17,16,67
2518,0,33,0,18,51
2519,16,34,16,17,83
2520,0,34,16,17,67
2523,17,36,0,13,66
2524,0,36,0,13,49
2525,0,17,0,13,30
2526,0,28,18,18,64
2527,0,15,18,18,51
2531,0,17,0,18,35
2532,0,35,14,23,72
2534,0,37,33,14,84
2536,0,33,14,16,63
2537,22,30,19,12,83
2538,14,16,19,12,61
2540,0,31,17,17,65
2541,12,34,18,17,81
2542,69,31,19,17,136
2543,0,17,18,17,52
2544,0,35,16,15,66
2547,15,36,18,13,82
2549,84,33,17,15,149
2550,0,31,18,18,67
2552,0,36,50,15,101
2553,18,33,17,15,83
2554,0,33,17,15,65
2555,0,19,17,15,51
2556,17,15,0,15,47
2557,15,35,15,15,80
2559,0,20,15,15,50
2560,15,15,18,15,63
2561,15,33,19,17,84
2562,0,33,19,17,69
2563,15,36,49,18,118
2564,70,33,14,19,136
2566,67,33,17,16,133
2567,16,33,14,19,82
2572,0,33,16,18,67
2573,16,34,14,19,83
2574,0,34,14,19,67
2575,18,33,17,18,86
2577,86,35,15,20,156
2578,0,35,13,19,67
2579,100,20,14,15,149
2581,19,35,15,20,89
2583,20,35,14,15,84
2584,15,20,14,15,64
2586,14,15,14,21,64
2587,15,35,15,19,84
2588,14,21,15,19,69
2590,15,19,13,19,66
2591,19,32,14,19,84
2592,13,19,14,19,65
2593,19,33,50,17,119
2594,14,19,50,17,100
2595,19,32,18,17,86
2596,122,27,36,27,212
2597,17,35,22,7,81
2600,118,27,13,35,193
2602,26,27,36,27,116
2603,27,12,24,27,90
2605,24,27,13,35,99
2606,27,13,16,19,75
2607,21,13,16,19,69
2608,13,35,19,14,81
2609,104,31,51,17,203
2611,0,33,19,17,69
2612,0,14,19,17,50
2614,0,17,14,17,48
2615,0,31,51,17,99
2617,0,34,17,17,68
2618,0,17,17,17,51
2620,0,17,16,15,48
2621,0,31,18,18,67
2624,0,18,15,17,50
2625,0,32,17,17,66
2626,85,32,16,18,151
2627,0,34,17,17,68
2629,0,34,15,17,66
2630,0,17,15,17,49
2631,0,32,16,18,66
2633,0,34,18,16,68
2634,85,35,17,15,152
2635,0,34,17,16,67
2636,0,16,17,16,49
2637,0,33,18,17,68
2638,16,35,17,15,83
2639,0,35,17,15,67
2642,0,15,17,15,47
2644,15,35,16,16,82
2645,0,35,16,16,67
2646,0,19,16,16,51
2648,16,34,16,16,82
2649,0,34,16,16,66
2650,16,32,17,18,83
2652,16,35,0,16,67
2653,0,35,0,16,51
2654,66,18,0,17,101
2655,0,32,16,18,66
2656,0,16,16,18,50
2657,16,18,0,17,51
2658,0,18,0,17,35
2660,0,16,16,19,51
2661,16,19,15,17,67
2662,0,19,15,17,51
2663,0,32,15,19,66
2664,0,17,15,19,51
2666,0,19,15,17,51
2667,0,32,17,16,65
2669,0,33,17,18,68
2670,16,35,15,16,82
2673,0,31,20,14,65
2674,0,16,20,14,50
2675,50,16,18,19,103
2676,14,32,18,19,83
2677,0,32,18,19,69
2680,0,19,15,17,51
2681,0,32,17,16,65
2682,0,17,17,16,50
2683,0,33,16,18,67
2685,0,34,17,16,67
2686,0,18,17,16,51
2687,0,33,17,17,67
2688,0,16,17,17,50
2691,0,32,16,16,64
2692,0,16,16,16,48
2693,0,32,18,16,66
2694,50,35,17,15,117
2696,0,16,19,16,51
2697,0,35,17,15,67
2698,16,32,16,18,82
2699,0,32,16,18,66
2700,67,14,17,19,117
2701,0,34,18,14,66
2702,67,19,15,18,119
2703,0,32,17,19,68
2704,83,31,19,16,149
2705,0,36,15,18,69
2706,0,19,15,18,52
2709,115,18,15,18,166
2710,15,35,16,16,82
2712,16,32,50,18,116
2713,16,16,50,18,100
2714,16,35,15,18,84
2715,17,18,15,18,68
2717,15,18,16,17,66
2718,18,33,16,18,85
2719,16,17,16,18,67
2720,17,34,16,17,84
2722,85,31,19,15,150
2724,17,34,17,14,82
2725,0,34,17,14,65
2727,99,32,19,16,166
2728,14,34,18,16,82
2730,15,34,18,14,81
2735,0,35,15,17,67
2737,0,32,17,18,67
2738,118,33,85,14,250
2739,0,35,17,15,67
2740,18,32,17,17,84
2742,0,15,17,17,49
2743,0,34,17,16,67
2744,17,33,85,14,149
2745,0,33,85,14,132
2747,235,33,14,19,301
2748,0,16,17,15,48
2750,15,33,51,16,115
2752,14,34,52,15,115
2753,0,34,52,15,101
2754,0,14,52,15,81
2755,0,33,19,15,67
2757,0,34,82,19,135
2758,0,15,82,19,116
2759,165,36,48,19,268
2760,17,33,14,19,83
2761,166,33,15,19,233
2763,0,33,50,14,97
2764,167,19,15,17,218
2766,18,31,19,17,85
2767,0,31,19,17,67
2771,0,33,15,19,67
2774,19,32,17,17,85
2775,0,32,17,17,66
2776,0,17,17,17,51
2777,0,34,17,16,67
2778,149,34,18,16,217
2779,132,34,18,16,200
2780,16,34,17,16,83
2781,0,34,17,16,67
2782,0,17,17,16,50
2783,0,33,50,16,99
2784,16,32,18,16,82
2785,132,34,16,18,200
2786,16,34,18,16,84
2787,0,34,18,16,68
2788,16,34,16,16,82
2789,0,34,16,16,66
2793,0,34,16,18,68
2794,17,34,84,16,151
2795,0,34,84,16,134
2797,0,34,16,16,66
2798,17,32,50,17,116
2799,0,32,50,17,99
2800,224,29,23,12,288
2802,16,33,17,17,83
2803,0,33,17,17,67
2804,0,17,17,17,51
2805,0,34,16,15,65
2806,0,17,16,15,48
2809,0,34,16,26,76
2810,0,14,16,26,56
2811,0,42,29,23,94
2812,26,29,23,12,90
2814,21,35,12,21,89
2815,0,35,12,21,68
2816,0,12,12,21,45
2817,12,21,12,16,61
2818,21,28,21,14,84
2821,21,14,22,9,66
2822,14,31,17,18,80
2823,22,9,17,18,66
2825,17,18,15,18,68
2827,0,33,19,12,64
2828,0,18,19,12,49
2831,0,36,15,18,69
2832,0,17,15,18,50
2833,0,33,18,15,66
2834,18,33,17,17,85
2836,64,17,51,15,147
2837,0,34,15,17,66
2838,0,17,15,17,49
2839,0,32,51,15,98
2841,99,33,19,17,168
2842,0,18,16,15,49
2843,16,15,51,15,97
2844,15,33,18,15,81
2845,102,34,16,14,166
2846,14,33,19,17,83
2847,119,14,21,14,168
2848,15,36,15,19,85
2849,0,36,15,19,70
2850,17,34,16,14,81
2851,15,19,16,14,64
2852,19,30,21,14,84
2853,16,14,21,14,65
2855,0,35,0,16,51
2856,14,33,17,16,80
2857,0,33,17,16,66
2859,0,33,0,17,50
2860,16,36,67,16,135
2862,0,19,67,16,102
2863,0,30,18,19,67
2865,0,37,16,16,69
2866,19,32,14,15,80
2867,0,32,14,15,61
2869,0,51,16,17,84
2870,15,22,16,17,70
2871,0,22,16,17,55
2873,0,33,0,16,49
2874,64,19,65,19,167
2876,0,16,16,19,51
2877,0,35,65,19,119
2878,0,19,65,19,103
2879,0,33,0,15,48
2880,16,32,0,19,67
2882,0,17,0,19,36
2883,0,34,16,18,68
2886,18,34,15,16,83
2887,0,34,15,16,65
2888,135,17,15,18,185
2890,16,35,16,17,84
2892,17,33,0,17,67
2896,0,17,15,18,50
2900,0,19,15,18,52
2901,98,36,13,20,167
2903,0,33,16,16,65
2904,18,32,18,18,86
2906,117,34,52,15,218
2907,0,36,13,20,69
2909,0,33,15,17,65
2910,20,32,16,18,86
2911,99,34,15,17,165
2912,17,34,52,15,118
2913,0,34,52,15,101
2914,0,18,52,15,85
2915,0,33,19,15,67
2917,0,34,15,17,66
2918,0,15,15,17,47
2920,0,17,17,16,50
2922,16,34,17,16,83
2923,0,34,17,16,67
2924,18,33,18,15,84
2925,0,33,18,15,66
2927,0,33,18,15,66
2928,15,33,18,18,84
2929,0,33,18,18,69
2930,15,36,15,17,83
2931,0,36,15,17,68
2932,18,32,16,17,83
2933,0,32,16,17,65
2934,68,15,86,13,182
2935,0,33,18,15,66
2936,17,33,86,13,149
2938,65,17,19,13,114
2941,0,33,19,13,65
2942,0,17,19,13,49
2943,0,32,19,16,67
2944,0,13,19,16,48
2946,99,16,51,17,183
2947,0,33,50,16,99
2948,15,33,17,16,81
2949,0,33,17,16,66
2952,16,35,16,17,84
2955,16,17,50,15,98
2957,0,33,17,15,65
2958,18,32,17,16,83
2959,100,31,19,16,166
2960,15,33,19,16,83
2961,0,33,19,16,68
2962,0,16,19,16,51
2963,0,35,66,17,118
2964,16,31,19,16,82
2965,0,31,19,16,66
2966,0,14,19,16,49
2968,16,33,18,15,82
2969,0,33,18,15,66
2972,15,35,16,18,84
2974,82,35,17,15,149
2975,0,34,15,16,65
2976,0,18,15,16,49
2977,0,31,16,19,66
2978,0,16,16,19,51
2980,0,19,17,15,51
2981,0,32,17,17,66
2982,0,15,17,17,49
2983,0,34,17,16,67
2984,82,37,48,17,184
2985,0,33,16,16,65
2987,0,32,20,17,69
2989,0,37,48,17,102
2990,17,31,17,17,82
2991,0,31,17,17,65
2994,17,32,17,17,83
2995,0,32,17,17,66
2996,16,34,17,16,83
2997,0,34,17,16,67
2998,17,33,52,16,118
3000,16,33,19,16,84
3001,0,33,19,16,68
3003,0,35,15,18,68
3006,18,32,53,14,117
3007,0,32,53,14,99
3009,102,33,16,18,169
3010,15,34,16,19,84
3011,20,14,16,19,69
3012,14,35,16,17,82
3014,19,33,16,18,86
3015,0,33,16,18,67
3016,17,34,15,17,83
3019,15,17,16,19,67
3020,83,33,18,15,149
3022,19,31,17,16,83
3023,0,31,17,16,64
3024,16,33,18,15,82
3026,100,17,0,16,133
3027,0,33,18,17,68
3028,0,15,18,17,50
3029,0,35,16,17,68
3031,0,33,0,16,49
3032,0,17,0,16,33
3033,0,34,18,15,67
3035,18,15,0,16,49
3036,15,34,16,17,82
3037,0,34,16,17,67
3038,0,18,16,17,51
3040,17,33,0,17,67
3041,0,33,0,17,50
3043,0,33,18,15,66
3044,0,16,18,15,49
3045,18,15,17,21,71
3047,0,38,11,18,67
3048,0,21,11,18,50
3050,52,32,16,17,117
3051,0,34,16,16,66
3052,0,15,16,16,47
3053,16,16,16,17,65
3054,16,33,15,17,81
3056,17,32,20,17,86
3058,17,37,14,20,88
3061,0,34,14,17,65
3062,0,20,14,17,51
3063,130,35,16,16,197
3064,0,17,0,18,35
3065,0,34,49,16,99
3066,0,16,49,16,81
3068,18,32,51,16,117
3071,0,35,16,16,67
3072,0,16,16,16,48
3073,201,32,17,17,267
3074,0,16,18,16,50
3075,0,34,16,18,68
3076,0,16,16,18,50
3078,18,34,16,16,84
3079,0,34,16,16,66
3082,0,16,18,17,51
3083,0,35,14,18,67
3084,0,17,14,18,49
3085,0,32,17,17,66
3086,18,34,15,18,85
3088,0,17,15,18,50
3089,0,33,49,18,100
3090,18,33,16,18,85
3093,0,34,16,16,66
3094,0,18,16,16,50
3095,82,19,14,18,133
3097,0,34,16,19,69
3098,0,18,16,19,53
3099,0,35,14,18,67
3100,0,19,14,18,51
3101,99,33,16,17,165
3103,0,33,17,17,67
3104,16,34,49,17,116
3105,100,35,16,16,167
3106,99,19,16,16,150
3107,0,33,16,17,66
3108,0,16,16,17,49
3109,0,33,16,19,68
3110,17,35,16,16,84
3111,0,35,16,16,67
3112,0,19,16,16,51
3113,0,32,65,19,116
3114,16,48,17,19,100
3116,15,18,17,19,69
3117,87,17,16,15,135
3118,0,17,19,14,50
3119,0,33,19,17,69
3121,0,36,16,15,67
3122,0,17,16,15,48
3123,0,31,17,17,65
3125,0,34,50,16,100
3126,0,17,50,16,83
3127,0,34,48,18,100
3128,15,32,16,18,81
3129,0,32,16,18,66
3130,16,34,22,14,86
3132,18,36,0,14,68
3133,0,36,0,14,50
3134,14,49,15,17,95
3136,0,35,15,17,67
3138,0,15,83,18,116
3139,68,33,16,16,133
3140,0,16,19,16,51
3142,16,33,16,16,81
3146,16,34,16,18,84
3147,0,34,16,18,68
3149,0,34,15,17,66
3150,18,32,18,16,84
3151,0,32,18,16,66
3152,17,34,19,14,84
3153,0,34,19,14,67
3155,0,33,86,17,136
3157,0,33,19,15,67
3158,16,34,19,17,86
3159,0,34,19,17,70
3161,68,32,86,15,201
3164,16,32,86,15,149
3165,0,32,86,15,133
3167,0,36,15,16,67
3168,19,31,19,15,84
3169,0,31,19,15,65
3170,0,16,19,15,50
3172,15,33,16,17,81
3175,0,33,16,18,67
3176,0,17,16,18,51
3177,0,34,16,17,67
3178,0,18,16,17,51
3180,17,33,17,15,82
3182,0,16,17,15,48
3183,68,33,15,18,134
3184,84,33,15,18,150
3185,0,36,14,19,69
3187,66,33,15,19,133
3188,67,18,15,19,119
3189,0,33,15,18,66
3192,168,18,17,16,219
3193,0,34,15,17,66
3196,0,17,16,18,51
3199,0,32,18,18,68
3201,0,36,17,16,69
3202,0,18,17,16,51
3203,0,33,15,16,64
3204,116,33,16,21,186
3206,16,34,17,18,85
3207,0,34,17,18,69
3208,0,17,17,18,52
3211,0,33,16,21,70
3212,18,37,12,17,84
3214,0,21,12,17,50
3216,17,35,17,13,82
3217,0,35,17,13,65
3218,0,17,17,13,47
3219,0,30,0,19,49
3220,13,36,16,16,81
3221,0,36,16,16,68
3222,0,17,16,16,49
3224,16,33,18,15,82
3225,0,33,18,15,66
3226,83,35,15,16,149
3227,0,33,18,16,67
3228,15,34,17,18,84
3229,0,34,17,18,69
3231,82,19,17,15,133
3232,84,32,18,16,150
3233,0,31,16,19,66
3234,16,35,17,15,83
3235,0,35,17,15,67
3236,0,19,17,15,51
3238,99,17,17,16,149
3239,0,34,17,17,68
3241,0,34,16,17,67
3242,0,17,16,17,50
3243,0,33,17,16,66
3244,200,17,48,18,283
3245,0,33,18,18,69
3247,0,36,47,17,100
3249,0,33,14,17,64
3250,20,31,17,17,85
3252,268,16,17,18,319
3256,0,17,48,18,83
3258,0,15,15,18,48
3259,15,18,18,16,67
3262,16,32,21,13,82
3263,16,16,21,13,66
3265,21,13,18,16,68
3267,18,16,17,18,69
3269,17,18,48,17,100
3270,18,30,18,17,83
3271,15,15,18,17,65
3272,15,35,17,15,82
3273,18,17,17,15,67
3274,17,32,17,17,83
3275,99,35,49,15,198
3277,0,34,15,18,67
3278,17,33,17,18,85
3279,0,33,17,18,68
3280,0,18,17,18,53
3281,0,35,49,15,99
3282,0,18,49,15,82
3283,0,32,17,15,64
3284,0,17,17,15,49
3286,99,18,15,17,149
3287,0,35,49,18,102
3288,0,18,49,18,85
3289,17,15,17,18,67
3290,0,15,17,18,50
3291,0,35,15,17,67
3293,201,32,17,15,265
3294,0,17,0,17,34
3295,0,35,14,19,68
3296,100,16,16,20,152
3297,98,36,0,15,149
3298,0,19,21,14,54
3299,0,35,14,16,65
3300,0,14,14,16,44
3301,0,30,16,20,66
3304,0,20,0,15,35
3306,150,32,20,16,218
3307,0,32,0,17,49
3309,0,36,48,17,101
3310,0,19,48,17,84
3311,0,32,16,17,65
3312,17,33,17,15,82
3314,151,32,17,18,218
3315,0,32,20,16,68
3316,0,15,20,16,51
3317,0,36,15,16,67
3318,165,15,53,14,247
3319,0,31,17,18,66
3321,0,35,18,14,67
3322,0,18,18,14,50
3324,0,14,17,18,49
3326,0,18,16,15,49
3327,0,31,53,14,98
3328,149,34,16,17,216
3330,15,33,19,15,82
3331,0,33,19,15,67
3332,0,14,19,15,48
3333,168,32,15,19,234
3334,0,15,16,17,48
3335,0,33,20,14,67
3336,351,33,17,16,417
3342,18,32,15,19,84
3343,16,16,15,19,66
3344,16,34,18,15,83
3345,0,34,18,15,67
3346,19,33,17,17,86
3348,0,15,17,17,49
3349,0,34,17,17,68
3350,17,34,49,17,117
3352,0,17,49,17,83
3353,0,34,15,17,66
3354,19,32,16,17,84
3355,0,32,16,17,65
3356,17,33,17,16,83
3357,167,33,0,16,216
3358,0,17,17,16,50
3360,16,33,18,18,85
3362,15,36,14,18,83
3364,18,32,17,16,83
3366,18,33,0,16,67
3367,0,33,0,16,49
3368,16,33,17,17,83
3369,0,33,17,17,67
3370,0,17,17,17,51
3371,17,17,16,17,67
3372,17,33,17,16,83
3373,100,32,18,17,167
3374,0,17,17,16,50
3376,16,34,15,17,82
3377,0,34,15,17,66
3378,18,32,18,17,85
3379,0,32,18,17,67
3381,0,35,17,15,67
3383,0,32,18,17,67
3384,0,15,18,17,50
3385,0,35,16,17,68
3386,17,33,0,16,66
3387,0,33,0,16,49
3388,0,17,0,16,33
3393,0,34,49,16,99
3396,0,17,15,16,48
3397,0,31,18,17,66
3398,16,35,15,17,83
3399,0,35,15,17,67
3400,17,32,16,17,82
3401,0,32,16,17,65
3402,84,35,16,16,151
3403,0,33,19,15,67
3404,17,34,35,16,102
3406,15,35,16,16,82
3407,0,35,16,16,67
3408,18,32,0,16,66
3409,0,32,0,16,48
3410,0,16,0,16,32
3411,0,33,17,17,67
3413,0,34,18,15,67
3415,0,33,16,18,67
3417,0,34,16,16,66
3419,0,32,18,17,67
3420,0,16,18,17,51
3421,0,35,16,17,68
3422,17,33,16,17,83
3423,0,33,16,17,66
3424,0,17,16,17,50
3425,0,33,17,16,66
3427,0,33,16,17,66
3428,16,33,17,34,100
3430,17,51,16,16,100
3431,0,51,16,16,83
3432,0,34,16,16,66
3434,0,16,16,17,49
3435,16,17,17,16,66
3436,0,17,17,16,50
3438,16,35,15,18,84
3439,68,33,18,15,134
3441,0,33,16,17,66
3442,18,33,18,15,84
3443,66,32,18,17,133
3444,0,17,18,15,50
3445,0,33,0,17,50
3447,100,33,18,15,166
3448,102,14,18,15,149
3450,17,33,19,14,83
3451,16,17,19,14,66
3452,17,33,18,15,83
3453,116,18,15,18,167
3454,14,33,50,18,115
3455,18,15,50,18,101
3456,15,35,15,18,83
3458,19,33,15,18,85
3459,15,18,15,18,66
3460,18,33,34,14,99
3461,15,18,34,14,81
3462,18,34,14,20,86
3463,34,34,15,16,99
3464,23,34,15,16,88
3465,14,20,15,16,65
3466,20,31,35,15,101
3467,15,16,35,15,81
3468,16,35,15,18,84
3469,0,35,15,18,68
3470,19,33,16,17,85
3473,0,33,32,17,82
3474,0,17,32,17,66
3475,0,32,17,20,69
3477,0,37,46,19,102
3478,0,20,46,19,85
3479,0,30,16,19,65
3480,0,17,16,19,52
3484,0,18,0,16,34
3485,0,32,15,19,66
3489,0,32,18,14,64
3490,84,33,17,17,151
3491,0,32,18,17,67
3492,149,33,51,16,249
3493,0,35,50,17,102
3494,17,33,17,17,84
3495,0,33,17,17,67
3496,17,34,17,16,84
3498,17,33,17,16,83
3500,16,33,51,16,116
3502,16,32,19,16,83
3505,19,16,15,17,67
3506,16,32,17,19,84
3508,0,17,17,19,53
3509,0,36,16,16,68
3510,19,32,18,15,84
3511,0,32,18,15,65
3513,0,33,17,15,65
3515,0,32,17,18,67
3520,0,16,18,16,50
3524,17,32,18,16,83
3527,0,34,16,17,67
3529,84,15,16,17,132
3530,17,33,18,15,83
3532,17,33,16,17,83
3533,0,33,16,17,66
3534,0,15,16,17,48
3537,0,34,16,18,68
3538,85,31,18,15,149
3541,0,34,15,16,65
3542,81,36,17,17,151
3543,0,31,18,15,64
3545,0,33,36,17,86
3546,15,36,17,17,85
3547,0,36,17,17,70
3550,0,17,15,17,49
3551,0,32,16,17,65
3553,0,33,17,17,67
3554,0,17,17,17,51
3555,0,34,16,17,67
3556,17,33,49,19,118
3557,65,36,49,18,168
3558,17,32,17,19,85
3559,68,31,52,16,167
3560,15,36,49,18,118
3561,85,18,16,16,135
3563,0,31,52,16,99
3564,0,16,52,16,84
3565,18,18,16,16,68
3566,18,32,16,17,83
3567,0,32,16,17,65
3568,0,16,16,17,49
3569,0,33,16,16,65
3570,17,32,17,17,83
3571,0,32,17,17,66
3572,0,16,17,17,50
3573,0,34,16,18,68
3574,17,34,16,18,85
3575,0,34,16,18,68
3576,18,34,15,17,84
3577,0,34,15,17,66
3578,66,17,18,15,116
3579,0,32,16,17,65
3582,0,17,18,15,50
3583,0,33,17,17,67
3584,15,34,49,18,116
3586,84,33,18,15,150
3587,0,33,16,18,67
3588,17,34,18,15,84
3589,0,34,18,15,67
3590,18,33,18,15,84
3594,0,15,17,18,50
3595,0,35,0,15,50
3596,18,32,17,16,83
3597,0,32,17,16,65
3598,0,17,17,16,50
3599,0,33,18,16,67
3600,83,34,16,19,152
3601,0,34,17,16,67
3602,16,33,18,16,83
3603,0,33,18,16,67
3607,0,35,14,18,67
3608,0,19,14,18,51
3609,0,32,15,16,63
3610,0,18,15,16,49
3612,16,34,18,17,85
3613,0,34,18,17,69
3615,84,17,16,16,133
3619,18,17,16,16,67
3620,167,17,50,17,251
3621,16,16,19,17,68
3622,16,36,17,16,85
3624,17,33,15,17,82
3625,17,16,15,17,65
3627,15,17,17,17,66
3629,17,17,50,17,101
3630,151,33,16,16,216
3632,15,34,15,17,81
3633,17,17,15,17,66
3635,15,17,16,19,67
3636,17,35,17,16,85
3637,0,35,17,16,68
3638,19,33,16,16,84
3640,16,32,51,15,114
3641,0,32,51,15,98
3643,0,33,18,15,66
3644,116,34,16,17,183
3645,0,33,18,16,67
3647,0,34,18,16,68
3649,117,17,17,17,168
3650,16,34,16,17,83
3651,0,34,16,17,67
3652,0,17,16,17,50
3655,0,33,17,17,67
3657,0,34,15,18,67
3658,0,17,15,18,50
3660,18,33,17,16,84
3661,0,33,17,16,66
3663,0,33,51,17,101
3664,0,16,51,17,84
3665,0,34,50,15,99
3666,16,34,16,15,81
3667,0,34,16,15,65
3668,17,31,18,16,82
3669,0,31,18,16,65
3670,83,34,0,16,133
3671,0,34,18,16,68
3672,0,16,18,16,50
3676,0,16,0,16,32
3678,0,17,16,16,49
3679,16,16,19,17,68
3680,16,36,14,17,83
3681,0,36,14,17,67
3682,17,31,16,17,81
3683,0,31,16,17,64
3684,84,32,0,20,136
3686,17,34,17,15,83
3688,15,32,0,20,67
3689,0,32,0,20,52
3690,15,35,18,16,84
3691,0,35,18,16,69
3692,81,34,17,15,147
3693,0,34,17,15,66
3696,15,34,17,15,81
3701,102,34,16,15,167
3702,81,34,16,15,146
3703,0,32,17,18,67
3704,0,16,17,18,51
3705,0,35,17,17,69
3707,0,34,16,15,65
3708,17,31,18,16,82
3713,0,33,17,18,68
3714,0,17,17,18,52
3715,17,18,16,17,68
3716,18,33,49,17,117
3717,0,33,49,17,99
3718,0,17,49,17,83
3722,17,34,16,16,83
3723,0,34,16,16,66
3724,0,17,16,16,49
3726,16,34,17,16,83
3727,0,34,17,16,67
3729,0,33,50,17,100
3731,0,34,16,17,67
3733,0,33,17,17,67
3735,0,34,16,18,68
3737,0,34,15,16,65
3739,0,31,52,15,98
3740,16,35,17,15,83
3742,0,17,17,15,49
3743,17,15,18,14,64
3744,15,32,18,18,83
3745,68,34,14,17,133
3746,14,36,15,19,84
3749,0,34,14,17,65
3752,17,35,84,14,150
3756,0,17,15,19,51
3758,85,33,16,18,152
3759,0,31,16,19,66
3760,0,14,16,19,49
3761,0,35,18,15,68
3762,19,33,16,18,86
3763,0,33,16,18,67
3764,0,15,16,18,49
3765,0,34,15,17,66
3766,18,32,16,18,84
3767,0,32,16,18,66
3768,17,34,18,14,83
3769,0,34,18,14,66
3773,0,34,18,16,68
3774,0,15,18,16,49
3778,16,36,0,16,68
3780,0,18,0,16,34
3782,0,15,52,16,83
3783,18,17,17,16,68
3784,17,33,15,19,84
3786,16,34,16,17,83
3788,0,19,16,17,52
3789,65,33,0,17,115
3790,17,32,16,17,82
3792,16,33,0,17,66
3793,0,33,0,17,50
3794,0,17,0,17,34
3795,0,34,16,18,68
3796,68,16,16,18,118
3798,0,18,17,16,51
3799,0,33,16,18,67
3800,0,16,16,18,50
3801,0,34,17,16,67
3802,18,33,17,17,85
3803,67,32,17,16,132
3804,16,34,15,17,82
3805,0,34,15,17,66
3806,17,32,17,16,82
3807,0,32,17,16,65
3808,0,17,17,16,50
3809,0,33,18,17,68
3810,16,35,16,16,83
3812,17,32,17,18,84
3813,0,32,17,18,67
3814,16,35,49,16,116
3815,0,35,49,16,100
3816,0,18,49,16,83
3817,0,32,17,16,65
3821,0,33,51,17,101
3822,85,33,15,17,150
3823,0,33,18,17,68
3825,168,33,22,11,234
3827,82,17,18,16,133
3828,16,32,17,17,82
3830,17,34,18,16,85
3832,0,17,18,16,51
3833,0,34,16,17,67
3834,116,33,17,16,182
3836,0,17,22,11,50
3837,0,33,16,18,67
3838,145,35,18,14,212
3839,0,34,17,16,67
3841,0,33,17,16,66
3843,0,33,17,17,67
3844,16,34,15,20,85
3846,134,17,15,18,184
3847,0,35,18,14,67
3849,0,32,17,16,65
3853,0,34,15,18,67
3854,0,17,15,18,50
3855,0,33,17,15,65
3856,18,32,18,16,84
3857,0,32,18,16,66
3859,0,34,16,18,68
3860,16,34,17,15,82
3861,0,34,17,15,66
3865,0,33,18,17,68
3867,0,35,17,16,68
3868,0,17,17,16,50
3869,0,33,17,15,65
3870,82,35,18,13,148
3871,0,32,52,17,101
3873,0,34,18,17,69
3875,0,35,18,13,66
3876,17,31,18,16,82
3877,0,31,18,16,65
3879,0,34,18,14,66
3880,16,32,51,17,116
3881,0,32,51,17,100
3882,14,35,16,17,82
3884,18,33,17,16,84
3885,0,33,17,16,66
3887,0,33,18,15,66
3888,16,33,17,17,83
3889,0,33,17,17,67
3890,82,33,17,18,150
3891,0,34,16,17,67
3892,17,33,17,16,83
3894,17,33,17,18,85
3895,0,33,17,18,68
3897,0,35,17,15,67
3898,0,18,17,15,50
3899,0,32,16,19,67
3900,15,35,82,17,149
3901,0,35,82,17,134
3902,19,32,17,16,84
3903,0,32,17,16,65
3904,17,33,17,17,84
3905,0,33,17,17,67
3907,0,34,17,16,67
3911,0,33,0,17,50
3912,0,15,0,17,32
3913,0,35,0,16,51
3914,0,18,0,16,34
3915,0,50,17,16,83
3916,0,34,17,16,67
3918,0,17,16,16,49
3919,66,31,20,15,132
3921,132,34,17,16,199
3924,14,35,16,16,81
3925,0,35,16,16,67
3927,83,16,18,15,132
3928,16,34,17,16,83
3929,0,34,17,16,67
3930,0,17,17,16,50
3931,17,16,18,15,66
3932,85,33,15,18,151
3933,0,33,18,18,69
3934,0,15,18,18,51
3935,102,33,17,15,167
3936,0,18,48,18,84
3937,0,33,15,18,66
3939,15,18,17,16,66
3940,18,33,17,15,83
3941,0,33,17,15,65
3942,0,16,17,15,48
3943,99,34,16,18,167
3945,101,34,16,16,167
3946,15,33,19,15,82
3947,117,16,16,19,168
3949,0,34,16,18,68
3950,15,34,16,16,81
3951,0,34,16,16,66
3952,18,32,16,19,85
3953,16,16,16,19,67
3955,16,19,14,17,66
3956,19,31,19,15,84
3957,0,31,19,15,65
3959,0,34,52,16,102
3961,16,17,19,16,68
3962,17,35,15,20,87
3963,19,16,15,20,70
3964,16,35,16,17,84
3965,15,20,16,17,68
3966,85,31,19,15,150
3967,0,33,15,17,65
3969,0,32,17,14,63
3972,0,14,19,15,48
3974,0,15,19,16,50
3976,0,16,16,15,47
3977,0,31,19,15,65
3978,0,15,19,15,49
3979,0,34,19,16,69
3980,0,15,19,16,50
3981,68,32,52,16,168
3982,16,33,16,16,81
3984,0,17,16,16,49
3986,0,16,52,16,84
3987,0,33,19,16,68
3990,0,16,16,17,49
3991,0,33,16,18,67
3994,0,18,15,19,52
3995,0,34,16,15,65
3997,0,31,18,20,69
3999,0,38,12,17,67
4000,20,29,51,18,118
4001,130,34,15,21,200
4002,0,17,51,18,86
4003,0,35,16,18,69
4004,233,17,19,14,283
4005,66,34,15,21,136
4006,0,18,15,17,50
4008,17,34,15,21,87
4009,0,34,15,21,70
4010,18,36,12,17,83
4011,0,36,12,17,65
4013,0,29,16,17,62
4015,0,33,17,17,67
4020,149,31,19,16,215
4021,0,34,17,16,67
4022,0,16,17,16,49
4024,0,16,17,17,50
4026,166,18,17,16,217
4027,0,34,0,15,49
4029,0,31,19,16,66
4031,19,16,16,16,67
4032,16,32,17,18,83
4033,0,32,17,18,67
4035,0,35,17,16,68
4036,0,18,17,16,51
4038,16,32,18,15,81
4040,15,33,20,13,81
4041,0,33,20,13,66
4042,15,33,18,16,82
4043,117,17,0,18,152
4045,0,34,0,17,51
4046,16,35,15,17,83
4047,0,35,15,17,67
4048,0,18,15,17,50
4049,15,17,0,18,50
4050,17,34,0,17,68
4051,101,34,50,16,201
4052,0,16,0,17,33
4053,101,33,50,15,199
4054,0,17,17,16,50
4055,17,16,17,17,67
4056,16,34,50,16,116
4058,282,35,15,17,349
4060,16,33,50,17,116
4061,17,16,50,17,100
4062,16,32,18,17,83
4063,17,15,18,17,67
4064,15,35,17,16,83
4065,18,17,17,16,68
4066,17,33,17,17,84
4068,16,34,15,17,82
4071,200,32,18,16,266
4072,17,33,85,16,151
4076,16,32,18,16,82
4077,15,17,18,16,66
4079,200,33,18,15,266
4081,0,34,15,17,66
4083,0,32,18,16,66
4085,0,34,17,16,67
4086,0,16,17,16,49
4087,0,33,33,16,82
4089,0,33,16,17,66
4093,0,33,18,16,67
4095,0,34,51,16,101
4096,16,33,18,16,83
4097,0,33,18,16,67
4099,0,34,17,18,69
4100,16,35,16,15,82
4101,0,35,16,15,66
4103,0,31,0,17,48
4104,0,15,0,17,32
4105,0,34,16,18,68
4106,0,17,16,18,51
4107,16,18,17,15,66
4108,83,34,17,18,152
4109,166,32,19,16,233
4110,0,15,16,17,48
4111,0,33,17,17,67
4112,0,17,17,17,51
4113,0,34,17,18,69
4115,84,15,19,16,134
4116,18,32,17,15,82
4117,0,32,17,15,64
4118,17,32,19,16,84
4120,0,15,19,16,50
4122,0,16,15,17,48
4123,0,32,18,17,67
4124,0,17,18,17,52
4126,17,33,15,17,82
4127,84,16,49,16,165
4128,0,17,15,17,49
4129,15,17,19,16,67
4130,86,31,17,16,150
4131,0,35,49,16,100
4132,0,16,49,16,81
4133,0,34,15,16,65
4134,18,31,17,16,82
4135,0,31,17,16,64
4136,16,33,0,17,66
4137,0,33,0,17,50
4138,16,34,17,17,84
4141,101,34,17,15,167
4143,0,34,16,17,67
4145,0,33,51,15,99
4147,0,34,17,15,66
4148,195,17,17,18,247
4149,100,33,15,19,167
4150,97,19,15,19,150
4151,0,34,16,18,68
4154,18,33,15,19,85
4155,0,33,15,19,67
4157,132,34,15,21,202
4159,0,31,17,18,66
4160,0,17,17,18,52
4162,0,18,16,16,50
4163,0,32,17,17,66
4164,0,16,17,17,50
4165,0,34,15,21,70
4166,0,17,15,21,53
4167,0,36,14,17,67
4168,0,21,14,17,52
4169,0,31,17,16,64
4170,17,33,16,17,83
4171,0,33,16,17,66
4174,17,35,14,18,84
4175,0,35,14,18,67
4177,0,32,17,16,65
4179,167,32,17,17,233
4180,16,33,17,18,84
4181,0,33,17,18,68
4183,17,18,15,17,67
4184,18,32,18,16,84
4185,98,34,34,16,182
4187,0,34,16,16,66
4190,16,34,34,16,100
4191,0,34,34,16,84
4192,122,46,32,18,218
4194,16,35,17,19,87
4195,0,35,17,19,71
4196,0,19,17,19,55
4197,17,19,26,20,82
4199,0,46,32,18,96
4200,15,20,32,18,85
4203,0,34,34,15,83
4204,0,18,34,15,67
4205,0,34,15,16,65
4206,17,31,21,14,83
4208,0,16,21,14,51
4209,100,35,18,15,168
4210,14,33,16,16,79
4211,0,33,16,16,65
4213,0,32,15,20,67
4214,16,35,18,15,84
4215,0,35,18,15,68
4217,0,33,15,19,67
4218,114,33,51,17,215
4219,0,34,15,18,67
4221,0,33,17,15,65
4222,0,18,17,15,50
4223,0,32,16,17,65
4225,0,33,51,17,101
4226,0,17,51,17,85
4227,0,33,18,17,68
4228,15,35,16,16,82
4229,0,35,16,16,67
4230,0,17,16,16,49
4231,101,33,14,17,165
4232,0,16,18,17,51
4236,0,18,16,17,51
4237,0,33,14,17,64
4239,0,31,19,16,66
4240,0,17,19,16,52
4243,0,33,17,17,67
4244,0,15,17,17,49
4245,0,34,16,16,66
4246,0,17,16,16,49
4247,0,32,17,18,67
4249,0,35,15,17,67
4250,66,17,118,15,216
4251,0,32,16,17,65
4252,0,17,16,17,50
4253,0,33,118,15,166
4254,0,17,118,15,150
4255,0,34,16,17,67
4256,87,29,16,19,151
4257,0,33,18,19,70
4259,0,37,14,15,66
4260,19,29,16,19,83
4262,15,35,17,16,83
4265,0,33,17,18,68
4267,0,35,13,18,66
4268,18,31,52,15,116
4269,0,31,52,15,98
4270,18,33,19,15,85
4271,0,33,19,15,67
4272,0,15,19,15,49
4274,0,15,16,18,49
4276,18,32,18,15,83
4278,0,15,18,15,48
4280,0,15,36,16,67
4281,0,36,49,17,102
4283,0,32,17,17,66
4284,0,16,17,17,50
4286,81,34,18,16,149
4287,18,14,18,14,64
4288,14,32,18,16,80
4289,18,14,18,16,66
4290,82,34,16,16,148
4293,100,34,17,19,170
4295,17,17,16,16,66
4296,17,32,18,16,83
4297,16,16,18,16,66
4298,16,34,17,19,86
4300,0,16,17,19,52
4301,17,19,0,13,49
4303,0,32,16,17,65
4308,0,15,35,16,66
4309,0,35,16,16,67
4311,0,32,16,17,65
4312,0,16,16,17,49
4315,0,33,0,18,51
4316,16,34,16,18,84
4317,0,34,16,18,68
4318,0,16,16,18,50
4320,18,33,18,17,86
4321,0,33,18,17,68
4323,68,31,18,16,133
4324,17,33,15,16,81
4326,0,19,15,16,50
4327,0,31,18,16,65
4328,16,34,16,17,83
4329,0,34,16,17,67
4331,0,33,17,18,68
4332,17,35,16,15,83
4336,0,15,67,21,103
4337,0,42,25,21,88
4338,21,25,0,21,67
4339,0,25,0,21,46
4340,18,34,20,13,85
4342,64,17,15,18,114
4343,0,33,0,18,51
4345,0,35,15,18,68
4347,65,34,52,15,166
4348,0,18,32,17,67
4349,0,32,17,17,66
4350,0,15,17,17,49
4351,0,34,52,15,101
4354,0,16,52,16,84
4357,0,34,17,19,70
4358,0,16,17,19,52
4360,0,19,0,15,34
4361,81,16,16,17,130
4362,0,15,17,17,49
4363,83,17,17,16,133
4364,17,33,16,17,83
4365,0,33,16,17,66
4366,0,16,16,17,49
4367,0,33,17,16,66
4368,0,17,17,16,50
4370,0,16,51,17,84
4371,0,35,16,17,68
4374,17,32,15,18,82
4376,0,17,15,18,50
4379,0,35,14,18,67
4380,0,19,14,18,51
4381,0,32,17,16,65
4382,68,15,18,18,119
4383,0,33,17,15,65
4385,0,32,18,18,68
4386,0,15,18,18,51
4387,0,36,16,18,70
4389,0,34,49,16,99
4390,0,18,49,16,83
4391,0,31,18,16,65
4392,0,17,18,16,51
4394,16,33,17,16,82
4397,0,33,18,16,67
4398,0,16,18,16,50
4400,0,16,16,18,50
4401,0,34,17,16,67
4404,16,32,17,17,82
4405,0,32,17,17,66
4406,0,15,17,17,49
4407,0,34,17,17,68
4408,17,34,17,16,84
4411,0,33,18,15,66
4412,0,16,18,15,49
4413,0,33,19,16,68
4414,83,33,16,18,150
4415,0,35,14,19,68
4417,0,33,15,18,66
4419,0,33,16,18,67
4420,0,18,16,18,52
4421,0,34,16,16,66
4422,0,18,16,16,50
4424,16,34,16,17,83
4425,0,34,16,17,67
4427,0,33,16,17,66
4428,17,33,17,18,85
4429,0,33,17,18,68
4430,17,35,16,17,85
4431,0,35,16,17,68
4432,18,33,15,18,84
4434,17,33,16,17,83
4435,0,33,16,17,66
4437,0,33,17,16,66
4438,0,17,17,16,50
4439,0,33,16,16,65
4442,16,35,16,18,85
4443,0,35,16,18,69
4444,0,16,16,18,50
4445,0,34,15,17,66
4446,0,18,15,17,50
4448,17,34,84,16,151
4449,0,34,84,16,134
4450,0,18,84,16,118
4451,0,36,48,16,100
4452,19,29,19,16,83
4453,14,15,19,16,64
4454,15,35,49,16,115
4455,0,35,49,16,100
4457,84,16,17,16,133
4458,83,33,16,16,148
4460,84,32,51,18,185
4461,0,35,17,16,68
4465,135,31,17,17,200
4467,134,34,49,18,235
4468,0,15,18,18,51
4469,18,18,16,18,70
4470,18,34,14,17,83
4471,0,34,14,17,65
4472,18,31,17,17,83
4473,132,33,16,16,197
4474,17,34,49,18,118
4475,166,35,0,15,216
4477,0,35,14,18,67
4480,18,33,16,16,83
4481,0,33,16,16,65
4482,152,32,17,15,216
4483,0,32,19,16,67
4484,16,35,0,15,66
4485,0,35,0,15,50
4486,16,32,17,18,83
4487,333,34,16,17,400
4488,0,17,17,18,52
4489,0,35,16,16,67
4490,18,32,17,15,82
4491,166,34,0,15,215
4492,16,32,0,18,66
4493,0,32,0,18,50
4495,0,36,21,12,69
4497,21,12,0,18,51
4498,12,33,0,15,60
4499,0,33,0,15,48
4500,0,15,0,15,30
4501,0,34,0,15,49
4502,0,19,0,15,34
4503,0,33,15,18,66
4504,0,18,15,18,51
4505,15,18,17,17,67
4506,18,34,16,17,85
4507,0,34,16,17,67
4508,17,33,15,18,83
4509,148,17,18,17,200
4510,17,33,33,18,101
4512,18,33,0,18,69
4513,0,33,0,18,51
4517,0,34,18,17,69
4518,0,17,18,17,52
4520,0,17,15,17,49
4521,0,32,51,17,100
4522,0,17,51,17,85
4523,0,34,17,17,68
4524,0,17,17,17,51
4525,0,34,0,15,49
4526,0,17,0,15,32
4527,0,34,17,15,66
4528,0,19,17,15,51
4530,15,35,49,16,115
4533,99,32,16,18,165
4536,16,34,15,17,82
4538,84,33,15,18,150
4540,0,17,16,18,51
4542,119,32,17,17,185
4543,216,16,17,17,266
4545,0,33,50,17,100
4546,0,18,50,17,85
4547,0,35,15,17,67
4548,19,32,17,17,85
4549,0,32,17,17,66
4550,17,34,16,16,83
4551,0,34,16,16,66
4552,99,17,18,17,151
4553,166,34,15,17,232
4554,150,34,15,17,216
4555,0,33,17,17,67
4556,0,16,17,17,50
4557,0,34,18,17,69
4559,0,35,48,18,101
4560,0,17,48,18,83
4561,0,32,16,18,66
4562,18,34,15,17,84
4565,0,32,17,17,66
4566,0,17,17,17,51
4567,0,34,16,18,68
4568,17,34,18,13,82
4569,0,34,18,13,65
4571,0,31,18,17,66
4572,0,13,18,17,48
4573,0,35,17,16,68
4574,0,17,17,16,50
4575,0,33,0,18,51
4576,0,16,0,18,34
4577,0,35,15,17,67
4578,0,17,15,17,49
4581,68,32,17,15,132
4582,0,15,18,17,50
4583,0,35,16,16,67
4584,0,17,16,16,49
4585,0,32,17,15,64
4587,0,32,18,17,67
4588,0,15,18,17,50
4589,69,32,17,16,134
4590,0,17,15,19,51
4591,0,34,16,16,66
4593,0,32,17,16,65
4594,0,16,17,16,49
4595,0,33,18,16,67
4596,0,16,18,16,50
4597,0,34,50,16,100
4599,0,34,16,16,66
4601,16,16,17,17,66
4603,0,34,16,18,68
4605,67,34,0,16,117
4606,18,33,0,18,69
4607,0,33,0,18,51
4608,0,16,0,18,34
4609,0,34,0,16,50
4610,0,16,0,16,32
4611,0,33,16,16,65
4612,0,17,16,16,49
4613,0,32,19,16,67
4614,0,16,19,16,51
4615,0,35,15,18,68
4616,0,16,15,18,49
4621,102,33,15,19,169
4623,69,33,15,19,136
4624,16,35,48,19,118
4625,0,35,48,19,102
4628,0,18,15,19,52
4629,15,19,15,16,65
4630,0,19,15,16,50
4631,0,31,17,18,66
4632,0,16,17,18,51
4633,66,35,16,21,138
4634,0,18,15,16,49
4635,0,31,18,17,66
4636,88,31,82,16,217
4638,17,37,17,14,85
4641,0,31,82,16,129
4642,0,14,82,16,112
4644,18,34,15,16,83
4645,0,34,15,16,65
4646,18,31,16,16,81
4647,0,31,16,16,63
4648,16,32,17,18,83
4649,0,32,17,18,67
4650,16,35,16,17,84
4652,18,33,19,14,84
4653,100,34,16,16,166
4654,17,33,17,17,84
4656,14,34,16,18,82
4657,17,17,16,18,68
4658,17,34,16,16,83
4659,16,18,16,16,66
4660,18,32,17,17,84
4662,16,34,50,17,117
4663,17,17,50,17,101
4664,17,34,48,19,118
4666,85,33,15,18,151
4667,16,17,50,17,100
4668,17,34,16,17,84
4669,15,19,16,17,67
4670,19,33,15,18,85
4671,0,33,15,18,66
4673,0,33,17,16,66
4674,0,18,17,16,51
4675,0,33,17,17,67
4676,16,34,15,17,82
4677,0,34,15,17,66
4678,17,32,17,18,84
4679,0,32,17,18,67
4680,17,35,0,16,68
4682,18,33,0,17,68
4683,0,33,0,17,50
4684,0,17,0,17,34
4686,0,17,16,16,49
4687,16,16,16,16,64
4688,16,32,16,18,82
4689,0,32,16,18,66
4690,16,34,0,16,66
4691,0,34,0,16,50
4692,53,31,0,18,102
4694,50,35,17,17,119
4695,0,31,0,18,49
4696,0,17,0,18,35
4697,0,35,17,17,69
4698,0,17,17,17,51
4701,0,32,49,17,98
4702,82,34,18,14,148
4703,0,34,15,17,66
4704,0,16,15,17,48
4705,0,32,17,17,66
4708,0,17,18,14,49
4710,0,14,19,16,49
4711,0,35,16,16,67
4714,0,16,17,18,51
4716,0,18,15,17,50
4718,85,33,0,16,134
4719,0,36,14,18,68
4721,0,32,33,16,81
4723,84,15,16,18,133
4724,0,16,0,16,32
4725,0,32,34,16,82
4726,0,16,34,16,66
4727,0,34,16,18,68
4728,15,34,16,17,82
4729,0,34,16,17,67
4731,0,33,0,17,50
4732,0,17,0,17,34
4733,0,34,17,16,67
4735,0,33,0,17,50
4737,0,33,18,16,67
4741,0,34,48,20,102
4742,18,33,15,20,86
4743,0,33,15,20,68
4745,0,35,0,16,51
4750,0,17,18,15,50
4753,0,34,17,15,66
4754,17,32,18,17,84
4759,0,33,17,15,65
4760,84,32,18,17,151
4761,0,32,19,16,67
4762,15,35,16,16,82
4763,0,35,16,16,67
4766,16,35,16,16,83
4768,0,17,16,16,49
4770,16,34,16,18,84
4771,0,34,16,18,68
4772,16,34,17,16,83
4773,0,34,17,16,67
4774,18,33,83,16,150
4775,0,33,83,16,132
4776,16,33,0,17,66
4777,0,33,0,17,50
4778,17,33,17,16,83
4779,0,33,17,16,66
4780,0,16,17,16,49
4783,0,34,33,17,84
4784,17,33,0,17,67
4785,0,33,0,17,50
4787,0,34,21,12,67
4788,0,17,21,12,50
4789,0,33,17,17,67
4791,0,34,16,18,68
4792,17,34,16,16,83
4793,0,34,16,16,66
4794,18,32,18,15,83
4795,0,32,18,15,65
4796,16,33,17,16,82
4797,0,33,17,16,66
4799,0,33,17,18,68
4804,0,17,17,15,49
4805,0,32,16,18,66
4806,0,15,16,18,49
4808,18,33,16,18,85
4810,16,34,17,15,82
4811,16,18,17,15,66
4814,15,34,17,17,83
4815,19,15,17,17,68
4816,82,32,18,17,149
4818,17,33,16,16,82
4820,17,32,18,17,84
4821,16,16,18,17,67
4823,69,31,17,18,135
4825,0,34,0,15,49
4826,17,31,17,18,83
4827,0,31,17,18,66
4828,0,16,17,18,51
4829,84,18,48,19,169
4831,0,34,15,18,67
4833,15,18,48,19,100
4834,18,33,15,19,85
4835,81,18,17,16,132
4836,194,30,13,19,256
4837,0,34,14,18,66
4838,19,32,17,16,84
4840,0,18,17,16,51
4841,0,33,78,11,122
4842,16,56,22,11,105
4845,22,30,13,19,84
4847,0,19,13,19,51
4849,19,32,19,15,85
4850,0,32,19,15,66
4853,116,31,18,17,182
4855,17,31,16,19,83
4856,0,31,16,19,66
4857,0,15,16,19,50
4859,19,31,18,17,85
4861,0,13,18,17,48
4862,0,35,16,16,67
4864,0,32,17,18,67
4867,18,33,50,17,118
4868,0,33,50,17,100
4870,0,32,18,17,67
4871,101,17,17,15,150
4872,0,35,18,15,68
4873,0,17,18,15,50
4874,0,33,17,17,67
4877,17,32,17,16,82
4881,116,35,17,16,184
4882,0,33,17,16,66
4883,17,33,17,17,84
4884,0,33,17,17,67
4885,16,34,35,17,102
4887,17,35,17,16,85
4888,134,32,51,17,234
4889,17,33,17,17,84
4890,0,33,17,17,67
4892,0,34,14,18,66
4893,118,31,15,17,181
4894,0,32,17,15,64
4895,18,32,51,17,118
4896,0,32,51,17,100
4898,0,37,14,17,68
4899,18,31,15,17,81
4900,0,31,15,17,63
4902,0,32,20,14,66
4903,118,33,0,16,167
4904,0,34,19,15,68
4906,0,34,15,18,67
4907,15,33,18,15,81
4909,18,33,0,16,67
4911,15,34,16,17,82
4912,0,34,16,17,67
4913,0,18,16,17,51
4914,16,17,17,20,70
4915,17,37,12,19,85
4917,0,20,12,19,51
4918,0,31,16,16,63
4919,0,19,16,16,51
4920,0,32,16,17,65
4921,0,16,16,17,49
4922,0,33,18,15,66
4923,0,17,18,15,50
4924,0,33,16,18,67
4925,15,34,18,15,82
4927,70,16,17,16,119
4930,68,32,0,19,119
4931,0,16,17,16,49
4932,65,35,16,17,133
4933,16,32,0,19,67
4934,0,32,0,19,51
4935,17,35,16,17,85
4937,166,15,18,16,215
4939,0,17,16,16,49
4940,0,32,16,20,68
4942,0,36,15,18,69
4943,0,20,15,18,53
4945,18,31,18,16,83
4946,231,33,50,18,332
4949,0,16,18,16,50
4951,0,16,49,18,83
4952,0,33,52,15,100
4954,132,32,18,18,200
4955,0,18,18,15,51
4956,0,33,15,17,65
4957,0,15,15,17,47
4958,0,32,16,17,65
4960,0,33,50,18,101
4962,0,32,18,18,68
4964,0,36,19,16,71
4965,18,35,50,16,119
4966,0,35,50,16,101
4967,16,31,19,16,82
4968,0,31,19,16,66
4969,0,11,19,16,46
4970,19,16,16,15,66
4972,0,31,18,15,64
4973,102,13,19,15,149
4974,0,33,18,17,68
4976,0,35,51,15,101
4977,0,17,51,15,83
4978,0,32,19,15,66
4980,0,34,18,17,69
4981,0,15,18,17,50
4982,0,35,16,14,65
4985,0,14,17,17,48
4987,0,17,17,17,51
4988,0,34,18,16,68
4989,0,17,18,16,51
4992,67,34,0,15,116
4996,0,34,0,15,49
4997,0,18,0,15,33
4998,0,32,0,15,47
4999,0,17,0,15,32
5000,0,33,19,14,66
5001,0,18,19,14,51
5002,19,14,17,18,68
5004,0,35,0,17,52
5006,0,32,0,18,50
5007,0,15,0,18,33
5010,0,30,19,17,66
5011,14,36,14,18,82
5013,17,32,15,19,83
5014,14,18,15,19,66
5018,19,14,50,15,98
5019,14,33,17,15,79
5020,65,36,16,16,133
5021,16,32,19,17,84
5022,84,16,19,14,133
5024,19,17,16,16,68
5025,17,32,19,14,82
5026,16,16,19,14,65
5027,16,33,16,19,84
5029,82,33,15,18,148
5032,0,33,48,18,99
5034,0,33,15,18,66
5035,0,17,15,18,50
5036,0,33,51,17,101
5038,83,17,16,18,134
5039,16,36,15,17,84
5040,0,36,15,17,68
5041,0,17,15,17,49
5042,80,18,16,17,131
5043,0,17,16,18,51
5044,0,34,14,18,66
5045,0,18,14,18,50
5048,0,33,19,14,66
5049,17,33,18,17,85
5050,0,33,18,17,68
5053,17,34,15,19,85
5054,0,34,15,19,68
5055,19,34,15,17,85
5056,0,34,15,17,66
5060,0,38,12,16,66
5061,0,23,12,16,51
5062,0,28,17,16,61
5064,0,33,15,18,66
5065,84,32,16,17,149
5066,0,33,17,18,68
5067,18,35,15,17,85
5068,0,35,15,17,67
5070,0,32,16,17,65
5073,17,36,16,16,85
5076,98,32,51,18,199
5077,0,16,17,15,48
5078,0,32,18,16,66
5079,15,34,17,15,81
5082,0,32,51,18,101
5083,115,36,15,18,184
5084,0,34,17,18,69
5085,0,17,17,18,52
5086,0,35,14,17,66
5087,18,31,19,17,85
5088,0,31,19,17,67
5095,0,21,45,17,83
5096,230,33,16,16,295
5098,133,34,17,16,200
5099,17,35,0,16,68
5102,0,33,16,17,66
5103,117,33,16,16,182
5104,0,33,15,19,67
5105,17,34,17,16,84
5108,0,33,17,16,66
5109,0,16,17,16,49
5110,0,33,16,16,65
5112,0,32,17,16,65
5114,0,33,20,16,69
5115,0,16,20,16,52
5116,0,36,14,18,68
5119,18,35,15,17,85
5120,0,35,15,17,67
5121,0,17,15,17,49
5122,81,16,51,16,164
5123,17,34,15,16,82
5124,0,34,15,16,65
5125,0,17,15,16,48
5126,0,31,51,16,98
5127,0,16,51,16,83
5128,0,35,16,16,67
5129,0,17,16,16,49
5131,16,35,17,16,84
5132,0,35,17,16,68
5137,0,18,55,13,86
5138,0,35,20,13,68
5139,17,33,17,16,83
5140,0,33,17,16,66
5141,0,13,17,16,46
5144,0,34,15,20,69
5145,14,35,13,17,79
5146,0,35,13,17,65
5148,0,30,19,14,63
5149,0,17,19,14,50
5150,0,33,17,17,67
5151,0,14,17,17,48
5152,0,34,19,14,67
5153,0,17,19,14,50
5154,0,33,16,20,69
5157,0,20,14,19,53
5158,0,33,16,14,63
5159,0,19,16,14,49
5160,0,30,17,20,67
5161,14,37,12,21,84
5162,0,37,12,21,70
5163,0,20,12,21,53
5164,12,21,16,16,65
5165,21,32,15,18,86
5167,135,12,53,16,216
5168,15,18,17,15,65
5169,18,32,20,15,85
5172,20,15,19,12,66
5176,69,32,18,16,135
5177,20,31,17,15,83
5178,15,16,17,15,63
5179,98,16,16,21,151
5181,15,34,0,16,65
5182,0,34,0,16,50
5183,0,16,0,16,32
5184,0,32,16,21,69
5185,0,16,16,21,53
5187,21,30,52,15,118
5188,0,30,52,15,97
5190,0,35,17,15,67
5191,0,18,17,15,50
5192,17,15,16,20,68
5193,15,36,49,19,119
5196,0,31,18,19,68
5197,0,15,18,19,52
5198,18,19,46,17,100
5199,19,29,17,17,82
5201,0,16,17,17,50
5202,17,17,17,17,68
5203,17,34,0,16,67
5205,0,17,0,16,33
5206,0,34,0,16,50
5207,83,35,16,16,150
5208,0,33,15,17,65
5209,0,17,15,17,49
5210,67,32,15,20,134
5211,17,35,16,16,84
5212,0,35,16,16,67
5215,0,16,15,20,51
5218,0,34,0,15,49
5219,0,18,0,15,33
5220,0,32,16,15,63
5221,0,17,16,15,48
5222,67,33,83,15,198
5223,0,15,19,17,51
5224,0,36,17,16,69
5225,82,33,18,15,148
5227,16,32,17,16,81
5230,0,33,18,15,66
5232,0,33,17,18,68
5233,0,15,17,18,50
5237,0,16,18,15,49
5239,15,33,16,17,81
5240,0,33,16,17,66
5241,0,17,16,17,50
5242,0,33,17,17,67
5244,0,34,16,18,68
5245,0,17,16,18,51
5246,0,34,15,17,66
5247,18,32,17,19,86
5248,0,32,17,19,68
5249,17,36,14,19,86
5251,0,19,14,19,52
5252,0,33,16,15,64
5253,19,31,16,17,83
5254,0,31,16,17,64
5256,0,33,17,18,68
5257,0,17,17,18,52
5258,0,35,17,16,68
5259,85,34,14,21,154
5260,0,33,16,18,67
5261,16,34,14,20,84
5262,0,34,14,20,68
5263,18,34,14,21,87
5266,97,35,49,17,198
5267,0,21,14,12,47
5268,0,26,53,18,97
5269,0,12,53,18,83
5271,15,35,49,17,116
5272,0,35,49,17,101
5273,0,18,49,17,84
5274,0,34,15,17,66
5275,100,19,15,16,150
5279,0,17,16,19,52
5280,16,19,15,16,66
5281,19,31,19,14,83
5285,14,35,16,18,83
5286,0,35,16,18,69
5287,0,16,16,18,50
5288,0,34,16,18,68
5289,0,18,16,18,52
5291,0,18,17,16,51
5292,0,33,116,18,167
5293,0,16,116,18,150
5295,0,17,14,16,47
5297,85,32,18,16,151
5298,0,34,17,18,69
5299,0,20,17,18,55
5302,0,32,18,16,66
5303,0,16,18,16,50
5304,0,34,15,19,68
5305,0,16,15,19,50
5306,0,34,16,15,65
5307,0,19,16,15,50
5308,0,31,52,17,100
5314,0,32,18,14,64
5315,18,32,17,18,85
5316,0,32,17,18,67
5317,0,14,17,18,49
5318,0,35,0,17,52
5319,0,18,0,17,35
5321,0,15,17,17,49
5322,0,34,83,18,135
5323,17,33,0,16,66
5324,0,33,0,16,49
5325,16,33,17,18,84
5327,0,17,17,18,52
5329,18,34,15,16,83
5331,0,19,15,16,50
5332,0,31,50,16,97
5333,16,33,17,16,82
5334,0,33,17,16,66
5338,0,33,19,16,68
5339,70,14,17,18,119
5340,0,35,19,14,68
5342,0,33,17,18,68
5343,0,14,17,18,49
5345,0,18,16,16,50
5346,0,32,17,18,67
5347,84,32,17,15,148
5349,83,32,51,19,185
5350,0,33,16,16,65
5351,19,32,17,15,83
5353,16,32,51,19,118
5354,0,32,51,19,102
5355,15,36,15,19,85
5356,0,36,15,19,70
5357,0,17,15,19,51
5358,15,19,14,17,65
5359,84,34,17,17,152
5360,84,15,17,17,133
5361,0,17,17,17,51
5362,0,34,51,17,102
5363,17,34,17,17,85
5365,0,15,17,17,49
5367,17,32,17,17,83
5368,0,32,17,17,66
5369,0,17,17,17,51
5370,0,34,15,18,67
5371,17,33,17,15,82
5373,0,18,17,15,50
5374,0,32,118,15,165
5375,0,15,118,15,148
5376,0,34,16,18,68
5378,0,34,15,17,66
5380,0,32,18,15,65
5381,0,17,18,15,50
5383,0,15,16,20,51
5384,0,36,15,15,66
5385,20,30,18,16,84
5387,68,16,14,15,113
5388,69,29,0,20,118
5390,0,35,14,15,64
5391,16,29,0,20,65
5394,0,38,16,17,71
5395,0,18,16,17,51
5397,0,17,15,16,48
5399,0,16,17,18,51
5401,18,33,17,16,84
5403,69,16,16,15,116
5406,0,35,16,15,66
5407,80,35,51,15,181
5408,0,31,19,14,64
5409,0,15,19,14,48
5412,0,35,51,15,101
5413,0,15,51,15,81
5414,0,35,16,15,66
5415,19,31,18,16,84
5416,0,31,18,16,65
5417,15,34,16,16,81
5418,0,34,16,16,66
5421,16,34,19,14,83
5422,86,16,17,16,135
5423,15,33,19,16,83
5424,0,33,19,16,68
5427,166,17,15,18,216
5428,0,33,16,17,66
5429,0,16,16,17,49
5432,0,33,16,18,67
5433,0,17,16,18,51
5434,16,18,17,17,68
5435,0,18,17,17,52
5437,17,33,15,17,82
5438,0,33,15,17,65
5439,0,18,15,17,50
5440,0,32,17,17,66
5441,0,17,17,17,51
5443,0,17,0,13,30
5444,0,33,18,15,66
5446,0,33,16,18,67
5447,15,34,17,16,82
5448,0,34,17,16,67
5449,18,33,35,16,102
5450,68,32,17,16,133
5451,16,35,0,16,67
5452,0,35,0,16,51
5453,19,32,17,16,84
5454,0,32,17,16,65
5455,0,16,17,16,49
5456,0,33,17,16,66
5457,82,33,18,17,150
5458,0,33,19,14,66
5459,82,35,15,18,150
5460,0,33,51,17,101
5461,14,33,18,17,82
5462,0,33,18,17,68
5463,14,35,15,18,82
5464,0,35,15,18,68
5465,83,35,16,18,152
5466,0,33,0,16,49
5468,0,33,0,16,49
5469,0,17,0,16,33
5470,0,35,16,18,69
5471,0,19,16,18,53
5472,100,31,16,18,165
5475,17,34,0,17,68
5476,0,34,0,17,51
5477,18,31,16,18,83
5478,0,31,16,18,65
5479,0,14,16,18,48
5480,16,18,16,20,70
5482,185,15,15,19,234
5483,20,30,17,18,85
5484,15,15,17,18,65
5485,15,35,18,16,84
5487,18,34,15,18,85
5489,16,33,17,15,81
5490,15,18,17,15,65
5491,18,32,15,19,84
5492,17,15,15,19,66
5493,15,34,16,17,82
5494,15,19,16,17,67
5495,19,33,15,18,85
5497,32,18,17,17,84
5498,15,18,17,17,67
5500,266,38,13,19,336
5502,0,32,19,15,66
5503,0,16,19,15,50
5504,0,34,17,16,67
5505,81,33,20,16,150
5506,99,36,15,16,166
5507,82,36,15,16,149
5508,0,33,18,15,66
5511,15,36,15,16,82
5512,0,36,15,16,67
5513,0,16,15,16,47
5514,0,31,19,19,69
5518,0,32,15,18,65
5519,0,19,15,18,52
5520,0,33,50,16,99
5522,132,32,17,17,198
5523,17,35,17,15,84
5524,0,35,17,15,67
5526,0,32,16,18,66
5531,15,34,17,18,84
5533,151,31,19,16,217
5534,0,35,15,19,69
5535,0,18,15,19,52
5536,0,34,0,15,49
5537,0,19,0,15,34
5538,0,30,17,18,65
5539,0,15,17,18,50
5540,17,18,15,16,66
5541,18,31,19,16,84
5543,16,35,16,19,86
5544,0,35,16,19,70
5547,19,31,19,16,85
5548,0,31,19,16,66
5551,0,16,15,19,50
5553,19,31,17,18,85
5555,0,15,17,18,50
5556,0,35,15,16,66
5557,0,18,15,16,49
5558,0,31,18,16,65
5559,16,34,17,17,84
5560,68,36,13,17,134
5561,16,34,49,17,116
5562,0,34,49,17,100
5563,0,17,49,17,83
5564,0,36,13,17,66
5567,17,35,16,16,84
5568,0,35,16,16,67
5570,0,32,17,16,65
5572,0,33,16,18,67
5573,0,16,16,18,50
5575,0,18,17,17,52
5576,0,34,15,19,68
5579,66,17,0,20,103
5580,0,34,0,13,47
5581,79,34,18,15,146
5582,0,30,0,20,50
5583,0,17,0,20,37
5584,86,15,18,16,135
5592,99,34,49,16,198
5594,19,16,16,15,66
5595,16,31,21,13,81
5596,16,15,21,13,65
5598,21,13,49,16,99
5599,13,33,51,16,113
5600,18,15,51,16,100
5601,15,32,19,16,82
5602,16,16,19,16,67
5603,16,35,18,16,85
5604,19,16,18,16,69
5605,16,34,51,17,118
5609,15,36,14,16,81
5610,0,36,14,16,66
5611,0,17,14,16,47
5613,16,36,14,17,83
5614,0,36,14,17,67
5615,0,17,14,17,48
5616,0,31,0,17,48
5617,0,17,0,17,34
5618,0,34,0,16,50
5619,0,17,0,16,33
5620,0,34,0,16,50
5621,0,18,0,16,34
5622,0,35,33,18,86
5623,0,19,33,18,70
5625,18,36,11,19,84
5626,0,36,11,19,66
5627,0,18,11,19,48
5628,11,19,15,17,62
5629,19,32,16,16,83
5630,0,32,16,16,64
5631,0,17,16,16,49
5632,0,32,19,15,66
5633,16,34,17,17,84
5634,0,34,17,17,68
5635,15,34,18,16,83
5637,17,34,17,17,85
5638,0,34,17,17,68
5639,0,16,17,17,50
5640,0,34,14,21,69
5641,52,32,22,10,116
5642,0,35,54,10,99
5643,0,21,54,10,85
5644,0,32,22,10,64
5645,19,32,15,19,85
5646,22,10,15,19,66
5647,10,34,0,16,60
5648,0,34,0,16,50
5650,0,33,16,18,67
5651,0,17,16,18,51
5652,0,34,53,13,100
5653,18,36,17,13,84
5654,0,36,17,13,66
5655,0,22,17,13,52
5656,17,13,17,19,66
5659,19,33,53,13,118
5661,0,17,53,13,83
5663,0,18,21,13,52
5664,0,34,13,18,65
5666,0,31,17,15,63
5667,0,18,17,15,50
5668,0,32,17,18,67
5669,0,15,17,18,50
5671,54,31,0,16,101
5673,20,31,0,16,67
5674,0,31,0,16,47
5675,0,16,0,16,32
5677,0,21,49,15,85
5678,12,17,20,15,64
5679,17,35,16,14,82
5680,65,37,50,14,166
5682,0,30,22,15,67
5684,0,37,50,14,101
5686,0,30,20,14,64
5687,10,34,23,13,80
5689,14,36,18,13,81
5690,0,36,18,13,67
5691,13,31,24,7,75
5692,18,13,24,7,62
5693,13,31,67,20,131
5695,29,13,32,20,94
5697,30,15,20,20,85
5698,32,40,77,27,176
5700,20,20,77,27,144
5701,0,20,77,27,124
5702,77,27,30,19,153
5703,63,27,30,19,139
5706,27,30,36,18,111
5707,17,30,36,18,101
5708,30,36,18,16,100
5710,36,34,18,16,104
5711,35,16,18,16,85
5712,117,17,67,18,219
5715,16,33,16,17,82
5716,16,17,16,17,66
5717,17,33,67,18,135
5718,16,17,67,18,118
5721,21,30,50,16,117
5723,18,38,12,16,84
5724,0,38,12,16,66
5726,0,28,19,32,79
5727,16,19,14,18,67
5728,0,19,14,18,51
5730,18,17,16,16,67
5731,0,17,16,16,49
5733,16,34,18,33,101
5734,0,34,18,33,85
5736,83,18,15,19,135
5737,0,33,84,16,133
5739,84,16,14,18,132
5741,0,18,15,19,52
5742,15,19,16,32,82
5743,19,16,14,18,67
5744,182,16,17,18,233
5745,0,49,16,18,83
5747,0,17,16,18,51
5748,16,18,18,33,85
5749,18,18,15,18,69
5750,0,18,15,18,51
5751,15,18,17,31,81
5752,18,48,17,18,101
5753,0,48,17,18,83
5754,116,16,16,17,165
5755,16,35,17,33,101
5758,0,17,14,19,50
5759,0,49,16,17,82
5760,19,16,16,17,68
5761,0,16,16,17,49
5762,100,19,14,17,150
5763,17,34,16,17,84
5765,17,33,19,31,100
5766,0,33,19,31,83
5767,17,19,14,17,67
5769,0,48,17,32,97
5770,17,17,17,32,83
5771,0,17,17,32,66
5772,17,49,17,16,99
5773,15,34,17,16,82
5774,17,17,17,16,67
5775,250,33,0,18,301
5776,17,16,16,17,66
5777,16,33,19,32,100
5778,0,33,19,32,84
5779,0,17,19,32,68
5781,0,47,17,18,82
5782,18,15,17,18,68
5783,0,15,17,18,50
5784,17,18,15,17,67
5785,18,32,17,17,84
5786,82,17,0,18,117
5788,0,34,0,16,50
5789,0,17,0,16,33
5790,0,33,0,18,51
5791,0,17,0,18,35
5793,0,15,18,16,49
5794,18,16,17,19,70
5795,216,36,14,17,283
5796,0,36,0,32,68
5797,0,19,0,32,51
5798,0,32,50,17,99
5799,116,34,36,31,217
5803,0,48,52,18,118
5804,0,31,52,18,101
5805,17,34,36,31,118
5806,0,34,36,31,101
5807,16,36,14,17,83
5809,18,31,17,18,84
5813,18,30,19,16,83
5814,0,30,19,16,65
5815,0,16,19,16,51
5816,0,35,17,17,69
5817,0,16,17,17,50
5819,17,32,18,32,99
5820,0,32,18,32,82
5821,0,17,18,32,67
5825,0,17,50,16,83
5826,0,35,15,16,66
5827,82,36,17,32,167
5828,15,16,18,15,64
5832,0,36,17,32,85
5833,100,17,17,17,151
5834,0,17,15,17,49
5835,0,49,33,17,99
5836,17,17,33,17,84
5838,16,17,17,17,67
5840,0,34,0,16,50
5841,0,17,0,16,33
5842,0,32,16,18,66
5844,16,18,16,17,67
5847,0,17,16,17,50
5848,0,33,17,17,67
5849,17,34,17,16,84
5850,0,34,17,16,67
5852,0,33,16,17,66
5853,16,33,0,17,66
5854,0,33,0,17,50
5855,17,33,17,16,83
5856,0,33,17,16,66
5857,0,16,17,16,49
5859,16,33,18,16,83
5860,0,33,18,16,67
5862,18,16,17,16,67
5863,16,33,0,18,67
5864,0,33,0,18,51
5865,16,33,0,18,67
5866,0,33,0,18,51
5867,0,15,0,18,33
5868,0,35,16,17,68
5869,0,17,16,17,50
5870,0,33,18,32,83
5871,0,17,18,32,67
5872,0,18,66,16,100
5873,13,36,17,16,82
5874,19,17,17,16,69
5875,0,17,17,16,50
5876,17,16,16,19,68
5877,51,31,18,17,117
5880,0,31,18,17,66
5881,16,35,23,15,89
5882,58,33,18,16,125
5884,0,23,15,18,56
5885,67,34,17,14,132
5887,0,34,15,19,68
5888,16,34,17,14,81
5890,0,19,17,14,50
5892,14,35,17,15,81
5895,0,32,17,18,67
5896,15,35,16,16,82
5897,0,35,16,16,67
5898,0,18,16,16,50
5899,0,32,18,18,68
5900,16,36,14,17,83
5901,0,36,14,17,67
5902,83,36,0,16,135
5903,0,31,18,16,65
5904,17,34,20,16,87
5906,83,33,16,16,148
5908,0,16,0,16,32
5909,0,31,15,18,64
5910,0,15,15,18,48
5911,0,33,16,16,65
5915,0,35,17,16,68
5916,81,37,14,18,150
5917,0,33,18,14,65
5918,85,32,15,17,149
5919,0,32,16,21,69
5920,14,37,14,18,83
5921,0,37,14,18,69
5922,118,34,0,19,171
5923,0,32,15,17,64
5924,18,32,19,14,83
5925,99,34,19,15,167
5927,0,33,18,16,67
5928,14,34,0,19,67
5930,16,34,19,15,84
5931,0,34,19,15,68
5932,0,15,19,15,49
5934,15,33,15,16,79
5935,0,33,15,16,64
5937,0,31,17,16,64
5939,0,33,19,14,66
5941,0,33,0,21,54
5942,0,14,0,21,35
5943,0,35,34,15,84
5944,0,14,34,15,63
5945,0,34,0,15,49
5946,16,33,15,18,82
5947,0,33,15,18,66
5948,0,18,15,18,51
5949,15,18,16,17,66
5950,0,18,16,17,51
5951,0,33,51,16,100
5953,0,34,17,16,67
5954,16,33,17,15,81
5955,0,33,17,15,65
5956,16,32,18,18,84
5958,15,36,33,14,98
5960,0,18,33,14,65
5962,0,19,14,19,52
5963,68,31,0,19,118
5965,0,35,18,13,66
5966,20,31,0,19,70
5967,0,31,0,19,50
5970,0,18,13,19,50
5971,13,19,0,14,46
5972,0,19,0,14,33
5973,0,32,0,16,48
5974,0,18,0,16,34
5975,0,33,16,17,66
5977,0,33,33,18,84
5978,17,33,0,18,68
5979,0,33,0,18,51
5980,0,18,0,18,36
5981,0,36,17,13,66
5982,0,18,17,13,48
5983,17,13,19,14,63
5984,13,33,17,16,79
5988,16,36,15,18,85
5990,0,18,15,18,51
5991,50,14,0,17,81
5992,18,31,0,17,66
5995,0,33,20,16,69
5998,0,16,16,16,48
