序号,发送->接收,接收->转发,转发->接收,接收->处理,总计
1,0,50,14,15,79
2,0,14,0,15,29
3,0,30,15,18,63
5,0,50,18,16,84
6,0,35,18,16,69
7,17,18,16,32,83
9,0,48,16,17,81
11,18,33,50,16,117
12,0,33,50,16,99
13,17,33,17,16,83
14,0,33,17,16,66
15,17,33,19,17,86
16,0,33,19,17,69
17,16,19,33,17,85
18,0,19,33,17,69
19,17,16,0,17,50
22,0,16,16,18,50
23,34,33,33,17,117
24,18,33,33,17,101
25,0,33,33,17,83
26,0,16,33,17,66
27,0,33,51,30,114
30,0,17,100,17,134
33,16,37,16,17,86
34,0,37,16,17,70
35,0,20,16,17,53
37,0,33,16,16,65
39,0,48,51,24,123
40,0,32,51,24,107
43,17,41,10,17,85
44,0,41,10,17,68
45,24,10,17,19,70
46,0,10,17,19,46
47,0,36,0,17,53
49,0,34,16,15,65
51,0,31,17,23,71
52,0,15,17,23,55
53,0,40,13,13,66
54,0,23,13,13,49
56,13,33,19,16,81
58,0,16,19,16,51
60,0,16,16,18,50
61,0,34,16,18,68
62,0,18,16,18,52
63,0,34,16,16,66
64,0,18,16,16,50
65,0,32,16,17,65
67,0,33,18,17,68
68,0,17,18,17,52
69,0,35,16,16,67
70,0,17,16,16,49
71,0,32,51,16,99
72,0,16,51,16,83
73,0,33,18,16,67
75,18,16,0,16,50
76,16,32,19,16,83
77,0,32,19,16,67
79,35,32,17,16,100
81,0,32,17,16,65
82,0,16,17,16,49
83,0,33,16,17,66
84,16,33,17,19,85
88,0,19,48,19,86
89,0,33,15,19,67
90,16,34,15,18,83
92,19,33,48,18,118
93,33,33,15,18,99
94,18,33,15,18,84
96,0,16,15,18,49
97,33,35,16,16,100
98,18,35,16,16,85
100,0,20,16,16,52
101,0,32,12,20,64
102,16,32,0,16,64
103,0,32,0,16,48
104,20,32,20,15,87
105,0,32,20,15,67
106,0,16,20,15,51
108,15,34,15,19,83
109,0,34,15,19,68
111,15,19,16,15,65
112,19,31,20,15,85
113,31,35,15,19,100
114,15,35,15,19,84
115,0,35,15,19,69
116,0,15,15,19,49
117,34,34,15,15,98
118,0,19,15,19,53
120,0,19,15,15,49
122,15,36,15,18,84
124,0,16,15,18,49
125,0,33,16,17,66
126,18,33,51,16,118
128,17,32,19,16,84
129,0,32,19,16,67
130,0,16,19,16,51
131,19,16,16,18,69
132,16,34,15,16,81
134,0,18,15,16,49
135,0,31,16,18,65
136,0,16,16,18,50
138,18,34,16,18,86
140,19,34,16,15,84
142,0,18,16,15,49
143,16,15,19,15,65
144,15,34,16,19,84
146,0,15,16,19,50
148,19,31,53,15,118
149,15,16,53,15,99
151,0,34,19,15,68
152,15,34,16,16,81
153,0,34,16,16,66
154,15,32,19,16,82
157,0,35,15,16,66
158,16,31,19,15,81
159,0,31,19,15,65
160,16,34,17,16,83
161,0,34,17,16,67
162,15,33,20,15,83
163,17,16,20,15,68
164,0,16,20,15,51
165,0,35,51,17,103
166,0,15,51,17,83
168,0,15,53,16,84
169,19,17,17,16,69
170,17,33,31,16,97
171,0,33,31,16,80
172,0,16,31,16,63
173,0,31,0,16,47
174,15,35,16,17,83
175,0,35,16,17,68
177,16,17,0,16,49
178,17,32,19,16,84
180,0,16,19,16,51
181,19,16,50,15,100
182,16,31,19,15,81
183,0,31,19,15,65
184,0,15,19,15,49
185,34,35,15,19,103
188,0,15,15,19,49
189,0,34,16,16,66
192,0,16,16,19,51
193,0,35,16,16,67
195,16,16,50,18,100
196,0,16,50,18,84
197,0,35,15,18,68
198,35,18,47,16,116
199,15,18,47,16,96
200,18,32,15,16,81
203,15,16,51,18,100
204,0,16,51,18,85
205,0,35,16,18,69
206,15,34,16,16,81
207,0,34,16,16,66
208,0,18,16,16,50
209,0,32,18,16,66
210,0,16,18,16,50
212,0,16,16,19,51
213,0,35,16,15,66
215,0,31,16,19,66
216,50,34,15,19,118
217,0,35,16,18,69
218,19,34,15,19,87
220,18,34,16,16,84
221,0,34,16,16,66
225,0,34,15,16,65
226,0,17,15,16,48
228,16,35,84,16,151
229,0,35,84,16,135
230,0,15,84,16,115
231,34,31,19,16,100
232,19,31,19,16,85
233,0,31,19,16,66
234,0,15,19,16,50
236,0,16,15,19,50
237,0,34,16,16,66
238,35,16,16,16,83
239,0,32,16,16,64
240,0,16,16,16,48
242,16,33,52,16,117
243,0,33,52,16,101
245,0,36,16,16,68
246,20,32,17,18,87
248,0,16,17,18,51
249,0,35,16,16,67
250,18,32,17,16,83
252,0,16,17,16,49
253,0,33,16,19,68
258,16,36,14,18,84
259,0,36,14,18,68
260,0,16,14,18,48
261,14,18,16,17,65
262,18,33,0,18,69
265,0,34,15,18,67
266,0,16,15,18,49
267,15,18,15,19,67
268,18,34,17,15,84
269,0,34,17,15,66
270,0,19,17,15,51
271,0,32,20,16,68
272,0,15,20,16,51
274,0,16,14,19,49
275,0,33,16,15,64
276,0,19,16,15,50
277,0,31,16,18,65
279,0,34,16,19,69
281,0,35,16,16,67
283,0,32,16,16,64
284,0,16,16,16,48
287,18,16,18,16,68
288,16,34,15,20,85
289,0,34,15,20,69
290,0,16,15,20,51
292,0,20,14,16,50
293,0,30,18,17,65
294,0,16,18,17,51
297,0,33,18,17,68
298,0,17,18,17,52
299,0,35,14,17,66
300,0,17,14,17,48
301,0,31,17,17,65
302,0,17,17,17,51
304,0,17,16,19,52
307,0,33,16,15,64
309,0,31,19,15,65
311,0,34,16,19,69
312,15,35,0,15,65
313,35,30,19,15,99
314,19,30,19,15,83
315,0,30,19,15,64
316,0,15,19,15,49
317,19,15,17,18,69
318,15,35,0,17,67
319,35,32,19,14,100
321,0,32,19,14,65
322,0,15,19,14,48
324,14,35,15,19,83
325,0,35,15,19,69
327,15,19,16,18,68
329,0,34,0,17,51
330,0,18,0,17,35
332,0,15,15,19,49
334,19,32,50,18,119
335,0,32,50,18,100
336,0,16,50,18,84
337,0,35,15,18,68
338,0,19,15,18,52
339,15,18,15,18,66
341,0,33,17,17,67
342,0,18,17,17,52
343,0,34,15,15,64
345,0,30,20,15,65
346,0,15,20,15,50
347,0,35,16,17,68
348,0,15,16,17,48
350,0,17,16,16,49
351,0,32,19,15,66
353,0,34,83,19,136
354,15,34,18,15,82
355,0,34,18,15,67
356,15,33,83,19,150
357,18,15,83,19,135
360,19,32,16,19,86
361,0,32,16,19,67
362,16,35,16,16,83
365,0,32,15,19,66
367,34,31,17,20,102
369,0,31,17,20,68
370,0,13,17,20,50
371,0,37,14,16,67
373,0,30,18,17,65
375,0,35,83,17,135
377,0,32,51,17,100
378,0,16,51,17,84
379,0,35,16,17,68
380,16,33,16,19,84
381,0,33,16,19,68
384,0,19,13,17,49
386,0,17,50,17,84
389,16,17,17,16,66
390,0,17,17,16,50
391,0,33,17,16,66
392,16,33,17,19,85
393,17,16,17,19,69
394,0,16,17,19,52
395,0,36,14,17,67
396,19,31,20,15,85
397,0,31,20,15,66
399,0,35,16,16,67
400,0,15,16,16,47
401,0,32,50,19,101
402,16,34,16,19,85
403,0,34,16,19,69
404,17,35,16,16,84
406,19,32,16,17,84
407,0,32,16,17,65
408,0,16,16,17,49
409,0,33,17,16,66
410,0,17,17,16,50
413,66,35,16,17,134
414,31,16,19,16,82
415,15,16,19,16,66
416,16,35,16,17,84
417,0,35,16,17,68
419,0,33,16,16,65
420,0,17,16,16,49
421,0,32,16,20,68
424,20,32,16,18,86
425,0,32,16,18,66
426,0,16,16,18,50
427,0,34,16,15,65
428,0,18,16,15,49
429,31,35,48,19,133
430,15,35,48,19,117
431,0,35,48,19,102
432,15,33,15,19,82
434,0,16,15,19,50
435,15,19,17,15,66
436,19,32,16,19,86
437,0,32,16,19,67
438,15,35,16,20,86
439,0,35,16,20,71
440,0,19,16,20,55
442,20,30,15,17,82
443,0,30,15,17,62
444,0,15,15,17,47
445,0,32,19,14,65
447,0,33,50,18,101
448,0,14,50,18,82
449,0,35,15,18,68
450,0,16,15,18,49
451,33,35,15,17,100
452,18,35,15,17,85
453,0,35,15,17,67
454,0,19,15,17,51
458,15,35,15,19,84
459,0,35,15,19,69
460,0,19,15,19,53
461,15,19,16,16,66
463,0,32,16,18,66
464,0,16,16,18,50
465,0,34,16,15,65
466,0,18,16,15,49
467,0,31,19,17,67
468,15,36,16,16,83
469,0,36,16,16,68
472,0,16,99,19,134
473,0,33,15,20,68
474,0,15,15,20,50
475,15,20,15,16,66
476,20,31,19,15,85
478,0,16,19,15,50
481,0,33,16,18,67
483,16,18,16,18,68
485,0,34,16,15,65
486,0,18,16,15,49
487,0,31,19,15,65
488,15,34,16,20,85
489,0,34,16,20,70
490,15,36,15,16,82
491,0,36,15,16,67
492,20,31,16,19,86
493,0,31,16,19,66
494,0,16,16,19,51
495,0,35,17,16,68
496,0,19,17,16,52
498,0,16,16,15,47
499,0,31,19,15,65
500,0,15,19,15,49
501,0,34,18,15,67
502,0,15,18,15,48
503,0,33,19,15,67
504,0,15,19,15,49
505,0,34,16,19,69
507,16,19,15,19,69
508,0,19,15,19,53
509,0,34,15,15,64
511,0,30,20,15,65
514,0,15,51,14,80
515,0,32,19,14,65
517,0,33,16,19,68
518,30,19,15,18,82
524,0,17,15,19,51
525,15,19,16,15,65
526,0,19,16,15,50
527,0,31,19,15,65
529,0,34,16,16,66
530,0,15,16,16,47
531,0,32,22,12,66
533,0,34,17,19,70
534,12,36,16,15,79
535,0,36,16,15,67
536,0,19,16,15,50
537,0,31,19,16,66
538,0,15,19,16,50
540,0,16,0,15,31
541,0,31,18,18,67
542,0,16,18,18,52
544,18,31,18,16,83
545,0,31,18,16,65
546,0,16,18,16,50
547,18,16,16,16,66
549,0,32,70,18,120
551,0,34,20,16,70
552,17,36,0,18,71
554,16,31,18,15,80
556,0,13,18,15,46
557,18,15,16,19,68
559,0,35,18,15,68
560,19,33,16,18,86
561,0,33,16,18,67
562,0,15,16,18,49
563,0,34,16,16,66
566,16,33,16,19,84
567,16,17,16,19,68
568,0,17,16,19,52
570,19,31,18,15,83
571,0,31,18,15,64
572,0,15,18,15,48
573,18,15,35,16,84
575,0,35,0,16,51
576,18,35,16,15,84
577,0,35,16,15,66
578,0,19,16,15,50
579,0,31,16,18,65
580,15,34,17,16,82
581,0,34,17,16,67
583,0,33,16,18,67
584,0,16,16,18,50
586,18,33,18,15,84
588,17,33,16,19,85
589,0,33,16,19,68
592,19,32,15,19,85
593,0,32,15,19,66
594,0,15,15,19,49
595,0,34,15,18,67
597,0,33,16,16,65
598,18,32,19,16,85
599,32,35,15,16,98
600,0,16,19,16,51
601,0,35,15,16,66
602,16,31,20,16,83
603,0,31,20,16,67
604,16,36,17,14,83
606,16,31,19,16,82
607,0,31,19,16,66
608,14,35,15,18,82
609,0,35,15,18,68
613,0,35,16,16,67
615,0,32,15,19,66
616,16,34,16,15,81
617,0,34,16,15,65
618,19,31,19,16,85
621,0,35,15,19,69
624,0,19,16,15,50
625,0,31,18,16,65
626,0,15,18,16,49
627,0,34,16,19,69
628,0,16,16,19,51
629,0,35,16,17,68
630,0,19,16,17,52
631,0,33,16,17,66
633,0,33,17,16,66
634,17,33,17,16,83
637,0,33,17,16,66
638,0,16,17,16,49
640,0,16,16,19,51
641,16,19,17,16,68
643,0,33,16,15,64
644,32,15,19,16,82
645,0,31,19,16,66
648,0,16,15,18,49
650,18,33,0,16,67
651,0,33,0,16,49
654,0,17,18,15,50
655,18,15,0,19,52
656,15,35,18,15,83
657,0,35,18,15,68
659,18,15,0,18,51
660,15,34,15,19,83
661,0,34,15,19,68
662,0,16,15,19,50
663,15,19,0,16,50
664,19,31,20,14,84
666,0,15,20,14,49
667,0,34,0,18,52
668,14,35,17,16,82
669,0,35,17,16,68
670,0,17,17,16,50
671,33,32,17,17,99
672,16,32,17,17,82
673,0,32,17,17,66
674,16,34,0,17,67
675,0,34,0,17,51
676,17,33,17,16,83
677,0,33,17,16,66
678,0,16,17,16,49
679,0,33,0,17,50
680,16,34,15,20,85
681,0,34,15,20,69
684,20,33,16,16,85
685,0,33,16,16,65
686,0,20,16,16,52
687,0,32,16,16,64
688,16,32,52,15,115
694,0,15,0,18,33
695,0,34,18,16,68
696,0,16,18,16,50
697,18,16,16,19,69
698,16,35,16,15,82
700,0,19,16,15,50
701,0,31,17,16,64
703,0,33,16,19,68
704,0,16,16,19,51
705,0,35,17,15,67
706,19,32,0,15,66
707,0,32,0,15,47
711,47,20,16,15,98
712,16,36,16,15,83
713,0,36,16,15,67
714,0,20,16,15,51
715,0,31,51,14,96
716,15,33,18,14,80
717,0,33,18,14,65
718,15,32,68,16,131
720,14,35,19,14,82
721,0,35,19,14,68
722,0,16,19,14,49
723,19,14,0,16,49
725,16,20,18,12,66
726,0,20,18,12,50
728,12,34,52,15,113
729,0,34,52,15,101
730,0,15,52,15,82
731,0,34,18,15,67
732,0,18,18,15,51
733,18,15,16,19,68
736,0,19,17,15,51
737,0,32,16,16,64
738,0,15,16,16,47
740,0,16,0,20,36
743,15,18,18,16,67
744,18,34,16,18,86
745,0,34,16,18,68
747,0,34,16,15,65
748,0,18,16,15,49
749,0,31,51,18,100
750,0,15,51,18,84
751,0,36,15,18,69
752,0,20,15,18,53
753,33,32,16,16,97
754,18,32,16,16,82
755,0,32,16,16,64
756,16,32,19,15,82
758,0,16,19,15,50
759,0,34,51,16,101
760,15,36,15,16,82
762,0,20,15,16,51
763,15,16,16,18,65
764,16,34,16,16,82
765,34,32,19,15,100
767,0,32,19,15,66
771,0,34,15,17,66
772,15,32,20,15,82
773,15,17,20,15,67
774,0,17,20,15,52
775,0,35,16,15,66
776,15,31,19,15,80
777,16,15,19,15,65
778,0,15,19,15,49
779,34,35,15,20,104
780,0,15,19,16,50
781,0,35,15,20,70
782,0,16,15,20,51
783,0,35,15,17,67
785,0,32,16,15,63
786,0,17,16,15,48
787,66,34,16,18,134
788,0,15,20,15,50
790,15,34,16,18,83
791,0,34,16,18,68
792,0,18,16,18,52
793,0,34,15,15,64
794,18,30,19,17,84
795,0,30,19,17,66
797,0,36,15,16,67
798,17,31,18,16,82
799,0,31,18,16,65
801,0,34,19,14,67
802,16,33,20,15,84
804,0,14,20,15,49
805,0,35,15,19,69
806,0,15,15,19,49
809,0,31,19,16,66
810,0,16,19,16,51
811,0,35,16,18,69
812,0,16,16,18,50
813,0,34,0,16,50
815,0,31,52,14,97
816,0,15,52,14,81
817,18,15,19,14,66
818,0,15,19,14,48
819,19,14,20,33,86
820,14,53,20,13,100
822,0,33,20,13,66
823,20,20,13,17,70
824,20,30,16,15,81
825,0,30,16,15,61
826,0,17,16,15,48
828,0,15,19,14,48
829,0,33,66,18,117
831,0,36,30,18,84
832,16,48,16,20,100
833,0,48,16,20,84
834,19,18,16,20,73
835,18,16,0,20,54
836,36,16,15,18,85
837,0,36,15,18,69
838,0,16,15,18,49
839,33,34,16,14,97
842,0,18,16,14,48
844,14,35,18,16,83
847,18,16,49,18,101
848,0,16,49,18,83
849,31,36,17,16,100
850,15,36,17,16,84
851,18,18,17,16,69
852,18,33,16,15,82
853,0,33,16,15,64
855,0,31,50,20,101
856,15,33,17,20,85
857,0,33,17,20,70
858,0,12,17,20,49
859,17,20,17,13,67
860,20,30,20,17,87
862,0,13,20,17,50
863,20,17,16,14,67
864,0,17,16,14,47
866,0,14,19,18,51
867,0,37,15,15,67
868,0,18,15,15,48
869,0,30,53,17,100
871,0,35,51,15,101
872,0,16,51,15,82
875,0,31,16,19,66
876,0,15,16,19,50
877,35,31,84,16,166
879,0,31,84,16,131
881,0,35,17,15,67
882,0,16,17,15,48
883,17,15,17,16,65
886,16,33,19,14,82
889,0,33,19,15,67
890,14,34,19,14,81
893,0,33,0,20,53
894,14,35,18,15,82
895,0,35,18,15,68
897,18,15,0,15,48
901,0,36,16,15,67
902,0,20,16,15,51
903,16,15,15,19,65
904,15,34,17,14,80
906,19,31,21,14,85
907,0,31,21,14,66
908,14,35,16,18,83
911,0,34,16,19,69
912,18,35,0,16,69
913,0,35,0,16,51
914,19,32,15,20,86
915,0,32,15,20,67
917,15,20,49,17,101
918,20,30,19,17,86
919,0,30,19,17,66
920,0,14,19,17,50
922,17,33,16,14,80
924,15,30,20,15,80
925,0,30,20,15,65
926,14,35,15,19,83
928,15,34,50,15,114
929,0,34,50,15,99
930,19,32,18,15,84
931,0,32,18,15,65
935,0,35,15,19,69
936,19,34,16,16,85
937,0,34,16,16,66
938,0,19,16,16,51
939,0,32,16,19,67
942,19,30,19,16,84
943,30,35,15,19,99
946,0,16,15,19,50
948,0,19,15,19,53
949,0,34,15,19,68
950,0,19,15,19,53
951,0,34,15,16,65
953,0,31,16,19,66
954,0,16,16,19,51
956,0,19,15,16,50
957,0,31,16,19,66
958,0,16,16,19,51
960,19,31,19,14,83
962,15,33,21,15,84
963,0,33,21,15,69
964,14,36,15,16,81
965,0,36,15,16,67
967,0,31,20,15,66
969,0,35,0,17,52
970,15,33,16,22,86
975,0,28,19,16,63
976,0,15,19,16,50
977,19,16,17,15,67
978,16,32,20,16,84
979,0,32,20,16,68
982,16,33,16,16,81
983,33,32,0,16,81
986,16,32,16,20,84
987,0,32,16,20,68
988,0,16,16,20,52
989,16,20,17,15,68
991,0,32,0,15,47
993,0,35,0,15,50
995,0,30,35,15,80
997,0,35,15,17,67
999,15,17,16,20,68
1000,0,17,16,20,53
1001,0,36,16,15,67
1002,20,31,0,19,70
1003,0,31,0,19,50
1004,15,35,14,19,83
1005,0,35,14,19,68
1006,0,16,14,19,49
1007,14,19,0,14,47
1008,19,34,15,18,86
1009,0,34,15,18,67
1011,15,18,16,15,64
1012,18,31,51,18,118
1013,0,31,51,18,100
1014,15,35,16,18,84
1017,16,18,17,16,67
1018,18,33,15,19,85
1019,0,33,15,19,67
1020,0,16,15,19,50
1021,0,34,14,18,66
1025,0,37,11,19,67
1026,0,21,11,19,51
1030,15,35,14,20,84
1031,0,35,14,20,69
1033,14,20,0,15,49
1034,20,30,19,18,87
1035,0,30,19,18,67
1036,0,15,19,18,52
1038,18,31,16,19,84
1039,0,31,16,19,66
1040,15,35,17,15,82
1042,19,32,15,20,86
1044,15,35,0,14,64
1046,20,34,15,18,87
1047,0,34,15,18,67
1048,0,20,15,18,53
1051,0,32,0,15,47
1052,0,17,0,15,32
1054,0,20,14,19,53
1055,0,33,0,16,49
1056,19,31,19,15,84
1057,0,31,19,15,65
1058,0,15,19,15,49
1059,19,15,15,20,69
1060,15,35,0,16,66
1061,0,35,0,16,51
1062,0,20,0,16,36
1063,0,33,15,18,66
1065,15,18,16,15,64
1066,18,31,18,15,82
1067,0,31,18,15,64
1069,0,33,19,15,67
1070,15,34,17,18,84
1071,0,34,17,18,69
1072,15,35,0,15,65
1073,0,35,0,15,50
1074,18,31,0,34,83
1075,0,31,0,34,65
1076,0,16,0,34,50
1077,0,34,0,17,51
1081,67,35,15,17,134
1082,15,34,35,15,99
1083,34,35,15,17,101
1084,15,35,15,17,82
1086,34,17,19,15,85
1087,0,32,19,15,66
1088,0,17,19,15,51
1089,0,34,0,16,50
1090,15,35,15,18,83
1095,0,31,16,19,66
1096,0,15,16,19,50
1097,0,35,16,16,67
1098,19,32,16,18,85
1100,16,34,15,19,84
1101,0,34,15,19,68
1102,18,34,51,15,118
1103,0,34,51,15,100
1105,0,32,19,15,66
1106,0,15,19,15,49
1109,0,35,15,17,67
1111,0,32,15,19,66
1112,0,17,15,19,51
1113,34,31,19,15,99
1114,0,19,15,16,50
1117,0,34,16,16,66
1118,0,15,16,16,47
1119,16,16,19,16,67
1120,0,16,19,16,51
1121,0,35,16,17,68
1122,0,16,16,17,49
1124,0,17,19,15,51
1125,0,34,15,17,66
1126,0,15,15,17,47
1129,0,40,12,15,67
1131,0,27,17,19,63
1132,15,36,16,16,83
1133,0,36,16,16,68
1134,19,32,16,16,83
1135,0,32,16,16,64
1136,16,32,116,19,183
1137,0,32,116,19,167
1138,0,16,116,19,151
1140,15,35,15,16,81
1141,19,16,15,16,66
1143,0,31,16,19,66
1144,0,16,16,19,51
1147,16,18,48,19,101
1148,0,18,48,19,85
1150,0,15,17,19,51
1151,0,36,17,16,69
1155,34,31,19,15,99
1156,0,21,16,15,52
1159,0,34,16,19,69
1160,15,35,16,14,80
1161,0,35,16,14,65
1162,19,30,103,16,168
1163,0,30,103,16,149
1166,0,15,17,15,47
1167,0,32,16,20,68
1168,15,36,16,17,84
1169,0,36,16,17,69
1170,0,20,16,17,53
1172,17,30,19,15,81
1173,0,30,19,15,64
1175,0,34,18,17,69
1176,15,35,35,16,101
1177,0,35,35,16,86
1178,17,35,0,16,68
1180,20,32,0,15,67
1182,0,16,0,15,31
1183,15,19,16,15,65
1186,15,35,33,15,98
1188,0,16,33,15,64
1189,0,33,34,16,83
1192,19,31,20,15,85
1193,0,31,20,15,66
1194,0,15,20,15,50
1196,15,32,18,15,80
1197,0,32,18,15,65
1198,0,15,18,15,48
1199,18,15,16,20,69
1200,0,15,16,20,51
1202,20,33,17,16,86
1204,16,33,0,17,66
1206,16,34,17,17,84
1207,0,34,17,17,68
1210,17,33,0,16,66
1212,20,34,16,15,85
1213,0,34,16,15,65
1214,0,18,16,15,49
1216,15,34,15,16,80
1218,0,17,15,16,48
1219,0,31,17,20,68
1220,16,37,0,17,70
1221,0,37,0,17,54
1222,20,33,13,20,86
1224,0,16,13,20,49
1225,0,33,48,16,97
1226,20,33,15,16,84
1227,0,33,15,16,64
1228,19,31,0,17,67
1229,31,36,50,14,131
1230,16,36,50,14,116
1233,50,14,19,21,104
1234,15,33,19,21,88
1236,14,40,11,15,80
1237,0,40,11,15,66
1238,0,21,11,15,47
1239,0,26,17,19,62
1241,0,36,18,13,67
1243,0,31,18,16,65
1245,0,34,19,15,68
1246,16,34,16,16,82
1247,0,34,16,16,66
1249,0,32,18,16,66
1250,0,16,18,16,50
1251,0,34,19,15,68
1254,15,34,17,15,81
1255,0,34,17,15,66
1256,0,16,17,15,48
1258,15,34,16,20,85
1260,0,15,16,20,51
1261,0,36,12,20,68
1263,0,32,16,16,64
1264,0,20,16,16,52
1266,0,16,0,19,35
1267,0,35,15,16,66
1269,15,16,17,16,64
1270,16,33,16,17,82
1273,0,33,16,20,69
1274,0,17,16,20,53
1275,0,36,50,16,102
1276,20,33,17,16,86
1277,0,33,17,16,66
1278,0,17,17,16,50
1279,17,16,17,17,67
1280,16,34,16,17,83
1282,17,33,50,16,116
1283,33,34,16,16,99
1284,0,17,50,16,83
1286,0,19,16,16,51
1289,0,33,19,15,67
1293,0,31,19,16,66
1294,16,35,19,16,86
1295,0,35,19,16,70
1296,16,35,16,15,82
1297,0,35,16,15,66
1298,16,31,19,15,81
1299,0,31,19,15,65
1301,0,34,17,16,67
1303,0,33,52,15,100
1305,0,35,17,15,67
1307,17,15,16,19,67
1308,15,35,50,15,115
1310,19,32,49,18,118
1313,33,34,16,18,101
1314,15,34,16,18,83
1315,0,34,16,18,68
1316,18,34,16,17,85
1317,0,34,16,17,67
1321,0,34,15,17,66
1322,19,32,16,15,82
1323,0,32,16,15,63
1324,17,31,19,15,82
1325,0,31,19,15,65
1327,0,34,18,18,70
1328,0,15,18,18,51
1329,36,32,16,19,103
1331,0,32,16,19,67
1332,0,16,16,19,51
1333,0,35,15,18,68
1334,0,19,15,18,52
1335,0,33,16,18,67
1336,18,34,15,16,83
1337,0,34,15,16,65
1338,18,31,19,16,84
1339,15,16,19,16,66
1340,0,16,19,16,51
1343,0,31,20,15,66
1344,0,16,20,15,51
1345,0,35,18,13,66
1346,0,15,18,13,46
1348,0,13,20,15,48
1349,0,35,16,19,70
1350,0,15,16,19,50
1351,0,35,15,19,69
1352,0,19,15,19,53
1353,0,34,13,18,65
1356,18,33,16,18,85
1357,0,33,16,18,67
1358,15,34,50,15,114
1359,0,34,50,15,99
1360,0,18,50,15,83
1361,0,34,16,15,65
1363,16,15,20,16,67
1364,15,36,15,16,82
1365,20,16,15,16,67
1366,0,16,15,16,47
1369,0,35,49,16,100
1370,0,16,49,16,81
1371,0,33,16,16,65
1372,18,32,19,15,84
1373,0,32,19,15,66
1375,0,34,18,16,68
1376,0,15,18,16,49
1379,0,35,15,15,65
1380,0,20,15,15,50
1381,0,30,18,16,64
1382,0,15,18,16,49
1384,0,16,16,18,50
1385,0,34,16,18,68
1386,0,18,16,18,52
1387,0,34,16,19,69
1388,0,18,16,19,53
1389,0,35,15,15,65
1390,19,30,19,16,84
1391,0,30,19,16,65
1392,0,15,19,16,50
1394,50,31,17,18,116
1395,0,34,48,18,100
1396,18,31,17,18,84
1397,31,35,33,16,115
1398,15,35,33,16,99
1400,0,18,33,16,67
1402,20,36,15,15,86
1404,0,20,15,15,50
1405,0,30,0,16,46
1406,0,15,0,16,31
1407,51,16,15,19,101
1409,18,16,15,19,68
1413,0,34,50,15,99
1414,18,31,19,15,83
1416,15,34,19,15,83
1417,0,34,19,15,68
1419,0,34,15,19,68
1420,0,15,15,19,49
1422,0,19,17,16,52
1423,0,33,16,18,67
1425,0,34,16,16,66
1426,0,18,16,16,50
1427,0,32,15,19,66
1430,0,19,15,19,53
1431,0,34,16,15,65
1434,0,15,19,15,49
1435,0,34,16,19,69
1436,0,15,16,19,50
1437,0,35,50,14,99
1438,19,31,19,14,83
1439,0,31,19,14,64
1440,15,33,19,16,83
1441,19,14,19,16,68
1442,14,35,16,19,84
1443,0,35,16,19,70
1446,0,19,49,18,86
1447,0,31,18,18,67
1448,15,36,15,15,81
1449,0,36,15,15,66
1451,0,30,16,19,65
1453,0,35,16,15,66
1456,15,34,19,15,83
1457,19,15,19,15,68
1458,0,15,19,15,49
1459,0,34,50,20,104
1460,0,15,50,20,85
1461,0,34,49,19,102
1462,18,36,13,19,86
1463,0,36,13,19,68
1465,0,32,15,15,62
1466,0,19,15,15,49
1467,0,30,16,19,65
1469,0,35,16,16,67
1471,0,32,17,17,66
1472,16,34,16,20,86
1476,0,20,17,16,53
1477,0,33,14,18,65
1479,0,32,15,20,67
1480,18,35,47,18,118
1481,0,35,47,18,100
1482,20,31,16,18,85
1483,0,31,16,18,65
1484,15,34,51,16,116
1486,18,32,19,16,85
1487,0,32,19,16,67
1488,15,35,15,18,83
1491,0,33,16,16,65
1492,18,32,19,15,84
1494,16,34,16,19,85
1495,0,34,16,19,69
1496,15,35,16,15,81
1498,19,31,17,18,85
1500,0,15,17,18,50
1501,0,35,16,18,69
1502,18,34,18,14,84
1504,18,32,17,15,82
1505,0,32,17,15,64
1508,15,36,15,16,82
1509,0,36,15,16,67
1510,0,20,15,16,51
1511,0,31,17,18,66
1512,16,35,16,15,82
1513,0,35,16,15,66
1514,18,31,20,15,84
1515,0,31,20,15,66
1516,0,15,20,15,50
1518,15,34,15,19,83
1519,0,34,15,19,68
1520,0,16,15,19,50
1521,15,19,0,16,50
1522,19,32,0,16,67
1525,0,34,15,19,68
1526,0,18,15,19,52
1527,15,19,16,16,66
1528,19,32,18,14,83
1529,0,32,18,14,64
1531,0,32,53,15,100
1532,14,35,18,15,82
1533,0,35,18,15,68
1535,0,33,34,15,82
1536,15,34,0,15,64
1538,18,34,16,15,83
1540,0,19,16,15,50
1541,31,36,15,19,101
1542,15,36,15,19,85
1543,0,36,15,19,70
1544,30,19,15,17,81
1545,34,32,0,16,82
1546,19,32,0,16,67
1547,0,32,0,16,48
1548,0,17,0,16,33
1549,0,31,19,15,65
1550,0,15,19,15,49
1552,15,35,15,16,81
1553,0,35,15,16,66
1554,0,16,15,16,47
1556,16,35,15,19,85
1557,0,35,15,19,69
1558,0,15,15,19,49
1559,34,31,52,15,132
1560,19,31,52,15,117
1561,0,31,52,15,98
1562,15,36,16,15,82
1564,0,17,16,15,48
1565,16,15,18,17,66
1567,18,17,15,19,69
1569,0,34,16,16,66
1570,0,19,16,16,51
1573,0,33,17,18,68
1574,0,16,17,18,51
1575,0,35,17,16,68
1576,18,33,17,15,83
1577,0,33,17,15,65
1578,0,16,17,15,48
1580,15,33,19,13,80
1581,0,33,19,13,65
1583,32,36,68,13,149
1586,15,32,16,20,83
1587,0,32,16,20,68
1588,0,16,16,20,52
1589,36,32,15,19,102
1590,20,32,15,19,86
1591,0,32,15,19,66
1592,0,19,15,19,53
1593,15,19,15,19,68
1594,19,34,15,16,84
1595,0,34,15,16,65
1596,19,31,19,16,85
1598,16,35,0,15,66
1599,0,35,0,15,50
1600,0,16,0,15,31
1602,0,16,18,16,50
1604,16,34,18,15,83
1607,18,15,0,16,49
1608,15,35,0,16,66
1609,0,35,0,16,51
1610,0,19,0,16,35
1611,0,32,33,16,81
1614,15,32,20,14,81
1616,0,16,20,14,50
1619,19,14,18,16,67
1621,0,34,18,15,67
1623,0,33,19,15,67
1624,15,34,15,20,84
1625,0,34,15,20,69
1626,0,15,15,20,50
1627,0,35,16,16,67
1629,0,32,15,20,67
1630,0,16,15,20,51
1632,0,20,15,16,51
1633,0,31,19,15,65
1634,0,16,19,15,50
1635,0,34,16,16,66
1636,0,15,16,16,47
1641,0,31,51,19,101
1642,18,36,15,19,88
1643,0,36,15,19,70
1644,0,16,15,19,50
1645,34,31,16,19,100
1646,19,31,16,19,85
1647,0,31,16,19,66
1648,0,15,16,19,50
1651,0,31,19,15,65
1652,0,16,19,15,50
1653,0,34,17,19,70
1654,15,36,16,16,83
1655,0,36,16,16,68
1657,0,32,15,19,66
1658,16,34,16,15,81
1659,0,34,16,15,65
1660,19,31,20,16,86
1661,0,31,20,16,67
1662,0,15,20,16,51
1664,0,16,15,15,46
1665,0,30,20,15,65
1667,35,33,16,19,103
1668,15,33,16,19,83
1670,0,17,16,19,52
1671,0,35,16,15,66
1672,19,31,19,15,84
1674,0,15,19,15,49
1675,34,35,15,19,103
1676,15,35,15,19,84
1677,0,35,15,19,69
1679,15,19,15,18,67
1680,19,33,0,16,68
1681,0,33,0,16,49
1682,18,31,17,16,82
1683,0,31,17,16,64
1684,0,15,17,16,48
1685,17,16,0,19,52
1686,16,35,20,11,82
1689,20,11,20,15,66
1691,0,35,15,19,69
1693,0,34,17,14,65
1694,0,19,17,14,50
1695,0,31,19,15,65
1696,14,34,0,19,67
1697,0,34,0,19,53
1698,15,34,18,15,82
1700,0,15,18,15,48
1701,18,15,16,18,67
1702,15,34,0,16,65
1703,0,34,0,16,50
1705,16,19,16,16,67
1707,0,32,16,18,66
1708,16,34,15,19,84
1709,0,34,15,19,68
1710,0,18,15,19,52
1711,15,19,0,13,47
1712,0,19,0,13,32
1713,13,20,33,16,82
1714,0,20,33,16,69
1715,15,18,0,16,49
1716,18,31,35,16,100
1718,0,15,35,16,66
1721,0,35,15,17,67
1722,0,19,15,17,51
1724,17,34,0,16,67
1727,0,32,15,19,66
1728,16,34,0,16,66
1729,0,34,0,16,50
1731,0,31,18,16,65
1732,0,15,18,16,49
1733,0,34,51,16,101
1734,16,35,16,16,83
1735,0,35,16,16,67
1736,16,32,0,17,65
1737,0,32,0,17,49
1738,16,37,15,15,83
1739,0,37,15,15,67
1740,35,15,17,15,82
1741,30,32,0,19,81
1742,15,32,0,19,66
1743,32,35,15,18,100
1744,15,35,15,18,83
1746,0,16,15,18,49
1748,18,35,0,16,69
1749,0,35,0,16,51
1751,0,32,15,19,66
1752,0,16,15,19,50
1753,34,32,19,16,101
1754,19,32,19,16,86
1756,15,35,16,15,81
1757,0,35,16,15,66
1758,0,16,16,15,47
1759,0,31,16,18,65
1760,15,34,49,19,117
1761,0,34,49,19,102
1764,0,19,14,19,52
1765,14,19,16,17,66
1766,19,33,16,19,87
1767,0,33,16,19,68
1768,0,17,16,19,52
1770,19,32,16,16,83
1771,0,32,16,16,64
1772,0,16,16,16,48
1774,0,16,16,19,51
1776,19,31,19,16,85
1777,0,31,19,16,66
1778,0,16,19,16,51
1779,19,16,17,18,70
1780,16,35,17,15,83
1781,0,35,17,15,67
1782,0,18,17,15,50
1783,0,32,17,16,65
1785,0,33,15,20,68
1788,0,20,12,18,50
1789,0,30,17,16,63
1790,18,33,20,16,87
1791,0,33,20,16,69
1794,0,16,15,17,48
1795,0,32,16,17,65
1796,0,17,16,17,50
1797,0,33,51,15,99
1798,17,35,16,15,83
1799,0,35,16,15,66
1800,16,31,50,19,116
1803,0,35,15,19,69
1804,0,16,15,19,50
1805,15,19,0,16,50
1807,0,33,16,15,64
1808,0,17,16,15,48
1810,15,36,15,18,84
1811,0,36,15,18,69
1812,0,16,15,18,49
1813,0,33,16,16,65
1814,0,18,16,16,50
1817,0,33,19,15,67
1819,19,15,16,19,69
1821,0,35,15,16,66
1822,19,31,19,16,85
1823,0,31,19,16,66
1825,0,35,16,15,66
1826,0,16,16,15,47
1827,0,31,19,16,66
1828,0,15,19,16,50
1829,0,35,18,16,69
1833,32,35,18,16,101
1834,16,35,18,16,85
1835,18,17,18,16,69
1837,0,34,47,19,100
1839,0,33,14,19,66
1840,13,33,17,16,79
1842,19,33,15,18,85
1845,33,32,18,15,98
1846,18,32,18,15,83
1847,0,32,18,15,65
1848,0,16,18,15,49
1849,18,15,19,16,68
1850,15,35,85,14,149
1851,0,35,85,14,134
1852,0,16,85,14,115
1853,0,32,18,15,65
1854,34,15,34,19,102
1857,34,35,17,16,102
1858,14,35,17,16,82
1860,0,16,17,16,49
1861,33,31,0,19,83
1862,16,31,0,19,66
1863,0,31,0,19,50
1864,0,16,0,19,35
1866,0,16,15,19,50
1867,15,19,17,15,66
1868,19,32,52,17,120
1869,0,32,52,17,101
1870,0,15,52,17,84
1873,0,36,16,16,68
1874,0,17,16,16,49
1876,0,16,17,16,49
1877,0,33,16,16,65
1878,0,16,16,16,48
1879,0,32,18,16,66
1880,16,34,17,16,83
1881,0,34,17,16,67
1882,0,16,17,16,49
1883,0,33,19,15,67
1885,0,34,18,16,68
1886,0,15,18,16,49
1887,0,34,16,19,69
1888,16,35,13,19,83
1891,0,32,16,18,66
1893,0,34,0,17,51
1894,18,33,15,19,85
1897,0,34,16,15,65
1898,19,31,16,19,85
1899,0,31,16,19,66
1900,15,35,16,17,83
1901,0,35,16,17,68
1902,0,19,16,17,52
1903,33,34,81,19,167
1904,17,34,81,19,151
1905,0,34,81,19,134
1906,19,31,16,18,84
1907,0,31,16,18,65
1911,16,19,16,17,68
1912,0,19,16,17,52
1913,0,33,16,17,66
1914,0,17,16,17,50
1915,0,33,15,19,67
1916,17,34,15,16,82
1919,0,31,19,16,66
1922,0,16,16,16,48
1923,0,32,16,18,66
1924,0,16,16,18,50
1925,0,34,51,17,102
1926,0,18,51,17,86
1927,0,33,18,17,68
1928,0,16,18,17,51
1929,18,17,16,16,67
1930,0,17,16,16,49
1932,0,16,16,19,51
1935,0,33,16,19,68
1936,18,35,13,16,82
1939,0,29,50,20,99
1940,16,36,14,20,86
1942,0,16,14,20,50
1943,14,20,31,16,81
1944,20,31,16,20,87
1946,18,36,0,17,71
1947,0,36,0,17,53
1948,0,20,0,17,37
1951,0,34,30,19,83
1954,0,15,0,19,34
1955,0,36,15,18,69
1956,0,17,15,18,50
1957,15,18,50,17,100
1958,18,32,18,17,85
1959,0,32,18,17,67
1960,0,16,18,17,51
1961,0,35,0,16,51
1963,0,31,19,15,65
1964,0,15,19,15,49
1966,15,35,0,15,65
1967,35,31,18,15,99
1968,19,31,18,15,83
1969,0,31,18,15,64
1973,0,36,0,15,51
1976,0,19,15,16,50
1978,16,34,84,15,149
1979,0,34,84,15,133
1980,49,34,16,15,114
1982,19,34,16,15,84
1983,0,34,16,15,65
1984,19,31,18,15,83
1985,0,31,18,15,64
1987,0,33,19,20,72
1989,0,39,12,15,66
1991,0,27,20,16,63
1992,15,36,15,18,84
1993,0,36,15,18,69
1994,16,33,15,19,83
1995,0,33,15,19,67
2000,17,31,19,15,82
2001,0,31,19,15,65
2002,0,15,19,15,49
2003,19,15,0,19,53
2005,0,35,18,15,68
2006,0,16,18,15,49
2007,18,15,50,18,101
2008,15,34,16,18,83
2013,0,30,19,15,64
2014,15,34,20,15,84
2015,0,34,20,15,69
2016,0,15,20,15,50
2018,0,15,16,18,49
2019,0,34,17,15,66
2020,0,18,17,15,50
2021,0,32,16,16,64
2022,0,15,16,16,47
2023,0,32,19,15,66
2025,0,34,19,15,68
2026,0,15,19,15,49
2027,0,34,18,15,67
2028,0,15,18,15,48
2029,0,33,19,15,67
2030,0,15,19,15,49
2031,0,34,16,16,66
2032,0,15,16,16,47
2033,0,32,19,15,66
2034,0,16,19,15,50
2035,0,34,19,16,69
2037,0,35,0,15,50
2039,0,30,0,21,51
2041,21,15,66,16,118
2042,0,15,66,16,97
2043,50,16,34,16,116
2044,0,16,18,16,50
2045,18,16,34,16,84
2046,16,34,0,16,66
2047,16,18,0,16,50
2048,0,18,0,16,34
2049,33,33,0,17,83
2050,0,17,0,16,33
2052,0,17,0,17,34
2054,16,35,16,15,82
2055,0,35,16,15,66
2056,0,16,16,15,47
2057,0,31,0,16,47
2058,15,35,49,19,118
2059,0,35,49,19,103
2060,0,19,49,19,87
2061,15,19,15,19,68
2062,19,34,0,15,68
2063,0,34,0,15,49
2065,0,31,17,19,67
2066,0,16,17,19,52
2068,19,31,15,19,84
2069,0,31,15,19,65
2070,15,34,0,18,67
2072,19,33,19,15,86
2074,0,15,19,15,49
2077,16,17,15,18,66
2079,0,33,16,17,66
2080,18,33,18,16,85
2081,0,33,18,16,67
2082,0,17,18,16,51
2083,0,34,16,18,68
2085,0,34,51,16,101
2086,0,18,51,16,85
2087,0,31,20,16,67
2088,0,15,20,16,51
2089,20,16,16,15,67
2091,0,31,16,23,70
2092,0,15,16,23,54
2093,0,39,27,20,86
2095,0,27,20,16,63
2098,0,16,51,15,82
2099,0,34,17,15,66
2100,0,18,17,15,50
2101,0,32,15,19,66
2102,15,34,16,16,81
2103,0,34,16,16,66
2104,0,19,16,16,51
2106,0,16,17,15,48
2108,0,15,20,16,51
2109,0,36,15,19,70
2110,0,16,15,19,50
2111,0,34,16,15,65
2112,0,19,16,15,50
2113,31,35,16,16,98
2114,15,35,16,16,82
2115,0,35,16,16,67
2116,0,19,16,16,51
2119,0,34,50,15,99
2120,18,35,15,15,83
2121,0,35,15,15,65
2122,0,19,15,15,49
2124,0,15,53,15,83
2125,0,35,18,15,68
2126,0,16,18,15,49
2127,18,15,16,19,68
2128,15,35,64,19,133
2129,0,35,64,19,118
2130,0,19,64,19,102
2131,0,31,19,14,64
2132,0,15,19,14,48
2133,19,14,0,19,52
2134,14,34,19,15,82
2136,0,15,19,15,49
2137,19,15,0,15,49
2138,15,32,19,14,80
2139,0,32,19,14,65
2140,0,17,19,14,50
2141,19,14,0,17,50
2142,14,34,19,14,81
2144,0,17,19,14,50
2145,0,33,20,14,67
2146,14,34,18,15,81
2147,0,34,18,15,67
2148,14,33,19,15,81
2150,0,15,19,15,49
2151,0,34,16,18,68
2153,0,34,50,15,99
2155,0,32,18,15,65
2157,67,35,15,15,132
2158,15,34,15,20,84
2159,0,34,15,20,69
2160,17,35,15,15,82
2162,0,20,15,15,50
2165,0,36,15,20,71
2166,16,35,0,16,67
2169,0,32,0,16,48
2171,0,31,17,16,64
2172,0,15,17,16,48
2173,0,33,20,15,68
2174,16,35,17,16,84
2175,0,35,17,16,68
2178,16,33,16,20,85
2179,0,33,16,20,69
2180,0,16,16,20,52
2181,0,36,47,20,103
2182,0,20,47,20,87
2183,0,32,15,20,67
2185,0,35,14,15,64
2186,0,20,14,15,49
2187,0,29,20,16,65
2188,35,16,17,15,83
2189,0,36,17,15,68
2190,0,16,17,15,48
2191,0,32,19,14,65
2192,15,33,19,16,83
2195,0,35,15,19,69
2196,16,34,17,15,82
2198,0,19,17,15,51
2199,0,32,15,23,70
2201,38,28,18,15,99
2203,0,28,18,15,61
2205,0,33,18,18,69
2206,0,15,18,18,51
2207,0,36,15,16,67
2211,0,35,15,19,69
2212,0,19,15,19,53
2213,0,34,83,15,132
2214,0,19,83,15,117
2215,0,32,18,15,65
2216,0,16,18,15,49
2217,18,15,18,15,66
2218,15,33,16,20,84
2219,0,33,16,20,69
2221,0,36,15,14,65
2222,0,20,15,14,49
2223,0,29,20,15,64
2224,14,35,16,19,84
2225,0,35,16,19,70
2228,49,36,15,19,119
2229,0,30,0,17,47
2230,15,36,15,19,85
2233,0,34,84,15,133
2234,19,30,0,20,69
2236,14,35,19,15,83
2237,0,35,19,15,69
2238,0,15,19,15,49
2240,15,35,15,14,79
2241,0,35,15,14,64
2243,15,14,0,20,49
2245,0,36,15,19,70
2246,0,16,15,19,50
2247,0,34,15,18,67
2248,19,33,0,15,67
2249,33,34,16,15,98
2250,18,34,16,15,83
2251,0,34,16,15,65
2252,0,19,16,15,50
2253,0,31,20,18,69
2255,20,18,18,11,67
2256,0,18,18,11,47
2257,0,29,16,17,62
2259,0,33,53,16,102
2261,0,33,20,16,69
2265,16,15,20,14,65
2266,0,15,20,14,49
2268,14,36,0,15,65
2270,0,20,0,15,35
2273,15,20,16,15,66
2274,20,31,0,17,68
2275,0,31,0,17,48
2276,15,33,19,14,81
2277,0,33,19,14,66
2278,0,16,19,14,49
2279,19,14,0,20,53
2280,14,34,19,14,81
2281,20,14,19,14,67
2282,47,35,15,18,115
2283,19,14,0,19,52
2284,14,35,15,18,82
2285,19,16,15,18,68
2286,0,16,15,18,49
2287,15,18,0,16,49
2289,0,32,20,14,66
2290,0,16,20,14,50
2291,20,14,0,16,50
2292,14,35,14,20,83
2293,0,35,14,20,69
2294,0,19,14,20,53
2296,20,31,16,19,86
2298,0,15,16,19,50
2299,0,35,50,15,100
2300,19,31,19,15,84
2302,0,15,19,15,49
2303,0,34,16,19,69
2305,0,35,16,15,66
2306,19,31,18,15,83
2307,0,31,18,15,64
2308,0,15,18,15,48
2309,0,33,20,29,82
2311,0,49,20,14,83
2314,0,20,14,19,53
2315,14,19,15,16,64
2316,0,19,15,16,50
2317,0,31,20,17,68
2318,0,16,20,17,53
2319,0,37,49,15,101
2320,0,17,49,15,81
2321,0,33,16,15,64
2322,0,19,16,15,50
2323,16,15,17,16,64
2324,0,15,17,16,48
2325,0,33,19,14,66
2326,0,16,19,14,49
2327,0,33,19,15,67
2330,0,15,19,16,50
2331,0,35,15,15,65
2333,0,30,20,16,66
2335,0,36,15,19,70
2336,0,16,15,19,50
2337,0,34,15,19,68
2338,0,19,15,19,53
2340,0,19,16,15,50
2341,0,31,18,15,64
2342,15,33,19,15,82
2343,18,15,19,15,67
2344,0,15,19,15,49
2345,0,34,0,16,50
2347,0,35,14,20,69
2348,0,19,14,20,53
2349,14,20,49,15,98
2350,20,31,18,15,84
2353,18,15,16,18,67
2356,18,34,16,16,84
2357,15,19,16,16,66
2358,35,16,16,20,87
2360,0,16,16,20,52
2362,20,31,15,19,85
2364,0,15,15,19,49
2365,15,19,15,18,67
2366,0,19,15,18,52
2367,0,33,16,16,65
2368,0,18,16,16,50
2369,0,32,34,16,82
2371,0,34,0,16,50
2372,0,16,0,16,32
2373,16,19,15,19,69
2374,0,19,15,19,53
2375,15,19,0,16,50
2377,0,32,15,18,65
2378,0,16,15,18,49
2379,15,18,0,16,49
2381,0,32,17,18,67
2382,0,16,17,18,51
2383,17,18,16,16,67
2384,18,32,19,15,84
2385,0,32,19,15,66
2388,15,33,17,19,84
2389,0,33,17,19,69
2390,15,36,16,16,83
2391,0,36,16,16,68
2393,0,32,0,17,49
2394,16,32,17,17,82
2395,49,17,0,17,83
2397,17,17,0,17,51
2398,17,33,17,16,83
2399,0,33,17,16,66
2400,0,16,17,16,49
2401,17,16,17,19,69
2402,16,36,15,16,83
2403,0,36,15,16,67
2404,19,31,16,19,85
2405,0,31,16,19,66
2407,0,35,16,16,67
2408,19,32,17,15,83
2409,32,32,19,15,98
2410,16,32,19,15,82
2412,15,34,49,21,119
2414,0,15,49,21,85
2415,0,34,51,16,101
2416,0,15,51,16,82
2417,15,21,15,16,67
2418,21,31,16,16,84
2419,0,31,16,16,63
2420,16,32,19,32,99
2422,0,16,19,32,67
2425,19,33,0,15,67
2426,0,33,0,15,48
2427,19,15,0,20,54
2428,0,15,0,20,35
2429,0,36,15,19,70
2430,31,19,0,16,66
2431,15,19,0,16,50
2432,19,32,0,16,67
2434,0,16,0,16,32
2435,0,35,15,16,66
2439,0,35,31,18,84
2440,0,19,31,18,68
2441,31,35,15,19,100
2442,16,35,15,19,85
2444,0,17,15,19,51
2445,15,19,0,16,50
2446,19,31,19,17,86
2450,17,30,0,19,66
2451,0,30,0,19,49
2452,0,15,0,19,34
2453,0,35,19,14,68
2454,0,16,19,14,49
2456,14,36,47,18,115
2457,36,32,15,18,101
2458,0,19,47,18,84
2460,0,16,15,18,49
2461,0,33,16,15,64
2462,18,31,20,15,84
2463,0,31,20,15,66
2465,0,35,17,16,68
2469,0,34,0,16,50
2470,17,32,23,30,102
2473,0,53,0,17,70
2474,0,30,0,17,47
2477,0,30,17,19,66
2478,0,17,17,19,53
2479,0,36,14,19,69
2480,19,33,16,16,84
2481,0,33,16,16,65
2482,0,19,16,16,51
2483,0,32,0,16,48
2484,16,32,35,16,99
2485,0,32,35,16,83
2486,0,16,35,16,67
2487,0,35,52,15,102
2488,15,32,20,15,82
2489,0,32,20,15,67
2491,20,15,0,16,51
2492,15,31,19,15,80
2493,0,31,19,15,65
2495,19,15,50,19,103
2496,15,35,15,19,84
2497,0,35,15,19,69
2502,16,36,0,15,67
2503,0,36,0,15,51
2505,0,31,16,20,67
2508,20,31,0,18,69
2510,34,15,16,19,84
2511,18,15,16,19,68
2512,0,15,16,19,50
2514,19,33,15,18,85
2515,0,33,15,18,66
2516,0,16,15,18,49
2518,18,34,16,21,89
2519,0,34,16,21,71
2520,18,37,0,29,84
2523,0,29,0,16,45
2524,19,32,18,15,84
2525,0,32,18,15,65
2526,34,15,19,16,84
2527,33,35,16,19,103
2531,16,19,15,16,66
2532,0,19,15,16,50
2534,16,34,17,18,85
2536,0,15,17,18,50
2537,0,35,16,15,66
2538,18,31,19,15,83
2540,0,15,19,15,49
2541,0,34,17,18,69
2542,15,35,15,15,80
2543,0,35,15,15,65
2544,18,30,19,15,82
2547,0,34,18,15,67
2549,0,33,17,18,68
2550,0,15,17,18,50
2552,18,31,17,19,85
2553,0,31,17,19,67
2554,16,36,16,18,86
2555,0,36,16,18,70
2556,19,34,16,16,85
2557,0,34,16,16,66
2559,0,32,16,19,67
2560,16,35,83,16,150
2561,0,35,83,16,134
2562,19,32,16,15,82
2563,0,32,16,15,63
2564,16,31,20,16,83
2566,0,15,20,16,51
2567,0,36,16,15,67
2572,12,34,16,15,77
2573,0,34,16,15,65
2574,18,31,19,15,83
2575,0,31,19,15,65
2577,0,34,17,17,68
2578,15,34,49,19,117
2579,0,34,49,19,102
2581,0,34,49,16,99
2583,15,19,15,16,65
2584,0,19,15,16,50
2586,0,16,16,19,51
2587,0,35,49,18,102
2588,19,34,15,18,86
2590,33,18,49,15,115
2591,15,18,49,15,97
2592,18,34,15,15,82
2593,0,34,15,15,64
2594,17,30,51,19,117
2595,0,30,51,19,100
2596,0,15,51,19,85
2597,0,36,15,19,70
2600,19,31,20,13,83
2602,0,15,20,13,48
2603,0,33,19,14,66
2605,0,33,51,16,100
2606,0,14,51,16,81
2607,0,34,17,16,67
2608,33,16,19,15,83
2609,17,16,19,15,67
2611,0,34,16,19,69
2612,0,15,16,19,50
2614,0,19,16,17,52
2615,0,33,49,18,100
2617,0,33,16,18,67
2618,18,34,18,15,85
2620,18,33,16,17,84
2621,0,33,16,17,66
2624,17,32,0,19,68
2625,16,16,0,19,51
2626,16,35,50,16,117
2627,0,35,50,16,101
2629,15,19,16,16,66
2630,19,32,17,16,84
2631,0,32,17,16,65
2633,0,33,18,15,66
2634,16,33,19,15,83
2635,0,33,19,15,67
2636,15,34,16,16,81
2637,0,34,16,16,66
2638,15,32,20,14,81
2639,0,32,20,14,66
2642,14,34,17,15,80
2644,0,18,17,15,50
2645,0,32,19,15,66
2646,0,15,19,15,49
2648,15,34,15,19,83
2649,0,34,15,19,68
2650,0,16,15,19,50
2652,19,33,16,16,84
2653,0,33,16,16,65
2654,18,32,19,14,83
2655,0,32,19,14,65
2656,0,16,19,14,49
2657,0,33,19,14,66
2658,14,33,19,16,82
2660,14,35,16,16,81
2661,0,35,16,16,67
2662,0,16,16,16,48
2663,0,32,0,19,51
2664,16,35,32,19,102
2666,0,16,32,19,67
2667,0,32,0,19,51
2669,0,36,15,18,69
2670,50,32,15,18,115
2673,0,32,15,18,65
2674,16,33,16,19,84
2675,0,33,16,19,68
2676,18,35,16,16,85
2677,0,35,16,16,67
2680,16,34,0,16,66
2681,0,34,0,16,50
2682,0,18,0,16,34
2683,0,33,16,15,64
2685,31,36,67,16,150
2686,15,36,67,16,134
2687,0,36,67,16,119
2688,0,19,67,16,102
2691,16,19,16,15,66
2692,19,31,18,15,83
2693,0,31,18,15,64
2694,0,15,18,15,48
2696,15,36,16,16,83
2697,0,36,16,16,68
2698,0,16,16,16,48
2699,0,32,0,17,49
2700,0,16,0,17,33
2701,0,33,15,20,68
2702,0,16,15,20,51
2703,15,20,0,17,52
2704,20,30,20,16,86
2705,0,30,20,16,66
2706,0,13,20,16,49
2709,0,32,19,16,67
2710,0,16,19,16,51
2712,16,31,50,19,116
2713,0,31,50,19,100
2714,15,35,15,19,84
2715,0,35,15,19,69
2717,15,19,20,12,66
2718,19,32,15,19,85
2719,20,12,15,19,66
2720,0,12,15,19,46
2722,0,19,16,19,54
2724,0,19,13,19,51
2725,13,19,15,18,65
2727,0,33,16,18,67
2728,0,18,16,18,52
2730,0,18,15,16,49
2735,19,14,17,15,65
2737,0,32,19,15,66
2738,15,34,19,16,84
2739,0,34,19,16,69
2740,15,35,16,15,81
2742,16,31,19,15,81
2743,0,31,19,15,65
2744,15,34,18,15,82
2745,0,34,18,15,67
2747,0,33,16,19,68
2748,15,35,18,13,81
2750,19,31,19,15,84
2752,0,13,19,15,47
2753,0,34,19,16,69
2754,15,35,15,18,83
2755,0,35,15,18,68
2757,33,32,20,14,99
2758,18,32,20,14,84
2759,0,32,20,14,66
2760,16,34,16,19,85
2761,0,34,16,19,69
2763,0,35,15,19,69
2764,0,19,15,19,53
2766,0,19,15,15,49
2767,0,30,18,16,64
2771,0,32,53,16,101
2774,16,32,49,19,116
2775,0,32,49,19,100
2776,16,32,17,19,84
2777,0,32,17,19,68
2778,15,36,17,17,85
2779,0,36,17,17,70
2780,19,34,17,14,84
2781,0,34,17,14,65
2782,17,31,16,18,82
2783,0,31,16,18,65
2784,14,34,16,16,80
2785,0,34,16,16,66
2786,18,32,51,18,119
2787,0,32,51,18,101
2788,16,35,16,18,85
2789,0,35,16,18,69
2793,0,34,0,15,49
2794,18,31,16,20,85
2795,0,31,16,20,67
2797,0,36,15,18,69
2798,20,33,15,15,83
2799,0,33,15,15,63
2800,18,30,17,19,84
2802,15,36,0,15,66
2803,0,36,0,15,51
2804,0,19,0,15,34
2805,15,19,0,16,50
2806,0,19,0,16,35
2809,0,31,34,20,85
2810,16,34,0,20,70
2811,0,34,0,20,54
2812,15,36,15,18,84
2814,0,16,15,18,49
2815,15,18,0,15,48
2816,18,31,55,12,116
2817,0,31,55,12,98
2818,0,16,55,12,83
2821,0,30,19,15,64
2822,0,12,19,15,46
2823,34,35,15,18,102
2825,0,35,15,18,68
2827,15,18,0,16,49
2828,18,32,18,15,83
2831,18,15,15,20,68
2832,15,35,16,15,81
2833,0,35,16,15,66
2834,0,20,16,15,51
2836,0,15,18,16,49
2837,0,34,16,19,69
2838,0,16,16,19,51
2839,0,35,16,16,67
2841,16,16,0,15,47
2842,16,32,19,15,82
2843,0,32,19,15,66
2844,0,17,19,15,51
2845,34,33,18,15,100
2846,15,33,18,15,81
2847,51,15,20,15,101
2848,50,35,16,16,117
2849,18,15,20,15,68
2850,15,35,16,16,82
2851,0,35,16,16,67
2852,0,15,16,16,47
2853,0,32,18,15,65
2855,0,33,20,17,70
2856,15,37,80,19,151
2857,0,37,80,19,136
2859,0,31,15,19,65
2860,0,15,15,19,49
2862,19,34,14,19,86
2863,0,34,14,19,67
2865,0,33,117,15,165
2866,0,19,117,15,151
2867,0,32,18,15,65
2869,18,15,16,18,67
2870,15,34,18,15,82
2871,0,34,18,15,67
2873,0,33,16,18,67
2874,15,34,16,16,81
2876,18,32,19,15,84
2877,0,32,19,15,66
2878,0,16,19,15,50
2879,0,34,16,16,66
2880,15,32,20,15,82
2882,16,35,16,16,83
2883,0,35,16,16,67
2886,32,19,15,19,85
2887,0,35,15,19,69
2888,19,34,16,15,84
2890,0,19,16,15,50
2892,0,15,19,14,48
2896,18,35,15,15,83
2900,0,15,19,15,49
2901,0,34,19,16,69
2903,0,35,16,18,69
2904,0,16,16,18,50
2906,18,31,16,18,83
2907,16,15,16,18,65
2909,0,34,16,19,69
2910,18,35,15,15,83
2911,0,35,15,15,65
2912,19,30,19,16,84
2913,0,30,19,16,65
2914,15,35,16,19,85
2915,0,35,16,19,70
2917,0,35,47,17,99
2918,0,19,47,17,83
2920,18,33,17,16,84
2922,0,17,17,16,50
2923,0,33,21,15,69
2924,0,16,21,15,52
2925,0,36,16,16,68
2927,0,32,17,16,65
2928,0,16,17,16,49
2929,0,33,16,16,65
2930,16,32,19,16,83
2931,0,32,19,16,67
2932,0,16,19,16,51
2933,0,35,49,18,102
2934,0,16,49,18,83
2935,0,33,34,16,83
2936,0,15,34,16,65
2938,18,35,16,15,84
2941,16,15,16,19,66
2942,15,35,15,19,84
2943,0,35,15,19,69
2944,19,34,0,16,69
2946,19,31,0,16,66
2947,0,31,0,16,47
2948,0,15,0,16,31
2949,0,35,15,19,69
2952,19,31,17,16,83
2955,0,33,20,15,68
2957,0,35,15,16,66
2958,15,31,19,15,80
2959,0,31,19,15,65
2960,16,34,17,18,85
2961,0,34,17,18,69
2962,0,15,17,18,50
2963,0,35,15,19,69
2964,0,18,15,19,52
2965,0,34,16,15,65
2966,0,19,16,15,50
2968,0,15,16,19,50
2969,0,35,15,16,66
2972,0,16,19,16,51
2974,0,16,15,19,50
2975,0,34,19,16,69
2976,0,19,19,16,54
2977,0,35,15,15,65
2978,0,16,15,15,46
2980,15,35,17,16,83
2981,0,35,17,16,68
2982,0,16,17,16,49
2983,0,33,16,16,65
2984,0,16,16,16,48
2985,16,16,52,15,99
2987,0,33,19,15,67
2989,19,15,52,14,100
2990,15,34,18,14,81
2991,15,19,18,14,66
2994,14,34,19,15,82
2995,0,34,19,15,68
2996,15,34,16,19,84
2997,0,34,16,19,69
2998,0,15,16,19,50
3000,19,33,15,16,83
3001,0,33,15,16,64
3003,0,31,19,15,65
3006,0,15,16,16,47
3007,0,32,18,19,69
3009,0,37,15,16,68
3010,19,31,17,17,84
3011,0,31,17,17,65
3012,16,34,16,18,84
3014,0,17,16,18,51
3015,0,34,17,16,67
3016,18,33,16,16,83
3019,66,34,15,19,134
3020,0,16,16,18,50
3022,18,34,15,19,86
3023,0,34,15,19,68
3024,0,19,15,19,53
3026,19,31,48,18,116
3027,0,31,48,18,97
3028,16,33,15,18,82
3029,18,15,15,18,66
3031,15,18,17,18,68
3032,18,35,16,16,85
3033,0,35,16,16,67
3035,0,32,17,16,65
3036,0,16,17,16,49
3037,0,33,17,16,66
3038,16,33,18,16,83
3040,0,16,18,16,50
3041,0,34,18,16,68
3043,0,34,0,16,50
3044,16,33,18,16,83
3045,0,33,18,16,67
3047,18,16,16,18,68
3048,0,16,16,18,50
3050,18,33,0,16,67
3051,17,16,0,16,49
3052,0,16,0,16,32
3053,0,32,0,19,51
3054,0,16,0,19,35
3056,0,16,16,16,48
3058,0,16,16,20,52
3061,0,32,0,17,49
3062,19,31,16,19,85
3063,0,31,16,19,66
3064,0,14,16,19,49
3065,35,33,18,16,102
3066,19,33,18,16,86
3068,15,34,16,18,83
3071,0,34,17,14,65
3072,18,31,19,34,102
3073,0,31,19,34,84
3074,0,14,19,34,67
3075,0,53,17,14,84
3076,14,20,17,14,65
3078,0,17,14,18,49
3079,0,32,16,17,65
3082,0,17,0,35,52
3083,0,35,0,13,48
3084,0,21,0,13,34
3085,0,31,17,17,65
3086,18,34,0,16,68
3088,0,17,0,16,33
3089,16,17,0,17,50
3090,0,17,0,17,34
3093,0,33,16,18,67
3094,18,34,16,15,83
3095,16,18,16,15,65
3097,0,31,35,16,82
3098,15,35,0,16,66
3099,35,31,17,17,100
3100,15,31,17,17,80
3101,0,31,17,17,65
3103,0,34,0,20,54
3104,17,33,0,19,69
3105,0,33,0,19,52
3106,0,13,0,19,32
3107,0,34,19,15,68
3108,0,15,19,15,49
3109,0,34,0,16,50
3110,15,35,0,16,66
3111,0,35,0,16,51
3112,0,19,0,16,35
3113,0,32,16,16,64
3114,0,16,16,16,48
3116,0,16,51,16,83
3117,0,36,15,16,67
3118,16,31,20,13,80
3119,15,16,20,13,64
3121,0,33,19,15,67
3122,0,13,19,15,47
3123,0,34,18,17,69
3125,0,35,15,19,69
3126,0,17,15,19,51
3127,0,34,14,16,64
3128,0,19,14,16,49
3129,0,30,51,16,97
3130,0,16,51,16,83
3132,0,16,16,16,48
3133,16,16,17,17,66
3134,16,34,17,18,85
3136,0,17,17,18,52
3138,0,18,17,14,49
3139,0,31,16,18,65
3140,0,14,16,18,48
3142,18,34,19,16,87
3146,16,50,17,15,98
3147,0,50,17,15,82
3149,21,17,15,17,70
3150,17,32,17,15,81
3151,0,32,17,15,64
3152,17,32,16,18,83
3153,0,32,16,18,66
3155,0,34,16,16,66
3157,0,32,0,17,49
3158,0,16,0,17,33
3159,0,36,16,15,67
3161,16,15,0,18,49
3164,0,18,16,16,50
3165,16,16,0,17,49
3167,17,16,19,16,68
3168,16,35,0,15,66
3169,0,35,0,15,50
3170,16,32,49,18,115
3172,0,17,49,18,84
3175,0,34,0,15,49
3176,18,34,17,15,84
3177,0,34,17,15,66
3178,0,19,17,15,51
3180,15,34,17,16,82
3182,18,33,17,16,84
3183,0,33,17,16,66
3184,16,33,15,19,83
3185,0,33,15,19,67
3187,0,34,15,16,65
3188,19,31,87,16,153
3189,0,31,87,16,134
3192,15,37,50,13,115
3193,0,37,50,13,100
3196,0,16,17,13,46
3199,0,35,0,16,51
3201,16,17,18,18,69
3202,0,17,18,18,53
3203,0,36,14,17,67
3204,18,31,16,17,82
3206,0,17,16,17,50
3207,0,33,17,16,66
3208,17,33,17,17,84
3211,0,34,0,16,50
3212,17,33,18,17,85
3214,0,17,18,17,52
3216,17,32,16,18,83
3217,16,16,16,18,66
3218,0,16,16,18,50
3219,0,34,18,16,68
3220,18,34,48,19,119
3221,0,34,48,19,101
3222,0,16,48,19,83
3224,16,34,0,16,66
3225,15,19,0,16,50
3226,19,31,19,16,85
3227,0,31,19,16,66
3228,0,15,19,16,50
3229,19,16,50,15,100
3231,0,31,19,15,65
3232,34,15,0,19,68
3233,19,15,0,19,53
3234,15,35,15,18,83
3235,0,35,15,18,68
3236,0,16,15,18,49
3238,18,33,19,15,85
3239,0,33,19,15,67
3241,19,15,16,18,68
3242,15,34,15,17,81
3243,34,32,0,16,82
3244,18,32,0,16,66
3245,0,32,0,16,48
3247,0,35,0,16,51
3249,16,16,16,18,66
3250,0,16,16,18,50
3252,18,32,16,19,85
3256,0,19,15,19,53
3258,19,30,0,18,67
3259,0,30,0,18,48
3262,0,16,0,16,32
3263,0,35,15,19,69
3265,0,34,15,18,67
3267,0,33,15,16,64
3269,0,31,20,15,66
3270,0,16,20,15,51
3271,0,35,15,19,69
3272,15,34,17,16,82
3273,0,34,17,16,67
3274,19,33,16,16,84
3275,0,33,16,16,65
3277,0,32,15,19,66
3278,0,16,15,19,50
3279,0,34,16,17,67
3280,0,19,16,17,52
3281,0,33,17,19,69
3282,0,17,17,19,53
3283,0,36,15,15,66
3284,0,19,15,15,49
3286,15,33,86,15,149
3287,0,33,86,15,134
3288,14,34,17,19,84
3289,0,34,17,19,70
3290,0,15,17,19,51
3291,17,19,16,15,67
3293,0,31,16,18,65
3294,15,34,15,18,82
3295,0,34,15,18,67
3296,18,33,15,19,85
3297,0,33,15,19,67
3298,18,34,48,19,119
3299,0,34,48,19,101
3300,19,32,16,19,86
3301,32,35,16,16,99
3304,0,19,16,16,51
3306,16,34,15,19,84
3307,0,34,15,19,68
3309,15,19,82,17,133
3310,19,33,15,18,85
3311,0,33,15,18,66
3312,15,33,81,20,149
3314,0,18,81,20,119
3315,0,33,16,16,65
3316,17,32,85,16,150
3317,0,32,85,16,133
3318,0,16,85,16,117
3319,36,33,16,16,101
3321,0,33,16,16,65
3322,20,32,17,17,86
3324,0,16,17,17,50
3326,0,17,16,18,51
3327,0,34,50,15,99
3328,0,18,50,15,83
3330,0,19,16,15,50
3331,16,15,0,17,48
3332,15,33,19,16,83
3333,0,33,19,16,68
3334,0,16,19,16,51
3335,19,16,0,15,50
3336,0,16,0,15,31
3342,0,18,0,17,35
3343,0,34,32,17,83
3344,0,17,32,17,66
3345,18,14,51,15,98
3346,14,33,18,15,80
3348,0,16,18,15,49
3349,33,35,15,21,104
3350,15,35,15,21,86
3352,0,15,15,21,51
3353,0,36,16,16,68
3354,0,21,16,16,53
3355,0,32,82,18,132
3356,16,34,15,15,80
3357,0,34,15,15,64
3358,0,19,15,15,49
3360,15,36,16,15,82
3362,0,18,16,15,49
3364,15,33,20,16,84
3366,0,15,20,16,51
3367,20,16,17,17,70
3368,0,16,17,17,50
3369,0,34,16,16,66
3370,0,17,16,16,49
3371,0,32,16,19,67
3372,16,35,16,16,83
3373,0,35,16,16,67
3374,0,19,16,16,51
3376,0,16,17,16,49
3377,0,33,16,17,66
3378,0,16,16,17,49
3379,0,33,15,17,65
3381,0,32,20,16,68
3383,0,36,16,16,68
3384,0,16,16,16,48
3385,16,16,16,15,63
3386,0,16,16,15,47
3387,0,31,20,17,68
3388,15,37,17,16,85
3393,0,31,19,15,65
3396,15,32,17,20,84
3397,0,32,17,20,69
3398,0,16,17,20,53
3399,0,37,15,16,68
3400,0,20,15,16,51
3401,15,16,16,17,64
3402,0,16,16,17,49
3403,0,33,20,14,67
3404,0,17,20,14,51
3406,14,34,16,15,79
3407,0,34,16,15,65
3408,0,18,16,15,49
3409,0,31,54,15,100
3410,0,15,54,15,84
3411,0,35,19,15,69
3413,19,15,17,16,67
3415,0,33,15,19,67
3417,0,34,14,18,66
3419,0,32,16,18,66
3420,0,18,16,18,52
3421,0,34,16,19,69
3422,0,18,16,19,53
3423,0,35,48,15,98
3424,0,19,48,15,82
3425,0,30,18,15,63
3427,18,15,20,15,68
3428,15,35,15,16,81
3430,15,31,18,20,84
3431,0,31,18,20,69
3432,0,16,18,20,54
3434,0,20,13,19,52
3435,0,32,15,19,66
3436,0,19,15,19,53
3438,19,30,51,18,118
3439,30,36,15,18,99
3441,36,33,0,16,85
3442,20,33,0,16,69
3443,15,18,0,16,49
3444,18,35,15,16,84
3445,50,16,16,19,101
3447,15,16,16,19,66
3448,0,16,16,19,51
3450,0,19,15,17,51
3451,15,17,15,19,66
3452,0,17,15,19,51
3453,0,34,15,19,68
3454,19,34,15,15,83
3455,0,34,15,15,64
3456,0,19,15,15,49
3458,15,35,17,15,82
3459,0,35,17,15,67
3460,0,16,17,15,48
3461,0,32,49,19,100
3462,0,15,49,19,83
3463,0,35,14,19,68
3464,0,18,14,19,51
3465,14,19,16,19,68
3466,0,19,16,19,54
3467,0,35,15,16,66
3468,19,31,50,18,118
3469,0,31,50,18,99
3470,0,16,50,18,84
3473,16,18,16,19,69
3474,18,35,15,18,86
3475,0,35,15,18,68
3477,33,31,16,19,99
3478,18,31,16,19,84
3479,0,31,16,19,66
3480,0,16,16,19,51
3484,0,15,16,19,50
3485,0,35,49,19,103
3489,14,19,16,14,63
3490,0,19,16,14,49
3491,0,30,53,14,97
3492,0,14,53,14,81
3493,0,33,20,14,67
3494,34,14,18,15,81
3495,20,14,18,15,67
3496,14,33,19,15,81
3498,0,15,19,15,49
3500,50,34,16,16,116
3502,0,19,15,19,53
3505,0,32,16,15,63
3506,0,16,16,15,47
3508,0,15,18,18,51
3509,36,34,15,16,101
3510,18,34,15,16,83
3511,0,34,15,16,65
3513,0,31,19,15,65
3515,0,34,15,19,68
3520,0,15,17,20,52
3524,0,17,16,16,49
3527,0,34,18,15,67
3529,18,15,19,20,72
3530,0,15,19,20,54
3532,33,19,15,20,87
3533,0,32,15,20,67
3534,0,19,15,20,54
3537,31,34,16,20,101
3538,15,34,16,20,85
3541,0,36,13,19,68
3542,0,20,13,19,52
3543,0,32,15,18,65
3545,0,33,15,16,64
3546,0,18,15,16,49
3547,15,16,19,15,65
3550,0,15,16,18,49
3551,16,18,16,17,67
3553,0,33,18,16,67
3554,17,34,16,19,86
3555,18,16,16,19,69
3556,16,35,49,15,115
3557,16,19,49,15,99
3558,0,19,49,15,83
3559,0,30,19,15,64
3560,0,15,19,15,49
3561,19,15,16,19,69
3563,0,35,50,15,100
3564,0,19,50,15,84
3565,0,31,50,18,99
3566,34,15,16,18,83
3567,19,15,16,18,68
3568,15,34,19,15,83
3569,0,34,19,15,68
3570,0,18,19,15,52
3571,0,34,16,15,65
3572,15,31,52,15,113
3573,16,15,52,15,98
3574,15,34,18,15,82
3575,0,34,18,15,67
3576,0,15,18,15,48
3577,18,15,16,20,69
3578,15,36,17,17,85
3579,0,36,17,17,70
3582,0,17,80,19,116
3583,0,32,14,19,65
3584,29,19,15,19,82
3586,19,34,50,15,118
3587,0,34,50,15,99
3588,0,19,50,15,84
3589,0,34,16,15,65
3590,0,18,16,15,49
3594,0,18,19,15,52
3595,19,15,15,16,65
3596,15,31,20,15,81
3597,0,31,20,15,66
3598,0,16,20,15,51
3599,0,35,17,14,66
3600,0,15,17,14,46
3601,0,31,20,16,67
3602,14,36,15,19,84
3603,0,36,15,19,70
3607,16,16,15,20,67
3608,0,16,15,20,51
3609,0,35,15,19,69
3610,0,20,15,19,54
3612,19,29,19,15,82
3613,0,29,19,15,63
3615,34,35,49,20,138
3619,0,34,15,20,69
3620,0,19,15,20,54
3621,0,35,12,19,66
3622,0,20,12,19,51
3624,19,35,16,17,87
3625,0,35,16,17,68
3627,0,33,0,14,47
3629,0,30,16,21,67
3630,0,16,16,21,53
3632,21,29,20,16,86
3633,0,29,20,16,65
3635,0,36,15,19,70
3636,0,16,15,19,50
3637,0,34,49,17,100
3638,19,34,15,17,85
3640,0,20,15,17,52
3641,32,33,15,17,97
3643,0,33,15,17,65
3644,16,32,19,15,82
3645,0,32,19,15,66
3647,0,34,16,19,69
3649,0,35,16,15,66
3650,0,19,16,15,50
3651,16,15,0,20,51
3652,0,15,0,20,35
3655,0,33,18,17,68
3657,0,35,15,18,68
3658,17,33,16,14,80
3660,34,14,17,19,84
3661,0,30,17,19,66
3663,0,36,0,15,51
3664,0,19,0,15,34
3665,0,35,15,15,65
3666,0,20,15,15,50
3667,15,15,0,16,46
3668,15,33,18,15,81
3669,0,33,18,15,66
3670,0,17,18,15,50
3671,0,33,0,20,53
3672,15,36,16,16,83
3676,16,33,16,19,84
3678,0,17,16,19,52
3679,0,35,18,16,69
3680,19,34,17,14,84
3681,0,34,17,14,65
3682,0,16,17,14,47
3683,0,31,16,16,63
3684,14,32,0,17,63
3686,16,37,0,13,66
3688,20,32,83,15,150
3689,0,32,83,15,130
3690,0,19,83,15,117
3691,31,37,15,15,98
3692,15,37,15,15,82
3693,16,21,15,15,67
3696,15,34,19,15,83
3701,0,32,51,18,101
3702,0,13,51,18,82
3703,0,37,14,18,69
3704,0,20,14,18,52
3705,14,18,0,15,47
3707,0,32,18,14,64
3708,0,17,18,14,49
3713,32,34,0,16,82
3714,13,34,0,16,63
3715,0,34,0,16,50
3716,14,36,16,15,81
3717,0,36,16,15,67
3718,0,20,16,15,51
3722,15,34,16,15,80
3723,0,34,16,15,65
3724,18,31,20,15,84
3726,15,35,15,18,83
3727,0,35,15,18,68
3729,0,33,16,19,68
3731,0,35,49,16,100
3733,0,31,18,16,65
3735,18,16,19,15,68
3737,0,34,0,16,50
3739,0,34,14,18,66
3740,0,18,14,18,50
3742,18,34,15,19,86
3743,0,34,15,19,68
3744,0,18,15,19,52
3745,0,34,15,16,65
3746,19,31,19,15,84
3749,0,34,19,15,68
3752,15,35,47,18,115
3756,15,35,17,15,82
3758,18,32,16,16,82
3759,0,32,16,16,64
3760,15,32,21,15,83
3761,0,32,21,15,68
3762,16,36,16,19,87
3763,0,36,16,19,71
3764,15,35,82,15,147
3765,0,35,82,15,132
3766,19,33,15,19,86
3767,33,34,15,15,97
3768,18,34,15,15,82
3769,34,30,18,15,97
3773,0,33,19,15,67
3774,15,34,19,15,83
3778,15,33,50,19,117
3780,16,34,16,19,85
3782,19,35,15,16,85
3783,0,35,15,16,66
3784,0,19,15,16,50
3786,0,16,16,18,50
3788,18,34,16,15,83
3789,0,34,16,15,65
3790,18,31,19,19,87
3792,0,15,19,19,53
3793,0,38,18,11,67
3794,0,19,18,11,48
3795,0,29,17,19,65
3796,0,11,17,19,47
3798,0,19,16,15,50
3799,31,35,16,16,98
3800,15,35,16,16,82
3801,0,35,16,16,67
3802,19,32,18,16,85
3803,0,32,18,16,66
3804,0,16,18,16,50
3805,0,34,15,19,68
3806,0,16,15,19,50
3807,0,34,15,19,68
3808,19,34,0,15,68
3809,0,34,0,15,49
3810,0,19,0,15,34
3812,0,16,19,15,50
3813,19,15,16,16,66
3814,15,32,0,19,66
3815,0,32,0,19,51
3816,0,16,0,19,35
3817,19,15,19,15,68
3821,35,33,16,15,99
3822,20,33,16,15,84
3823,0,33,16,15,64
3825,0,31,19,16,66
3827,0,35,15,16,66
3828,16,31,20,15,82
3830,0,16,20,15,51
3832,0,15,16,18,49
3833,0,34,50,16,100
3834,0,18,50,16,84
3836,0,18,51,16,85
3837,16,16,19,16,67
3838,16,35,16,16,83
3839,0,35,16,16,67
3841,0,32,15,20,67
3843,15,20,16,16,67
3844,0,20,16,16,52
3846,0,16,17,13,46
3847,0,30,19,19,68
3849,0,38,15,19,72
3853,0,30,16,19,65
3854,15,35,16,15,81
3855,0,35,16,15,66
3856,19,31,19,15,84
3857,0,31,19,15,65
3859,0,34,17,16,67
3860,15,33,19,16,83
3861,0,33,19,16,68
3865,0,33,16,19,68
3867,0,35,15,16,66
3868,19,31,18,15,83
3869,0,31,18,15,64
3870,16,33,33,19,101
3871,0,33,33,19,85
3873,0,33,19,15,67
3875,0,34,0,19,53
3876,0,15,0,19,34
3877,0,35,14,19,68
3879,14,19,0,16,49
3880,19,31,36,17,103
3881,0,31,36,17,84
3882,0,15,36,17,68
3884,16,33,14,19,82
3885,0,33,14,19,66
3887,14,19,15,19,67
3888,19,34,16,16,85
3889,0,34,16,16,66
3890,0,19,16,16,51
3891,0,32,18,15,65
3892,0,16,18,15,49
3894,15,33,19,16,83
3895,0,33,19,16,68
3897,0,35,13,20,68
3898,16,33,18,16,83
3899,33,34,16,15,98
3900,20,34,16,15,85
3901,0,34,16,15,65
3902,0,16,16,15,47
3903,0,31,19,16,66
3904,15,35,15,18,83
3905,0,35,15,18,68
3907,0,33,16,19,68
3911,0,31,16,18,65
3912,15,34,16,18,83
3913,0,34,16,18,68
3914,18,34,16,15,83
3915,0,34,16,15,65
3916,18,31,19,15,83
3918,15,34,16,19,84
3919,0,34,16,19,69
3921,0,35,15,16,66
3924,0,16,34,19,69
3925,0,34,0,19,53
3927,0,34,0,16,50
3928,0,15,0,16,31
3929,0,34,15,19,68
3930,0,18,15,19,52
3931,15,19,0,16,50
3932,19,31,16,17,83
3933,0,31,16,17,64
3934,0,15,16,17,48
3935,16,17,17,17,67
3936,17,34,16,20,87
3937,0,34,16,20,70
3939,0,36,13,17,66
3940,0,20,13,17,50
3941,0,30,20,16,66
3942,0,17,20,16,53
3943,0,36,15,18,69
3945,0,33,16,15,64
3946,18,31,19,16,84
3947,0,31,19,16,66
3949,0,35,19,18,72
3950,0,16,19,18,53
3951,0,37,14,16,67
3952,0,18,14,16,48
3953,0,30,15,19,64
3955,0,34,16,15,65
3956,0,19,16,15,50
3957,0,31,18,15,64
3959,0,33,20,15,68
3961,0,35,16,18,69
3962,0,15,16,18,49
3963,0,34,15,18,67
3964,18,33,16,16,83
3965,0,33,16,16,65
3966,18,32,18,17,85
3967,0,32,18,17,67
3969,35,33,17,16,101
3972,16,33,17,17,83
3974,16,34,17,17,84
3976,0,17,17,17,51
3977,0,34,13,20,67
3978,0,17,13,20,50
3979,0,33,17,15,65
3980,0,20,17,15,52
3981,0,32,50,17,99
3982,15,33,17,17,82
3984,0,16,17,17,50
3986,17,33,16,19,85
3987,0,33,16,19,68
3990,19,34,15,15,83
3991,0,34,15,15,64
3994,15,33,19,16,83
3995,0,33,19,16,68
3997,0,35,51,16,102
3999,0,32,19,16,67
4000,0,16,19,16,51
4001,0,35,16,17,68
4002,0,16,16,17,49
4003,0,33,16,18,67
4004,0,17,16,18,51
4005,0,34,84,15,133
4006,18,33,15,19,85
4008,0,19,15,19,53
4009,15,19,17,15,66
4010,19,32,16,18,85
4011,0,32,16,18,66
4013,0,34,17,17,68
4015,0,34,16,15,65
4020,16,32,49,19,116
4021,0,32,49,19,100
4022,17,35,14,19,85
4024,19,33,0,15,67
4026,19,35,14,16,84
4027,0,35,14,16,65
4029,14,16,19,15,64
4031,0,34,19,13,66
4032,15,32,19,15,81
4033,0,32,19,15,66
4035,0,34,18,15,67
4036,0,15,18,15,48
4038,15,36,50,14,115
4040,0,16,50,14,80
4041,0,31,19,14,64
4042,0,15,19,14,48
4043,33,33,50,18,134
4045,0,33,50,18,101
4046,16,35,15,18,84
4047,0,35,15,18,68
4048,0,15,15,18,48
4049,15,18,16,19,68
4050,18,35,14,20,87
4051,0,35,14,20,69
4052,0,19,14,20,53
4053,34,30,17,19,100
4054,0,20,14,16,50
4055,14,16,17,19,66
4056,16,36,16,15,83
4058,19,31,19,16,85
4060,0,15,19,16,50
4061,35,33,16,16,100
4062,16,33,16,16,81
4063,0,33,16,16,65
4064,0,16,16,16,48
4065,0,32,20,15,67
4066,0,16,20,15,51
4068,0,15,51,15,81
4071,31,35,15,16,97
4072,15,35,15,16,81
4076,16,34,16,16,82
4077,0,34,16,16,66
4079,0,32,19,15,66
4081,0,34,17,19,70
4083,0,36,16,15,67
4085,0,31,18,15,64
4086,0,15,18,15,48
4087,0,33,19,15,67
4089,0,34,16,16,66
4093,0,35,0,16,51
4095,0,32,0,19,51
4096,0,16,0,19,35
4097,0,35,15,19,69
4099,0,34,0,17,51
4100,19,33,16,15,83
4101,0,33,16,15,64
4103,16,15,0,19,50
4104,0,15,0,19,34
4105,0,35,15,18,68
4106,0,16,15,18,49
4107,15,18,16,18,67
4108,18,34,15,19,86
4109,0,34,15,19,68
4110,18,34,15,19,86
4111,0,34,15,19,68
4112,0,19,15,19,53
4113,0,34,0,16,50
4115,0,32,18,15,65
4116,0,16,18,15,49
4117,18,15,16,16,65
4118,0,15,16,16,47
4120,16,34,16,19,85
4122,0,16,16,19,51
4123,0,35,16,15,66
4124,0,19,16,15,50
4126,0,15,50,18,83
4127,0,35,15,18,68
4128,34,18,17,17,86
4129,15,18,17,17,67
4130,0,18,17,17,52
4131,0,34,17,16,67
4132,0,17,17,16,50
4133,0,33,16,18,67
4134,0,16,16,18,50
4135,34,33,16,15,98
4136,18,33,16,15,82
4137,0,33,16,15,64
4138,49,35,48,18,150
4141,19,16,48,18,101
4143,0,33,15,18,66
4145,0,33,16,19,68
4147,35,31,19,15,100
4148,19,31,19,15,84
4149,0,31,19,15,65
4150,15,34,19,14,82
4151,0,34,19,14,67
4154,14,35,16,15,80
4155,0,35,16,15,66
4157,0,31,19,16,66
4159,0,35,17,15,67
4160,16,32,19,15,82
4162,0,15,19,15,49
4163,0,34,18,16,68
4164,15,34,16,18,83
4165,18,16,16,18,68
4166,0,16,16,18,50
4167,0,34,15,18,67
4168,18,33,50,15,116
4169,33,32,18,15,98
4170,18,32,18,15,83
4171,0,32,18,15,65
4174,15,35,15,19,84
4175,0,35,15,19,69
4177,0,34,17,14,65
4179,0,31,18,16,65
4180,14,34,0,17,65
4181,0,34,0,17,51
4183,0,33,66,20,119
4184,0,16,66,20,102
4185,0,35,16,15,66
4187,0,31,0,20,51
4190,0,16,31,19,66
4191,0,31,0,19,50
4192,15,36,15,18,84
4194,0,17,15,18,50
4195,33,31,0,18,82
4196,18,31,0,18,67
4197,0,31,0,18,49
4199,0,34,16,18,68
4200,0,16,16,18,50
4203,32,35,16,16,99
4204,16,35,16,16,83
4205,35,32,16,18,101
4206,19,32,16,18,85
4208,0,16,16,18,50
4209,34,34,16,18,102
4210,18,34,16,18,86
4211,0,34,16,18,68
4213,0,34,15,16,65
4214,0,18,15,16,49
4215,0,31,19,16,66
4217,0,35,49,16,100
4218,16,33,16,16,81
4219,0,33,16,16,65
4221,0,32,19,15,66
4222,0,16,19,15,50
4223,0,34,16,18,68
4225,0,34,17,12,63
4226,18,29,20,18,85
4227,0,29,20,18,67
4228,0,12,20,18,50
4229,0,38,16,16,70
4230,18,32,52,16,118
4231,0,32,52,16,100
4232,16,33,19,16,84
4236,16,32,19,16,83
4237,0,32,19,16,67
4239,0,35,16,15,66
4240,0,16,16,15,47
4243,0,35,0,17,52
4244,0,17,0,17,34
4245,0,33,15,17,65
4246,31,17,17,19,84
4247,15,17,17,19,68
4249,0,36,0,15,51
4250,19,32,18,15,84
4251,0,32,18,15,65
4252,0,17,18,15,50
4253,0,33,0,18,51
4254,15,33,19,15,82
4255,0,33,19,15,67
4256,0,15,19,15,49
4257,34,34,16,16,100
4259,0,34,16,16,66
4260,18,32,19,15,84
4262,16,34,0,16,66
4265,0,32,19,16,67
4267,19,16,0,17,52
4268,16,33,17,16,82
4269,0,33,17,16,66
4270,0,16,17,16,49
4271,17,16,0,16,49
4272,16,33,18,16,83
4274,0,17,18,16,51
4276,0,16,17,18,51
4278,18,33,15,16,82
4280,0,17,15,16,48
4281,15,16,16,20,67
4283,0,36,0,16,52
4284,0,20,0,16,36
4286,0,17,18,12,47
4287,18,12,0,20,50
4288,12,35,16,18,81
4289,0,35,16,18,69
4290,49,32,34,16,131
4293,0,32,34,16,82
4295,18,16,0,16,50
4296,16,36,14,17,83
4297,0,36,14,17,67
4298,0,20,14,17,51
4300,17,35,15,16,83
4301,0,35,15,16,66
4303,15,16,16,18,65
4308,15,35,15,16,81
4309,0,35,15,16,66
4311,0,31,19,16,66
4312,0,16,19,16,51
4315,0,34,15,19,68
4316,0,18,15,19,52
4317,0,34,15,15,64
4318,0,19,15,15,49
4320,0,15,36,15,66
4321,0,36,15,16,67
4323,0,31,19,16,66
4324,0,16,19,16,51
4326,0,16,15,18,49
4327,33,35,15,15,98
4328,18,35,15,15,83
4329,0,35,15,15,65
4331,0,30,19,14,63
4332,15,33,19,15,82
4336,15,34,18,16,83
4337,0,34,18,16,68
4338,15,34,16,19,84
4339,0,34,16,19,69
4340,0,16,16,19,51
4342,50,30,53,16,149
4343,0,31,18,12,61
4345,0,30,53,16,99
4347,37,32,53,15,137
4348,15,32,53,15,115
4349,0,32,53,15,100
4350,16,34,19,15,84
4351,0,34,19,15,68
4354,15,35,16,15,81
4357,31,36,16,15,98
4358,15,36,16,15,82
4360,19,31,16,17,83
4361,31,33,16,19,99
4362,48,35,16,16,115
4363,0,33,16,19,68
4364,17,35,16,16,84
4365,35,32,18,16,101
4366,19,32,18,16,85
4367,0,32,18,16,66
4368,0,16,18,16,50
4370,16,34,0,16,66
4371,0,34,0,16,50
4374,0,16,19,15,50
4376,0,15,15,19,49
4379,0,31,19,15,65
4380,0,16,19,15,50
4381,19,15,51,15,100
4382,0,15,51,15,81
4383,0,34,17,15,66
4385,0,32,52,18,102
4386,15,37,80,18,150
4387,0,37,80,18,135
4389,0,33,81,19,133
4390,18,30,17,18,83
4391,0,30,17,18,65
4392,14,35,16,19,84
4394,0,18,16,19,53
4397,0,31,16,17,64
4398,0,18,16,17,51
4400,17,35,33,15,100
4401,35,33,0,15,83
4404,18,32,18,16,84
4405,15,17,18,16,66
4406,0,17,18,16,51
4407,34,32,18,15,99
4408,16,32,18,15,81
4411,0,33,19,15,67
4412,15,34,19,16,84
4413,0,34,19,16,69
4414,15,35,16,18,84
4415,0,35,16,18,69
4417,0,34,15,18,67
4419,0,33,0,16,49
4420,18,32,19,15,84
4421,0,32,19,15,66
4422,0,16,19,15,50
4424,15,32,19,15,81
4425,0,32,19,15,66
4427,19,15,16,19,69
4428,15,35,16,16,82
4429,0,35,16,16,67
4430,19,32,15,19,85
4431,0,32,15,19,66
4432,0,16,15,19,50
4434,0,19,15,19,53
4435,0,34,16,15,65
4437,0,31,19,16,66
4438,0,15,19,16,50
4439,0,35,15,18,68
4442,18,31,20,15,84
4443,0,31,20,15,66
4444,50,35,15,18,118
4445,0,35,50,18,103
4446,0,15,50,18,83
4448,0,19,15,18,52
4449,15,18,0,16,49
4450,18,32,18,15,83
4451,0,32,18,15,65
4452,0,16,18,15,49
4453,33,34,0,16,83
4454,15,34,0,16,65
4455,0,34,0,16,50
4457,0,32,19,14,65
4458,0,16,19,14,49
4460,14,36,14,17,81
4461,17,19,14,17,67
4465,0,35,16,18,69
4467,0,34,0,16,50
4468,18,33,15,18,84
4469,0,33,15,18,66
4470,32,18,16,19,85
4471,15,18,16,19,68
4472,18,35,0,15,68
4473,0,35,0,15,50
4474,19,32,15,19,85
4475,0,32,15,19,66
4477,15,19,0,15,49
4480,0,17,0,18,35
4481,0,35,16,17,68
4482,0,17,16,17,50
4483,0,33,16,15,64
4484,17,31,19,14,81
4485,0,31,19,14,64
4486,15,33,51,19,118
4487,33,35,67,15,150
4488,14,35,67,15,131
4489,35,35,32,15,117
4490,15,35,32,15,97
4491,0,35,32,15,82
4492,19,32,0,15,66
4493,0,32,0,15,47
4495,15,16,19,18,68
4497,0,37,16,16,69
4498,18,32,0,16,66
4499,32,32,17,16,97
4500,16,32,17,16,81
4501,0,32,17,16,65
4502,0,16,17,16,49
4503,17,16,0,19,52
4504,16,35,18,15,84
4505,19,16,18,15,68
4506,49,32,16,18,115
4507,18,15,18,14,65
4508,15,32,16,18,81
4509,0,32,16,18,66
4510,14,34,0,16,64
4512,18,35,15,15,83
4513,0,35,15,15,65
4517,19,17,16,15,67
4518,0,17,16,15,48
4520,0,15,19,15,49
4521,0,34,17,19,70
4522,0,15,17,19,51
4523,0,36,14,19,69
4524,19,33,16,14,82
4525,33,30,19,15,97
4526,19,30,19,15,83
4527,30,34,19,15,98
4528,48,34,17,16,115
4530,0,15,19,15,49
4533,0,33,49,19,101
4536,0,16,15,19,50
4538,19,31,19,16,85
4540,0,16,19,16,51
4542,51,32,15,20,118
4543,0,35,16,16,67
4545,0,32,15,20,67
4546,0,16,15,20,51
4547,35,32,17,17,101
4548,20,32,17,17,86
4549,0,32,17,17,66
4550,0,16,17,17,50
4551,0,34,14,20,68
4552,0,17,14,20,51
4553,0,34,13,20,67
4554,0,20,13,20,53
4555,0,33,47,18,98
4556,0,20,47,18,85
4557,0,32,15,18,65
4559,15,18,16,20,69
4560,18,36,15,15,84
4561,0,36,15,15,66
4562,0,20,15,15,50
4565,0,35,16,15,66
4566,0,15,16,15,46
4567,0,31,0,16,47
4568,15,36,49,16,116
4569,0,36,49,16,101
4571,0,33,16,16,65
4572,16,32,53,15,116
4573,0,32,53,15,100
4574,0,16,53,15,84
4575,0,33,20,15,68
4576,51,32,16,16,115
4577,20,15,17,15,67
4578,15,32,16,16,79
4581,0,32,17,19,68
4582,16,36,16,17,85
4583,0,36,16,17,69
4584,19,33,85,14,151
4585,0,33,85,14,132
4587,0,35,0,17,52
4588,19,33,17,14,83
4589,17,16,17,14,64
4590,0,16,17,14,47
4591,17,14,50,19,100
4593,0,35,15,19,69
4594,18,34,16,16,84
4595,0,34,16,16,66
4596,0,19,16,16,51
4597,0,32,16,18,66
4599,0,34,15,16,65
4601,0,31,18,15,64
4603,0,33,19,18,70
4605,0,37,49,17,103
4606,0,18,49,17,84
4607,15,15,19,17,66
4608,0,15,19,17,51
4609,19,17,15,19,70
4610,17,34,15,16,82
4611,0,34,15,16,65
4612,19,31,16,20,86
4613,0,31,16,20,67
4614,0,16,16,20,52
4615,0,36,15,15,66
4616,0,20,15,15,50
4621,18,15,86,15,134
4623,0,32,19,15,66
4624,0,16,19,15,50
4625,0,34,20,15,69
4628,15,32,19,15,81
4629,16,16,19,15,66
4630,0,16,19,15,50
4631,0,34,19,15,68
4632,0,15,19,15,49
4633,34,32,19,17,102
4634,15,32,19,17,83
4635,0,32,19,17,68
4636,0,16,19,17,52
4638,0,17,15,18,50
4641,0,34,31,16,81
4642,19,31,0,16,66
4644,15,35,0,16,66
4645,0,35,0,16,51
4646,0,19,0,16,35
4647,0,32,0,16,48
4648,16,35,0,15,66
4649,0,35,0,15,50
4650,0,19,0,15,34
4652,0,16,0,19,35
4653,19,15,18,15,67
4654,0,15,18,15,48
4656,15,35,15,16,81
4657,50,16,19,15,100
4658,0,20,15,16,51
4659,15,16,19,15,65
4660,0,16,19,15,50
4662,0,15,17,16,48
4663,0,33,19,15,67
4664,0,16,19,15,50
4666,0,15,0,19,34
4667,0,34,0,15,49
4668,0,15,0,15,30
4669,0,33,15,18,66
4670,0,18,15,18,51
4671,33,35,15,16,99
4673,0,35,15,16,66
4674,19,31,19,15,84
4675,0,31,19,15,65
4676,16,34,49,18,117
4677,19,15,49,18,101
4678,0,15,49,18,82
4679,0,34,15,18,67
4680,0,18,15,18,51
4682,18,32,20,15,85
4683,17,15,20,15,67
4684,0,15,20,15,50
4686,0,15,15,19,49
4687,0,34,15,16,65
4688,19,31,18,17,85
4689,0,31,18,17,66
4690,0,16,18,17,51
4691,0,35,16,16,67
4692,17,32,19,15,83
4694,0,16,19,15,50
4695,0,34,51,15,100
4696,0,15,51,15,81
4697,0,32,19,15,66
4698,0,15,19,15,49
4701,0,34,15,20,69
4702,0,18,15,20,53
4703,0,35,15,16,66
4704,0,20,15,16,51
4705,0,31,19,16,66
4708,0,16,17,16,49
4710,0,16,16,15,47
4711,0,31,19,19,69
4714,19,30,18,16,83
4716,0,15,18,16,49
4718,0,16,18,16,50
4719,0,34,49,16,99
4721,0,33,16,16,65
4723,16,16,19,16,67
4724,16,35,15,19,85
4725,0,35,15,19,69
4726,0,16,15,19,50
4727,34,31,16,19,100
4728,19,31,16,19,85
4729,0,31,16,19,66
4731,0,35,15,16,66
4732,0,19,15,16,50
4733,0,31,17,21,69
4735,0,38,15,15,68
4737,0,30,19,15,64
4741,0,34,52,15,101
4742,0,18,52,15,85
4743,17,18,17,15,67
4745,17,15,115,17,164
4750,17,34,15,17,83
4753,15,17,15,19,66
4754,0,17,15,19,51
4759,0,34,18,16,68
4760,15,34,16,19,84
4761,0,34,16,19,69
4762,0,16,16,19,51
4763,0,35,49,16,100
4766,0,16,49,20,85
4768,16,35,16,16,83
4770,0,20,16,16,52
4771,0,32,50,16,98
4772,0,16,50,16,82
4773,0,31,19,16,66
4774,15,35,19,17,86
4775,0,35,19,17,71
4776,16,36,46,21,119
4777,0,36,46,21,103
4778,0,17,46,21,84
4779,0,32,14,21,67
4780,0,15,14,21,50
4783,0,32,16,16,64
4784,0,20,16,16,52
4785,0,32,16,18,66
4787,0,34,15,18,67
4788,18,33,16,18,85
4789,0,33,16,18,67
4791,34,31,56,17,138
4792,18,31,56,17,122
4793,0,31,56,17,104
4794,0,15,56,17,88
4795,0,37,19,17,73
4796,17,36,13,15,81
4797,0,36,13,15,64
4799,0,28,16,19,63
4804,0,16,19,15,50
4805,0,34,85,16,135
4806,15,33,16,19,83
4808,17,35,17,16,85
4810,19,33,17,15,84
4811,0,33,17,15,65
4814,15,34,16,18,83
4815,0,34,16,18,68
4816,15,34,16,15,80
4818,0,18,16,15,49
4820,15,36,16,19,86
4821,0,36,16,19,71
4823,0,35,16,15,66
4825,0,31,16,19,66
4826,15,35,16,15,81
4827,0,35,16,15,66
4828,19,31,15,19,84
4829,0,31,15,19,65
4831,0,34,18,15,67
4833,0,33,52,16,101
4834,15,33,19,16,83
4835,0,33,19,16,68
4836,18,35,16,15,84
4837,0,35,16,15,66
4838,16,31,0,20,67
4840,0,15,0,20,35
4841,0,36,16,15,67
4842,0,16,16,15,47
4845,0,35,16,18,69
4847,34,31,18,14,97
4849,0,31,18,14,63
4850,0,15,18,14,47
4853,0,36,16,15,67
4855,0,31,17,20,68
4856,0,15,17,20,52
4857,0,37,17,13,67
4859,0,30,18,16,64
4861,0,34,18,16,68
4862,16,34,17,16,83
4864,0,16,17,16,49
4867,0,33,17,16,66
4868,0,16,17,16,49
4870,0,16,16,20,52
4871,0,36,16,16,68
4872,0,20,16,16,52
4873,0,32,17,16,65
4874,16,33,52,15,116
4877,52,15,18,17,102
4881,0,35,15,16,66
4882,0,17,15,16,48
4883,0,31,17,16,64
4884,0,16,17,16,49
4885,17,16,16,17,66
4887,49,21,16,15,101
4888,0,17,16,21,54
4889,0,37,16,15,68
4890,0,21,16,15,52
4892,0,15,15,20,50
4893,0,35,15,16,66
4894,0,20,15,16,51
4895,31,33,20,16,100
4896,16,33,20,16,85
4898,0,15,20,16,51
4899,0,36,15,15,66
4900,0,16,15,15,46
4902,15,34,20,15,84
4903,0,34,20,15,69
4904,16,35,16,17,84
4906,15,33,13,18,79
4907,0,33,13,18,64
4909,0,31,53,15,99
4911,0,34,19,15,68
4912,0,14,19,15,48
4913,34,32,19,18,103
4914,15,32,19,18,84
4915,0,32,19,18,69
4917,19,18,0,16,53
4918,18,31,19,15,83
4919,0,31,19,15,65
4920,0,15,19,15,49
4921,19,15,15,20,69
4922,15,35,0,16,66
4923,0,35,0,16,51
4924,20,32,15,19,86
4925,0,32,15,19,66
4927,0,34,15,16,65
4930,16,33,19,18,86
4931,0,33,19,18,70
4932,14,37,13,19,83
4933,0,37,13,19,69
4934,18,32,16,15,81
4935,0,32,16,15,63
4937,0,31,19,15,65
4939,19,15,17,16,67
4940,15,33,0,17,65
4942,16,33,19,15,83
4943,0,33,19,15,67
4945,19,15,49,19,102
4946,15,34,15,19,83
4949,0,34,16,17,67
4951,33,33,19,15,100
4952,17,33,19,15,84
4954,17,34,0,16,67
4955,0,34,0,16,50
4956,0,15,0,16,31
4957,0,32,19,15,66
4958,0,16,19,15,50
4960,15,36,0,16,67
4962,17,31,0,17,65
4964,0,15,0,17,32
4965,0,33,16,19,68
4966,0,16,16,19,51
4967,35,31,19,15,100
4968,19,31,19,15,84
4969,0,31,19,15,65
4970,0,16,19,15,50
4972,0,15,16,16,47
4973,0,32,53,16,101
4974,16,35,18,16,85
4976,0,16,18,16,50
4977,18,16,16,15,65
4978,16,31,19,16,82
4980,15,35,0,15,65
4981,19,16,0,15,50
4982,16,35,15,16,82
4985,15,16,18,15,64
4987,0,33,0,16,49
4988,15,36,15,18,84
4989,0,36,15,18,69
4992,18,31,16,20,85
4996,0,20,16,15,51
4997,0,31,51,16,98
4998,15,34,49,20,118
4999,34,33,36,14,117
5000,18,33,36,14,101
5001,0,33,36,14,83
5002,0,16,36,14,66
5004,0,20,14,17,51
5006,32,19,15,18,84
5007,0,34,15,18,67
5010,0,18,16,18,52
5011,16,18,15,19,68
5013,0,34,15,15,64
5014,19,30,51,16,116
5018,0,14,17,16,47
5019,17,16,16,19,68
5020,16,35,16,16,83
5021,0,35,16,16,67
5022,0,19,16,16,51
5024,0,16,16,19,51
5025,0,35,16,15,66
5026,0,19,16,15,50
5027,0,31,19,15,65
5029,19,15,19,16,69
5032,0,16,16,18,50
5034,0,18,16,16,50
5035,16,16,15,19,66
5036,16,34,18,15,83
5038,0,19,18,15,52
5039,0,33,15,18,66
5040,0,15,15,18,48
5041,0,33,16,16,65
5042,18,32,52,16,118
5043,16,16,52,16,100
5044,0,16,52,16,84
5045,0,34,18,16,68
5048,16,32,19,15,82
5049,0,32,19,15,66
5050,0,16,19,15,50
5053,0,34,18,14,66
5054,0,18,18,14,50
5055,0,32,19,15,66
5056,14,34,16,18,82
5060,18,32,51,19,120
5061,0,32,51,19,102
5062,0,15,51,19,85
5064,0,19,15,19,53
5065,15,19,0,15,49
5066,19,29,19,15,82
5067,15,14,19,15,63
5068,0,14,19,15,48
5070,0,15,19,16,50
5073,0,31,53,15,99
5076,19,31,19,16,85
5077,0,31,19,16,66
5078,0,15,19,16,50
5079,0,35,14,19,68
5082,19,32,17,19,87
5083,0,32,17,19,68
5084,16,36,15,15,82
5085,0,36,15,15,66
5086,0,19,15,15,49
5087,0,30,19,16,65
5088,15,35,15,19,84
5095,0,33,16,15,64
5096,0,16,16,15,47
5098,0,15,17,17,49
5099,0,34,19,15,68
5102,15,35,50,15,115
5103,35,31,19,15,100
5104,19,31,19,15,84
5105,0,31,19,15,65
5108,15,34,0,16,65
5109,0,34,0,16,50
5110,14,34,15,19,82
5112,0,18,15,19,52
5114,19,31,17,17,84
5115,31,34,19,15,99
5116,15,34,19,15,83
5119,0,34,16,18,68
5120,15,34,16,15,80
5121,0,34,16,15,65
5122,0,18,16,15,49
5123,0,31,19,16,66
5124,15,35,33,16,99
5125,0,35,33,16,84
5126,16,33,52,15,116
5127,0,33,52,15,100
5128,18,32,20,15,85
5129,16,16,20,15,67
5131,0,35,15,19,69
5132,0,15,15,19,49
5137,0,34,16,18,68
5138,0,16,16,18,50
5139,16,18,16,17,67
5140,18,33,48,18,117
5141,0,33,48,18,99
5144,0,20,13,18,51
5145,13,18,19,13,63
5146,18,32,18,18,86
5148,13,36,16,15,80
5149,0,36,16,15,67
5150,0,18,16,15,49
5151,0,31,19,15,65
5152,15,34,0,16,65
5153,19,15,0,16,50
5154,0,15,0,16,31
5157,15,15,0,20,50
5158,51,32,19,15,117
5159,0,36,16,16,68
5160,0,16,16,16,48
5161,16,16,19,15,66
5162,16,34,19,16,85
5163,0,34,19,16,69
5164,0,15,19,16,50
5165,0,35,50,15,100
5167,14,18,18,15,65
5168,0,18,18,15,51
5169,18,15,18,14,65
5172,14,33,20,16,83
5176,16,33,0,16,65
5177,0,33,0,16,49
5178,0,16,0,16,32
5179,0,32,16,20,68
5181,0,36,16,16,68
5182,20,32,16,17,85
5183,0,32,16,17,65
5184,16,33,16,15,80
5185,0,33,16,15,64
5187,0,31,0,20,51
5188,15,34,19,15,83
5190,0,14,19,15,48
5191,0,34,18,15,67
5192,15,33,20,15,83
5193,0,33,20,15,68
5196,15,31,19,15,80
5197,0,31,19,15,65
5198,14,34,19,15,82
5199,0,34,19,15,68
5201,0,34,15,19,68
5202,15,34,17,15,81
5203,0,34,17,15,66
5205,0,32,19,15,66
5206,15,34,16,19,84
5207,0,34,16,19,69
5208,15,35,15,16,81
5209,0,35,15,16,66
5210,19,31,83,19,152
5211,0,31,83,19,133
5212,16,34,16,18,84
5215,0,34,68,16,118
5218,19,34,0,16,69
5219,0,34,0,16,50
5220,19,32,15,19,85
5221,0,32,15,19,66
5222,0,16,15,19,50
5223,34,31,17,17,99
5224,19,31,17,17,84
5225,0,31,17,17,65
5227,0,34,51,15,100
5230,19,31,19,16,85
5232,15,35,15,19,84
5233,0,35,15,19,69
5237,0,34,17,15,66
5239,17,15,15,18,65
5240,15,33,16,18,82
5241,0,33,16,18,67
5242,0,18,16,18,52
5244,0,18,19,15,52
5245,0,34,13,20,67
5246,15,33,16,18,82
5247,13,20,16,18,67
5248,0,20,16,18,54
5249,34,31,85,15,165
5251,0,31,85,15,131
5252,0,15,85,15,115
5253,0,34,15,19,68
5254,0,15,15,19,49
5256,19,32,16,19,86
5257,0,32,16,19,67
5258,15,35,50,17,117
5259,35,34,16,17,102
5260,19,34,16,17,86
5261,34,33,14,19,100
5262,18,33,14,19,84
5263,0,33,14,19,66
5266,0,19,15,16,50
5267,0,31,17,17,65
5268,16,34,19,16,85
5269,0,34,19,16,69
5271,0,35,15,18,68
5272,0,16,15,18,49
5273,0,33,15,16,64
5274,33,16,19,15,83
5275,0,31,19,15,65
5279,0,34,17,15,66
5280,0,18,17,15,50
5281,17,15,20,15,67
5285,0,34,17,15,66
5286,0,18,17,15,50
5287,0,32,49,19,100
5288,15,34,15,19,83
5289,0,34,15,19,68
5291,0,34,50,16,100
5292,0,19,50,16,85
5293,32,34,16,18,100
5295,0,34,16,18,68
5297,0,34,16,16,66
5298,0,18,16,16,50
5299,0,32,19,14,65
5302,14,32,0,20,66
5303,0,32,0,20,52
5304,13,36,15,18,82
5305,0,36,15,18,69
5306,0,16,15,18,49
5307,15,18,0,18,51
5308,18,34,82,18,152
5314,19,32,0,17,68
5315,14,18,0,17,49
5316,18,34,16,16,84
5317,0,34,16,16,66
5318,0,17,16,16,49
5319,0,32,18,15,65
5321,33,36,16,14,99
5322,15,36,16,14,81
5323,0,36,16,14,66
5324,20,30,20,15,85
5325,0,30,20,15,65
5327,0,35,16,16,67
5329,0,32,17,16,65
5331,0,33,0,18,51
5332,16,33,33,19,101
5333,33,33,0,19,85
5334,15,33,0,19,67
5338,0,16,17,15,48
5339,17,15,19,16,67
5340,15,35,0,16,66
5342,0,16,0,16,32
5343,0,32,18,15,65
5345,18,15,19,16,68
5346,15,35,15,19,84
5347,0,35,15,19,69
5349,0,34,15,20,69
5350,0,19,15,20,54
5351,0,35,15,16,66
5353,0,31,15,18,64
5354,0,16,15,18,49
5355,33,35,15,16,99
5356,18,35,15,16,84
5357,0,35,15,16,66
5358,0,19,15,16,50
5359,15,16,17,19,67
5360,16,36,0,15,67
5361,0,36,0,15,51
5362,0,19,0,15,34
5363,0,31,18,16,65
5365,18,16,16,19,69
5367,0,35,15,15,65
5368,0,19,15,15,49
5369,0,30,19,15,64
5370,0,15,19,15,49
5371,0,34,19,14,67
5373,0,33,19,16,68
5374,14,35,16,15,80
5375,0,35,16,15,66
5376,0,16,16,15,47
5378,15,35,16,18,84
5380,0,15,16,18,49
5381,0,34,17,17,68
5383,0,34,17,15,66
5384,17,32,49,19,117
5385,0,32,49,19,100
5387,0,34,15,19,68
5388,18,34,16,15,83
5390,19,31,20,16,86
5391,0,31,20,16,67
5394,0,16,16,15,47
5395,0,31,16,17,64
5397,33,33,20,15,101
5399,0,33,20,15,68
5401,0,35,16,16,67
5403,0,32,17,18,67
5406,18,35,30,19,102
5407,0,35,30,19,84
5408,0,19,30,19,68
5409,15,15,0,19,49
5412,0,15,18,15,48
5413,18,15,18,15,66
5414,15,33,17,19,84
5415,0,33,17,19,69
5416,15,36,50,18,119
5417,0,36,50,18,104
5418,0,19,50,18,87
5421,19,18,97,18,152
5422,18,32,15,15,80
5423,0,32,15,15,62
5424,19,30,20,15,84
5427,20,15,0,18,53
5428,0,15,0,18,33
5429,0,34,15,18,67
5432,18,34,0,15,67
5433,15,19,0,15,49
5434,0,19,0,15,34
5435,0,31,0,19,50
5437,19,16,15,18,68
5438,0,16,15,18,49
5439,15,18,49,19,101
5440,18,33,16,19,86
5441,0,33,16,19,68
5443,16,19,17,15,67
5444,19,32,15,19,85
5446,0,15,15,19,49
5447,0,34,16,16,66
5448,0,19,16,16,51
5449,0,32,16,18,66
5450,0,16,16,18,50
5451,0,34,15,19,68
5452,18,34,49,19,120
5453,15,19,49,19,102
5454,0,19,49,19,87
5455,0,32,17,19,68
5456,0,17,17,19,53
5457,17,19,16,16,68
5458,19,32,15,20,86
5459,0,32,15,20,67
5460,0,16,15,20,51
5461,0,35,16,16,67
5462,0,20,16,16,52
5463,0,32,15,16,63
5464,0,16,15,16,47
5465,0,31,17,19,67
5466,0,16,17,19,52
5468,19,32,16,16,83
5469,0,32,16,16,64
5470,0,16,16,16,48
5471,0,32,20,15,67
5472,16,35,17,19,87
5475,0,36,14,19,69
5476,0,19,14,19,52
5477,0,33,13,17,63
5478,19,30,0,17,66
5479,0,30,0,17,47
5480,34,17,19,16,86
5482,0,17,19,16,52
5483,0,35,16,16,67
5484,16,32,0,16,64
5485,0,32,0,16,48
5487,0,34,31,20,85
5489,16,15,0,20,51
5490,15,35,15,19,84
5491,20,15,15,19,69
5492,0,15,15,19,49
5493,0,34,0,17,51
5494,19,33,49,19,120
5495,0,33,49,19,101
5497,0,34,15,19,68
5498,0,19,15,19,53
5500,19,32,17,15,83
5502,0,19,17,15,51
5503,17,15,16,20,68
5504,15,36,15,15,81
5505,0,36,15,15,66
5506,20,30,19,16,85
5507,0,30,19,16,65
5508,0,15,19,16,50
5511,0,31,0,20,51
5512,0,15,0,20,35
5513,0,35,49,19,103
5514,0,15,49,19,83
5518,19,31,20,14,84
5519,0,31,20,14,65
5520,0,15,20,14,49
5522,14,35,16,18,83
5523,0,35,16,18,69
5524,19,34,16,15,84
5526,18,31,0,18,67
5531,18,15,0,19,52
5533,0,35,15,19,69
5534,31,19,47,19,116
5535,15,19,47,19,100
5536,19,32,15,19,85
5537,16,16,15,19,66
5538,0,16,15,19,50
5539,15,19,49,14,97
5540,19,35,14,14,82
5541,0,35,14,14,63
5543,14,14,0,19,47
5544,14,35,16,20,85
5547,16,20,0,16,52
5548,20,31,15,19,85
5551,15,19,0,15,49
5553,0,34,16,15,65
5555,16,15,16,20,67
5556,15,36,0,15,66
5557,16,20,0,15,51
5558,0,20,0,15,35
5559,0,31,19,15,65
5560,0,16,19,15,50
5561,19,15,0,16,50
5562,15,34,16,16,81
5563,66,36,50,15,167
5564,0,18,16,16,50
5567,0,36,50,15,101
5568,17,31,19,15,82
5570,0,15,19,15,49
5572,15,33,16,17,81
5573,0,33,16,17,66
5575,0,33,17,19,69
5576,0,17,17,19,53
5579,0,30,17,16,63
5580,14,33,19,16,82
5581,0,33,19,16,68
5582,0,16,19,16,51
5583,0,35,17,17,69
5584,0,16,17,17,50
5592,0,20,16,15,51
5594,15,34,16,19,84
5595,0,34,16,19,69
5596,0,17,16,19,52
5598,0,19,16,15,50
5599,0,31,16,19,66
5600,15,35,17,15,82
5601,35,32,18,13,98
5602,19,32,18,13,82
5603,0,32,18,13,63
5604,15,31,21,15,82
5605,18,13,21,15,67
5609,0,32,19,16,67
5610,0,17,19,16,52
5611,0,35,17,16,68
5613,0,33,16,19,68
5614,16,35,50,32,133
5615,0,35,50,32,117
5616,0,19,50,32,101
5617,33,49,18,16,116
5618,0,16,83,15,114
5619,0,49,18,16,83
5620,32,18,16,15,81
5621,0,18,16,15,49
5622,11,31,23,12,77
5623,0,31,23,12,66
5625,0,35,11,22,68
5626,0,12,11,22,45
5627,0,33,0,17,50
5628,22,34,16,16,88
5629,0,34,16,16,66
5630,0,17,16,16,49
5631,16,16,0,17,49
5632,16,34,16,16,82
5633,17,17,16,16,66
5634,0,17,16,16,49
5635,16,16,0,17,49
5637,17,17,15,20,69
5638,52,30,0,17,99
5639,0,35,14,16,65
5640,20,30,0,17,67
5641,0,30,0,17,47
5642,0,16,0,17,33
5643,0,34,17,17,68
5644,0,17,17,17,51
5645,0,34,16,18,68
5646,0,17,16,18,51
5647,0,34,17,16,67
5648,0,18,17,16,51
5650,0,16,17,16,49
5651,0,33,16,19,68
5652,0,16,16,19,51
5653,0,35,15,19,69
5654,19,34,14,17,84
5655,15,19,14,17,65
5656,0,19,14,17,50
5659,0,35,16,15,66
5661,0,31,17,17,65
5663,0,34,17,16,67
5664,0,17,17,16,50
5666,0,16,51,21,88
5667,0,32,19,21,72
5668,0,16,19,21,56
5669,19,21,45,16,101
5671,0,28,17,16,61
5673,0,33,0,18,51
5674,16,34,17,19,86
5675,0,34,17,19,70
5677,0,36,46,18,100
5678,19,33,13,18,83
5679,0,33,13,18,64
5680,0,21,13,18,52
5682,18,32,0,20,70
5684,0,14,0,20,34
5686,0,16,17,16,49
5687,0,33,0,16,49
5689,16,17,16,16,65
5690,0,17,16,16,49
5691,16,16,0,19,51
5692,16,32,37,16,101
5693,0,32,37,16,85
5695,21,16,0,16,53
5697,0,33,49,17,99
5698,0,17,49,17,83
5700,50,33,51,17,151
5701,16,17,17,16,66
5702,17,33,51,17,118
5703,0,33,51,17,101
5706,0,16,17,17,50
5707,34,34,0,16,84
5708,17,34,0,16,67
5710,0,20,0,16,36
5711,0,29,18,18,65
5712,0,13,18,18,49
5715,0,34,16,18,68
5716,0,19,16,18,53
5717,0,34,16,15,65
5718,18,31,19,14,82
5721,0,33,17,17,67
5723,0,34,15,21,70
5724,0,17,15,21,53
5726,0,21,47,17,85
5727,0,30,17,17,64
5728,0,17,17,17,51
5730,17,37,14,14,82
5731,0,37,14,14,65
5733,0,28,19,15,62
5734,14,34,19,16,83
5736,15,35,0,18,68
5737,0,35,0,18,53
5739,0,30,19,18,67
5741,19,18,0,17,54
5742,18,32,17,19,86
5743,0,32,17,19,68
5744,0,15,17,19,51
5745,0,36,15,15,66
5747,0,30,18,16,64
5748,0,15,18,16,49
5749,0,34,16,19,69
5750,16,35,15,17,83
5751,35,32,16,19,102
5752,0,19,15,17,51
5753,0,32,16,19,67
5754,52,34,15,16,117
5755,0,35,15,19,69
5758,0,19,15,16,50
5759,0,31,50,18,99
5760,0,16,50,18,84
5761,0,34,16,18,68
5762,0,15,16,18,49
5763,16,18,16,15,65
5765,0,31,16,21,68
5766,15,37,16,16,84
5767,0,37,16,16,69
5769,16,16,49,24,105
5770,0,16,49,24,89
5771,0,33,40,5,78
5772,0,17,40,5,62
5773,16,24,0,5,45
5774,24,25,17,16,82
5775,0,25,17,16,58
5776,20,33,18,15,86
5777,0,33,18,15,66
5778,16,33,0,19,68
5779,18,15,0,19,52
5781,0,36,49,17,102
5782,0,17,49,17,83
5783,0,35,14,17,66
5784,18,31,15,18,82
5785,14,17,15,18,64
5786,17,33,17,17,84
5788,0,18,17,17,52
5789,0,34,22,11,67
5790,17,33,15,20,85
5791,0,33,15,20,68
5793,0,35,17,15,67
5794,20,32,16,16,84
5795,0,32,16,16,64
5796,15,32,16,18,81
5797,16,16,16,18,66
5798,0,16,16,18,50
5799,0,34,15,19,68
5803,0,33,49,18,100
5804,0,17,49,18,84
5805,16,19,14,18,67
5806,0,19,14,18,51
5807,14,18,16,16,64
5809,0,32,19,15,66
5813,0,32,18,16,66
5814,0,16,18,16,50
5815,0,34,16,16,66
5816,0,16,16,16,48
5817,0,32,19,18,69
5819,37,33,15,18,103
5820,18,33,15,18,84
5821,0,33,15,18,66
5825,0,31,19,15,65
5826,0,15,19,15,49
5827,19,15,0,16,50
5828,15,33,16,19,83
5832,19,33,0,18,70
5833,0,33,0,18,51
5834,16,35,13,21,85
5835,18,17,13,21,69
5836,0,17,13,21,51
5838,21,29,18,15,83
5840,0,13,18,15,46
5841,18,15,0,21,54
5842,15,36,0,20,71
5844,35,14,16,17,82
5847,16,17,16,16,65
5848,17,32,16,16,81
5849,0,32,16,16,64
5850,0,16,16,16,48
5852,0,16,20,17,53
5853,0,37,17,15,69
5854,34,15,17,16,82
5855,0,32,17,16,65
5856,0,15,17,16,48
5857,0,33,16,16,65
5859,0,32,19,15,66
5860,50,36,15,15,116
5862,15,36,15,15,81
5863,0,36,15,15,66
5864,0,19,15,15,49
5865,15,15,16,19,65
5866,15,35,51,15,116
5867,0,35,51,15,101
5868,0,19,51,15,85
5869,0,33,18,15,66
5870,0,17,18,15,50
5871,33,32,20,15,100
5872,15,32,20,15,82
5873,0,32,20,15,67
5874,0,16,20,15,51
5875,0,35,16,19,70
5876,0,15,16,19,50
5877,0,35,15,15,65
5880,15,34,17,17,83
5881,0,34,17,17,68
5882,15,34,16,19,84
5884,0,17,16,19,52
5885,0,35,14,17,66
5887,0,31,18,16,65
5888,0,17,18,16,51
5890,16,32,0,20,68
5892,0,13,0,20,33
5895,17,13,19,16,65
5896,0,13,19,16,48
5897,19,16,0,16,51
5898,16,36,47,17,116
5899,0,36,47,17,100
5900,0,20,47,17,84
5901,30,34,0,16,80
5902,12,34,0,16,62
5903,34,33,15,20,102
5904,17,33,15,20,85
5906,17,35,0,16,68
5908,20,32,17,15,84
5909,0,32,17,15,64
5910,33,15,0,17,65
5911,17,15,0,17,49
5915,33,33,16,16,98
5916,17,33,16,16,82
5917,0,33,16,16,65
5918,16,32,16,19,83
5919,0,32,16,19,67
5920,0,16,16,19,51
5921,0,35,17,13,65
5922,19,30,54,16,119
5923,0,30,54,16,100
5924,0,13,54,16,83
5925,0,34,52,18,104
5927,20,16,16,18,70
5928,16,34,16,16,82
5930,0,18,16,16,50
5931,0,32,17,16,65
5932,16,33,17,15,81
5934,0,16,17,15,48
5935,0,32,17,16,65
5937,0,33,19,17,69
5939,0,36,51,15,102
5941,0,31,20,15,66
5942,0,15,20,15,50
5943,20,15,17,15,67
5944,15,32,16,16,79
5945,0,32,16,16,64
5946,0,15,16,16,47
5947,0,32,0,20,52
5948,0,16,0,20,36
5949,0,35,16,18,69
5950,0,15,16,18,49
5951,16,18,15,17,66
5953,0,32,16,20,68
5954,17,36,13,21,87
5955,0,36,13,21,70
5956,0,20,13,21,54
5958,0,21,14,19,54
5960,19,31,16,19,85
5962,15,35,50,14,114
5963,0,35,50,14,99
5965,50,14,19,15,98
5966,0,15,19,14,48
5967,19,14,19,15,67
5970,15,33,0,17,65
5971,0,33,0,17,50
5972,0,15,0,17,32
5973,0,33,0,16,49
5974,0,16,0,16,32
5975,16,20,14,18,68
5977,14,18,32,20,84
5978,18,32,0,20,70
5979,0,32,0,20,52
5980,0,10,0,20,30
5981,20,14,18,19,71
5982,0,14,18,19,51
5983,18,19,32,15,84
5984,0,19,32,15,66
5988,0,16,19,15,50
5990,15,34,0,16,65
5991,0,34,0,16,50
5992,17,32,16,19,84
5995,16,19,17,17,69
5998,0,17,16,16,49
