序号,发送->接收,接收->转发,转发->接收,接收->处理,总计
2,0,14,0,15,29
3,0,30,15,18,63
4,0,15,15,18,48
5,15,35,0,18,68
7,0,17,0,18,35
8,0,18,16,32,66
9,0,48,16,17,81
11,18,33,16,17,84
12,0,33,16,17,66
13,0,17,16,17,50
14,0,33,17,16,66
16,0,33,19,17,69
17,16,19,17,16,68
20,0,16,0,17,33
21,0,33,16,18,67
22,0,16,16,18,50
23,16,18,17,16,67
24,18,33,18,15,84
25,0,33,18,15,66
26,0,16,18,15,49
27,0,33,17,17,67
30,0,17,17,30,64
31,0,47,0,17,64
33,16,37,16,17,86
35,0,20,16,17,53
36,16,33,0,32,81
39,0,48,51,24,123
40,16,16,51,24,107
41,0,16,51,24,91
42,17,17,17,24,75
43,17,41,0,10,68
44,0,41,0,10,51
45,24,10,0,17,51
46,0,10,0,17,27
47,17,19,0,17,53
48,0,19,0,17,36
49,0,34,16,15,65
50,0,17,16,15,48
52,15,40,13,13,81
53,0,40,13,13,66
55,0,26,0,17,43
56,13,33,0,19,65
57,0,33,0,19,52
58,0,16,0,19,35
59,0,35,0,16,51
61,16,18,0,16,50
64,0,18,0,16,34
66,0,16,0,16,32
67,0,33,0,18,51
68,0,17,0,18,35
70,0,17,0,16,33
71,0,32,0,17,49
73,0,33,18,16,67
74,16,34,0,16,66
75,18,16,0,16,50
76,16,32,35,16,99
77,0,32,35,16,83
78,0,16,35,16,67
80,0,16,0,16,32
81,0,32,17,16,65
83,17,16,0,16,49
86,0,17,0,17,34
87,0,36,17,16,69
89,0,33,15,19,67
90,16,34,15,18,83
91,0,34,15,18,67
92,19,33,0,17,69
94,18,33,33,15,99
95,0,33,33,15,81
97,15,18,0,15,48
100,0,20,16,16,52
101,0,32,32,16,80
102,0,16,32,16,64
103,0,32,52,15,99
106,0,16,20,15,51
107,20,15,0,16,51
108,15,34,0,15,64
109,0,34,0,15,49
110,0,18,0,15,33
111,0,34,16,15,65
112,35,15,0,20,70
115,0,35,0,15,50
117,0,34,0,15,49
118,0,19,0,15,34
119,0,34,66,15,115
120,19,30,0,20,69
121,0,30,0,20,50
123,0,36,15,18,69
127,0,33,0,16,49
128,0,17,0,16,33
129,0,32,19,16,67
130,0,16,19,16,51
131,0,35,0,16,51
132,0,16,0,16,32
133,0,34,0,15,49
135,0,31,16,18,65
136,0,16,16,18,50
137,0,34,15,19,68
138,0,18,15,19,52
140,0,19,0,16,35
141,0,34,0,16,50
142,0,18,0,16,34
143,0,31,0,19,50
144,0,15,0,19,34
146,0,15,35,15,65
151,0,34,0,19,53
152,0,15,0,19,34
153,0,34,16,16,66
154,0,15,16,16,47
156,0,16,19,16,51
157,0,35,15,16,66
158,16,31,34,17,98
159,0,31,34,17,82
161,0,34,0,17,51
162,15,33,0,20,68
163,17,16,0,20,53
164,0,16,0,20,36
165,0,35,0,17,52
166,15,32,19,17,83
167,0,32,19,17,68
169,19,17,0,17,53
170,17,33,16,15,81
171,0,33,16,15,64
172,16,31,0,16,63
173,16,15,0,16,47
175,0,35,16,17,68
176,19,33,51,16,119
177,0,33,51,16,100
181,19,16,0,16,51
182,16,31,19,15,81
183,0,31,19,15,65
185,19,15,0,20,54
186,15,35,0,15,65
189,15,19,0,16,50
190,0,19,0,16,35
191,0,32,0,16,48
192,0,16,0,16,32
193,0,35,82,18,135
194,0,19,82,18,119
196,16,35,15,18,84
198,0,20,15,18,53
199,15,18,47,16,96
201,32,31,20,15,98
203,0,31,20,15,66
204,0,16,20,15,51
205,0,35,0,16,51
206,15,34,0,16,65
207,0,34,0,16,50
208,0,18,0,16,34
209,0,32,0,18,50
210,0,16,0,18,34
211,0,34,16,19,69
212,0,16,16,19,51
214,19,31,16,19,85
216,15,35,16,18,84
220,18,34,0,16,68
221,0,34,0,16,50
223,0,32,0,17,49
224,0,16,0,17,33
225,0,34,15,16,65
226,0,17,15,16,48
228,0,16,0,20,36
229,0,35,15,19,69
231,0,34,0,16,50
232,0,19,0,16,35
234,0,15,0,19,34
235,0,35,0,15,50
237,0,34,0,16,50
239,16,16,16,16,64
241,0,32,0,17,49
242,16,33,0,36,85
243,0,33,0,36,69
245,16,20,0,16,52
246,0,20,0,16,36
247,0,32,0,17,49
249,0,35,0,16,51
251,0,32,0,17,49
254,0,16,0,16,32
255,0,35,31,20,86
256,0,19,31,20,70
257,0,31,0,20,51
258,16,36,32,16,100
260,16,32,0,16,64
263,0,33,49,18,100
264,0,17,49,18,84
265,0,34,15,18,67
267,0,33,0,15,48
269,0,34,0,17,51
270,0,19,0,17,36
271,0,32,0,20,52
272,0,15,0,20,35
274,0,16,0,14,30
277,0,31,34,16,81
278,0,15,34,16,65
280,18,35,0,16,69
281,0,35,0,16,51
282,0,19,0,16,35
283,0,32,0,16,48
284,0,16,0,16,32
285,0,32,34,18,84
289,0,34,0,15,49
290,0,16,0,15,31
293,0,30,0,18,48
294,0,16,0,18,34
295,0,35,0,16,51
296,17,33,0,18,68
297,16,17,0,18,51
298,0,17,0,18,35
299,0,35,0,14,49
301,0,31,0,17,48
302,51,35,0,17,103
303,0,34,35,17,86
306,19,33,0,16,68
309,0,31,19,15,65
310,0,15,19,15,49
311,0,34,35,15,84
312,15,35,49,15,114
313,0,35,49,15,99
314,19,30,19,15,83
315,0,30,19,15,64
318,15,35,0,17,67
319,0,35,0,17,52
320,18,32,19,14,83
321,0,32,19,14,65
322,0,15,19,14,48
324,14,35,15,19,83
325,0,35,15,19,69
326,0,16,15,19,50
327,15,19,0,16,50
328,19,34,0,17,70
329,0,34,0,17,51
331,0,32,15,19,66
333,15,19,0,16,50
334,19,32,0,16,67
335,16,16,0,16,48
337,0,35,15,18,68
339,0,33,0,15,48
343,0,34,0,15,49
344,0,17,0,15,32
345,0,30,0,20,50
346,0,15,0,20,35
347,0,35,0,16,51
348,0,15,0,16,31
350,0,17,0,16,33
351,0,32,19,15,66
354,15,34,18,15,82
355,34,33,16,19,102
358,0,15,16,19,50
360,19,32,0,16,67
362,0,16,0,16,32
365,0,32,34,18,84
366,16,34,0,18,68
367,0,34,0,18,52
369,0,31,0,17,48
372,20,30,0,18,68
373,0,30,0,18,48
374,16,35,0,16,67
375,0,35,0,16,51
376,0,17,0,16,33
377,16,16,19,16,67
378,16,35,0,16,67
381,0,33,0,16,49
382,0,17,0,16,33
385,0,30,34,16,80
386,0,17,34,16,67
390,0,17,17,16,50
393,0,33,17,19,69
394,0,16,17,19,52
397,0,31,0,20,51
398,0,17,0,20,37
401,0,32,17,17,66
402,0,16,17,17,50
403,0,34,16,19,69
404,0,17,16,19,52
405,0,35,0,16,51
406,19,32,0,16,67
407,0,32,0,16,48
409,0,33,17,16,66
410,17,33,0,19,69
412,16,35,15,16,82
413,0,35,15,16,66
415,0,31,0,19,50
416,0,16,0,19,35
417,0,35,0,16,51
418,0,16,0,16,32
419,0,33,0,16,49
420,0,17,0,16,33
421,16,16,16,20,68
422,0,16,16,20,52
424,0,20,0,16,36
425,0,32,0,16,48
427,0,34,16,15,65
429,0,31,0,20,51
430,15,35,0,17,67
431,0,35,0,17,52
433,17,16,15,19,67
434,0,16,15,19,50
435,0,34,17,15,66
437,0,32,0,16,48
438,15,35,0,16,66
439,0,35,0,16,51
442,0,20,0,15,35
444,0,15,0,15,30
445,15,17,0,19,51
446,17,33,0,19,69
447,0,33,0,19,52
448,0,14,0,19,33
450,0,16,15,18,49
451,15,18,0,16,49
453,0,35,0,15,50
456,0,17,18,15,50
457,33,35,15,19,102
460,0,19,15,19,53
461,15,19,0,16,50
462,19,32,0,16,67
463,0,32,0,16,48
464,0,16,0,16,32
467,0,31,0,19,50
468,15,36,0,16,67
469,0,36,0,16,52
470,0,17,0,16,33
471,0,32,0,18,50
472,16,33,15,20,84
473,0,33,15,20,68
474,0,15,15,20,50
475,15,20,0,15,50
476,20,31,0,19,70
477,0,31,0,19,50
478,0,16,0,19,35
479,0,34,0,17,51
480,0,15,0,17,32
482,0,16,0,16,32
483,0,34,0,16,50
484,0,18,0,16,34
485,0,34,16,15,65
486,18,31,101,16,166
488,15,34,36,15,100
490,15,36,0,15,66
492,20,31,35,17,103
493,0,31,35,17,83
494,0,16,35,17,68
495,0,35,17,16,68
497,0,33,0,16,49
499,0,31,0,19,50
500,0,15,0,19,34
502,0,15,0,18,33
503,0,33,19,15,67
504,0,15,19,15,49
506,0,15,0,16,31
508,0,19,34,15,68
509,15,19,0,15,49
511,0,30,0,20,50
514,0,15,0,18,33
515,0,32,19,14,65
516,14,33,0,16,63
517,0,33,0,16,49
518,14,35,33,17,99
519,0,35,33,17,85
523,0,34,0,15,49
524,0,17,0,15,32
525,0,34,0,16,50
526,0,19,0,16,35
527,0,31,0,19,50
528,0,15,0,19,34
529,0,34,0,16,50
531,0,32,0,22,54
532,0,16,0,22,38
533,0,34,0,17,51
534,0,12,0,17,29
536,0,19,0,16,35
538,0,15,0,19,34
539,0,35,15,16,66
541,0,31,18,18,67
542,0,16,18,18,52
544,18,31,18,16,83
545,0,31,18,16,65
546,0,16,18,16,50
548,0,16,49,17,82
552,37,16,0,18,71
553,20,16,0,18,54
554,0,16,0,18,34
555,0,31,18,15,64
556,0,13,18,15,46
558,0,15,35,18,68
559,0,35,0,18,53
560,0,19,0,18,37
563,0,34,16,16,66
565,0,32,0,16,48
566,0,16,0,16,32
567,0,33,16,19,68
568,0,17,16,19,52
569,0,35,0,16,51
570,19,31,18,15,83
571,0,31,18,15,64
574,0,15,17,18,50
575,0,35,16,19,70
576,0,18,16,19,53
577,0,35,16,15,66
578,0,19,16,15,50
579,0,31,0,16,47
581,0,34,0,17,51
582,0,18,0,17,35
583,0,33,16,18,67
584,0,16,16,18,50
587,0,33,18,15,66
588,0,17,18,15,50
589,0,33,16,19,68
590,0,15,16,19,50
591,0,35,0,17,52
594,0,15,15,19,49
595,0,34,15,18,67
596,0,19,15,18,52
597,15,18,0,16,49
598,18,32,19,16,85
599,16,16,19,16,67
600,0,16,19,16,51
601,0,35,15,16,66
603,0,31,20,16,67
604,16,36,17,14,83
605,0,36,17,14,67
606,0,16,17,14,47
607,17,14,19,16,66
608,0,14,19,16,49
609,0,35,15,18,68
610,16,33,16,19,84
612,0,18,16,19,53
613,0,35,16,16,67
614,0,19,16,16,51
615,0,32,15,19,66
616,0,16,15,19,50
619,0,31,0,19,50
620,0,15,0,19,34
622,16,34,0,16,66
624,0,19,0,16,35
626,0,15,0,18,33
627,0,34,0,16,50
628,0,16,0,16,32
630,0,19,0,16,35
631,0,33,16,17,66
632,0,17,16,17,50
633,0,33,17,16,66
636,16,33,0,17,66
638,0,16,0,17,33
639,0,33,0,16,49
640,0,16,0,16,32
641,0,35,17,16,68
642,0,19,17,16,52
643,0,33,0,16,49
645,0,31,0,19,50
646,0,15,0,19,34
647,0,35,15,18,68
649,0,33,16,17,66
650,18,33,0,16,67
653,0,33,18,15,66
655,18,15,0,19,52
656,15,35,18,15,83
658,0,16,18,15,49
660,0,15,0,18,33
661,0,34,15,19,68
662,31,19,16,15,81
666,0,15,20,14,49
667,0,34,52,16,102
668,14,35,17,16,82
669,0,35,17,16,68
672,16,32,17,17,82
674,16,34,17,16,83
676,0,17,17,16,50
677,0,33,17,16,66
678,0,16,17,16,49
679,0,33,17,17,67
680,0,16,17,17,50
684,20,33,16,16,85
686,0,20,16,16,52
687,0,32,16,16,64
688,16,32,16,20,84
690,0,16,16,20,52
691,0,36,0,16,52
692,20,31,0,18,69
693,0,31,0,18,49
694,0,15,0,18,33
695,0,34,18,16,68
698,16,35,16,15,82
699,0,35,16,15,66
700,19,31,17,16,83
701,0,31,17,16,64
702,15,33,16,19,83
703,0,33,16,19,68
705,0,35,32,15,82
707,0,32,35,15,82
708,15,35,0,15,65
709,0,35,0,15,50
710,0,20,0,15,35
714,0,20,0,16,36
717,0,33,18,14,65
718,15,32,0,19,66
719,18,14,0,19,51
720,14,35,19,14,82
721,0,35,19,14,68
722,0,16,19,14,49
723,19,14,0,16,49
724,14,36,18,12,80
725,0,36,18,12,66
726,0,20,18,12,50
728,12,34,0,16,62
729,0,34,0,16,50
730,0,15,0,16,31
731,0,34,18,15,67
732,0,18,18,15,51
734,15,35,0,17,67
735,0,35,0,17,52
737,17,15,0,16,48
738,0,15,0,16,31
739,0,32,68,18,118
741,0,35,15,18,68
742,0,15,15,18,48
743,15,18,0,18,51
744,18,34,0,16,68
745,0,34,0,16,50
746,0,16,0,16,32
747,0,34,0,16,50
748,0,18,0,16,34
749,0,31,0,16,47
751,0,36,15,18,69
753,33,32,32,19,116
754,0,18,32,16,66
755,0,32,32,19,83
757,0,32,34,16,82
758,16,34,0,16,66
759,0,34,0,16,50
760,0,15,0,16,31
761,0,36,15,16,67
762,0,20,15,16,51
764,32,18,0,16,66
766,0,18,0,16,34
768,0,16,19,15,50
769,0,34,34,15,83
770,15,34,0,15,64
771,34,32,20,15,101
772,15,32,20,15,82
774,0,17,20,15,52
776,0,15,0,16,31
777,16,15,0,19,50
778,0,15,0,19,34
779,0,34,0,19,53
780,0,15,0,19,34
783,0,35,0,15,50
784,0,20,0,15,35
785,0,32,0,16,48
786,0,17,0,16,33
787,0,31,35,16,82
788,0,15,35,16,66
789,0,35,0,16,51
790,15,34,16,18,83
791,0,34,16,18,68
793,34,30,19,17,100
794,18,30,19,17,84
795,0,30,19,17,66
796,15,36,0,15,66
797,36,31,18,16,101
798,17,31,18,16,82
800,0,16,18,16,50
801,0,34,0,19,53
803,0,33,0,20,53
804,0,14,0,20,34
805,0,35,0,15,50
806,0,15,0,15,30
808,0,19,0,15,34
809,0,31,0,19,50
810,0,16,0,19,35
812,0,16,0,16,32
814,0,18,0,16,34
816,0,15,0,18,33
817,0,33,19,14,66
818,0,15,19,14,48
819,19,14,0,20,53
820,14,53,0,20,87
822,0,33,0,20,53
823,20,20,61,19,120
825,0,30,0,16,46
826,33,15,0,19,67
827,0,31,0,19,50
828,0,15,0,19,34
830,0,14,20,16,50
831,36,48,0,16,100
832,16,48,0,16,80
833,0,48,0,16,64
836,0,16,0,20,36
837,0,36,15,18,69
839,0,33,0,16,49
840,34,18,16,14,82
843,0,30,20,15,65
844,0,14,20,15,49
845,0,35,0,18,53
847,0,34,67,17,118
848,0,16,67,17,100
850,15,36,17,16,84
851,53,16,31,21,121
852,0,18,17,16,51
854,0,16,31,21,68
855,0,31,0,21,52
858,12,37,0,17,66
859,17,20,0,17,54
860,20,30,0,20,70
861,0,30,0,20,50
862,0,13,0,20,33
863,0,37,0,16,53
864,0,17,0,16,33
866,0,14,0,19,33
867,0,37,0,15,52
868,0,18,0,15,33
870,0,15,0,19,34
871,0,35,18,17,70
872,16,35,0,16,67
873,0,35,0,16,51
875,31,35,0,15,81
876,15,35,0,15,65
877,16,19,0,15,50
879,0,31,0,19,50
881,0,35,17,15,67
883,0,32,17,16,65
885,0,33,0,19,52
887,0,33,19,14,66
888,0,14,19,14,47
889,0,33,0,19,52
891,0,34,33,20,87
893,33,35,18,15,101
894,14,35,18,15,82
897,0,33,0,15,48
898,15,33,52,15,115
902,0,20,16,15,51
903,0,31,51,14,96
904,0,15,51,14,80
905,0,34,17,14,65
906,0,19,17,14,50
908,0,14,21,14,49
913,0,35,0,16,51
914,0,19,0,16,35
915,0,32,15,20,67
916,0,16,15,20,51
917,15,20,0,16,51
921,0,36,0,18,54
922,0,17,0,18,35
923,0,33,16,14,63
925,0,30,20,15,65
926,14,35,15,19,83
927,0,35,15,19,69
928,0,15,15,19,49
929,0,34,50,15,99
930,0,19,50,15,84
931,0,32,18,15,65
932,16,33,16,19,84
935,0,35,0,15,50
936,0,19,0,15,34
939,16,16,16,19,67
940,0,16,16,19,51
942,0,19,0,14,33
944,0,16,0,19,35
945,0,35,0,15,50
946,0,16,0,15,31
948,0,19,0,15,34
949,0,34,34,15,83
950,0,19,34,15,68
951,0,34,0,15,49
954,0,16,16,19,51
955,0,35,15,16,66
956,0,19,15,16,50
957,0,31,16,19,66
958,0,16,16,19,51
960,19,31,19,14,83
962,15,33,21,15,84
963,0,33,21,15,69
964,0,14,21,15,50
965,0,36,0,15,51
966,15,31,20,15,81
967,0,31,20,15,66
968,0,16,20,15,51
969,0,35,0,17,52
970,15,33,16,22,86
971,0,33,16,22,71
973,16,22,0,13,51
974,22,28,19,16,85
978,16,32,20,16,84
980,15,36,16,17,84
983,0,33,16,16,65
984,17,32,0,16,65
986,16,32,16,20,84
989,0,36,17,15,68
990,52,35,15,15,117
991,0,32,15,20,67
992,15,35,15,15,80
993,15,20,15,15,65
994,0,20,15,15,50
995,0,30,35,15,80
996,15,35,15,17,82
999,15,17,16,20,68
1001,0,36,31,19,86
1002,0,20,31,19,70
1003,0,31,0,19,50
1005,19,16,82,18,135
1006,0,16,82,18,116
1007,14,19,0,14,47
1008,0,19,0,14,33
1010,0,20,15,18,53
1012,0,18,16,15,49
1013,0,31,0,19,50
1014,15,35,16,18,84
1015,0,35,16,18,69
1016,0,16,16,18,50
1017,0,34,0,17,51
1018,0,18,0,17,35
1019,0,33,15,19,67
1020,0,16,15,19,50
1022,0,19,0,14,33
1023,0,32,0,16,48
1024,0,18,0,16,34
1025,0,37,30,17,84
1026,0,21,30,17,68
1027,0,30,0,17,47
1028,19,32,0,16,67
1029,0,32,0,16,48
1030,0,15,0,16,31
1031,16,19,14,20,69
1032,0,19,14,20,53
1033,14,20,0,15,49
1034,20,30,19,18,87
1035,0,30,19,18,67
1036,0,15,19,18,52
1037,19,18,16,15,68
1038,18,31,67,15,131
1039,0,31,67,15,113
1040,0,15,67,15,97
1041,0,35,17,15,67
1042,19,32,0,15,66
1043,0,32,0,15,47
1046,0,20,0,14,34
1048,0,20,15,18,53
1049,15,18,0,15,48
1051,0,32,0,15,47
1052,0,17,0,15,32
1053,0,35,14,19,68
1054,0,20,14,19,53
1055,0,33,50,15,98
1056,19,31,34,15,99
1057,0,31,34,15,80
1061,0,35,0,16,51
1062,0,20,0,16,36
1064,0,17,15,18,50
1066,0,18,49,15,82
1068,0,15,18,15,48
1069,0,33,19,15,67
1070,15,34,17,18,84
1071,0,34,17,18,69
1072,15,35,15,16,81
1074,18,31,0,34,83
1075,0,31,0,34,65
1076,0,16,0,34,50
1078,18,33,18,15,84
1079,0,33,18,15,66
1080,0,16,18,15,49
1082,15,34,16,19,84
1083,0,34,16,19,69
1084,0,15,16,19,50
1085,0,35,0,15,50
1086,19,32,19,15,85
1087,0,32,19,15,66
1088,0,17,19,15,51
1090,15,35,33,16,99
1094,18,31,16,19,84
1095,47,19,16,16,98
1096,0,15,16,19,50
1098,19,32,34,15,100
1101,0,34,0,15,49
1102,0,18,0,15,33
1103,0,34,0,17,51
1104,0,19,0,17,36
1105,0,32,19,15,66
1106,0,15,19,15,49
1107,0,34,0,16,50
1108,15,35,0,15,65
1109,0,35,0,15,50
1110,19,32,0,15,66
1113,0,34,0,15,49
1114,0,19,0,15,34
1115,0,31,0,19,50
1116,16,34,0,16,66
1117,0,34,0,16,50
1119,0,32,0,19,51
1120,0,16,0,19,35
1121,0,35,0,16,51
1122,16,33,0,19,68
1123,0,33,0,19,52
1124,0,17,0,19,36
1125,19,15,0,15,49
1126,0,15,0,15,30
1128,17,40,0,12,69
1129,0,40,0,12,52
1130,0,21,0,12,33
1133,0,36,0,16,52
1134,0,19,0,16,35
1135,0,32,0,16,48
1137,0,32,19,15,66
1139,0,34,0,19,53
1140,15,35,0,15,65
1142,0,16,0,15,31
1143,0,31,0,16,47
1144,0,16,0,16,32
1145,0,35,0,16,51
1146,0,19,0,16,35
1147,0,34,16,15,65
1154,16,34,16,15,81
1157,0,31,19,15,65
1158,15,34,16,19,84
1159,0,34,16,19,69
1160,15,35,16,14,80
1161,0,35,16,14,65
1164,0,14,20,15,49
1168,15,36,0,16,67
1171,16,17,15,15,63
1173,0,30,19,15,64
1176,15,35,15,20,85
1177,0,35,15,20,70
1178,0,17,15,20,52
1179,0,35,0,16,51
1180,20,32,15,19,86
1182,31,19,16,15,81
1183,0,34,16,15,65
1185,0,31,19,16,66
1187,0,35,14,19,68
1189,0,33,15,19,67
1191,0,34,16,15,65
1192,19,31,20,15,85
1193,16,15,20,15,66
1195,0,35,0,17,52
1196,0,15,0,17,32
1197,0,32,18,15,65
1198,0,15,18,15,48
1199,18,15,16,20,69
1201,0,36,17,16,69
1202,20,33,17,16,86
1203,0,33,17,16,66
1204,16,33,0,17,66
1205,0,33,0,17,50
1206,16,34,17,17,84
1208,0,17,17,17,51
1209,17,17,13,20,67
1210,17,33,50,15,115
1211,0,33,50,15,98
1213,0,34,16,15,65
1216,15,34,15,16,80
1217,0,34,15,16,65
1218,0,17,15,16,48
1219,0,31,17,20,68
1220,16,37,17,16,86
1221,0,37,17,16,70
1223,0,33,13,20,66
1224,0,16,13,20,49
1225,0,33,64,17,114
1226,0,20,64,17,101
1228,19,31,0,17,67
1229,0,31,0,17,48
1230,0,16,0,17,33
1231,0,36,50,14,100
1232,0,19,50,14,83
1233,0,31,19,14,64
1235,0,33,0,19,52
1236,0,14,0,19,33
1239,0,26,17,19,62
1240,0,15,17,19,51
1242,0,19,18,13,50
1243,0,31,34,19,84
1244,0,13,34,19,66
1245,0,34,0,19,53
1246,16,34,0,16,66
1247,0,34,0,16,50
1249,0,32,0,18,50
1250,0,16,0,18,34
1251,0,34,19,15,68
1252,0,16,19,15,50
1253,34,34,17,15,100
1257,0,32,0,19,51
1258,15,34,36,12,97
1259,19,15,36,12,82
1260,0,15,36,12,63
1263,0,32,0,16,48
1264,0,20,0,16,36
1265,0,32,0,19,51
1266,0,16,0,19,35
1267,0,35,15,16,66
1268,0,16,15,16,47
1269,15,16,0,17,48
1270,16,33,0,16,65
1273,16,17,36,16,85
1274,0,17,36,16,69
1277,0,33,17,16,66
1278,0,17,17,16,50
1281,0,34,0,16,50
1283,0,33,0,15,48
1284,0,17,0,15,32
1285,0,34,16,16,66
1286,0,19,16,16,51
1287,16,16,0,17,49
1288,0,16,0,17,33
1289,0,33,19,15,67
1293,0,31,19,16,66
1297,0,35,16,15,66
1298,16,31,51,16,114
1299,0,31,51,16,98
1300,15,34,17,16,82
1301,34,33,17,18,102
1302,15,33,17,18,83
1303,0,33,17,18,68
1304,16,35,17,15,83
1306,18,32,16,19,85
1307,0,32,16,19,67
1309,0,35,0,15,50
1310,19,32,18,15,84
1311,0,32,18,15,65
1316,0,18,16,18,52
1317,0,34,16,17,67
1318,0,18,16,17,51
1319,0,33,15,19,67
1322,0,19,15,17,51
1323,0,32,31,19,82
1325,0,31,19,15,65
1327,0,34,18,18,70
1328,0,15,18,18,51
1330,18,32,0,16,66
1331,0,32,0,16,48
1332,0,16,0,16,32
1335,15,18,34,15,82
1336,0,18,34,15,67
1337,34,31,0,19,84
1338,18,31,0,19,68
1339,0,31,0,19,50
1340,0,16,0,19,35
1341,0,35,0,15,50
1343,0,31,0,20,51
1344,0,16,0,20,36
1346,0,15,0,18,33
1347,18,13,0,20,51
1348,0,13,0,20,33
1349,0,35,0,16,51
1350,0,15,0,16,31
1352,0,19,15,19,53
1354,0,19,13,18,50
1355,0,31,18,15,64
1356,18,33,0,16,67
1357,0,33,0,16,49
1359,0,34,0,15,49
1360,0,18,0,15,33
1361,0,34,16,15,65
1362,0,19,16,15,50
1364,0,15,0,20,35
1366,0,16,0,15,31
1367,0,31,0,19,50
1368,0,16,0,19,35
1369,0,35,15,18,68
1371,0,33,0,16,49
1373,0,32,0,19,51
1374,16,34,0,18,68
1375,0,34,0,18,52
1376,0,15,0,18,33
1378,0,16,0,15,31
1379,0,35,0,15,50
1380,0,20,0,15,35
1381,0,30,0,18,48
1382,0,15,0,18,33
1384,0,16,0,16,32
1385,0,34,0,16,50
1386,34,18,35,15,102
1388,34,19,0,15,68
1389,0,35,0,15,50
1391,0,30,19,16,65
1392,15,35,16,18,84
1393,0,35,16,18,69
1394,16,34,16,15,81
1395,0,34,16,15,65
1396,18,31,0,17,66
1397,0,31,0,17,48
1398,15,35,13,20,83
1399,0,35,13,20,68
1400,0,18,13,20,51
1402,20,36,0,15,71
1403,0,36,0,15,51
1405,0,30,0,16,46
1407,0,33,18,16,67
1408,0,17,18,16,51
1409,0,34,15,19,68
1410,16,34,16,18,84
1411,0,34,16,18,68
1412,19,34,16,15,84
1413,0,34,16,15,65
1414,18,31,0,19,68
1415,0,31,0,19,50
1416,15,34,0,19,68
1418,0,15,0,19,34
1419,0,34,0,15,49
1421,0,34,0,17,51
1422,0,19,0,17,36
1423,0,33,0,16,49
1424,0,16,0,16,32
1428,0,16,0,15,31
1429,0,34,0,15,49
1430,0,19,0,15,34
1431,0,34,0,16,50
1432,0,19,0,16,35
1433,0,31,0,19,50
1434,0,15,0,19,34
1436,0,15,16,19,50
1438,19,31,19,14,83
1440,0,15,19,14,48
1441,0,33,0,19,52
1442,0,14,0,19,33
1443,0,35,0,16,51
1444,0,16,0,16,32
1446,0,19,16,15,50
1447,31,36,0,15,82
1448,15,36,0,15,66
1449,18,18,0,15,51
1451,0,30,16,19,65
1453,16,19,65,19,119
1454,0,19,65,19,103
1455,0,31,0,19,50
1456,15,34,0,19,68
1457,0,34,0,19,53
1460,15,34,16,20,85
1461,0,34,16,20,70
1462,18,36,0,13,67
1464,0,20,0,13,33
1465,0,32,30,35,97
1469,0,35,32,17,84
1471,0,32,0,17,49
1475,0,36,17,16,69
1477,0,33,14,18,65
1478,16,32,15,20,83
1480,18,35,16,15,84
1481,0,35,16,15,66
1482,20,31,51,15,117
1483,0,31,51,15,97
1484,15,34,17,15,81
1487,32,35,15,18,100
1488,15,35,15,18,83
1489,35,33,16,16,100
1490,16,33,16,16,81
1491,0,33,16,16,65
1492,18,32,50,19,119
1493,0,32,50,19,101
1494,16,34,35,16,101
1495,0,34,35,16,85
1496,0,15,35,16,66
1497,0,35,0,16,51
1499,0,31,17,18,66
1500,0,15,17,18,50
1501,17,18,16,18,69
1502,18,34,18,14,84
1503,0,34,18,14,66
1505,0,32,0,17,49
1507,0,32,0,16,48
1508,0,15,0,16,31
1509,0,36,15,16,67
1512,0,16,17,18,51
1513,17,18,0,16,51
1514,0,18,0,16,34
1515,0,31,20,15,66
1516,0,15,20,15,50
1518,0,15,0,18,33
1520,0,16,15,19,50
1521,15,19,16,16,66
1523,0,32,49,19,100
1524,0,16,49,19,84
1525,0,34,15,19,68
1526,0,18,15,19,52
1528,19,32,18,14,83
1529,0,32,18,14,64
1531,18,14,19,16,67
1533,0,35,18,15,68
1534,0,16,18,15,49
1535,0,33,16,18,67
1536,15,34,0,15,64
1538,0,18,0,15,33
1540,0,19,16,15,50
1542,15,36,15,19,85
1543,0,36,15,19,70
1544,0,15,15,19,49
1545,15,19,0,15,49
1546,19,32,50,15,116
1548,0,17,50,15,82
1549,0,31,19,15,65
1550,0,15,19,15,49
1552,0,15,0,19,34
1553,0,35,15,16,66
1554,0,16,15,16,47
1556,16,35,15,19,85
1557,0,35,15,19,69
1558,30,19,16,15,80
1560,0,19,16,15,50
1561,0,31,0,19,50
1563,0,36,16,15,67
1564,0,17,16,15,48
1565,0,31,0,18,49
1566,0,15,0,18,33
1568,0,17,0,15,32
1569,0,34,0,16,50
1570,0,19,0,16,35
1571,16,16,0,17,49
1572,0,16,0,17,33
1573,0,33,17,18,68
1576,18,33,17,15,83
1579,17,15,33,19,84
1582,0,16,0,19,35
1583,0,32,21,15,68
1585,36,32,16,20,104
1586,0,15,0,16,31
1590,0,20,0,13,33
1591,0,32,15,19,66
1592,0,19,15,19,53
1593,0,34,15,19,68
1596,19,31,0,19,69
1597,0,31,0,19,50
1600,0,16,0,15,31
1601,0,31,18,16,65
1603,18,16,0,19,53
1604,16,34,18,15,83
1606,0,15,18,15,48
1607,18,15,16,19,68
1608,15,35,50,15,115
1609,0,35,50,15,100
1611,0,32,18,15,65
1613,18,15,0,16,49
1615,16,16,20,14,66
1616,0,16,20,14,50
1617,20,14,0,19,53
1618,14,33,0,18,65
1619,0,33,0,18,51
1621,0,34,33,19,86
1623,0,33,0,19,52
1624,15,34,0,15,64
1625,0,34,0,15,49
1626,0,15,0,15,30
1629,0,32,0,15,47
1630,0,16,0,15,31
1632,0,20,0,15,35
1633,0,31,0,19,50
1634,0,16,0,19,35
1635,0,34,0,16,50
1636,0,15,0,16,31
1637,16,16,20,15,67
1639,0,35,0,31,66
1640,15,31,0,20,66
1641,0,31,0,20,51
1642,18,36,15,19,88
1643,0,36,15,19,70
1644,0,16,15,19,50
1645,0,34,0,16,50
1647,0,31,0,16,47
1648,0,15,0,16,31
1649,16,19,0,15,50
1653,19,15,17,19,70
1654,15,36,32,15,98
1655,0,36,32,15,83
1657,0,32,0,15,47
1658,0,16,0,15,31
1659,0,34,0,16,50
1660,0,19,0,16,35
1661,0,31,0,20,51
1662,15,36,30,20,101
1664,0,16,30,20,66
1665,0,30,0,20,50
1667,0,35,0,16,51
1668,0,15,0,16,31
1669,16,17,16,19,68
1670,0,17,16,19,52
1672,19,31,19,15,84
1674,0,15,19,15,49
1675,0,34,0,16,50
1677,16,19,15,19,69
1678,34,19,33,16,102
1679,15,19,33,16,83
1681,0,33,0,16,49
1683,0,31,33,19,83
1684,0,15,33,19,67
1685,17,16,0,19,52
1686,16,35,20,11,82
1689,20,11,20,15,66
1690,11,35,0,15,61
1692,15,34,17,14,80
1695,0,31,34,19,84
1696,14,34,52,15,115
1697,0,34,52,15,101
1698,15,34,83,19,151
1700,0,15,83,19,117
1701,0,33,16,18,67
1702,0,15,16,18,49
1703,0,34,16,19,69
1704,18,35,16,16,85
1705,0,35,16,16,67
1707,0,32,0,16,48
1708,0,16,0,16,32
1709,0,34,0,15,49
1710,0,18,0,15,33
1711,0,34,0,13,47
1712,0,19,0,13,32
1713,0,33,15,18,66
1714,0,20,15,18,53
1715,15,18,0,16,49
1716,0,18,0,16,34
1717,0,31,17,18,66
1718,0,15,17,18,50
1719,0,35,0,16,51
1720,0,18,0,16,34
1721,0,35,15,17,67
1722,0,19,15,17,51
1724,17,34,16,16,83
1726,0,17,16,16,49
1727,0,32,15,19,66
1728,0,16,15,19,50
1731,0,31,18,16,65
1732,0,15,18,16,49
1734,0,16,19,16,51
1737,0,32,0,17,49
1738,0,16,0,17,33
1739,0,37,47,15,99
1740,0,20,47,15,82
1741,15,15,17,15,62
1742,0,15,17,15,47
1743,0,32,19,16,67
1745,0,35,15,18,68
1746,0,16,15,18,49
1747,0,33,82,19,134
1748,18,35,16,16,85
1749,0,35,16,16,67
1751,0,32,15,19,66
1753,0,34,17,15,66
1754,0,19,17,15,51
1755,0,32,0,19,51
1756,0,15,0,19,34
1757,0,35,0,16,51
1758,0,16,0,16,32
1759,0,31,0,34,65
1760,0,15,0,34,49
1763,35,33,0,16,84
1764,0,19,14,19,52
1765,0,33,0,16,49
1766,0,19,0,16,35
1767,0,33,0,16,49
1768,0,17,0,16,33
1769,0,35,0,16,51
1770,19,32,0,16,67
1772,0,16,0,16,32
1774,0,16,16,19,51
1775,0,35,0,15,50
1777,0,31,19,16,66
1778,0,16,19,16,51
1779,19,16,0,17,52
1781,17,18,0,17,52
1782,35,15,0,17,67
1783,0,32,0,17,49
1785,0,33,0,15,48
1786,0,16,0,15,31
1787,0,35,0,30,65
1789,0,30,0,17,47
1791,0,33,0,20,53
1793,0,36,0,15,51
1794,0,16,0,15,31
1795,0,32,0,16,48
1797,0,33,19,16,68
1798,0,17,19,16,52
1799,19,16,0,16,51
1800,0,16,0,16,32
1801,0,31,0,19,50
1802,0,15,0,19,34
1803,0,35,15,19,69
1806,19,33,31,20,103
1807,0,33,31,20,84
1808,17,31,0,20,68
1810,15,36,0,15,66
1811,0,36,0,15,51
1812,0,16,0,15,31
1813,0,33,0,16,49
1814,0,18,0,16,34
1817,0,33,0,19,52
1818,0,15,0,19,34
1819,0,34,35,15,84
1823,0,31,0,19,50
1825,0,35,0,16,51
1826,0,16,0,16,32
1828,15,35,0,18,68
1829,0,35,0,18,53
1830,0,16,0,18,34
1832,0,16,32,18,66
1833,0,32,0,18,50
1834,34,17,0,18,69
1835,0,35,0,18,53
1838,0,16,47,19,82
1839,33,33,0,17,83
1840,13,33,0,17,63
1842,19,33,33,16,101
1843,0,33,33,16,82
1844,16,33,0,16,65
1847,0,32,18,15,65
1848,0,16,18,15,49
1850,15,35,0,16,66
1851,0,35,0,16,51
1852,0,16,0,16,32
1854,0,16,18,15,49
1855,18,15,20,14,67
1856,15,34,0,19,68
1857,0,34,0,19,53
1858,14,35,17,16,82
1859,0,35,17,16,68
1860,33,16,15,16,80
1861,0,33,15,16,64
1862,16,31,0,19,66
1863,0,31,0,19,50
1864,0,16,0,19,35
1865,0,35,15,19,69
1866,0,16,15,19,50
1867,15,19,0,17,51
1868,19,32,16,17,84
1869,0,32,16,17,65
1870,0,15,16,17,48
1872,17,36,0,16,69
1873,0,36,0,16,52
1875,0,32,0,17,49
1876,0,16,0,17,33
1878,0,16,16,16,48
1879,0,32,18,16,66
1880,34,16,17,16,83
1881,51,16,19,15,101
1882,0,16,17,16,49
1883,0,33,19,15,67
1884,16,34,18,16,84
1885,19,15,18,16,68
1886,0,15,18,16,49
1887,0,34,16,19,69
1888,16,35,13,19,83
1889,0,35,13,19,67
1890,0,19,13,19,51
1891,0,32,34,17,83
1892,19,34,17,16,86
1893,0,34,17,16,67
1894,18,33,15,19,85
1895,0,33,15,19,67
1896,0,16,15,19,50
1897,0,34,31,16,81
1899,0,31,51,17,99
1900,0,15,51,17,83
1901,16,19,48,19,102
1902,0,19,48,19,86
1904,0,17,15,19,51
1905,0,34,16,15,65
1906,19,31,34,16,100
1907,0,31,34,16,81
1908,31,18,0,16,65
1909,0,34,0,16,50
1911,0,35,0,16,51
1912,0,19,0,16,35
1913,0,33,0,16,49
1914,0,17,0,16,33
1915,0,33,0,15,48
1917,0,34,31,19,84
1918,0,19,31,19,69
1919,0,31,0,19,50
1923,0,32,0,16,48
1924,0,16,0,16,32
1926,18,33,0,18,69
1927,0,33,0,18,51
1928,0,16,0,18,34
1930,0,17,0,16,33
1932,0,16,16,19,51
1933,35,33,16,19,103
1934,19,33,16,19,87
1936,0,18,16,19,53
1938,0,19,13,16,48
1940,0,16,0,20,36
1944,0,20,13,18,51
1945,0,31,16,20,67
1946,0,18,16,20,54
1948,0,20,17,15,52
1949,0,32,16,18,66
1951,0,34,15,15,64
1955,51,18,16,16,101
1957,15,18,16,16,65
1958,18,32,18,17,85
1959,0,32,18,17,67
1960,0,16,18,17,51
1961,0,35,0,16,51
1962,17,31,19,15,82
1964,0,15,19,15,49
1965,19,15,16,19,69
1967,0,35,15,16,66
1969,0,31,18,15,64
1970,0,16,18,15,49
1971,0,33,51,19,103
1972,15,36,15,19,85
1974,16,34,15,16,81
1975,0,34,15,16,65
1976,0,19,15,16,50
1978,0,16,49,19,84
1980,15,34,15,19,83
1981,15,19,15,19,68
1982,0,19,15,19,53
1985,0,31,18,15,64
1986,15,33,51,15,114
1987,0,33,51,15,99
1988,15,39,12,15,81
1989,0,39,12,15,66
1990,0,20,12,15,47
1991,0,27,51,18,96
1992,15,36,15,18,84
1993,36,33,15,19,103
1994,16,33,15,19,83
1997,0,34,16,17,67
1999,0,33,0,16,49
2000,17,31,34,19,101
2001,0,31,34,19,84
2002,0,15,34,19,68
2003,19,15,0,19,53
2004,15,35,18,15,83
2005,0,35,18,15,68
2006,0,16,18,15,49
2007,18,15,0,16,49
2008,15,34,16,18,83
2009,0,34,16,18,68
2010,0,18,16,18,52
2011,16,18,0,15,49
2013,0,30,0,19,49
2014,0,15,0,19,34
2015,0,34,0,20,54
2016,0,15,0,20,35
2018,0,15,16,18,49
2025,0,34,0,19,53
2026,0,15,0,19,34
2027,0,34,0,18,52
2028,0,15,0,18,33
2029,0,33,0,19,52
2030,0,15,0,19,34
2031,0,34,0,16,50
2033,0,32,0,19,51
2034,0,16,0,19,35
2035,19,15,35,15,84
2036,0,15,35,15,65
2037,0,35,0,15,50
2039,0,30,21,15,66
2040,0,15,21,15,51
2043,0,32,18,16,66
2045,18,16,16,18,68
2046,16,34,16,17,83
2047,0,34,16,17,67
2049,0,33,33,17,83
2050,0,17,33,17,67
2052,17,33,0,19,69
2053,0,33,0,19,52
2054,0,16,0,19,35
2055,0,35,16,15,66
2056,0,16,16,15,47
2058,15,35,15,19,84
2059,0,35,15,19,69
2060,0,19,15,19,53
2061,15,19,0,15,49
2062,19,34,0,15,68
2063,0,34,0,15,49
2064,0,19,0,15,34
2067,0,36,16,15,67
2068,19,31,15,19,84
2069,0,31,15,19,65
2070,15,34,83,17,149
2071,0,34,83,17,134
2072,19,33,19,15,86
2073,0,33,19,15,67
2074,34,15,16,17,82
2075,34,33,15,18,100
2078,0,17,15,18,50
2080,0,18,16,17,51
2081,0,33,18,16,67
2082,17,34,16,18,85
2083,0,34,16,18,68
2084,0,16,16,18,50
2085,0,34,0,16,50
2086,0,18,0,16,34
2087,0,31,20,16,67
2088,0,15,20,16,51
2090,16,31,16,23,86
2092,0,15,16,23,54
2093,0,39,27,20,86
2094,0,23,27,20,70
2095,0,27,20,16,63
2096,16,36,16,18,86
2097,20,16,16,18,70
2098,0,16,16,18,50
2100,0,18,17,15,50
2102,65,16,0,17,98
2103,15,19,0,16,50
2104,0,19,0,16,35
2105,0,32,0,17,49
2106,0,16,0,17,33
2107,0,32,0,20,52
2108,0,15,0,20,35
2111,15,19,16,15,65
2112,0,19,16,15,50
2113,0,31,0,16,47
2114,15,35,0,16,66
2115,0,35,0,16,51
2116,0,19,0,16,35
2117,0,32,16,18,66
2119,0,34,0,16,50
2121,0,35,0,15,50
2122,0,19,0,15,34
2123,0,30,0,19,49
2124,0,15,0,19,34
2125,0,35,18,15,68
2127,18,15,0,16,49
2128,15,35,0,16,66
2130,0,19,0,16,35
2131,0,31,19,14,64
2132,0,15,19,14,48
2133,0,33,0,19,52
2134,14,34,19,15,82
2135,0,34,19,15,68
2137,0,34,0,15,49
2138,15,32,19,14,80
2139,0,32,19,14,65
2140,0,17,19,14,50
2141,0,33,101,18,152
2144,0,17,19,14,50
2145,19,14,20,14,67
2146,14,34,52,15,115
2148,0,14,52,15,81
2149,0,33,19,15,67
2151,0,34,16,18,68
2152,15,34,50,15,114
2154,18,32,18,15,83
2155,0,32,18,15,65
2156,17,33,17,17,84
2157,0,33,17,17,67
2160,0,17,15,20,52
2161,0,35,15,15,65
2162,0,20,15,15,50
2163,0,30,20,16,66
2164,15,36,15,20,86
2165,0,36,15,20,71
2166,0,16,15,20,51
2167,0,35,16,16,67
2169,16,16,16,15,63
2170,0,16,16,15,47
2171,0,31,17,16,64
2172,0,15,17,16,48
2173,17,16,20,15,68
2176,0,15,17,16,48
2177,17,16,0,17,50
2178,0,16,0,17,33
2179,0,33,0,16,49
2180,0,16,0,16,32
2181,16,20,0,16,52
2182,0,20,0,16,36
2183,0,32,84,16,132
2184,0,16,84,16,116
2185,0,35,14,15,64
2186,0,20,14,15,49
2187,0,29,20,16,65
2188,15,36,17,15,83
2190,16,32,19,14,81
2191,0,32,19,14,65
2192,15,33,19,16,83
2193,0,33,19,16,68
2194,0,14,19,16,49
2195,0,35,15,19,69
2197,15,19,47,23,104
2198,0,19,47,23,89
2199,32,38,46,15,131
2200,15,38,46,15,114
2202,23,28,18,15,84
2203,28,33,18,18,97
2204,18,33,18,18,87
2205,18,15,18,18,69
2206,0,15,18,18,51
2207,0,36,15,16,67
2208,18,31,16,19,84
2209,0,31,16,19,66
2211,0,35,15,19,69
2212,0,19,15,19,53
2213,15,19,0,16,50
2215,0,32,18,15,65
2216,0,16,18,15,49
2217,0,33,18,15,66
2220,0,15,51,14,80
2221,0,36,15,14,65
2222,0,20,15,14,49
2224,14,35,0,16,65
2225,0,35,0,16,51
2226,15,35,47,19,116
2227,0,35,47,19,101
2228,19,30,17,19,85
2230,15,36,15,19,85
2231,0,36,15,19,70
2232,0,19,15,19,53
2233,0,34,16,14,64
2234,19,30,54,15,118
2235,0,30,54,15,99
2237,0,35,19,15,69
2238,0,15,19,15,49
2239,19,15,50,14,98
2240,15,35,15,14,79
2242,19,29,0,20,68
2243,29,36,15,19,99
2248,19,33,15,19,86
2249,0,33,15,19,67
2250,0,18,15,19,52
2251,0,34,16,15,65
2252,0,19,16,15,50
2253,0,31,0,20,51
2254,0,15,0,20,35
2256,0,18,0,18,36
2257,0,29,0,16,45
2259,33,33,0,20,86
2260,17,33,0,20,70
2261,0,33,0,20,53
2262,14,36,0,16,66
2268,14,36,0,15,65
2269,0,36,0,15,51
2271,0,31,15,20,66
2272,0,16,15,20,51
2273,15,20,0,16,51
2274,20,31,0,17,68
2275,31,33,19,14,97
2276,0,15,0,17,32
2277,0,33,19,14,66
2278,0,16,19,14,49
2279,19,14,0,20,53
2280,0,14,0,20,34
2281,0,34,19,14,67
2284,14,35,15,18,82
2287,15,18,0,16,49
2288,0,18,0,16,34
2289,0,32,20,14,66
2290,16,34,49,20,119
2291,0,34,49,20,103
2292,14,35,14,20,83
2293,0,35,14,20,69
2294,0,19,14,20,53
2295,34,31,16,19,100
2296,20,31,16,19,86
2297,0,31,16,19,66
2298,0,15,16,19,50
2299,0,35,16,15,66
2300,19,31,19,15,84
2301,0,31,19,15,65
2302,15,34,16,19,84
2303,0,34,16,19,69
2308,0,15,18,15,48
2310,0,15,20,29,64
2311,0,49,34,19,102
2312,0,29,34,19,82
2313,17,20,14,19,70
2314,0,20,14,19,53
2315,0,33,0,15,48
2316,0,19,0,15,34
2317,15,16,0,20,51
2318,0,16,0,20,36
2319,0,37,0,14,51
2322,0,19,16,15,50
2323,16,15,0,17,48
2326,0,16,33,19,68
2327,0,33,69,15,117
2328,14,34,0,19,67
2329,0,34,0,19,53
2330,0,15,0,19,34
2331,0,35,0,15,50
2332,0,16,0,15,31
2333,0,30,0,20,50
2334,0,15,0,20,35
2335,0,36,0,15,51
2336,0,16,0,15,31
2339,0,34,31,18,83
2340,0,19,31,18,68
2341,31,33,19,15,98
2342,15,33,19,15,82
2343,0,33,19,15,67
2344,0,15,19,15,49
2346,0,15,0,16,31
2347,0,35,14,20,69
2348,0,19,14,20,53
2349,14,20,31,18,83
2352,0,18,0,18,36
2353,0,33,34,15,82
2354,0,15,34,15,64
2355,0,34,0,15,49
2356,18,34,0,16,68
2357,0,34,0,16,50
2358,19,32,16,20,87
2360,16,36,0,16,68
2363,0,31,0,15,46
2364,0,15,0,15,30
2365,0,34,0,15,49
2366,0,19,0,15,34
2367,0,33,0,16,49
2372,0,16,69,16,101
2373,0,35,15,19,69
2374,0,19,15,19,53
2375,15,19,0,16,50
2376,19,32,15,18,84
2377,0,32,15,18,65
2378,0,16,15,18,49
2379,0,33,0,16,49
2380,18,32,17,18,85
2381,0,32,17,18,67
2382,0,16,17,18,51
2384,18,32,19,15,84
2385,32,34,18,15,99
2387,0,34,18,15,67
2388,15,33,17,19,84
2390,15,36,16,16,83
2391,0,36,16,16,68
2392,19,32,0,17,68
2394,16,32,17,17,82
2395,0,32,17,17,66
2396,15,34,0,17,66
2397,0,34,0,17,51
2398,34,16,17,16,83
2399,0,33,17,16,66
2400,0,16,17,16,49
2401,17,16,17,19,69
2404,0,19,0,15,34
2405,0,31,16,19,66
2407,0,35,16,16,67
2408,19,32,17,15,83
2411,0,32,19,15,66
2412,0,15,19,15,49
2413,0,34,49,21,104
2414,0,15,49,21,85
2415,0,34,15,21,70
2417,0,36,0,15,51
2418,21,31,0,16,68
2419,15,16,0,16,47
2420,0,16,0,16,32
2421,0,32,0,19,51
2422,16,51,0,33,100
2423,0,51,0,33,84
2424,0,32,0,33,65
2425,19,33,0,15,67
2427,19,15,0,20,54
2428,0,15,0,20,35
2429,0,36,15,19,70
2430,0,16,15,19,50
2431,34,32,16,19,101
2432,19,32,16,19,86
2433,0,32,16,19,67
2434,0,16,16,19,51
2435,0,35,15,16,66
2436,19,31,0,16,66
2437,0,31,0,16,47
2438,16,35,15,16,82
2439,0,35,15,16,66
2440,19,31,0,18,68
2441,31,35,15,19,100
2443,0,35,15,19,69
2444,0,17,15,19,51
2445,15,19,0,16,50
2446,19,31,19,17,86
2447,0,31,19,17,67
2448,0,15,19,17,51
2449,36,30,54,14,134
2450,17,30,54,14,115
2451,15,15,54,14,98
2453,19,16,19,14,68
2454,0,16,19,14,49
2456,14,36,16,16,82
2457,0,36,16,16,68
2458,0,19,16,16,51
2459,16,16,15,18,65
2462,0,18,0,16,34
2463,0,31,0,20,51
2464,0,15,0,20,35
2465,0,35,17,16,68
2466,0,15,17,16,48
2468,16,34,16,16,82
2469,0,34,16,16,66
2471,0,32,23,30,85
2475,21,17,13,17,68
2476,0,17,13,17,47
2479,0,36,14,19,69
2481,0,33,16,16,65
2482,0,19,16,16,51
2483,0,32,16,16,64
2484,16,32,20,15,83
2485,0,32,20,15,67
2486,0,16,20,15,51
2487,0,35,52,15,102
2488,15,32,20,15,82
2489,0,32,20,15,67
2490,0,16,20,15,51
2492,15,31,19,15,80
2493,0,31,19,15,65
2494,0,15,19,15,49
2495,34,35,15,19,103
2496,15,35,15,19,84
2497,0,35,15,19,69
2498,19,34,15,16,84
2499,0,34,15,16,65
2500,19,31,17,19,86
2501,0,31,17,19,67
2502,16,36,31,16,99
2503,0,36,31,16,83
2504,19,31,0,16,66
2506,0,16,0,16,32
2508,0,20,0,15,35
2509,0,31,49,19,99
2510,0,16,49,19,84
2511,0,33,16,19,68
2512,0,15,16,19,50
2513,16,19,48,18,101
2516,0,16,15,18,49
2518,0,18,16,18,52
2520,18,37,0,29,84
2521,0,37,0,29,66
2522,21,29,0,16,66
2523,0,29,0,16,45
2524,19,32,68,16,135
2525,0,32,68,16,116
2526,16,33,0,19,68
2527,0,33,0,19,52
2529,0,35,16,19,70
2530,0,16,16,19,51
2533,0,31,0,19,50
2534,0,16,0,19,35
2535,0,34,17,18,69
2536,0,15,17,18,50
2537,0,35,0,16,51
2538,18,31,19,15,83
2539,0,31,19,15,65
2541,0,34,35,15,84
2542,0,15,35,15,65
2543,0,35,15,15,65
2544,0,18,15,15,48
2545,15,15,19,15,64
2548,0,15,18,15,48
2550,0,15,17,18,50
2552,0,18,48,19,85
2553,0,31,17,19,67
2554,0,16,17,19,52
2556,0,19,16,18,53
2557,0,34,16,16,66
2559,0,32,51,16,99
2561,0,35,16,16,67
2562,19,32,51,16,118
2563,0,32,51,16,99
2564,16,31,20,16,83
2566,0,15,20,16,51
2567,0,36,16,15,67
2568,0,16,16,15,47
2569,0,31,23,12,66
2570,15,35,16,18,84
2573,0,34,0,16,50
2574,18,31,68,15,132
2575,0,31,68,15,114
2577,0,34,17,17,68
2578,15,34,0,15,64
2580,17,34,15,19,85
2581,0,34,15,19,68
2582,0,19,15,19,53
2583,15,19,0,15,49
2584,0,19,0,15,34
2586,0,16,0,16,32
2587,0,35,0,16,51
2588,0,19,0,16,35
2589,0,34,15,18,67
2590,0,18,15,18,51
2591,0,33,17,17,67
2592,0,18,17,17,52
2593,0,34,0,15,49
2594,17,30,0,20,67
2595,0,30,0,20,50
2596,0,15,0,20,35
2597,20,16,15,19,70
2598,0,16,15,19,50
2599,0,34,0,16,50
2600,0,19,0,16,35
2601,0,31,0,20,51
2602,0,15,0,20,35
2603,0,33,0,19,52
2604,0,13,0,19,32
2606,0,14,0,18,32
2608,0,16,17,16,49
2609,0,33,0,19,52
2611,0,34,0,16,50
2612,0,15,0,16,31
2613,0,35,0,16,51
2614,0,19,0,16,35
2615,0,33,15,18,66
2617,0,33,16,18,67
2618,0,18,16,18,52
2619,0,34,18,15,67
2622,15,33,32,19,99
2623,0,33,32,19,84
2624,17,32,50,19,118
2625,0,32,50,19,101
2626,0,16,50,19,85
2627,0,35,15,19,69
2628,0,16,15,19,50
2629,15,19,0,16,50
2632,0,16,51,15,82
2633,0,33,18,15,66
2635,18,15,19,15,67
2637,0,34,0,16,50
2638,15,32,34,16,97
2639,0,32,34,16,82
2640,0,16,34,16,66
2641,0,34,0,16,50
2642,14,34,0,17,65
2644,0,18,0,17,35
2645,0,32,34,18,84
2647,0,34,0,18,52
2648,15,34,49,18,116
2649,0,34,49,18,101
2650,0,16,49,18,83
2651,0,34,15,18,67
2652,19,33,16,16,84
2654,18,32,19,14,83
2655,0,32,19,14,65
2656,0,16,19,14,49
2657,0,33,33,19,85
2658,14,33,19,16,82
2659,0,33,19,16,68
2661,0,35,16,16,67
2663,0,32,0,19,51
2664,0,16,0,19,35
2665,19,16,15,17,67
2666,0,16,15,17,48
2669,0,36,15,18,69
2671,0,33,16,16,65
2672,0,18,16,16,50
2673,0,32,33,16,81
2675,15,18,0,16,49
2678,0,19,66,16,101
2679,16,16,0,16,48
2680,0,16,0,16,32
2681,0,34,49,15,98
2683,0,33,16,15,64
2684,0,17,16,15,48
2685,0,31,0,17,48
2687,0,36,48,19,103
2688,0,19,48,19,86
2689,17,15,51,15,98
2690,0,15,51,15,81
2691,16,19,16,15,66
2692,0,19,16,15,50
2694,15,33,0,20,68
2695,0,33,0,20,53
2696,0,15,0,20,35
2697,0,36,0,16,52
2698,0,16,0,16,32
2700,0,16,0,17,33
2701,0,33,15,20,68
2702,0,16,15,20,51
2703,0,35,17,13,65
2704,20,30,20,16,86
2705,0,30,20,16,66
2706,0,13,20,16,49
2707,0,36,0,16,52
2710,0,16,19,16,51
2711,0,35,16,15,66
2712,16,31,69,20,136
2713,0,31,69,20,120
2714,15,35,15,19,84
2716,18,34,0,20,72
2717,15,19,0,20,54
2718,19,32,0,15,66
2719,0,32,0,15,47
2722,0,19,0,16,35
2723,0,35,0,13,48
2724,0,19,0,13,32
2726,0,19,0,15,34
2727,0,33,0,16,49
2729,16,18,0,15,49
2730,0,18,0,15,33
2731,0,31,19,16,66
2732,0,16,19,16,51
2734,16,33,17,15,81
2735,19,14,17,15,65
2736,0,14,17,15,46
2737,17,15,19,15,66
2738,0,15,19,15,49
2739,0,34,19,16,69
2741,35,31,19,15,100
2742,0,16,16,15,47
2743,0,31,19,15,65
2745,0,34,18,15,67
2746,15,33,35,18,101
2747,0,33,35,18,86
2749,0,35,0,18,53
2750,0,19,0,18,37
2751,0,31,19,15,65
2752,0,13,19,15,47
2754,0,15,19,16,50
2755,35,33,0,16,84
2756,16,33,0,16,65
2757,0,33,0,16,49
2758,18,32,20,14,84
2759,0,32,20,14,66
2760,0,16,20,14,50
2761,0,34,16,19,69
2763,0,35,15,19,69
2767,0,30,18,16,64
2768,15,34,16,16,81
2770,0,16,16,16,48
2771,0,32,21,16,69
2772,16,37,16,16,85
2774,16,32,17,15,80
2775,0,32,17,15,64
2776,0,16,17,15,48
2780,0,19,17,17,53
2782,0,17,17,14,48
2783,0,31,16,18,65
2784,0,14,16,18,48
2785,0,34,16,16,66
2786,18,32,51,18,119
2787,0,32,51,18,101
2788,16,35,16,18,85
2789,0,35,16,18,69
2790,19,34,16,18,87
2791,34,34,15,16,99
2792,18,34,15,16,83
2793,0,34,15,16,65
2794,18,31,51,18,118
2798,20,33,15,15,83
2799,0,33,15,15,63
2800,0,18,15,15,48
2802,15,36,15,19,85
2803,0,36,15,19,70
2804,0,19,15,19,53
2805,0,34,16,16,66
2806,0,19,16,16,51
2807,0,32,15,16,63
2808,0,16,15,16,47
2810,0,16,19,15,50
2811,0,34,0,20,54
2812,15,36,15,18,84
2813,0,36,15,18,69
2814,0,16,15,18,49
2815,15,18,0,15,48
2816,0,18,0,15,33
2817,0,31,19,18,68
2819,0,37,0,18,55
2821,0,30,34,16,80
2822,0,12,34,16,62
2823,0,34,0,16,50
2827,0,33,0,16,49
2828,18,32,33,15,98
2829,0,32,33,15,80
2830,0,16,33,15,64
2831,18,15,0,15,48
2832,15,35,0,16,66
2833,0,35,0,16,51
2834,36,15,0,18,69
2835,0,31,0,18,49
2836,0,15,0,18,33
2837,0,34,35,16,85
2838,0,16,35,16,67
2839,35,32,0,15,82
2841,0,32,0,15,47
2842,0,16,0,15,31
2844,36,15,0,16,67
2845,19,15,0,16,50
2849,0,33,0,20,53
2850,0,15,0,20,35
2851,0,35,0,16,51
2852,0,15,0,16,31
2855,33,37,0,16,86
2856,15,37,0,16,68
2857,0,37,0,16,53
2858,0,17,0,16,33
2859,0,31,15,19,65
2860,0,15,15,19,49
2861,34,34,0,14,82
2863,0,34,0,14,48
2865,0,33,0,16,49
2866,0,19,0,16,35
2867,0,32,18,15,65
2869,0,33,16,18,67
2870,0,15,16,18,49
2871,0,34,18,15,67
2872,18,33,16,18,85
2873,0,33,16,18,67
2874,0,15,16,18,49
2875,0,34,0,16,50
2876,18,32,19,15,84
2879,0,34,16,16,66
2880,0,15,16,16,47
2881,0,32,20,15,67
2882,16,35,0,16,67
2883,0,35,0,16,51
2885,0,32,0,16,48
2886,0,16,0,16,32
2887,0,35,0,15,50
2888,0,19,0,15,34
2889,0,34,0,16,50
2890,0,19,0,16,35
2891,0,31,0,19,50
2892,0,15,0,19,34
2893,0,33,17,18,68
2895,0,35,0,16,51
2896,18,35,0,15,68
2897,0,35,0,15,50
2899,0,30,0,19,49
2901,0,34,0,19,53
2903,0,35,16,18,69
2904,0,16,16,18,50
2905,0,34,0,16,50
2906,18,31,16,18,83
2907,0,31,16,18,65
2908,0,15,16,18,49
2909,0,34,0,16,50
2910,18,35,15,15,83
2911,0,35,15,15,65
2912,0,19,15,15,49
2913,0,30,19,16,65
2914,15,35,0,16,66
2916,16,35,0,31,82
2917,0,35,0,31,66
2918,0,19,0,31,50
2922,0,17,0,17,34
2924,0,16,0,21,37
2926,0,15,0,16,31
2927,0,32,33,16,81
2928,0,16,33,16,65
2930,16,32,0,19,67
2932,0,16,0,19,35
2934,0,16,0,18,34
2936,0,15,16,18,49
2937,0,34,0,16,50
2939,0,35,16,15,66
2942,15,35,15,19,84
2943,0,35,15,19,69
2945,0,34,16,15,65
2946,19,31,50,19,119
2947,0,31,50,19,100
2949,0,35,15,19,69
2951,34,31,53,15,133
2952,19,31,53,15,118
2954,15,33,20,15,83
2955,0,33,20,15,68
2957,0,35,15,16,66
2959,0,31,0,19,50
2960,0,16,0,19,35
2962,0,15,0,17,32
2963,0,35,0,15,50
2964,0,18,0,15,33
2967,0,31,0,16,47
2968,0,15,0,16,31
2972,0,16,0,19,35
2973,0,35,0,15,50
2975,0,34,0,19,53
2976,0,19,0,19,38
2977,0,35,15,15,65
2978,0,16,15,15,46
2979,0,30,0,19,49
2980,0,15,0,19,34
2981,0,35,0,17,52
2984,0,16,0,16,32
2987,0,33,0,19,52
2988,15,34,0,15,64
2989,0,34,0,15,49
2990,0,15,0,15,30
2993,0,32,34,19,85
2995,0,34,0,19,53
2996,15,34,35,17,101
2999,0,35,0,17,52
3000,19,33,0,15,67
3002,0,16,0,15,31
3003,0,31,0,19,50
3004,0,16,0,19,35
3005,0,34,0,16,50
3006,0,15,0,16,31
3008,0,16,0,18,34
3010,0,19,31,17,67
3011,0,31,0,17,48
3012,16,34,16,18,84
3014,0,17,16,18,51
3015,0,34,0,17,51
3016,18,33,0,16,67
3017,0,33,0,16,49
3018,0,16,0,16,32
3019,0,32,16,18,66
3021,0,34,0,15,49
3022,0,18,0,15,33
3023,0,34,0,15,49
3024,0,19,0,15,34
3027,0,31,0,18,49
3031,0,33,0,17,50
3032,0,18,0,17,35
3033,0,35,0,16,51
3034,0,18,0,16,34
3037,0,33,17,16,66
3039,0,33,18,16,67
3040,0,16,18,16,50
3042,16,34,0,16,66
3043,0,34,0,16,50
3044,16,33,18,16,83
3047,0,34,16,18,68
3051,17,16,16,16,65
3053,0,32,19,16,67
3054,0,16,19,16,51
3055,0,35,0,16,51
3056,0,16,0,16,32
3057,0,32,16,20,68
3060,20,32,0,17,69
3062,19,31,16,19,85
3063,0,31,16,19,66
3064,0,14,16,19,49
3065,16,19,18,15,68
3066,19,33,18,16,86
3067,0,33,18,16,67
3070,0,16,34,17,67
3071,0,34,31,19,84
3073,0,31,70,14,115
3074,0,14,70,14,98
3075,0,53,17,14,84
3077,20,17,14,18,69
3078,0,17,14,18,49
3080,0,18,16,17,51
3082,17,35,13,18,83
3083,0,35,13,18,66
3084,0,21,13,18,52
3085,0,31,17,17,65
3086,35,17,16,17,85
3089,0,33,17,17,67
3090,0,17,17,17,51
3091,17,17,0,15,49
3092,0,17,0,15,32
3093,0,33,16,18,67
3096,0,18,16,15,49
3097,0,31,20,15,66
3098,0,15,20,15,50
3099,0,35,16,15,66
3100,0,15,16,15,46
3103,0,34,20,13,67
3106,0,13,19,15,47
3108,15,34,16,19,84
3109,0,34,16,19,69
3110,0,15,16,19,50
3113,0,32,0,16,48
3116,0,16,51,16,83
3120,0,16,0,20,36
3121,0,33,0,19,52
3123,0,34,0,18,52
3124,0,15,0,18,33
3125,0,35,0,15,50
3126,0,17,0,15,32
3127,0,34,0,14,48
3129,0,30,0,19,49
3130,0,16,0,19,35
3131,0,35,66,17,118
3132,0,16,66,17,99
3134,0,16,0,17,33
3135,0,34,0,17,51
3136,0,17,0,17,34
3137,0,35,47,18,100
3138,0,18,47,18,83
3140,0,14,68,19,101
3141,0,34,0,17,51
3142,18,34,35,16,103
3143,0,34,35,16,85
3144,0,17,35,16,68
3145,0,35,16,34,85
3146,0,16,16,34,66
3147,16,34,17,15,82
3148,0,34,17,15,66
3149,21,17,15,17,70
3150,0,17,15,17,49
3151,0,32,17,15,64
3155,0,34,0,16,50
3156,18,32,0,17,67
3159,17,19,16,15,67
3160,19,31,0,18,68
3162,15,36,16,16,83
3164,0,18,16,16,50
3165,16,16,17,16,65
3166,0,16,17,16,49
3167,0,33,19,16,68
3168,16,35,15,17,83
3169,0,35,15,17,67
3170,16,32,0,16,64
3171,0,32,0,16,48
3172,0,17,0,16,33
3175,0,34,15,19,68
3177,0,34,17,15,66
3178,19,32,16,18,85
3179,0,32,16,18,66
3180,0,15,16,18,49
3181,0,34,17,16,67
3186,16,34,15,16,81
3187,15,19,15,16,65
3191,0,33,21,16,70
3193,0,37,0,17,54
3195,0,33,17,13,63
3197,0,30,0,18,48
3200,0,17,0,16,33
3202,0,17,18,18,53
3204,18,31,16,17,82
3205,0,31,16,17,64
3206,17,33,17,16,83
3207,0,33,17,16,66
3208,17,33,17,17,84
3211,0,34,0,16,50
3212,17,33,18,17,85
3213,0,33,18,17,68
3215,35,32,16,18,101
3217,0,32,16,18,66
3219,34,34,67,16,151
3220,18,34,67,16,135
3221,0,34,67,16,117
3222,0,16,67,16,99
3223,33,34,0,16,83
3224,16,34,0,16,66
3225,0,34,0,16,50
3226,19,31,19,16,85
3227,16,15,19,16,66
3228,0,15,19,16,50
3229,0,35,0,16,51
3230,16,31,19,15,81
3232,0,15,19,15,49
3234,0,15,0,19,34
3235,0,35,15,18,68
3236,0,16,15,18,49
3237,15,18,0,16,49
3238,18,33,19,15,85
3239,0,33,19,15,67
3240,0,17,19,15,51
3241,19,15,16,18,68
3244,18,32,16,19,85
3247,0,35,0,16,51
3248,0,19,0,16,35
3252,18,32,0,16,66
3253,0,32,0,16,48
3254,0,15,0,16,31
3256,19,34,15,15,83
3257,0,34,15,15,64
3258,0,19,15,15,49
3259,0,30,18,16,64
3260,15,34,16,19,84
3261,18,16,16,19,69
3263,0,35,15,19,69
3265,0,34,15,18,67
3267,33,31,20,15,99
3268,0,18,15,16,49
3269,0,31,20,15,66
3270,16,35,15,19,85
3272,15,34,0,17,66
3273,0,34,0,17,51
3277,0,32,0,15,47
3278,0,16,0,15,31
3279,0,34,0,16,50
3280,0,19,0,16,35
3281,0,33,0,17,50
3282,0,17,0,17,34
3283,17,19,15,15,66
3285,0,30,33,19,82
3286,0,15,33,19,67
3287,0,33,51,19,103
3288,0,14,51,19,84
3289,19,15,17,19,70
3296,0,18,15,18,51
3297,0,33,51,15,99
3298,18,34,17,15,84
3299,0,34,17,15,66
3300,0,19,17,15,51
3301,0,32,0,16,48
3302,0,15,0,16,31
3303,0,35,0,16,51
3304,0,19,0,16,35
3305,0,32,0,16,48
3306,0,16,0,16,32
3307,0,34,15,19,68
3308,0,18,15,19,52
3309,0,34,33,15,82
3310,0,19,33,15,67
3312,0,15,0,15,30
3313,0,33,16,17,66
3314,0,18,16,17,51
3315,0,33,0,16,49
3316,17,32,16,20,85
3317,0,32,16,20,68
3318,0,16,16,20,52
3319,0,36,0,13,49
3321,0,33,0,16,49
3322,0,20,0,16,36
3323,0,32,0,17,49
3324,0,16,0,17,33
3325,0,34,0,16,50
3326,0,17,0,16,33
3327,0,34,0,15,49
3328,18,34,16,15,83
3329,0,34,16,15,65
3330,0,19,16,15,50
3331,0,31,0,17,48
3332,15,33,0,19,67
3334,0,16,0,19,35
3337,0,35,64,17,116
3339,15,15,0,16,46
3341,0,34,52,14,100
3343,34,32,0,17,83
3344,17,32,0,17,66
3345,0,32,0,17,49
3346,14,33,18,15,80
3347,17,16,18,15,66
3351,0,35,0,15,50
3354,0,21,96,18,135
3356,0,16,0,15,31
3357,15,19,15,15,64
3358,0,19,15,15,49
3359,0,30,0,18,48
3360,0,15,0,18,33
3361,0,36,31,18,85
3362,0,18,31,18,67
3364,0,15,0,18,33
3366,0,15,0,20,35
3367,0,36,0,17,53
3369,0,34,0,16,50
3370,0,17,0,16,33
3372,0,16,0,16,32
3373,0,35,0,16,51
3375,0,32,0,17,49
3376,0,16,0,17,33
3378,0,16,16,17,49
3379,0,33,0,15,48
3380,0,17,0,15,32
3382,0,17,0,20,37
3384,0,16,0,16,32
3389,0,37,50,14,101
3390,34,16,17,14,81
3391,0,33,17,14,64
3392,16,31,19,15,81
3393,0,31,19,15,65
3395,0,34,0,16,50
3396,15,32,0,17,64
3397,0,32,0,17,49
3398,0,16,0,17,33
3399,0,37,0,15,52
3401,0,31,0,16,47
3403,0,33,0,20,53
3404,0,17,0,20,37
3406,0,14,0,16,30
3407,0,34,0,16,50
3410,0,15,0,20,35
3411,0,35,19,15,69
3412,0,15,19,15,49
3414,15,33,0,15,63
3415,0,33,0,15,48
3416,0,16,0,15,31
3418,0,19,0,14,33
3420,18,34,0,16,68
3421,0,34,0,16,50
3423,0,35,0,15,50
3424,0,19,0,15,34
3425,0,30,18,15,63
3426,0,15,18,15,48
3427,0,33,0,20,53
3428,15,35,0,15,65
3432,0,16,18,20,54
3433,0,38,13,19,70
3434,0,20,13,19,52
3435,0,32,15,19,66
3437,0,34,15,15,64
3439,15,15,0,16,46
3440,15,36,15,18,84
3441,0,36,15,18,69
3442,0,20,15,18,53
3445,0,35,15,16,66
3447,0,31,0,16,47
3448,16,35,0,15,66
3450,0,19,0,15,34
3451,0,32,0,15,47
3453,0,34,0,15,49
3454,0,19,0,15,34
3456,0,19,0,15,34
3457,0,30,0,19,49
3458,0,15,0,19,34
3459,0,35,0,17,52
3461,0,32,0,17,49
3462,0,15,0,17,32
3463,0,35,0,14,49
3464,0,18,0,14,32
3465,0,33,35,15,83
3466,0,19,35,15,69
3467,0,35,0,15,50
3468,19,31,0,16,66
3469,0,31,0,16,47
3470,0,16,0,16,32
3471,0,34,16,18,68
3472,0,18,16,18,52
3473,0,34,0,16,50
3474,18,35,33,15,101
3475,0,35,33,15,83
3476,0,19,33,15,67
3478,18,31,0,16,65
3480,0,16,0,16,32
3481,0,35,0,16,51
3482,0,19,0,16,35
3483,0,31,0,16,47
3486,0,19,0,15,34
3487,0,35,14,19,68
3488,0,20,14,19,53
3492,0,14,53,14,81
3493,0,33,20,14,67
3494,14,34,0,18,66
3495,20,14,0,18,52
3496,14,33,34,16,97
3497,0,33,34,16,83
3499,0,34,35,15,84
3500,15,35,15,19,84
3501,0,35,15,19,69
3502,0,19,15,19,53
3504,0,19,0,16,35
3505,0,32,0,16,48
3507,0,31,36,14,81
3508,0,15,36,14,65
3509,0,36,0,14,50
3510,18,34,0,15,67
3511,0,34,0,15,49
3512,0,20,0,15,35
3513,0,31,0,19,50
3517,0,34,0,16,50
3518,0,19,0,16,35
3522,0,20,0,15,35
3523,0,32,0,16,48
3525,0,32,0,19,51
3526,0,16,0,19,35
3527,0,34,18,15,67
3530,15,39,0,13,67
3531,0,39,0,13,52
3533,0,32,0,15,47
3537,0,31,0,15,46
3538,15,34,0,16,65
3539,0,34,0,16,50
3540,0,19,0,16,35
3541,0,36,0,13,49
3542,0,20,0,13,33
3543,0,32,0,15,47
3546,0,18,0,15,33
3547,0,31,0,19,50
3548,0,16,0,19,35
3549,0,34,0,16,50
3551,0,34,0,16,50
3553,0,33,0,18,51
3554,0,17,0,18,35
3555,0,34,0,16,50
3556,0,16,0,16,32
3559,0,30,19,15,64
3561,0,34,0,16,50
3562,0,15,0,16,31
3563,16,19,0,16,51
3564,0,19,0,16,35
3565,0,31,19,15,65
3566,0,15,19,15,49
3569,0,34,65,19,118
3571,0,34,0,16,50
3572,0,15,0,16,31
3573,0,31,0,19,50
3574,0,15,0,19,34
3575,0,34,18,15,67
3576,0,15,18,15,48
3577,0,33,0,16,49
3578,15,36,0,17,68
3582,17,32,0,14,63
3583,46,19,0,15,80
3584,15,33,0,15,63
3587,0,34,0,16,50
3588,0,19,0,16,35
3590,0,18,16,15,49
3591,0,31,0,16,47
3592,0,15,0,16,31
3593,0,34,19,15,68
3595,0,34,0,15,49
3596,0,15,0,15,30
3597,0,31,0,20,51
3598,0,16,0,20,36
3599,0,35,17,14,66
3602,0,14,0,20,34
3603,0,36,0,15,51
3604,0,16,0,15,31
3605,0,34,0,16,50
3606,0,19,0,16,35
3608,0,16,15,20,51
3609,0,35,15,19,69
3610,0,20,15,19,54
3611,0,34,0,16,50
3612,0,19,0,16,35
3614,0,13,34,19,66
3615,0,34,35,15,84
3616,15,35,0,15,65
3617,0,35,0,15,50
3618,0,16,0,15,31
3622,0,20,12,19,51
3623,0,31,15,20,66
3624,19,35,16,17,87
3626,0,20,16,17,53
3627,0,33,46,21,100
3629,0,30,16,21,67
3630,0,16,16,21,53
3631,16,21,17,12,66
3633,0,29,0,20,49
3635,0,36,15,19,70
3636,0,16,15,19,50
3637,0,34,0,14,48
3638,19,34,15,17,85
3639,0,34,15,17,66
3641,0,32,17,16,65
3642,17,33,15,17,82
3643,0,33,15,17,65
3644,16,32,19,15,82
3645,0,32,19,15,66
3646,0,17,19,15,51
3647,0,34,16,19,69
3648,15,35,16,15,81
3650,19,31,20,15,85
3651,0,31,20,15,66
3652,15,35,18,15,83
3653,0,35,18,15,68
3654,0,15,18,15,48
3658,0,17,15,18,50
3661,0,30,17,19,66
3664,19,35,15,15,84
3669,0,33,53,16,102
3672,15,36,16,16,83
3673,0,36,16,16,68
3674,0,16,16,16,48
3675,0,32,49,19,100
3676,16,33,16,19,84
3678,0,17,16,19,52
3682,0,16,47,16,79
3684,0,14,16,16,46
3685,0,32,17,20,69
3686,16,37,0,13,66
3688,0,20,0,13,33
3689,0,32,16,15,63
3691,0,31,0,16,47
3692,15,37,15,15,82
3693,0,37,15,15,67
3694,0,21,15,15,51
3697,0,34,0,19,53
3698,14,34,0,19,67
3699,0,34,0,19,53
3700,0,15,0,19,34
3702,0,13,0,17,30
3703,0,37,14,18,69
3705,0,32,0,15,47
3708,0,17,18,14,49
3709,0,32,20,15,67
3710,0,14,20,15,49
3711,0,35,19,13,67
3712,0,15,19,13,47
3713,0,32,20,14,66
3714,0,13,20,14,47
3715,0,34,16,20,70
3716,0,14,16,20,50
3717,16,20,16,15,67
3718,0,20,16,15,51
3719,0,31,19,15,65
3720,15,34,16,18,83
3722,15,34,16,15,80
3723,16,18,16,15,65
3724,18,31,20,15,84
3725,0,31,20,15,66
3726,15,35,15,18,83
3727,20,15,15,18,68
3728,15,33,0,16,64
3729,0,33,0,16,49
3731,0,35,0,16,51
3735,18,16,19,15,68
3736,0,16,19,15,50
3737,0,34,0,16,50
3739,0,34,14,18,66
3740,0,18,14,18,50
3741,14,18,0,16,48
3742,18,34,0,15,67
3744,0,18,0,15,33
3745,0,34,0,15,49
3746,0,19,0,15,34
3750,0,15,19,15,49
3751,0,34,16,19,69
3752,15,35,15,15,80
3753,0,35,15,15,65
3754,19,30,17,18,84
3755,0,30,17,18,65
3756,15,35,48,16,114
3757,0,35,48,16,99
3758,18,32,16,16,82
3760,15,32,36,16,99
3761,0,32,36,16,84
3762,16,36,0,16,68
3763,0,36,0,16,52
3766,0,19,15,18,52
3768,0,18,15,19,52
3769,0,34,0,15,49
3770,19,30,0,18,67
3771,30,33,19,15,97
3772,0,15,0,18,33
3774,15,34,19,15,83
3775,0,34,19,15,68
3777,0,34,48,19,101
3780,16,34,0,16,66
3781,15,19,0,16,50
3782,19,35,0,15,69
3783,0,35,0,15,50
3784,0,19,0,15,34
3785,0,31,50,18,99
3786,0,16,50,18,84
3788,18,34,16,15,83
3789,0,34,16,15,65
3791,0,31,0,19,50
3792,15,38,0,18,71
3793,0,38,0,18,56
3794,0,19,0,18,37
3795,0,29,0,17,46
3796,0,11,0,17,28
3797,17,19,16,15,67
3798,19,31,35,16,101
3800,0,15,35,16,66
3801,0,35,0,16,51
3802,19,32,0,18,69
3803,0,32,0,18,50
3804,0,16,0,18,34
3806,0,16,15,19,50
3807,0,34,0,15,49
3808,0,19,0,15,34
3809,0,34,0,15,49
3810,0,19,0,15,34
3811,0,31,19,15,65
3812,0,16,19,15,50
3814,0,15,0,16,31
3816,0,16,0,19,35
3817,19,15,19,15,68
3818,0,15,19,15,49
3819,0,34,15,20,69
3822,0,20,0,14,34
3827,0,35,0,15,50
3829,0,31,0,20,51
3830,0,16,0,20,36
3831,0,35,0,16,51
3832,0,15,0,16,31
3833,0,34,0,16,50
3834,0,18,0,16,34
3835,0,34,16,16,66
3836,0,18,16,16,50
3837,32,35,0,16,83
3838,16,35,0,16,67
3839,0,35,0,16,51
3841,0,32,0,15,47
3842,0,16,0,15,31
3843,35,32,17,13,97
3844,0,20,0,16,36
3845,0,32,17,13,62
3846,0,16,17,13,46
3847,0,30,19,19,68
3850,19,34,15,15,83
3851,0,34,15,15,64
3852,19,30,16,19,84
3853,0,30,16,19,65
3854,15,35,16,15,81
3855,0,35,16,15,66
3857,0,31,19,15,65
3860,32,16,19,16,83
3861,0,33,19,16,68
3864,16,33,16,19,84
3865,0,33,16,19,68
3866,0,18,16,19,53
3867,0,35,49,15,99
3868,19,31,18,15,83
3870,0,16,18,15,49
3871,0,33,17,16,66
3873,0,33,0,19,52
3874,0,16,0,19,35
3876,15,35,14,19,83
3878,0,16,14,19,49
3879,33,31,20,16,100
3880,19,31,20,16,86
3881,0,31,20,16,67
3882,15,36,66,15,132
3883,20,16,66,15,117
3885,0,33,14,19,66
3886,0,16,14,19,49
3888,19,34,0,16,69
3890,0,19,0,16,35
3892,0,16,18,15,49
3893,0,33,19,14,66
3894,15,33,19,16,83
3896,0,14,19,16,49
3897,35,33,0,18,86
3899,0,33,0,18,51
3900,0,20,0,18,38
3901,0,34,16,15,65
3903,0,31,19,16,66
3905,0,35,33,16,84
3907,0,33,16,19,68
3909,0,35,16,15,66
3910,0,19,16,15,50
3911,0,31,16,18,65
3912,15,34,16,18,83
3914,18,34,16,15,83
3915,0,34,16,15,65
3917,0,31,0,19,50
3918,0,15,0,19,34
3919,0,34,85,15,134
3920,15,35,0,15,65
3922,19,31,19,15,84
3923,0,31,19,15,65
3925,0,34,19,15,68
3926,15,34,0,16,65
3927,19,15,0,16,50
3928,0,15,0,16,31
3929,0,34,81,17,132
3930,0,18,81,17,116
3931,0,34,0,16,50
3932,0,19,0,16,35
3933,0,31,16,17,64
3935,0,33,17,17,67
3937,0,34,16,20,70
3939,0,36,0,13,49
3942,0,17,0,20,37
3943,0,36,15,18,69
3944,16,33,0,16,65
3945,0,33,0,16,49
3946,18,31,19,16,84
3947,0,31,19,16,66
3950,0,16,0,19,35
3951,0,37,0,14,51
3952,0,18,0,14,32
3953,0,30,0,15,45
3955,0,34,0,16,50
3956,0,19,0,16,35
3957,0,31,0,18,49
3958,0,15,0,18,33
3959,0,33,0,20,53
3960,0,15,0,20,35
3961,0,35,16,18,69
3962,0,15,16,18,49
3964,18,33,16,16,83
3966,18,32,18,17,85
3967,0,32,18,17,67
3970,0,17,50,16,83
3973,0,33,0,17,50
3974,0,16,0,17,33
3975,0,34,0,17,51
3976,17,34,0,13,64
3978,0,17,0,13,30
3980,0,20,0,17,37
3981,0,32,0,17,49
3983,0,33,17,17,67
3984,0,16,17,17,50
3986,0,17,17,16,50
3987,0,33,35,16,84
3988,0,16,35,16,67
3990,0,19,0,16,35
3991,16,18,15,15,64
3992,0,18,15,15,48
3993,15,15,33,19,82
3994,15,33,35,16,99
3995,0,33,35,16,84
3996,14,35,16,16,81
3997,0,35,16,16,67
3999,0,32,0,19,51
4000,0,16,0,19,35
4002,0,16,0,16,32
4005,0,34,48,19,101
4006,0,18,48,19,85
4007,0,33,51,15,99
4008,19,34,17,15,85
4010,19,32,16,18,85
4011,0,32,16,18,66
4012,0,15,16,18,49
4014,18,34,16,15,83
4016,17,31,19,16,83
4019,0,35,15,17,67
4020,16,32,16,19,83
4021,0,32,16,19,67
4022,17,35,14,19,85
4023,0,35,14,19,68
4024,19,33,0,15,67
4026,0,19,0,15,34
4027,0,35,14,16,65
4028,0,20,14,16,50
4029,14,16,66,19,115
4030,0,16,66,19,101
4031,0,34,0,19,53
4032,0,15,0,19,34
4033,19,13,19,15,66
4034,0,13,19,15,47
4035,0,34,18,15,67
4036,0,15,18,15,48
4037,33,36,0,16,85
4042,15,33,17,16,81
4043,0,33,17,16,66
4045,0,33,0,20,53
4046,16,35,15,18,84
4047,0,35,15,18,68
4048,0,15,15,18,48
4049,0,33,0,16,49
4051,0,35,0,14,49
4052,0,19,0,14,33
4053,0,34,0,14,48
4055,0,30,0,17,47
4057,0,36,0,16,52
4058,0,19,0,16,35
4060,0,15,19,16,50
4061,0,35,0,17,52
4062,0,16,0,17,33
4063,0,33,0,16,49
4064,0,16,0,16,32
4065,0,32,0,20,52
4066,0,16,0,20,36
4067,0,35,16,19,70
4068,0,15,16,19,50
4069,0,35,16,15,66
4070,19,31,0,16,66
4071,0,31,0,16,47
4072,0,15,0,16,31
4073,0,35,15,16,66
4074,0,19,15,16,50
4075,15,16,19,15,65
4076,0,16,19,15,50
4077,19,15,51,15,100
4081,0,34,17,19,70
4082,15,36,16,15,82
4083,0,36,16,15,67
4084,19,31,33,19,102
4085,0,31,33,19,83
4087,0,33,50,16,99
4089,19,15,16,16,66
4090,0,15,16,16,47
4093,35,32,19,16,102
4094,16,32,19,16,83
4095,0,32,19,16,67
4096,0,16,19,16,51
4098,0,16,15,19,50
4100,0,19,17,16,52
4101,0,33,16,15,64
4103,0,31,0,19,50
4104,15,35,15,18,83
4105,0,35,15,18,68
4106,0,16,15,18,49
4107,15,18,68,15,116
4108,18,34,0,15,67
4109,0,34,0,15,49
4110,18,34,15,19,86
4111,0,34,15,19,68
4112,0,19,15,19,53
4114,0,19,50,15,84
4115,0,32,18,15,65
4116,0,16,18,15,49
4117,18,15,16,16,65
4119,0,32,0,18,50
4120,16,34,0,16,66
4121,0,34,0,16,50
4122,0,16,0,16,32
4123,0,35,0,16,51
4124,0,19,0,16,35
4127,0,35,15,18,68
4128,0,19,15,18,52
4129,0,33,0,17,50
4130,0,18,0,17,35
4131,0,34,17,16,67
4133,0,33,16,18,67
4135,0,34,15,18,67
4137,0,33,16,15,64
4138,18,31,0,19,68
4139,0,31,0,19,50
4140,0,15,0,19,34
4142,0,16,16,17,49
4144,17,33,16,19,85
4146,18,35,0,16,69
4147,0,35,0,16,51
4148,19,31,0,19,69
4149,0,31,0,19,50
4150,0,15,0,19,34
4152,0,15,19,14,48
4153,19,14,16,19,68
4154,0,14,16,19,49
4155,0,35,16,15,66
4158,34,16,17,15,82
4161,0,32,34,18,84
4162,0,15,34,18,67
4164,0,15,18,16,49
4165,0,34,16,18,68
4166,0,16,16,18,50
4168,0,18,15,18,51
4169,0,33,0,16,49
4170,0,18,0,16,34
4173,0,33,0,16,49
4175,0,35,0,15,50
4177,0,34,49,16,99
4178,19,31,18,16,84
4179,0,31,18,16,65
4180,14,34,17,16,81
4181,0,34,17,16,67
4182,33,16,17,18,84
4183,0,33,17,18,68
4186,18,31,20,16,85
4187,0,31,20,16,67
4188,15,36,16,15,82
4189,0,36,16,15,67
4190,0,16,16,15,47
4191,0,31,0,19,50
4193,0,36,15,18,69
4195,0,33,0,16,49
4196,18,31,18,16,83
4197,0,31,18,16,65
4198,0,15,18,16,49
4199,0,34,50,16,100
4201,0,34,16,16,66
4202,18,32,135,16,201
4203,0,32,135,16,183
4204,16,35,0,16,67
4206,19,32,50,18,119
4207,0,32,50,18,100
4208,0,16,50,18,84
4209,0,34,16,18,68
4212,18,34,50,16,118
4213,0,34,50,16,100
4214,0,18,50,16,84
4216,16,35,15,18,84
4217,0,35,15,18,68
4218,16,33,0,16,65
4220,0,18,0,16,34
4223,0,34,34,17,85
4225,0,34,17,12,63
4226,0,18,17,12,47
4227,0,29,20,18,67
4228,0,12,20,18,50
4229,0,38,32,18,88
4231,16,16,0,18,50
4232,0,16,0,18,34
4233,18,15,19,16,68
4234,0,15,19,16,50
4235,0,35,0,16,51
4236,16,32,0,19,67
4237,0,32,0,19,51
4238,0,16,0,19,35
4239,0,35,0,16,51
4242,0,15,0,18,33
4244,0,17,0,17,34
4245,0,33,68,15,116
4247,0,32,17,19,68
4248,0,17,17,19,53
4249,0,36,15,17,68
4250,19,32,18,15,84
4251,0,32,18,15,65
4253,0,33,0,18,51
4255,0,33,19,15,67
4257,34,34,16,16,100
4259,0,34,16,16,66
4260,18,32,0,19,69
4263,0,34,0,16,50
4264,0,15,0,16,31
4265,0,32,19,16,67
4266,0,16,19,16,51
4268,16,33,33,16,98
4269,0,33,33,16,82
4270,0,16,33,16,65
4271,0,33,0,16,49
4273,0,33,18,16,67
4276,16,35,0,16,67
4277,35,33,15,16,99
4279,0,33,15,16,64
4282,16,36,0,16,68
4283,0,36,0,16,52
4285,0,33,18,12,63
4286,0,17,18,12,47
4287,18,12,0,20,50
4288,12,35,16,18,81
4290,15,34,0,16,65
4291,0,34,0,16,50
4292,18,32,18,16,84
4293,0,32,18,16,66
4296,16,36,14,17,83
4297,0,36,14,17,67
4298,0,20,14,17,51
4300,0,17,0,16,33
4301,0,35,15,16,66
4302,0,19,15,16,50
4305,0,34,33,16,83
4309,0,35,31,19,85
4310,0,19,31,19,69
4312,0,16,0,19,35
4314,0,16,0,16,32
4315,0,34,0,15,49
4317,0,34,0,15,49
4319,0,30,19,17,66
4320,15,36,0,15,66
4321,19,17,0,15,51
4322,17,31,0,19,67
4324,0,16,0,19,35
4326,0,16,15,18,49
4328,0,18,16,19,53
4330,0,19,15,15,49
4331,0,30,19,14,63
4332,0,15,19,14,48
4334,0,14,53,15,82
4336,15,34,18,16,83
4337,0,34,18,16,68
4338,15,34,0,16,65
4340,0,16,0,16,32
4341,0,35,15,16,66
4343,31,30,22,15,98
4344,16,30,22,15,83
4346,0,12,22,15,49
4349,0,32,18,16,66
4350,0,16,18,16,50
4351,0,34,34,15,83
4352,16,34,15,20,85
4353,0,34,15,20,69
4354,0,15,15,20,50
4355,0,35,16,15,66
4356,0,20,16,15,51
4359,36,31,68,16,151
4360,0,19,16,15,50
4361,0,31,68,16,115
4363,16,17,51,16,100
4364,0,17,51,16,84
4365,35,32,49,19,135
4367,0,32,49,19,100
4368,16,34,15,19,84
4369,0,34,15,19,68
4371,0,34,16,16,66
4376,0,15,34,15,64
4377,0,34,0,15,49
4378,0,19,0,15,34
4379,15,16,19,15,65
4381,19,15,19,15,68
4385,0,32,17,20,69
4386,15,37,15,18,85
4387,37,33,16,14,100
4388,20,33,16,14,83
4389,0,33,16,14,63
4390,18,30,17,18,83
4392,14,35,0,16,65
4393,0,35,0,16,51
4394,0,18,0,16,34
4395,0,35,0,13,48
4396,0,19,0,13,32
4397,13,18,16,17,64
4398,0,18,16,17,51
4399,0,33,20,15,68
4402,0,15,48,17,80
4404,18,32,18,16,84
4406,0,17,18,16,51
4408,0,16,17,15,48
4409,0,32,18,15,65
4410,15,33,19,15,82
4411,18,15,19,15,67
4412,0,15,19,15,49
4414,0,15,19,16,50
4419,0,33,0,16,49
4421,0,32,19,15,66
4422,0,16,19,15,50
4423,19,15,51,15,100
4424,15,32,19,15,81
4425,32,34,35,16,117
4427,19,15,35,16,85
4428,0,15,35,16,66
4429,0,35,0,16,51
4431,0,32,0,15,47
4432,0,16,0,15,31
4433,0,34,0,15,49
4434,0,19,0,15,34
4436,0,19,0,16,35
4437,0,31,0,19,50
4438,0,15,0,19,34
4440,0,16,15,18,49
4441,0,33,0,16,49
4442,18,31,0,20,69
4444,0,15,0,20,35
4445,0,35,0,16,51
4446,0,15,0,16,31
4447,0,35,15,18,68
4449,0,33,0,16,49
4450,0,18,0,16,34
4451,16,16,18,15,65
4452,0,16,18,15,49
4454,15,34,51,14,114
4455,0,34,51,14,99
4456,0,15,51,14,80
4457,0,32,19,14,65
4459,19,14,0,17,50
4460,14,36,14,17,81
4461,17,19,14,17,67
4462,0,19,14,17,50
4464,17,35,34,16,102
4466,0,15,34,16,65
4468,18,33,15,18,84
4470,0,17,15,18,50
4471,0,33,35,15,83
4472,18,35,0,15,68
4473,0,35,0,15,50
4474,0,19,0,15,34
4476,0,17,15,19,51
4477,34,32,18,17,101
4478,19,32,18,17,86
4480,0,17,18,17,52
4482,0,17,16,17,50
4483,0,33,16,15,64
4484,17,31,19,14,81
4486,0,15,19,14,48
4489,0,35,16,19,70
4490,0,15,16,19,50
4491,0,35,13,19,67
4493,32,31,19,18,100
4494,19,31,19,18,87
4495,0,31,19,18,68
4496,0,16,19,18,53
4497,0,37,16,16,69
4499,0,32,0,16,48
4500,16,32,33,19,100
4501,0,32,33,19,84
4502,16,33,0,19,68
4503,0,33,0,19,52
4504,16,35,18,15,84
4506,0,16,18,15,49
4507,0,33,18,14,65
4508,0,15,18,14,47
4510,14,34,16,19,83
4511,0,34,16,19,69
4512,0,18,16,19,53
4514,0,19,0,15,34
4515,0,30,0,19,49
4516,0,15,0,19,34
4517,0,36,16,15,67
4518,0,17,16,15,48
4519,0,31,51,19,101
4521,0,34,17,19,70
4523,0,36,14,19,69
4526,19,30,0,19,68
4528,14,34,0,19,67
4530,0,15,0,19,34
4532,0,15,0,17,32
4533,0,33,0,18,51
4534,34,16,15,19,84
4536,0,16,15,19,50
4538,19,31,0,19,69
4539,0,31,0,19,50
4540,0,16,0,19,35
4541,0,35,35,16,86
4542,0,16,35,16,67
4543,0,35,0,16,51
4544,18,32,15,20,85
4545,0,32,15,20,67
4547,0,35,0,16,51
4548,20,32,0,17,69
4549,0,32,0,17,49
4550,0,16,0,17,33
4552,0,17,0,14,31
4555,0,33,0,16,49
4556,0,20,0,16,36
4557,0,32,15,18,65
4559,33,36,15,15,99
4560,18,36,15,15,84
4561,0,36,15,15,66
4565,0,35,47,20,102
4566,31,15,16,20,82
4569,0,36,17,16,69
4572,0,16,0,16,32
4573,0,32,0,17,49
4574,0,16,0,17,33
4576,0,16,20,15,51
4577,0,35,17,15,67
4579,17,15,0,16,48
4580,0,15,0,16,31
4581,0,32,17,19,68
4582,0,16,17,19,52
4583,0,36,16,17,69
4584,0,19,16,17,52
4585,33,35,0,17,85
4586,17,35,0,17,69
4587,0,35,0,17,52
4589,0,33,17,14,64
4590,0,16,17,14,47
4591,0,31,17,18,66
4592,0,14,17,18,49
4593,0,35,0,15,50
4594,0,18,0,15,33
4597,0,32,0,16,48
4600,0,18,0,15,33
4601,0,31,70,15,116
4602,0,16,70,15,101
4603,0,33,0,19,52
4606,0,18,0,15,33
4607,0,30,19,17,66
4608,0,15,19,17,51
4609,19,17,34,15,85
4611,0,34,0,15,49
4612,0,19,0,15,34
4613,0,31,16,20,67
4615,0,36,15,15,66
4617,0,30,0,19,49
4618,15,34,18,15,82
4619,0,34,18,15,67
4621,18,15,0,16,49
4622,15,32,0,19,66
4624,0,16,0,19,35
4627,0,35,0,16,51
4628,0,15,0,16,31
4629,0,32,0,19,51
4633,0,34,0,16,50
4634,0,15,0,16,31
4636,0,16,0,19,35
4637,0,36,0,15,51
4638,0,17,0,15,32
4639,0,33,15,19,67
4640,18,34,16,15,83
4641,0,34,16,15,65
4645,16,19,16,16,67
4646,0,19,16,16,51
4647,0,32,16,19,67
4649,0,35,0,15,50
4650,0,19,0,15,34
4652,0,16,0,19,35
4653,0,34,33,15,82
4655,0,33,50,16,99
4657,0,35,15,16,66
4658,0,20,15,16,51
4660,16,34,0,17,67
4661,0,34,0,17,51
4663,0,33,0,19,52
4664,0,16,0,19,35
4665,0,34,19,15,68
4667,0,34,0,15,49
4669,0,33,15,18,66
4670,0,18,15,18,51
4676,0,16,0,19,35
4677,0,34,0,16,50
4678,0,15,0,16,31
4679,0,34,15,18,67
4682,0,18,0,17,35
4683,0,32,0,20,52
4684,0,15,0,20,35
4685,0,35,15,19,69
4686,0,15,15,19,49
4687,0,34,0,15,49
4688,34,16,18,17,85
4689,0,31,18,17,66
4691,18,17,0,16,51
4694,0,16,0,19,35
4695,0,34,0,17,51
4697,0,32,19,15,66
4700,15,34,0,15,64
4701,0,34,0,15,49
4702,0,18,0,15,33
4705,15,16,0,19,50
4707,0,35,0,17,52
4708,0,16,0,17,33
4709,0,33,16,15,64
4710,0,16,16,15,47
4711,0,31,19,19,69
4712,15,38,0,15,68
4713,0,38,0,15,53
4715,0,30,0,18,48
4716,15,34,0,18,67
4717,0,34,0,18,52
4720,0,16,0,17,33
4721,0,33,16,16,65
4722,16,32,0,19,67
4723,0,32,0,19,51
4725,19,16,15,19,69
4727,0,34,0,16,50
4728,0,19,0,16,35
4729,0,31,0,16,47
4730,0,15,0,16,31
4731,0,35,0,15,50
4732,0,19,0,15,34
4733,0,31,0,17,48
4734,0,16,0,17,33
4736,21,30,0,19,70
4738,0,15,0,19,34
4739,0,34,0,16,50
4741,0,34,0,17,51
4742,0,18,0,17,35
4745,0,32,49,17,98
4746,15,34,66,15,130
4747,0,34,66,15,115
4748,19,32,0,17,68
4749,0,32,0,17,49
4750,17,34,0,15,66
4751,0,34,0,15,49
4752,0,17,0,15,32
4753,0,32,15,19,66
4755,0,34,0,16,50
4756,19,31,34,18,102
4757,0,31,34,18,83
4758,0,15,34,18,67
4759,0,34,0,18,52
4762,0,16,0,16,32
4763,0,35,0,15,50
4765,0,31,18,16,65
4766,0,16,18,16,50
4767,18,16,0,15,49
4768,16,35,0,16,67
4769,0,35,0,16,51
4770,0,20,0,16,36
4772,0,16,16,15,47
4773,0,31,35,19,85
4774,15,35,0,19,69
4775,0,35,0,19,54
4777,0,36,0,17,53
4778,0,17,0,17,34
4779,0,32,14,21,67
4781,0,35,0,12,47
4782,0,21,0,12,33
4783,0,32,0,16,48
4785,0,32,16,18,66
4787,16,18,67,16,117
4788,18,33,16,18,85
4792,0,18,16,15,49
4793,16,15,20,17,68
4795,0,37,19,17,73
4797,0,36,13,15,64
4798,0,17,13,15,45
4799,0,28,35,15,78
4800,0,15,35,15,65
4801,0,35,0,15,50
4802,19,31,19,15,84
4803,0,31,19,15,65
4806,15,33,16,19,83
4808,0,17,16,19,52
4809,0,35,17,16,68
4810,19,33,17,15,84
4811,0,33,17,15,65
4812,0,16,17,15,48
4813,32,34,16,18,100
4814,15,34,16,18,83
4819,0,31,17,19,67
4820,15,36,16,19,86
4821,0,36,16,19,71
4822,0,19,16,19,54
4825,0,31,35,16,82
4826,0,15,35,16,66
4827,0,35,0,16,51
4828,35,15,0,15,65
4831,0,34,18,15,67
4832,0,19,18,15,52
4833,0,33,15,18,66
4834,15,33,19,16,83
4835,0,33,19,16,68
4836,18,35,0,16,69
4837,0,35,0,16,51
4839,0,31,0,20,51
4840,0,15,0,20,35
4842,16,31,16,19,82
4843,0,31,16,19,66
4844,15,35,34,16,100
4845,0,35,34,16,85
4846,19,34,0,16,69
4847,0,34,0,16,50
4849,0,31,0,18,49
4851,0,32,21,15,68
4854,0,15,0,16,31
4855,0,31,0,17,48
4856,0,15,0,17,32
4857,0,37,0,17,54
4858,0,20,0,17,37
4859,0,30,18,16,64
4860,0,13,18,16,47
4861,0,34,0,18,52
4862,0,16,0,18,34
4863,18,16,33,17,84
4864,0,16,33,17,66
4865,0,33,0,17,50
4866,0,16,0,17,33
4870,0,16,0,16,32
4871,0,36,32,17,85
4872,0,20,32,17,69
4874,0,16,85,15,116
4875,0,33,0,16,49
4876,0,16,0,16,32
4877,0,32,20,15,67
4878,16,35,0,18,69
4880,15,35,0,15,65
4881,0,35,0,15,50
4887,0,33,0,16,49
4888,0,17,0,16,33
4889,16,21,0,16,53
4891,0,31,0,15,46
4893,0,35,31,18,84
4894,0,20,31,18,69
4895,0,31,0,18,49
4898,0,15,0,20,35
4901,0,30,69,16,115
4902,0,15,69,16,100
4903,0,34,20,15,69
4904,0,16,20,15,51
4905,0,35,0,16,51
4906,15,33,31,20,99
4907,0,33,31,20,84
4908,0,17,31,20,68
4909,31,34,19,15,99
4910,18,34,19,15,86
4911,0,34,19,15,68
4914,0,15,0,16,31
4915,0,32,19,18,69
4916,0,16,19,18,53
4917,19,18,50,15,102
4918,18,31,19,15,83
4920,0,15,19,15,49
4922,15,35,16,16,82
4924,20,32,15,19,86
4925,0,32,15,19,66
4926,0,16,15,19,50
4927,0,34,15,16,65
4928,0,19,15,16,50
4929,0,31,19,14,64
4930,16,33,19,18,86
4931,0,33,19,18,70
4933,0,37,13,19,69
4934,0,18,13,19,50
4935,0,32,16,15,63
4936,0,19,16,15,50
4937,0,31,0,19,50
4938,15,34,17,16,82
4942,0,16,0,17,33
4943,0,33,19,15,67
4944,0,16,19,15,50
4945,0,34,16,18,68
4946,15,34,15,19,83
4947,0,34,15,19,68
4948,18,34,16,17,85
4950,19,33,0,16,68
4952,0,17,0,16,33
4953,16,17,0,19,52
4954,0,17,0,19,36
4956,15,32,19,15,81
4957,0,32,19,15,66
4958,35,15,19,17,86
4959,19,15,19,17,70
4960,0,15,19,17,51
4961,0,36,16,15,67
4962,17,31,17,16,81
4963,0,31,17,16,64
4964,0,15,17,16,48
4965,0,33,16,19,68
4966,0,16,16,19,51
4968,19,31,0,19,69
4969,0,31,0,19,50
4970,16,34,16,16,82
4971,0,34,16,16,66
4972,0,15,16,16,47
4974,16,35,65,19,135
4978,0,16,16,15,47
4979,0,31,0,19,50
4980,0,15,0,19,34
4981,0,35,0,15,50
4982,0,16,0,15,31
4985,0,31,18,15,64
4986,0,16,18,15,49
4987,0,33,0,16,49
4988,0,15,0,16,31
4989,0,36,15,18,69
4991,0,33,16,15,64
4992,18,31,0,16,65
4995,0,36,16,15,67
4997,0,31,16,18,65
4999,0,34,0,17,51
5000,18,33,0,16,67
5003,16,20,0,14,50
5004,0,20,0,14,34
5006,0,17,0,15,32
5007,0,34,0,15,49
5008,0,19,0,15,34
5010,0,18,0,16,34
5013,0,34,0,15,49
5014,0,19,0,15,34
5015,0,30,0,20,50
5016,0,15,0,20,35
5019,0,33,0,16,49
5020,16,35,0,16,67
5021,16,19,0,16,51
5022,0,19,0,16,35
5023,0,32,0,16,48
5024,0,16,0,16,32
5026,0,19,0,16,35
5027,0,31,0,19,50
5028,0,15,0,19,34
5029,19,15,0,19,53
5030,0,15,0,19,34
5032,0,16,0,16,32
5033,0,34,0,16,50
5034,0,18,0,16,34
5035,0,32,0,15,47
5036,0,16,0,15,31
5037,0,34,0,18,52
5040,15,33,32,19,99
5042,0,18,32,19,69
5044,0,16,0,19,35
5045,0,34,18,16,68
5046,0,15,18,16,49
5047,18,16,0,16,50
5049,0,32,0,19,51
5050,0,16,0,19,35
5052,0,15,0,16,31
5053,16,18,18,14,66
5055,0,32,0,19,51
5057,0,34,0,16,50
5058,0,15,0,16,31
5060,0,18,0,17,35
5061,0,32,0,17,49
5062,0,15,0,17,32
5064,0,19,15,19,53
5065,0,34,0,15,49
5066,19,29,0,19,67
5067,0,29,0,19,48
5068,0,14,0,19,33
5070,0,15,0,19,34
5071,0,35,0,16,51
5072,0,16,0,16,32
5075,0,37,0,16,53
5076,19,31,0,19,69
5077,0,31,0,19,50
5078,0,15,0,19,34
5079,19,16,14,19,68
5080,0,16,14,19,49
5081,0,33,16,16,65
5083,0,32,0,17,49
5084,16,36,30,19,101
5085,0,36,30,19,85
5088,0,15,19,16,50
5090,0,16,15,19,50
5091,0,34,82,15,131
5092,0,19,82,15,116
5093,0,33,17,16,66
5094,18,33,16,15,82
5095,0,33,16,15,64
5096,0,16,16,15,47
5097,0,31,17,17,65
5098,15,34,19,15,83
5100,17,34,16,19,86
5101,0,34,16,19,69
5102,15,35,0,16,66
5103,0,35,0,16,51
5105,0,31,19,15,65
5108,15,34,49,19,117
5109,0,34,49,19,102
5110,14,34,15,19,82
5111,0,34,15,19,68
5113,15,19,16,15,65
5114,19,31,17,17,84
5116,15,34,19,15,83
5117,0,34,19,15,68
5118,0,17,19,15,51
5119,0,34,0,16,50
5124,0,15,19,16,50
5125,0,35,15,18,68
5126,16,33,16,16,81
5127,0,33,16,16,65
5129,0,32,0,20,52
5130,36,15,15,19,85
5133,15,19,32,18,84
5134,0,19,32,18,69
5135,0,32,0,18,50
5136,16,34,34,16,100
5137,0,34,34,16,84
5138,0,16,34,16,66
5139,0,34,0,16,50
5141,0,33,0,15,48
5142,0,17,0,15,32
5143,0,35,13,18,66
5144,20,31,0,19,70
5145,0,31,0,19,50
5146,18,32,0,18,68
5147,0,32,0,18,50
5148,31,18,16,15,80
5149,18,18,16,15,67
5150,0,18,16,15,49
5152,15,34,0,16,65
5154,0,15,0,16,31
5155,0,35,15,15,65
5156,0,19,15,15,49
5158,15,36,16,16,83
5161,0,32,0,19,51
5162,0,16,0,19,35
5164,0,15,19,16,50
5165,19,16,0,14,49
5166,0,16,0,14,30
5167,0,32,18,15,65
5168,0,18,18,15,51
5169,0,33,18,14,65
5170,0,15,18,14,47
5171,0,32,17,16,65
5172,14,33,20,16,83
5175,0,36,17,16,69
5176,0,16,17,16,49
5177,0,33,48,20,101
5179,0,32,52,16,100
5181,0,36,16,16,68
5182,20,32,16,17,85
5183,0,32,16,17,65
5184,16,33,16,15,80
5185,0,33,16,15,64
5187,31,34,19,15,99
5188,15,34,19,15,83
5189,0,34,19,15,68
5190,0,14,19,15,48
5191,0,34,18,15,67
5192,15,33,20,15,83
5193,0,33,20,15,68
5194,0,15,20,15,50
5196,15,31,53,15,114
5197,31,34,49,19,133
5198,14,34,49,19,116
5201,0,34,15,19,68
5202,15,34,17,15,81
5203,0,34,17,15,66
5204,19,32,19,15,85
5205,0,32,19,15,66
5206,15,34,16,19,84
5207,34,35,15,16,100
5208,0,15,16,19,50
5209,0,35,15,16,66
5210,19,31,20,14,84
5211,0,31,20,14,65
5213,0,34,16,18,68
5215,0,34,15,19,68
5216,0,18,15,19,52
5218,19,34,16,16,85
5219,0,34,16,16,66
5220,19,32,15,19,85
5222,0,16,15,19,50
5223,0,34,15,16,65
5225,0,31,50,19,100
5229,0,35,16,15,66
5231,0,31,0,19,50
5232,0,15,0,19,34
5233,0,35,0,15,50
5234,0,16,0,15,31
5235,0,34,0,15,49
5236,19,34,17,15,85
5238,0,19,17,15,51
5239,32,33,0,16,81
5240,15,33,0,16,64
5241,0,33,0,16,49
5243,0,34,34,13,81
5244,0,18,34,13,65
5247,0,33,16,18,67
5248,20,34,0,16,70
5249,0,34,0,16,50
5250,0,18,0,16,34
5252,0,15,0,19,34
5253,0,34,15,19,68
5256,0,19,17,15,51
5257,0,32,16,19,67
5258,0,15,16,19,50
5260,19,34,0,16,69
5261,0,34,0,16,50
5262,18,33,33,15,99
5265,0,33,31,17,81
5266,34,16,0,17,67
5267,0,31,0,17,48
5268,0,16,0,17,33
5269,0,34,0,19,53
5271,0,35,0,15,50
5272,0,16,0,15,31
5273,0,33,0,15,48
5274,0,18,0,15,33
5275,15,16,0,19,50
5276,0,16,0,19,35
5278,0,15,0,16,31
5279,0,34,0,17,51
5282,0,15,0,20,35
5283,0,35,0,16,51
5284,0,15,0,16,31
5286,50,34,0,15,99
5289,0,34,0,15,49
5290,15,34,16,16,81
5293,0,32,0,18,50
5294,16,34,0,16,66
5297,16,18,0,16,50
5298,0,18,0,16,34
5299,16,16,33,19,84
5300,0,16,33,19,68
5301,0,33,0,19,52
5302,14,32,51,18,115
5303,0,32,51,18,101
5305,0,36,33,18,87
5306,0,16,33,18,67
5307,15,18,0,18,51
5308,18,34,15,18,85
5310,0,16,15,18,49
5312,18,35,14,18,85
5313,0,35,14,18,67
5315,0,32,17,17,66
5316,18,34,16,16,84
5317,0,34,16,16,66
5318,0,17,16,16,49
5322,15,36,16,14,81
5323,0,36,16,14,66
5324,20,30,20,15,85
5325,0,30,20,15,65
5326,0,14,20,15,49
5327,0,35,16,16,67
5328,0,15,16,16,47
5329,0,32,17,16,65
5330,16,33,18,15,82
5333,0,33,18,15,66
5335,0,33,0,19,52
5336,0,15,0,19,34
5337,0,35,17,15,67
5338,0,16,17,15,48
5339,0,32,0,19,51
5340,15,35,0,16,66
5341,0,35,0,16,51
5342,0,16,0,16,32
5343,0,32,18,15,65
5346,0,15,0,19,34
5347,0,35,0,15,50
5348,16,34,0,15,65
5349,0,34,0,15,49
5350,0,19,0,15,34
5351,0,35,0,15,50
5353,0,31,15,18,64
5355,0,33,0,16,49
5357,0,35,15,16,66
5358,0,19,15,16,50
5359,15,16,0,17,48
5361,0,36,0,15,51
5362,0,19,0,15,34
5364,0,16,18,16,50
5366,0,16,0,16,32
5367,0,35,0,15,50
5368,0,19,0,15,34
5369,0,30,0,19,49
5371,0,34,33,19,86
5372,0,15,33,19,67
5374,14,35,16,15,80
5375,0,35,16,15,66
5378,0,15,51,18,84
5380,0,15,16,18,49
5382,18,34,17,15,84
5385,0,32,16,18,66
5387,0,34,15,19,68
5388,0,18,15,19,52
5389,0,34,16,15,65
5390,0,19,16,15,50
5393,0,36,16,15,67
5394,0,16,16,15,47
5395,0,31,16,17,64
5397,0,33,19,14,66
5400,14,35,0,16,65
5401,0,35,0,16,51
5402,15,32,17,18,82
5403,0,32,17,18,67
5406,18,35,15,15,83
5407,0,35,15,15,65
5408,0,19,15,15,49
5411,0,34,18,15,67
5412,0,15,18,15,48
5413,18,15,33,17,83
5415,0,33,0,17,50
5416,15,36,0,16,67
5417,0,36,0,16,52
5418,0,19,0,16,35
5419,0,31,19,18,68
5421,0,37,47,15,99
5422,0,18,47,15,80
5425,0,30,0,20,50
5426,0,15,0,20,35
5427,20,15,0,18,53
5428,0,15,0,18,33
5429,18,16,15,18,67
5431,0,33,0,15,48
5432,18,34,0,15,67
5433,0,34,0,15,49
5434,0,19,0,15,34
5435,0,31,0,19,50
5436,16,35,15,18,84
5438,0,16,15,18,49
5440,18,33,16,19,86
5442,0,18,16,19,53
5444,19,32,0,15,66
5447,50,16,16,18,100
5448,0,19,0,16,35
5449,16,16,16,18,66
5450,0,16,16,18,50
5451,0,34,0,15,49
5453,0,34,0,15,49
5454,0,19,0,15,34
5455,0,32,17,19,68
5456,0,17,17,19,53
5457,0,36,0,16,52
5458,19,32,0,15,66
5459,0,32,0,15,47
5460,0,16,0,15,31
5461,0,35,0,16,51
5462,0,20,0,16,36
5464,0,16,0,15,31
5465,0,31,17,19,67
5466,0,16,17,19,52
5467,0,36,0,16,52
5468,0,19,0,16,35
5469,0,32,16,16,64
5470,0,16,16,16,48
5473,0,35,0,17,52
5474,0,15,0,17,32
5476,0,19,14,19,52
5479,13,17,17,17,64
5480,0,17,17,17,51
5481,0,34,19,16,69
5482,0,17,19,16,52
5483,0,35,0,16,51
5486,0,16,0,16,32
5487,0,34,16,15,65
5488,0,18,16,15,49
5489,0,31,20,15,66
5490,15,35,15,19,84
5492,15,34,17,16,82
5493,0,34,17,16,67
5494,0,19,17,16,52
5495,0,33,0,15,48
5497,15,19,15,19,68
5498,34,19,0,13,66
5499,34,32,17,15,98
5500,19,32,17,15,83
5501,0,32,17,15,64
5502,0,19,17,15,51
5504,15,36,15,15,81
5505,0,36,15,15,66
5506,20,30,19,16,85
5508,15,35,16,15,81
5509,0,35,16,15,66
5512,15,35,15,19,84
5513,0,35,15,19,69
5516,19,34,16,15,84
5519,0,31,20,14,65
5521,0,34,16,19,69
5522,14,35,65,18,132
5523,0,35,65,18,118
5524,0,19,65,18,102
5525,0,34,16,15,65
5528,15,34,18,15,82
5531,18,15,0,19,52
5534,0,16,15,19,50
5537,0,32,15,19,66
5538,0,16,15,19,50
5539,0,34,0,17,51
5541,0,35,14,14,63
5543,14,14,0,19,47
5544,14,35,16,20,85
5545,0,35,16,20,71
5546,0,16,16,20,52
5547,16,20,46,19,101
5548,20,31,15,19,85
5549,16,15,15,19,65
5550,0,15,15,19,49
5551,34,34,16,15,99
5553,0,34,16,15,65
5554,35,15,0,16,66
5555,16,15,0,16,47
5556,15,36,0,15,66
5557,0,36,0,15,51
5558,0,20,0,15,35
5561,0,34,0,16,50
5563,0,34,16,16,66
5564,0,18,16,16,50
5565,16,16,19,17,68
5567,0,36,0,16,52
5568,17,31,19,15,82
5569,16,15,19,15,65
5571,19,15,0,17,51
5572,15,33,0,16,64
5573,0,33,0,16,49
5574,0,16,0,16,32
5577,0,36,16,14,66
5578,0,19,16,14,49
5580,0,14,0,17,31
5582,0,16,0,19,35
5584,0,16,17,17,50
5587,0,32,34,15,81
5588,15,34,0,15,64
5589,0,34,0,15,49
5590,15,35,16,15,81
5593,0,31,0,17,48
5594,0,15,0,17,32
5595,0,34,16,19,69
5599,0,31,52,15,98
5600,15,35,17,15,82
5601,0,35,17,15,67
5602,19,32,0,18,69
5604,15,31,36,15,97
5605,0,31,36,15,82
5608,15,32,19,16,82
5610,0,17,19,16,52
5611,35,33,0,16,84
5613,0,33,0,16,49
5614,16,35,17,16,84
5615,0,35,17,16,68
5618,0,16,49,18,83
5620,0,32,0,18,50
5621,0,18,0,16,34
5622,11,31,0,23,65
5623,0,31,0,23,54
5625,0,35,11,22,68
5626,0,12,11,22,45
5629,0,34,16,16,66
5630,0,17,16,16,49
5631,16,16,0,17,49
5632,16,34,16,16,82
5633,0,34,16,16,66
5635,0,32,49,20,101
5637,0,34,15,20,69
5638,0,17,15,20,52
5640,20,30,0,17,67
5641,0,30,0,17,47
5642,0,16,0,17,33
5643,0,34,0,17,51
5644,17,34,0,16,67
5645,34,34,0,17,85
5646,0,17,0,16,33
5648,0,18,0,17,35
5652,16,35,0,15,66
5653,0,35,0,15,50
5654,19,34,0,14,67
5655,0,34,0,14,48
5657,0,31,0,18,49
5658,0,17,0,18,35
5661,0,31,0,17,48
5663,0,34,0,17,51
5664,0,17,0,17,34
5665,0,33,0,16,49
5666,0,16,0,16,32
5667,0,32,19,21,72
5668,0,16,19,21,56
5669,0,40,0,10,50
5671,28,33,0,18,79
5672,18,33,0,18,69
5673,17,16,0,18,51
5675,0,34,36,12,82
5677,0,36,46,18,100
5678,19,33,13,18,83
5679,0,33,13,18,64
5680,0,21,13,18,52
5681,13,18,18,14,63
5682,0,18,18,14,50
5684,0,14,0,20,34
5686,0,16,17,16,49
5687,0,33,0,16,49
5689,0,33,16,16,65
5690,0,17,16,16,49
5691,16,16,0,19,51
5693,0,32,21,16,69
5695,21,16,16,17,70
5697,0,33,0,16,49
5698,0,17,0,16,33
5699,0,33,16,17,66
5700,0,17,16,17,50
5703,0,33,0,18,51
5704,0,16,0,18,34
5705,18,16,17,17,68
5706,0,16,17,17,50
5707,0,34,0,14,48
5708,0,17,0,14,31
5709,0,34,0,16,50
5710,0,20,0,16,36
5712,0,13,18,18,49
5713,36,34,16,18,104
5715,0,34,16,18,68
5716,0,19,16,18,53
5717,34,31,0,19,84
5719,0,31,0,19,50
5721,0,33,0,17,50
5722,0,14,0,17,31
5723,0,34,0,15,49
5724,0,17,0,15,32
5729,0,34,0,17,51
5731,0,37,0,14,51
5732,0,20,0,14,34
5733,0,28,19,15,62
5736,15,35,18,12,80
5737,0,35,18,12,65
5738,16,30,19,18,83
5739,0,30,19,18,67
5741,19,18,17,15,69
5742,18,32,17,19,86
5743,0,32,17,19,68
5744,0,15,17,19,51
5746,19,30,18,16,83
5748,49,35,0,15,99
5751,0,35,0,15,50
5752,19,32,16,19,86
5753,0,32,16,19,67
5755,0,35,0,15,50
5756,19,34,0,15,68
5757,0,34,0,15,49
5758,0,19,0,15,34
5759,0,31,0,19,50
5760,0,16,0,19,35
5763,0,34,31,16,81
5765,0,31,0,16,47
5766,0,15,0,16,31
5767,0,37,0,16,53
5768,0,21,0,16,37
5769,0,32,0,16,48
5770,16,33,16,24,89
5773,0,40,0,5,45
5774,0,24,0,5,29
5778,16,33,0,19,68
5783,0,35,46,18,99
5784,0,18,46,18,82
5785,0,31,15,18,64
5786,17,33,17,17,84
5787,0,33,17,17,67
5788,0,18,17,17,52
5789,0,34,48,20,102
5791,0,33,15,20,68
5792,0,11,15,20,46
5793,0,35,32,16,83
5794,0,20,32,16,68
5795,17,15,16,16,64
5796,0,15,16,16,47
5797,0,32,16,18,66
5798,0,16,16,18,50
5799,0,34,15,19,68
5800,0,18,15,19,52
5801,0,34,0,16,50
5802,19,33,0,16,68
5803,0,33,0,16,49
5804,0,17,0,16,33
5805,0,35,14,18,67
5806,0,19,14,18,51
5807,0,32,0,16,48
5808,0,18,0,16,34
5809,0,32,19,15,66
5811,0,34,0,16,50
5813,0,32,0,18,50
5816,0,16,0,16,32
5817,0,32,37,16,85
5818,0,16,37,16,69
5819,0,37,0,16,53
5820,18,33,15,18,84
5821,0,33,15,18,66
5823,0,33,0,16,49
5824,18,31,19,15,83
5826,0,15,19,15,49
5827,0,34,0,16,50
5828,15,33,16,19,83
5829,0,33,16,19,68
5830,0,17,16,19,52
5831,0,35,33,18,86
5832,19,33,0,18,70
5834,16,35,13,21,85
5835,69,29,18,15,131
5836,0,17,13,21,51
5840,0,13,18,15,46
5842,0,15,0,21,36
5843,0,36,0,20,56
5844,0,15,0,20,35
5845,34,33,0,16,83
5846,14,33,0,16,63
5848,0,17,0,16,33
5849,0,32,0,16,48
5850,0,16,0,16,32
5854,0,17,0,17,34
5856,0,15,0,17,32
5857,0,33,0,16,49
5858,0,16,0,16,32
5859,0,32,34,17,83
5860,0,16,34,17,67
5861,0,34,0,17,51
5862,0,15,0,17,32
5863,0,36,30,16,82
5864,0,19,30,16,65
5865,0,30,0,16,46
5866,15,35,0,16,66
5867,0,35,0,16,51
5868,0,19,0,16,35
5869,0,33,18,15,66
5870,0,17,18,15,50
5871,0,33,0,16,49
5872,15,32,0,20,67
5874,0,16,0,20,36
5875,0,35,0,16,51
5876,15,35,15,15,80
5877,16,19,15,15,65
5880,15,34,0,17,66
5881,0,34,0,17,51
5882,0,15,0,17,32
5883,0,34,16,19,69
5884,0,17,16,19,52
5885,0,35,0,14,49
5886,0,19,0,14,33
5888,0,17,34,19,70
5889,0,34,0,19,53
5890,0,16,0,19,35
5891,0,32,20,17,69
5892,13,37,0,17,67
5893,0,37,0,17,54
5894,0,17,0,17,34
5896,0,13,19,16,48
5897,19,16,16,20,71
5898,16,36,18,12,82
5899,0,36,18,12,66
5900,0,20,18,12,50
5901,0,30,17,17,64
5902,12,34,0,16,62
5903,0,34,0,16,50
5904,17,33,15,20,85
5905,0,33,15,20,68
5906,0,17,15,20,52
5907,0,35,64,17,116
5909,0,32,17,15,64
5910,16,32,52,17,117
5911,32,36,16,17,101
5912,15,36,16,17,84
5914,0,19,16,17,52
5918,0,16,0,16,32
5919,32,35,17,13,97
5920,0,16,52,13,81
5922,0,19,17,13,49
5923,0,30,0,18,48
5924,13,34,20,16,83
5926,16,36,0,16,68
5927,0,36,0,16,52
5928,0,16,0,16,32
5930,0,18,16,16,50
5931,0,32,0,17,49
5935,32,33,19,17,101
5936,15,33,19,17,84
5937,0,33,19,17,69
5938,16,36,0,16,68
5941,0,31,20,15,66
5942,0,15,20,15,50
5945,0,32,0,16,48
5946,0,15,0,16,31
5947,0,32,0,20,52
5948,0,16,0,20,36
5949,0,35,16,18,69
5951,16,18,32,16,82
5952,18,32,36,13,99
5953,0,32,36,13,81
5954,17,36,0,13,66
5956,0,20,0,13,33
5957,0,34,14,19,67
5959,14,19,16,15,64
5960,0,19,16,15,50
5961,16,15,16,19,66
5962,0,15,16,19,50
5963,16,19,0,16,51
5964,19,31,19,14,83
5967,0,33,19,15,67
5970,15,33,0,17,65
5971,0,33,0,17,50
5973,0,33,0,16,49
5974,0,16,0,16,32
5976,0,20,14,18,52
5978,18,32,0,20,70
5979,0,32,0,20,52
5980,10,34,18,19,81
5981,0,34,18,19,71
5982,0,14,18,19,51
5983,18,19,0,11,48
5985,0,32,0,15,47
5986,21,31,68,16,136
5987,0,31,68,16,115
5988,0,16,68,16,100
5989,0,34,17,17,68
5990,15,34,0,16,65
5992,17,32,16,19,84
5993,0,32,16,19,67
5994,0,16,16,19,51
5995,0,35,17,17,69
5996,19,34,16,16,85
5997,0,34,16,16,66
