序号,发送->接收,接收->转发,转发->接收,接收->处理,总计
2,66,17,65,17,165
3,69,31,67,18,185
4,66,16,67,18,167
5,51,16,67,18,152
7,65,33,68,17,183
8,67,16,68,17,168
9,67,34,51,16,168
11,51,16,51,16,134
12,66,18,66,16,166
13,50,18,66,16,150
14,67,16,66,17,166
16,68,16,68,15,167
17,66,33,67,30,196
20,66,18,62,12,158
21,68,32,58,17,175
22,67,17,58,17,159
23,50,17,58,17,142
24,80,28,66,17,191
25,62,28,66,17,173
26,59,16,66,17,158
27,58,34,66,16,174
30,66,34,69,14,183
31,66,17,69,14,166
33,67,17,50,16,150
35,66,20,80,17,183
36,69,30,67,17,183
39,67,16,68,15,166
40,63,34,69,16,182
41,66,17,69,16,168
42,67,34,66,18,185
43,67,17,66,18,168
44,68,35,65,16,184
45,66,20,65,16,167
46,69,31,50,17,167
47,52,31,50,17,150
48,66,34,51,16,167
49,69,16,51,16,152
50,65,33,67,17,182
52,50,17,67,17,151
53,67,16,68,16,167
55,66,18,51,16,151
56,67,35,65,17,184
57,66,18,65,17,166
58,68,32,50,17,167
59,53,32,50,17,152
61,66,17,66,16,165
64,50,17,68,14,149
66,66,36,64,17,183
67,65,20,64,17,166
68,68,32,65,18,183
70,68,32,67,18,185
71,67,17,67,18,169
73,67,16,67,17,167
74,65,34,66,17,182
75,68,16,66,17,167
76,67,33,68,17,185
77,68,15,68,17,168
78,52,15,68,17,152
80,66,35,65,18,184
81,65,18,65,18,166
83,68,16,67,15,166
86,65,35,65,18,183
87,66,17,65,18,166
89,65,17,51,16,149
90,67,33,68,16,184
91,67,15,68,16,166
92,65,34,67,17,183
94,51,16,67,17,151
95,49,34,50,15,148
97,66,17,66,16,165
100,50,15,67,16,148
101,66,17,67,18,168
102,66,33,70,14,183
103,65,17,70,14,166
106,67,36,63,18,184
107,69,18,63,18,168
108,70,32,65,17,184
109,68,18,65,17,168
110,68,31,67,16,182
111,67,14,67,16,164
112,63,34,67,16,180
115,65,16,66,17,164
117,65,18,65,19,167
118,67,32,52,17,168
119,66,16,52,17,151
120,66,33,51,17,167
121,67,16,51,17,151
123,68,17,65,19,169
127,66,16,68,17,167
128,65,32,71,14,182
129,69,13,71,14,167
130,52,13,71,14,150
131,68,16,65,19,168
132,68,35,63,19,185
133,66,18,63,19,166
135,65,16,52,17,150
136,49,16,52,17,134
137,67,14,54,32,167
138,63,36,66,14,179
140,52,17,66,14,149
141,68,32,66,18,184
142,54,32,66,18,170
143,67,16,68,15,166
144,50,16,68,15,149
146,50,20,64,17,151
151,65,17,68,17,167
152,64,33,52,18,167
153,66,16,52,18,152
154,67,35,66,20,188
156,51,17,66,20,154
157,51,35,51,13,150
158,52,18,51,13,134
159,52,31,69,17,169
161,69,13,68,15,165
162,51,13,68,15,147
163,50,36,67,29,182
164,69,32,64,18,183
165,66,15,64,18,163
166,53,15,64,18,150
167,50,35,63,18,166
169,61,18,69,15,163
170,64,34,66,19,183
171,67,16,66,19,168
172,63,35,50,16,164
173,52,35,50,16,153
175,66,35,89,10,200
176,66,19,89,10,184
177,67,16,73,10,166
181,89,28,66,17,200
182,73,28,66,17,184
183,58,28,66,17,169
185,76,10,64,16,166
186,53,10,64,16,143
189,58,16,67,16,157
190,64,33,67,16,180
191,66,17,67,16,166
192,66,34,67,16,183
193,66,17,67,16,166
194,67,33,66,17,183
196,67,34,67,16,184
198,67,32,67,17,183
199,67,16,67,17,167
201,67,18,65,17,167
203,67,16,67,16,166
204,51,16,67,16,150
205,67,16,68,16,167
206,65,34,66,16,181
207,66,17,66,16,165
208,67,34,65,18,184
209,66,18,65,18,167
210,68,32,68,16,184
211,51,32,68,16,167
212,50,16,68,16,150
214,65,35,67,16,183
216,51,17,67,16,151
220,67,32,67,16,182
221,51,32,67,16,166
223,65,18,66,17,166
224,66,33,67,16,182
225,66,17,67,16,166
226,67,33,67,16,183
228,66,34,67,17,184
229,67,17,67,17,168
231,67,17,67,16,167
232,50,17,67,16,150
234,67,33,64,19,183
235,68,16,64,19,167
237,51,34,68,14,167
239,65,34,66,18,183
241,67,19,65,18,169
242,68,31,52,15,166
243,53,31,52,15,151
245,66,18,66,17,167
246,65,33,66,16,180
247,51,33,66,16,166
249,51,33,67,17,168
251,65,16,51,15,147
254,67,32,68,17,184
255,67,15,68,17,167
256,51,15,68,17,151
257,67,16,69,15,167
258,65,35,65,17,182
260,68,34,64,18,184
263,65,16,67,17,165
264,65,33,69,16,183
265,65,16,69,16,166
267,67,16,67,18,168
269,67,18,65,19,169
270,51,18,65,19,153
271,67,16,71,12,166
272,67,33,50,16,166
274,50,15,50,16,131
277,53,28,69,16,166
278,50,16,69,16,151
280,62,35,67,15,179
281,68,17,67,15,167
282,52,17,67,15,151
283,66,17,68,16,167
284,51,17,68,16,152
285,67,17,66,16,166
289,67,16,66,17,166
290,66,33,50,16,165
293,66,16,84,16,182
294,50,16,84,16,166
295,50,33,67,17,167
296,50,16,67,17,150
297,66,17,67,16,166
298,67,33,66,18,184
299,67,16,66,18,167
301,50,34,67,16,167
302,67,32,69,15,183
303,66,16,69,15,166
306,67,34,66,16,183
309,66,17,67,16,166
310,66,34,66,17,183
311,67,17,66,17,167
312,66,33,66,16,181
313,67,17,66,16,166
314,67,33,66,18,184
315,66,17,66,18,167
318,66,33,68,15,182
319,66,17,68,15,166
320,66,34,67,17,184
321,67,16,67,17,167
322,51,16,67,17,151
324,68,33,66,17,184
325,65,18,66,17,166
326,67,34,65,19,185
327,67,17,65,19,168
328,67,32,52,15,166
329,68,16,52,15,151
331,66,16,67,16,165
333,68,15,66,18,167
334,52,15,66,18,151
335,66,17,67,18,168
337,64,17,52,16,149
339,68,16,67,17,168
343,50,33,67,17,167
344,67,32,52,16,167
345,66,15,52,16,149
346,65,35,83,16,199
347,67,18,83,16,184
348,67,33,66,18,184
350,52,16,66,18,152
351,51,34,66,18,169
354,66,34,66,16,182
355,68,16,66,16,166
358,52,15,66,16,149
360,66,33,67,16,182
362,66,34,66,17,183
365,66,18,66,18,168
366,67,33,51,16,167
367,51,33,51,16,151
369,68,16,69,15,168
372,51,16,67,16,150
373,68,17,66,17,168
374,69,32,66,17,184
375,66,17,66,17,166
376,67,34,65,18,184
377,65,18,65,18,166
378,66,32,67,18,183
381,67,16,52,16,151
382,65,34,66,19,184
385,68,16,67,17,168
386,52,16,67,17,152
390,67,32,68,16,183
393,66,16,67,16,165
394,66,34,68,15,183
397,66,17,66,17,166
398,67,35,64,18,184
401,67,16,67,17,167
402,50,16,67,17,150
403,67,16,67,17,167
404,64,34,67,16,181
405,67,16,67,16,166
406,67,33,68,15,183
407,67,16,68,15,166
409,66,17,67,15,165
410,67,34,67,26,194
412,68,33,60,4,165
413,51,33,60,4,148
415,66,19,65,18,168
416,67,30,68,18,183
417,52,30,68,18,168
418,60,4,68,18,150
419,68,16,68,16,168
420,65,33,67,16,181
421,57,15,67,16,155
422,68,35,65,17,185
424,68,32,67,16,183
425,66,16,67,16,165
427,65,17,68,17,167
429,66,17,66,17,166
430,67,34,65,18,184
431,67,18,65,18,168
433,68,15,67,17,167
434,51,15,67,17,150
435,67,16,51,17,151
437,66,16,67,16,165
438,67,34,66,18,185
439,67,17,66,18,168
442,50,17,66,18,151
444,66,33,68,15,182
445,68,15,68,15,166
446,66,34,66,17,183
447,68,16,66,17,167
448,67,34,64,19,184
450,68,32,68,16,184
451,65,17,68,16,166
453,66,15,70,14,165
456,68,34,65,17,184
457,51,34,65,17,167
460,66,33,68,15,182
461,66,17,68,15,166
462,65,34,67,17,183
463,68,17,67,17,169
464,50,17,67,17,151
467,66,18,67,15,166
468,67,33,66,18,184
469,68,16,66,18,168
470,66,34,65,18,183
471,68,17,65,18,168
472,67,32,67,15,181
473,50,32,67,15,164
474,66,33,67,17,183
475,67,15,67,17,166
476,65,34,68,17,184
477,50,34,68,17,169
478,67,33,52,15,167
479,64,18,52,15,149
480,67,35,66,16,184
482,68,32,66,16,182
483,53,32,66,16,167
484,52,15,66,16,149
485,66,18,67,15,166
486,66,32,68,16,182
488,66,35,67,19,187
490,67,33,53,29,182
492,50,18,53,29,150
493,52,34,66,15,167
494,67,48,68,16,199
495,71,29,68,16,184
497,66,18,66,15,165
499,62,18,67,16,163
500,70,33,66,16,185
502,66,34,65,19,184
503,66,19,65,19,169
504,67,32,66,19,184
506,66,33,67,18,184
508,65,33,68,18,184
509,68,14,68,18,168
511,69,15,67,34,185
514,68,33,68,16,185
515,67,15,68,16,166
516,67,34,66,16,183
517,62,21,66,16,165
518,67,34,66,16,183
519,49,34,66,16,165
523,66,18,72,28,184
524,66,34,66,20,186
525,66,18,66,20,170
526,68,38,64,31,201
527,67,23,64,31,185
528,72,28,67,16,183
529,56,28,67,16,167
531,71,16,81,16,184
532,64,31,66,17,178
533,58,31,66,17,172
534,67,33,65,17,182
536,64,33,66,17,180
538,66,32,51,17,166
539,67,15,51,17,150
541,65,17,68,16,166
542,66,34,50,16,166
544,51,17,50,16,134
545,68,17,66,16,167
546,68,32,67,18,185
548,50,16,67,18,151
552,67,35,65,17,184
553,67,17,65,17,166
554,51,17,65,17,150
555,68,16,68,17,169
556,51,16,68,17,152
558,65,35,66,17,183
559,66,18,66,17,167
560,68,32,67,16,183
563,67,17,66,17,167
565,66,16,66,17,165
566,67,33,67,17,184
567,50,33,67,17,167
568,66,33,68,15,182
569,66,16,68,15,165
570,66,34,67,16,183
571,67,17,67,16,167
574,51,17,66,16,150
575,66,18,65,17,166
576,67,33,65,17,182
577,66,17,65,17,165
578,66,32,68,17,183
579,51,32,68,17,168
581,66,16,69,16,167
582,65,35,66,18,184
583,66,18,66,18,168
584,68,34,50,16,168
587,68,16,67,16,167
588,66,34,66,16,182
589,67,16,66,16,165
590,50,16,66,16,148
591,50,33,67,16,166
594,66,34,65,18,183
595,66,18,65,18,167
596,67,33,67,15,182
597,67,17,67,15,166
598,50,17,67,15,149
599,65,18,70,15,168
600,65,35,66,18,184
601,67,17,66,18,168
603,53,35,64,17,169
604,70,31,50,18,169
605,52,31,50,18,151
606,66,33,66,18,183
607,69,15,66,18,168
608,64,35,65,17,181
609,66,18,65,17,166
610,50,18,65,17,150
612,66,34,69,16,185
613,67,16,69,16,168
614,65,35,65,18,183
615,66,18,65,18,167
616,69,34,64,17,184
619,52,31,68,15,166
620,50,15,68,15,148
622,64,35,66,17,182
624,68,33,67,14,182
626,68,33,67,16,184
627,67,17,67,16,167
628,66,34,65,18,183
630,67,33,67,16,183
631,51,33,67,16,167
632,67,32,68,16,183
633,50,32,68,16,166
636,67,33,67,16,183
638,68,33,67,17,185
639,66,17,67,17,167
640,66,34,50,16,166
641,66,18,50,16,150
642,67,33,66,18,184
643,67,17,66,18,168
645,51,33,67,16,167
646,50,16,67,16,149
647,66,17,67,16,166
649,67,16,67,16,166
650,67,33,66,17,183
653,65,18,66,16,165
655,51,32,67,18,168
656,66,34,67,16,183
658,66,33,66,34,199
660,67,34,66,16,183
661,68,16,66,16,166
662,67,32,68,16,183
666,66,34,50,16,166
667,66,18,50,16,150
668,50,18,50,16,134
669,54,33,66,17,170
672,50,16,68,15,149
674,66,35,65,17,183
676,68,32,67,16,183
677,65,17,67,16,165
678,67,33,68,16,184
679,67,16,68,16,167
680,65,34,67,15,181
684,68,33,67,16,184
686,50,17,67,16,150
687,66,19,65,17,167
688,67,33,66,16,182
690,67,32,71,13,183
691,68,16,71,13,168
692,65,34,66,18,183
693,67,17,66,18,168
694,66,37,63,17,183
695,66,21,63,17,167
698,66,34,67,17,184
699,68,16,67,17,168
700,63,34,66,17,180
701,50,34,66,17,167
702,51,17,66,17,151
703,50,33,50,16,149
705,67,16,66,19,168
707,67,16,52,17,152
708,50,16,52,17,135
709,65,17,68,15,165
710,66,36,65,17,184
714,68,33,66,17,184
717,51,32,51,17,151
718,65,34,68,17,184
719,67,17,68,17,169
720,66,34,67,17,184
721,66,17,67,17,167
722,51,17,67,17,152
723,51,34,67,15,167
724,68,33,65,18,184
725,68,16,65,18,167
726,67,34,66,15,182
728,67,31,69,15,182
729,65,16,69,15,165
730,65,35,66,18,184
731,66,17,66,18,167
732,66,34,66,17,183
734,69,32,51,17,169
735,66,17,51,17,151
737,69,16,66,17,168
738,66,34,66,17,183
739,68,17,66,17,168
741,66,16,66,18,166
742,66,34,65,18,183
743,66,17,65,18,166
744,66,32,51,17,166
745,67,15,51,17,150
746,66,33,67,18,184
747,67,15,67,18,167
748,65,35,66,18,184
749,66,17,66,18,167
751,65,17,52,16,150
753,67,16,66,18,167
754,66,34,65,18,183
755,69,16,65,18,168
757,65,17,68,19,169
758,66,33,54,15,168
759,66,15,54,15,150
760,65,35,65,17,182
761,68,17,65,17,167
762,68,34,66,15,183
764,54,15,66,15,150
766,65,35,66,17,183
768,66,33,65,17,181
769,66,18,65,17,166
770,68,33,66,18,185
771,67,17,66,18,168
772,66,32,67,18,183
774,65,34,66,19,184
776,66,33,52,17,168
777,67,15,52,17,151
778,67,33,85,16,201
779,68,15,85,16,184
780,66,36,65,18,185
783,51,33,65,18,167
784,69,32,67,16,184
785,66,16,67,16,165
786,65,33,68,16,182
787,50,33,68,16,167
788,65,34,67,16,182
789,67,16,67,16,166
790,67,34,69,13,183
791,65,18,69,13,165
793,66,17,65,18,166
794,67,36,63,18,184
795,51,36,63,18,168
796,69,29,68,16,182
797,53,29,68,16,166
798,65,34,67,17,183
800,63,34,67,16,180
801,68,16,67,16,167
803,66,17,66,18,167
804,67,34,66,18,185
805,66,17,66,18,167
806,67,32,52,16,167
808,66,34,68,15,183
809,67,16,68,15,166
810,66,34,65,18,183
812,52,16,65,18,151
814,68,31,69,15,183
816,65,35,66,17,183
817,67,17,66,17,167
818,66,34,65,17,182
819,51,34,65,17,167
820,69,32,50,17,168
822,66,33,67,15,181
823,68,16,67,15,166
825,67,17,66,18,168
826,50,17,66,18,151
827,66,17,51,15,149
828,67,33,68,15,183
830,66,33,68,15,182
831,68,15,68,15,166
832,51,15,68,15,149
833,68,18,66,18,170
836,68,33,67,16,184
837,66,18,67,16,167
839,51,33,67,17,168
840,51,15,67,17,150
843,65,17,67,15,164
844,67,34,65,17,183
845,67,17,65,17,166
847,51,33,66,17,167
848,67,32,67,17,183
850,65,34,50,17,166
851,67,17,50,17,151
852,66,33,68,16,183
854,51,16,68,16,151
855,67,17,66,18,168
858,68,32,50,19,169
859,67,16,50,19,152
860,66,33,68,16,183
861,68,15,68,16,167
862,65,36,66,15,182
863,66,19,66,15,166
864,50,19,66,15,150
866,68,34,65,18,185
867,67,18,65,18,168
868,66,33,65,17,181
870,67,32,68,16,183
871,69,14,68,16,167
872,51,14,68,16,149
873,68,15,68,15,166
875,64,18,65,19,166
876,50,18,65,19,152
877,66,17,66,17,166
879,66,17,67,18,168
881,68,15,66,16,165
883,68,16,68,16,168
885,66,15,68,16,165
887,65,19,66,17,167
888,68,33,50,16,167
889,66,17,50,16,149
891,52,33,66,17,168
893,67,16,69,16,168
894,50,16,69,16,151
897,66,19,65,16,166
898,69,31,68,15,183
902,65,34,66,17,182
903,65,18,66,17,166
904,68,33,66,16,183
905,52,33,66,16,167
906,67,33,66,19,185
908,66,33,67,16,182
913,68,15,65,36,184
914,67,33,68,15,183
915,67,17,68,15,167
916,67,32,68,17,184
917,64,16,68,17,165
921,52,32,66,18,168
922,51,17,66,18,152
923,52,32,67,18,169
925,67,16,66,17,166
926,66,33,67,17,183
927,67,15,67,17,166
928,52,15,67,17,151
929,67,15,68,17,167
930,51,15,68,17,151
931,65,17,66,35,183
932,67,34,67,17,185
935,51,32,52,15,150
936,51,15,52,15,133
939,67,15,68,16,166
940,52,15,68,16,151
942,65,35,66,17,183
944,68,33,50,16,167
945,50,33,50,16,149
946,68,33,67,16,184
948,66,33,67,17,183
949,67,16,67,17,167
950,50,16,67,17,150
951,65,18,66,17,166
954,67,33,50,18,168
955,68,16,50,18,152
956,50,16,50,18,134
957,67,16,67,18,168
958,50,16,67,18,151
960,50,18,65,18,151
962,67,33,68,16,184
963,68,15,68,16,167
964,50,15,68,16,149
965,67,16,66,18,167
966,51,16,66,18,151
967,66,17,66,16,165
968,68,32,66,18,184
969,66,16,66,18,166
970,50,16,66,18,150
971,67,16,66,18,167
973,66,16,68,17,167
974,66,34,68,17,185
978,68,34,66,18,186
980,68,33,66,17,184
983,66,17,66,17,166
984,49,17,66,17,149
986,51,15,68,15,149
989,65,18,67,16,166
990,50,18,67,16,151
991,66,18,67,15,166
992,68,34,66,16,184
993,66,19,66,16,167
994,67,33,66,16,182
995,68,17,66,16,167
996,67,33,67,16,183
999,66,17,67,17,167
1001,51,34,65,18,168
1002,67,33,66,16,182
1003,51,33,66,16,166
1005,51,32,67,18,168
1006,65,34,51,15,165
1007,67,16,51,15,149
1008,66,33,66,19,184
1010,67,33,68,16,184
1012,51,15,68,16,150
1013,69,14,68,16,167
1014,52,14,68,16,150
1015,67,16,66,16,165
1016,68,33,66,18,185
1017,65,17,66,18,166
1018,68,33,68,14,183
1019,65,17,68,14,164
1020,66,33,68,16,183
1022,66,35,65,17,183
1023,68,17,65,17,167
1024,68,33,65,17,183
1025,52,33,65,17,167
1026,68,32,68,15,183
1027,66,16,68,15,165
1028,65,33,66,18,182
1029,68,16,66,18,168
1030,65,35,67,16,183
1031,66,18,67,16,167
1032,68,31,68,17,184
1033,51,31,68,17,167
1034,66,36,67,14,183
1035,67,18,67,14,166
1036,67,32,67,17,183
1037,68,16,67,17,168
1038,52,16,67,17,152
1039,50,35,65,17,167
1040,67,32,67,16,182
1041,65,18,67,16,166
1042,67,33,50,17,167
1043,67,16,50,17,150
1046,67,33,50,16,166
1048,50,17,50,16,133
1049,66,17,66,18,167
1051,67,16,51,17,151
1052,50,16,51,17,134
1053,50,33,67,16,166
1054,51,15,67,16,149
1055,67,17,66,16,166
1056,51,17,66,16,150
1057,66,16,68,16,166
1061,66,18,66,16,166
1062,68,34,66,16,184
1064,50,18,66,16,150
1066,66,34,66,16,182
1068,66,31,69,15,181
1069,52,31,69,15,167
1070,65,35,66,17,183
1071,68,16,66,17,167
1072,66,34,65,18,183
1074,69,32,68,16,185
1075,65,17,68,16,166
1076,66,33,70,15,184
1078,65,35,66,18,184
1079,68,17,66,18,169
1080,68,35,63,18,184
1082,70,31,66,16,183
1083,67,16,66,16,165
1084,66,32,67,19,184
1085,50,32,67,19,168
1086,63,34,67,17,181
1087,66,16,67,17,166
1088,66,33,67,18,184
1090,50,17,67,18,152
1094,51,16,67,18,152
1095,66,17,66,17,166
1096,51,17,66,17,151
1098,67,34,66,17,184
1101,52,32,67,17,168
1102,51,15,67,17,150
1103,66,16,67,16,165
1104,66,33,67,16,182
1105,66,16,67,16,165
1106,67,34,66,17,184
1107,66,17,66,17,166
1108,50,17,66,17,150
1109,66,17,66,18,167
1110,50,17,66,18,151
1113,67,16,67,18,168
1114,66,34,51,17,168
1115,68,16,51,17,152
1116,51,16,51,17,135
1117,50,33,67,17,167
1119,67,17,66,16,166
1120,51,17,66,16,150
1121,69,15,66,17,167
1122,52,15,66,17,150
1123,66,17,67,15,165
1124,66,32,67,19,184
1125,65,16,67,19,167
1126,66,35,51,14,166
1128,67,32,67,19,185
1129,66,17,67,19,169
1130,67,33,53,16,169
1133,69,15,67,17,168
1134,52,15,67,17,151
1135,67,16,65,18,166
1137,65,17,67,16,165
1139,65,16,67,17,165
1140,65,34,65,18,182
1142,51,16,65,18,150
1143,66,17,66,16,165
1144,50,17,66,16,149
1145,66,15,68,16,165
1146,65,34,67,16,182
1147,67,16,67,16,166
1154,66,35,65,19,185
1157,68,16,52,14,150
1158,67,33,66,18,184
1159,51,33,66,18,168
1160,65,33,51,16,165
1161,68,14,51,16,149
1164,51,15,70,16,152
1168,52,18,65,16,151
1171,51,32,66,18,167
1173,65,18,65,19,167
1176,66,33,67,17,183
1177,50,33,67,17,167
1178,65,34,68,15,182
1179,69,15,68,15,167
1180,52,15,68,15,150
1182,67,35,66,15,183
1183,65,18,66,15,164
1185,52,33,66,15,166
1187,51,33,66,17,167
1189,66,18,67,17,168
1191,64,18,68,15,165
1192,66,34,65,18,183
1193,68,17,65,18,168
1195,52,34,65,18,169
1196,51,17,65,18,151
1197,66,16,68,15,165
1198,65,34,68,16,183
1199,66,16,68,16,166
1201,50,34,67,16,167
1202,52,16,67,16,151
1203,65,19,65,18,167
1204,68,33,65,17,183
1205,50,33,65,17,165
1206,67,32,67,17,183
1208,65,33,68,17,183
1209,67,15,68,17,167
1210,65,34,67,17,183
1211,66,17,67,17,167
1213,66,17,69,15,167
1216,51,16,51,15,133
1217,67,19,81,17,184
1218,69,30,68,16,183
1219,52,30,68,16,166
1220,51,15,68,16,150
1221,67,17,66,16,166
1223,66,17,67,16,166
1224,68,33,68,15,184
1225,66,17,68,15,166
1226,66,34,67,15,182
1228,67,34,64,17,182
1229,67,18,64,17,166
1230,68,33,67,16,184
1231,67,18,67,16,168
1232,67,31,68,15,181
1233,66,16,68,15,165
1235,66,19,64,16,165
1236,67,32,66,19,184
1239,51,32,53,16,152
1240,64,34,68,15,181
1242,66,35,65,18,184
1243,51,35,65,18,169
1244,53,16,65,18,152
1245,53,33,66,17,169
1246,68,32,67,16,183
1247,64,17,67,16,164
1249,69,16,66,17,168
1250,66,33,66,17,182
1251,51,33,66,17,167
1252,51,16,66,17,150
1253,65,17,68,15,165
1257,67,18,66,17,168
1258,50,18,66,17,151
1259,66,18,65,18,167
1260,50,18,65,18,151
1263,51,32,50,19,152
1264,65,34,68,16,183
1265,68,16,68,16,168
1266,66,35,64,18,183
1267,65,19,64,18,166
1268,50,19,64,18,151
1269,51,33,66,16,166
1270,68,31,51,16,166
1273,67,17,67,17,168
1274,66,32,69,15,182
1277,66,18,67,16,167
1278,67,34,65,19,185
1281,52,33,51,16,152
1283,66,16,67,18,167
1284,65,35,64,17,181
1285,69,16,64,17,166
1286,51,16,64,17,148
1287,51,32,67,16,166
1288,67,32,67,17,183
1289,66,14,67,17,164
1293,65,16,67,16,164
1297,67,16,67,17,167
1298,67,33,68,15,183
1299,66,17,68,15,166
1300,64,34,67,19,184
1301,68,15,67,19,169
1302,52,15,67,19,153
1303,68,17,52,14,151
1304,51,17,52,14,134
1306,67,33,67,16,183
1307,69,14,67,16,166
1309,51,33,67,17,168
1310,66,34,66,19,185
1311,66,15,66,19,166
1316,66,35,67,14,182
1317,69,16,67,14,166
1318,52,16,67,14,149
1319,51,32,67,16,166
1322,67,32,67,17,183
1323,52,32,67,17,168
1325,64,17,69,14,164
1327,69,16,67,15,167
1328,67,35,65,16,183
1330,69,32,66,16,183
1331,65,18,66,16,165
1332,67,33,66,17,183
1335,51,33,67,17,168
1336,66,33,51,17,167
1337,67,17,51,17,152
1338,66,34,67,17,184
1339,50,34,67,17,168
1340,67,34,66,17,184
1341,68,17,66,17,168
1343,51,33,67,14,165
1344,67,33,67,17,184
1346,66,34,66,16,182
1347,68,17,66,16,167
1348,67,33,66,16,182
1349,64,19,66,16,165
1350,67,33,67,15,182
1352,50,16,67,15,148
1354,66,34,66,16,182
1355,65,18,66,16,165
1356,67,34,66,16,183
1357,51,34,66,16,167
1359,66,18,65,17,166
1360,66,34,66,16,182
1361,51,34,66,16,167
1362,66,31,69,16,182
1364,65,35,66,18,184
1366,66,34,66,16,182
1367,66,18,66,16,166
1368,51,18,66,16,151
1369,52,32,65,20,169
1371,68,16,66,17,167
1373,66,35,67,15,183
1374,65,20,67,15,167
1375,67,15,67,17,166
1376,66,33,68,17,184
1378,52,16,68,17,153
1379,67,15,67,17,166
1380,67,34,66,17,184
1381,50,34,66,17,167
1382,68,33,66,18,185
1384,67,33,66,18,184
1385,67,16,66,18,167
1386,50,16,66,18,150
1388,66,33,68,17,184
1389,67,15,68,17,167
1391,67,16,68,15,166
1392,51,16,68,15,150
1393,65,18,66,17,166
1394,68,34,65,18,185
1395,67,17,65,18,167
1396,51,17,65,18,151
1397,67,17,51,17,152
1398,66,33,69,15,183
1399,66,16,69,15,166
1400,65,35,66,16,182
1402,51,17,66,16,150
1403,51,34,64,17,166
1405,66,17,66,18,167
1407,65,16,52,16,149
1408,64,34,67,17,182
1409,66,17,67,17,167
1410,66,34,66,17,183
1411,50,34,66,17,167
1412,52,16,66,17,151
1413,51,33,67,17,168
1414,51,16,67,17,151
1415,66,16,67,16,165
1416,66,34,66,16,182
1418,67,33,67,16,183
1419,67,16,67,16,166
1421,66,17,68,15,166
1422,66,34,67,15,182
1423,65,18,67,15,165
1424,67,34,65,18,184
1428,67,32,67,17,183
1429,66,17,67,17,167
1430,65,36,65,15,181
1431,68,18,65,15,166
1432,68,31,67,16,182
1433,53,31,67,16,167
1434,51,16,67,16,150
1436,65,33,67,16,181
1438,67,33,67,16,183
1440,66,34,68,15,183
1441,68,17,68,15,168
1442,67,33,67,16,183
1443,67,17,67,16,167
1444,67,35,65,17,184
1446,68,32,66,17,183
1447,52,32,66,17,167
1448,67,33,66,17,183
1449,67,17,66,17,167
1451,67,16,68,15,166
1453,50,33,66,18,167
1454,50,16,66,18,150
1455,66,18,65,17,166
1456,68,31,67,17,183
1457,66,16,67,17,166
1460,65,33,69,15,182
1461,67,16,69,15,167
1462,67,35,66,33,201
1464,68,34,65,18,185
1465,67,18,65,18,168
1469,63,20,68,15,166
1471,68,16,67,17,168
1475,65,18,66,17,166
1477,68,16,66,17,167
1478,50,16,66,17,149
1480,66,33,67,16,182
1481,66,16,67,16,165
1482,66,33,68,16,183
1483,67,16,68,16,167
1484,66,34,67,17,184
1487,66,18,50,16,150
1488,68,33,66,16,183
1489,68,17,66,16,167
1490,67,33,67,15,182
1491,51,33,67,15,166
1492,50,16,67,15,148
1493,50,33,67,17,167
1494,66,34,67,16,183
1495,65,18,67,16,166
1496,67,33,67,17,184
1497,65,18,67,17,167
1499,68,17,66,17,168
1500,50,17,66,17,150
1501,52,33,66,16,167
1502,67,33,67,17,184
1503,67,16,67,17,167
1505,67,16,51,15,149
1507,65,18,66,17,166
1508,67,32,68,16,183
1509,67,15,68,16,166
1512,66,34,66,16,182
1513,66,17,66,16,165
1514,68,34,65,17,184
1515,66,18,65,17,166
1516,68,32,68,15,183
1518,66,33,67,17,183
1520,65,35,65,17,182
1521,67,18,65,17,167
1523,52,32,67,16,167
1524,67,33,68,16,184
1525,67,16,68,16,167
1526,65,34,50,18,167
1528,67,34,67,15,183
1529,66,18,67,15,166
1531,67,18,63,20,168
1533,52,33,65,17,167
1534,67,50,66,17,200
1535,66,35,66,17,184
1536,63,20,66,17,166
1538,50,15,68,16,149
1540,68,35,67,15,185
1542,68,32,67,17,184
1543,67,16,67,17,167
1544,51,16,67,17,151
1545,66,18,65,17,166
1546,67,32,68,16,183
1548,50,17,68,16,151
1549,67,16,67,34,184
1550,65,35,66,15,181
1552,68,32,68,16,184
1553,67,16,68,16,167
1554,67,34,66,18,185
1556,66,34,66,17,183
1557,65,19,66,17,167
1558,68,32,66,18,184
1560,66,34,50,17,167
1561,69,16,50,17,152
1563,67,15,68,16,166
1564,51,15,68,16,150
1565,66,17,66,15,164
1566,50,17,66,15,148
1568,68,33,67,17,185
1569,66,17,67,17,167
1570,66,33,51,16,166
1571,50,33,51,16,150
1572,66,34,83,16,199
1573,68,16,83,16,183
1576,51,16,66,16,149
1579,66,16,68,17,167
1582,67,34,66,16,183
1583,50,34,66,16,166
1585,52,32,68,17,169
1586,66,34,51,15,166
1590,68,32,66,18,184
1591,68,15,66,18,167
1592,51,15,66,18,150
1593,69,16,66,16,167
1596,66,35,67,16,184
1597,65,17,67,16,165
1600,70,32,66,16,184
1601,52,32,66,16,166
1603,67,17,67,17,168
1604,65,33,67,17,182
1606,66,34,66,16,182
1607,50,34,66,16,166
1608,67,33,66,17,183
1609,51,33,66,17,167
1611,68,16,66,17,167
1613,65,17,66,18,166
1615,66,16,67,18,167
1616,66,33,52,16,167
1617,67,16,52,16,151
1618,66,34,67,18,185
1619,67,16,67,18,168
1621,68,16,67,16,167
1623,66,17,66,20,169
1624,50,17,66,20,153
1625,67,16,65,17,165
1626,51,16,65,17,149
1629,68,13,51,17,149
1630,65,35,66,18,184
1632,68,33,65,18,184
1633,64,17,65,18,164
1634,51,17,65,18,151
1635,51,33,66,18,168
1636,66,32,52,16,166
1637,68,14,52,16,150
1639,67,16,67,18,168
1640,66,34,51,16,167
1641,66,16,51,16,149
1642,52,16,51,16,135
1643,66,17,66,18,167
1644,67,34,67,16,184
1645,67,16,67,16,166
1647,68,15,51,17,151
1648,66,35,83,17,201
1649,66,17,83,17,183
1653,66,17,68,15,166
1654,83,17,66,17,183
1655,67,17,66,17,167
1657,67,18,64,18,167
1658,68,32,67,16,183
1659,66,17,67,16,166
1660,66,32,68,16,182
1661,67,15,68,16,166
1662,64,35,66,17,182
1664,67,33,67,17,184
1665,66,17,67,17,167
1667,66,17,67,18,168
1668,66,34,66,17,183
1669,67,17,66,17,167
1670,67,33,66,17,183
1672,67,33,68,15,183
1674,51,15,68,15,149
1675,66,16,68,15,165
1677,65,18,65,17,165
1678,68,33,66,16,183
1679,66,18,66,16,166
1681,66,17,70,31,184
1683,67,17,67,16,167
1684,66,36,81,16,199
1685,67,20,81,16,184
1686,70,31,66,18,185
1689,51,34,67,16,168
1690,65,32,67,17,181
1692,66,35,66,15,182
1695,51,32,67,15,165
1696,51,16,67,15,149
1697,66,17,66,16,165
1698,66,33,66,18,183
1700,67,33,67,15,182
1701,65,18,67,15,165
1702,66,33,66,18,183
1703,67,17,66,18,168
1704,66,34,66,17,183
1705,69,16,66,17,168
1707,51,32,67,17,167
1708,66,34,68,15,183
1709,66,16,68,15,165
1710,66,33,67,16,182
1711,68,16,67,16,167
1712,67,35,66,17,185
1713,66,18,66,17,167
1714,50,18,66,17,151
1715,66,17,66,18,167
1716,67,34,66,17,184
1717,66,18,66,17,167
1718,66,32,51,16,165
1719,68,15,51,16,150
1720,66,34,66,18,184
1721,68,16,66,18,168
1722,66,33,67,17,183
1724,51,16,67,17,151
1726,66,34,51,17,168
1727,67,16,51,17,151
1728,67,33,52,15,167
1731,67,17,65,16,165
1732,51,17,65,16,149
1734,52,15,67,18,152
1737,64,18,66,18,166
1738,67,32,52,17,168
1739,68,14,52,17,151
1740,52,14,52,17,135
1741,68,16,65,20,169
1742,50,16,65,20,151
1743,66,17,66,18,167
1745,51,50,82,16,199
1746,65,20,82,16,183
1747,67,16,66,16,165
1748,50,16,66,16,148
1749,51,33,67,15,166
1751,82,34,66,17,199
1753,64,18,66,17,165
1754,67,34,66,16,183
1755,51,34,66,16,167
1756,68,32,67,17,184
1757,68,16,67,17,168
1758,66,34,68,15,183
1759,68,17,68,15,168
1760,66,33,67,15,181
1763,67,18,65,17,167
1764,68,32,66,16,182
1765,52,32,66,16,166
1766,67,33,67,16,183
1767,65,18,67,16,166
1768,65,33,67,16,181
1769,67,16,67,16,166
1770,66,34,69,13,182
1772,67,33,67,17,184
1774,67,36,64,16,183
1775,51,36,64,16,167
1777,53,31,65,18,167
1778,67,33,67,16,183
1779,68,16,67,16,167
1781,67,16,69,15,167
1782,65,35,67,15,182
1783,66,17,67,15,165
1785,51,34,66,16,167
1786,69,33,65,18,185
1787,66,18,65,18,167
1789,66,18,68,16,168
1791,67,16,68,17,168
1793,68,18,64,16,166
1794,68,32,65,19,184
1795,52,32,65,19,168
1797,67,15,67,17,166
1798,64,33,51,16,164
1799,64,17,51,16,148
1800,65,34,67,16,182
1801,67,15,67,16,165
1802,67,33,68,16,184
1803,68,16,68,16,168
1806,67,34,65,19,185
1807,66,18,65,19,168
1808,68,33,66,17,184
1810,67,32,69,16,184
1811,66,17,69,16,168
1812,65,34,51,16,166
1813,68,15,51,16,150
1814,66,35,65,17,183
1817,66,16,67,16,165
1818,51,16,67,16,150
1819,68,15,67,18,168
1823,65,17,66,18,166
1825,68,16,67,15,166
1826,67,32,68,16,183
1828,66,35,65,18,184
1829,66,17,65,18,166
1830,67,33,66,17,183
1832,68,32,68,16,184
1833,66,16,68,16,166
1834,65,34,66,17,182
1835,68,16,66,17,167
1838,68,32,68,16,184
1839,66,16,68,16,166
1840,66,35,66,16,183
1842,67,33,67,15,182
1843,66,18,67,15,166
1844,68,33,67,16,184
1847,51,34,65,19,169
1848,67,33,65,19,184
1850,67,32,68,17,184
1851,51,32,68,17,168
1852,65,33,52,16,166
1854,65,35,67,16,183
1855,68,16,67,16,167
1856,52,16,67,16,151
1857,66,16,66,18,166
1858,52,16,66,18,152
1859,65,18,67,15,165
1860,67,32,66,19,184
1861,66,16,66,19,167
1862,66,35,65,17,183
1863,68,17,65,17,167
1864,67,31,51,16,165
1865,66,16,51,16,149
1866,66,34,68,16,184
1867,67,15,68,16,166
1868,65,33,68,17,183
1869,67,16,68,17,168
1870,51,16,68,17,152
1872,68,33,66,18,185
1873,67,17,66,18,168
1875,67,17,50,16,150
1876,67,32,67,17,183
1878,66,34,66,18,184
1879,67,16,66,18,167
1880,50,16,66,18,150
1881,50,33,66,17,166
1882,51,16,66,17,150
1883,66,16,68,15,165
1884,66,33,68,15,182
1885,67,15,68,15,165
1886,51,15,68,15,149
1887,66,18,65,17,166
1888,50,18,65,17,150
1889,65,18,66,17,166
1890,68,32,51,17,168
1891,66,17,51,17,151
1892,65,34,67,15,181
1893,67,17,67,15,166
1894,66,34,81,18,199
1895,68,17,81,18,184
1896,51,17,81,18,167
1897,51,33,66,17,167
1899,65,18,66,18,167
1900,66,33,67,16,182
1901,65,18,67,16,166
1902,66,33,68,16,183
1904,66,34,50,16,166
1905,69,16,50,16,151
1906,67,34,66,17,184
1907,66,18,66,17,167
1908,68,32,51,17,168
1909,66,16,51,17,150
1911,50,34,66,18,168
1912,66,34,66,17,183
1913,67,17,66,17,167
1914,51,17,66,17,151
1915,67,15,51,16,149
1917,67,16,67,16,166
1918,66,33,67,17,183
1919,66,16,67,17,166
1923,66,17,66,18,167
1924,50,17,66,18,151
1926,66,33,55,12,166
1927,67,16,55,12,150
1928,66,35,66,15,182
1930,51,17,66,15,149
1932,55,12,67,18,152
1933,65,18,51,15,149
1934,66,33,67,15,181
1936,67,33,67,17,184
1938,51,15,67,17,150
1940,67,33,67,16,183
1944,50,17,66,17,150
1945,52,33,50,16,151
1946,67,33,68,16,184
1948,66,33,51,16,166
1949,51,33,51,16,151
1951,50,35,82,16,183
1955,67,17,66,18,168
1957,66,16,67,18,167
1958,66,33,52,16,167
1959,50,33,52,16,151
1960,66,34,84,15,199
1961,67,16,84,15,182
1962,51,16,84,15,166
1964,52,16,65,18,151
1965,65,19,66,16,166
1967,66,15,68,16,165
1969,68,17,66,16,167
1970,66,33,67,17,183
1971,66,17,67,17,167
1972,68,33,51,16,168
1974,66,34,66,17,183
1975,66,18,66,17,167
1976,67,33,67,16,183
1978,51,16,67,16,150
1980,66,34,65,18,183
1981,66,17,65,18,166
1982,67,34,66,17,184
1985,51,31,52,15,149
1986,65,35,65,17,182
1987,67,17,65,17,166
1988,66,32,67,17,182
1989,68,15,67,17,167
1990,52,15,67,17,151
1991,65,17,67,19,168
1992,65,34,52,16,167
1993,65,17,52,16,150
1994,67,33,67,17,184
1997,69,16,67,15,167
1999,51,32,68,16,167
2000,67,35,66,16,184
2001,65,18,66,16,165
2002,67,33,84,15,199
2003,66,18,84,15,183
2004,68,33,66,16,183
2005,67,17,66,16,166
2006,66,32,66,18,182
2007,67,16,66,18,167
2008,65,34,67,16,182
2009,68,15,67,16,166
2010,66,50,66,17,199
2011,66,34,66,17,183
2013,65,17,66,18,166
2014,67,33,67,17,184
2015,67,17,67,17,168
2016,51,17,67,17,152
2018,66,34,66,17,183
2025,66,16,68,16,166
2026,67,35,66,18,186
2027,67,17,66,18,168
2028,51,17,66,18,152
2029,67,17,51,14,149
2030,68,33,83,17,201
2031,66,17,83,17,183
2033,50,32,68,15,165
2034,51,14,68,15,148
2035,68,16,67,16,167
2036,83,17,67,16,183
2037,65,17,67,16,165
2039,64,19,66,17,166
2040,67,33,66,17,183
2043,52,33,67,16,168
2045,67,16,67,17,167
2046,66,34,66,17,183
2047,50,34,66,17,167
2049,66,17,66,18,167
2050,67,33,67,17,184
2052,66,33,67,17,183
2053,67,16,67,17,167
2054,66,34,67,16,183
2055,67,16,67,16,166
2056,67,33,68,15,183
2058,67,34,67,16,184
2059,66,17,67,16,166
2060,67,34,65,17,183
2061,66,18,65,17,166
2062,68,33,67,16,184
2063,66,18,67,16,167
2064,67,32,51,33,183
2067,67,18,65,18,168
2068,67,49,67,18,201
2069,67,33,67,18,185
2070,51,33,67,18,169
2071,67,16,69,17,169
2072,65,35,65,17,182
2073,67,17,65,17,166
2074,53,17,65,17,152
2075,67,18,65,17,167
2078,65,34,66,16,181
2080,65,33,67,17,182
2081,65,16,67,17,165
2082,51,16,67,17,151
2083,66,17,68,16,167
2084,66,34,67,17,184
2085,65,18,67,17,167
2086,67,34,67,16,184
2087,68,17,67,16,168
2088,51,17,67,16,151
2090,67,34,65,16,182
2092,67,32,67,16,182
2093,51,32,67,16,166
2094,66,33,67,18,184
2095,65,17,67,18,167
2096,65,34,66,17,182
2097,65,18,66,17,166
2098,67,33,67,16,183
2100,67,33,50,24,174
2102,66,34,67,15,182
2103,67,17,67,15,166
2104,50,17,67,15,149
2105,65,24,61,15,165
2106,50,24,61,15,150
2107,57,27,66,18,168
2108,67,34,66,17,184
2111,52,32,51,15,150
2112,66,34,67,16,183
2113,69,16,67,16,168
2114,66,32,67,16,181
2115,51,32,67,16,166
2116,51,15,67,16,149
2117,65,18,66,16,165
2119,66,16,68,15,165
2121,66,18,66,17,167
2122,66,34,66,16,182
2123,66,18,66,16,166
2124,68,32,68,16,184
2125,52,32,68,16,168
2127,67,17,67,16,167
2128,66,34,66,17,183
2130,50,18,66,17,151
2131,67,17,67,15,166
2132,67,33,67,16,183
2133,67,17,67,16,167
2134,66,34,67,16,183
2135,67,17,67,16,167
2137,66,18,66,16,166
2138,67,34,67,14,182
2139,66,18,67,14,165
2140,67,32,83,17,199
2141,52,32,83,17,184
2144,67,33,66,15,181
2145,65,19,66,15,165
2146,83,17,68,16,184
2148,65,34,67,16,182
2149,51,34,67,16,168
2151,66,19,66,16,167
2152,68,33,65,18,184
2154,67,33,67,17,184
2155,52,33,67,17,169
2156,66,32,67,17,182
2157,66,16,67,17,166
2160,67,32,67,17,183
2161,68,15,67,17,167
2162,52,15,67,17,151
2163,66,16,51,17,150
2164,65,34,67,16,182
2165,66,16,67,16,165
2166,67,34,67,16,184
2167,67,17,67,16,167
2169,66,17,66,19,168
2170,50,17,66,19,152
2171,66,18,69,14,167
2172,67,32,51,17,167
2173,67,16,51,17,151
2176,51,18,80,16,165
2177,53,31,65,18,167
2178,51,17,65,18,151
2179,66,16,66,16,164
2180,64,32,68,16,180
2181,66,16,68,16,166
2182,65,34,66,18,183
2183,66,16,66,18,166
2184,66,34,67,16,183
2185,84,32,67,17,200
2186,68,32,67,17,184
2187,50,32,67,17,166
2188,66,35,65,19,185
2190,67,32,52,17,168
2191,67,16,52,17,152
2192,51,16,52,17,136
2193,66,16,67,16,165
2194,65,36,66,15,182
2195,68,17,66,15,166
2197,66,17,68,16,167
2198,67,35,65,18,185
2199,64,19,65,18,166
2200,66,33,50,16,165
2202,68,32,67,18,185
2203,68,16,67,18,169
2204,65,34,67,17,183
2205,68,16,67,17,168
2206,50,16,67,17,150
2207,68,15,65,20,168
2208,67,34,67,16,184
2209,67,16,67,16,166
2211,66,14,52,16,148
2212,65,36,65,17,183
2213,67,16,65,17,165
2215,66,16,67,18,167
2216,52,16,67,18,153
2217,64,17,52,16,149
2220,67,34,66,18,185
2221,51,34,66,18,169
2222,52,16,66,18,152
2224,66,34,68,15,183
2225,65,17,68,15,165
2226,66,35,65,17,183
2227,69,17,65,17,168
2228,52,17,65,17,151
2230,68,32,67,17,184
2231,65,17,67,17,166
2232,65,34,66,16,181
2233,65,17,66,16,164
2234,66,33,67,16,182
2235,51,33,67,16,167
2237,67,16,67,17,167
2238,66,34,67,15,182
2239,67,18,67,15,167
2240,67,33,67,15,182
2242,67,34,66,17,184
2243,51,34,66,17,168
2248,66,34,66,17,183
2249,68,17,66,17,168
2250,67,32,68,16,183
2251,52,32,68,16,168
2252,66,34,50,17,167
2253,67,16,50,17,150
2254,66,34,66,16,182
2256,51,17,66,16,150
2257,66,17,67,16,166
2259,67,16,66,16,165
2260,66,34,66,16,182
2261,66,18,66,16,166
2262,67,32,68,16,183
2268,68,32,68,16,184
2269,52,32,68,16,168
2271,67,17,66,18,168
2272,66,34,66,17,183
2273,67,17,66,17,167
2274,68,32,51,16,167
2275,51,32,51,16,150
2276,50,16,51,16,133
2277,67,16,67,17,167
2278,66,33,67,16,182
2279,67,16,67,16,166
2280,51,16,67,16,150
2281,65,18,66,17,166
2284,67,33,66,19,185
2287,66,17,67,16,166
2288,50,17,67,16,150
2289,51,32,68,15,166
2290,66,35,67,15,183
2291,68,16,67,15,166
2292,67,33,65,18,183
2293,67,17,65,18,167
2294,68,34,67,16,185
2295,64,19,67,16,166
2296,67,31,67,18,183
2297,51,31,67,18,167
2298,65,36,65,17,183
2299,68,18,65,17,168
2300,67,31,67,18,183
2301,68,15,67,18,168
2302,52,15,67,18,152
2303,67,16,67,16,166
2308,67,33,50,16,166
2310,67,34,65,18,184
2311,66,17,65,18,166
2312,67,32,67,17,183
2313,51,32,67,17,167
2314,50,16,67,17,150
2315,67,15,69,15,166
2316,65,34,68,15,182
2317,67,16,68,15,166
2318,67,35,65,16,183
2319,66,18,65,16,165
2322,68,32,66,18,184
2323,66,17,66,18,167
2326,65,33,68,17,183
2327,67,16,68,17,168
2328,66,36,64,18,184
2329,68,18,64,18,168
2330,51,18,64,18,151
2331,67,17,66,18,168
2332,51,17,66,18,152
2333,50,32,69,16,167
2334,64,34,68,16,182
2335,67,16,68,16,167
2336,66,35,65,18,184
2339,51,33,65,17,166
2340,68,32,68,16,184
2341,66,16,68,16,166
2342,65,33,67,16,181
2343,67,15,67,16,165
2344,65,35,68,13,181
2346,68,32,67,17,184
2347,66,16,67,17,166
2348,51,16,67,17,151
2349,66,20,65,15,166
2352,67,34,65,18,184
2353,68,17,65,18,168
2354,65,32,68,20,185
2355,52,32,68,20,172
2356,66,33,68,16,183
2357,66,16,68,16,166
2358,65,35,67,17,184
2360,68,33,51,16,168
2363,66,18,65,17,166
2364,67,33,66,18,184
2365,64,16,66,18,164
2366,51,16,66,18,151
2367,51,32,52,16,151
2372,52,16,65,18,151
2373,51,32,67,18,168
2374,66,33,69,15,183
2375,66,15,69,15,165
2376,65,34,68,16,183
2377,67,16,68,16,167
2378,51,16,68,16,151
2379,67,17,65,18,167
2380,69,33,66,16,184
2381,66,18,66,16,166
2382,68,32,68,16,184
2384,65,34,66,16,181
2385,68,16,66,16,166
2387,66,18,68,15,167
2388,68,32,68,17,185
2390,66,36,63,19,184
2391,66,20,63,19,168
2392,68,32,66,16,182
2394,51,17,66,16,150
2395,69,14,69,16,168
2396,63,35,66,16,180
2397,67,16,66,16,165
2398,66,34,67,15,182
2399,65,18,67,15,165
2400,69,32,68,15,184
2401,66,16,68,15,165
2404,67,33,68,14,182
2405,66,18,68,14,166
2407,52,35,65,17,169
2408,68,33,65,17,183
2411,67,18,66,17,168
2412,65,33,68,16,182
2413,68,16,68,16,168
2414,65,33,51,15,164
2415,51,33,51,15,150
2417,66,18,64,18,166
2418,68,31,51,16,166
2419,51,31,51,16,149
2420,51,15,51,16,133
2421,66,16,68,15,165
2422,64,34,67,17,182
2423,66,16,67,17,166
2424,51,16,67,17,151
2425,66,18,67,16,167
2427,65,18,66,18,167
2428,67,34,66,17,184
2429,51,34,66,17,168
2430,67,32,68,16,183
2431,52,32,68,16,168
2432,66,34,66,18,184
2433,67,16,66,18,167
2434,66,34,65,18,183
2435,67,17,65,18,167
2436,51,17,65,18,151
2437,66,16,68,15,165
2438,66,33,69,15,183
2439,67,15,69,15,166
2440,65,35,67,15,182
2441,67,17,67,15,166
2443,65,19,66,15,165
2444,69,33,65,19,186
2445,66,18,65,19,168
2446,67,33,66,17,183
2447,52,33,66,17,168
2448,66,32,66,16,180
2449,66,17,66,16,165
2450,65,34,66,17,182
2451,69,15,66,17,167
2453,51,32,69,16,168
2454,51,15,69,16,151
2456,66,35,66,16,183
2457,66,18,66,16,166
2458,69,32,68,15,184
2459,53,32,68,15,168
2462,66,34,66,15,181
2463,66,18,66,15,165
2464,68,33,67,16,184
2465,66,18,67,16,167
2466,67,33,65,18,183
2468,66,34,66,16,182
2469,66,19,66,16,167
2471,66,15,69,17,167
2475,50,34,65,17,166
2476,69,33,68,15,185
2479,51,32,51,17,151
2481,65,19,82,15,181
2482,68,32,65,19,184
2483,67,17,65,19,168
2484,51,17,65,19,152
2485,51,33,65,17,166
2486,65,32,67,16,180
2487,67,15,67,16,165
2488,65,33,69,17,184
2489,68,14,69,17,168
2490,65,34,69,15,183
2492,67,35,66,17,185
2493,64,19,66,17,166
2494,69,34,66,17,186
2495,52,34,66,17,169
2496,52,17,66,17,152
2497,53,32,66,17,168
2498,66,34,64,17,181
2499,66,17,64,17,164
2500,66,32,67,15,180
2501,68,15,67,15,165
2502,66,32,68,18,184
2503,66,15,68,18,167
2504,64,35,51,16,166
2506,67,33,66,18,184
2508,50,18,66,18,152
2509,69,16,66,17,168
2510,51,16,66,17,150
2511,69,15,51,16,151
2512,66,34,84,15,199
2513,66,16,84,15,181
2516,51,16,66,17,150
2518,68,31,68,18,185
2520,51,15,68,18,152
2521,66,19,65,17,167
2522,67,32,67,15,181
2523,51,32,67,15,165
2524,51,17,67,15,150
2525,51,33,67,17,168
2526,65,34,65,19,183
2527,67,17,65,19,168
2529,64,18,51,16,149
2530,67,32,68,19,186
2533,69,16,52,13,150
2534,51,16,52,13,132
2535,65,18,67,17,167
2536,68,32,68,17,185
2537,68,13,68,17,166
2538,52,13,68,17,150
2539,50,35,66,18,169
2541,65,16,68,15,164
2542,68,33,66,18,185
2543,66,16,66,18,166
2544,66,35,65,18,184
2545,67,17,65,18,167
2548,66,34,67,16,183
2550,65,34,66,16,181
2552,68,33,66,17,184
2553,66,17,66,17,166
2554,50,17,66,17,150
2556,66,33,67,17,183
2557,66,17,67,17,167
2559,67,17,66,18,168
2561,51,33,67,17,168
2562,67,33,68,16,184
2563,67,16,68,16,167
2564,66,34,66,18,184
2566,67,34,66,18,185
2567,67,17,66,18,168
2568,68,32,52,15,167
2569,66,16,52,15,149
2570,66,34,66,18,184
2573,68,15,67,16,166
2574,52,15,67,16,150
2575,67,15,67,18,167
2577,66,16,51,16,149
2578,67,33,67,19,186
2580,67,34,66,18,185
2581,67,16,66,18,167
2582,51,16,66,18,151
2583,70,14,67,17,168
2584,53,14,67,17,151
2586,52,14,67,16,149
2587,65,16,66,16,163
2588,67,33,67,17,184
2589,65,16,67,17,165
2590,67,33,66,18,184
2591,65,17,66,18,166
2592,66,34,66,17,183
2593,65,18,66,17,166
2594,67,32,68,16,183
2595,68,15,68,16,167
2596,51,15,68,16,150
2597,68,16,67,16,167
2598,66,34,66,17,183
2599,66,17,66,17,166
2600,68,33,50,16,167
2601,66,17,50,16,149
2602,67,33,67,18,185
2603,66,17,67,18,168
2604,66,33,67,17,183
2606,50,16,67,17,150
2608,51,16,67,16,150
2609,68,15,50,16,149
2611,66,17,67,19,169
2612,67,32,54,14,167
2613,65,16,54,14,149
2614,50,16,54,14,134
2615,66,18,67,15,166
2617,70,14,66,18,168
2618,54,14,66,18,152
2619,51,34,65,18,168
2622,66,33,68,16,183
2623,68,15,68,16,167
2624,65,34,66,18,183
2625,68,16,66,18,168
2626,51,16,66,18,151
2627,67,16,67,17,167
2628,52,16,67,17,152
2629,66,16,52,16,150
2632,67,33,66,16,182
2633,68,16,66,16,166
2635,66,17,67,16,166
2637,65,17,66,18,166
2638,66,34,66,17,183
2639,50,34,66,17,167
2640,67,32,68,16,183
2641,51,32,68,16,167
2642,66,34,67,17,184
2644,66,34,65,17,182
2645,67,17,65,17,166
2647,66,17,66,18,167
2648,50,17,66,18,151
2649,67,15,52,16,150
2650,65,34,66,18,183
2651,66,17,66,18,167
2652,66,34,67,16,183
2654,52,16,67,16,151
2655,51,32,69,16,168
2656,66,35,65,18,184
2657,66,17,65,18,166
2658,67,34,65,16,182
2659,67,18,65,16,166
2661,67,15,67,18,167
2663,67,16,66,19,168
2664,65,33,52,15,165
2665,65,17,52,15,149
2666,67,33,67,18,185
2669,69,15,67,16,167
2671,66,16,67,17,166
2672,67,34,67,17,185
2673,66,16,67,17,166
2675,66,17,66,18,167
2678,67,32,57,9,165
2679,51,32,57,9,149
2680,66,34,67,17,184
2681,67,16,67,17,167
2683,72,9,68,16,165
2684,57,9,68,16,150
2685,66,17,67,17,167
2687,61,16,67,17,161
2688,68,34,66,17,185
2689,66,18,66,17,167
2690,67,33,67,18,185
2691,67,16,67,18,168
2692,67,33,52,15,167
2694,66,34,82,18,200
2695,66,17,82,18,183
2696,67,33,67,17,184
2697,68,15,67,17,167
2698,52,15,67,17,151
2700,67,33,66,18,184
2701,64,18,66,18,166
2702,67,32,52,15,166
2703,51,32,52,15,150
2704,65,34,66,18,183
2705,69,15,66,18,168
2706,66,33,51,17,167
2707,67,15,51,17,150
2710,66,35,65,17,183
2711,66,17,65,17,165
2712,51,17,65,17,150
2713,50,32,67,15,164
2714,52,15,67,15,149
2716,65,34,67,16,182
2717,65,17,67,16,165
2718,50,17,67,16,150
2719,65,19,66,17,167
2722,67,33,68,15,183
2723,68,17,68,15,168
2724,66,34,66,16,182
2726,50,17,66,16,149
2727,68,17,82,18,185
2729,66,17,68,16,167
2730,66,34,66,17,183
2731,65,18,66,17,166
2732,66,34,66,16,182
2734,68,32,66,17,183
2735,52,32,66,17,167
2736,66,34,66,16,182
2737,67,17,66,16,166
2738,66,32,67,18,183
2739,50,32,67,18,167
2741,66,17,51,15,149
2742,66,33,68,15,182
2743,66,17,68,15,166
2745,68,15,69,15,167
2746,51,15,69,15,150
2747,68,17,66,16,167
2749,65,19,62,20,166
2750,69,32,67,15,183
2751,66,17,67,15,165
2752,66,50,84,16,216
2754,62,20,84,16,182
2755,67,17,67,16,167
2756,50,17,67,16,150
2757,66,17,51,16,150
2758,52,17,51,16,136
2759,67,17,65,18,167
2760,67,32,51,16,166
2761,52,32,51,16,151
2763,67,15,67,16,165
2767,67,15,68,15,165
2768,67,34,67,16,184
2770,67,34,65,19,185
2771,65,18,65,19,167
2772,68,33,66,18,185
2774,67,32,52,16,167
2775,51,32,52,16,151
2776,65,34,83,16,198
2780,52,16,65,18,151
2782,66,33,67,17,183
2783,65,16,67,17,165
2784,65,34,67,17,183
2785,67,16,67,17,167
2786,51,16,67,17,151
2787,68,15,51,16,150
2788,52,15,51,16,134
2789,66,17,66,17,166
2790,67,33,67,17,184
2791,66,16,67,17,166
2792,51,16,67,17,151
2793,68,15,51,16,150
2794,66,34,68,16,184
2798,51,16,68,16,151
2799,66,19,66,16,167
2800,68,33,65,17,183
2802,68,33,67,17,185
2803,52,33,67,17,169
2804,66,32,52,15,165
2805,66,16,52,15,149
2806,65,35,66,15,181
2807,66,18,66,15,165
2808,67,32,67,16,182
2810,52,15,67,16,150
2811,68,16,67,16,167
2812,66,33,67,16,182
2813,64,18,67,16,165
2814,67,34,66,18,185
2815,65,18,66,18,167
2816,67,33,67,19,186
2817,68,17,67,19,171
2819,67,17,66,18,168
2821,68,16,66,17,167
2822,67,32,51,16,166
2823,70,13,51,16,150
2827,64,16,51,17,148
2828,51,16,51,17,135
2829,66,16,68,17,167
2830,50,16,68,17,151
2831,67,17,67,15,166
2832,51,17,67,15,150
2833,67,17,67,16,167
2834,51,17,67,16,151
2835,67,17,66,16,166
2836,67,33,66,16,182
2837,66,18,66,16,166
2838,67,33,67,16,183
2839,66,17,67,16,166
2841,67,17,66,17,167
2842,66,34,66,16,182
2844,67,32,67,17,183
2845,67,16,67,17,167
2849,50,33,51,17,151
2850,67,34,67,16,184
2851,67,17,67,16,167
2852,67,34,65,17,183
2855,51,33,66,16,166
2856,67,32,66,18,183
2857,66,16,66,18,166
2858,65,34,66,18,183
2859,67,17,66,18,168
2860,66,32,68,18,184
2861,66,16,68,18,168
2863,67,16,52,15,150
2865,68,16,67,16,167
2866,68,33,67,16,184
2867,68,15,67,16,166
2869,65,18,65,18,166
2870,67,33,67,15,182
2871,65,17,67,15,164
2872,67,32,67,17,183
2873,67,16,67,17,167
2874,65,35,66,17,183
2875,67,17,66,17,167
2876,67,32,51,16,166
2879,66,17,51,16,150
2880,66,33,67,16,182
2881,68,16,67,16,167
2882,51,16,67,16,150
2883,68,16,66,17,167
2885,67,16,50,16,149
2886,51,16,50,16,133
2887,65,17,84,16,182
2888,66,33,67,18,184
2889,66,16,67,18,167
2890,50,16,67,18,151
2891,68,15,67,17,167
2892,84,16,67,18,185
2893,67,16,67,18,168
2895,67,15,67,17,166
2896,67,34,67,16,184
2897,66,17,67,16,166
2899,67,15,67,18,167
2901,67,17,51,15,150
2903,65,17,67,16,165
2904,67,33,68,16,184
2905,68,15,68,16,167
2906,51,15,68,16,150
2907,67,17,66,17,167
2908,67,34,67,15,183
2909,65,18,67,15,165
2910,68,32,67,18,185
2911,67,16,67,18,168
2912,66,35,66,16,183
2913,67,18,66,16,167
2914,67,32,50,18,167
2916,50,17,50,18,135
2917,68,16,66,18,168
2918,66,34,67,16,183
2922,66,35,66,16,183
2924,50,17,66,16,149
2926,67,34,65,17,183
2927,66,17,65,17,165
2928,66,33,66,18,183
2930,67,32,52,16,167
2932,65,34,67,18,184
2934,66,34,66,18,184
2936,52,16,66,18,152
2937,51,33,66,17,167
2939,67,15,66,18,166
2942,51,15,67,18,151
2943,65,16,68,18,167
2945,66,16,52,14,148
2946,67,34,67,15,183
2947,68,16,67,15,166
2949,68,14,67,16,165
2951,65,18,67,15,165
2952,67,32,68,16,183
2954,67,35,66,15,183
2955,66,19,66,15,166
2957,52,33,82,17,184
2959,68,17,66,18,169
2960,66,33,67,16,182
2962,66,33,66,18,183
2963,66,17,66,18,167
2964,66,34,67,16,183
2967,51,32,68,16,167
2968,50,16,68,16,150
2972,68,34,66,15,183
2973,66,18,66,15,165
2975,67,16,67,18,168
2976,66,34,63,20,183
2977,68,16,63,20,167
2978,66,33,67,16,182
2979,65,18,67,16,166
2980,67,50,83,17,217
2981,67,32,83,17,199
2984,67,32,51,17,167
2987,83,34,65,18,200
2988,66,34,65,18,183
2989,67,17,65,18,167
2990,51,17,65,18,151
2993,67,15,68,17,167
2995,49,35,66,18,168
2996,66,33,67,17,183
2999,67,16,51,15,149
3000,66,34,67,17,184
3002,67,32,68,16,183
3003,67,15,68,16,166
3004,51,15,68,16,150
3005,66,17,64,19,166
3006,67,33,66,17,183
3008,52,16,66,17,151
3010,64,19,66,16,165
3011,66,16,66,19,167
3012,66,34,51,15,166
3014,52,17,51,15,135
3015,66,16,68,15,165
3016,66,34,68,15,183
3017,68,15,68,15,166
3018,51,15,68,15,149
3019,50,34,65,17,166
3021,64,19,65,18,166
3022,68,31,52,15,166
3023,51,31,52,15,149
3024,65,34,68,16,183
3027,50,33,51,16,150
3031,66,16,51,17,150
3032,51,16,51,17,135
3033,65,19,83,15,182
3034,67,33,65,19,184
3037,52,34,50,16,152
3039,67,15,68,16,166
3040,65,35,65,18,183
3042,50,16,65,18,149
3043,65,18,68,16,167
3044,68,32,52,16,168
3047,68,18,65,16,167
3051,50,33,67,16,166
3053,65,17,67,17,166
3054,66,34,66,16,182
3055,67,17,66,16,166
3056,67,33,67,17,184
3057,67,17,67,17,168
3060,66,34,66,17,183
3062,67,32,67,17,183
3063,67,15,67,17,166
3064,66,34,67,16,183
3065,68,16,67,16,167
3066,66,33,67,16,182
3067,66,16,67,16,165
3070,67,33,68,17,185
3071,66,17,68,17,168
3073,66,18,67,17,168
3074,67,34,66,17,184
3075,51,34,66,17,168
3077,52,33,67,16,168
3078,67,33,67,17,184
3080,66,34,65,18,183
3082,67,33,66,17,183
3083,66,17,66,17,166
3084,67,32,66,19,184
3085,67,15,66,19,167
3086,65,34,67,16,182
3089,66,15,51,18,150
3090,66,35,66,17,184
3091,67,16,66,17,166
3092,51,16,66,17,150
3093,66,18,65,17,166
3096,66,33,66,18,183
3097,67,16,66,18,167
3098,65,33,51,17,166
3099,66,16,51,17,150
3100,66,33,68,16,183
3103,67,17,67,15,166
3106,68,34,67,16,185
3108,67,33,70,13,183
3109,65,18,70,13,166
3110,67,34,67,16,184
3113,52,36,69,10,167
3116,67,38,61,16,182
3120,66,33,66,18,183
3121,67,16,66,18,167
3123,67,16,68,17,168
3124,65,34,66,17,182
3125,66,16,66,17,165
3126,66,34,67,17,184
3127,68,16,67,17,168
3129,67,15,67,18,167
3130,66,35,66,16,183
3131,65,18,66,16,165
3132,67,32,68,17,184
3134,52,15,68,17,152
3135,68,16,66,16,166
3136,66,34,66,17,183
3137,65,18,66,17,166
3138,68,32,67,22,189
3140,66,34,55,29,184
3141,50,34,55,29,168
3142,66,33,67,17,183
3143,66,16,67,17,166
3144,67,51,69,14,201
3145,73,29,69,14,185
3146,55,29,69,14,167
3147,67,16,67,15,165
3148,67,32,50,18,167
3149,62,15,50,18,145
3150,55,15,50,18,138
3151,69,14,65,17,165
3155,65,14,67,18,164
3156,65,35,68,14,182
3159,65,16,67,17,165
3160,51,16,67,17,151
3162,68,31,68,16,183
3164,67,33,67,17,184
3165,66,16,67,17,166
3166,81,18,65,17,181
3167,67,18,65,17,167
3168,68,32,66,18,184
3169,51,32,66,18,167
3170,51,16,66,18,151
3171,50,33,67,18,168
3172,65,33,52,16,166
3175,67,16,66,17,166
3177,68,16,68,15,167
3178,52,16,68,15,151
3179,66,16,51,32,165
3180,66,36,64,18,184
3181,65,19,64,18,166
3186,64,35,65,17,181
3187,67,17,65,17,166
3191,51,31,52,15,149
3193,65,17,85,16,183
3195,68,15,68,16,167
3197,67,19,64,17,167
3200,52,16,67,17,152
3202,64,35,66,16,181
3204,67,32,68,15,182
3205,51,32,68,15,166
3206,52,15,68,15,150
3207,68,16,66,16,166
3208,66,34,65,17,182
3211,65,17,50,16,148
3212,66,33,69,17,185
3213,66,17,69,17,169
3215,67,16,53,15,151
3217,67,19,64,18,168
3219,69,15,66,17,167
3220,53,15,66,17,151
3221,51,32,69,16,168
3222,64,34,67,17,182
3223,65,16,67,17,165
3224,66,35,82,16,199
3225,67,18,82,16,183
3226,51,18,82,16,167
3227,51,32,66,19,168
3228,51,16,66,19,152
3229,67,18,66,16,167
3230,82,16,67,17,182
3232,66,35,65,18,184
3234,66,32,67,18,183
3235,67,16,67,18,168
3236,51,16,67,18,152
3237,65,16,52,16,149
3238,65,34,66,18,183
3239,67,16,66,18,167
3240,51,16,66,18,151
3241,68,16,64,17,165
3244,66,49,68,17,200
3247,65,35,67,17,184
3248,65,19,67,17,168
3252,69,34,66,17,186
3253,67,17,66,17,167
3254,66,33,68,16,183
3256,67,33,67,16,183
3257,66,17,67,16,166
3258,66,35,66,15,182
3259,67,18,66,15,166
3260,68,32,67,16,183
3261,68,16,67,16,167
3263,66,18,66,18,168
3265,65,18,65,18,166
3267,67,17,66,16,166
3268,66,32,67,18,183
3269,51,32,67,18,168
3270,65,34,51,15,165
3272,66,33,67,17,183
3273,64,17,67,17,165
3277,67,17,67,17,168
3278,67,33,68,15,183
3279,66,16,68,15,165
3280,67,34,67,17,185
3281,68,16,67,17,168
3282,51,16,67,17,151
3283,67,17,65,16,165
3285,65,18,67,15,165
3286,67,32,69,16,184
3287,67,15,69,16,167
3288,65,35,66,17,183
3289,66,19,66,17,168
3296,65,34,65,18,182
3297,66,17,65,18,166
3298,67,32,69,14,182
3299,67,15,69,14,165
3300,51,15,69,14,149
3301,68,14,69,17,168
3302,65,36,65,17,183
3303,66,18,65,17,166
3304,69,33,66,16,184
3305,64,19,66,16,165
3306,69,32,68,15,184
3307,68,15,68,15,166
3308,65,34,67,17,183
3309,68,17,67,17,169
3310,66,34,65,18,183
3312,68,33,66,16,183
3313,51,33,66,16,166
3314,67,32,67,17,183
3315,68,15,67,17,167
3316,65,34,67,16,182
3317,68,16,67,16,167
3318,66,33,68,16,183
3319,65,17,68,16,166
3321,66,17,67,18,168
3322,50,17,67,18,152
3323,67,18,51,15,151
3324,68,33,66,17,184
3325,67,17,66,17,167
3326,67,33,66,17,183
3327,69,15,66,17,167
3328,51,15,66,17,149
3329,50,33,66,18,167
3330,66,33,68,16,183
3331,65,16,68,16,165
3332,66,33,51,15,165
3334,66,35,65,17,183
3337,67,15,69,15,166
3339,67,15,67,17,166
3341,66,18,65,17,166
3343,50,32,67,16,165
3344,67,33,66,18,184
3345,67,16,66,18,167
3346,65,34,65,19,183
3347,67,17,65,19,168
3351,67,34,67,15,183
3354,52,16,66,18,152
3356,68,33,69,14,184
3357,67,15,69,14,165
3358,51,15,69,14,149
3359,66,15,68,18,167
3360,66,36,66,16,184
3361,66,18,66,16,166
3362,69,32,67,16,184
3364,68,34,67,17,186
3366,66,33,51,15,165
3367,52,33,51,15,151
3369,65,18,65,16,164
3370,67,32,66,17,182
3372,51,15,66,17,149
3373,68,15,68,16,167
3375,64,17,68,16,165
3376,66,35,66,17,184
3378,68,33,65,17,183
3379,68,17,65,17,167
3380,51,17,65,17,150
3382,66,32,68,17,183
3384,65,35,66,18,184
3389,68,16,66,19,169
3390,66,33,68,15,182
3391,67,15,68,15,165
3392,51,15,68,15,149
3393,67,15,68,16,166
3395,67,16,68,16,167
3396,52,16,68,16,152
3397,65,18,51,16,150
3398,68,35,64,17,184
3399,65,19,64,17,165
3401,69,16,67,16,168
3403,67,16,67,18,168
3404,64,35,66,16,181
3406,67,32,66,17,182
3407,51,32,66,17,166
3410,66,32,68,15,181
3411,50,32,68,15,165
3412,50,16,68,15,149
3414,67,33,66,17,183
3415,69,15,66,17,167
3416,53,15,66,17,151
3418,66,33,51,16,166
3420,66,34,84,16,200
3421,68,17,84,16,185
3423,69,16,67,18,170
3424,51,16,67,18,152
3425,50,34,66,18,168
3426,67,33,65,18,183
3427,67,16,65,18,166
3428,67,33,50,18,168
3432,65,36,64,18,183
3433,65,18,64,18,165
3434,50,18,64,18,150
3435,66,17,65,16,164
3437,51,31,68,16,166
3439,66,16,68,15,165
3440,65,34,67,16,182
3441,66,18,67,16,167
3442,68,34,66,17,185
3445,67,18,65,19,169
3447,51,33,67,15,166
3448,66,32,68,16,182
3450,65,35,67,17,184
3451,68,16,67,17,168
3453,65,18,66,17,166
3454,68,34,66,17,185
3456,67,32,67,16,182
3457,69,15,67,16,167
3458,66,34,67,15,182
3459,50,34,67,15,166
3461,66,16,67,17,166
3462,51,16,67,17,151
3463,66,18,66,34,184
3464,67,33,67,17,184
3465,65,18,67,17,167
3466,67,33,66,18,184
3467,68,16,66,18,168
3468,50,16,66,18,150
3469,66,19,66,17,168
3470,67,32,69,16,184
3471,67,15,69,16,167
3472,51,15,69,16,151
3473,69,16,67,16,168
3474,66,35,64,18,183
3475,66,18,64,18,166
3476,69,32,66,17,184
3478,51,16,66,17,150
3480,64,34,67,17,182
3481,66,16,67,17,166
3482,66,34,68,15,183
3483,67,17,68,15,167
3486,67,35,66,15,183
3487,67,18,66,15,166
3488,68,31,68,16,183
3492,66,33,68,16,183
3493,66,18,68,16,168
3494,68,32,52,15,167
3495,67,16,52,15,150
3496,65,36,65,16,182
3497,68,18,65,16,167
3499,68,15,50,19,152
3500,52,15,50,19,136
3501,66,17,65,18,166
3502,65,35,66,15,181
3504,50,19,66,15,150
3505,52,30,51,18,151
3507,67,18,65,17,167
3508,66,33,66,16,181
3509,65,18,66,16,165
3510,51,18,66,16,151
3511,51,32,67,18,168
3512,65,34,66,18,183
3513,67,17,66,18,168
3517,68,15,68,16,167
3518,66,35,65,16,182
3522,51,17,66,17,151
3523,50,32,67,16,165
3525,65,18,67,16,166
3526,66,33,69,16,184
3527,67,16,69,16,168
3530,67,35,81,17,200
3531,66,19,81,17,183
3533,53,30,68,16,167
3537,82,33,68,16,199
3538,68,33,68,16,185
3539,50,33,68,16,167
3540,66,35,66,15,182
3541,66,19,66,15,166
3542,68,33,65,18,184
3543,68,17,65,18,168
3546,66,32,68,17,183
3547,65,17,68,17,167
3548,65,34,66,17,182
3549,67,16,66,17,166
3551,67,18,65,19,169
3553,67,15,52,16,150
3554,66,33,69,14,182
3555,67,16,69,14,166
3556,65,35,66,17,183
3559,51,34,65,17,167
3561,64,18,67,17,166
3562,66,33,51,16,166
3563,66,16,51,16,149
3564,65,34,66,17,182
3565,51,34,66,17,168
3566,67,33,70,15,185
3569,66,17,66,19,168
3571,66,20,63,17,166
3572,50,20,63,17,150
3573,54,29,68,17,168
3574,52,14,68,17,151
3575,68,15,51,16,150
3576,63,34,66,17,180
3577,65,17,66,17,165
3578,68,33,66,17,184
3582,66,33,67,18,184
3583,66,16,67,18,167
3584,66,33,52,16,167
3587,66,17,67,17,167
3588,67,34,66,17,184
3590,52,16,66,17,151
3591,68,16,66,18,168
3592,51,16,66,18,151
3593,66,16,66,17,165
3595,66,16,68,15,165
3596,66,33,68,17,184
3597,67,15,68,17,167
3598,51,15,68,17,151
3599,66,18,70,13,167
3602,68,37,62,17,184
3603,51,37,62,17,167
3604,70,29,68,16,183
3605,55,29,68,16,168
3606,66,33,68,17,184
3608,62,35,67,16,180
3609,66,18,67,16,167
3610,68,33,65,17,183
3611,65,17,65,17,164
3612,51,17,65,17,150
3614,50,17,67,15,149
3615,67,15,51,16,149
3616,65,36,81,19,201
3617,65,19,81,19,184
3618,67,31,69,16,183
3622,64,36,66,16,182
3623,85,32,67,15,199
3624,69,32,67,15,183
3626,52,16,67,15,150
3627,69,16,66,17,168
3629,66,17,67,15,165
3630,67,33,67,19,186
3631,64,18,67,19,168
3633,67,17,65,17,166
3635,52,33,67,17,169
3636,67,32,52,17,168
3637,69,13,52,17,151
3638,52,13,52,17,134
3639,67,18,86,12,183
3641,65,17,64,17,163
3642,52,17,64,17,150
3643,52,32,67,15,166
3644,66,32,68,16,182
3645,69,12,68,16,165
3646,64,35,66,17,182
3647,65,18,66,17,166
3648,67,33,67,17,184
3650,68,33,51,16,168
3651,51,33,51,16,151
3652,66,34,67,15,182
3653,68,17,67,15,167
3654,67,33,66,17,183
3658,67,32,66,18,183
3661,68,16,51,17,152
3664,66,35,66,18,185
3669,69,14,68,17,168
3672,52,15,52,15,134
3673,82,32,68,15,197
3674,68,32,68,15,183
3675,67,15,68,15,165
3676,52,15,68,15,150
3678,66,34,81,17,198
3682,67,32,68,15,182
3684,65,33,67,18,183
3685,66,17,67,18,168
3686,65,35,67,15,182
3688,68,32,69,13,182
3689,52,32,69,13,166
3691,68,17,66,16,167
3692,67,34,65,16,182
3693,52,34,65,16,167
3694,50,19,65,16,150
3697,51,33,68,15,167
3698,65,34,67,15,181
3699,52,34,67,15,168
3700,67,34,64,18,183
3702,68,33,65,18,184
3703,52,33,65,18,168
3705,67,16,52,15,150
3708,65,33,51,16,165
3709,68,15,51,16,150
3710,52,15,51,16,134
3711,67,15,69,16,167
3712,66,34,67,16,183
3713,66,16,67,16,165
3714,51,16,67,16,150
3715,67,17,65,18,167
3716,69,32,51,15,167
3717,67,16,51,15,149
3718,67,33,68,15,183
3719,65,17,68,15,165
3720,65,33,67,17,182
3722,51,15,67,17,150
3723,50,35,65,18,168
3724,53,15,65,18,151
3725,65,17,68,15,165
3726,50,17,68,15,150
3727,64,16,68,15,163
3728,65,35,66,17,183
3729,68,17,66,17,168
3731,66,18,50,16,150
3735,68,16,66,17,167
3736,50,16,66,17,149
3737,51,35,65,16,167
3739,68,14,67,16,165
3740,66,34,67,17,184
3741,66,17,67,17,167
3742,65,33,67,17,182
3744,67,34,68,16,185
3745,66,18,68,16,168
3746,67,33,51,15,166
3750,68,31,66,19,184
3751,51,31,66,19,167
3752,51,15,66,19,151
3753,67,17,65,18,167
3754,66,31,69,15,181
3755,65,16,69,15,165
3756,66,34,69,16,185
3757,67,15,69,16,167
3758,65,35,67,17,184
3760,52,17,67,17,153
3761,65,19,66,15,165
3762,69,33,64,18,184
3763,67,17,64,18,166
3766,66,31,68,16,181
3768,64,36,66,16,182
3769,65,18,66,16,165
3770,67,32,66,17,182
3771,52,32,66,17,167
3772,68,34,66,17,185
3774,66,32,51,17,166
3775,67,16,51,17,151
3777,67,17,67,16,167
3780,51,17,67,15,150
3781,51,33,66,16,166
3782,67,34,82,16,199
3783,66,18,82,16,182
3784,67,32,66,17,182
3785,66,17,66,17,166
3786,66,34,67,16,183
3788,66,32,69,15,182
3789,67,16,69,15,167
3791,67,18,65,16,166
3792,67,34,81,18,200
3793,51,34,81,18,184
3794,51,18,81,18,168
3795,52,31,68,17,168
3796,65,33,52,16,166
3797,65,17,52,16,150
3798,64,35,66,18,183
3800,68,33,67,17,185
3801,52,33,67,17,169
3802,52,16,67,17,152
3803,51,33,68,17,169
3804,66,34,67,16,183
3806,67,34,66,16,183
3807,51,34,66,16,167
3808,51,17,66,16,150
3809,67,16,65,17,165
3810,51,16,65,17,149
3811,66,17,67,17,167
3812,66,32,67,18,183
3814,65,35,50,16,166
3816,67,32,68,17,184
3817,68,15,68,17,168
3818,52,15,68,17,152
3819,68,16,67,15,166
3822,68,33,66,34,201
3827,65,17,68,15,165
3829,51,34,66,17,168
3830,68,34,67,15,184
3831,67,18,67,15,167
3832,68,32,66,17,183
3833,53,32,66,17,168
3834,66,35,65,17,183
3835,67,18,65,17,167
3836,67,31,67,18,183
3837,67,16,67,18,168
3838,66,34,66,17,183
3839,66,17,66,17,166
3841,67,16,67,17,167
3842,67,33,51,17,168
3843,68,15,51,17,151
3844,66,34,66,19,185
3845,66,17,66,19,168
3846,67,34,51,16,168
3847,66,17,51,16,150
3850,66,35,67,18,186
3851,68,16,67,18,169
3852,51,16,67,18,152
3853,50,32,69,15,166
3854,67,35,66,20,188
3855,66,17,66,20,169
3857,68,16,52,14,150
3860,66,34,66,17,183
3861,68,14,66,17,165
3864,65,35,65,18,183
3865,63,17,65,18,163
3866,66,34,66,17,183
3867,68,17,66,17,168
3868,52,17,66,17,152
3870,65,35,66,17,183
3871,66,17,66,17,166
3873,67,16,67,17,167
3874,52,16,67,17,152
3876,66,34,65,17,182
3878,67,33,67,16,183
3879,50,33,67,16,166
3880,51,16,67,16,150
3881,68,14,67,18,167
3882,51,14,67,18,150
3883,65,18,66,17,166
3885,65,16,68,16,165
3886,67,34,66,18,185
3888,66,34,66,20,186
3890,51,17,66,20,154
3892,50,16,54,14,134
3893,67,16,67,17,167
3894,66,34,67,16,183
3896,54,14,67,16,151
3897,65,18,50,16,149
3899,64,17,66,17,164
3900,67,32,51,16,166
3901,52,32,51,16,151
3903,67,16,66,18,167
3905,67,16,67,16,166
3907,67,15,66,18,166
3909,67,16,67,15,165
3910,67,32,67,17,183
3911,65,16,67,17,165
3912,66,35,67,16,184
3914,67,32,68,16,183
3915,51,32,68,16,167
3917,66,18,65,18,167
3918,67,33,68,15,183
3919,68,17,68,15,168
3920,51,17,68,15,151
3922,65,36,65,17,183
3923,67,18,65,17,167
3925,67,17,64,19,167
3926,51,17,64,19,151
3927,66,17,66,17,166
3928,65,50,66,16,197
3929,50,50,66,16,182
3930,50,33,66,16,165
3931,67,16,66,19,168
3932,66,34,66,16,182
3933,66,17,66,16,165
3935,66,16,68,17,167
3937,68,15,67,18,168
3939,66,18,67,16,167
3942,67,34,66,18,185
3943,69,16,66,18,169
3944,51,16,66,18,151
3945,66,18,65,16,165
3946,68,32,68,16,184
3947,66,16,68,16,166
3950,65,35,65,17,182
3951,65,19,65,17,166
3952,68,32,68,16,184
3953,66,16,68,16,166
3955,51,33,67,17,168
3956,65,35,66,18,184
3957,66,18,66,18,168
3958,68,32,66,17,183
3959,51,32,66,17,166
3960,67,34,66,17,184
3961,67,17,66,17,167
3962,66,32,68,15,181
3964,66,34,66,17,183
3966,66,34,66,16,182
3967,65,17,66,16,164
3970,66,34,68,15,183
3973,67,18,67,15,167
3974,68,34,67,15,184
3975,68,17,67,15,167
3976,68,33,67,15,183
3978,67,34,65,18,184
3980,67,33,66,17,183
3981,52,33,66,17,168
3983,67,17,67,16,167
3984,65,34,67,16,182
3986,66,33,66,17,182
3987,68,16,66,17,167
3988,51,16,66,17,150
3990,67,32,67,16,182
3991,66,16,67,16,165
3992,66,34,49,19,168
3993,67,17,49,19,152
3994,66,33,67,16,182
3995,68,15,67,16,166
3996,67,35,66,16,184
3997,50,35,66,16,167
3999,64,18,50,17,149
4000,67,34,67,16,184
4002,66,33,66,18,183
4005,51,34,67,15,167
4006,67,32,66,18,183
4007,67,16,66,18,167
4008,50,16,66,18,150
4010,67,31,68,16,182
4011,51,31,68,16,166
4012,66,33,69,16,184
4014,64,35,66,17,182
4016,51,17,66,17,151
4019,67,16,50,18,151
4020,66,34,66,17,183
4021,67,17,66,17,167
4022,66,34,64,17,181
4023,66,18,64,17,165
4024,50,18,64,17,149
4026,66,32,69,15,182
4027,67,15,69,15,166
4028,64,36,67,14,181
4029,66,19,67,14,166
4030,68,33,82,17,200
4031,67,17,82,17,183
4032,52,17,82,17,168
4033,52,34,65,18,169
4034,67,32,66,18,183
4035,65,18,66,18,167
4036,82,17,67,17,183
4037,67,17,67,17,168
4042,67,33,67,18,185
4043,66,16,67,18,167
4045,66,16,67,17,166
4046,50,16,67,17,150
4047,66,17,65,17,165
4048,50,17,65,17,149
4049,68,15,68,16,167
4051,67,15,52,16,150
4052,65,36,66,17,184
4053,64,19,66,17,166
4055,51,32,67,18,168
4057,67,18,66,17,168
4058,66,33,66,19,184
4060,51,16,66,19,152
4061,51,33,52,32,168
4062,51,15,52,32,150
4063,66,16,51,18,151
4064,66,51,83,18,218
4065,67,32,83,18,200
4066,52,32,83,18,185
4067,67,18,65,18,168
4068,51,18,65,18,152
4069,50,32,67,15,164
4070,53,16,67,15,151
4071,83,34,66,16,199
4072,65,34,66,16,181
4073,67,16,66,16,165
4074,67,33,67,16,183
4075,67,18,67,16,168
4076,67,33,68,15,183
4077,65,17,68,15,165
4081,67,18,65,16,166
4082,68,33,66,16,183
4083,52,33,66,16,167
4084,67,32,66,17,182
4085,66,17,66,17,166
4087,66,18,67,16,167
4089,67,16,51,17,151
4090,66,35,66,17,184
4093,67,17,67,16,167
4094,51,17,67,16,151
4095,66,18,66,19,169
4096,66,34,67,17,184
4098,67,32,68,17,184
4100,66,35,66,16,183
4101,68,16,66,16,166
4103,68,16,65,17,166
4104,52,16,65,17,150
4105,66,16,66,17,165
4106,66,32,51,16,165
4107,65,16,51,16,148
4108,49,16,51,16,132
4109,65,17,66,18,166
4110,66,33,68,17,184
4111,67,16,68,17,168
4112,51,16,68,17,152
4114,66,35,66,16,183
4115,67,17,66,16,166
4116,51,17,66,16,150
4117,67,16,66,17,166
4119,65,18,67,16,166
4120,66,33,67,16,182
4121,65,17,67,16,165
4122,66,34,66,17,183
4123,68,17,66,17,168
4124,50,17,66,17,150
4127,66,17,51,15,149
4128,66,33,68,15,182
4129,67,16,68,15,166
4130,66,33,68,17,184
4131,68,15,68,17,168
4133,66,18,66,16,166
4135,65,18,67,15,165
4137,51,33,67,17,168
4138,66,34,65,18,183
4139,51,34,65,18,168
4140,67,33,66,17,183
4142,67,32,68,16,183
4144,65,34,67,17,183
4146,50,16,67,17,150
4147,66,17,66,17,166
4148,68,33,66,18,185
4149,66,17,66,18,167
4150,67,33,51,16,167
4152,66,33,68,16,183
4153,67,16,68,16,167
4154,66,34,67,16,183
4155,67,16,67,16,166
4158,68,33,67,15,183
4161,66,16,67,16,165
4162,65,35,66,17,183
4164,67,32,67,18,184
4165,51,32,67,18,168
4166,67,34,66,17,184
4168,66,33,65,18,182
4169,51,33,65,18,167
4170,51,16,65,18,150
4173,66,33,68,17,184
4175,65,18,67,16,166
4177,51,32,66,18,167
4178,51,17,66,18,152
4179,68,17,66,16,167
4180,67,31,51,17,166
4181,52,31,51,17,151
4182,66,35,66,18,185
4183,66,17,66,18,167
4186,51,17,67,17,152
4187,67,16,67,16,166
4188,66,34,65,18,183
4189,68,16,65,18,167
4190,67,33,66,18,184
4191,67,16,66,18,167
4193,65,16,69,16,166
4195,66,16,68,15,165
4196,66,35,65,19,185
4197,68,17,65,19,169
4198,69,33,66,16,184
4199,67,17,66,16,166
4201,65,17,68,17,167
4202,65,34,66,18,183
4203,68,15,66,18,167
4204,66,34,66,16,182
4206,50,18,66,16,150
4207,66,15,67,17,165
4208,51,15,67,17,150
4209,68,16,50,18,152
4212,67,35,65,18,185
4213,66,18,65,18,167
4214,50,18,65,18,151
4216,66,34,66,17,183
4217,67,16,66,17,166
4218,65,34,67,16,182
4220,52,16,67,16,151
4223,65,18,66,17,166
4225,67,16,67,18,168
4226,51,16,67,18,152
4227,66,18,67,16,167
4228,66,33,66,17,182
4229,67,16,66,17,166
4231,69,16,65,17,167
4232,51,16,65,17,149
4233,66,16,68,17,167
4234,66,33,52,16,167
4235,65,16,52,16,149
4236,65,35,66,16,182
4237,66,18,66,16,166
4238,50,18,66,16,150
4239,68,16,67,17,168
4242,66,34,68,15,183
4244,67,33,50,17,167
4245,67,16,50,17,150
4247,67,19,65,17,168
4248,68,32,66,17,183
4249,51,32,66,17,166
4250,50,17,66,17,150
4251,51,33,67,16,167
4253,67,16,66,17,166
4255,67,17,66,16,166
4257,66,16,68,17,167
4259,66,17,51,17,151
4260,66,34,65,18,183
4263,68,17,67,16,168
4264,51,17,67,16,151
4265,52,31,52,16,151
4266,65,36,83,17,201
4268,67,32,68,16,183
4269,51,32,68,16,167
4270,52,16,68,16,152
4271,67,17,66,18,168
4273,67,17,68,30,182
4276,66,36,80,17,199
4277,67,18,80,17,182
4279,52,30,67,17,166
4282,64,33,66,18,181
4283,68,17,66,18,169
4285,67,17,66,17,167
4286,67,32,68,18,185
4287,67,16,68,18,169
4288,50,16,68,18,152
4290,66,34,67,15,182
4291,67,17,67,15,166
4292,51,17,67,15,150
4293,68,16,66,16,166
4296,67,33,67,16,183
4297,64,18,67,16,165
4298,66,33,66,18,183
4300,66,34,50,17,167
4301,51,34,50,17,152
4302,67,32,66,18,183
4305,67,17,67,31,182
4309,66,18,66,16,166
4310,67,31,51,16,165
4312,67,35,66,16,184
4314,66,32,67,17,182
4315,53,32,67,17,169
4317,68,16,66,18,168
4319,66,17,66,18,167
4320,67,33,67,18,185
4321,66,16,67,18,167
4322,50,16,67,18,151
4324,66,34,67,16,183
4326,67,34,66,18,185
4328,52,16,66,18,152
4330,52,15,51,15,133
4331,65,17,67,17,166
4332,66,33,51,16,166
4334,51,15,51,16,133
4336,67,33,67,16,183
4337,66,16,67,16,165
4338,51,16,67,16,150
4340,66,34,67,16,183
4341,66,17,67,16,166
4343,51,34,67,15,167
4344,68,33,65,18,184
4346,67,34,65,17,183
4349,51,31,68,18,168
4350,65,34,67,15,181
4351,67,16,67,15,165
4352,65,34,67,17,183
4353,50,34,67,17,168
4354,68,33,66,18,185
4355,68,15,66,18,167
4356,67,34,66,17,184
4359,66,15,67,17,165
4360,66,34,68,16,184
4361,69,16,68,16,169
4363,66,16,69,15,166
4364,67,35,66,16,184
4365,66,18,66,16,166
4367,67,18,64,17,166
4368,69,32,67,19,187
4369,52,32,67,19,170
4371,50,32,66,18,166
4376,54,12,52,17,135
4377,67,16,84,18,185
4378,65,35,67,16,183
4379,64,17,67,16,164
4381,51,34,64,18,167
4385,51,31,68,16,166
4386,64,35,82,18,199
4387,67,17,82,18,184
4388,66,33,67,17,183
4389,67,16,67,17,167
4390,68,34,65,17,184
4392,67,33,68,16,184
4393,65,18,68,16,167
4394,67,32,67,17,183
4395,68,15,67,17,167
4396,65,36,64,17,182
4397,67,19,64,17,167
4398,68,31,66,19,184
4399,51,31,66,19,167
4402,64,33,68,16,181
4404,66,34,69,16,185
4406,67,34,68,15,184
4408,52,16,68,15,151
4409,65,19,65,16,165
4410,69,33,65,17,184
4411,67,17,65,17,166
4412,68,32,66,18,184
4414,65,33,67,17,182
4419,68,16,67,16,167
4421,67,16,67,17,167
4422,51,16,67,17,151
4423,65,18,65,17,165
4424,67,33,66,17,183
4425,66,17,66,17,166
4427,68,15,69,17,169
4428,65,34,52,15,166
4429,66,17,52,15,150
4431,66,18,66,15,165
4432,69,32,68,17,186
4433,69,15,68,17,169
4434,52,15,68,17,152
4436,66,34,65,16,181
4437,64,19,65,16,164
4438,68,32,67,17,184
4440,66,33,68,16,183
4441,67,17,68,16,168
4442,65,34,67,16,182
4444,67,34,66,16,183
4445,68,17,66,16,167
4446,51,17,66,16,150
4447,68,17,65,17,167
4449,66,17,67,17,167
4450,66,32,52,16,166
4451,66,16,52,16,150
4452,65,35,67,16,183
4454,67,33,66,16,182
4455,68,16,66,16,166
4456,52,16,66,16,150
4457,68,17,66,17,168
4459,66,16,51,16,149
4460,66,34,83,17,200
4461,65,18,83,17,183
4462,66,33,67,16,182
4464,51,16,67,16,150
4466,67,33,66,17,183
4468,67,33,66,16,182
4470,66,33,68,16,183
4471,67,16,68,16,167
4472,66,33,51,16,166
4473,67,16,51,16,150
4474,50,16,51,16,133
4476,68,32,68,15,183
4477,67,16,68,15,166
4478,51,16,68,15,150
4480,67,33,65,18,183
4482,68,33,50,17,168
4483,50,33,50,17,150
4484,66,32,84,17,199
4486,65,35,66,17,183
4489,67,16,67,18,168
4490,84,17,66,17,184
4491,83,33,66,19,201
4493,50,33,66,19,168
4494,67,33,52,16,168
4495,50,33,52,16,151
4496,66,33,69,15,183
4497,66,16,69,15,166
4499,67,16,66,17,166
4500,52,16,66,17,151
4501,51,34,64,18,167
4502,69,32,50,18,169
4503,65,17,50,18,150
4504,66,32,69,15,182
4506,64,36,66,18,184
4507,67,18,66,18,169
4508,50,18,66,18,152
4510,51,18,51,16,136
4511,66,18,67,15,166
4512,66,34,64,18,182
4514,51,16,64,18,149
4515,52,33,66,17,168
4516,67,31,68,17,183
4517,64,16,68,17,165
4518,64,35,66,18,183
4519,66,17,66,18,167
4521,68,16,51,15,150
4523,67,16,67,16,166
4526,51,15,66,18,150
4528,67,32,69,16,184
4530,66,34,67,16,183
4532,66,35,65,17,183
4533,66,19,65,17,167
4534,69,32,68,15,184
4536,51,16,68,15,150
4538,65,35,65,21,186
4539,66,18,65,21,170
4540,68,33,53,15,169
4541,52,33,53,15,153
4542,50,18,53,15,136
4543,51,32,67,17,167
4544,65,36,64,17,182
4545,71,15,64,17,167
4547,52,31,66,18,167
4548,67,33,67,17,184
4549,63,16,67,17,163
4550,64,33,51,18,166
4552,66,34,67,18,185
4555,67,18,66,15,166
4556,51,18,66,15,150
4557,67,16,67,17,167
4559,68,16,67,15,166
4560,66,33,66,16,181
4561,65,18,66,16,165
4565,52,32,67,17,168
4566,66,33,67,17,183
4569,67,17,66,18,168
4572,67,33,52,16,168
4573,50,33,52,16,151
4574,50,16,52,16,134
4576,67,34,67,15,183
4577,68,16,67,15,166
4579,50,36,64,16,166
4580,70,31,65,17,183
4581,64,19,65,17,165
4582,67,33,65,17,182
4583,51,33,65,17,166
4584,64,32,67,16,179
4585,68,16,67,16,167
4586,65,33,69,15,182
4587,67,16,69,15,167
4589,66,17,67,16,166
4590,67,35,65,17,184
4591,66,19,65,17,167
4592,69,32,67,16,184
4593,52,32,67,16,167
4594,67,33,50,18,168
4597,67,17,66,18,168
4600,50,18,65,17,150
4601,51,32,66,18,167
4602,66,33,67,18,184
4603,68,15,67,18,168
4606,66,34,66,17,183
4607,66,16,66,17,165
4608,51,16,66,17,150
4609,68,15,67,17,167
4611,66,16,51,16,149
4612,66,34,66,18,184
4613,65,17,66,18,166
4615,67,16,51,16,150
4617,67,16,69,16,168
4618,66,34,66,18,184
4619,67,16,66,18,167
4621,67,18,65,17,167
4622,69,31,51,16,167
4624,66,34,84,16,200
4627,66,16,67,17,166
4628,51,16,67,17,151
4629,66,17,66,18,167
4633,67,16,67,17,167
4634,66,33,67,17,183
4636,51,15,67,17,150
4637,68,15,68,16,167
4638,52,15,68,16,151
4639,66,16,68,17,167
4640,51,16,68,17,152
4641,65,18,66,16,165
4645,68,16,53,14,151
4646,50,16,53,14,133
4647,66,18,83,15,182
4649,50,33,65,18,166
4650,53,14,65,18,150
4652,83,15,68,16,182
4653,64,15,68,16,163
4655,67,17,65,18,167
4657,50,33,66,17,166
4658,68,32,68,17,185
4660,65,34,67,17,183
4661,66,16,67,17,166
4663,67,17,66,17,167
4664,51,17,66,17,151
4665,67,16,66,17,166
4667,67,16,68,16,167
4669,66,16,51,16,149
4670,66,35,65,18,184
4676,65,35,65,16,181
4677,67,17,65,16,165
4678,51,17,65,16,149
4679,65,17,67,19,168
4682,65,34,66,18,183
4683,66,18,66,18,168
4684,67,33,68,15,183
4685,69,14,68,15,166
4686,53,14,68,15,150
4687,68,16,68,16,168
4688,66,35,65,16,182
4689,65,17,65,16,163
4691,66,18,65,18,167
4694,65,33,52,16,166
4695,66,17,52,16,151
4697,67,17,65,18,167
4700,52,16,66,16,150
4701,66,16,68,16,166
4702,65,34,66,17,182
4705,66,18,67,15,166
4707,66,16,67,18,167
4708,66,35,65,18,184
4709,67,18,65,18,168
4710,67,32,67,18,184
4711,66,17,67,18,168
4712,67,33,67,18,185
4713,68,15,67,18,168
4715,68,16,51,19,154
4716,67,33,53,16,169
4717,67,15,53,16,151
4720,51,19,63,16,149
4721,52,32,82,17,183
4722,53,16,82,17,168
4723,51,31,68,15,165
4725,63,17,67,16,163
4727,66,17,83,16,182
4728,68,32,67,17,184
4729,52,32,67,17,168
4730,67,33,67,16,183
4731,65,17,67,16,165
4732,83,16,67,16,182
4733,68,16,67,16,167
4734,51,16,67,16,150
4736,67,34,66,17,184
4738,67,34,67,15,183
4739,66,18,67,15,166
4741,52,32,67,17,168
4742,66,35,65,18,184
4745,66,17,51,17,151
4746,67,33,51,16,167
4747,67,16,51,16,150
4748,65,35,66,17,183
4749,68,17,66,17,168
4750,51,17,66,17,151
4751,67,16,67,19,169
4752,51,16,67,19,153
4753,65,18,52,14,149
4755,67,16,83,17,183
4756,67,33,67,16,183
4757,70,14,67,16,167
4758,52,14,67,16,149
4759,66,16,50,16,148
4762,67,32,53,15,167
4763,50,32,53,15,150
4765,67,17,83,16,183
4766,67,33,66,16,182
4767,51,33,66,16,166
4768,53,15,66,16,150
4769,67,17,67,15,166
4770,67,32,67,16,182
4772,66,35,65,18,184
4773,65,19,65,18,167
4774,67,32,67,18,184
4775,66,17,67,18,168
4777,51,33,52,16,152
4778,65,34,68,15,182
4779,68,16,68,15,167
4781,51,34,65,18,168
4782,52,16,65,18,151
4783,66,18,65,16,165
4785,65,16,68,17,166
4787,67,16,67,16,166
4788,65,34,64,19,182
4792,67,50,67,15,199
4793,51,50,67,15,183
4795,66,18,64,17,165
4797,52,32,66,18,168
4798,51,18,66,18,153
4799,67,15,52,16,150
4800,64,34,83,18,199
4801,67,17,83,18,185
4802,66,34,67,18,185
4803,67,16,67,18,168
4806,67,34,67,16,184
4808,67,34,67,15,183
4809,51,34,67,15,167
4810,52,16,67,15,150
4811,52,33,66,18,169
4812,67,34,50,15,166
4813,65,18,50,15,148
4814,67,32,66,18,183
4819,68,15,68,16,167
4820,66,34,67,17,184
4821,82,34,65,18,199
4822,67,34,65,18,184
4825,66,17,67,15,165
4826,67,32,67,17,183
4827,67,15,67,17,166
4828,65,35,68,15,183
4831,65,17,67,17,166
4832,67,36,64,16,183
4833,66,19,64,16,165
4834,68,31,68,16,183
4835,53,31,68,16,168
4836,51,16,68,16,151
4837,67,16,68,16,167
4839,65,19,66,17,167
4840,68,33,66,16,183
4842,51,17,66,16,150
4843,68,17,67,16,168
4844,66,33,68,16,183
4845,67,16,68,16,167
4846,66,34,66,16,182
4847,50,34,66,16,166
4849,66,18,65,17,166
4851,68,16,67,17,168
4854,65,34,67,17,183
4855,66,17,67,17,167
4856,67,32,52,16,167
4857,68,15,52,16,151
4858,51,15,52,16,134
4859,67,17,67,17,168
4860,67,33,66,18,184
4861,50,33,66,18,167
4862,52,16,66,18,152
4863,50,34,66,17,167
4864,67,32,69,15,183
4865,67,15,69,15,166
4866,66,34,50,15,165
4870,69,30,68,16,183
4871,66,15,68,16,165
4872,50,15,68,16,149
4874,65,33,66,17,181
4875,67,16,66,17,166
4876,68,35,64,17,184
4877,65,19,64,17,165
4878,68,31,66,19,184
4880,66,33,68,17,184
4881,67,16,68,17,168
4887,68,16,51,15,150
4888,52,16,51,15,134
4889,66,16,52,16,150
4891,67,15,68,16,166
4893,68,16,83,16,183
4894,52,16,83,16,167
4895,50,33,66,16,165
4898,65,34,68,15,182
4901,66,18,67,17,168
4902,68,34,67,14,183
4903,65,19,67,14,165
4904,68,33,66,17,184
4905,52,33,66,17,168
4906,67,34,64,18,183
4907,52,34,64,18,168
4908,67,32,66,17,182
4909,52,32,66,17,167
4910,66,32,67,17,182
4911,66,15,67,17,165
4914,66,33,68,18,185
4915,66,16,68,18,168
4916,67,33,53,15,168
4917,66,16,53,15,150
4918,66,35,66,17,184
4920,51,17,66,17,151
4922,53,15,66,16,150
4924,66,33,66,18,183
4925,65,16,66,18,165
4926,50,16,66,18,150
4927,64,17,67,17,165
4928,66,33,67,17,183
4929,66,16,67,17,166
4930,50,16,67,17,150
4931,68,16,68,17,169
4933,67,16,68,19,170
4934,67,35,52,14,168
4935,66,18,52,14,150
4936,50,18,52,14,134
4937,68,16,67,15,166
4938,52,16,67,15,150
4942,67,33,67,15,182
4943,63,18,67,15,163
4944,67,32,66,18,183
4945,67,16,66,18,167
4946,65,35,65,17,182
4947,67,18,65,17,167
4948,67,31,69,15,182
4950,50,16,69,15,150
4952,65,35,66,18,184
4953,67,18,66,18,169
4954,69,32,52,15,168
4956,67,34,68,15,184
4957,68,16,68,15,167
4958,66,33,66,18,183
4959,51,33,66,18,168
4960,52,15,66,18,151
4961,65,19,64,17,165
4962,68,31,68,17,184
4963,65,16,68,17,166
4964,66,33,65,19,183
4965,68,15,65,19,167
4966,64,35,68,16,183
4968,68,49,66,19,202
4969,67,32,66,19,184
4970,65,19,66,19,169
4971,67,19,66,15,167
4972,68,31,68,15,182
4974,54,15,68,15,152
4978,50,18,65,18,151
4979,52,33,66,17,168
4980,66,32,68,17,183
4981,67,16,68,17,168
4982,65,34,51,15,165
4985,67,17,65,18,167
4986,68,32,67,17,184
4987,67,15,67,17,166
4988,51,15,67,17,150
4989,65,17,51,16,149
4991,66,16,66,18,166
4992,67,33,68,16,184
4995,66,16,51,18,151
4997,67,17,83,16,183
4999,67,18,65,16,166
5000,51,18,65,16,150
5003,67,16,67,17,167
5004,65,34,66,16,181
5006,66,33,66,17,182
5007,50,33,66,17,166
5008,67,33,67,16,183
5010,66,33,68,15,182
5013,66,17,83,17,183
5014,67,34,66,17,184
5015,67,18,66,17,168
5016,68,33,65,17,183
5019,67,17,66,17,167
5020,66,32,68,17,183
5021,51,32,68,17,168
5022,65,34,68,15,182
5023,66,17,68,15,166
5024,66,34,66,18,184
5026,68,34,65,18,185
5027,68,17,65,18,168
5028,68,32,70,32,202
5029,66,17,70,32,185
5030,66,33,69,16,184
5032,65,37,65,15,182
5033,68,19,65,15,167
5034,51,19,65,15,150
5035,64,20,64,17,165
5036,69,33,66,16,184
5037,67,17,66,16,166
5040,64,35,67,17,183
5042,66,32,52,16,166
5044,51,16,52,16,135
5045,67,18,66,16,167
5046,67,33,67,16,183
5047,68,16,67,16,167
5049,67,17,68,15,167
5050,66,34,65,18,183
5052,67,34,66,17,184
5053,67,18,66,17,168
5055,52,31,52,16,151
5057,67,17,66,17,167
5058,66,33,67,16,182
5060,52,16,67,16,151
5061,65,18,70,12,165
5062,66,34,67,15,182
5064,67,36,63,16,182
5065,68,20,63,16,167
5066,70,31,66,16,183
5067,53,31,66,16,166
5068,67,32,66,18,183
5070,63,34,67,15,179
5071,67,18,67,15,167
5072,66,32,68,15,181
5075,68,17,67,16,168
5076,67,33,66,18,184
5077,51,33,66,18,168
5078,68,34,65,17,184
5079,65,19,65,17,166
5080,67,32,68,15,182
5081,52,32,68,15,167
5083,51,33,67,17,168
5084,65,35,65,16,181
5085,66,18,65,16,165
5088,67,33,67,17,184
5090,65,34,66,18,183
5091,66,18,66,18,168
5092,67,33,67,17,184
5093,50,33,67,17,167
5094,51,16,67,17,151
5095,51,33,70,14,168
5096,66,34,66,16,182
5097,67,16,66,16,165
5098,67,36,63,18,184
5100,70,30,67,17,184
5101,52,30,67,17,166
5102,66,33,68,17,184
5103,65,17,68,17,167
5105,67,16,66,18,167
5108,68,32,69,15,184
5109,67,15,69,15,166
5110,66,35,66,16,183
5111,67,17,66,16,166
5113,66,18,65,16,165
5114,69,32,65,19,185
5116,66,33,67,16,182
5117,66,17,67,16,166
5118,65,32,69,15,181
5119,66,16,69,15,166
5124,69,32,68,16,185
5125,65,17,68,16,166
5126,66,35,65,17,183
5127,68,17,65,17,167
5129,52,33,65,18,168
5130,68,32,68,15,183
5133,67,16,67,16,166
5134,65,35,66,16,182
5135,67,17,66,16,166
5136,68,32,68,16,184
5137,66,17,68,16,167
5138,50,17,68,16,151
5139,65,18,66,18,167
5141,67,18,66,17,168
5142,68,32,66,18,184
5143,68,16,66,18,168
5144,66,34,67,15,182
5145,68,16,67,15,166
5146,66,32,69,16,183
5147,67,15,69,16,167
5148,66,35,66,18,185
5149,66,17,66,18,167
5150,67,34,65,18,184
5152,50,19,65,18,152
5154,66,33,66,19,184
5155,69,15,66,19,169
5156,65,33,52,15,165
5158,66,33,68,16,183
5161,67,15,67,34,183
5162,52,15,67,34,168
5164,68,33,67,17,185
5165,65,17,67,17,166
5166,50,17,67,17,151
5167,84,33,66,18,201
5168,67,33,66,18,184
5169,51,33,66,18,168
5170,51,16,66,18,151
5171,69,16,66,19,170
5172,66,33,67,17,183
5175,67,15,69,14,165
5176,51,15,69,14,149
5177,68,15,67,17,167
5179,66,18,66,17,167
5181,64,18,51,17,150
5182,67,34,67,16,184
5183,67,17,67,16,167
5184,66,34,65,16,181
5185,52,34,65,16,167
5187,51,33,65,17,166
5188,67,32,67,16,182
5189,66,16,67,16,165
5190,65,33,50,19,167
5191,65,17,50,19,151
5192,65,34,67,15,181
5193,66,17,67,15,165
5194,50,17,67,15,149
5196,50,19,66,20,155
5197,52,32,54,12,150
5198,67,34,82,17,200
5201,52,32,67,16,167
5202,54,12,67,16,149
5203,69,15,66,18,168
5204,65,34,66,18,183
5205,62,17,66,18,163
5206,67,32,68,17,184
5207,65,16,68,17,166
5208,66,34,66,18,184
5209,67,16,66,18,167
5210,66,34,67,16,183
5211,68,16,67,16,167
5213,67,15,51,18,151
5215,66,17,66,16,165
5216,67,34,66,16,183
5218,51,18,66,16,151
5219,67,16,68,16,167
5220,66,34,66,19,185
5222,66,34,66,15,181
5223,66,18,66,15,165
5225,52,32,66,17,167
5229,65,17,71,13,166
5231,64,18,66,16,164
5232,67,36,79,18,200
5233,68,20,79,18,185
5234,71,30,67,18,186
5235,54,30,67,18,169
5236,66,34,51,16,167
5238,79,18,67,15,179
5239,66,18,67,15,166
5240,67,34,66,16,183
5241,51,34,66,16,167
5243,52,33,66,17,168
5244,67,33,66,16,182
5247,52,33,67,17,169
5248,66,33,67,17,183
5249,51,33,67,17,168
5250,50,16,67,17,150
5252,67,33,67,17,184
5253,67,16,67,17,167
5256,50,18,66,16,150
5257,51,32,67,16,166
5258,67,34,65,17,183
5260,66,33,65,18,182
5261,67,17,65,18,167
5262,50,17,65,18,150
5265,66,16,51,16,149
5266,65,37,82,15,199
5267,67,19,82,15,183
5268,51,19,82,15,167
5269,53,30,67,17,167
5271,66,17,66,17,166
5272,82,15,67,16,180
5273,68,15,67,16,166
5274,67,33,67,16,183
5275,67,16,67,16,166
5276,66,34,68,16,184
5278,67,33,67,17,184
5279,66,17,67,17,167
5282,68,32,66,18,184
5283,52,32,66,18,168
5284,51,16,66,18,151
5286,65,33,67,17,182
5289,67,17,66,17,167
5290,51,17,66,17,151
5293,66,17,66,16,165
5294,66,32,68,17,183
5297,67,16,67,16,166
5298,66,34,66,16,182
5299,65,18,66,16,165
5300,68,33,67,16,184
5301,67,16,67,16,166
5302,67,33,68,16,184
5303,67,17,68,16,168
5305,65,18,67,15,165
5306,67,34,65,16,182
5307,67,18,65,16,166
5308,68,33,66,17,184
5310,67,32,68,16,183
5312,65,34,66,18,183
5313,65,18,66,18,167
5315,68,17,68,14,167
5316,51,17,68,14,150
5317,68,16,66,18,168
5318,50,16,66,18,150
5322,66,35,67,17,185
5323,66,17,67,17,167
5324,65,33,66,17,181
5325,51,33,66,17,167
5326,51,17,66,17,151
5327,66,18,67,15,166
5328,67,32,69,16,184
5329,68,15,69,16,168
5330,51,15,69,16,151
5333,65,19,64,19,167
5335,52,31,67,17,167
5336,50,15,67,17,149
5337,66,17,68,16,167
5338,64,34,68,16,182
5339,67,15,68,16,166
5340,52,15,68,16,151
5341,68,17,67,16,168
5342,51,17,67,16,151
5343,65,18,65,19,167
5346,67,32,67,17,183
5347,67,16,67,17,167
5348,65,35,65,17,182
5349,68,16,65,17,166
5350,51,16,65,17,149
5351,66,17,67,17,167
5353,65,16,67,17,165
5355,67,17,66,18,168
5357,67,16,67,15,165
5358,67,33,67,16,183
5359,67,16,67,16,166
5361,67,16,67,15,165
5362,67,33,67,17,184
5364,67,34,67,17,185
5366,67,33,67,17,184
5367,52,33,67,17,169
5368,67,34,66,17,184
5369,68,17,66,17,168
5371,52,33,67,15,167
5372,51,16,67,15,149
5374,66,34,66,16,182
5375,66,17,66,16,165
5378,67,33,66,17,183
5380,66,32,69,15,182
5382,65,34,69,15,183
5385,67,18,66,15,166
5387,51,34,82,17,184
5388,50,19,82,17,168
5389,52,32,67,16,167
5390,66,32,67,18,183
5393,67,17,65,18,167
5394,67,32,68,16,183
5395,52,32,68,16,168
5397,82,35,65,17,199
5400,68,33,66,17,184
5401,66,17,66,17,166
5402,51,17,66,17,151
5403,67,15,68,17,167
5406,66,34,67,16,183
5407,66,17,67,16,166
5408,68,34,66,16,184
5411,66,18,65,19,168
5412,67,33,51,16,167
5413,66,17,51,16,150
5415,67,16,67,17,167
5416,65,35,84,14,198
5417,68,16,84,14,182
5418,51,16,84,14,165
5419,51,32,66,18,167
5421,65,18,66,17,166
5422,67,31,67,17,182
5425,67,17,67,15,166
5426,66,32,67,17,182
5427,66,15,67,17,165
5428,52,15,67,17,151
5429,66,18,65,17,166
5431,65,17,66,18,166
5432,67,33,67,16,183
5433,67,16,67,16,166
5434,65,33,69,15,182
5435,67,16,69,15,167
5436,66,34,67,18,185
5438,67,35,65,18,185
5440,69,32,51,16,168
5442,67,33,54,15,169
5444,65,34,66,16,181
5447,49,35,66,16,166
5448,54,15,66,16,151
5449,65,17,67,18,167
5450,66,35,66,16,183
5451,62,19,66,16,163
5453,52,32,68,16,168
5454,67,34,66,18,185
5455,69,16,66,18,169
5456,66,34,50,16,166
5457,66,18,50,16,150
5458,50,18,50,16,134
5459,66,16,84,16,182
5460,50,16,84,16,166
5461,68,16,66,17,167
5462,50,16,66,17,149
5464,68,32,67,17,184
5465,66,16,67,17,166
5466,66,33,67,17,183
5467,67,16,67,17,167
5468,65,34,67,16,182
5469,66,17,67,16,166
5470,67,33,50,17,167
5473,67,17,67,16,167
5474,67,33,66,17,183
5476,50,17,66,17,150
5479,67,16,69,14,166
5480,66,33,67,17,183
5481,66,16,67,17,166
5482,65,36,64,19,184
5483,66,19,64,19,168
5486,67,33,68,17,185
5487,50,33,68,17,168
5488,64,33,68,17,182
5489,69,14,68,17,168
5490,52,14,68,17,151
5492,68,33,66,16,183
5493,66,16,66,16,164
5494,68,33,67,16,184
5495,51,33,67,16,167
5497,66,16,68,17,167
5498,66,34,67,17,184
5499,65,18,67,17,167
5500,67,34,65,18,184
5501,66,18,65,18,167
5502,68,33,66,17,184
5504,67,32,68,17,184
5505,51,32,68,17,168
5506,65,34,51,17,167
5508,66,34,66,18,184
5509,66,17,66,18,167
5512,51,17,65,18,151
5513,51,32,68,16,167
5516,65,35,83,15,198
5519,66,15,67,18,166
5521,65,20,65,15,165
5522,83,15,68,17,183
5523,67,15,68,17,167
5524,67,35,66,16,184
5525,50,35,66,16,167
5528,68,33,67,16,184
5531,51,35,64,19,169
5534,51,16,66,16,149
5537,67,15,67,17,166
5538,66,34,66,17,183
5539,66,18,66,17,167
5541,65,17,67,15,164
5543,68,16,67,17,168
5544,66,34,66,17,183
5545,67,17,66,17,167
5546,67,33,66,17,183
5547,65,18,66,17,166
5548,67,33,50,18,168
5549,67,16,50,18,151
5550,66,33,67,17,183
5551,68,16,67,17,168
5553,66,18,66,17,167
5554,50,18,66,17,151
5555,51,32,67,18,168
5556,51,16,67,18,152
5557,67,17,67,16,167
5558,66,33,66,18,183
5561,68,16,66,17,167
5563,66,16,68,16,166
5564,66,34,66,18,184
5565,66,16,66,18,166
5567,67,17,66,18,168
5568,68,32,68,15,183
5569,66,16,68,15,165
5571,67,16,67,16,166
5572,66,34,66,16,182
5573,68,16,66,16,166
5574,52,16,66,16,150
5577,65,17,66,17,165
5578,66,33,67,16,182
5580,66,33,67,18,184
5582,66,34,51,15,166
5584,67,33,67,18,185
5587,50,33,68,16,167
5588,51,15,68,16,150
5589,50,34,67,19,170
5590,67,34,52,14,167
5593,66,17,82,18,183
5594,67,33,67,16,183
5595,68,14,67,16,165
5599,63,18,66,16,163
5600,67,34,65,17,183
5601,65,18,65,17,165
5602,67,32,68,16,183
5604,66,33,51,15,165
5605,50,33,51,15,149
5608,68,31,68,16,183
5610,51,15,68,16,150
5611,67,16,68,17,168
5613,65,18,66,18,167
5614,68,34,65,18,185
5615,66,18,65,18,167
5618,66,33,68,16,183
5620,65,34,67,16,182
5621,66,16,67,16,165
5622,67,34,67,16,184
5623,65,18,67,16,166
5625,66,17,66,17,166
5626,67,34,65,19,185
5629,67,16,68,17,168
5630,66,33,67,17,183
5631,67,16,67,17,167
5632,65,35,65,18,183
5633,68,16,65,18,167
5635,51,32,51,17,151
5637,65,16,67,18,166
5638,65,35,66,17,183
5640,51,17,66,17,151
5641,51,32,67,18,168
5642,51,16,67,18,152
5643,67,16,67,18,168
5644,66,33,68,16,183
5645,67,16,68,16,167
5646,67,34,65,18,184
5648,67,34,65,17,183
5652,65,34,66,19,184
5653,65,16,66,19,166
5654,65,34,67,16,182
5655,66,17,67,16,166
5657,67,15,67,18,167
5658,51,15,67,18,151
5661,66,16,68,16,166
5663,66,17,65,17,165
5664,67,33,65,18,183
5665,67,17,65,18,167
5666,68,32,51,16,167
5667,66,16,51,16,149
5668,65,33,52,15,165
5669,66,16,52,15,149
5671,67,16,66,18,167
5672,51,16,66,18,151
5673,68,15,67,18,168
5675,67,15,68,18,168
5677,66,16,67,18,167
5678,67,34,51,16,168
5679,67,16,51,16,150
5680,68,33,66,18,185
5681,68,15,66,18,167
5682,67,34,65,19,185
5684,51,16,65,19,151
5686,66,33,85,16,200
5687,66,15,85,16,182
5689,67,16,66,17,166
5690,52,16,66,17,151
5691,70,30,67,17,184
5693,66,16,68,16,166
5695,63,17,66,18,164
5697,50,34,66,17,167
5698,68,32,68,15,183
5699,51,32,68,15,166
5700,66,34,66,17,183
5703,67,17,66,17,167
5704,68,32,66,19,185
5705,65,17,66,19,167
5706,66,34,67,16,183
5707,66,17,67,16,166
5708,66,32,51,17,166
5709,68,15,51,17,151
5710,66,35,67,17,185
5712,67,33,51,15,166
5713,50,33,51,15,149
5715,66,17,65,17,165
5716,67,32,66,17,182
5717,51,32,66,17,166
5719,65,17,68,16,166
5721,65,16,68,17,166
5722,66,35,66,18,185
5723,67,18,66,18,169
5724,68,33,66,18,185
5729,68,15,67,16,166
5731,67,16,67,15,165
5732,51,16,67,15,149
5733,66,16,66,18,166
5736,67,32,66,19,184
5737,65,17,66,19,167
5738,66,33,52,17,168
5739,50,33,52,17,152
5741,67,16,68,15,166
5742,66,36,66,15,183
5743,67,17,66,15,165
5744,52,17,66,15,150
5746,51,17,67,16,151
5748,66,33,67,15,181
5751,68,18,66,16,168
5752,67,33,70,13,183
5753,68,17,70,13,168
5755,51,33,50,17,151
5756,66,37,79,17,199
5757,66,21,79,17,183
5758,70,30,66,17,183
5759,55,30,66,17,168
5760,50,17,66,17,150
5763,83,33,66,18,200
5765,51,33,66,18,168
5766,67,33,68,17,185
5767,66,17,68,17,168
5768,66,33,52,16,167
5769,66,16,52,16,150
5770,66,35,81,18,200
5773,68,16,66,17,167
5774,52,16,66,17,151
5778,66,33,68,16,183
5783,66,18,66,16,166
5784,50,18,66,16,150
5785,66,16,69,15,166
5786,67,34,71,13,185
5787,67,17,71,13,168
5788,66,35,66,15,182
5789,66,19,66,15,166
5791,67,21,62,17,167
5792,71,30,66,15,182
5793,55,30,66,15,166
5794,66,32,66,18,182
5795,66,17,66,18,167
5796,62,34,67,15,178
5797,66,17,67,15,165
5798,66,32,67,18,183
5799,66,17,67,18,168
5800,49,17,67,18,151
5801,67,17,66,16,166
5802,50,17,66,16,149
5803,52,32,68,15,167
5804,67,34,68,15,184
5805,67,16,68,15,166
5806,66,34,66,15,181
5807,67,18,66,15,166
5808,68,34,65,17,184
5809,65,19,65,17,166
5811,67,17,66,18,168
5813,66,18,66,18,168
5816,66,33,67,17,183
5817,51,33,67,17,168
5818,51,15,67,17,150
5819,67,16,67,16,166
5820,67,33,68,16,184
5821,65,17,68,16,166
5823,66,17,67,15,165
5824,50,17,67,15,149
5826,68,33,65,17,183
5827,67,17,65,17,166
5828,50,17,65,17,149
5829,66,18,66,16,166
5830,66,32,68,17,183
5831,50,32,68,17,167
5832,65,34,67,16,182
5834,66,34,66,17,183
5835,66,18,66,17,167
5836,68,33,68,15,184
5840,66,35,65,17,183
5842,68,32,66,16,182
5843,52,32,66,16,166
5844,67,33,67,16,183
5845,67,16,67,16,166
5846,65,33,68,16,182
5848,66,34,50,18,168
5849,65,18,50,18,151
5850,67,34,65,19,185
5854,50,18,65,18,151
5856,65,34,67,16,182
5857,68,15,67,16,166
5858,65,37,81,15,198
5859,67,19,81,15,182
5860,71,30,66,18,185
5861,52,30,66,18,166
5862,51,16,66,18,151
5863,65,17,68,15,165
5864,63,33,67,16,179
5865,67,15,67,16,165
5866,66,35,65,18,184
5867,68,17,65,18,168
5868,68,32,66,19,185
5869,65,17,66,19,167
5870,67,33,67,18,185
5871,65,17,67,18,167
5872,65,33,67,18,183
5874,66,34,67,16,183
5875,69,15,67,16,167
5876,67,33,67,18,185
5877,67,15,67,18,167
5880,67,33,68,16,184
5881,65,17,68,16,166
5882,67,33,67,16,183
5883,67,15,67,16,165
5884,51,15,67,16,149
5885,68,17,66,16,167
5886,68,32,68,17,185
5888,67,34,66,17,184
5889,65,18,66,17,166
5890,66,34,65,18,183
5891,66,18,65,18,167
5892,68,32,51,17,168
5893,69,15,51,17,152
5894,66,33,68,17,184
5896,49,16,68,17,150
5897,66,17,67,15,165
5898,51,17,67,15,150
5899,51,33,67,16,167
5900,51,17,67,16,151
5901,67,17,65,16,165
5902,67,33,82,16,198
5903,51,33,82,16,182
5904,67,32,66,18,183
5905,66,16,66,18,166
5906,65,33,67,18,183
5907,66,17,67,18,168
5909,66,16,52,15,149
5910,66,34,67,17,184
5911,68,16,67,17,168
5912,67,33,66,18,184
5914,52,15,66,18,151
5918,66,34,68,17,185
5919,67,16,68,17,168
5920,66,34,66,17,183
5922,52,16,66,17,151
5923,66,18,65,17,166
5924,50,18,65,17,150
5926,51,15,67,17,150
5927,67,16,51,17,151
5928,65,34,67,16,182
5930,67,34,67,15,183
5931,67,17,67,15,166
5935,50,34,66,16,166
5936,67,33,67,17,184
5937,65,18,67,17,167
5938,67,33,66,18,184
5941,51,34,67,17,169
5942,67,32,66,18,183
5945,68,17,67,15,167
5946,67,31,69,15,182
5947,67,14,69,15,165
5948,66,36,66,16,184
5949,66,18,66,16,166
5951,65,18,66,15,164
5952,69,33,66,17,185
5953,66,18,66,17,167
5954,66,33,67,16,182
5956,66,33,68,16,183
5957,66,18,68,16,168
5959,67,17,66,18,168
5960,67,34,63,18,182
5961,68,18,63,18,167
5962,68,32,67,17,184
5963,51,32,67,17,167
5964,66,49,67,18,200
5967,65,18,67,17,167
5970,53,15,52,16,136
5971,67,18,66,17,168
5973,67,16,67,17,167
5974,52,16,67,17,152
5976,66,34,66,17,183
5978,67,33,66,16,182
5979,68,16,66,16,166
5980,67,33,67,17,184
5981,67,16,67,17,167
5982,50,16,67,17,150
5983,66,16,51,17,150
5985,65,18,67,15,165
5986,67,34,66,17,184
5987,67,17,66,17,167
5988,51,17,66,17,151
5989,52,33,67,16,168
5990,67,33,66,18,184
5992,66,34,66,16,182
5993,68,17,66,16,167
5994,67,32,66,17,182
5995,52,32,66,17,167
5996,66,34,71,13,184
5997,67,16,71,13,167
