序号,发送->接收,接收->转发,转发->接收,接收->处理,总计
2,58,31,68,15,172
3,51,31,68,15,165
4,53,16,68,15,152
5,67,16,68,16,167
7,68,16,67,15,166
8,52,16,67,15,150
9,65,19,65,17,166
11,66,17,66,17,166
12,67,32,51,16,166
13,52,32,51,16,151
14,65,34,83,16,198
16,66,33,66,19,184
17,51,33,66,19,169
20,67,32,66,19,184
21,82,35,66,16,199
22,66,35,66,16,183
23,69,16,66,16,167
24,51,16,66,16,149
25,51,31,73,13,168
26,51,15,73,13,152
27,66,16,51,15,148
30,73,28,67,16,184
31,54,28,67,16,165
33,68,17,65,16,166
35,65,17,67,17,166
36,67,33,67,17,184
39,66,18,67,17,168
40,67,33,51,15,166
41,51,33,51,15,150
42,51,16,51,15,133
43,68,17,68,16,169
44,67,32,52,17,168
45,67,15,52,17,151
46,51,15,52,17,135
47,65,20,81,18,184
48,68,33,66,15,182
49,67,17,66,15,165
50,52,17,66,15,150
52,81,18,65,19,183
53,83,34,67,22,206
55,51,34,67,22,174
56,67,31,58,10,166
57,52,31,58,10,151
58,65,36,65,16,182
59,69,17,65,16,167
61,51,32,67,16,166
64,65,34,67,17,183
66,49,18,67,17,151
67,66,17,51,15,149
68,67,34,65,18,184
70,67,32,68,16,183
71,51,32,68,16,167
73,69,14,69,15,167
74,65,35,67,18,185
75,66,17,67,18,168
76,68,34,65,18,185
77,65,18,65,18,166
78,69,33,65,18,185
80,67,32,66,18,183
81,69,14,66,18,167
83,68,15,66,17,166
86,66,33,51,17,167
87,66,15,51,17,149
89,65,19,65,18,167
90,50,19,65,18,152
91,66,17,66,16,165
92,51,17,66,16,150
94,50,15,68,15,148
95,68,15,68,17,168
97,64,19,50,17,150
100,68,34,65,18,185
101,52,34,65,18,169
102,50,17,65,18,150
103,66,19,65,19,169
106,65,33,52,14,164
107,69,15,52,14,150
108,65,36,83,16,200
109,69,17,83,16,185
110,69,30,53,16,168
111,67,14,53,16,150
112,52,14,53,16,135
115,67,16,67,16,166
117,50,33,101,14,198
118,67,34,81,19,201
119,83,32,68,17,200
120,67,32,68,17,184
121,67,16,68,17,168
123,84,33,65,19,201
127,86,30,52,15,183
128,68,30,52,15,165
129,54,30,52,15,151
130,65,34,67,16,182
131,67,15,67,16,165
132,64,33,66,18,181
133,51,33,66,18,168
135,65,17,67,17,166
136,67,32,68,16,183
137,65,16,68,16,165
138,66,35,65,17,183
140,67,33,65,19,184
141,51,33,65,19,168
142,68,32,68,17,185
143,66,16,68,17,167
144,65,33,69,16,183
146,65,35,65,18,183
151,66,15,52,16,149
152,65,33,70,15,183
153,66,15,70,15,166
154,64,35,66,17,182
156,52,16,66,17,151
157,50,35,65,16,166
158,70,31,67,16,184
159,66,16,67,16,165
161,66,17,66,18,167
162,65,33,51,17,166
163,66,17,51,17,151
164,67,33,51,17,168
165,66,17,51,17,151
166,66,35,65,17,183
167,68,17,65,17,167
169,52,33,67,15,167
170,51,17,67,15,150
171,65,17,68,17,167
172,65,35,65,17,182
173,66,18,65,17,166
175,52,33,66,17,168
176,68,32,68,15,183
177,68,15,68,15,166
181,66,17,67,17,167
182,68,33,51,16,168
183,66,18,51,16,151
185,67,17,53,12,149
186,67,33,66,16,182
189,70,12,68,15,165
190,53,12,68,15,148
191,65,17,67,16,165
192,66,34,66,16,182
193,62,18,66,16,162
194,68,33,65,19,185
196,67,33,66,17,183
198,66,32,69,16,183
199,67,16,69,16,168
201,68,15,68,15,166
203,67,18,66,16,167
204,69,33,67,16,185
205,66,17,67,16,166
206,51,17,67,16,151
207,51,33,67,15,166
208,66,34,66,17,183
209,66,18,66,17,167
210,67,33,66,17,183
211,52,33,66,17,168
212,67,33,66,17,183
214,66,33,64,19,182
216,66,33,67,18,184
220,64,36,66,18,184
221,66,17,66,18,167
223,68,16,65,17,166
224,70,32,69,15,186
225,51,32,69,15,167
226,66,33,51,16,166
228,65,36,65,17,183
229,65,19,65,17,166
231,66,16,51,16,149
232,51,16,51,16,134
234,65,33,67,17,182
235,67,16,67,17,167
237,65,18,66,16,165
239,66,17,67,17,167
241,51,33,68,14,166
242,66,34,67,17,184
243,66,18,67,17,168
245,67,17,67,16,167
246,68,33,65,17,183
247,66,19,65,17,167
249,67,17,66,17,167
251,53,31,67,17,168
254,66,32,67,18,183
255,67,15,67,18,167
256,52,15,67,18,152
257,67,17,51,16,151
258,66,33,67,17,183
260,67,34,50,17,168
263,51,33,66,18,168
264,67,34,67,17,185
265,66,17,67,17,167
267,51,32,83,17,183
269,67,17,65,17,166
270,67,32,67,17,183
271,67,15,67,17,166
272,83,17,66,18,184
274,65,34,83,16,198
277,51,32,67,17,167
278,66,35,100,15,216
280,83,16,83,17,199
281,82,34,66,17,199
282,67,34,66,17,184
283,117,32,68,18,235
284,100,32,68,18,218
285,99,17,68,18,202
289,84,34,84,16,218
290,100,32,52,16,200
293,51,32,52,16,151
294,83,18,99,18,218
295,85,33,66,18,202
296,84,16,66,18,184
297,66,16,66,18,166
298,52,16,66,18,152
299,85,32,68,15,200
301,82,34,65,18,199
302,66,34,65,18,183
303,67,16,65,18,166
306,68,31,52,15,166
309,67,17,66,17,167
310,66,32,67,17,182
311,68,15,67,17,167
312,52,15,67,17,151
313,68,15,67,17,167
314,51,15,67,17,150
315,66,16,67,16,165
318,67,33,84,17,201
319,67,16,84,17,184
320,67,33,68,15,183
321,66,17,68,15,166
322,49,17,68,15,149
324,67,34,65,17,183
325,68,17,65,17,167
326,68,33,65,18,184
327,51,33,65,18,167
328,67,32,51,16,166
329,67,15,51,16,149
331,67,16,68,17,168
333,66,16,66,18,166
334,51,16,66,18,151
335,68,16,66,18,168
337,67,15,69,15,166
339,66,16,50,20,152
343,66,20,64,17,167
344,50,20,64,17,151
345,52,32,64,19,167
346,67,32,68,15,182
347,66,18,68,15,167
348,64,32,51,18,165
350,64,36,65,18,183
351,69,17,65,18,169
354,51,18,66,17,152
355,65,17,68,15,165
358,66,34,64,17,181
360,51,17,64,17,149
362,66,32,69,16,183
365,66,19,65,17,167
366,68,33,65,17,183
367,66,18,65,17,166
369,68,16,67,19,170
372,65,34,67,17,183
373,66,17,67,17,167
374,67,33,66,18,184
375,69,14,66,18,167
376,53,14,66,18,151
377,68,16,67,16,167
378,67,32,69,15,183
381,66,17,67,16,166
382,67,34,67,16,184
385,66,18,65,18,167
386,49,18,65,18,150
390,65,33,68,16,182
393,67,15,67,17,166
394,67,34,50,16,167
397,65,17,67,17,166
398,67,33,67,18,185
401,50,34,66,18,168
402,67,33,66,17,183
403,67,16,66,17,166
404,67,33,68,15,183
405,68,15,68,15,166
406,66,33,67,17,183
407,67,15,67,17,166
409,65,18,66,16,165
410,68,32,68,18,186
412,67,34,52,13,166
413,67,17,52,13,149
415,67,18,67,16,168
416,68,31,52,17,168
417,51,31,52,17,151
418,52,13,52,17,134
419,67,18,65,17,167
420,67,33,67,15,182
421,65,17,67,15,164
422,52,17,67,15,151
424,65,35,65,17,182
425,84,32,67,16,199
427,66,17,67,16,166
429,67,16,67,17,167
430,65,34,67,15,181
431,67,17,67,15,166
433,66,17,65,19,167
434,67,34,66,17,184
435,67,17,66,17,167
437,66,16,52,17,151
438,65,35,66,17,183
439,67,16,66,17,166
442,52,17,66,18,153
444,66,34,67,17,184
445,66,17,67,17,167
446,66,33,51,16,166
447,69,15,51,16,151
448,67,34,66,19,186
450,50,17,66,19,152
451,66,16,67,17,166
453,66,17,68,16,167
456,52,15,67,16,150
457,68,17,65,17,167
460,67,32,67,16,182
461,66,16,67,16,165
462,65,35,65,17,182
463,66,18,65,17,166
464,67,32,69,15,183
467,66,17,67,18,168
468,65,36,66,15,182
469,66,19,66,15,166
470,69,31,67,16,183
471,53,31,67,16,167
472,67,35,66,17,185
473,68,17,66,17,168
474,66,32,67,15,180
475,51,32,67,15,165
476,67,34,66,16,183
477,65,18,66,16,165
478,66,33,67,17,183
479,51,33,67,17,168
480,67,33,51,16,167
482,66,34,66,18,184
483,65,18,66,18,167
484,67,33,51,16,167
485,52,33,51,16,152
486,51,16,51,16,134
488,66,34,82,19,201
490,51,16,82,19,168
492,67,33,66,17,183
493,64,18,66,17,165
494,66,35,66,16,183
495,64,19,66,16,165
497,53,31,67,16,167
499,85,32,68,15,200
500,66,32,68,15,181
502,67,35,99,18,219
503,66,19,99,18,202
504,83,17,84,14,198
506,68,32,52,14,166
508,99,32,84,17,232
509,101,14,84,17,216
511,69,14,84,17,184
514,84,16,100,17,217
515,98,17,67,17,199
516,84,17,67,17,185
517,67,17,67,17,168
518,100,34,82,17,233
519,100,16,82,17,215
523,51,32,50,17,150
524,100,33,68,17,218
525,98,17,68,17,200
526,82,17,68,17,184
527,65,17,68,17,167
528,50,17,68,17,152
529,83,34,70,10,197
531,85,33,65,17,200
532,68,33,65,17,183
533,50,33,65,17,165
534,104,28,68,17,217
536,70,28,68,17,183
538,65,34,68,17,184
539,66,17,68,17,168
541,68,18,66,18,170
542,68,34,67,17,186
544,68,32,68,17,185
545,69,15,68,17,169
546,66,35,67,16,184
548,67,33,50,16,166
552,67,32,67,16,182
553,66,16,67,16,165
554,50,16,67,16,149
555,66,17,65,18,166
556,66,33,67,17,183
558,67,32,52,16,167
559,66,16,52,16,150
560,65,35,66,17,183
563,51,33,67,16,167
565,67,16,67,19,169
566,66,34,66,17,183
567,66,17,66,17,166
568,67,33,67,17,184
569,66,17,67,17,167
570,67,33,68,16,184
571,69,14,68,16,167
574,67,34,66,17,184
575,65,17,66,17,165
576,68,32,51,15,166
577,67,16,51,15,149
578,66,34,82,17,199
579,67,16,82,17,182
581,50,32,67,18,167
582,51,15,67,18,151
583,66,16,68,16,166
584,66,33,67,16,182
587,67,17,65,17,166
588,68,32,66,18,184
589,68,16,66,18,168
590,67,33,51,15,166
591,65,17,51,15,148
594,66,33,51,18,168
595,50,33,51,18,152
596,51,15,51,18,135
597,67,17,67,16,167
598,68,34,66,16,184
599,66,18,66,16,166
600,51,18,66,16,151
601,51,33,66,17,167
603,67,17,68,16,168
604,66,33,51,16,166
605,66,17,51,16,150
606,66,35,65,17,183
607,67,18,65,17,167
608,68,32,68,14,182
609,52,32,68,14,166
610,51,16,68,14,149
612,65,35,66,15,181
613,66,18,66,15,165
614,68,31,68,16,183
615,51,31,68,16,166
616,66,35,66,16,183
619,52,33,65,18,168
620,68,33,67,16,184
622,66,32,51,17,166
624,65,35,83,16,199
626,67,33,66,17,183
627,67,17,66,17,167
628,51,17,66,17,151
630,65,34,66,18,183
631,83,33,51,16,183
632,66,33,51,16,166
633,66,16,51,16,149
636,66,34,67,17,184
638,51,16,67,17,151
639,68,16,66,16,166
640,52,16,66,16,150
641,66,17,70,14,167
642,67,33,68,16,184
643,66,16,68,16,166
645,66,21,63,17,167
646,70,31,66,16,183
647,53,31,66,16,166
649,52,32,50,17,151
650,63,34,67,16,180
653,66,17,67,17,167
655,66,18,65,18,167
656,67,33,67,17,184
658,67,32,52,15,166
660,65,35,66,17,183
661,67,17,66,17,167
662,67,32,66,18,183
666,66,32,51,18,167
667,66,15,51,18,150
668,51,15,51,18,135
669,67,17,66,16,166
672,51,18,66,15,150
674,66,34,66,18,184
676,66,34,50,15,165
677,51,34,50,15,150
678,68,32,50,16,166
679,52,32,50,16,150
680,66,33,66,18,183
684,50,16,68,17,151
686,66,35,50,17,168
687,67,17,50,17,151
688,68,34,65,16,183
690,69,33,65,18,185
691,51,33,65,18,167
692,50,17,65,18,150
693,66,16,68,16,166
694,65,33,67,17,182
695,65,17,67,17,166
698,68,32,67,17,184
699,52,32,67,17,168
700,67,35,65,18,185
701,66,18,65,18,167
702,67,32,67,16,182
703,51,32,67,16,166
705,67,16,66,17,166
707,68,16,66,17,167
708,67,32,51,17,167
709,66,16,51,17,150
710,66,34,67,17,184
714,51,17,66,16,150
717,67,16,68,17,168
718,50,16,68,17,151
719,66,19,66,16,167
720,49,19,66,16,150
721,51,33,67,15,166
722,68,33,65,17,183
723,52,33,65,17,167
724,66,34,66,16,182
725,67,18,66,16,167
726,67,31,68,16,182
728,65,35,66,17,183
729,66,18,66,17,167
730,66,33,66,18,183
731,51,33,66,18,168
732,51,17,66,18,152
734,66,33,67,16,182
735,67,16,67,16,166
737,68,16,83,17,184
738,51,16,83,17,167
739,67,16,67,17,167
741,65,19,65,17,166
742,83,17,66,17,183
743,66,17,66,17,166
744,67,33,66,18,184
745,68,16,66,18,168
746,65,33,83,19,200
747,67,16,83,19,185
748,66,33,69,16,184
749,66,16,69,16,167
751,67,17,66,16,166
753,66,19,66,15,166
754,69,32,66,17,184
755,51,32,66,17,166
757,51,34,67,15,167
758,66,32,66,18,182
759,65,17,66,18,166
760,66,35,66,17,184
761,67,18,66,17,168
762,67,31,67,17,182
764,66,35,67,16,184
766,66,32,67,20,185
768,67,35,52,15,169
769,66,18,52,15,151
770,67,32,67,17,183
771,66,16,67,17,166
772,67,35,67,15,184
774,52,15,67,15,149
776,67,35,66,15,183
777,64,18,66,15,163
778,67,31,50,17,165
779,67,16,50,17,150
780,66,35,82,16,199
783,66,17,66,17,166
784,50,17,66,17,150
785,50,33,69,16,168
786,65,33,52,15,165
787,67,16,52,15,150
788,66,36,66,15,183
789,65,19,66,15,165
790,69,31,66,17,183
791,68,15,66,17,166
793,69,16,68,16,169
794,66,31,53,15,165
795,50,31,53,15,149
796,66,37,64,17,184
797,64,20,64,17,165
798,68,31,68,16,183
800,53,15,68,16,152
801,51,33,51,18,153
803,65,18,65,14,162
804,68,34,64,17,183
805,68,18,64,17,167
806,51,18,64,17,150
808,65,33,67,17,182
809,63,19,67,17,166
810,64,33,67,18,182
812,66,34,67,16,183
814,51,16,67,16,150
816,51,16,68,15,150
817,67,16,67,16,166
818,67,34,66,17,184
819,66,18,66,17,167
820,68,33,50,15,166
822,67,33,68,16,184
823,67,17,68,16,168
825,68,15,52,18,153
826,50,15,52,18,135
827,67,18,82,16,183
828,50,18,82,16,166
830,52,18,64,19,153
831,52,32,66,16,166
832,66,32,67,17,182
833,66,16,67,17,166
836,51,15,68,17,151
837,66,17,52,14,149
839,65,18,82,18,183
840,68,31,69,16,184
843,65,18,51,17,151
844,65,35,66,16,182
845,65,18,66,16,165
847,53,33,67,16,169
848,51,17,67,16,151
850,66,34,66,16,182
851,66,18,66,16,166
852,67,31,51,18,167
854,65,35,67,15,182
855,66,18,67,15,166
858,51,18,82,18,169
859,52,33,83,16,184
860,67,32,67,17,183
861,66,17,67,17,167
862,65,35,66,15,181
863,66,18,66,15,165
864,83,16,68,16,183
866,67,34,67,16,184
867,67,17,67,16,167
868,66,34,66,16,182
870,68,33,65,18,184
871,51,33,65,18,167
872,67,33,50,16,166
873,52,33,50,16,151
875,66,16,68,16,166
876,65,34,66,18,183
877,49,34,66,18,167
879,67,17,67,16,167
881,66,16,51,17,150
883,67,17,65,19,168
885,51,33,67,15,166
887,50,32,84,18,184
888,65,35,67,15,182
889,68,16,67,15,166
891,65,17,86,15,183
893,65,18,66,16,165
894,67,33,83,16,199
897,69,15,66,16,166
898,51,15,66,16,148
902,66,35,65,16,182
903,66,19,65,16,166
904,69,32,67,17,185
905,83,33,51,16,183
906,67,33,51,16,167
908,65,34,50,17,166
913,68,17,67,15,167
914,50,17,67,15,149
915,50,33,67,15,165
916,67,34,66,17,184
917,84,33,68,16,201
921,65,18,65,19,167
922,66,35,64,17,182
923,51,35,64,17,167
925,53,30,67,18,168
926,65,34,51,16,166
927,67,15,51,16,149
928,64,33,68,16,181
929,65,16,68,16,165
930,67,34,67,18,186
931,66,16,67,18,167
932,51,16,67,18,152
935,66,17,68,14,165
936,67,33,71,10,181
939,67,18,81,18,184
940,68,36,63,17,184
942,71,30,67,16,184
944,66,33,50,16,165
945,67,18,50,16,151
946,63,34,67,15,179
948,50,17,67,15,149
949,68,16,67,17,168
950,50,16,67,17,150
951,67,17,67,15,166
954,67,35,64,17,183
955,66,18,64,17,165
956,67,32,68,15,182
957,52,32,68,15,167
958,50,17,68,15,150
960,64,36,64,17,181
962,68,32,67,15,182
963,52,32,67,15,166
964,51,17,67,15,150
965,68,15,67,18,168
966,64,35,64,20,183
967,66,18,64,20,168
968,67,32,68,15,182
969,65,17,68,15,165
970,67,32,51,16,166
971,68,14,51,16,149
973,69,16,65,17,167
974,52,16,65,17,150
978,65,33,68,17,183
980,67,35,66,18,186
983,68,16,51,14,149
984,52,16,51,14,133
986,66,32,52,17,167
989,67,15,68,16,166
990,51,15,68,16,150
991,66,17,66,17,166
992,52,17,66,17,152
993,67,16,65,18,166
994,68,33,50,16,167
995,66,17,50,16,149
996,66,32,53,15,166
999,67,16,67,16,166
1001,68,15,67,17,167
1002,53,15,67,17,152
1003,67,16,51,16,150
1005,64,18,83,17,182
1006,67,33,67,18,185
1007,67,16,67,18,168
1008,51,16,67,18,152
1010,67,33,67,16,183
1012,67,32,67,17,183
1013,69,14,67,17,167
1014,51,14,67,17,149
1015,67,17,66,17,167
1016,67,32,68,17,184
1017,65,16,68,17,166
1018,67,34,67,17,185
1019,66,17,67,17,167
1020,66,34,67,16,183
1022,68,33,66,16,183
1023,68,16,66,16,166
1024,67,34,65,16,182
1025,67,17,65,16,165
1026,67,32,68,15,182
1027,50,32,68,15,165
1028,66,33,68,16,183
1029,65,17,68,16,166
1030,65,35,66,16,182
1031,65,19,66,16,166
1032,68,33,83,16,200
1033,52,33,83,16,184
1034,68,33,66,18,185
1035,68,17,66,18,169
1036,66,33,67,17,183
1037,67,17,67,17,168
1038,66,33,51,16,166
1039,67,16,51,16,150
1040,66,34,65,17,182
1041,68,16,65,17,166
1042,67,33,66,17,183
1043,67,16,66,17,166
1046,65,34,68,16,183
1048,66,33,66,18,183
1049,66,16,66,18,166
1051,68,17,66,17,168
1052,68,31,69,16,184
1053,67,15,69,16,167
1054,66,35,66,19,186
1055,66,17,66,19,168
1056,66,34,99,17,216
1057,67,17,99,17,200
1061,68,15,68,14,165
1062,99,35,81,18,233
1064,84,18,81,18,201
1066,68,33,116,15,232
1068,101,33,65,18,217
1069,99,18,65,18,200
1070,81,18,65,18,182
1071,67,18,65,18,168
1072,66,33,100,17,216
1074,98,34,51,16,199
1075,83,34,51,16,184
1076,65,34,51,16,166
1078,66,34,66,17,183
1079,83,33,66,18,200
1080,68,33,66,18,185
1082,51,16,66,18,151
1083,50,33,51,17,151
1084,66,33,68,16,183
1085,66,16,68,16,166
1086,66,35,65,17,183
1087,68,17,65,17,167
1088,51,17,65,17,150
1090,68,32,68,16,184
1094,66,34,65,17,182
1095,50,34,65,17,166
1096,52,16,65,17,150
1098,67,32,68,16,183
1101,66,17,67,18,168
1102,66,34,65,18,183
1103,66,17,65,18,166
1104,51,17,65,18,151
1105,51,33,67,17,168
1106,67,32,52,16,167
1107,68,14,52,16,150
1108,51,14,52,16,133
1109,49,35,68,14,166
1110,67,33,67,18,185
1113,67,18,65,16,166
1114,50,18,65,16,149
1115,65,18,67,15,165
1116,67,33,68,15,183
1117,68,15,68,15,166
1119,67,18,65,19,169
1120,67,34,50,16,167
1121,64,19,50,16,149
1122,68,31,67,18,184
1123,52,31,67,18,168
1124,65,35,65,18,183
1125,69,16,65,18,168
1126,50,16,65,18,149
1128,67,33,67,17,184
1129,66,15,67,17,165
1130,65,34,67,16,182
1133,65,17,67,17,166
1134,67,34,67,16,184
1135,66,17,67,16,166
1137,67,17,66,18,168
1139,67,17,67,15,166
1140,67,32,50,18,167
1142,66,35,84,15,200
1143,67,17,84,15,183
1144,67,33,66,17,183
1145,66,18,66,17,167
1146,50,18,66,17,151
1147,50,32,68,17,167
1154,51,17,66,17,151
1157,67,16,67,17,167
1158,66,32,52,17,167
1159,66,15,52,17,150
1160,66,35,67,17,185
1161,66,17,67,17,167
1164,52,17,66,17,152
1168,66,34,65,16,181
1171,66,17,66,16,165
1173,66,16,50,17,149
1176,66,33,67,16,182
1177,66,17,67,16,166
1178,50,17,67,16,150
1179,51,33,67,17,168
1180,66,34,66,17,183
1182,67,33,50,16,166
1183,51,33,50,16,150
1185,67,16,68,16,167
1187,67,16,67,19,169
1189,49,35,51,17,152
1191,51,32,52,15,150
1192,51,16,52,15,134
1193,67,17,65,15,164
1195,52,31,67,18,168
1196,52,15,67,18,152
1197,65,17,65,18,165
1198,65,33,66,17,181
1199,64,18,66,17,165
1201,68,14,51,16,149
1202,51,14,51,16,132
1203,68,16,85,16,185
1204,66,33,68,16,183
1205,65,16,68,16,165
1206,51,16,68,16,151
1208,67,34,84,14,199
1209,84,32,66,18,200
1210,68,32,66,18,184
1211,51,32,66,18,167
1213,65,16,51,17,149
1216,66,35,67,17,185
1217,67,17,67,17,168
1218,51,17,67,17,152
1219,65,18,65,16,164
1220,69,33,66,16,184
1221,67,17,66,16,166
1223,51,32,67,18,168
1224,65,34,68,16,183
1225,65,18,68,16,167
1226,66,33,51,16,166
1228,67,35,66,15,183
1229,69,17,66,15,167
1230,68,32,66,18,184
1231,52,32,66,18,168
1232,51,16,66,18,151
1233,67,16,65,18,166
1235,65,17,66,18,166
1236,66,33,69,17,185
1239,50,33,53,15,151
1240,66,36,65,18,185
1242,69,32,67,16,184
1243,51,32,67,16,166
1244,53,15,67,16,151
1245,66,17,50,17,150
1246,65,34,84,16,199
1247,66,16,84,16,182
1249,67,17,67,16,167
1250,50,17,67,16,150
1251,65,17,68,16,166
1252,66,34,67,17,184
1253,68,16,67,17,168
1257,66,17,68,17,168
1258,67,32,53,15,167
1259,51,32,53,15,151
1260,65,36,66,16,183
1263,68,15,66,17,166
1264,53,15,66,17,151
1265,85,32,66,17,200
1266,66,32,66,17,181
1267,65,16,66,17,164
1268,50,16,66,17,149
1269,67,17,82,18,184
1270,84,14,68,15,181
1273,84,33,65,18,200
1274,82,18,65,18,183
1277,51,33,100,16,200
1278,66,32,84,18,200
1281,68,17,67,16,168
1283,84,34,66,18,202
1284,84,18,66,18,186
1285,66,18,66,18,168
1286,67,32,101,17,217
1287,66,16,101,17,200
1288,84,16,67,17,184
1289,84,33,51,15,183
1293,83,32,52,17,184
1297,66,20,63,16,165
1298,70,31,66,17,184
1299,67,17,66,17,167
1300,52,17,66,17,152
1301,67,16,51,17,151
1302,63,34,65,18,180
1303,65,18,65,18,166
1304,66,34,66,15,181
1306,51,17,66,15,149
1307,52,31,69,14,166
1309,66,17,67,15,165
1310,66,34,65,18,183
1311,51,34,65,18,168
1316,65,34,51,17,167
1317,51,34,51,17,153
1318,50,16,51,17,134
1319,67,18,66,16,167
1322,51,17,66,17,151
1323,52,32,67,16,167
1325,65,18,66,15,164
1327,52,33,68,15,168
1328,51,16,68,15,150
1330,66,35,64,16,181
1331,64,20,64,16,164
1332,68,32,65,19,184
1335,52,32,52,15,151
1336,64,33,67,16,180
1337,65,17,67,16,165
1338,65,34,67,16,182
1339,66,15,67,16,164
1340,52,15,67,16,150
1341,51,33,68,16,168
1343,64,18,66,18,166
1344,67,34,67,15,183
1346,68,32,68,16,184
1347,52,32,68,16,168
1348,50,16,68,16,150
1349,68,17,66,18,169
1350,67,33,65,18,183
1352,68,33,67,16,184
1354,66,32,68,16,182
1355,69,14,68,16,167
1356,51,14,68,16,149
1357,67,17,67,17,168
1359,65,17,51,16,149
1360,68,34,66,16,184
1361,66,18,66,16,166
1362,67,33,64,19,183
1364,51,16,64,19,150
1366,66,31,51,19,167
1367,65,15,51,19,150
1368,64,36,65,18,183
1369,67,17,65,18,167
1371,51,34,65,16,166
1373,68,14,67,17,166
1374,65,34,67,16,182
1375,68,16,67,16,167
1376,65,33,68,17,183
1378,67,34,51,17,169
1379,66,17,51,17,151
1380,50,17,51,17,135
1381,67,18,67,16,168
1382,50,18,67,16,151
1384,51,17,66,16,150
1385,52,33,67,17,169
1386,67,33,65,18,183
1388,66,34,65,18,183
1389,67,18,65,18,168
1391,51,31,52,16,150
1392,51,14,52,16,133
1393,67,16,71,12,166
1394,65,34,66,17,182
1395,66,16,66,17,165
1396,52,16,66,17,151
1397,50,37,62,18,167
1398,71,29,66,18,184
1399,53,29,66,18,166
1400,66,33,51,15,165
1402,62,33,66,18,179
1403,68,15,66,18,167
1405,67,15,68,16,166
1407,67,14,67,17,165
1408,66,35,49,18,168
1409,66,17,49,18,150
1410,68,32,50,17,167
1411,65,16,50,17,148
1412,51,16,50,17,134
1413,66,18,68,15,167
1414,49,18,68,15,150
1415,66,17,51,17,151
1416,50,17,51,17,135
1418,68,32,66,17,183
1419,68,17,66,17,168
1421,68,17,64,17,166
1422,66,32,68,15,181
1423,51,32,68,15,166
1424,66,32,68,17,183
1428,68,32,67,17,184
1429,66,17,67,17,167
1430,51,17,67,17,152
1431,68,15,68,16,167
1432,64,35,66,17,182
1433,69,15,66,17,167
1434,52,15,66,17,150
1436,52,16,66,16,150
1438,66,33,68,15,182
1440,66,33,70,13,182
1441,66,17,70,13,166
1442,49,17,70,13,149
1443,66,18,66,18,168
1444,68,35,65,17,185
1446,70,31,66,19,186
1447,53,31,66,19,169
1448,66,34,51,15,166
1449,51,34,51,15,151
1451,69,15,68,17,169
1453,67,15,67,18,167
1454,51,15,67,18,151
1455,67,16,65,19,167
1456,68,33,51,15,167
1457,66,16,51,15,148
1460,65,34,67,16,182
1461,67,15,67,16,165
1462,51,15,67,16,149
1464,72,29,68,16,185
1465,66,16,68,16,166
1469,65,19,66,17,167
1471,52,33,67,16,168
1475,67,17,65,18,167
1477,66,17,67,15,165
1478,67,32,68,15,182
1480,65,35,65,18,183
1481,67,17,65,18,167
1482,67,33,67,17,184
1483,66,18,67,17,168
1484,68,32,67,17,184
1487,68,17,66,18,169
1488,67,32,52,14,165
1489,52,32,52,14,150
1490,52,15,52,14,133
1491,66,17,69,14,166
1492,66,32,67,17,182
1493,67,14,67,17,165
1494,52,14,67,17,150
1495,66,20,81,17,184
1496,69,30,68,17,184
1497,65,16,68,17,166
1499,67,16,68,16,167
1500,63,35,66,17,181
1501,67,17,66,17,167
1502,51,17,66,17,151
1503,51,33,67,16,167
1505,50,33,50,16,149
1507,66,17,66,17,166
1508,67,32,51,16,166
1509,51,32,51,16,150
1512,66,33,68,15,182
1513,67,16,68,15,166
1514,51,16,68,15,150
1515,50,33,83,17,183
1516,66,35,65,17,183
1518,68,31,84,17,200
1520,83,17,67,17,184
1521,66,17,67,17,167
1523,50,35,100,15,200
1524,84,17,83,17,201
1525,84,34,66,17,201
1526,67,34,66,17,184
1528,100,32,67,16,215
1529,100,17,67,16,200
1531,66,17,67,16,166
1533,82,34,67,16,199
1534,81,18,67,16,182
1535,66,18,67,16,167
1536,67,33,69,14,183
1538,67,34,66,16,183
1540,67,35,82,16,200
1542,69,31,67,16,183
1543,67,17,67,16,167
1544,66,33,66,18,183
1545,66,17,66,18,167
1546,82,16,66,17,181
1548,51,16,66,17,150
1549,67,16,70,14,167
1550,66,34,68,15,183
1552,66,36,63,19,184
1553,67,19,63,19,168
1554,51,19,63,19,152
1556,68,31,53,15,167
1557,66,16,53,15,150
1558,63,34,83,19,199
1560,50,15,83,19,167
1561,69,15,68,15,167
1563,63,20,66,19,168
1564,68,34,66,15,183
1565,64,19,66,15,164
1566,68,32,66,17,183
1568,66,34,67,15,182
1569,70,15,67,15,167
1570,66,32,50,18,166
1571,51,32,50,18,151
1572,66,35,66,17,184
1573,64,18,66,17,165
1576,50,18,65,19,152
1579,68,15,69,17,169
1582,51,15,52,16,134
1583,67,17,82,17,183
1585,50,33,66,16,165
1586,52,16,66,16,150
1590,66,34,65,18,183
1591,66,18,65,18,167
1592,67,33,66,18,184
1593,51,33,66,18,168
1596,65,34,66,16,181
1597,66,16,66,16,164
1600,52,15,67,16,150
1601,66,16,68,17,167
1603,64,18,51,16,149
1604,67,34,67,19,187
1606,68,33,53,13,167
1607,69,16,53,13,151
1608,51,16,53,13,133
1609,51,34,65,16,166
1611,69,13,66,19,167
1613,50,33,52,16,151
1615,62,17,68,17,164
1616,66,35,66,18,185
1617,67,16,66,18,167
1618,52,16,66,18,152
1619,52,33,51,16,152
1621,66,16,67,17,166
1623,67,16,66,17,166
1624,51,16,66,17,150
1625,66,17,67,17,167
1626,50,17,67,17,151
1629,67,17,52,15,151
1630,67,34,66,15,182
1632,68,33,65,18,184
1633,69,15,65,18,167
1634,52,15,65,18,150
1635,67,16,67,17,167
1636,66,32,52,15,165
1637,63,17,52,15,147
1639,66,17,67,16,166
1640,67,32,67,16,182
1641,52,32,67,16,167
1642,52,15,67,16,150
1643,66,18,65,17,166
1644,67,32,66,17,182
1645,66,16,66,17,165
1647,66,17,50,17,150
1648,65,33,68,16,182
1649,66,16,68,16,166
1653,67,17,65,19,168
1654,68,32,66,18,184
1655,67,16,66,18,167
1657,67,15,51,16,149
1658,65,33,68,16,182
1659,68,14,68,16,166
1660,66,34,68,15,183
1661,66,16,68,15,165
1662,51,16,68,15,150
1664,52,16,66,18,152
1665,66,18,65,18,167
1667,65,17,51,17,150
1668,66,33,69,15,183
1669,68,15,69,15,167
1670,65,35,68,15,183
1672,51,17,68,15,151
1674,69,34,65,15,183
1675,66,19,65,15,165
1677,66,16,67,17,166
1678,65,34,66,16,181
1679,67,17,66,16,166
1681,65,18,67,16,166
1683,67,16,66,18,167
1684,66,34,66,16,182
1685,67,18,66,16,167
1686,67,32,69,15,183
1689,68,16,67,18,169
1690,66,35,65,18,184
1692,69,32,66,17,184
1695,69,15,67,18,169
1696,65,33,67,16,181
1697,68,15,67,16,166
1698,66,34,66,18,184
1700,67,33,66,17,183
1701,67,15,66,17,165
1702,67,33,67,17,184
1703,66,17,67,17,167
1704,66,33,68,16,183
1705,66,15,68,16,165
1707,67,17,67,17,168
1708,67,34,67,16,184
1709,66,17,67,16,166
1710,68,33,67,16,184
1711,51,33,67,16,167
1712,67,34,66,18,185
1713,67,17,66,18,168
1714,67,33,66,17,183
1715,67,17,66,17,167
1716,67,33,66,19,185
1717,66,17,66,19,168
1718,66,33,67,16,182
1719,68,15,67,16,166
1720,66,33,50,17,166
1721,67,16,50,17,150
1722,50,16,50,17,133
1724,67,33,67,18,185
1726,50,17,67,18,152
1727,66,15,52,15,148
1728,51,15,52,15,133
1731,67,15,67,18,167
1732,52,15,67,18,152
1734,67,33,50,16,166
1737,51,33,83,17,184
1738,51,15,83,17,166
1739,66,16,67,18,167
1740,50,16,67,18,151
1741,65,18,66,16,165
1742,68,32,67,18,185
1743,66,17,67,18,168
1745,68,16,51,15,150
1746,66,33,67,16,182
1747,51,33,67,16,167
1748,67,33,67,16,183
1749,67,15,67,16,165
1751,50,34,66,19,169
1753,65,17,52,16,150
1754,67,33,68,17,185
1755,65,17,68,17,167
1756,66,35,67,14,182
1757,69,16,67,14,166
1758,52,16,67,14,149
1759,52,33,66,17,168
1760,68,34,64,17,183
1763,66,18,66,16,166
1764,66,32,67,18,183
1765,66,15,67,18,166
1766,64,34,68,15,181
1767,50,34,68,15,167
1768,66,33,68,17,184
1769,65,17,68,17,167
1770,67,35,50,16,168
1772,68,33,68,15,184
1774,68,33,66,17,184
1775,67,16,66,17,166
1777,51,35,64,17,167
1778,68,31,67,17,183
1779,51,31,67,17,166
1781,67,16,69,15,167
1782,64,34,68,16,182
1783,66,17,68,16,167
1785,67,18,65,18,168
1786,69,33,66,17,185
1787,67,18,66,17,168
1789,51,32,68,16,167
1791,68,16,50,15,149
1793,67,17,66,16,166
1794,68,31,68,16,183
1795,50,31,68,16,165
1797,66,17,66,16,165
1798,66,33,66,18,183
1799,66,17,66,18,167
1800,51,17,66,18,152
1801,66,17,51,17,151
1802,66,33,68,17,184
1803,66,17,68,17,168
1806,51,17,65,18,151
1807,67,18,67,16,168
1808,68,32,51,14,165
1810,65,35,83,16,199
1811,68,17,83,16,184
1812,67,30,69,16,182
1813,66,14,69,16,165
1814,51,14,69,16,150
1817,67,16,84,15,182
1818,69,33,66,17,185
1819,51,33,66,17,167
1823,68,15,67,17,167
1825,66,18,84,15,183
1826,68,32,52,15,167
1828,51,16,52,15,134
1829,67,17,99,18,201
1830,84,15,84,16,199
1832,52,15,84,16,167
1833,67,16,51,16,150
1834,99,34,67,17,217
1835,99,16,67,17,199
1838,51,16,67,17,151
1839,83,34,84,16,217
1840,101,32,52,16,201
1842,67,32,52,16,167
1843,66,15,52,16,149
1844,85,16,67,16,184
1847,67,16,67,17,167
1848,52,16,67,17,152
1850,67,33,50,16,166
1851,66,17,50,16,149
1852,67,33,66,18,184
1854,66,33,67,16,182
1855,67,16,67,16,166
1856,50,16,67,16,149
1857,67,15,68,16,166
1858,66,34,67,16,183
1859,67,16,67,16,166
1860,67,34,66,17,184
1861,65,18,66,17,166
1862,68,33,66,17,184
1863,66,17,66,17,166
1864,67,33,66,18,184
1865,51,33,66,18,168
1866,66,33,51,15,165
1867,50,33,51,15,149
1868,66,33,50,16,165
1869,67,16,50,16,149
1870,66,33,67,19,185
1872,51,15,67,19,152
1873,66,16,53,15,150
1875,66,16,67,17,166
1876,67,34,66,18,185
1878,53,15,66,18,152
1879,50,33,67,17,167
1880,67,33,69,15,184
1881,65,16,69,15,165
1882,66,34,50,18,168
1883,67,16,50,18,151
1884,51,16,50,18,135
1885,67,18,81,17,183
1886,69,33,65,17,184
1887,66,18,65,17,166
1888,50,18,65,17,150
1889,51,32,66,17,166
1890,65,33,66,18,182
1891,83,33,67,18,201
1892,65,33,67,18,183
1893,50,33,67,18,168
1894,66,33,52,15,166
1895,50,33,52,15,150
1896,66,34,67,18,185
1897,67,16,67,18,168
1899,68,15,69,14,166
1900,52,15,69,14,150
1901,66,17,68,16,167
1902,67,35,64,17,183
1904,52,17,64,17,150
1905,52,33,81,17,183
1906,68,31,67,17,183
1907,50,31,67,17,165
1908,64,34,66,19,183
1909,67,17,66,19,169
1911,65,17,67,16,165
1912,67,33,67,16,183
1913,67,16,67,16,166
1914,66,34,68,16,184
1915,69,15,68,16,168
1917,66,17,68,16,167
1918,67,35,66,17,185
1919,64,19,66,17,166
1923,52,33,66,18,169
1924,66,32,52,16,166
1926,65,34,68,16,183
1927,66,17,68,16,167
1928,66,34,66,17,183
1930,52,16,66,17,151
1932,68,32,67,16,183
1933,66,16,67,16,165
1934,66,34,67,16,183
1936,66,33,66,17,182
1938,67,34,83,18,202
1940,67,32,69,16,184
1944,65,36,66,16,183
1945,85,32,67,17,201
1946,69,32,67,17,185
1948,52,16,67,17,152
1949,67,17,66,16,166
1951,66,17,67,15,165
1955,66,18,65,17,166
1957,50,31,51,16,148
1958,65,34,68,16,183
1959,67,16,68,16,167
1960,65,33,68,17,183
1961,50,33,68,17,168
1962,51,16,68,17,152
1964,68,33,66,17,184
1965,67,17,66,17,167
1967,68,16,67,17,168
1969,67,16,66,18,167
1970,66,34,65,19,184
1971,66,17,65,19,167
1972,67,32,67,18,184
1974,66,33,52,17,168
1975,67,15,52,17,151
1976,65,34,68,17,184
1978,67,35,66,16,184
1980,52,17,66,16,151
1981,83,33,66,18,200
1982,68,33,66,18,185
1985,67,16,84,17,184
1986,65,34,67,16,182
1987,67,15,67,16,165
1988,51,15,67,16,149
1989,68,16,100,16,200
1990,84,17,67,16,184
1991,82,33,68,17,200
1992,67,33,68,17,185
1993,98,18,65,19,200
1994,100,34,66,18,218
1997,67,18,66,18,169
1999,83,35,65,19,202
2000,65,35,65,19,184
2001,68,16,65,19,168
2002,50,16,65,19,150
2003,83,31,51,17,182
2004,69,31,51,17,168
2005,65,16,51,17,149
2006,65,34,67,18,184
2007,66,15,67,18,166
2008,65,34,67,17,183
2009,67,17,67,17,168
2010,51,17,67,17,152
2011,66,16,67,16,165
2013,68,16,67,15,166
2014,67,33,67,16,183
2015,67,16,67,16,166
2016,67,34,65,16,182
2018,67,33,67,15,182
2025,51,32,67,18,168
2026,67,34,83,17,201
2027,51,34,83,17,185
2028,50,16,83,17,166
2029,51,33,67,16,167
2030,67,33,67,16,183
2031,67,15,67,16,165
2033,67,17,67,17,168
2034,67,33,66,17,183
2035,65,17,66,17,165
2036,67,34,66,19,186
2037,66,18,66,19,169
2039,68,15,53,16,152
2040,66,34,67,15,182
2043,49,35,65,18,167
2045,52,32,51,16,151
2046,67,33,66,16,182
2047,63,18,66,16,163
2049,65,16,65,17,163
2050,51,16,65,17,149
2052,66,33,51,16,166
2053,64,17,51,16,148
2054,65,35,65,18,183
2055,65,18,65,18,166
2056,68,32,51,17,168
2058,51,16,51,17,135
2059,67,16,67,18,168
2060,65,35,67,17,184
2061,67,17,67,17,168
2062,51,17,67,17,152
2063,67,16,52,17,152
2064,67,35,67,17,186
2067,68,17,50,15,150
2068,52,17,50,15,134
2069,51,33,66,16,166
2070,67,32,68,16,183
2071,67,15,68,16,166
2072,50,15,68,16,149
2073,67,17,67,15,166
2074,66,34,66,16,182
2075,49,34,66,16,165
2078,67,33,66,17,183
2080,66,33,67,16,182
2081,66,17,67,16,166
2082,66,33,67,18,184
2083,67,17,67,18,169
2084,66,34,51,15,166
2085,67,17,51,15,150
2086,67,33,84,16,200
2087,67,17,84,16,184
2088,50,17,84,16,167
2090,51,15,67,17,150
2092,66,34,66,17,183
2093,66,16,66,17,165
2094,67,33,67,17,184
2095,66,16,67,17,166
2096,67,33,51,16,167
2097,65,17,51,16,149
2098,66,34,67,15,182
2100,67,33,66,18,184
2102,51,16,66,18,151
2103,66,18,67,16,167
2104,67,32,67,17,183
2105,65,17,67,17,166
2106,49,17,67,17,150
2107,50,35,65,19,169
2108,67,32,52,15,166
2111,66,16,68,15,165
2112,65,34,66,18,183
2113,68,15,66,18,167
2114,52,15,66,18,151
2115,50,34,83,15,182
2116,68,32,66,19,185
2117,64,17,66,19,166
2119,67,16,101,17,201
2121,83,34,52,16,185
2122,66,34,52,16,168
2123,67,15,52,16,150
2124,101,33,67,16,217
2125,84,33,67,16,200
2127,67,16,67,16,166
2128,52,16,67,16,151
2130,83,17,82,17,199
2131,83,33,66,18,200
2132,67,33,66,18,184
2133,67,17,66,18,168
2134,101,33,70,13,217
2135,99,17,70,13,199
2137,66,17,70,13,166
2138,66,33,101,16,216
2139,82,37,80,16,215
2140,103,30,66,18,217
2141,87,30,66,18,201
2144,101,32,67,18,218
2145,85,32,67,18,202
2146,80,16,67,18,181
2148,66,35,65,18,184
2149,67,17,65,18,167
2151,51,32,51,15,149
2152,67,33,66,17,183
2154,65,33,68,18,184
2155,67,15,68,18,168
2156,51,15,68,18,152
2157,81,35,84,17,217
2160,50,18,84,17,169
2161,51,34,67,17,169
2162,53,16,67,17,153
2163,52,33,51,16,152
2164,84,17,66,16,183
2165,66,17,66,16,165
2166,67,33,66,18,184
2167,67,16,66,18,167
2169,67,16,51,14,148
2170,66,33,70,12,181
2171,65,17,70,12,164
2172,66,32,69,15,182
2173,67,14,69,15,165
2176,70,31,100,14,215
2177,52,31,100,14,197
2178,69,33,81,17,200
2179,85,32,66,18,201
2180,64,32,66,18,180
2181,52,32,66,18,168
2182,81,19,66,17,183
2183,85,31,52,16,184
2184,67,31,52,16,166
2185,66,17,52,16,151
2186,66,35,51,14,166
2187,68,17,51,14,150
2188,66,33,67,15,181
2190,52,16,67,15,150
2191,68,14,68,16,166
2192,51,14,68,16,149
2193,66,17,66,16,165
2194,67,33,67,17,184
2195,64,18,67,17,166
2197,66,17,67,17,167
2198,66,34,68,16,184
2199,51,34,68,16,169
2200,67,33,51,16,167
2202,67,35,64,17,183
2203,68,18,64,17,167
2204,68,32,65,18,183
2205,51,32,65,18,166
2206,51,16,65,18,150
2207,50,32,51,17,150
2208,64,33,69,17,183
2209,65,16,69,17,167
2211,68,17,67,17,169
2212,51,17,67,17,152
2213,51,34,65,17,167
2215,68,16,65,17,166
2216,67,32,67,17,183
2217,68,15,67,17,167
2220,65,34,67,16,182
2221,65,17,67,16,165
2222,67,33,50,16,166
2224,51,16,50,16,133
2225,67,17,66,16,166
2226,67,32,68,16,183
2227,66,16,68,16,166
2228,50,16,68,16,150
2230,66,34,67,16,183
2231,66,18,67,16,167
2232,68,32,69,16,185
2233,66,16,69,16,167
2234,50,16,69,16,151
2235,68,17,66,17,168
2237,67,18,65,16,166
2238,51,18,65,16,150
2239,67,16,67,17,167
2240,66,33,51,16,166
2242,65,34,67,16,182
2243,65,18,67,16,166
2248,67,33,66,19,185
2249,66,17,66,19,168
2250,50,17,66,19,152
2251,51,33,52,14,150
2252,66,33,66,18,183
2253,66,17,66,18,167
2254,66,33,68,17,184
2256,52,14,68,17,151
2257,69,14,52,16,151
2259,82,33,66,18,199
2260,68,33,66,18,185
2261,66,16,66,18,166
2262,52,16,66,18,152
2268,52,17,65,16,150
2269,51,33,67,16,167
2271,65,17,51,16,149
2272,65,35,64,18,182
2273,66,19,64,18,167
2274,67,32,67,17,183
2275,68,16,67,17,168
2276,51,16,67,17,151
2277,68,15,68,16,167
2278,64,35,65,17,181
2279,66,17,65,17,165
2280,67,33,67,17,184
2281,67,16,67,17,167
2284,65,35,83,17,200
2287,68,17,66,16,167
2288,52,17,66,16,151
2289,52,32,67,16,167
2290,66,34,66,17,183
2291,66,17,66,17,166
2292,66,33,68,17,184
2293,67,17,68,17,169
2294,67,33,66,17,183
2295,66,17,66,17,166
2296,66,35,65,16,182
2297,67,18,65,16,166
2298,68,31,68,16,183
2299,52,31,68,16,167
2300,52,14,68,16,150
2301,66,17,67,15,165
2302,65,34,66,18,183
2303,64,18,66,18,166
2308,66,33,67,18,184
2310,51,15,67,18,151
2311,51,34,51,16,152
2312,67,33,67,16,183
2313,65,17,67,16,165
2314,50,17,67,16,150
2315,68,16,66,17,167
2316,51,16,66,17,150
2317,51,33,68,15,167
2318,67,33,67,16,183
2319,65,17,67,16,165
2322,68,32,66,18,184
2323,67,17,66,18,168
2326,82,16,69,14,181
2327,67,16,69,14,166
2328,50,16,69,14,149
2329,50,33,67,18,168
2330,50,15,67,18,150
2331,67,18,65,17,167
2332,51,18,65,17,151
2333,65,17,101,16,199
2334,67,34,67,16,184
2335,83,33,67,17,200
2336,65,33,67,17,182
2339,83,33,68,15,199
2340,67,33,68,15,183
2341,66,17,68,15,166
2342,67,33,101,16,217
2343,66,16,101,16,199
2344,83,18,66,16,183
2346,68,33,67,16,184
2347,66,18,67,16,167
2348,101,34,65,17,217
2349,84,34,65,17,200
2352,67,32,99,17,215
2353,103,15,83,17,218
2354,84,15,83,17,199
2355,68,15,83,17,183
2356,65,34,66,18,183
2357,83,32,85,16,216
2358,99,34,67,16,216
2360,83,17,67,16,183
2363,82,34,66,17,199
2364,85,16,66,17,184
2365,68,16,66,17,167
2366,67,34,66,16,183
2367,65,18,66,16,165
2372,66,34,66,16,182
2373,51,34,66,16,167
2374,68,32,67,18,185
2375,67,16,67,18,168
2376,66,34,67,17,184
2377,67,17,67,17,168
2378,66,33,66,17,182
2379,66,17,66,17,166
2380,67,34,84,16,201
2381,68,16,84,16,184
2382,67,32,68,16,183
2384,66,35,65,20,186
2385,65,18,65,20,168
2387,67,16,52,16,151
2388,52,16,52,16,136
2390,65,36,65,17,183
2391,68,16,65,17,166
2392,52,16,65,17,150
2394,69,32,67,16,184
2395,63,18,67,16,164
2396,65,34,66,17,182
2397,66,17,66,17,166
2398,66,33,50,17,166
2399,69,16,50,17,152
2400,67,33,51,15,166
2401,66,17,51,15,149
2404,50,17,65,19,151
2405,68,15,68,16,167
2407,66,16,67,17,166
2408,65,35,66,18,184
2411,67,16,52,15,150
2412,67,34,66,17,184
2413,65,17,66,17,165
2414,66,33,67,16,182
2415,68,15,67,16,166
2417,50,33,50,18,151
2418,66,34,68,16,184
2419,65,17,68,16,166
2420,67,34,66,16,183
2421,66,18,66,16,166
2422,50,18,66,16,150
2423,51,34,65,17,167
2424,68,32,68,15,183
2425,52,32,68,15,167
2427,67,17,66,17,167
2428,65,35,67,15,182
2429,66,18,67,15,166
2430,50,18,67,15,150
2431,52,31,69,16,168
2432,66,36,64,18,184
2433,66,19,64,18,167
2434,67,33,65,17,182
2435,52,33,65,17,167
2436,69,31,68,15,183
2437,68,15,68,15,166
2438,64,34,67,16,181
2439,67,16,67,16,166
2440,65,34,66,16,181
2441,66,17,66,16,165
2443,65,18,66,18,167
2444,67,33,66,17,183
2445,66,17,66,17,166
2446,66,33,68,15,182
2447,67,17,68,15,167
2448,66,33,68,16,183
2449,68,15,68,16,167
2450,66,35,68,15,184
2451,67,18,68,15,168
2453,65,18,50,17,150
2454,68,35,65,17,185
2456,68,32,67,17,184
2457,68,17,67,17,169
2458,50,17,67,17,151
2459,51,33,68,16,168
2462,67,34,66,16,183
2463,51,34,66,16,167
2464,68,31,51,17,167
2465,51,31,51,17,150
2466,65,35,65,18,183
2468,66,33,66,17,182
2469,66,17,66,17,166
2471,67,16,68,17,168
2475,67,17,51,16,151
2476,68,32,67,17,184
2479,49,35,65,17,166
2481,67,15,66,18,166
2482,67,33,69,14,183
2483,65,16,69,14,164
2484,65,33,50,19,167
2485,65,16,50,19,150
2486,66,36,81,19,202
2487,67,18,81,19,185
2488,69,33,67,16,185
2489,66,19,67,16,168
2490,50,19,67,16,152
2492,66,34,65,17,182
2493,67,19,65,17,168
2494,67,32,66,18,183
2495,53,32,66,18,169
2496,66,33,67,16,182
2497,67,17,67,16,167
2498,65,33,67,17,182
2499,66,16,67,17,166
2500,66,34,66,18,184
2501,68,16,66,18,168
2502,51,16,66,18,151
2503,66,17,67,16,166
2504,67,33,50,17,167
2506,66,34,65,18,183
2508,67,33,50,16,166
2509,66,17,50,16,149
2510,50,17,50,16,133
2511,67,14,68,18,167
2512,65,34,68,17,184
2513,67,16,68,17,168
2516,68,34,84,15,201
2518,68,32,67,16,183
2520,66,34,66,17,183
2521,65,17,66,17,165
2522,66,33,84,17,200
2523,82,33,68,16,199
2524,67,33,68,16,184
2525,66,17,68,16,167
2526,66,34,100,18,218
2527,82,34,84,16,216
2529,85,33,51,16,185
2530,68,33,51,16,168
2533,101,16,67,16,200
2534,84,16,67,16,183
2535,68,16,67,16,167
2536,51,16,67,16,150
2537,51,34,100,16,201
2538,85,16,67,16,184
2539,83,33,66,16,198
2541,51,33,66,16,166
2542,83,17,65,16,181
2543,83,32,67,16,198
2544,67,32,67,16,182
2545,67,16,67,16,166
2548,65,34,50,17,166
2550,67,34,82,17,200
2552,68,33,66,16,183
2553,52,33,66,16,167
2554,50,17,66,16,149
2556,67,32,52,15,166
2557,66,17,52,15,150
2559,66,18,82,17,183
2561,69,15,66,17,167
2562,52,15,66,17,150
2563,67,18,67,16,168
2564,67,32,51,15,165
2566,66,35,82,17,200
2567,67,18,82,17,184
2568,67,31,68,17,183
2569,52,31,68,17,168
2570,51,15,68,17,151
2573,66,17,67,16,166
2574,51,17,67,16,151
2575,66,16,68,17,167
2577,67,17,68,16,168
2578,67,34,66,15,182
2580,68,34,81,19,202
2581,51,34,81,19,185
2582,68,32,68,16,184
2583,52,32,68,16,168
2584,66,33,51,15,165
2586,65,35,64,18,182
2587,65,19,64,18,166
2588,68,31,69,15,183
2589,53,31,69,15,168
2590,51,15,69,15,150
2591,50,33,51,17,151
2592,64,36,66,15,181
2593,66,18,66,15,165
2594,69,32,67,15,183
2595,52,32,67,15,166
2596,51,17,67,15,150
2597,67,17,67,15,166
2598,66,33,65,17,181
2599,51,33,65,17,166
2600,67,34,64,17,182
2601,65,19,64,17,165
2602,67,31,67,18,183
2603,52,31,67,18,168
2604,65,33,52,18,168
2606,64,34,67,17,182
2608,67,36,66,16,185
2609,68,18,66,16,168
2611,53,31,51,16,151
2612,67,35,64,20,186
2613,66,18,64,20,168
2614,66,32,52,14,164
2615,51,32,52,14,149
2617,68,14,68,15,165
2618,64,34,67,18,183
2619,68,14,67,18,167
2622,51,17,67,17,152
2623,63,18,51,15,147
2624,67,34,51,15,167
2625,68,16,51,15,150
2626,67,32,67,16,182
2627,52,32,67,16,167
2628,51,15,67,16,149
2629,67,15,66,17,165
2632,67,33,68,17,185
2633,64,17,68,17,166
2635,65,19,66,15,165
2637,53,32,66,18,169
2638,68,34,66,16,184
2639,51,34,66,16,167
2640,66,32,66,18,182
2641,51,32,66,18,167
2642,66,34,82,19,201
2644,66,32,69,14,181
2645,51,32,69,14,166
2647,83,34,66,17,200
2648,82,19,66,17,184
2649,66,19,66,17,168
2650,69,31,85,17,202
2651,82,35,67,16,200
2652,82,18,67,16,183
2654,66,32,100,17,215
2655,52,32,100,17,201
2656,67,35,82,17,201
2657,85,32,67,16,200
2658,67,32,67,16,182
2659,66,16,67,16,165
2661,82,34,67,16,199
2663,66,17,67,16,166
2664,67,34,99,17,217
2665,67,18,99,17,201
2666,101,34,67,14,216
2669,67,18,67,14,166
2671,84,35,64,18,201
2672,66,35,64,18,183
2673,67,18,64,18,167
2675,83,33,50,19,185
2678,64,35,66,18,183
2679,68,17,66,18,169
2680,68,34,65,18,185
2681,66,19,65,18,168
2683,51,32,51,15,149
2684,66,33,67,18,184
2685,69,15,67,18,169
2687,66,15,52,17,150
2688,51,15,52,17,135
2689,65,17,69,15,166
2690,67,35,65,17,184
2691,67,17,65,17,166
2692,52,17,65,17,151
2694,69,31,51,16,167
2695,66,16,51,16,149
2696,65,34,67,17,183
2697,67,17,67,17,168
2698,65,33,51,15,164
2700,51,16,51,15,133
2701,66,18,83,17,184
2702,67,32,68,17,184
2703,67,15,68,17,167
2704,51,15,68,17,151
2705,50,33,52,16,151
2706,65,35,67,15,182
2707,66,17,67,15,165
2710,52,16,66,18,152
2711,50,34,50,16,150
2712,67,32,67,16,182
2713,65,17,67,16,165
2714,66,34,66,16,182
2716,50,16,66,16,148
2717,51,33,67,15,166
2718,67,33,69,15,184
2719,65,17,69,15,166
2722,67,35,64,17,183
2723,66,20,64,17,167
2724,69,30,51,18,168
2726,65,34,51,17,167
2727,68,16,51,17,152
2729,66,18,65,18,167
2730,51,18,65,18,152
2731,51,33,67,17,168
2732,51,17,67,17,152
2734,65,35,83,17,200
2735,67,17,83,17,184
2736,50,17,83,17,167
2737,51,32,68,15,166
2738,52,15,68,15,150
2739,65,19,65,18,167
2741,66,17,66,17,166
2742,68,32,51,15,166
2743,52,32,51,15,150
2745,67,16,83,16,182
2746,66,32,67,16,181
2747,51,32,67,16,166
2749,65,17,67,16,165
2750,66,33,68,15,182
2751,66,16,68,15,165
2752,67,34,66,17,184
2754,67,34,67,15,183
2755,66,18,67,15,166
2756,68,32,67,18,185
2757,52,32,67,18,169
2758,66,35,66,17,184
2759,50,35,66,17,168
2760,67,32,51,15,165
2761,52,32,51,15,150
2763,50,34,68,15,167
2767,66,18,65,18,167
2768,68,33,65,17,183
2770,51,18,65,17,151
2771,51,32,67,16,166
2772,65,33,69,15,182
2774,65,34,65,18,182
2775,68,17,65,18,168
2776,67,35,64,16,182
2780,65,34,68,16,183
2782,64,33,51,17,165
2783,65,17,51,17,150
2784,67,35,67,16,185
2785,66,18,67,16,167
2786,68,33,66,17,184
2787,68,17,66,17,168
2788,51,17,66,17,151
2789,67,18,65,18,168
2790,67,32,51,16,166
2791,51,32,51,16,150
2792,66,33,66,17,182
2793,67,16,66,17,166
2794,65,34,66,18,183
2798,66,34,68,17,185
2799,65,17,68,17,167
2800,66,35,83,17,201
2802,52,17,83,17,169
2803,67,18,67,16,168
2804,50,18,67,16,151
2805,67,16,100,17,200
2806,83,17,66,17,183
2807,85,32,51,18,186
2808,67,32,51,18,168
2810,100,35,64,18,217
2811,83,35,64,18,200
2812,66,35,64,18,183
2813,67,18,64,18,167
2814,51,18,64,18,151
2815,83,32,84,18,217
2816,83,16,84,18,201
2817,82,34,68,15,199
2819,67,16,68,15,166
2821,100,18,66,16,200
2822,84,18,66,16,184
2823,66,18,66,16,166
2827,84,32,66,18,200
2828,66,32,66,18,182
2829,51,32,66,18,167
2830,50,16,66,18,150
2831,99,16,68,17,200
2832,98,35,67,15,215
2833,82,35,67,15,199
2834,66,35,67,15,183
2835,67,17,67,15,166
2836,99,34,65,17,215
2837,84,34,65,17,200
2838,68,34,65,17,184
2839,67,17,65,17,166
2841,52,33,67,15,167
2842,67,32,69,16,184
2844,65,35,66,16,182
2845,67,18,66,16,167
2849,68,16,67,17,168
2850,66,33,67,16,182
2851,67,17,67,16,167
2852,65,34,67,16,182
2855,68,16,50,18,152
2856,67,34,67,16,184
2857,66,18,67,16,167
2858,67,34,65,17,183
2859,66,18,65,17,166
2860,50,18,65,17,150
2861,52,33,68,15,168
2863,51,32,68,15,166
2865,67,19,80,17,183
2866,68,32,65,16,181
2867,52,32,65,16,165
2869,66,17,67,16,166
2870,64,33,50,16,163
2871,65,17,50,16,148
2872,65,34,84,16,199
2873,66,18,84,16,184
2874,67,32,68,16,183
2875,67,16,68,16,167
2876,50,16,68,16,150
2879,68,16,66,18,168
2880,68,34,67,15,184
2881,50,34,67,15,166
2882,67,32,67,18,184
2883,65,17,67,18,167
2885,68,17,65,18,168
2886,67,32,68,16,183
2887,52,32,68,16,168
2888,67,33,68,15,183
2889,67,15,68,15,165
2890,65,35,66,15,181
2891,50,35,66,15,166
2892,68,33,65,17,183
2893,66,17,65,17,165
2895,65,18,67,16,166
2896,66,32,67,19,184
2897,65,17,67,19,168
2899,67,18,65,17,167
2901,52,32,50,17,151
2903,69,14,68,16,167
2904,65,34,68,16,183
2905,66,17,68,16,167
2906,50,17,68,16,151
2907,65,17,65,19,166
2908,68,34,67,15,184
2909,67,18,67,15,167
2910,50,18,67,15,150
2911,51,31,51,18,151
2912,65,36,65,19,185
2913,68,17,65,19,169
2914,67,33,65,16,181
2916,51,18,65,16,150
2917,66,16,67,18,167
2918,65,33,67,17,182
2922,67,33,67,17,184
2924,67,34,65,18,184
2926,67,33,66,17,183
2927,66,16,66,17,165
2928,67,32,51,17,167
2930,65,34,67,16,182
2932,66,34,66,18,184
2934,51,17,66,18,152
2936,67,33,85,15,200
2937,66,17,85,15,183
2939,66,15,67,17,165
2942,68,32,68,16,184
2943,82,34,67,17,200
2945,66,17,67,17,167
2946,66,34,82,17,199
2947,83,33,66,18,200
2949,51,33,66,18,168
2951,68,17,99,15,199
2952,82,17,82,18,199
2954,66,32,50,18,166
2955,67,14,50,18,149
2957,99,18,67,16,200
2959,64,18,67,16,165
2960,50,18,67,16,151
2962,84,16,83,17,200
2963,85,34,66,16,201
2964,67,34,66,16,183
2967,82,34,67,16,199
2968,83,17,67,16,183
2972,66,35,67,16,184
2973,66,18,67,16,167
2975,67,16,68,17,168
2976,67,35,65,17,184
2977,50,35,65,17,167
2978,67,33,67,16,183
2979,51,33,67,16,167
2980,68,32,51,17,168
2981,51,32,51,17,151
2984,67,33,68,18,186
2987,67,17,53,13,150
2988,66,35,83,15,199
2989,66,19,83,15,183
2990,68,31,67,16,182
2993,68,15,68,17,168
2995,80,34,84,15,213
2996,67,34,84,15,200
2999,49,35,64,17,165
3000,51,18,64,17,150
3002,84,15,66,17,182
3003,67,15,66,17,165
3004,64,35,67,14,180
3005,66,18,67,14,165
3006,67,31,68,18,184
3008,66,36,50,16,168
3010,67,32,83,16,198
3011,51,32,83,16,182
3012,68,34,65,17,184
3014,50,16,65,17,148
3015,52,33,65,19,169
3016,83,16,67,17,183
3017,81,33,66,19,199
3018,65,33,66,19,183
3019,66,16,66,19,167
3021,68,15,69,13,165
3022,52,15,69,13,149
3023,67,15,50,20,152
3024,66,37,65,17,185
3027,65,20,66,15,166
3031,52,34,65,17,168
3032,66,31,68,17,182
3033,65,16,68,17,166
3034,65,34,68,15,182
3037,67,17,68,14,166
3039,67,17,65,17,166
3040,51,17,65,17,150
3042,68,31,52,16,167
3043,51,31,52,16,150
3044,65,34,67,17,183
3047,69,16,67,16,168
3051,66,17,67,16,166
3053,51,33,67,16,167
3054,50,17,67,16,150
3055,67,17,65,18,167
3056,67,33,67,15,182
3057,67,17,67,15,166
3060,65,35,67,14,181
3062,67,33,67,15,182
3063,51,33,67,15,166
3064,50,18,67,15,150
3065,65,19,65,17,166
3066,67,33,65,17,182
3067,52,33,65,17,167
3070,65,33,66,19,183
3071,68,16,66,19,169
3073,67,16,52,15,150
3074,66,33,68,16,183
3075,66,16,68,16,166
3077,68,15,67,17,167
3078,52,15,67,17,151
3080,68,33,67,17,185
3082,50,17,67,17,151
3083,66,16,51,16,149
3084,66,34,84,17,201
3085,67,17,84,17,185
3086,50,17,84,17,168
3089,67,17,66,17,167
3090,67,34,66,17,184
3091,67,17,66,17,167
3092,68,32,67,18,185
3093,51,32,67,18,168
3096,66,33,66,17,182
3097,68,16,66,17,167
3098,67,34,67,16,184
3099,68,16,67,16,167
3100,67,32,51,16,166
3103,65,18,65,17,165
3106,51,16,68,16,151
3108,65,35,83,16,199
3109,66,18,83,16,183
3110,50,18,83,16,167
3113,51,34,65,18,168
3116,66,33,67,18,184
3120,51,15,67,18,151
3121,65,17,51,15,148
3123,67,15,68,17,167
3124,52,15,68,17,152
3125,68,15,52,15,150
3126,51,15,52,15,133
3127,67,16,66,17,166
3129,67,15,67,18,167
3130,52,15,67,18,152
3131,65,17,67,16,165
3132,66,33,67,17,183
3134,67,34,67,16,184
3135,68,16,67,16,167
3136,67,33,68,16,184
3137,66,17,68,16,167
3138,67,34,50,18,169
3140,50,17,50,18,135
3141,85,34,64,16,199
3142,68,34,64,16,182
3143,67,18,64,16,165
3144,50,18,64,16,148
3145,66,16,85,16,183
3146,82,16,67,18,183
3147,66,16,67,18,167
3148,64,34,84,17,199
3149,66,18,84,17,185
3150,68,33,68,16,185
3151,67,16,68,16,167
3155,67,17,67,16,167
3156,68,33,66,17,184
3159,68,16,65,17,166
3160,51,16,65,17,149
3162,66,33,67,17,183
3164,65,34,66,18,183
3165,66,17,66,18,167
3166,67,33,51,15,166
3167,66,17,51,15,149
3168,67,33,67,16,183
3169,67,16,67,16,166
3170,66,33,68,16,183
3171,68,15,68,16,167
3172,51,15,68,16,150
3175,65,18,82,16,181
3177,52,32,66,18,168
3178,50,16,66,18,150
3179,67,17,50,17,151
3180,66,32,67,19,184
3181,66,16,67,19,168
3186,67,34,67,16,184
3187,68,15,67,16,166
3191,64,18,51,15,148
3193,51,34,65,16,166
3195,52,32,68,17,169
3197,50,33,52,16,151
3200,68,33,66,17,184
3202,52,16,66,17,151
3204,67,32,67,17,183
3205,66,16,67,17,166
3206,66,34,67,15,182
3207,67,17,67,15,166
3208,66,33,66,16,181
3211,50,34,66,17,167
3212,67,32,67,17,183
3213,66,17,67,17,167
3215,65,18,66,17,166
3217,51,33,67,16,167
3219,51,33,68,17,169
3220,66,34,67,17,184
3221,66,17,67,17,167
3222,67,34,65,18,184
3223,50,34,65,18,167
3224,68,33,66,17,184
3225,51,33,66,17,167
3226,67,32,67,19,185
3227,51,32,67,19,169
3228,50,15,67,19,151
3229,66,16,67,17,166
3230,66,33,51,17,167
3232,67,34,66,17,184
3234,52,15,66,17,150
3235,67,17,65,16,165
3236,51,17,65,16,149
3237,64,17,68,16,165
3238,66,33,68,15,182
3239,66,16,68,15,165
3240,65,35,66,16,182
3241,66,19,66,16,167
3244,68,33,51,16,168
3247,66,17,51,16,150
3248,66,34,67,17,184
3252,51,16,51,14,132
3253,66,17,65,19,167
3254,67,31,53,15,166
3256,51,14,53,15,133
3257,66,16,67,16,165
3258,65,34,71,13,183
3259,67,15,71,13,166
3260,53,15,71,13,152
3261,68,15,68,16,167
3263,64,22,62,18,166
3265,53,30,50,17,150
3267,52,32,68,16,168
3268,62,35,65,17,179
3269,67,17,65,17,166
3270,50,17,65,17,149
3272,68,32,67,18,185
3273,66,16,67,18,167
3277,67,16,66,18,167
3278,67,33,67,18,185
3279,68,15,67,18,168
3280,52,15,67,18,152
3281,66,16,52,16,150
3282,66,34,66,17,183
3283,66,16,66,17,165
3285,68,16,67,16,167
3286,52,16,67,16,151
3287,50,32,51,18,151
3288,66,35,82,17,200
3289,65,18,82,17,182
3296,65,34,66,17,182
3297,50,34,66,17,167
3298,65,34,82,16,197
3299,68,17,82,16,183
3300,68,32,66,17,183
3301,68,16,66,17,167
3302,66,32,69,16,183
3303,66,15,69,16,166
3304,64,34,51,17,166
3305,66,16,51,17,150
3306,66,35,67,16,184
3307,66,18,67,16,167
3308,69,33,66,16,184
3309,51,33,66,16,166
3310,51,17,66,16,150
3312,67,32,68,15,182
3313,51,32,68,15,166
3314,66,34,82,19,201
3315,51,34,82,19,186
3316,82,18,67,15,182
3317,66,18,67,15,166
3318,68,32,83,17,200
3319,84,35,65,17,201
3321,85,32,66,16,199
3322,67,32,66,16,181
3323,52,32,66,16,166
3324,83,17,68,16,184
3325,67,17,68,16,168
3326,65,33,51,17,166
3327,67,16,51,17,151
3328,66,35,65,17,183
3329,85,33,66,16,200
3330,68,33,66,16,183
3331,67,17,66,16,166
3332,51,17,66,16,150
3334,65,34,66,17,182
3337,83,33,66,18,200
3339,67,16,66,18,167
3341,50,34,50,17,151
3343,67,15,68,16,166
3344,51,15,68,16,150
3345,67,17,66,18,168
3346,50,17,66,18,151
3347,50,33,67,16,166
3351,68,16,65,19,168
3354,68,31,52,15,166
3356,65,34,83,17,199
3357,68,15,83,17,183
3358,65,33,67,16,181
3359,51,33,67,16,167
3360,52,15,67,16,150
3361,66,16,65,19,166
3362,67,33,68,15,183
3364,67,32,51,18,168
3366,65,36,83,16,200
3367,68,17,83,16,184
3369,67,18,66,18,169
3370,51,18,66,18,153
3372,66,33,67,17,183
3373,68,16,67,17,168
3375,67,16,67,15,165
3376,51,16,67,15,149
3378,67,34,66,21,188
3379,66,17,66,21,170
3380,67,32,55,13,167
3382,66,34,67,17,184
3384,66,34,66,16,182
3389,63,16,67,16,162
3390,66,34,66,16,182
3391,50,34,66,16,166
3392,67,33,66,18,184
3393,66,17,66,18,167
3395,51,33,67,17,168
3396,66,33,68,16,183
3397,66,17,68,16,167
3398,66,34,66,16,182
3399,68,16,66,16,166
3401,68,17,66,17,168
3403,66,16,51,17,150
3404,66,34,66,17,183
3406,66,34,67,16,183
3407,50,34,67,16,167
3410,66,35,65,17,183
3411,66,18,65,17,166
3412,67,34,64,17,182
3414,51,18,64,17,150
3415,52,31,66,18,167
3416,65,33,51,17,166
3418,64,33,68,16,181
3420,66,35,69,14,184
3421,67,17,69,14,167
3423,51,33,66,17,167
3424,68,36,64,17,185
3425,66,20,64,17,167
3426,69,30,66,17,182
3427,67,16,66,17,166
3428,66,34,66,18,184
3432,66,34,67,16,183
3433,66,17,67,16,166
3434,66,34,67,17,184
3435,67,16,67,17,167
3437,66,18,51,15,150
3439,65,18,83,16,182
3440,67,32,67,18,184
3441,52,32,67,18,169
3442,51,15,67,18,151
3445,66,16,66,19,167
3447,81,34,67,18,200
3448,82,16,67,18,183
3450,66,34,100,19,219
3451,67,15,100,19,201
3453,83,33,53,13,182
3454,67,33,53,13,166
3456,100,32,68,17,217
3457,103,13,68,17,201
3458,86,13,68,17,184
3459,68,13,68,17,166
3461,82,34,83,18,217
3462,100,34,67,15,216
3463,81,34,67,15,197
3464,68,34,67,15,184
3465,67,17,67,15,166
3466,100,35,66,17,218
3467,83,35,66,17,201
3468,83,18,66,17,184
3469,66,18,66,17,167
3470,67,33,67,15,182
3471,66,18,67,15,166
3472,68,33,67,16,184
3473,67,17,67,16,167
3474,66,34,66,16,182
3475,68,17,66,16,167
3476,67,33,65,18,183
3478,67,33,67,16,183
3480,66,32,51,17,166
3481,67,16,51,17,151
3482,65,35,67,16,183
3483,67,17,67,16,167
3486,51,17,66,18,152
3487,50,34,66,17,167
3488,67,32,67,18,184
3492,66,33,51,17,167
3493,67,16,51,17,151
3494,51,16,51,17,135
3495,67,15,83,18,183
3496,51,15,83,18,167
3497,67,17,66,16,166
3499,65,17,68,17,167
3500,67,34,67,14,182
3501,65,18,67,14,164
3502,66,34,65,17,182
3504,68,33,66,17,184
3505,52,33,66,17,168
3507,51,32,51,17,151
3508,65,34,65,19,183
3509,65,17,65,19,166
3510,66,34,66,17,183
3511,52,34,66,17,169
3512,51,17,66,17,151
3513,51,31,68,16,166
3517,84,33,69,15,201
3518,68,33,69,15,185
3522,50,17,67,17,151
3523,51,35,65,15,166
3525,52,32,67,15,166
3526,50,17,67,15,149
3527,50,33,65,19,167
3530,67,31,70,14,182
3531,50,31,70,14,165
3533,69,15,68,17,169
3537,51,32,66,16,165
3538,68,33,66,18,185
3539,52,33,66,18,169
3540,65,33,66,17,181
3541,51,33,66,17,167
3542,66,33,66,19,184
3543,65,17,66,19,167
3546,66,33,52,16,167
3547,67,16,52,16,151
3548,66,36,66,15,183
3549,67,17,66,15,165
3551,52,32,67,17,168
3553,66,17,65,18,166
3554,66,33,65,17,181
3555,65,18,65,17,165
3556,67,32,67,17,183
3559,68,15,51,18,152
3561,65,17,66,17,165
3562,67,35,65,17,184
3563,66,18,65,17,166
3564,51,18,65,17,151
3565,52,31,51,16,150
3566,66,34,67,16,183
3569,67,16,68,15,166
3571,50,34,68,15,167
3572,67,34,67,16,184
3573,66,18,67,16,167
3574,68,34,65,18,185
3575,51,34,65,18,168
3576,68,33,65,17,183
3577,67,18,65,17,167
3578,67,32,68,15,182
3582,65,35,65,17,182
3583,66,18,65,17,166
3584,68,33,66,17,184
3587,66,17,83,19,185
3588,65,34,68,16,183
3590,66,33,69,16,184
3591,51,33,69,16,169
3592,67,35,65,18,185
3593,66,19,65,18,168
3595,67,18,66,16,167
3596,69,31,51,17,168
3597,69,15,51,17,152
3598,65,35,67,16,183
3599,67,17,67,16,167
3602,51,17,66,16,150
3603,66,18,81,17,182
3604,67,32,66,17,182
3605,67,16,66,17,166
3606,66,34,99,16,215
3608,81,17,67,16,181
3609,82,34,66,17,199
3610,66,34,66,17,183
3611,50,34,66,17,167
3612,66,33,66,18,183
3614,67,33,51,16,167
3615,50,33,51,16,150
3616,66,33,87,14,200
3617,67,16,87,14,184
3618,66,34,67,17,184
3622,87,14,67,16,184
3623,69,14,67,16,166
3624,67,34,66,16,183
3626,68,33,66,17,184
3627,64,17,66,17,164
3629,66,17,66,17,166
3630,66,33,50,17,166
3631,66,17,50,17,150
3633,67,16,68,17,168
3635,67,17,66,17,167
3636,50,17,66,17,150
3637,65,19,66,17,167
3638,68,32,68,15,183
3639,68,15,68,15,166
3641,68,17,66,17,168
3642,66,34,66,17,183
3643,66,17,66,17,166
3644,68,32,51,16,167
3645,51,32,51,16,150
3646,66,34,66,17,183
3647,66,17,66,17,166
3648,66,33,67,17,183
3650,51,16,67,17,151
3651,68,15,51,19,153
3652,66,34,69,13,182
3653,66,17,69,13,165
3654,50,17,69,13,149
3658,69,30,67,17,183
3661,64,17,50,18,149
3664,67,35,67,15,184
3669,67,18,66,16,167
3672,51,17,67,16,151
3673,66,18,66,16,166
3674,66,33,67,16,182
3675,67,17,67,16,167
3676,50,17,67,16,150
3678,66,34,66,16,182
3682,67,33,67,17,184
3684,66,33,51,16,166
3685,66,17,51,16,150
3686,66,34,65,17,182
3688,67,33,69,15,184
3689,51,33,69,15,168
3691,66,15,52,15,148
3692,65,37,63,18,183
3693,65,20,63,18,166
3694,69,30,51,18,168
3697,68,15,52,17,152
3698,63,36,64,19,182
3699,66,18,64,19,167
3700,51,18,64,19,152
3702,52,17,65,18,152
3703,51,31,52,17,151
3705,67,15,69,14,165
3708,52,17,65,19,153
3709,65,19,66,16,166
3710,69,31,68,17,185
3711,51,31,68,17,167
3712,65,35,65,19,184
3713,69,16,65,19,169
3714,66,33,65,19,183
3715,68,17,65,19,169
3716,68,32,67,18,185
3717,66,15,67,18,166
3718,65,33,67,16,181
3719,68,14,67,16,165
3720,65,34,67,18,184
3722,67,33,66,18,184
3723,66,15,66,18,165
3724,67,34,67,17,185
3725,64,18,67,17,166
3726,67,32,65,21,185
3727,67,14,65,21,167
3728,66,35,51,15,167
3729,68,17,51,15,151
3731,66,13,69,17,165
3735,66,16,66,18,166
3736,69,35,65,17,186
3737,65,18,65,17,165
3739,82,34,51,17,184
3740,66,34,51,17,168
3741,67,16,51,17,151
3742,65,33,67,18,183
3744,67,35,67,17,186
3745,67,17,67,17,168
3746,51,17,67,17,152
3750,67,32,67,18,184
3751,69,15,67,18,169
3752,67,33,52,15,167
3753,65,17,52,15,149
3754,65,34,82,19,200
3755,67,15,82,19,183
3756,67,33,68,15,183
3757,51,33,68,15,167
3758,52,15,68,15,150
3760,82,19,66,16,183
3761,64,19,66,16,165
3762,68,32,68,14,182
3763,82,34,67,15,198
3766,66,34,67,15,182
3768,68,33,67,15,183
3769,52,33,67,15,167
3770,67,34,83,16,200
3771,66,19,83,16,184
3772,67,33,66,17,183
3774,67,32,66,19,184
3775,52,32,66,19,169
3777,68,16,65,18,167
3780,66,33,68,18,185
3781,67,14,68,18,167
3782,65,34,69,14,182
3783,66,16,69,14,165
3784,67,34,66,17,184
3785,65,17,66,17,165
3786,51,17,66,17,151
3788,69,31,50,17,167
3789,52,31,50,17,150
3791,65,18,65,18,166
3792,66,32,68,15,181
3793,52,32,68,15,167
3794,50,17,68,15,150
3795,50,33,68,17,168
3796,65,35,67,17,184
3797,68,17,67,17,169
3798,51,17,67,17,152
3800,68,34,83,16,201
3801,67,17,83,16,183
3802,67,32,67,17,183
3803,52,32,67,17,168
3804,51,15,67,17,150
3806,68,31,65,18,182
3807,66,16,65,18,165
3808,67,32,67,17,183
3809,68,15,67,17,167
3810,63,33,51,18,165
3811,64,17,51,18,150
3812,65,34,67,17,183
3814,67,35,66,17,185
3816,51,18,66,17,152
3817,67,16,51,17,151
3818,67,34,67,16,184
3819,67,17,67,16,167
3822,51,17,65,20,153
3827,69,14,66,16,165
3829,50,32,69,15,166
3830,66,34,67,17,184
3831,64,16,67,17,164
3832,50,16,67,17,150
3833,64,19,67,17,167
3834,69,32,52,15,168
3835,51,32,52,15,150
3836,67,35,82,16,200
3837,68,18,82,16,184
3838,67,32,66,17,182
3839,69,15,66,17,167
3841,66,18,67,16,167
3842,66,32,67,16,181
3843,65,16,67,16,164
3844,66,35,66,15,182
3845,67,18,66,15,166
3846,67,32,67,16,182
3847,51,32,67,16,166
3850,66,33,66,17,182
3851,65,18,66,17,166
3852,67,34,66,18,185
3853,51,34,66,18,169
3854,67,32,69,15,183
3855,68,16,69,15,168
3857,67,17,50,15,149
3860,69,30,69,17,185
3861,67,15,69,17,168
3864,66,33,65,17,181
3865,65,19,65,17,166
3866,69,34,65,16,184
3867,67,17,65,16,165
3868,50,17,65,16,148
3870,65,34,66,17,182
3871,65,17,66,17,165
3873,67,18,66,16,167
3874,50,18,66,16,150
3876,66,34,67,17,184
3878,66,33,51,16,166
3879,50,33,51,16,150
3880,50,17,51,16,134
3881,68,16,66,16,166
3882,51,16,66,16,149
3883,51,33,68,17,169
3885,64,18,52,15,149
3886,66,35,81,18,200
3888,68,32,67,17,184
3890,52,15,67,17,151
3892,66,33,51,16,166
3893,64,18,51,16,149
3894,67,34,65,16,182
3896,67,33,65,18,183
3897,69,16,65,18,168
3899,50,32,68,17,167
3900,50,15,68,17,150
3901,64,17,52,15,148
3903,66,17,67,17,167
3905,52,32,52,14,150
3907,49,35,69,14,167
3909,67,14,52,17,150
3910,52,14,52,17,135
3911,66,21,80,16,183
3912,69,31,65,19,184
3914,52,17,65,19,153
3915,52,33,51,15,151
3917,66,16,69,16,167
3918,65,34,51,15,165
3919,50,34,51,15,150
3920,51,15,51,15,132
3922,51,18,66,16,151
3923,50,31,68,17,166
3925,68,16,65,18,167
3926,66,33,67,15,181
3927,66,17,67,15,165
3928,51,17,67,15,150
3929,66,15,66,19,166
3930,65,35,66,16,182
3931,67,17,66,16,166
3932,50,17,66,16,149
3933,65,16,70,15,166
3935,67,16,50,16,149
3937,67,19,64,18,168
3939,66,16,68,17,167
3942,64,35,67,15,181
3943,67,17,67,15,166
3944,51,17,67,15,150
3945,51,34,66,16,167
3946,52,17,66,16,151
3947,66,18,65,18,167
3950,66,32,68,16,182
3951,67,16,68,16,167
3952,65,35,65,16,181
3953,68,17,65,16,166
3955,66,18,83,17,184
3956,68,32,68,18,186
3957,66,16,68,18,168
3958,49,16,68,18,151
3959,66,17,53,14,150
3960,65,35,67,16,183
3961,84,32,67,18,201
3962,68,32,67,18,185
3964,53,14,67,18,152
3966,67,32,66,18,183
3967,65,16,66,18,165
3970,50,15,67,17,149
3973,66,16,67,16,165
3974,51,16,67,16,150
3975,66,16,67,16,165
3976,67,34,67,15,183
3978,67,33,66,17,183
3980,67,34,65,18,184
3981,65,18,65,18,166
3983,66,17,67,17,167
3984,66,33,51,16,166
3986,65,34,68,17,184
3987,68,16,68,17,169
3988,67,33,52,16,168
3990,51,16,52,16,135
3991,66,18,84,16,184
3992,68,33,67,16,184
3993,51,33,67,16,167
3994,52,16,67,16,151
3995,83,35,64,19,201
3996,84,16,64,19,183
3997,67,16,64,19,166
3999,66,17,102,13,198
4000,68,31,84,17,200
4002,64,36,65,17,182
4005,98,17,67,16,198
4006,84,17,67,16,184
4007,65,17,67,16,165
4008,65,35,82,19,201
4010,81,16,69,14,180
4011,68,16,69,14,167
4012,51,16,69,14,150
4014,66,35,64,18,183
4016,69,32,82,17,200
4019,68,15,67,18,168
4020,64,34,66,17,181
4021,50,34,66,17,167
4022,66,33,69,15,183
4023,65,17,69,15,166
4024,67,33,51,16,167
4026,66,36,65,18,185
4027,67,19,65,18,169
4028,69,31,52,15,167
4029,51,31,52,15,149
4030,51,16,52,15,134
4031,68,16,84,16,184
4032,65,33,67,16,181
4033,68,15,67,16,166
4034,52,15,67,16,150
4035,66,16,50,18,150
4036,84,16,66,19,185
4037,82,34,51,15,182
4042,66,34,66,16,182
4043,69,15,66,16,166
4045,66,16,64,19,165
4046,68,32,69,15,184
4047,65,16,69,15,165
4048,66,32,52,16,166
4049,64,16,52,16,148
4051,67,18,65,17,167
4052,69,31,51,15,166
4053,53,31,51,15,150
4055,66,17,66,16,165
4057,67,15,69,15,166
4058,51,15,69,15,150
4060,66,35,66,15,182
4061,65,19,66,15,165
4062,69,34,82,17,202
4063,66,19,82,17,184
4064,69,32,67,17,185
4065,68,17,67,17,169
4066,66,33,51,15,165
4067,66,18,51,15,150
4068,65,34,66,16,181
4069,67,17,66,16,166
4070,67,32,68,16,183
4071,52,32,68,16,168
4072,51,15,68,16,150
4073,67,16,65,17,165
4074,66,34,65,17,182
4075,65,18,65,17,165
4076,68,31,68,18,185
4077,66,15,68,18,167
4081,66,17,50,16,149
4082,51,17,50,16,134
4083,51,33,68,16,168
4084,52,15,68,16,151
4085,67,16,51,17,151
4087,65,18,68,16,167
4089,67,17,66,16,166
4090,51,17,66,16,150
4093,68,15,66,17,166
4094,51,15,66,17,149
4095,64,18,66,16,164
4096,65,32,68,17,182
4098,66,34,51,16,167
4100,66,34,66,16,182
4101,65,18,66,16,165
4103,68,16,67,16,167
4104,51,16,67,16,150
4105,51,33,50,16,150
4106,50,16,50,16,132
4107,65,18,65,18,166
4108,67,32,51,17,167
4109,50,32,51,17,150
4110,50,16,51,17,134
4111,67,16,52,17,152
4112,65,35,66,16,182
4114,51,17,66,16,150
4115,51,34,67,17,169
4116,52,17,67,17,153
4117,51,32,52,15,150
4119,65,19,65,17,166
4120,67,32,67,16,182
4121,69,15,67,16,167
4122,52,15,67,16,150
4123,51,33,50,17,151
4124,65,34,66,17,182
4127,52,33,67,17,169
4128,50,17,67,17,151
4129,67,16,51,16,150
4130,66,34,67,15,182
4131,67,17,67,15,166
4133,67,16,66,18,167
4135,50,34,66,18,168
4137,65,17,52,14,148
4138,66,34,67,16,183
4139,68,16,67,16,167
4140,66,32,51,17,166
4142,52,14,51,17,134
4144,67,33,67,16,183
4146,51,17,67,16,151
4147,66,16,66,18,166
4148,50,16,66,18,150
4149,67,17,68,15,167
4150,67,32,67,17,183
4152,66,36,65,17,184
4153,67,18,65,17,167
4154,68,31,68,15,182
4155,67,16,68,15,166
4158,65,34,81,18,198
4161,66,17,67,16,166
4162,66,37,81,17,201
4164,81,18,83,18,200
4165,66,18,83,18,185
4166,67,34,117,15,233
4168,64,34,98,18,214
4169,86,33,65,18,202
4170,83,18,65,18,184
4173,100,15,100,16,231
4175,83,33,67,16,199
4177,50,33,67,16,166
4178,99,33,84,18,234
4179,101,14,84,18,217
4180,100,34,50,18,202
4181,82,34,50,18,184
4182,67,34,50,18,169
4183,100,16,82,17,215
4186,84,18,65,18,185
4187,68,18,65,18,169
4188,50,18,65,18,151
4189,82,33,68,15,198
4190,82,17,68,15,182
4191,66,17,68,15,166
4193,68,17,66,18,169
4195,69,16,65,17,167
4196,68,33,67,17,185
4197,65,18,67,17,167
4198,66,32,67,18,183
4199,49,32,67,18,166
4201,67,18,67,16,168
4202,67,32,65,18,182
4203,66,15,65,18,164
4204,67,35,65,15,182
4206,67,30,68,16,181
4207,66,14,68,16,164
4208,65,35,67,18,185
4209,65,17,67,18,167
4212,68,34,66,19,187
4213,66,18,66,19,169
4214,67,33,52,16,168
4216,52,15,52,16,135
4217,51,33,68,15,167
4218,66,35,65,18,184
4220,52,16,65,18,151
4223,64,17,69,16,166
4225,67,16,68,14,165
4226,66,35,67,16,184
4227,68,18,67,16,169
4228,51,18,67,16,152
4229,51,33,65,18,167
4231,51,34,65,17,167
4232,67,31,67,17,182
4233,67,15,67,17,166
4234,65,34,67,16,182
4235,69,16,67,16,168
4236,65,33,67,17,182
4237,66,16,67,17,166
4238,67,34,50,16,167
4239,66,17,50,16,149
4242,67,33,68,15,183
4244,50,16,68,15,149
4245,50,34,67,17,168
4247,65,19,66,17,167
4248,68,33,67,16,184
4249,67,18,67,16,168
4250,67,33,67,15,182
4251,52,33,67,15,167
4253,51,34,65,17,167
4255,66,17,66,16,165
4257,50,32,67,17,166
4259,66,17,50,16,149
4260,66,33,67,16,182
4263,67,16,67,16,166
4264,50,16,67,16,149
4265,67,17,66,18,168
4266,50,17,66,18,151
4268,50,17,68,16,151
4269,66,17,51,16,150
4270,66,35,66,15,182
4271,68,17,66,15,166
4273,52,32,67,18,169
4276,66,33,66,18,183
4277,65,18,66,18,167
4279,50,32,52,16,150
4282,66,34,66,16,182
4283,66,16,66,16,164
4285,51,34,66,16,167
4286,68,32,67,18,185
4287,67,15,67,18,167
4288,66,34,84,16,200
4290,66,33,84,16,199
4291,65,17,84,16,182
4292,67,31,69,16,183
4293,69,13,69,16,167
4296,84,16,67,17,184
4297,66,16,67,17,166
4298,69,35,83,15,202
4300,68,32,66,18,184
4301,68,15,66,18,167
4302,52,15,66,18,151
4305,66,15,67,16,164
4309,66,16,67,17,166
4310,67,35,64,18,184
4312,50,19,64,18,151
4314,67,32,52,16,167
4315,51,32,52,16,151
4317,68,17,66,18,169
4319,67,16,67,17,167
4320,52,16,67,17,152
4321,50,33,51,15,149
4322,66,34,66,17,183
4324,67,32,67,17,183
4326,51,15,67,17,150
4328,66,33,51,17,167
4330,51,16,51,17,135
4331,66,17,65,18,166
4332,67,34,68,18,187
4334,51,17,68,18,154
4336,65,37,80,18,200
4337,66,19,80,18,183
4338,68,30,68,17,183
4340,55,12,68,17,152
4341,67,17,66,18,168
4343,62,18,66,17,163
4344,68,33,67,16,184
4346,66,33,67,16,182
4349,66,17,67,16,166
4350,67,33,67,16,183
4351,65,17,67,16,165
4352,50,17,67,16,150
4353,66,18,66,18,168
4354,67,33,70,14,184
4355,67,17,70,14,168
4356,67,33,66,18,184
4359,50,37,62,17,166
4360,70,29,68,16,183
4361,54,29,68,16,167
4363,66,15,51,16,148
4364,62,35,66,17,180
4365,65,18,66,17,166
4367,66,16,67,17,166
4368,51,16,67,17,151
4369,67,17,68,15,167
4371,67,16,50,16,149
4376,50,16,68,16,150
4377,66,16,67,18,167
4378,64,35,68,15,182
4379,66,18,68,15,167
4381,51,32,68,17,168
4385,52,32,66,17,167
4386,68,32,67,17,184
4387,67,15,67,17,166
4388,64,34,68,16,182
4389,66,17,68,16,167
4390,66,33,51,17,167
4392,67,35,84,15,201
4393,67,18,84,15,184
4394,68,33,66,18,185
4395,51,33,66,18,168
4396,51,17,66,18,152
4397,51,33,66,17,167
4398,66,33,69,14,182
4399,83,33,69,14,199
4402,66,36,63,19,184
4404,69,33,64,17,183
4406,69,30,69,19,187
4408,63,34,54,13,164
4409,68,15,54,13,150
4410,64,35,66,17,182
4411,67,18,66,17,168
4412,51,18,66,17,152
4414,54,13,68,16,151
4419,52,32,66,17,167
4421,68,14,68,16,166
4422,65,33,69,17,184
4423,66,16,69,17,168
4424,66,35,65,18,184
4425,82,34,66,16,198
4427,51,34,66,16,167
4428,69,31,67,17,184
4429,69,14,67,17,167
4431,67,17,66,16,166
4432,66,32,68,16,182
4433,81,34,67,15,197
4434,67,34,67,15,183
4436,66,34,66,18,184
4437,66,18,66,18,168
4438,68,33,51,16,168
4440,67,33,68,16,184
4441,66,18,68,16,168
4442,66,34,66,18,184
4444,51,16,66,18,151
4445,86,32,51,18,187
4446,68,32,51,18,169
4447,66,16,51,18,151
4449,67,17,65,16,165
4450,67,34,64,17,182
4451,51,34,64,17,166
4452,51,18,64,17,150
4454,65,33,67,18,183
4455,65,17,67,18,167
4456,64,34,66,17,181
4457,65,17,66,17,165
4459,51,33,67,17,168
4460,67,33,51,15,166
4461,68,15,51,15,149
4462,66,34,66,18,184
4464,67,32,52,15,166
4466,51,15,52,15,133
4468,66,33,68,15,182
4470,52,15,68,15,150
4471,67,15,69,15,166
4472,51,15,69,15,150
4473,65,18,65,19,167
4474,50,18,65,19,152
4476,69,31,68,17,185
4477,52,31,68,17,168
4478,65,34,68,16,183
4480,65,34,67,15,181
4482,52,16,67,15,150
4483,66,17,65,17,165
4484,68,33,67,16,184
4486,67,32,67,17,183
4489,66,18,67,15,166
4490,67,32,68,15,182
4491,68,16,68,15,167
4493,67,18,66,17,168
4494,67,33,65,17,182
4495,66,18,65,17,166
4496,68,33,66,16,183
4497,51,33,66,16,166
4499,51,32,68,16,167
4500,65,34,67,18,184
4501,50,34,67,18,169
4502,66,34,51,17,168
4503,65,18,51,17,151
4504,68,33,83,18,202
4506,67,35,66,16,184
4507,51,35,66,16,168
4508,51,17,66,16,150
4510,67,34,66,15,182
4511,65,18,66,15,164
4512,66,32,66,17,181
4514,50,16,66,17,149
4515,68,16,67,15,166
4516,66,32,68,16,182
4517,65,17,68,16,166
4518,66,35,66,17,184
4519,65,18,66,17,166
4521,52,33,50,15,150
4523,67,17,66,18,168
4526,50,15,52,15,132
4528,66,33,67,18,184
4530,52,15,67,18,152
4532,67,33,51,15,166
4533,67,15,51,15,148
4534,67,34,67,17,185
4536,51,16,67,17,151
4538,51,15,67,18,151
4539,66,17,50,16,149
4540,67,32,67,18,184
4541,67,15,67,18,167
4542,67,34,67,15,183
4543,67,16,67,15,165
4544,50,16,67,15,148
4545,67,15,67,16,165
4547,67,16,67,16,166
4548,51,16,67,16,150
4549,64,18,68,16,166
4550,67,34,66,17,184
4552,67,34,65,18,184
4555,52,32,66,19,169
4556,66,33,66,18,183
4557,50,33,66,18,167
4559,67,15,51,18,151
4560,66,33,85,15,199
4561,68,14,85,15,182
4565,50,32,67,17,166
4566,68,32,69,16,185
4569,67,17,50,15,149
4572,69,31,67,17,184
4573,51,31,67,17,166
4574,50,15,67,17,149
4576,66,32,68,15,181
4577,65,17,68,15,165
4579,50,34,67,17,168
4580,66,34,65,19,184
4581,68,17,65,19,169
4582,68,33,51,16,168
4583,66,18,51,16,151
4584,49,18,51,16,134
4585,67,15,67,19,168
4586,65,35,51,15,166
4587,69,16,51,15,151
4589,66,16,51,16,149
4590,67,34,67,16,184
4591,67,15,67,16,165
4592,51,15,67,16,149
4593,50,33,67,18,168
4594,51,16,67,18,152
4597,66,17,50,15,148
4600,51,15,68,16,150
4601,67,15,52,15,149
4602,50,15,52,15,132
4603,65,18,66,17,166
4606,52,15,69,15,151
4607,68,16,67,17,168
4608,66,34,67,15,182
4609,50,34,67,15,166
4611,65,18,65,17,165
4612,67,34,65,18,184
4613,67,17,65,18,167
4615,52,31,68,17,168
4617,65,17,51,16,149
4618,65,34,66,17,182
4619,68,16,66,17,167
4621,51,33,66,17,167
4622,51,16,66,17,150
4624,66,33,101,16,216
4627,67,17,67,16,167
4628,50,17,67,16,150
4629,67,17,67,15,166
4633,66,18,67,15,166
4634,67,33,66,17,183
4636,67,34,67,15,183
4637,51,34,67,15,167
4638,67,32,84,17,200
4639,67,17,84,17,185
4640,66,35,66,17,184
4641,67,18,66,17,168
4645,67,17,65,17,166
4646,66,32,99,19,216
4647,51,32,99,19,201
4649,82,33,52,16,183
4650,65,33,52,16,166
4652,99,35,51,16,201
4653,82,35,51,16,184
4655,68,16,51,16,151
4657,83,34,65,18,200
4658,68,34,65,18,185
4660,51,16,65,18,150
4661,67,15,67,17,166
4663,66,15,67,18,166
4664,65,34,51,15,165
4665,66,16,51,15,148
4667,66,16,69,16,167
4669,67,15,68,16,166
4670,51,15,68,16,150
4676,66,32,69,14,181
4677,67,15,69,14,165
4678,51,15,69,14,149
4679,66,19,66,15,166
4682,69,32,67,17,185
4683,53,32,67,17,169
4684,66,33,51,15,165
4685,64,18,51,15,148
4686,65,34,67,15,181
4687,68,17,67,15,167
4688,67,32,66,18,183
4689,52,32,66,18,168
4691,66,18,65,18,167
4694,66,34,67,17,184
4695,67,16,67,17,167
4697,68,16,67,16,167
4700,67,34,66,17,184
4701,66,17,66,17,166
4702,67,33,66,18,184
4705,67,16,51,16,150
4707,67,16,69,16,168
4708,50,16,69,16,151
4709,67,16,51,15,149
4710,51,16,51,15,133
4711,67,18,65,17,167
4712,69,31,51,16,167
4713,67,15,51,16,149
4715,67,16,66,20,169
4716,65,33,53,13,164
4717,66,16,53,13,148
4720,66,33,67,17,183
4721,69,13,67,17,166
4722,53,13,67,17,150
4723,67,17,66,17,167
4725,63,17,51,15,146
4727,66,17,83,18,184
4728,66,32,69,17,184
4729,68,15,69,17,169
4730,51,15,69,17,152
4731,66,19,64,18,167
4732,68,33,65,18,184
4733,66,18,65,18,167
4734,69,31,69,15,184
4736,64,34,66,19,183
4738,65,35,65,17,182
4739,66,17,65,17,165
4741,51,31,51,16,149
4742,66,34,68,17,185
4745,67,16,67,16,166
4746,51,16,67,16,150
4747,65,18,65,18,166
4748,68,32,67,18,185
4749,68,15,67,18,168
4750,52,15,67,18,152
4751,50,33,52,15,150
4752,65,34,68,14,181
4753,66,16,68,14,164
4755,51,33,68,17,169
4756,52,15,68,17,152
4757,67,17,65,16,165
4758,68,33,69,13,183
4759,64,19,69,13,165
4762,65,37,64,15,181
4763,67,21,64,15,167
4765,52,30,66,18,166
4766,67,34,66,15,182
4767,68,17,66,15,166
4768,64,32,68,17,181
4769,51,32,68,17,168
4770,66,34,67,18,185
4772,66,34,51,15,166
4773,51,34,51,15,151
4774,68,33,66,18,185
4775,67,16,66,18,167
4777,52,33,66,18,169
4778,51,15,66,18,150
4779,67,15,51,17,150
4781,66,15,67,17,165
4782,66,35,66,18,185
4783,66,17,66,18,167
4785,50,32,66,18,166
4787,66,17,68,15,166
4788,66,32,68,16,182
4792,68,32,66,16,182
4793,65,17,66,16,164
4795,66,17,68,15,166
4797,68,15,84,21,188
4798,66,35,70,14,185
4799,66,19,70,14,169
4800,68,33,83,15,199
4801,65,18,83,15,181
4802,84,21,61,18,184
4803,68,21,61,18,168
4806,83,15,85,15,198
4808,61,35,116,16,228
4809,65,17,116,16,214
4810,83,19,98,18,218
4811,100,15,67,18,200
4812,85,15,67,18,185
4813,67,15,67,18,167
4814,100,32,84,17,233
4819,67,15,51,17,150
4820,50,15,51,17,133
4821,100,17,67,17,201
4822,84,17,67,17,185
4825,84,34,66,17,201
4826,83,18,66,17,184
4827,84,33,66,16,199
4828,67,33,66,16,182
4831,67,17,67,17,168
4832,66,33,68,16,183
4833,66,16,68,16,166
4834,50,16,68,16,150
4835,66,18,66,18,168
4836,67,34,67,16,184
4837,67,17,67,16,167
4839,52,32,51,16,151
4840,66,35,67,16,184
4842,67,32,51,17,167
4843,67,16,51,17,151
4844,51,16,51,17,135
4845,65,19,82,17,183
4846,67,33,66,17,183
4847,67,17,66,17,167
4849,52,31,52,15,150
4851,66,17,66,17,166
4854,52,15,68,16,151
4855,68,15,66,17,166
4856,51,15,66,17,149
4857,66,17,66,17,166
4858,68,32,67,17,184
4859,65,16,67,17,165
4860,66,34,68,17,185
4861,66,17,68,17,168
4862,66,33,52,14,165
4863,67,16,52,14,149
4864,67,35,65,18,185
4865,67,18,65,18,168
4866,68,31,68,16,183
4870,65,34,65,17,181
4871,66,16,65,17,164
4872,52,16,65,17,150
4874,67,32,52,16,167
4875,66,15,52,16,149
4876,65,34,68,17,184
4877,66,17,68,17,168
4878,66,34,66,19,185
4880,52,16,66,19,153
4881,51,34,66,15,166
4887,64,19,51,16,150
4888,68,32,69,16,185
4889,65,16,69,16,166
4891,51,35,66,17,169
4893,51,34,64,18,167
4894,52,17,64,18,151
4895,66,16,66,18,166
4898,64,34,66,18,182
4901,67,16,68,14,165
4902,52,16,68,14,150
4903,66,16,50,19,151
4904,50,16,50,19,135
4905,66,18,65,17,166
4906,68,33,66,16,183
4907,66,19,66,16,167
4908,50,19,66,16,151
4909,51,32,66,18,167
4910,65,34,67,16,182
4911,68,17,67,16,168
4914,66,35,65,18,184
4915,67,17,65,18,167
4916,67,32,67,18,184
4917,51,32,67,18,168
4918,51,16,67,18,152
4920,65,34,66,16,181
4922,67,33,67,17,184
4924,52,15,67,17,151
4925,66,16,51,17,150
4926,50,16,51,17,134
4927,64,18,67,15,164
4928,67,34,67,16,184
4929,67,17,67,16,167
4930,51,17,67,16,151
4931,52,33,68,16,169
4933,65,19,67,16,167
4934,67,34,67,15,183
4935,67,18,67,15,167
4936,68,33,67,17,185
4937,53,33,67,17,170
4938,67,34,67,15,183
4942,67,34,64,17,182
4943,68,17,64,17,166
4944,67,31,67,16,181
4945,67,16,67,16,166
4946,65,33,67,18,183
4947,66,15,67,18,166
4948,64,34,68,16,182
4950,67,33,51,15,166
4952,67,35,66,16,184
4953,68,17,66,16,167
4954,51,17,66,16,150
4956,51,15,68,18,152
4957,67,16,67,17,167
4958,66,33,51,17,167
4959,50,33,51,17,151
4960,68,34,67,15,184
4961,67,16,67,15,165
4962,67,34,66,15,182
4963,51,34,66,15,166
4964,51,17,66,15,149
4965,50,33,82,16,181
4966,67,33,65,20,185
4968,66,31,54,14,165
4969,50,31,54,14,149
4970,64,34,67,18,183
4971,67,16,67,18,168
4972,65,34,51,17,167
4974,54,14,51,17,136
4978,51,17,52,14,134
4979,53,31,68,15,167
4980,66,35,67,16,184
4981,69,14,67,16,166
4982,52,14,67,16,149
4985,62,19,64,18,163
4986,67,31,51,18,167
4987,52,31,51,18,152
4988,65,33,67,17,182
4989,71,12,67,17,167
4991,66,18,66,17,167
4992,51,18,66,17,152
4995,66,18,65,18,167
4997,67,16,67,17,167
4999,51,32,52,16,151
5000,65,35,66,16,182
5003,68,16,66,17,167
5004,52,16,66,17,151
5006,66,33,52,16,167
5007,65,17,52,16,150
5008,66,34,66,17,183
5010,67,34,65,18,184
5013,51,32,70,15,168
5014,66,33,52,15,166
5015,65,16,52,15,148
5016,65,37,65,17,184
5019,68,15,68,16,167
5020,52,15,68,16,151
5021,65,19,66,17,167
5022,65,33,67,14,179
5023,67,16,67,14,164
5024,68,33,65,19,185
5026,66,34,66,17,183
5027,66,17,66,17,166
5028,67,31,52,15,165
5029,65,17,52,15,149
5030,65,35,66,18,184
5032,66,32,52,17,167
5033,52,32,52,17,153
5034,52,15,52,17,136
5035,65,17,66,17,165
5036,66,35,66,15,182
5037,67,17,66,15,165
5040,66,35,84,16,201
5042,66,32,68,17,183
5044,50,17,68,17,152
5045,67,19,65,16,167
5046,68,32,68,15,183
5047,69,16,68,15,168
5049,51,33,67,15,166
5050,65,35,64,17,181
5052,68,32,67,15,182
5053,66,17,67,15,165
5055,51,32,67,18,168
5057,66,18,65,18,167
5058,67,32,51,17,167
5060,67,33,67,18,185
5061,68,15,67,18,168
5062,65,35,65,17,182
5064,51,17,65,17,150
5065,50,32,50,17,149
5066,67,33,84,16,200
5067,67,15,84,16,182
5068,65,34,66,17,182
5070,50,17,66,17,150
5071,67,16,65,18,166
5072,68,32,68,16,184
5075,65,16,51,16,148
5076,65,35,66,17,183
5077,67,17,66,17,167
5078,51,17,66,17,151
5079,51,32,67,17,167
5080,51,16,67,17,151
5081,67,16,50,16,149
5083,67,16,66,19,168
5084,67,33,52,15,167
5085,66,16,52,15,149
5088,66,34,52,14,166
5090,52,15,52,14,133
5091,66,18,66,17,167
5092,68,32,67,17,184
5093,67,14,67,17,165
5094,52,14,67,17,150
5095,50,34,67,18,169
5096,66,33,66,22,187
5097,65,16,66,22,169
5098,51,16,66,22,155
5100,67,32,68,16,183
5101,68,14,68,16,166
5102,66,35,65,18,184
5103,71,13,65,18,167
5105,64,18,66,18,166
5108,65,34,67,17,183
5109,68,16,67,17,168
5110,66,33,51,17,167
5111,68,15,51,17,151
5113,66,17,67,16,166
5114,67,34,66,16,183
5116,51,17,66,16,150
5117,51,33,66,17,167
5118,67,33,68,16,184
5119,66,17,68,16,167
5124,50,18,65,19,152
5125,52,32,52,15,151
5126,51,16,52,15,134
5127,50,33,66,17,166
5129,68,15,68,16,167
5130,52,15,68,16,151
5133,64,19,65,18,166
5134,68,32,66,18,184
5135,67,16,66,18,167
5136,52,16,66,18,152
5137,51,33,51,17,152
5138,65,33,68,16,182
5139,67,15,68,16,166
5141,68,17,66,15,166
5142,51,17,66,15,149
5143,50,33,67,17,167
5144,68,33,51,15,167
5145,66,17,51,15,149
5146,66,34,66,17,183
5147,65,19,66,17,167
5148,67,32,67,17,183
5149,51,32,67,17,167
5150,51,15,67,17,150
5152,66,33,51,16,166
5154,67,32,52,16,167
5155,68,15,52,16,151
5156,50,15,52,16,133
5158,51,16,66,17,150
5161,65,17,67,17,166
5162,66,34,68,14,182
5164,50,17,68,14,149
5165,51,33,68,15,167
5166,67,35,64,19,185
5167,67,18,64,19,168
5168,68,33,65,17,183
5169,53,33,65,17,168
5170,68,31,68,15,182
5171,66,16,68,15,165
5172,64,34,67,16,181
5175,67,17,67,16,167
5176,51,17,67,16,151
5177,64,18,50,16,148
5179,66,18,66,15,165
5181,52,32,68,15,167
5182,50,16,68,15,149
5183,50,34,66,17,167
5184,66,34,66,16,182
5185,65,19,66,16,166
5187,51,32,68,17,168
5188,66,34,51,16,167
5189,68,17,51,16,152
5190,66,34,65,19,184
5191,51,34,65,19,169
5192,68,33,67,16,184
5193,68,16,67,16,167
5194,51,16,67,16,150
5196,65,35,66,16,182
5197,67,16,66,16,165
5198,51,16,66,16,149
5201,66,16,50,16,148
5202,66,33,67,17,183
5203,66,17,67,17,167
5204,67,33,67,18,185
5205,66,16,67,18,167
5206,50,16,67,18,151
5207,67,17,67,16,167
5208,67,33,68,16,184
5209,67,16,68,16,167
5210,51,16,68,16,151
5211,68,16,66,18,168
5213,66,18,65,18,167
5215,66,16,68,15,165
5216,66,33,67,17,183
5218,65,35,65,16,181
5219,67,17,65,16,165
5220,51,17,65,16,149
5222,50,17,49,19,135
5223,66,16,50,17,149
5225,66,19,66,17,168
5229,51,34,51,16,152
5231,68,15,84,16,183
5232,51,15,84,16,166
5233,69,16,65,18,168
5234,51,16,65,18,150
5235,50,31,52,17,150
5236,66,34,68,15,183
5238,65,35,67,15,182
5239,50,35,67,15,167
5240,52,17,67,15,151
5241,51,33,68,15,167
5243,65,19,66,16,166
5244,67,34,64,18,183
5247,53,32,50,16,151
5248,66,32,68,16,182
5249,67,16,68,16,167
5250,64,34,68,15,181
5252,50,16,68,15,149
5253,68,16,82,17,183
5256,68,31,69,15,183
5257,65,16,69,15,165
5258,82,17,67,18,184
5260,65,35,65,17,182
5261,85,32,68,16,201
5262,69,32,68,16,185
5265,50,33,67,18,168
5266,65,35,65,18,183
5267,67,18,65,18,168
5268,68,32,67,17,184
5269,50,32,67,17,166
5271,68,15,68,17,168
5272,65,34,67,17,183
5273,67,16,67,17,167
5274,67,34,66,17,184
5275,66,17,66,17,166
5276,68,33,67,15,183
5278,67,33,67,18,185
5279,67,16,67,18,168
5282,67,33,67,15,182
5283,65,18,67,15,165
5284,67,32,68,17,184
5286,51,14,68,17,150
5289,64,18,50,15,147
5290,68,34,66,16,184
5293,52,31,51,18,152
5294,50,15,51,18,134
5297,66,18,65,17,166
5298,51,18,65,17,151
5299,50,32,50,17,149
5300,66,33,67,17,183
5301,66,17,67,17,167
5302,65,34,66,17,182
5303,68,17,66,17,168
5305,51,33,67,17,168
5306,67,33,67,17,184
5307,67,16,67,17,167
5308,66,34,67,17,184
5310,67,33,68,15,183
5312,67,34,66,17,184
5313,50,34,66,17,167
5315,67,17,66,17,167
5316,68,32,51,16,167
5317,66,17,51,16,150
5318,66,34,67,17,184
5322,51,16,66,17,150
5323,65,19,65,18,167
5324,67,32,51,16,166
5325,50,32,51,16,149
5326,51,15,51,16,133
5327,68,16,67,19,170
5328,65,34,68,16,183
5329,66,16,68,16,166
5330,51,16,68,16,151
5333,68,16,66,15,165
5335,53,32,67,18,170
5336,51,16,67,18,152
5337,66,16,66,16,164
5338,66,33,66,16,181
5339,50,33,66,16,165
5340,67,33,68,16,184
5341,67,15,68,16,166
5342,51,15,68,16,150
5343,67,17,68,16,168
5346,68,33,66,16,183
5347,52,33,66,16,167
5348,51,17,66,16,150
5349,52,33,66,17,168
5350,66,33,66,18,183
5351,66,17,66,18,167
5353,66,17,51,15,149
5355,83,33,69,15,200
5357,68,15,69,15,167
5358,51,15,69,15,150
5359,49,33,68,17,167
5361,65,19,65,16,165
5362,69,32,66,18,185
5364,68,33,51,15,167
5366,65,33,66,19,183
5367,66,17,66,19,168
5368,66,33,52,16,167
5369,67,15,52,16,150
5371,68,15,68,15,166
5372,66,35,66,17,184
5374,52,16,66,17,151
5375,66,17,50,16,149
5378,66,33,51,16,166
5380,50,16,51,16,133
5382,67,33,66,18,184
5385,66,16,51,16,149
5387,66,16,67,18,167
5388,66,34,51,16,167
5389,67,16,51,16,150
5390,51,16,51,16,134
5393,67,16,67,16,166
5394,51,16,67,16,150
5395,82,34,65,18,199
5397,65,18,65,18,166
5400,68,31,67,18,184
5401,52,31,67,18,168
5402,65,35,67,16,183
5403,67,17,67,16,167
5406,67,35,67,16,185
5407,84,34,66,17,201
5408,67,34,66,17,184
5411,65,19,66,15,165
5412,67,33,83,17,200
5413,51,33,83,17,184
5415,85,33,67,17,202
5416,66,33,67,17,183
5417,65,18,67,17,167
5418,66,34,99,16,215
5419,83,33,82,18,216
5421,85,34,66,16,201
5422,67,34,66,16,183
5425,100,18,67,15,200
5426,82,18,67,15,182
5427,65,18,67,15,165
5428,66,32,101,17,216
5429,50,32,101,17,200
5431,85,32,68,16,201
5432,67,32,68,16,183
5433,66,17,68,16,167
5434,67,34,100,16,217
5435,99,17,82,18,216
5436,100,33,67,16,216
5438,68,33,67,16,184
5440,100,34,66,17,217
5442,82,18,66,17,183
5444,67,32,66,19,184
5447,67,17,66,18,168
5448,66,32,52,15,165
5449,50,32,52,15,149
5450,66,34,67,18,185
5451,68,15,67,18,168
5453,67,15,52,17,151
5454,52,15,52,17,136
5455,66,16,68,16,166
5456,67,35,64,18,184
5457,67,17,64,18,166
5458,52,17,64,18,151
5459,66,18,65,18,167
5460,68,31,52,16,167
5461,66,15,52,16,149
5462,64,34,85,15,198
5464,65,34,66,18,183
5465,67,16,66,18,167
5466,52,16,66,18,152
5467,67,16,51,16,150
5468,67,33,68,15,183
5469,82,34,66,18,200
5470,66,34,66,18,184
5473,66,17,66,16,165
5474,68,32,50,18,168
5476,66,34,67,17,184
5479,67,18,66,16,167
5480,50,18,66,16,150
5481,66,17,66,16,165
5482,67,33,66,18,184
5483,51,33,66,18,168
5486,66,33,68,17,184
5487,65,17,68,17,167
5488,66,35,67,20,188
5489,50,35,67,20,172
5490,51,17,67,20,155
5492,68,34,64,17,183
5493,67,17,64,17,165
5494,67,31,67,17,182
5495,51,31,67,17,166
5497,65,16,68,16,165
5498,64,34,68,16,182
5499,61,17,68,16,162
5500,67,34,66,17,184
5501,67,17,66,17,167
5502,68,34,67,15,184
5504,68,32,67,18,185
5505,67,16,67,18,168
5506,66,35,65,18,184
5508,67,32,51,16,166
5509,51,32,51,16,150
5512,65,34,66,16,181
5513,68,16,66,16,166
5516,67,33,67,17,184
5519,66,17,68,17,168
5521,67,17,66,17,167
5522,67,34,66,16,183
5523,68,17,66,16,167
5524,68,32,69,14,183
5525,68,15,69,14,166
5528,66,35,64,19,184
5531,52,32,66,17,167
5534,64,34,68,17,183
5537,67,18,50,16,151
5538,69,33,82,18,202
5539,66,17,82,18,183
5541,51,33,67,16,167
5543,65,18,67,17,167
5544,66,34,66,16,182
5545,83,33,67,15,198
5546,67,33,67,15,182
5547,52,33,67,15,167
5548,67,33,84,16,200
5549,51,33,84,16,184
5550,50,16,84,16,166
5551,66,18,66,17,167
5553,65,19,66,15,165
5554,68,32,67,16,183
5555,68,16,67,16,167
5556,66,34,67,15,182
5557,51,34,67,15,167
5558,66,33,66,17,182
5561,50,34,66,17,167
5563,67,17,51,15,150
5564,66,34,65,19,184
5565,67,17,65,19,168
5567,51,32,67,17,167
5568,51,15,67,17,150
5569,82,34,50,18,184
5571,67,15,50,18,150
5572,67,34,67,16,184
5573,65,17,67,16,165
5574,68,34,67,16,185
5577,84,34,67,16,201
5578,67,34,67,16,184
5580,67,33,99,16,215
5582,83,18,100,15,216
5584,67,31,69,15,182
5587,99,19,65,16,199
5588,100,32,66,18,216
5589,84,32,66,18,200
5590,69,32,66,18,185
5593,84,33,68,16,201
5594,65,33,68,16,182
5595,66,17,68,16,167
5599,68,17,65,17,167
5600,68,32,68,16,184
5601,66,16,68,16,166
5602,67,33,51,17,168
5604,65,35,67,16,183
5605,66,18,67,16,167
5608,51,17,66,18,152
5610,67,32,68,16,183
5611,67,16,68,16,167
5613,50,33,51,17,151
5614,65,35,65,16,181
5615,65,19,65,16,165
5618,51,17,65,19,152
5620,65,33,69,16,183
5621,65,17,69,16,167
5622,65,35,65,19,184
5623,68,16,65,19,168
5625,52,34,65,17,168
5626,69,31,51,17,168
5629,68,15,68,15,166
5630,65,34,67,16,182
5631,66,17,67,16,166
5632,51,17,67,16,151
5633,65,18,66,17,166
5635,66,18,66,16,166
5637,67,17,65,17,166
5638,66,33,68,16,183
5640,50,16,68,16,150
5641,50,32,52,15,149
5642,65,36,65,18,184
5643,65,19,65,18,167
5644,68,31,66,20,185
5645,52,31,66,20,169
5646,52,15,66,20,153
5648,65,32,54,14,165
5652,52,14,69,15,150
5653,68,14,67,16,165
5654,54,14,67,16,151
5655,66,17,66,18,167
5657,64,17,52,15,148
5658,67,34,65,17,183
5661,69,15,68,16,168
5663,51,32,52,16,151
5664,65,36,65,16,182
5665,64,19,65,16,164
5666,68,32,66,17,183
5667,51,32,66,17,166
5668,52,16,66,17,151
5669,67,17,67,17,168
5671,65,17,68,16,166
5672,66,34,66,17,183
5673,67,17,66,17,167
5675,68,17,66,17,168
5677,67,16,51,16,150
5678,50,16,51,16,133
5679,66,17,66,17,166
5680,66,33,50,16,165
5681,67,16,50,16,149
5682,51,16,50,16,133
5684,66,33,67,17,183
5686,50,16,67,17,150
5687,67,16,67,17,167
5689,66,17,51,16,150
5690,50,17,51,16,134
5691,66,17,66,16,165
5693,68,16,68,14,166
5695,50,33,66,17,166
5697,49,35,66,18,168
5698,49,19,66,18,152
5699,65,17,53,15,150
5700,66,35,67,17,185
5703,52,33,67,16,168
5704,53,15,67,16,151
5705,51,34,65,22,172
5706,67,33,65,17,182
5707,66,16,65,17,164
5708,51,16,65,17,149
5709,67,16,66,19,168
5710,65,33,52,17,167
5712,54,11,52,17,134
5713,66,16,67,17,166
5715,63,17,65,16,161
5716,52,17,65,16,150
5717,52,31,67,16,166
5719,65,17,67,17,166
5721,83,34,67,16,200
5722,67,34,67,16,184
5723,50,34,67,16,167
5724,67,33,68,15,183
5729,66,18,65,17,166
5731,51,32,68,15,166
5732,66,33,69,15,183
5733,50,33,69,15,167
5736,68,34,65,16,183
5737,65,19,65,16,165
5738,69,30,69,17,185
5739,67,15,69,17,168
5741,67,17,67,16,167
5742,65,34,66,16,181
5743,50,34,66,16,166
5744,69,33,66,18,186
5746,67,33,51,16,167
5748,66,33,67,15,181
5751,68,16,73,7,164
5752,51,16,73,7,147
5753,51,33,65,19,168
5755,64,25,61,15,165
5756,73,25,51,19,168
5757,82,36,65,17,200
5758,65,36,65,17,183
5759,69,17,65,17,168
5760,61,34,64,17,176
5763,51,31,68,17,167
5765,67,16,52,16,151
5766,64,35,67,15,181
5767,67,18,67,15,167
5768,68,33,67,16,184
5769,51,33,67,16,167
5770,52,16,67,16,151
5773,65,18,83,15,181
5774,67,33,65,17,182
5778,83,15,53,17,168
5783,68,17,63,18,166
5784,53,17,63,18,151
5785,53,30,85,17,185
5786,53,12,85,17,167
5787,66,14,52,17,149
5788,63,35,85,16,199
5789,63,17,85,16,181
5791,66,17,84,16,183
5792,52,17,84,16,169
5793,51,33,116,18,218
5794,67,34,100,17,218
5795,84,33,67,17,201
5796,84,16,67,17,184
5797,67,16,67,17,167
5798,99,35,99,16,249
5799,98,18,99,16,231
5800,100,32,67,16,215
5801,83,32,67,16,198
5802,67,32,67,16,182
5803,52,32,67,16,167
5804,102,32,83,17,234
5805,100,17,83,17,217
5806,99,34,66,17,216
5807,82,34,66,17,199
5808,67,34,66,17,184
5809,115,34,66,18,233
5811,100,17,66,18,201
5813,67,17,66,18,168
5816,84,16,66,17,183
5817,67,16,66,17,166
5818,66,34,68,14,182
5819,67,16,68,14,165
5820,52,16,68,14,150
5821,66,16,68,17,167
5823,65,19,65,18,167
5824,68,32,68,15,183
5826,50,18,68,15,151
5827,68,16,50,17,151
5828,65,35,66,16,182
5829,69,17,66,16,168
5830,68,32,68,17,185
5831,66,17,68,17,168
5832,50,17,68,17,152
5834,66,34,65,16,181
5835,51,34,65,16,166
5836,68,32,66,17,183
5840,65,33,69,16,183
5842,66,34,68,14,182
5843,50,34,68,14,166
5844,50,17,68,14,149
5845,51,35,82,17,185
5846,69,33,66,16,184
5848,51,17,66,16,150
5849,52,32,67,15,166
5850,65,34,68,16,183
5854,67,35,65,16,183
5856,68,30,68,16,182
5857,52,30,68,16,166
5858,51,14,68,16,149
5859,50,35,66,16,167
5860,65,33,66,16,180
5861,65,17,66,16,164
5862,68,33,66,18,185
5863,64,17,66,18,165
5864,66,33,67,18,184
5865,66,17,67,18,168
5866,66,33,52,16,167
5867,66,17,52,16,151
5868,66,34,68,15,183
5869,68,16,68,15,167
5870,67,34,67,17,185
5871,69,16,67,17,169
5872,52,16,67,17,152
5874,51,17,65,17,150
5875,65,18,67,16,166
5876,67,32,51,16,166
5877,67,15,51,16,149
5880,67,32,67,17,183
5881,66,16,67,17,166
5882,51,16,67,17,151
5883,50,35,65,17,167
5884,67,32,67,16,182
5885,51,32,67,16,166
5886,67,33,67,17,184
5888,65,34,67,16,182
5889,66,17,67,16,166
5890,67,33,67,15,182
5891,66,17,67,15,165
5892,50,17,67,15,149
5893,67,17,66,17,167
5894,50,17,66,17,150
5896,67,33,51,21,172
5897,65,18,51,21,155
5898,66,37,64,21,188
5899,67,20,64,21,172
5900,70,35,66,15,186
5901,55,35,66,15,171
5902,51,21,66,15,153
5903,55,29,64,19,167
5904,64,37,79,18,198
5905,71,16,79,18,184
5906,66,27,70,14,177
5907,56,27,70,14,167
5909,62,16,65,19,162
5910,62,35,66,15,178
5911,64,18,66,15,163
5912,52,18,66,15,151
5914,65,36,65,18,184
5918,51,16,52,16,135
5919,67,15,84,17,183
5920,50,15,84,17,166
5922,52,16,67,17,152
5923,64,19,68,16,167
5924,68,33,67,16,184
5926,67,35,64,16,182
5927,52,35,64,16,167
5928,68,32,66,16,182
5930,51,16,66,16,149
5931,50,32,66,18,166
5935,66,16,69,14,165
5936,66,34,67,16,183
5937,68,16,67,16,167
5938,66,35,65,17,183
5941,51,32,67,16,166
5942,67,33,50,16,166
5945,68,17,70,15,170
5946,67,32,53,16,168
5947,67,16,53,16,152
5948,50,16,53,16,135
5949,67,20,63,18,168
5951,54,31,64,17,166
5952,53,16,64,17,150
5953,51,32,67,16,166
5954,63,32,68,18,181
5956,64,35,67,17,183
5957,64,18,67,17,166
5959,65,17,67,16,165
5960,51,17,67,16,151
5961,69,16,66,18,169
5962,67,33,66,16,182
5963,68,16,66,16,166
5964,51,16,66,16,149
5967,67,15,66,18,166
5970,67,32,67,17,183
5971,65,16,67,17,165
5973,68,17,65,18,168
5974,50,17,65,18,150
5976,67,33,68,18,186
5978,65,34,67,17,183
5979,67,16,67,17,167
5980,81,20,67,18,186
5981,64,20,67,18,169
5982,68,33,83,18,202
5983,68,15,83,18,184
5985,53,34,67,16,170
5986,50,17,67,16,150
5987,67,15,83,17,182
5988,83,18,66,17,184
5989,66,18,66,17,167
5990,67,34,99,16,216
5992,83,17,83,17,200
5993,84,34,66,17,201
5994,66,34,66,17,183
5995,50,34,66,17,167
5996,66,33,82,18,199
5997,100,17,67,16,200
