序号,发送->接收,接收->转发,转发->接收,接收->处理,总计
2,58,33,51,15,157
3,50,33,51,15,149
4,51,16,51,15,133
5,67,17,81,17,182
7,51,31,67,22,171
8,51,15,67,22,155
9,86,29,66,18,199
11,65,17,66,18,166
12,67,33,51,17,168
13,72,11,51,17,151
14,51,11,51,17,130
16,66,35,65,18,184
17,62,17,65,18,162
20,67,33,67,16,183
21,66,16,67,16,165
22,65,36,64,17,182
23,50,36,64,17,167
24,51,18,64,17,150
25,52,31,50,18,151
26,67,33,67,18,185
27,65,17,67,18,167
30,50,18,82,16,166
31,52,32,84,17,185
33,68,17,66,18,169
35,65,16,67,17,165
36,84,17,66,16,183
39,51,32,68,16,167
40,67,34,68,16,185
41,66,17,68,16,167
42,66,34,50,21,171
43,64,18,50,21,153
44,68,34,55,14,171
45,67,18,55,14,154
46,50,18,55,14,137
47,52,37,63,16,168
48,50,21,63,16,150
49,55,32,81,15,183
50,55,14,81,15,165
52,63,34,65,17,179
53,61,18,65,17,161
55,68,15,51,17,151
56,65,34,67,17,183
57,66,17,67,17,167
58,65,34,83,15,197
59,66,17,83,15,181
61,84,34,67,16,201
64,67,31,52,15,165
66,65,36,65,18,184
67,66,18,65,18,167
68,67,31,52,16,166
70,52,15,52,16,135
71,83,34,67,17,201
73,67,16,67,17,167
74,52,16,67,17,152
75,66,17,67,17,167
76,68,33,65,18,184
77,66,17,65,18,166
78,67,34,82,16,199
80,67,31,67,17,182
81,51,31,67,17,166
83,66,17,64,19,166
86,51,16,51,18,136
87,66,15,71,14,166
89,67,18,81,18,184
90,51,18,81,18,168
91,52,34,65,15,166
92,71,31,83,18,203
94,65,34,67,15,181
95,83,33,68,16,200
97,66,18,68,16,168
100,67,34,82,18,201
101,52,34,82,18,186
102,68,32,68,15,183
103,52,32,68,15,167
106,65,35,64,19,183
107,66,18,64,19,167
108,68,31,68,17,184
109,52,31,68,17,168
110,66,33,52,14,165
111,66,16,52,14,148
112,64,35,82,18,199
115,51,31,69,17,168
117,66,16,51,17,150
118,66,34,66,17,183
119,65,18,66,17,166
120,51,18,66,17,152
121,67,17,65,18,167
123,52,32,85,16,185
127,50,35,82,17,184
128,68,33,66,17,184
129,68,16,66,17,167
130,68,33,66,17,184
131,65,18,66,17,166
132,66,33,68,16,183
133,82,33,83,18,216
135,51,33,83,18,185
136,66,35,66,17,184
137,50,35,66,17,168
138,68,31,52,15,166
140,66,35,66,17,184
141,66,18,66,17,167
142,66,32,51,16,165
143,50,32,51,16,149
144,52,15,51,16,134
146,66,33,67,18,184
151,67,16,66,16,165
152,67,34,66,18,185
153,51,34,66,18,169
154,50,16,66,18,150
156,66,34,85,16,201
157,64,18,85,16,183
158,66,35,66,17,184
159,51,35,66,17,169
161,53,33,82,16,184
162,85,16,65,17,183
163,67,16,65,17,165
164,66,33,67,16,182
165,52,33,67,16,168
166,66,32,69,16,183
167,81,35,82,16,214
169,65,18,82,16,181
170,67,34,64,18,183
171,67,18,64,18,167
172,69,32,66,16,183
173,52,32,66,16,166
175,66,16,68,15,165
176,64,34,67,16,181
177,66,16,67,16,165
181,65,18,66,19,168
182,67,34,84,16,201
183,67,18,84,16,185
185,68,16,68,17,169
186,66,35,65,18,184
189,68,16,84,16,184
190,68,32,68,16,184
191,66,15,68,16,165
192,65,35,82,17,199
193,66,17,82,17,182
194,67,33,66,17,183
196,52,16,66,17,151
198,67,32,66,19,184
199,65,17,66,19,167
201,67,16,52,16,151
203,68,15,68,17,168
204,66,35,50,17,168
205,68,16,50,17,151
206,52,16,50,17,135
207,67,16,67,17,167
208,68,34,64,19,185
209,66,17,64,19,166
210,50,17,64,19,150
211,83,31,86,16,216
212,67,31,86,16,200
214,64,34,68,16,182
216,65,36,64,18,183
220,52,16,67,17,152
221,51,32,52,15,150
223,66,17,83,17,183
224,67,32,68,15,182
225,51,32,68,15,166
226,52,15,68,15,150
228,65,35,67,17,184
229,66,17,67,17,167
231,51,33,65,18,167
232,68,34,66,16,184
234,67,31,85,16,199
235,52,31,85,16,184
237,49,35,66,18,168
239,65,16,52,14,147
241,67,16,67,16,166
242,66,32,67,19,184
243,68,14,67,19,168
245,67,16,67,16,166
246,67,32,83,21,203
247,65,16,83,21,185
249,67,16,69,15,167
251,51,32,52,16,151
254,69,31,67,17,184
255,53,31,67,17,168
256,52,16,67,17,152
257,52,32,52,15,151
258,63,35,82,18,198
260,50,17,82,18,167
263,65,17,51,17,150
264,65,35,66,16,182
265,65,18,66,16,165
267,52,33,67,16,168
269,51,33,67,16,167
270,66,34,65,16,181
271,66,18,65,16,165
272,67,33,82,17,199
274,50,17,82,17,166
277,65,18,66,17,166
278,66,33,67,16,182
280,50,17,67,16,150
281,51,33,84,16,184
282,66,34,66,17,183
283,67,17,66,17,167
284,50,17,66,17,150
285,51,33,85,15,184
289,67,18,65,18,168
290,68,32,84,17,201
293,50,33,68,15,166
294,65,34,83,18,200
295,66,16,83,18,183
296,67,34,67,15,183
297,67,17,67,15,166
298,68,34,65,16,183
299,50,34,65,16,165
301,66,18,67,16,167
302,67,32,68,16,183
303,52,32,68,16,168
306,67,33,67,14,181
309,52,33,65,18,168
310,66,34,65,17,182
311,66,18,65,17,166
312,67,31,83,18,199
313,51,31,83,18,183
314,65,34,67,18,184
315,67,16,67,18,168
318,51,16,52,15,134
319,65,18,67,16,166
320,67,33,67,18,185
321,68,15,67,18,168
322,52,15,67,18,152
324,67,33,50,16,166
325,65,17,50,16,148
326,50,17,50,16,133
327,69,16,67,16,168
328,51,16,67,16,150
329,51,32,51,16,150
331,65,18,66,18,167
333,51,32,52,16,151
334,51,16,52,16,135
335,50,34,83,16,183
337,68,16,65,17,166
339,66,16,83,17,182
343,66,17,66,17,166
344,67,33,50,18,168
345,83,33,67,18,201
346,67,33,67,18,185
347,66,17,67,18,168
348,66,35,82,17,200
350,50,18,82,17,167
351,52,32,67,16,167
354,66,33,66,18,183
355,65,17,66,18,166
358,66,33,85,16,200
360,66,34,67,16,183
362,51,16,67,16,150
365,67,16,66,17,166
366,51,16,66,17,150
367,50,33,66,18,167
369,66,16,67,17,166
372,66,34,66,17,183
373,67,16,66,17,166
374,51,16,66,17,150
375,67,16,66,17,166
376,67,33,67,16,183
377,65,17,67,16,165
378,66,33,68,16,183
381,67,17,84,16,184
382,67,34,66,17,184
385,51,32,51,17,151
386,66,34,68,16,184
390,51,17,50,16,134
393,51,32,68,15,166
394,50,16,68,15,149
397,67,17,66,16,166
398,51,17,66,16,150
401,64,19,66,17,166
402,66,33,84,16,199
403,51,33,84,16,184
404,66,33,67,17,183
405,52,33,67,17,169
406,66,33,68,16,183
407,67,16,68,16,167
409,68,16,67,16,167
410,51,16,67,16,150
412,68,33,65,18,184
413,66,17,65,18,166
415,66,17,84,16,183
416,66,32,68,16,182
417,66,16,68,16,166
418,65,36,66,15,182
419,67,18,66,15,166
420,68,32,68,16,184
421,68,16,68,16,168
422,68,34,67,17,186
424,66,34,81,17,198
425,50,34,81,17,182
427,52,33,65,18,168
429,52,36,63,16,167
430,69,29,68,16,182
431,65,17,68,16,166
433,66,16,67,16,165
434,63,34,66,17,180
435,67,18,66,17,168
437,66,17,82,18,183
438,50,17,82,18,167
439,67,17,67,17,168
442,65,35,66,16,182
444,67,33,92,12,204
445,67,16,92,12,187
446,52,16,92,12,172
447,51,33,59,12,155
448,66,33,70,19,188
450,66,38,65,17,186
451,75,12,65,17,169
453,55,32,85,16,188
456,51,14,68,17,150
457,66,19,83,16,184
460,68,30,70,16,184
461,51,30,70,16,167
462,83,16,85,15,199
463,67,16,85,15,183
464,67,33,67,17,184
467,65,19,82,17,183
468,68,32,67,17,184
469,68,15,67,17,167
470,67,32,52,17,168
471,51,32,52,17,152
472,64,35,68,15,182
473,65,17,68,15,165
474,67,34,64,18,183
475,50,34,64,18,166
476,52,17,64,18,151
477,65,20,83,14,182
478,68,30,53,14,165
479,66,15,53,14,148
480,64,35,65,19,183
482,65,32,52,17,166
483,68,14,52,17,151
484,53,14,52,17,136
485,67,15,69,15,166
486,65,36,85,15,201
488,52,17,85,15,169
490,69,32,84,17,202
492,65,35,66,15,181
493,70,15,66,15,166
494,52,15,66,15,148
495,52,31,68,15,166
497,64,17,67,15,163
499,50,33,66,18,167
500,68,34,65,18,185
502,67,32,51,16,166
503,52,32,51,16,151
504,66,33,67,17,183
506,65,34,67,16,182
508,51,16,67,16,150
509,82,34,51,15,182
511,66,17,51,15,149
514,66,34,67,17,184
515,68,15,67,17,167
516,51,15,67,17,150
517,67,18,67,14,166
518,69,32,82,18,201
519,65,17,82,18,182
523,66,18,82,17,183
524,67,33,66,17,183
525,65,18,66,17,166
526,65,34,66,17,182
527,66,19,66,17,168
528,67,32,67,16,182
529,67,17,67,16,167
531,68,17,84,16,185
532,66,33,67,16,182
533,68,16,67,16,167
534,51,16,67,16,150
536,68,32,69,14,183
538,51,16,69,14,150
539,51,34,67,16,168
541,67,18,66,15,166
542,69,32,83,16,200
544,67,34,65,16,182
545,66,18,65,16,165
546,66,31,66,18,181
548,65,34,66,16,181
552,66,34,52,16,168
553,66,16,52,16,150
554,66,36,80,19,201
555,66,20,80,19,185
556,70,32,67,14,183
558,52,16,67,14,149
559,52,34,65,18,169
560,80,19,66,15,180
563,52,32,67,16,167
565,51,34,66,16,167
566,66,33,69,13,181
567,52,33,69,13,167
568,67,33,67,16,183
569,65,17,67,16,165
570,66,36,65,16,183
571,51,36,65,16,168
574,67,34,65,18,184
575,67,18,65,18,168
576,65,31,52,16,164
577,52,31,52,16,151
578,65,34,66,19,184
579,68,15,66,19,168
581,67,16,67,16,166
582,52,16,67,16,151
583,66,15,69,15,165
584,66,35,83,17,201
587,66,18,66,16,166
588,69,33,82,17,201
589,65,18,82,17,182
590,67,33,66,14,180
591,67,17,66,14,164
594,67,32,51,17,167
595,66,17,51,17,151
596,66,35,82,16,199
597,64,21,82,16,183
598,67,33,65,17,182
599,52,33,65,17,167
600,51,17,65,17,150
601,54,32,66,17,169
603,66,16,67,17,166
604,65,33,51,16,165
605,66,16,51,16,149
606,66,34,83,18,201
607,66,17,83,18,184
608,67,33,68,17,185
609,67,16,68,17,168
610,51,16,68,17,152
612,67,34,66,17,184
613,66,18,66,17,167
614,68,34,66,17,185
615,50,34,66,17,167
616,51,17,66,17,151
619,66,17,83,16,182
620,66,33,66,17,182
622,51,16,66,17,150
624,67,32,68,16,183
626,66,36,64,18,184
627,51,36,64,18,169
628,68,32,50,16,166
630,68,32,51,16,167
631,67,16,51,16,150
632,64,34,82,18,198
633,67,16,82,18,183
636,51,16,67,16,150
638,66,34,82,18,200
639,83,34,66,17,200
640,67,34,66,17,184
641,50,34,66,17,167
642,68,32,51,17,168
643,52,32,51,17,152
645,66,18,66,17,167
646,66,34,65,18,183
647,67,17,65,18,167
649,52,32,51,17,152
650,66,33,69,16,184
653,67,17,83,16,183
655,51,34,65,17,167
656,69,33,66,16,184
658,50,17,66,16,149
660,65,34,66,16,181
661,66,17,66,16,165
662,66,36,64,17,183
666,66,34,67,15,182
667,66,18,67,15,166
668,64,34,83,16,197
669,51,34,83,16,184
672,67,33,65,17,182
674,66,33,67,16,182
676,66,32,51,17,166
677,51,32,51,17,151
678,65,35,84,15,199
679,65,18,84,15,182
680,67,33,66,18,184
684,66,33,67,16,182
686,66,34,67,16,183
687,68,16,67,16,167
688,51,16,67,16,150
690,67,34,67,16,184
691,65,18,67,16,166
692,67,33,67,14,181
693,51,33,67,14,165
694,50,17,67,14,148
695,68,17,67,15,167
698,67,34,65,16,182
699,64,20,65,16,165
700,67,32,66,18,183
701,51,32,66,18,167
702,66,33,51,17,167
703,68,17,51,17,153
705,66,17,67,16,166
707,68,17,67,16,168
708,51,17,67,16,151
709,52,32,85,17,186
710,67,35,67,14,183
714,67,35,82,16,200
717,51,33,65,18,167
718,68,33,66,16,183
719,66,17,66,16,165
720,66,32,84,16,198
721,68,16,84,16,184
722,65,34,66,18,183
723,67,16,66,18,167
724,66,33,51,17,167
725,50,33,51,17,151
726,67,33,66,18,184
728,66,35,65,16,182
729,68,17,65,16,166
730,51,17,65,16,149
731,51,31,84,18,184
732,66,34,68,17,185
734,65,34,83,16,198
735,65,18,83,16,182
737,66,18,65,16,165
738,68,33,65,19,185
739,52,33,65,19,169
741,67,16,52,15,150
742,65,33,68,15,181
743,64,17,68,15,164
744,65,34,67,16,182
745,68,15,67,16,166
746,52,15,67,16,150
747,51,34,83,18,186
748,68,33,68,14,183
749,64,18,68,14,164
751,66,18,66,15,165
753,68,18,66,16,168
754,68,32,50,16,166
755,52,32,50,16,150
757,65,19,83,17,184
758,66,32,68,16,182
759,52,32,68,16,168
760,50,16,68,16,150
761,51,33,68,17,169
762,65,35,82,17,199
764,68,33,66,16,183
766,68,33,66,18,185
768,66,33,51,16,166
769,66,17,51,16,150
770,66,33,68,16,183
771,65,17,68,16,166
772,66,34,67,16,183
774,51,16,67,16,150
776,68,33,66,17,184
777,66,17,66,17,166
778,67,33,50,17,167
779,49,33,50,17,149
780,66,33,66,19,184
783,50,34,68,16,168
784,50,17,68,16,151
785,82,36,81,17,216
786,66,36,81,17,200
787,68,17,81,17,183
788,68,31,67,16,182
789,51,31,67,16,165
790,52,15,67,16,150
791,65,17,82,18,182
793,65,17,67,16,165
794,67,33,67,17,184
795,66,17,67,17,167
796,66,34,85,16,201
797,84,33,68,15,200
798,67,33,68,15,183
800,67,33,83,18,201
801,68,16,83,18,185
803,69,16,66,17,168
804,52,16,66,17,151
805,51,32,51,15,149
806,67,34,67,16,184
808,66,32,51,17,166
809,51,32,51,17,151
810,51,15,51,17,134
812,67,33,83,17,200
814,51,17,83,17,168
816,67,32,67,18,184
817,66,17,67,18,168
818,66,34,66,18,184
819,68,17,66,18,169
820,66,33,51,17,167
822,67,33,83,18,201
823,68,15,83,18,184
825,67,17,66,15,165
826,51,17,66,15,149
827,65,18,66,16,165
828,68,33,82,19,202
830,66,33,68,14,181
831,51,33,68,14,166
832,66,33,85,15,199
833,51,33,85,15,184
836,68,32,67,17,184
837,52,32,67,17,168
839,69,15,68,15,167
840,50,15,68,15,148
843,66,17,64,18,165
844,51,17,64,18,150
845,51,31,51,17,150
847,65,16,68,17,166
848,64,35,67,16,182
850,51,17,67,16,151
851,51,33,50,16,150
852,68,34,83,16,201
854,50,17,83,16,166
855,66,16,67,17,166
858,67,32,67,16,182
859,67,16,67,16,166
860,67,34,66,17,184
861,65,17,66,17,165
862,66,33,84,17,200
863,66,17,84,17,184
864,67,33,68,15,183
866,66,35,66,17,184
867,67,18,66,17,168
868,68,33,66,16,183
870,51,17,66,16,150
871,51,33,66,17,167
872,66,33,50,19,168
873,50,33,50,19,152
875,67,17,83,17,184
876,66,36,64,18,184
877,66,19,64,18,167
879,53,30,84,27,194
881,66,17,77,9,169
883,50,34,68,17,169
885,94,25,66,17,202
887,59,25,66,17,167
888,68,34,83,16,201
889,52,34,83,16,185
891,67,15,67,19,168
893,66,16,53,17,152
894,83,16,83,18,200
897,69,17,65,16,167
898,53,17,65,16,151
902,65,33,66,17,181
903,51,33,66,17,167
904,66,33,85,15,199
905,67,17,85,15,184
906,66,33,67,18,184
908,66,32,53,17,168
913,50,35,66,16,167
914,53,17,66,16,152
915,64,19,65,17,165
916,68,33,82,18,201
917,66,17,82,18,183
921,66,16,84,18,184
922,65,35,67,17,184
923,66,18,67,17,168
925,51,32,52,16,151
926,67,35,66,17,185
927,67,18,66,17,168
928,67,33,66,16,182
929,52,33,66,16,167
930,52,16,66,16,150
931,68,16,66,18,168
932,66,33,68,15,182
935,65,17,67,16,165
936,66,35,64,19,184
939,52,32,83,17,184
940,67,32,68,16,183
942,64,35,84,15,198
944,67,33,66,17,183
945,67,17,66,17,167
946,68,34,67,16,185
948,67,32,68,15,182
949,68,15,68,15,166
950,66,35,83,17,201
951,50,35,83,17,185
954,68,34,82,17,201
955,66,19,82,17,184
956,67,33,66,16,182
957,67,17,66,16,166
958,67,33,66,17,183
960,66,33,83,16,198
962,66,33,66,16,181
963,66,17,66,16,165
964,66,33,67,16,182
965,67,16,67,16,166
966,50,16,67,16,149
967,67,16,67,18,168
968,66,34,51,17,168
969,65,18,51,17,151
970,67,33,67,16,183
971,66,17,67,16,166
973,51,35,83,16,185
974,51,17,83,16,167
978,65,34,66,16,181
980,67,33,68,16,184
983,65,17,51,17,150
984,66,35,66,16,183
986,68,33,83,16,200
989,52,33,66,18,169
990,66,33,65,18,182
991,66,17,65,18,166
992,66,33,67,16,182
993,66,16,67,16,165
994,66,32,51,17,166
995,68,14,51,17,150
996,65,35,69,13,182
999,65,17,84,16,182
1001,66,20,64,17,167
1002,69,31,67,16,183
1003,53,31,67,16,167
1005,84,34,67,16,201
1006,64,34,67,16,181
1007,51,34,67,16,168
1008,67,32,85,17,201
1010,66,35,67,16,184
1012,67,33,65,19,184
1013,51,33,65,19,168
1014,68,34,65,16,183
1015,68,17,65,16,166
1016,67,31,83,19,200
1017,67,15,83,19,184
1018,65,34,68,17,184
1019,67,15,68,17,167
1020,65,33,52,16,166
1022,67,35,65,18,185
1023,64,19,65,18,166
1024,68,33,67,16,184
1025,52,33,67,16,168
1026,52,16,67,16,151
1027,52,32,51,17,152
1028,65,35,50,14,164
1029,66,17,50,14,147
1030,67,33,67,16,183
1031,68,17,67,16,168
1032,51,17,67,16,151
1033,67,14,52,17,150
1034,50,14,52,17,133
1035,67,17,66,16,166
1036,50,17,66,16,149
1037,66,17,66,16,165
1038,52,17,66,16,151
1039,65,18,83,17,183
1040,66,33,67,17,183
1041,66,17,67,17,167
1042,66,32,52,15,165
1043,67,16,52,15,150
1046,67,32,67,18,184
1048,52,15,67,18,152
1049,83,33,67,18,201
1051,65,17,67,18,167
1052,67,33,52,15,167
1053,68,15,52,15,150
1054,51,15,52,15,133
1055,67,17,84,16,184
1056,67,33,67,17,184
1057,67,15,67,17,166
1061,82,33,67,16,198
1062,67,33,67,16,183
1064,66,34,85,15,200
1066,67,33,67,17,184
1068,67,33,67,16,183
1069,50,33,67,16,166
1070,66,34,67,17,184
1071,69,15,67,17,168
1072,52,15,67,17,151
1074,67,34,83,16,200
1075,64,18,83,16,181
1076,67,32,67,17,183
1078,51,15,67,17,150
1079,50,34,67,18,169
1080,66,33,52,15,166
1082,67,34,83,16,200
1083,49,34,83,16,182
1084,67,33,66,17,183
1085,50,33,66,17,166
1086,52,15,66,17,150
1087,50,33,68,16,167
1088,66,33,69,15,183
1090,66,35,67,16,184
1094,69,33,82,18,202
1095,52,33,82,18,185
1096,67,33,67,16,183
1098,66,32,68,16,182
1101,66,18,66,17,167
1102,67,33,50,16,166
1103,66,17,50,16,149
1104,68,33,84,16,201
1105,67,17,84,16,184
1106,66,33,67,16,182
1107,67,16,67,16,166
1108,50,16,67,16,149
1109,67,16,67,17,167
1110,84,16,67,17,184
1113,50,33,51,15,149
1114,67,34,67,16,184
1115,66,17,67,16,166
1116,50,17,67,16,150
1117,68,15,83,17,183
1119,66,18,65,18,167
1120,67,32,51,16,166
1121,66,16,51,16,149
1122,67,33,67,17,184
1123,66,17,67,17,167
1124,65,34,66,17,182
1125,67,16,66,17,166
1126,51,16,66,17,150
1128,67,33,67,17,184
1129,66,16,67,17,166
1130,66,33,67,18,184
1133,67,16,66,19,168
1134,67,33,52,15,167
1135,50,33,52,15,150
1137,67,15,85,16,183
1139,68,15,67,18,168
1140,52,15,67,18,152
1142,68,33,83,17,201
1143,66,16,83,17,182
1144,67,34,66,16,183
1145,51,34,66,16,167
1146,67,32,68,16,183
1147,65,17,68,16,166
1154,50,17,66,17,150
1157,67,16,52,15,150
1158,66,33,67,17,183
1159,65,16,67,17,165
1160,51,16,67,17,151
1161,68,15,65,18,166
1164,67,32,53,16,168
1168,66,35,66,16,183
1171,51,32,50,16,149
1173,66,16,67,17,166
1176,50,16,52,15,133
1177,67,16,67,16,166
1178,67,32,51,17,167
1179,51,32,51,17,151
1180,52,15,51,17,135
1182,67,33,66,16,182
1183,66,17,66,16,165
1185,51,32,85,16,184
1187,67,16,67,17,167
1189,50,34,66,17,167
1191,67,16,66,17,166
1192,67,33,66,18,184
1193,51,33,66,18,168
1195,66,16,84,17,183
1196,66,33,68,17,184
1197,66,16,68,17,167
1198,66,34,51,17,168
1199,67,16,51,17,151
1201,67,17,51,17,152
1202,68,34,66,17,185
1203,67,17,66,17,167
1204,51,17,66,17,151
1205,51,34,82,16,183
1206,51,17,82,16,166
1208,66,33,83,17,199
1209,66,16,83,17,182
1210,65,33,67,17,182
1211,68,16,67,17,168
1213,66,17,67,16,166
1216,67,34,65,17,183
1217,50,34,65,17,166
1218,67,32,84,17,200
1219,67,16,84,17,184
1220,66,33,68,16,183
1221,66,16,68,16,166
1223,66,18,66,17,167
1224,68,33,82,18,201
1225,67,17,82,18,184
1226,68,33,67,17,185
1228,66,33,85,16,200
1229,67,16,85,16,184
1230,66,34,67,17,184
1231,66,18,67,17,168
1232,67,34,66,16,183
1233,67,17,66,16,166
1235,69,16,65,17,167
1236,67,33,83,16,199
1239,65,16,67,17,165
1240,65,35,67,16,183
1242,67,32,67,17,183
1243,67,16,67,17,167
1244,67,35,65,17,184
1245,67,18,65,17,167
1246,67,32,84,16,199
1247,51,32,84,16,183
1249,67,16,67,17,167
1250,65,33,68,15,181
1251,66,16,68,15,165
1252,66,34,68,15,183
1253,67,16,68,15,166
1257,65,19,65,16,165
1258,68,32,68,15,183
1259,66,17,68,15,166
1260,66,33,83,20,202
1263,66,19,68,13,166
1264,68,33,67,16,184
1265,51,33,67,16,167
1266,68,35,64,17,184
1267,67,20,64,17,168
1268,68,32,84,14,198
1269,53,32,84,14,183
1270,67,32,66,18,183
1273,51,33,51,16,151
1274,65,33,67,18,183
1277,67,16,51,16,150
1278,51,16,51,16,134
1281,67,16,83,16,182
1283,51,33,66,17,167
1284,67,34,84,16,201
1285,66,17,84,16,183
1286,67,32,68,16,183
1287,67,16,68,16,167
1288,66,34,67,16,183
1289,66,17,67,16,166
1293,51,33,68,16,168
1297,67,18,66,16,167
1298,68,31,51,16,166
1299,52,31,51,16,150
1300,83,17,66,16,182
1301,67,17,66,16,166
1302,66,32,85,16,199
1303,50,32,85,16,183
1304,51,16,85,16,168
1306,66,33,50,17,166
1307,66,17,50,17,150
1309,69,16,66,16,167
1310,67,33,66,18,184
1311,51,33,66,18,168
1316,66,49,69,17,201
1317,67,31,69,17,184
1318,51,31,69,17,168
1319,66,19,67,16,168
1322,69,17,83,16,185
1323,64,17,83,16,180
1325,66,16,67,16,165
1327,65,19,65,17,166
1328,67,32,68,16,183
1330,67,33,51,17,168
1331,51,33,51,17,152
1332,65,35,67,16,183
1335,52,33,82,18,185
1336,51,17,82,18,168
1337,69,16,66,17,168
1338,67,32,51,16,166
1339,51,32,51,16,150
1340,50,16,51,16,133
1341,64,18,66,16,164
1343,67,16,66,18,167
1344,51,16,66,18,151
1346,66,33,68,15,182
1347,65,17,68,15,165
1348,66,35,83,16,200
1349,67,17,83,16,183
1350,51,17,83,16,167
1352,51,17,66,16,150
1354,65,34,84,16,199
1355,83,32,68,16,199
1356,66,32,68,16,182
1357,67,16,68,16,167
1359,65,16,69,17,167
1360,65,35,51,16,167
1361,68,16,51,16,151
1362,68,34,66,16,184
1364,69,33,82,19,203
1366,51,16,82,19,168
1367,51,33,68,16,168
1368,66,32,52,15,165
1369,65,16,52,15,148
1371,66,19,65,16,166
1373,52,31,66,18,167
1374,52,15,66,18,151
1375,68,16,67,17,168
1376,65,32,52,16,165
1378,66,35,66,16,183
1379,66,17,66,16,165
1380,67,33,68,14,182
1381,51,33,68,14,166
1382,52,16,68,14,150
1384,66,35,66,15,182
1385,65,19,66,15,165
1386,68,32,83,17,200
1388,67,34,66,19,186
1389,51,34,66,19,170
1391,52,33,52,17,154
1392,67,33,68,15,183
1393,66,17,68,15,166
1394,66,36,64,17,183
1395,51,36,64,17,168
1396,52,17,64,17,150
1397,53,32,65,15,165
1398,68,32,84,16,200
1399,64,17,84,16,181
1400,64,33,67,17,181
1402,65,34,84,16,199
1403,65,19,84,16,184
1405,67,16,67,17,167
1407,52,33,51,17,153
1408,66,34,83,17,200
1409,83,34,66,17,200
1410,67,34,66,17,184
1411,67,17,66,17,167
1412,51,17,66,17,151
1413,66,16,51,17,150
1414,66,34,82,19,201
1415,83,34,67,16,200
1416,66,34,67,16,183
1418,51,17,67,16,151
1419,51,32,51,17,151
1421,84,33,66,16,199
1422,67,33,66,16,182
1423,51,33,66,16,166
1424,51,17,66,16,150
1428,66,34,65,17,182
1429,49,34,65,17,165
1430,69,32,68,17,186
1431,67,16,68,17,168
1432,66,33,52,16,167
1433,68,15,52,16,151
1434,65,35,82,16,198
1436,68,33,65,19,185
1438,52,16,65,19,152
1440,65,33,68,16,182
1441,65,16,68,16,165
1442,65,35,84,16,200
1443,68,16,84,16,184
1444,52,16,84,16,168
1446,68,32,51,17,168
1447,65,16,51,17,149
1448,65,35,86,14,200
1449,69,16,86,14,185
1451,51,33,67,17,168
1453,83,33,84,16,216
1454,67,33,84,16,200
1455,70,14,84,16,184
1456,67,33,67,17,184
1457,51,33,67,17,168
1460,67,33,67,15,182
1461,67,16,67,15,165
1462,67,32,68,16,183
1464,65,35,82,16,198
1465,65,18,82,16,181
1469,51,34,83,16,184
1471,67,16,68,16,167
1475,84,34,83,17,218
1477,51,34,83,17,185
1478,50,18,83,17,168
1480,67,33,83,16,199
1481,51,33,83,16,183
1482,66,34,65,16,181
1483,66,17,65,16,164
1484,67,33,66,17,183
1487,66,16,51,16,149
1488,65,34,83,16,198
1489,65,18,83,16,182
1490,66,33,66,18,183
1491,67,16,66,18,167
1492,51,16,66,18,151
1493,51,33,51,17,152
1494,66,33,52,16,167
1495,66,16,52,16,150
1496,66,35,66,16,183
1497,67,17,66,16,166
1499,51,33,83,16,183
1500,52,16,83,16,167
1501,66,17,66,18,167
1502,66,33,51,17,167
1503,65,17,51,17,150
1505,67,16,69,16,168
1507,68,17,65,17,167
1508,51,17,65,17,150
1509,67,18,81,18,184
1512,50,15,68,17,150
1513,66,17,51,19,153
1514,65,34,66,17,182
1515,65,18,66,17,166
1516,68,36,63,17,184
1518,51,19,63,17,150
1520,66,33,83,18,200
1521,66,16,83,18,183
1523,66,17,67,16,166
1524,50,17,67,16,150
1525,66,17,83,17,183
1526,67,34,66,16,183
1528,67,33,66,18,184
1529,51,33,66,18,168
1531,67,17,51,16,151
1533,66,17,67,16,166
1534,66,34,84,14,198
1535,68,16,84,14,182
1536,51,16,84,14,165
1538,67,35,65,18,185
1540,68,30,53,15,166
1542,65,35,67,16,183
1543,49,35,67,16,167
1544,65,33,84,15,197
1545,67,15,84,15,181
1546,53,15,84,15,167
1548,51,16,65,17,149
1549,65,18,65,18,166
1550,68,31,52,17,168
1552,65,34,67,17,183
1553,66,17,67,17,167
1554,65,35,65,18,183
1556,52,17,65,18,152
1557,52,32,67,16,167
1558,67,33,50,18,168
1560,65,34,66,17,182
1561,67,16,66,17,166
1563,66,18,82,16,182
1564,50,18,82,16,166
1565,50,32,66,17,165
1566,66,34,83,16,199
1568,66,32,67,19,184
1569,66,16,67,19,168
1570,66,36,66,17,185
1571,66,19,66,17,168
1572,68,31,69,15,183
1573,67,16,69,15,167
1576,66,34,66,17,183
1579,65,17,51,17,150
1582,66,34,64,17,181
1583,51,34,64,17,166
1585,53,32,84,16,185
1586,66,32,68,17,183
1590,66,34,67,17,184
1591,68,16,67,17,168
1592,68,33,67,17,185
1593,51,33,67,17,168
1596,67,33,84,15,199
1597,67,16,84,15,182
1600,50,16,66,17,149
1601,65,17,84,17,183
1603,67,15,68,16,166
1604,66,35,67,16,184
1606,68,33,84,16,201
1607,66,17,84,16,183
1608,68,34,66,17,185
1609,51,34,66,17,168
1611,67,16,51,17,151
1613,68,16,66,17,167
1615,50,34,66,16,166
1616,51,17,66,16,150
1617,66,16,67,16,165
1618,66,34,65,17,182
1619,66,17,65,17,165
1621,50,33,83,18,184
1623,66,16,69,15,166
1624,65,34,68,16,183
1625,66,17,68,16,167
1626,66,35,66,16,183
1629,52,33,83,16,184
1630,68,33,66,17,184
1632,66,32,51,17,166
1633,51,32,51,17,151
1634,65,34,83,17,199
1635,67,16,83,17,183
1636,66,34,66,17,183
1637,67,17,66,17,167
1639,67,15,71,12,165
1640,66,34,84,16,200
1641,66,17,84,16,183
1642,66,37,63,18,184
1643,66,20,63,18,167
1644,71,31,83,16,201
1645,54,31,83,16,184
1647,67,16,67,16,166
1648,63,33,67,18,181
1649,51,33,67,18,169
1653,65,17,67,17,166
1654,67,33,83,18,201
1655,67,15,83,18,183
1657,68,16,67,16,167
1658,51,16,67,16,150
1659,66,17,66,17,166
1660,68,33,50,16,167
1661,83,33,66,18,200
1662,67,33,66,18,184
1664,66,33,51,15,165
1665,68,16,51,15,150
1667,67,16,84,17,184
1668,66,33,68,17,184
1669,67,15,68,17,167
1670,51,15,68,17,151
1672,68,33,84,15,200
1674,68,32,67,17,184
1675,51,32,67,17,167
1677,66,16,68,17,167
1678,65,34,68,16,183
1679,67,15,68,16,166
1681,67,17,66,18,168
1683,66,17,82,19,184
1684,68,32,69,15,184
1685,51,32,69,15,167
1686,66,34,66,18,184
1689,66,19,81,17,183
1690,69,31,67,18,185
1692,66,35,65,17,183
1695,66,17,68,16,167
1696,67,33,84,17,201
1697,67,15,84,17,183
1698,65,35,66,17,183
1700,68,32,67,17,184
1701,66,16,67,17,166
1702,67,34,65,19,185
1703,67,17,65,19,168
1704,66,33,51,15,165
1705,50,33,51,15,149
1707,67,15,68,16,166
1708,50,15,68,16,149
1709,67,15,84,17,183
1710,51,15,84,17,167
1711,66,17,67,17,167
1712,68,34,66,17,185
1713,65,18,66,17,166
1714,50,18,66,17,151
1715,67,17,82,18,184
1716,67,33,67,16,183
1717,51,33,67,16,167
1718,66,34,82,16,198
1719,67,17,82,16,182
1720,67,33,65,19,184
1721,65,18,65,19,167
1722,67,33,68,16,184
1724,66,32,52,17,167
1726,65,36,83,16,200
1727,68,17,83,16,184
1728,68,33,66,17,184
1731,50,33,82,18,183
1732,66,33,67,17,183
1734,66,33,67,19,185
1737,65,18,52,14,149
1738,67,33,83,17,200
1739,67,16,83,17,183
1740,67,33,67,18,185
1741,51,33,67,18,169
1742,52,14,67,18,151
1743,67,16,71,16,170
1745,64,17,54,17,152
1746,67,38,66,16,187
1747,67,20,66,16,169
1748,71,33,82,17,203
1749,55,33,82,17,187
1751,53,33,66,17,169
1753,50,33,83,16,182
1754,66,33,66,17,182
1755,67,17,66,17,167
1756,66,33,68,16,183
1757,67,16,68,16,167
1758,66,33,68,17,184
1759,67,16,68,17,168
1760,66,35,82,17,200
1763,67,17,66,16,166
1764,68,33,66,18,185
1765,51,33,66,18,168
1766,66,33,51,16,166
1767,66,17,51,16,150
1768,66,33,67,17,183
1769,65,17,67,17,166
1770,66,34,85,15,200
1772,51,16,85,15,167
1774,67,33,84,16,200
1775,66,16,84,16,182
1777,69,15,66,17,167
1778,52,15,66,17,150
1779,50,33,66,18,167
1781,65,16,68,16,165
1782,66,33,68,16,183
1783,50,33,68,16,167
1785,67,17,67,14,165
1786,68,33,82,18,201
1787,67,17,82,18,184
1789,66,18,66,16,166
1791,51,33,66,17,167
1793,66,18,67,15,166
1794,66,33,83,17,199
1795,52,33,83,17,185
1797,51,34,66,16,167
1798,67,33,83,17,200
1799,51,33,83,17,184
1800,67,33,67,17,184
1801,66,17,67,17,167
1802,66,34,66,17,183
1803,51,34,66,17,168
1806,67,33,67,16,183
1807,51,33,67,16,167
1808,66,34,84,17,201
1810,67,33,68,15,183
1811,63,20,68,15,166
1812,67,32,67,17,183
1813,66,16,67,17,166
1814,65,36,82,16,199
1817,52,31,67,16,166
1818,67,33,67,17,184
1819,65,16,67,17,165
1823,66,17,68,16,167
1825,66,16,51,17,150
1826,66,35,66,16,183
1828,68,33,83,16,200
1829,51,33,83,16,183
1830,51,17,83,16,167
1832,66,32,52,15,165
1833,66,16,52,15,149
1834,83,16,68,17,184
1835,66,16,68,17,167
1838,52,15,52,16,135
1839,84,33,83,17,217
1840,68,33,83,17,201
1842,52,16,83,17,168
1843,51,31,52,17,151
1844,64,34,68,17,183
1847,66,17,67,17,167
1848,52,17,67,17,153
1850,68,34,67,17,186
1851,67,17,67,17,168
1852,67,33,67,17,184
1854,51,16,67,17,151
1855,67,17,66,17,167
1856,67,33,66,17,183
1857,67,16,66,17,166
1858,51,16,66,17,150
1859,50,33,83,16,182
1860,66,33,66,18,183
1861,66,16,66,18,166
1862,66,32,52,16,166
1863,66,15,52,16,149
1864,65,34,67,18,184
1865,66,16,67,18,167
1866,66,34,66,18,184
1867,67,16,66,18,167
1868,52,16,66,18,152
1869,66,17,83,17,183
1870,67,33,67,17,184
1872,51,15,67,17,150
1873,68,15,51,16,150
1875,82,33,66,18,199
1876,67,33,66,18,184
1878,51,16,66,18,151
1879,65,18,67,16,166
1880,66,33,84,18,201
1881,82,34,68,15,199
1882,66,34,68,15,183
1883,51,34,68,15,168
1884,67,34,84,15,200
1885,66,18,84,15,183
1886,68,34,65,17,184
1887,66,18,65,17,166
1888,68,33,66,18,185
1889,52,33,66,18,169
1890,67,32,52,16,167
1891,68,15,52,16,151
1892,65,34,82,18,199
1893,50,34,82,18,184
1894,66,34,66,16,182
1895,67,16,66,16,165
1896,52,16,66,16,150
1897,51,33,65,18,167
1899,64,18,66,18,166
1900,66,32,69,16,183
1901,51,32,69,16,168
1902,65,34,51,17,167
1904,66,35,83,17,201
1905,68,17,83,17,185
1906,69,33,67,16,185
1907,67,17,67,16,167
1908,51,17,67,16,151
1909,50,32,51,16,149
1911,67,17,66,17,167
1912,67,32,51,15,165
1913,52,32,51,15,150
1914,51,16,51,15,133
1915,83,32,67,17,199
1917,67,15,67,17,166
1918,51,15,67,17,150
1919,84,32,68,16,200
1923,51,33,68,16,168
1924,65,35,83,17,200
1926,68,33,67,17,185
1927,51,33,67,17,168
1928,68,34,66,16,184
1930,67,33,66,17,183
1932,67,33,66,17,183
1933,51,33,66,17,167
1934,66,33,84,17,200
1936,66,33,68,16,183
1938,66,33,51,17,167
1940,50,16,51,17,134
1944,51,17,66,16,150
1945,50,32,67,17,166
1946,65,34,66,18,183
1948,66,33,51,16,166
1949,66,17,51,16,150
1951,51,33,67,16,167
1955,67,16,66,19,168
1957,65,18,51,15,149
1958,67,32,85,17,201
1959,66,16,85,17,184
1960,66,34,68,17,185
1961,50,34,68,17,169
1962,51,15,68,17,151
1964,67,35,66,16,184
1965,66,17,66,16,165
1967,51,33,82,18,184
1969,83,33,66,18,200
1970,66,33,66,18,183
1971,65,17,66,18,166
1972,66,34,67,16,183
1974,67,32,67,17,183
1975,51,32,67,17,167
1976,66,35,65,17,183
1978,67,32,85,16,200
1980,67,33,68,17,185
1981,66,16,68,17,167
1982,65,35,82,17,199
1985,68,16,66,16,166
1986,68,34,66,16,184
1987,68,17,66,16,167
1988,67,32,83,18,200
1989,82,34,67,14,197
1990,66,34,67,14,181
1991,65,18,67,14,164
1992,66,33,66,17,182
1993,51,33,66,17,167
1994,50,17,66,17,150
1997,51,32,52,16,151
1999,67,16,68,16,167
2000,65,35,82,17,199
2001,70,16,82,17,185
2002,52,16,82,17,167
2003,51,33,66,17,167
2004,68,32,85,17,202
2005,65,16,85,17,183
2006,65,34,68,16,183
2007,67,17,68,16,168
2008,66,33,67,18,184
2009,67,16,67,18,168
2010,67,35,82,16,200
2011,68,17,82,16,183
2013,51,32,66,19,168
2014,67,34,51,15,167
2015,67,16,51,15,149
2016,66,32,68,16,182
2018,66,34,67,17,184
2025,50,32,69,16,167
2026,65,34,84,16,199
2027,67,16,84,16,183
2028,66,35,65,17,183
2029,49,35,65,17,166
2030,69,33,65,17,184
2031,67,17,65,17,166
2033,68,16,84,16,184
2034,65,33,67,16,181
2035,66,16,67,16,165
2036,65,35,83,16,199
2037,66,18,83,16,183
2039,67,16,67,15,165
2040,51,16,67,15,149
2043,67,16,83,17,183
2045,51,34,66,16,167
2046,66,33,49,19,167
2047,50,33,49,19,151
2049,68,17,83,18,186
2050,66,35,66,15,182
2052,49,19,66,15,149
2053,52,31,67,17,167
2054,66,35,83,16,200
2055,67,18,83,16,184
2056,66,32,67,16,181
2058,67,33,50,17,167
2059,50,33,50,17,150
2060,65,34,67,15,181
2061,68,16,67,15,166
2062,67,33,66,18,184
2063,66,17,66,18,167
2064,50,17,66,18,151
2067,51,32,68,16,167
2068,66,34,83,18,201
2069,65,16,83,18,182
2070,66,34,67,17,184
2071,68,17,67,17,169
2072,68,33,51,17,169
2073,66,17,51,17,151
2074,67,34,68,14,183
2075,84,34,64,18,200
2078,51,17,64,18,150
2080,68,30,68,17,183
2081,51,30,68,17,166
2082,64,36,66,16,182
2083,66,18,66,16,166
2084,66,32,68,16,182
2085,69,15,68,16,168
2086,53,15,68,16,152
2087,50,34,50,16,150
2088,66,34,81,17,198
2090,68,32,66,18,184
2092,50,16,66,18,150
2093,67,17,82,19,185
2094,66,32,69,16,183
2095,65,17,69,16,167
2096,66,35,67,16,184
2097,67,17,67,16,167
2098,67,34,82,16,199
2100,69,33,65,16,183
2102,67,33,65,19,184
2103,52,33,65,19,169
2104,66,32,52,15,165
2105,66,16,52,15,149
2106,65,33,51,16,165
2107,65,17,51,16,149
2108,65,34,85,16,200
2111,51,33,68,16,168
2112,51,16,68,16,151
2113,64,17,51,17,149
2114,66,35,67,16,184
2115,68,16,67,16,167
2116,52,16,67,16,151
2117,52,33,67,15,167
2119,83,33,82,16,214
2121,67,17,82,16,182
2122,50,17,82,16,165
2123,50,34,64,19,167
2124,67,32,83,16,198
2125,67,16,83,16,182
2127,67,16,67,17,167
2128,64,34,67,19,184
2130,66,33,53,16,168
2131,67,16,53,16,152
2132,67,34,85,16,202
2133,65,17,85,16,183
2134,67,35,66,16,184
2135,69,16,66,16,167
2137,52,34,83,16,185
2138,69,32,67,16,184
2139,66,16,67,16,165
2140,66,34,66,17,183
2141,52,34,66,17,169
2144,67,33,66,17,183
2145,51,33,66,17,167
2146,66,33,50,17,166
2148,66,33,67,16,182
2149,66,17,67,16,166
2151,66,17,66,16,165
2152,50,17,66,16,149
2154,67,33,68,16,184
2155,66,17,68,16,167
2156,66,33,51,17,167
2157,65,17,51,17,150
2160,68,33,65,17,183
2161,52,33,65,17,167
2162,51,17,65,17,150
2163,52,33,65,17,167
2164,66,32,67,16,181
2165,66,16,67,16,165
2166,65,33,68,17,183
2167,66,16,68,17,167
2169,66,17,51,17,151
2170,67,34,54,17,172
2171,66,18,54,17,155
2172,68,34,69,18,189
2173,51,34,69,18,172
2176,54,49,51,33,187
2177,54,32,51,33,170
2178,69,18,66,16,169
2179,67,33,66,18,184
2180,50,33,66,18,167
2181,68,49,67,16,200
2182,51,49,67,16,183
2183,66,16,67,16,165
2184,66,35,66,17,184
2185,66,18,66,17,167
2186,69,32,51,32,184
2187,67,16,51,32,166
2188,67,34,83,16,200
2190,66,17,66,16,165
2191,67,50,66,16,199
2192,51,50,66,16,183
2193,67,18,66,16,167
2194,67,32,67,18,184
2195,66,16,67,18,167
2197,50,18,67,16,151
2198,66,33,83,17,199
2199,66,17,83,17,183
2200,50,17,83,17,167
2202,51,48,51,16,166
2203,51,32,51,16,150
2204,66,34,68,32,200
2205,65,17,68,32,182
2206,66,33,67,16,182
2207,67,16,67,16,166
2208,51,16,67,16,150
2209,50,19,64,18,151
2211,67,16,84,17,184
2212,67,34,67,15,183
2213,64,18,67,15,164
2215,50,34,65,16,165
2216,68,33,66,17,184
2217,68,17,66,17,168
2220,65,34,83,16,198
2221,65,18,83,16,182
2222,66,17,66,16,165
2224,51,49,85,32,217
2225,68,16,85,32,201
2226,66,33,68,16,183
2227,66,16,68,16,166
2228,65,35,66,17,183
2230,68,17,66,16,167
2231,68,49,51,34,202
2232,52,49,51,34,186
2233,67,17,51,34,169
2234,66,33,52,16,167
2235,66,16,52,16,150
2237,68,34,65,17,184
2238,51,34,65,17,167
2239,68,33,65,17,183
2240,52,33,65,17,167
2242,68,33,82,18,201
2243,65,17,82,18,182
2248,66,34,67,15,182
2249,66,18,67,15,166
2250,67,34,66,34,201
2251,51,34,66,34,185
2252,68,16,84,32,200
2253,52,16,84,32,184
2254,50,50,66,16,182
2256,66,34,83,32,215
2257,84,32,66,17,199
2259,52,32,66,17,167
2260,66,34,66,21,187
2261,66,18,66,21,171
2262,83,49,50,18,200
2268,55,47,66,17,185
2269,67,18,66,17,168
2271,63,16,67,17,163
2272,66,34,82,19,201
2273,50,34,82,19,185
2274,66,33,68,32,199
2275,67,16,68,32,183
2276,67,33,67,16,183
2277,68,16,67,16,167
2278,66,35,81,18,200
2279,65,19,81,18,183
2280,68,32,67,34,201
2281,51,32,67,34,184
2284,66,33,66,16,181
2287,51,34,81,18,184
2288,67,32,67,17,183
2289,52,32,67,17,168
2290,66,33,51,16,166
2291,51,33,51,16,151
2292,65,34,68,16,183
2293,65,18,68,16,167
2294,67,33,51,32,183
2295,51,33,51,32,167
2296,51,16,51,32,150
2297,68,18,81,17,184
2298,68,16,65,17,166
2299,51,16,65,17,149
2300,51,49,66,18,184
2301,66,17,66,18,167
2302,65,33,51,33,182
2303,65,17,51,33,166
2308,51,50,65,17,183
2310,68,35,82,32,217
2311,85,30,52,32,199
2312,69,30,52,32,183
2313,52,30,52,32,166
2314,65,34,67,17,183
2315,66,17,67,17,167
2316,64,18,66,17,165
2317,67,49,66,18,200
2318,52,49,66,18,185
2319,67,17,66,18,168
2322,67,17,66,17,167
2323,51,17,66,17,151
2326,66,34,68,16,184
2327,49,34,68,16,167
2328,51,17,68,16,152
2329,67,51,66,16,200
2330,67,35,66,16,184
2331,66,19,66,16,167
2332,68,16,66,17,167
2333,67,50,65,19,201
2334,51,50,65,19,185
2335,51,34,65,19,169
2336,66,16,68,33,183
2339,51,32,52,16,151
2340,65,19,65,17,166
2341,68,33,65,18,184
2342,51,33,65,18,167
2343,68,49,82,20,219
2344,52,49,82,20,203
2346,67,34,68,30,199
2347,49,34,68,30,181
2348,67,17,51,30,165
2349,51,17,51,30,149
2352,68,30,69,33,200
2353,51,30,69,33,183
2354,65,33,69,17,184
2355,50,33,69,17,169
2356,63,19,67,16,165
2357,67,50,65,19,201
2358,52,50,65,19,186
2360,69,17,67,17,170
2363,51,17,85,30,183
2364,65,19,65,16,165
2365,67,34,64,17,182
2366,51,34,64,17,166
2367,68,47,68,32,215
2372,64,17,66,17,164
2373,67,49,66,18,200
2374,68,32,66,18,184
2375,67,16,66,18,167
2376,66,34,66,16,182
2377,66,17,66,16,165
2378,66,18,64,19,167
2379,82,34,67,17,200
2380,66,34,67,17,184
2381,67,16,67,17,167
2382,50,16,67,17,150
2384,50,19,65,19,153
2385,51,32,52,33,168
2387,68,16,52,33,169
2388,65,19,66,32,182
2390,52,33,65,17,167
2391,68,33,83,15,199
2392,52,33,83,15,183
2394,51,49,67,17,184
2395,65,17,67,17,166
2396,66,34,50,17,167
2397,83,33,85,31,232
2398,67,33,85,31,216
2399,66,18,85,31,200
2400,67,34,82,16,199
2401,67,17,82,16,182
2404,67,18,66,17,168
2405,68,47,86,16,217
2407,66,16,86,16,184
2408,65,19,67,16,167
2411,52,32,85,15,184
2412,68,18,82,32,200
2413,67,32,82,19,200
2414,66,16,82,19,183
2415,51,16,82,19,168
2417,67,47,70,15,199
2418,66,32,70,15,183
2419,82,19,66,17,184
2420,66,19,66,17,168
2421,66,34,66,16,182
2422,51,34,66,16,167
2423,51,17,66,16,150
2424,70,15,82,17,184
2425,66,34,65,19,184
2427,66,48,67,18,199
2428,65,32,67,18,182
2429,50,32,67,18,167
2430,65,36,82,16,199
2431,65,19,82,16,182
2432,68,31,67,18,184
2433,52,31,67,18,168
2434,67,18,67,17,169
2435,68,49,66,18,201
2436,82,16,66,18,182
2437,68,16,66,18,168
2438,67,18,66,17,168
2439,49,18,66,17,150
2440,50,34,65,17,166
2441,51,17,65,17,150
2443,66,17,82,16,181
2444,66,33,65,17,181
2445,65,17,65,17,164
2446,68,17,65,19,169
2447,67,48,53,16,184
2448,82,16,53,16,167
2449,66,16,53,16,151
2450,65,36,66,32,199
2451,65,19,66,32,182
2453,52,17,65,16,150
2454,53,32,66,18,169
2456,66,32,68,16,182
2457,65,16,68,16,165
2458,65,35,67,17,184
2459,66,18,67,17,168
2462,52,32,52,17,153
2463,67,35,66,16,184
2464,67,17,66,16,166
2465,67,34,65,33,199
2466,68,17,65,33,183
2468,51,32,66,32,181
2469,66,33,65,16,180
2471,65,33,65,17,180
2475,65,16,70,31,182
2476,51,16,70,31,168
2479,50,36,65,15,166
2481,68,16,66,18,168
2482,67,34,50,17,168
2483,66,18,50,17,151
2484,65,32,68,34,199
2485,65,17,68,34,184
2486,66,18,66,18,168
2487,50,18,66,18,152
2488,50,34,66,17,167
2489,52,17,66,17,152
2490,52,50,65,18,185
2492,67,16,67,33,183
2493,66,34,66,16,182
2494,67,17,66,16,166
2495,51,17,66,16,150
2496,65,18,67,34,184
2497,67,49,52,16,184
2498,66,33,52,16,167
2499,66,16,52,16,150
2500,51,16,52,16,135
2501,67,34,81,17,199
2502,66,19,81,17,183
2503,68,32,66,16,182
2504,52,32,66,16,166
2506,51,35,82,35,203
2508,65,33,70,30,198
2509,66,16,70,30,182
2510,65,35,65,19,184
2511,82,35,63,19,199
2512,68,35,63,19,185
2513,66,20,63,19,168
2516,65,19,66,34,184
2518,63,19,67,17,166
2520,52,33,51,33,169
2521,66,34,67,16,183
2522,52,34,67,16,169
2523,67,50,65,17,199
2524,50,50,65,17,182
2525,51,33,65,17,166
2526,69,17,65,17,168
2527,67,33,83,32,215
2529,51,17,83,32,183
2530,65,34,66,17,182
2533,83,32,52,34,201
2534,68,32,52,34,186
2535,51,32,52,34,169
2536,66,33,53,32,184
2537,49,33,53,32,167
2538,65,19,66,17,167
2539,68,34,65,32,199
2541,69,32,65,17,183
2542,53,32,65,17,167
2543,66,33,83,33,215
2544,51,33,83,33,200
2545,65,49,67,18,199
2548,65,34,66,17,182
2550,67,33,84,16,200
2552,67,18,66,16,167
2553,50,18,66,16,150
2554,66,33,51,33,183
2556,50,16,51,33,150
2557,66,16,66,16,164
2559,67,49,84,16,216
2561,66,16,84,16,182
2562,66,35,65,18,184
2563,65,19,65,18,167
2564,67,32,67,16,182
2566,67,33,85,16,201
2567,68,16,85,16,185
2568,65,18,67,16,166
2569,49,18,67,16,150
2570,67,35,65,20,187
2573,67,33,67,33,200
2574,67,17,67,33,184
2575,51,17,67,33,168
2577,69,31,65,17,182
2578,53,31,65,17,166
2580,51,33,84,16,184
2581,64,49,51,17,181
2582,50,49,51,17,167
2583,65,17,51,17,150
2584,67,35,82,16,200
2586,68,16,66,16,166
2587,52,16,66,16,150
2588,51,50,65,18,184
2589,52,33,65,18,168
2590,66,32,68,32,198
2591,66,16,68,32,182
2592,65,33,67,17,182
2593,82,35,83,16,216
2594,65,35,83,16,199
2595,67,17,83,16,183
2596,51,17,83,16,167
2597,67,16,67,17,167
2598,67,36,80,18,201
2599,66,19,80,18,183
2600,68,31,67,17,183
2601,67,16,67,17,167
2602,51,16,67,17,151
2603,67,16,67,16,166
2604,64,34,84,20,202
2606,67,33,71,25,196
2608,67,33,63,21,184
2609,67,17,63,21,168
2611,67,45,71,16,199
2612,51,45,71,16,183
2613,55,25,71,16,167
2614,63,37,83,18,201
2615,66,16,83,18,183
2617,51,19,64,18,152
2618,56,48,67,18,189
2619,66,17,67,18,168
2622,67,17,66,16,166
2623,51,17,66,16,150
2624,51,34,65,18,168
2625,69,48,52,16,185
2626,66,33,52,16,167
2627,66,16,52,16,150
2628,50,16,52,16,134
2629,65,18,65,18,166
2632,52,48,51,32,183
2633,51,32,51,32,166
2635,66,33,67,32,198
2637,67,49,85,16,217
2638,51,49,85,16,201
2639,65,17,85,16,183
2640,67,18,67,16,168
2641,67,49,51,17,184
2642,67,33,51,17,168
2644,67,18,66,17,168
2645,67,33,64,19,183
2647,51,17,64,19,151
2648,51,50,65,19,185
2649,66,17,65,19,167
2650,67,33,51,31,182
2651,64,19,51,31,165
2652,66,32,67,17,182
2654,65,19,65,17,166
2655,51,19,65,17,152
2656,51,48,67,16,182
2657,65,17,67,16,165
2658,67,34,66,18,185
2659,65,17,66,18,166
2661,51,33,68,32,184
2663,66,17,67,18,168
2664,66,18,67,33,184
2665,67,49,51,17,184
2666,68,32,51,17,168
2669,67,33,67,33,200
2671,67,50,82,17,216
2672,51,50,82,17,200
2673,83,17,82,17,199
2675,50,17,82,17,166
2678,82,17,84,33,216
2679,65,17,84,33,199
2680,66,33,68,16,183
2681,66,16,68,16,166
2683,68,33,67,32,200
2684,51,33,67,32,183
2685,67,50,65,18,200
2687,66,17,65,18,166
2688,66,17,66,17,166
2689,67,48,84,18,217
2690,50,48,84,18,200
2691,66,16,84,18,184
2692,65,35,67,17,184
2694,67,33,67,17,184
2695,84,34,50,33,201
2696,68,34,50,33,185
2697,66,18,50,33,167
2698,67,17,66,17,167
2700,67,17,83,16,183
2701,51,17,83,16,167
2702,50,50,84,16,200
2703,66,17,84,16,183
2704,67,17,67,16,167
2705,67,48,85,16,216
2706,68,32,85,16,201
2707,66,16,85,16,183
2710,51,50,65,18,184
2711,51,34,65,18,168
2712,69,32,51,33,185
2713,82,17,67,17,183
2714,66,17,67,17,167
2716,65,18,66,32,181
2717,49,18,66,32,165
2718,51,50,65,17,183
2719,67,17,65,17,166
2722,52,49,66,20,187
2723,65,17,66,20,168
2724,65,33,53,32,183
2726,65,33,52,33,183
2727,67,16,52,33,168
2729,69,32,82,19,202
2730,53,32,82,19,186
2731,68,49,52,34,203
2732,52,49,52,34,187
2734,67,33,53,15,168
2735,82,19,64,19,184
2736,66,19,64,19,168
2737,68,34,64,18,184
2738,52,34,64,18,168
2739,69,49,83,16,217
2741,64,19,83,16,182
2742,69,33,66,18,186
2743,64,18,66,18,166
2745,52,32,52,16,152
2746,65,18,67,31,181
2747,68,34,64,18,184
2749,51,18,64,18,151
2750,52,33,66,32,183
2751,67,49,66,17,199
2752,82,18,66,17,183
2754,66,17,66,16,165
2755,66,49,84,16,215
2756,51,49,84,16,200
2757,67,17,84,16,184
2758,66,33,67,17,183
2759,66,16,67,17,166
2760,66,34,83,17,200
2761,67,17,83,17,184
2763,67,16,67,18,168
2767,83,18,66,15,182
2768,67,18,66,15,166
2770,52,47,52,16,167
2771,67,15,52,16,150
2772,50,15,52,16,133
2774,66,34,68,16,184
2775,67,16,68,16,167
2776,52,16,68,16,152
2780,68,16,66,17,167
2782,65,18,66,16,165
2783,68,49,68,17,202
2784,50,49,68,17,184
2785,66,17,68,17,168
2786,67,33,66,18,184
2787,66,16,66,18,166
2788,67,35,83,32,217
2789,50,35,83,32,200
2790,68,17,81,17,183
2791,51,17,81,17,166
2792,66,34,85,32,217
2793,68,16,85,32,201
2794,65,18,67,32,182
2798,66,19,66,32,183
2799,67,49,84,32,232
2800,52,49,84,32,217
2802,68,17,67,32,184
2803,66,48,86,31,231
2804,51,48,86,31,216
2805,66,16,86,31,199
2806,65,19,83,15,182
2807,67,48,67,18,200
2808,70,32,67,18,187
2810,67,19,66,17,169
2811,67,48,67,17,199
2812,67,32,67,17,183
2813,51,32,67,17,167
2814,67,18,66,16,167
2815,66,49,84,17,216
2816,50,49,84,17,200
2817,52,32,84,17,185
2819,66,16,68,17,167
2821,50,35,66,16,167
2822,68,33,82,18,201
2823,84,17,65,18,184
2827,66,17,67,16,166
2828,66,34,67,33,200
2829,65,18,67,33,183
2830,67,17,83,17,184
2831,51,17,83,17,168
2832,51,50,66,16,183
2833,67,18,66,16,167
2834,67,33,65,19,184
2835,83,17,67,34,201
2836,67,17,67,34,185
2837,51,17,67,34,169
2838,66,32,53,16,167
2839,66,16,53,16,151
2841,67,34,66,33,200
2842,51,34,66,33,184
2844,53,32,67,33,185
2845,50,16,67,33,166
2849,67,33,65,18,183
2850,51,33,65,18,167
2851,66,49,68,16,199
2852,51,49,68,16,184
2855,65,18,50,33,166
2856,67,34,66,17,184
2857,67,17,66,17,167
2858,68,16,67,16,167
2859,52,16,67,16,151
2860,50,50,84,20,204
2861,66,17,84,20,187
2863,67,16,71,28,182
2865,67,17,65,17,166
2866,67,17,65,19,168
2867,67,48,68,34,217
2869,54,28,68,34,184
2870,65,36,66,32,199
2871,65,19,66,32,182
2872,64,17,81,17,179
2873,52,17,81,17,167
2874,53,49,65,16,183
2875,68,17,65,16,166
2876,66,32,84,32,214
2879,66,16,67,16,165
2880,65,35,84,16,200
2881,66,19,84,16,185
2882,68,16,68,16,168
2883,67,49,68,16,200
2885,67,17,68,16,168
2886,65,19,65,17,166
2887,68,33,82,17,200
2888,68,17,82,17,184
2889,52,17,82,17,168
2890,52,49,84,33,218
2891,65,17,84,33,199
2892,66,17,67,33,183
2893,66,33,67,16,182
2895,67,34,67,32,200
2896,84,49,82,18,233
2897,67,49,82,18,216
2899,67,16,82,18,183
2901,67,49,83,16,215
2903,66,17,83,16,182
2904,67,33,66,17,183
2905,64,18,66,17,165
2906,67,34,49,17,167
2907,50,34,49,17,150
2908,67,32,68,33,200
2909,68,16,68,33,185
2910,66,34,67,17,184
2911,50,34,67,17,168
2912,49,17,67,17,150
2913,66,18,66,16,166
2914,68,33,83,17,201
2916,67,33,67,15,182
2917,51,33,67,15,166
2918,66,33,67,18,184
2922,67,33,68,32,200
2924,67,18,65,17,167
2926,83,18,83,32,216
2927,68,18,83,32,201
2928,68,32,66,17,183
2930,66,34,66,16,182
2932,66,17,65,18,166
2934,51,49,66,18,184
2936,66,34,83,17,200
2937,65,18,83,17,183
2939,67,16,68,17,168
2942,67,16,67,17,167
2943,67,34,66,34,201
2945,50,17,66,34,167
2946,50,33,67,17,167
2947,67,33,83,16,199
2949,66,34,65,17,182
2951,67,34,83,31,215
2952,50,34,83,31,198
2954,66,33,66,17,182
2955,65,17,66,17,165
2957,83,31,68,17,199
2959,52,31,68,17,168
2960,66,34,67,16,183
2962,65,34,66,16,181
2963,67,17,66,16,166
2964,68,33,84,17,202
2967,66,17,68,17,168
2968,66,34,51,33,184
2972,51,17,82,16,166
2973,52,17,81,18,168
2975,67,48,68,18,201
2976,82,16,68,18,184
2977,81,34,52,33,200
2978,66,34,52,33,185
2979,66,16,52,33,167
2980,65,34,66,18,183
2981,67,17,66,18,168
2984,52,33,65,17,167
2987,66,49,67,16,198
2988,52,49,67,16,184
2989,65,17,67,16,165
2990,67,34,84,32,217
2993,51,33,67,16,167
2995,51,33,66,17,167
2996,66,18,65,16,165
2999,51,32,52,33,168
3000,66,33,52,33,184
3002,65,19,66,34,184
3003,68,33,67,31,199
3004,52,33,67,31,183
3005,68,33,65,17,183
3006,52,33,65,17,167
3008,51,34,81,18,184
3010,52,48,51,17,168
3011,65,17,51,17,150
3012,66,33,84,18,201
3014,66,18,84,33,201
3015,50,18,84,33,185
3016,51,49,68,17,185
3017,51,32,68,17,168
3018,67,35,66,17,185
3019,84,33,66,17,200
3021,51,33,66,17,167
3022,68,17,66,16,167
3023,51,17,66,16,150
3024,66,17,66,18,167
3027,66,16,67,17,166
3031,67,49,84,17,217
3032,51,49,84,17,201
3033,67,16,84,17,184
3034,65,33,68,15,181
3037,66,18,83,17,184
3039,67,17,67,32,183
3040,51,17,67,32,167
3042,66,17,65,17,165
3043,67,49,103,16,235
3044,50,49,103,16,218
3047,65,17,70,16,168
3051,87,16,68,17,188
3053,69,34,51,16,170
3054,74,34,67,17,192
3055,66,34,67,17,184
3056,67,17,67,17,168
3057,51,17,67,17,152
3060,67,17,50,16,150
3062,67,17,66,16,166
3063,51,17,66,16,150
3064,51,32,67,16,166
3065,50,16,67,16,149
3066,65,18,67,16,166
3067,66,33,66,20,185
3070,67,18,52,14,151
3071,67,32,51,16,166
3073,66,34,82,18,200
3074,70,14,82,18,184
3075,52,14,82,18,166
3077,51,16,67,17,151
3078,64,16,51,16,147
3080,65,18,66,17,166
3082,67,16,83,16,182
3083,51,16,83,16,166
3084,51,33,66,17,167
3085,66,33,84,17,200
3086,66,16,84,17,183
3089,66,34,67,17,184
3090,66,17,67,17,167
3091,67,34,83,18,202
3092,67,17,83,18,185
3093,68,33,68,16,185
3096,67,16,51,16,150
3097,50,16,51,16,133
3098,67,18,83,16,184
3099,68,32,67,16,183
3100,67,16,67,16,166
3103,65,34,81,19,199
3106,66,17,67,17,167
3108,84,32,67,17,200
3109,68,32,67,17,184
3110,65,19,67,17,168
3113,65,34,83,17,199
3116,50,34,66,17,167
3120,66,17,82,18,183
3121,66,33,67,17,183
3123,66,32,52,17,167
3124,50,32,52,17,151
3125,65,35,83,17,200
3126,83,34,66,17,200
3127,67,34,66,17,184
3129,52,17,66,17,152
3130,52,31,52,17,152
3131,65,35,67,16,183
3132,66,17,67,16,166
3134,51,34,65,16,166
3135,52,17,65,16,150
3136,51,33,82,16,182
3137,67,32,66,18,183
3138,66,16,66,18,166
3140,66,18,84,15,183
3141,66,32,67,17,182
3142,66,16,67,17,166
3143,66,38,63,18,185
3144,68,20,63,18,169
3145,70,29,52,16,167
3146,68,15,52,16,151
3147,67,34,67,15,183
3148,66,17,67,15,165
3149,63,34,82,18,197
3150,67,16,82,18,183
3151,52,16,82,18,168
3155,65,35,66,17,183
3156,65,18,66,17,166
3159,52,15,51,17,135
3160,68,16,83,17,184
3162,66,17,66,17,166
3164,66,16,51,17,150
3165,66,34,67,18,185
3166,66,17,67,18,168
3167,66,34,68,16,184
3168,50,34,68,16,168
3169,51,17,68,16,152
3170,51,33,83,16,183
3171,67,35,64,17,183
3172,68,17,64,17,166
3175,68,31,70,13,182
3177,64,34,66,17,181
3178,65,17,66,17,165
3179,65,36,80,17,198
3180,66,20,80,17,183
3181,70,30,67,18,185
3186,67,17,68,17,169
3187,67,35,65,18,185
3191,68,32,67,18,185
3193,65,33,52,16,166
3195,65,34,83,17,199
3197,67,34,66,17,184
3200,52,34,65,17,168
3202,65,17,50,16,148
3204,68,16,67,16,167
3205,65,33,68,16,182
3206,67,16,68,16,167
3207,50,16,68,16,150
3208,67,16,67,16,166
3211,68,33,82,19,202
3212,66,17,82,19,184
3213,50,17,82,19,168
3215,66,34,83,16,199
3217,67,34,65,17,183
3219,68,32,66,18,184
3220,52,32,66,18,168
3221,66,33,68,16,183
3222,68,16,68,16,168
3223,65,33,51,16,165
3224,51,33,51,16,151
3225,66,35,83,16,200
3226,67,17,83,16,183
3227,68,32,67,17,184
3228,51,32,67,17,167
3229,51,16,67,17,151
3230,49,34,66,16,165
3232,67,16,67,17,167
3234,67,16,51,15,149
3235,66,34,66,18,184
3236,65,18,66,18,167
3237,67,32,52,17,168
3238,67,15,52,17,151
3239,51,15,52,17,135
3240,67,17,68,16,168
3241,66,35,66,16,183
3244,52,33,81,19,185
3247,66,32,51,17,166
3248,52,32,51,17,152
3252,51,33,66,17,167
3253,51,17,66,17,151
3254,52,32,68,15,167
3256,83,34,66,17,200
3257,66,34,66,17,183
3258,66,17,66,17,166
3259,68,34,83,16,201
3260,51,34,83,16,184
3261,68,32,67,17,184
3263,66,33,51,16,166
3265,65,34,66,17,182
3267,67,33,84,16,200
3268,50,33,84,16,183
3269,51,16,84,16,167
3270,66,16,67,17,166
3272,66,18,81,19,184
3273,68,32,68,17,185
3277,65,35,65,18,183
3278,84,33,65,18,200
3279,68,33,65,18,184
3280,51,33,65,18,167
3281,52,16,65,18,151
3282,52,32,67,17,168
3283,65,33,67,19,184
3285,65,34,52,13,164
3286,67,16,52,13,148
3287,67,33,66,17,183
3288,66,16,66,17,165
3289,67,32,51,17,167
3296,65,16,67,17,165
3297,67,34,50,16,167
3298,68,16,50,16,150
3299,67,33,68,16,184
3300,66,17,68,16,167
3301,67,33,51,17,168
3302,66,16,51,17,150
3303,50,16,51,17,134
3304,68,17,82,16,183
3305,68,33,65,17,183
3306,67,17,65,17,166
3307,51,17,65,17,150
3308,67,16,65,18,166
3309,66,32,51,16,165
3310,66,16,51,16,149
3312,65,16,52,16,149
3313,65,34,84,16,199
3314,67,16,84,16,183
3315,51,16,84,16,167
3316,68,16,66,17,167
3317,52,16,66,17,151
3318,66,17,67,16,166
3319,67,33,68,16,184
3321,50,16,68,16,150
3322,50,34,66,16,166
3323,67,34,83,16,200
3324,66,18,83,16,183
3325,68,32,67,16,183
3326,51,32,67,16,166
3327,66,34,66,18,184
3328,66,18,66,18,168
3329,66,33,51,15,165
3330,67,16,51,15,149
3331,51,16,51,15,133
3332,51,33,84,16,184
3334,67,15,67,17,166
3337,68,32,84,16,200
3339,67,33,67,18,185
3341,65,35,66,18,184
3343,68,32,52,15,167
3344,67,16,52,15,150
3345,67,34,84,16,201
3346,50,34,84,16,184
3347,66,33,67,17,183
3351,67,33,66,18,184
3354,51,34,83,20,188
3356,66,16,71,12,165
3357,66,35,82,16,199
3358,67,17,82,16,182
3359,67,36,62,17,182
3360,67,20,62,17,166
3361,71,31,64,18,184
3362,53,31,64,18,166
3364,66,16,51,16,149
3366,50,33,68,16,167
3367,64,34,84,16,198
3369,51,16,84,16,167
3370,84,33,50,16,183
3372,66,17,50,16,149
3373,84,16,66,17,183
3375,66,33,84,17,200
3376,67,16,84,17,184
3378,82,34,83,18,217
3379,66,34,83,18,201
3380,66,17,83,18,184
3382,67,17,67,16,167
3384,51,33,67,16,167
3389,67,33,51,15,166
3390,51,33,51,15,150
3391,66,34,84,16,200
3392,71,13,84,16,184
3393,54,13,84,16,167
3395,51,15,68,17,151
3396,62,17,68,16,163
3397,66,34,83,17,200
3398,67,16,83,17,183
3399,52,16,83,17,168
3401,68,32,51,15,166
3403,50,16,51,15,132
3404,66,17,66,18,167
3406,67,15,52,16,150
3407,51,15,52,16,134
3410,67,16,66,17,166
3411,52,16,66,17,151
3412,49,32,51,16,148
3414,65,17,68,16,166
3415,66,33,51,17,167
3416,68,16,51,17,152
3418,50,35,66,17,168
3420,67,17,67,15,166
3421,51,17,67,15,150
3423,66,34,81,19,200
3424,67,17,81,19,184
3425,67,32,68,16,183
3426,66,17,68,16,167
3427,66,33,68,16,183
3428,65,17,68,16,166
3432,52,33,83,17,185
3433,51,17,83,17,168
3434,52,33,67,17,169
3435,66,34,50,17,167
3437,67,33,67,15,182
3439,67,34,65,16,182
3440,67,17,65,16,165
3441,50,17,65,16,148
3442,51,33,66,17,167
3445,65,34,66,17,182
3447,66,34,65,17,182
3448,68,17,65,17,167
3450,68,16,66,18,168
3451,66,33,51,14,164
3453,65,33,84,17,199
3454,66,16,84,17,183
3456,67,14,69,16,166
3457,51,14,69,16,150
3458,66,18,67,16,167
3459,68,33,66,17,184
3461,69,34,83,15,201
3462,51,34,83,15,183
3463,67,32,66,18,183
3464,51,32,66,18,167
3465,66,35,66,16,183
3466,67,18,66,16,167
3467,67,31,85,16,199
3468,67,15,85,16,183
3469,66,35,66,17,184
3470,67,17,66,17,167
3471,66,32,67,17,182
3472,50,32,67,17,166
3473,67,34,83,17,201
3474,67,16,83,17,183
3475,66,33,67,18,184
3476,67,16,67,18,168
3478,66,16,52,16,150
3480,66,17,65,19,167
3481,67,34,84,16,201
3482,50,34,84,16,184
3483,52,16,84,16,168
3486,66,17,53,13,149
3487,67,33,68,17,185
3488,69,33,52,16,170
3492,84,33,66,16,199
3493,68,33,66,16,183
3494,65,16,66,16,163
3495,52,16,66,16,150
3496,51,32,67,18,168
3497,65,34,51,15,165
3499,66,33,67,17,183
3500,65,17,67,17,166
3501,67,33,67,17,184
3502,67,15,67,17,166
3504,84,33,50,18,185
3505,67,33,50,18,168
3507,67,34,66,17,184
3508,65,17,66,17,165
3509,67,34,65,18,184
3510,66,18,65,18,167
3511,50,18,65,18,151
3512,51,32,51,17,151
3513,66,33,69,16,184
3517,51,17,66,17,151
3518,51,34,64,18,167
3522,67,15,51,16,149
3523,64,34,68,16,182
3525,66,33,51,17,167
3526,66,16,51,17,150
3527,51,16,51,17,135
3530,51,33,50,16,150
3531,51,17,50,16,134
3533,67,32,50,16,165
3537,66,32,51,16,165
3538,66,16,51,16,149
3539,50,16,51,16,133
3540,67,18,83,17,185
3541,67,32,68,17,184
3542,51,32,68,17,168
3543,51,16,68,17,152
3546,67,17,65,17,166
3547,68,33,83,16,200
3548,51,33,83,16,183
3549,52,16,83,16,167
3551,65,33,52,15,165
3553,65,34,67,17,183
3554,67,16,67,17,167
3555,67,33,67,17,184
3556,50,33,67,17,167
3559,67,33,68,15,183
3561,51,16,68,15,150
3562,66,16,68,16,166
3563,66,35,66,16,183
3564,84,33,66,16,199
3565,68,33,66,16,183
3566,51,33,66,16,166
3569,66,33,84,16,199
3571,66,33,67,16,182
3572,66,17,67,16,166
3573,66,33,85,16,200
3574,66,17,85,16,184
3575,66,34,67,16,183
3576,68,16,67,16,167
3577,67,33,67,18,185
3578,51,33,67,18,169
3582,51,33,84,16,184
3583,67,34,66,16,183
3584,67,16,66,16,165
3587,68,32,66,17,183
3588,66,16,66,17,165
3590,51,34,66,18,169
3591,66,32,68,15,181
3592,82,34,67,16,199
3593,66,34,67,16,183
3595,66,34,84,16,200
3596,51,34,84,16,185
3597,52,16,84,16,168
3598,66,18,67,16,167
3599,67,33,68,16,184
3602,69,16,83,17,185
3603,67,34,66,16,183
3604,67,18,66,16,167
3605,68,32,84,16,200
3606,66,16,84,16,182
3608,67,17,66,16,166
3609,66,33,68,15,182
3610,50,33,68,15,166
3611,67,33,67,16,183
3612,67,16,67,16,166
3614,66,19,83,15,183
3615,68,32,66,18,184
3616,51,32,66,18,167
3617,67,32,52,15,166
3618,51,32,52,15,150
3622,68,15,67,17,167
3623,52,15,67,17,151
3624,71,12,82,17,182
3626,65,17,67,16,165
3627,67,34,82,19,202
3629,66,33,68,16,183
3630,67,17,68,16,168
3631,67,34,67,16,184
3633,67,34,65,16,182
3635,68,33,82,18,201
3636,52,33,82,18,185
3637,67,32,68,17,184
3638,52,32,68,17,169
3639,65,34,51,16,166
3641,66,34,65,17,182
3642,66,18,65,17,166
3643,68,33,65,18,184
3644,52,33,65,18,168
3645,51,16,65,18,150
3646,51,32,51,16,150
3647,65,33,85,16,199
3648,65,16,85,16,182
3650,67,16,67,17,167
3651,51,16,67,17,151
3652,67,17,81,19,184
3653,68,33,67,16,184
3654,67,16,67,16,166
3658,83,32,67,17,199
3661,65,35,82,17,199
3664,67,16,67,17,167
3669,67,34,83,16,200
3672,51,32,67,17,167
3673,66,35,83,16,200
3674,67,17,83,16,183
3675,67,32,67,17,183
3676,66,16,67,17,166
3678,66,18,66,17,167
3682,50,34,82,18,184
3684,67,17,66,17,167
3685,68,32,51,15,166
3686,51,32,51,15,149
3688,65,18,66,17,166
3689,66,32,51,17,166
3691,51,15,51,17,134
3692,84,34,51,15,184
3693,66,34,51,15,166
3694,66,17,51,15,149
3697,68,32,67,16,183
3698,68,15,67,16,166
3699,51,15,67,16,149
3700,67,18,65,18,168
3702,82,33,84,17,216
3703,67,33,84,17,201
3705,65,35,66,15,181
3708,52,32,68,15,167
3709,67,34,66,16,183
3710,66,17,66,16,165
3711,66,34,65,16,181
3712,51,34,65,16,166
3713,68,32,83,16,199
3714,51,32,83,16,182
3715,66,33,66,17,182
3716,67,17,66,17,167
3717,65,35,65,18,183
3718,66,19,65,18,168
3719,68,31,52,16,167
3720,67,16,52,16,151
3722,50,34,68,14,166
3723,65,34,83,16,198
3724,68,16,83,16,183
3725,52,16,83,16,167
3726,51,34,65,17,167
3727,68,33,83,16,200
3728,64,19,83,16,182
3729,67,32,67,16,182
3731,65,33,68,17,183
3735,67,34,66,16,183
3736,66,18,66,16,166
3737,68,34,82,17,201
3739,68,32,67,17,184
3740,68,16,67,17,168
3741,66,33,51,17,167
3742,65,17,51,17,150
3744,83,34,66,17,200
3745,67,34,66,17,184
3746,51,34,66,17,168
3750,67,16,67,17,167
3751,66,33,51,16,166
3752,50,33,51,16,150
3753,51,16,51,16,134
3754,66,17,66,18,167
3755,67,33,83,17,200
3756,67,16,83,17,183
3757,51,16,83,17,167
3758,66,17,67,16,166
3760,67,16,84,16,183
3761,67,33,67,17,184
3762,67,17,67,17,168
3763,67,34,67,16,184
3766,68,16,66,17,167
3768,51,34,83,15,183
3769,67,32,66,17,182
3770,50,32,66,17,165
3771,66,35,82,16,199
3772,66,18,82,16,182
3774,67,15,67,19,168
3775,66,34,52,15,167
3777,65,33,67,16,181
3780,69,15,68,15,167
3781,52,15,68,15,150
3782,83,35,66,15,199
3783,67,35,66,15,183
3784,64,19,66,15,164
3785,68,32,66,18,184
3786,65,17,66,18,166
3788,68,17,50,15,150
3789,66,32,83,18,199
3791,66,33,68,16,183
3792,67,15,68,16,166
3793,50,15,68,16,149
3794,67,17,85,16,185
3795,67,34,67,17,185
3796,65,18,67,17,167
3797,68,36,64,16,184
3798,51,36,64,16,167
3800,69,16,66,16,167
3801,67,33,84,16,200
3802,68,16,84,16,184
3803,64,33,67,16,180
3804,65,17,67,16,165
3806,65,17,50,17,149
3807,66,34,66,18,184
3808,68,16,66,18,168
3809,67,33,51,17,168
3810,51,33,51,17,152
3811,50,17,51,17,135
3812,82,35,65,18,200
3814,68,17,65,18,168
3816,52,34,65,17,168
3817,51,18,65,17,151
3818,51,31,67,17,166
3819,65,34,66,17,182
3822,68,16,85,16,185
3827,66,35,65,22,188
3829,68,33,54,13,168
3830,51,33,54,13,151
3831,68,32,67,17,184
3832,81,35,83,16,215
3833,65,35,83,16,199
3834,50,35,83,16,184
3835,54,13,83,16,166
3836,51,32,67,17,167
3837,67,33,51,17,168
3838,62,16,51,17,146
3839,65,34,67,16,182
3841,67,34,65,20,186
3842,50,34,65,20,169
3843,51,17,65,20,153
3844,50,33,52,14,149
3845,67,32,69,16,184
3846,66,16,69,16,167
3847,65,34,51,16,166
3850,67,18,67,15,167
3851,69,32,66,17,184
3852,65,16,66,17,164
3853,51,16,66,17,150
3854,67,18,82,16,183
3855,67,31,67,18,183
3857,66,34,51,15,166
3860,67,16,68,15,166
3861,67,33,67,18,185
3864,49,35,50,15,149
3865,68,32,83,17,200
3866,65,17,83,17,182
3867,67,33,67,17,184
3868,50,33,67,17,167
3870,68,18,81,18,185
3871,69,31,68,16,184
3873,67,33,67,17,184
3874,66,16,67,17,166
3876,67,18,84,16,185
3878,51,32,68,16,167
3879,67,35,82,16,200
3880,67,18,82,16,183
3881,67,33,65,17,182
3882,68,16,65,17,166
3883,52,16,65,17,150
3885,67,31,67,18,183
3886,81,35,50,16,182
3888,66,18,50,16,150
3890,67,16,52,16,151
3892,68,16,83,22,189
3893,50,16,83,22,171
3894,50,34,71,17,172
3896,66,19,53,17,155
3897,69,36,66,16,187
3899,71,34,66,17,188
3900,55,34,66,17,172
3901,53,17,66,17,153
3903,66,34,50,17,167
3905,66,34,82,21,203
3907,68,33,70,14,185
3909,50,17,70,14,151
3910,84,36,63,16,199
3911,67,36,63,16,182
3912,66,21,63,16,166
3914,53,29,66,16,164
3915,65,34,67,16,182
3917,63,32,51,17,163
3918,65,16,51,17,149
3919,66,35,67,17,185
3920,65,19,67,17,168
3922,67,17,83,17,184
3923,51,17,83,17,168
3925,67,33,67,16,183
3926,51,33,67,16,167
3927,67,33,83,18,201
3928,65,17,83,18,183
3929,66,34,67,17,184
3930,49,34,67,17,167
3931,67,31,53,15,166
3932,51,31,53,15,150
3933,65,36,81,17,199
3935,67,32,66,17,182
3937,53,15,66,17,151
3939,66,32,84,18,200
3942,50,35,67,17,169
3943,67,33,51,16,167
3944,52,33,51,16,152
3945,68,34,65,17,184
3946,67,18,65,17,167
3947,67,33,68,15,183
3950,51,32,51,16,150
3951,65,36,82,16,199
3952,65,19,82,16,182
3953,68,31,67,16,182
3955,51,16,67,16,150
3956,50,34,67,17,168
3957,65,33,51,17,166
3958,67,16,51,17,151
3959,67,34,66,16,183
3960,65,18,66,16,165
3961,67,34,65,17,183
3962,67,17,65,17,166
3964,52,32,83,16,183
3966,65,17,66,19,167
3967,65,34,51,16,166
3970,67,16,67,18,168
3973,51,16,50,17,134
3974,51,32,67,16,166
3975,67,35,82,16,200
3976,66,17,82,16,181
3978,51,32,66,17,166
3980,65,17,68,16,166
3981,82,16,68,17,183
3983,66,35,81,19,201
3984,50,35,81,19,185
3986,51,33,67,17,168
3987,51,17,67,17,152
3988,51,33,51,17,152
3990,65,19,67,15,166
3991,67,34,64,18,183
3992,67,17,64,18,166
3993,51,17,64,18,150
3994,53,33,83,16,185
3995,67,31,68,16,182
3996,65,16,68,16,165
3997,64,35,67,16,182
3999,66,33,67,16,182
4000,68,16,67,16,167
4002,66,18,66,16,166
4005,50,17,68,16,151
4006,51,33,84,15,183
4007,66,35,64,17,182
4008,66,19,64,17,166
4010,52,32,83,16,183
4011,67,32,67,17,183
4012,68,15,67,17,167
4014,65,18,66,16,165
4016,66,16,68,17,167
4019,66,34,66,17,183
4020,66,18,66,17,167
4021,68,32,51,17,168
4022,51,32,51,17,151
4023,66,34,68,15,183
4024,66,18,68,15,167
4026,66,17,66,16,165
4027,51,17,66,16,150
4028,52,34,81,19,186
4029,68,32,68,15,183
4030,66,17,68,15,166
4031,66,33,82,18,199
4032,52,33,82,18,185
4033,65,35,65,16,181
4034,66,19,65,16,166
4035,68,33,65,18,184
4036,52,33,65,18,168
4037,68,32,84,17,201
4042,69,15,52,16,152
4043,51,15,52,16,134
4045,68,33,66,16,183
4046,50,33,66,16,165
4047,52,16,66,16,150
4048,84,32,67,17,200
4049,67,32,67,17,183
4051,66,33,51,20,170
4052,50,33,51,20,154
4053,65,34,84,16,199
4055,67,37,63,17,184
4057,51,20,63,17,151
4058,55,28,52,17,152
4060,67,16,84,15,182
4061,63,34,65,17,179
4062,51,34,65,17,167
4063,52,17,65,17,151
4064,50,32,84,16,182
4065,84,15,67,17,183
4066,67,15,67,17,166
4067,65,34,66,18,183
4068,50,34,66,18,168
4069,67,33,67,16,183
4070,66,16,67,16,165
4071,67,33,50,18,168
4072,50,33,50,18,151
4073,66,34,51,17,168
4074,67,16,51,17,151
4075,51,16,51,17,135
4076,66,18,82,18,184
4077,50,18,82,18,168
4081,66,34,51,15,166
4082,65,18,51,15,149
4083,66,32,67,21,186
4084,65,17,67,21,170
4085,66,34,54,13,167
4087,51,15,54,13,133
4089,67,34,67,17,185
4090,69,13,67,17,166
4093,68,33,65,18,184
4094,63,17,65,18,163
4095,67,32,68,17,184
4096,67,15,68,17,167
4098,66,16,84,19,185
4100,66,17,68,14,165
4101,68,33,66,18,185
4103,68,35,66,15,184
4104,66,19,66,15,166
4105,68,31,83,18,200
4106,51,31,83,18,183
4107,66,35,66,17,184
4108,68,17,66,17,168
4109,66,32,51,15,164
4110,52,32,51,15,150
4111,67,34,66,17,184
4112,65,18,66,17,166
4114,51,32,51,17,151
4115,51,15,51,17,134
4116,84,34,66,16,200
4117,66,34,66,16,182
4119,51,17,66,16,150
4120,82,34,68,17,201
4121,66,34,68,17,185
4122,67,16,68,17,168
4123,66,33,52,16,167
4124,50,33,52,16,151
4127,68,33,66,16,183
4128,52,33,66,16,167
4129,52,16,66,16,150
4130,51,33,82,18,184
4131,66,33,67,18,184
4133,66,33,52,16,167
4135,66,34,84,16,200
4137,67,34,66,17,184
4138,51,34,66,17,168
4139,52,16,66,17,151
4140,52,31,52,17,152
4142,82,34,65,17,198
4144,51,34,65,17,167
4146,50,32,66,17,165
4147,66,33,84,17,200
4148,82,33,68,16,199
4149,65,33,68,16,182
4150,66,16,68,16,166
4152,66,16,51,19,152
4153,66,35,66,16,183
4154,67,17,66,16,166
4155,68,35,64,18,185
4158,52,31,51,15,149
4161,64,33,67,17,181
4162,67,15,67,17,166
4164,50,35,82,18,185
4165,68,32,68,17,185
4166,65,17,68,17,167
4168,67,16,68,17,168
4169,65,35,83,16,199
4170,85,33,66,17,201
4173,52,16,66,17,151
4175,65,34,67,16,182
4177,66,35,65,17,183
4178,66,18,65,17,166
4179,69,32,66,19,186
4180,51,32,66,19,168
4181,67,33,52,16,168
4182,50,33,52,16,151
4183,65,33,67,16,181
4186,69,16,66,16,167
4187,52,16,66,16,150
4188,67,16,68,17,168
4189,67,34,51,16,168
4190,64,18,51,16,149
4191,66,34,83,15,198
4193,68,33,65,17,183
4195,51,16,65,17,149
4196,51,33,83,17,184
4197,66,32,68,18,184
4198,66,15,68,18,167
4199,65,35,51,14,165
4201,67,33,84,16,200
4202,66,17,84,16,183
4203,68,32,68,17,185
4204,51,32,68,17,168
4206,83,34,67,17,201
4207,66,34,67,17,184
4208,82,33,51,17,183
4209,68,33,51,17,169
4212,83,34,66,16,199
4213,67,34,66,16,183
4214,67,17,66,16,166
4216,52,31,51,16,150
4217,65,35,84,16,200
4218,66,17,84,16,183
4220,66,16,68,17,167
4223,65,35,67,16,183
4225,68,32,51,17,168
4226,51,32,51,17,151
4227,52,15,51,17,135
4228,83,33,67,16,199
4229,67,33,67,16,183
4231,51,17,67,16,151
4232,68,15,68,17,168
4233,81,19,65,17,182
4234,65,19,65,17,166
4235,67,33,82,17,199
4236,50,33,82,17,182
4237,68,32,67,17,184
4238,52,32,67,17,168
4239,65,35,82,18,200
4242,65,17,68,17,167
4244,50,33,52,16,151
4245,65,35,82,17,199
4247,68,33,66,17,184
4248,51,33,66,17,167
4249,52,16,66,17,151
4250,51,33,83,16,183
4251,66,33,66,17,182
4253,66,33,50,16,165
4255,66,33,52,17,168
4257,66,33,67,16,182
4259,50,16,67,16,149
4260,68,17,66,16,167
4263,67,35,67,15,184
4264,64,19,67,15,165
4265,66,33,65,18,182
4266,52,33,65,18,168
4268,52,34,81,19,186
4269,67,31,69,17,184
4270,66,16,69,17,168
4271,65,35,51,16,167
4273,66,34,81,19,200
4276,51,33,67,14,165
4277,51,16,67,14,148
4279,66,34,81,17,198
4282,53,33,65,19,170
4283,67,33,51,16,167
4285,66,32,68,17,183
4286,67,17,68,17,169
4287,65,35,66,17,183
4288,68,16,66,17,167
4290,52,33,82,16,183
4291,68,33,65,19,185
4292,66,16,65,19,166
4293,66,33,51,17,167
4296,65,16,69,16,166
4297,65,36,65,19,185
4298,67,17,65,19,168
4300,52,33,67,17,169
4301,52,17,67,17,153
4302,66,16,52,16,150
4305,67,33,84,16,200
4309,66,32,69,17,184
4310,65,16,69,17,167
4312,83,34,84,16,217
4314,51,34,84,16,185
4315,69,31,53,16,169
4317,51,14,53,16,134
4319,65,35,66,16,182
4320,67,16,66,16,165
4321,53,16,66,16,151
4322,66,16,89,14,185
4324,64,18,69,15,166
4326,66,16,52,18,152
4328,73,14,66,15,168
4330,53,33,67,16,169
4331,52,18,67,16,153
4332,63,17,66,16,162
4334,66,19,65,17,167
4336,67,16,66,17,166
4337,66,33,50,17,166
4338,51,33,50,17,151
4340,66,16,69,16,167
4341,66,34,51,17,168
4343,50,17,51,17,135
4344,50,35,65,16,166
4346,68,17,67,15,167
4349,65,35,83,22,205
4350,65,19,83,22,189
4351,67,31,74,29,201
4352,50,31,74,29,184
4353,66,34,69,15,184
4354,69,15,69,15,168
4355,65,40,65,13,183
4356,68,22,65,13,168
4359,69,36,63,14,182
4360,51,36,63,14,164
4361,65,31,81,17,194
4363,67,32,66,17,182
4364,68,16,66,17,167
4365,63,33,66,17,179
4367,65,33,71,13,182
4368,82,33,51,17,183
4369,66,33,51,17,167
4371,66,38,63,16,183
4376,51,33,65,19,168
4377,63,33,51,15,162
4378,66,17,51,15,149
4379,66,32,67,16,181
4381,65,34,83,17,199
4385,67,34,68,16,185
4386,64,18,68,16,166
4387,67,33,51,15,166
4388,83,35,64,18,200
4389,67,35,64,18,184
4390,51,35,64,18,168
4392,52,31,67,18,168
4393,51,15,67,18,151
4394,50,33,68,17,168
4395,64,34,51,17,166
4396,66,16,51,17,150
4397,51,16,51,17,135
4398,67,16,66,18,167
4399,68,34,81,18,201
4402,50,32,67,17,166
4404,67,16,84,15,182
4406,65,18,66,18,167
4408,66,17,63,20,166
4409,67,32,67,19,185
4410,69,15,67,19,170
4411,51,15,67,19,152
4412,67,13,55,14,149
4414,66,16,68,14,164
4419,51,17,65,17,150
4421,67,33,84,18,202
4422,65,17,84,18,184
4423,65,33,69,16,183
4424,68,16,69,16,169
4425,66,33,86,15,200
4427,66,36,65,18,185
4428,67,18,65,18,168
4429,69,33,67,15,184
4431,69,32,68,17,186
4432,68,15,68,17,168
4433,65,35,67,16,183
4434,67,17,67,16,167
4436,65,18,66,18,167
4437,68,34,50,14,166
4438,67,17,50,14,148
4440,68,16,66,18,168
4441,66,32,52,15,165
4442,67,14,52,15,148
4444,82,33,84,16,215
4445,66,33,84,16,199
4446,66,15,84,16,181
4447,52,15,84,16,167
4449,67,34,83,16,200
4450,66,17,83,16,182
4451,51,17,83,16,167
4452,65,16,67,16,164
4454,66,16,50,19,151
4455,65,34,84,17,200
4456,67,16,84,17,184
4457,67,35,66,16,184
4459,50,19,66,16,151
4460,66,18,65,19,168
4461,68,33,51,16,168
4462,68,17,51,16,152
4464,51,32,68,16,167
4466,68,16,83,16,183
4468,51,33,66,17,167
4470,65,16,51,16,148
4471,65,34,69,15,183
4472,67,16,69,15,167
4473,50,16,69,15,150
4474,50,33,51,17,151
4476,68,17,64,16,165
4477,69,32,83,17,201
4478,52,32,83,17,184
4480,65,16,68,16,165
4482,65,19,65,16,165
4483,67,33,66,18,184
4484,67,17,66,18,168
4486,52,32,52,15,151
4489,66,33,68,16,183
4490,50,33,68,16,167
4491,52,15,68,16,151
4493,67,34,82,16,199
4494,65,18,82,16,181
4495,68,33,65,19,185
4496,52,33,65,19,169
4497,50,17,65,19,151
4499,66,32,84,16,198
4500,82,34,66,16,198
4501,65,34,66,16,181
4502,67,15,66,16,164
4503,51,15,66,16,148
4504,50,33,68,17,168
4506,65,16,52,17,150
4507,66,35,65,18,184
4508,50,35,65,18,168
4510,51,34,81,19,185
4511,52,17,81,19,169
4512,53,31,69,16,169
4514,66,16,51,16,149
4515,65,35,64,19,183
4516,66,19,64,19,168
4517,69,32,68,16,185
4518,67,16,68,16,167
4519,51,16,68,16,151
4521,64,36,64,19,183
4523,51,17,64,19,151
4526,51,30,52,16,149
4528,67,17,65,16,165
4530,67,16,69,16,168
4532,82,36,64,16,198
4533,65,36,64,16,181
4534,65,20,64,16,165
4536,53,32,66,16,167
4538,52,32,50,17,151
4539,64,34,67,15,180
4540,64,18,67,15,164
4541,66,33,83,17,199
4542,65,17,83,17,182
4543,50,17,83,17,167
4544,51,34,66,18,169
4545,67,32,52,17,168
4547,66,34,83,16,199
4548,67,17,83,16,183
4549,66,35,64,17,182
4550,51,35,64,17,167
4552,52,32,67,15,166
4555,64,35,84,16,199
4556,67,18,84,16,185
4557,67,33,67,15,182
4559,68,32,68,15,183
4560,51,32,68,15,166
4561,65,35,67,15,182
4565,68,34,66,15,183
4566,64,19,66,15,164
4569,65,35,65,18,183
4572,51,33,67,17,168
4573,68,32,52,14,166
4574,67,16,52,14,149
4576,68,17,82,17,184
4577,67,31,68,18,184
4579,52,14,68,18,152
4580,67,15,52,15,149
4581,65,34,68,15,182
4582,65,17,68,15,165
4583,68,33,69,15,185
4584,67,15,69,15,166
4585,52,15,69,15,151
4586,85,34,81,17,217
4587,68,34,81,17,200
4589,69,34,64,17,184
4590,66,19,64,17,166
4591,68,31,67,17,183
4592,53,31,67,17,168
4593,65,33,51,17,166
4594,66,17,51,17,151
4597,67,34,82,21,204
4600,51,33,70,17,171
4601,67,32,55,13,167
4602,50,32,55,13,150
4603,65,38,79,18,200
4606,54,30,67,15,166
4607,55,13,67,15,150
4608,51,32,85,16,184
4609,62,35,66,16,179
4611,67,32,84,16,199
4612,52,32,84,16,184
4613,67,34,66,17,184
4615,66,33,67,16,182
4617,67,33,66,19,185
4618,66,16,66,19,167
4619,66,34,51,16,167
4621,67,32,85,16,200
4622,66,16,85,16,183
4624,68,16,66,17,167
4627,67,34,67,17,185
4628,66,16,67,17,166
4629,50,16,67,17,150
4633,67,33,84,15,199
4634,67,16,84,15,182
4636,67,16,67,18,168
4637,65,34,51,17,167
4638,65,17,51,17,150
4639,66,33,67,17,183
4640,68,15,67,17,167
4641,52,15,67,17,151
4645,67,33,68,16,184
4646,66,16,68,16,166
4647,65,34,67,16,182
4649,67,34,66,16,183
4650,68,16,66,16,166
4652,51,33,66,17,167
4653,67,33,50,16,166
4655,66,33,68,16,183
4657,66,33,51,16,166
4658,50,33,51,16,150
4660,69,16,67,15,167
4661,68,32,69,16,185
4663,51,16,69,16,152
4664,83,34,65,16,198
4665,67,34,65,16,182
4667,69,32,83,25,209
4669,50,16,83,25,174
4670,51,33,75,26,185
4676,59,26,66,16,167
4677,67,32,68,19,186
4678,51,32,68,19,170
4679,58,34,53,13,158
4682,50,34,65,18,167
4683,68,32,51,17,168
4684,52,32,51,17,152
4685,53,13,51,17,134
4686,50,33,84,18,185
4687,65,35,67,16,183
4688,64,17,67,16,164
4689,51,17,67,16,151
4691,67,35,67,15,184
4694,52,33,49,17,151
4695,68,34,81,18,201
4697,67,32,67,16,182
4700,84,34,67,16,201
4701,65,34,67,16,182
4702,66,18,67,16,167
4705,67,34,83,16,200
4707,67,32,67,16,182
4708,51,32,67,16,166
4709,50,16,67,16,149
4710,85,32,66,18,201
4711,67,32,66,18,183
4712,67,16,66,18,167
4713,51,16,66,18,151
4715,65,33,67,16,181
4716,65,17,67,16,165
4717,66,35,65,16,182
4720,52,32,67,17,168
4721,67,33,51,16,167
4722,65,17,51,16,149
4723,65,34,66,16,181
4725,67,33,68,16,184
4727,51,16,68,16,151
4728,51,33,51,17,152
4729,66,35,83,16,200
4730,65,19,83,16,183
4731,68,33,66,16,183
4732,67,17,66,16,166
4733,51,17,66,16,150
4734,52,33,84,16,185
4736,67,16,67,16,166
4738,50,33,68,14,165
4739,66,34,82,17,199
4741,67,34,65,18,184
4742,67,18,65,18,168
4745,66,33,68,17,184
4746,66,17,68,17,168
4747,65,34,51,16,166
4748,51,34,51,16,152
4749,67,34,66,16,183
4750,67,18,66,16,167
4751,68,33,65,19,185
4752,67,16,65,19,167
4753,51,16,65,19,151
4755,66,32,69,16,183
4756,65,16,69,16,166
4757,65,35,67,15,182
4758,67,16,67,15,165
4759,51,16,67,15,149
4762,66,17,53,14,150
4763,67,33,84,15,199
4765,66,34,65,17,182
4766,70,14,65,17,166
4767,53,14,65,17,149
4768,52,32,50,16,150
4769,66,33,68,16,183
4770,64,15,68,16,163
4772,49,33,51,16,149
4773,50,16,51,16,133
4774,83,32,68,16,199
4775,68,32,68,16,184
4777,51,16,68,16,151
4778,84,33,67,17,201
4779,67,33,67,17,184
4781,68,32,52,16,168
4782,67,16,52,16,151
4783,65,35,83,16,199
4785,67,33,66,17,183
4787,52,16,66,17,151
4788,81,34,67,16,198
4792,50,33,66,18,167
4793,51,16,66,18,151
4795,67,32,52,17,168
4797,66,35,67,16,184
4798,68,17,67,16,168
4799,67,34,83,16,200
4800,51,34,83,16,184
4801,52,17,83,16,168
4802,51,33,66,17,167
4803,67,31,52,15,165
4806,84,32,68,16,200
4808,67,15,68,16,166
4809,52,15,68,16,151
4810,83,33,66,18,200
4811,67,33,66,18,184
4812,66,17,66,18,167
4813,68,34,67,16,185
4814,67,18,67,16,168
4819,67,32,83,18,200
4820,51,32,83,18,184
4821,67,33,68,14,182
4822,82,33,68,15,198
4825,66,35,65,17,183
4826,65,18,65,17,165
4827,68,33,82,18,201
4828,52,33,82,18,185
4831,65,34,83,18,200
4832,51,34,83,18,186
4833,66,34,67,17,184
4834,67,18,67,17,169
4835,68,33,66,17,184
4836,51,33,66,17,167
4837,67,34,83,16,200
4839,67,32,67,17,183
4840,51,32,67,17,167
4842,67,17,83,16,183
4843,66,33,66,17,182
4844,66,16,66,17,165
4845,67,34,66,16,183
4846,67,17,66,16,166
4847,67,32,68,15,182
4849,66,34,84,17,201
4851,66,34,67,16,183
4854,51,32,83,18,184
4855,66,35,66,17,184
4856,68,17,66,17,168
4857,67,32,51,16,166
4858,52,32,51,16,151
4859,67,34,66,17,184
4860,83,33,84,16,216
4861,66,33,84,16,199
4862,50,33,84,16,183
4863,51,16,84,16,167
4864,51,33,67,17,168
4865,66,34,84,16,200
4866,66,17,84,16,183
4870,67,17,66,16,166
4871,84,16,82,18,200
4872,67,16,82,18,183
4874,50,33,67,17,167
4875,66,33,85,15,199
4876,65,17,85,15,182
4877,66,34,51,15,166
4878,65,18,51,15,149
4880,51,32,52,15,150
4881,66,34,51,16,167
4887,51,16,51,17,135
4888,82,35,65,18,200
4889,67,35,65,18,185
4891,51,17,65,18,151
4893,66,34,84,17,201
4894,66,16,84,17,183
4895,65,35,66,16,182
4898,51,31,84,17,183
4901,66,33,66,18,183
4902,51,33,66,18,168
4903,68,33,68,16,185
4904,66,17,68,16,167
4905,66,33,84,16,199
4906,50,33,84,16,183
4907,66,35,65,17,183
4908,50,35,65,17,167
4909,68,32,83,18,201
4910,51,32,83,18,184
4911,67,33,68,15,183
4914,66,17,67,16,166
4915,67,34,83,15,199
4916,84,33,65,17,199
4917,68,33,65,17,183
4918,51,33,65,17,166
4920,51,33,82,19,185
4922,68,15,69,16,168
4924,66,17,68,16,167
4925,66,35,66,16,183
4926,65,19,66,16,166
4927,69,33,64,19,185
4928,52,33,64,19,168
4929,68,33,50,16,167
4930,52,33,50,16,151
4931,66,31,69,16,182
4933,64,35,67,16,182
4934,67,16,67,16,166
4935,50,16,67,16,149
4936,66,18,67,16,167
4937,69,33,50,17,169
4938,66,17,50,17,150
4942,51,33,67,16,167
4943,50,17,67,16,150
4944,51,32,51,17,151
4945,65,35,65,18,183
4946,66,18,65,18,167
4947,67,33,66,18,184
4948,50,33,66,18,167
4950,68,15,52,16,151
4952,67,16,66,17,166
4953,50,16,66,17,149
4954,67,16,66,16,165
4956,66,16,68,17,167
4957,66,34,51,16,167
4958,65,17,51,16,149
4959,49,17,51,16,133
4960,66,18,83,19,186
4961,68,33,69,13,183
4962,68,16,69,13,166
4963,51,16,69,13,149
4964,51,32,84,18,185
4965,65,37,65,15,182
4966,66,19,65,15,165
4968,52,31,67,17,167
4969,50,18,67,17,152
4970,66,18,65,18,167
4971,65,33,66,16,180
4972,52,33,66,16,167
4974,51,32,50,18,151
4978,65,18,66,17,166
4979,50,18,66,17,151
4980,66,16,51,16,149
4981,66,34,83,16,199
4982,84,33,66,17,200
4985,51,16,66,17,150
4986,82,33,68,17,200
4987,66,33,68,17,184
4988,66,16,68,17,167
4989,66,34,68,15,183
4991,83,18,67,16,184
4992,66,18,67,16,167
4995,68,33,67,20,188
4997,67,33,54,14,168
4999,82,18,67,16,183
5000,67,18,67,16,168
5003,54,14,65,16,149
5004,52,33,83,15,183
5006,63,16,66,17,162
5007,65,33,84,17,199
5008,67,17,84,17,185
5010,67,15,68,17,167
5013,67,34,50,16,167
5014,66,17,50,16,149
5015,51,17,50,16,134
5016,51,33,84,15,183
5019,50,16,66,17,149
5020,65,17,83,18,183
5021,66,33,68,17,184
5022,67,15,68,17,167
5023,66,34,66,18,184
5024,50,34,66,18,168
5026,83,32,67,17,199
5027,68,32,67,17,184
5028,51,32,67,17,167
5029,66,34,67,16,183
5030,68,16,67,16,167
5032,66,16,66,21,169
5033,67,34,53,14,168
5034,66,17,53,14,150
5035,67,32,67,17,183
5036,66,16,67,17,166
5037,66,35,82,18,201
5040,51,32,50,18,151
5042,63,17,83,17,180
5044,66,18,66,16,166
5045,50,18,66,16,150
5046,68,15,68,17,168
5047,66,34,51,16,167
5049,66,34,83,16,199
5050,65,18,83,16,182
5052,51,33,66,16,166
5053,51,16,66,16,149
5055,67,32,52,14,165
5057,66,33,67,18,184
5058,66,17,67,18,168
5060,68,14,52,16,150
5061,52,14,52,16,134
5062,84,34,82,18,218
5064,66,16,82,18,182
5065,52,16,82,18,168
5066,50,33,67,16,166
5067,67,33,66,15,181
5068,66,16,66,15,163
5070,84,32,68,17,201
5071,67,32,68,17,184
5072,66,16,68,17,167
5075,67,33,67,17,184
5076,68,16,67,17,168
5077,68,33,67,16,184
5078,53,33,67,16,169
5079,66,34,66,16,182
5080,83,33,83,16,215
5081,67,33,83,16,199
5083,67,33,66,18,184
5084,50,33,66,18,167
5085,66,33,51,16,166
5088,67,16,68,16,167
5090,68,16,66,18,168
5091,51,16,66,18,151
5092,84,32,85,16,217
5093,68,32,85,16,201
5094,66,16,85,16,183
5095,66,35,66,16,183
5096,68,17,66,16,167
5097,50,17,66,16,149
5098,51,32,67,16,166
5100,67,16,66,33,182
5101,66,33,66,20,185
5102,50,33,66,20,169
5103,67,33,53,17,170
5105,66,33,70,15,184
5108,70,17,84,16,187
5109,53,17,84,16,170
5110,70,33,67,16,186
5111,67,33,67,16,183
5113,66,34,66,16,182
5114,68,16,66,16,166
5116,52,33,82,19,186
5117,67,33,68,15,183
5118,65,17,68,15,165
5119,66,32,68,18,184
5124,52,32,67,16,167
5125,51,17,67,16,151
5126,51,34,82,16,183
5127,66,33,65,17,181
5129,67,33,83,17,200
5130,65,17,83,17,182
5133,65,35,66,17,183
5134,66,18,66,17,167
5135,67,33,84,15,199
5136,67,17,84,15,183
5137,68,33,66,19,186
5138,51,33,66,19,169
5139,66,33,52,16,167
5141,66,33,68,17,184
5142,67,15,68,17,167
5143,66,35,66,18,185
5144,68,16,66,18,168
5145,52,16,66,18,152
5146,66,17,66,18,167
5147,68,33,51,16,168
5148,66,16,51,16,149
5149,66,33,85,15,199
5150,68,15,85,15,183
5152,67,16,66,17,166
5154,65,17,66,19,167
5155,67,33,52,14,166
5156,67,15,52,14,148
5158,67,16,68,15,166
5161,52,14,68,17,151
5162,66,18,82,18,184
5164,64,18,67,17,166
5165,68,34,66,17,185
5166,51,34,66,17,168
5167,67,33,67,15,182
5168,67,18,67,15,167
5169,67,33,49,17,166
5170,50,33,49,17,149
5171,66,34,83,15,198
5172,68,17,83,15,183
5175,49,17,66,17,149
5176,65,17,50,18,150
5177,65,33,68,16,182
5179,66,35,70,31,202
5181,50,18,70,31,169
5182,50,33,68,15,166
5183,68,37,80,16,201
5184,51,37,80,16,184
5185,70,31,65,17,183
5187,68,31,67,16,182
5188,52,31,67,16,166
5189,62,34,67,16,179
5190,67,16,67,16,166
5191,65,33,84,17,199
5192,67,16,84,17,184
5193,51,16,84,17,168
5194,65,18,67,17,167
5196,66,16,52,17,151
5197,66,35,83,17,201
5198,68,17,83,17,185
5201,52,17,66,15,150
5202,51,33,67,15,166
5203,67,33,66,18,184
5204,66,17,66,18,167
5205,66,34,66,17,183
5206,49,34,66,17,166
5207,67,32,51,16,166
5208,66,17,51,16,150
5209,49,17,51,16,133
5210,51,34,67,16,168
5211,66,33,67,16,182
5213,51,16,67,16,150
5215,67,33,50,16,166
5216,66,17,50,16,149
5218,51,33,53,13,150
5219,66,33,66,18,183
5220,67,16,66,18,167
5222,50,33,51,17,151
5223,53,13,51,17,134
5225,66,35,65,18,184
5229,67,33,51,16,167
5231,65,35,67,16,183
5232,67,17,67,16,167
5233,51,17,67,16,151
5234,65,16,67,17,165
5235,51,16,67,17,151
5236,65,19,83,17,184
5238,51,32,68,16,167
5239,67,33,85,16,201
5240,51,33,85,16,185
5241,65,35,66,17,183
5243,68,32,51,15,166
5244,51,32,51,15,149
5247,66,32,51,16,165
5248,50,32,51,16,149
5249,51,15,51,16,133
5250,65,18,82,18,183
5252,66,16,68,16,166
5253,51,16,68,16,151
5256,66,18,66,16,166
5257,68,33,84,15,200
5258,52,33,84,15,184
5260,65,19,66,17,167
5261,66,34,83,16,199
5262,66,18,83,16,183
5265,66,33,50,18,167
5266,50,33,50,18,151
5267,65,34,67,16,182
5268,82,34,83,17,216
5269,67,34,83,17,201
5271,50,18,83,17,168
5272,50,33,67,16,166
5273,67,32,83,19,201
5274,51,32,83,19,185
5275,65,35,67,16,183
5276,66,17,67,16,166
5278,51,33,66,16,166
5279,51,17,66,16,150
5282,51,32,67,17,167
5283,50,16,67,17,150
5284,51,35,81,19,186
5286,67,16,68,16,167
5289,65,35,65,17,182
5290,65,19,65,17,166
5293,51,17,81,17,166
5294,52,32,66,17,167
5297,65,33,67,17,182
5298,65,17,67,17,166
5299,66,35,65,17,183
5300,66,18,65,17,166
5301,68,32,84,18,202
5302,69,15,84,18,186
5303,67,33,69,16,185
5305,65,34,51,15,165
5306,65,17,51,15,148
5307,50,17,51,15,133
5308,67,18,83,16,184
5310,52,31,68,17,168
5312,68,16,67,16,167
5313,66,33,50,17,166
5315,68,34,83,17,202
5316,66,17,83,17,183
5317,67,33,67,16,183
5318,66,17,67,16,166
5322,67,17,65,18,167
5323,67,33,83,16,199
5324,66,17,83,16,182
5325,51,17,83,16,167
5326,66,16,67,16,165
5327,65,34,67,15,181
5328,67,16,67,15,165
5329,50,16,67,15,148
5330,67,16,67,18,168
5333,67,33,66,18,184
5335,67,33,51,17,168
5336,51,33,51,17,152
5337,51,15,51,17,134
5338,68,16,52,16,152
5339,66,35,82,16,199
5340,66,17,82,16,181
5341,51,17,82,16,166
5342,51,33,65,17,166
5343,52,16,65,17,150
5346,81,34,66,18,199
5347,65,34,66,18,183
5348,50,34,66,18,168
5349,67,35,83,17,202
5350,68,17,83,17,185
5351,52,17,83,17,169
5353,66,34,68,16,184
5355,65,35,66,16,182
5357,52,17,66,16,151
5358,67,17,84,16,184
5359,68,33,67,16,184
5361,66,32,51,18,167
5362,66,16,51,18,151
5364,68,16,65,17,166
5366,51,34,66,16,167
5367,51,18,66,16,151
5368,81,35,66,17,199
5369,65,35,66,17,183
5371,66,32,85,15,198
5372,51,32,85,15,183
5374,68,16,66,17,167
5375,66,31,52,17,166
5378,67,15,66,18,166
5380,66,17,83,16,182
5382,65,16,67,17,165
5385,50,17,65,17,149
5387,67,33,52,17,169
5388,66,16,52,17,151
5389,65,33,68,17,183
5390,66,16,68,17,167
5393,52,17,65,16,150
5394,52,32,66,18,168
5395,68,33,68,16,185
5397,65,33,51,16,165
5400,67,17,65,17,166
5401,68,32,83,16,199
5402,68,16,83,16,183
5403,51,16,83,16,166
5406,66,17,51,16,150
5407,50,17,51,16,134
5408,66,16,69,15,166
5411,51,16,67,15,149
5412,51,34,66,17,168
5413,69,33,82,18,202
5415,67,33,67,17,184
5416,51,33,67,17,168
5417,66,33,82,19,200
5418,51,33,82,19,185
5419,66,34,67,16,183
5421,67,33,67,16,183
5422,50,33,67,16,166
5425,67,33,66,17,183
5426,50,33,66,17,166
5427,67,32,85,16,200
5428,52,32,85,16,185
5429,65,34,51,16,166
5431,66,33,67,16,182
5432,67,16,67,16,166
5433,67,34,66,16,183
5434,67,16,66,16,165
5435,51,16,66,16,149
5436,66,17,83,18,184
5438,65,17,68,16,166
5440,66,18,82,18,184
5442,67,18,66,16,167
5444,52,32,67,16,167
5447,66,33,67,16,182
5448,66,17,67,16,166
5449,67,33,84,16,200
5450,51,33,84,16,184
5451,66,34,66,16,182
5453,67,31,51,17,166
5454,51,31,51,17,150
5455,65,35,83,18,201
5456,82,33,68,17,200
5457,66,33,68,17,184
5458,50,33,68,17,168
5459,51,17,68,17,153
5460,83,34,84,16,217
5461,67,34,84,16,201
5462,67,18,84,16,185
5464,51,32,68,17,168
5465,51,15,68,17,151
5466,50,33,52,17,152
5467,65,35,66,17,183
5468,67,16,66,17,166
5469,68,34,66,17,185
5470,68,17,66,17,168
5473,66,34,66,17,183
5474,66,17,66,17,166
5476,51,34,65,17,167
5479,66,33,68,16,183
5480,66,16,68,16,166
5481,65,34,84,16,199
5482,66,17,84,16,183
5483,67,34,66,17,184
5486,51,32,74,31,188
5487,66,34,71,30,201
5488,67,16,71,30,184
5489,66,40,61,19,186
5490,67,23,61,19,170
5492,56,31,81,16,184
5493,71,30,67,15,183
5494,54,30,67,15,166
5495,61,34,68,15,178
5497,64,33,67,18,182
5498,67,16,67,18,168
5499,51,16,67,18,152
5500,63,20,67,31,181
5501,68,32,66,17,183
5502,51,32,66,17,166
5504,52,35,82,17,186
5505,67,31,68,17,183
5506,52,31,68,17,168
5508,65,18,66,18,167
5509,66,33,51,16,166
5512,51,33,69,16,169
5513,66,34,51,32,183
5516,50,35,81,18,184
5519,51,48,67,17,183
5521,64,35,65,18,182
5522,83,32,51,33,199
5523,67,32,51,33,183
5524,51,32,51,33,167
5525,67,33,51,16,167
5528,67,49,51,33,200
5531,51,16,51,33,151
5534,67,50,70,16,203
5537,67,49,70,18,204
5538,50,49,70,18,187
5539,85,4,66,18,173
5541,70,16,67,17,170
5543,70,34,67,16,187
5544,66,34,67,16,183
5545,67,16,67,16,166
5546,67,34,65,18,184
5547,67,17,65,18,167
5548,68,33,67,16,184
5549,65,18,67,16,166
5550,67,32,51,16,166
5551,50,32,51,16,149
5553,68,17,83,16,184
5554,67,32,67,17,183
5555,67,16,67,17,167
5556,51,16,67,17,151
5557,66,18,66,16,166
5558,67,32,84,16,199
5561,67,17,66,17,167
5563,50,34,85,12,181
5564,68,32,65,18,183
5565,67,16,65,18,166
5567,50,34,66,16,166
5568,66,31,69,16,182
5569,69,12,69,16,166
5571,66,17,50,16,149
5572,66,34,83,16,199
5573,63,18,83,16,180
5574,51,18,83,16,168
5577,68,17,49,17,151
5578,67,32,67,18,184
5580,67,34,51,15,167
5582,49,17,51,15,132
5584,67,33,68,16,184
5587,68,16,50,16,150
5588,67,34,65,18,184
5589,65,18,65,18,166
5590,68,32,68,16,184
5593,50,33,51,16,150
5594,65,35,83,17,200
5595,67,17,83,17,184
5599,66,16,52,16,150
5600,65,35,67,16,183
5601,67,17,67,16,167
5602,68,33,83,16,200
5604,52,16,83,16,167
5605,50,34,65,16,165
5608,66,33,51,17,167
5610,65,35,66,16,182
5611,65,19,66,16,166
5613,67,17,66,16,166
5614,51,17,66,16,150
5615,52,33,67,16,168
5618,66,34,82,18,200
5620,67,33,67,15,182
5621,67,17,67,15,166
5622,50,17,67,15,149
5623,51,33,66,16,166
5625,84,32,68,17,201
5626,67,32,68,17,184
5629,50,34,82,19,185
5630,66,34,67,16,183
5631,67,18,67,16,168
5632,68,33,65,18,184
5633,52,33,65,18,168
5635,66,19,81,18,184
5637,50,31,68,16,165
5638,65,34,84,16,199
5640,81,18,66,17,182
5641,65,18,66,17,166
5642,68,34,66,16,184
5643,50,34,66,16,166
5644,68,32,67,18,185
5645,68,16,67,18,169
5646,66,34,51,16,167
5648,66,33,51,16,166
5652,51,16,83,17,167
5653,51,33,67,16,167
5654,51,16,67,16,150
5655,65,17,50,16,148
5657,66,17,66,16,165
5658,67,32,69,16,184
5661,83,35,83,16,217
5663,66,19,83,16,184
5664,69,33,50,16,168
5665,51,33,50,16,150
5666,51,17,50,16,134
5667,52,33,66,18,169
5668,66,33,51,16,166
5669,67,16,51,16,150
5671,50,33,66,18,167
5672,66,34,82,18,200
5673,67,16,82,18,183
5675,50,32,68,17,167
5677,66,17,65,17,165
5678,67,33,66,16,182
5679,66,18,66,16,166
5680,68,32,50,18,168
5681,67,15,50,18,150
5682,65,34,67,17,183
5684,66,34,66,17,183
5686,50,18,66,17,151
5687,68,16,67,16,167
5689,51,33,67,17,168
5690,50,16,67,17,150
5691,66,17,67,15,165
5693,66,17,67,16,166
5695,67,17,82,18,184
5697,66,18,67,16,167
5698,67,33,67,16,183
5699,50,33,67,16,166
5700,66,34,67,15,182
5703,51,33,83,16,183
5704,67,34,65,16,182
5705,51,34,65,16,166
5706,67,31,68,16,182
5707,51,31,68,16,166
5708,65,34,66,18,183
5709,67,16,66,18,167
5710,65,34,67,16,182
5712,68,32,51,17,168
5713,66,16,51,17,150
5715,68,17,82,18,185
5716,67,33,67,15,182
5717,51,33,67,15,166
5719,50,32,68,16,166
5721,66,18,66,17,167
5722,67,33,66,16,182
5723,50,33,66,16,165
5724,50,18,66,16,150
5729,66,17,50,17,150
5731,67,15,66,18,166
5732,66,34,68,16,184
5733,67,17,68,16,168
5736,66,36,66,16,184
5737,67,18,66,16,167
5738,68,33,82,18,201
5739,66,17,82,18,183
5741,51,33,67,15,166
5742,66,33,66,16,181
5743,66,17,66,16,165
5744,66,34,67,17,184
5746,67,32,52,15,166
5748,66,35,83,17,201
5751,52,32,68,17,169
5752,52,15,68,17,152
5753,51,35,66,16,168
5755,66,17,66,16,165
5756,51,17,66,16,150
5757,68,16,82,18,184
5758,66,33,67,15,181
5759,66,17,67,15,165
5760,66,34,66,16,182
5763,66,18,84,15,183
5765,51,33,66,17,167
5766,66,33,66,17,182
5767,67,17,66,17,167
5768,66,33,85,16,200
5769,69,15,85,16,185
5770,66,33,68,16,183
5773,65,16,51,17,149
5774,66,35,66,16,183
5778,51,17,66,16,150
5783,66,17,84,18,185
5784,84,16,68,15,183
5785,68,16,68,15,167
5786,67,33,68,16,184
5787,51,33,68,16,168
5788,67,35,66,16,184
5789,66,18,66,16,166
5791,51,33,83,16,183
5792,68,33,66,17,184
5793,51,33,66,17,167
5794,66,32,51,16,165
5795,51,32,51,16,150
5796,65,34,68,14,181
5797,67,16,68,14,165
5798,66,33,67,16,182
5799,67,16,67,16,166
5800,51,16,67,16,150
5801,84,32,67,16,199
5802,68,32,67,16,183
5803,65,18,67,16,166
5804,67,33,86,14,200
5805,50,33,86,14,183
5806,65,34,66,17,182
5807,67,18,66,17,168
5808,67,32,51,17,167
5809,51,32,51,17,151
5811,70,14,83,17,184
5813,50,34,66,17,167
5816,67,33,66,17,183
5817,83,33,67,16,199
5818,66,33,67,16,182
5819,66,16,67,16,165
5820,66,33,67,18,184
5821,67,16,67,18,168
5823,49,34,67,17,167
5824,67,33,84,16,200
5826,67,34,66,17,184
5827,68,16,66,17,167
5828,67,34,65,18,184
5829,51,34,65,18,168
5830,68,32,51,17,168
5831,66,16,51,17,150
5832,66,33,67,16,182
5834,65,35,83,16,199
5835,67,17,83,16,183
5836,51,17,83,16,167
5840,65,34,66,17,182
5842,67,34,67,16,184
5843,51,34,67,16,168
5844,51,17,67,16,151
5845,50,32,51,17,150
5846,66,35,66,16,183
5848,67,33,65,18,183
5849,66,17,65,18,166
5850,51,17,65,18,151
5854,65,35,83,17,200
5856,67,34,66,17,184
5857,51,34,66,17,168
5858,69,32,68,16,185
5859,67,16,68,16,167
5860,66,34,66,17,183
5861,68,17,66,17,168
5862,66,34,65,17,182
5863,67,17,65,17,166
5864,68,32,67,16,183
5865,67,16,67,16,166
5866,66,33,84,16,199
5867,66,16,84,16,182
5868,65,34,66,17,182
5869,66,17,66,17,166
5870,67,33,84,17,201
5871,50,33,84,17,184
5872,67,33,68,16,184
5874,66,33,51,17,167
5875,67,16,51,17,151
5876,66,35,66,16,183
5877,84,33,82,16,215
5880,51,17,82,16,166
5881,83,33,68,16,200
5882,66,33,68,16,183
5883,66,17,68,16,167
5884,66,32,52,16,166
5885,65,16,52,16,149
5886,65,36,66,16,183
5888,68,32,67,16,183
5889,52,32,67,16,167
5890,52,16,67,16,151
5891,51,34,84,15,184
5892,66,33,66,17,182
5893,50,33,66,17,166
5894,67,34,66,18,185
5896,67,32,52,16,167
5897,68,15,52,16,151
5898,66,34,51,16,167
5899,67,17,51,16,151
5900,66,34,83,16,199
5901,67,16,83,16,182
5902,52,16,83,16,167
5903,51,33,66,16,166
5904,51,16,66,16,149
5905,64,18,84,16,182
5906,66,33,67,17,183
5907,66,16,67,17,166
5909,51,35,66,16,168
5910,84,16,67,17,184
5911,67,16,67,17,167
5912,67,34,66,16,183
5914,66,33,83,16,198
5918,66,34,65,17,182
5919,50,34,65,17,166
5920,67,32,84,16,199
5922,66,33,67,17,183
5923,66,17,67,17,167
5924,65,33,85,17,200
5926,66,34,68,17,185
5927,68,16,68,17,169
5928,67,33,52,16,168
5930,67,35,66,17,185
5931,67,17,66,17,167
5935,67,16,66,16,165
5936,66,33,84,16,199
5937,66,16,84,16,182
5938,66,33,67,18,184
5941,65,19,50,16,150
5942,68,32,68,16,184
5945,51,34,84,16,185
5946,50,16,84,16,166
5947,50,34,66,16,166
5948,68,32,84,16,200
5949,66,16,84,16,182
5951,67,16,66,16,165
5952,66,32,50,17,165
5953,66,16,50,17,149
5954,66,34,83,18,201
5956,66,33,68,16,183
5957,50,33,68,16,167
5959,84,33,66,17,200
5960,68,33,66,17,184
5961,67,18,66,17,168
5962,68,33,66,16,183
5963,52,33,66,16,167
5964,82,17,99,21,219
5967,67,16,87,16,186
5970,68,31,53,19,171
5971,82,37,67,16,202
5973,71,16,67,16,170
5974,52,16,67,16,151
5976,68,32,84,15,199
5978,67,34,65,18,184
5979,51,34,65,18,168
5980,66,33,66,18,183
5981,66,17,66,18,167
5982,67,32,68,18,185
5983,68,15,68,18,169
5985,67,16,52,16,151
5986,66,34,67,16,183
5987,67,16,67,16,166
5988,52,16,67,16,151
5989,68,16,66,16,166
5990,52,16,66,16,150
5992,67,33,82,21,203
5993,65,17,82,21,185
5994,66,34,69,16,185
5995,65,18,69,16,168
5996,67,32,68,16,183
5997,67,16,68,16,167
