序号,发送->接收,接收->转发,转发->接收,接收->处理,总计
1,65,31,119,15,230
2,56,34,85,15,190
3,83,34,66,17,200
5,63,17,66,17,163
6,84,18,66,16,184
7,67,18,66,16,167
9,68,15,66,18,167
11,50,34,65,21,170
12,66,32,67,17,182
13,65,16,67,17,165
14,66,33,51,18,168
15,67,15,51,18,151
16,65,34,67,16,182
17,70,13,67,16,166
18,67,35,99,19,220
19,66,18,99,19,202
22,67,33,53,14,167
23,83,34,66,18,201
24,65,34,66,18,183
25,68,16,66,18,168
26,67,33,69,15,184
27,51,33,69,15,168
30,66,36,81,19,202
33,67,17,68,16,168
34,51,17,68,16,152
35,50,33,51,14,148
37,66,19,64,17,166
39,52,30,70,16,168
40,51,14,70,16,151
43,65,19,66,16,166
44,70,29,105,15,219
45,68,13,105,15,201
46,52,13,105,15,185
47,67,18,83,16,184
49,66,16,51,16,149
51,66,20,81,16,183
52,68,31,66,16,181
53,67,16,66,16,165
54,67,32,69,15,183
56,81,16,100,18,215
58,66,35,65,18,184
60,69,31,52,18,170
61,66,16,52,18,152
62,66,34,68,15,183
63,102,18,65,15,200
64,65,36,65,15,181
65,68,18,65,15,166
67,52,32,98,17,199
68,68,33,65,17,183
69,65,18,65,17,165
70,65,33,65,17,180
71,65,18,65,17,165
72,66,32,71,12,181
73,67,16,71,12,166
75,67,16,69,19,171
76,65,38,95,17,215
77,66,21,95,17,199
79,85,33,66,16,200
81,71,14,66,16,167
82,79,16,68,19,182
83,67,16,68,19,170
84,64,35,67,19,185
88,51,17,53,14,135
89,70,15,67,17,169
90,52,15,67,17,151
92,53,14,66,19,152
93,66,16,65,17,164
94,67,32,100,16,215
96,66,33,67,16,182
97,67,14,67,16,164
98,65,35,66,17,183
100,68,32,69,15,184
101,67,14,69,15,165
102,83,18,68,16,185
103,66,18,68,16,168
104,83,18,66,17,184
105,65,18,66,17,166
106,69,33,85,13,200
108,50,18,85,13,166
109,67,17,52,13,149
111,68,15,134,22,239
112,65,33,67,16,181
113,69,13,67,16,165
114,82,18,66,22,188
115,65,18,66,22,171
116,68,32,103,13,216
117,80,34,69,13,196
118,83,18,69,13,183
120,66,32,69,15,182
122,86,17,98,15,216
124,69,32,100,17,218
125,60,19,100,17,196
126,69,31,69,17,186
128,63,35,51,17,166
129,69,16,51,17,153
130,66,34,81,17,198
131,66,19,81,17,183
132,69,34,64,17,184
134,51,17,64,17,149
135,53,31,69,15,168
136,81,17,68,16,182
138,64,36,66,15,181
140,84,17,67,15,183
142,84,18,66,16,184
143,67,18,66,16,167
144,66,33,66,17,182
146,67,33,65,17,182
148,66,33,66,18,183
149,67,17,66,18,168
151,68,15,52,15,150
152,65,34,66,18,183
153,83,33,67,18,201
154,66,33,67,18,184
157,67,16,118,16,217
158,66,34,84,16,200
159,66,16,84,16,182
160,85,15,67,16,183
161,68,15,67,16,166
162,52,15,67,16,150
163,100,16,68,17,201
164,84,16,68,17,185
165,66,16,68,17,167
166,67,35,65,17,184
168,67,33,66,16,182
169,84,32,66,15,197
170,68,32,66,15,181
171,84,34,67,16,201
172,65,34,67,16,182
173,66,17,67,16,166
174,66,32,67,17,182
175,96,20,65,18,199
177,64,20,65,18,167
178,83,16,68,17,184
180,51,16,68,17,152
181,69,16,52,16,153
182,65,35,83,17,200
183,67,17,83,17,184
184,68,33,67,16,184
185,68,16,67,16,167
188,83,17,66,17,183
189,66,17,66,17,166
192,67,34,66,17,184
193,67,16,66,17,166
195,67,17,67,16,167
196,51,17,67,16,151
197,67,15,67,17,166
198,66,35,65,16,182
199,66,18,65,16,165
200,67,32,68,14,181
203,67,16,67,17,167
204,65,35,66,17,183
205,65,19,66,17,167
206,68,32,101,17,218
207,65,18,101,17,201
208,67,34,67,17,185
209,68,17,67,17,169
210,66,32,67,19,184
212,51,15,67,19,152
213,67,17,66,17,167
215,67,15,67,16,165
216,67,34,67,17,185
217,68,15,67,17,167
218,66,33,67,15,181
220,67,34,67,15,183
221,64,18,67,15,164
225,66,19,67,16,168
226,67,33,66,16,182
228,67,34,66,18,185
229,70,16,66,18,170
230,51,16,66,18,151
231,68,16,67,16,167
232,66,34,67,15,182
233,64,18,67,15,164
234,66,33,66,18,183
236,67,34,65,18,184
237,85,32,68,15,200
238,67,32,68,15,182
239,64,17,68,15,164
240,66,33,69,16,184
242,83,17,117,17,234
243,68,17,117,17,219
245,50,34,83,17,184
246,69,32,68,15,184
248,66,33,67,18,184
249,51,33,67,18,169
250,83,17,65,17,182
252,68,32,68,15,183
253,52,32,68,15,167
258,68,32,50,17,167
259,65,17,50,17,149
260,67,33,84,17,201
261,68,15,84,17,184
262,65,34,103,12,214
265,64,17,71,12,164
266,66,35,67,16,184
267,84,36,65,15,200
268,67,36,65,15,183
269,52,36,65,15,168
270,71,31,100,16,218
271,65,19,100,16,200
272,67,34,66,16,183
274,65,30,52,15,162
275,68,15,52,15,150
276,64,36,82,16,198
277,66,18,82,16,182
279,67,15,67,17,166
281,66,17,102,16,201
283,82,35,68,14,199
284,67,35,68,14,184
287,85,34,65,17,201
288,85,18,65,17,185
289,68,18,65,17,168
290,68,31,66,17,182
292,65,34,67,15,181
293,66,17,67,15,165
294,65,32,67,17,181
297,66,18,65,18,167
298,67,32,65,19,183
299,65,17,65,19,166
300,67,33,68,16,184
301,67,16,68,16,167
302,65,32,52,18,167
304,84,17,83,18,202
307,66,18,67,16,167
309,65,18,69,14,166
311,67,18,83,16,184
312,67,34,65,15,181
313,69,18,65,15,167
314,69,32,68,16,185
315,52,32,68,16,168
316,83,16,66,17,182
317,67,16,66,17,166
318,65,35,65,16,181
319,66,20,65,16,167
321,67,15,67,16,165
322,66,34,66,17,183
324,65,33,68,15,181
325,65,17,68,15,165
327,66,17,101,15,199
329,67,18,66,15,166
330,68,32,67,18,185
332,83,18,66,17,184
334,66,33,66,17,182
335,84,33,66,18,201
336,67,33,66,18,184
337,51,33,66,18,168
338,51,15,66,18,150
339,68,16,51,17,152
341,65,16,68,17,166
342,66,35,66,17,184
343,67,17,66,17,167
345,51,33,66,16,166
346,68,33,67,17,185
347,67,16,67,17,167
348,66,33,67,15,181
350,66,34,66,17,183
351,83,33,66,17,199
353,67,16,66,17,166
354,67,33,66,18,184
355,66,18,66,18,168
356,66,33,51,15,165
357,66,16,51,15,148
360,66,33,69,16,184
361,67,15,69,16,167
362,99,36,65,16,216
365,66,18,65,16,165
367,69,18,80,17,184
369,52,31,66,16,165
370,65,34,66,17,182
371,65,18,66,17,166
373,82,34,65,18,199
375,66,18,65,18,167
377,68,16,66,19,169
378,51,16,66,19,152
379,83,34,68,15,200
380,65,34,68,15,182
381,66,16,68,15,165
384,53,15,68,17,153
386,68,34,65,19,186
389,69,17,65,17,168
390,68,31,101,18,218
391,53,31,101,18,203
392,84,15,101,17,217
393,67,15,101,17,200
394,82,17,84,15,198
395,66,17,84,15,182
396,68,33,51,15,167
397,65,17,51,15,148
399,68,16,83,17,184
400,51,16,83,17,167
401,68,15,68,15,166
402,51,15,68,15,149
403,99,17,66,16,198
404,83,17,66,16,182
406,68,33,65,19,185
407,66,18,65,19,168
408,67,33,51,14,165
409,65,18,51,14,148
410,66,32,85,16,199
413,69,14,68,17,168
414,51,14,68,17,150
415,66,18,66,18,168
416,85,16,67,15,183
417,82,33,67,17,199
419,51,33,67,17,168
420,100,33,68,16,217
421,67,16,67,16,166
424,67,34,66,19,186
425,66,17,66,19,168
426,67,34,67,14,182
427,52,34,67,14,167
428,50,18,67,14,149
429,67,16,66,17,166
430,85,16,65,17,183
431,69,16,65,17,167
432,81,17,68,16,182
434,66,34,102,14,216
435,64,17,102,14,197
436,65,34,68,14,181
437,68,17,68,14,167
438,51,17,68,14,150
439,51,34,65,18,168
440,82,20,64,18,184
442,68,31,51,15,165
443,52,31,51,15,149
444,83,15,67,16,181
445,69,15,67,16,167
447,68,15,69,16,168
448,83,17,66,17,183
449,65,17,66,17,165
450,67,35,82,17,201
451,65,19,82,17,183
452,69,31,68,16,184
453,68,15,68,16,167
454,51,15,68,16,150
458,68,33,66,19,186
459,51,33,66,19,169
460,66,35,50,16,167
461,66,19,50,16,151
463,52,31,67,17,167
464,66,35,67,17,185
465,69,16,67,17,169
466,50,16,67,17,150
467,70,14,66,19,169
468,67,35,66,17,185
469,65,18,66,17,166
472,66,35,67,16,184
473,68,16,67,16,167
474,66,34,67,17,184
475,66,17,67,17,167
476,69,33,65,19,186
478,67,34,66,15,182
481,69,14,68,17,168
483,68,16,50,15,149
485,64,18,66,16,164
486,68,32,101,16,217
487,66,15,101,16,198
488,65,34,67,16,182
489,50,34,67,16,167
490,66,34,64,20,184
491,65,18,64,20,167
492,84,17,68,16,185
493,67,17,68,16,168
494,67,31,53,17,168
495,67,15,53,17,152
496,64,37,66,16,183
498,68,33,66,17,184
499,68,17,66,17,168
500,53,17,66,17,153
501,83,33,66,17,199
502,66,33,66,17,182
503,66,17,66,17,166
504,83,16,66,17,182
505,67,16,66,17,166
507,68,15,66,17,166
508,66,33,67,17,183
509,82,33,67,16,198
511,65,16,67,16,164
514,67,33,66,19,185
515,67,16,66,19,168
517,50,34,67,16,167
518,67,32,68,17,184
524,51,17,51,13,132
525,84,29,102,17,232
526,68,29,102,17,216
527,68,13,102,17,200
529,83,33,101,15,232
530,98,33,68,15,214
531,115,34,67,17,233
533,67,17,68,15,167
534,66,34,67,17,184
535,67,17,67,17,168
536,85,16,65,18,184
537,69,16,65,18,168
538,68,33,67,17,185
540,67,32,68,15,182
541,66,15,68,15,164
542,65,35,99,16,215
544,67,33,66,16,182
545,67,16,66,16,165
546,68,33,100,17,218
547,65,18,100,17,200
549,66,16,67,17,166
551,51,34,67,15,167
552,67,33,66,21,187
554,67,34,67,16,184
556,67,32,68,16,183
557,51,32,68,16,167
559,70,14,66,17,167
560,53,14,66,17,150
561,52,33,98,19,202
562,51,17,98,19,185
563,63,17,65,19,164
566,66,32,69,16,183
567,66,16,69,16,167
568,65,36,67,16,184
570,51,17,67,16,151
571,52,33,99,16,200
572,69,34,131,19,253
573,66,18,131,19,234
575,68,15,83,17,183
576,50,15,83,17,165
577,65,18,66,19,168
578,65,33,68,16,182
579,98,17,66,18,199
580,83,17,66,18,184
581,67,17,66,18,168
583,69,16,66,16,167
584,68,31,71,13,183
586,51,15,71,13,150
588,66,36,64,17,183
589,86,29,101,16,232
592,65,35,66,16,182
593,67,17,66,16,166
594,64,34,66,17,181
595,68,17,66,17,168
597,67,16,66,17,166
598,66,34,65,18,183
599,65,18,65,18,166
600,149,16,99,19,283
601,133,16,99,19,267
602,166,34,66,17,283
603,67,16,67,17,167
604,65,34,99,19,217
606,51,16,99,19,185
607,83,34,66,17,200
608,67,34,66,17,184
609,66,17,66,17,166
613,68,15,67,18,168
615,66,16,101,16,199
616,51,16,101,16,184
617,165,18,84,16,283
618,67,34,67,16,184
621,67,16,50,16,149
624,67,32,100,18,217
625,66,16,100,18,200
626,50,16,100,18,184
627,68,17,65,18,168
628,67,33,65,18,183
629,68,16,65,18,167
630,68,32,51,16,167
631,50,32,51,16,149
633,66,15,69,15,165
634,65,34,67,18,184
637,66,18,67,14,165
638,69,32,66,19,186
640,67,35,66,17,185
641,68,17,66,17,168
643,52,31,52,17,152
644,66,35,65,17,183
645,165,18,84,16,283
648,52,17,66,17,152
650,49,16,52,14,131
651,65,18,84,16,183
654,52,14,53,16,135
655,66,16,68,16,166
656,64,36,68,13,181
657,67,16,68,13,164
659,52,32,67,18,169
660,68,36,66,16,186
661,64,20,66,16,166
662,167,32,66,19,284
663,67,18,68,15,168
664,67,35,65,17,184
666,66,33,98,19,216
667,53,33,98,19,203
668,68,32,66,19,185
669,65,17,66,19,167
670,150,17,66,16,249
671,49,33,69,16,167
672,65,33,52,17,167
673,66,17,52,17,152
674,66,36,66,16,184
675,68,17,66,16,167
676,69,33,66,15,183
677,53,33,66,15,167
678,52,17,66,15,150
679,50,33,65,17,165
680,66,33,66,16,181
681,66,17,66,16,165
684,65,34,67,15,181
685,66,17,67,15,165
686,66,32,102,17,217
687,67,16,102,17,202
688,66,35,67,17,185
694,67,32,67,17,183
695,52,32,67,17,168
696,151,16,66,19,252
697,50,35,65,18,168
698,67,32,68,15,182
700,166,35,67,16,284
701,67,16,66,19,168
703,68,17,66,15,166
704,51,17,66,15,149
705,51,31,69,15,166
706,66,35,67,16,184
707,67,16,67,16,166
711,65,18,66,15,164
712,67,31,67,19,184
713,52,31,67,19,169
714,64,35,66,18,183
715,67,17,66,18,168
716,150,16,67,17,250
717,65,17,52,16,150
718,168,34,133,17,352
720,66,34,67,17,184
721,69,16,67,17,169
722,52,16,67,17,152
723,64,18,51,15,148
725,65,18,133,17,233
726,67,32,68,15,182
728,51,15,68,15,149
729,68,18,65,17,168
730,68,32,65,19,184
731,167,16,67,15,265
732,68,33,67,17,185
733,50,33,67,17,167
736,65,35,67,15,182
737,69,16,67,15,167
738,67,32,68,16,183
740,52,15,68,16,151
743,65,18,67,16,166
744,68,32,51,17,168
745,51,32,51,17,151
747,67,18,83,16,184
748,67,33,66,17,183
749,51,33,66,17,167
750,51,17,66,17,151
751,51,32,68,16,167
752,65,34,68,15,182
753,83,34,67,17,201
754,66,34,67,17,184
755,66,17,67,17,167
756,68,34,66,17,185
758,68,33,65,19,185
759,51,33,65,19,168
760,151,16,51,16,234
762,66,32,68,18,184
763,51,32,68,18,169
764,65,35,51,16,167
765,67,16,51,16,150
767,150,33,67,15,265
771,52,33,66,16,167
772,67,33,67,15,182
773,64,18,67,15,164
774,66,33,67,15,181
775,67,17,67,15,166
776,66,34,66,17,183
777,51,34,66,17,168
778,67,33,66,18,184
779,51,33,66,18,168
780,67,33,51,16,167
781,66,18,51,16,151
782,66,33,68,15,182
783,68,16,68,15,167
785,51,34,68,16,169
786,51,16,68,16,151
787,150,32,68,16,266
788,68,34,64,18,184
790,150,17,66,18,251
791,52,32,67,16,167
792,66,32,68,16,182
793,51,32,68,16,167
794,64,35,66,18,183
795,66,17,66,18,167
797,66,17,67,15,165
798,51,17,67,15,150
799,50,33,67,17,167
801,68,16,66,18,168
802,51,16,66,18,151
804,67,33,100,16,216
805,66,16,100,16,198
806,66,32,68,16,182
809,66,16,67,18,167
810,50,16,67,18,151
811,66,16,66,18,166
812,68,33,51,16,168
813,66,17,51,16,150
815,67,15,67,18,167
816,66,34,68,15,183
817,152,31,68,17,268
818,51,16,68,15,150
819,148,33,69,15,265
820,67,35,64,17,183
822,51,17,64,17,149
823,51,31,68,17,167
824,66,33,69,15,183
825,65,16,69,15,165
826,64,35,99,21,219
828,68,34,65,21,188
829,68,17,65,21,171
831,52,32,54,13,151
832,149,16,69,16,250
833,66,16,100,18,200
834,65,34,66,18,183
835,350,33,85,15,483
836,54,13,66,18,151
837,66,16,69,16,167
838,151,16,67,18,252
839,62,17,67,17,163
842,52,17,66,16,151
844,51,16,67,18,152
847,166,16,85,15,282
848,67,33,66,17,183
849,68,15,66,17,166
850,51,15,66,17,149
851,68,15,66,18,167
852,66,33,85,15,199
853,65,16,85,15,181
855,65,16,52,15,148
856,66,34,67,16,183
857,67,16,67,16,166
858,67,33,68,18,186
859,169,14,68,17,268
860,52,15,68,18,153
862,167,34,67,15,283
863,65,18,82,18,183
864,68,32,68,17,185
866,52,14,68,17,151
867,66,18,101,15,200
868,66,34,67,15,182
869,64,18,67,15,164
871,69,15,67,18,169
872,51,15,67,18,151
875,65,17,68,15,165
876,67,33,68,17,185
877,68,15,68,17,168
879,50,35,66,17,168
881,65,18,67,16,166
882,68,33,101,16,218
883,52,33,101,16,202
886,67,33,50,17,167
889,50,34,66,17,167
890,67,33,66,17,183
893,51,33,67,16,167
894,165,33,52,17,267
895,67,16,66,17,166
897,67,17,65,17,166
901,66,16,52,17,151
902,166,34,65,18,283
903,66,18,66,17,167
904,68,34,66,16,184
906,52,17,66,16,151
907,52,32,99,18,201
908,66,34,65,18,183
911,51,32,51,18,152
912,66,33,68,16,183
913,67,15,68,16,166
914,65,36,65,15,181
915,67,18,65,15,165
917,51,32,84,16,183
918,68,33,51,16,168
919,66,17,51,16,150
920,65,33,67,17,182
922,166,34,67,17,284
924,51,16,66,17,150
925,52,33,67,16,168
926,67,33,66,17,183
928,66,34,67,17,184
929,67,17,67,17,168
930,67,32,52,15,166
931,66,16,52,15,149
935,151,32,67,16,266
936,135,32,67,16,250
937,68,15,67,17,167
938,65,35,65,18,183
939,67,16,65,18,166
942,67,33,69,15,184
943,65,16,69,15,165
946,67,35,66,17,185
948,152,16,67,18,253
949,167,15,68,17,267
950,66,35,65,17,183
951,67,18,65,17,167
953,68,16,67,18,169
954,52,16,67,18,153
956,65,35,65,18,183
957,166,16,51,17,250
958,67,33,66,17,183
960,68,32,67,18,185
962,50,15,67,18,150
963,65,16,51,17,149
964,50,16,51,17,134
965,66,16,66,17,165
967,67,17,66,16,166
969,51,31,70,15,167
970,66,35,67,16,184
975,53,32,67,14,166
976,67,34,66,16,183
977,67,18,66,16,167
978,66,33,131,18,248
979,51,33,131,18,233
982,66,32,66,18,182
983,68,16,66,18,168
986,148,20,65,16,249
987,67,15,70,16,168
988,66,34,101,16,217
989,68,16,101,16,201
991,65,20,65,16,166
993,68,16,65,17,166
995,68,17,67,16,168
997,65,16,68,17,166
999,66,18,67,15,166
1000,67,33,67,15,182
1001,51,33,67,15,166
1002,68,34,66,15,183
1003,68,17,66,15,166
1004,67,33,66,17,183
1005,66,18,66,17,167
1006,67,33,67,17,184
1007,65,18,67,17,167
1008,66,33,51,16,166
1009,66,18,51,16,151
1011,51,34,66,17,168
1012,67,33,65,19,184
1013,69,16,65,19,169
1014,51,16,65,19,151
1017,66,15,101,18,200
1018,65,34,67,18,184
1019,68,15,67,18,168
1020,51,15,67,18,151
1021,65,18,168,16,267
1025,69,17,100,16,202
1026,51,17,100,16,184
1030,149,15,68,15,247
1031,67,18,49,15,149
1033,53,32,100,15,200
1034,151,16,67,17,251
1035,67,15,68,15,165
1036,49,15,68,15,147
1038,51,17,65,16,149
1039,67,16,67,17,167
1040,68,33,101,16,218
1042,65,34,67,16,182
1044,67,33,50,18,168
1046,51,16,50,18,135
1047,67,18,102,15,202
1048,67,34,68,15,184
1051,52,31,101,16,200
1052,65,37,64,16,182
1054,68,32,65,17,182
1055,53,32,65,17,167
1056,52,17,65,17,151
1057,66,18,66,18,168
1058,64,33,51,16,164
1059,65,17,51,16,149
1060,65,33,67,18,183
1061,51,33,67,18,169
1062,66,34,51,15,166
1063,68,16,51,15,150
1065,67,16,68,15,166
1066,67,33,67,17,184
1067,67,15,67,17,166
1069,49,35,65,18,167
1070,68,32,100,17,217
1071,65,17,100,17,199
1072,67,33,100,18,218
1073,67,16,100,18,201
1074,65,34,66,18,183
1075,68,16,66,18,168
1076,51,16,66,18,151
1077,50,33,51,16,150
1081,69,16,100,16,201
1082,149,18,100,15,282
1083,67,17,100,14,198
1084,68,32,68,14,182
1086,66,34,100,15,215
1087,65,18,100,15,198
1088,66,34,66,15,181
1089,149,33,52,15,249
1090,68,33,66,16,183
1095,52,33,52,15,152
1096,66,34,66,17,183
1097,67,18,66,17,168
1098,150,16,51,15,232
1100,52,15,66,16,149
1101,51,33,67,17,168
1102,66,33,51,15,165
1103,65,16,51,15,147
1105,66,18,65,20,169
1106,67,32,53,15,167
1109,68,15,68,16,167
1111,68,15,66,17,166
1112,53,15,66,17,151
1113,166,18,64,18,266
1114,68,33,101,15,217
1117,66,17,67,15,165
1118,67,34,64,18,183
1119,67,18,64,18,167
1120,150,17,68,17,252
1121,51,33,66,17,167
1122,67,31,68,17,183
1124,64,35,68,17,184
1125,67,17,68,17,169
1126,66,33,52,14,165
1129,67,18,65,16,166
1131,68,14,67,17,166
1132,166,36,66,15,283
1133,351,32,55,9,447
1134,65,33,69,14,181
1135,64,17,69,14,164
1136,168,34,66,15,283
1137,50,33,68,18,169
1138,355,9,69,19,452
1140,69,32,67,17,185
1141,52,32,67,17,168
1143,70,16,66,15,167
1144,66,33,67,15,181
1147,66,16,66,18,166
1148,66,34,65,22,187
1150,67,32,55,9,163
1151,65,17,55,9,146
1155,72,9,69,19,169
1156,55,9,69,19,152
1159,62,16,51,16,145
1160,69,36,82,15,202
1161,68,17,82,15,182
1162,700,34,65,17,816
1163,52,31,51,15,149
1166,64,33,68,17,182
1167,67,15,68,17,167
1168,51,15,68,17,151
1169,184,32,67,18,301
1170,83,18,67,16,184
1172,68,32,67,18,185
1173,51,32,67,18,168
1175,67,18,67,17,169
1176,67,32,67,18,184
1177,50,32,67,18,167
1178,67,35,67,15,184
1180,67,32,69,16,184
1182,67,35,50,15,167
1183,67,17,50,15,149
1186,69,31,68,16,184
1188,50,15,68,16,149
1189,68,17,66,17,168
1192,51,17,67,16,151
1193,183,34,65,17,299
1194,66,34,66,16,182
1196,67,33,67,16,183
1197,51,33,67,16,167
1198,67,33,65,19,184
1199,182,34,99,16,331
1200,182,17,99,16,314
1202,67,31,51,17,166
1204,65,34,100,17,216
1206,65,34,99,16,214
1207,66,17,99,16,198
1210,67,33,67,17,184
1212,66,33,51,18,168
1213,51,33,51,18,153
1214,66,34,67,15,182
1216,67,35,66,17,185
1218,51,18,66,17,152
1219,53,32,51,15,151
1220,67,34,65,18,184
1221,201,15,67,17,300
1222,66,32,85,15,198
1224,51,15,85,15,166
1225,51,33,52,15,151
1226,65,33,68,17,183
1227,66,15,68,17,166
1228,66,34,67,17,184
1229,68,15,67,17,167
1230,52,15,67,17,151
1233,66,16,68,16,166
1234,51,16,68,16,151
1236,50,15,52,15,132
1237,66,18,65,17,166
1238,165,35,68,14,282
1239,67,15,66,19,167
1241,68,15,67,17,167
1243,166,18,66,17,267
1245,66,16,68,14,164
1246,51,16,68,14,149
1247,67,16,66,19,168
1249,66,18,66,17,167
1250,166,35,100,15,316
1251,65,17,102,14,198
1254,66,32,135,15,248
1255,69,15,135,15,234
1256,67,35,100,15,217
1258,67,33,67,15,182
1260,49,19,67,15,150
1261,67,16,66,18,167
1263,86,31,52,16,185
1264,67,31,52,16,166
1266,167,33,68,17,285
1267,67,18,65,17,167
1269,68,16,66,18,168
1270,52,16,66,18,152
1273,66,16,68,17,167
1274,66,34,133,17,250
1275,68,16,133,17,234
1276,51,16,133,17,217
1277,68,16,67,14,165
1278,68,33,66,17,184
1279,166,15,68,16,265
1280,67,34,64,19,184
1282,67,32,67,16,182
1283,64,18,67,16,165
1284,66,32,68,16,182
1286,64,35,68,16,183
1289,66,17,66,18,167
1293,68,15,68,16,167
1294,51,15,68,16,150
1295,68,18,66,17,169
1296,67,32,65,17,181
1297,66,17,65,17,165
1298,51,17,65,17,150
1299,66,18,67,15,166
1301,68,14,51,17,150
1303,151,35,81,16,283
1305,65,17,51,18,151
1307,51,34,66,15,166
1308,66,35,81,16,198
1310,150,16,68,15,249
1313,64,18,52,15,149
1314,148,17,65,18,248
1315,67,16,68,15,166
1316,66,34,133,18,251
1317,70,15,133,18,236
1321,64,18,66,18,166
1322,67,32,52,15,166
1323,66,16,52,15,149
1324,65,34,67,17,183
1325,68,16,67,17,168
1327,50,33,100,19,202
1328,52,15,100,19,186
1329,168,15,68,16,267
1331,66,17,83,17,183
1332,51,17,83,17,168
1333,65,16,68,16,165
1334,66,34,68,16,184
1335,68,15,68,16,167
1336,66,34,101,16,217
1337,67,17,101,16,201
1338,51,17,101,16,185
1339,65,18,67,16,166
1340,50,18,67,16,151
1343,69,16,100,15,200
1344,67,31,69,15,182
1345,67,15,69,15,166
1346,65,36,65,17,183
1348,67,33,65,17,182
1349,65,19,65,17,166
1350,69,32,67,17,185
1351,51,32,67,17,167
1352,65,33,51,16,165
1353,68,16,51,16,151
1356,67,33,151,15,266
1357,67,16,151,15,249
1358,51,16,151,15,233
1359,50,33,68,16,167
1360,66,35,65,18,184
1361,65,19,65,18,167
1363,52,33,50,15,150
1364,149,17,52,15,233
1365,52,32,66,18,168
1366,65,33,66,19,183
1369,65,17,52,15,149
1370,66,33,68,17,184
1371,66,15,68,17,166
1372,51,15,68,17,151
1373,69,15,67,16,167
1375,65,18,66,16,165
1376,68,33,68,16,185
1379,51,33,102,14,200
1380,66,35,67,14,182
1381,65,19,67,14,165
1382,149,19,65,18,251
1384,51,16,68,15,150
1385,67,19,98,18,202
1386,67,33,65,18,183
1387,65,19,65,18,167
1388,68,31,52,17,168
1389,67,16,52,17,152
1390,64,34,67,17,182
1391,68,16,67,17,168
1392,65,35,67,16,183
1394,52,17,67,16,152
1395,65,18,67,17,167
1396,67,35,65,17,184
1397,66,18,65,17,166
1398,67,32,67,15,181
1400,51,16,67,15,149
1402,65,34,66,17,182
1404,50,17,66,17,150
1405,65,19,65,16,165
1406,68,32,68,14,182
1407,66,17,68,14,165
1409,68,16,134,17,235
1413,65,18,67,17,167
1414,67,33,51,15,166
1416,65,34,68,17,184
1417,68,17,68,17,170
1419,67,15,69,15,166
1420,51,15,69,15,150
1422,68,33,65,18,184
1423,51,33,65,18,167
1425,52,31,85,17,185
1426,64,34,51,17,166
1427,65,16,51,17,149
1430,68,34,65,17,184
1431,67,17,65,17,166
1434,65,34,67,17,183
1435,68,14,67,17,166
1436,51,14,67,17,149
1437,65,18,66,18,167
1438,51,18,66,18,153
1439,66,15,102,17,200
1440,67,34,68,17,186
1441,152,31,51,17,251
1442,151,14,51,17,233
1443,67,15,100,17,199
1446,68,31,51,17,167
1447,67,14,51,17,149
1448,52,14,51,17,134
1449,68,16,67,17,168
1451,316,32,68,15,431
1453,50,33,66,17,166
1456,68,31,68,16,183
1457,66,15,68,16,165
1458,66,35,65,16,182
1459,66,18,65,16,165
1460,66,33,67,15,181
1461,50,33,67,15,165
1462,68,32,67,18,185
1463,67,16,67,18,168
1465,65,19,67,14,165
1466,67,32,68,15,182
1467,66,17,68,15,166
1469,51,35,65,18,169
1471,66,19,67,17,169
1472,68,32,68,16,184
1476,67,33,67,15,182
1477,52,33,67,15,167
1479,66,17,65,17,165
1480,66,34,65,16,181
1481,64,19,65,16,164
1482,67,31,67,18,183
1483,185,32,66,18,301
1484,65,34,69,13,181
1486,65,33,68,17,183
1487,66,17,68,17,168
1488,67,36,66,15,184
1491,53,32,66,18,169
1492,68,34,67,15,184
1494,66,32,99,17,214
1495,68,17,99,17,201
1496,66,35,64,17,182
1498,67,32,66,17,182
1500,67,32,51,17,167
1501,66,15,51,17,149
1502,64,34,67,17,182
1504,165,36,65,17,283
1505,167,17,65,17,266
1508,67,32,67,18,184
1509,67,15,67,18,167
1510,166,34,66,18,284
1511,68,17,65,17,167
1512,68,31,51,17,167
1513,150,32,52,15,249
1514,67,34,85,15,201
1515,66,16,85,15,182
1516,65,34,66,18,183
1518,51,17,66,18,152
1519,50,32,52,15,149
1520,66,34,82,18,200
1521,68,15,82,18,183
1522,51,15,82,18,166
1525,81,34,68,16,199
1526,82,18,68,16,184
1527,82,32,52,17,183
1528,67,32,52,17,168
1529,51,32,52,17,152
1531,69,17,67,14,167
1532,68,33,66,15,182
1533,165,19,65,17,266
1535,50,34,66,16,166
1536,67,32,67,16,182
1538,66,34,65,17,182
1540,66,33,67,15,181
1541,68,17,67,15,167
1542,67,32,69,16,184
1543,52,32,69,16,169
1544,65,35,67,16,183
1545,66,18,67,16,167
1546,67,34,66,16,183
1547,66,19,66,16,167
1548,69,33,65,17,184
1549,167,18,67,14,266
1550,67,33,67,15,182
1552,66,32,66,18,182
1553,50,32,66,18,166
1554,65,35,67,14,181
1556,67,31,69,14,181
1557,66,16,69,14,165
1558,66,36,65,19,186
1559,67,18,65,19,169
1560,67,33,67,14,181
1561,52,33,67,14,166
1562,69,32,66,19,186
1564,65,35,131,19,250
1565,70,16,131,19,236
1567,53,31,68,17,169
1569,66,16,65,19,166
1570,66,33,51,17,167
1573,66,15,101,15,197
1574,50,15,101,15,181
1575,50,36,65,15,166
1576,51,17,65,15,148
1577,66,17,66,16,165
1578,68,33,66,19,186
1580,150,15,101,15,281
1581,65,18,52,15,150
1583,135,15,68,15,233
1586,52,15,101,15,183
1587,51,33,68,15,167
1588,52,15,68,15,150
1589,64,16,51,17,148
1590,65,36,67,15,183
1591,65,18,67,15,165
1592,50,18,67,15,150
1593,67,17,66,17,167
1594,51,17,66,17,151
1595,68,17,65,18,168
1596,67,31,135,18,251
1598,66,34,101,18,219
1599,65,17,101,18,201
1600,65,33,68,18,184
1602,52,15,68,18,153
1604,68,33,99,18,218
1607,70,14,67,18,169
1608,51,14,67,18,150
1609,66,15,52,16,149
1610,65,34,84,16,199
1611,65,16,84,16,181
1614,52,16,66,16,150
1616,84,16,51,17,168
1619,50,33,68,15,166
1621,67,17,66,15,165
1623,152,33,65,18,268
1624,68,33,67,15,183
1625,65,18,67,15,165
1626,66,34,98,18,216
1627,64,19,98,18,199
1629,52,33,65,18,168
1630,67,33,66,16,182
1632,66,32,67,17,182
1633,52,32,67,17,168
1634,65,34,100,18,217
1635,150,34,51,16,251
1636,66,33,67,18,184
1641,67,17,51,16,151
1642,67,35,82,17,201
1643,68,17,82,17,184
1644,69,32,67,16,184
1645,52,32,67,16,167
1646,51,16,67,16,150
1647,66,17,66,18,167
1648,82,17,65,18,182
1651,66,17,65,18,166
1652,66,32,68,17,183
1653,68,14,68,17,167
1654,65,33,52,17,167
1655,67,15,52,17,151
1657,65,17,66,18,166
1658,51,17,66,18,152
1659,67,17,65,17,166
1660,52,17,65,17,151
1661,51,32,50,19,152
1662,66,33,68,17,184
1664,65,36,65,16,182
1665,67,19,65,16,167
1667,149,33,50,18,250
1668,68,33,66,19,186
1670,65,33,67,16,181
1671,66,17,67,16,166
1672,66,33,50,18,167
1674,66,34,83,17,200
1675,69,15,83,17,184
1676,136,31,65,20,252
1677,51,34,118,13,216
1679,65,19,83,13,180
1680,69,31,65,20,185
1681,53,31,65,20,169
1682,66,32,68,17,183
1683,65,17,68,17,167
1684,63,33,68,18,182
1685,69,13,68,18,168
1686,52,13,68,18,151
1689,65,16,68,16,165
1691,66,14,52,17,149
1693,66,18,100,17,201
1694,68,33,84,16,201
1695,66,17,84,16,183
1696,52,17,84,16,169
1697,135,16,98,17,266
1698,64,36,82,17,199
1700,67,33,98,17,215
1701,69,16,98,17,200
1702,135,32,52,17,236
1703,51,32,66,17,166
1705,148,35,66,17,266
1707,51,32,52,17,152
1708,135,34,64,17,250
1709,66,17,69,16,168
1710,151,16,68,15,250
1711,151,32,67,16,266
1712,52,17,66,17,152
1713,167,19,64,17,267
1714,69,32,68,15,184
1715,67,16,68,15,166
1716,66,32,67,16,181
1718,49,15,67,16,147
1721,66,16,67,18,167
1722,152,15,52,15,234
1724,64,34,67,18,183
1727,69,15,52,15,151
1728,401,37,130,16,584
1729,69,15,82,19,185
1731,67,15,68,15,165
1732,168,32,85,17,302
1733,65,17,67,15,164
1734,67,34,65,19,185
1735,64,19,65,19,167
1736,68,33,51,14,166
1737,51,33,51,14,149
1738,67,32,85,17,201
1739,52,32,85,17,186
1740,150,17,100,15,282
1741,69,14,117,21,221
1742,51,14,117,21,203
1743,67,18,82,21,188
1744,68,34,100,15,217
1746,52,17,100,15,184
1748,66,37,130,16,249
1749,65,21,130,16,232
1751,54,31,64,19,168
1752,68,31,100,17,216
1753,67,16,100,17,200
1754,62,33,67,17,179
1756,64,35,66,16,181
1757,68,16,66,16,166
1758,52,16,66,16,150
1759,66,16,66,19,167
1760,67,34,51,16,168
1761,617,32,66,16,731
1764,66,35,50,17,168
1765,68,16,50,17,151
1766,51,16,50,17,134
1767,51,32,69,17,169
1768,67,35,66,16,184
1770,50,17,66,16,149
1771,67,17,66,17,167
1772,69,32,67,17,185
1774,66,34,65,17,182
1776,66,33,66,17,182
1777,66,16,66,17,165
1778,51,16,66,17,150
1779,68,15,51,16,150
1780,165,34,69,14,282
1781,65,17,66,18,166
1782,166,33,69,16,284
1783,66,16,67,16,165
1785,67,16,67,17,167
1788,67,33,69,16,185
1789,66,17,69,16,168
1790,67,36,65,16,184
1791,66,19,65,16,166
1794,167,34,66,16,283
1795,68,16,66,16,166
1796,165,33,67,15,280
1797,67,17,67,16,167
1798,65,33,100,16,214
1799,66,16,100,16,198
1800,66,34,66,16,182
1803,66,17,67,15,165
1804,67,33,68,17,185
1805,68,16,68,17,169
1807,66,18,117,16,217
1808,67,34,83,16,200
1810,483,17,67,17,584
1811,52,33,66,16,167
1812,231,36,67,15,349
1813,69,16,66,16,167
1814,83,16,67,16,182
1817,49,33,65,18,165
1819,65,18,134,15,232
1821,185,34,64,17,300
1822,65,36,67,15,183
1823,67,18,67,15,167
1825,51,33,100,15,199
1826,51,18,100,15,184
1827,51,34,98,17,200
1828,182,17,67,17,283
1829,67,19,64,17,167
1833,51,32,51,17,151
1834,64,34,67,17,182
1835,66,17,67,17,167
1837,51,34,100,17,202
1839,51,33,67,17,168
1840,67,34,99,18,218
1842,67,33,100,16,216
1845,67,16,67,16,166
1846,450,16,51,16,533
1847,68,16,68,15,167
1848,66,34,49,17,166
1849,67,16,49,17,149
1850,67,34,83,17,201
1851,66,18,83,17,184
1852,68,32,68,15,183
1853,50,32,68,15,165
1854,49,17,68,15,149
1857,68,17,67,16,168
1858,51,17,67,16,151
1860,68,33,67,16,184
1861,65,19,67,16,167
1862,67,33,131,19,250
1863,52,33,131,19,235
1864,66,34,65,18,183
1866,67,33,64,19,183
1867,51,33,64,19,167
1868,67,32,51,16,166
1869,66,16,51,16,149
1870,65,32,68,18,183
1873,67,16,67,17,167
1874,51,16,67,17,151
1876,68,34,66,17,185
1877,67,16,66,17,166
1878,199,34,51,16,300
1879,66,16,65,18,165
1880,51,16,65,18,150
1881,66,16,66,16,164
1882,66,32,50,18,166
1883,66,15,50,18,149
1885,66,16,68,17,167
1886,66,34,51,16,167
1887,165,19,66,17,267
1888,50,18,51,16,135
1891,153,32,51,16,252
1893,64,19,66,17,166
1894,67,34,64,19,184
1897,53,32,51,16,152
1898,66,32,69,15,182
1899,67,15,69,15,166
1900,64,35,101,16,216
1901,67,16,101,16,200
1902,51,16,101,16,184
1903,50,34,98,17,199
1904,69,33,65,17,184
1905,65,18,65,17,165
1906,67,34,65,17,183
1907,66,19,65,17,167
1911,67,17,67,16,167
1912,65,34,83,17,199
1913,66,17,83,17,183
1914,51,17,83,17,168
1915,51,33,50,17,151
1916,67,34,83,16,200
1919,67,17,66,17,167
1922,165,33,67,17,282
1923,83,34,65,18,200
1924,151,14,67,17,249
1925,67,17,65,18,167
1926,67,32,51,17,167
1927,50,32,51,17,150
1928,150,16,52,15,233
1929,166,16,85,15,282
1930,165,34,66,18,283
1932,51,17,65,19,152
1935,66,16,85,15,182
1936,65,34,66,18,183
1939,68,15,67,18,168
1940,67,33,52,16,168
1942,51,15,52,16,134
1943,66,16,68,17,167
1944,67,34,66,17,184
1946,52,16,66,17,151
1947,68,16,66,17,167
1948,68,32,68,16,184
1951,165,16,67,17,265
1954,68,33,67,17,185
1955,67,17,67,17,168
1956,67,32,67,17,183
1957,66,16,67,17,166
1958,65,35,66,17,183
1959,67,17,66,17,167
1960,67,32,51,16,166
1961,68,15,51,16,150
1963,66,17,65,19,167
1964,66,33,66,18,183
1966,51,16,66,18,151
1967,67,15,52,16,150
1968,65,34,67,17,183
1969,67,15,67,17,166
1973,67,15,51,16,149
1976,67,33,67,15,182
1978,51,16,67,15,149
1979,68,14,69,17,168
1980,65,35,67,17,184
1982,67,34,66,17,184
1983,64,19,66,17,166
1984,50,19,66,17,152
1985,68,16,67,15,166
1987,52,33,66,16,167
1989,66,17,67,15,165
1991,65,17,102,15,199
1992,66,35,67,15,183
1993,65,19,67,15,166
1994,67,32,50,18,167
1995,134,18,65,17,234
2000,50,18,65,17,150
2001,52,32,67,17,168
2002,65,33,67,17,182
2003,66,17,67,17,167
2005,50,34,68,17,169
2006,67,33,52,15,167
2007,51,33,52,15,151
2008,67,35,66,16,184
2013,67,17,68,14,166
2014,66,33,66,16,181
2015,65,17,66,16,164
2016,67,35,67,14,183
2018,68,31,67,18,184
2019,317,32,69,15,433
2020,66,36,99,15,216
2021,67,20,99,15,201
2022,148,18,66,16,248
2023,53,31,116,18,218
2025,51,33,83,18,185
2026,64,35,66,16,181
2027,67,18,66,16,167
2028,68,31,68,15,182
2029,65,16,68,15,164
2030,83,18,82,19,202
2031,66,18,82,19,185
2032,66,33,68,14,181
2033,51,33,68,14,166
2034,68,32,69,15,184
2035,66,17,69,15,167
2037,66,19,66,16,167
2039,53,33,66,15,167
2041,52,33,64,19,168
2042,66,33,66,16,181
2043,68,17,66,16,167
2044,66,31,67,18,182
2045,167,16,67,19,269
2046,64,35,50,16,165
2047,67,16,50,16,149
2048,66,32,69,15,182
2049,167,17,85,16,285
2050,67,34,67,19,187
2052,50,16,67,19,152
2054,168,34,66,15,283
2055,66,17,85,16,184
2056,50,17,85,16,168
2057,68,13,69,16,166
2058,51,13,69,16,149
2059,184,32,69,16,301
2060,67,34,66,15,182
2061,66,16,66,15,163
2062,69,32,66,18,185
2063,66,16,66,18,166
2065,82,32,69,16,199
2066,66,32,69,16,183
2068,66,36,66,16,184
2069,66,18,66,16,166
2070,50,18,66,16,150
2072,69,33,67,17,186
2074,66,31,53,17,167
2077,183,35,66,16,300
2079,68,17,65,17,167
2080,53,17,65,17,152
2081,183,34,65,19,301
2082,65,34,67,17,183
2083,166,17,65,19,267
2085,367,16,68,15,466
2086,51,18,66,16,151
2087,169,15,66,17,267
2088,67,34,65,19,185
2089,67,17,65,19,168
2091,67,16,52,14,149
2092,66,33,66,17,182
2093,67,15,66,17,165
2095,68,14,50,17,149
2098,66,34,67,16,183
2099,64,17,67,16,164
2100,50,17,67,16,150
2101,66,16,67,15,164
2102,68,33,68,15,184
2103,68,16,68,15,167
2104,51,16,68,15,150
2106,67,34,65,17,183
2108,185,15,66,17,283
2109,52,32,166,17,267
2110,66,33,133,17,249
2111,51,33,133,17,234
2112,65,34,67,15,181
2113,67,17,67,15,166
2114,67,33,66,17,183
2115,67,15,66,17,165
2116,67,34,132,18,251
2119,181,35,64,17,297
2120,66,33,67,18,184
2121,67,16,67,18,168
2122,65,36,66,16,183
2124,184,15,70,16,285
2125,52,31,68,16,167
2126,67,35,64,17,183
2127,181,36,81,17,315
2128,66,33,65,17,181
2129,67,17,65,17,166
2130,68,31,70,16,185
2131,66,15,70,16,167
2132,64,34,52,15,165
2133,65,17,52,15,149
2134,65,36,81,17,199
2136,51,19,81,17,168
2137,184,33,68,16,301
2138,52,15,100,17,184
2139,68,17,65,17,167
2140,66,32,66,19,183
2141,65,17,66,19,167
2142,50,17,66,19,152
2144,65,33,68,16,182
2145,185,32,68,16,301
2146,50,16,68,16,150
2147,67,15,68,17,167
2148,52,15,68,17,152
2150,68,34,65,18,185
2151,183,32,85,15,315
2153,183,34,66,16,299
2155,69,14,67,18,168
2157,66,17,117,15,215
2158,68,32,85,15,200
2159,65,16,85,15,181
2160,67,34,66,16,183
2162,66,33,66,16,181
2165,82,33,52,16,183
2166,66,33,52,16,167
2169,64,19,83,17,183
2171,69,16,67,17,169
2172,52,16,67,17,152
2173,68,18,132,16,234
2174,67,33,67,15,182
2175,66,17,67,15,165
2178,365,34,66,19,484
2179,65,19,65,18,167
2180,67,32,51,16,166
2181,50,32,51,16,149
2182,67,33,68,15,183
2183,67,17,68,15,167
2185,68,16,116,16,216
2186,51,16,116,16,199
2187,51,34,82,16,183
2188,68,32,66,18,184
2189,65,17,66,18,166
2190,66,35,65,18,184
2191,84,31,68,16,199
2192,82,16,68,16,182
2195,68,16,66,17,167
2196,65,34,66,19,184
2198,52,16,66,19,153
2199,66,16,53,16,151
2201,65,17,67,16,165
2203,154,29,67,16,266
2205,52,32,66,17,167
2206,67,37,96,16,216
2207,64,21,96,16,197
2211,67,17,68,17,169
2212,63,33,52,16,164
2213,66,16,52,16,150
2214,51,16,52,16,135
2215,169,16,50,16,251
2216,68,33,67,16,184
2217,68,16,67,16,167
2218,52,16,67,16,151
2219,52,34,65,18,169
2221,50,33,50,16,149
2222,51,16,50,16,133
2223,67,16,67,16,166
2224,164,36,50,15,265
2225,66,16,65,17,164
2228,67,32,68,18,185
2229,65,16,68,18,167
2230,65,36,50,15,166
2233,52,32,82,18,184
2234,68,33,67,16,184
2236,50,15,67,16,148
2237,351,32,67,17,467
2238,82,18,66,18,184
2240,67,32,100,18,217
2241,65,16,100,18,199
2243,69,15,66,18,168
2245,151,32,52,15,250
2246,52,16,67,16,151
2247,65,16,67,18,166
2248,66,35,67,17,185
2249,66,17,67,17,167
2250,67,32,52,15,166
2251,51,32,52,15,150
2252,67,35,83,16,201
2253,67,17,83,16,183
2255,51,32,67,17,167
2256,52,15,67,17,151
2257,67,15,67,18,167
2259,164,17,52,15,248
2261,66,16,66,19,167
2265,65,17,52,15,149
2266,66,35,84,17,202
2268,51,16,84,17,168
2270,52,15,69,16,152
2273,183,32,67,18,300
2274,69,32,67,16,184
2275,52,32,67,16,167
2276,366,32,134,17,549
2277,67,16,65,18,166
2278,66,33,67,16,182
2279,65,18,67,16,166
2280,67,32,67,18,184
2281,65,16,67,18,166
2282,65,35,67,17,184
2283,68,17,67,17,169
2284,67,32,52,15,166
2285,67,16,52,15,150
2286,67,35,66,16,184
2287,67,17,66,16,166
2289,51,32,67,15,165
2290,52,15,67,15,149
2291,64,19,65,18,166
2292,66,33,68,15,182
2293,65,17,68,15,165
2294,67,32,134,17,250
2296,65,36,82,16,199
2298,68,31,101,16,216
2299,53,31,101,16,201
2300,51,16,101,16,184
2302,66,32,66,18,182
2303,67,16,66,18,167
2305,67,17,68,16,168
2306,66,32,68,18,184
2307,66,16,68,18,168
2308,50,16,68,18,152
2309,67,18,66,15,166
2311,52,32,66,17,167
2314,66,32,67,18,183
2315,182,33,100,19,334
2316,66,33,100,19,218
2317,65,16,100,19,200
2318,65,34,85,15,199
2319,66,18,85,15,184
2320,152,15,66,19,252
2321,150,34,68,14,266
2322,67,33,100,19,219
2323,51,33,100,19,203
2324,66,34,66,19,185
2325,67,15,66,19,167
2326,52,15,66,19,152
2327,50,34,68,14,166
2330,66,36,64,18,184
2331,67,17,64,18,166
2333,151,31,52,17,251
2335,66,15,100,18,199
2336,64,35,65,18,182
2337,68,17,65,18,168
2338,49,17,65,18,149
2340,66,34,67,18,185
2341,65,17,67,18,167
2342,65,35,66,16,182
2343,68,17,66,16,167
2344,52,17,66,16,151
2345,152,33,66,18,269
2347,67,16,67,16,166
2348,66,34,99,18,217
2349,66,18,99,18,201
2350,50,18,99,18,185
2353,67,18,99,17,201
2356,66,34,50,17,167
2357,68,16,50,17,151
2358,66,33,83,16,198
2360,67,34,65,18,184
2362,150,17,67,16,250
2364,65,34,68,15,182
2365,66,16,68,15,165
2366,65,35,67,16,183
2367,50,35,67,16,168
2368,52,17,67,16,152
2369,51,33,65,19,168
2371,65,19,67,16,167
2372,67,31,52,15,165
2373,67,15,52,15,149
2374,65,36,64,18,183
2375,69,17,64,18,168
2377,51,31,51,17,150
2378,52,15,51,17,135
2379,331,19,83,17,450
2381,66,17,101,16,200
2382,51,17,101,16,185
2383,51,31,70,16,168
2384,66,34,52,15,167
2385,67,15,52,15,149
2388,70,31,102,17,220
2389,67,15,102,17,201
2390,52,15,102,17,186
2391,68,18,66,17,169
2393,299,17,68,15,399
2394,50,17,52,14,133
2395,65,19,83,17,184
2397,135,17,82,17,251
2398,52,14,52,17,135
2399,68,17,99,17,201
2400,150,15,84,18,267
2401,66,17,82,17,182
2402,52,17,82,17,168
2403,51,31,51,17,150
2404,65,34,84,18,201
2405,67,15,84,18,184
2407,215,32,86,16,349
2408,51,17,68,15,151
2409,64,17,67,18,166
2410,199,35,51,16,301
2412,216,16,68,16,316
2414,219,16,65,18,318
2415,67,16,99,19,201
2416,65,32,86,16,199
2417,50,32,86,16,184
2418,66,35,51,16,168
2419,66,17,51,16,150
2420,67,32,68,16,183
2422,67,35,65,18,185
2425,51,33,50,17,151
2426,68,32,67,17,184
2427,65,16,67,17,165
2428,216,16,67,17,316
2429,216,34,66,18,334
2430,50,17,68,15,150
2431,66,17,51,17,151
2432,67,36,64,18,185
2434,68,32,66,15,181
2435,53,32,66,15,166
2439,67,16,66,18,167
2440,384,14,67,19,484
2441,65,18,66,20,169
2442,183,18,67,16,284
2444,50,16,68,15,149
2445,51,33,68,18,170
2446,66,35,65,18,184
2450,68,32,51,16,167
2451,66,14,51,16,147
2452,51,14,51,16,132
2453,68,17,66,18,169
2454,67,32,52,14,165
2456,51,16,52,14,133
2457,67,16,67,16,166
2458,66,32,67,19,184
2460,52,14,67,19,152
2461,83,32,52,17,184
2462,67,32,52,17,168
2463,65,16,52,17,150
2465,67,14,69,15,165
2469,64,19,66,16,165
2470,69,32,66,19,186
2473,69,16,65,17,167
2474,66,32,67,17,182
2477,67,14,51,16,148
2478,65,34,67,17,183
2479,66,17,67,17,167
2480,67,33,51,17,168
2481,165,16,69,16,266
2482,51,16,51,17,135
2483,166,19,66,17,268
2484,67,34,101,16,218
2485,67,17,101,16,201
2486,51,17,101,16,185
2487,66,16,69,16,167
2488,82,19,66,17,184
2489,65,19,66,17,167
2491,51,34,65,17,167
2492,69,32,66,18,185
2493,53,32,66,18,169
2495,51,33,66,17,167
2496,65,33,68,16,182
2497,66,16,68,16,166
2502,68,33,66,19,186
2503,83,34,66,18,201
2505,51,34,66,18,169
2508,151,16,65,17,249
2510,165,33,52,14,264
2511,69,16,65,17,167
2512,52,16,65,17,150
2514,51,16,65,17,149
2515,66,15,67,18,166
2516,65,33,52,14,164
2518,65,34,68,17,184
2519,65,17,68,17,167
2520,152,16,65,17,250
2523,71,14,65,18,168
2524,166,35,101,16,318
2525,165,18,101,16,300
2526,53,16,65,17,151
2527,162,18,68,16,264
2531,150,34,82,15,281
2532,152,17,82,15,266
2534,68,34,116,15,233
2536,67,34,82,15,198
2537,52,34,82,15,183
2538,51,17,82,15,165
2540,66,32,101,18,217
2541,66,15,101,18,200
2542,82,15,68,18,183
2543,66,15,68,18,167
2544,50,15,68,18,151
2547,51,32,67,17,167
2549,67,17,66,15,165
2550,67,32,67,15,181
2552,51,16,67,15,149
2553,66,17,63,20,166
2554,66,33,66,17,182
2555,65,18,66,17,166
2556,150,16,101,16,283
2557,65,15,53,16,149
2559,68,16,67,16,167
2560,66,33,101,16,216
2561,68,16,101,16,201
2562,53,16,101,16,186
2563,150,32,66,18,266
2564,67,34,65,19,185
2566,68,33,66,16,183
2567,84,32,66,18,200
2572,66,32,53,14,165
2573,66,16,53,14,149
2574,66,35,67,16,184
2575,165,17,66,19,267
2577,69,14,51,17,151
2578,53,14,51,17,135
2579,167,16,67,17,267
2581,65,17,66,19,167
2583,67,16,67,17,167
2584,67,32,67,17,183
2586,66,35,100,16,217
2587,349,32,67,17,465
2588,67,32,68,16,183
2590,67,34,65,19,185
2591,65,17,65,19,166
2592,165,34,99,17,315
2593,65,18,65,18,166
2594,50,18,65,18,151
2595,67,15,68,17,167
2596,65,34,67,16,182
2597,68,15,67,16,166
2600,68,33,66,17,184
2602,51,16,66,17,150
2603,65,18,66,17,166
2605,66,16,67,17,166
2606,66,34,50,17,167
2607,50,34,50,17,151
2608,66,33,69,14,182
2609,166,16,53,17,252
2611,50,34,65,19,168
2612,50,17,65,19,151
2614,69,30,53,17,169
2615,66,16,53,17,152
2617,67,15,101,16,199
2618,49,15,101,16,181
2620,53,17,65,16,151
2621,51,31,50,16,148
2624,182,15,68,16,281
2625,65,16,69,16,166
2626,50,16,69,16,151
2627,67,17,65,19,168
2629,67,18,65,16,166
2630,51,18,65,16,150
2631,67,15,68,16,166
2633,68,15,101,17,201
2634,65,34,67,17,183
2635,65,18,67,17,167
2636,68,32,52,17,169
2637,65,16,52,17,150
2638,66,35,84,16,201
2639,67,18,84,16,185
2642,52,17,66,15,150
2644,67,33,67,15,182
2645,67,16,67,15,165
2646,66,33,68,14,181
2648,66,34,66,16,182
2649,64,19,66,16,165
2650,67,34,100,16,217
2652,68,32,68,16,184
2653,67,18,68,16,169
2654,66,34,66,19,185
2655,151,32,67,16,266
2656,66,34,64,19,183
2657,67,19,64,19,169
2658,68,32,51,16,167
2660,66,32,67,16,181
2661,70,13,67,16,166
2662,64,35,67,17,183
2663,167,17,66,17,267
2664,316,18,66,16,416
2666,67,35,65,19,186
2667,64,19,65,19,167
2669,67,17,66,17,167
2670,69,31,52,15,167
2673,67,16,65,17,165
2674,66,32,68,16,182
2675,68,15,68,16,167
2676,52,15,68,16,151
2677,66,15,51,16,148
2680,68,32,99,19,218
2681,50,32,99,19,200
2682,51,16,99,19,185
2683,67,17,65,19,168
2685,166,19,63,20,268
2686,67,32,70,16,185
2687,68,14,70,16,168
2688,51,14,70,16,151
2691,65,19,63,20,167
2692,51,19,63,20,153
2693,51,32,66,18,167
2694,65,31,68,18,182
2696,63,35,67,18,183
2697,67,15,67,18,167
2698,66,33,52,15,166
2699,69,15,52,15,151
2700,68,34,82,19,203
2701,66,16,82,19,183
2702,67,33,68,15,183
2703,67,15,68,15,165
2704,52,15,68,15,150
2705,65,19,66,17,167
2706,82,19,66,17,184
2709,52,33,101,16,202
2710,66,33,68,16,183
2712,166,33,100,19,318
2713,51,34,66,17,168
2714,67,34,98,17,216
2715,67,17,98,17,199
2717,51,32,66,17,166
2718,66,33,100,19,218
2719,66,16,100,19,201
2720,65,33,104,13,215
2722,66,35,69,13,183
2724,137,29,51,16,233
2725,51,32,66,20,169
2727,69,18,63,17,167
2728,69,29,51,16,165
2730,66,34,68,15,183
2735,180,33,70,13,296
2737,366,17,66,18,467
2738,66,34,66,17,183
2739,69,15,66,17,167
2740,50,15,66,17,148
2742,67,33,70,13,183
2743,81,35,66,18,200
2744,66,35,66,18,185
2745,65,18,66,18,167
2747,65,20,63,19,167
2748,70,31,66,17,184
2750,66,32,68,16,182
2752,164,33,66,17,280
2753,69,15,67,16,167
2754,66,34,66,18,184
2755,65,17,66,18,166
2757,49,33,51,17,150
2758,67,33,66,17,183
2759,66,17,66,17,166
2760,66,35,67,15,183
2761,68,17,67,15,167
2763,183,33,67,17,300
2764,66,36,64,18,184
2766,67,31,51,15,164
2767,51,31,51,15,148
2771,67,15,67,17,166
2774,70,30,67,18,185
2775,66,16,67,18,167
2776,51,16,67,18,152
2777,66,17,68,17,168
2778,82,15,52,15,164
2779,68,15,52,15,150
2780,67,35,100,18,220
2781,68,17,100,18,203
2782,68,32,68,18,186
2783,67,15,68,18,168
2784,52,15,68,18,153
2785,67,15,68,17,167
2786,167,33,66,15,281
2787,65,18,67,17,167
2788,152,16,66,15,249
2789,68,15,51,16,150
2793,66,16,66,15,163
2794,51,16,66,15,148
2795,331,17,51,18,417
2797,65,17,51,16,149
2798,66,32,68,16,182
2799,64,17,68,16,165
2800,64,35,68,14,181
2802,51,16,68,14,149
2803,52,33,68,15,168
2804,68,35,97,17,217
2805,65,19,97,17,198
2806,165,35,66,18,284
2809,52,31,68,16,167
2810,64,33,51,18,166
2811,66,17,51,18,152
2812,64,35,66,18,183
2814,68,34,65,18,185
2815,52,34,65,18,169
2816,51,18,65,18,152
2817,52,32,67,16,167
2818,165,35,67,16,283
2821,217,31,105,12,365
2822,67,32,52,17,168
2823,65,16,52,17,150
2825,66,17,67,16,166
2827,68,17,64,19,168
2828,52,17,64,19,152
2831,66,15,105,12,198
2832,64,35,70,12,181
2833,69,16,70,12,167
2834,66,33,69,15,183
2836,51,17,69,15,152
2837,65,21,62,18,166
2838,183,17,66,16,282
2839,66,20,65,16,167
2841,68,15,68,16,167
2842,62,35,67,16,180
2843,68,17,67,16,168
2844,65,33,66,16,180
2845,66,17,66,16,165
2846,51,17,66,16,150
2847,66,18,65,18,167
2848,67,32,100,17,216
2849,51,32,100,17,200
2850,66,33,67,17,183
2851,66,17,67,17,167
2852,65,33,68,17,183
2853,67,15,68,17,167
2855,68,16,99,18,201
2856,67,34,65,18,184
2857,66,17,65,18,166
2859,67,16,66,17,166
2860,51,16,66,17,150
2862,65,34,100,16,215
2863,66,16,100,16,198
2865,64,17,66,16,163
2866,68,33,68,17,186
2867,67,16,68,17,168
2869,68,15,52,16,151
2870,66,35,82,17,200
2871,300,17,117,16,450
2873,67,16,66,18,167
2874,52,16,66,18,152
2876,167,33,66,15,281
2877,65,17,68,14,164
2878,66,33,68,16,183
2879,50,33,68,16,167
2880,52,15,68,16,151
2882,68,33,66,15,182
2883,64,19,66,15,164
2886,49,17,117,16,199
2887,67,18,67,17,169
2888,66,33,51,16,166
2890,66,34,67,16,183
2892,67,33,67,17,184
2896,67,33,66,18,184
2900,50,16,68,16,150
2901,66,17,51,15,149
2903,67,17,65,18,167
2904,68,31,67,16,182
2906,51,15,67,16,149
2907,66,16,67,16,165
2909,67,15,65,19,166
2910,351,17,67,17,452
2911,167,16,51,15,249
2912,67,31,53,16,167
2913,65,15,53,16,149
2914,65,34,67,19,185
2915,352,33,66,16,467
2917,167,16,68,17,268
2918,53,16,51,15,135
2920,67,34,50,18,169
2922,51,15,50,18,134
2923,67,16,68,17,168
2924,67,35,67,16,185
2925,65,18,67,16,166
2927,67,17,67,17,168
2928,68,34,66,17,185
2929,51,34,66,17,168
2930,67,33,67,17,184
2931,67,17,67,17,168
2932,67,33,66,16,182
2933,67,16,66,16,165
2934,66,34,65,18,183
2935,67,17,65,18,167
2936,67,32,67,18,184
2938,66,33,52,17,168
2941,66,16,66,18,166
2942,51,16,66,18,151
2943,69,17,66,16,168
2944,52,17,66,16,151
2946,66,35,65,17,183
2947,66,17,65,17,165
2948,66,33,66,17,182
2949,168,15,87,15,285
2952,65,34,51,15,165
2955,67,15,87,15,184
2957,68,15,68,17,168
2958,51,15,68,17,151
2959,65,18,65,18,166
2960,68,34,117,15,234
2961,83,31,69,17,200
2962,68,31,69,17,185
2963,69,14,69,17,169
2964,51,14,69,17,151
2965,64,17,51,15,147
2966,66,34,66,16,182
2968,69,32,68,16,185
2969,68,15,68,16,167
2972,66,34,67,16,183
2974,68,32,68,17,185
2975,66,16,68,17,167
2976,66,35,66,17,184
2977,50,35,66,17,168
2978,67,33,66,16,182
2980,68,33,65,19,185
2981,68,16,65,19,168
2982,66,33,68,15,182
2983,67,16,68,15,166
2984,66,32,51,17,166
2985,65,16,51,17,149
2987,67,17,64,17,165
2989,67,17,67,16,167
2990,51,17,67,16,151
2991,132,17,67,15,231
2994,67,33,67,15,182
2995,51,33,67,15,166
2996,51,17,67,15,150
2997,51,35,66,15,167
2998,84,16,67,16,183
3000,67,34,65,17,183
3001,52,34,65,17,168
3003,65,18,66,17,166
3006,65,34,67,16,182
3007,67,17,67,16,167
3009,67,16,68,15,166
3010,51,16,68,15,150
3011,50,34,65,18,167
3012,67,34,182,16,299
3014,68,31,51,18,168
3015,66,16,51,18,151
3016,65,34,67,18,184
3019,67,18,82,16,183
3020,51,18,82,16,167
3022,67,33,67,17,184
3023,68,15,67,17,167
3024,65,33,68,14,180
3026,66,34,67,17,184
3027,66,16,67,17,166
3028,67,34,65,18,184
3029,67,17,65,18,167
3031,301,15,68,16,400
3032,300,33,67,16,416
3033,67,15,67,17,166
3035,51,35,67,16,169
3036,67,32,51,17,167
3037,66,16,51,17,150
3038,67,35,65,19,186
3040,67,33,66,18,184
3041,67,17,66,18,168
3043,67,16,67,18,168
3044,65,34,68,16,183
3045,68,15,68,16,167
3047,150,34,67,17,268
3048,67,35,66,15,183
3050,68,32,67,17,184
3051,66,16,67,17,166
3052,67,34,67,17,185
3053,65,18,67,17,167
3054,66,33,51,16,166
3056,67,34,81,19,201
3058,67,33,67,15,182
3061,67,15,66,19,167
3062,65,35,66,14,180
3063,64,19,66,14,163
3064,67,31,67,18,183
3065,50,31,67,18,166
3066,66,35,99,19,219
3068,184,16,67,14,281
3071,66,16,52,16,150
3072,66,33,67,16,182
3073,70,15,67,16,168
3074,52,15,67,16,150
3075,68,16,67,14,165
3076,52,16,67,14,149
3078,67,35,66,16,184
3079,64,19,66,16,165
3082,66,35,83,17,201
3083,69,16,83,17,185
3084,166,32,67,19,284
3085,52,34,66,16,168
3086,51,18,66,16,151
3088,65,35,82,17,199
3089,84,32,67,19,202
3090,66,32,67,19,184
3093,67,17,66,16,166
3094,67,32,67,16,182
3095,66,17,67,16,166
3097,68,15,66,18,167
3098,66,33,66,17,182
3099,51,33,66,17,167
3100,67,33,67,18,185
3101,64,17,67,18,166
3103,150,35,67,16,268
3104,66,34,83,16,199
3105,67,17,83,16,183
3106,67,33,66,17,183
3107,67,15,66,17,165
3108,52,15,66,17,150
3109,50,35,67,16,168
3110,68,31,52,15,166
3111,65,16,52,15,148
3112,66,36,65,17,184
3113,67,19,65,17,168
3114,165,34,67,15,281
3116,52,15,67,18,152
3117,67,17,67,18,169
3118,533,32,100,18,683
3119,167,16,67,17,267
3121,166,19,66,17,268
3122,67,33,68,17,185
3123,68,15,68,17,168
3125,67,16,67,17,167
3126,51,16,67,17,151
3127,64,19,66,17,166
3128,68,33,67,15,183
3129,350,32,100,18,500
3130,67,33,65,17,182
3132,165,34,101,16,316
3133,66,17,65,17,165
3134,50,17,65,17,149
3136,65,34,68,15,182
3138,65,34,101,16,216
3139,67,17,101,16,201
3140,169,32,100,18,319
3142,68,33,66,16,183
3146,67,32,100,18,217
3147,52,32,100,18,202
3149,66,19,65,18,168
3150,67,31,52,16,166
3151,65,17,52,16,150
3152,66,34,68,15,183
3153,68,16,68,15,167
3155,51,34,83,16,184
3157,50,34,65,16,165
3158,68,31,101,18,218
3159,65,16,101,18,200
3161,68,16,67,18,169
3164,69,32,84,16,201
3165,83,33,67,17,200
3167,51,33,67,17,168
3168,50,15,67,17,149
3169,383,35,115,14,547
3170,67,33,51,16,167
3172,67,35,66,17,185
3175,51,32,66,17,166
3176,51,16,66,17,150
3177,66,18,65,19,168
3178,66,32,103,15,216
3180,51,15,103,15,184
3182,65,35,67,14,181
3183,67,16,67,14,164
3184,52,16,67,14,149
3185,51,35,67,15,168
3187,51,32,132,18,233
3188,67,35,115,14,231
3189,167,17,66,19,269
3192,67,32,51,14,164
3193,53,32,51,14,150
3196,65,32,67,17,181
3199,66,17,101,17,201
3201,67,14,68,17,166
3202,53,14,68,17,152
3203,67,18,66,17,168
3204,68,33,101,15,217
3206,68,33,83,17,201
3207,418,34,100,15,567
3208,66,33,67,17,183
3211,66,18,99,17,200
3212,68,32,67,17,184
3214,183,19,81,18,301
3216,64,35,68,15,182
3217,67,17,68,15,167
3218,67,33,50,16,166
3219,67,16,50,16,149
3220,68,35,81,18,202
3221,66,19,81,18,184
3222,68,31,68,16,183
3224,50,16,68,16,150
3225,67,17,68,17,169
3226,183,15,66,19,283
3227,66,18,65,19,168
3228,68,34,100,15,217
3229,167,18,100,14,299
3231,69,14,69,15,167
3232,65,34,66,19,184
3233,68,15,66,19,168
3234,65,35,100,14,214
3235,65,18,100,14,197
3236,51,18,100,14,183
3238,50,16,69,14,149
3239,169,16,132,18,335
3241,66,19,116,16,217
3242,69,33,83,16,201
3243,216,33,51,16,316
3244,68,34,132,18,252
3245,52,34,132,18,236
3247,53,32,67,17,169
3249,181,34,66,17,298
3250,65,34,66,18,183
3252,67,33,51,16,167
3256,66,34,66,17,183
3258,51,16,66,17,150
3259,67,15,99,19,200
3262,66,33,52,14,165
3263,65,16,52,14,147
3265,49,33,68,16,166
3267,68,14,67,16,165
3269,49,35,64,23,171
3270,68,32,68,17,185
3271,65,16,68,17,166
3272,67,32,70,17,186
3273,168,15,51,16,250
3274,64,36,66,18,184
3275,71,13,66,18,168
3277,169,16,66,18,269
3278,70,32,51,16,169
3279,64,15,51,16,146
3280,51,15,51,16,133
3281,67,14,69,16,166
3282,64,35,66,18,183
3283,66,16,66,18,166
3284,51,16,66,18,151
3286,69,32,66,18,185
3287,66,16,66,18,166
3288,66,35,66,17,184
3289,68,17,66,17,168
3290,50,17,66,17,150
3291,51,31,52,18,152
3293,66,17,67,15,165
3294,66,35,64,18,183
3295,51,35,64,18,168
3296,335,32,67,17,451
3297,150,34,68,14,266
3298,67,32,68,17,184
3299,167,15,71,13,266
3300,64,34,51,15,164
3301,135,15,71,13,234
3304,68,32,71,13,184
3306,51,15,71,13,150
3307,66,20,65,18,169
3309,65,21,79,18,183
3310,71,30,67,16,184
3311,152,32,67,17,268
3312,65,32,67,17,181
3314,79,18,65,17,179
3315,149,34,50,18,251
3316,67,32,67,17,183
3317,148,34,82,18,282
3318,67,33,68,16,184
3319,67,16,68,16,167
3321,133,18,66,15,232
3322,67,34,82,18,201
3324,51,17,82,18,168
3326,50,18,66,15,149
3327,67,16,66,17,166
3328,82,18,67,15,182
3330,66,32,69,15,182
3331,184,32,66,18,300
3332,66,35,67,16,184
3333,67,18,67,16,168
3334,67,34,100,16,217
3335,52,34,100,16,202
3336,69,33,67,16,185
3342,67,31,51,15,164
3343,165,19,67,15,266
3344,66,35,82,17,200
3345,67,17,82,17,183
3346,66,31,68,18,183
3348,51,15,68,18,152
3349,65,19,67,15,166
3350,183,17,65,18,283
3352,51,17,101,17,186
3353,51,35,66,17,169
3354,67,33,50,15,165
3355,183,35,67,15,300
3356,68,33,65,18,184
3357,66,17,65,18,166
3358,183,17,65,18,283
3360,50,15,102,14,181
3362,65,35,67,15,182
3364,167,34,66,19,286
3366,52,17,65,18,152
3367,51,33,66,16,166
3368,67,32,100,19,218
3369,65,17,100,19,201
3370,65,34,66,19,184
3371,51,34,66,19,170
3372,66,34,65,20,185
3373,51,34,65,20,170
3374,184,16,67,16,283
3376,66,33,67,17,183
3377,69,14,67,17,167
3378,51,14,67,17,149
3379,70,13,134,17,234
3381,598,18,66,17,699
3383,64,17,66,17,164
3384,151,15,68,16,250
3385,167,17,65,17,266
3386,51,16,65,19,151
3387,66,17,51,17,151
3388,66,32,68,16,182
3393,67,16,118,18,219
3396,65,33,52,18,168
3397,66,16,52,18,152
3398,401,32,51,17,501
3399,69,15,68,16,168
3400,67,36,64,16,183
3401,68,18,64,16,166
3402,52,18,64,16,150
3403,183,31,102,17,333
3404,168,31,102,17,318
3406,64,34,65,18,181
3407,67,18,65,18,168
3408,66,34,49,18,167
3409,182,35,65,18,300
3410,68,31,102,17,218
3411,52,31,102,17,202
3413,66,18,66,17,167
3415,51,31,52,15,149
3417,67,17,65,18,167
3419,68,15,51,17,151
3420,52,15,51,17,135
3421,66,16,67,17,166
3422,65,35,65,19,184
3423,66,17,65,19,167
3424,51,17,65,19,152
3425,51,32,52,14,149
3427,66,16,69,15,166
3428,65,33,68,17,183
3430,52,14,68,17,151
3431,201,15,68,17,301
3432,69,32,67,17,185
3434,184,17,51,16,268
3435,67,15,52,15,149
3436,182,17,65,16,280
3438,67,32,68,17,184
3439,67,15,68,17,167
3441,66,17,51,16,150
3442,66,34,65,16,181
3443,164,19,67,15,265
3444,51,17,65,16,149
3445,51,33,67,16,167
3447,166,18,65,17,266
3448,65,35,67,15,182
3450,67,34,66,17,184
3451,66,18,66,17,167
3452,51,18,66,17,152
3453,68,18,65,17,168
3454,67,33,66,17,183
3455,51,33,66,17,167
3456,66,32,69,16,183
3458,65,34,67,18,184
3459,67,17,67,18,169
3460,182,17,68,15,282
3461,49,35,65,16,165
3462,69,32,66,17,184
3463,167,18,66,15,266
3464,51,16,66,17,150
3465,68,15,68,16,167
3466,65,33,68,15,181
3467,65,17,68,15,165
3468,66,35,66,15,182
3469,164,16,52,17,249
3470,68,33,100,16,217
3473,66,18,67,16,167
3474,149,17,65,19,250
3475,65,16,52,17,150
3477,67,18,66,16,167
3478,67,33,65,19,184
3479,68,17,65,19,169
3480,52,17,65,19,153
3484,65,36,82,18,201
3485,185,32,66,18,301
3489,66,15,68,17,166
3490,82,18,66,15,181
3491,66,18,66,15,165
3492,67,32,66,18,183
3493,51,32,66,18,167
3494,68,34,66,17,185
3495,67,17,66,17,167
3496,66,32,66,17,181
3498,66,34,65,17,182
3500,66,32,69,16,183
3502,51,15,69,16,151
3505,65,19,67,14,165
3506,167,34,85,16,302
3508,52,15,67,18,152
3509,68,18,49,16,151
3510,67,31,102,17,217
3511,65,17,102,17,201
3513,67,16,85,16,184
3515,51,32,53,16,152
3520,151,17,67,16,251
3524,67,32,67,16,182
3527,67,16,67,17,167
3529,66,18,67,15,166
3530,67,33,67,16,183
3532,67,34,66,17,184
3533,51,34,66,17,168
3534,67,33,67,15,182
3537,66,17,66,18,167
3538,66,34,67,17,184
3541,167,17,66,17,267
3542,66,35,84,16,201
3543,67,17,84,16,184
3545,69,15,68,15,167
3546,52,15,68,15,150
3547,66,17,66,17,166
3550,150,20,80,18,268
3551,66,17,70,14,167
3553,348,35,66,16,465
3554,65,37,80,18,200
3555,67,20,80,18,185
3556,168,34,64,17,283
3557,53,30,68,17,168
3558,51,16,68,17,152
3559,67,15,53,17,152
3560,62,36,84,14,196
3561,66,18,84,14,182
3563,68,17,64,17,166
3564,53,17,64,17,151
3565,52,32,66,17,167
3566,84,14,69,16,183
3567,67,14,69,16,166
3568,64,34,67,17,182
3569,50,34,67,17,168
3570,66,35,66,16,183
3571,65,18,66,16,165
3572,51,18,66,16,151
3573,52,32,85,15,184
3574,67,34,66,16,183
3575,67,17,66,16,166
3576,184,16,65,17,282
3577,66,16,50,17,149
3578,66,34,68,16,184
3579,68,15,68,16,167
3582,50,17,68,16,151
3583,67,16,65,17,165
3584,68,33,85,13,199
3586,401,32,69,15,517
3587,65,16,53,13,147
3588,65,33,70,15,183
3589,66,16,70,15,167
3590,65,33,69,15,182
3594,70,32,66,16,184
3595,65,17,66,16,164
3596,69,32,68,17,186
3597,64,17,68,17,166
3598,64,34,51,16,165
3599,66,17,51,16,150
3600,66,34,66,16,182
3601,67,18,66,16,167
3602,68,33,65,17,183
3603,68,16,65,17,166
3607,65,16,69,15,165
3608,184,14,69,14,281
3609,66,18,67,17,168
3610,67,34,64,17,182
3612,69,33,65,17,184
3613,52,33,65,17,167
3615,69,14,69,14,166
3619,199,17,67,15,298
3620,69,33,100,16,218
3621,201,17,67,16,301
3622,68,32,68,16,184
3624,65,32,69,16,182
3625,68,15,69,16,168
3627,66,17,67,15,165
3629,51,33,67,16,167
3630,52,17,67,16,152
3632,67,33,133,17,250
3633,66,18,133,17,234
3635,51,34,65,17,167
3636,67,33,66,17,183
3637,184,32,67,18,301
3638,67,32,67,17,183
3640,65,34,65,19,183
3641,167,17,98,17,299
3643,68,16,51,17,152
3644,67,32,67,18,184
3645,50,32,67,18,167
3647,67,17,98,17,199
3649,166,18,66,17,267
3650,67,35,84,16,202
3651,66,17,84,16,183
3652,66,32,52,16,166
3655,66,18,66,17,167
3657,66,16,65,18,165
3658,400,33,68,17,518
3660,66,32,67,17,182
3661,66,15,67,17,165
3663,67,17,49,17,150
3664,67,32,68,16,183
3665,400,15,69,15,499
3666,67,34,67,17,185
3667,66,17,67,17,167
3668,49,17,67,17,150
3669,68,17,66,17,168
3670,68,33,50,15,166
3671,183,33,68,17,301
3672,67,33,83,16,199
3676,50,15,67,17,149
3678,66,33,68,17,184
3679,401,14,51,16,482
3680,67,35,65,18,185
3681,66,18,65,18,167
3682,169,33,100,15,317
3683,68,16,101,15,200
3684,68,32,69,15,184
3686,50,15,69,15,149
3688,50,18,65,15,148
3689,65,19,100,15,199
3690,69,32,68,15,184
3691,66,17,68,15,166
3692,65,34,66,18,183
3693,51,34,66,18,169
3696,68,32,66,17,183
3701,65,18,83,16,182
3702,66,33,66,18,183
3703,65,16,66,18,165
3704,51,16,66,18,151
3705,51,35,64,19,169
3707,66,16,69,17,168
3708,66,33,101,19,219
3713,68,15,67,16,166
3714,68,33,68,16,185
3715,65,17,68,16,166
3716,65,34,100,16,215
3717,67,15,100,16,198
3718,67,34,66,16,183
3722,67,33,67,18,185
3723,51,33,67,18,169
3724,182,17,66,16,281
3726,68,32,66,16,182
3727,65,18,66,16,165
3729,167,16,103,14,300
3731,67,17,66,16,166
3733,150,33,65,18,266
3735,67,16,103,14,200
3737,66,20,67,14,167
3739,52,33,65,18,168
3740,54,15,65,18,152
3742,183,15,101,18,317
3743,63,17,68,17,165
3744,65,33,67,17,182
3745,67,15,67,17,166
3746,64,35,66,17,182
3749,67,15,101,18,201
3752,66,32,53,14,165
3756,67,32,67,18,184
3758,53,14,67,18,152
3759,66,17,51,17,151
3760,66,33,68,15,182
3761,66,15,68,15,164
3762,52,15,68,15,150
3763,68,17,67,14,166
3764,51,17,67,14,149
3765,67,16,83,17,183
3766,68,34,66,17,185
3767,65,19,66,17,167
3768,67,33,65,16,181
3769,64,19,65,16,164
3773,52,32,68,17,169
3774,65,33,67,17,182
3778,68,32,99,20,219
3780,52,15,99,20,186
3782,66,34,65,19,184
3783,65,18,65,19,167
3784,68,31,53,14,166
3786,50,15,53,14,132
3788,51,14,67,17,149
3789,68,14,67,18,167
3790,53,14,67,18,152
3792,67,33,69,16,185
3793,166,15,68,16,265
3794,67,34,66,18,185
3795,68,16,66,18,168
3796,67,35,66,17,185
3798,69,31,68,16,184
3799,67,15,68,16,166
3800,66,35,67,14,182
3801,67,17,67,14,165
3802,147,18,67,18,250
3803,67,16,66,17,166
3804,52,16,66,17,151
3805,149,34,66,19,268
3806,132,34,66,19,251
3807,64,18,67,18,167
3808,66,33,69,15,183
3809,67,16,69,15,167
3810,65,34,66,19,184
3812,350,16,67,18,451
3813,68,17,65,15,165
3814,69,31,67,17,184
3815,66,16,67,17,166
3816,168,31,100,18,317
3817,67,15,68,16,166
3821,165,17,50,17,249
3822,68,31,100,18,217
3823,53,31,100,18,202
3825,67,16,66,18,167
3827,66,17,50,17,150
3828,68,32,67,18,185
3830,66,35,66,19,186
3832,50,17,66,19,152
3833,67,16,66,19,168
3834,67,34,101,16,218
3836,50,16,101,16,183
3837,69,13,69,16,167
3838,151,17,49,16,233
3839,67,15,51,17,150
3841,63,19,64,18,164
3843,66,17,49,16,148
3844,51,17,49,16,133
3846,51,13,53,14,131
3847,166,16,69,15,266
3849,66,14,51,16,147
3853,65,16,69,15,165
3854,51,16,69,15,151
3855,67,16,65,17,165
3856,67,34,67,15,183
3857,67,18,67,15,167
3859,65,16,51,17,149
3860,65,36,82,18,201
3861,352,31,51,15,449
3865,51,33,67,15,166
3867,67,18,81,18,184
3868,50,18,81,18,167
3869,52,32,84,15,183
3870,67,32,52,15,166
3871,65,17,52,15,149
3873,65,18,99,16,198
3875,52,32,67,16,167
3876,52,15,67,16,150
3877,69,17,66,16,168
3879,66,16,51,15,148
3880,67,35,82,16,200
3881,64,19,82,16,181
3882,66,31,67,17,181
3884,51,15,67,17,150
3885,67,16,67,18,168
3887,66,16,68,15,165
3888,67,33,117,18,235
3889,67,16,117,18,218
3890,67,35,100,16,218
3891,67,17,100,16,200
3892,68,37,63,16,184
3894,168,34,133,15,350
3895,54,29,67,17,167
3897,67,18,67,17,169
3898,63,33,66,16,178
3899,68,17,66,16,167
3900,67,34,133,15,249
3901,68,17,133,15,233
3902,67,32,68,16,183
3903,167,17,83,15,282
3904,66,34,67,15,182
3905,65,18,67,15,165
3907,66,17,66,17,166
3911,65,18,133,15,231
3912,66,32,101,15,214
3913,67,15,101,15,198
3914,65,33,68,15,181
3915,68,15,68,15,166
3916,50,15,68,15,148
3918,84,17,67,17,185
3919,66,17,67,17,167
3921,169,15,67,18,269
3924,67,34,83,16,200
3925,69,17,83,16,185
3927,67,15,67,18,167
3928,165,34,51,15,265
3929,67,17,133,16,233
3930,67,32,66,18,183
3931,66,16,66,18,166
3932,67,32,69,16,184
3933,67,14,69,16,166
3934,64,34,51,15,164
3935,65,17,51,15,148
3936,66,35,98,19,218
3937,166,15,67,17,265
3939,52,31,67,19,169
3940,51,15,67,19,152
3941,68,13,68,16,165
3942,64,34,67,17,182
3943,67,15,67,17,166
3945,150,33,99,15,297
3946,68,33,69,16,186
3947,65,17,69,16,167
3949,65,19,64,17,165
3950,168,33,65,17,283
3951,53,33,99,15,200
3952,51,18,99,15,183
3953,52,31,68,15,166
3955,66,18,65,19,168
3956,66,33,65,17,181
3957,66,17,65,17,165
3959,51,32,68,16,167
3961,150,34,66,16,266
3962,65,35,67,14,181
3963,67,18,67,14,166
3964,68,33,100,16,217
3965,65,17,100,16,198
3966,51,17,100,16,184
3967,51,34,66,16,167
3969,51,31,135,15,232
3972,66,32,68,15,181
3974,51,16,68,15,150
3976,65,35,66,17,183
3977,66,18,66,17,167
3978,68,34,67,16,185
3979,65,19,67,16,167
3980,69,32,51,15,167
3981,52,32,51,15,150
3982,66,35,65,18,184
3984,67,31,102,16,216
3986,51,15,102,16,184
3987,65,18,68,16,167
3990,52,15,68,15,150
3991,68,18,65,17,168
3994,51,17,65,19,152
3995,51,32,52,16,151
3997,66,16,68,15,165
3999,150,36,83,16,285
4000,52,16,83,18,169
4001,502,15,51,15,583
4002,68,32,69,14,183
4003,64,17,69,14,164
4004,65,36,83,16,200
4005,67,18,83,16,184
4006,151,16,84,17,268
4008,69,33,67,14,183
4009,51,33,67,14,165
4010,66,33,84,17,200
4011,67,16,84,17,184
4013,52,34,98,16,200
4015,64,18,101,16,199
4020,66,35,84,15,200
4021,64,19,84,15,182
4022,66,32,67,17,182
4024,51,16,67,17,151
4026,84,15,51,15,165
4027,68,15,51,15,149
4029,164,17,101,17,299
4031,66,15,67,18,166
4032,51,15,67,18,151
4033,66,17,51,15,149
4035,65,17,101,17,200
4036,67,33,68,17,185
4038,51,15,68,17,151
4040,84,17,66,16,183
4041,66,17,66,16,165
4042,68,33,67,16,184
4043,52,33,67,16,168
4045,50,33,66,18,167
4046,66,34,66,16,182
4047,65,18,66,16,165
4048,67,32,68,17,184
4049,51,32,68,17,168
4050,66,34,68,14,182
4051,68,16,68,14,166
4052,66,34,67,16,183
4053,66,18,67,16,167
4054,68,34,65,18,185
4055,67,17,65,18,167
4056,51,17,65,18,151
4058,67,32,101,17,217
4060,65,34,67,17,183
4061,69,16,67,17,169
4062,150,15,69,14,248
4063,65,17,52,15,149
4064,66,35,66,16,183
4065,316,33,66,17,432
4066,67,32,69,14,182
4068,52,15,69,14,150
4071,65,19,64,17,165
4072,69,31,67,16,183
4076,64,34,133,17,248
4077,67,17,133,17,234
4079,65,18,83,16,182
4081,51,33,66,17,167
4083,51,33,67,18,169
4085,65,16,52,15,148
4086,66,34,65,19,184
4087,67,17,65,19,168
4089,68,15,68,14,165
4093,66,17,64,17,164
4095,182,35,67,15,299
4096,68,32,67,17,184
4097,66,15,67,17,165
4099,67,19,99,17,202
4100,68,31,68,17,184
4101,150,34,67,18,269
4103,67,18,67,15,167
4104,66,33,68,16,183
4105,168,17,65,17,267
4106,68,34,67,18,187
4107,68,17,67,18,170
4108,67,34,65,18,184
4109,66,19,65,18,168
4110,166,34,66,17,283
4111,67,17,65,17,166
4112,67,32,99,17,215
4113,52,32,99,17,200
4115,67,15,66,17,165
4116,182,18,67,15,282
4117,81,32,51,18,182
4118,67,32,51,18,168
4120,184,18,82,16,300
4122,66,35,67,15,183
4123,67,18,67,15,167
4124,51,18,67,15,151
4126,67,35,82,16,200
4127,67,18,82,16,183
4128,67,32,66,17,182
4129,51,32,66,17,166
4130,50,17,66,17,150
4131,168,16,65,18,267
4132,82,16,68,15,181
4133,83,33,69,15,200
4134,66,33,69,15,183
4135,65,16,69,15,165
4136,67,35,65,18,185
4137,68,16,65,18,167
4138,52,16,65,18,151
4141,65,16,133,18,232
4143,68,16,67,17,168
4145,66,18,65,18,167
4147,66,17,50,18,151
4148,67,32,84,18,201
4149,51,32,84,18,185
4150,65,36,66,16,183
4151,67,18,66,16,167
4154,84,18,67,15,184
4155,66,18,67,15,166
4157,52,32,67,17,168
4159,69,16,67,16,168
4160,51,16,67,16,150
4162,67,35,65,18,185
4163,65,18,65,18,166
4164,67,32,51,16,166
4165,52,32,51,16,151
4166,67,33,66,18,184
4167,134,15,101,17,267
4168,51,14,66,18,149
4169,67,16,66,18,167
4170,51,16,66,18,151
4171,65,15,101,17,198
4174,66,33,51,15,165
4175,133,15,69,15,232
4177,67,16,84,17,184
4179,66,15,69,15,165
4180,51,15,69,15,150
4181,67,15,101,17,200
4183,67,17,66,17,167
4184,69,32,100,16,217
4185,65,17,100,16,198
4187,165,17,66,18,266
4190,349,18,67,17,451
4191,66,17,66,17,166
4192,66,33,66,18,183
4194,50,17,66,18,151
4195,50,33,99,20,202
4196,52,14,99,20,185
4197,67,16,66,20,169
4199,166,17,66,15,264
4200,69,30,53,17,169
4203,68,16,83,17,184
4204,66,34,66,15,181
4205,68,17,66,15,166
4206,53,17,66,15,151
4208,66,34,65,18,183
4209,66,17,65,18,166
4210,66,33,67,15,181
4211,52,33,67,15,167
4213,67,15,68,17,167
4214,65,35,66,17,183
4215,68,17,66,17,168
4217,199,16,100,18,333
4218,68,33,134,15,250
4219,67,16,134,15,232
4221,68,16,66,19,169
4222,66,34,67,15,182
4223,66,17,67,15,165
4225,66,16,100,18,200
4226,66,35,65,18,184
4227,167,15,50,18,250
4228,51,16,65,18,150
4229,66,18,65,18,167
4230,68,32,68,15,183
4231,65,16,68,15,164
4232,65,33,50,18,166
4236,68,33,51,15,167
4237,182,35,65,17,299
4239,65,17,67,18,167
4240,368,31,67,17,483
4243,51,33,68,17,169
4244,67,35,65,17,184
4245,66,17,65,17,165
4246,51,17,65,17,150
4247,66,17,66,18,167
4249,67,15,52,15,149
4250,65,34,66,18,183
4251,66,17,66,18,167
4252,66,33,69,16,184
4253,67,15,69,16,167
4254,52,15,69,16,152
4255,50,33,52,15,150
4256,66,36,82,16,200
4257,66,18,82,16,182
4259,52,31,67,17,167
4260,52,15,67,17,151
4262,64,34,66,17,181
4265,67,16,66,18,167
4267,65,17,69,15,166
4268,66,33,51,16,166
4269,184,34,66,16,300
4270,66,36,66,17,185
4271,68,18,66,17,169
4272,69,31,52,17,169
4274,51,16,52,17,136
4276,66,34,66,16,182
4278,151,18,65,18,252
4280,65,35,99,18,217
4281,66,17,99,18,200
4283,65,18,65,18,166
4284,51,18,65,18,152
4286,66,33,67,17,183
4287,67,16,67,17,167
4288,366,33,50,17,466
4289,69,16,67,15,167
4290,51,16,67,15,149
4293,66,17,66,17,166
4295,65,17,51,17,150
4296,166,33,51,17,267
4297,67,16,66,17,166
4298,66,34,65,18,183
4300,51,17,65,18,151
4301,150,33,50,17,250
4303,66,16,51,17,150
4308,51,17,50,17,135
4309,67,16,100,18,201
4311,67,17,66,18,168
4312,50,17,66,18,151
4315,67,16,67,16,166
4316,201,32,65,18,316
4317,68,16,66,15,165
4318,417,17,65,16,515
4320,67,33,67,17,184
4321,183,31,52,17,283
4323,51,35,66,15,167
4324,68,32,65,18,183
4326,67,34,66,17,184
4327,169,17,65,18,269
4328,66,31,52,17,166
4329,51,31,52,17,151
4331,182,35,65,16,298
4332,66,34,65,18,183
4336,67,32,52,16,167
4337,66,16,52,16,150
4338,65,35,65,16,181
4339,68,17,65,16,166
4340,67,33,66,16,182
4342,52,16,66,16,150
4343,50,32,67,17,166
4345,64,18,67,16,165
4347,52,33,68,16,169
4348,67,34,67,16,184
4349,51,34,67,16,168
4350,67,34,65,17,183
4351,67,18,65,17,167
4354,67,32,68,16,183
4357,66,17,50,16,149
4358,66,34,67,17,184
4360,68,32,67,17,184
4361,67,16,67,17,167
4362,50,16,67,17,150
4363,51,35,98,18,202
4364,67,32,66,18,183
4365,68,15,66,18,167
4366,52,15,66,18,151
4367,66,17,100,15,198
4368,66,32,68,15,181
4370,51,15,68,15,149
4371,67,15,67,18,167
4374,51,17,65,17,150
4376,67,33,67,18,185
4379,67,19,83,14,183
4380,152,14,51,16,233
4381,66,16,101,16,199
4382,51,16,101,16,184
4383,68,16,67,16,167
4385,68,14,51,16,149
4386,52,14,51,16,133
4387,66,17,67,16,166
4389,65,16,51,18,150
4390,51,16,51,18,136
4391,67,17,65,19,168
4392,67,34,67,14,182
4394,51,18,67,14,150
4397,68,17,51,14,150
4398,67,32,66,17,182
4400,68,33,67,17,185
4401,68,14,67,17,166
4404,66,34,67,16,183
4405,148,32,52,16,248
4406,67,34,65,17,183
4407,66,17,65,17,165
4408,51,17,65,17,150
4411,66,16,52,16,150
4412,65,34,67,17,183
4413,67,17,67,17,168
4414,66,34,65,15,180
4415,68,16,65,15,164
4417,51,33,67,16,167
4419,66,15,51,17,149
4420,65,35,66,17,183
4421,64,20,66,17,167
4422,167,34,100,15,316
4424,51,17,67,16,151
4425,53,33,68,16,170
4427,67,17,65,19,168
4428,67,34,100,15,216
4429,66,18,100,15,199
4430,50,18,100,15,183
4431,151,32,67,16,266
4432,149,17,67,16,249
4434,150,15,68,15,248
4435,149,34,67,16,266
4437,315,33,67,18,433
4438,66,33,68,15,182
4439,68,15,68,15,166
4442,67,34,67,14,182
4443,164,19,65,18,266
4444,68,33,67,16,184
4445,50,33,67,16,166
4446,67,34,65,17,183
4448,183,15,70,15,283
4449,66,19,65,18,168
4450,67,32,66,17,182
4451,51,32,66,17,166
4452,183,18,64,17,282
4453,68,16,67,18,169
4454,65,33,70,15,183
4455,67,15,70,15,167
4457,66,17,66,18,167
4458,67,36,64,17,184
4460,52,18,64,17,151
4461,68,15,69,17,169
4465,66,18,66,17,167
4467,51,33,67,16,167
4468,52,16,67,16,151
4469,51,33,66,17,167
4470,66,34,67,17,184
4471,66,17,67,17,167
4472,67,32,52,16,167
4473,67,16,52,16,151
4474,66,35,64,18,183
4475,66,18,64,18,166
4477,68,16,64,19,167
4480,64,33,69,15,181
4481,164,18,66,18,266
4482,64,36,66,17,183
4483,68,17,66,17,168
4484,52,17,66,17,152
4485,66,18,65,17,166
4486,69,33,66,18,186
4487,65,18,66,18,167
4488,66,32,52,14,164
4489,168,15,68,18,269
4490,65,34,66,18,183
4491,67,17,66,18,168
4492,66,32,52,17,167
4493,67,14,52,17,150
4495,68,15,68,18,169
4497,66,17,67,15,165
4498,52,17,67,15,151
4499,66,17,65,17,165
4500,68,34,65,17,184
4501,68,16,65,17,166
4502,51,16,65,17,149
4503,66,16,51,17,150
4504,65,34,68,17,184
4505,64,17,68,17,166
4506,65,34,67,17,183
4507,67,17,67,17,168
4508,51,17,67,17,152
4509,51,34,50,16,151
4510,68,33,67,16,184
4512,51,16,67,16,150
4513,69,16,67,17,169
4517,66,17,98,18,199
4518,67,33,100,17,217
4520,66,33,67,17,183
4521,66,17,67,17,167
4522,66,32,101,16,215
4523,66,15,101,16,198
4524,301,30,51,18,400
4525,67,17,66,16,166
4526,67,34,84,15,200
4527,67,17,84,15,183
4528,52,17,84,15,168
4530,66,35,67,14,182
4533,68,15,68,16,167
4536,67,33,67,14,181
4538,68,30,51,18,167
4540,63,37,66,17,183
4542,67,32,67,17,183
4543,65,18,67,17,167
4545,51,34,66,16,167
4546,66,33,66,17,182
4547,69,16,66,17,168
4548,67,33,65,17,182
4549,68,16,65,17,166
4550,66,33,100,17,216
4551,65,17,100,17,199
4552,66,32,68,17,183
4553,66,15,68,17,166
4554,65,34,51,18,168
4555,66,17,51,18,152
4556,184,17,65,17,283
4557,66,17,66,18,167
4559,68,18,66,15,167
4560,51,18,66,15,150
4561,52,31,67,18,168
4562,66,35,65,17,183
4565,51,32,67,17,167
4566,67,33,67,17,184
4567,166,17,51,16,250
4568,65,34,67,18,184
4569,67,17,67,18,169
4571,66,16,68,17,167
4572,67,34,51,16,168
4573,67,17,51,16,151
4574,67,34,83,17,201
4575,68,16,83,17,184
4576,68,33,67,16,184
4577,68,16,67,16,167
4578,51,16,67,16,150
4581,66,17,68,15,166
4582,167,34,64,18,283
4583,51,33,67,17,168
4584,69,35,66,15,185
4585,67,18,66,15,166
4587,52,32,66,16,166
4588,67,34,64,18,183
4589,67,17,64,18,166
4590,66,32,67,16,181
4591,66,17,67,16,166
4593,65,16,69,15,165
4594,64,35,67,15,181
4595,67,17,67,15,166
4596,67,34,65,17,183
4597,51,34,65,17,167
4599,66,18,67,17,168
4601,66,17,52,15,150
4603,168,15,52,14,249
4605,52,32,99,19,202
4606,52,15,99,19,185
4607,68,16,133,16,233
4608,83,15,52,14,164
4609,66,15,52,14,147
4610,66,33,68,16,183
4611,64,17,68,16,165
4612,65,33,67,17,182
4613,67,14,67,17,165
4614,150,18,67,16,251
4615,50,35,67,17,169
4616,68,32,102,16,218
4621,68,17,67,15,167
4623,52,33,65,17,167
4624,315,18,66,17,416
4625,148,34,66,17,265
4628,65,33,52,16,166
4629,166,16,68,17,267
4630,64,34,66,17,181
4631,68,15,66,17,166
4632,67,34,67,15,183
4633,50,34,67,15,166
4634,52,16,67,15,150
4635,350,31,50,18,449
4636,168,32,50,18,268
4638,67,33,66,17,183
4641,51,34,65,17,167
4642,67,32,50,18,167
4644,66,33,52,15,166
4645,66,16,52,15,149
4646,65,35,82,16,198
4647,65,18,82,16,181
4648,166,33,68,18,285
4649,451,32,52,16,551
4650,52,15,66,18,151
4652,67,31,50,18,166
4653,65,16,50,18,149
4654,185,15,84,18,302
4656,64,35,66,21,186
4657,66,18,66,21,171
4658,50,18,66,21,155
4659,218,33,65,17,333
4660,203,33,65,17,318
4662,51,15,84,18,168
4663,71,14,67,16,168
4664,54,14,67,16,151
4666,500,35,98,18,651
4667,81,33,65,17,196
4668,67,33,65,17,182
4669,51,33,65,17,166
4670,67,33,67,17,184
4671,66,18,67,17,168
4673,50,32,52,16,150
4674,65,35,66,17,183
4675,67,18,66,17,168
4676,67,33,65,18,183
4677,67,16,65,18,166
4678,52,16,65,18,151
4679,67,17,98,17,199
4680,66,32,66,17,181
4682,50,15,66,17,148
4683,67,15,69,16,167
4684,65,33,52,15,165
4686,66,36,65,18,185
4687,65,19,65,18,167
4688,267,35,98,17,417
4689,67,15,69,16,167
4690,52,15,69,16,152
4691,50,34,51,17,152
4692,65,35,98,18,216
4694,69,33,65,18,185
4695,66,17,65,18,166
4696,251,15,67,18,351
4697,50,33,67,17,167
4698,82,16,52,15,165
4701,68,17,98,17,200
4702,67,32,66,17,182
4703,68,15,66,17,166
4704,52,15,66,17,150
4705,66,17,67,15,165
4708,51,15,67,18,151
4710,67,32,52,15,166
4711,267,15,51,16,349
4714,66,33,101,17,217
4716,251,16,67,16,350
4718,68,33,65,17,183
4719,65,18,65,17,165
4721,67,16,67,16,166
4723,68,15,51,16,150
4724,65,35,82,17,199
4725,65,18,82,17,182
4726,67,32,67,16,182
4727,66,16,67,16,165
4728,51,16,67,16,150
4729,66,18,68,14,166
4731,66,17,66,19,168
4732,200,34,51,15,300
4733,67,19,64,19,169
4735,201,16,66,18,301
4737,69,14,52,16,151
4741,66,16,51,15,148
4742,52,16,51,15,134
4743,82,33,51,17,183
4745,67,15,51,17,150
4750,51,17,66,16,150
4753,67,16,51,17,151
4754,66,33,85,17,201
4759,52,33,64,19,168
4760,167,32,69,16,284
4761,67,17,65,18,167
4762,67,30,67,18,182
4763,52,30,67,18,167
4766,148,18,66,15,247
4768,369,32,51,16,468
4770,67,34,66,15,182
4771,65,18,66,15,164
4772,51,18,66,15,150
4773,51,33,66,16,166
4774,67,33,67,17,184
4775,151,32,84,16,283
4776,66,33,51,15,165
4777,184,33,68,15,300
4778,66,34,81,19,200
4779,67,18,81,19,185
4780,183,16,51,16,266
4783,67,18,65,18,168
4784,67,33,68,15,183
4785,83,32,51,16,182
4787,67,16,51,16,150
4788,65,36,82,15,198
4789,69,18,82,15,184
4791,52,31,66,17,166
4792,51,16,66,17,150
4793,65,18,67,17,167
4794,82,15,69,15,181
4795,182,35,67,16,300
4796,51,15,69,15,150
4797,50,35,65,18,168
4799,184,33,65,16,298
4804,66,34,65,17,182
4805,68,17,65,17,167
4806,52,17,65,17,151
4808,67,32,66,19,184
4810,65,33,52,14,164
4811,67,16,52,14,149
4814,167,33,68,16,284
4815,68,14,68,17,167
4816,52,14,68,17,151
4818,83,18,68,14,183
4820,169,31,51,16,267
4821,51,33,68,16,168
4823,51,35,64,19,169
4825,65,19,65,17,166
4826,68,31,51,16,166
4827,66,15,51,16,148
4828,64,34,68,17,183
4829,69,15,68,17,169
4831,66,16,52,17,151
4833,66,17,67,15,165
4834,68,34,80,19,201
4835,51,34,80,19,184
4836,52,17,80,19,168
4837,68,16,66,17,167
4838,67,33,65,17,182
4840,350,16,50,16,432
4841,166,17,66,16,265
4842,66,32,69,14,181
4845,68,18,65,18,169
4847,67,17,66,16,166
4849,52,31,67,16,166
4850,166,34,50,16,266
4853,52,32,68,15,167
4855,65,18,67,17,167
4856,66,34,50,16,166
4857,68,16,50,16,150
4859,67,18,68,14,167
4861,66,16,66,18,166
4862,50,16,66,18,150
4864,68,31,50,17,166
4867,66,15,67,17,165
4868,64,34,66,16,180
4870,185,15,66,19,285
4871,66,16,67,18,167
4872,67,33,52,15,167
4873,67,16,52,15,150
4874,349,18,65,17,449
4877,68,15,66,19,168
4881,65,16,68,15,164
4882,149,18,67,18,252
4883,68,14,50,18,150
4884,65,35,65,17,182
4885,66,18,65,17,166
4887,64,18,67,18,167
4888,50,18,67,18,153
4889,51,32,53,15,151
4890,65,35,65,17,182
4892,67,33,68,15,183
4893,67,15,68,15,165
4894,53,15,68,15,151
4895,201,17,67,16,301
4896,65,36,82,17,200
4898,68,30,52,17,167
4899,53,30,52,17,152
4900,66,35,68,16,185
4902,82,17,67,16,182
4903,67,17,67,16,167
4904,52,17,67,16,152
4906,68,33,67,17,185
4907,67,17,67,17,168
4909,66,16,52,16,150
4911,67,17,100,17,201
4912,167,32,66,17,282
4913,68,16,67,17,168
4914,52,16,67,17,152
4915,66,17,66,18,167
4917,66,17,50,15,148
4918,165,33,68,16,282
4919,51,32,66,17,166
4920,66,33,86,14,199
4921,67,15,86,14,182
4922,50,15,86,14,165
4923,65,16,53,14,148
4924,66,33,68,16,183
4925,65,16,68,16,165
4927,69,14,67,19,169
4930,68,33,68,16,185
4931,64,17,68,16,165
4932,185,15,51,17,268
4933,69,14,51,17,151
4934,52,14,51,17,134
4935,67,18,65,18,168
4937,149,33,99,18,299
4939,68,15,51,17,151
4940,65,35,83,15,198
4942,50,17,83,15,165
4943,50,33,99,18,200
4945,67,15,67,18,167
4946,83,15,68,17,183
4949,600,18,64,17,699
4951,67,16,99,17,199
4952,167,35,100,15,317
4954,51,17,65,17,150
4955,183,33,66,18,300
4956,68,31,68,16,183
4957,65,17,68,16,166
4958,65,35,100,15,215
4960,66,33,67,15,181
4962,68,33,66,18,185
4964,66,34,99,17,216
4965,51,34,99,17,201
4966,67,32,67,17,183
4967,66,17,67,17,167
4968,66,35,66,16,183
4969,67,17,66,16,166
4970,67,32,65,19,183
4972,151,17,82,16,266
4973,66,17,67,16,166
4974,66,31,52,17,166
4976,65,36,82,16,199
4977,166,16,150,17,349
4978,50,17,82,16,165
4980,168,35,81,17,301
4981,67,18,64,17,166
4982,82,16,150,17,265
4985,65,17,52,14,148
4987,67,18,81,17,183
4988,51,18,81,17,167
4989,167,16,67,17,267
4992,65,33,68,15,181
4996,50,16,67,17,150
4997,68,17,67,16,168
4998,68,32,67,18,185
4999,66,17,67,18,168
5000,50,17,67,18,152
5001,66,18,50,15,149
5002,183,17,66,18,284
5004,67,33,68,15,183
5006,50,15,68,15,148
5007,66,19,80,18,183
5010,51,17,66,18,152
5011,66,18,100,16,200
5013,65,18,67,16,166
5014,66,33,68,14,181
5018,67,34,66,16,183
5019,65,18,66,16,165
5020,167,33,51,17,268
5021,65,19,99,18,201
5022,67,33,100,17,217
5024,66,33,67,17,183
5025,68,17,67,17,169
5026,150,17,66,17,250
5027,68,15,51,17,151
5029,166,18,65,19,268
5032,168,31,51,19,269
5034,165,36,83,15,299
5035,65,18,65,19,167
5036,66,34,67,15,182
5038,67,31,51,19,168
5039,52,31,51,19,153
5040,65,36,83,15,199
5041,67,17,83,15,182
5042,67,34,98,17,216
5043,66,19,98,17,200
5044,51,19,98,17,185
5045,51,32,66,17,166
5048,64,34,67,17,182
5049,66,16,67,17,166
5050,66,34,99,17,216
5053,67,16,66,17,166
5054,67,34,66,16,183
5055,166,19,65,17,267
5056,67,32,69,16,184
5060,66,35,65,17,183
5061,67,19,65,17,168
5062,69,31,51,16,167
5064,66,34,67,15,182
5065,84,33,66,17,200
5066,65,33,66,17,181
5067,66,16,66,17,165
5068,51,16,66,17,150
5070,150,17,133,16,316
5073,67,17,100,17,201
5076,51,17,133,16,217
5077,151,33,102,14,300
5078,68,32,101,17,218
5079,65,18,101,17,201
5082,66,33,102,14,215
5083,68,17,102,14,201
5084,67,34,68,14,183
5085,66,18,68,14,166
5086,67,33,68,16,184
5087,168,15,67,17,267
5088,166,32,169,17,384
5095,68,14,169,17,268
5096,63,35,52,15,165
5098,51,16,52,15,134
5099,66,18,65,19,168
5102,52,15,67,17,151
5103,66,17,66,17,166
5104,65,34,67,15,181
5105,67,15,67,15,164
5108,66,35,99,16,216
5109,64,18,99,16,197
5110,67,34,65,16,182
5112,167,33,68,17,285
5114,66,33,66,17,182
5115,68,16,66,17,167
5116,65,33,69,15,182
5119,167,15,68,16,266
5120,66,36,64,19,185
5121,67,19,64,19,169
5122,69,32,100,16,217
5123,52,32,100,16,200
5124,68,32,68,16,184
5125,167,18,100,15,300
5126,64,32,52,18,166
5127,81,36,85,14,216
5128,64,36,85,14,199
5129,67,16,85,14,182
5131,65,18,100,15,198
5132,52,18,100,15,185
5137,68,17,99,17,201
5138,67,32,67,17,183
5139,64,17,67,17,165
5140,50,17,67,17,151
5141,67,17,98,17,199
5144,67,32,69,16,184
5145,166,17,67,14,264
5146,64,34,51,17,166
5148,66,35,67,15,183
5149,66,18,67,15,166
5150,69,33,67,14,183
5151,68,17,67,14,166
5152,51,17,67,14,149
5153,166,18,98,20,302
5154,67,33,98,18,216
5157,64,19,65,18,166
5158,66,33,98,20,217
5159,66,18,98,20,202
5160,66,32,101,18,217
5161,69,15,101,18,203
5162,50,15,101,18,184
5163,68,17,66,18,169
5164,67,31,68,19,185
5165,65,16,68,19,168
5167,68,15,68,16,167
5168,66,33,101,17,217
5169,69,15,101,17,202
5172,52,16,66,17,151
5176,66,32,69,14,181
5177,50,32,69,14,165
5178,65,34,67,17,183
5179,65,17,67,17,166
5181,165,16,68,18,267
5182,69,32,65,19,185
5183,66,18,65,19,168
5184,67,32,52,15,166
5185,68,15,52,15,150
5187,67,16,68,18,169
5188,65,34,52,14,165
5190,52,15,52,14,133
5191,168,18,81,17,284
5192,68,32,70,16,186
5193,67,14,70,16,167
5196,67,35,81,17,200
5197,66,18,81,17,182
5198,52,18,81,17,168
5199,53,32,66,18,169
5201,65,20,63,18,166
5202,81,17,68,16,182
5203,65,17,68,16,166
5205,69,14,69,16,168
5206,148,16,68,17,249
5207,67,18,49,16,150
5208,68,33,82,18,201
5209,165,18,65,18,266
5210,69,32,68,17,186
5211,67,16,68,17,168
5212,49,16,68,17,150
5215,66,18,65,18,167
5218,52,15,51,17,135
5219,83,35,67,14,199
5220,348,17,101,13,479
5221,66,17,67,14,164
5222,51,17,67,14,149
5223,68,14,70,16,168
5224,66,36,67,15,184
5225,67,17,67,15,166
5227,64,20,65,16,165
5230,67,32,66,16,181
5232,65,33,66,16,180
5233,65,17,66,16,164
5237,166,18,66,16,266
5239,66,17,101,15,199
5240,66,34,67,15,182
5241,68,16,67,15,166
5242,51,16,67,15,149
5244,68,33,67,17,185
5245,63,20,67,17,167
5246,67,33,67,17,184
5247,66,18,67,17,168
5248,168,32,65,18,283
5249,53,34,68,15,170
5251,52,33,101,15,201
5252,67,35,66,15,183
5253,51,35,66,15,167
5254,200,31,52,16,299
5256,67,34,66,16,183
5257,84,31,101,17,233
5258,66,31,101,17,215
5259,51,31,101,17,200
5260,183,16,69,14,282
5261,66,17,66,17,166
5262,66,31,52,16,165
5263,51,31,52,16,150
5266,66,33,69,14,182
5267,67,16,69,14,166
5268,52,16,69,14,151
5269,64,18,66,16,164
5271,600,15,84,17,716
5272,69,31,102,17,219
5273,53,31,102,17,203
5274,66,33,69,17,185
5275,65,17,69,17,168
5279,51,35,66,14,166
5280,69,32,67,15,183
5281,68,15,67,15,165
5285,63,19,67,15,164
5286,67,34,99,16,216
5287,66,19,99,16,200
5288,67,33,66,16,182
5289,53,33,66,16,168
5291,52,32,67,18,169
5292,65,34,65,20,184
5293,69,15,65,20,169
5295,67,17,52,15,151
5297,66,14,68,17,165
5298,165,34,67,17,283
5299,168,15,67,17,267
5302,68,32,84,17,201
5303,65,15,84,17,181
5304,84,15,67,17,183
5305,68,15,67,17,167
5306,66,34,68,16,184
5307,67,16,68,16,167
5308,68,33,51,17,169
5314,51,17,66,18,152
5315,51,33,65,19,168
5316,82,17,66,17,182
5317,66,17,66,17,166
5318,66,32,51,17,166
5319,68,14,51,17,150
5321,68,15,66,19,168
5322,398,35,101,17,551
5323,65,17,67,17,166
5324,51,17,67,17,152
5325,67,14,68,17,166
5327,68,16,68,14,166
5329,66,16,68,14,164
5331,66,18,82,17,183
5332,68,33,116,14,231
5333,65,19,116,14,214
5334,68,32,84,14,198
5338,66,33,66,17,182
5339,52,33,66,17,168
5340,67,31,101,18,217
5342,64,35,101,17,217
5343,67,17,101,17,202
5345,66,17,132,18,233
5346,52,17,132,18,219
5347,67,16,52,15,150
5349,67,17,65,18,167
5350,67,32,51,16,166
5351,68,15,51,16,150
5353,66,16,67,18,167
5354,65,34,68,16,183
5355,66,16,68,16,166
5356,51,16,68,16,151
5357,198,18,52,16,284
5358,584,16,99,19,718
5359,67,17,65,15,164
5360,68,32,66,18,184
5361,51,32,66,18,167
5362,51,16,66,18,151
5363,167,16,67,14,264
5365,64,18,52,16,150
5367,66,16,101,14,197
5368,67,34,67,14,182
5369,52,34,67,14,167
5370,52,16,67,14,149
5371,166,17,67,17,267
5373,66,17,66,16,165
5374,67,33,65,18,183
5375,65,19,65,18,167
5376,67,33,67,17,184
5378,66,32,68,18,184
5380,65,35,67,17,184
5381,67,17,67,17,168
5383,368,17,67,15,467
5384,68,34,65,17,184
5385,68,16,65,17,166
5387,83,32,99,19,233
5388,151,15,66,17,249
5390,65,35,64,19,183
5391,166,15,69,15,265
5394,52,15,66,17,150
5395,68,14,51,18,151
5397,66,15,69,15,165
5399,65,18,67,15,165
5401,67,17,67,15,166
5403,52,33,64,17,166
5406,67,30,69,17,183
5407,67,15,69,17,168
5408,64,35,101,15,215
5409,66,18,101,15,200
5412,69,32,68,16,185
5413,52,32,68,16,168
5414,51,15,68,16,150
5415,66,18,67,15,166
5416,215,18,66,17,316
5417,65,18,67,16,166
5418,68,34,99,17,218
5421,184,33,134,17,368
5422,67,32,51,16,166
5423,67,16,51,16,150
5424,65,34,66,17,182
5427,67,16,67,17,167
5428,51,16,67,17,151
5429,51,33,134,17,235
5432,67,32,68,17,184
5433,68,15,68,17,168
5434,51,15,68,17,151
5435,66,20,65,17,168
5437,166,16,52,15,249
5438,51,17,66,17,151
5439,51,34,65,18,168
5440,182,15,67,16,280
5441,68,15,51,17,151
5443,168,15,49,17,249
5444,49,16,52,15,132
5446,51,17,66,17,151
5447,68,15,67,16,166
5448,52,15,67,16,150
5449,68,15,49,17,149
5450,66,33,84,16,199
5451,66,16,84,16,182
5452,67,33,67,18,185
5453,64,17,67,18,166
5454,49,17,67,18,151
5455,167,15,68,16,266
5456,67,33,51,15,166
5457,68,16,51,15,150
5458,51,16,51,15,133
5459,68,15,101,16,200
5460,66,33,68,16,183
5461,67,15,68,16,166
5462,51,15,68,16,150
5463,66,15,68,18,167
5464,66,35,51,15,167
5465,66,17,51,15,149
5466,169,31,68,17,285
5468,68,33,100,16,217
5469,68,15,100,16,199
5470,51,15,100,16,182
5471,332,19,82,17,450
5472,68,31,68,17,184
5475,68,17,51,15,151
5476,65,34,84,16,199
5477,66,18,84,16,184
5478,50,18,84,16,168
5479,51,32,68,17,168
5480,51,15,68,17,151
5482,66,34,67,17,184
5483,67,16,67,17,167
5484,52,16,67,17,152
5485,50,32,52,15,149
5487,64,19,82,17,182
5489,168,14,50,17,249
5490,52,15,50,17,134
5491,169,18,82,16,285
5492,67,32,69,14,182
5493,65,17,69,14,165
5494,150,17,51,16,234
5495,67,14,50,17,148
5497,68,18,82,16,184
5498,69,31,51,16,167
5500,50,17,51,16,134
5502,65,33,66,17,181
5503,68,16,66,17,167
5504,51,16,66,17,150
5505,68,14,69,15,166
5506,65,34,118,15,232
5507,65,17,118,15,215
5508,66,35,83,15,199
5511,52,32,66,18,168
5512,67,34,67,17,185
5513,68,16,67,17,168
5514,66,32,52,17,167
5518,67,34,64,18,183
5519,166,16,52,15,249
5520,52,17,64,18,151
5522,66,32,67,19,184
5523,66,15,67,19,167
5524,150,15,85,17,267
5526,50,16,52,15,133
5531,51,32,53,17,153
5533,65,17,66,17,165
5534,166,33,53,15,267
5535,68,17,81,16,182
5536,53,17,81,16,167
5537,52,31,66,17,166
5538,66,33,68,18,185
5539,65,16,68,18,167
5540,64,33,53,15,165
5541,66,16,53,15,150
5543,49,35,83,18,185
5544,68,33,68,16,185
5547,51,33,51,16,151
5548,66,35,64,19,184
5551,50,32,51,16,149
5553,67,15,69,16,167
5555,67,16,65,19,167
5556,51,16,65,19,151
5557,333,16,66,20,435
5558,151,17,66,17,251
5559,66,15,68,17,166
5560,65,36,67,14,182
5561,66,17,67,14,164
5562,67,32,66,17,182
5563,66,17,66,17,166
5564,51,17,66,17,151
5567,52,31,52,14,149
5568,66,35,65,18,184
5570,66,31,52,15,164
5572,52,14,52,15,133
5573,67,16,66,20,169
5575,66,15,53,14,148
5576,52,15,53,14,134
5579,68,14,66,18,166
5580,53,14,66,18,151
5581,63,18,100,18,199
5582,67,33,101,16,217
5583,64,16,101,16,197
5584,66,36,65,16,183
5592,169,32,67,16,284
5594,151,16,67,16,250
5595,52,32,51,16,151
5596,66,35,82,17,200
5598,67,32,67,16,182
5599,167,18,82,17,284
5600,168,33,66,18,285
5601,366,16,67,16,465
5602,65,34,51,16,166
5603,66,17,51,16,150
5604,67,34,82,17,200
5605,67,18,82,17,184
5609,66,17,67,18,168
5610,181,18,50,16,265
5611,65,17,67,15,164
5613,69,15,67,17,168
5614,67,34,66,17,184
5615,50,34,66,17,167
5616,51,16,66,17,150
5617,64,18,50,16,148
5618,67,33,67,16,183
5619,66,16,67,16,165
5620,66,33,67,17,183
5621,68,16,67,17,168
5622,399,35,66,18,518
5623,65,18,66,16,165
5625,66,17,100,17,200
5626,50,17,100,17,184
5627,68,16,67,17,168
5628,50,16,67,17,150
5629,66,17,135,15,233
5630,66,34,66,17,183
5631,66,17,66,17,166
5632,67,34,67,15,183
5633,68,17,67,15,167
5634,51,17,67,15,150
5635,51,32,67,17,167
5637,66,18,65,17,166
5638,67,32,68,16,183
5639,65,17,68,16,166
5640,67,33,67,18,185
5641,67,16,67,18,168
5642,65,35,66,18,184
5643,67,18,66,18,169
5644,68,32,68,20,188
5645,51,32,68,20,171
5646,51,16,68,20,155
5647,50,34,66,17,167
5648,66,34,65,19,184
5650,52,16,65,19,152
5651,182,33,68,16,299
5652,66,33,67,17,183
5653,65,16,67,17,165
5654,65,36,99,16,216
5655,64,17,99,16,196
5656,69,31,68,16,184
5659,65,16,68,16,165
5661,67,17,65,18,167
5663,67,17,67,15,166
5664,68,32,68,15,183
5666,65,35,66,17,183
5667,67,17,66,17,167
5668,67,33,65,18,183
5669,51,33,65,18,167
5671,166,17,66,18,267
5673,68,15,51,17,151
5674,65,36,81,17,199
5675,68,18,81,17,184
5677,66,17,66,18,167
5678,51,17,66,18,152
5679,50,33,51,16,150
5680,81,17,68,16,182
5682,66,34,50,17,167
5684,51,16,50,17,134
5686,68,33,67,16,184
5687,66,17,67,16,166
5689,50,34,66,15,165
5690,83,17,64,18,182
5691,67,17,64,18,166
5692,67,33,117,17,234
5693,51,33,117,17,218
5695,65,16,86,17,184
5697,66,18,67,16,167
5698,67,33,101,16,217
5700,69,34,67,16,186
5701,68,17,67,16,168
5702,67,32,66,17,182
5703,149,35,66,17,267
5706,67,31,52,15,165
5707,67,15,52,15,149
5708,66,35,66,17,184
5710,66,32,100,16,214
5711,67,15,100,16,198
5712,52,15,100,16,183
5715,66,15,100,18,199
5716,66,34,66,18,184
5717,64,17,66,18,165
5718,166,34,65,18,283
5721,168,17,65,18,268
5723,68,16,68,16,168
5724,164,34,85,17,300
5726,51,17,65,18,151
5727,67,17,65,18,167
5728,68,31,52,16,167
5730,65,34,85,17,201
5731,167,17,65,18,267
5733,67,16,68,15,166
5734,52,16,68,15,151
5736,67,35,65,18,185
5737,67,17,65,18,167
5739,66,16,68,16,166
5741,65,17,67,18,167
5742,65,34,65,19,183
5743,68,16,65,19,168
5744,68,33,66,17,184
5745,67,17,66,17,167
5747,67,14,70,17,168
5748,65,34,69,16,184
5749,68,15,69,16,168
5750,66,36,65,16,183
5751,65,19,65,16,165
5752,51,19,65,16,151
5753,51,33,64,19,167
5754,69,32,66,17,184
5755,52,32,66,17,167
5758,64,34,68,17,183
5759,67,15,68,17,167
5760,51,15,68,17,151
5761,67,17,66,16,166
5762,51,17,66,16,150
5763,66,17,65,17,165
5765,68,15,84,17,184
5766,51,15,84,17,167
5767,65,17,68,16,166
5769,65,17,67,16,165
5770,67,34,66,17,184
5771,68,17,66,17,168
5772,51,17,66,17,151
5773,51,33,66,18,168
5774,67,33,69,15,184
5775,66,17,69,15,167
5776,66,33,68,15,182
5777,67,16,68,15,166
5778,66,36,66,15,183
5779,68,18,66,15,167
5781,52,32,99,18,201
5782,68,34,65,18,185
5783,50,34,65,18,167
5784,66,31,52,17,166
5785,66,16,52,17,151
5786,65,34,67,17,183
5788,65,35,65,16,181
5789,50,35,65,16,166
5790,52,17,65,16,150
5791,65,18,68,16,167
5793,66,16,51,16,149
5794,65,35,98,18,216
5795,67,19,98,18,202
5796,149,17,68,16,250
5797,51,32,66,18,167
5798,151,14,104,14,283
5799,68,15,52,14,149
5803,133,17,66,17,233
5804,52,14,104,14,184
5805,153,31,65,18,267
5806,68,33,66,17,184
5807,149,34,66,16,265
5809,316,35,65,19,435
5813,66,17,66,16,165
5814,65,31,134,17,247
5815,152,32,101,16,301
5816,65,35,84,15,199
5817,66,17,84,15,182
5819,51,35,99,15,200
5820,169,34,64,19,286
5821,951,31,68,17,1067
5825,66,18,65,19,168
5826,67,34,64,19,184
5827,65,19,64,19,167
5828,50,19,64,19,152
5832,64,35,68,14,181
5833,67,16,68,14,165
5834,68,32,68,17,185
5835,67,14,68,17,166
5836,67,36,66,16,185
5838,68,32,66,16,182
5840,68,34,66,17,185
5841,66,17,66,17,166
5842,66,32,68,15,181
5844,66,34,66,17,183
5847,67,17,83,17,184
5848,51,17,83,17,168
5849,219,33,66,15,333
5850,66,34,66,18,184
5852,66,34,67,16,183
5853,501,16,66,19,602
5854,68,32,51,17,168
5855,66,17,51,17,151
5856,66,35,67,15,183
5857,67,17,67,15,166
5859,68,17,66,15,166
5860,51,17,66,15,149
5862,67,32,67,16,182
5863,66,17,67,16,166
5864,66,32,69,15,182
5865,51,32,69,15,167
5866,64,35,67,16,182
5867,66,18,67,16,167
5868,67,34,66,17,184
5869,52,34,66,17,169
5870,51,18,66,17,152
5871,52,33,64,18,167
5872,67,33,66,17,183
5873,67,17,66,17,167
5874,66,31,68,17,182
5875,51,31,68,17,167
5876,64,35,67,15,181
5877,66,17,67,15,165
5880,68,34,51,15,168
5881,50,34,51,15,150
5882,67,32,67,16,182
5884,66,34,68,15,183
5885,68,15,68,15,166
5887,69,15,69,16,169
5888,67,35,66,17,185
5890,201,32,67,18,318
5892,200,33,67,18,318
5895,51,34,98,17,200
5896,66,33,65,17,181
5897,66,17,65,17,165
5898,67,32,67,18,184
5899,66,16,67,18,167
5900,65,33,67,18,183
5901,67,15,67,18,167
5902,65,34,51,17,167
5903,66,17,51,17,151
5904,67,33,67,17,184
5906,52,15,67,17,151
5908,185,15,69,14,283
5909,67,15,51,17,150
5910,67,35,65,17,184
5911,66,18,65,17,166
5915,68,15,69,14,166
5916,65,34,67,17,183
5917,66,17,67,17,167
5918,66,35,65,17,183
5919,66,18,65,17,166
5920,69,32,68,15,184
5921,66,18,68,15,167
5922,67,33,67,16,183
5923,50,33,67,16,166
5924,49,16,67,16,148
5925,51,35,66,16,168
5927,333,16,66,17,432
5928,67,34,65,17,183
5930,66,32,67,16,181
5931,51,32,67,16,166
5932,66,33,68,17,184
5934,65,34,51,15,165
5935,66,17,51,15,149
5937,51,34,83,16,184
5939,51,32,67,18,168
5941,50,35,64,19,168
5942,83,16,66,17,182
5943,66,16,66,17,165
5944,67,32,66,19,184
5945,167,16,68,17,268
5946,64,34,51,16,165
5947,67,15,51,16,149
5948,51,15,51,16,133
5949,65,15,69,16,165
5950,66,35,68,17,186
5951,66,16,68,17,167
5953,67,17,65,17,166
5954,69,34,100,15,218
5955,66,18,100,15,199
5956,68,31,69,15,183
5958,65,34,67,18,184
5960,65,35,66,17,183
5962,69,32,51,15,167
5963,168,16,67,17,268
5965,68,16,66,18,168
5966,66,32,68,17,183
5967,51,32,68,17,168
5970,66,34,99,18,217
5971,67,16,99,18,200
5972,52,16,99,18,185
5973,67,16,101,16,200
5974,51,16,101,16,184
5975,66,16,68,16,166
5977,65,17,51,16,149
5978,66,35,67,15,183
5979,166,16,68,15,265
5980,51,17,67,15,150
5981,68,16,50,16,150
5982,51,16,50,16,133
5983,65,19,67,15,166
5984,67,31,68,15,181
5988,67,32,68,15,182
5990,-99848,0,0,0,-99848
5991,63,20,67,14,164
5992,67,33,99,16,215
5995,53,34,65,16,168
5998,82,17,133,18,250
