序号,发送->接收,接收->转发,转发->接收,接收->处理,总计
2,56,34,68,17,175
3,66,17,68,17,168
4,65,34,51,15,165
5,63,17,51,15,146
7,67,18,66,16,167
8,68,32,66,18,184
9,68,15,66,18,167
11,50,34,99,17,200
12,66,32,67,17,182
13,65,16,67,17,165
14,66,33,51,18,168
16,86,13,67,16,182
17,70,13,67,16,166
20,51,18,65,18,152
21,63,17,67,19,166
22,67,33,53,14,167
23,66,17,53,14,150
24,65,34,66,18,183
25,68,16,66,18,168
26,51,16,66,18,151
27,51,33,69,15,168
30,84,18,65,16,183
31,65,18,65,16,164
33,67,17,68,16,168
35,50,33,51,14,148
36,65,35,64,17,181
39,52,30,70,16,168
40,51,14,70,16,151
41,49,34,52,13,148
42,64,36,66,16,182
43,65,19,66,16,166
44,70,29,69,16,184
45,68,13,69,16,166
46,84,18,68,15,185
47,67,18,68,15,168
48,66,32,117,16,231
49,66,16,117,16,215
50,53,16,117,16,202
52,68,31,66,16,181
53,52,31,66,16,165
55,51,32,69,15,167
56,81,16,66,18,181
57,66,16,66,18,166
58,66,35,65,18,184
59,66,19,65,18,168
61,66,16,102,15,199
64,65,36,65,15,181
66,52,18,65,15,150
67,52,32,66,16,166
68,68,33,65,17,183
70,65,33,65,17,180
71,65,18,65,17,165
73,51,32,71,12,166
74,65,33,102,15,215
75,50,33,102,15,200
76,65,38,64,15,182
77,66,21,64,15,166
78,71,31,99,16,217
80,69,33,66,16,184
81,85,31,51,17,184
83,52,31,51,17,151
86,66,33,53,14,166
87,51,33,53,14,151
89,70,15,67,17,169
90,52,15,67,17,151
91,70,14,66,19,169
92,53,14,66,19,152
94,67,32,100,16,215
95,80,33,67,16,196
97,67,14,67,16,164
100,68,32,69,15,184
101,67,14,69,15,165
102,53,14,69,15,151
103,66,18,101,17,202
106,69,33,65,20,187
107,53,33,65,20,171
108,50,18,65,20,153
109,67,17,52,13,149
110,66,32,68,20,186
111,68,15,68,20,171
112,65,33,67,16,181
115,83,32,86,17,218
117,68,12,86,17,183
118,67,34,69,13,183
119,66,18,69,13,166
120,66,32,69,15,182
121,98,17,63,19,197
123,70,17,63,19,169
127,64,16,69,17,166
128,63,35,51,17,166
129,69,16,51,17,153
130,66,34,98,17,215
131,66,19,98,17,200
132,69,34,64,17,184
133,67,17,64,17,165
135,53,31,135,15,234
136,65,33,68,16,182
137,64,17,68,16,165
138,64,36,66,15,181
140,69,32,100,16,217
141,68,17,100,16,201
142,68,34,66,16,184
143,51,34,66,16,167
144,66,33,66,17,182
146,67,33,65,17,182
151,51,32,52,15,150
152,82,17,66,18,183
153,66,17,66,18,167
154,66,33,67,18,184
156,52,15,67,18,152
157,67,16,52,15,150
158,66,34,84,16,200
159,66,16,84,16,182
161,68,15,67,16,166
162,52,15,67,16,150
163,66,18,67,16,167
164,68,32,68,17,185
165,66,16,68,17,167
166,51,16,68,17,152
167,85,33,66,16,200
169,67,17,66,16,166
170,68,32,66,15,181
171,52,32,66,15,165
172,65,34,99,17,215
173,66,17,99,17,199
175,65,16,67,17,165
176,66,35,100,17,218
177,64,20,100,17,201
181,85,35,83,17,220
182,65,35,83,17,200
183,67,17,83,17,184
185,68,16,67,16,167
186,52,16,67,16,151
189,66,17,66,17,166
190,83,16,51,17,167
191,66,16,51,17,150
192,67,34,101,16,218
193,83,34,67,16,200
194,66,34,67,16,183
196,51,17,67,16,151
198,101,32,68,14,215
199,66,18,65,16,165
201,66,16,68,14,164
203,67,16,67,17,167
204,81,19,66,17,183
205,65,19,66,17,167
206,68,32,66,18,184
207,83,34,67,17,201
208,67,34,67,17,185
209,68,17,67,17,169
210,66,32,67,19,184
211,52,32,67,19,170
212,51,15,67,19,152
214,67,32,67,16,182
216,67,34,100,15,216
220,67,34,67,15,183
221,64,18,67,15,164
223,67,16,67,18,168
224,51,16,67,18,152
225,66,19,67,16,168
226,82,18,66,16,182
228,67,34,99,16,216
229,70,16,99,16,201
231,52,32,67,16,167
232,66,34,67,15,182
234,66,33,66,18,183
235,68,15,66,18,167
237,67,18,65,18,168
239,64,17,51,17,149
241,68,15,69,16,168
242,65,35,66,16,182
243,68,17,66,16,167
245,50,34,83,17,184
246,69,32,68,15,184
247,67,16,68,15,166
249,51,33,67,18,169
251,67,17,65,17,166
254,85,15,67,18,185
255,67,15,67,18,167
256,100,32,50,17,199
257,67,18,65,17,167
258,68,32,50,17,167
260,67,33,84,17,201
263,67,17,67,15,166
264,50,17,67,15,149
265,64,17,71,12,164
267,84,36,65,15,200
269,88,31,64,18,201
270,71,31,64,18,184
271,53,31,64,18,166
272,67,34,66,16,183
274,65,30,52,15,162
277,84,31,67,17,199
278,66,31,67,17,181
280,52,15,67,17,151
281,66,17,68,16,167
282,65,33,69,16,183
283,66,16,69,16,167
284,67,35,99,17,218
285,67,18,99,17,201
289,68,18,97,17,200
290,68,31,101,15,215
293,66,17,67,15,165
294,65,32,67,17,181
295,68,15,67,17,167
296,66,35,97,19,217
297,66,18,97,19,200
298,82,17,117,18,234
299,65,17,117,18,217
301,67,16,68,16,167
302,65,32,52,18,167
303,68,14,52,18,152
306,84,18,67,16,185
309,65,18,69,14,166
310,83,18,83,16,200
311,67,18,83,16,184
312,67,34,65,15,181
313,69,18,65,15,167
314,69,32,99,17,217
315,52,32,99,17,200
318,65,35,65,16,181
319,66,20,65,16,167
320,68,31,67,16,182
321,67,15,67,16,165
322,66,34,66,17,183
324,65,33,68,15,181
325,65,17,68,15,165
326,67,33,67,16,183
327,66,17,67,16,166
328,66,35,66,15,182
329,67,18,66,15,166
331,52,32,67,18,169
333,66,18,66,17,167
334,66,33,66,17,182
335,84,33,66,18,201
337,51,33,66,18,168
339,51,33,51,17,152
343,67,17,66,17,167
344,51,17,66,17,151
345,51,33,66,16,166
346,68,33,67,17,185
347,83,33,67,15,198
348,66,33,67,15,181
350,66,34,66,17,183
351,65,18,66,17,166
354,67,33,66,18,184
355,66,18,66,18,168
358,66,33,66,18,183
360,66,33,69,16,184
362,51,15,69,16,151
365,66,18,65,16,165
366,69,34,80,17,200
367,69,18,80,17,184
369,52,31,100,17,200
372,97,34,65,18,214
373,82,34,65,18,199
374,66,34,65,18,183
375,66,18,65,18,167
376,66,33,66,19,184
377,51,33,66,19,169
378,51,16,66,19,152
381,66,16,68,15,165
382,50,16,68,15,149
385,66,18,68,16,168
386,68,34,99,17,218
390,68,31,68,16,183
393,67,15,67,18,167
394,65,34,67,17,183
397,65,17,51,15,148
398,67,34,83,17,201
401,51,32,68,15,166
402,51,15,68,15,149
403,65,17,67,15,164
404,66,34,98,19,217
405,66,17,98,19,200
406,68,33,65,19,185
407,66,18,65,19,168
409,83,32,85,16,216
410,66,32,85,16,199
412,65,33,68,17,183
413,69,14,68,17,168
415,66,18,66,18,168
416,85,16,67,15,183
417,66,16,67,15,164
418,68,33,67,17,185
419,84,34,101,16,235
420,66,34,101,16,217
421,67,16,101,16,200
422,67,33,100,19,219
424,67,34,66,19,186
425,66,17,66,19,168
427,52,34,67,14,167
429,67,16,66,17,166
430,66,35,65,17,183
431,69,16,65,17,167
433,82,34,68,14,198
434,66,34,68,14,182
435,81,34,68,14,197
437,51,34,68,14,167
438,51,17,68,14,150
439,51,34,65,18,168
442,68,31,51,15,165
444,65,33,67,16,181
445,51,33,67,16,167
446,64,33,69,16,182
447,68,15,69,16,168
448,51,15,69,16,151
450,50,17,117,17,201
451,65,19,82,17,183
453,68,15,68,16,167
456,82,17,68,14,181
457,66,17,68,14,165
460,66,35,50,16,167
461,66,19,50,16,151
462,68,31,67,17,183
463,52,31,67,17,167
464,66,35,67,17,185
467,70,14,66,19,169
468,67,35,66,17,185
469,83,31,69,15,198
470,67,31,69,15,182
471,66,14,69,15,164
472,52,14,69,15,150
473,84,34,67,17,202
474,66,34,67,17,184
475,66,17,67,17,167
476,84,18,51,14,167
477,83,34,66,15,198
478,67,34,66,15,182
479,66,18,66,15,165
480,84,14,68,17,183
482,51,14,68,17,150
483,68,16,99,16,199
484,66,33,66,16,181
485,64,18,66,16,164
486,85,15,68,16,184
488,50,15,68,16,149
490,66,34,101,16,217
492,50,18,101,16,185
493,67,17,68,16,168
494,50,17,68,16,151
495,82,37,66,16,201
497,68,17,66,16,167
499,68,17,66,17,168
500,53,17,66,17,153
502,66,33,66,17,182
503,66,17,66,17,166
504,83,16,66,17,182
506,66,33,66,17,182
508,51,15,66,17,149
509,66,16,100,16,198
511,65,16,67,16,164
514,84,16,66,19,185
515,67,16,66,19,168
516,83,18,67,16,184
517,50,34,67,16,167
518,99,35,68,16,218
519,65,17,51,17,150
523,68,17,51,13,149
524,51,17,51,13,132
525,84,29,69,16,198
526,68,29,69,16,182
527,52,29,69,16,166
528,51,13,69,16,149
529,65,18,134,15,232
531,65,17,67,18,167
532,69,33,68,15,185
533,51,33,68,15,167
534,66,34,67,17,184
536,67,34,100,17,218
538,52,16,100,17,185
539,51,33,67,17,168
541,66,15,68,15,164
542,65,35,66,17,183
544,67,33,66,16,182
545,67,16,66,16,165
546,68,33,67,16,184
548,66,33,67,17,183
552,67,33,87,14,201
553,66,17,87,14,184
554,67,34,53,14,168
555,51,34,53,14,152
556,67,32,68,16,183
558,66,35,66,17,184
559,70,14,66,17,167
560,53,14,66,17,150
563,63,17,65,19,164
565,67,16,51,17,151
566,66,32,69,16,183
567,66,16,69,16,167
568,84,17,67,16,184
569,67,17,67,16,167
570,68,33,65,16,182
571,52,33,65,16,166
574,67,31,83,17,198
575,52,31,83,17,183
576,50,15,83,17,165
577,65,18,66,19,168
578,65,33,99,18,215
579,65,17,99,18,199
581,67,17,66,18,168
582,66,35,66,16,183
583,69,16,66,16,167
584,68,31,71,13,183
587,65,17,65,18,165
588,82,20,64,17,183
589,66,20,64,17,167
590,71,29,52,17,169
591,53,29,52,17,151
594,64,34,66,17,181
595,68,17,66,17,168
596,52,17,66,17,152
597,67,16,66,17,166
598,66,34,65,18,183
599,65,18,65,18,166
600,66,32,100,17,215
601,67,15,100,17,199
603,67,16,101,17,201
604,65,34,67,17,183
605,66,16,67,17,166
606,51,16,67,17,151
607,83,34,66,17,200
608,67,34,66,17,184
609,66,17,66,17,166
610,67,32,51,16,166
612,66,34,101,17,218
613,68,15,101,17,201
614,66,33,68,17,184
615,66,16,68,17,167
616,51,16,68,17,152
619,68,16,67,16,167
620,52,16,67,16,151
622,133,35,65,18,251
624,67,32,68,15,182
626,50,16,68,15,149
627,150,33,69,15,267
628,150,15,69,15,249
630,151,16,67,18,252
631,50,32,51,16,149
632,65,33,69,15,182
633,66,15,69,15,165
636,51,16,67,18,152
638,69,32,66,19,186
639,66,17,66,19,168
640,67,35,83,17,202
641,68,17,83,17,185
642,67,31,52,17,167
643,52,31,52,17,152
645,67,16,65,17,165
646,66,34,66,17,183
647,169,14,53,16,252
649,65,16,119,16,216
650,65,35,84,16,200
653,68,14,53,16,151
655,66,16,135,18,235
656,64,36,68,13,181
658,53,16,68,13,150
660,135,35,98,16,284
661,150,33,65,16,264
662,167,32,102,16,317
666,66,33,65,16,180
667,53,33,65,16,167
668,68,32,102,16,218
669,65,17,102,16,200
672,65,33,52,17,167
674,66,36,66,16,184
676,168,32,66,17,283
677,53,33,98,17,201
678,52,17,98,17,184
679,50,33,65,17,165
680,66,33,66,16,181
684,65,34,67,15,181
686,165,35,82,17,299
687,51,32,67,17,167
688,66,35,67,17,185
690,67,32,52,15,166
691,150,35,65,18,268
692,67,35,82,17,201
693,67,18,82,17,184
694,67,32,67,17,183
695,52,32,67,17,168
698,67,32,68,15,182
699,65,17,68,15,165
700,67,33,66,19,185
701,67,16,66,19,168
702,65,35,66,15,181
703,68,17,66,15,166
705,51,31,69,15,166
707,67,16,67,16,166
708,182,17,66,18,283
709,66,19,99,15,199
710,69,33,66,15,183
714,64,35,66,18,183
717,65,17,52,16,150
718,67,34,67,16,184
719,166,18,83,17,284
720,167,32,68,15,282
721,169,15,68,15,267
722,152,15,68,15,250
723,64,18,51,15,148
724,67,34,83,17,201
725,65,18,83,17,183
726,67,32,68,15,182
728,51,15,68,15,149
729,68,18,65,17,168
730,68,32,65,19,184
731,66,17,65,19,167
732,68,33,84,15,200
734,65,32,52,15,164
735,67,15,52,15,149
737,69,16,67,15,167
738,67,32,68,16,183
739,67,15,68,16,166
741,65,18,65,17,165
742,67,33,83,17,200
743,317,33,65,19,434
744,151,17,66,17,251
745,51,32,51,17,151
746,165,34,68,15,282
747,318,32,68,18,436
748,67,33,66,17,183
749,51,33,66,17,167
751,51,32,68,16,167
753,83,34,67,17,201
754,66,34,67,17,184
755,66,17,67,17,167
757,66,18,66,17,167
758,166,35,51,16,268
759,51,33,65,19,168
760,67,33,100,18,218
761,151,33,82,18,284
762,66,32,68,18,184
764,65,35,51,16,167
766,67,33,82,18,200
768,68,34,66,16,184
769,67,16,66,16,165
770,51,16,66,16,149
771,52,33,66,16,167
772,200,33,101,15,349
774,66,33,67,15,181
776,66,34,99,18,217
777,51,34,99,18,202
778,67,33,66,18,184
779,168,16,68,16,268
780,67,33,101,15,216
783,68,16,68,15,167
784,66,34,68,16,184
785,51,34,68,16,169
786,51,16,68,16,151
787,66,18,66,17,167
788,68,34,64,18,184
789,65,19,64,18,166
790,68,32,67,16,183
791,568,17,64,17,666
793,68,15,51,17,151
794,64,35,66,18,183
795,167,16,66,18,267
796,182,18,65,18,283
797,66,17,67,15,165
798,51,17,67,15,150
800,66,34,66,18,184
801,68,16,66,18,168
803,66,18,65,18,167
804,67,33,66,18,184
805,66,16,66,18,166
806,66,32,68,16,182
808,65,34,118,16,233
809,66,16,118,16,216
810,166,34,68,15,283
812,52,16,66,18,152
814,67,33,67,18,185
816,66,34,68,15,183
817,68,16,68,15,167
818,51,16,68,15,150
819,49,33,66,17,165
820,67,35,64,17,183
822,51,17,64,17,149
823,51,31,68,17,167
825,65,16,69,15,165
826,64,35,66,17,182
827,66,18,66,17,167
828,68,34,65,21,188
830,52,17,65,21,155
831,200,17,67,17,301
832,66,33,66,17,182
833,200,17,66,16,299
836,184,16,67,18,285
837,66,16,52,17,151
839,62,17,67,17,163
840,66,35,66,16,183
843,52,32,67,18,169
844,51,16,67,18,152
845,66,17,51,15,149
847,66,17,66,17,166
848,67,33,66,17,183
850,183,16,67,16,282
851,50,33,66,18,167
852,66,33,67,18,184
854,50,16,67,18,151
855,65,16,52,15,148
858,51,16,67,16,150
859,50,33,68,18,169
860,52,15,68,18,153
861,68,15,52,14,149
862,52,15,52,14,133
863,65,18,82,18,183
864,168,32,67,18,285
866,52,14,68,17,151
867,50,34,51,15,150
868,167,32,68,15,282
870,68,32,67,18,185
871,69,15,67,18,169
872,51,15,67,18,151
873,67,18,65,16,166
875,165,18,67,16,266
876,67,33,68,17,185
877,68,15,68,17,168
879,50,35,66,17,168
881,65,18,67,16,166
883,69,16,200,17,302
885,168,17,66,17,268
887,66,17,50,17,150
888,184,16,66,17,283
889,50,34,66,17,167
891,51,33,66,17,167
893,51,33,50,17,151
894,66,33,66,17,182
897,50,34,65,17,166
898,50,17,65,17,149
902,49,16,52,17,134
903,383,34,100,16,533
904,68,34,66,16,184
905,68,17,66,16,167
906,52,17,66,16,151
908,66,34,65,18,183
913,67,15,68,16,166
914,65,36,65,15,181
915,165,18,67,17,267
916,51,18,65,15,149
917,51,32,66,18,167
921,66,18,67,17,168
922,66,34,100,16,216
923,68,16,100,16,200
925,52,33,134,17,236
926,67,33,66,17,183
927,66,16,66,17,165
928,66,34,84,15,199
929,67,17,84,15,183
930,50,17,84,15,166
931,66,16,52,15,149
932,166,35,99,16,316
935,68,15,68,15,166
936,52,15,68,15,150
939,198,19,66,17,300
940,183,19,66,17,285
942,50,17,67,16,150
944,65,34,66,17,182
945,68,16,66,17,167
946,67,35,66,17,185
948,69,31,135,18,253
949,66,16,135,18,235
950,66,35,65,17,183
951,67,18,65,17,167
954,52,16,67,18,153
955,168,15,67,18,268
956,65,35,83,16,199
957,65,18,83,16,182
958,67,33,50,16,166
960,68,32,67,18,185
962,50,15,67,18,150
963,65,16,51,17,149
964,50,16,51,17,134
965,66,16,66,17,165
966,67,35,66,16,184
967,67,17,66,16,166
968,51,17,66,16,150
969,51,31,51,19,152
970,168,34,98,16,316
971,65,18,67,16,166
973,51,35,66,14,166
974,51,19,66,14,150
978,66,33,65,16,180
980,67,33,67,16,183
983,68,16,66,18,168
984,65,35,65,16,181
986,67,31,102,16,216
989,68,16,68,16,168
990,65,36,65,16,182
991,166,16,68,17,267
992,167,35,67,15,284
993,68,16,65,17,166
994,68,33,67,16,184
995,68,17,67,16,168
996,165,34,66,15,280
999,66,18,67,15,166
1001,67,17,67,15,166
1002,68,34,66,15,183
1003,51,34,66,15,166
1005,66,18,100,17,201
1006,67,33,67,17,184
1007,65,18,67,17,167
1008,66,33,51,16,166
1010,66,34,66,17,183
1012,184,15,52,15,266
1013,169,15,52,15,251
1014,51,16,65,19,151
1015,50,33,51,15,149
1016,66,32,68,18,184
1017,66,15,68,18,167
1018,65,34,52,15,166
1019,68,15,52,15,150
1020,151,17,65,17,250
1022,68,33,67,15,183
1023,67,15,67,15,164
1024,52,15,67,15,149
1025,69,17,65,17,168
1026,51,17,65,17,150
1027,65,17,100,17,199
1028,167,32,68,15,282
1029,64,18,67,17,166
1030,65,35,49,15,164
1031,67,18,49,15,149
1032,151,17,65,16,249
1033,53,32,51,17,153
1034,67,32,68,15,182
1035,67,15,68,15,165
1036,49,15,68,15,147
1037,165,18,67,16,266
1038,51,17,65,16,149
1039,67,16,67,17,167
1040,68,33,101,16,218
1041,64,18,101,16,199
1042,65,34,67,16,182
1043,65,18,67,16,166
1046,51,16,50,18,135
1048,67,34,68,15,184
1049,66,18,68,15,167
1051,350,35,65,18,468
1052,65,37,64,16,182
1053,66,20,64,16,166
1054,68,32,65,17,182
1055,150,33,67,18,268
1056,52,17,65,17,151
1057,66,18,66,18,168
1061,51,33,67,18,169
1062,66,34,101,15,216
1064,51,16,101,15,183
1066,67,33,67,17,184
1068,51,15,67,17,150
1069,49,35,65,18,167
1070,68,32,100,17,217
1071,65,17,100,17,199
1072,67,33,67,17,184
1074,65,34,66,18,183
1075,68,16,66,18,168
1076,51,16,66,18,151
1078,67,33,68,17,185
1079,66,16,68,17,167
1080,66,34,66,16,182
1082,201,33,66,16,316
1083,50,34,66,16,166
1084,68,32,68,14,182
1085,67,15,68,14,164
1086,51,15,68,14,148
1087,383,32,53,15,483
1088,66,34,66,15,181
1090,68,33,66,16,183
1094,66,33,52,15,166
1095,52,33,52,15,152
1096,66,34,66,17,183
1098,166,34,65,20,285
1101,51,33,67,17,168
1102,66,33,51,15,165
1103,65,16,51,15,147
1104,66,34,65,20,185
1105,66,18,65,20,169
1106,67,32,53,15,167
1107,67,15,53,15,150
1108,51,15,53,15,134
1109,184,34,67,15,300
1110,65,35,100,16,216
1113,67,16,67,16,166
1114,68,33,68,15,184
1115,64,17,68,15,164
1116,66,34,67,15,182
1117,66,17,67,15,165
1119,184,33,52,14,283
1120,68,33,66,17,184
1121,51,33,66,17,167
1122,400,34,100,15,549
1123,51,31,103,17,202
1124,64,35,68,17,184
1125,169,14,100,16,299
1126,66,33,52,14,165
1128,68,35,98,17,218
1129,166,17,69,14,266
1130,68,31,100,16,215
1133,66,17,102,14,199
1134,65,33,69,14,181
1135,182,34,100,15,331
1137,50,33,135,17,235
1139,66,20,66,15,167
1140,69,32,100,15,216
1142,68,34,100,15,217
1143,52,34,100,15,201
1144,66,33,67,15,181
1145,67,18,67,15,167
1146,67,33,66,18,184
1147,66,16,66,18,166
1154,65,31,69,19,184
1157,66,17,68,15,166
1158,68,32,100,18,218
1159,196,15,68,17,296
1160,187,15,68,17,287
1161,68,17,64,18,167
1164,51,16,116,18,201
1168,51,15,68,17,151
1171,65,18,67,16,166
1173,68,15,102,17,202
1176,67,32,67,18,184
1177,50,32,67,18,167
1178,67,35,67,15,184
1179,68,17,67,15,167
1180,67,32,69,16,184
1182,52,15,69,16,152
1183,67,17,50,15,149
1185,65,19,99,16,199
1187,150,33,67,15,265
1189,68,17,66,17,168
1191,66,17,67,16,166
1192,51,17,67,16,151
1193,66,17,67,15,165
1195,67,17,66,16,166
1196,167,31,51,17,266
1197,51,33,67,16,167
1198,67,33,65,19,184
1199,65,18,65,19,167
1201,66,18,65,17,166
1202,67,31,51,17,166
1203,68,15,51,17,151
1204,50,15,51,17,133
1205,68,15,67,16,166
1206,65,34,99,16,214
1208,51,17,99,16,183
1209,164,18,67,15,264
1210,67,33,67,17,184
1211,66,17,67,17,167
1213,51,33,51,18,153
1216,67,35,66,17,185
1217,67,18,66,17,168
1218,51,18,66,17,152
1219,53,32,51,15,151
1220,67,34,65,18,184
1221,65,19,65,18,167
1223,51,32,66,19,168
1224,51,15,66,19,151
1225,51,33,52,15,151
1226,65,33,68,17,183
1228,51,15,68,17,151
1229,167,15,52,15,249
1230,52,15,51,16,134
1231,66,17,65,18,166
1232,68,33,68,16,185
1233,66,16,68,16,166
1235,67,15,52,15,149
1236,50,15,52,15,132
1239,67,15,66,19,167
1240,52,15,66,19,152
1242,65,32,52,16,165
1243,66,15,52,16,149
1244,66,35,68,14,183
1245,66,16,68,14,164
1246,51,16,68,14,149
1247,67,16,101,17,201
1249,66,18,66,17,167
1250,68,31,67,17,183
1251,65,17,67,17,166
1252,66,35,67,14,182
1253,68,16,67,14,165
1257,165,18,67,16,266
1258,67,33,67,15,182
1259,50,33,67,15,165
1260,49,19,67,15,150
1263,68,18,67,16,169
1264,67,31,52,16,166
1265,51,31,52,16,150
1266,50,16,52,16,134
1267,67,18,65,17,167
1268,67,32,66,18,183
1269,52,32,66,18,168
1270,52,16,66,18,152
1273,66,16,68,17,167
1274,50,16,68,17,151
1277,68,16,99,17,200
1278,68,33,66,17,184
1281,64,19,64,19,166
1283,64,18,67,16,165
1284,66,32,51,17,166
1285,134,17,51,15,217
1286,64,35,84,15,198
1287,69,16,84,15,184
1288,67,33,51,15,166
1289,50,33,51,15,149
1293,68,15,102,17,202
1297,66,17,65,17,165
1298,51,17,65,17,150
1299,66,18,67,15,166
1300,66,31,102,17,216
1301,51,31,102,17,201
1302,65,36,66,17,184
1303,66,19,66,17,168
1304,67,32,51,18,168
1306,51,17,51,18,137
1307,51,34,66,15,166
1309,51,35,64,17,167
1310,150,16,83,18,267
1311,52,31,66,19,168
1316,66,34,83,16,199
1317,152,32,101,17,302
1318,52,15,83,16,166
1319,67,17,65,18,167
1322,67,32,101,17,217
1323,134,15,51,17,217
1325,68,16,133,19,236
1327,50,33,51,17,151
1328,52,15,51,17,135
1330,67,34,66,17,184
1331,66,17,66,17,166
1332,51,17,66,17,151
1335,68,15,68,16,167
1336,167,34,67,14,282
1337,67,17,67,18,169
1338,51,17,67,18,153
1339,65,18,67,16,166
1340,50,18,67,16,151
1341,167,18,65,17,267
1343,69,16,67,14,166
1344,67,31,69,15,182
1346,65,36,65,17,183
1347,65,18,65,17,165
1348,67,33,65,17,182
1349,65,19,65,17,166
1350,69,32,67,17,185
1352,65,33,51,16,165
1354,65,34,66,16,181
1355,67,17,66,16,166
1356,67,33,68,15,183
1357,67,16,68,15,166
1359,50,33,68,16,167
1360,66,35,65,18,184
1361,167,15,66,19,267
1362,68,33,50,15,166
1364,68,32,66,18,184
1366,65,33,66,19,183
1367,68,15,66,19,168
1368,50,15,66,19,150
1369,65,17,52,15,149
1371,66,15,68,17,166
1373,69,15,100,16,200
1374,52,15,100,16,183
1375,65,18,101,16,200
1376,68,33,68,16,185
1378,51,16,68,16,151
1379,51,33,51,16,151
1380,66,35,67,14,182
1381,65,19,67,14,165
1382,68,32,68,15,183
1384,166,34,67,17,284
1385,51,35,64,18,168
1386,67,33,65,18,183
1388,68,31,101,17,217
1389,67,16,101,17,201
1391,68,16,67,17,168
1392,65,35,67,16,183
1393,50,35,67,16,168
1394,52,17,67,16,152
1395,51,32,51,16,150
1396,67,35,65,17,184
1397,66,18,65,17,166
1398,67,32,101,15,215
1399,69,16,101,15,201
1400,51,16,101,15,183
1402,65,34,66,17,182
1403,66,17,66,17,166
1405,65,19,65,16,165
1407,51,32,68,14,165
1408,66,33,67,17,183
1409,68,16,67,17,168
1410,65,35,65,17,182
1411,167,17,68,17,269
1412,68,32,67,17,184
1413,65,18,67,17,167
1414,67,33,51,15,166
1415,135,15,53,16,219
1416,65,34,68,17,184
1418,67,32,53,16,168
1419,135,16,65,18,234
1421,49,36,64,18,167
1422,68,33,65,18,184
1423,51,33,65,18,167
1424,53,16,65,18,152
1428,65,34,65,20,184
1429,68,16,65,20,169
1430,153,14,67,17,251
1431,67,17,65,17,166
1432,51,17,65,17,150
1433,50,31,51,18,150
1434,350,17,68,16,451
1436,51,14,67,17,149
1438,51,18,134,17,220
1440,67,34,68,17,186
1441,67,17,68,17,169
1442,66,33,52,14,165
1443,550,32,68,16,666
1444,67,35,65,17,184
1446,68,31,51,17,167
1447,67,14,51,17,149
1448,52,14,51,17,134
1449,68,16,102,16,202
1451,65,17,68,16,166
1453,166,18,65,16,265
1454,67,35,66,16,184
1455,67,18,66,16,167
1456,68,31,68,16,183
1457,165,16,67,18,266
1460,66,33,67,15,181
1461,50,33,67,15,165
1462,68,32,67,18,185
1464,65,35,67,14,181
1465,65,19,67,14,165
1469,51,35,65,18,169
1471,218,34,65,16,333
1475,51,35,66,15,167
1477,52,33,67,15,167
1478,52,16,67,15,150
1480,66,34,65,16,181
1481,64,19,65,16,164
1482,67,31,67,18,183
1483,51,31,67,18,167
1484,65,34,69,13,181
1487,66,17,68,17,168
1488,236,32,66,17,351
1489,68,18,66,15,167
1490,251,15,101,17,384
1491,66,19,101,15,201
1492,68,34,99,17,218
1493,200,15,101,17,333
1494,66,32,67,17,182
1495,68,17,67,17,169
1496,66,35,64,17,182
1497,67,17,64,17,165
1499,52,32,66,17,167
1500,67,32,101,17,217
1501,66,15,101,17,199
1502,64,34,67,17,182
1503,66,17,67,17,167
1505,66,17,65,19,167
1507,51,33,68,14,166
1508,184,16,85,15,300
1509,67,15,67,18,167
1512,199,34,82,18,333
1513,65,17,51,17,150
1514,67,34,85,15,201
1515,66,16,85,15,182
1516,65,34,66,18,183
1518,51,17,66,18,152
1520,200,32,52,17,301
1521,68,15,82,18,183
1523,181,36,67,14,298
1524,52,15,67,17,151
1525,64,17,66,19,166
1526,66,34,68,16,184
1528,67,32,52,17,168
1529,51,32,52,17,152
1531,50,36,67,14,167
1533,67,17,66,15,165
1534,52,17,66,15,150
1535,50,34,99,16,199
1536,67,32,67,16,182
1538,66,34,65,17,182
1540,66,33,67,15,181
1542,67,32,69,16,184
1543,52,32,69,16,169
1544,49,16,69,16,150
1545,184,32,66,18,300
1546,67,34,66,16,183
1548,69,33,131,18,251
1549,52,33,131,18,234
1550,67,33,67,15,182
1552,164,36,84,16,300
1553,50,32,66,18,166
1554,65,35,67,14,181
1556,167,32,66,19,284
1557,66,16,69,14,165
1558,66,36,84,16,202
1560,67,33,51,16,167
1561,52,33,51,16,152
1563,184,33,51,17,285
1564,65,35,66,15,181
1565,70,16,66,15,167
1566,51,16,66,15,148
1568,49,17,68,17,151
1569,66,16,50,15,147
1570,66,33,51,17,167
1571,67,18,51,17,153
1572,68,32,101,15,216
1573,66,15,101,15,197
1576,51,17,65,15,148
1579,82,33,52,15,182
1582,66,33,52,15,166
1583,66,17,52,15,150
1585,168,18,67,15,268
1586,52,15,65,18,150
1590,65,36,67,15,183
1591,65,18,67,15,165
1592,50,18,67,15,150
1593,67,17,100,18,202
1596,67,31,52,15,165
1597,52,31,52,15,150
1600,150,16,65,18,249
1601,50,33,52,16,151
1603,66,19,51,14,150
1604,68,33,65,18,184
1606,52,16,65,18,151
1607,70,14,67,18,169
1608,51,14,67,18,150
1609,349,34,98,18,499
1611,65,16,84,16,181
1613,67,16,66,16,165
1615,66,18,65,18,167
1616,84,16,51,17,168
1617,66,16,51,17,150
1618,66,33,68,15,182
1619,50,33,68,15,166
1621,67,17,100,14,198
1623,52,33,67,14,166
1624,68,33,67,15,183
1625,633,17,65,17,732
1626,166,32,67,17,282
1629,52,33,65,18,168
1630,67,33,66,16,182
1632,66,32,67,17,182
1633,52,32,67,17,168
1634,65,34,66,17,182
1635,68,16,66,17,167
1636,66,33,67,18,184
1637,67,17,67,18,169
1639,66,16,85,16,183
1640,66,34,51,16,167
1641,67,17,51,16,151
1642,67,35,82,17,201
1643,68,17,82,17,184
1644,69,32,67,16,184
1645,52,32,67,16,167
1647,214,35,66,18,333
1648,82,17,98,18,215
1649,66,17,98,18,199
1653,68,14,85,17,184
1654,65,33,52,17,167
1655,67,15,52,17,151
1657,65,17,66,18,166
1658,203,32,66,16,317
1659,67,17,65,17,166
1660,52,17,65,17,151
1661,51,32,50,19,152
1662,66,33,68,17,184
1664,65,36,65,16,182
1665,67,19,65,16,167
1667,51,32,66,16,165
1668,68,33,66,19,186
1669,51,33,66,19,169
1670,65,33,67,16,181
1672,66,33,50,18,167
1674,66,34,152,13,265
1675,69,15,152,13,249
1677,203,13,52,16,284
1678,50,18,66,15,149
1679,180,35,65,18,298
1681,169,15,65,18,267
1683,167,16,68,16,267
1684,63,33,52,16,164
1685,69,13,52,16,150
1686,52,13,52,16,133
1689,65,16,68,16,165
1690,52,16,68,16,152
1692,51,14,52,17,134
1695,66,17,67,17,167
1696,52,17,67,17,153
1697,51,31,118,17,217
1698,64,36,82,17,199
1700,166,32,52,17,267
1701,69,16,66,16,167
1702,53,16,66,16,151
1703,51,32,66,17,166
1704,82,17,66,18,183
1705,82,32,52,17,183
1707,51,32,52,17,152
1708,66,34,69,16,185
1709,66,17,69,16,168
1710,66,35,66,17,184
1711,68,17,66,17,168
1712,152,15,100,17,284
1713,167,19,64,17,267
1714,169,31,67,18,285
1715,67,16,68,15,166
1716,66,32,100,17,215
1717,67,15,100,17,199
1718,49,15,100,17,181
1719,165,17,67,18,267
1720,68,31,67,18,184
1721,66,16,67,18,167
1722,67,33,52,15,167
1724,64,34,67,18,183
1726,152,15,68,15,250
1727,69,15,52,15,151
1728,52,15,52,15,134
1731,67,15,68,15,165
1732,52,15,68,15,150
1734,185,14,69,15,283
1737,51,33,51,14,149
1738,67,32,85,17,201
1739,602,17,99,17,735
1740,65,33,69,15,182
1741,152,32,68,15,267
1742,51,14,69,15,149
1743,167,21,80,15,283
1745,152,31,99,16,298
1746,52,17,69,12,150
1747,152,31,68,16,267
1748,66,37,80,15,198
1749,65,21,80,15,181
1751,54,31,99,16,200
1753,52,31,68,16,167
1754,179,17,99,18,313
1755,68,15,133,19,235
1756,64,35,117,16,232
1757,68,16,117,16,217
1758,52,16,117,16,201
1759,66,16,66,19,167
1760,67,34,99,18,218
1763,66,16,67,18,167
1764,66,35,133,16,250
1765,185,32,67,17,301
1766,185,15,67,17,284
1767,51,32,69,17,169
1768,184,18,99,17,318
1769,66,17,66,16,165
1770,184,16,66,17,283
1772,168,32,51,16,267
1774,66,34,99,17,216
1775,182,33,67,16,298
1777,66,16,66,17,165
1778,51,16,66,17,150
1779,183,34,69,14,300
1781,65,17,100,16,198
1782,66,33,67,16,182
1783,66,16,67,16,165
1785,50,33,67,17,167
1786,66,34,69,14,183
1787,67,16,69,14,166
1789,66,17,101,16,200
1791,232,18,66,16,332
1793,53,33,65,17,168
1794,201,33,67,15,316
1795,217,33,68,17,335
1797,51,33,100,17,201
1798,65,33,67,17,182
1799,66,16,67,17,166
1800,66,34,66,16,182
1801,66,18,66,16,166
1802,67,33,67,15,182
1803,50,33,67,15,165
1806,66,34,51,16,167
1807,201,16,67,16,300
1808,67,34,83,16,200
1810,68,33,66,16,183
1811,52,33,66,16,167
1812,51,16,66,16,149
1813,52,33,66,16,167
1814,83,16,67,16,182
1817,49,33,65,18,165
1818,66,34,67,15,182
1819,65,18,67,15,165
1823,67,18,67,15,167
1825,51,33,68,15,167
1826,51,18,68,15,152
1828,67,34,64,17,182
1829,52,34,64,17,167
1830,68,32,66,17,183
1832,66,32,51,17,166
1833,51,32,51,17,151
1834,64,34,67,17,182
1835,66,17,67,17,167
1838,51,17,67,15,150
1839,51,33,67,17,168
1840,67,34,66,17,184
1842,67,33,66,18,184
1843,51,33,66,18,168
1844,67,33,67,16,183
1847,51,33,68,15,167
1848,50,16,68,15,149
1850,67,34,83,17,201
1851,66,18,83,17,184
1852,151,17,67,16,251
1854,49,17,68,15,149
1855,66,18,68,14,166
1856,148,19,67,16,250
1857,68,17,67,16,168
1858,51,17,67,16,151
1859,67,19,66,17,169
1860,68,33,67,16,184
1861,65,19,67,16,167
1862,67,33,67,16,183
1863,52,33,67,16,168
1864,316,16,99,16,447
1865,52,34,116,16,218
1866,67,33,64,19,183
1867,51,33,64,19,167
1868,67,32,51,16,166
1869,167,15,51,16,249
1870,65,32,102,17,216
1872,64,35,67,17,183
1873,67,16,67,17,167
1875,67,15,51,16,149
1876,68,34,66,17,185
1878,51,16,66,17,150
1879,66,16,99,16,197
1880,51,16,99,16,182
1881,66,16,118,16,216
1882,66,32,50,18,166
1883,66,15,50,18,149
1884,151,16,67,16,250
1885,66,16,52,16,150
1886,66,34,51,16,167
1887,65,18,51,16,150
1888,50,18,51,16,135
1889,50,34,67,16,167
1890,52,16,67,16,151
1891,52,33,100,17,202
1892,51,16,100,17,184
1893,64,19,98,19,200
1894,67,34,64,19,184
1895,66,18,64,19,167
1896,68,32,168,16,284
1897,186,33,65,17,301
1899,67,15,69,15,166
1900,64,35,67,15,181
1901,67,16,67,15,165
1902,51,16,67,15,149
1904,69,33,65,17,184
1905,65,18,65,17,165
1906,67,34,65,17,183
1907,66,19,65,17,167
1908,67,31,51,17,166
1909,52,31,51,17,151
1911,167,18,83,16,284
1912,65,34,67,16,182
1913,66,17,67,16,166
1914,51,17,67,16,151
1915,51,33,50,17,151
1917,66,18,83,16,183
1918,67,33,66,17,183
1919,51,33,66,17,167
1923,83,34,65,18,200
1924,66,34,65,18,183
1926,50,17,65,18,150
1927,50,32,51,17,150
1928,66,33,67,17,183
1930,65,35,65,19,184
1932,51,17,65,19,152
1933,65,16,52,15,148
1934,67,33,85,15,200
1936,150,15,52,16,233
1938,52,15,66,18,151
1940,67,33,52,16,168
1944,67,34,66,17,184
1945,149,34,67,16,266
1946,52,16,66,17,151
1948,517,17,65,18,617
1949,67,15,68,16,166
1951,65,17,67,16,165
1955,67,17,67,17,168
1957,166,17,65,19,267
1958,65,35,83,16,199
1959,49,35,83,16,183
1960,67,32,51,16,166
1961,51,32,51,16,150
1962,52,15,51,16,134
1964,66,33,66,18,183
1965,66,16,66,18,166
1967,67,15,52,16,150
1969,67,15,67,17,166
1970,51,15,67,17,150
1971,67,16,67,17,167
1972,52,16,67,17,152
1974,67,34,65,18,184
1975,66,17,65,18,166
1976,67,33,67,15,182
1978,51,16,67,15,149
1980,65,35,51,16,167
1981,66,17,51,16,150
1982,67,34,66,17,184
1985,68,16,67,15,166
1986,51,16,67,15,149
1987,52,33,66,16,167
1988,66,34,99,16,215
1989,66,17,99,16,198
1990,67,32,67,16,182
1991,65,17,67,16,165
1992,66,35,67,15,183
1993,65,19,67,15,166
1994,67,32,50,18,167
1997,67,19,65,16,167
1999,52,33,99,17,201
2000,50,18,99,17,184
2001,52,32,67,17,168
2002,65,33,102,17,217
2003,66,17,102,17,202
2004,65,34,68,17,184
2005,50,34,68,17,169
2006,67,33,52,15,167
2007,51,33,52,15,151
2008,67,35,66,16,184
2009,67,18,66,16,167
2010,167,35,67,14,283
2011,165,20,67,14,266
2013,67,17,99,16,199
2014,66,33,102,14,215
2015,65,17,102,14,198
2016,67,35,67,14,183
2018,68,31,67,18,184
2025,51,33,83,18,185
2026,165,33,68,14,280
2027,67,18,66,16,167
2028,68,31,68,15,182
2029,149,32,69,15,265
2030,83,18,65,17,183
2031,66,18,65,17,166
2033,51,33,68,14,166
2034,68,32,69,15,184
2035,51,32,69,15,167
2036,65,36,66,16,183
2037,66,19,66,16,167
2039,53,33,66,15,167
2040,166,35,50,16,267
2043,52,33,98,18,201
2045,167,16,67,19,269
2046,64,35,50,16,165
2047,67,16,50,16,149
2049,51,32,69,15,167
2050,67,34,67,19,187
2052,50,16,67,19,152
2053,68,17,51,13,149
2054,69,32,85,16,202
2055,351,33,67,17,468
2056,50,17,85,16,168
2058,51,13,69,16,149
2059,184,32,69,16,301
2060,67,34,66,15,182
2061,66,16,66,15,163
2062,69,32,66,18,185
2063,66,16,66,18,166
2064,66,34,50,18,168
2067,167,17,67,17,268
2068,66,36,66,16,184
2069,66,18,66,16,166
2070,50,18,66,16,150
2071,53,33,64,19,169
2072,69,33,67,17,186
2073,67,17,67,17,168
2074,66,31,53,17,167
2075,68,15,53,17,153
2078,67,34,65,17,183
2080,53,17,65,17,152
2081,51,31,51,18,151
2082,65,34,67,17,183
2083,64,18,67,17,166
2084,65,35,66,16,182
2085,67,18,66,16,167
2086,51,18,66,16,151
2087,53,32,66,18,169
2088,67,34,84,14,199
2090,66,32,52,14,164
2092,66,33,66,17,182
2093,67,15,66,17,165
2094,65,33,50,17,165
2095,68,14,50,17,149
2096,52,14,50,17,133
2097,149,33,68,15,265
2098,66,34,67,16,183
2100,50,17,67,16,150
2102,68,33,68,15,184
2103,51,33,68,15,167
2104,51,16,68,15,150
2105,65,18,99,17,199
2106,67,34,65,17,183
2107,65,19,65,17,166
2108,68,32,67,18,185
2111,51,33,67,16,167
2112,132,34,101,15,282
2113,50,34,67,15,166
2114,67,33,66,17,183
2115,67,15,66,17,165
2116,67,34,101,15,217
2117,50,34,101,15,200
2119,64,17,69,15,165
2121,67,16,67,18,168
2122,65,36,66,16,183
2123,69,17,66,16,168
2124,69,31,68,16,184
2125,151,31,51,19,252
2127,66,17,64,17,164
2128,66,33,117,15,231
2130,68,31,51,19,169
2131,66,15,51,19,151
2132,64,34,52,15,165
2133,65,17,52,15,149
2134,167,32,66,19,284
2135,49,36,81,17,183
2137,69,15,67,18,169
2138,52,15,67,18,152
2139,68,17,65,17,167
2140,66,32,66,19,183
2141,65,17,66,19,167
2144,65,33,68,16,182
2145,67,16,68,16,167
2146,50,16,68,16,150
2148,52,15,68,17,152
2149,67,17,51,15,150
2151,166,17,117,15,315
2152,68,32,68,16,184
2154,51,15,68,16,150
2155,69,14,67,18,168
2156,65,35,117,15,232
2157,66,17,117,15,215
2160,67,34,99,16,216
2161,67,16,99,16,198
2162,66,33,66,16,181
2163,67,16,66,16,165
2164,67,33,68,17,185
2165,82,33,52,16,183
2166,66,33,52,16,167
2167,65,17,52,16,150
2169,64,19,83,17,183
2170,68,33,67,17,185
2171,69,16,67,17,169
2172,52,16,67,17,152
2173,52,34,65,16,167
2176,67,32,67,16,182
2177,68,15,67,16,166
2178,65,35,65,18,183
2179,65,19,65,18,167
2180,67,32,51,16,166
2181,50,32,51,16,149
2182,67,33,68,15,183
2183,67,17,68,15,167
2184,65,34,101,15,215
2185,68,16,101,15,200
2186,51,16,101,15,183
2187,51,34,67,15,167
2188,150,16,100,17,283
2190,66,35,65,18,184
2191,84,31,100,17,232
2192,67,31,100,17,215
2193,67,16,100,17,200
2194,66,34,66,17,183
2195,68,16,66,17,167
2197,68,16,66,19,169
2198,52,16,66,19,153
2199,66,16,53,16,151
2200,50,16,53,16,135
2202,66,35,69,14,184
2203,69,16,69,14,168
2204,53,16,69,14,152
2205,52,32,66,17,167
2206,67,37,63,17,184
2207,64,21,63,17,165
2208,69,29,51,16,165
2209,55,29,51,16,151
2211,67,17,68,17,169
2212,63,33,52,16,164
2213,66,16,52,16,150
2215,66,19,100,16,201
2216,68,33,67,16,184
2217,135,16,99,16,266
2220,67,33,99,16,215
2221,67,16,99,16,198
2222,51,16,99,16,182
2224,65,34,65,17,181
2225,147,36,50,15,248
2226,50,16,65,17,148
2227,66,17,68,15,166
2228,67,32,68,18,185
2230,65,36,50,15,166
2231,49,36,50,15,150
2232,68,32,82,18,200
2233,52,32,82,18,184
2234,68,33,67,16,184
2235,69,15,67,16,167
2237,351,32,67,17,467
2238,51,17,98,18,184
2239,64,18,66,18,166
2240,67,32,100,18,217
2242,64,34,66,18,182
2243,69,15,66,18,168
2248,168,32,67,17,284
2249,150,32,67,17,266
2250,67,32,52,15,166
2251,51,32,52,15,150
2252,67,35,83,16,201
2253,67,17,83,16,183
2254,67,32,67,17,183
2256,52,15,67,17,151
2257,67,15,67,18,167
2259,66,16,118,16,216
2260,352,16,65,18,451
2261,66,16,66,19,167
2262,67,34,67,17,185
2268,168,32,67,16,283
2269,52,32,101,18,203
2271,65,18,133,16,232
2272,84,17,66,15,182
2273,67,17,66,15,165
2274,69,32,67,16,184
2275,52,32,67,16,167
2276,66,34,65,18,183
2277,67,16,65,18,166
2278,66,33,67,16,182
2279,384,31,67,17,499
2280,67,32,102,17,218
2281,183,32,67,15,297
2284,67,32,52,15,166
2287,183,32,51,16,282
2288,67,32,67,15,181
2289,51,32,67,15,165
2290,52,15,67,15,149
2291,64,19,65,18,166
2292,66,33,68,15,182
2293,65,17,68,15,165
2294,67,32,51,16,166
2295,52,32,51,16,151
2296,183,16,66,18,283
2297,67,18,82,16,183
2298,68,31,67,17,183
2299,53,31,67,17,168
2300,51,16,67,17,151
2301,66,18,66,16,166
2302,66,32,66,18,182
2303,167,18,66,15,266
2308,50,16,68,18,152
2310,68,32,66,17,183
2311,52,32,66,17,167
2312,68,34,65,16,183
2313,68,16,65,16,165
2314,198,33,68,16,315
2315,65,17,67,18,167
2316,66,33,100,19,218
2317,65,16,100,19,200
2318,65,34,66,19,184
2319,66,18,66,19,169
2322,67,33,68,16,184
2323,168,16,69,16,269
2326,52,15,66,19,152
2327,50,34,101,16,201
2328,367,34,67,16,484
2329,65,16,69,16,166
2330,66,36,64,18,184
2331,67,17,64,18,166
2332,51,17,64,18,150
2333,52,33,49,17,151
2334,69,31,66,17,183
2335,66,15,66,17,164
2336,64,35,65,18,182
2339,50,31,101,18,200
2340,66,34,67,18,185
2341,183,34,67,16,300
2342,65,35,66,16,182
2343,68,17,66,16,167
2344,52,17,66,16,151
2346,67,34,67,16,184
2347,67,16,67,16,166
2348,66,34,67,16,183
2349,66,18,67,16,167
2352,67,34,66,15,182
2353,67,18,66,15,166
2354,67,32,84,17,200
2355,69,16,84,17,186
2356,66,34,116,16,232
2357,68,16,116,16,216
2358,66,33,83,16,198
2360,67,34,65,18,184
2363,67,16,52,17,152
2364,65,34,68,15,182
2365,66,16,68,15,165
2366,65,35,67,16,183
2367,50,35,67,16,168
2372,67,31,52,15,165
2373,67,15,52,15,149
2374,65,36,64,18,183
2375,69,17,64,18,168
2376,50,17,64,18,149
2377,332,17,52,14,415
2378,52,15,51,17,135
2379,65,16,66,19,166
2380,64,35,65,17,181
2381,66,17,65,17,165
2382,51,17,65,17,150
2384,66,34,52,15,167
2385,67,15,52,15,149
2387,65,19,67,14,165
2388,303,31,51,17,402
2390,52,15,67,16,150
2391,68,18,66,17,169
2392,49,18,66,17,150
2394,50,17,52,14,133
2395,65,19,83,17,184
2396,149,17,65,17,248
2397,135,17,65,17,234
2398,135,31,51,17,234
2399,68,17,65,19,169
2400,83,17,65,17,182
2401,148,34,68,15,265
2404,65,34,84,18,201
2405,215,34,67,16,332
2407,65,17,68,15,165
2408,51,17,68,15,151
2411,67,18,65,16,166
2412,68,31,66,18,183
2413,53,31,66,18,168
2414,67,34,67,16,184
2415,67,16,67,16,166
2417,50,32,67,19,168
2418,66,35,100,16,217
2419,66,17,100,16,199
2420,67,32,68,16,183
2421,201,17,68,15,301
2422,418,16,101,18,553
2423,68,16,65,18,167
2424,51,16,65,18,150
2425,51,33,50,17,151
2427,65,16,67,17,165
2428,65,35,68,15,183
2429,167,17,66,15,265
2430,50,17,68,15,150
2431,66,17,51,17,151
2432,67,36,98,15,216
2433,66,19,98,15,198
2434,181,18,66,20,285
2435,68,17,66,15,166
2436,51,17,66,15,149
2437,67,16,67,17,167
2438,64,34,66,18,182
2439,67,16,66,18,167
2440,66,33,66,20,185
2441,65,18,66,20,169
2443,66,16,101,18,201
2444,50,16,101,18,185
2445,69,15,68,18,170
2446,66,35,65,18,184
2447,69,15,65,18,167
2448,53,15,65,18,151
2449,65,18,67,16,166
2450,68,32,51,16,167
2451,66,14,51,16,147
2453,68,17,66,18,169
2454,67,32,52,14,165
2456,51,16,52,14,133
2457,67,16,67,16,166
2458,66,32,100,19,217
2459,68,14,100,19,201
2462,67,32,52,17,168
2463,65,16,52,17,150
2464,51,16,52,17,136
2465,67,14,69,15,165
2466,65,36,65,18,184
2468,52,17,65,18,152
2469,64,19,66,16,165
2471,65,17,99,17,198
2475,67,16,67,17,167
2476,66,33,51,16,166
2479,49,34,67,17,167
2481,65,16,51,17,149
2482,151,16,69,16,252
2483,50,34,135,16,235
2484,67,34,67,15,183
2485,67,17,67,15,166
2486,51,17,67,15,150
2487,66,16,69,16,167
2488,66,35,66,17,184
2489,65,19,66,17,167
2490,67,34,98,18,217
2492,69,32,66,18,185
2493,53,32,66,18,169
2494,66,33,66,17,182
2495,51,33,66,17,167
2496,65,33,68,16,182
2497,66,16,68,16,166
2498,66,33,68,16,183
2499,150,34,66,18,268
2500,66,35,67,15,183
2501,316,33,102,17,468
2502,68,33,66,19,186
2503,83,34,66,18,201
2504,68,34,66,18,186
2506,67,32,68,17,184
2508,66,34,51,16,167
2509,69,15,51,16,151
2510,66,34,65,17,182
2511,69,16,65,17,167
2512,52,16,65,17,150
2513,66,16,99,18,199
2516,65,33,102,17,217
2518,167,33,133,17,350
2520,67,32,53,16,168
2521,183,33,68,17,301
2522,52,14,53,16,135
2523,71,14,65,18,168
2524,68,33,133,17,251
2525,67,16,133,17,233
2526,53,16,133,17,219
2527,162,18,68,16,264
2529,200,17,82,15,314
2530,65,35,67,17,184
2533,65,18,68,16,167
2534,68,34,116,15,233
2535,51,34,116,15,216
2536,217,17,67,16,317
2537,52,34,82,15,183
2538,51,17,82,15,165
2539,51,32,50,15,148
2541,66,15,69,16,166
2542,64,33,68,18,183
2543,66,15,68,18,167
2544,50,15,68,18,151
2545,67,17,67,16,167
2548,68,35,66,15,184
2550,67,32,67,15,181
2552,416,16,53,14,499
2553,66,17,63,20,166
2554,66,33,66,17,182
2556,67,30,103,16,216
2557,65,15,103,16,199
2559,68,16,67,16,167
2561,185,32,66,18,301
2562,386,17,133,17,553
2563,66,17,67,16,166
2564,67,34,65,19,185
2566,68,33,66,16,183
2567,84,32,66,18,200
2568,67,32,66,18,183
2569,51,32,66,18,167
2570,184,14,51,17,266
2573,66,16,53,14,149
2574,66,35,67,16,184
2575,65,17,67,16,165
2577,69,14,51,17,151
2578,53,14,51,17,135
2580,67,33,133,17,250
2581,183,32,68,16,299
2582,235,34,99,17,385
2583,67,16,99,17,199
2584,67,32,67,17,183
2586,232,34,51,16,333
2587,67,16,66,16,165
2588,67,32,68,16,183
2589,234,16,67,16,333
2590,67,34,65,19,185
2591,232,16,66,17,331
2592,66,34,99,17,216
2593,65,18,99,17,199
2594,50,18,99,17,184
2595,51,31,68,17,167
2596,65,34,51,16,166
2597,68,15,51,16,150
2598,249,16,69,14,348
2599,249,34,65,19,367
2600,68,33,66,17,184
2601,66,16,66,17,165
2602,251,18,49,15,333
2603,65,18,66,17,166
2604,532,34,66,17,649
2606,66,34,50,17,167
2608,66,33,69,14,182
2609,67,16,69,14,166
2611,50,34,65,19,168
2612,50,17,65,19,151
2613,67,18,49,15,149
2614,69,30,53,17,169
2615,66,16,53,17,152
2617,67,15,67,17,166
2618,49,15,67,17,148
2619,50,36,65,16,167
2622,67,34,67,16,184
2623,65,17,67,16,165
2624,65,32,69,16,182
2625,65,16,69,16,166
2626,50,16,69,16,151
2627,67,17,65,19,168
2628,67,34,65,16,182
2629,233,18,84,16,351
2632,65,34,66,17,182
2633,68,15,66,17,166
2635,65,18,67,17,167
2637,65,16,52,17,150
2638,66,35,84,16,201
2639,218,34,66,16,334
2640,67,34,66,15,182
2641,218,34,66,15,333
2642,52,17,66,15,150
2644,67,33,67,15,182
2645,67,16,67,15,165
2647,51,33,68,14,166
2648,66,34,66,16,182
2649,64,19,66,16,165
2650,67,34,66,15,182
2651,52,34,66,15,167
2652,68,32,68,16,184
2654,66,34,66,19,185
2655,67,18,66,19,170
2656,66,34,64,19,183
2657,52,34,64,19,169
2658,68,32,51,16,167
2659,52,32,51,16,151
2661,70,13,67,16,166
2663,67,16,67,17,167
2664,51,16,67,17,151
2665,80,35,65,19,199
2666,67,35,65,19,186
2669,50,34,66,17,167
2671,53,31,52,15,151
2672,65,35,100,16,216
2673,67,16,100,16,199
2675,68,15,68,16,167
2678,65,35,66,16,182
2679,65,18,66,16,165
2680,68,32,67,18,185
2681,50,32,67,18,167
2683,50,34,51,14,149
2684,66,33,69,14,182
2685,66,17,69,14,166
2687,68,14,70,16,168
2688,51,14,70,16,151
2689,68,18,65,15,166
2690,69,33,63,20,185
2691,65,19,63,20,167
2692,51,19,63,20,153
2694,65,31,68,18,182
2695,51,31,68,18,168
2696,63,35,67,18,183
2697,67,15,67,18,167
2698,66,33,52,15,166
2700,68,34,82,19,203
2701,66,16,82,19,183
2702,67,33,68,15,183
2703,67,15,68,15,165
2704,52,15,68,15,150
2705,65,19,66,17,167
2706,317,16,67,19,419
2707,64,19,66,17,166
2710,150,17,65,17,249
2711,52,33,51,17,153
2712,66,34,66,17,183
2713,51,34,66,17,168
2714,50,17,66,17,150
2716,51,17,65,17,150
2717,51,32,66,17,166
2718,66,33,68,16,183
2719,66,16,68,16,166
2722,316,16,67,18,417
2723,66,18,69,13,166
2724,137,29,51,16,233
2726,67,37,63,17,184
2727,69,18,63,17,167
2729,53,29,51,16,149
2730,316,18,66,18,418
2731,67,14,68,15,164
2732,63,33,66,19,181
2734,51,16,66,19,152
2735,63,19,50,15,147
2736,68,31,67,18,184
2737,66,16,67,18,167
2738,66,34,66,17,183
2739,69,15,66,17,167
2741,50,33,68,15,166
2742,67,33,70,13,183
2743,66,15,70,13,164
2745,65,18,66,18,167
2746,68,35,63,19,185
2747,50,35,63,19,167
2749,53,31,66,17,167
2750,66,32,51,17,166
2751,69,14,51,17,151
2752,63,34,67,16,180
2754,201,31,67,18,317
2755,65,17,66,18,166
2756,51,17,66,18,152
2757,49,33,51,17,150
2758,67,33,66,17,183
2759,66,17,66,17,166
2760,168,31,51,15,265
2761,68,17,67,15,167
2763,52,31,67,18,168
2767,51,31,51,15,148
2768,170,30,67,18,285
2770,64,33,67,17,181
2771,67,15,67,17,166
2772,185,15,52,15,267
2774,70,30,67,18,185
2775,167,17,65,17,266
2776,51,16,67,18,152
2780,67,35,65,17,184
2782,68,32,68,18,186
2783,67,15,68,18,168
2784,52,15,68,18,153
2785,67,15,68,17,167
2786,65,35,67,17,184
2787,65,18,67,17,167
2788,68,33,101,15,217
2789,68,15,101,15,199
2790,53,15,101,15,184
2791,51,34,67,15,167
2792,67,33,66,15,181
2793,66,16,66,15,163
2794,51,16,66,15,148
2798,66,32,68,16,182
2799,64,17,68,16,165
2800,167,33,64,17,281
2802,51,16,68,14,149
2803,52,33,68,15,168
2804,167,33,134,18,352
2805,65,19,97,17,198
2806,68,33,64,17,182
2807,65,19,64,17,165
2808,68,31,68,16,183
2810,64,33,134,18,249
2811,66,17,134,18,235
2812,366,31,68,16,481
2813,66,18,66,18,168
2814,68,34,65,18,185
2815,151,34,67,17,269
2816,51,18,65,18,152
2817,52,32,67,16,167
2819,68,15,66,18,167
2821,67,16,67,17,167
2822,151,17,64,19,251
2823,65,16,52,17,150
2827,68,17,64,19,168
2828,52,17,64,19,152
2829,84,31,68,16,199
2830,67,31,68,16,182
2831,66,15,68,16,165
2832,64,35,102,15,216
2833,50,35,102,15,202
2834,183,15,68,16,282
2835,66,17,69,15,167
2836,185,17,67,16,285
2837,65,21,62,18,166
2838,70,32,65,16,183
2839,54,32,65,16,167
2841,68,15,68,16,167
2842,196,33,118,16,363
2844,65,33,66,16,180
2845,50,33,66,16,165
2849,51,32,51,15,149
2850,66,33,118,16,233
2851,184,33,66,17,300
2852,65,33,68,17,183
2855,50,34,51,16,151
2856,417,17,68,14,516
2857,66,17,65,18,166
2858,184,17,66,16,283
2859,67,16,66,17,166
2860,184,16,68,17,285
2861,69,13,68,17,167
2863,66,16,51,16,149
2865,199,16,66,18,299
2866,51,17,66,16,150
2867,67,16,68,17,168
2869,68,15,52,16,151
2870,66,35,82,17,200
2871,183,33,101,15,332
2872,68,33,66,18,185
2873,67,16,66,18,167
2874,451,17,66,18,552
2875,52,32,52,15,151
2876,65,34,68,14,181
2879,50,33,101,15,199
2880,52,15,101,15,183
2881,69,16,132,17,234
2882,68,33,66,15,182
2883,64,19,66,15,164
2885,65,17,66,17,165
2886,66,33,67,17,183
2887,67,18,67,17,169
2888,66,33,51,16,166
2889,65,18,51,16,150
2890,66,34,67,16,183
2891,51,34,67,16,168
2892,67,33,67,17,184
2893,52,33,67,17,169
2895,234,15,52,15,316
2896,67,33,66,18,184
2897,66,17,66,18,167
2899,67,16,68,16,167
2901,66,17,66,18,167
2903,67,17,65,18,167
2904,68,31,52,15,166
2905,68,15,52,15,150
2906,51,15,52,15,133
2907,66,16,67,16,165
2908,65,33,65,19,182
2909,67,15,65,19,166
2910,52,15,65,19,151
2911,234,15,68,16,333
2912,67,31,53,16,167
2913,65,15,53,16,149
2914,65,34,67,19,185
2916,50,15,67,19,151
2917,68,16,51,15,150
2918,53,16,51,15,135
2922,51,15,68,16,150
2924,67,35,67,16,185
2926,50,18,67,16,151
2927,51,33,67,17,168
2928,68,34,66,17,185
2930,67,33,67,17,184
2932,67,33,66,16,182
2934,66,34,83,16,199
2936,67,32,67,18,184
2937,67,15,67,18,167
2939,65,17,52,17,151
2942,51,16,66,18,151
2943,69,17,66,16,168
2945,51,31,51,17,150
2946,66,35,65,17,183
2947,66,17,65,17,165
2949,52,33,66,17,168
2951,50,32,66,19,167
2952,65,34,51,15,165
2954,66,32,87,15,200
2955,67,15,87,15,184
2957,68,15,68,17,168
2959,65,18,51,14,148
2960,68,34,66,17,185
2962,68,31,69,17,185
2963,69,14,69,17,169
2964,51,14,69,17,151
2967,66,17,66,16,165
2968,69,32,68,16,185
2972,66,34,67,16,183
2973,65,18,67,16,166
2975,66,16,68,17,167
2976,66,35,66,17,184
2977,50,35,66,17,168
2978,67,33,66,16,182
2979,51,33,66,16,166
2980,68,33,101,15,217
2981,51,33,101,15,200
2984,66,32,51,17,166
2987,67,17,99,16,199
2988,68,32,67,16,183
2989,67,17,67,16,167
2990,51,17,67,16,151
2993,66,18,84,16,184
2995,51,33,67,15,166
2996,51,17,67,15,150
2999,68,16,67,16,167
3000,67,34,65,17,183
3002,66,33,66,17,182
3003,65,18,66,17,166
3004,67,32,51,16,166
3005,52,32,51,16,151
3006,65,34,67,16,182
3008,66,33,68,15,182
3010,51,16,68,15,150
3011,50,34,65,18,167
3012,67,34,65,17,183
3014,68,31,51,18,168
3015,66,16,51,18,151
3016,65,34,117,16,232
3017,67,16,117,16,216
3018,150,15,67,17,249
3019,67,18,82,16,183
3021,51,32,84,16,183
3022,67,33,67,17,184
3023,68,15,67,17,167
3024,65,33,68,14,180
3027,66,16,67,17,166
3031,64,19,67,16,166
3032,67,32,67,17,183
3033,166,18,84,15,283
3034,65,35,67,16,183
3037,66,16,51,17,150
3039,66,18,84,15,183
3040,67,33,51,15,166
3042,51,17,51,15,134
3043,67,16,67,18,168
3044,65,34,68,16,183
3047,166,18,67,17,268
3051,50,32,67,17,166
3053,65,18,67,17,167
3054,66,33,51,16,166
3055,65,18,51,16,150
3056,166,35,66,14,281
3057,68,17,65,16,166
3060,165,35,66,18,284
3062,65,35,66,14,180
3063,64,19,66,14,163
3064,67,31,67,18,183
3065,50,31,67,18,166
3066,66,35,66,18,185
3067,69,16,66,18,169
3070,153,16,67,14,250
3071,150,32,66,19,267
3073,70,15,67,16,168
3074,52,15,67,16,150
3075,68,16,67,14,165
3077,50,32,66,19,167
3078,67,35,66,16,184
3080,67,31,51,18,167
3082,66,35,83,17,201
3083,69,16,83,17,185
3084,66,34,66,16,182
3085,52,34,66,16,168
3086,151,16,101,16,284
3089,84,32,101,16,233
3090,66,32,101,16,215
3091,50,32,101,16,199
3092,51,16,101,16,184
3093,67,17,66,16,166
3096,67,34,99,17,217
3097,68,15,99,17,199
3098,165,34,83,16,298
3099,51,33,118,15,217
3100,50,17,118,15,200
3103,68,15,52,15,150
3106,67,33,66,17,183
3108,52,15,66,17,150
3109,50,35,67,16,168
3110,151,15,67,18,251
3113,67,19,65,17,168
3116,52,15,67,18,152
3120,67,34,51,16,168
3121,68,16,51,16,151
3123,68,15,68,17,168
3124,52,15,68,17,152
3125,67,16,67,17,167
3126,51,16,67,17,151
3127,64,19,66,17,166
3129,67,16,98,17,198
3130,67,33,99,17,216
3131,52,33,99,17,201
3132,66,34,82,17,199
3134,50,17,82,17,166
3135,65,16,51,17,149
3136,133,34,67,16,250
3137,65,17,68,15,165
3138,65,34,101,16,216
3140,51,17,101,16,185
3141,51,34,67,16,168
3142,135,32,66,18,251
3143,66,18,66,16,166
3144,67,34,67,14,182
3145,151,31,52,16,250
3146,67,32,66,18,183
3147,52,32,66,18,168
3148,66,35,164,18,283
3149,66,19,164,18,267
3150,67,31,52,16,166
3151,51,31,52,16,150
3155,51,34,83,16,184
3156,52,16,83,16,167
3159,65,16,101,18,200
3160,65,34,67,18,184
3162,65,35,50,15,165
3164,69,32,84,16,201
3165,83,33,67,17,200
3166,67,33,67,17,184
3167,69,15,67,17,168
3168,50,15,67,17,149
3169,64,18,68,16,166
3170,67,33,133,17,250
3171,82,35,66,17,200
3172,67,35,66,17,185
3175,166,16,70,15,267
3177,66,18,84,16,184
3178,66,32,52,16,166
3179,150,35,67,15,267
3180,51,15,52,16,134
3181,153,32,67,16,268
3186,70,32,67,16,185
3187,51,32,67,16,166
3191,52,32,83,14,181
3193,53,32,51,14,150
3195,65,17,66,19,167
3197,67,14,67,17,165
3200,66,33,68,17,184
3202,53,14,68,17,152
3204,68,33,66,17,184
3205,65,17,66,17,165
3206,68,33,68,15,184
3207,51,33,68,15,167
3208,66,33,50,17,166
3211,166,17,68,15,266
3212,68,32,67,17,184
3213,51,32,67,17,167
3215,166,19,99,16,300
3217,67,17,68,15,167
3219,67,16,50,16,149
3220,52,16,50,16,134
3221,150,34,99,17,300
3222,49,19,99,16,183
3223,51,31,68,16,166
3224,50,16,68,16,150
3225,67,17,68,17,169
3226,164,34,66,19,283
3227,66,18,99,17,200
3228,50,18,99,17,184
3229,67,18,65,17,167
3230,68,31,51,18,168
3232,65,34,66,19,184
3234,65,35,65,16,181
3235,65,18,65,16,164
3236,51,18,65,16,150
3237,65,16,69,14,164
3238,50,16,69,14,149
3239,169,16,65,17,267
3240,65,35,99,17,216
3241,66,19,99,17,201
3244,68,34,65,17,184
3247,53,32,67,17,169
3248,66,33,67,18,184
3252,67,33,51,16,167
3253,50,33,51,16,150
3254,51,16,51,16,134
3256,66,34,66,17,183
3257,166,16,52,14,248
3258,51,16,66,17,150
3259,67,15,99,19,200
3260,67,33,85,14,199
3261,167,14,67,16,264
3263,65,16,52,14,147
3265,166,16,119,15,316
3267,68,14,67,16,165
3268,52,14,67,16,149
3269,49,35,87,13,184
3270,68,32,119,15,234
3272,67,32,70,17,186
3273,65,16,70,17,168
3277,52,34,64,19,169
3278,70,32,51,16,169
3279,64,15,51,16,146
3280,51,15,51,16,133
3281,67,14,69,16,166
3282,64,35,66,18,183
3283,66,16,66,18,166
3285,65,18,50,17,150
3286,69,32,66,18,185
3287,66,16,66,18,166
3288,66,35,66,17,184
3289,50,35,66,17,168
3296,52,18,64,18,152
3297,52,32,100,17,201
3298,67,32,68,17,184
3299,65,17,68,17,167
3300,64,34,51,15,164
3301,68,16,51,15,150
3302,467,32,66,17,582
3303,51,34,68,14,167
3304,68,32,71,13,184
3305,153,30,67,16,266
3306,316,17,50,18,401
3307,66,20,65,18,169
3308,68,35,79,18,200
3309,65,21,79,18,183
3310,71,30,67,16,184
3312,65,32,67,17,181
3313,51,32,67,17,167
3314,62,35,65,17,179
3315,66,18,65,17,166
3316,149,17,50,18,234
3317,65,16,67,17,165
3318,67,33,51,17,168
3319,67,16,51,17,151
3321,66,17,50,18,151
3322,67,34,100,15,216
3323,67,17,100,15,199
3324,51,17,100,15,183
3325,51,34,66,15,166
3326,50,18,66,15,149
3327,67,16,66,17,166
3328,82,18,67,15,182
3329,66,18,67,15,166
3330,66,32,69,15,182
3331,65,17,69,15,166
3332,66,35,67,16,184
3334,134,32,66,18,250
3337,52,33,67,16,168
3339,185,31,68,18,302
3341,50,35,66,16,167
3343,51,31,51,15,148
3344,66,35,67,15,183
3345,67,17,67,15,166
3346,66,31,68,18,183
3347,167,17,83,15,282
3351,66,17,68,16,167
3354,400,32,53,13,498
3356,184,17,67,15,283
3357,66,17,65,18,166
3358,66,32,68,17,183
3359,51,32,68,17,168
3360,50,15,68,17,150
3361,65,17,52,17,151
3362,65,35,67,15,182
3364,68,34,65,18,185
3366,52,17,65,18,152
3367,51,33,66,16,166
3369,65,17,68,15,165
3370,184,14,101,17,316
3372,66,34,65,20,185
3373,51,34,65,20,170
3375,65,17,53,13,148
3376,66,33,101,17,217
3378,51,14,101,17,183
3379,70,13,68,17,168
3380,53,13,68,17,151
3382,67,34,66,17,184
3384,51,17,66,17,151
3389,66,15,68,16,165
3390,50,15,68,16,149
3391,68,17,65,17,167
3392,51,17,65,17,150
3393,67,16,66,19,168
3395,65,17,67,18,167
3396,65,33,52,18,168
3397,66,16,52,18,152
3398,66,34,100,16,216
3399,69,15,100,16,200
3401,68,18,64,16,166
3403,51,32,66,17,166
3404,68,32,68,16,184
3406,348,17,84,14,463
3407,67,18,65,18,168
3410,166,35,65,18,284
3411,52,31,67,18,168
3412,65,36,66,17,184
3414,49,18,66,17,150
3415,51,31,52,15,149
3416,67,35,65,18,185
3418,149,17,84,14,264
3420,52,15,51,17,135
3421,66,16,67,17,166
3423,66,17,84,14,181
3424,51,17,84,14,166
3425,51,32,52,14,149
3426,67,33,69,15,184
3427,66,16,69,15,166
3428,65,33,100,18,216
3432,69,32,67,17,185
3433,65,17,67,17,166
3434,51,17,67,17,152
3435,67,15,52,15,149
3437,67,17,66,17,167
3439,67,15,68,17,167
3440,52,15,68,17,152
3441,182,35,67,15,299
3442,66,34,65,16,181
3445,51,33,67,16,167
3447,67,15,69,15,166
3448,65,35,67,15,182
3450,67,34,66,17,184
3451,66,18,66,17,167
3453,53,33,65,17,168
3454,166,35,65,16,282
3456,66,32,69,16,183
3457,168,16,66,17,267
3458,65,34,51,16,166
3459,151,33,68,16,268
3461,49,35,65,16,165
3462,69,32,66,17,184
3463,68,16,66,17,167
3464,51,16,66,17,150
3465,68,15,68,16,167
3466,65,33,68,15,181
3467,65,17,68,15,165
3468,66,35,66,15,182
3469,65,18,66,15,164
3470,68,33,64,18,183
3471,52,33,64,18,167
3472,168,33,101,16,318
3473,66,18,83,17,184
3474,66,31,52,17,166
3475,65,16,52,17,150
3476,64,36,66,16,182
3478,67,33,101,16,217
3480,52,17,101,16,186
3481,51,33,68,16,168
3482,66,32,136,14,248
3483,50,32,136,14,232
3486,68,33,67,14,182
3487,52,33,67,14,166
3488,168,34,66,17,285
3492,67,32,66,18,183
3493,51,32,66,18,167
3494,68,34,66,17,185
3495,67,17,66,17,167
3496,66,32,66,17,181
3497,167,16,52,15,250
3499,165,19,98,18,300
3500,167,31,67,18,283
3501,51,32,85,15,183
3502,51,15,85,15,166
3504,65,36,98,18,217
3505,65,19,98,18,200
3507,68,15,67,18,168
3508,52,15,67,18,152
3509,68,18,49,16,151
3510,67,31,102,17,217
3511,65,17,102,17,201
3512,169,33,67,15,284
3513,67,16,68,17,168
3517,66,18,65,17,166
3518,68,33,67,15,183
3522,65,35,65,16,181
3523,65,18,65,16,164
3525,65,17,67,16,165
3526,67,33,67,17,184
3527,67,16,67,17,167
3530,67,33,67,16,183
3531,66,17,67,16,166
3533,51,34,66,17,168
3537,66,17,66,18,167
3538,167,32,68,15,282
3539,68,17,67,17,169
3540,67,32,119,16,234
3541,51,32,119,16,218
3542,350,15,53,17,435
3543,67,17,84,16,184
3546,52,15,68,15,150
3547,66,17,66,17,166
3548,66,34,65,17,182
3549,67,16,65,17,165
3551,66,17,70,14,167
3553,65,16,99,18,198
3554,65,37,62,18,182
3555,67,20,62,18,167
3556,50,20,62,18,150
3559,152,32,66,17,267
3561,66,18,84,14,182
3562,68,34,64,17,183
3563,68,17,64,17,166
3564,53,17,64,17,151
3565,52,32,66,17,167
3566,66,32,69,16,183
3569,50,34,67,17,168
3571,65,18,66,16,165
3572,51,18,66,16,151
3573,52,32,66,19,169
3574,67,34,51,15,167
3575,67,17,51,15,150
3576,66,32,50,17,165
3577,66,16,50,17,149
3578,66,34,68,16,184
3582,50,17,68,16,151
3583,165,16,70,15,266
3584,68,33,65,20,186
3587,65,16,53,13,147
3588,65,33,70,15,183
3590,65,33,101,17,216
3591,69,13,101,17,200
3592,150,17,68,17,252
3593,49,37,64,17,167
3595,65,17,66,16,164
3596,69,32,68,17,186
3597,64,17,68,17,166
3598,64,34,100,16,214
3599,66,17,100,16,199
3602,68,33,65,17,183
3603,68,16,65,17,166
3604,51,16,65,17,149
3605,151,34,64,17,266
3606,66,32,69,15,182
3608,65,35,67,17,184
3609,66,18,67,17,168
3610,49,18,67,17,151
3611,51,34,64,17,166
3612,69,33,65,17,184
3614,167,33,64,19,283
3615,52,31,69,14,166
3616,166,32,68,16,282
3617,66,17,68,17,168
3618,65,35,65,17,182
3622,68,32,68,16,184
3623,51,32,68,16,167
3624,65,32,52,17,166
3626,64,36,67,15,182
3627,349,32,67,18,466
3629,151,34,65,17,267
3630,52,17,67,16,152
3631,66,18,100,15,199
3633,66,18,67,15,166
3635,167,17,65,19,268
3636,67,33,66,17,183
3637,52,33,66,17,168
3638,67,32,67,17,183
3639,51,32,67,17,167
3641,66,17,65,19,167
3642,66,33,51,17,167
3643,68,16,51,17,152
3644,166,35,67,17,285
3645,50,32,67,18,167
3646,65,36,66,18,185
3647,67,17,66,18,168
3648,51,17,66,18,152
3650,67,35,67,17,186
3651,66,17,67,17,167
3652,66,32,101,17,216
3653,585,32,69,15,701
3654,168,32,67,17,284
3658,52,16,50,15,133
3661,66,15,67,17,165
3664,67,32,134,17,250
3669,68,17,66,17,168
3672,67,33,83,16,199
3673,67,16,83,16,182
3674,66,32,67,17,182
3675,67,15,67,17,166
3676,50,15,67,17,149
3678,66,33,68,17,184
3682,68,33,101,15,217
3684,68,32,69,15,184
3685,68,15,69,15,167
3686,50,15,69,15,149
3688,167,34,64,16,281
3689,51,33,66,17,167
3691,66,17,68,15,166
3692,183,14,51,16,264
3693,51,34,98,16,199
3694,180,18,83,16,297
3697,53,32,66,17,168
3698,66,32,51,16,165
3699,67,14,51,16,148
3700,64,34,83,16,197
3702,66,33,66,18,183
3703,65,16,66,18,165
3705,203,15,67,16,301
3708,200,34,67,17,318
3709,202,15,67,17,301
3710,64,36,65,19,184
3711,68,17,65,19,169
3712,52,17,65,19,153
3713,68,15,67,16,166
3714,68,33,68,16,185
3715,65,17,68,16,166
3716,166,33,67,18,284
3717,67,15,67,17,166
3718,67,34,50,16,167
3719,51,34,50,16,151
3720,68,33,68,14,183
3722,67,33,67,18,185
3723,51,33,67,18,169
3724,182,17,66,16,281
3725,66,19,64,17,166
3726,182,17,69,18,286
3727,65,18,66,16,165
3728,67,32,50,17,166
3729,69,14,50,17,150
3731,186,33,65,18,302
3735,67,16,54,15,152
3736,66,36,67,14,183
3737,66,20,67,14,167
3739,52,33,65,18,168
3740,54,15,65,18,152
3741,186,32,51,15,284
3742,67,31,68,17,183
3744,65,33,67,17,182
3745,67,15,67,17,166
3746,64,35,83,15,197
3750,52,15,51,15,133
3751,67,17,67,18,169
3752,66,32,53,14,165
3753,66,15,53,14,148
3754,185,15,68,15,283
3755,67,17,66,18,168
3756,67,32,67,18,184
3757,68,14,67,18,167
3758,53,14,67,18,152
3760,66,33,68,15,182
3761,66,15,68,15,164
3762,52,15,68,15,150
3763,68,17,67,14,166
3766,52,16,100,17,185
3768,67,33,98,17,215
3769,64,19,98,17,198
3770,67,33,65,17,182
3771,68,17,65,17,167
3772,66,32,100,17,215
3774,65,33,67,17,182
3775,65,17,67,17,166
3777,65,18,116,15,214
3780,52,15,68,16,151
3781,169,14,67,17,267
3782,66,34,84,14,198
3783,65,18,84,14,181
3784,68,31,53,14,166
3785,51,31,53,14,149
3786,50,15,53,14,132
3788,51,14,67,17,149
3789,68,14,67,18,167
3791,64,17,67,17,165
3792,151,18,66,17,252
3793,65,16,100,18,199
3794,167,35,99,17,318
3795,68,16,66,18,168
3796,51,16,66,18,151
3797,67,18,66,17,168
3798,69,31,68,16,184
3800,66,35,99,17,217
3801,67,17,99,17,200
3802,66,33,66,17,182
3803,149,33,100,19,301
3804,52,16,66,17,151
3806,67,32,133,19,251
3807,64,18,133,19,234
3808,66,33,100,19,218
3809,50,33,100,19,202
3810,65,34,100,15,214
3811,51,34,100,15,200
3812,51,16,100,15,182
3814,69,31,67,17,184
3816,168,31,68,16,283
3817,67,15,68,16,166
3818,65,33,66,18,182
3819,65,18,66,18,167
3822,50,18,99,16,183
3827,66,17,50,17,150
3829,66,16,67,18,167
3830,66,35,50,16,167
3831,169,13,69,16,267
3832,50,17,50,16,133
3833,67,16,53,13,149
3834,67,34,66,16,183
3835,67,16,66,16,165
3836,50,16,66,16,148
3837,69,13,69,16,167
3838,53,13,69,16,151
3839,67,15,51,17,150
3841,63,19,64,18,164
3842,151,16,68,16,251
3843,531,17,52,15,615
3844,51,17,49,16,133
3845,52,31,53,14,150
3846,51,13,53,14,131
3847,66,16,68,16,166
3850,53,14,51,16,134
3851,68,16,101,15,200
3852,68,32,69,15,184
3853,65,16,69,15,165
3854,51,16,69,15,151
3855,67,16,65,17,165
3857,67,18,67,15,167
3860,65,36,82,18,201
3861,167,18,99,17,301
3864,51,17,68,16,152
3865,166,17,52,15,250
3866,65,35,99,17,216
3867,67,18,99,17,201
3868,50,18,99,17,184
3870,67,32,52,15,166
3871,65,17,52,15,149
3873,65,18,68,15,166
3874,67,32,67,16,182
3876,52,15,67,16,150
3878,68,31,51,15,165
3879,66,16,51,15,148
3880,67,35,82,16,200
3881,64,19,82,16,181
3882,66,31,67,17,181
3883,200,17,82,18,317
3885,185,37,63,16,301
3886,64,34,68,15,181
3888,172,29,67,17,285
3890,51,16,50,22,139
3892,68,37,63,16,184
3893,66,22,63,16,167
3894,50,22,63,16,151
3896,584,15,67,18,684
3897,67,18,67,17,169
3899,68,17,66,16,167
3900,67,34,66,17,184
3901,68,17,66,17,168
3903,51,32,68,16,167
3905,65,18,67,15,165
3907,66,17,66,17,166
3909,52,33,65,18,168
3910,67,33,50,15,165
3911,183,33,67,17,300
3912,66,32,84,17,199
3914,166,35,66,17,284
3915,68,15,68,15,166
3917,65,18,68,16,167
3918,68,33,67,17,185
3919,66,17,67,17,167
3920,68,35,66,17,186
3922,68,32,51,15,166
3923,68,16,51,15,150
3925,69,17,83,16,185
3926,66,32,67,18,183
3927,67,15,67,18,167
3928,51,15,67,18,151
3929,67,17,64,17,165
3930,67,32,66,18,183
3931,66,16,66,18,166
3932,67,32,69,16,184
3933,67,14,69,16,166
3935,65,17,51,15,148
3937,66,17,83,15,181
3939,52,31,67,19,169
3942,182,19,64,17,282
3943,67,15,67,17,166
3944,67,34,50,19,170
3945,66,15,50,19,150
3946,53,15,50,19,137
3947,65,17,51,18,151
3950,50,19,64,17,150
3951,53,33,66,16,168
3952,151,17,65,17,250
3953,368,16,65,17,466
3955,66,18,65,19,168
3956,150,14,51,17,232
3957,66,17,65,17,165
3958,51,17,65,17,150
3959,51,32,68,16,167
3960,65,33,51,17,166
3961,68,14,51,17,150
3962,65,35,51,16,167
3964,68,33,65,19,185
3966,51,17,65,19,152
3967,51,34,82,16,183
3970,65,35,65,17,182
3973,368,18,65,17,468
3974,169,32,51,15,267
3975,66,15,69,17,167
3976,65,35,101,16,217
3978,50,18,101,16,185
3980,69,32,51,15,167
3981,202,15,68,15,300
3983,51,35,65,18,169
3984,67,31,52,15,165
3986,51,15,52,15,133
3987,65,18,68,16,167
3988,65,33,68,15,181
3990,200,35,83,18,336
3991,68,18,65,17,168
3992,68,33,65,19,185
3993,66,17,65,19,167
3994,469,31,51,16,567
3995,51,32,52,16,151
3996,65,33,68,15,181
3997,66,16,68,15,165
3999,69,16,83,18,186
4000,52,16,83,18,169
4002,219,16,84,17,336
4005,67,18,99,15,199
4006,68,33,66,15,182
4007,53,33,66,15,167
4008,69,33,67,14,183
4010,66,33,84,17,200
4011,67,16,84,17,184
4012,66,34,67,14,181
4014,67,32,101,16,216
4016,66,35,66,16,183
4019,53,31,51,16,151
4020,66,35,84,15,200
4021,64,19,84,15,182
4022,66,32,99,19,216
4023,68,16,99,19,202
4024,51,16,99,19,185
4026,66,33,51,15,165
4027,68,15,51,15,149
4028,67,32,68,16,183
4029,65,15,68,16,164
4030,65,34,67,18,184
4031,66,15,67,18,166
4032,51,15,67,18,151
4033,66,17,51,15,149
4034,68,33,84,17,202
4035,65,17,84,17,183
4036,67,33,68,17,185
4037,68,15,68,17,168
4042,68,33,67,16,184
4043,52,33,67,16,168
4045,50,33,66,18,167
4046,66,34,66,16,182
4047,65,18,66,16,165
4048,67,32,68,17,184
4049,334,17,66,16,433
4051,50,34,51,17,152
4052,66,34,67,16,183
4053,66,18,67,16,167
4055,67,17,99,15,198
4057,151,32,52,15,250
4058,301,31,67,16,415
4060,65,34,67,17,183
4061,69,16,67,17,169
4062,66,32,52,15,165
4063,65,17,52,15,149
4064,66,35,66,16,183
4065,66,17,66,16,165
4066,67,32,69,14,182
4067,52,32,69,14,167
4068,52,15,69,14,150
4069,67,16,66,18,167
4070,66,35,64,17,182
4071,65,19,64,17,165
4072,69,31,67,16,183
4073,65,17,67,16,165
4074,66,33,68,18,185
4075,68,15,68,18,169
4076,64,34,52,15,165
4077,67,17,52,15,151
4081,585,32,67,16,700
4082,52,15,66,17,150
4083,51,33,67,18,169
4084,83,16,52,15,166
4085,65,16,52,15,148
4087,168,17,64,17,266
4089,68,15,68,14,165
4090,52,15,68,14,149
4093,66,17,64,17,164
4094,51,17,64,17,149
4095,65,18,68,15,166
4096,68,32,67,17,184
4098,64,36,66,16,182
4100,68,31,68,17,184
4101,51,31,68,17,167
4103,167,19,65,18,269
4104,66,33,101,18,218
4105,51,33,101,18,203
4106,68,34,99,18,219
4107,152,32,67,16,267
4108,67,34,65,18,184
4109,66,19,65,18,168
4110,68,33,65,17,183
4111,67,17,65,17,166
4112,67,32,67,16,182
4114,65,33,66,17,181
4115,67,15,66,17,165
4116,65,34,66,17,182
4117,81,32,51,18,182
4119,65,16,51,18,150
4120,66,34,117,17,234
4121,66,17,117,17,217
4122,66,35,67,15,183
4123,67,18,67,15,167
4124,218,16,52,16,302
4127,67,18,82,16,183
4128,67,32,66,17,182
4129,51,32,66,17,166
4130,50,17,66,17,150
4131,50,32,67,19,168
4133,67,16,52,16,151
4135,65,16,69,15,165
4137,68,16,65,18,167
4138,52,16,65,18,151
4139,51,34,65,16,166
4140,69,31,68,16,184
4142,166,32,102,16,316
4144,65,34,65,18,182
4146,68,33,50,18,169
4147,66,17,50,18,151
4148,166,35,51,16,268
4149,51,32,102,16,201
4150,65,36,66,16,183
4152,50,18,66,16,150
4153,65,17,67,19,168
4154,67,35,51,16,169
4155,166,17,67,19,269
4158,67,35,67,16,185
4161,66,17,67,19,169
4162,67,35,83,16,201
4164,67,32,51,16,166
4165,52,32,51,16,151
4166,67,33,51,15,166
4168,51,14,51,15,131
4169,67,16,66,18,167
4170,51,16,66,18,151
4173,66,16,67,17,166
4175,67,15,51,15,148
4177,67,16,84,17,184
4178,67,32,101,17,217
4179,66,15,101,17,199
4180,51,15,101,17,184
4181,67,15,67,17,166
4182,66,35,98,17,216
4183,67,17,98,17,199
4186,67,34,66,16,183
4187,149,33,66,18,266
4188,66,32,100,17,215
4189,51,32,100,17,200
4190,66,34,66,17,183
4191,135,14,135,17,301
4193,65,17,66,18,166
4195,50,33,135,17,235
4196,52,14,135,17,218
4197,67,16,66,20,169
4198,351,17,66,17,451
4199,65,18,66,17,166
4201,67,15,53,17,152
4202,66,36,83,17,202
4203,68,16,83,17,184
4204,166,33,67,15,281
4206,53,17,66,15,151
4207,166,15,68,17,266
4208,165,35,66,17,283
4209,66,17,65,18,166
4212,67,32,68,17,184
4213,67,15,68,17,167
4214,65,35,66,17,183
4216,67,33,66,17,183
4217,50,33,66,17,166
4218,68,33,67,16,184
4220,66,33,85,16,200
4223,66,17,51,16,150
4225,200,15,50,18,283
4226,66,35,65,18,184
4227,68,16,65,18,167
4228,51,16,65,18,150
4229,66,18,65,18,167
4231,65,16,68,15,164
4232,65,33,50,18,166
4233,68,15,50,18,151
4234,65,35,65,19,184
4235,67,17,65,19,168
4236,68,33,51,15,167
4237,50,33,51,15,149
4238,185,17,65,17,284
4239,50,32,85,17,184
4242,51,15,51,17,134
4244,67,35,65,17,184
4245,165,17,66,18,266
4247,50,33,66,18,167
4248,68,32,52,15,167
4249,67,15,52,15,149
4250,165,36,98,17,316
4251,66,17,66,18,167
4253,151,31,67,17,266
4255,50,33,52,15,150
4257,66,18,98,17,199
4259,52,31,67,17,167
4260,52,15,67,17,151
4263,66,16,66,17,165
4264,67,33,66,18,184
4265,67,16,66,18,167
4266,67,33,69,15,184
4268,66,33,51,16,166
4269,66,16,51,16,149
4270,66,36,66,17,185
4271,68,18,66,17,169
4273,52,31,52,17,152
4276,66,34,66,16,182
4277,51,34,66,16,167
4279,68,14,51,18,151
4282,165,34,67,15,281
4283,65,18,65,18,166
4285,51,32,100,17,200
4286,66,33,67,17,183
4287,67,16,67,17,167
4288,65,34,67,15,181
4290,51,16,67,15,149
4291,67,16,100,17,200
4292,67,34,66,17,184
4293,149,34,65,18,266
4296,66,34,66,17,183
4297,67,16,66,17,166
4298,149,16,51,17,233
4300,51,17,65,18,151
4301,50,32,68,16,166
4302,66,33,51,17,167
4305,68,17,66,17,168
4309,167,16,67,16,266
4310,66,34,66,18,184
4312,50,17,66,18,151
4314,50,17,51,16,134
4315,166,17,67,17,267
4317,68,16,66,15,165
4319,65,18,68,15,166
4320,167,34,66,17,284
4321,65,17,67,17,166
4322,66,35,66,15,182
4324,68,32,65,18,183
4326,67,34,66,17,184
4328,149,17,65,18,249
4330,167,32,52,16,267
4331,66,17,67,16,166
4332,66,34,65,18,183
4334,52,17,65,18,152
4336,67,32,52,16,167
4337,66,16,52,16,150
4338,65,35,65,16,181
4340,67,33,66,16,182
4341,51,33,66,16,166
4343,50,32,67,17,166
4344,65,34,67,16,182
4346,66,33,68,16,183
4349,51,34,67,16,168
4350,166,34,50,16,266
4351,51,34,65,17,167
4352,68,33,66,15,182
4353,67,17,66,15,165
4354,67,32,68,16,183
4355,83,34,50,16,183
4356,65,34,50,16,165
4359,65,19,67,17,168
4360,68,32,67,17,184
4361,67,16,67,17,167
4363,51,35,66,17,169
4364,150,15,51,17,233
4365,68,15,99,18,200
4367,166,17,65,17,265
4368,66,32,51,17,166
4369,66,15,51,17,149
4371,67,15,67,18,167
4376,151,16,52,14,233
4377,67,15,51,16,149
4378,65,36,65,18,184
4379,67,19,65,18,169
4381,66,16,52,14,148
4385,68,14,51,16,149
4386,52,14,51,16,133
4387,366,17,99,17,499
4388,67,32,100,19,218
4389,65,16,100,19,200
4390,51,16,100,19,186
4392,67,34,67,14,182
4393,67,18,67,14,166
4394,51,18,67,14,150
4395,67,15,68,19,169
4396,65,36,51,14,166
4397,68,17,51,14,150
4398,67,32,66,17,182
4399,65,18,66,17,166
4402,51,14,67,17,149
4404,66,34,99,17,216
4406,350,17,67,16,450
4408,51,17,99,18,185
4409,51,33,84,16,184
4410,67,32,52,16,167
4411,66,16,52,16,150
4412,65,34,67,17,183
4414,66,34,65,15,180
4419,66,15,51,17,149
4421,64,20,66,17,167
4422,67,33,67,16,183
4423,66,17,67,16,166
4424,219,16,66,18,319
4425,53,33,68,16,170
4427,67,17,65,19,168
4428,499,33,70,15,617
4429,66,18,66,16,166
4431,67,15,69,15,166
4432,65,35,66,18,184
4433,68,16,66,18,168
4434,66,34,65,18,183
4436,69,32,67,16,184
4437,65,17,67,16,165
4438,66,33,68,15,182
4440,65,34,67,16,182
4441,68,16,67,16,167
4442,67,34,132,17,250
4444,68,33,67,16,184
4445,50,33,67,16,166
4446,67,34,65,17,183
4447,67,18,65,17,167
4449,66,19,65,18,168
4450,217,18,99,17,351
4451,51,32,66,17,166
4452,65,33,67,18,183
4454,65,33,70,15,183
4455,67,15,70,15,167
4456,51,15,70,15,151
4457,66,17,51,15,149
4459,67,18,99,17,201
4460,52,18,99,17,186
4461,53,30,69,17,169
4462,218,17,67,17,319
4464,64,35,66,17,182
4466,253,16,64,19,352
4468,52,16,67,16,151
4470,66,34,67,17,184
4471,66,17,67,17,167
4472,50,17,67,17,151
4473,67,16,52,16,151
4474,450,17,67,15,549
4476,67,33,64,19,183
4477,68,16,64,19,167
4478,52,16,64,19,151
4480,64,33,69,15,181
4482,64,36,66,17,183
4483,68,17,66,17,168
4484,52,17,66,17,152
4486,69,33,66,18,186
4489,51,32,52,14,149
4490,65,34,66,18,183
4491,67,17,66,18,168
4493,201,16,65,17,299
4494,52,14,52,17,135
4495,68,15,68,18,169
4496,66,35,67,15,183
4497,66,17,67,15,165
4499,66,17,65,17,165
4500,68,34,65,17,184
4501,68,16,65,17,166
4502,51,16,65,17,149
4503,66,16,51,17,150
4504,65,34,68,17,184
4506,183,16,67,17,283
4507,67,17,67,17,168
4508,51,17,67,17,152
4510,234,33,67,17,351
4511,399,19,67,14,499
4512,51,16,67,16,150
4514,50,16,67,17,150
4515,66,17,66,16,165
4516,67,33,66,17,183
4517,66,17,66,17,166
4518,183,17,66,16,282
4519,67,16,65,18,166
4521,66,17,67,17,167
4523,66,15,52,17,150
4526,185,15,98,18,316
4528,52,17,84,15,168
4530,182,19,67,14,282
4532,67,32,98,18,215
4533,68,15,98,18,199
4534,67,35,100,14,216
4536,67,33,67,14,181
4538,68,30,51,18,167
4539,51,30,51,18,150
4540,63,37,66,17,183
4541,452,32,67,17,568
4542,249,15,68,17,349
4543,51,32,100,16,199
4544,234,34,51,18,337
4545,51,34,66,16,167
4547,69,16,66,17,168
4548,67,33,99,17,216
4549,68,16,99,17,200
4550,66,33,100,17,216
4552,183,18,66,15,282
4555,66,17,51,18,152
4556,66,34,66,18,184
4557,66,17,66,18,167
4559,68,18,66,15,167
4560,51,18,66,15,150
4561,52,31,67,18,168
4565,167,16,68,17,268
4566,67,33,67,17,184
4569,67,17,67,18,169
4572,51,16,68,17,152
4573,67,17,51,16,151
4574,682,17,68,16,783
4576,68,33,67,16,184
4577,51,33,67,16,167
4579,65,15,69,17,166
4580,64,36,134,15,249
4581,83,33,67,17,200
4582,67,33,67,17,184
4583,185,32,67,16,300
4584,52,17,67,17,153
4585,67,18,66,15,166
4586,68,32,66,16,182
4587,52,32,66,16,166
4589,67,17,99,16,199
4590,199,33,67,17,316
4591,66,17,67,16,166
4592,66,32,69,15,182
4593,65,16,69,15,165
4594,64,35,99,17,215
4597,51,34,65,17,167
4600,67,32,52,15,166
4601,66,17,52,15,150
4602,65,35,83,15,198
4603,50,35,83,15,183
4606,185,14,67,17,283
4607,68,16,65,19,168
4608,66,32,101,16,215
4609,66,15,101,16,198
4611,64,17,68,16,165
4612,65,33,67,17,182
4613,67,14,67,17,165
4615,50,35,67,17,169
4617,65,16,52,17,150
4618,67,35,67,16,185
4619,65,18,67,16,166
4621,68,17,67,15,167
4622,52,17,67,15,151
4624,67,34,64,19,184
4627,51,31,67,18,167
4628,65,33,52,16,166
4629,66,16,52,16,150
4633,184,34,65,17,300
4634,52,16,67,15,150
4636,185,15,50,18,268
4637,65,18,67,17,167
4638,67,33,66,17,183
4639,66,18,66,17,167
4640,68,34,65,17,184
4641,51,34,65,17,167
4645,166,18,64,17,265
4646,65,35,82,16,198
4647,65,18,82,16,181
4649,68,15,66,18,167
4650,52,15,66,18,151
4652,67,31,50,18,166
4653,65,16,50,18,149
4655,67,15,68,18,168
4657,66,18,66,21,171
4658,50,18,66,21,155
4660,68,33,102,16,219
4661,69,15,102,16,202
4663,71,14,67,16,168
4664,54,14,67,16,151
4665,66,17,67,15,165
4667,81,33,65,17,196
4669,51,33,65,17,166
4670,67,33,67,17,184
4676,67,33,65,18,183
4677,166,15,69,16,266
4678,166,33,52,15,266
4679,67,17,65,18,167
4682,50,15,66,17,148
4683,67,15,69,16,167
4684,65,33,52,15,165
4685,66,15,52,15,148
4686,66,36,65,18,185
4687,65,19,65,18,167
4688,319,15,66,17,417
4689,67,15,69,16,167
4691,135,17,65,18,235
4694,52,17,82,16,167
4695,66,17,65,18,166
4697,50,33,67,17,167
4700,65,35,66,17,183
4701,50,35,66,17,168
4702,67,32,66,17,182
4705,66,17,67,15,165
4707,66,15,67,18,166
4708,167,33,68,17,285
4709,49,35,66,18,168
4710,151,15,68,17,251
4711,65,17,52,15,149
4712,67,34,68,15,184
4713,68,16,68,15,167
4715,185,32,51,16,284
4716,52,15,68,17,152
4717,67,17,66,17,167
4720,50,18,65,17,150
4721,67,16,67,16,166
4722,66,32,51,16,165
4723,68,15,51,16,150
4725,65,18,82,17,182
4727,184,31,67,18,300
4728,51,16,102,14,183
4729,66,18,68,14,166
4730,66,33,66,19,184
4731,182,34,67,18,301
4732,67,35,64,19,185
4733,67,19,64,19,169
4734,68,31,67,18,184
4736,66,33,101,18,218
4738,64,34,67,18,183
4739,69,15,67,18,169
4741,66,16,51,15,148
4742,52,16,51,15,134
4745,67,15,51,17,150
4746,51,15,51,17,134
4747,82,35,66,16,199
4748,66,35,66,16,183
4749,66,17,66,16,165
4750,51,17,66,16,150
4751,52,32,67,18,169
4752,67,34,51,17,169
4753,67,16,51,17,151
4755,50,33,85,17,185
4756,67,35,67,14,183
4757,67,17,67,14,165
4758,51,17,67,14,149
4759,52,33,64,19,168
4762,50,17,83,14,164
4763,52,30,67,18,167
4765,66,16,67,16,165
4766,65,32,51,18,166
4767,302,15,68,16,401
4768,53,14,51,18,136
4769,66,17,67,15,165
4770,67,34,66,15,182
4772,51,18,66,15,150
4773,51,33,66,16,166
4774,67,33,67,17,184
4775,51,33,67,17,168
4777,134,15,68,16,233
4778,66,34,81,19,200
4779,67,18,81,19,185
4781,52,32,68,16,168
4782,51,15,68,16,150
4783,67,18,65,18,168
4785,83,32,51,16,182
4787,134,16,66,17,233
4788,65,36,82,15,198
4792,51,16,66,17,150
4793,65,18,132,18,233
4795,67,15,69,15,166
4797,50,35,65,18,168
4798,67,34,66,17,184
4799,67,17,66,17,167
4800,69,31,52,17,169
4801,52,31,52,17,152
4802,65,35,67,16,183
4803,66,17,67,16,166
4806,167,33,101,17,318
4808,165,33,68,17,283
4809,167,14,68,17,266
4810,150,14,68,17,249
4811,67,16,52,14,149
4812,65,33,101,17,216
4813,183,33,68,16,300
4814,66,33,68,17,184
4819,82,33,68,16,199
4820,68,33,68,16,185
4821,51,33,68,16,168
4822,51,16,68,16,151
4825,51,33,65,17,166
4826,68,31,51,16,166
4827,66,15,51,16,148
4828,64,34,68,17,183
4831,66,16,52,17,151
4832,51,16,52,17,136
4833,66,17,67,15,165
4834,68,34,80,19,201
4835,51,34,80,19,184
4836,52,17,80,19,168
4837,150,32,100,18,300
4839,65,18,65,17,165
4840,66,33,67,17,183
4842,66,32,100,18,216
4843,51,32,100,18,201
4844,65,35,65,18,183
4845,151,35,133,17,336
4846,67,34,66,16,183
4847,67,17,66,16,166
4849,134,16,101,17,268
4851,66,17,133,17,233
4854,51,16,101,17,185
4855,65,18,67,17,167
4856,66,34,50,16,166
4857,68,16,50,16,150
4858,68,33,99,18,218
4859,52,33,99,18,202
4860,67,33,66,18,184
4861,66,16,66,18,166
4862,50,16,66,18,150
4863,51,35,64,17,167
4864,68,31,50,17,166
4865,65,17,50,17,149
4866,66,33,67,17,183
4870,167,33,66,19,285
4871,167,15,66,19,267
4872,67,33,52,15,167
4874,66,34,99,19,218
4875,65,18,99,19,201
4876,67,33,66,19,185
4877,68,15,66,19,168
4878,52,15,66,19,152
4880,67,32,68,15,182
4881,164,18,67,18,267
4887,64,18,67,18,167
4888,50,18,67,18,153
4889,51,32,53,15,151
4891,67,18,65,17,167
4893,67,15,68,15,165
4894,53,15,68,15,151
4895,168,16,68,16,268
4898,318,16,67,17,418
4901,68,16,68,16,168
4902,82,17,67,16,182
4903,67,17,67,16,167
4904,136,32,52,16,236
4905,67,17,49,16,149
4906,151,17,66,17,251
4907,67,17,67,17,168
4908,151,16,67,17,251
4909,66,16,52,16,150
4910,49,16,52,16,133
4911,67,17,66,17,167
4914,52,16,67,17,152
4915,66,17,84,15,182
4916,66,34,50,15,165
4917,66,17,50,15,148
4918,67,32,66,17,182
4920,66,33,66,20,185
4922,151,14,67,19,251
4924,66,33,68,16,183
4925,366,17,65,19,467
4926,150,17,68,16,251
4927,69,14,67,19,169
4928,153,14,51,17,235
4929,67,17,52,14,150
4930,68,33,68,16,185
4931,64,17,68,16,165
4933,69,14,51,17,151
4934,52,14,51,17,134
4935,67,18,65,18,168
4936,68,33,67,16,184
4937,65,17,67,16,165
4938,51,17,67,16,151
4942,50,17,83,15,165
4943,50,33,65,19,167
4944,51,17,65,19,152
4945,67,15,52,15,149
4946,150,16,68,14,248
4947,67,15,68,17,167
4948,65,34,51,17,167
4950,52,15,51,17,135
4952,52,16,68,14,150
4953,66,17,100,15,198
4954,51,17,100,15,183
4956,49,19,66,15,149
4957,51,31,68,16,166
4958,166,34,99,17,316
4959,67,18,66,17,168
4960,66,33,67,15,181
4961,52,33,67,15,167
4962,68,33,66,18,185
4963,67,17,66,18,168
4964,66,34,99,17,216
4965,51,34,99,17,201
4966,67,32,67,17,183
4968,66,35,66,16,183
4969,67,17,66,16,166
4970,67,32,101,16,216
4971,68,16,101,16,201
4972,151,17,82,16,266
4974,149,17,65,17,248
4978,50,17,82,16,165
4979,367,17,117,15,516
4980,52,17,65,17,151
4981,67,18,64,17,166
4982,50,18,64,17,149
4985,65,17,52,14,148
4986,64,35,81,17,197
4987,67,18,81,17,183
4988,51,18,81,17,167
4989,52,31,67,17,167
4991,66,17,50,16,149
4992,65,33,68,15,181
4995,67,16,67,17,167
4997,68,17,117,15,217
4999,66,17,67,18,168
5000,50,17,67,18,152
5003,68,16,69,15,168
5004,67,33,68,15,183
5006,50,15,68,15,148
5007,66,19,80,18,183
5008,69,32,66,18,185
5010,51,17,66,18,152
5013,65,18,67,16,166
5014,66,33,50,18,167
5015,51,33,50,18,152
5016,66,34,67,16,183
5019,65,18,66,16,165
5020,50,18,66,16,150
5021,65,19,66,18,168
5022,67,33,66,18,184
5023,51,33,66,18,168
5024,66,33,67,17,183
5026,66,33,51,17,167
5027,68,15,51,17,151
5028,66,34,100,17,217
5029,68,16,100,17,201
5030,67,34,66,17,184
5032,51,17,66,17,151
5033,150,31,51,19,251
5034,67,33,65,19,184
5035,148,36,83,15,282
5036,66,34,67,15,182
5037,51,34,67,15,167
5040,65,36,83,15,199
5042,67,34,64,18,183
5044,51,19,64,18,152
5045,51,32,66,17,166
5046,66,32,68,17,183
5047,83,34,67,17,201
5049,66,16,67,17,166
5050,66,34,67,15,182
5052,51,17,67,15,150
5053,67,16,66,17,166
5055,67,17,66,16,166
5057,65,17,69,16,167
5058,66,34,66,17,183
5060,66,35,65,17,183
5061,67,19,65,17,168
5062,69,31,51,16,167
5064,66,34,67,15,182
5065,67,17,67,15,166
5066,65,33,66,17,181
5067,66,16,66,17,165
5068,51,16,66,17,150
5070,67,32,51,17,167
5071,65,17,51,17,150
5072,66,34,68,14,182
5075,68,17,66,17,168
5076,51,17,66,17,151
5077,67,18,66,16,167
5078,134,33,102,14,283
5079,51,32,67,16,166
5080,66,34,67,17,184
5081,67,17,67,17,168
5083,68,17,102,14,201
5084,67,34,101,16,218
5085,152,33,63,19,267
5088,51,16,68,16,151
5090,68,33,63,19,183
5091,316,32,69,15,432
5092,68,31,51,16,166
5093,131,16,52,15,214
5094,64,32,70,17,183
5095,68,14,70,17,169
5096,63,35,52,15,165
5097,66,16,52,15,149
5098,51,16,52,15,134
5100,70,32,67,17,186
5101,51,32,67,17,167
5102,52,15,67,17,151
5103,66,17,66,17,166
5105,67,15,67,15,164
5108,66,35,66,17,184
5109,64,18,66,17,165
5110,67,34,65,16,182
5111,50,34,65,16,165
5113,67,17,66,17,167
5114,165,36,64,19,284
5116,65,33,69,15,182
5117,50,33,69,15,167
5118,199,32,52,18,301
5119,66,16,68,17,167
5124,68,32,68,16,184
5125,51,32,68,16,167
5126,64,32,52,18,166
5127,81,36,85,14,216
5129,67,16,85,14,182
5130,68,34,100,15,217
5133,65,18,67,15,165
5134,67,32,67,18,184
5135,69,14,67,18,168
5136,167,32,66,17,282
5137,50,35,67,15,167
5138,67,32,67,17,183
5139,180,34,102,15,331
5141,67,17,64,17,165
5142,67,32,66,17,182
5143,52,32,66,17,167
5144,67,32,69,16,184
5145,66,15,69,16,166
5146,64,34,102,15,215
5147,66,17,102,15,200
5148,66,35,67,15,183
5149,66,18,67,15,166
5150,69,33,67,14,183
5152,51,17,67,14,149
5154,67,33,66,17,183
5155,66,18,66,17,167
5156,67,33,50,15,165
5158,366,32,69,14,481
5161,69,15,66,20,170
5162,50,15,66,20,151
5164,67,31,68,19,185
5165,65,16,68,19,168
5166,66,35,52,16,169
5167,167,17,65,17,266
5168,66,33,101,17,217
5169,69,15,101,17,202
5170,68,35,66,17,186
5171,67,16,66,17,166
5172,52,16,66,17,151
5175,164,19,64,17,264
5176,66,32,69,14,181
5177,50,32,69,14,165
5179,65,17,67,17,166
5181,65,19,64,17,165
5182,69,32,84,15,200
5183,66,18,84,15,183
5184,67,32,101,18,218
5185,68,15,101,18,202
5187,218,35,81,17,351
5188,65,34,52,14,165
5189,67,15,52,14,148
5190,52,15,52,14,133
5191,68,16,67,17,168
5192,68,32,70,16,186
5193,67,14,70,16,167
5194,52,14,70,16,152
5196,67,35,81,17,200
5197,182,32,69,16,299
5198,186,14,69,16,285
5201,65,20,63,18,166
5202,67,31,101,16,215
5203,65,17,101,16,199
5204,66,32,69,16,183
5205,69,14,69,16,168
5206,63,36,49,16,164
5207,67,18,49,16,150
5208,68,33,65,17,183
5209,66,17,65,17,165
5210,69,32,68,17,186
5211,67,16,68,17,168
5213,67,15,52,15,149
5215,66,18,65,18,167
5216,68,32,51,17,168
5218,52,15,51,17,135
5219,83,35,67,14,199
5220,65,35,67,14,181
5222,51,17,67,14,149
5223,51,31,50,20,152
5225,67,17,67,15,166
5229,149,33,66,18,266
5231,53,32,66,16,167
5232,65,33,66,16,180
5233,65,17,66,16,164
5234,65,33,66,18,182
5235,66,17,66,18,167
5236,66,33,167,16,282
5238,66,33,68,13,180
5239,66,17,68,13,164
5240,66,34,67,15,182
5241,151,33,67,17,268
5243,67,18,66,16,167
5244,68,33,67,17,185
5247,66,18,67,17,168
5248,168,32,65,18,283
5249,69,18,68,15,170
5250,67,33,101,15,216
5252,67,35,66,15,183
5253,51,35,66,15,167
5256,67,34,66,16,183
5257,84,31,66,20,201
5258,66,31,66,20,183
5260,65,35,66,17,183
5261,66,17,66,17,166
5262,66,31,52,16,165
5265,68,15,67,17,167
5266,66,33,69,14,182
5267,67,16,69,14,166
5268,52,16,69,14,151
5269,64,18,66,16,164
5271,67,18,64,18,167
5272,69,31,51,16,167
5273,53,31,51,16,151
5274,66,33,69,17,185
5275,65,17,69,17,168
5276,64,34,52,15,165
5278,51,16,52,15,134
5279,51,35,66,14,166
5282,52,15,67,15,149
5283,66,18,67,15,166
5284,66,33,133,16,248
5286,67,34,65,19,185
5289,53,33,66,16,168
5290,67,32,99,20,218
5293,69,15,65,20,169
5294,66,33,52,15,166
5297,66,14,68,17,165
5298,65,35,84,15,199
5299,69,15,84,15,183
5300,151,15,67,17,250
5301,65,17,66,18,166
5302,68,32,84,17,201
5303,65,15,84,17,181
5305,68,15,67,17,167
5306,150,18,82,17,267
5307,67,16,68,16,167
5308,68,33,51,17,169
5310,67,35,82,17,201
5312,68,33,66,18,185
5313,52,33,66,18,169
5315,51,33,65,19,168
5316,82,17,66,17,182
5317,351,32,67,17,467
5318,66,32,51,17,166
5322,66,34,67,17,184
5323,65,17,67,17,166
5324,152,16,68,14,250
5325,67,14,52,16,149
5326,66,35,101,14,216
5327,68,16,101,14,199
5328,51,16,101,14,182
5329,66,16,68,14,164
5330,52,16,68,14,150
5333,65,19,66,15,165
5335,65,18,67,17,167
5336,163,35,66,18,282
5337,167,17,66,18,268
5338,165,34,67,17,283
5339,168,17,67,17,269
5340,150,17,67,17,251
5341,67,14,52,17,150
5342,64,35,66,18,183
5343,67,17,66,18,168
5346,52,17,67,17,153
5347,67,16,52,15,150
5348,66,35,65,18,184
5349,67,17,65,18,167
5350,67,32,51,16,166
5351,68,15,51,16,150
5353,66,16,67,18,167
5355,66,16,68,16,166
5357,67,16,100,15,198
5358,67,35,65,15,182
5359,67,17,65,15,164
5361,51,32,66,18,167
5362,51,16,66,18,151
5364,65,33,101,17,216
5366,66,34,67,17,184
5367,66,16,67,17,166
5368,67,34,67,14,182
5369,52,34,67,14,167
5371,66,17,67,16,166
5372,67,34,98,18,217
5374,67,33,65,18,183
5375,65,19,65,18,167
5378,66,32,68,18,184
5380,65,35,67,17,184
5382,67,33,67,16,183
5385,68,16,65,17,166
5387,83,32,52,15,182
5388,67,32,52,15,166
5389,65,16,52,15,148
5390,164,34,69,15,282
5393,68,15,66,17,166
5394,150,18,67,15,250
5395,68,14,51,18,151
5397,66,15,69,15,165
5400,51,18,67,15,151
5401,67,17,67,15,166
5402,151,15,69,17,252
5403,52,33,64,17,166
5406,67,30,69,17,183
5407,67,15,69,17,168
5408,64,35,101,15,215
5411,67,17,67,15,166
5412,69,32,68,16,185
5413,52,32,68,16,168
5415,66,18,67,15,166
5416,67,33,67,16,183
5417,65,18,67,16,166
5418,167,34,66,17,284
5419,67,18,65,16,166
5421,168,16,67,17,268
5422,67,32,51,16,166
5425,66,18,66,17,167
5426,66,33,67,17,183
5427,67,16,67,17,167
5428,51,16,67,17,151
5429,51,33,103,14,201
5431,66,17,83,17,183
5432,352,15,49,17,433
5433,68,15,68,17,168
5434,168,32,51,17,268
5435,66,20,65,17,168
5436,69,31,51,15,166
5438,51,17,51,15,134
5440,65,32,51,17,165
5442,51,15,51,17,134
5444,49,16,52,15,132
5447,51,32,67,16,166
5448,52,15,67,16,150
5449,68,15,49,17,149
5450,66,33,84,16,199
5451,66,16,84,16,182
5453,64,17,67,18,166
5454,49,17,67,18,151
5455,66,17,66,18,167
5456,67,33,51,15,166
5457,68,16,51,15,150
5458,67,33,66,18,184
5459,184,33,68,15,300
5460,66,33,68,16,183
5461,67,15,68,16,166
5462,51,15,68,16,150
5464,66,35,132,17,250
5465,66,17,132,17,232
5466,68,33,68,15,184
5467,66,17,68,15,166
5468,68,33,66,17,184
5469,68,15,66,17,166
5470,51,15,66,17,149
5473,149,32,68,17,266
5474,66,34,51,15,166
5476,65,34,100,17,216
5479,151,32,52,15,250
5480,51,15,68,17,151
5481,50,34,66,16,166
5482,66,34,67,17,184
5483,67,16,67,17,167
5486,66,35,67,15,183
5487,64,19,67,15,165
5488,67,32,100,18,217
5489,50,32,100,18,200
5490,52,15,100,18,185
5492,67,32,69,14,182
5493,65,17,69,14,165
5494,50,17,69,14,150
5495,67,14,50,17,148
5497,68,18,65,17,168
5498,69,31,51,16,167
5499,50,31,51,16,148
5500,50,17,51,16,134
5501,66,17,65,17,165
5502,65,33,66,17,181
5504,51,16,66,17,150
5505,68,14,69,15,166
5506,65,34,118,15,232
5508,66,35,83,15,199
5509,65,18,83,15,181
5512,67,34,67,17,185
5513,68,16,67,17,168
5516,66,35,66,17,184
5519,67,17,64,18,166
5521,51,32,66,16,165
5522,66,32,67,19,184
5523,148,34,67,18,267
5524,64,34,52,15,165
5525,149,32,101,17,299
5528,67,34,67,18,186
5531,136,17,97,17,267
5534,50,17,66,17,150
5537,52,31,101,18,202
5538,66,33,86,15,200
5539,65,16,86,15,182
5541,82,35,83,18,218
5543,49,35,83,18,185
5544,68,33,68,16,185
5545,51,33,68,16,168
5546,53,15,68,16,152
5547,51,33,51,16,151
5548,66,35,64,19,184
5549,65,18,64,19,166
5550,68,32,51,16,167
5551,50,32,51,16,149
5553,67,15,100,19,201
5554,64,35,65,19,183
5555,67,16,65,19,167
5556,51,16,65,19,151
5557,68,16,99,17,200
5558,69,31,68,17,185
5561,66,17,67,14,164
5563,66,17,66,17,166
5564,51,17,66,17,151
5565,66,18,66,17,167
5567,52,31,52,14,149
5568,66,35,65,18,184
5569,66,18,65,18,167
5571,52,31,52,15,150
5572,52,14,52,15,133
5573,67,16,66,20,169
5574,65,33,53,14,165
5577,68,14,67,17,166
5578,66,34,66,18,184
5580,53,14,66,18,151
5582,67,33,67,18,185
5584,66,36,65,16,183
5587,52,31,68,17,168
5588,67,34,100,18,219
5589,67,16,100,18,201
5590,65,34,66,18,183
5593,151,32,67,16,266
5594,51,17,67,16,151
5595,52,32,51,16,151
5599,52,32,67,16,167
5600,51,16,67,16,150
5601,49,33,68,17,167
5602,65,34,51,16,166
5604,67,34,82,17,200
5605,67,18,82,17,184
5608,51,16,66,18,151
5610,82,17,67,15,181
5611,65,17,67,15,164
5613,69,15,100,17,201
5614,67,34,66,17,184
5615,150,33,67,17,267
5618,67,33,67,16,183
5620,66,33,67,17,183
5621,51,33,67,17,168
5622,50,16,67,17,150
5623,65,18,50,16,149
5625,66,17,66,17,166
5626,50,17,66,17,150
5629,66,17,100,17,200
5630,66,34,66,17,183
5631,66,17,66,17,166
5632,67,34,67,15,183
5633,68,17,67,15,167
5635,51,32,67,17,167
5637,66,18,65,17,166
5638,67,32,68,16,183
5640,67,33,51,16,167
5641,67,16,51,16,150
5642,65,35,66,18,184
5643,67,18,66,18,169
5644,68,32,68,20,188
5645,135,16,65,19,235
5646,51,16,68,20,155
5648,66,34,65,19,184
5652,54,12,69,15,150
5653,65,16,67,17,165
5654,65,36,64,18,183
5655,64,17,64,18,163
5657,52,31,68,16,167
5658,67,33,68,16,184
5661,67,17,83,17,184
5663,67,17,67,15,166
5664,68,32,68,15,183
5665,66,16,68,15,165
5666,65,35,66,17,183
5667,67,17,66,17,167
5668,67,33,65,18,183
5669,51,33,65,18,167
5671,65,18,68,15,166
5672,66,32,117,17,232
5673,68,15,117,17,217
5675,68,18,81,17,184
5677,66,17,66,18,167
5678,51,17,66,18,152
5679,50,33,101,16,200
5680,132,34,83,17,266
5681,66,17,68,16,167
5682,66,34,117,17,234
5684,51,16,117,17,201
5686,168,33,117,17,335
5687,66,17,67,16,166
5689,50,34,66,15,165
5690,83,17,64,18,182
5691,148,36,67,16,267
5693,51,33,117,17,218
5695,65,16,86,17,184
5697,151,32,66,17,266
5698,67,33,66,17,183
5699,52,33,66,17,168
5700,170,31,52,15,268
5703,51,32,66,17,166
5704,66,35,66,17,184
5705,66,18,66,17,167
5706,67,31,52,15,165
5707,51,31,52,15,149
5708,66,35,66,17,184
5709,66,18,66,17,167
5710,66,32,66,17,181
5712,52,15,66,17,150
5713,185,31,51,17,284
5715,66,15,69,16,166
5716,66,34,66,18,184
5717,64,17,66,18,165
5719,65,19,65,17,166
5721,68,15,51,17,151
5722,51,15,51,17,134
5723,68,16,68,16,168
5724,65,34,99,18,216
5729,51,31,52,16,150
5731,66,16,85,17,184
5732,65,34,99,17,215
5733,67,16,99,17,199
5736,67,35,99,16,217
5737,67,17,99,16,199
5738,68,31,68,16,183
5739,66,16,68,16,166
5741,167,14,70,17,268
5742,65,34,65,19,183
5743,68,16,65,19,168
5744,152,15,69,16,252
5746,150,19,65,16,250
5748,152,16,64,19,251
5751,65,19,65,16,165
5752,51,19,65,16,151
5753,167,15,68,17,267
5755,52,32,51,15,150
5756,65,32,51,17,165
5757,64,16,51,17,148
5758,149,17,65,17,248
5759,598,18,68,16,700
5760,151,15,67,17,250
5763,66,17,65,17,165
5765,68,15,67,17,167
5766,51,15,67,17,150
5767,65,17,51,17,150
5768,65,34,67,16,182
5769,65,17,67,16,165
5770,184,16,68,15,283
5773,51,33,66,18,168
5774,67,33,101,15,216
5778,66,36,66,15,183
5783,50,34,65,18,167
5784,66,31,52,17,166
5785,51,31,52,17,151
5786,65,34,100,16,215
5787,68,16,100,16,200
5788,65,35,65,16,181
5789,185,32,66,18,301
5791,65,18,68,16,167
5792,184,15,52,14,265
5793,66,16,51,16,149
5794,65,35,81,17,198
5795,67,19,81,17,184
5796,68,32,66,18,184
5797,51,32,66,18,167
5798,51,16,66,18,151
5799,68,15,52,14,149
5800,381,19,64,17,481
5801,65,17,68,16,166
5802,66,32,69,17,184
5803,67,14,69,17,167
5804,52,14,69,17,152
5805,49,36,68,14,167
5806,232,35,84,15,366
5807,66,17,66,17,166
5808,52,17,66,17,152
5809,68,18,65,15,166
5811,52,31,65,18,166
5813,66,17,66,16,165
5816,65,35,84,15,199
5817,66,17,84,15,182
5818,182,18,65,19,284
5819,51,35,64,17,167
5820,51,19,64,17,151
5821,52,32,101,16,201
5823,68,15,100,19,202
5824,64,35,65,19,183
5826,67,34,64,19,184
5827,183,32,68,17,300
5828,50,19,64,19,152
5829,52,31,68,18,169
5830,65,33,67,19,184
5831,69,14,67,19,169
5832,64,35,68,14,181
5834,68,32,68,17,185
5835,67,14,68,17,166
5836,67,36,66,16,185
5840,68,34,66,17,185
5842,66,32,51,17,166
5843,52,32,51,17,152
5844,66,34,66,17,183
5845,65,18,66,17,166
5846,66,34,83,17,200
5848,51,17,83,17,168
5849,52,32,68,15,167
5850,66,34,66,18,184
5854,68,32,51,17,168
5856,66,35,67,15,183
5857,67,17,67,15,166
5858,67,33,66,15,181
5859,68,17,66,15,166
5860,51,17,66,15,149
5861,50,34,64,17,165
5862,67,32,67,16,182
5863,66,17,67,16,166
5864,66,32,51,18,167
5865,51,32,51,18,152
5866,64,35,67,16,182
5867,66,18,67,16,167
5868,67,34,66,17,184
5869,52,34,66,17,169
5870,51,18,66,17,152
5871,52,33,64,18,167
5872,67,33,99,17,216
5874,66,31,68,17,182
5875,51,31,68,17,167
5876,64,35,67,15,181
5877,66,17,67,15,165
5880,68,34,51,15,168
5881,50,34,51,15,150
5882,67,32,67,16,182
5883,65,17,67,16,165
5884,66,34,68,15,183
5885,68,15,68,15,166
5886,51,15,68,15,149
5888,52,15,69,16,152
5889,64,19,66,17,166
5890,68,34,66,16,184
5891,65,19,66,16,166
5892,69,32,67,16,184
5893,53,32,67,16,168
5894,66,34,65,18,183
5896,66,33,65,17,181
5897,66,17,65,17,165
5898,67,32,67,18,184
5899,149,33,67,17,266
5900,65,33,85,17,200
5901,67,15,85,17,184
5902,65,34,51,17,167
5903,66,17,51,17,151
5904,67,33,67,17,184
5905,67,15,67,17,166
5906,52,15,67,17,151
5907,68,17,67,16,168
5909,67,15,51,17,150
5910,67,35,99,17,218
5911,66,18,99,17,200
5912,67,33,66,17,183
5914,51,17,66,17,151
5918,66,35,49,16,166
5919,66,18,49,16,149
5920,69,32,68,15,184
5922,334,32,67,18,451
5923,50,33,67,16,166
5924,49,16,67,16,148
5926,68,32,66,16,182
5927,51,32,66,16,165
5928,67,34,65,17,183
5930,66,32,67,16,181
5931,51,32,67,16,166
5935,66,17,51,15,149
5936,67,34,165,17,283
5937,51,34,165,17,267
5938,68,32,67,18,185
5941,50,35,64,19,168
5942,83,16,66,17,182
5945,68,14,66,19,167
5946,64,34,51,16,165
5947,133,16,68,17,234
5948,51,15,51,16,133
5949,65,15,69,16,165
5951,66,16,68,17,167
5952,51,16,68,17,152
5953,67,17,65,17,166
5954,69,34,65,17,185
5956,168,32,51,15,266
5957,68,14,69,15,166
5959,66,17,67,18,168
5960,65,35,66,17,183
5961,65,18,66,17,166
5962,69,32,51,15,167
5963,52,32,51,15,150
5964,67,34,66,18,185
5967,51,32,52,16,151
5970,66,34,50,16,166
5971,67,16,50,16,149
5973,67,16,66,18,167
5974,51,16,66,18,151
5976,50,16,68,16,150
5978,66,35,67,15,183
5979,67,17,67,15,166
5980,51,17,67,15,150
5981,52,32,50,16,150
5982,153,16,67,15,251
5983,65,19,99,15,198
5985,66,16,68,15,165
5986,50,16,68,15,149
5987,70,16,67,15,168
5988,67,32,68,15,182
5989,52,32,68,15,167
5990,68,35,67,14,184
5992,67,33,82,17,199
5993,52,33,82,17,184
5994,167,32,69,14,282
5995,53,34,65,16,168
5996,67,30,67,17,181
5997,66,16,67,17,166
