序号,发送->接收,接收->转发,转发->接收,接收->处理,总计
2,57,31,85,18,191
3,51,31,85,18,185
4,65,34,69,15,183
5,66,17,69,15,167
7,65,19,65,18,167
8,69,34,100,15,218
9,86,31,69,15,201
11,84,33,51,16,184
12,65,33,51,16,165
13,67,15,51,16,149
14,64,36,81,17,198
16,84,16,67,18,185
17,66,16,67,18,167
20,81,17,76,15,189
21,66,17,76,15,174
22,112,31,79,20,242
23,66,27,64,16,173
24,77,31,79,20,207
25,62,31,79,20,192
26,76,33,83,15,207
27,58,33,83,15,189
30,66,33,65,19,183
31,64,20,65,19,168
33,67,15,68,18,168
35,71,14,67,17,169
36,65,35,66,17,183
39,67,14,51,16,148
40,53,14,51,16,134
41,65,17,67,16,165
42,66,33,67,16,182
43,65,16,67,16,164
44,51,16,67,16,150
45,67,17,67,15,166
46,67,33,68,15,183
47,83,34,65,17,199
48,67,34,65,17,183
49,66,18,65,17,166
50,67,34,65,15,181
52,68,31,67,18,184
53,52,31,67,18,168
55,67,17,67,16,167
56,65,33,101,17,216
57,65,18,101,17,201
58,67,34,67,17,185
59,68,16,67,17,168
61,52,34,66,16,168
64,67,33,133,17,250
66,50,16,133,17,216
67,66,17,68,15,166
68,66,33,67,17,183
70,66,35,67,15,183
71,50,35,67,15,167
73,51,32,67,16,166
74,67,35,66,18,186
75,66,18,66,18,168
76,67,32,99,18,216
77,52,32,99,18,201
78,67,34,65,18,184
80,66,32,51,25,174
81,51,32,51,25,159
83,68,15,118,16,217
86,51,25,75,16,167
87,58,13,129,19,219
89,66,18,83,19,186
90,59,32,104,16,211
91,62,16,104,16,198
92,65,35,69,16,185
94,67,35,66,16,184
95,67,19,66,16,168
97,68,18,97,16,199
100,66,32,64,20,182
101,66,16,64,20,166
102,64,33,51,18,166
103,81,31,68,18,198
106,64,38,64,18,184
107,66,18,64,18,166
108,51,18,64,18,151
109,53,30,69,14,166
110,68,34,65,17,184
111,66,16,65,17,164
112,64,35,81,18,198
115,51,30,51,18,150
117,83,33,66,17,199
118,66,33,66,17,182
119,67,18,66,17,168
120,51,18,66,17,152
121,52,33,50,16,151
123,84,33,68,16,201
127,50,34,50,16,150
128,67,34,65,17,183
129,66,18,65,17,166
130,68,32,66,17,183
131,67,16,66,17,166
132,50,16,66,17,149
133,66,17,66,18,167
135,66,16,51,18,151
136,66,33,68,16,183
137,67,16,68,16,167
138,50,16,68,16,150
140,51,18,83,15,167
141,52,32,66,17,167
142,68,34,66,16,184
143,66,18,66,16,166
144,66,32,103,14,215
146,66,34,69,14,183
151,68,18,64,17,167
152,69,31,66,16,182
153,53,31,66,16,166
154,67,33,67,18,185
156,64,33,52,15,164
157,67,16,52,15,150
158,66,34,67,15,182
159,66,18,67,15,166
161,68,15,66,18,167
162,52,15,66,18,151
163,51,34,66,17,168
164,67,32,69,17,185
165,64,17,69,17,167
166,84,16,52,14,166
167,66,16,52,14,148
169,51,35,65,18,169
170,51,18,65,18,152
171,51,31,52,16,150
172,52,14,52,16,134
173,66,17,66,16,165
175,66,16,118,15,215
176,52,16,118,15,201
177,51,32,86,15,184
181,85,33,65,19,202
182,68,33,65,19,185
183,70,15,65,19,169
185,51,33,67,17,168
186,82,16,68,16,182
189,67,16,67,16,166
190,67,33,101,16,217
191,68,16,101,16,201
192,52,16,101,16,185
193,65,18,67,16,166
194,67,33,100,16,216
196,50,17,100,16,183
198,67,32,66,18,183
199,67,16,66,18,167
201,67,16,101,15,199
203,66,16,69,15,166
204,84,16,67,16,183
205,66,16,67,16,165
206,66,35,98,19,218
207,67,18,98,19,202
208,69,32,66,19,186
209,66,17,66,19,168
210,67,33,52,15,167
211,83,33,67,17,200
212,65,33,67,17,182
214,85,15,66,19,185
216,52,15,66,19,152
220,66,35,67,16,184
221,68,16,67,16,167
223,68,14,67,17,166
224,52,14,67,17,150
225,65,18,66,18,167
226,67,31,68,32,198
228,52,15,68,32,167
229,66,18,101,16,201
231,68,15,68,16,167
232,68,32,68,17,185
234,65,36,99,18,218
235,65,18,99,18,200
237,68,33,52,17,170
239,67,16,52,17,152
241,65,18,66,17,166
242,67,35,81,17,200
243,68,17,81,17,183
245,53,31,85,17,186
246,66,34,51,17,168
247,65,17,51,17,150
249,82,35,64,18,199
251,68,17,64,18,167
254,66,33,70,16,185
255,66,15,70,16,167
256,64,34,52,15,165
257,66,16,52,15,149
258,67,36,65,16,184
260,51,19,65,16,151
263,68,16,101,16,201
264,65,33,68,16,182
265,65,17,68,16,166
267,66,17,66,17,166
269,67,18,66,16,167
270,68,32,66,17,183
271,67,16,66,17,166
272,66,34,66,18,184
274,66,32,67,18,183
277,66,17,66,17,166
278,84,15,68,16,183
280,52,15,68,16,151
281,68,15,51,16,150
282,83,18,67,14,182
283,65,18,67,14,164
284,84,16,68,16,184
285,66,16,68,16,166
289,65,19,83,17,184
290,68,32,68,14,182
293,51,35,65,19,170
294,67,33,51,15,166
295,67,17,51,15,150
296,68,32,68,18,186
297,83,34,66,16,199
298,65,34,66,16,181
299,68,15,66,16,165
301,52,34,66,16,168
302,68,32,68,15,183
303,67,14,68,15,164
306,66,34,65,17,182
309,52,32,50,17,151
310,66,33,67,16,182
311,67,16,67,16,166
312,65,34,67,17,183
313,67,17,67,17,168
314,50,17,67,17,151
315,66,17,101,15,199
318,67,33,66,17,183
319,68,16,66,17,167
320,67,34,99,16,216
321,51,34,99,16,200
322,67,32,67,16,182
324,66,35,65,19,185
325,66,18,65,19,168
326,67,32,52,15,166
327,52,32,52,15,151
328,67,33,84,18,202
329,66,17,84,18,185
331,117,34,64,18,233
333,51,34,65,17,167
334,68,34,64,18,184
335,83,31,69,16,199
337,66,17,69,16,168
339,82,36,84,16,218
343,52,31,69,15,167
344,52,15,69,15,151
345,66,18,100,16,200
346,84,16,66,16,182
347,68,16,66,16,166
348,69,33,66,16,184
350,83,17,66,18,184
351,65,17,66,18,166
354,66,33,66,16,181
355,66,17,66,16,165
358,51,15,67,17,150
360,66,34,83,16,199
362,67,33,50,16,166
365,69,16,67,17,169
366,67,32,102,15,216
367,50,32,102,15,199
369,83,32,68,17,200
372,52,15,68,17,152
373,67,18,66,16,167
374,67,33,66,17,183
375,65,18,66,17,166
376,68,33,67,17,185
377,51,33,67,17,168
378,66,33,51,17,167
381,66,17,66,17,166
382,67,34,66,15,182
385,51,32,67,16,166
386,66,34,67,16,183
390,67,34,65,16,182
393,101,16,51,16,184
394,83,16,51,16,166
397,65,19,99,17,200
398,67,32,67,17,183
401,69,16,100,16,201
402,66,33,67,16,182
403,66,17,67,16,166
404,67,34,132,19,252
405,66,17,132,19,234
406,50,17,132,19,218
407,51,33,67,16,167
409,66,17,66,19,168
410,66,20,146,18,250
412,53,46,68,15,182
413,67,16,68,15,166
415,65,14,67,18,164
416,65,35,67,17,184
417,66,18,67,17,168
418,68,32,52,17,169
419,64,17,52,17,150
420,67,35,66,17,185
421,68,17,66,17,168
422,67,34,65,18,184
424,52,17,65,18,152
425,67,16,67,15,165
427,66,16,100,16,198
429,67,16,66,16,165
430,67,33,68,17,185
431,65,18,68,17,168
433,66,16,66,16,164
434,66,35,65,17,183
435,51,35,65,17,168
437,68,14,67,20,169
438,82,18,53,14,167
439,66,18,53,14,151
442,67,34,66,17,184
444,53,14,66,17,150
445,65,17,68,17,167
446,66,34,66,17,183
447,63,17,66,17,163
448,66,34,67,17,184
450,68,32,52,15,167
451,51,32,52,15,150
453,66,18,66,16,166
456,52,15,68,15,150
457,50,34,67,16,167
460,68,33,68,14,183
461,65,18,68,14,165
462,49,18,68,14,149
463,67,17,101,17,202
464,83,18,66,17,184
467,85,33,65,16,199
468,68,33,65,16,182
469,84,33,66,16,199
470,66,33,66,16,181
471,52,33,66,16,167
472,66,32,67,16,181
473,65,17,67,16,165
474,65,34,67,17,183
475,64,18,67,17,166
476,66,33,68,15,182
477,84,34,66,18,202
478,67,34,66,18,185
479,67,18,66,18,169
480,67,34,66,17,184
482,68,32,51,16,167
483,52,32,51,16,151
484,66,34,65,18,183
485,67,16,65,18,166
486,66,33,134,15,248
488,51,16,134,15,216
490,65,36,66,15,182
492,68,33,65,16,182
493,67,17,65,16,165
494,52,17,65,16,150
495,84,32,52,15,183
497,65,17,52,15,149
499,65,19,66,16,166
500,67,32,85,16,200
502,52,15,85,16,168
503,51,34,51,16,152
504,66,32,68,17,183
506,66,35,66,17,184
508,51,16,66,17,150
509,68,16,68,14,166
511,66,16,66,16,164
514,68,31,67,17,183
515,51,31,67,17,166
516,66,33,68,17,184
517,65,17,68,17,167
518,64,34,68,15,181
519,101,17,100,16,234
523,51,34,66,16,167
524,68,31,68,18,185
525,51,31,68,18,168
526,65,35,67,17,184
527,83,33,66,17,199
528,66,33,66,17,182
529,51,33,66,17,167
531,69,16,66,15,166
532,67,32,67,21,187
533,51,32,67,21,171
534,66,34,101,15,216
536,66,33,68,15,182
538,67,21,62,18,168
539,71,47,66,16,200
541,53,33,66,16,168
542,83,18,66,16,183
544,66,33,83,16,198
545,51,33,83,16,183
546,66,33,66,19,184
548,66,35,64,19,184
552,66,33,68,16,183
553,69,14,68,16,167
554,64,33,68,17,182
555,68,14,68,17,167
556,101,33,51,16,201
558,68,33,51,16,168
559,65,17,51,16,149
560,51,17,51,16,135
563,68,16,68,15,167
565,66,17,68,15,166
566,82,19,134,14,249
567,65,19,134,14,232
568,68,33,65,17,183
569,52,33,65,17,167
570,68,33,68,14,183
571,67,18,68,14,167
574,82,19,62,18,181
575,67,19,62,18,166
576,68,31,66,18,183
577,53,31,66,18,168
578,67,31,70,14,182
579,67,14,70,14,165
581,66,17,69,14,166
582,66,35,67,16,184
583,67,17,67,16,167
584,70,34,65,18,187
587,65,19,133,15,232
588,67,32,68,14,181
589,69,16,68,14,167
590,65,33,68,15,181
591,69,15,68,15,167
594,68,33,66,17,184
595,50,33,66,17,166
596,68,33,66,17,184
597,52,33,66,17,168
598,66,33,67,16,182
599,67,18,67,16,168
600,66,33,66,18,183
601,84,34,66,17,201
603,85,32,67,16,200
604,67,32,67,16,182
605,66,16,67,16,165
606,66,34,70,32,202
607,67,16,70,32,185
608,50,16,70,32,168
609,67,16,69,15,167
610,67,37,80,18,202
612,70,32,66,15,183
613,67,18,66,15,166
614,69,30,69,15,183
615,53,30,69,15,167
616,80,18,65,17,180
619,51,33,67,15,166
620,69,32,68,15,184
622,65,35,65,18,183
624,67,33,99,18,217
626,68,32,67,18,185
627,66,17,67,18,168
628,65,33,52,15,165
630,65,34,68,16,183
631,67,17,68,16,168
632,67,33,67,17,184
633,67,15,67,17,166
636,68,32,68,14,182
638,51,16,68,14,149
639,68,18,66,17,169
640,67,33,66,17,183
641,66,18,66,17,167
642,68,33,64,18,183
643,51,33,64,18,166
645,51,33,65,17,166
646,66,31,51,19,167
647,52,31,51,19,153
649,65,16,67,16,164
650,65,36,65,18,184
653,52,31,52,17,152
655,66,18,83,16,183
656,65,35,64,17,181
658,69,31,67,18,185
660,83,16,67,17,183
661,81,34,133,17,265
662,64,34,133,17,248
666,52,15,67,17,151
667,50,33,67,17,167
668,66,34,50,17,167
669,67,15,50,17,149
672,67,34,68,16,185
674,50,17,68,16,151
676,83,19,66,16,184
677,85,33,66,18,202
678,68,33,66,18,185
679,52,33,66,18,169
680,68,33,167,17,285
684,66,33,101,17,217
686,51,15,101,17,184
687,67,17,84,15,183
688,67,32,52,15,166
690,66,35,64,18,183
691,68,16,64,18,166
692,67,32,68,17,184
693,51,32,68,17,168
694,85,14,53,16,168
695,66,14,53,16,149
698,68,33,65,17,183
699,67,16,65,17,165
700,53,16,65,17,151
701,51,34,65,19,169
702,83,15,53,16,167
703,66,15,53,16,150
705,65,17,67,17,166
707,68,16,99,16,199
708,53,16,99,16,184
709,84,32,101,20,237
710,67,32,101,20,220
714,67,33,53,13,166
717,67,15,68,15,165
718,66,33,68,15,182
719,50,33,68,15,166
720,53,13,68,15,149
721,65,18,65,17,165
722,68,33,66,16,183
723,63,18,66,16,163
724,50,18,66,16,150
725,83,34,84,16,217
726,65,34,84,16,199
728,66,32,68,16,182
729,83,35,83,17,218
730,66,35,83,17,201
731,84,33,67,17,201
732,67,33,67,17,184
734,52,16,67,17,152
735,66,18,67,16,167
737,83,34,65,17,199
738,67,34,65,17,183
739,51,34,65,17,167
741,67,16,101,17,201
742,50,16,101,17,184
743,66,16,68,17,167
744,65,34,67,16,182
745,66,17,67,16,166
746,67,34,66,18,185
747,66,18,66,18,168
748,68,33,100,16,217
749,68,16,100,16,200
751,84,32,68,17,201
753,67,14,68,17,166
754,65,35,50,18,168
755,67,17,50,18,152
757,99,18,64,18,199
758,85,18,64,18,185
759,67,18,64,18,167
760,50,18,64,18,150
761,52,31,101,17,201
762,66,33,68,17,184
764,64,34,101,15,214
766,51,16,101,15,183
768,68,32,68,16,184
769,101,16,66,17,200
770,85,16,66,17,184
771,68,16,66,17,167
772,67,33,101,15,216
774,68,33,68,15,184
776,66,32,51,17,166
777,51,32,51,17,151
778,65,36,64,18,183
779,67,18,64,18,167
780,68,32,67,17,184
783,66,16,52,17,151
784,82,17,67,17,183
785,67,17,67,17,168
786,67,34,50,16,167
787,51,34,50,16,151
788,85,17,67,15,184
789,67,17,67,15,166
790,67,33,67,18,185
791,67,16,67,18,168
793,84,33,66,17,200
794,67,33,66,17,183
795,65,18,66,17,166
796,67,33,67,16,183
797,68,15,67,16,166
798,51,15,67,16,149
800,51,15,84,17,167
801,65,17,50,17,149
803,65,17,67,16,165
804,84,17,98,15,214
805,67,17,98,15,197
806,50,17,98,15,180
808,50,17,65,15,147
809,66,18,83,15,182
810,67,31,52,15,165
812,65,34,67,16,182
814,65,33,68,16,182
816,52,15,68,16,151
817,52,34,100,17,203
818,67,34,83,16,200
819,65,18,83,16,182
820,68,32,51,16,167
822,66,34,68,15,183
823,68,16,68,15,167
825,50,33,68,16,167
826,51,16,68,16,151
827,65,19,65,18,167
828,68,33,65,18,184
830,84,16,67,16,183
831,68,16,67,16,167
832,65,33,67,17,182
833,68,15,67,17,167
836,51,16,101,17,185
837,65,17,68,17,167
839,66,16,52,13,147
840,66,35,83,17,201
843,51,30,70,15,166
844,52,13,70,15,150
845,68,16,67,17,168
847,83,32,67,17,199
848,70,32,67,17,186
850,67,34,66,18,185
851,66,17,66,18,167
852,66,33,67,16,182
854,49,18,67,16,150
855,50,33,66,17,166
858,51,16,101,14,182
859,66,16,69,14,165
860,50,16,69,14,149
861,65,18,67,17,167
862,67,34,65,17,183
863,68,17,65,17,167
864,52,17,65,17,151
866,67,32,67,17,183
867,67,15,67,17,166
868,65,33,51,17,166
870,65,34,66,19,184
871,82,34,51,15,182
872,67,34,51,15,167
873,67,17,51,15,150
875,66,16,84,17,183
876,66,34,67,16,183
877,68,15,67,16,166
879,50,34,66,18,168
881,82,33,100,17,232
883,51,33,100,17,201
885,68,18,64,17,167
887,53,32,66,16,167
888,68,32,72,28,200
889,65,17,72,28,182
891,67,17,66,16,166
893,67,22,78,16,183
894,72,28,101,14,215
897,66,18,67,14,165
898,62,32,66,18,178
902,67,31,53,16,167
903,51,31,53,16,151
904,66,33,69,15,183
905,67,15,69,15,166
906,64,36,66,15,181
908,53,16,66,15,150
913,65,18,66,17,166
914,66,34,67,15,182
915,51,34,67,15,167
916,51,16,67,15,149
917,52,32,68,17,169
921,51,33,68,14,166
922,68,33,68,15,184
923,68,16,68,15,167
925,67,19,65,17,168
926,68,33,65,17,183
927,84,32,50,17,183
928,68,32,50,17,167
929,52,32,50,17,151
930,65,33,51,11,160
931,68,16,51,11,146
932,65,34,70,28,197
935,50,28,105,16,199
936,51,11,105,16,183
939,53,28,67,19,167
940,54,16,67,19,156
942,63,32,51,16,162
944,102,32,101,17,252
945,67,16,82,18,183
946,67,32,101,17,217
948,51,16,101,17,185
949,65,17,67,17,166
950,66,34,66,18,184
951,66,18,66,18,168
954,67,33,82,18,200
955,51,33,82,18,184
956,66,35,65,18,184
957,51,35,65,18,169
958,51,17,65,18,151
960,82,18,66,17,183
962,65,33,68,14,180
963,51,33,68,14,166
964,52,15,68,14,149
965,51,33,68,16,168
966,66,35,65,18,184
967,65,18,65,18,166
968,50,18,65,18,151
969,62,19,65,17,163
970,68,32,102,16,218
971,67,16,102,16,201
973,51,33,69,16,169
974,65,37,63,17,182
978,69,31,51,17,168
980,63,37,65,16,181
983,52,31,100,16,199
984,51,17,100,16,184
986,65,33,65,17,180
989,50,33,66,17,166
990,82,16,67,17,182
991,66,16,67,17,166
992,65,34,101,17,217
993,49,34,101,17,201
994,66,33,68,17,184
995,67,16,68,17,168
996,67,33,52,17,169
999,67,17,66,18,168
1001,51,34,64,17,166
1002,52,17,64,17,150
1003,51,32,68,16,167
1005,81,36,65,16,198
1006,64,36,65,16,181
1007,65,19,65,16,165
1008,68,33,67,18,186
1010,52,17,67,18,154
1012,65,35,65,16,181
1013,65,19,65,16,165
1014,67,33,98,19,217
1015,70,15,98,19,202
1016,53,15,98,19,185
1017,52,32,66,19,169
1018,65,33,135,16,249
1019,63,17,135,16,231
1020,65,33,69,15,182
1022,50,16,69,15,150
1023,69,15,68,16,168
1024,52,15,68,16,151
1025,68,17,65,18,168
1026,69,33,67,15,184
1027,50,33,67,15,165
1028,68,32,66,17,183
1029,66,16,66,17,165
1030,65,35,64,18,182
1031,68,17,64,18,167
1032,82,16,100,17,215
1033,66,16,100,17,199
1034,50,16,100,17,183
1035,65,16,102,16,199
1036,64,35,67,16,182
1037,67,17,67,16,167
1038,51,17,67,16,151
1039,83,35,69,16,203
1040,102,36,63,19,220
1041,66,18,69,16,169
1042,67,36,63,19,185
1043,67,20,63,19,169
1046,69,30,66,20,185
1048,63,32,54,14,163
1049,51,32,54,14,151
1051,63,17,68,17,165
1052,66,34,51,15,166
1053,67,14,51,15,147
1054,54,14,51,15,134
1055,102,15,67,17,201
1056,68,32,67,17,184
1057,65,15,67,17,164
1061,65,17,67,17,166
1062,84,17,67,18,186
1064,51,17,67,18,153
1066,67,34,66,17,184
1068,67,34,66,16,183
1069,69,16,66,16,167
1070,52,16,66,16,150
1071,83,34,65,18,200
1072,66,34,65,18,183
1074,66,33,67,17,183
1075,50,33,67,17,167
1076,67,32,101,16,216
1078,65,35,66,16,182
1079,67,17,66,16,166
1080,67,33,66,18,184
1082,52,16,66,18,152
1083,68,15,68,19,170
1084,66,33,54,31,184
1085,65,17,54,31,167
1086,66,35,66,17,184
1087,66,17,66,17,166
1088,51,17,66,17,151
1090,54,47,100,17,218
1094,66,35,49,17,167
1095,66,18,49,17,150
1096,68,32,67,16,183
1098,67,34,65,17,183
1101,85,32,100,17,234
1102,67,32,100,17,216
1103,66,16,100,17,199
1104,82,18,65,17,182
1105,67,18,65,17,167
1106,67,33,66,17,183
1107,68,16,66,17,167
1108,52,16,66,17,151
1109,67,16,69,14,166
1110,65,34,67,16,182
1113,67,18,65,17,167
1114,51,18,65,17,151
1115,66,18,67,16,167
1116,67,33,67,17,184
1117,66,17,67,17,167
1119,68,17,69,14,168
1120,67,33,67,15,182
1121,51,33,67,15,166
1122,67,36,81,17,201
1123,50,36,81,17,184
1124,69,31,67,17,184
1125,53,31,67,17,168
1126,67,32,52,15,166
1128,63,35,65,16,179
1129,84,32,67,16,199
1130,67,32,67,16,182
1133,66,16,68,16,166
1134,65,34,66,18,183
1135,64,18,66,18,166
1137,66,18,133,15,232
1139,52,32,68,17,169
1140,66,33,102,16,217
1142,65,35,67,16,183
1143,66,18,67,16,167
1144,68,33,66,17,184
1145,50,33,66,17,166
1146,52,16,66,17,151
1147,66,19,67,15,167
1154,50,18,53,29,150
1157,71,47,68,16,202
1158,53,47,68,16,184
1159,83,31,53,15,182
1160,67,31,53,15,166
1161,64,14,53,15,146
1164,68,31,52,16,167
1168,83,16,67,15,181
1171,64,19,66,17,166
1173,65,18,66,16,165
1176,66,34,65,16,181
1177,67,17,65,16,165
1178,66,32,66,18,182
1179,51,32,66,18,167
1180,66,33,67,16,182
1182,81,17,67,18,183
1183,65,17,67,18,167
1185,68,16,51,17,152
1187,51,33,68,17,169
1189,67,17,98,17,199
1191,52,33,65,17,167
1192,68,32,67,16,183
1193,67,15,67,16,165
1195,65,16,69,17,167
1196,65,34,52,14,165
1197,65,17,52,14,148
1198,50,17,52,14,133
1199,85,31,68,16,200
1201,69,14,68,16,167
1202,84,16,68,17,185
1203,68,16,68,17,169
1204,65,34,67,17,183
1205,64,18,67,17,166
1206,68,34,99,18,219
1208,68,33,66,18,185
1209,52,33,66,18,169
1210,51,16,66,18,151
1211,85,32,66,17,200
1213,66,16,66,17,165
1216,64,34,66,20,184
1217,67,15,66,20,168
1218,66,35,70,28,199
1219,65,18,70,28,181
1220,69,31,67,17,184
1221,65,16,67,17,165
1223,69,19,61,19,168
1224,70,28,67,17,182
1225,55,28,67,17,167
1226,67,33,68,18,186
1228,61,34,68,18,181
1229,69,15,68,18,170
1230,67,34,100,17,218
1231,67,17,100,17,201
1232,68,34,66,17,185
1233,67,16,66,17,166
1235,69,16,66,15,166
1236,52,16,66,15,149
1239,65,17,65,19,166
1240,66,34,133,15,248
1242,68,31,67,19,185
1243,82,35,120,31,268
1244,65,35,120,31,251
1245,69,16,120,31,236
1246,50,16,120,31,217
1247,103,16,53,31,203
1249,67,16,53,31,167
1250,51,16,53,31,151
1251,66,18,51,15,150
1252,68,20,64,16,168
1253,69,46,68,15,198
1257,64,16,66,16,162
1258,66,34,65,17,182
1259,83,32,66,17,198
1260,68,32,66,17,183
1263,82,33,67,16,198
1264,65,33,67,16,181
1265,50,33,67,16,166
1266,66,35,99,17,217
1267,67,18,99,17,201
1268,85,15,100,18,218
1269,68,15,100,18,201
1270,52,15,100,18,185
1273,82,33,68,17,200
1274,84,16,68,17,185
1277,67,17,50,18,152
1278,68,33,67,16,184
1281,67,18,66,15,166
1283,52,32,66,18,168
1284,67,34,65,16,182
1285,66,18,65,16,165
1286,66,32,67,17,182
1287,66,17,67,17,167
1288,66,33,67,20,186
1289,68,15,67,20,170
1293,66,16,66,16,164
1297,66,16,101,17,200
1298,66,33,68,17,184
1299,62,17,68,17,164
1300,65,34,51,15,165
1301,66,17,51,15,149
1302,83,18,66,17,184
1303,85,32,51,16,184
1304,68,32,51,16,167
1306,51,15,51,16,133
1307,101,16,101,14,232
1309,66,16,101,14,197
1310,51,16,101,14,182
1311,51,34,100,17,202
1316,67,33,100,16,216
1317,83,33,67,16,199
1318,67,33,67,16,183
1319,68,16,67,16,167
1322,66,34,51,14,165
1323,66,17,51,14,148
1325,51,34,64,19,168
1327,68,14,52,15,149
1328,51,14,52,15,132
1330,64,34,69,15,182
1331,66,15,69,15,165
1332,52,15,69,15,151
1335,84,32,67,17,200
1336,69,32,67,17,185
1337,66,17,67,17,167
1338,66,34,67,14,181
1339,84,33,65,17,199
1340,66,33,65,17,181
1341,51,33,65,17,166
1343,51,34,65,16,166
1344,67,31,69,18,185
1346,65,34,53,13,165
1347,65,17,53,13,148
1348,65,35,67,14,181
1349,51,35,67,14,167
1350,69,31,67,18,185
1352,66,36,66,17,185
1354,67,31,68,17,183
1355,63,17,68,17,165
1356,102,33,65,18,218
1357,82,33,65,18,198
1359,52,33,65,18,168
1360,52,16,65,18,151
1361,67,16,67,17,167
1362,66,20,112,17,215
1364,53,47,65,17,182
1366,67,33,66,18,184
1367,64,16,66,18,164
1368,68,32,52,17,169
1369,68,14,52,17,151
1371,82,35,132,16,265
1373,66,17,132,16,231
1374,69,32,68,16,185
1375,52,32,68,16,168
1376,67,35,65,16,183
1378,67,33,67,16,183
1379,52,33,67,16,168
1380,68,32,68,15,183
1381,67,16,68,15,166
1382,65,35,99,16,215
1384,67,33,66,16,182
1385,51,33,66,16,166
1386,68,32,67,17,184
1388,65,34,66,16,181
1389,66,17,66,16,165
1391,67,17,67,18,169
1392,50,17,67,18,152
1393,67,16,52,13,148
1394,66,34,83,15,198
1395,66,18,83,15,182
1396,67,31,67,18,183
1397,50,31,67,18,166
1398,52,13,67,18,150
1399,68,16,67,16,167
1400,66,32,67,17,182
1402,67,35,66,17,185
1403,66,17,66,17,166
1405,66,16,68,17,167
1407,66,17,118,14,215
1408,66,34,98,19,217
1409,67,17,98,19,201
1410,68,34,64,19,185
1411,51,34,64,19,168
1412,51,17,64,19,151
1413,67,17,66,17,167
1414,84,14,102,16,216
1415,67,14,102,16,199
1416,50,14,102,16,182
1418,66,33,67,17,183
1419,66,16,67,17,166
1421,65,18,66,17,166
1422,67,33,67,18,185
1423,66,17,67,18,168
1424,50,17,67,18,152
1428,67,32,67,17,183
1429,50,32,67,17,166
1430,52,14,67,17,150
1431,66,18,66,17,167
1432,67,32,68,17,184
1433,65,16,68,17,166
1434,51,16,68,17,152
1436,66,34,68,16,184
1438,85,15,66,17,183
1440,51,15,66,17,149
1441,66,19,64,17,166
1442,68,30,51,16,165
1443,67,14,51,16,148
1444,83,17,68,16,184
1446,64,33,117,17,231
1447,65,16,117,17,215
1448,51,16,117,17,201
1449,68,17,82,17,184
1451,67,18,65,16,166
1453,68,14,72,29,183
1454,65,34,100,16,215
1455,66,17,100,16,199
1456,65,38,62,16,181
1457,64,22,62,16,164
1460,67,33,67,17,184
1461,51,33,67,17,168
1462,62,34,67,16,179
1464,67,33,133,17,250
1465,66,17,133,17,233
1469,51,32,67,17,167
1471,66,12,55,16,149
1475,67,16,67,17,167
1477,66,17,67,16,166
1478,67,33,67,16,183
1480,52,15,67,16,150
1481,50,34,66,18,168
1482,67,33,66,18,184
1483,65,17,66,18,166
1484,100,33,68,17,218
1487,68,15,68,17,168
1488,51,15,68,17,151
1489,68,16,66,18,168
1490,51,16,66,18,151
1491,67,16,66,17,166
1492,52,16,66,17,151
1493,67,15,67,17,166
1494,66,34,68,14,182
1495,66,16,68,14,164
1496,66,33,68,16,183
1497,82,35,66,15,198
1499,84,33,66,17,200
1500,82,19,66,17,184
1501,65,19,66,17,167
1502,68,33,66,17,184
1503,67,17,66,17,167
1505,67,18,66,18,169
1507,67,16,101,15,199
1508,66,33,100,17,216
1509,68,16,100,17,201
1512,79,22,65,17,183
1513,62,22,65,17,166
1514,68,32,66,20,186
1515,65,17,66,20,168
1516,68,33,53,11,165
1518,65,33,68,16,182
1520,66,31,70,18,185
1521,69,11,70,18,168
1523,67,17,51,14,149
1524,68,33,66,18,185
1525,64,17,66,18,165
1526,70,32,69,17,188
1528,51,14,69,17,151
1529,67,16,101,17,201
1531,66,17,66,17,166
1533,68,14,52,15,149
1534,52,14,52,15,133
1535,67,16,68,17,168
1536,66,32,68,16,182
1538,52,15,68,16,151
1540,68,32,49,16,165
1542,68,33,99,17,217
1543,67,17,99,17,200
1544,65,32,67,17,181
1545,64,16,67,17,164
1546,49,16,67,17,149
1548,66,33,68,18,185
1549,67,16,68,18,169
1550,67,34,52,16,169
1552,67,34,67,17,185
1553,65,19,67,17,168
1554,68,34,65,17,184
1556,52,16,65,17,150
1557,53,33,101,16,203
1558,67,32,69,16,184
1560,82,18,50,15,165
1561,66,18,50,15,149
1563,66,18,65,17,166
1564,69,31,67,18,185
1565,52,31,67,18,168
1566,50,15,67,18,150
1568,65,33,102,17,217
1569,66,16,102,17,201
1570,67,34,85,17,203
1571,69,16,85,17,187
1572,51,16,85,17,169
1573,50,31,119,16,216
1576,50,18,98,17,183
1579,52,30,51,17,150
1582,64,34,66,16,180
1583,67,17,66,16,166
1585,66,18,67,16,167
1586,68,32,67,17,184
1590,67,32,67,16,182
1591,54,32,67,16,169
1592,51,16,67,16,150
1593,84,34,100,15,233
1596,67,33,133,17,250
1597,50,33,133,17,233
1600,66,34,66,17,183
1601,84,34,65,18,201
1603,51,34,65,18,168
1604,68,32,51,17,168
1606,66,33,85,15,199
1607,68,16,85,15,184
1608,65,35,65,18,183
1609,67,17,65,18,167
1611,66,18,66,17,167
1613,67,15,68,17,167
1615,68,16,66,17,167
1616,66,34,66,16,182
1617,66,17,66,16,165
1618,68,32,67,17,184
1619,67,15,67,17,166
1621,66,17,65,18,166
1623,99,15,68,17,199
1624,67,32,68,17,184
1625,67,15,68,17,167
1626,65,35,67,17,184
1629,50,33,101,16,200
1630,68,34,67,16,185
1632,67,34,66,16,183
1633,68,17,66,16,167
1634,51,17,66,16,150
1635,67,17,66,17,167
1636,67,33,50,16,166
1637,66,17,50,16,149
1639,66,17,66,17,166
1640,66,33,68,16,183
1641,67,16,68,16,167
1642,50,16,68,16,150
1643,67,16,51,20,154
1644,66,35,51,15,167
1645,66,18,51,15,150
1647,67,20,63,16,166
1648,51,20,63,16,150
1649,54,30,67,16,167
1653,82,33,66,16,197
1654,67,33,66,16,182
1655,65,17,66,16,164
1657,67,17,66,17,167
1658,66,33,68,16,183
1659,66,17,68,16,167
1660,66,33,51,18,168
1661,66,17,51,18,152
1662,66,35,67,16,184
1664,68,34,66,17,185
1665,52,34,66,17,169
1667,52,33,67,14,166
1668,67,33,65,17,182
1669,84,34,65,17,200
1670,66,34,65,17,182
1672,67,31,67,17,182
1674,65,34,133,16,248
1675,65,17,133,16,231
1677,68,16,66,19,169
1678,67,33,67,16,183
1679,67,16,67,16,166
1681,65,17,67,18,167
1683,68,15,51,15,149
1684,52,15,51,15,133
1685,67,17,69,16,169
1686,67,33,69,16,185
1689,67,19,66,15,167
1690,69,33,66,16,184
1692,69,33,66,17,185
1695,65,18,65,17,165
1696,66,33,100,16,215
1697,50,33,100,16,199
1698,66,32,68,16,182
1700,65,34,68,16,183
1701,66,17,68,16,167
1702,66,34,67,15,182
1703,66,17,67,15,165
1704,68,34,66,16,184
1705,67,18,66,16,167
1707,67,17,67,14,165
1708,67,33,66,18,184
1709,51,33,66,18,168
1710,66,34,66,17,183
1711,66,18,66,17,167
1712,67,32,51,17,167
1713,66,18,51,17,152
1714,66,34,84,17,201
1715,68,16,84,17,185
1716,66,34,67,16,183
1717,52,34,67,16,169
1718,51,17,67,16,151
1719,66,16,66,19,167
1720,84,17,98,18,217
1721,67,17,98,18,200
1722,50,17,98,18,183
1724,66,34,51,16,167
1726,65,33,67,16,181
1727,67,15,67,16,165
1728,52,15,67,16,150
1731,66,16,67,17,166
1732,67,34,83,17,201
1734,67,33,50,17,167
1737,68,17,65,18,168
1738,67,33,65,19,184
1739,67,17,65,19,168
1740,50,17,65,19,151
1741,67,15,167,18,267
1742,65,33,68,16,182
1743,101,19,80,16,216
1745,67,19,80,16,182
1746,52,19,80,16,167
1747,53,30,66,18,167
1748,68,34,66,16,184
1749,65,18,66,16,165
1751,67,16,101,17,201
1753,50,34,67,17,168
1754,66,34,65,18,183
1755,66,18,65,18,167
1756,68,33,66,17,184
1757,66,17,66,17,166
1758,67,32,102,16,217
1759,51,32,102,16,201
1760,83,16,68,16,183
1763,66,18,65,17,166
1764,69,33,67,16,185
1765,67,17,67,16,167
1766,68,32,51,16,167
1767,83,35,66,16,200
1768,65,35,66,16,182
1769,84,32,102,14,232
1770,67,32,102,14,215
1772,51,16,102,14,183
1774,66,33,66,17,182
1775,66,17,66,17,166
1777,67,18,64,17,166
1778,68,31,66,18,183
1779,52,31,66,18,167
1781,66,16,51,17,150
1782,64,33,68,16,181
1783,67,16,68,16,167
1785,67,17,67,15,166
1786,51,17,67,15,150
1787,51,33,66,17,167
1789,66,18,67,16,167
1791,65,17,51,16,149
1793,85,32,67,17,201
1794,67,32,67,17,183
1795,52,32,67,17,168
1797,67,17,66,17,167
1798,82,17,66,18,183
1799,66,17,66,18,167
1800,67,33,84,18,202
1801,50,33,84,18,185
1802,66,33,51,18,168
1803,83,35,66,15,199
1806,68,34,68,14,184
1807,51,34,68,14,167
1808,51,18,68,14,151
1810,66,36,63,16,181
1811,65,21,63,16,165
1812,68,29,69,16,182
1813,52,29,69,16,166
1814,65,34,68,16,183
1817,65,19,66,16,166
1818,50,19,66,16,151
1819,64,17,100,15,196
1823,66,17,66,18,167
1825,67,17,66,16,166
1826,67,32,50,16,165
1828,84,16,66,16,182
1829,67,16,66,16,165
1830,66,32,69,15,182
1832,50,16,69,15,150
1833,66,16,67,17,166
1834,82,19,65,17,183
1835,66,19,65,17,167
1838,67,33,66,19,185
1839,68,16,66,19,169
1840,65,33,67,18,183
1842,66,33,52,17,168
1843,66,16,52,17,151
1844,66,34,101,15,216
1847,50,35,66,15,166
1848,52,17,66,15,150
1850,67,34,67,15,183
1851,65,18,67,15,165
1852,66,33,67,16,182
1854,67,34,98,17,216
1855,66,19,98,17,200
1856,67,33,65,17,182
1857,52,33,65,17,167
1858,67,32,68,17,184
1859,68,16,68,17,169
1860,65,33,52,15,165
1861,83,35,67,16,201
1862,65,35,67,16,183
1863,66,18,67,16,167
1864,68,32,68,16,184
1865,68,15,68,16,167
1866,52,15,68,16,151
1867,50,35,67,15,167
1868,67,33,67,15,182
1869,66,17,67,15,165
1870,68,34,65,16,183
1872,67,33,66,16,182
1873,51,33,66,16,166
1875,83,34,65,17,199
1876,65,34,65,17,181
1878,66,33,67,17,183
1879,101,15,67,17,200
1880,84,15,67,17,183
1881,68,15,67,17,167
1882,65,35,66,16,182
1883,66,18,66,16,166
1884,67,32,67,18,184
1885,67,15,67,18,167
1886,67,34,51,17,169
1887,67,17,51,17,152
1888,82,17,67,16,182
1889,65,17,67,16,165
1890,67,35,82,18,202
1891,50,35,82,18,185
1892,68,32,150,16,266
1893,52,32,150,16,250
1894,67,32,68,17,184
1895,65,16,68,17,166
1896,64,36,65,17,182
1897,67,18,65,17,167
1899,52,32,50,16,150
1900,53,15,50,16,134
1901,83,33,53,15,184
1902,82,16,53,15,166
1904,50,16,53,15,134
1905,65,19,65,16,165
1906,68,33,66,18,185
1907,51,33,66,18,168
1908,53,15,66,18,152
1909,52,32,100,17,201
1911,63,18,66,17,164
1912,66,34,67,16,183
1913,68,16,67,16,167
1914,84,16,51,16,167
1915,68,16,51,16,151
1917,65,18,66,16,165
1918,83,16,67,17,183
1919,67,16,67,17,167
1923,66,17,85,15,183
1924,50,17,85,15,167
1926,50,16,67,17,150
1927,67,16,67,18,168
1928,66,34,68,16,184
1930,67,33,51,16,167
1932,67,35,67,15,184
1933,66,17,67,15,165
1934,68,32,68,15,183
1936,83,19,99,15,216
1938,67,33,66,15,181
1940,68,32,66,17,183
1944,66,32,134,16,248
1945,51,32,134,16,233
1946,66,34,66,17,183
1948,66,34,99,18,217
1949,68,17,99,18,202
1951,69,14,67,18,168
1955,81,35,100,15,231
1957,68,17,100,15,200
1958,51,17,100,15,183
1959,68,17,67,15,167
1960,51,17,67,15,150
1961,83,34,65,18,200
1962,66,34,65,18,183
1964,67,32,67,18,184
1965,84,33,52,16,185
1967,51,33,52,16,152
1969,68,16,68,16,168
1970,67,34,66,16,183
1971,100,18,66,17,201
1972,52,16,66,16,150
1974,68,32,67,17,184
1975,66,16,67,17,166
1976,66,34,67,16,183
1978,66,33,67,15,181
1980,67,34,65,21,187
1981,51,34,65,21,171
1982,67,33,64,18,182
1985,65,17,50,19,151
1986,65,21,63,17,166
1987,70,48,82,17,217
1988,53,48,82,17,200
1989,67,19,82,17,185
1990,50,19,82,17,168
1991,63,17,67,17,164
1992,69,33,67,15,184
1993,68,16,67,15,166
1994,82,17,67,17,183
1997,67,16,117,17,217
1999,65,19,83,17,184
2000,67,32,68,16,183
2001,67,15,68,16,166
2002,51,15,68,16,150
2003,86,33,65,18,202
2004,67,33,65,18,183
2005,83,33,65,18,199
2006,68,33,65,18,184
2007,51,33,65,18,167
2008,66,32,67,17,182
2009,66,16,67,17,166
2010,65,33,51,16,165
2011,67,15,51,16,149
2013,67,16,67,17,167
2014,84,16,102,13,215
2015,66,16,102,13,197
2016,51,16,102,13,182
2018,51,16,68,13,148
2025,82,33,101,17,233
2026,65,33,101,17,216
2027,70,15,101,17,203
2028,52,15,101,17,185
2029,65,16,68,17,166
2030,66,35,66,17,184
2031,65,18,66,17,166
2033,66,18,65,19,168
2034,68,33,66,17,184
2035,68,16,66,17,167
2036,66,32,101,18,217
2037,51,32,101,18,202
2039,67,15,67,18,167
2040,51,15,67,18,151
2043,67,15,51,17,150
2045,68,16,67,16,167
2046,50,16,67,16,149
2047,66,17,66,16,165
2049,65,18,66,16,165
2050,67,33,67,17,184
2052,66,33,51,16,166
2053,67,17,51,16,151
2054,66,34,51,16,167
2055,66,18,51,16,151
2056,67,33,67,17,184
2058,67,34,67,14,182
2059,51,34,67,14,166
2060,51,16,67,14,148
2061,83,34,65,16,198
2062,67,34,65,16,182
2063,66,17,65,16,164
2064,67,32,66,18,183
2067,82,33,67,16,198
2068,49,16,68,15,148
2069,51,33,67,16,167
2070,84,17,66,17,184
2071,67,17,66,17,167
2072,68,32,67,16,183
2073,52,32,67,16,167
2074,67,34,66,16,183
2075,83,33,66,17,199
2078,51,16,66,17,150
2080,66,33,51,17,167
2081,65,17,51,17,150
2082,66,34,68,16,184
2083,84,34,67,13,198
2084,67,34,67,13,181
2085,51,34,67,13,165
2086,51,17,67,13,148
2087,51,34,66,17,168
2088,68,33,66,17,184
2090,67,33,66,16,182
2092,66,33,66,17,182
2093,67,16,66,17,166
2094,66,33,50,17,166
2095,53,33,50,17,153
2096,66,33,51,16,166
2097,65,17,51,16,149
2098,66,34,67,17,184
2100,50,17,67,17,151
2102,51,16,67,16,150
2103,66,18,64,17,165
2104,67,33,66,18,184
2105,67,16,66,18,167
2106,51,16,66,18,151
2107,51,31,119,16,217
2108,64,35,84,16,199
2111,68,15,102,15,200
2112,53,15,102,15,185
2113,51,35,67,15,168
2114,68,32,67,18,185
2115,66,16,67,18,167
2116,67,35,99,18,219
2117,50,35,99,18,202
2119,51,32,67,18,168
2121,67,20,63,16,166
2122,70,29,67,16,182
2123,55,29,67,16,167
2124,67,34,98,17,216
2125,49,34,98,17,198
2127,66,17,116,17,216
2128,67,32,67,17,183
2130,65,33,51,17,166
2131,82,34,67,16,199
2132,82,17,67,16,182
2133,66,17,67,16,166
2134,67,34,66,16,183
2135,67,17,66,16,166
2137,51,33,66,18,168
2138,83,17,67,17,184
2139,66,17,67,17,167
2140,66,33,68,15,182
2141,65,17,68,15,165
2144,51,16,67,17,151
2145,51,34,101,14,200
2146,68,33,99,17,217
2148,67,34,65,17,183
2149,50,34,65,17,166
2151,52,34,66,15,167
2152,68,31,68,17,184
2154,65,35,67,16,183
2155,65,18,67,16,166
2156,66,33,118,15,232
2157,52,33,118,15,218
2160,67,33,132,16,248
2161,52,33,132,16,233
2162,67,32,100,16,215
2163,82,34,66,16,198
2164,65,34,66,16,181
2165,68,15,66,16,165
2166,51,15,66,16,148
2167,66,17,67,16,166
2169,64,17,67,16,164
2170,66,34,66,17,183
2171,84,33,100,17,234
2172,67,33,100,17,217
2173,67,17,100,17,201
2176,66,34,84,18,202
2177,67,17,84,18,186
2178,50,17,84,18,169
2179,68,16,51,18,153
2180,51,16,51,18,136
2181,67,16,67,17,167
2182,84,18,64,16,182
2183,67,18,64,16,165
2184,51,18,64,16,149
2185,52,31,67,16,166
2186,51,16,67,16,150
2187,66,16,68,15,165
2188,80,18,67,17,182
2190,67,34,66,16,183
2191,66,18,66,16,166
2192,68,33,66,17,184
2193,52,33,66,17,168
2194,67,33,67,17,184
2195,100,17,51,16,184
2197,67,17,51,16,151
2198,66,34,66,17,183
2199,66,17,66,17,166
2200,67,33,67,16,183
2202,51,16,67,16,150
2203,67,16,67,17,167
2204,66,34,65,17,182
2205,66,17,65,17,165
2206,67,33,67,17,184
2207,50,33,67,17,167
2208,67,32,52,17,168
2209,50,32,52,17,151
2211,84,34,64,19,201
2212,67,34,64,19,184
2213,67,17,64,19,167
2215,52,33,67,15,167
2216,67,31,68,16,182
2217,67,14,68,16,165
2220,67,32,100,17,216
2221,65,17,100,17,199
2222,51,17,100,17,185
2224,83,16,67,15,181
2225,68,16,67,15,166
2226,67,33,66,17,183
2227,67,17,66,17,167
2228,67,34,66,17,184
2230,50,17,66,17,150
2231,66,17,51,15,149
2232,66,34,67,16,183
2233,66,17,67,16,166
2234,66,32,67,17,182
2235,51,32,67,17,167
2237,66,18,68,16,168
2238,67,32,52,16,167
2239,66,16,52,16,150
2240,51,16,52,16,135
2242,68,32,66,16,182
2243,52,32,66,16,166
2248,66,34,66,17,183
2249,66,18,66,17,167
2250,67,32,51,16,166
2251,50,32,51,16,149
2252,66,34,67,16,183
2253,67,17,67,16,167
2254,66,33,68,16,183
2256,51,16,68,16,151
2257,68,16,67,17,168
2259,66,18,65,17,166
2260,68,33,68,15,184
2261,66,17,68,15,166
2262,67,32,68,16,183
2268,68,33,67,16,184
2269,51,33,67,16,167
2271,66,16,102,16,200
2272,65,35,67,16,183
2273,66,18,67,16,167
2274,67,33,67,17,184
2275,67,17,67,17,168
2276,68,34,65,17,184
2277,69,16,65,17,167
2278,51,16,65,17,149
2279,84,32,85,17,218
2280,67,32,85,17,201
2281,66,15,85,17,183
2284,66,36,81,16,199
2287,53,32,65,18,168
2288,51,17,65,18,151
2289,83,32,67,16,198
2290,65,32,67,16,180
2291,82,35,67,14,198
2292,65,35,67,14,181
2293,68,17,67,14,166
2294,50,17,67,14,148
2295,51,32,67,16,166
2296,67,35,66,16,184
2297,65,19,66,16,166
2298,67,32,66,18,183
2299,66,18,66,18,168
2300,67,34,67,15,183
2301,67,18,67,15,167
2302,66,32,67,17,182
2303,68,16,67,17,168
2308,67,34,66,16,183
2310,66,32,85,17,200
2311,51,32,85,17,185
2312,50,16,85,17,168
2313,67,16,51,17,151
2314,66,33,67,18,184
2315,50,33,67,18,168
2316,67,35,65,17,184
2317,67,17,65,17,166
2318,68,32,101,17,218
2319,52,32,101,17,202
2322,65,34,51,15,165
2323,67,17,51,15,150
2326,68,32,52,14,166
2327,68,15,52,14,149
2328,51,15,52,14,132
2329,84,31,68,16,199
2330,67,31,68,16,182
2331,67,14,68,16,165
2332,83,17,66,17,183
2333,65,17,66,17,165
2334,65,34,67,17,183
2335,64,18,67,17,166
2336,68,32,52,16,168
2339,67,18,83,17,185
2340,67,33,67,16,183
2341,68,16,67,16,167
2342,85,16,67,17,185
2343,68,16,67,17,168
2344,66,34,65,17,182
2346,67,33,67,16,183
2347,50,33,67,16,166
2348,67,32,51,17,167
2349,82,35,66,16,199
2352,67,33,66,17,183
2353,66,17,66,17,166
2354,51,17,66,17,151
2355,84,33,67,18,202
2356,66,33,67,18,184
2357,66,17,67,18,168
2358,66,34,68,16,184
2360,50,17,68,16,151
2363,68,17,66,16,167
2364,68,31,101,17,217
2365,52,31,101,17,201
2366,85,16,66,17,184
2367,67,16,66,17,166
2372,83,16,55,29,183
2373,67,16,55,29,167
2374,51,16,55,29,151
2375,68,17,64,19,168
2376,51,17,64,19,151
2377,71,44,68,17,200
2378,55,44,68,17,184
2379,66,15,68,17,166
2380,64,34,51,15,164
2381,78,34,67,16,195
2382,66,34,67,16,183
2384,68,32,69,16,185
2385,66,15,69,16,166
2387,68,16,67,17,168
2388,67,34,65,17,183
2390,51,18,65,17,151
2391,66,17,66,18,167
2392,67,32,52,15,166
2394,50,15,52,15,132
2395,66,17,67,17,167
2396,66,33,66,17,182
2397,67,15,66,17,165
2398,52,15,66,17,150
2399,67,17,65,17,166
2400,67,32,68,17,184
2401,66,15,68,17,166
2404,65,35,67,14,181
2405,65,18,67,14,164
2407,51,33,101,17,202
2408,86,16,99,19,220
2411,83,34,51,15,183
2412,67,34,51,15,167
2413,67,16,51,15,149
2414,67,32,85,17,201
2415,70,15,85,17,187
2417,67,15,68,17,167
2418,51,15,68,17,151
2419,66,16,100,16,198
2420,85,17,65,16,183
2421,83,34,63,19,199
2422,68,34,63,19,184
2423,68,17,63,19,167
2424,52,17,63,19,151
2425,66,16,67,16,165
2427,64,16,51,18,149
2428,63,35,65,18,181
2429,67,16,65,18,166
2430,67,34,132,17,250
2431,51,34,132,17,234
2432,51,18,132,17,218
2433,65,16,69,16,166
2434,65,36,65,17,183
2435,67,18,65,17,167
2436,67,33,67,17,184
2437,68,17,67,17,169
2438,85,16,68,18,187
2439,67,16,68,18,169
2440,65,35,51,16,167
2441,84,33,84,16,217
2443,68,16,84,16,184
2444,68,34,66,17,185
2445,51,34,66,17,168
2446,82,17,69,14,182
2447,100,16,67,17,200
2448,84,16,67,17,184
2449,82,35,65,15,197
2450,66,35,65,15,181
2451,51,35,65,15,166
2453,116,34,66,18,234
2454,67,33,67,15,182
2456,65,34,66,18,183
2457,51,34,66,18,169
2458,82,18,131,18,249
2459,83,33,67,14,197
2462,66,34,64,18,182
2463,69,16,64,18,167
2464,67,33,66,17,183
2465,52,33,66,17,168
2466,81,17,68,16,182
2468,64,35,66,16,181
2469,67,17,66,16,166
2471,52,33,67,17,169
2475,65,18,67,21,171
2476,67,33,68,15,183
2479,68,17,68,14,167
2481,71,47,81,17,216
2482,55,47,81,17,200
2483,51,34,81,17,183
2484,68,33,65,17,183
2485,61,19,65,17,162
2486,67,32,66,16,181
2487,52,32,66,16,166
2488,65,33,66,18,182
2489,67,17,66,18,168
2490,65,33,68,15,181
2492,66,33,66,17,182
2493,66,17,66,17,166
2494,66,35,67,14,182
2495,67,17,67,14,165
2496,68,31,67,16,182
2497,52,31,67,16,166
2498,66,36,66,16,184
2499,65,19,66,16,166
2500,67,31,51,17,166
2501,66,17,51,17,151
2502,67,35,65,18,185
2503,66,19,65,18,168
2504,66,33,66,18,183
2506,51,17,66,18,152
2508,65,34,66,18,183
2509,83,36,80,19,218
2510,66,36,80,19,201
2511,68,18,80,19,185
2512,52,18,80,19,169
2513,100,17,99,17,233
2516,65,34,65,17,181
2518,69,31,69,14,183
2520,65,34,67,17,183
2521,68,16,67,17,168
2522,65,35,65,16,181
2523,67,18,65,16,166
2524,51,18,65,16,150
2525,51,32,67,17,167
2526,67,33,101,15,216
2527,67,16,101,15,199
2529,67,18,99,17,201
2530,84,17,65,17,183
2533,85,32,68,16,201
2534,67,32,68,16,183
2535,65,17,68,16,166
2536,82,17,67,17,183
2537,66,17,67,17,167
2538,66,34,66,16,182
2539,68,17,66,16,167
2541,51,33,67,15,166
2542,67,33,66,17,183
2543,67,16,66,17,166
2544,66,34,68,16,184
2545,66,18,68,16,168
2548,66,36,52,29,183
2550,68,32,67,17,184
2552,52,16,67,17,152
2553,51,20,64,14,149
2554,52,47,65,17,181
2556,67,31,51,16,165
2557,64,14,51,16,145
2559,68,15,68,16,167
2561,65,16,68,17,166
2562,51,16,68,17,152
2563,66,17,65,18,166
2564,68,33,65,19,185
2566,51,17,65,19,152
2567,67,15,52,15,149
2568,65,33,67,17,182
2569,82,34,67,18,201
2570,84,15,67,18,184
2573,67,15,52,15,149
2574,67,34,67,15,183
2575,65,17,67,15,164
2577,67,15,99,18,199
2578,52,15,99,18,184
2580,52,15,65,18,150
2581,64,17,67,16,164
2582,66,33,69,15,183
2583,64,16,69,15,164
2584,65,34,67,20,186
2586,51,16,67,20,154
2587,100,17,101,15,233
2588,69,32,101,15,217
2589,66,17,101,15,199
2590,67,33,68,15,183
2591,71,13,68,15,167
2592,52,13,68,15,148
2593,66,19,66,17,168
2594,83,18,66,17,184
2595,63,18,66,17,164
2596,68,33,67,18,186
2597,67,18,67,18,170
2598,66,33,52,14,165
2599,68,16,52,14,150
2600,66,34,82,17,199
2601,103,14,67,17,201
2602,67,32,67,17,183
2603,68,14,67,17,166
2604,52,14,67,17,150
2606,99,33,67,17,216
2608,67,33,67,17,184
2609,82,34,68,17,201
2611,67,17,68,17,169
2612,50,17,68,17,152
2613,50,33,68,22,173
2614,67,35,55,19,176
2615,50,35,55,19,159
2617,52,33,67,16,168
2618,52,16,67,16,151
2619,73,45,67,16,201
2622,67,33,67,14,181
2623,61,17,67,14,159
2624,59,34,65,16,174
2625,66,17,65,16,164
2626,50,17,65,16,148
2627,67,17,64,17,165
2628,67,32,66,17,182
2629,64,18,66,17,165
2632,64,34,50,18,166
2633,84,34,82,17,217
2635,67,17,82,17,183
2637,67,18,99,17,201
2638,68,34,65,17,184
2639,51,34,65,17,167
2640,68,31,69,16,184
2641,66,17,69,16,168
2642,65,34,51,16,166
2644,65,35,82,17,199
2645,51,35,82,17,185
2647,66,16,133,18,233
2648,51,16,133,18,218
2649,84,33,66,18,201
2650,66,33,66,18,183
2651,66,17,66,18,167
2652,67,33,117,17,234
2654,66,33,84,17,200
2655,68,15,84,17,184
2656,66,34,101,16,217
2657,66,16,101,16,199
2658,51,16,101,16,184
2659,65,17,68,16,166
2661,66,17,66,16,165
2663,51,34,65,17,167
2664,68,32,66,17,183
2665,67,16,66,17,166
2666,66,33,67,17,183
2669,82,34,100,17,233
2671,67,17,100,17,201
2672,67,35,65,17,184
2673,67,18,65,17,167
2675,83,34,100,17,234
2678,65,34,66,17,182
2679,51,34,66,17,168
2680,51,17,66,17,151
2681,68,15,69,16,168
2683,66,17,51,16,150
2684,66,35,82,18,201
2685,66,18,82,18,184
2687,52,32,68,16,168
2688,51,16,68,16,151
2689,66,17,51,16,150
2690,65,35,97,18,215
2691,66,18,97,18,199
2692,50,18,97,18,183
2694,51,16,100,16,183
2695,66,17,67,16,166
2696,65,32,74,28,199
2697,65,16,74,28,183
2698,65,35,67,17,184
2700,106,28,65,17,216
2701,51,39,77,16,183
2702,74,28,65,17,184
2703,67,17,65,17,166
2704,50,17,65,17,149
2705,51,33,67,16,167
2706,77,16,68,16,177
2707,82,35,67,15,199
2710,67,33,100,18,218
2711,51,33,100,18,202
2712,68,34,66,18,186
2713,67,18,66,18,169
2714,67,32,52,16,167
2716,66,34,83,19,202
2717,50,34,83,19,186
2718,50,16,83,19,168
2719,51,34,68,13,166
2722,83,19,81,16,199
2723,65,19,81,16,181
2724,68,31,66,18,183
2726,67,33,68,16,184
2727,67,16,68,16,167
2729,68,16,67,17,168
2730,66,35,67,15,183
2731,49,35,67,15,166
2732,68,32,68,15,183
2734,51,16,68,15,150
2735,66,18,65,17,166
2736,67,33,65,20,185
2737,51,33,65,20,169
2738,68,32,53,14,167
2739,83,33,69,15,200
2741,67,16,69,15,167
2742,65,34,50,15,164
2743,50,34,50,15,149
2745,67,18,99,16,200
2746,51,18,99,16,184
2747,64,15,69,16,164
2749,67,17,100,16,200
2750,66,33,67,16,182
2751,51,33,67,16,167
2752,51,18,67,16,152
2754,65,35,51,15,166
2755,68,17,51,15,151
2756,67,33,65,18,183
2757,67,17,65,18,167
2758,51,17,65,18,151
2759,68,15,66,18,167
2760,51,15,66,18,150
2761,67,15,52,16,150
2763,65,16,66,18,165
2767,66,16,51,17,150
2768,66,35,66,17,184
2770,50,17,66,17,150
2771,51,33,68,14,166
2772,51,17,68,14,150
2774,66,35,98,16,215
2775,67,18,98,16,199
2776,68,31,67,16,182
2780,65,33,51,15,164
2782,67,35,66,17,185
2783,66,19,66,17,168
2784,68,31,67,17,183
2785,53,31,67,17,168
2786,101,32,100,17,250
2787,67,18,66,17,168
2788,66,32,100,17,215
2789,67,15,100,17,199
2790,52,15,100,17,184
2791,84,35,65,18,202
2792,66,35,65,18,184
2793,66,18,65,18,167
2794,51,18,65,18,152
2798,65,34,101,14,214
2799,68,16,101,14,199
2800,52,16,101,14,183
2802,66,34,66,17,183
2803,65,17,66,17,165
2804,84,17,64,20,185
2805,67,17,64,20,168
2806,52,17,64,20,153
2807,52,31,53,16,152
2808,66,33,67,18,184
2810,84,16,125,23,248
2811,70,16,125,23,234
2812,53,16,125,23,217
2813,83,36,81,16,216
2814,67,36,81,16,200
2815,65,18,81,16,180
2816,67,58,56,25,206
2817,108,39,67,15,229
2819,76,39,67,15,197
2821,56,25,57,16,154
2822,77,25,100,15,217
2823,58,25,100,15,198
2827,84,34,66,16,200
2828,66,34,66,16,182
2829,51,34,66,16,167
2830,68,32,68,17,185
2831,52,32,68,17,169
2832,66,34,67,16,183
2833,50,34,67,16,167
2834,66,34,66,16,182
2835,51,34,66,16,167
2836,68,33,67,17,185
2837,51,33,67,17,168
2838,51,16,67,17,151
2839,67,17,67,15,166
2841,65,18,100,17,200
2842,67,33,67,17,184
2844,67,32,52,14,165
2845,51,32,52,14,149
2849,52,31,69,17,169
2850,52,14,69,17,152
2851,66,19,66,15,166
2852,67,33,101,14,215
2855,52,33,68,14,167
2856,66,32,50,18,166
2857,66,17,50,18,151
2858,65,36,65,16,182
2859,65,19,65,16,165
2860,68,32,99,17,216
2861,67,18,99,17,201
2863,84,33,67,17,201
2865,67,17,67,17,168
2866,66,33,68,15,182
2867,83,34,68,15,200
2869,50,34,68,15,167
2870,67,34,66,16,183
2871,67,17,66,16,166
2872,68,34,65,16,183
2873,85,32,49,25,191
2874,68,32,49,25,174
2875,66,17,49,25,157
2876,66,33,100,17,216
2879,66,25,59,17,167
2880,49,25,59,17,150
2881,58,23,53,16,150
2882,64,36,66,18,184
2883,67,17,66,18,168
2885,70,16,67,16,169
2886,53,16,67,16,152
2887,67,16,67,16,166
2888,66,34,65,20,185
2889,67,16,65,20,168
2890,51,16,65,20,152
2891,66,17,52,14,149
2892,67,32,69,17,185
2893,65,16,69,17,167
2895,69,14,67,17,167
2896,52,14,67,17,150
2897,50,35,66,18,169
2899,66,15,52,15,148
2901,67,17,66,19,169
2903,67,15,52,14,148
2904,52,15,52,14,133
2905,67,16,68,15,166
2906,66,33,67,19,185
2907,67,14,67,19,167
2908,52,14,67,19,152
2909,67,17,67,14,165
2910,68,32,67,16,183
2911,64,17,67,16,164
2912,67,35,66,16,184
2913,68,16,66,16,166
2914,51,16,66,16,149
2916,67,34,66,17,184
2917,64,18,66,17,165
2918,66,33,68,16,183
2922,66,35,84,16,201
2924,68,31,53,16,168
2926,51,15,53,16,135
2927,66,18,66,17,167
2928,84,16,102,15,217
2930,53,16,102,15,186
2932,66,34,51,18,169
2934,66,36,80,16,198
2936,70,33,97,18,218
2937,53,33,97,18,201
2939,101,16,69,15,201
2942,63,34,66,17,180
2943,49,34,66,17,166
2945,68,17,81,20,186
2946,52,17,81,20,170
2947,65,16,70,14,165
2949,65,17,100,17,199
2951,66,20,64,17,167
2952,50,20,64,17,151
2954,67,33,116,18,234
2955,67,17,116,18,218
2957,67,18,81,18,184
2959,52,31,68,17,168
2960,83,16,52,17,168
2962,64,35,66,17,182
2963,84,34,65,17,200
2964,68,34,65,17,184
2967,52,32,50,17,151
2968,66,33,84,16,199
2972,50,17,66,17,150
2973,66,17,68,16,167
2975,67,16,51,16,150
2976,66,35,66,17,184
2977,50,35,66,17,168
2978,68,32,67,15,182
2979,51,32,67,15,165
2980,51,16,67,15,149
2981,50,34,66,17,167
2984,82,18,66,18,184
2987,66,16,51,16,149
2988,66,33,68,18,185
2989,67,17,68,18,170
2990,66,34,52,15,167
2993,85,33,68,15,201
2995,68,15,68,15,166
2996,52,15,68,15,150
2999,66,17,82,16,181
3000,68,32,66,16,182
3002,66,33,68,17,184
3003,64,18,68,17,167
3004,65,33,66,17,181
3005,67,16,66,17,166
3006,66,35,65,19,185
3008,68,31,117,17,233
3010,83,17,83,17,200
3011,67,17,83,17,184
3012,65,35,65,17,182
3014,53,16,65,17,151
3015,66,19,67,15,167
3016,83,17,67,17,184
3017,64,17,67,17,165
3018,65,35,64,18,182
3019,51,35,64,18,168
3021,52,32,68,18,170
3022,67,32,54,13,166
3023,82,36,65,17,200
3024,64,36,65,17,182
3027,69,13,69,16,167
3031,64,18,66,15,163
3032,69,31,69,15,184
3033,83,35,100,15,233
3034,66,35,100,15,216
3037,50,34,66,15,165
3039,50,32,66,18,166
3040,66,34,100,16,216
3042,66,32,68,16,182
3043,51,32,68,16,167
3044,66,34,67,16,183
3047,68,17,65,19,169
3051,66,16,67,18,167
3053,68,16,83,16,183
3054,51,16,83,16,166
3055,83,35,64,19,201
3056,67,35,64,19,185
3057,66,17,64,19,166
3060,51,16,68,15,150
3062,64,36,65,19,184
3063,67,17,65,19,168
3064,68,32,52,14,166
3065,65,17,52,14,148
3066,51,17,52,14,134
3067,67,15,68,17,167
3070,84,17,67,16,184
3071,66,17,67,16,166
3073,66,15,51,18,150
3074,67,35,66,18,186
3075,66,18,66,18,168
3077,66,18,65,16,165
3078,51,18,65,16,150
3080,66,33,68,15,182
3082,65,34,66,17,182
3083,66,18,66,17,167
3084,67,34,65,18,184
3085,64,19,65,18,166
3086,68,32,67,17,184
3089,84,34,67,16,201
3090,65,34,67,16,182
3091,68,16,67,16,167
3092,51,16,67,16,150
3093,67,16,67,16,166
3096,83,17,66,17,183
3097,66,17,66,17,166
3098,67,33,100,16,216
3099,50,33,100,16,199
3100,66,33,67,16,182
3103,83,34,68,15,200
3106,50,17,68,15,150
3108,68,34,65,17,184
3109,68,17,65,17,167
3110,68,31,68,16,183
3113,66,16,50,17,149
3116,51,17,67,17,152
3120,84,16,65,17,182
3121,68,16,65,17,166
3123,67,18,98,17,200
3124,67,31,67,17,182
3125,67,14,67,17,165
3126,51,14,67,17,149
3127,66,17,134,16,233
3129,65,16,70,14,165
3130,67,35,66,16,184
3131,67,18,66,16,167
3132,50,18,66,16,150
3134,70,31,51,16,168
3135,67,17,51,16,151
3136,82,18,84,16,200
3137,67,18,84,16,185
3138,65,33,67,17,182
3140,51,16,67,17,151
3141,66,19,65,17,167
3142,84,16,66,17,183
3143,67,16,66,17,166
3144,67,32,51,17,167
3145,84,34,51,15,184
3146,65,34,51,15,165
3147,65,17,51,15,148
3148,66,34,83,16,199
3149,66,17,83,16,182
3150,51,17,83,16,167
3151,51,32,67,17,167
3155,66,16,67,17,166
3156,67,34,66,16,183
3159,67,16,67,16,166
3160,67,33,69,14,183
3162,82,18,66,21,187
3164,67,35,52,15,169
3165,66,19,52,15,152
3166,69,31,68,17,185
3167,53,31,68,17,169
3168,66,36,64,16,182
3169,50,36,64,16,166
3170,52,15,64,16,147
3171,53,32,65,17,167
3172,68,32,67,16,183
3175,66,17,67,17,167
3177,98,17,51,16,182
3178,67,33,51,16,167
3179,67,17,51,16,151
3180,67,34,83,17,201
3181,67,17,83,17,184
3186,66,34,66,17,183
3187,66,17,66,17,166
3191,50,33,66,17,166
3193,66,16,67,17,166
3195,64,17,51,17,149
3197,66,17,68,15,166
3200,51,17,67,15,150
3202,68,33,67,17,185
3204,67,30,54,15,166
3205,65,15,54,15,149
3206,63,37,67,14,181
3207,67,18,67,14,166
3208,67,32,68,17,184
3211,68,17,65,16,166
3212,67,33,66,17,183
3213,64,19,66,17,166
3215,82,34,67,17,200
3217,85,34,50,17,186
3219,66,17,50,17,150
3220,51,17,50,17,135
3221,52,33,66,17,168
3222,51,16,66,17,150
3223,67,17,67,16,167
3224,50,17,67,16,150
3225,65,17,51,16,149
3226,66,35,65,16,182
3227,66,18,65,16,165
3228,67,32,67,17,183
3229,52,32,67,17,168
3230,51,16,67,17,151
3232,65,34,67,15,181
3234,84,15,67,18,184
3235,68,15,67,18,168
3236,51,15,67,18,151
3237,50,35,66,15,166
3238,67,32,66,19,184
3239,65,17,66,19,167
3240,67,34,67,16,184
3241,50,34,67,16,167
3244,66,35,67,15,183
3247,52,32,50,19,153
3248,51,16,50,19,136
3252,50,19,82,17,168
3253,83,35,65,17,200
3254,65,35,65,17,182
3256,66,33,66,17,182
3257,68,17,66,17,168
3258,68,32,51,16,167
3259,50,32,51,16,149
3260,82,17,83,18,200
3261,66,17,83,18,184
3263,50,33,68,17,168
3265,67,17,66,17,167
3267,66,18,82,19,185
3268,68,32,69,15,184
3269,51,32,69,15,167
3270,51,15,69,15,150
3272,66,35,64,18,183
3273,65,19,64,18,166
3277,68,15,67,15,165
3278,64,34,67,18,183
3279,67,16,67,18,168
3280,85,15,52,16,168
3281,67,15,52,16,150
3282,67,34,84,16,201
3283,64,19,84,16,183
3285,67,16,100,15,198
3286,68,31,102,16,217
3287,53,31,102,16,202
3288,84,16,67,16,183
3289,66,16,67,16,165
3296,66,34,66,17,183
3297,68,17,66,17,168
3298,67,32,102,15,216
3299,51,32,102,15,200
3300,66,34,68,15,183
3301,83,33,99,18,233
3302,83,16,99,18,216
3303,68,16,99,18,201
3304,67,35,64,18,184
3305,66,18,64,18,166
3306,68,31,68,15,182
3307,66,16,68,15,165
3308,82,17,100,17,216
3309,65,17,100,17,199
3310,64,35,65,17,181
3312,68,32,66,19,185
3313,52,32,66,19,169
3314,67,33,52,17,169
3315,67,15,52,17,151
3316,82,16,67,18,183
3317,67,16,67,18,168
3318,66,36,67,14,183
3319,67,17,67,14,165
3321,52,31,102,17,202
3322,67,36,66,17,186
3323,66,18,66,17,167
3324,67,31,118,16,232
3325,62,17,118,16,213
3326,67,35,83,16,201
3327,66,18,83,16,183
3328,66,31,68,17,182
3329,52,31,68,17,168
3330,52,14,68,17,151
3331,67,16,67,17,167
3332,83,16,67,17,183
3334,68,33,68,16,185
3337,66,17,50,17,150
3339,84,33,65,18,200
3341,67,17,65,18,167
3343,50,33,65,17,165
3344,66,32,68,16,182
3345,82,33,68,17,200
3346,65,33,68,17,183
3347,67,15,68,17,167
3351,66,17,50,17,150
3354,50,17,67,17,151
3356,50,17,67,15,149
3357,68,16,68,14,166
3358,67,33,67,16,183
3359,51,33,67,16,167
3360,67,35,65,15,182
3361,64,20,65,15,164
3362,68,32,99,16,215
3364,67,33,66,16,182
3366,65,34,66,15,180
3367,85,32,68,17,202
3369,67,16,68,17,168
3370,66,34,51,16,167
3372,66,34,65,16,181
3373,65,19,65,16,165
3375,52,33,65,18,168
3376,51,16,65,18,150
3378,65,33,68,17,183
3379,64,17,68,17,166
3380,65,34,51,16,166
3382,51,16,51,16,134
3384,51,17,83,17,168
3389,66,17,66,16,165
3390,67,32,69,17,185
3391,51,32,69,17,169
3392,66,34,52,14,166
3393,66,17,52,14,149
3395,66,19,65,16,166
3396,69,31,117,18,235
3397,52,31,117,18,218
3398,84,16,67,16,183
3399,68,16,67,16,167
3401,64,17,68,16,165
3403,66,17,66,16,165
3404,50,17,66,16,149
3406,50,18,65,18,151
3407,51,32,68,15,166
3410,65,35,66,16,182
3411,67,17,66,16,166
3412,51,17,66,16,150
3414,50,18,66,16,150
3415,66,17,66,17,166
3416,66,33,65,18,182
3418,66,33,68,16,183
3420,66,32,52,15,165
3421,67,15,52,15,149
3423,67,18,65,17,167
3424,68,31,51,17,167
3425,51,31,51,17,150
3426,52,15,51,17,135
3427,83,34,99,18,234
3428,65,34,99,18,216
3432,66,35,65,17,183
3433,68,16,65,17,166
3434,84,15,134,17,250
3435,67,15,134,17,233
3437,66,15,68,18,167
3439,65,19,65,17,166
3440,69,32,68,16,185
3441,67,16,68,16,167
3442,52,16,68,16,152
3445,66,18,82,17,183
3447,66,15,68,16,165
3448,66,34,68,15,183
3450,82,17,66,18,183
3451,66,17,66,18,167
3453,51,34,68,17,170
3454,68,32,120,15,235
3456,66,36,99,17,218
3457,50,36,99,17,202
3458,68,31,68,17,184
3459,70,14,68,17,169
3461,65,17,100,17,199
3462,64,35,65,17,181
3463,67,15,65,17,164
3464,53,15,65,17,150
3465,52,31,67,20,170
3466,52,14,67,20,153
3467,65,15,67,16,163
3468,50,15,67,16,148
3469,65,16,67,18,166
3470,67,34,66,18,185
3471,68,14,66,18,166
3472,53,14,66,18,151
3473,66,17,51,18,152
3474,67,33,100,19,219
3475,65,15,100,19,199
3476,51,15,100,19,185
3478,51,18,64,19,152
3480,85,15,104,14,218
3481,67,15,104,14,200
3482,64,35,69,14,182
3483,67,16,69,14,166
3486,52,15,117,17,201
3487,65,20,80,17,182
3488,69,29,68,16,182
3492,62,35,66,16,179
3493,66,17,66,16,165
3494,51,17,66,16,150
3495,67,17,67,18,169
3496,51,17,67,18,153
3497,67,16,52,16,151
3499,50,34,117,15,216
3500,67,34,83,15,199
3501,68,16,83,15,182
3502,52,16,83,15,166
3504,82,19,65,18,184
3505,64,19,65,18,166
3507,68,15,52,17,152
3508,66,34,69,16,185
3509,68,16,69,16,169
3510,65,35,66,18,184
3511,67,17,66,18,168
3512,52,17,66,18,153
3513,51,34,65,16,166
3517,67,15,67,15,164
3518,65,34,68,13,180
3522,67,35,51,14,167
3523,66,20,51,14,151
3525,51,31,68,17,167
3526,66,34,51,16,167
3527,71,14,51,16,152
3530,85,16,66,17,184
3531,65,16,66,17,164
3533,101,16,66,17,200
3537,66,17,67,15,165
3538,66,32,71,13,182
3539,65,17,71,13,166
3540,66,35,65,18,184
3541,66,18,65,18,167
3542,67,36,64,16,183
3543,52,36,64,16,168
3546,65,35,66,17,183
3547,68,17,66,17,168
3548,64,33,67,17,181
3549,51,33,67,17,168
3551,67,16,70,12,165
3553,67,17,64,17,165
3554,67,36,63,18,184
3555,67,19,63,18,167
3556,51,19,63,18,151
3559,64,18,68,16,166
3561,69,17,65,16,167
3562,70,33,66,16,185
3563,53,33,66,16,168
3564,68,32,67,17,184
3565,66,16,67,17,166
3566,65,34,65,18,182
3569,66,17,66,19,168
3571,51,32,70,14,167
3572,83,16,66,23,188
3573,67,16,66,23,172
3574,50,16,66,23,155
3575,68,17,82,16,183
3576,53,17,82,16,168
3577,52,30,52,16,150
3578,66,23,63,15,167
3582,86,15,68,16,185
3583,63,15,68,16,162
3584,118,17,68,14,217
3587,66,17,68,14,165
3588,68,35,80,18,201
3590,70,33,65,15,183
3591,52,33,65,15,165
3592,68,30,67,18,183
3593,52,30,67,18,167
3595,66,18,67,15,166
3596,65,32,68,15,180
3597,66,17,68,15,166
3598,50,17,68,15,150
3599,50,35,100,16,201
3602,68,34,66,16,184
3603,50,34,66,16,166
3604,67,33,66,17,183
3605,52,33,66,17,168
3606,67,33,66,16,182
3608,49,17,66,16,148
3609,52,33,151,15,251
3610,66,33,83,18,200
3611,67,16,83,18,184
3612,66,36,65,17,184
3614,69,31,100,18,218
3615,52,31,100,18,201
3616,83,18,84,15,200
3617,67,18,84,15,184
3618,65,32,52,15,164
3622,66,33,66,18,183
3623,67,15,66,18,166
3624,52,15,66,18,151
3626,68,31,66,17,182
3627,65,16,66,17,164
3629,69,17,66,17,169
3630,81,16,52,15,164
3631,66,16,52,15,149
3633,65,18,65,18,166
3635,68,15,134,17,234
3636,52,15,134,17,218
3637,68,15,68,16,167
3638,50,15,68,16,149
3639,66,16,67,17,166
3641,65,18,50,16,149
3642,68,33,66,18,185
3643,66,17,66,18,167
3644,67,33,69,19,188
3645,68,16,69,19,172
3646,50,16,69,19,154
3647,68,15,55,17,155
3648,51,15,55,17,138
3650,69,36,80,15,200
3651,51,36,80,15,182
3652,55,17,80,15,167
3653,54,28,67,18,167
3654,64,34,51,15,164
3658,52,15,69,15,151
3661,84,30,52,15,181
3664,66,35,83,18,202
3669,64,17,67,16,164
3672,51,18,100,17,186
3673,52,32,68,17,169
3674,83,17,52,16,168
3675,66,17,52,16,151
3676,83,17,67,16,183
3678,68,33,67,16,184
3682,67,33,68,15,183
3684,67,31,52,17,167
3685,52,31,52,17,152
3686,64,37,81,16,198
3688,68,32,65,16,181
3689,52,32,65,16,165
3691,65,18,66,19,168
3692,64,33,68,16,181
3693,66,16,68,16,166
3694,65,33,51,16,165
3697,68,16,66,18,168
3698,52,16,66,18,152
3699,52,32,52,16,152
3700,51,16,52,16,135
3702,66,34,65,19,184
3703,68,16,65,19,168
3705,68,16,66,16,166
3708,65,34,133,19,251
3709,67,15,133,19,234
3710,66,33,119,16,234
3711,65,17,119,16,217
3712,85,15,67,19,186
3713,66,15,67,19,167
3714,51,15,67,19,152
3715,50,33,53,16,152
3716,66,34,68,16,184
3717,82,35,64,17,198
3718,67,35,64,17,183
3719,69,16,64,17,166
3720,53,16,64,17,150
3722,68,31,67,17,183
3723,65,15,67,17,164
3724,100,31,69,14,214
3725,51,36,65,16,168
3726,67,31,69,14,181
3727,51,31,69,14,165
3728,67,34,66,18,185
3729,67,17,66,18,168
3731,67,19,65,17,168
3735,68,16,69,14,167
3736,65,32,101,18,216
3737,68,15,101,18,202
3739,66,19,99,15,199
3740,69,32,67,15,183
3741,52,32,67,15,166
3742,51,18,67,15,151
3744,64,35,66,16,181
3745,85,33,65,18,201
3746,67,33,65,18,183
3750,49,17,83,17,166
3751,51,32,51,17,151
3752,65,33,85,16,199
3753,82,35,132,17,266
3754,65,35,132,17,249
3755,67,17,132,17,233
3756,51,17,132,17,217
3757,65,18,66,17,166
3758,68,33,66,17,184
3760,66,33,50,18,167
3761,51,33,50,18,152
3762,66,33,68,17,184
3763,66,16,68,17,167
3766,50,18,66,16,150
3768,53,15,100,16,184
3769,68,16,83,18,185
3770,66,32,51,18,167
3771,64,16,51,18,149
3772,65,35,85,14,199
3774,67,34,65,19,185
3775,51,34,65,19,169
3777,52,31,71,12,166
3780,65,37,64,17,183
3781,69,18,64,17,168
3782,53,18,64,17,152
3783,63,19,66,16,164
3784,68,33,100,17,218
3785,66,16,100,17,199
3786,64,33,67,17,181
3788,66,32,121,13,232
3789,65,16,121,13,215
3791,66,17,71,15,169
3792,67,33,53,13,166
3793,68,16,53,13,150
3794,52,16,53,13,134
3795,103,13,50,18,184
3796,71,28,50,18,167
3797,54,28,50,18,150
3798,53,13,50,18,134
3800,62,34,66,17,179
3801,63,18,66,17,164
3802,50,18,66,17,151
3803,51,34,66,17,168
3804,68,32,51,15,166
3806,51,15,51,15,132
3807,68,17,82,16,183
3808,66,32,66,18,182
3809,66,15,66,18,165
3810,51,15,66,18,150
3811,66,16,69,15,166
3812,65,33,51,17,166
3814,50,16,51,17,134
3816,51,18,99,16,184
3817,67,17,67,16,167
3818,51,17,67,16,151
3819,66,18,98,18,200
3822,67,34,66,16,183
3827,67,17,65,16,165
3829,65,16,69,15,165
3830,51,16,69,15,151
3831,67,15,51,16,149
3832,50,15,51,16,132
3833,65,20,66,17,168
3834,69,31,68,17,185
3835,51,31,68,17,167
3836,51,16,68,17,152
3837,69,17,99,18,203
3838,66,33,100,16,215
3839,51,33,100,16,200
3841,67,17,66,16,166
3842,67,32,67,16,182
3843,65,17,67,16,165
3844,66,34,67,15,182
3845,67,16,67,15,165
3846,66,33,66,17,182
3847,84,34,82,17,217
3850,67,32,67,16,182
3851,51,32,67,16,166
3852,83,17,66,16,182
3853,67,17,66,16,166
3854,66,33,67,16,182
3855,84,33,50,17,184
3857,50,33,50,17,150
3860,67,33,68,15,183
3861,51,33,68,15,167
3864,66,35,66,17,184
3865,67,18,66,17,168
3866,50,18,66,17,151
3867,67,19,66,16,168
3868,69,32,67,18,186
3870,66,34,65,16,181
3871,85,33,64,19,201
3873,52,33,64,19,168
3874,67,32,68,17,184
3876,65,32,53,14,164
3878,83,17,66,18,184
3879,65,17,66,18,166
3880,51,17,66,18,152
3881,52,31,53,15,151
3882,53,14,53,15,135
3883,69,14,66,17,166
3885,67,15,68,17,167
3886,83,18,52,16,169
3888,66,35,98,18,217
3890,68,33,65,18,184
3892,83,18,65,18,184
3893,66,18,65,18,167
3894,66,32,67,18,183
3896,65,33,101,16,215
3897,68,15,101,16,200
3899,67,16,67,16,166
3900,67,35,64,15,181
3901,67,17,64,15,163
3903,51,32,83,17,183
3905,81,35,101,15,232
3907,64,20,101,15,200
3909,67,17,83,16,183
3910,51,17,83,16,167
3911,53,33,66,19,171
3912,66,35,98,18,217
3914,68,31,67,18,184
3915,66,16,67,18,167
3917,68,15,66,18,167
3918,65,33,51,17,166
3919,68,15,51,17,151
3920,52,15,51,17,135
3922,66,35,67,16,184
3923,66,17,67,16,166
3925,66,16,51,16,149
3926,51,16,51,16,134
3927,66,18,98,17,199
3928,67,32,101,17,217
3929,67,16,101,17,201
3930,51,16,101,17,185
3931,83,33,118,17,251
3932,65,33,118,17,233
3933,68,14,118,17,217
3935,66,18,83,17,184
3937,66,15,68,17,166
3939,67,17,67,17,168
3942,51,17,67,17,152
3943,51,33,67,16,167
3944,84,17,67,16,184
3945,84,33,67,15,199
3946,67,33,67,15,182
3947,67,16,67,15,165
3950,83,17,100,17,217
3951,66,17,100,17,200
3952,67,32,68,17,184
3953,51,32,68,17,168
3955,83,34,98,18,233
3956,66,34,98,18,216
3957,68,17,98,18,201
3958,68,33,65,18,184
3959,52,33,65,18,168
3960,51,16,65,18,150
3961,68,15,66,18,167
3962,66,32,68,16,182
3964,65,34,50,17,166
3966,66,34,68,16,184
3967,100,17,51,17,185
3970,50,17,51,17,135
3973,52,33,66,15,166
3974,51,17,66,15,149
3975,66,18,66,18,168
3976,66,33,66,17,182
3978,66,33,116,17,232
3980,66,33,83,17,199
3981,69,15,83,17,184
3983,51,35,65,16,167
3984,68,33,66,17,184
3986,68,32,69,17,186
3987,66,17,69,17,169
3988,65,34,52,14,165
3990,66,35,66,16,183
3991,51,35,66,16,168
3992,51,18,66,16,151
3993,53,31,67,16,167
3994,52,14,67,16,149
3995,64,20,65,17,166
3996,66,32,66,17,181
3997,65,16,66,17,164
3999,68,17,67,17,169
4000,65,33,51,16,165
4002,83,17,67,16,183
4005,67,16,66,18,167
4006,51,16,66,18,151
4007,66,18,100,16,200
4008,67,32,68,16,183
4010,66,35,67,16,184
4011,68,17,67,16,168
4012,67,33,67,17,184
4014,68,34,67,19,188
4016,67,33,53,13,166
4019,68,17,83,17,185
4020,67,32,85,14,198
4021,51,32,85,14,182
4022,53,13,85,14,165
4023,65,16,53,14,148
4024,64,36,98,18,216
4026,68,31,67,18,184
4027,69,14,67,18,168
4028,53,14,67,18,152
4029,66,15,52,16,149
4030,64,34,100,18,216
4031,81,34,66,18,199
4032,67,34,66,18,185
4033,67,16,66,18,167
4034,52,16,66,18,152
4035,67,18,65,18,168
4036,69,31,67,18,185
4037,66,16,67,18,167
4042,85,16,65,19,185
4043,67,16,65,19,167
4045,66,15,52,15,148
4046,51,15,52,15,133
4047,66,15,70,14,165
4048,65,34,68,15,182
4049,67,15,68,15,165
4051,66,19,64,20,169
4052,84,18,65,17,184
4053,65,18,65,17,165
4055,66,17,66,17,166
4057,70,13,68,17,168
4058,52,13,68,17,150
4060,66,35,66,18,185
4061,81,32,68,17,198
4062,68,32,68,17,185
4063,51,32,68,17,168
4064,52,15,68,17,152
4065,84,34,66,16,200
4066,66,34,66,16,182
4067,67,16,66,16,165
4068,52,16,66,16,150
4069,67,16,66,18,167
4070,51,16,66,18,151
4071,65,17,66,18,166
4072,66,33,68,17,184
4073,65,17,68,17,167
4074,66,33,52,16,167
4075,68,15,52,16,151
4076,66,35,82,17,200
4077,68,17,82,17,184
4081,66,17,67,15,165
4082,66,33,66,17,182
4083,82,34,67,16,199
4084,100,32,51,17,200
4085,66,18,67,16,167
4087,66,17,51,17,151
4089,85,33,66,15,199
4090,67,33,66,15,181
4093,67,17,66,17,167
4094,66,33,67,17,183
4095,67,16,67,17,167
4096,50,16,67,17,150
4098,66,34,68,15,183
4100,67,32,51,18,168
4101,52,32,51,18,153
4103,67,18,64,17,166
4104,68,33,64,18,183
4105,51,33,64,18,166
4106,51,18,64,18,151
4107,51,31,51,18,151
4108,64,33,68,16,181
4109,66,16,68,16,166
4110,64,36,98,18,216
4111,66,18,98,18,200
4112,51,18,98,18,185
4114,68,35,65,18,186
4115,66,19,65,18,168
4116,67,31,100,17,215
4117,66,15,100,17,198
4119,68,16,66,17,167
4120,83,17,64,18,182
4121,67,17,64,18,166
4122,52,17,64,18,151
4123,82,33,100,18,233
4124,66,33,100,18,217
4127,67,17,65,18,167
4128,51,17,65,18,151
4129,67,16,67,18,168
4130,100,34,100,17,251
4131,82,34,100,17,233
4133,67,16,100,17,200
4135,67,16,66,17,166
4137,67,17,67,17,168
4138,84,16,68,16,184
4139,66,16,68,16,166
4140,50,16,68,16,150
4142,67,33,67,15,182
4144,68,32,66,17,183
4146,65,35,65,16,181
4147,65,18,65,16,164
4148,67,31,69,15,182
4149,66,16,69,15,166
4150,66,34,68,17,185
4152,65,35,67,15,182
4153,66,19,67,15,167
4154,69,33,65,18,185
4155,67,18,65,18,168
4158,67,31,68,16,182
4161,66,16,67,17,166
4162,65,34,50,16,165
4164,51,17,50,16,134
4165,66,17,66,17,166
4166,67,33,69,16,185
4168,84,15,52,16,167
4169,83,36,64,17,200
4170,66,36,64,17,183
4173,51,32,133,16,232
4175,83,35,66,16,200
4177,65,18,66,16,165
4178,67,32,67,16,182
4179,67,16,67,16,166
4180,84,17,66,18,185
4181,67,17,66,18,168
4182,82,17,67,16,182
4183,66,17,67,16,166
4186,66,34,66,18,184
4187,68,16,66,18,168
4188,67,33,51,16,167
4189,67,17,51,16,151
4190,82,18,83,16,199
4191,64,18,83,16,181
4193,68,16,65,19,168
4195,52,32,67,19,170
4196,66,33,53,15,167
4197,81,34,66,18,199
4198,65,34,66,18,183
4199,69,15,66,18,168
4201,69,15,100,17,201
4202,53,15,100,17,185
4203,68,13,68,17,166
4204,66,33,52,14,165
4206,65,35,67,17,184
4207,64,17,67,17,165
4208,68,31,53,15,167
4209,67,14,53,15,149
4212,84,15,69,15,183
4213,67,15,69,15,166
4214,53,15,69,15,152
4216,66,35,164,19,284
4217,65,19,164,19,267
4218,69,33,65,18,185
4220,68,33,67,14,182
4223,51,32,66,19,168
4225,65,17,65,17,164
4226,67,31,51,18,167
4227,50,31,51,18,150
4228,66,34,68,16,184
4229,67,15,68,16,166
4231,51,35,66,17,169
4232,51,18,66,17,152
4233,65,18,67,16,166
4234,68,33,65,17,183
4235,67,17,65,17,166
4236,83,17,66,17,183
4237,68,17,66,17,168
4238,67,31,52,15,165
4239,67,15,52,15,149
4242,66,32,68,17,183
4244,52,15,68,17,152
4245,68,16,100,18,202
4247,66,17,66,18,167
4248,51,17,66,18,152
4249,67,16,51,16,150
4250,51,16,51,16,134
4251,66,17,68,15,166
4253,67,16,66,16,165
4255,51,34,65,17,167
4257,65,17,68,16,166
4259,64,17,100,18,199
4260,65,35,65,18,183
4263,52,33,66,18,169
4264,118,16,99,18,251
4265,51,32,52,16,151
4266,65,34,99,18,216
4268,66,34,65,18,183
4269,69,16,65,18,168
4270,52,16,65,18,151
4271,66,17,50,17,150
4273,66,15,67,17,165
4276,50,17,67,15,149
4277,65,17,117,17,216
4279,84,32,67,18,201
4282,50,17,67,18,152
4283,68,16,67,15,166
4285,67,17,99,17,200
4286,67,34,100,17,218
4287,67,16,100,17,200
4288,67,33,99,18,217
4290,67,32,117,19,235
4291,65,16,117,19,217
4292,65,35,66,16,182
4293,67,18,66,16,167
4296,67,34,100,18,219
4297,68,16,100,18,202
4298,66,35,65,18,184
4300,69,30,53,15,167
4301,51,30,53,15,149
4302,65,35,65,20,185
4305,50,33,52,16,151
4309,67,16,65,18,166
4310,52,16,65,18,151
4312,86,15,68,15,184
4314,65,33,67,16,181
4315,68,15,67,16,166
4317,65,18,65,16,164
4319,65,17,67,17,166
4320,67,33,51,16,167
4321,66,17,51,16,150
4322,65,34,150,16,265
4324,67,33,51,15,166
4326,51,16,51,15,133
4328,68,31,101,17,217
4330,51,15,101,17,184
4331,67,16,67,17,167
4332,82,16,69,14,181
4334,85,16,66,17,184
4336,51,16,66,17,150
4337,50,35,65,16,166
4338,69,31,67,17,184
4340,66,34,67,16,183
4341,83,33,66,18,200
4343,67,17,66,18,168
4344,67,34,68,15,184
4346,67,32,51,17,167
4349,85,32,68,17,202
4350,68,32,68,17,185
4351,67,17,68,17,169
4352,84,17,68,16,185
4353,66,17,68,16,167
4354,65,35,64,17,181
4355,67,18,64,17,166
4356,68,33,65,16,182
4359,67,15,100,17,199
4360,64,34,66,17,181
4361,64,17,66,17,164
4363,65,18,66,16,165
4364,50,18,66,16,150
4365,83,34,68,15,200
4367,67,17,68,15,167
4368,66,34,85,15,200
4369,65,18,85,15,183
4371,68,17,132,16,233
4376,51,15,66,16,148
4377,51,32,50,18,151
4378,100,34,52,14,200
4379,64,17,66,20,167
4381,66,18,52,14,150
4385,70,14,101,16,201
4386,52,14,101,16,183
4387,67,16,67,16,166
4388,68,33,101,15,217
4389,63,18,101,15,197
4390,67,34,67,15,183
4392,83,18,82,15,198
4393,86,33,64,15,198
4394,83,18,64,15,180
4395,68,18,64,15,165
4396,67,32,68,17,184
4397,51,32,68,17,168
4398,65,32,53,14,164
4399,82,36,83,16,217
4402,68,31,52,16,167
4404,53,14,52,16,135
4406,83,16,68,15,182
4408,52,16,68,15,151
4409,68,16,67,15,166
4410,67,34,65,18,184
4411,68,16,65,18,167
4412,68,33,99,16,216
4414,82,17,67,16,182
4419,51,33,69,14,167
4421,65,19,66,17,167
4422,68,34,66,16,184
4423,67,18,66,16,167
4424,69,32,67,16,184
4425,53,32,67,16,168
4427,50,34,66,16,166
4428,66,33,64,17,180
4429,68,17,64,17,166
4431,50,33,65,18,166
4432,66,31,52,16,165
4433,66,15,52,16,149
4434,64,34,85,15,198
4436,65,34,51,15,165
4437,67,16,51,15,149
4438,52,16,51,15,134
4440,52,17,64,20,153
4441,67,15,68,18,168
4442,84,15,67,17,183
4444,64,35,134,16,249
4445,68,15,134,16,233
4446,53,15,134,16,218
4447,68,14,102,16,200
4449,64,17,68,16,165
4450,66,34,66,17,183
4451,65,17,66,17,165
4452,51,17,66,17,151
4454,84,16,67,17,184
4455,67,16,67,17,167
4456,66,33,68,15,182
4457,84,34,66,16,200
4459,83,34,133,16,266
4460,67,34,133,16,250
4461,84,32,187,13,316
4462,83,17,187,13,300
4464,66,34,67,16,183
4466,66,32,51,18,167
4468,66,35,86,13,200
4470,67,34,65,17,183
4471,66,18,65,17,166
4472,84,18,66,17,185
4473,67,18,66,17,168
4474,67,32,100,18,217
4476,65,34,66,18,183
4477,50,34,66,18,168
4478,66,34,65,17,182
4480,68,32,67,18,185
4482,66,33,71,24,194
4483,67,15,71,24,177
4484,50,15,71,24,160
4486,67,37,63,19,186
4489,54,24,58,13,149
4490,61,39,85,15,200
4491,68,14,85,15,182
4493,58,13,68,18,157
4494,63,35,66,17,181
4495,64,17,66,17,164
4496,67,33,101,17,218
4497,66,15,101,17,199
4499,83,35,66,18,202
4500,66,35,66,18,185
4501,65,18,66,18,167
4502,68,33,100,15,216
4503,50,33,100,15,198
4504,51,17,100,15,183
4506,66,33,66,19,184
4507,68,15,66,19,168
4508,82,18,66,17,183
4510,82,17,51,17,167
4511,64,17,51,17,149
4512,85,15,82,18,200
4514,51,15,82,18,166
4515,51,34,66,16,167
4516,51,17,66,16,150
4517,81,34,65,17,197
4518,66,34,65,17,182
4519,83,33,69,15,200
4521,51,33,69,15,168
4523,51,32,67,19,169
4526,69,30,52,15,166
4528,52,15,52,15,134
4530,64,33,53,13,163
4532,52,15,53,13,133
4533,65,18,65,18,166
4534,68,31,52,16,167
4536,53,13,52,16,134
4538,65,34,66,17,182
4539,65,16,66,17,164
4540,85,18,133,14,250
4541,66,18,133,14,231
4542,69,31,52,17,169
4543,51,31,52,17,151
4544,66,34,102,15,217
4545,66,17,102,15,200
4547,68,17,67,15,167
4548,52,17,67,15,151
4549,52,33,65,19,169
4550,68,34,63,18,183
4552,67,31,68,17,183
4555,70,13,53,17,153
4556,63,36,65,18,182
4557,84,34,67,15,200
4559,49,34,67,15,165
4560,53,17,67,15,152
4561,52,31,51,17,151
4565,66,17,67,16,166
4566,118,17,67,16,218
4569,67,17,67,16,167
4572,84,17,66,16,183
4573,67,17,66,16,166
4574,67,32,101,15,215
4576,66,34,67,15,182
4577,65,18,67,15,165
4579,66,17,66,16,165
4580,50,17,66,16,149
4581,68,17,65,19,169
4582,67,32,66,17,182
4583,66,17,66,17,166
4584,66,33,69,15,183
4585,82,33,68,17,200
4586,65,33,68,17,183
4587,69,14,68,17,168
4589,86,32,84,15,217
4590,69,32,84,15,200
4591,65,17,84,15,181
4592,68,33,51,15,167
4593,51,33,51,15,150
4594,65,33,68,16,182
4597,49,33,69,16,167
4600,51,17,67,14,149
4601,66,18,82,17,183
4602,69,33,66,17,185
4603,51,33,66,17,167
4606,66,33,66,17,182
4607,66,17,66,17,166
4608,66,34,64,19,183
4609,69,17,64,19,169
4611,51,32,66,18,167
4612,66,32,52,18,168
4613,66,15,52,18,151
4615,67,15,68,16,166
4617,67,18,64,17,166
4618,84,18,67,17,186
4619,99,16,52,16,183
4621,66,16,52,16,150
4622,64,35,98,17,214
4624,67,33,65,17,182
4627,83,33,119,16,251
4628,65,33,119,16,233
4629,66,15,119,16,216
4633,67,16,67,16,166
4634,52,16,67,16,151
4636,67,33,65,17,182
4637,67,16,65,17,165
4638,67,32,68,18,185
4639,51,32,68,18,169
4640,65,33,68,18,184
4641,81,35,65,19,200
4645,69,15,51,16,151
4646,68,32,68,16,184
4647,69,14,68,16,167
4649,66,16,68,14,164
4650,51,16,68,14,149
4652,84,19,64,15,182
4653,65,19,64,15,163
4655,53,33,84,16,186
4657,52,31,101,16,200
4658,64,34,67,16,181
4660,65,35,65,19,184
4661,69,16,65,19,169
4663,54,32,52,15,153
4664,51,16,52,15,134
4665,64,17,67,16,164
4667,68,15,66,17,166
4669,68,16,67,16,167
4670,51,16,67,16,150
4676,66,41,60,16,183
4677,67,23,60,16,166
4678,73,29,63,18,183
4679,57,29,63,18,167
4682,60,32,87,13,192
4683,67,16,87,13,183
4684,81,18,51,13,163
4685,65,18,51,13,147
4686,50,18,51,13,132
4687,52,32,67,20,171
4688,52,16,67,20,155
4689,69,13,103,16,201
4691,67,16,99,16,198
4694,85,18,67,14,184
4695,66,18,67,14,165
4697,115,32,65,20,232
4700,67,32,65,20,184
4701,65,18,65,20,168
4702,68,32,66,19,185
4705,67,16,52,21,156
4707,70,13,63,24,170
4708,66,40,81,16,203
4709,68,21,81,16,186
4710,52,21,81,16,170
4711,53,23,74,16,166
4712,63,42,65,16,186
4713,68,18,65,16,167
4715,74,33,68,18,193
4716,66,33,68,18,185
4717,50,33,68,18,169
4720,67,34,73,13,187
4721,65,20,73,13,171
4722,68,18,55,13,154
4723,52,18,55,13,138
4725,93,13,68,15,189
4727,55,13,68,15,151
4728,51,37,61,19,168
4729,75,31,113,16,235
4730,81,49,64,16,210
4731,68,49,64,16,197
4732,53,49,64,16,182
4733,80,16,64,20,180
4734,70,16,64,20,170
4736,65,18,114,17,214
4738,64,36,80,18,198
4739,64,20,80,18,182
4741,51,16,64,18,149
4742,52,47,68,17,184
4745,64,18,50,17,149
4746,83,16,100,19,218
4747,67,16,100,19,202
4748,68,34,66,19,187
4749,68,17,66,19,170
4750,50,17,66,19,152
4751,67,16,52,32,167
4752,67,33,66,18,184
4753,66,17,66,18,167
4755,68,47,68,34,217
4756,52,47,68,34,201
4757,68,15,68,34,185
4758,66,35,67,32,200
4759,65,17,67,32,181
4762,68,34,66,18,186
4763,50,34,66,18,168
4765,66,16,52,32,166
4766,66,34,67,17,184
4767,49,34,67,17,167
4768,66,18,66,33,183
4769,68,49,65,19,201
4770,52,49,65,19,185
4772,67,17,67,31,182
4773,66,33,65,18,182
4774,51,33,65,18,167
4775,67,34,65,17,183
4777,67,49,67,32,215
4778,82,18,67,32,199
4779,65,18,67,32,182
4781,65,17,66,17,165
4782,68,18,65,17,168
4783,69,48,67,17,201
4785,67,16,67,17,167
4787,65,17,67,17,166
4788,66,18,66,15,165
4792,67,32,68,16,183
4793,99,17,100,17,233
4795,67,17,100,17,201
4797,66,17,67,17,167
4798,68,33,68,32,201
4799,83,34,66,18,201
4800,66,34,66,18,184
4801,66,18,66,18,168
4802,67,17,67,17,168
4803,51,17,67,17,152
4806,66,18,83,16,183
4808,67,32,50,33,182
4809,53,32,50,33,168
4810,67,34,66,17,184
4811,83,16,117,32,248
4812,66,16,117,32,231
4813,51,16,117,32,216
4814,50,50,67,32,199
4819,66,18,66,16,166
4820,67,32,68,16,183
4821,50,32,68,16,166
4822,66,18,66,18,168
4825,66,18,66,17,167
4826,50,18,66,17,151
4827,66,18,67,16,167
4828,68,16,67,17,168
4831,67,18,81,17,183
4832,83,49,83,18,233
4833,67,49,83,18,217
4834,68,32,83,18,201
4835,51,32,83,18,184
4836,65,33,68,17,183
4837,65,17,68,17,167
4839,66,19,65,19,169
4840,68,33,51,16,168
4842,68,17,65,16,166
4843,84,19,65,17,185
4844,65,19,65,17,166
4845,69,47,69,32,217
4846,82,16,69,32,199
4847,65,16,69,32,182
4849,65,34,66,16,181
4851,51,17,66,16,150
4854,66,33,67,18,184
4855,66,16,67,18,167
4856,65,34,51,16,166
4857,85,33,66,17,201
4858,67,33,66,17,183
4859,66,17,66,17,166
4860,67,18,65,17,167
4861,69,48,118,16,251
4862,51,48,118,16,233
4863,51,32,118,16,217
4864,66,34,84,16,200
4865,65,17,84,16,182
4866,66,34,66,16,182
4870,84,16,68,33,201
4871,68,16,68,33,185
4872,66,33,68,17,184
4874,65,35,66,18,184
4875,65,19,66,18,168
4876,68,33,51,32,184
4877,52,33,51,32,168
4878,68,17,66,34,185
4880,66,18,132,32,248
4881,69,32,67,17,185
4887,67,33,67,17,184
4888,51,33,67,17,168
4889,66,49,67,17,199
4891,65,17,67,17,166
4893,67,49,66,17,199
4894,52,49,66,17,184
4895,52,32,66,17,167
4898,65,33,67,16,181
4901,66,15,51,17,149
4902,65,19,66,17,167
4903,67,49,68,17,201
4904,51,49,68,17,185
4905,66,17,68,17,168
4906,51,17,68,17,153
4907,66,17,66,17,166
4908,67,34,67,33,201
4909,68,17,67,33,185
4910,68,17,66,17,168
4911,68,50,66,17,201
4914,67,33,66,17,183
4915,66,17,66,17,166
4916,51,17,66,17,151
4917,68,33,116,18,235
4918,50,33,116,18,217
4920,50,51,65,18,184
4922,68,16,67,32,183
4924,51,49,66,17,183
4925,83,18,65,17,183
4926,65,18,65,17,165
4927,67,48,70,15,200
4928,52,48,70,15,185
4929,68,16,70,15,169
4930,66,34,67,15,182
4931,82,18,64,19,183
4933,50,18,64,19,151
4934,70,15,50,32,167
4935,53,15,50,32,150
4936,101,32,68,36,237
4937,64,19,66,17,166
4938,65,32,68,36,201
4942,66,34,65,18,183
4943,67,17,65,18,167
4944,68,36,79,17,200
4945,51,36,79,17,183
4946,70,15,81,17,183
4947,68,32,66,17,183
4948,51,32,66,17,166
4950,63,33,119,32,247
4952,67,34,171,15,287
4953,66,17,171,15,269
4954,67,17,117,16,217
4956,51,49,68,16,184
4957,67,16,68,16,167
4958,66,19,65,21,171
4959,68,32,54,15,169
4960,53,32,54,15,154
4961,67,33,82,18,200
4962,51,33,82,18,184
4963,65,36,64,16,181
4964,72,15,64,16,167
4965,54,15,64,16,149
4966,52,46,135,34,267
4968,61,34,68,33,196
4969,80,35,100,31,246
4970,81,19,100,31,231
4971,65,19,100,31,215
4972,69,33,67,31,200
4974,68,33,65,20,186
4978,67,31,67,18,183
4979,51,31,67,18,167
4980,65,20,80,19,184
4981,69,47,100,18,234
4982,51,47,100,18,216
4985,65,15,67,18,165
4986,66,19,66,33,184
4987,69,33,66,16,184
4988,68,17,66,16,167
4989,67,33,66,16,182
4991,66,49,67,17,199
4992,50,49,67,17,183
4995,66,16,67,17,166
4997,66,17,68,32,183
4999,83,35,65,16,199
5000,67,35,65,16,183
5003,51,32,66,20,169
5004,67,18,68,31,184
5006,65,33,67,18,183
5007,66,17,67,18,168
5008,66,20,65,32,183
5010,53,47,50,17,167
5013,65,49,68,17,199
5014,67,33,68,17,185
5015,50,33,68,17,168
5016,50,17,68,17,152
5019,51,17,66,33,167
5020,68,17,65,16,166
5021,51,17,65,16,149
5022,67,16,66,17,166
5023,66,49,66,18,199
5024,66,32,66,18,182
5026,65,34,66,17,182
5027,66,17,66,17,166
5028,66,32,103,17,218
5029,50,32,103,17,202
5030,66,34,69,17,186
5032,66,34,52,32,184
5033,66,17,52,32,167
5034,51,17,52,32,152
5035,67,18,65,17,167
5036,69,17,166,34,286
5037,69,32,67,17,185
5040,82,16,85,34,217
5042,84,51,66,33,234
5044,51,51,66,33,201
5045,51,34,66,33,184
5046,69,16,65,18,168
5047,67,34,65,17,183
5049,70,49,66,17,202
5050,66,33,66,17,182
5052,68,33,67,17,185
5053,65,17,67,17,166
5055,51,17,67,16,151
5057,84,17,66,34,201
5058,84,48,86,15,233
5060,51,48,86,15,200
5061,66,16,86,15,183
5062,65,18,68,15,166
5064,66,18,66,32,182
5065,68,34,64,17,183
5066,52,34,64,17,167
5067,68,32,66,17,183
5068,52,32,66,17,167
5070,82,17,69,17,185
5071,132,18,82,17,249
5072,66,34,52,16,168
5075,68,18,82,17,185
5076,69,17,82,17,185
5077,52,17,82,17,168
5078,52,32,67,16,167
5079,51,16,67,16,150
5080,82,34,66,17,199
5081,65,34,66,17,182
5083,67,33,67,17,184
5084,65,17,67,17,166
5085,67,33,101,33,234
5088,50,34,67,33,184
5090,67,32,68,17,184
5091,65,18,68,17,168
5092,66,18,67,31,182
5093,67,33,65,17,182
5094,65,18,65,17,165
5095,69,34,65,17,185
5096,68,17,65,17,167
5097,67,48,68,17,200
5098,52,48,68,17,185
5100,65,17,68,33,183
5101,65,51,50,17,183
5102,51,51,50,17,169
5103,67,18,50,17,152
5105,68,33,67,33,201
5108,50,33,67,31,181
5109,66,34,64,19,183
5110,68,17,64,19,168
5111,67,33,131,19,250
5113,67,50,81,19,217
5114,50,50,81,19,200
5116,69,17,167,33,286
5117,67,32,67,17,183
5118,51,32,67,17,167
5119,100,19,98,19,236
5124,66,34,65,18,183
5125,52,34,65,18,169
5126,67,17,66,33,183
5127,68,33,66,32,199
5129,68,33,65,18,184
5130,65,18,65,18,166
5133,66,50,99,17,232
5134,51,50,99,17,217
5135,65,18,99,17,199
5136,67,35,64,17,183
5137,50,35,64,17,166
5138,70,30,51,18,169
5139,53,30,51,18,152
5141,68,50,83,17,218
5142,64,35,83,17,199
5143,67,18,83,17,185
5144,51,18,83,17,169
5145,83,31,66,18,198
5146,68,31,66,18,183
5147,51,31,66,18,166
5148,64,19,65,18,166
5149,69,47,68,17,201
5150,67,30,68,17,182
5152,66,36,66,17,185
5154,66,32,68,16,182
5155,51,32,68,16,167
5156,68,34,68,16,186
5158,66,34,69,32,201
5161,85,16,51,16,168
5162,68,16,51,16,151
5164,50,51,66,32,199
5165,53,32,66,32,183
5166,67,16,65,17,165
5167,51,16,65,17,149
5168,66,15,66,17,164
5169,68,49,84,17,218
5170,66,32,84,17,199
5171,82,34,67,32,215
5172,64,34,67,32,197
5175,51,17,50,32,150
5176,101,32,68,17,218
5177,67,17,84,16,184
5179,50,32,68,17,167
5181,49,18,67,33,167
5182,84,33,67,17,201
5183,68,33,67,17,185
5184,52,33,67,17,169
5185,67,33,51,32,183
5187,66,34,66,32,198
5188,67,17,66,32,182
5189,67,49,67,34,217
5190,51,49,67,34,201
5191,51,32,67,34,184
5192,66,17,84,31,198
5193,82,34,65,19,200
5194,65,34,65,19,183
5196,67,34,66,32,199
5197,84,31,67,18,200
5198,68,31,67,18,184
5201,68,48,68,17,201
5202,66,32,68,17,183
5203,52,32,68,17,169
5204,51,16,68,17,152
5205,66,33,67,16,182
5206,67,16,67,16,166
5207,67,34,65,18,184
5208,51,34,65,18,168
5209,83,17,66,16,182
5210,66,17,66,16,165
5211,67,50,66,33,216
5213,65,18,66,33,182
5215,82,18,66,21,187
5216,66,18,66,21,171
5218,66,33,83,17,199
5219,67,16,83,17,183
5220,67,38,62,18,185
5222,71,28,52,32,183
5223,82,34,66,17,199
5225,66,17,66,17,166
5229,67,16,68,17,168
5231,65,17,84,33,199
5232,67,18,99,33,217
5233,68,33,66,33,200
5234,52,33,66,33,184
5235,68,33,66,16,183
5236,69,15,66,16,166
5238,50,33,67,15,165
5239,66,49,68,16,199
5240,64,33,68,16,181
5241,66,16,68,16,166
5243,67,15,51,16,149
5244,66,35,67,17,185
5247,66,16,52,32,166
5248,51,16,52,32,151
5249,66,18,66,17,167
5250,67,17,66,33,183
5252,52,49,68,31,200
5253,67,17,68,31,183
5256,52,51,65,19,187
5257,67,18,65,19,169
5258,68,31,53,31,183
5260,50,16,53,31,150
5261,67,16,67,16,166
5262,65,19,64,19,167
5265,66,17,68,16,167
5266,50,17,68,16,151
5267,64,19,98,16,197
5268,68,33,81,17,199
5269,85,16,65,17,183
5271,68,33,66,17,184
5272,64,18,66,17,165
5273,68,49,67,16,200
5274,65,33,67,16,181
5275,65,17,67,16,165
5276,67,34,65,20,186
5278,67,33,52,33,185
5279,84,32,117,19,252
5282,85,33,64,19,201
5283,68,33,64,19,184
5284,52,33,64,19,168
5286,53,33,65,18,169
5289,64,19,66,17,166
5290,67,33,50,34,184
5293,52,33,66,18,169
5294,66,17,67,32,182
5297,68,33,66,34,201
5298,66,18,66,34,184
5299,82,34,66,17,199
5300,66,34,66,17,183
5301,65,17,66,17,165
5302,67,17,66,19,169
5303,66,34,67,32,199
5305,68,51,97,17,233
5306,66,36,97,17,216
5307,66,19,97,17,199
5308,70,16,81,17,184
5310,52,49,66,17,184
5312,65,32,51,17,165
5313,81,34,51,17,183
5315,66,17,51,17,151
5316,66,34,117,33,250
5317,67,17,117,33,234
5318,51,17,117,33,218
5322,100,17,82,17,216
5323,83,17,82,17,199
5324,83,50,65,18,216
5325,66,50,65,18,199
5326,65,35,65,18,183
5327,67,17,65,18,167
5328,50,17,65,18,150
5329,82,33,68,17,200
5330,67,33,68,17,185
5333,68,50,83,32,233
5335,67,17,83,32,199
5336,51,17,83,32,183
5337,67,51,81,17,216
5338,64,35,81,17,197
5339,64,21,81,17,183
5340,68,15,117,17,217
5341,66,49,68,17,200
5342,65,34,68,17,184
5343,51,34,68,17,170
5346,68,17,101,31,217
5347,51,17,101,31,200
5348,68,17,67,31,183
5349,68,49,100,18,235
5350,83,17,100,18,218
5351,66,17,100,18,201
5353,67,49,67,34,217
5355,66,18,67,34,185
5357,82,18,66,15,181
5358,67,18,66,15,166
5359,51,18,66,15,150
5361,66,18,81,19,184
5362,68,31,69,33,201
5364,65,34,68,17,184
5366,65,35,98,19,217
5367,65,19,98,19,201
5368,69,33,65,19,186
5369,52,33,65,19,169
5371,52,17,67,34,170
5372,50,33,68,31,182
5374,84,34,65,17,200
5375,67,34,65,17,183
5378,53,48,84,16,201
5380,67,17,67,16,167
5382,68,17,66,17,168
5385,67,50,66,16,199
5387,66,17,66,16,165
5388,67,32,101,34,234
5389,65,17,101,34,217
5390,66,34,67,34,201
5393,51,33,68,32,184
5394,67,34,66,17,184
5395,50,34,66,17,167
5397,51,34,65,18,168
5400,66,33,85,32,216
5401,67,16,85,32,200
5402,65,18,116,17,216
5403,67,49,67,17,200
5406,67,18,66,34,185
5407,67,49,51,32,199
5408,51,49,51,32,183
5411,66,34,64,18,182
5412,84,49,67,32,232
5413,68,49,67,32,216
5415,66,17,67,32,182
5416,67,33,66,18,184
5417,64,18,66,18,166
5418,50,18,66,18,152
5419,68,48,66,18,200
5421,84,18,66,18,186
5422,66,18,66,18,168
5425,53,17,67,17,154
5426,52,50,82,17,201
5427,66,18,82,17,183
5428,67,17,65,17,166
5429,67,48,67,17,199
5431,83,34,68,32,217
5432,65,34,68,32,199
5433,65,17,68,32,182
5434,65,17,83,16,181
5435,51,17,83,16,167
5436,67,35,65,18,185
5438,68,32,100,34,234
5440,67,33,67,34,201
5442,65,18,65,18,166
5444,68,32,67,34,201
5447,65,18,67,33,183
5448,66,33,67,16,182
5449,66,18,67,16,167
5450,67,34,99,19,219
5451,67,18,99,19,203
5453,67,18,66,19,170
5454,67,16,69,30,182
5455,67,50,67,16,200
5456,66,33,67,16,182
5457,67,17,67,16,167
5458,66,19,64,16,165
5459,69,48,100,17,234
5460,52,48,100,17,217
5461,66,18,100,17,201
5462,67,32,68,17,184
5464,66,34,67,33,200
5465,68,16,67,33,184
5466,66,34,66,18,184
5467,66,18,66,18,168
5468,68,17,67,17,169
5469,67,49,67,17,200
5470,51,49,67,17,184
5473,84,16,66,17,183
5474,68,16,66,17,167
5476,84,50,84,17,235
5479,66,17,84,17,184
5480,67,17,67,17,168
5481,67,33,65,19,184
5482,66,19,65,19,169
5483,84,17,66,33,200
5486,53,50,66,32,201
5487,65,19,66,32,182
5488,67,16,82,17,182
5489,99,17,67,33,216
5490,64,35,67,33,199
5492,66,32,68,19,185
5493,82,35,52,30,199
5494,67,35,52,30,184
5495,66,18,52,30,166
5497,52,33,133,17,235
5498,68,19,64,16,167
5499,51,19,64,16,150
5500,82,17,67,17,183
5501,66,17,67,17,167
5502,66,33,66,18,183
5504,66,18,99,17,200
5505,68,33,66,17,184
5506,84,33,67,17,201
5508,51,33,67,17,168
5509,66,50,99,17,232
5512,51,17,99,17,184
5513,67,50,68,33,218
5516,67,32,69,34,202
5519,67,19,67,15,168
5521,52,33,64,19,168
5522,69,34,65,17,185
5523,66,20,65,17,168
5524,67,15,67,32,181
5525,53,15,67,32,167
5528,65,17,66,18,166
5531,65,17,68,16,166
5534,69,33,66,34,202
5537,67,50,67,17,201
5538,64,35,67,17,183
5539,85,34,65,17,201
5541,66,18,65,17,166
5543,87,17,67,16,187
5544,67,17,67,16,167
5545,68,48,68,16,200
5546,65,33,68,16,182
5547,67,16,68,16,167
5548,65,19,65,17,166
5549,67,33,65,17,182
5550,68,17,65,17,167
5551,51,17,65,17,150
5553,65,17,101,16,199
5554,66,33,68,16,183
5555,65,17,68,16,166
5556,66,34,50,17,167
5557,101,33,67,16,217
5558,67,17,67,16,167
5561,67,34,67,16,184
5563,67,33,65,18,183
5564,50,33,65,18,166
5565,67,34,66,18,185
5567,67,49,84,33,233
5568,67,33,84,33,217
5569,65,18,84,33,200
5571,66,48,52,33,199
5572,68,30,52,33,183
5573,53,30,52,33,168
5574,65,19,66,16,166
5577,68,49,67,17,201
5578,52,49,67,17,185
5580,67,34,50,16,167
5582,50,17,50,16,133
5584,84,16,52,15,167
5587,67,34,65,18,184
5588,85,49,67,31,232
5589,68,49,67,31,215
5590,83,18,67,31,199
5593,65,18,101,32,216
5594,68,33,68,32,201
5595,85,31,69,31,216
5599,68,50,65,18,201
5600,68,32,65,18,183
5601,52,32,65,18,167
5602,85,15,52,32,184
5604,63,34,67,18,182
5605,67,17,67,18,169
5608,52,49,68,17,186
5610,67,18,67,16,168
5611,67,50,66,17,200
5613,66,19,66,17,168
5614,68,17,66,19,170
5615,67,33,69,14,183
5618,66,17,148,18,249
5620,69,17,63,17,166
5621,69,47,65,18,199
5622,53,47,65,18,183
5623,65,18,65,18,166
5625,63,17,50,32,162
5626,66,32,69,16,183
5629,67,51,66,34,218
5630,50,51,66,34,201
5631,66,19,66,34,185
5632,69,16,84,17,186
5633,67,34,67,16,184
5635,69,50,84,16,219
5637,84,17,67,16,184
5638,69,17,67,16,169
5640,67,17,65,16,165
5641,51,17,65,16,149
5642,84,47,52,32,215
5643,67,47,52,32,198
5644,51,47,52,32,182
5645,65,16,52,32,165
5646,65,34,67,16,182
5648,65,18,65,17,165
5652,67,33,66,19,185
5653,82,33,66,18,199
5654,66,33,66,18,183
5655,66,17,66,18,167
5657,68,15,51,16,150
5658,66,19,98,18,201
5661,66,16,68,17,167
5663,66,50,67,32,215
5664,52,50,67,32,201
5665,66,18,67,32,183
5666,50,18,67,32,167
5667,67,34,66,17,184
5668,85,48,67,17,217
5669,85,32,67,17,201
5671,66,16,67,17,166
5672,67,18,66,17,168
5673,83,16,67,32,198
5675,51,16,67,32,166
5677,66,34,66,17,183
5678,66,17,66,17,166
5679,67,49,84,18,218
5680,67,33,84,18,202
5681,66,17,84,18,185
5682,66,17,85,34,202
5684,67,32,101,17,217
5686,66,36,116,17,235
5687,85,34,64,18,201
5689,52,34,64,18,168
5690,51,19,64,18,152
5691,52,15,67,17,151
5693,67,34,49,21,171
5695,67,49,69,18,203
5697,51,32,69,18,170
5698,67,21,66,30,184
5699,49,21,66,30,166
5700,53,48,66,32,199
5703,66,48,64,18,196
5704,83,18,64,18,183
5705,67,18,64,18,167
5706,66,32,65,18,181
5707,80,17,66,17,180
5708,68,17,66,17,168
5709,50,17,66,17,150
5710,97,18,66,16,197
5712,65,18,66,16,165
5713,66,49,69,16,200
5715,66,16,69,16,167
5716,67,33,52,16,168
5717,49,33,52,16,150
5719,66,19,82,33,200
5721,52,16,66,33,167
5722,52,33,66,18,169
5723,101,51,67,31,250
5724,82,51,67,31,231
5729,51,16,82,19,168
5731,67,49,68,33,217
5732,67,31,68,33,199
5733,82,19,64,18,183
5736,64,18,67,17,166
5737,67,50,67,33,217
5738,51,50,67,33,201
5739,82,17,83,17,199
5741,67,50,65,18,200
5742,67,33,65,18,183
5743,85,33,66,18,202
5744,67,33,66,18,184
5746,66,17,67,17,167
5748,65,34,84,17,200
5751,67,50,82,17,216
5752,69,33,82,17,201
5753,51,33,82,17,183
5755,50,16,66,17,149
5756,66,33,85,31,215
5757,51,33,85,31,200
5758,66,33,67,16,182
5759,66,17,67,16,166
5760,66,35,99,33,233
5763,69,48,67,17,201
5765,66,17,67,17,167
5766,99,33,68,16,216
5767,82,33,68,16,199
5768,67,33,68,16,184
5769,67,17,68,16,168
5770,67,17,67,34,185
5773,67,18,65,17,167
5774,68,16,149,18,251
5778,65,34,66,18,183
5783,83,18,65,17,183
5784,66,18,65,17,166
5785,67,49,99,17,232
5786,52,49,99,17,217
5787,64,20,99,17,200
5788,67,33,66,17,183
5789,65,17,66,17,165
5791,53,33,66,16,168
5792,66,18,64,18,166
5793,68,48,67,19,202
5794,51,48,67,19,185
5795,82,34,52,16,184
5796,66,34,52,16,168
5797,64,18,52,16,150
5798,67,18,65,18,168
5799,68,34,66,33,201
5800,67,19,66,33,185
5801,70,49,66,17,202
5802,52,49,66,17,184
5803,83,17,66,17,183
5804,68,17,66,17,168
5805,66,33,66,16,181
5806,83,50,67,17,217
5807,68,50,67,17,202
5808,66,34,67,17,184
5809,66,17,67,17,167
5811,66,16,52,16,150
5813,66,18,65,17,166
5816,52,48,66,18,184
5817,51,32,66,18,167
5818,65,35,67,33,200
5819,65,18,67,33,183
5820,67,31,69,32,199
5821,52,31,69,32,184
5823,67,18,133,16,234
5824,67,33,100,16,216
5826,69,32,68,16,185
5827,51,32,68,16,167
5828,65,18,66,34,183
5829,68,50,67,33,218
5830,67,33,67,33,200
5831,52,33,67,33,185
5832,68,16,66,18,168
5834,65,18,65,17,165
5835,68,50,65,17,200
5836,67,33,65,17,182
5840,65,18,66,17,166
5842,65,33,69,33,200
5843,83,35,67,17,202
5844,66,35,67,17,185
5845,66,17,67,17,167
5846,68,34,67,32,201
5848,69,33,66,17,185
5849,51,33,66,17,167
5850,67,17,66,33,183
5854,66,17,67,17,167
5856,64,18,66,18,166
5857,67,34,65,17,183
5858,50,34,65,17,166
5859,67,50,67,17,201
5860,69,33,67,17,186
5861,51,33,67,17,168
5862,82,17,52,33,184
5863,65,17,52,33,167
5864,65,18,133,17,233
5865,68,34,66,16,184
5866,50,34,66,16,166
5867,69,33,66,17,185
5868,52,33,66,17,168
5869,67,33,65,18,183
5870,66,17,65,18,166
5871,66,33,67,17,183
5872,67,17,67,17,168
5874,67,33,67,17,184
5875,83,17,67,16,183
5876,84,50,67,33,234
5877,67,50,67,33,217
5880,67,17,66,17,167
5881,67,50,82,17,216
5882,66,34,82,17,199
5883,85,33,66,17,201
5884,67,33,66,17,183
5885,66,17,66,17,166
5886,67,33,65,23,188
5888,82,17,55,15,169
5889,66,17,55,15,153
5890,66,32,69,32,199
5891,67,15,69,32,183
5892,65,23,61,17,166
5893,49,23,61,17,150
5894,70,14,66,18,168
5896,84,17,68,33,202
5897,61,17,68,33,179
5898,63,35,66,16,180
5899,84,16,66,30,196
5900,67,16,66,30,179
5901,52,16,66,30,164
5902,51,50,66,17,184
5903,66,18,66,17,167
5904,66,16,67,18,167
5905,66,50,83,17,216
5906,63,36,83,17,199
5907,64,20,83,17,184
5909,67,50,65,19,201
5910,53,50,65,19,187
5911,55,32,65,19,171
5912,83,17,68,32,200
5914,65,18,65,17,165
5918,51,49,67,17,184
5919,65,17,67,17,166
5920,68,36,63,18,185
5922,68,16,65,33,182
5923,53,16,65,33,167
5924,52,32,66,32,182
5926,63,18,65,17,163
5927,65,33,133,18,249
5928,83,49,84,18,234
5930,83,17,84,18,202
5931,65,17,84,18,184
5935,57,26,71,15,169
5936,66,36,66,17,185
5937,84,35,64,17,200
5938,62,35,64,17,178
5941,53,15,66,33,167
5942,66,17,66,17,166
5945,82,17,67,16,182
5946,66,17,67,16,166
5947,66,34,67,31,198
5948,50,34,67,31,182
5949,50,17,67,31,165
5951,67,16,67,20,170
5952,66,18,69,14,167
5953,67,49,101,32,249
5954,81,18,101,32,232
5956,67,20,81,32,200
5957,69,47,66,18,200
5959,52,33,66,18,169
5960,67,34,65,17,183
5961,81,32,68,16,197
5962,67,32,68,16,183
5963,67,17,68,16,168
5964,66,18,182,16,282
5967,67,18,65,18,168
5970,68,32,67,16,183
5971,66,17,67,16,166
5973,67,49,66,18,200
5974,50,49,66,18,183
5976,50,17,66,18,151
5978,67,32,52,32,183
5979,51,32,52,32,167
5980,66,35,82,16,199
5981,68,17,82,16,183
5982,67,17,65,16,165
5983,68,48,68,17,201
5985,66,16,68,17,167
5986,65,33,52,32,182
5987,65,16,52,32,165
5988,84,34,66,32,216
5989,67,34,66,32,199
5990,68,17,66,32,183
5992,52,50,65,17,184
5993,66,18,65,17,166
5994,67,16,66,17,166
5995,66,49,67,16,198
5996,50,49,67,16,182
5997,66,17,67,16,166
