序号,发送->接收,接收->转发,转发->接收,接收->处理,总计
1,82,18,65,16,181
2,88,34,100,18,240
3,51,31,103,15,200
5,66,17,100,18,201
6,65,35,98,18,216
7,65,19,98,18,200
9,68,18,64,18,168
11,68,16,69,15,168
12,65,33,51,16,165
13,67,15,51,16,149
14,64,36,81,17,198
15,67,18,81,17,183
16,69,31,67,18,185
17,66,16,67,18,167
18,51,16,67,18,152
19,68,16,77,31,192
22,67,45,64,16,192
23,66,27,64,16,173
24,77,31,79,20,207
25,62,31,79,20,192
26,76,33,83,15,207
27,58,33,83,15,189
30,79,20,65,19,183
33,67,15,68,18,168
34,65,33,67,17,182
35,71,14,67,17,169
37,67,16,66,17,166
39,67,14,51,16,148
40,53,14,51,16,134
43,65,16,67,16,164
44,51,16,67,16,150
45,67,17,67,15,166
46,67,33,68,15,183
47,66,17,68,15,166
49,84,34,65,15,198
51,66,19,65,15,165
52,68,31,67,18,184
53,52,31,67,18,168
54,65,34,67,16,182
56,65,33,68,16,182
58,67,34,100,16,217
60,67,34,66,16,183
61,68,18,66,16,168
62,68,33,66,17,184
63,66,17,66,17,166
64,67,33,66,18,184
65,51,33,66,18,168
67,66,17,68,15,166
68,66,33,67,17,183
69,82,35,67,15,199
70,66,35,67,15,183
71,68,17,67,15,167
72,68,32,67,16,183
73,83,35,66,18,202
75,66,18,66,18,168
76,67,32,66,18,183
77,67,17,66,18,168
79,66,18,65,18,167
81,69,14,51,25,159
82,52,14,51,25,142
83,83,43,75,16,217
84,65,43,75,16,199
88,69,33,102,16,220
89,66,18,102,16,202
90,59,32,70,16,177
92,65,35,69,16,185
93,50,35,69,16,170
94,83,19,66,16,184
96,70,34,97,16,217
97,68,18,97,16,199
98,69,32,65,16,182
100,66,32,64,20,182
101,66,16,64,20,166
102,64,33,51,18,166
103,81,31,68,18,198
104,65,31,68,18,182
105,65,15,68,18,166
106,64,38,64,18,184
108,69,30,69,14,182
109,53,30,69,14,166
111,82,35,81,18,216
112,82,17,81,18,198
113,68,17,81,18,184
114,52,17,81,18,168
115,65,16,51,18,150
116,65,36,82,17,200
117,64,19,82,17,182
118,81,18,66,17,182
120,69,33,50,16,168
122,82,17,67,16,182
124,66,33,68,16,183
125,68,16,68,16,168
126,50,16,68,16,150
128,67,34,98,17,216
129,66,18,98,17,199
130,68,32,99,18,217
131,99,17,66,18,200
132,50,16,99,18,183
134,65,33,69,14,181
135,66,16,69,14,165
136,66,33,68,16,183
138,66,36,83,15,200
140,51,18,83,15,167
142,68,34,66,16,184
143,66,18,66,16,166
144,66,32,67,18,183
146,66,34,69,14,183
148,66,33,67,16,182
149,65,17,67,16,165
151,86,31,66,16,199
152,69,31,66,16,182
153,53,31,66,16,166
154,67,33,67,18,185
157,67,16,52,15,150
158,66,34,67,15,182
159,66,18,67,15,166
160,67,33,66,18,184
161,68,15,66,18,167
162,85,16,101,17,219
163,69,16,101,17,203
164,67,32,69,17,185
165,64,17,69,17,167
166,49,17,69,17,152
168,66,35,65,18,184
169,68,18,65,18,169
170,69,31,52,16,168
171,51,31,52,16,150
172,52,14,52,16,134
173,66,17,66,16,165
174,65,34,118,15,232
175,66,16,118,15,215
177,51,32,86,15,184
178,66,33,68,17,184
180,65,35,66,16,182
181,85,33,65,19,202
182,68,33,65,19,185
183,70,15,65,19,169
184,68,33,67,17,185
185,68,16,67,17,168
188,84,16,67,16,183
189,67,16,67,16,166
192,84,18,67,16,185
193,83,33,66,18,200
195,66,17,66,18,167
196,50,17,66,18,151
197,68,17,66,16,167
198,67,32,66,18,183
199,67,16,66,18,167
200,100,32,69,15,216
203,82,34,67,16,199
204,66,34,67,16,183
205,66,16,67,16,165
206,66,35,65,19,185
207,67,18,65,19,169
208,69,32,100,17,218
209,66,17,100,17,200
210,67,33,67,17,184
212,65,33,100,19,217
213,69,14,100,19,202
215,69,15,66,19,169
216,52,15,66,19,152
217,65,16,68,17,166
218,51,16,68,17,152
220,66,35,67,16,184
221,68,16,67,16,167
225,65,18,99,32,214
226,83,15,68,32,198
228,84,18,65,8,175
229,66,18,65,8,157
230,66,33,68,16,183
231,68,15,68,16,167
232,68,32,68,17,185
233,83,36,65,16,200
234,65,36,65,16,182
236,68,32,67,18,185
237,68,33,52,17,170
238,60,33,52,17,162
239,67,16,52,17,152
240,65,34,66,17,182
242,85,17,81,17,200
243,68,17,81,17,183
245,53,31,67,18,169
246,66,34,68,16,184
248,65,33,66,18,182
249,65,17,66,18,166
250,85,17,64,18,184
252,51,17,64,18,150
253,83,33,70,16,202
258,84,19,65,16,184
259,66,19,65,16,166
260,51,19,65,16,151
261,68,15,67,17,167
262,52,15,67,17,151
265,65,17,68,16,166
266,67,34,66,17,184
267,66,17,66,17,166
268,67,34,66,16,183
269,85,32,66,17,200
270,68,32,66,17,183
271,67,16,66,17,166
272,66,34,66,18,184
274,66,32,67,18,183
275,66,16,67,18,167
276,66,34,66,17,183
277,83,33,68,16,200
279,68,15,68,16,167
281,68,15,102,14,199
283,65,18,67,14,164
284,68,32,68,16,184
287,66,19,116,17,218
288,67,33,83,17,200
289,65,19,83,17,184
290,68,32,68,14,182
292,65,35,65,19,184
293,68,18,65,19,170
294,83,17,66,18,184
297,51,32,68,18,169
298,65,34,100,16,215
299,68,15,100,16,199
300,51,15,100,16,182
301,52,34,66,16,168
302,68,32,68,15,183
304,52,14,68,15,149
307,64,18,65,17,164
309,67,17,50,17,151
311,83,34,67,17,201
312,65,34,67,17,183
313,67,17,67,17,168
314,50,17,67,17,151
315,66,17,67,17,167
316,67,34,67,15,183
317,66,18,67,15,166
318,67,33,66,17,183
319,68,16,66,17,167
321,68,17,99,16,200
322,82,17,67,16,182
324,66,35,65,19,185
325,66,18,65,19,168
327,52,32,52,15,151
329,83,34,68,14,199
330,65,34,68,14,181
332,67,34,65,17,183
334,84,18,100,16,218
335,65,18,100,16,199
336,68,31,69,16,184
337,83,33,67,17,200
338,65,33,67,17,182
339,82,36,100,15,233
341,68,18,100,15,201
342,69,31,69,15,184
343,68,15,69,15,167
345,102,16,66,16,200
346,84,16,66,16,182
347,68,16,66,16,166
348,69,33,66,16,184
350,67,33,99,17,216
351,65,17,99,17,198
353,51,33,66,17,167
354,66,33,66,16,181
355,66,17,66,16,165
356,66,33,67,17,183
357,50,33,67,17,167
360,82,18,67,16,183
361,64,18,67,16,165
362,67,33,66,17,183
365,69,16,67,17,169
367,50,32,67,17,166
369,65,18,133,16,232
370,67,32,101,16,216
371,68,15,101,16,200
373,67,18,66,16,167
375,65,18,66,17,166
377,68,16,67,17,168
378,66,33,68,14,181
379,84,34,66,17,201
380,66,34,66,17,183
381,66,17,66,17,166
384,51,17,66,15,149
386,66,34,67,16,183
389,52,33,67,16,168
390,67,34,65,16,182
391,66,18,65,16,165
392,67,33,67,16,183
393,68,17,67,16,168
394,67,32,51,16,166
395,67,16,51,16,150
396,65,35,66,16,182
397,65,19,66,16,166
399,67,16,67,17,167
400,85,16,67,17,185
401,85,33,67,16,201
402,66,33,67,16,182
403,66,17,67,16,166
404,67,34,66,20,187
406,67,33,67,16,183
407,51,33,67,16,167
408,67,33,66,19,185
409,66,17,66,19,168
410,86,46,68,15,215
413,67,16,68,15,166
414,66,33,67,18,184
415,65,14,67,18,164
416,65,35,67,17,184
417,84,32,69,16,201
419,64,17,69,16,166
420,67,35,66,17,185
421,68,17,66,17,168
424,52,17,99,15,183
425,67,16,67,15,165
426,66,33,100,16,215
427,100,16,66,16,198
428,65,34,66,16,181
429,67,16,66,16,165
430,82,18,99,16,215
431,65,18,99,16,198
432,67,33,100,17,217
434,66,35,65,17,183
435,67,19,65,17,168
436,68,31,67,20,186
437,68,14,67,20,169
438,66,34,53,14,167
439,66,18,53,14,151
440,65,33,66,17,181
442,87,14,66,17,184
443,71,14,66,17,168
444,53,14,66,17,150
445,65,17,68,17,167
447,63,17,66,17,163
448,66,34,67,17,184
449,68,17,67,17,169
450,68,32,67,18,185
451,68,15,67,18,168
452,66,35,66,16,183
453,66,18,66,16,166
454,67,32,68,15,182
458,66,34,66,17,183
459,65,18,66,17,166
460,68,33,68,14,183
461,65,18,68,14,165
463,67,17,101,17,202
464,66,35,66,17,184
465,68,18,66,17,169
466,68,33,66,15,182
467,66,19,66,15,166
468,68,33,65,16,182
469,67,17,65,16,165
472,66,32,67,16,181
473,65,17,67,16,165
474,65,34,101,15,215
475,64,18,101,15,198
476,66,33,68,15,182
478,67,34,66,18,185
481,68,17,66,17,168
483,52,32,51,16,151
485,67,16,83,18,184
486,66,33,68,16,183
487,68,16,68,16,168
488,51,16,68,16,151
489,99,18,66,15,198
490,65,36,66,15,182
491,66,18,66,15,165
492,68,33,65,16,182
493,67,17,65,16,165
494,69,33,67,17,186
495,51,33,67,17,168
496,81,17,52,15,165
498,65,35,66,16,182
499,65,19,66,16,166
500,67,32,66,19,184
501,52,32,66,19,169
502,52,15,66,19,152
503,85,32,68,17,202
504,82,16,68,17,183
505,65,16,68,17,166
507,67,16,66,17,166
508,51,16,66,17,150
509,68,16,68,14,166
511,82,35,81,17,215
514,68,31,67,17,183
515,82,33,68,17,200
517,65,17,68,17,167
518,64,34,68,15,181
524,68,31,68,18,185
525,82,35,67,17,201
526,65,35,67,17,184
527,83,33,66,17,199
529,51,33,66,17,167
530,68,34,66,15,183
531,69,16,66,15,166
533,51,32,67,21,171
534,66,34,101,15,216
535,97,18,83,18,216
536,81,18,83,18,200
537,64,18,83,18,183
538,67,21,62,18,168
540,68,33,66,16,183
541,53,33,66,16,168
542,68,33,66,16,183
544,66,33,83,16,198
545,84,33,66,19,202
546,66,33,66,19,184
547,67,17,66,19,169
549,65,19,64,19,167
551,67,16,52,14,149
552,66,33,68,16,183
554,64,33,68,17,182
556,52,14,68,17,151
557,98,17,51,16,182
559,99,17,101,15,232
560,51,17,51,16,135
561,67,17,101,15,200
562,67,33,68,15,183
563,68,16,68,15,167
566,66,35,66,15,182
567,65,19,66,15,165
568,68,33,65,17,183
570,68,33,68,14,183
571,67,18,68,14,167
572,66,32,67,17,182
573,51,32,67,17,167
575,67,19,62,18,166
576,68,31,66,18,183
577,67,17,66,18,168
578,67,31,70,14,182
579,67,14,70,14,165
580,62,35,69,14,180
581,66,17,69,14,166
583,67,17,67,16,167
584,70,34,65,18,187
586,69,33,65,16,183
588,67,32,134,15,248
589,69,16,134,15,234
592,65,35,66,15,181
593,65,19,66,15,165
594,68,33,66,17,184
595,50,33,66,17,166
597,67,18,66,17,168
598,66,33,67,16,182
599,67,18,67,16,168
600,66,33,66,18,183
601,84,34,99,16,233
602,66,34,99,16,215
603,85,32,67,16,200
604,67,32,67,16,182
606,66,34,70,32,202
607,67,16,70,32,185
608,50,16,70,32,168
609,67,16,69,15,167
613,67,18,66,15,166
615,53,30,69,15,167
616,80,18,82,18,198
617,66,18,82,18,184
618,66,33,67,15,181
621,66,17,68,15,166
624,67,33,65,17,182
625,52,33,65,17,167
626,68,32,67,18,185
627,66,17,67,18,168
628,83,15,52,15,165
629,68,15,52,15,150
630,82,17,68,16,183
631,102,15,67,17,201
633,67,15,67,17,166
634,52,15,67,17,151
637,66,16,68,14,164
638,51,16,68,14,149
640,67,33,66,17,183
641,66,18,66,17,167
643,51,33,64,18,166
644,66,33,65,17,181
645,51,33,65,17,166
648,64,34,67,16,181
650,65,36,65,18,184
651,65,19,65,18,167
654,83,18,83,16,200
655,66,18,83,16,183
656,65,35,64,17,181
657,51,35,64,17,167
659,53,31,67,18,169
660,83,16,67,17,183
661,81,34,66,19,200
662,64,34,66,19,183
663,65,17,66,19,167
664,85,15,67,17,184
666,52,15,67,17,151
667,67,16,67,17,167
668,66,34,50,17,167
669,67,15,50,17,149
670,67,33,83,19,202
671,67,16,83,19,185
672,67,34,68,16,185
673,65,17,68,16,166
674,50,17,68,16,151
675,50,33,68,15,166
676,67,35,66,16,184
677,85,33,66,18,202
678,68,33,66,18,185
679,52,33,66,18,169
680,83,18,66,17,184
681,67,18,66,17,168
684,66,33,66,19,184
685,69,15,66,19,169
686,51,15,66,19,151
687,67,17,84,15,183
688,67,32,52,15,166
694,99,36,67,16,218
695,66,14,53,16,149
696,64,36,67,16,183
697,83,33,65,17,198
698,68,33,65,17,183
700,53,16,65,17,151
701,51,34,65,19,169
703,66,15,53,16,150
704,65,34,67,17,183
705,65,17,67,17,166
706,65,35,64,19,183
707,68,16,64,19,167
711,65,15,68,18,166
712,64,35,66,20,185
713,68,16,66,20,170
714,67,33,53,13,166
715,50,33,53,13,149
716,68,33,68,15,184
717,67,15,68,15,165
718,66,33,68,15,182
720,53,13,68,15,149
721,65,18,65,17,165
722,68,33,66,16,183
723,63,18,66,16,163
725,66,17,66,18,167
726,65,34,67,17,183
728,66,32,68,16,182
729,51,32,68,16,167
730,66,35,83,17,201
731,67,17,83,17,184
732,84,16,67,17,184
733,68,16,67,17,168
736,83,17,66,17,183
737,66,17,66,17,166
738,67,34,65,17,183
740,67,32,67,16,182
743,66,16,68,17,167
744,65,34,67,16,182
745,66,17,67,16,166
747,66,18,66,18,168
748,68,33,65,18,184
749,68,16,65,18,167
750,67,33,166,18,284
751,67,17,166,18,268
752,66,32,68,17,183
753,67,14,68,17,166
754,65,35,50,18,168
755,67,17,50,18,152
756,67,33,66,18,184
758,68,35,64,18,185
759,67,18,64,18,167
760,68,31,101,17,217
762,66,33,68,17,184
763,67,15,68,17,167
764,64,34,51,15,164
765,67,16,51,15,149
767,66,17,67,15,165
771,68,16,66,17,167
772,67,33,65,18,183
773,83,33,68,15,199
774,84,17,68,15,184
775,65,17,68,15,165
776,66,32,51,17,166
777,68,15,51,17,151
778,65,36,64,18,183
779,85,32,67,17,201
780,68,32,67,17,184
781,66,17,67,17,167
782,51,17,67,17,152
783,66,16,69,16,167
785,67,17,67,17,168
786,67,34,66,17,184
787,101,17,67,15,200
788,52,17,66,17,152
790,67,33,67,18,185
791,67,16,67,18,168
792,50,16,67,18,151
793,67,17,99,17,200
794,67,33,66,17,183
795,65,18,66,17,166
797,68,15,100,17,200
798,66,33,67,17,183
799,69,15,67,17,168
801,65,17,50,17,149
802,67,33,67,16,183
804,50,17,67,16,150
805,67,17,67,15,166
806,50,17,67,15,149
809,66,18,65,18,167
810,67,31,52,15,165
811,66,16,52,15,149
812,65,34,67,16,182
813,64,19,67,16,166
815,68,15,68,16,167
816,52,15,68,16,151
817,86,34,66,17,203
818,67,34,66,17,184
819,65,18,66,17,166
820,68,32,51,16,167
822,66,34,68,15,183
823,68,16,68,15,167
824,115,19,65,18,217
825,67,16,68,16,167
826,51,16,68,16,151
828,68,33,99,16,216
829,66,18,99,16,199
831,68,16,67,16,167
832,65,33,67,17,182
833,68,15,67,17,167
834,65,34,66,16,181
835,67,16,66,16,165
836,51,16,66,16,149
837,65,17,68,17,167
838,67,33,52,13,165
839,66,16,52,13,147
842,68,30,70,15,183
844,52,13,70,15,150
847,66,17,66,15,164
848,70,32,67,17,186
849,66,17,67,17,167
850,67,34,66,18,185
851,66,17,66,18,167
852,66,33,67,16,182
853,84,33,66,17,200
855,67,16,66,17,166
856,66,34,67,17,184
857,69,16,67,17,169
858,67,32,69,14,182
859,66,16,69,14,165
860,83,18,67,17,185
862,67,34,65,17,183
863,68,17,65,17,167
864,52,17,65,17,151
866,67,32,67,17,183
867,67,15,67,17,166
868,65,33,51,17,166
869,84,34,85,15,218
871,66,16,85,15,182
872,67,34,51,15,167
875,66,16,84,17,183
876,85,15,67,16,183
877,68,15,67,16,166
879,66,18,66,18,168
881,82,33,68,15,198
882,67,33,68,15,183
883,67,17,68,15,167
886,69,32,66,16,183
889,65,17,72,28,182
890,64,34,66,16,180
893,67,22,78,16,183
894,72,28,66,17,183
895,67,16,66,17,166
897,66,18,67,14,165
901,67,18,64,20,169
902,67,31,53,16,167
903,65,17,53,16,151
904,66,33,69,15,183
906,64,36,66,15,181
907,70,16,66,15,167
908,53,16,66,15,150
911,82,33,134,17,266
912,66,33,134,17,250
913,83,34,67,15,199
914,66,34,67,15,182
915,69,16,67,15,167
917,52,32,68,17,169
918,83,18,66,16,183
919,65,18,66,16,165
920,67,33,68,14,182
922,68,33,68,15,184
924,66,35,65,17,183
925,67,19,65,17,168
926,68,33,65,17,183
928,68,32,50,17,167
929,84,33,51,11,179
930,65,33,51,11,160
931,68,16,51,11,146
935,67,11,54,16,148
936,51,11,54,16,132
937,70,17,63,16,166
938,70,28,102,16,216
939,65,16,102,16,199
942,63,32,51,16,162
943,51,32,51,16,150
946,83,16,68,15,182
948,51,16,68,15,150
949,65,17,100,18,200
950,82,18,84,17,201
951,84,33,51,17,185
953,51,33,51,17,152
954,84,16,82,18,200
956,66,35,65,18,184
957,69,17,65,18,169
958,68,31,52,15,166
960,82,18,66,17,183
962,65,33,68,14,180
963,51,33,68,14,166
964,52,15,68,14,149
965,51,33,68,16,168
967,65,18,65,18,166
969,62,19,65,17,163
970,84,16,70,13,183
975,66,20,63,17,166
976,50,20,63,17,150
977,52,32,68,14,166
978,69,31,68,17,185
979,83,37,65,16,201
982,82,17,67,16,182
983,66,17,67,16,166
986,65,33,65,17,180
987,67,17,65,17,166
988,67,33,66,17,183
989,83,32,67,17,199
991,66,16,67,17,166
993,66,17,66,18,167
995,67,16,68,17,168
997,83,35,66,18,202
999,67,17,66,18,168
1000,51,17,66,18,152
1001,51,34,64,17,166
1002,69,32,68,16,185
1003,51,32,68,16,167
1004,84,14,69,15,182
1005,67,14,69,15,165
1006,64,36,65,16,181
1007,65,19,65,16,165
1008,68,33,67,18,186
1009,66,17,67,18,168
1011,67,17,53,15,152
1012,65,35,65,16,181
1013,65,19,65,16,165
1014,67,33,65,17,182
1017,52,32,85,15,184
1018,65,33,52,15,165
1019,63,17,52,15,147
1020,65,33,69,15,182
1021,67,16,69,15,167
1025,68,17,65,18,168
1026,69,33,98,17,217
1030,65,35,64,18,182
1031,68,17,64,18,167
1033,66,16,100,17,199
1034,50,16,100,17,183
1035,65,16,102,16,199
1036,82,17,67,16,182
1038,51,17,67,16,151
1039,67,16,71,12,166
1040,67,35,69,16,187
1042,67,36,63,19,185
1044,71,33,62,17,183
1046,69,30,86,14,199
1047,53,30,86,14,183
1048,63,32,54,14,163
1051,63,17,68,17,165
1052,66,34,99,17,216
1054,54,14,99,17,184
1055,69,16,65,17,167
1056,68,32,67,17,184
1057,65,15,67,17,164
1058,51,15,67,17,150
1059,67,14,68,16,165
1060,65,34,67,17,183
1061,65,17,67,17,166
1062,67,34,101,16,218
1063,65,17,101,16,199
1065,67,17,68,16,168
1066,67,34,66,17,184
1067,67,17,66,17,167
1069,101,16,67,16,200
1070,52,16,66,16,150
1071,67,16,67,16,166
1072,100,33,67,17,217
1073,65,17,65,18,165
1074,66,33,67,17,183
1075,66,17,67,17,167
1076,67,32,68,18,185
1077,66,16,68,18,168
1081,68,16,66,18,168
1082,52,16,66,18,152
1083,68,15,68,19,170
1084,66,33,101,17,217
1086,66,35,66,17,184
1087,66,17,66,17,166
1088,68,19,64,16,167
1089,71,47,68,14,200
1090,54,47,68,14,183
1095,66,18,66,15,165
1096,68,32,67,16,183
1097,51,32,67,16,166
1098,67,34,65,17,183
1100,66,33,67,17,183
1101,52,33,67,17,169
1102,67,32,52,16,167
1103,66,16,52,16,150
1105,67,18,65,17,167
1106,67,33,66,17,183
1109,67,16,134,17,234
1111,65,17,67,16,165
1112,66,35,65,17,183
1113,67,18,65,17,167
1114,51,18,65,17,151
1117,66,17,67,17,167
1118,65,34,69,14,182
1119,68,17,69,14,168
1120,67,33,67,15,182
1121,51,33,67,15,166
1122,67,36,81,17,201
1124,69,31,67,17,184
1125,67,17,67,17,168
1126,67,32,67,17,183
1129,84,32,67,16,199
1131,52,32,67,16,167
1132,52,15,67,16,150
1133,66,16,68,16,166
1134,65,34,66,18,183
1135,82,34,65,17,198
1136,67,34,65,17,183
1137,66,18,65,17,166
1138,68,32,68,17,185
1140,66,33,68,15,182
1141,68,15,68,15,166
1143,66,18,67,16,167
1144,85,16,66,17,184
1147,66,19,67,15,167
1148,67,32,50,18,167
1150,66,35,86,29,216
1151,68,18,86,29,201
1155,68,16,67,17,168
1156,86,47,68,16,217
1159,65,18,68,16,167
1160,84,14,53,15,166
1161,131,15,68,14,228
1162,64,37,63,20,184
1163,66,20,63,20,169
1166,53,15,68,14,150
1167,51,32,69,16,168
1168,63,36,99,17,215
1169,67,16,99,17,199
1170,52,16,99,17,184
1172,69,34,66,16,185
1173,65,18,66,16,165
1175,53,32,66,16,167
1176,66,34,65,16,181
1177,67,17,65,16,165
1178,66,32,66,18,182
1180,66,33,100,18,217
1182,65,33,67,18,183
1183,65,17,67,18,167
1186,67,33,68,17,185
1188,67,35,65,17,184
1189,67,17,65,17,166
1192,68,32,67,16,183
1193,82,33,69,17,201
1194,65,33,69,17,184
1196,65,34,52,14,165
1197,82,35,65,16,198
1198,67,35,65,16,183
1199,66,19,65,16,166
1200,69,31,68,16,184
1202,52,14,68,16,150
1204,65,34,67,17,183
1206,68,34,67,16,185
1207,66,18,67,16,167
1210,67,34,98,17,216
1212,83,16,101,15,215
1213,66,16,101,15,198
1214,66,32,69,15,182
1216,64,34,66,20,184
1218,66,35,70,28,199
1219,83,31,67,17,198
1220,69,31,67,17,184
1221,65,16,67,17,165
1222,50,16,67,17,150
1224,70,28,67,17,182
1225,55,28,67,17,167
1226,67,33,68,18,186
1227,64,16,68,18,166
1228,61,34,52,16,163
1229,69,15,52,16,152
1230,67,34,68,16,185
1233,67,16,66,17,166
1234,52,16,66,17,151
1236,52,16,66,15,149
1237,66,16,68,14,164
1238,66,34,100,16,216
1239,65,17,100,16,198
1241,65,19,66,16,166
1243,65,17,67,19,168
1245,69,16,67,15,167
1246,50,16,67,15,148
1247,68,16,68,20,172
1249,67,16,67,17,167
1250,67,33,51,15,166
1251,66,18,51,15,150
1254,84,15,83,17,199
1255,69,15,83,17,184
1256,51,15,83,17,166
1258,66,34,98,17,215
1260,68,32,66,17,183
1261,65,17,66,17,165
1263,82,33,67,16,198
1264,65,33,67,16,181
1266,83,18,66,17,184
1267,85,32,67,17,201
1269,68,15,67,17,167
1270,83,18,66,18,185
1273,66,16,68,16,166
1274,84,16,68,17,185
1275,68,16,68,17,169
1276,66,35,50,18,169
1277,67,17,50,18,152
1278,68,33,67,16,184
1279,67,17,67,16,167
1280,85,18,66,15,184
1282,50,18,66,15,149
1283,52,32,66,18,168
1284,67,34,65,16,182
1286,66,32,67,17,182
1289,68,15,67,20,170
1293,66,16,66,16,164
1294,67,20,62,17,166
1295,71,46,67,16,200
1296,53,46,67,16,182
1297,66,16,67,16,165
1298,82,17,68,17,184
1299,62,17,68,17,164
1301,66,17,51,15,149
1303,67,18,66,17,168
1305,68,15,51,16,150
1307,66,18,67,17,168
1308,66,33,51,16,166
1310,51,16,51,16,134
1313,67,16,67,17,167
1314,51,16,67,17,151
1315,66,18,66,16,166
1316,67,33,66,17,183
1317,64,19,66,17,166
1321,85,34,51,14,184
1322,66,34,51,14,165
1323,66,17,51,14,148
1324,67,34,64,19,184
1325,67,18,64,19,168
1327,68,14,52,15,149
1328,82,16,69,16,183
1329,66,16,69,16,167
1331,66,15,101,16,198
1332,52,15,101,16,184
1333,68,17,66,16,167
1334,69,34,66,17,186
1335,66,18,66,17,167
1336,69,32,67,17,185
1337,66,17,67,17,167
1338,66,34,98,17,215
1339,66,18,98,17,199
1340,83,16,65,17,181
1343,68,17,65,16,166
1344,67,31,69,18,185
1345,64,17,69,18,168
1346,65,34,53,13,165
1348,65,35,98,18,216
1349,67,19,98,18,202
1350,69,31,135,17,252
1351,70,13,135,17,235
1352,53,13,135,17,218
1353,86,31,68,17,202
1356,67,35,66,20,188
1357,65,17,66,20,168
1358,66,33,65,18,182
1359,69,16,65,18,168
1360,52,16,65,18,151
1361,67,16,67,17,167
1363,69,47,99,18,233
1364,53,47,99,18,217
1365,83,33,84,17,217
1366,67,33,84,17,201
1369,68,14,52,17,151
1370,65,34,67,17,183
1371,65,17,67,17,166
1372,66,35,67,15,183
1373,66,17,67,15,165
1375,52,32,68,16,168
1376,67,35,100,16,218
1379,52,33,67,16,168
1380,68,32,68,15,183
1381,67,16,68,15,166
1382,65,35,65,17,182
1384,67,33,99,17,216
1385,67,17,99,17,200
1386,68,32,67,17,184
1387,84,34,66,16,200
1388,65,34,66,16,181
1389,66,17,66,16,165
1390,66,33,67,18,184
1391,67,17,67,18,169
1392,50,17,67,18,152
1394,66,34,83,15,198
1395,66,18,83,15,182
1396,67,31,67,18,183
1397,68,13,67,18,166
1398,52,13,67,18,150
1400,83,15,101,17,216
1402,67,35,66,17,185
1404,67,32,68,17,184
1405,82,34,51,17,184
1406,67,34,51,17,169
1407,66,17,51,17,151
1409,67,17,84,14,182
1413,67,17,66,17,167
1414,84,14,68,16,182
1416,64,35,67,16,182
1417,67,16,67,16,166
1419,66,16,67,17,166
1420,68,34,66,17,185
1422,67,33,99,17,216
1423,66,17,99,17,199
1425,68,16,66,17,167
1426,50,16,66,17,149
1427,84,32,67,17,200
1430,52,14,67,17,150
1431,66,18,66,17,167
1434,51,16,68,17,152
1435,67,17,51,15,150
1436,66,34,68,16,184
1437,67,17,68,16,168
1438,68,32,66,17,183
1439,68,15,66,17,166
1440,51,15,66,17,149
1441,66,19,64,17,166
1442,68,30,67,18,183
1443,67,14,67,18,166
1446,64,33,51,18,166
1447,65,16,51,18,150
1448,51,16,51,18,136
1449,68,17,82,17,184
1451,67,18,65,16,166
1453,68,14,72,29,183
1456,65,38,96,16,215
1457,86,29,100,17,232
1458,72,29,100,17,218
1459,55,29,100,17,201
1460,67,33,67,17,184
1461,100,18,67,16,201
1462,62,34,67,16,179
1463,66,18,67,16,167
1465,66,17,66,17,166
1466,67,34,49,12,162
1467,68,17,49,12,146
1469,67,16,67,17,167
1471,66,12,55,16,149
1472,83,16,85,15,199
1476,88,17,67,16,188
1477,66,17,67,16,166
1479,68,15,67,16,166
1480,67,34,66,18,185
1481,67,17,66,18,168
1482,67,33,66,18,184
1483,65,17,66,18,166
1484,67,33,67,18,185
1486,66,33,68,17,184
1487,68,15,68,17,168
1488,66,34,66,18,184
1491,67,16,66,17,166
1492,68,32,67,17,184
1494,66,34,68,14,182
1495,66,16,68,14,164
1496,83,16,68,16,183
1498,84,18,66,15,183
1500,82,19,66,17,184
1501,65,19,66,17,167
1502,68,33,66,17,184
1504,66,33,66,18,183
1505,67,18,66,18,169
1508,66,33,68,15,182
1509,68,16,68,15,167
1510,66,32,68,17,183
1511,67,14,68,17,166
1512,51,14,68,17,150
1513,84,32,66,20,202
1514,68,32,66,20,186
1515,65,17,66,20,168
1516,68,33,134,18,253
1518,65,33,101,18,217
1519,67,16,101,18,202
1520,66,31,70,18,185
1521,69,11,70,18,168
1522,53,11,70,18,152
1525,64,17,66,18,165
1526,88,14,135,17,254
1527,68,14,135,17,234
1528,51,14,135,17,217
1529,67,16,66,19,168
1531,66,17,66,17,166
1532,69,31,67,17,184
1533,68,14,67,17,166
1535,67,16,68,17,168
1536,66,32,68,16,182
1538,52,15,68,16,151
1540,68,32,49,16,165
1541,68,15,49,16,148
1542,68,33,99,17,217
1543,67,17,99,17,200
1544,65,32,67,17,181
1545,64,16,67,17,164
1546,49,16,67,17,149
1547,67,16,67,15,165
1548,66,33,68,18,185
1549,67,16,68,18,169
1550,67,34,52,16,169
1552,67,34,67,17,185
1553,65,19,67,17,168
1554,86,16,65,17,184
1556,52,16,65,17,150
1557,53,33,67,16,169
1558,67,32,69,16,184
1559,66,15,69,16,166
1560,65,35,50,15,165
1561,66,18,50,15,149
1562,67,34,65,17,183
1564,69,31,67,18,185
1565,52,31,67,18,168
1567,65,18,67,17,167
1569,66,16,65,19,166
1570,67,34,68,17,186
1573,50,31,71,14,166
1574,102,34,98,16,250
1575,101,17,98,16,232
1576,68,34,98,16,216
1577,68,17,98,16,199
1578,54,17,98,16,185
1580,82,16,68,13,179
1581,81,34,66,16,197
1583,67,17,66,16,166
1586,68,32,67,17,184
1587,64,19,67,17,167
1588,82,19,65,18,184
1589,66,19,65,18,168
1590,67,32,67,16,182
1591,70,16,67,16,169
1592,51,16,67,16,150
1593,68,16,67,16,167
1594,83,16,66,16,181
1595,67,16,66,16,165
1596,67,33,67,15,182
1598,83,17,68,16,184
1599,82,34,66,17,199
1600,82,18,66,17,183
1602,67,34,65,18,184
1604,68,32,51,17,168
1607,68,16,85,15,184
1608,65,35,65,18,183
1609,67,17,65,18,167
1610,51,17,65,18,151
1611,66,18,66,17,167
1614,65,34,66,17,182
1616,66,34,66,16,182
1619,67,15,67,17,166
1621,66,17,65,18,166
1623,65,17,50,17,149
1624,67,32,68,17,184
1625,67,15,68,17,167
1626,65,35,101,16,217
1627,67,17,101,16,201
1629,50,33,68,16,167
1630,68,34,67,16,185
1632,67,34,99,17,217
1633,68,17,99,17,201
1634,51,17,99,17,184
1635,117,33,66,17,233
1636,67,33,50,16,166
1641,67,16,104,15,202
1642,83,16,71,15,185
1643,67,16,71,15,169
1644,66,35,51,15,167
1645,66,18,51,15,150
1646,68,36,63,16,183
1647,67,20,63,16,166
1648,51,20,63,16,150
1651,83,34,66,16,199
1652,63,34,66,16,179
1653,64,18,66,16,164
1654,100,33,66,17,216
1655,65,17,66,16,164
1657,67,17,66,17,167
1658,66,33,68,16,183
1659,66,17,68,16,167
1660,66,33,51,18,168
1661,66,17,51,18,152
1662,66,35,67,16,184
1664,68,34,66,17,185
1665,68,18,66,17,169
1667,52,33,67,14,166
1668,83,17,65,17,182
1670,66,34,65,17,182
1671,67,17,65,17,166
1672,67,31,67,17,182
1674,65,34,66,16,181
1675,65,17,66,16,164
1676,65,33,66,19,183
1677,68,16,66,19,169
1679,67,16,67,16,166
1680,82,17,67,18,184
1681,65,17,67,18,167
1682,66,34,51,15,166
1683,68,15,51,15,149
1684,67,33,69,16,185
1685,67,17,69,16,169
1686,67,33,69,16,185
1689,67,19,66,15,167
1691,67,17,66,16,166
1693,68,17,66,17,168
1694,66,33,65,17,181
1695,65,18,65,17,165
1696,66,33,100,16,215
1697,83,32,68,16,199
1698,66,32,68,16,182
1700,65,34,68,16,183
1701,66,17,68,16,167
1702,66,34,67,15,182
1703,83,34,66,16,199
1705,101,17,67,14,199
1707,67,17,67,14,165
1708,67,33,66,18,184
1709,66,18,66,18,168
1710,66,34,66,17,183
1711,84,32,51,17,184
1712,67,32,51,17,167
1713,66,18,51,17,152
1714,66,34,84,17,201
1715,68,16,84,17,185
1716,66,34,67,16,183
1718,51,17,67,16,151
1721,67,17,65,18,167
1722,50,17,65,18,150
1724,66,34,67,17,184
1727,67,15,67,16,165
1728,52,15,67,16,150
1729,66,16,67,16,165
1731,66,16,67,17,166
1732,67,34,67,16,184
1733,65,18,67,16,166
1734,67,33,99,18,217
1735,50,33,99,18,200
1736,67,34,98,19,218
1737,68,17,98,19,202
1738,67,33,65,19,184
1739,67,17,65,19,168
1740,50,17,65,19,151
1741,67,15,52,19,153
1742,65,33,68,16,182
1743,67,15,68,16,166
1744,65,38,80,16,199
1746,52,19,80,16,167
1748,68,34,66,16,184
1749,65,18,66,16,165
1751,67,16,68,16,167
1752,66,34,67,17,184
1753,68,16,67,17,168
1754,82,18,65,18,183
1756,68,33,66,17,184
1757,66,17,66,17,166
1758,67,32,69,16,184
1759,51,32,69,16,168
1760,65,34,68,16,183
1761,67,16,68,16,167
1764,69,33,67,16,185
1765,67,17,67,16,167
1766,68,32,51,16,167
1767,67,16,51,16,150
1768,65,35,99,17,216
1770,67,32,67,17,183
1771,51,32,67,17,167
1772,51,16,67,17,151
1774,66,33,66,17,182
1776,67,35,97,18,217
1777,67,18,97,18,200
1778,68,31,134,16,249
1779,66,17,134,16,233
1780,66,33,51,17,167
1781,66,16,51,17,150
1782,64,33,68,16,181
1783,67,16,68,16,167
1785,67,17,99,17,200
1788,68,34,67,16,185
1789,66,18,67,16,167
1790,67,32,51,16,166
1791,65,17,51,16,149
1794,67,32,67,17,183
1795,68,16,67,17,168
1796,51,16,67,17,151
1797,67,17,66,17,167
1798,82,17,66,18,183
1799,66,17,66,18,167
1800,67,33,68,16,184
1803,67,16,69,16,168
1804,66,35,66,15,182
1805,67,17,66,15,165
1807,67,18,68,14,167
1808,69,32,65,21,187
1810,66,36,63,16,181
1811,65,21,63,16,165
1812,68,29,69,16,182
1813,66,15,69,16,166
1814,65,34,68,16,183
1817,65,19,99,17,200
1819,97,17,67,15,196
1821,85,33,66,18,202
1822,66,33,66,18,183
1823,66,17,66,18,167
1825,67,17,66,16,166
1826,67,32,66,18,183
1827,51,32,66,18,167
1828,66,34,66,16,182
1829,67,16,66,16,165
1833,66,16,67,17,166
1834,66,35,98,17,216
1835,66,19,98,17,200
1837,66,17,66,17,166
1839,84,33,67,18,202
1840,65,33,67,18,183
1842,66,33,52,17,168
1845,68,15,67,16,166
1846,67,35,66,15,183
1847,68,17,66,15,166
1848,52,17,66,15,150
1849,66,16,67,15,164
1850,101,33,67,16,217
1851,65,18,132,17,232
1852,66,33,67,16,182
1853,65,18,67,16,166
1854,67,34,65,17,183
1857,52,33,100,17,202
1858,67,32,68,17,184
1860,82,16,52,15,165
1861,67,16,52,15,150
1862,65,35,67,16,183
1863,66,18,67,16,167
1864,68,32,68,16,184
1866,52,15,68,16,151
1867,50,35,67,15,167
1868,67,33,67,15,182
1869,66,17,67,15,165
1870,68,34,65,16,183
1873,66,18,66,16,166
1874,67,32,67,17,183
1876,65,34,100,17,216
1877,66,18,100,17,201
1878,66,33,99,17,215
1879,51,33,99,17,200
1880,67,32,67,17,183
1881,68,15,67,17,167
1882,82,18,66,16,182
1883,66,18,66,16,166
1885,67,15,67,18,167
1886,67,34,100,16,217
1887,67,17,100,16,200
1888,66,33,67,16,182
1891,68,17,82,18,185
1893,52,32,68,17,169
1894,67,32,68,17,184
1897,85,32,66,16,199
1898,68,32,66,16,182
1899,84,33,68,18,203
1900,68,33,68,18,187
1901,67,16,68,18,169
1902,65,33,53,15,166
1903,65,16,53,15,149
1904,50,16,53,15,134
1905,65,19,65,16,165
1906,68,33,100,16,217
1907,51,33,100,16,200
1911,63,18,66,17,164
1912,66,34,67,16,183
1913,68,16,67,16,167
1914,68,32,67,18,185
1915,84,35,66,16,201
1916,66,35,66,16,183
1919,67,16,67,17,167
1922,66,33,85,15,199
1923,66,17,85,15,183
1924,50,17,85,15,167
1925,66,16,67,17,166
1926,83,16,102,16,217
1927,67,16,102,16,201
1928,66,34,68,16,184
1929,83,33,51,16,183
1930,67,33,51,16,167
1932,67,35,100,15,217
1935,67,16,68,15,166
1936,51,16,68,15,150
1939,66,18,132,17,233
1940,68,32,66,17,183
1942,65,34,66,17,182
1943,67,17,66,17,167
1944,66,32,68,18,184
1946,66,34,66,17,183
1947,83,34,66,16,199
1948,66,34,66,16,182
1951,69,14,67,18,168
1954,66,33,68,15,182
1955,64,17,68,15,164
1956,67,35,66,15,183
1957,68,17,66,15,166
1958,68,33,132,18,251
1959,68,17,132,18,235
1960,51,17,132,18,218
1961,65,18,66,17,166
1963,65,19,99,18,201
1964,67,32,67,18,184
1966,66,33,52,16,167
1967,51,33,52,16,152
1968,65,34,68,16,183
1969,68,16,68,16,168
1973,66,18,66,17,167
1976,66,34,67,16,183
1978,66,33,67,15,181
1979,67,16,67,15,165
1980,67,34,65,21,187
1982,83,17,64,18,182
1983,66,17,64,18,165
1984,67,32,69,15,183
1985,65,17,69,15,166
1987,70,48,82,17,217
1989,67,19,82,17,185
1991,97,16,67,15,195
1992,69,33,67,15,184
1993,68,16,67,15,166
1994,82,17,67,17,183
1995,67,17,67,17,168
2000,67,32,166,18,283
2001,67,15,166,18,266
2002,51,15,166,18,250
2003,68,18,66,16,168
2005,83,33,65,18,199
2006,68,33,65,18,184
2007,84,32,67,17,200
2008,82,16,67,17,182
2013,67,16,67,17,167
2014,51,16,67,17,151
2015,66,16,67,18,167
2016,51,16,67,18,152
2018,51,16,68,13,148
2019,67,16,100,18,201
2020,67,35,65,18,185
2021,67,17,65,18,167
2022,68,31,52,15,166
2023,64,18,52,15,149
2025,82,33,68,15,198
2026,65,33,68,15,181
2027,70,15,68,15,168
2028,52,15,68,15,150
2029,65,16,68,17,166
2030,83,18,66,17,184
2031,65,18,66,17,166
2032,68,33,65,19,185
2033,66,18,65,19,168
2034,68,33,66,17,184
2035,68,16,66,17,167
2037,68,15,69,17,169
2039,67,15,67,18,167
2041,84,32,51,17,184
2042,69,32,51,17,169
2043,67,15,51,17,150
2044,67,34,67,16,184
2045,68,16,67,16,167
2046,50,16,67,16,149
2047,66,17,66,16,165
2048,51,17,66,16,150
2049,65,18,66,16,165
2050,67,33,67,17,184
2052,66,33,51,16,166
2054,82,18,51,16,167
2055,66,18,51,16,151
2056,67,33,67,17,184
2057,51,33,67,17,168
2058,67,34,99,17,217
2059,51,34,99,17,201
2060,81,19,66,17,183
2061,64,19,66,17,166
2062,67,34,65,16,182
2063,66,17,65,16,164
2065,53,32,66,18,169
2066,66,33,68,15,182
2068,49,16,68,15,148
2069,67,17,67,16,167
2070,66,35,99,16,216
2072,83,17,67,16,183
2074,67,34,66,16,183
2077,68,16,66,17,167
2079,84,33,51,17,185
2080,66,33,51,17,167
2081,65,17,51,17,150
2082,66,34,68,16,184
2083,67,17,68,16,168
2085,68,17,67,13,165
2086,51,17,67,13,148
2087,85,33,66,17,201
2088,68,33,66,17,184
2089,67,17,66,17,167
2091,63,20,66,16,165
2092,83,16,66,17,182
2093,67,16,66,17,166
2095,70,16,67,17,170
2098,66,34,67,17,184
2099,66,17,67,17,167
2100,50,17,67,17,151
2101,51,33,98,17,199
2102,101,33,66,18,218
2103,66,18,99,18,201
2104,67,33,66,18,184
2106,67,31,53,15,166
2108,64,35,100,18,217
2109,64,18,100,18,200
2110,66,33,102,15,216
2111,68,15,102,15,200
2112,53,15,102,15,185
2113,51,35,67,15,168
2114,84,16,67,18,185
2115,66,16,67,18,167
2116,67,35,70,29,201
2119,66,17,67,18,168
2120,67,38,63,16,184
2121,67,20,63,16,166
2122,70,29,67,16,182
2124,67,34,65,17,183
2125,67,16,65,17,165
2126,63,33,65,17,178
2127,66,17,65,17,165
2128,67,32,67,17,183
2129,65,16,67,17,165
2130,65,33,51,17,166
2131,82,34,67,16,199
2132,82,17,67,16,182
2133,66,17,67,16,166
2134,67,34,66,16,183
2136,51,17,66,16,150
2137,51,33,66,18,168
2138,83,17,67,17,184
2139,66,17,67,17,167
2140,66,33,68,15,182
2141,65,17,68,15,165
2142,66,34,67,17,184
2144,51,16,67,17,151
2145,68,17,101,14,200
2146,68,33,68,14,183
2147,65,18,68,14,165
2148,67,34,65,17,183
2150,67,34,66,15,182
2151,69,17,66,15,167
2153,51,31,102,16,200
2155,65,18,67,16,166
2157,67,18,118,15,218
2158,68,34,84,15,201
2159,68,17,84,15,184
2160,67,33,66,16,182
2162,67,32,67,16,182
2165,68,15,66,16,165
2166,66,33,67,16,182
2169,64,17,67,16,164
2171,66,18,66,17,167
2172,67,33,67,17,184
2173,67,17,67,17,168
2174,67,33,67,17,184
2175,67,17,67,17,168
2178,50,17,66,18,151
2179,68,16,69,15,168
2180,51,16,69,15,151
2181,101,18,64,16,199
2182,50,16,100,16,182
2183,67,18,64,16,165
2185,67,16,67,16,166
2186,51,16,67,16,150
2187,66,16,68,15,165
2188,64,34,67,17,182
2189,65,18,67,17,167
2190,67,34,66,16,183
2191,66,18,66,16,166
2192,68,33,66,17,184
2195,68,16,67,17,168
2196,66,33,51,16,166
2198,83,17,66,17,183
2199,66,17,66,17,166
2201,68,16,67,16,167
2203,67,16,134,17,234
2205,66,17,65,17,165
2206,67,33,67,17,184
2207,66,17,67,17,167
2211,66,18,67,17,168
2212,67,34,64,19,184
2213,67,17,64,19,167
2214,52,17,64,19,152
2215,52,33,67,15,167
2216,67,31,68,16,182
2217,67,14,68,16,165
2218,64,36,65,18,183
2219,83,32,67,16,198
2221,65,17,67,16,165
2222,51,17,67,16,151
2223,82,34,67,15,198
2224,65,34,67,15,181
2225,68,16,67,15,166
2228,67,34,66,17,184
2229,66,17,66,17,166
2230,99,34,67,16,216
2233,66,17,67,16,166
2234,66,32,67,17,182
2236,51,15,67,17,150
2237,66,18,68,16,168
2238,67,32,68,16,183
2240,67,36,98,16,217
2241,67,19,98,16,200
2243,68,16,132,17,233
2245,51,33,67,16,167
2246,65,33,100,17,215
2247,66,16,100,17,199
2248,66,34,83,16,199
2249,66,18,83,16,183
2250,67,32,51,16,166
2251,66,16,51,16,149
2252,66,34,101,16,217
2253,67,17,101,16,201
2255,67,16,68,16,167
2256,51,16,68,16,151
2257,68,16,67,17,168
2259,84,33,68,15,200
2261,66,17,68,15,166
2265,85,32,65,17,199
2266,68,32,65,17,182
2268,68,33,67,16,184
2270,65,32,68,18,183
2273,66,18,67,16,167
2274,67,33,67,17,184
2275,67,17,67,17,168
2276,68,34,65,17,184
2277,51,34,65,17,167
2278,51,16,65,17,149
2279,51,33,102,15,201
2280,67,32,70,15,184
2281,81,34,51,17,183
2282,65,34,51,17,167
2283,66,17,51,17,151
2284,66,36,81,16,199
2285,67,18,81,16,182
2286,70,32,100,15,217
2287,53,32,100,15,200
2289,65,18,67,15,165
2290,81,16,67,16,180
2291,82,35,67,14,198
2292,65,35,67,14,181
2293,68,17,67,14,166
2294,67,32,67,16,182
2296,102,32,66,18,218
2298,67,32,66,18,183
2299,66,18,66,18,168
2300,67,34,67,15,183
2302,66,32,67,17,182
2303,68,16,67,17,168
2305,68,17,66,16,167
2306,67,32,50,16,165
2307,51,32,50,16,149
2308,67,34,66,16,183
2309,66,17,66,16,165
2311,67,16,67,18,168
2314,66,33,67,18,184
2315,66,17,67,18,168
2316,67,35,65,17,184
2317,67,17,65,17,166
2318,68,32,50,17,167
2319,52,32,50,17,151
2320,85,15,68,17,185
2321,67,15,68,17,167
2322,65,34,51,15,165
2323,67,17,51,15,150
2324,50,17,51,15,133
2325,66,17,67,17,167
2326,68,32,52,14,166
2327,51,32,52,14,149
2330,67,31,68,16,182
2331,67,14,68,16,165
2333,65,17,66,17,165
2335,64,18,84,16,182
2336,68,32,52,16,168
2337,51,32,52,16,151
2338,66,35,100,16,217
2340,67,33,67,16,183
2341,68,16,67,16,167
2342,52,16,67,16,151
2343,101,17,65,17,200
2344,83,17,65,17,182
2345,83,33,67,16,199
2347,50,33,67,16,166
2348,67,32,51,17,167
2349,67,15,51,17,150
2350,82,18,82,17,199
2353,66,17,66,17,166
2356,66,33,67,18,184
2357,66,17,67,18,168
2358,83,17,68,16,184
2360,50,17,68,16,151
2362,85,17,66,16,184
2364,68,31,67,17,183
2365,68,15,67,17,167
2366,51,15,67,17,150
2367,67,16,66,17,166
2368,66,32,67,18,183
2369,66,16,67,18,167
2371,65,17,68,20,170
2372,66,33,55,29,183
2373,67,16,55,29,167
2374,51,16,55,29,151
2375,50,35,64,19,168
2377,71,44,68,17,200
2378,55,44,68,17,184
2379,100,15,51,15,181
2381,63,15,51,15,144
2382,66,34,67,16,183
2383,66,17,67,16,166
2384,68,32,69,16,185
2385,66,15,69,16,166
2388,67,34,50,15,166
2389,66,18,50,15,149
2390,69,33,66,18,186
2391,100,15,52,15,182
2393,68,15,52,15,150
2394,50,15,52,15,132
2395,66,17,67,17,167
2397,67,15,66,17,165
2398,52,15,66,17,150
2399,84,32,68,17,201
2400,67,32,68,17,184
2401,66,15,68,17,166
2402,66,33,52,16,167
2403,66,16,52,16,150
2404,65,35,67,14,181
2405,65,18,67,14,164
2407,51,33,67,18,169
2408,52,16,67,18,153
2409,69,16,99,19,203
2410,81,19,66,19,185
2412,67,34,51,15,167
2414,67,32,102,17,218
2415,53,32,102,17,204
2416,51,15,102,17,185
2417,67,15,68,17,167
2418,51,15,68,17,151
2419,66,16,100,16,198
2420,85,17,65,16,183
2422,68,34,63,19,184
2425,66,16,67,16,165
2426,65,32,51,18,166
2427,64,16,51,18,149
2428,63,35,65,18,181
2429,67,16,65,18,166
2430,67,34,67,16,184
2431,67,18,67,16,168
2432,84,16,69,16,185
2434,65,36,65,17,183
2435,67,18,65,17,167
2439,67,16,68,18,169
2440,65,35,117,16,233
2441,66,18,117,16,217
2442,67,33,84,16,200
2444,68,34,66,17,185
2445,69,16,66,17,168
2446,51,16,66,17,150
2450,66,35,65,15,181
2451,51,35,65,15,166
2452,69,32,67,15,183
2453,65,18,67,15,165
2454,67,33,67,15,182
2456,65,34,66,18,183
2457,51,34,66,18,169
2458,67,33,51,16,167
2460,67,33,67,14,181
2461,52,33,67,14,166
2462,66,34,64,18,182
2463,69,16,64,18,167
2465,52,33,66,17,168
2469,67,17,66,16,166
2470,66,33,67,17,183
2473,66,17,51,16,150
2474,66,34,135,14,249
2477,51,33,68,15,167
2478,51,16,68,15,150
2479,68,17,68,14,167
2480,67,21,61,19,168
2481,71,47,81,17,216
2482,55,47,81,17,200
2483,66,19,81,17,183
2484,68,33,65,17,183
2485,61,19,65,17,162
2486,67,32,66,16,181
2487,52,32,66,16,166
2488,81,17,66,18,182
2489,67,17,66,18,168
2491,67,16,68,15,166
2492,66,33,66,17,182
2493,66,17,66,17,166
2495,67,17,67,14,165
2496,68,31,67,16,182
2497,67,16,67,16,166
2502,67,35,65,18,185
2503,66,19,65,18,168
2505,68,17,66,18,169
2508,65,34,66,18,183
2510,66,36,80,19,201
2511,68,18,80,19,185
2512,52,18,80,19,169
2514,66,35,65,18,184
2515,66,17,65,18,166
2516,65,34,65,17,181
2518,69,31,69,14,183
2519,51,31,69,14,165
2520,65,34,67,17,183
2523,67,18,65,16,166
2524,69,32,67,17,185
2525,83,33,68,16,200
2526,67,33,68,16,184
2527,83,34,67,15,199
2531,67,17,65,17,166
2532,51,17,65,17,150
2534,67,32,101,17,217
2536,65,34,67,17,183
2537,66,17,67,17,167
2538,66,34,66,16,182
2540,68,33,67,15,183
2541,67,17,67,15,166
2542,67,33,66,17,183
2543,67,16,66,17,166
2544,66,34,84,16,200
2547,65,17,68,20,170
2549,67,19,52,29,167
2550,68,32,67,17,184
2552,52,16,67,17,152
2553,51,20,78,19,168
2554,81,18,65,17,181
2555,65,18,65,17,165
2556,67,31,51,16,165
2557,64,14,51,16,145
2559,68,15,68,16,167
2560,50,15,68,16,149
2561,65,16,100,18,199
2562,51,16,100,18,185
2563,66,17,65,18,166
2564,68,33,65,19,185
2566,51,17,65,19,152
2567,67,15,52,15,149
2572,85,15,52,15,167
2573,67,15,52,15,149
2574,67,34,67,15,183
2575,65,17,67,15,164
2577,67,15,66,17,165
2578,86,15,65,18,184
2579,69,15,65,18,167
2581,64,17,67,16,164
2583,64,16,69,15,164
2584,65,34,67,20,186
2586,83,19,100,15,217
2587,66,19,100,15,200
2588,69,32,68,15,184
2590,67,33,68,15,183
2591,71,13,68,15,167
2592,52,13,68,15,148
2593,66,19,99,17,201
2594,68,33,66,17,184
2595,63,18,66,17,164
2596,68,33,67,18,186
2597,67,18,67,18,170
2600,66,34,82,17,199
2602,67,32,67,17,183
2603,68,14,67,17,166
2605,67,16,66,17,166
2606,99,33,67,17,216
2607,81,33,67,17,198
2608,67,33,67,17,184
2609,82,34,101,22,239
2611,67,17,101,22,207
2612,67,33,68,22,190
2614,67,35,55,19,176
2615,67,18,55,19,159
2617,69,16,67,16,168
2618,68,22,61,17,168
2620,74,26,67,16,183
2621,57,26,67,16,166
2624,59,34,65,16,174
2625,66,17,65,16,164
2626,67,33,64,17,181
2627,67,17,64,17,165
2629,82,32,68,16,198
2630,65,32,68,16,181
2631,65,16,68,16,165
2633,67,17,50,18,152
2634,66,34,82,17,199
2635,67,17,82,17,183
2636,68,34,65,19,186
2637,67,18,65,19,169
2638,50,18,65,19,152
2639,51,34,65,17,167
2642,65,34,134,18,251
2644,65,35,82,17,199
2645,86,32,67,18,203
2646,69,32,67,18,186
2648,51,16,67,18,152
2649,67,17,66,18,168
2650,66,33,66,18,183
2652,67,33,51,16,167
2653,68,15,51,16,150
2654,66,33,84,17,200
2655,83,34,67,15,199
2656,66,34,67,15,182
2657,66,16,67,15,164
2658,51,16,67,15,149
2660,67,34,66,16,183
2661,66,17,66,16,165
2662,50,17,66,16,149
2663,51,34,65,17,167
2664,68,32,66,17,183
2666,66,33,67,17,183
2667,51,33,67,17,168
2669,66,16,51,18,151
2670,66,34,66,17,183
2673,67,18,65,17,167
2674,51,18,65,17,151
2675,52,31,51,17,151
2676,66,34,66,17,183
2677,66,17,66,17,166
2680,51,17,66,17,151
2681,68,15,69,16,168
2682,66,34,51,16,167
2683,66,17,51,16,150
2685,66,18,82,18,184
2686,69,32,68,16,185
2687,68,16,68,16,168
2688,51,16,68,16,151
2691,66,18,65,16,165
2692,68,32,65,18,183
2693,52,32,65,18,167
2694,51,16,65,18,150
2696,65,32,74,28,199
2697,81,35,67,17,200
2698,65,35,67,17,184
2699,84,39,77,16,216
2700,67,39,77,16,199
2701,67,23,77,16,183
2702,74,28,65,17,184
2703,67,17,65,17,166
2704,67,33,67,16,183
2705,51,33,67,16,167
2706,77,16,102,15,210
2709,65,18,67,15,165
2710,83,17,66,18,184
2712,102,32,52,16,202
2713,67,18,66,18,169
2714,67,32,52,16,167
2715,66,17,52,16,151
2717,68,16,102,13,199
2718,66,34,81,18,199
2719,69,16,81,18,184
2720,52,16,81,18,167
2722,83,19,81,16,199
2724,68,31,66,18,183
2725,65,18,66,18,167
2727,100,16,67,17,200
2728,81,16,67,17,181
2730,66,35,67,15,183
2735,84,33,65,20,202
2737,66,18,65,20,169
2738,68,32,67,17,184
2739,66,17,67,17,167
2740,65,33,69,15,182
2742,65,34,65,19,183
2743,50,34,65,19,168
2744,53,14,65,19,151
2745,67,18,66,15,166
2747,64,15,69,16,164
2748,50,15,69,16,150
2750,66,33,67,16,182
2752,85,16,86,15,202
2753,66,16,86,15,183
2754,65,35,51,15,166
2755,85,33,65,18,201
2757,67,17,65,18,167
2758,51,17,65,18,151
2759,68,15,66,18,167
2760,51,15,66,18,150
2761,67,15,68,16,166
2763,65,16,66,18,165
2764,66,34,67,16,183
2766,52,16,67,16,151
2767,66,16,68,17,167
2771,67,17,68,14,166
2774,66,35,65,15,181
2775,85,31,67,16,199
2776,99,34,68,16,217
2777,51,31,67,16,165
2778,66,34,68,16,184
2779,66,17,68,16,167
2780,65,33,66,17,181
2781,51,33,66,17,167
2782,67,35,66,17,185
2783,66,19,66,17,168
2784,68,31,101,17,217
2785,69,15,101,17,202
2786,51,15,101,17,184
2787,67,18,66,17,168
2788,66,32,69,15,182
2789,67,15,69,15,166
2793,66,18,65,18,167
2794,51,18,65,18,152
2795,83,34,66,17,200
2797,83,34,66,18,201
2798,83,16,66,18,183
2799,68,16,66,18,168
2800,52,16,66,18,152
2802,66,34,66,17,183
2803,65,17,66,17,165
2804,66,35,64,20,185
2805,67,17,64,20,168
2806,52,17,64,20,153
2809,65,16,67,18,166
2810,64,36,67,58,225
2811,70,16,67,58,211
2812,53,16,67,58,194
2814,67,36,114,25,242
2815,65,18,114,25,222
2816,67,58,56,25,206
2817,108,39,67,15,229
2818,94,39,67,15,215
2821,56,25,57,16,154
2822,77,25,66,16,184
2823,58,25,66,16,165
2825,65,17,68,15,165
2827,66,18,66,17,167
2828,66,34,66,16,182
2831,52,32,101,16,201
2832,66,34,67,16,183
2833,84,34,66,16,200
2834,66,34,66,16,182
2836,68,33,67,17,185
2837,68,16,67,17,168
2838,67,33,67,15,182
2839,67,17,67,15,166
2841,65,18,65,17,165
2842,67,33,67,17,184
2843,68,16,67,17,168
2844,67,32,52,14,165
2845,66,17,52,14,149
2846,65,35,82,18,200
2847,83,31,69,17,200
2848,84,14,69,17,184
2849,69,14,69,17,169
2850,52,14,69,17,152
2851,66,19,66,15,166
2852,67,33,65,17,182
2853,65,18,65,17,165
2855,52,33,68,14,167
2856,66,32,68,16,182
2857,66,17,68,16,167
2859,65,19,65,16,165
2860,82,18,99,17,216
2862,50,18,99,17,184
2863,51,33,66,17,167
2865,67,17,67,17,168
2866,66,33,68,15,182
2867,67,16,68,15,166
2869,67,17,68,15,167
2870,67,34,99,16,216
2871,67,17,99,16,199
2873,66,19,81,25,191
2874,68,32,49,25,174
2876,66,33,83,17,199
2877,67,17,83,17,184
2878,65,41,76,16,198
2879,66,25,76,16,183
2880,49,25,76,16,166
2882,83,17,84,16,200
2883,67,17,84,16,184
2886,53,16,100,16,185
2887,67,16,67,16,166
2888,66,34,65,20,185
2890,51,16,65,20,152
2892,83,16,69,17,185
2896,52,14,67,17,150
2900,52,15,52,15,134
2901,84,33,101,15,233
2903,67,15,101,15,198
2904,52,15,101,15,183
2906,66,33,67,19,185
2907,67,14,67,19,167
2909,67,17,67,14,165
2910,68,32,67,16,183
2911,81,35,66,16,198
2912,67,35,66,16,184
2913,68,16,66,16,166
2914,67,32,67,17,183
2915,66,18,67,17,168
2917,64,18,66,17,165
2918,66,33,68,16,183
2920,67,33,51,15,166
2922,66,35,66,18,185
2923,67,18,66,18,169
2924,68,31,69,15,183
2925,67,15,69,15,166
2927,66,18,100,15,199
2928,66,34,66,15,181
2929,68,16,66,15,165
2930,53,16,66,15,150
2931,52,32,70,15,169
2932,66,34,51,18,169
2933,65,17,51,18,151
2934,66,36,96,19,217
2935,66,21,96,19,202
2936,70,33,63,19,185
2938,51,18,63,19,151
2941,65,16,69,15,165
2942,63,34,66,17,180
2943,68,15,66,17,166
2944,66,35,81,20,202
2946,84,16,70,14,184
2947,65,16,70,14,165
2948,66,34,67,16,183
2949,65,17,67,16,165
2952,70,31,68,15,184
2955,67,17,116,18,218
2957,67,18,81,18,184
2958,50,18,81,18,167
2959,52,31,68,17,168
2960,83,16,52,17,168
2961,66,16,52,17,151
2962,99,34,65,17,215
2963,84,34,65,17,200
2964,85,17,65,17,184
2965,68,17,65,17,167
2966,52,17,65,17,151
2968,66,33,84,16,199
2969,82,34,66,17,199
2972,50,17,66,17,150
2974,84,16,67,17,184
2975,67,16,67,17,167
2976,66,35,66,17,184
2977,50,35,66,17,168
2978,68,32,67,15,182
2980,51,16,67,15,149
2981,84,33,66,16,199
2982,66,33,66,16,181
2983,67,16,66,16,165
2984,67,33,66,18,184
2985,65,18,66,18,167
2987,66,16,67,17,166
2989,67,17,68,18,170
2990,66,34,52,15,167
2991,67,16,52,15,150
2994,86,15,68,15,184
2995,68,15,68,15,166
2996,52,15,68,15,150
2997,50,34,66,15,165
2998,67,34,98,16,215
3000,68,32,82,19,201
3001,66,17,82,19,184
3003,64,18,68,17,167
3006,66,35,65,19,185
3007,67,19,65,19,170
3009,68,14,134,17,233
3010,66,34,83,17,200
3011,67,17,83,17,184
3012,65,35,65,17,182
3014,53,16,65,17,151
3015,66,19,67,15,167
3016,100,35,64,18,217
3019,51,35,64,18,168
3020,67,32,68,18,185
3022,67,32,54,13,166
3023,67,15,54,13,149
3024,64,36,65,17,182
3026,68,31,69,16,184
3027,69,13,69,16,167
3028,54,13,69,16,152
3029,83,35,66,15,199
3031,64,18,66,15,163
3032,69,31,69,15,184
3033,52,31,69,15,167
3035,68,16,66,16,166
3036,66,34,66,15,181
3037,50,34,66,15,165
3038,101,34,66,17,218
3040,66,34,66,17,183
3041,85,32,68,16,201
3043,51,32,68,16,167
3044,66,34,99,19,218
3045,68,16,99,19,202
3047,68,17,65,19,169
3048,68,33,51,16,168
3050,67,32,67,18,184
3051,66,16,67,18,167
3052,65,35,67,16,183
3053,68,16,67,16,167
3054,51,16,67,16,150
3056,85,17,64,19,185
3058,67,32,68,15,182
3061,67,14,101,19,201
3062,64,36,65,19,184
3063,67,17,65,19,168
3064,83,17,52,14,166
3065,65,17,52,14,148
3066,86,15,100,17,218
3068,65,33,67,17,182
3071,66,17,67,16,166
3072,68,32,69,15,184
3073,66,15,69,15,165
3074,67,35,99,16,217
3075,66,18,99,16,199
3076,67,34,65,16,182
3078,51,18,65,16,150
3079,52,32,67,15,166
3082,65,34,66,17,182
3083,66,18,66,17,167
3084,67,34,65,18,184
3085,64,19,65,18,166
3086,68,32,67,17,184
3088,66,33,67,17,183
3089,51,33,67,17,168
3090,65,34,67,16,182
3093,83,34,66,17,200
3094,67,34,66,17,184
3095,66,17,66,17,166
3097,66,17,66,17,166
3098,67,33,66,17,183
3099,50,33,66,17,166
3100,66,33,67,16,182
3101,67,16,67,16,166
3103,67,16,68,17,168
3104,66,34,68,15,183
3105,66,17,68,15,166
3106,67,34,65,18,184
3107,66,18,65,18,167
3108,68,34,65,17,184
3109,68,17,65,17,167
3110,68,31,68,16,183
3111,67,16,68,16,167
3112,65,34,67,16,182
3113,66,16,67,16,165
3114,65,34,67,17,183
3116,68,33,51,16,168
3117,66,17,51,16,150
3118,50,17,51,16,134
3119,50,34,84,14,182
3121,68,16,65,17,166
3122,51,16,65,17,149
3123,67,18,65,17,167
3125,67,14,67,17,165
3126,65,34,68,15,182
3127,83,33,70,14,200
3128,65,33,70,14,182
3129,65,16,70,14,165
3130,67,35,100,17,219
3132,68,35,65,17,185
3133,51,35,65,17,168
3134,70,31,51,16,168
3136,66,34,84,16,200
3138,65,33,67,17,182
3139,51,33,67,17,168
3140,51,16,67,17,151
3142,84,16,66,17,183
3146,65,34,117,16,232
3147,65,17,117,16,215
3149,66,17,83,16,182
3150,51,17,83,16,167
3151,51,32,67,17,167
3152,51,15,67,17,150
3153,67,17,66,17,167
3155,66,16,67,17,166
3157,66,17,66,16,165
3158,66,33,67,16,182
3159,67,16,67,16,166
3161,83,34,66,21,204
3164,67,35,52,15,169
3165,66,19,52,15,152
3167,53,31,68,17,169
3168,66,36,64,16,182
3169,71,15,64,16,166
3170,52,15,64,16,147
3172,68,32,67,16,183
3175,66,17,118,16,217
3176,65,34,67,17,183
3177,65,17,67,17,166
3178,67,33,51,16,167
3180,67,34,83,17,201
3182,67,33,67,17,184
3183,68,16,67,17,168
3184,51,16,67,17,151
3185,83,34,66,17,200
3187,66,17,66,17,166
3188,67,33,66,16,182
3189,67,16,66,16,165
3192,66,33,67,17,183
3193,66,16,67,17,166
3196,66,34,68,15,183
3199,68,17,67,15,167
3201,51,34,100,17,202
3202,68,33,84,15,200
3203,51,33,84,15,183
3204,67,30,54,15,166
3206,63,37,67,14,181
3207,67,18,67,14,166
3208,67,32,68,17,184
3211,68,17,65,16,166
3212,67,33,66,17,183
3214,68,32,68,17,185
3216,65,34,67,17,183
3217,67,18,67,17,169
3218,66,34,50,17,167
3219,66,17,50,17,150
3220,51,17,50,17,135
3221,52,33,101,16,202
3222,51,16,101,16,184
3224,50,17,67,16,150
3225,65,17,51,16,149
3226,66,35,65,16,182
3227,84,32,67,17,200
3228,67,32,67,17,183
3229,68,16,67,17,168
3231,66,17,66,17,166
3232,65,34,67,15,181
3233,65,18,67,15,165
3234,67,32,67,18,184
3235,68,15,67,18,168
3236,51,15,67,18,151
3238,67,32,66,19,184
3239,65,17,66,19,167
3241,68,16,67,16,167
3242,66,32,67,17,182
3243,66,17,67,17,167
3244,85,16,67,15,183
3245,67,16,67,15,165
3247,68,16,69,14,167
3249,65,18,65,18,166
3250,67,34,82,17,200
3252,50,19,82,17,168
3256,66,33,66,17,182
3258,68,32,51,16,167
3259,50,32,51,16,149
3262,66,33,100,17,216
3263,67,16,100,17,200
3265,100,18,101,15,234
3267,66,18,101,15,200
3269,51,32,69,15,167
3270,51,15,69,15,150
3271,67,17,66,18,168
3272,82,19,64,18,183
3273,65,19,64,18,166
3274,69,31,51,16,167
3275,67,16,51,16,150
3277,83,34,67,18,202
3278,64,34,67,18,183
3279,67,16,67,18,168
3280,51,16,67,18,152
3281,67,15,52,16,150
3282,67,34,84,16,201
3283,64,19,84,16,183
3284,67,34,100,15,216
3286,52,16,100,15,183
3287,53,31,69,15,168
3288,84,16,67,16,183
3289,82,34,66,17,199
3290,66,34,66,17,183
3291,66,18,66,17,167
3293,65,18,67,15,165
3294,67,33,66,18,184
3295,67,17,66,18,168
3296,66,34,99,17,216
3297,68,17,99,17,201
3298,82,17,67,17,183
3299,66,17,67,17,167
3300,66,34,68,15,183
3301,67,16,68,15,166
3304,67,35,64,18,184
3306,68,31,68,15,182
3307,66,16,68,15,165
3309,65,17,67,18,167
3310,64,35,65,17,181
3311,84,32,66,19,201
3312,68,32,66,19,185
3314,67,33,52,17,169
3315,67,15,52,17,151
3316,82,16,67,18,183
3317,67,16,67,18,168
3318,66,36,67,14,183
3319,67,17,67,14,165
3321,52,31,67,17,167
3322,67,36,66,17,186
3324,67,31,52,14,164
3326,67,35,83,16,201
3327,66,18,83,16,183
3328,66,31,68,17,182
3330,52,14,68,17,151
3331,67,16,67,17,167
3332,83,16,67,17,183
3333,82,33,68,16,199
3334,68,33,68,16,185
3335,67,16,68,16,167
3336,67,34,100,16,217
3342,50,17,65,18,150
3343,83,32,68,16,199
3344,66,32,68,16,182
3345,66,16,68,16,166
3346,65,33,68,17,183
3348,82,18,67,16,183
3349,66,18,67,16,167
3350,68,33,67,18,186
3352,68,34,67,17,186
3353,68,17,67,17,169
3354,50,17,67,17,151
3355,67,17,67,15,166
3356,50,17,67,15,149
3357,68,16,68,14,166
3358,67,33,67,16,183
3360,67,35,65,15,182
3362,68,32,67,16,183
3364,67,33,66,16,182
3366,65,34,66,15,180
3367,51,34,66,15,166
3368,67,32,68,17,184
3369,67,16,68,17,168
3370,82,18,51,16,167
3371,67,18,51,16,152
3372,66,34,65,16,181
3373,65,19,65,16,165
3374,68,33,65,18,184
3376,51,16,65,18,150
3377,52,32,67,17,168
3378,65,33,68,17,183
3379,64,17,68,17,166
3381,50,34,51,16,151
3383,68,17,83,17,185
3384,68,33,67,16,184
3385,67,16,67,16,166
3386,51,16,67,16,150
3387,50,33,66,17,166
3388,66,34,66,16,182
3393,83,35,65,16,199
3396,69,31,67,17,184
3397,52,31,67,17,167
3398,52,14,67,17,150
3399,68,16,67,16,167
3400,65,33,68,16,182
3401,64,17,68,16,165
3402,67,34,66,16,183
3403,83,34,65,18,200
3404,67,34,65,18,184
3406,50,18,65,18,151
3407,67,16,101,16,200
3408,82,17,134,16,249
3409,66,17,134,16,233
3410,83,17,66,16,182
3411,67,17,66,16,166
3413,85,33,66,17,201
3415,66,17,66,17,166
3417,67,17,101,16,201
3419,83,32,52,15,182
3420,66,32,52,15,165
3421,67,15,52,15,149
3422,50,15,52,15,132
3423,67,18,65,17,167
3424,68,31,51,17,167
3425,51,31,51,17,150
3427,83,34,67,17,201
3428,65,34,67,17,183
3430,51,17,67,17,152
3431,67,15,100,17,199
3432,66,35,65,17,183
3434,67,32,69,16,184
3435,82,33,68,18,201
3436,67,33,68,18,186
3438,65,36,65,17,183
3439,65,19,65,17,166
3441,67,16,68,16,167
3442,68,33,66,17,184
3443,84,35,82,17,218
3444,65,35,82,17,199
3445,66,18,82,17,183
3447,66,15,68,16,165
3448,83,17,68,15,183
3450,82,17,66,18,183
3451,66,17,66,18,167
3452,68,34,68,17,187
3453,51,34,68,17,170
3454,68,32,53,14,167
3455,66,17,53,14,150
3456,66,36,84,15,201
3458,68,31,68,17,184
3459,53,31,68,17,169
3460,53,14,68,17,152
3461,65,17,52,14,148
3462,84,15,65,17,181
3463,67,15,65,17,164
3464,53,15,65,17,150
3465,52,31,67,20,170
3466,52,14,67,20,153
3467,65,15,133,18,231
3468,65,33,67,18,183
3469,65,16,67,18,166
3470,67,34,66,18,185
3473,66,17,69,16,168
3474,67,33,67,18,185
3475,98,18,64,19,199
3477,68,18,64,19,169
3478,51,18,64,19,152
3479,67,15,68,17,167
3480,67,33,67,17,184
3484,52,16,69,14,151
3485,67,15,51,15,148
3489,66,15,68,16,165
3490,51,15,68,16,150
3491,66,16,51,17,150
3492,62,35,66,16,179
3493,66,17,66,16,165
3494,68,33,67,18,186
3495,51,33,67,18,169
3496,85,16,52,16,169
3498,66,34,117,15,232
3500,67,34,83,15,199
3502,52,16,83,15,166
3505,64,19,65,18,166
3506,67,31,52,17,167
3508,84,16,69,16,185
3509,84,35,66,18,203
3510,65,35,66,18,184
3511,84,34,65,16,199
3513,51,34,65,16,166
3515,67,16,100,15,198
3520,67,33,66,20,186
3524,68,31,68,17,184
3527,51,34,67,17,169
3529,52,34,99,17,202
3530,50,18,99,17,184
3532,51,16,66,17,150
3533,51,34,98,17,200
3534,67,32,66,17,182
3537,66,17,67,15,165
3538,66,32,71,13,182
3541,66,18,65,18,167
3542,67,36,64,16,183
3543,67,21,64,16,168
3545,54,29,68,17,168
3546,65,35,66,17,183
3547,68,17,66,17,168
3550,68,33,70,12,183
3551,67,16,70,12,165
3553,67,17,64,17,165
3554,67,36,63,18,184
3555,67,19,63,18,167
3556,70,28,53,17,168
3557,65,16,53,17,151
3558,64,35,68,16,183
3559,64,18,68,16,166
3560,63,35,65,16,179
3561,69,17,65,16,167
3563,53,33,99,17,202
3564,68,32,67,17,184
3565,82,34,135,14,265
3566,65,34,135,14,248
3567,65,18,135,14,232
3568,66,33,66,19,184
3569,66,17,66,19,168
3570,67,32,70,14,183
3571,68,15,70,14,167
3572,65,34,66,23,188
3573,67,16,66,23,172
3574,85,17,53,29,184
3575,85,30,86,15,216
3576,70,30,86,15,201
3577,66,16,86,15,183
3578,66,23,63,15,167
3579,70,45,66,18,199
3582,52,16,66,18,152
3583,63,15,68,16,162
3584,67,33,70,14,184
3586,66,35,68,14,183
3587,66,17,68,14,165
3588,68,35,80,18,201
3589,52,35,80,18,185
3590,70,33,132,15,250
3594,80,18,67,15,180
3595,66,18,67,15,166
3596,80,17,68,15,180
3597,83,35,67,14,199
3598,67,35,67,14,183
3599,68,17,67,14,166
3600,67,33,67,16,183
3601,52,33,67,16,168
3602,68,34,66,16,184
3603,50,34,66,16,166
3607,68,17,66,16,167
3608,82,17,134,17,250
3609,68,17,134,17,236
3610,66,33,83,18,200
3612,66,36,65,17,184
3613,86,31,51,15,183
3615,67,16,51,15,149
3619,50,32,52,15,149
3620,51,15,52,15,133
3621,84,33,66,18,201
3622,84,15,66,18,183
3624,52,15,66,18,151
3625,52,35,66,15,168
3627,65,16,101,17,199
3629,69,17,83,15,184
3630,66,31,52,15,164
3632,50,16,52,15,133
3633,65,18,65,18,166
3635,68,15,51,16,150
3636,85,15,68,16,184
3637,68,15,68,16,167
3638,65,34,67,17,183
3640,83,18,66,18,185
3641,65,18,66,18,167
3643,66,17,66,18,167
3644,67,33,69,19,188
3645,68,16,69,19,172
3647,83,36,64,17,200
3649,67,18,64,17,166
3650,69,36,80,15,200
3651,70,17,80,15,182
3652,55,17,80,15,167
3655,62,17,51,15,145
3657,66,15,69,15,165
3658,67,33,66,20,186
3660,51,15,66,20,152
3661,65,19,65,17,166
3663,51,30,136,15,232
3664,86,15,83,18,202
3665,69,15,83,18,185
3666,65,32,69,15,181
3667,50,32,69,15,166
3668,52,15,69,15,151
3669,64,17,67,16,164
3670,83,18,65,18,184
3671,66,18,65,18,167
3672,51,18,65,18,152
3676,65,35,100,16,216
3678,68,33,67,16,184
3679,69,16,67,16,168
3680,52,16,67,16,151
3681,50,34,64,18,166
3682,67,33,68,15,183
3683,66,17,68,15,166
3684,67,31,52,17,167
3686,64,37,81,16,198
3688,68,32,65,16,181
3689,52,32,65,16,165
3690,52,17,65,16,150
3691,65,18,66,19,168
3692,81,16,68,16,181
3693,82,33,101,18,234
3696,66,35,66,18,185
3701,65,17,99,19,200
3702,84,16,65,19,184
3703,68,16,65,19,168
3704,52,16,65,19,152
3705,68,16,66,16,166
3707,66,15,67,18,166
3708,84,15,51,15,165
3713,66,15,67,19,167
3714,51,15,67,19,152
3715,67,16,69,13,165
3716,66,34,68,16,184
3717,65,17,68,16,166
3718,67,35,64,17,183
3722,84,15,67,17,183
3723,65,15,67,17,164
3724,64,36,100,14,214
3726,67,31,69,14,181
3727,65,17,69,14,165
3729,67,17,66,18,168
3731,86,31,51,15,183
3733,52,31,51,15,149
3735,68,16,69,14,167
3737,68,15,51,18,152
3739,66,19,64,18,167
3740,69,32,100,16,217
3742,51,18,100,16,185
3743,68,15,68,16,167
3744,64,35,66,16,181
3745,68,17,66,16,167
3746,67,33,65,18,183
3749,66,17,65,18,166
3752,65,33,85,16,199
3756,51,17,66,17,151
3758,68,33,66,17,184
3759,83,33,50,18,184
3760,66,33,50,18,167
3761,51,33,50,18,152
3762,66,33,68,17,184
3763,66,16,68,17,167
3764,66,35,66,16,183
3765,66,18,66,16,166
3766,50,18,66,16,150
3767,69,15,100,16,200
3768,68,33,67,16,184
3769,68,16,67,16,167
3773,83,34,102,12,231
3774,67,34,102,12,215
3778,85,14,68,17,184
3780,65,37,64,17,183
3782,53,18,64,17,152
3783,82,33,65,18,198
3784,68,33,65,18,184
3786,64,33,84,16,197
3788,66,32,52,16,166
3789,65,16,52,16,149
3790,65,35,71,15,186
3792,116,22,62,16,216
3793,68,16,53,13,150
3794,84,22,62,16,184
3795,66,22,62,16,166
3796,71,28,134,17,250
3798,53,13,134,17,217
3799,50,34,68,17,169
3800,78,18,66,17,179
3801,63,18,66,17,164
3802,68,34,66,17,185
3803,51,34,66,17,168
3804,68,32,51,15,166
3805,69,15,51,15,150
3806,51,15,51,15,132
3807,68,17,82,16,183
3808,66,32,66,18,182
3809,66,15,66,18,165
3810,51,15,66,18,150
3812,65,33,51,17,166
3813,65,16,51,17,149
3814,84,18,82,17,201
3815,67,18,82,17,184
3816,51,18,82,17,168
3817,67,17,67,16,167
3821,67,17,65,18,167
3822,67,34,66,16,183
3823,51,34,66,16,167
3825,68,14,67,18,167
3827,67,17,65,16,165
3828,66,32,69,15,182
3830,51,16,69,15,151
3832,65,36,66,17,184
3833,65,20,66,17,168
3834,69,31,68,17,185
3836,51,16,68,17,152
3837,69,17,67,15,168
3838,66,33,66,18,183
3839,68,16,66,18,168
3841,67,17,66,16,166
3843,65,17,67,16,165
3844,66,34,67,15,182
3846,66,33,116,17,232
3847,67,17,116,17,217
3849,65,18,82,17,182
3853,67,17,66,16,166
3854,82,17,67,16,182
3855,67,17,67,16,167
3856,67,33,67,16,183
3857,50,33,67,16,166
3859,84,33,68,15,200
3860,67,33,68,15,183
3861,51,33,68,15,167
3865,67,18,100,16,201
3867,67,19,66,16,168
3868,69,32,67,18,186
3869,66,18,67,18,169
3870,66,34,65,16,181
3871,51,34,65,16,166
3873,52,33,64,19,168
3875,68,14,68,17,167
3876,65,32,53,14,164
3877,65,16,53,14,148
3879,65,17,66,18,166
3880,68,31,53,15,167
3881,52,31,53,15,151
3882,53,14,53,15,135
3884,52,14,66,17,149
3885,67,15,68,17,167
3887,62,18,52,16,148
3888,66,35,66,16,183
3889,65,18,66,16,165
3890,68,33,65,18,184
3891,70,16,65,18,169
3892,52,16,65,18,151
3894,66,32,67,18,183
3895,65,16,67,18,166
3897,68,15,69,15,167
3898,83,16,67,16,182
3899,67,16,67,16,166
3900,67,35,64,15,181
3901,67,17,64,15,163
3902,69,32,83,17,201
3903,66,17,83,17,183
3904,67,32,68,17,184
3905,65,16,68,17,166
3907,64,20,101,15,200
3911,53,33,66,19,171
3912,66,35,65,18,184
3913,85,31,67,18,201
3914,68,31,67,18,184
3915,66,16,67,18,167
3916,50,16,67,18,151
3918,65,33,51,17,166
3919,68,15,51,17,151
3921,66,15,67,17,165
3924,51,17,67,16,151
3925,66,16,51,16,149
3927,66,18,98,17,199
3928,67,32,66,17,182
3929,67,16,66,17,166
3930,51,16,66,17,150
3931,50,33,68,17,168
3932,65,33,118,17,233
3933,82,35,83,17,217
3934,66,35,83,17,201
3935,66,18,83,17,184
3936,68,32,68,17,185
3937,66,15,68,17,166
3939,67,17,67,17,168
3940,83,17,100,16,216
3941,66,17,100,16,199
3942,68,33,101,16,218
3943,51,33,101,16,201
3945,67,17,67,16,167
3946,67,33,67,15,182
3947,67,16,67,15,165
3949,84,33,66,17,200
3950,67,33,66,17,183
3951,66,17,66,17,166
3952,67,32,68,17,184
3953,66,17,68,17,168
3955,65,18,51,16,150
3956,66,34,66,16,182
3957,68,17,66,16,167
3959,69,16,65,18,168
3961,68,15,66,18,167
3962,66,32,68,16,182
3963,81,34,67,17,199
3964,65,34,67,17,183
3965,65,16,67,17,165
3966,66,34,68,16,184
3967,68,16,68,16,168
3969,50,33,51,17,151
3972,68,33,66,15,182
3974,51,17,66,15,149
3976,99,33,116,17,265
3977,83,33,116,17,249
3978,66,33,116,17,232
3979,66,18,116,17,217
3980,66,33,83,17,199
3981,69,15,83,17,184
3982,83,18,99,17,217
3984,68,33,66,17,184
3986,83,17,100,15,215
3987,66,17,100,15,198
3990,83,18,66,16,183
3991,68,18,66,16,168
3994,52,14,67,16,149
3995,64,20,65,17,166
3997,65,16,100,17,198
3999,68,17,67,17,169
4000,65,33,51,16,165
4001,66,16,51,16,149
4002,83,17,67,16,183
4003,67,17,67,16,167
4004,67,33,66,18,184
4005,67,16,66,18,167
4006,51,16,66,18,151
4008,67,32,102,16,217
4009,66,16,102,16,200
4010,66,35,100,17,218
4011,68,17,100,17,202
4013,67,17,67,17,168
4015,66,18,67,19,170
4020,67,32,68,17,184
4021,70,13,68,17,168
4022,53,13,68,17,151
4024,83,17,98,18,216
4026,68,31,67,18,184
4027,101,15,52,16,184
4029,66,15,52,16,149
4031,81,34,100,18,233
4032,67,34,100,18,219
4033,67,16,100,18,201
4035,67,18,98,18,201
4036,69,31,67,18,185
4038,50,16,67,18,151
4040,83,15,66,18,182
4041,68,15,66,18,167
4042,52,15,66,18,151
4043,67,16,65,19,167
4045,66,15,52,15,148
4046,66,33,70,14,183
4047,66,15,70,14,165
4048,65,34,68,15,182
4049,67,15,68,15,165
4050,52,15,68,15,150
4051,66,19,64,20,169
4052,70,32,65,17,184
4053,65,18,65,17,165
4054,68,32,66,17,183
4055,66,17,66,17,166
4056,84,13,68,17,182
4058,65,33,67,18,183
4060,66,35,66,18,185
4061,63,18,66,18,165
4062,68,32,68,17,185
4063,68,15,68,17,168
4064,52,15,68,17,152
4065,68,16,67,16,167
4066,66,34,66,16,182
4068,68,33,66,18,185
4071,65,17,66,18,166
4072,66,33,68,17,184
4076,84,17,82,17,200
4077,68,17,82,17,184
4079,67,16,66,16,165
4081,99,17,66,17,199
4083,82,34,67,16,199
4085,66,18,67,16,167
4086,67,32,51,17,167
4087,66,17,51,17,151
4089,67,18,83,16,184
4093,67,17,66,17,167
4095,67,16,67,17,167
4096,50,16,67,17,150
4097,83,34,68,15,200
4099,66,17,68,15,166
4100,84,15,51,18,168
4101,69,15,51,18,153
4103,85,33,64,18,200
4104,68,33,64,18,183
4105,66,18,64,18,166
4106,51,18,64,18,151
4107,51,31,51,18,151
4108,64,33,68,16,181
4109,66,16,68,16,166
4110,82,18,67,16,183
4111,66,18,67,16,167
4112,51,18,67,16,152
4113,69,15,100,18,202
4115,66,19,65,18,168
4116,67,31,52,17,167
4117,66,15,52,17,150
4118,51,15,52,17,135
4120,65,35,64,18,182
4122,52,17,64,18,151
4123,66,16,68,16,166
4124,66,33,100,18,217
4126,82,17,65,18,182
4127,67,17,65,18,167
4128,68,32,67,18,185
4129,67,16,67,18,168
4130,51,16,67,18,152
4131,82,34,68,16,200
4132,83,16,68,16,183
4133,83,34,66,17,200
4134,67,34,66,17,184
4135,67,16,66,17,166
4136,68,34,67,17,186
4137,67,17,67,17,168
4138,84,16,68,16,184
4141,66,18,65,17,166
4143,68,16,67,15,166
4145,67,16,100,16,199
4147,83,31,136,15,265
4148,67,31,136,15,249
4149,66,16,136,15,233
4150,66,34,68,17,185
4151,83,35,67,15,200
4154,69,33,65,18,185
4155,67,18,65,18,168
4157,52,34,65,17,168
4159,67,16,68,16,167
4160,65,34,67,17,183
4162,65,34,50,16,165
4163,67,17,50,16,150
4164,68,33,66,17,184
4165,66,17,66,17,166
4166,67,33,69,16,185
4167,67,16,69,16,168
4168,84,15,52,16,167
4169,68,15,52,16,151
4170,66,36,64,17,183
4171,66,19,64,17,166
4174,52,16,67,16,151
4175,83,35,66,16,200
4177,65,18,66,16,165
4179,67,16,67,16,166
4180,84,17,66,18,185
4181,67,17,66,18,168
4183,83,33,67,15,198
4184,67,33,67,15,182
4185,66,17,67,15,165
4187,68,16,66,18,168
4190,67,33,83,16,199
4191,100,16,65,19,200
4192,66,34,65,19,184
4194,51,16,65,19,151
4195,52,32,67,19,170
4196,99,34,66,18,217
4197,81,34,66,18,199
4199,69,15,66,18,168
4200,67,34,65,18,184
4203,68,13,68,17,166
4204,66,33,52,14,165
4205,65,15,52,14,146
4206,65,35,67,17,184
4208,68,31,53,15,167
4209,67,14,53,15,149
4210,52,14,53,15,134
4211,69,15,66,16,166
4213,67,15,69,15,166
4214,53,15,69,15,152
4215,65,16,68,18,167
4217,65,19,66,17,167
4218,84,18,65,18,185
4219,66,18,65,18,167
4221,70,15,67,14,166
4222,51,15,67,14,147
4223,83,35,65,17,200
4225,65,17,65,17,164
4226,67,31,51,18,167
4227,64,17,51,18,150
4228,66,34,68,16,184
4229,67,15,68,16,166
4230,82,18,66,17,183
4231,51,35,66,17,169
4232,51,18,66,17,152
4236,66,34,66,17,183
4237,68,17,66,17,168
4239,82,35,100,17,234
4240,65,35,100,17,217
4243,67,15,68,17,167
4244,52,15,68,17,152
4245,68,16,67,16,167
4246,66,34,66,18,184
4247,66,17,66,18,167
4249,67,16,51,16,150
4250,51,16,51,16,134
4251,66,17,68,15,166
4252,66,34,66,16,182
4253,67,16,66,16,165
4254,51,16,66,16,149
4255,69,16,65,17,167
4256,68,32,68,16,184
4257,65,17,68,16,166
4259,64,17,51,17,149
4260,65,35,99,18,217
4262,68,33,66,18,185
4265,66,17,52,16,151
4267,83,34,100,15,232
4268,66,34,100,15,215
4269,69,16,100,15,200
4270,52,16,100,15,183
4271,66,17,67,15,165
4272,67,32,67,17,183
4274,65,35,67,15,182
4276,50,17,67,15,149
4278,67,35,82,17,201
4280,67,32,67,18,184
4281,67,17,67,18,169
4283,68,16,67,15,166
4284,82,17,99,17,215
4286,67,34,65,17,183
4287,67,16,65,17,165
4288,116,16,67,18,217
4289,66,18,67,17,168
4290,67,32,67,18,184
4293,85,32,50,19,186
4295,68,15,50,19,152
4296,67,34,65,18,184
4297,68,16,65,18,167
4298,66,35,65,18,184
4300,50,19,65,18,152
4301,51,30,53,15,149
4303,67,17,65,20,169
4308,65,36,65,18,184
4309,67,16,65,18,166
4311,52,33,65,17,167
4312,69,32,68,15,184
4315,68,15,67,16,166
4316,65,35,65,16,181
4317,65,18,65,16,164
4318,68,32,67,17,184
4320,67,33,51,16,167
4321,66,17,51,16,150
4323,66,18,68,16,168
4324,67,33,66,18,184
4326,51,16,66,18,151
4327,68,18,167,14,267
4328,68,31,67,18,184
4329,67,15,67,18,167
4331,67,16,102,14,199
4332,82,16,100,17,215
4336,51,16,66,17,150
4337,50,35,65,16,166
4338,69,31,67,17,184
4339,65,17,67,17,166
4340,66,34,67,16,183
4342,65,33,66,18,182
4343,84,34,68,15,201
4345,67,17,68,15,167
4347,67,16,51,17,151
4348,66,36,82,18,202
4349,67,18,82,18,185
4350,68,32,68,17,185
4351,67,17,68,17,169
4354,65,35,64,17,181
4357,52,33,65,16,166
4358,68,31,100,17,216
4360,64,34,66,17,181
4361,64,17,66,17,164
4362,65,34,66,16,181
4363,65,18,66,16,165
4364,68,32,68,17,185
4365,68,15,68,17,168
4366,66,34,68,15,183
4367,67,17,68,15,167
4368,66,34,66,19,185
4370,68,34,51,15,168
4371,68,17,51,15,151
4374,66,34,66,16,182
4376,51,15,66,16,148
4379,81,34,100,15,230
4380,66,34,100,15,215
4381,66,18,100,15,199
4382,85,15,68,15,183
4383,68,15,68,15,166
4385,70,14,67,15,166
4386,84,16,67,16,183
4387,67,16,67,16,166
4389,81,34,67,15,197
4390,67,34,67,15,183
4391,83,34,82,15,214
4392,67,34,82,15,198
4394,68,33,64,15,180
4397,66,17,68,17,168
4398,82,15,53,14,164
4400,64,36,66,17,183
4401,64,21,66,17,168
4404,53,14,52,16,135
4405,52,35,67,18,172
4406,66,33,68,15,182
4407,66,16,68,15,165
4408,86,16,67,15,184
4411,68,16,65,18,167
4412,68,33,50,16,167
4413,65,18,50,16,149
4414,67,32,67,16,182
4415,64,17,67,16,164
4417,68,16,68,16,168
4419,51,33,69,14,167
4420,67,35,66,17,185
4421,65,19,66,17,167
4422,84,18,66,16,184
4424,69,32,67,16,184
4425,53,32,67,16,168
4427,100,17,64,17,198
4428,66,33,64,17,180
4429,68,17,64,17,166
4430,67,33,65,18,183
4431,50,33,65,18,166
4432,66,31,103,16,216
4434,64,34,69,16,183
4435,65,17,69,16,167
4437,67,16,51,15,149
4438,52,16,51,15,134
4439,69,17,64,20,170
4442,51,15,68,18,152
4443,66,15,135,15,231
4444,64,35,66,17,182
4445,68,15,66,17,166
4446,53,15,66,17,151
4448,67,34,68,16,185
4449,64,17,68,16,165
4450,66,34,66,17,183
4451,65,17,66,17,165
4452,51,17,66,17,151
4453,66,19,65,19,169
4454,68,32,67,17,184
4455,67,16,67,17,167
4457,68,16,68,15,167
4458,65,34,66,16,181
4460,67,34,98,17,216
4461,67,17,98,17,199
4465,83,32,51,18,184
4467,68,15,51,18,152
4468,66,35,86,13,200
4469,67,18,86,13,184
4470,67,34,65,17,183
4471,66,18,65,17,166
4472,51,18,65,17,151
4473,67,18,100,15,200
4474,86,13,68,15,182
4475,70,13,68,15,166
4477,50,34,66,18,168
4480,68,32,67,18,185
4481,66,17,67,18,168
4482,66,33,71,24,194
4483,67,15,71,24,177
4484,65,34,61,25,185
4485,67,17,61,25,170
4486,67,37,63,19,186
4487,67,19,63,19,168
4488,71,24,58,13,166
4489,54,24,58,13,149
4490,61,39,100,18,218
4491,68,14,100,18,200
4492,63,32,68,18,181
4493,58,13,68,18,157
4495,64,17,66,17,164
4497,66,15,68,16,165
4498,68,33,68,17,186
4499,68,15,68,17,168
4500,66,35,66,18,185
4501,83,33,66,16,198
4502,68,33,66,16,183
4503,66,17,66,16,165
4504,85,16,99,19,219
4505,84,33,66,19,202
4506,66,33,66,19,184
4507,68,15,66,19,168
4508,82,18,66,17,183
4509,65,18,66,17,166
4510,67,32,51,17,167
4512,85,15,100,16,216
4513,69,15,100,16,200
4517,64,17,67,17,165
4518,82,18,65,17,182
4520,66,33,99,19,217
4521,51,33,99,19,202
4522,67,32,67,19,185
4523,68,15,67,19,169
4524,65,37,64,18,184
4525,66,20,64,18,168
4526,69,30,52,15,166
4527,67,15,52,15,149
4528,52,15,52,15,134
4530,64,33,66,19,182
4533,65,18,65,18,166
4536,53,13,52,16,134
4538,65,34,100,18,217
4540,52,16,100,18,186
4542,69,31,102,14,216
4543,51,31,102,14,198
4545,66,17,68,14,165
4546,83,17,67,15,182
4547,68,17,67,15,167
4548,52,17,67,15,151
4549,52,33,65,19,169
4550,68,34,63,18,183
4551,64,20,63,18,165
4552,67,31,68,17,183
4553,66,16,68,17,167
4554,65,32,101,18,216
4555,70,13,101,18,202
4556,63,36,65,18,182
4557,66,18,65,18,167
4559,66,17,67,15,165
4560,53,17,67,15,152
4561,52,31,68,16,167
4562,101,32,67,16,216
4565,66,17,67,16,166
4566,51,17,67,16,151
4567,66,17,101,16,200
4568,65,34,67,16,182
4569,67,17,67,16,167
4571,51,33,66,16,166
4572,67,34,66,16,183
4573,67,17,66,16,166
4574,83,16,67,17,183
4575,67,16,67,17,167
4576,66,34,67,15,182
4577,65,18,67,15,165
4578,66,33,66,16,181
4581,68,17,65,19,169
4582,82,17,66,17,182
4583,66,17,66,17,166
4584,66,33,69,15,183
4585,65,17,69,15,166
4587,69,14,68,17,168
4588,66,36,65,17,184
4589,67,19,65,17,168
4590,69,32,66,18,185
4591,65,17,66,18,166
4593,68,16,66,18,168
4594,65,33,102,16,216
4595,67,16,102,16,201
4596,66,33,69,16,184
4597,67,15,69,16,167
4599,67,17,116,17,217
4601,66,18,99,17,200
4603,67,17,66,17,167
4605,65,19,50,17,151
4606,82,17,66,17,182
4607,83,34,64,19,200
4608,66,34,64,19,183
4609,69,17,64,19,169
4610,50,17,64,19,150
4611,51,32,66,18,167
4612,66,32,52,18,168
4613,100,15,68,16,199
4614,64,34,68,16,182
4615,67,15,68,16,166
4616,66,36,64,17,183
4621,82,35,83,15,215
4623,67,18,83,15,183
4624,67,33,65,17,182
4625,68,16,65,17,166
4628,83,15,119,16,233
4629,81,35,100,16,232
4630,65,35,100,16,216
4631,66,18,100,16,200
4632,50,18,100,16,184
4633,67,16,99,17,199
4634,68,34,98,17,217
4635,67,18,98,17,200
4636,84,16,65,17,182
4638,67,32,68,18,185
4641,81,35,65,19,200
4642,65,35,65,19,184
4644,86,15,51,16,168
4645,69,15,51,16,151
4646,68,32,68,16,184
4647,69,14,68,16,167
4648,65,35,68,14,182
4649,66,16,68,14,164
4650,82,18,68,15,183
4652,68,35,64,15,182
4653,65,19,64,15,163
4654,68,33,84,16,201
4656,68,31,101,16,216
4657,83,34,67,16,200
4658,64,34,67,16,181
4659,65,19,67,16,167
4660,65,35,65,19,184
4662,69,32,67,17,185
4663,54,32,67,17,170
4664,67,33,67,16,183
4666,65,34,66,17,182
4667,68,15,66,17,166
4668,84,16,67,16,183
4669,68,16,67,16,167
4670,51,16,67,16,150
4671,64,17,66,18,165
4673,66,17,73,29,185
4674,67,32,70,16,185
4675,67,16,70,16,169
4676,66,41,60,16,183
4677,67,23,60,16,166
4678,73,29,63,18,183
4679,57,29,63,18,167
4680,70,31,68,16,185
4682,60,32,68,19,179
4683,67,16,68,19,170
4684,63,36,51,13,163
4686,50,18,51,13,132
4687,52,32,67,20,171
4688,87,13,55,12,167
4689,69,13,55,12,149
4690,51,13,55,12,131
4691,67,16,68,16,167
4692,67,32,67,16,182
4694,85,18,67,14,184
4695,66,18,67,14,165
4696,68,31,68,15,182
4697,64,15,68,15,162
4698,52,15,68,15,150
4701,65,18,65,20,168
4702,68,32,66,19,185
4703,52,32,66,19,169
4704,64,33,52,21,170
4705,83,33,63,24,203
4708,66,40,81,16,203
4710,52,21,81,16,170
4711,76,42,65,16,199
4714,65,32,101,18,216
4716,66,33,103,38,240
4718,65,34,69,38,206
4719,65,18,69,38,190
4721,65,20,73,13,171
4723,52,18,55,13,138
4724,69,38,81,15,203
4725,93,13,68,15,189
4726,73,13,68,15,169
4727,68,37,61,19,185
4728,51,37,61,19,168
4729,75,31,65,33,204
4731,68,49,64,16,197
4732,68,34,64,16,182
4733,61,19,64,16,160
4735,80,18,67,16,181
4737,68,51,63,17,199
4741,51,16,115,17,199
4742,68,31,68,17,184
4743,52,31,68,17,168
4745,64,18,50,17,149
4750,50,17,66,19,152
4753,66,17,66,18,167
4754,66,19,65,17,167
4759,65,17,67,32,181
4760,67,17,66,16,166
4761,67,50,66,18,201
4762,68,34,66,18,186
4763,67,17,66,18,168
4766,66,34,67,17,184
4768,66,18,66,33,183
4770,101,17,67,31,216
4771,67,17,65,19,168
4772,67,17,67,31,182
4773,66,33,83,33,215
4774,51,33,83,33,200
4775,67,34,65,17,183
4776,65,19,65,17,166
4777,67,49,67,32,215
4778,51,49,67,32,199
4779,65,18,67,32,182
4780,84,17,66,17,184
4783,69,48,67,17,201
4784,67,32,67,17,183
4785,67,16,67,17,167
4787,65,17,67,17,166
4788,66,18,66,15,165
4789,68,49,133,16,266
4791,67,17,133,16,233
4792,67,32,68,16,183
4793,66,15,68,16,165
4794,66,35,66,16,183
4795,67,17,66,16,166
4796,83,17,151,17,268
4797,66,17,151,17,251
4799,66,17,118,17,218
4804,118,49,50,33,250
4805,66,18,67,34,185
4806,66,18,83,16,183
4808,67,32,50,33,182
4810,67,34,66,17,184
4811,83,16,67,16,182
4814,50,50,99,18,217
4815,67,17,99,18,201
4816,66,33,66,18,183
4818,83,18,66,16,183
4820,67,32,68,16,183
4821,66,16,68,16,166
4823,50,18,66,18,152
4825,66,18,66,17,167
4826,50,18,66,17,151
4827,84,16,67,17,184
4828,68,16,67,17,168
4829,68,51,65,16,200
4831,67,18,65,16,166
4833,67,49,83,18,217
4834,68,32,83,18,201
4835,51,32,83,18,184
4836,81,17,68,17,183
4837,65,17,68,17,167
4838,65,35,65,19,184
4840,83,18,51,16,168
4841,67,18,51,16,152
4842,68,17,65,16,166
4845,69,47,69,32,217
4847,65,16,69,32,182
4849,65,34,66,16,181
4850,49,34,66,16,165
4853,83,33,67,18,201
4855,66,16,67,18,167
4856,65,34,51,16,166
4857,51,34,51,16,152
4859,66,17,66,17,166
4861,69,48,118,16,251
4862,51,48,118,16,233
4864,66,34,84,16,200
4867,51,34,66,16,167
4868,68,34,65,16,183
4870,84,16,68,33,201
4871,68,16,68,33,185
4872,66,33,68,17,184
4873,51,33,68,17,169
4874,65,35,66,18,184
4877,67,18,51,32,168
4881,69,32,67,17,185
4882,83,34,66,32,215
4883,66,34,66,32,198
4884,50,34,66,32,182
4885,66,33,65,17,181
4887,67,33,67,17,184
4888,68,16,67,17,168
4889,66,49,67,17,199
4890,65,34,67,17,183
4892,65,18,66,33,182
4893,67,49,66,17,199
4894,52,49,66,17,184
4895,52,32,66,17,167
4896,67,17,66,15,165
4898,65,33,67,16,181
4899,67,16,67,16,166
4900,66,32,85,17,200
4902,65,19,149,17,250
4903,67,49,68,17,201
4904,67,33,68,17,185
4906,51,17,68,17,153
4907,66,17,66,17,166
4909,68,17,67,33,185
4911,68,50,66,17,201
4912,51,50,66,17,184
4913,66,18,66,17,167
4914,67,33,66,17,183
4915,66,17,66,17,166
4917,68,33,67,31,199
4918,66,17,67,31,181
4919,118,16,67,32,233
4920,66,35,65,18,184
4921,66,18,65,18,167
4922,68,16,67,32,183
4923,51,16,67,32,166
4924,82,18,66,17,183
4925,65,18,66,17,166
4927,67,48,70,15,200
4930,66,34,67,15,182
4931,65,17,67,15,164
4932,66,18,64,19,167
4933,50,18,64,19,151
4934,70,15,50,32,167
4935,53,15,50,32,150
4937,64,19,66,17,166
4939,50,32,119,32,233
4940,66,34,85,32,217
4942,66,34,65,18,183
4943,67,17,65,18,167
4945,51,36,96,17,200
4946,70,15,81,17,183
4949,68,49,66,18,201
4951,81,34,66,19,200
4952,67,34,66,19,186
4954,67,17,68,32,184
4955,51,17,68,32,168
4956,66,34,68,16,184
4957,67,16,68,16,167
4958,66,19,65,21,171
4960,53,32,54,15,154
4962,68,16,82,18,184
4964,72,15,64,16,167
4965,54,15,64,16,149
4966,52,46,69,33,200
4967,82,34,68,33,217
4968,79,16,68,33,196
4969,64,16,68,33,181
4970,65,35,66,34,200
4972,69,33,98,20,220
4973,66,18,98,20,202
4974,68,33,65,20,186
4976,66,34,51,30,181
4977,51,34,51,30,166
4978,67,31,67,18,183
4980,65,20,80,19,184
4981,69,47,68,17,201
4982,51,47,68,17,183
4985,80,19,66,33,198
4987,69,33,99,16,217
4988,68,17,99,16,200
4989,67,33,66,16,182
4992,50,49,67,17,183
4996,67,34,68,32,201
4997,66,17,68,32,183
4998,67,33,67,18,185
4999,67,16,67,18,168
5000,67,35,98,20,220
5001,67,18,98,20,203
5002,68,32,66,20,186
5004,67,18,199,17,301
5006,81,17,67,18,183
5007,66,17,67,18,168
5010,53,47,50,17,167
5011,68,16,50,17,151
5013,65,49,68,17,199
5014,67,33,68,17,185
5018,67,17,66,33,183
5019,51,17,66,33,167
5020,68,17,65,16,166
5021,68,32,66,17,183
5022,67,16,66,17,166
5024,66,32,66,18,182
5025,65,16,66,18,165
5026,65,34,66,17,182
5027,66,17,66,17,166
5029,50,32,68,17,167
5032,66,34,52,32,184
5034,68,35,82,16,201
5035,67,18,82,16,183
5036,69,17,65,16,167
5038,52,32,67,17,168
5039,67,49,85,34,235
5040,65,33,85,34,217
5041,65,16,85,34,200
5042,66,18,67,34,185
5043,67,51,66,33,217
5044,68,34,66,33,201
5045,51,34,66,33,184
5048,84,49,66,17,216
5049,70,49,66,17,202
5050,66,33,66,17,182
5053,65,17,67,17,166
5054,66,17,67,16,166
5055,51,17,67,16,151
5056,66,34,65,18,183
5060,99,18,68,15,200
5061,100,34,66,32,232
5062,99,18,66,32,215
5064,66,18,66,32,182
5065,68,34,64,17,183
5066,52,34,64,17,167
5067,68,32,66,17,183
5068,67,17,66,17,167
5070,82,17,69,17,185
5073,83,35,82,17,217
5076,69,17,82,17,185
5077,69,32,67,16,184
5078,52,32,67,16,167
5079,51,16,67,16,150
5082,66,17,66,17,166
5083,67,33,67,17,184
5084,82,33,65,18,198
5085,67,33,65,18,183
5086,67,16,65,18,166
5087,83,17,67,33,200
5088,67,17,67,33,184
5095,69,34,116,17,236
5096,68,17,116,17,218
5098,83,17,68,17,185
5099,65,17,68,17,167
5102,68,34,50,17,169
5103,67,18,50,17,152
5104,68,17,66,17,168
5105,68,33,67,33,201
5108,50,33,67,31,181
5109,66,34,64,19,183
5110,68,17,64,19,168
5112,83,50,81,19,233
5114,50,50,81,19,200
5115,64,19,81,19,183
5116,69,17,83,33,202
5119,68,51,98,19,236
5120,100,33,117,33,283
5121,83,33,117,33,266
5122,66,33,117,33,249
5123,67,17,117,33,234
5124,66,34,65,18,183
5125,68,18,65,18,169
5126,84,33,98,18,233
5127,68,33,98,18,217
5128,65,19,98,18,200
5129,68,33,65,18,184
5131,66,33,66,19,184
5132,85,50,65,19,219
5137,66,19,64,17,166
5138,70,30,69,33,202
5139,53,30,69,33,185
5140,65,19,64,19,167
5141,83,35,83,17,218
5144,51,18,83,17,169
5145,64,19,67,30,180
5146,68,31,66,18,183
5148,83,47,68,17,215
5149,69,47,68,17,201
5150,67,30,68,17,182
5151,51,30,68,17,166
5152,66,36,66,17,185
5153,65,18,66,17,166
5154,66,32,68,16,182
5157,67,17,68,16,168
5158,66,34,69,32,201
5159,68,17,69,32,186
5160,68,16,53,32,169
5161,67,34,51,16,168
5162,68,16,51,16,151
5163,67,51,81,17,216
5164,69,32,81,17,199
5165,53,32,81,17,183
5167,51,16,65,17,149
5168,66,15,66,17,164
5169,68,49,84,17,218
5172,64,34,67,32,197
5176,84,17,84,16,201
5177,67,17,84,16,184
5178,67,32,68,17,184
5179,50,32,68,17,167
5181,49,18,67,33,167
5182,84,33,67,17,201
5183,68,33,67,17,185
5184,52,33,67,17,169
5185,67,33,65,18,183
5187,66,34,66,32,198
5188,67,17,66,32,182
5190,51,49,67,34,201
5191,51,32,67,34,184
5192,66,17,84,31,198
5193,66,50,65,19,200
5196,67,34,66,32,199
5197,84,31,85,17,217
5198,68,31,85,17,201
5199,83,19,66,17,185
5201,68,48,68,17,201
5202,66,32,68,17,183
5203,84,18,67,33,202
5205,66,33,67,16,182
5206,83,34,65,18,200
5207,67,34,65,18,184
5208,85,33,66,16,200
5209,67,33,66,16,182
5210,66,17,66,16,165
5211,67,50,66,33,216
5212,66,34,66,33,199
5215,82,18,66,21,187
5218,66,33,83,17,199
5219,83,38,62,18,201
5220,67,38,62,18,185
5221,66,21,62,18,167
5222,71,28,100,17,216
5223,54,28,100,17,199
5224,83,17,66,17,183
5225,83,18,65,17,183
5227,50,18,65,17,150
5230,66,34,69,15,184
5232,67,18,66,33,184
5233,68,33,66,33,200
5237,66,33,67,15,181
5239,66,49,68,16,199
5240,81,16,68,16,181
5241,66,16,68,16,166
5242,66,33,51,16,166
5244,66,35,67,17,185
5245,67,17,67,17,168
5246,68,32,52,32,184
5247,66,16,52,32,166
5248,51,16,52,32,151
5249,66,18,83,33,200
5251,68,49,68,31,216
5252,52,49,68,31,200
5253,67,17,68,31,183
5254,83,51,65,19,218
5256,85,18,65,19,187
5257,67,18,65,19,169
5258,68,31,53,31,183
5259,66,16,53,31,166
5260,66,34,83,19,202
5261,67,16,83,19,185
5262,65,19,64,19,167
5263,69,48,68,16,201
5266,67,35,64,18,184
5267,83,33,115,17,248
5268,68,33,115,17,233
5269,52,33,115,17,217
5271,68,33,66,17,184
5272,82,49,67,16,214
5273,68,49,67,16,200
5274,65,33,67,16,181
5275,65,17,67,16,165
5279,51,33,52,33,169
5280,67,32,69,17,185
5281,66,16,69,17,168
5285,69,33,65,18,185
5286,53,33,65,18,169
5287,97,19,66,17,199
5288,51,50,66,17,184
5289,64,19,66,17,166
5291,65,18,66,18,167
5292,68,33,66,18,185
5293,85,17,67,32,201
5295,51,17,67,32,167
5297,68,33,66,34,201
5298,66,18,66,34,184
5299,67,49,83,19,218
5302,67,17,66,19,169
5303,66,34,67,32,199
5304,66,19,67,32,184
5305,68,51,97,17,233
5306,66,36,97,17,216
5307,66,19,97,17,199
5308,70,16,81,17,184
5314,66,34,51,17,168
5315,66,17,51,17,151
5316,66,34,83,17,200
5317,67,17,83,17,184
5318,85,34,66,33,218
5319,51,17,150,32,250
5321,51,17,66,33,167
5322,83,17,67,32,199
5323,83,17,115,18,233
5324,66,17,115,18,216
5325,66,50,65,18,199
5327,84,32,101,17,234
5329,82,33,68,17,200
5331,66,16,68,17,167
5332,65,18,67,16,166
5333,68,50,83,32,233
5334,51,50,83,32,216
5338,64,35,81,17,197
5339,64,21,81,17,183
5340,83,49,68,17,217
5342,82,17,68,17,184
5343,68,17,68,17,170
5345,83,17,83,18,201
5346,68,17,83,18,186
5347,51,17,83,18,169
5349,68,49,100,18,235
5350,51,49,100,18,218
5351,66,17,100,18,201
5353,67,49,67,34,217
5354,51,49,67,34,201
5355,66,18,67,34,185
5356,49,18,67,34,168
5357,82,18,66,15,181
5358,67,18,66,15,166
5359,69,50,81,19,219
5360,67,34,81,19,201
5361,66,18,81,19,184
5362,68,31,69,33,201
5363,66,15,69,33,183
5365,66,17,68,17,168
5367,84,33,118,31,266
5368,69,33,118,31,251
5369,52,33,118,31,234
5370,68,17,67,34,186
5371,52,17,67,34,170
5373,69,34,82,17,202
5374,65,19,82,17,183
5375,67,34,65,17,183
5376,66,19,65,17,167
5378,84,17,84,16,201
5380,67,17,67,16,167
5381,65,34,66,17,182
5383,51,17,66,17,151
5384,67,17,65,17,166
5385,67,50,66,16,199
5387,66,17,66,16,165
5388,67,32,67,17,183
5390,66,34,67,34,201
5391,66,17,67,34,184
5394,67,34,99,18,218
5395,67,17,99,18,201
5397,51,34,65,18,168
5399,51,32,67,33,183
5401,67,16,85,32,200
5403,67,49,67,17,200
5406,67,18,66,34,185
5407,67,49,51,32,199
5408,51,49,51,32,183
5409,67,17,51,32,167
5412,66,18,64,18,166
5413,68,49,67,32,216
5414,51,49,67,32,199
5415,83,33,66,18,200
5416,67,33,66,18,184
5417,64,18,66,18,166
5418,50,18,66,18,152
5421,66,18,66,18,168
5422,66,18,66,18,168
5423,66,34,67,17,184
5424,67,17,67,17,168
5427,66,18,82,17,183
5428,84,48,67,17,216
5429,67,48,67,17,199
5432,82,17,68,32,199
5433,65,17,68,32,182
5434,65,17,83,16,181
5435,51,17,83,16,167
5437,67,18,100,32,217
5438,68,32,68,32,200
5439,83,33,67,34,217
5440,67,33,67,34,201
5441,83,18,65,18,184
5443,68,49,67,34,218
5444,68,32,67,34,201
5446,67,34,67,33,201
5447,65,18,67,33,183
5448,66,33,67,16,182
5449,66,18,67,16,167
5450,67,34,66,33,200
5451,67,18,66,33,184
5452,67,33,66,19,185
5453,67,18,66,19,170
5454,67,16,69,30,182
5455,67,50,67,16,200
5456,66,33,67,16,182
5457,67,17,67,16,167
5458,66,19,64,16,165
5459,69,48,82,18,217
5460,52,48,82,18,200
5461,66,18,82,18,184
5462,67,32,85,16,200
5463,64,16,85,16,181
5464,66,34,67,33,200
5465,68,16,67,33,184
5466,82,18,66,18,184
5468,68,17,67,17,169
5469,67,49,67,17,200
5470,67,33,67,17,184
5471,67,17,67,17,168
5472,66,18,99,17,200
5475,52,16,66,17,151
5476,67,17,67,33,184
5477,66,50,67,17,200
5478,64,35,67,17,183
5479,66,17,67,17,167
5480,67,17,67,17,168
5482,66,19,65,19,169
5483,67,34,66,33,200
5484,67,17,66,33,183
5485,67,50,66,32,215
5487,65,19,66,32,182
5489,66,50,67,33,216
5490,64,35,67,33,199
5491,68,17,67,33,185
5492,66,32,68,19,185
5493,82,35,99,17,233
5494,67,35,99,17,218
5495,66,18,99,17,200
5497,52,33,66,17,168
5498,68,19,64,16,167
5500,52,47,99,18,216
5502,66,33,66,18,183
5503,64,16,66,18,164
5504,100,17,66,17,200
5505,68,33,66,17,184
5506,84,33,67,17,201
5507,67,33,67,17,184
5508,66,18,67,17,168
5511,66,17,99,17,199
5512,68,17,82,17,184
5513,67,50,68,33,218
5514,67,33,68,33,201
5518,65,36,67,15,183
5519,67,19,67,15,168
5520,68,33,64,19,184
5522,83,20,65,17,185
5523,66,20,65,17,168
5524,67,15,67,32,181
5526,64,19,65,17,165
5531,65,17,99,15,196
5533,66,18,64,15,163
5534,69,33,66,34,202
5535,52,33,66,34,185
5536,68,16,66,18,168
5537,82,35,67,17,201
5538,64,35,67,17,183
5539,65,20,67,17,169
5540,66,34,65,17,182
5541,66,18,65,17,166
5543,54,33,65,19,171
5544,67,17,83,17,184
5547,67,16,68,16,167
5548,65,19,65,17,166
5551,51,17,65,17,150
5553,65,17,67,17,166
5555,65,17,68,16,166
5556,66,34,67,17,184
5557,50,34,67,17,168
5558,67,17,67,16,167
5559,85,16,67,16,184
5560,68,16,67,16,167
5561,67,34,98,18,217
5562,50,34,98,18,200
5563,67,33,100,18,218
5564,50,33,100,18,201
5567,98,18,84,33,233
5568,67,33,84,33,217
5570,67,17,67,33,184
5572,68,30,52,33,183
5573,53,30,52,33,168
5575,67,33,66,17,183
5576,64,18,66,17,165
5579,66,16,67,17,166
5580,67,34,50,16,167
5581,66,17,50,16,149
5582,50,17,50,16,133
5583,67,49,52,15,183
5584,67,33,52,15,167
5592,68,34,64,19,185
5594,68,33,68,32,201
5595,85,31,69,31,216
5596,83,15,69,31,198
5598,64,19,66,15,164
5599,68,50,83,32,233
5600,68,32,83,32,215
5601,52,32,83,32,199
5602,69,31,101,18,219
5603,66,15,101,18,200
5604,63,34,67,18,182
5605,67,17,67,18,169
5609,84,18,67,16,185
5610,67,18,67,16,168
5611,67,50,66,17,200
5613,66,19,66,17,168
5614,85,33,69,14,201
5615,67,33,69,14,183
5616,67,17,69,14,167
5617,52,17,69,14,152
5618,66,17,65,18,166
5619,66,36,63,17,182
5620,69,17,63,17,166
5621,69,47,65,18,199
5622,53,47,65,18,183
5623,65,18,65,18,166
5625,63,17,50,32,162
5626,66,32,85,34,217
5627,51,32,85,34,202
5628,65,18,67,34,184
5629,67,51,100,17,235
5630,101,16,84,17,218
5631,66,19,100,17,202
5632,69,16,84,17,186
5633,67,34,67,16,184
5634,66,19,67,16,168
5635,69,50,84,16,219
5637,84,17,67,16,184
5638,69,17,67,16,169
5639,50,17,67,16,150
5640,67,17,65,16,165
5641,84,18,81,18,201
5642,84,47,52,32,215
5643,67,47,52,32,198
5644,51,47,52,32,182
5645,65,16,52,32,165
5646,65,34,67,16,182
5647,81,18,65,17,181
5648,83,49,66,18,216
5650,52,49,66,18,185
5651,66,17,66,18,167
5652,67,33,66,19,185
5653,65,17,66,19,167
5654,66,33,52,32,183
5655,83,33,51,16,183
5656,84,15,51,16,166
5659,69,48,68,17,202
5661,66,16,68,17,167
5663,66,50,67,32,215
5664,52,50,67,32,201
5666,50,18,67,32,167
5667,67,34,115,17,233
5668,51,34,115,17,217
5669,69,48,84,17,218
5671,66,16,84,17,183
5673,66,33,67,32,198
5674,67,16,67,32,182
5675,67,33,66,17,183
5677,66,34,66,17,183
5678,66,17,66,17,166
5679,67,49,84,18,218
5680,67,33,84,18,202
5682,66,17,85,34,202
5684,83,16,70,15,184
5686,84,18,65,17,184
5687,85,34,64,18,201
5689,52,34,64,18,168
5690,70,15,67,17,169
5691,83,17,104,13,217
5692,65,17,104,13,199
5693,67,34,118,18,237
5695,67,49,69,18,203
5697,51,32,69,18,170
5698,67,21,146,17,251
5700,53,48,66,32,199
5701,67,19,66,32,184
5702,69,18,80,17,184
5703,96,18,64,18,196
5706,66,32,65,18,181
5707,80,17,66,17,180
5708,68,17,66,17,168
5710,64,18,66,16,164
5711,67,33,66,16,182
5712,65,18,66,16,165
5715,82,33,52,16,183
5716,67,33,52,16,168
5717,66,16,52,16,150
5718,65,36,82,33,216
5721,68,33,66,18,185
5723,51,17,66,18,152
5724,82,51,67,31,231
5726,50,51,67,31,199
5727,66,18,67,31,182
5728,68,16,82,19,185
5730,51,33,117,33,234
5731,67,49,68,33,217
5733,82,19,64,18,183
5734,66,19,64,18,167
5736,64,18,117,33,232
5737,67,50,67,33,217
5739,64,18,67,33,182
5741,67,50,99,18,234
5742,67,33,99,18,217
5743,68,17,99,18,202
5744,67,33,66,18,184
5745,83,17,67,17,184
5747,67,49,68,16,200
5748,65,34,68,16,183
5749,102,50,82,17,251
5750,50,16,68,16,150
5751,67,50,82,17,216
5752,69,33,82,17,201
5753,51,33,82,17,183
5754,68,16,66,17,167
5755,83,33,85,31,232
5758,82,17,67,16,182
5759,83,35,132,17,267
5760,118,48,67,17,250
5761,102,48,67,17,234
5762,85,48,67,17,217
5763,69,48,67,17,201
5765,66,17,67,17,167
5766,65,34,65,18,182
5767,82,33,68,16,199
5769,67,17,68,16,168
5770,67,17,67,34,185
5771,67,51,65,17,200
5772,65,36,65,17,183
5773,85,16,66,17,184
5774,68,16,66,17,167
5775,67,34,66,32,199
5776,52,34,66,32,184
5777,68,49,66,18,201
5778,65,34,66,18,183
5779,66,17,66,18,167
5781,66,49,67,16,198
5782,83,17,67,16,183
5783,66,17,67,16,166
5784,66,18,65,17,166
5785,67,49,84,32,232
5786,52,49,84,32,217
5788,67,33,99,16,215
5789,65,17,99,16,197
5790,66,33,66,16,181
5791,53,33,66,16,168
5793,68,48,67,19,202
5794,51,48,67,19,185
5795,66,16,67,19,168
5796,66,34,52,16,168
5797,64,18,52,16,150
5798,67,18,100,33,218
5799,68,34,66,33,201
5803,65,18,66,17,166
5804,68,17,66,17,168
5805,66,33,117,17,233
5806,65,18,117,17,217
5807,68,50,67,17,202
5809,66,17,67,17,167
5813,66,18,65,17,166
5814,67,17,114,18,216
5815,51,17,114,18,200
5816,52,48,66,18,184
5817,51,32,66,18,167
5819,65,18,67,33,183
5820,67,31,69,32,199
5821,52,31,69,32,184
5825,66,18,67,33,184
5826,69,32,68,16,185
5827,51,32,68,16,167
5828,65,18,66,34,183
5832,68,16,66,18,168
5833,66,34,148,18,266
5834,65,18,148,18,249
5835,68,50,65,17,200
5836,67,33,65,17,182
5838,68,32,66,18,184
5840,65,18,66,17,166
5841,68,48,69,33,218
5842,65,33,69,33,200
5844,66,35,67,17,185
5847,51,34,67,32,184
5848,69,33,66,17,185
5849,66,18,66,17,167
5850,101,32,67,17,217
5852,82,17,67,17,183
5853,67,17,67,17,168
5854,66,17,67,17,167
5855,66,33,66,18,183
5856,64,18,66,18,166
5857,101,50,67,17,235
5859,67,50,67,17,201
5860,52,50,67,17,186
5862,67,32,52,33,184
5863,65,17,52,33,167
5864,65,18,67,16,166
5865,68,34,99,17,218
5866,67,17,99,17,200
5867,69,33,98,18,218
5868,52,33,98,18,201
5869,67,33,65,18,183
5870,66,17,65,18,166
5871,66,33,67,17,183
5872,67,17,67,17,168
5873,66,50,84,16,216
5874,67,33,84,16,200
5875,83,17,67,16,183
5876,84,50,67,33,234
5877,67,50,67,33,217
5880,67,17,66,17,167
5881,67,50,82,17,216
5882,66,34,82,17,199
5884,67,33,66,17,183
5885,66,17,66,17,166
5887,52,33,65,23,173
5888,82,17,55,15,169
5890,66,32,69,32,199
5892,88,29,66,18,201
5895,53,14,66,18,151
5896,69,32,68,33,202
5897,61,17,68,33,179
5898,63,35,66,16,180
5899,66,18,66,16,166
5900,100,33,66,17,216
5901,68,50,66,17,201
5902,68,33,66,17,184
5903,66,18,66,17,167
5904,82,50,83,17,232
5906,63,36,83,17,199
5908,83,50,65,19,217
5909,67,50,65,19,201
5910,53,50,65,19,187
5911,69,18,65,19,171
5915,69,33,65,20,187
5916,65,19,65,20,169
5917,68,49,67,17,201
5918,51,49,67,17,184
5919,65,17,67,17,166
5920,68,36,63,18,185
5921,65,20,63,18,166
5922,68,16,65,33,182
5923,53,16,65,33,167
5924,67,17,66,32,182
5925,68,33,82,18,201
5927,65,33,67,22,187
5928,66,17,67,22,172
5930,66,34,84,18,202
5931,65,17,84,18,184
5932,66,40,62,35,203
5934,52,22,62,35,171
5935,57,26,71,15,169
5937,84,35,64,17,200
5939,53,35,64,17,169
5941,53,15,133,17,218
5942,66,17,66,17,166
5943,68,33,67,17,185
5944,64,17,67,17,165
5945,66,33,67,16,182
5946,66,17,67,16,166
5947,66,34,67,31,198
5948,50,34,67,31,182
5949,67,49,67,20,203
5950,68,32,67,20,187
5951,67,16,67,20,170
5953,98,18,67,34,217
5954,81,18,67,34,200
5955,65,18,67,34,184
5956,67,20,81,32,200
5958,54,47,66,18,185
5960,67,34,65,17,183
5962,82,17,68,16,183
5963,84,18,66,17,185
5965,50,18,66,17,151
5966,65,35,65,18,183
5967,67,18,65,18,168
5970,68,32,67,16,183
5971,83,18,65,18,184
5972,65,18,65,18,166
5973,67,49,66,18,200
5974,66,33,66,18,183
5975,67,17,66,18,168
5977,65,18,67,17,167
5978,67,32,52,32,183
5979,83,35,82,16,216
5980,66,35,82,16,199
5981,68,17,82,16,183
5982,84,48,68,17,217
5983,68,48,68,17,201
5984,52,48,68,17,185
5988,66,18,66,18,168
5990,68,17,66,32,183
5991,68,50,65,17,200
5992,84,18,65,17,184
5995,66,49,67,16,198
5998,65,34,66,17,182
