序号,发送->接收,接收->转发,转发->接收,接收->处理,总计
1,84,18,83,16,201
2,66,18,83,16,183
3,68,35,64,17,184
5,51,19,64,17,151
6,53,31,66,19,169
7,66,33,67,16,182
9,64,33,67,16,180
11,66,34,83,16,199
12,68,15,83,16,182
13,67,33,66,17,183
14,66,17,66,17,166
15,50,17,66,17,150
16,64,15,52,17,148
17,83,16,67,16,182
18,67,16,67,16,166
19,66,34,83,18,201
22,66,17,68,15,166
23,67,33,84,17,201
24,66,17,84,17,184
25,83,18,99,17,217
26,67,18,99,17,201
27,68,31,68,17,184
30,84,33,83,17,217
33,52,16,83,17,168
34,67,17,66,17,167
35,67,31,52,18,168
37,83,17,133,18,251
39,66,35,66,17,184
40,67,18,66,17,168
43,67,34,82,17,200
44,66,18,82,17,183
45,66,32,67,16,181
46,68,15,67,16,166
47,66,35,64,19,184
49,82,17,51,16,166
51,67,32,84,17,200
52,65,16,84,17,182
53,64,35,66,18,183
54,68,16,66,18,168
56,51,33,51,15,150
58,65,17,101,16,199
60,68,15,68,16,167
61,51,15,68,16,150
62,84,34,65,18,201
63,67,34,65,18,184
64,83,32,51,17,183
65,68,32,51,17,168
67,66,33,68,17,184
68,68,15,68,17,168
69,50,15,68,17,150
70,49,35,66,16,166
71,51,17,66,16,150
72,66,17,67,16,166
73,68,33,83,18,202
75,66,34,67,15,182
76,66,18,67,15,166
77,83,17,84,15,199
79,83,18,83,16,200
81,67,33,50,16,166
82,51,33,50,16,150
83,84,15,67,17,183
84,68,15,67,17,167
88,82,33,67,17,199
89,67,33,67,17,184
90,66,16,67,17,166
92,67,15,67,18,167
93,66,34,51,15,166
94,67,16,51,15,149
96,100,15,67,18,200
97,51,16,100,18,185
98,67,15,67,18,167
100,68,15,99,17,199
101,67,33,66,17,183
102,66,16,66,17,165
103,51,16,66,17,150
104,66,16,67,17,166
105,51,16,67,17,151
106,82,35,83,16,216
108,65,18,83,16,182
109,84,16,118,15,233
111,68,37,81,15,201
112,51,37,81,15,184
113,83,16,67,18,184
114,66,16,67,18,167
115,66,34,66,17,183
116,68,16,66,17,167
117,81,15,85,15,196
118,68,15,85,15,183
120,67,15,67,16,165
122,65,17,82,17,181
124,67,15,66,19,167
125,67,34,66,17,184
126,66,18,66,17,167
128,81,34,66,18,199
129,66,34,66,18,184
130,69,15,66,18,168
131,66,35,82,16,199
132,68,18,82,16,184
134,81,34,68,16,199
135,84,16,68,16,184
136,67,16,68,16,167
138,66,16,118,16,216
140,67,17,99,18,201
142,67,15,68,18,168
143,51,15,68,18,152
144,83,33,68,16,200
146,67,16,68,16,167
148,68,16,65,18,167
149,67,34,83,15,199
151,68,31,67,16,182
152,50,31,67,16,164
153,65,34,83,18,200
154,66,16,83,18,183
157,67,34,51,17,169
158,65,18,51,17,151
159,67,34,67,15,183
160,83,34,82,17,216
161,68,34,82,17,201
162,52,34,82,17,185
163,51,17,82,17,167
164,52,33,115,17,217
165,67,32,83,17,199
166,65,17,83,17,182
168,65,17,66,17,165
169,82,17,67,17,183
170,67,17,67,17,168
171,100,34,84,15,233
172,83,34,84,15,216
173,66,34,84,15,199
174,67,17,84,15,183
175,67,33,66,17,183
177,51,16,66,17,150
178,50,33,100,18,201
180,67,15,67,18,167
181,66,33,52,15,166
182,65,16,52,15,148
183,84,16,68,16,184
184,82,33,51,16,182
185,67,33,51,16,167
188,84,32,68,16,200
189,68,32,68,16,184
192,66,15,117,18,216
193,65,35,100,16,216
195,68,32,68,16,184
196,66,16,68,16,166
197,51,16,68,16,151
198,67,17,81,19,184
199,82,18,67,16,183
200,66,18,67,16,167
203,81,19,65,17,182
204,66,19,65,17,167
205,67,33,83,16,199
206,84,32,67,16,199
207,67,32,67,16,182
208,84,34,83,16,217
209,65,34,83,16,198
210,66,17,83,16,182
212,66,16,66,17,165
213,67,34,98,17,216
215,83,16,66,17,182
216,82,34,85,15,216
217,66,34,85,15,200
218,50,34,85,15,184
220,67,15,68,16,166
221,66,35,67,17,185
225,68,34,67,15,184
226,51,34,67,15,167
228,66,17,99,17,199
229,51,17,99,17,184
230,52,33,99,17,201
231,67,32,67,17,183
232,65,17,67,17,166
233,82,17,66,18,183
234,67,17,66,18,168
236,68,16,68,15,167
237,51,16,68,15,150
238,67,16,84,17,184
239,50,16,84,17,167
240,67,17,66,17,167
242,100,17,67,15,199
243,84,17,67,15,183
245,66,32,68,16,182
246,68,15,68,16,167
248,84,33,84,15,216
249,67,33,84,15,199
250,65,18,84,15,182
252,67,16,67,18,168
253,65,35,82,17,199
258,82,34,67,18,201
259,65,34,67,18,184
260,82,33,118,17,250
261,67,33,118,17,235
262,67,15,118,17,217
265,55,12,134,17,218
266,98,18,67,17,200
267,52,14,102,17,185
268,79,34,82,16,211
269,67,34,82,16,199
270,66,17,82,16,181
271,69,33,65,17,184
272,52,33,65,17,167
274,67,15,84,17,183
275,98,33,68,17,216
276,82,33,68,17,200
277,65,33,68,17,183
279,66,35,68,16,185
281,68,33,66,18,185
283,51,17,66,18,152
284,67,18,65,17,167
287,66,34,68,15,183
288,67,16,68,15,166
289,65,33,67,18,183
290,66,16,67,18,167
292,84,32,84,15,215
293,68,32,84,15,199
294,101,15,66,19,201
297,83,16,67,16,182
298,68,16,67,16,167
299,84,15,68,17,184
300,66,15,68,17,166
301,85,16,65,17,183
302,67,16,65,17,165
304,66,17,66,17,166
307,65,34,66,17,182
309,66,34,66,17,183
311,51,17,66,17,151
312,83,34,85,14,216
313,66,34,85,14,199
314,66,17,85,14,182
315,83,16,66,18,183
316,65,16,66,18,165
317,51,16,66,18,151
318,102,14,68,16,200
319,85,14,68,16,183
321,66,35,66,17,184
322,67,17,66,17,167
324,82,33,51,17,183
325,68,33,51,17,169
327,66,34,67,17,184
329,67,34,83,15,199
330,68,17,83,15,183
332,51,33,99,18,201
334,67,16,66,18,167
335,66,32,52,15,165
336,66,15,52,15,148
337,65,34,67,16,182
338,65,17,67,16,165
339,66,33,83,18,200
341,52,15,83,18,168
342,67,17,67,17,168
343,67,33,68,15,183
345,67,34,83,17,201
346,84,34,66,17,201
347,67,34,66,17,184
348,51,34,66,17,168
350,52,32,84,17,185
351,83,17,67,17,184
353,66,34,65,18,183
354,51,34,65,18,168
355,68,33,68,14,183
356,67,17,68,14,166
357,67,32,83,18,200
360,67,18,65,17,167
361,68,32,83,22,205
362,65,18,83,22,188
365,65,32,71,18,186
367,65,40,82,18,205
369,50,22,82,18,172
370,55,31,69,15,170
371,71,35,66,16,188
373,82,18,64,18,182
375,69,32,66,18,185
377,66,32,52,15,165
378,66,16,52,15,149
379,64,34,101,17,216
380,67,16,101,17,201
381,50,16,101,17,184
384,67,17,50,16,150
386,83,33,50,16,182
389,99,33,67,16,215
390,83,33,67,16,199
391,66,33,67,16,182
392,66,16,67,16,165
393,82,18,100,16,216
394,65,18,100,16,199
395,67,33,67,16,183
396,67,16,67,16,166
397,51,16,67,16,150
399,83,17,67,16,183
400,66,17,67,16,166
401,67,33,67,17,184
402,51,33,67,17,168
403,83,17,66,17,183
404,67,17,66,17,167
406,67,17,67,17,168
407,67,33,67,16,183
408,67,16,67,16,166
409,66,34,83,17,200
410,67,17,83,17,184
413,51,16,116,17,200
414,66,17,83,17,183
415,83,17,66,17,183
416,66,17,66,17,166
417,67,33,116,18,234
419,83,17,83,18,201
420,83,34,67,15,199
421,66,34,67,15,182
424,87,31,100,15,233
425,70,31,100,15,216
426,66,18,100,15,199
427,67,32,117,17,233
428,52,32,117,17,218
429,80,16,84,17,197
430,67,16,84,17,184
431,65,35,66,16,182
432,67,18,66,16,167
434,66,17,85,16,184
435,84,17,67,17,185
436,67,17,67,17,168
437,66,33,67,16,182
438,51,33,67,16,167
439,85,16,82,17,200
440,84,33,66,17,200
442,68,16,66,17,167
443,51,16,66,17,150
444,65,16,84,17,182
445,99,34,67,15,215
447,66,34,67,15,182
448,50,34,67,15,166
449,84,17,117,18,236
450,67,17,117,18,219
451,67,34,83,18,202
452,50,34,83,18,185
453,67,33,68,15,183
454,66,18,68,15,167
458,68,18,99,17,202
459,68,32,67,17,184
460,51,32,67,17,167
461,82,17,52,16,167
463,64,35,66,16,181
464,66,18,66,16,166
465,67,33,67,16,183
466,52,33,67,16,168
467,52,16,67,16,151
468,51,33,50,16,150
469,66,34,67,16,183
472,82,35,81,18,216
473,66,35,81,18,200
474,50,35,81,18,184
475,83,16,67,17,183
476,83,35,66,17,201
478,66,18,66,17,167
481,67,34,68,15,184
483,66,32,51,16,165
485,66,36,82,16,200
486,66,19,82,16,183
487,68,31,67,17,183
488,51,31,67,17,166
489,51,16,67,17,151
490,68,15,67,16,166
491,82,16,67,15,180
492,83,33,67,17,200
493,67,33,67,17,184
494,66,16,67,17,166
495,67,34,82,18,201
496,65,18,82,18,183
498,65,18,67,15,165
499,67,34,83,17,201
500,68,17,83,17,185
501,82,18,67,16,183
502,67,18,67,16,168
503,67,33,67,15,182
504,65,18,67,15,165
505,83,17,100,15,215
507,67,33,67,15,182
508,52,33,67,15,167
509,67,33,84,16,200
511,83,17,66,12,178
514,67,18,67,16,168
515,84,16,66,18,184
517,66,34,50,16,166
518,85,32,68,17,202
524,67,17,150,16,250
525,68,32,118,16,234
526,67,15,118,16,216
527,101,32,67,19,219
529,67,32,67,19,185
530,82,33,66,18,199
531,67,33,66,18,184
533,83,16,100,17,216
534,68,16,100,17,201
535,67,32,68,17,184
536,51,32,68,17,168
537,53,13,68,17,151
538,66,18,66,16,166
540,64,17,50,17,148
541,68,34,82,18,202
542,67,17,82,18,184
544,67,17,67,17,168
545,50,17,67,17,151
546,82,35,65,18,200
547,65,35,65,18,183
549,67,32,84,16,199
551,67,33,67,18,185
552,68,15,67,18,168
554,66,17,84,14,181
556,66,16,66,19,167
557,67,35,97,19,218
559,84,14,66,19,183
560,68,14,66,19,167
561,66,35,84,15,200
562,67,16,84,15,182
563,66,31,68,17,182
566,82,33,67,17,199
567,66,33,67,17,183
568,67,15,67,17,166
570,66,17,68,16,167
571,67,33,68,15,183
572,66,16,68,15,165
573,51,16,68,15,150
575,68,33,66,16,183
576,67,17,66,16,166
577,68,32,67,17,184
578,51,32,67,17,167
579,82,17,116,17,232
580,83,33,83,17,216
581,66,33,83,17,199
583,84,17,66,18,185
584,67,17,66,18,168
586,51,34,83,15,183
588,66,17,100,17,200
589,66,35,65,17,183
592,83,34,66,18,201
593,66,34,66,18,184
594,65,17,66,18,166
595,65,34,82,17,198
597,68,32,67,18,185
598,68,15,67,18,168
599,66,35,83,15,199
600,67,17,83,15,182
601,82,17,51,15,165
602,100,17,83,17,217
603,67,35,83,17,202
604,67,17,83,17,184
606,118,34,65,17,234
607,51,15,69,15,150
608,83,34,65,17,199
609,66,34,65,17,182
613,66,33,52,16,167
615,65,35,102,14,216
616,67,18,102,14,201
617,68,33,69,14,184
618,67,16,69,14,166
621,66,36,65,14,181
624,101,18,114,17,250
625,65,36,114,17,232
626,67,18,114,17,216
627,65,33,81,17,196
628,65,19,81,17,182
629,69,33,65,18,185
630,84,34,83,15,216
631,66,34,83,15,198
633,67,31,67,18,183
634,66,17,67,18,168
637,66,32,68,15,181
638,102,16,67,16,201
640,67,16,67,16,166
641,66,34,84,15,199
643,52,16,84,15,167
644,50,33,66,17,166
645,67,34,67,15,183
648,69,15,50,18,152
650,67,18,67,13,165
651,67,33,84,14,198
654,51,34,64,18,167
655,67,32,68,14,181
656,102,14,68,17,201
657,66,32,68,17,183
659,64,36,82,15,197
660,51,36,82,15,184
661,100,33,67,16,216
662,64,18,65,17,164
663,68,33,67,16,184
664,67,16,67,16,166
666,100,18,66,17,201
667,65,35,66,17,183
668,65,18,66,17,166
669,67,32,69,17,185
670,66,16,69,17,168
671,51,16,69,17,153
672,67,17,52,15,151
673,66,35,81,17,199
674,67,18,81,17,183
675,51,18,81,17,167
676,69,15,66,18,168
677,52,15,66,18,151
678,66,17,51,17,151
679,65,33,68,15,181
680,81,35,116,17,249
681,66,35,116,17,234
684,52,33,100,16,201
685,100,34,99,17,250
686,65,17,68,16,166
687,65,34,99,17,215
688,67,17,99,17,200
694,67,15,68,17,167
695,65,34,85,17,201
696,66,17,85,17,185
697,66,34,99,18,217
698,66,17,99,18,200
700,51,32,67,18,168
701,66,36,66,16,184
703,51,17,66,16,150
704,100,17,65,17,199
705,67,35,65,17,184
706,66,17,65,17,165
707,66,33,84,15,198
711,65,35,66,17,183
712,66,18,66,17,167
713,67,32,84,16,199
714,69,15,84,16,184
715,67,34,100,17,218
716,67,17,100,17,201
717,66,33,67,17,183
718,66,16,67,17,166
720,67,16,51,15,149
721,100,32,68,17,217
722,100,15,68,17,200
723,67,32,68,17,184
725,51,15,68,17,151
726,83,34,65,17,199
728,66,17,65,17,165
729,68,33,67,16,184
730,51,33,67,16,167
731,51,16,67,16,150
732,50,32,69,15,166
733,65,35,67,16,183
736,65,18,66,16,165
737,302,33,67,15,417
738,52,33,67,17,169
740,51,33,51,15,150
743,67,32,68,16,183
744,83,35,99,17,234
745,51,15,68,16,150
747,67,33,66,17,183
748,66,17,66,17,166
749,68,33,100,15,216
750,50,33,100,15,198
751,66,33,67,15,181
752,67,16,67,15,165
753,66,32,67,17,182
754,67,15,67,17,166
755,83,17,117,17,234
756,66,17,117,17,217
758,50,32,85,17,184
759,67,35,67,15,184
760,49,35,67,15,166
762,52,33,98,18,201
763,68,34,64,18,184
764,68,17,64,18,167
765,67,33,66,16,182
767,149,17,66,17,249
771,66,33,66,17,182
772,51,33,66,17,167
773,51,17,66,17,151
774,83,33,66,18,200
775,66,33,66,18,183
776,67,16,66,18,167
777,66,34,67,17,184
778,67,17,67,17,168
779,67,32,85,17,201
780,68,14,85,17,184
781,66,35,67,16,184
782,67,17,67,16,167
783,67,32,87,13,199
785,52,15,87,13,167
786,67,17,65,17,166
787,67,31,102,16,216
788,50,31,102,16,199
790,69,13,68,16,166
791,65,34,67,16,182
792,66,17,67,16,166
793,68,34,66,17,185
794,64,17,66,17,164
795,51,17,66,17,151
797,100,34,67,16,217
798,66,17,68,15,166
799,66,34,67,16,183
801,67,34,65,18,184
802,85,33,82,17,217
804,51,33,82,17,183
805,67,32,100,16,215
806,66,16,100,16,198
809,65,34,66,19,184
810,66,17,66,19,168
811,67,33,52,17,169
812,98,17,50,19,184
813,51,16,52,17,136
815,66,36,98,17,217
816,68,17,98,17,200
817,52,17,98,17,184
818,53,33,65,17,168
819,50,19,65,17,151
820,66,17,65,17,165
822,101,16,51,16,184
823,98,34,67,16,215
824,66,16,51,16,149
825,65,34,67,16,182
826,50,34,67,16,167
828,67,16,84,16,183
829,51,16,84,16,167
831,67,33,84,17,201
832,66,17,84,17,184
833,151,17,65,17,250
834,83,34,83,16,216
835,66,34,83,16,199
836,67,17,83,16,183
837,67,34,65,17,183
838,50,34,65,17,166
839,51,17,65,17,150
842,66,16,68,15,165
844,67,16,68,17,168
847,68,33,66,17,184
848,51,33,66,17,167
849,68,32,84,17,201
850,102,16,67,17,202
851,65,34,67,17,183
852,68,16,67,17,168
853,99,34,167,15,315
855,67,34,167,15,283
856,66,17,167,15,265
857,67,32,117,18,234
858,67,15,117,18,217
859,51,15,117,18,201
860,84,33,67,15,199
862,83,32,68,17,200
863,68,32,68,17,185
864,51,32,68,17,168
866,67,18,67,16,168
867,67,33,84,16,200
868,66,18,84,16,184
869,50,18,84,16,168
871,67,33,83,16,199
872,68,17,83,16,184
875,66,32,67,17,182
876,116,33,60,27,236
877,65,34,93,27,219
879,66,33,60,27,186
881,67,34,53,16,170
882,109,43,68,15,235
883,67,26,61,16,170
886,70,16,68,15,169
889,67,34,67,16,184
890,84,32,51,16,183
893,66,35,83,16,200
894,65,19,83,16,183
895,67,32,67,17,183
897,51,16,67,17,151
901,67,34,99,16,216
902,50,34,99,16,199
903,50,17,99,16,182
904,83,32,50,17,182
906,67,15,50,17,149
907,65,34,67,17,183
908,69,16,67,17,169
911,50,17,66,19,152
912,83,32,68,17,200
913,67,32,68,17,184
914,51,32,68,17,168
915,66,34,101,15,216
917,51,15,101,15,182
918,67,16,99,18,200
919,68,32,67,18,185
920,66,15,67,18,166
922,83,32,84,18,217
924,65,17,84,18,184
925,50,17,84,18,169
926,50,33,69,16,168
928,68,17,82,17,184
929,51,17,82,17,167
930,66,18,65,17,166
931,51,18,65,17,151
935,65,33,84,17,199
936,66,16,84,17,183
937,51,16,84,17,168
938,50,34,118,16,218
939,50,17,118,16,201
942,67,17,67,15,166
943,50,17,67,15,149
946,84,33,116,16,249
948,51,33,116,16,216
949,66,32,100,17,215
950,66,15,100,17,198
951,65,34,133,18,250
953,149,17,51,16,233
954,66,16,50,17,149
956,67,16,85,16,184
957,66,34,51,16,167
958,66,17,51,16,150
960,101,16,66,18,201
962,68,16,66,18,168
963,51,16,66,18,151
964,51,33,101,16,201
965,67,33,68,16,184
967,66,34,67,16,183
969,51,16,67,16,150
970,83,33,83,17,216
975,66,33,67,17,183
976,50,33,67,17,167
977,83,17,84,15,199
978,99,18,66,19,202
979,67,33,66,19,185
982,101,15,67,17,200
983,84,15,67,17,183
986,68,15,67,16,166
987,51,15,67,16,149
988,67,15,101,17,200
989,67,34,67,17,185
991,67,34,82,17,200
993,68,33,66,17,184
995,50,17,66,17,150
997,50,16,67,17,150
999,66,34,83,17,200
1000,66,17,83,17,183
1001,67,33,67,16,183
1002,51,33,67,16,167
1003,67,33,117,16,233
1004,65,18,117,16,216
1005,66,34,66,17,183
1006,66,17,66,17,166
1007,67,33,50,16,166
1008,52,33,50,16,151
1009,83,17,83,17,200
1011,83,16,50,17,166
1012,116,34,84,16,250
1013,50,16,50,17,133
1014,83,34,84,16,217
1017,50,17,84,16,167
1018,67,17,66,16,166
1019,68,32,67,17,184
1020,68,15,67,17,167
1021,66,34,84,15,199
1025,67,33,84,18,202
1026,66,16,84,18,184
1030,66,17,51,15,149
1031,84,18,65,17,184
1033,51,18,65,17,151
1034,52,31,85,16,184
1035,100,34,66,17,217
1036,83,34,66,17,200
1038,66,17,66,17,166
1039,85,16,100,18,219
1040,67,16,100,18,201
1042,50,33,67,18,168
1044,66,16,52,14,148
1046,67,17,84,15,183
1047,67,32,67,17,183
1048,68,14,67,17,166
1051,66,33,67,18,184
1052,66,15,67,18,166
1054,117,35,81,19,252
1055,50,18,84,15,167
1056,100,17,81,19,217
1057,67,35,81,19,202
1058,68,17,81,19,185
1059,67,32,68,15,182
1060,67,15,68,15,165
1061,52,15,68,15,150
1062,66,17,65,18,166
1063,66,34,65,18,183
1065,68,31,52,15,166
1066,51,31,52,15,149
1067,65,34,85,15,199
1069,83,15,67,17,182
1070,100,17,67,16,200
1071,52,15,67,17,151
1072,101,15,116,17,249
1073,100,34,82,17,233
1074,67,15,116,17,215
1075,67,34,82,17,200
1076,50,34,82,17,183
1077,67,33,66,18,184
1081,67,32,68,16,183
1082,66,17,68,16,167
1083,66,34,68,15,183
1084,50,34,68,15,167
1086,68,17,67,17,169
1087,68,34,98,17,217
1088,66,18,98,17,199
1089,68,33,65,17,183
1090,66,18,65,17,166
1095,65,34,68,15,182
1096,65,17,68,15,165
1097,66,34,83,16,199
1098,66,17,83,16,182
1100,51,34,65,16,166
1101,68,32,67,16,183
1102,66,17,67,16,166
1103,99,34,100,16,249
1105,65,34,100,16,215
1106,66,18,100,16,200
1109,67,33,85,15,200
1111,66,34,66,18,184
1112,50,34,66,18,168
1113,67,32,52,17,168
1114,101,15,67,17,200
1117,66,35,65,18,184
1118,117,33,68,15,233
1119,52,17,65,18,152
1120,82,33,68,15,198
1121,67,33,68,15,183
1122,66,16,68,15,165
1124,68,15,135,16,234
1125,51,15,135,16,217
1126,67,17,65,18,167
1129,68,32,51,16,167
1131,65,35,83,16,199
1132,68,17,83,16,184
1133,67,32,134,16,249
1134,51,32,134,16,233
1135,51,16,134,16,217
1136,100,16,67,16,199
1137,66,33,67,16,182
1138,67,16,67,16,166
1140,67,17,67,17,168
1141,100,34,65,18,217
1143,67,34,65,18,184
1144,50,34,65,18,167
1147,66,33,67,16,182
1148,68,15,67,16,166
1150,66,16,100,18,200
1151,67,33,67,18,185
1155,67,33,67,17,184
1156,67,16,67,17,167
1159,51,15,51,16,133
1160,67,16,67,17,167
1161,67,33,51,16,167
1162,66,16,51,16,149
1163,51,16,51,16,134
1166,67,16,67,16,166
1167,51,16,67,16,150
1168,83,34,99,17,233
1169,66,34,99,17,216
1170,83,33,66,17,199
1172,51,33,66,17,167
1173,67,31,52,16,166
1175,51,13,52,16,132
1176,83,33,67,17,200
1177,66,33,67,17,183
1178,65,16,67,17,165
1180,68,17,83,17,185
1182,100,17,67,16,200
1183,67,34,67,16,184
1186,66,17,65,18,166
1188,51,33,50,16,150
1189,67,32,67,17,183
1192,83,33,67,18,201
1193,50,16,84,16,166
1194,50,33,67,18,168
1196,66,17,101,15,199
1197,67,33,68,15,183
1198,66,16,68,15,165
1199,51,16,68,15,150
1200,68,17,82,16,183
1202,51,33,116,17,217
1204,99,16,68,15,198
1206,83,34,67,17,201
1207,65,34,67,17,183
1210,84,33,83,17,217
1212,65,18,83,17,183
1213,167,33,83,17,300
1214,67,16,67,17,167
1216,51,35,65,16,167
1218,66,17,67,15,165
1219,67,33,83,17,200
1220,51,33,83,17,184
1221,65,34,100,16,215
1222,66,18,100,16,200
1224,499,17,66,17,599
1225,67,33,50,18,168
1226,67,17,50,18,152
1227,66,34,65,18,183
1228,51,34,65,18,168
1229,67,34,65,18,184
1230,51,34,65,18,168
1233,65,34,68,16,183
1234,67,16,68,16,167
1236,100,17,65,17,199
1237,102,31,51,18,202
1238,67,17,65,17,166
1239,68,31,51,18,168
1241,65,34,117,17,233
1243,65,35,82,17,199
1245,51,18,82,17,168
1246,52,33,66,17,168
1247,68,32,51,17,168
1249,65,34,66,17,182
1250,66,17,66,17,166
1251,66,34,65,17,182
1254,51,32,84,17,184
1255,66,33,68,17,184
1256,82,34,83,16,215
1258,50,34,83,16,183
1260,67,17,65,18,167
1261,68,34,65,16,183
1263,68,31,102,15,216
1264,66,16,102,15,199
1266,66,16,68,15,165
1267,65,34,83,17,199
1269,102,33,99,16,250
1270,67,17,66,17,167
1273,67,33,66,16,182
1274,83,33,66,17,199
1275,66,33,66,17,182
1276,51,33,66,17,167
1277,50,16,66,17,149
1278,83,33,84,17,217
1279,66,33,84,17,200
1280,65,17,84,17,183
1282,66,18,66,17,167
1283,50,18,66,17,151
1284,52,33,67,15,167
1286,67,17,81,19,184
1289,99,34,66,17,216
1293,66,32,51,17,166
1294,51,32,51,17,151
1295,51,15,51,17,134
1296,51,34,67,17,169
1297,66,34,84,17,201
1298,66,17,84,17,184
1299,51,17,84,17,169
1301,67,32,85,16,200
1303,65,36,65,18,184
1305,68,32,51,17,168
1307,85,16,67,17,185
1308,82,35,65,17,199
1310,68,17,65,17,167
1313,67,33,50,18,168
1314,66,16,50,18,150
1315,99,34,66,17,216
1316,100,18,66,17,201
1317,67,34,66,17,184
1321,167,33,67,16,283
1322,68,16,67,16,167
1323,100,33,67,16,216
1324,50,34,83,17,184
1325,68,33,67,16,184
1327,67,33,67,16,183
1328,50,33,67,16,166
1329,66,34,83,15,198
1331,67,33,65,18,183
1332,51,33,65,18,167
1333,67,33,84,17,201
1334,66,17,84,17,184
1335,66,32,69,15,182
1336,82,35,66,17,200
1337,65,35,66,17,183
1338,49,35,66,17,167
1339,67,34,116,16,233
1340,67,17,116,16,216
1343,66,33,51,16,166
1344,166,17,66,17,266
1345,65,35,99,16,215
1346,67,18,99,16,200
1348,67,16,67,16,166
1349,51,16,67,16,150
1350,67,17,66,17,167
1351,66,33,83,17,199
1352,66,17,83,17,183
1353,67,33,67,16,183
1356,67,17,82,18,184
1357,167,33,84,16,300
1358,67,17,67,17,168
1359,67,34,66,17,184
1360,99,18,66,17,200
1361,100,33,84,16,233
1363,67,33,84,16,200
1364,51,33,84,16,184
1365,66,33,67,16,182
1366,51,33,67,16,167
1369,67,33,101,17,218
1370,67,16,101,17,201
1371,67,35,66,17,185
1372,50,35,66,17,168
1373,84,15,52,15,166
1375,66,35,116,16,233
1376,102,15,67,17,201
1379,52,15,67,17,151
1380,66,16,51,16,149
1381,65,34,67,16,182
1382,65,17,67,16,165
1384,67,16,83,17,183
1385,51,16,83,17,167
1386,67,17,66,16,166
1387,67,32,85,17,201
1388,66,16,85,17,184
1389,66,34,51,17,168
1390,66,17,51,17,151
1391,66,33,67,17,183
1392,66,17,67,17,167
1394,68,17,77,9,171
1395,51,17,77,9,154
1396,52,32,70,34,188
1397,67,45,59,32,203
1398,66,28,59,32,185
1400,62,9,82,18,171
1402,69,18,66,17,170
1404,82,18,165,17,282
1405,66,18,165,17,266
1406,68,33,66,17,184
1407,50,33,66,17,166
1409,51,50,65,17,183
1413,67,17,82,18,184
1414,68,49,83,18,218
1416,116,18,116,17,267
1417,66,33,68,32,199
1419,67,18,116,17,218
1420,68,50,66,17,201
1422,67,18,66,17,168
1423,68,32,67,17,184
1425,67,34,85,31,217
1426,67,17,85,31,200
1427,66,17,68,31,182
1430,67,35,83,16,201
1431,50,35,83,16,184
1434,66,18,66,16,166
1435,65,16,66,17,164
1436,65,34,66,17,182
1437,69,16,66,17,168
1438,68,49,84,18,219
1439,66,33,84,18,201
1440,66,17,84,18,185
1441,65,17,67,18,167
1442,49,17,67,18,151
1443,67,33,67,16,183
1446,67,50,82,17,216
1447,68,32,82,17,199
1448,52,32,82,17,183
1449,67,16,66,17,166
1451,65,17,117,34,233
1453,99,17,65,20,201
1456,66,34,66,18,184
1457,66,17,66,18,167
1458,51,17,66,18,152
1459,102,15,67,33,217
1460,100,34,66,17,217
1461,68,15,67,33,183
1462,66,34,66,17,183
1463,67,16,66,17,166
1465,66,16,67,16,165
1466,67,50,67,17,201
1467,99,17,67,33,216
1469,66,17,67,33,183
1471,67,18,66,16,167
1472,50,18,66,16,150
1476,66,34,82,16,198
1477,66,18,82,16,182
1479,52,33,65,18,168
1480,116,34,66,16,232
1481,51,49,67,17,184
1482,82,34,66,16,198
1483,67,34,66,16,183
1484,65,18,66,16,165
1486,67,34,84,17,202
1487,50,34,84,17,185
1488,68,50,84,17,219
1491,67,17,67,17,168
1492,50,17,67,17,151
1494,52,17,66,17,152
1495,66,18,65,17,166
1496,67,33,83,33,216
1498,66,49,85,31,231
1500,65,17,85,31,198
1501,65,34,51,31,181
1502,83,33,84,17,217
1504,84,18,66,17,185
1505,67,18,66,17,168
1508,66,18,66,17,167
1509,67,17,66,33,183
1510,83,16,66,36,201
1511,51,33,66,36,186
1512,52,16,66,36,170
1513,66,17,69,31,183
1514,66,33,67,34,200
1515,65,17,67,34,183
1516,66,36,65,17,184
1518,69,31,100,17,217
1519,53,31,100,17,201
1520,67,34,66,17,184
1521,51,34,66,17,168
1522,298,33,99,18,448
1525,67,17,66,17,167
1526,66,50,68,16,200
1527,66,33,68,16,183
1528,51,33,68,16,168
1529,67,33,68,16,184
1531,66,18,66,17,167
1532,50,18,66,17,151
1533,51,33,50,16,150
1535,51,33,83,17,184
1536,66,33,99,18,216
1538,50,16,99,18,183
1540,67,33,50,33,183
1541,66,17,50,33,166
1542,67,50,67,16,200
1543,82,18,67,16,183
1544,65,18,67,16,166
1545,67,33,50,17,167
1546,50,33,50,17,150
1547,67,17,99,18,201
1548,68,33,116,18,235
1549,67,16,116,18,217
1550,67,49,67,18,201
1552,66,16,67,18,167
1553,65,35,66,18,184
1554,66,18,66,18,168
1556,51,16,68,32,167
1557,51,34,82,17,184
1558,68,34,65,17,184
1559,50,34,65,17,166
1560,68,48,84,17,217
1561,52,48,84,17,201
1562,66,16,84,17,183
1564,65,17,84,32,198
1565,67,34,50,32,183
1567,68,16,66,17,167
1569,67,17,66,17,167
1570,51,17,66,17,151
1573,66,17,67,34,184
1574,66,34,67,17,184
1575,51,34,67,17,169
1576,68,33,66,17,184
1577,51,33,66,17,167
1578,67,34,132,17,250
1580,67,49,83,17,216
1581,51,49,83,17,200
1583,284,33,67,17,401
1586,50,18,132,18,218
1587,83,17,66,17,183
1588,67,17,66,17,167
1589,67,18,65,18,168
1590,67,48,68,16,199
1591,149,33,67,17,266
1592,83,35,82,17,217
1593,183,17,84,17,301
1594,65,18,82,17,182
1595,67,16,83,17,183
1596,151,17,67,17,252
1598,67,50,84,17,218
1599,82,17,84,17,200
1600,83,17,67,17,184
1602,67,49,84,17,217
1604,101,50,67,17,235
1607,100,33,67,16,216
1608,51,33,67,17,168
1609,68,33,67,16,184
1610,66,17,67,16,166
1611,100,17,65,16,198
1614,51,17,65,16,149
1616,67,49,68,17,201
1619,65,18,67,17,167
1621,67,16,84,32,199
1623,51,34,82,17,184
1624,67,50,83,33,233
1625,67,33,83,33,216
1626,84,32,84,17,217
1627,83,16,84,17,200
1629,65,33,51,17,166
1630,50,33,51,17,151
1632,67,33,88,12,200
1633,84,33,55,12,184
1634,67,33,55,12,167
1635,51,33,55,12,151
1636,100,33,84,32,249
1641,68,15,66,17,166
1642,66,34,83,17,200
1643,62,17,83,17,179
1644,67,49,51,33,200
1645,81,17,51,33,182
1646,66,17,51,33,167
1647,66,34,67,17,184
1648,83,17,67,33,200
1651,51,33,67,17,168
1652,101,33,82,18,234
1653,84,33,82,18,217
1654,67,33,82,18,200
1655,51,33,82,18,184
1657,83,34,67,32,216
1658,50,16,67,17,150
1659,51,34,67,32,184
1660,67,33,66,18,184
1661,83,34,83,16,216
1662,101,32,67,18,218
1664,67,32,67,18,184
1665,52,32,67,18,169
1667,67,17,99,17,200
1668,83,16,67,17,183
1670,67,33,68,32,200
1671,100,16,66,17,199
1672,165,17,83,16,281
1674,51,16,66,17,150
1675,115,17,83,16,231
1676,68,49,83,16,216
1677,82,17,83,16,198
1679,66,17,66,16,165
1680,66,33,67,17,183
1681,68,16,67,17,168
1682,51,16,67,17,151
1683,50,49,69,31,199
1684,66,16,69,31,182
1685,65,18,66,16,165
1686,67,51,83,32,233
1689,69,31,84,34,218
1691,65,18,66,34,183
1693,66,17,66,33,182
1694,68,32,67,16,183
1695,118,49,118,33,318
1696,66,34,82,18,200
1697,83,49,118,33,283
1698,99,16,118,33,266
1700,67,16,118,33,234
1701,51,16,118,33,218
1702,49,33,85,33,200
1703,66,18,67,33,184
1705,69,32,67,17,185
1707,50,18,67,17,152
1708,50,17,67,33,167
1709,82,34,50,33,199
1710,68,34,50,33,185
1711,50,34,50,33,167
1712,67,33,66,17,183
1713,51,33,66,17,167
1714,67,50,82,18,217
1715,67,33,82,18,200
1716,50,33,82,18,183
1718,99,16,118,17,250
1721,82,18,83,17,200
1722,84,32,68,32,216
1724,100,34,84,16,234
1727,83,49,68,17,217
1728,68,49,68,17,202
1729,51,49,68,17,185
1731,66,18,67,16,167
1732,67,33,83,16,199
1733,83,34,65,17,199
1734,67,34,65,17,183
1735,51,34,65,17,167
1736,67,33,116,17,233
1737,50,33,116,17,216
1738,67,49,67,17,200
1739,66,33,67,17,183
1740,65,17,67,17,166
1741,66,33,51,33,183
1742,65,17,51,33,166
1743,66,17,67,17,167
1744,67,34,68,32,201
1746,68,33,67,17,185
1748,67,35,82,32,216
1749,67,18,82,32,199
1751,52,32,82,19,185
1752,67,33,68,32,200
1753,67,16,68,32,183
1754,65,49,68,17,199
1756,82,19,66,17,184
1757,65,19,66,17,167
1758,68,32,66,16,182
1759,83,34,83,17,217
1760,67,34,83,17,201
1761,51,34,83,17,185
1764,51,31,52,32,166
1765,65,18,66,17,166
1766,66,34,100,16,216
1767,66,17,100,16,199
1768,68,49,51,16,184
1770,66,17,51,16,150
1771,101,16,83,33,233
1772,100,49,67,18,234
1774,68,49,67,18,202
1776,51,33,67,18,169
1777,65,17,68,32,182
1778,66,50,68,16,200
1779,67,33,68,16,184
1780,84,18,66,17,185
1781,67,18,66,17,168
1782,68,32,84,17,201
1783,51,32,84,17,184
1785,68,16,67,16,167
1788,51,16,83,17,167
1789,66,17,66,17,166
1790,99,34,84,16,233
1791,66,16,51,17,150
1794,66,34,66,32,198
1795,67,17,66,32,182
1796,51,17,66,32,166
1797,51,50,65,17,183
1798,84,16,66,18,184
1799,67,16,66,18,167
1800,98,17,85,32,232
1803,65,35,82,33,215
1804,66,18,82,33,199
1805,68,32,66,17,183
1807,67,18,65,18,168
1808,68,32,51,32,183
1810,67,51,66,18,202
1811,167,18,81,17,283
1812,65,18,66,18,167
1813,68,32,83,18,201
1814,51,32,83,18,184
1817,84,49,67,17,217
1819,52,49,67,17,185
1821,67,32,52,32,183
1822,49,32,52,32,165
1823,65,35,82,16,198
1825,67,17,65,16,165
1826,68,48,68,17,201
1827,52,48,68,17,185
1828,67,16,68,17,168
1829,82,16,52,33,183
1833,68,17,84,32,201
1834,68,33,66,17,184
1835,102,17,66,33,218
1837,67,17,66,33,183
1839,69,32,67,16,184
1840,66,17,67,16,166
1842,66,50,83,17,216
1845,67,16,67,17,167
1846,66,50,84,16,216
1847,50,50,84,16,200
1848,66,17,84,16,183
1849,66,34,66,33,199
1850,67,17,66,33,183
1851,50,17,66,33,166
1852,51,32,67,17,167
1853,66,18,66,17,167
1854,67,49,84,17,217
1857,67,34,67,17,185
1858,66,17,67,17,167
1860,51,33,133,17,234
1861,67,17,66,18,168
1862,67,34,82,17,200
1863,50,34,82,17,183
1864,100,18,84,32,234
1866,66,18,84,32,200
1867,67,17,67,32,183
1868,67,32,67,33,199
1869,66,17,67,33,183
1870,67,35,65,17,184
1873,52,32,83,17,184
1874,100,17,100,33,250
1876,65,17,100,33,215
1877,100,17,66,17,200
1878,50,18,82,33,183
1879,67,17,66,17,167
1880,67,34,67,32,200
1881,84,49,67,34,234
1882,98,17,67,34,216
1883,67,33,67,34,201
1885,66,18,83,32,199
1886,99,17,66,18,200
1887,66,34,66,18,184
1888,67,17,66,18,168
1891,68,32,67,17,184
1893,66,18,66,17,167
1894,50,18,66,17,151
1897,84,49,85,18,236
1898,66,49,85,18,218
1899,50,49,85,18,202
1900,51,32,85,18,186
1901,66,19,66,18,169
1902,68,48,136,15,267
1903,166,18,66,16,266
1904,51,32,136,15,234
1905,85,49,84,16,234
1906,66,49,84,16,215
1907,99,18,66,16,199
1911,64,36,55,11,166
1912,67,19,55,11,152
1913,69,15,67,16,167
1914,51,15,67,16,149
1915,51,40,76,17,184
1916,85,16,66,17,184
1919,67,33,68,32,200
1922,66,51,83,16,216
1923,50,51,83,16,200
1924,51,34,83,16,184
1925,100,17,67,17,201
1926,83,17,67,17,184
1927,66,17,67,17,167
1928,51,17,67,17,152
1929,83,33,66,17,199
1930,84,17,66,17,184
1932,50,17,66,17,150
1935,66,34,84,17,201
1936,66,17,84,17,184
1939,68,33,66,17,184
1940,51,33,66,17,167
1942,68,49,83,18,218
1943,67,32,83,18,200
1944,100,34,65,18,217
1946,66,34,65,18,183
1947,83,50,66,17,216
1948,68,50,66,17,201
1951,68,33,66,18,185
1954,51,16,68,16,151
1955,66,17,67,16,166
1956,51,17,67,16,151
1957,84,33,83,17,217
1958,68,33,83,17,201
1959,51,33,83,17,184
1960,67,49,67,16,199
1961,51,49,67,16,183
1963,66,34,70,13,183
1964,83,17,66,17,183
1966,68,53,80,32,233
1967,67,37,80,32,216
1968,51,37,80,32,200
1969,70,13,67,32,182
1973,80,49,68,33,230
1976,65,17,68,33,183
1978,67,33,50,16,166
1979,66,18,50,16,150
1980,68,50,82,17,217
1982,65,18,82,17,182
1983,68,16,66,17,167
1984,50,16,66,17,149
1985,83,49,84,17,233
1987,67,32,84,17,200
1989,66,18,66,17,167
1991,65,34,84,16,199
1992,101,34,117,16,268
1993,67,17,67,16,167
1994,66,34,117,16,233
1995,68,17,117,16,218
2000,49,34,84,16,183
2001,66,17,67,16,166
2002,67,33,67,16,183
2003,84,34,81,17,216
2005,84,33,65,17,199
2006,67,33,65,17,182
2007,165,18,66,17,266
2008,100,49,68,33,250
2013,66,18,66,17,167
2014,67,50,67,16,200
2015,68,34,67,16,185
2016,67,18,67,16,168
2018,66,17,67,17,167
2019,67,17,67,32,183
2020,51,17,67,32,167
2021,83,34,68,30,215
2022,67,34,68,30,199
2023,50,34,68,30,182
2025,118,48,65,18,249
2026,66,36,113,18,233
2027,85,48,65,18,216
2028,68,48,65,18,199
2029,83,18,65,18,184
2030,66,18,65,18,167
2031,101,17,51,32,201
2032,98,51,64,18,231
2033,67,17,51,32,167
2034,101,18,64,18,201
2035,65,36,64,18,183
2037,68,32,67,17,184
2039,68,18,66,32,184
2041,64,35,83,17,199
2042,67,17,83,17,184
2043,67,17,66,17,167
2044,66,49,84,33,232
2045,67,34,84,33,218
2046,66,17,84,33,200
2047,83,33,67,17,200
2048,66,33,67,17,183
2049,51,33,67,17,168
2050,67,34,84,33,218
2052,100,17,67,33,217
2054,118,33,65,18,234
2055,66,34,132,17,249
2056,84,33,65,18,200
2057,68,33,65,18,184
2058,64,20,65,18,167
2059,67,33,66,17,183
2060,66,18,66,17,167
2061,66,32,67,17,182
2062,53,32,67,17,169
2063,65,18,99,18,200
2065,66,17,66,18,167
2066,68,50,83,34,235
2068,66,17,83,34,200
2069,101,16,85,15,217
2070,66,18,66,17,167
2072,51,16,85,15,167
2074,67,34,83,17,201
2077,68,15,67,16,166
2079,67,33,50,18,168
2080,50,33,50,18,151
2081,65,17,83,17,182
2082,67,33,67,17,184
2083,66,17,67,17,167
2085,100,17,67,17,201
2086,51,32,84,17,184
2087,67,17,67,17,168
2088,67,33,51,16,167
2089,66,16,51,16,149
2091,84,33,82,18,217
2092,67,33,82,18,200
2093,165,18,115,19,317
2095,82,17,85,16,200
2098,100,34,81,19,234
2099,65,18,115,19,217
2100,68,34,81,19,202
2101,85,49,51,16,201
2102,69,49,51,16,185
2103,52,49,51,16,168
2104,50,33,51,16,150
2106,81,19,66,17,183
2108,68,33,65,18,184
2109,51,33,65,18,167
2110,84,17,67,32,200
2111,68,17,67,32,184
2112,66,50,66,35,217
2113,50,50,66,35,201
2114,65,18,66,35,184
2115,67,17,84,31,199
2116,67,49,66,18,200
2119,101,31,68,34,234
2120,84,31,68,34,217
2121,69,31,68,34,202
2122,52,31,68,34,185
2124,100,51,84,32,267
2125,82,51,84,32,249
2126,67,51,84,32,234
2127,68,34,84,32,218
2128,84,31,67,18,200
2129,69,31,67,18,185
2130,82,18,67,34,201
2131,65,18,67,34,184
2132,68,35,66,16,185
2133,84,32,100,17,233
2134,69,32,100,17,218
2136,167,50,66,19,302
2137,84,33,50,33,200
2138,149,33,66,19,267
2139,52,33,50,33,168
2140,67,33,67,32,199
2141,69,16,67,32,184
2142,66,50,66,19,201
2144,50,33,66,19,168
2145,66,17,68,16,167
2146,67,49,67,16,199
2147,82,17,67,16,182
2148,67,17,67,16,167
2150,68,48,83,18,217
2151,101,34,67,16,218
2153,67,34,67,16,184
2155,66,32,51,32,181
2157,83,34,82,17,216
2158,85,16,82,17,200
2159,67,16,82,17,182
2160,51,16,82,17,166
2162,66,18,84,16,184
2165,67,35,66,17,185
2166,67,18,66,17,168
2169,68,18,66,33,185
2171,66,17,101,15,199
2172,66,34,67,15,182
2173,65,19,67,15,166
2174,66,33,67,33,199
2175,51,33,67,33,184
2178,67,33,82,18,200
2179,52,33,82,18,185
2180,67,33,67,17,184
2181,52,33,67,17,169
2182,66,49,84,33,232
2183,68,32,84,33,217
2185,67,18,66,33,184
2186,67,49,83,18,217
2187,67,32,83,18,200
2188,84,17,66,18,185
2189,67,17,66,18,168
2190,66,50,66,17,199
2191,49,50,66,17,182
2192,67,17,66,17,167
2195,50,50,68,34,202
2196,51,32,68,34,185
2198,67,34,51,15,167
2199,83,51,66,16,216
2201,51,51,66,16,184
2203,69,15,67,17,168
2205,82,18,67,33,200
2206,67,18,67,33,185
2207,66,16,66,18,166
2211,67,33,66,17,183
2212,51,33,66,17,167
2213,67,17,66,32,182
2214,165,17,84,17,283
2215,99,17,82,17,215
2216,67,34,82,17,200
2217,66,17,82,17,182
2218,66,49,84,17,216
2219,51,49,84,17,201
2221,66,18,116,17,217
2222,67,49,67,17,200
2223,66,34,67,17,184
2224,67,17,67,17,168
2225,67,17,67,32,183
2228,51,33,83,34,201
2229,67,17,100,16,200
2230,50,17,100,16,183
2233,66,17,116,18,217
2234,182,18,65,18,283
2236,68,34,66,16,184
2237,51,34,66,16,167
2238,68,48,83,18,217
2240,82,18,65,18,183
2241,66,18,65,18,167
2243,50,49,67,17,183
2245,67,34,68,32,201
2246,65,18,68,32,183
2247,67,33,67,18,185
2248,51,33,67,18,169
2249,102,32,67,32,233
2250,51,17,68,15,151
2251,68,32,67,32,199
2252,66,18,67,32,183
2253,67,18,64,17,166
2255,65,18,82,18,183
2256,51,18,82,18,169
2257,51,48,67,17,183
2259,66,19,98,17,200
2261,66,18,65,17,166
2265,50,50,67,17,184
2266,82,17,67,34,200
2268,50,17,67,34,168
2270,51,17,67,33,168
2273,50,34,66,17,167
2274,67,33,65,17,182
2275,51,33,65,17,166
2276,67,33,82,17,199
2277,52,33,82,17,184
2278,98,17,68,17,200
2279,51,49,68,17,185
2280,65,17,68,17,167
2281,99,35,82,17,233
2282,82,35,82,17,216
2283,65,35,82,17,199
2284,50,35,82,17,184
2285,68,17,65,17,167
2286,52,17,65,17,151
2287,101,16,85,16,218
2289,66,16,85,16,183
2290,65,35,66,17,183
2291,65,18,66,17,166
2292,51,18,66,17,152
2293,66,35,81,17,199
2294,101,49,66,17,233
2296,66,49,66,17,198
2298,83,33,68,16,200
2299,65,33,68,16,182
2300,65,17,68,16,166
2302,100,18,82,18,218
2303,51,50,82,18,201
2305,68,16,66,18,168
2306,66,50,66,17,199
2307,51,50,66,17,184
2308,52,32,66,17,167
2309,100,32,52,32,216
2311,66,32,52,32,182
2314,67,17,84,17,185
2315,66,18,66,17,167
2316,69,32,51,18,170
2317,118,35,64,17,234
2318,101,35,64,17,217
2319,84,35,64,17,200
2320,83,18,64,17,182
2321,51,35,64,17,167
2322,51,18,64,17,150
2323,52,32,82,18,184
2324,67,49,83,17,216
2325,82,17,83,17,199
2326,64,17,83,17,181
2327,66,18,65,17,166
2330,68,49,69,14,200
2331,51,49,69,14,183
2333,67,17,66,33,183
2335,51,34,65,15,165
2336,51,17,65,15,148
2337,51,32,84,17,184
2338,66,48,53,16,183
2340,65,15,53,16,149
2341,62,19,67,17,165
2342,67,34,65,17,183
2343,68,17,65,17,167
2344,51,17,65,17,150
2345,53,33,67,32,185
2347,67,32,84,17,200
2348,50,32,84,17,183
2349,150,50,68,34,302
2350,67,49,85,17,218
2353,67,17,68,17,169
2356,51,33,68,34,186
2357,67,18,65,19,169
2358,68,50,84,15,217
2360,52,33,84,15,184
2362,50,34,65,17,166
2364,52,16,66,32,166
2365,99,17,83,32,231
2366,69,32,83,32,216
2367,114,18,65,18,215
2368,66,50,65,18,199
2369,99,33,84,17,233
2371,67,33,84,17,201
2372,50,33,84,17,184
2373,67,32,69,16,184
2374,51,32,69,16,168
2375,65,18,117,17,217
2377,84,33,67,16,200
2378,86,16,67,16,185
2379,52,33,67,16,168
2381,50,33,84,32,199
2382,83,17,65,17,182
2383,165,33,51,17,266
2384,67,33,65,17,182
2385,50,33,65,17,165
2388,65,17,67,17,166
2389,66,33,51,17,167
2390,65,17,51,17,150
2391,65,17,85,15,182
2393,50,34,66,18,168
2394,68,34,65,17,184
2395,51,34,65,17,167
2397,101,32,68,16,217
2398,51,15,84,16,166
2399,67,32,68,16,183
2400,65,17,68,16,166
2401,65,17,67,33,182
2402,84,16,67,17,184
2403,66,16,67,17,166
2404,51,16,67,17,151
2405,50,34,66,17,167
2407,50,50,84,16,200
2408,67,17,84,16,184
2409,66,33,67,17,183
2410,66,17,67,17,167
2412,50,17,50,17,134
2414,68,33,67,32,200
2415,51,33,67,32,183
2416,50,17,67,32,166
2417,66,17,66,17,166
2418,100,49,67,16,232
2419,67,17,82,17,183
2420,67,49,67,16,199
2422,66,17,67,16,166
2425,67,17,83,25,192
2426,67,33,75,12,187
2427,67,16,75,12,170
2428,67,50,69,17,203
2429,66,34,69,17,186
2430,66,17,69,17,169
2431,66,25,78,17,186
2432,75,27,51,17,170
2434,54,15,51,17,137
2435,52,34,83,17,186
2439,51,34,116,15,216
2440,68,32,84,15,199
2441,100,16,51,15,182
2442,66,33,51,15,165
2444,65,34,82,17,198
2445,67,17,82,17,183
2446,166,35,100,15,316
2450,66,33,67,17,183
2451,65,17,67,17,166
2452,67,35,100,15,217
2453,66,18,100,15,199
2454,68,32,68,15,183
2456,51,16,68,15,150
2457,67,17,83,17,184
2458,66,34,66,17,183
2460,68,32,68,17,185
2461,117,34,81,19,251
2462,66,34,66,17,183
2463,83,34,81,19,217
2465,51,34,81,19,185
2469,66,15,52,16,149
2470,64,36,65,17,182
2473,51,32,66,17,166
2474,52,16,66,17,151
2477,66,16,67,17,166
2478,66,34,83,17,200
2479,102,15,67,17,201
2480,50,17,83,17,167
2481,68,15,67,17,167
2482,67,34,99,17,217
2483,67,17,99,17,200
2484,67,33,66,17,183
2485,65,17,66,17,165
2486,67,34,66,17,184
2487,50,34,66,17,167
2488,67,32,85,16,200
2489,51,32,85,16,184
2491,66,17,67,19,169
2492,100,33,68,15,216
2493,100,16,68,15,199
2495,68,16,68,15,167
2496,51,16,68,15,150
2497,50,33,67,16,166
2502,67,33,67,18,185
2503,67,17,67,18,169
2505,68,15,52,14,149
2508,67,32,69,15,183
2510,52,14,69,15,150
2511,84,34,67,15,200
2512,83,18,67,15,183
2514,69,31,51,18,169
2515,52,31,51,18,152
2516,65,36,66,16,183
2518,67,33,82,17,199
2519,52,33,82,17,184
2520,51,18,82,17,168
2523,67,16,52,16,151
2524,82,17,68,15,182
2525,66,17,68,15,166
2526,66,34,65,18,183
2527,50,34,65,18,167
2531,65,16,137,15,233
2532,65,34,83,20,202
2534,65,33,70,15,183
2536,67,34,67,17,185
2537,67,16,67,17,167
2538,67,36,64,16,183
2540,70,31,84,15,200
2541,52,31,84,15,182
2542,100,34,84,15,233
2543,51,33,66,17,167
2544,64,34,84,15,197
2547,67,15,100,17,199
2549,67,18,65,17,167
2550,67,32,84,16,199
2552,52,15,84,16,167
2553,67,16,67,17,167
2554,65,36,81,16,198
2555,65,19,81,16,181
2556,50,19,81,16,166
2557,52,31,66,18,167
2559,100,16,67,18,201
2560,65,32,67,18,182
2561,66,16,67,18,167
2562,66,35,66,17,184
2563,67,17,66,17,167
2564,67,32,68,16,183
2566,67,34,83,17,201
2567,67,16,83,17,183
2572,66,34,100,16,216
2573,83,34,66,16,199
2574,66,34,66,16,182
2575,150,33,51,15,249
2577,51,32,102,16,201
2578,66,34,68,16,184
2579,67,17,68,16,168
2581,50,33,51,15,149
2583,85,31,84,16,216
2584,68,31,84,16,199
2586,51,15,84,16,166
2587,84,32,100,17,233
2588,66,32,100,17,215
2590,67,33,67,17,184
2591,66,16,67,17,166
2592,65,34,134,16,249
2593,50,34,134,16,234
2594,67,33,84,17,201
2595,100,18,66,16,200
2596,67,35,66,16,184
2597,67,18,66,16,167
2600,50,17,100,17,184
2602,66,33,67,15,181
2603,51,33,67,15,166
2605,83,34,66,16,199
2606,66,34,66,16,182
2607,50,34,66,16,166
2608,67,33,66,21,187
2609,51,33,66,21,171
2611,66,17,54,13,150
2612,66,33,67,16,182
2614,66,34,66,18,184
2615,71,13,66,18,168
2617,51,33,83,17,184
2618,67,33,67,16,183
2620,66,35,81,17,199
2621,67,17,81,17,182
2624,50,17,66,19,152
2625,65,18,66,17,166
2626,66,32,118,17,233
2627,66,17,118,17,218
2629,69,15,84,17,185
2630,66,33,68,15,182
2631,152,32,51,17,252
2633,82,34,66,17,199
2634,67,34,66,17,184
2635,67,17,66,17,167
2636,51,17,66,17,151
2637,52,32,51,17,152
2638,66,34,84,15,199
2639,67,16,84,15,182
2642,51,17,65,17,150
2644,66,33,102,15,216
2645,67,15,102,15,199
2646,65,34,117,17,233
2648,67,33,84,17,201
2649,82,35,116,17,250
2650,67,35,116,17,235
2652,51,17,116,17,201
2653,51,32,84,17,184
2654,67,34,67,16,184
2655,66,17,67,16,166
2656,66,33,149,17,265
2657,51,33,149,17,250
2658,67,34,67,16,184
2660,67,33,82,17,199
2661,51,33,82,17,183
2662,101,33,98,19,251
2663,84,33,98,19,234
2664,67,33,98,19,217
2666,67,32,66,19,184
2667,67,17,66,19,169
2669,49,34,51,16,150
2670,66,32,68,16,182
2673,67,16,84,15,182
2674,100,33,84,17,234
2675,83,33,84,17,217
2676,68,33,84,17,202
2677,65,17,84,17,183
2680,51,15,68,17,151
2681,50,34,66,17,167
2682,67,34,84,15,200
2683,66,17,84,15,182
2685,51,32,118,15,216
2686,66,34,84,15,199
2687,101,15,66,18,200
2688,66,33,66,18,183
2691,67,17,66,16,166
2692,67,32,85,16,200
2693,66,15,85,16,182
2694,51,15,85,16,167
2696,66,34,84,15,199
2697,65,18,84,15,182
2698,50,18,84,15,167
2699,67,16,51,15,149
2700,67,32,67,17,183
2701,102,15,67,17,201
2702,84,15,67,17,183
2703,67,15,67,17,166
2704,51,15,67,17,150
2705,82,34,67,17,200
2706,67,34,67,17,185
2709,67,17,84,15,183
2710,51,17,84,15,167
2712,67,34,67,15,183
2713,67,17,67,15,166
2714,67,32,67,17,183
2715,101,17,82,18,218
2717,67,17,82,18,184
2718,67,32,68,15,182
2719,65,17,68,15,165
2720,50,17,68,15,150
2722,66,34,65,17,182
2724,68,33,66,17,184
2725,51,33,66,17,167
2727,83,34,83,17,217
2728,65,34,83,17,199
2730,66,33,67,17,183
2735,66,17,67,17,167
2737,67,17,83,16,183
2738,67,33,66,17,183
2739,51,33,66,17,167
2740,100,33,67,17,217
2742,66,33,67,17,183
2743,68,16,67,17,168
2744,99,34,66,17,216
2745,66,16,51,17,150
2747,100,17,82,17,216
2748,67,34,82,17,200
2750,100,34,83,16,233
2752,66,34,83,16,199
2753,66,17,83,16,182
2754,66,33,66,18,183
2755,66,17,66,18,167
2757,68,15,68,15,166
2758,66,33,85,15,199
2759,67,16,85,15,183
2760,66,35,65,17,183
2761,66,17,65,17,165
2763,51,33,84,17,185
2764,50,18,84,17,169
2766,65,34,67,17,183
2767,102,17,64,17,200
2771,52,32,84,17,185
2774,64,35,82,17,198
2775,65,18,82,17,182
2776,84,17,65,18,184
2777,67,17,65,18,167
2778,52,17,65,18,152
2779,52,32,51,15,150
2780,66,33,67,17,183
2781,82,33,51,16,182
2782,65,33,51,16,165
2783,68,15,51,16,150
2784,51,15,51,16,133
2785,84,33,84,16,217
2786,67,33,84,16,200
2787,66,16,84,16,182
2788,51,16,84,16,167
2789,68,15,67,16,166
2793,82,34,84,16,216
2794,67,34,84,16,201
2795,50,34,84,16,184
2797,67,17,66,17,167
2798,101,33,67,17,218
2799,52,33,50,15,150
2800,67,33,67,17,184
2802,66,32,52,17,167
2803,67,15,52,17,151
2804,100,34,65,18,217
2805,66,17,99,18,200
2806,67,34,65,18,184
2809,51,32,51,15,149
2810,83,16,67,18,184
2811,66,16,67,18,167
2812,83,15,52,15,165
2814,51,15,52,15,133
2815,83,33,51,16,183
2816,67,33,51,16,167
2817,67,15,51,16,149
2818,102,32,67,19,220
2821,66,16,67,19,168
2822,102,32,67,16,217
2823,67,18,64,17,166
2825,67,16,67,16,166
2827,69,13,51,16,149
2828,51,13,51,16,131
2831,64,16,67,17,164
2832,51,16,67,17,151
2833,67,17,68,16,168
2834,66,33,51,17,167
2836,102,33,65,18,218
2837,85,33,65,18,201
2838,68,33,65,18,184
2839,52,33,65,18,168
2841,101,15,67,16,199
2842,67,31,67,16,181
2843,67,15,67,16,165
2844,100,32,51,17,200
2845,50,35,66,17,168
2846,149,17,66,17,249
2847,66,16,51,17,150
2848,67,34,83,17,201
2849,65,18,83,17,183
2850,66,34,66,17,183
2851,67,17,66,17,167
2852,100,34,66,17,217
2853,101,17,66,17,201
2855,66,17,66,17,166
2856,66,37,62,17,182
2857,67,20,62,17,166
2859,54,29,84,17,184
2860,66,33,68,17,184
2862,62,34,134,16,246
2863,66,17,134,16,233
2865,67,17,100,16,200
2866,51,17,100,16,184
2867,51,32,68,16,167
2869,66,17,66,18,167
2870,66,34,83,16,199
2871,83,32,67,18,200
2873,67,16,67,18,168
2874,66,34,84,15,199
2876,66,33,66,17,182
2877,67,16,66,17,166
2878,67,34,66,17,184
2879,67,16,66,17,166
2880,67,32,84,17,200
2882,100,34,82,17,233
2883,65,17,67,18,167
2886,68,33,66,18,185
2887,67,17,66,18,168
2888,67,33,51,15,166
2890,66,33,67,17,183
2892,66,33,51,17,167
2896,84,17,83,18,202
2900,68,32,67,18,185
2901,66,17,67,18,168
2903,83,32,66,18,199
2904,67,32,66,18,183
2906,100,33,67,18,218
2907,100,16,67,18,201
2909,67,16,67,18,168
2910,66,35,65,17,183
2911,66,17,65,17,165
2912,83,17,101,15,216
2913,66,17,101,15,199
2914,67,33,68,15,183
2915,99,18,84,16,217
2917,67,18,84,16,185
2918,68,33,99,16,216
2920,68,33,66,16,183
2922,66,34,66,16,182
2923,67,16,66,16,165
2924,99,34,66,18,217
2925,52,32,85,15,184
2927,64,18,66,18,166
2928,66,34,66,17,183
2929,51,34,66,17,168
2930,85,15,51,17,168
2931,69,15,51,17,152
2932,66,34,116,16,232
2933,68,16,116,16,216
2934,66,34,82,16,198
2935,66,17,82,16,181
2936,51,17,82,16,166
2938,99,33,86,15,233
2941,82,35,66,17,200
2942,83,17,66,17,183
2943,66,17,66,17,166
2944,51,17,66,17,151
2946,69,32,78,9,188
2947,68,15,78,9,170
2948,66,33,70,17,186
2949,50,33,70,17,170
2952,78,25,69,17,189
2955,104,18,81,17,220
2957,67,18,81,17,183
2958,69,33,65,16,183
2959,52,33,65,16,166
2960,99,34,66,18,217
2961,51,31,84,16,182
2962,64,34,66,18,182
2963,64,17,66,18,165
2964,65,33,66,17,181
2965,66,17,66,17,166
2966,67,33,67,17,184
2968,66,33,85,15,199
2969,50,33,85,15,183
2972,50,17,66,18,151
2974,69,31,67,18,185
2975,68,15,67,18,168
2976,66,34,51,16,167
2977,67,16,51,16,150
2978,82,16,84,18,200
2980,67,34,68,15,184
2981,67,16,68,15,166
2982,51,16,68,15,150
2983,100,18,65,18,201
2984,84,18,65,18,185
2985,66,18,65,18,167
2987,52,32,117,17,218
2989,67,16,84,17,184
2990,65,36,65,16,182
2991,50,36,65,16,167
2994,67,34,65,19,185
2995,66,17,65,19,167
2996,149,15,67,17,248
2997,51,32,52,15,150
2998,84,15,68,15,182
3000,65,34,67,17,183
3001,167,17,65,17,266
3003,83,33,99,17,232
3006,67,34,65,17,183
3007,66,17,65,17,165
3009,69,16,67,16,168
3010,67,32,51,18,168
3011,67,15,51,18,151
3012,65,35,100,16,216
3014,67,34,66,16,183
3015,84,32,100,17,233
3016,51,18,66,16,151
3019,66,18,66,17,167
3020,66,33,67,16,182
3022,100,34,65,19,218
3023,101,17,65,19,202
3024,100,32,52,14,198
3026,67,32,52,14,165
3027,99,16,67,17,199
3028,66,33,67,17,183
3029,101,14,51,16,182
3031,68,14,51,16,149
3032,52,14,51,16,133
3033,83,33,51,16,183
3035,65,16,51,16,148
3036,51,16,51,16,134
3037,81,34,52,15,182
3038,66,34,52,15,167
3040,51,16,52,15,134
3041,67,15,68,16,166
3043,117,32,66,19,234
3044,101,32,66,19,218
3045,99,16,66,19,200
3047,65,16,66,19,166
3048,66,34,84,17,201
3050,98,35,66,17,216
3051,67,15,69,17,168
3052,66,35,66,17,184
3053,67,16,66,17,166
3054,67,34,66,17,184
3056,69,32,51,17,169
3058,100,34,66,17,217
3061,66,17,66,17,166
3062,51,17,66,17,151
3063,51,32,68,16,167
3064,66,34,50,16,166
3065,67,16,50,16,149
3066,66,34,66,17,183
3068,68,32,102,15,217
3071,83,33,83,17,216
3072,66,33,83,17,199
3073,67,16,83,17,183
3074,51,16,83,17,167
3075,66,18,65,17,166
3076,101,32,84,15,232
3078,68,32,84,15,199
3079,83,34,65,18,200
3082,66,33,50,16,165
3083,66,18,50,16,150
3084,49,18,50,16,133
3085,67,15,67,19,168
3086,65,34,52,14,165
3088,50,16,52,14,132
3089,66,16,67,18,167
3090,67,33,52,15,167
3093,83,33,51,18,185
3094,67,33,51,18,169
3095,66,15,51,18,150
3097,68,17,66,17,168
3098,68,34,83,16,201
3099,66,18,83,16,183
3100,51,18,83,16,168
3101,51,32,116,17,216
3103,67,17,82,17,183
3104,66,33,66,18,183
3105,67,16,66,18,167
3106,67,32,52,15,166
3107,67,15,52,15,149
3108,167,32,84,17,300
3109,65,17,68,15,165
3110,66,33,84,17,200
3111,67,15,84,17,183
3112,102,32,84,17,235
3113,50,35,116,17,218
3114,68,32,84,17,201
3116,67,34,67,15,183
3117,66,17,67,15,165
3118,99,34,66,17,216
3119,51,33,100,17,201
3121,67,17,66,17,167
3122,67,33,83,17,200
3123,65,18,83,17,183
3125,83,34,83,15,215
3126,66,34,83,15,198
3127,51,34,83,15,183
3128,67,33,50,15,165
3129,66,17,50,15,148
3130,100,32,86,15,233
3132,66,32,86,15,199
3133,67,15,86,15,183
3134,50,15,86,15,166
3136,67,33,101,16,217
3138,50,18,101,16,185
3139,100,16,51,16,183
3140,51,15,68,16,150
3142,66,35,67,15,183
3146,51,16,66,18,151
3147,66,19,82,17,184
3149,66,16,68,16,166
3150,66,34,67,18,185
3151,68,16,67,18,169
3152,65,34,117,17,233
3153,67,17,117,17,218
3155,50,33,84,17,184
3157,68,15,68,16,167
3158,66,34,83,17,200
3159,67,17,83,17,184
3161,66,17,66,17,166
3164,67,33,66,18,184
3165,83,34,82,17,216
3167,84,32,67,16,199
3168,67,32,67,16,182
3169,51,32,67,16,166
3170,66,35,82,16,199
3172,67,32,66,18,183
3175,49,33,67,17,166
3176,65,33,67,18,183
3177,67,16,67,18,168
3178,66,34,83,17,200
3180,67,33,67,18,185
3182,51,16,67,18,152
3183,67,15,52,16,150
3184,66,34,68,14,182
3185,66,17,68,14,165
3187,100,17,149,17,283
3188,52,16,65,17,150
3189,99,17,68,17,201
3192,65,34,84,17,200
3193,65,17,84,17,183
3196,68,32,118,16,234
3199,68,17,83,16,184
3201,50,32,51,16,149
3202,67,34,83,17,201
3203,66,17,83,17,183
3204,66,33,67,18,184
3206,51,16,67,18,152
3207,66,17,52,17,152
3208,66,34,67,15,182
3211,69,17,82,16,184
3212,52,17,82,16,167
3214,67,33,68,16,184
3216,98,35,99,17,249
3217,68,16,51,17,152
3218,66,35,99,17,217
3219,68,18,99,17,202
3220,68,33,66,17,184
3221,67,17,66,17,167
3222,51,17,66,17,151
3224,99,33,100,17,249
3225,66,17,82,18,183
3226,83,16,100,17,216
3227,67,16,100,17,200
3228,52,16,100,17,185
3229,67,17,66,17,167
3231,65,18,68,14,165
3232,67,33,66,16,182
3233,50,33,66,16,165
3234,66,35,117,15,233
3235,51,35,117,15,218
3236,68,31,86,15,200
3238,66,33,102,16,217
3239,65,17,102,16,200
3241,67,17,68,16,168
3242,86,15,83,17,201
3243,70,15,83,17,185
3244,168,33,66,17,284
3245,51,34,66,17,168
3247,65,15,52,16,148
3249,66,17,82,17,182
3250,66,33,66,17,182
3252,52,16,66,17,151
3256,66,34,66,18,184
3258,66,34,82,18,200
3259,68,17,82,18,185
3262,99,35,66,17,217
3263,67,15,51,16,149
3265,66,18,66,17,167
3267,50,32,85,14,181
3269,84,34,83,17,218
3270,66,34,83,17,200
3271,67,17,83,17,184
3272,51,17,83,17,168
3273,100,17,66,17,200
3274,65,35,66,17,183
3275,66,17,66,17,166
3277,165,16,68,17,266
3278,69,32,66,18,185
3279,167,17,67,15,266
3280,66,34,67,16,183
3281,66,17,67,16,166
3282,66,32,68,17,183
3283,734,17,84,17,852
3284,66,35,67,15,183
3286,67,33,83,17,200
3287,51,33,83,17,184
3288,68,34,66,17,185
3289,150,34,66,18,268
3290,67,33,50,17,167
3291,51,33,50,17,151
3293,66,17,66,17,166
3294,66,34,66,18,184
3295,51,34,66,18,169
3296,50,17,66,18,151
3297,100,17,66,18,201
3298,66,34,66,18,184
3299,66,17,66,18,167
3300,66,33,117,16,232
3301,99,17,84,16,216
3304,84,15,67,18,184
3306,51,15,67,18,151
3307,50,35,65,18,168
3309,82,33,67,18,200
3310,100,35,83,17,235
3311,50,33,67,18,168
3312,65,35,83,17,200
3314,68,32,100,17,217
3315,100,17,65,17,199
3316,51,16,100,17,184
3317,67,17,65,17,166
3318,100,32,51,16,199
3319,67,17,66,17,167
3321,50,32,51,16,149
3322,65,34,84,17,200
3324,66,33,68,16,183
3326,51,16,68,16,151
3327,50,34,67,17,168
3328,84,17,67,18,186
3330,68,33,52,13,166
3331,66,17,52,13,148
3332,67,34,65,18,184
3333,67,17,65,18,167
3334,50,17,65,18,150
3335,69,13,52,15,149
3336,166,33,51,15,265
3342,67,33,51,15,166
3343,66,16,51,15,148
3344,67,34,82,17,200
3345,65,18,82,17,182
3346,67,32,67,18,184
3348,51,15,67,18,151
3349,100,17,68,16,201
3350,66,33,68,16,183
3352,67,34,50,16,167
3353,68,16,50,16,150
3354,67,34,82,17,200
3355,67,18,82,17,184
3356,68,32,67,17,184
3357,66,16,67,17,166
3358,50,16,67,17,150
3360,82,17,67,18,184
3362,101,33,68,15,217
3364,67,33,68,15,183
3366,51,16,68,15,150
3367,50,33,83,17,183
3368,101,32,66,17,216
3369,99,17,66,17,199
3370,68,32,66,17,183
3371,65,17,66,17,165
3372,67,33,67,16,183
3373,66,17,67,16,166
3374,65,33,50,18,166
3376,66,34,101,15,216
3377,67,17,101,15,200
3378,67,34,67,15,183
3379,51,34,67,15,167
3381,100,18,65,17,200
3383,85,32,50,18,185
3384,67,32,50,18,167
3385,52,32,50,18,152
3386,284,16,66,17,383
3387,68,15,152,14,249
3388,65,35,66,16,182
3393,84,33,51,16,184
3396,67,32,84,17,200
3397,82,35,66,17,200
3398,65,35,66,17,183
3399,68,16,66,17,167
3400,51,16,66,17,150
3401,83,32,67,16,198
3402,101,33,68,15,217
3403,65,17,67,16,165
3404,66,33,68,15,182
3406,82,17,67,15,181
3407,100,18,83,16,217
3408,67,34,83,16,200
3409,66,18,83,16,183
3410,68,33,66,17,184
3411,51,33,66,17,167
3413,51,34,99,17,201
3415,84,34,100,17,235
3417,51,34,100,17,202
3419,67,16,84,15,182
3420,67,33,51,15,166
3421,67,16,51,15,149
3422,100,32,67,19,218
3423,100,15,67,19,201
3424,67,32,67,19,185
3425,67,15,67,19,168
3427,67,17,51,15,150
3428,99,34,83,17,233
3430,67,34,83,17,201
3431,68,15,83,17,183
3432,51,15,83,17,166
3434,68,32,101,17,218
3435,65,16,101,17,199
3436,83,17,67,17,184
3438,66,33,51,15,165
3439,66,17,51,15,149
3441,67,17,83,16,183
3442,67,32,101,16,216
3443,68,15,101,16,200
3444,51,15,101,16,183
3445,100,16,67,18,201
3447,66,16,67,18,167
3448,51,16,67,18,152
3450,83,17,68,15,183
3451,66,17,68,15,166
3452,50,17,68,15,150
3453,68,15,84,17,184
3454,51,15,84,17,167
3455,100,17,84,16,217
3456,68,32,84,16,200
3458,101,33,66,34,234
3459,67,17,99,34,217
3460,66,33,66,34,199
3461,51,33,66,34,184
3462,67,33,67,18,185
3463,67,16,67,18,168
3464,50,16,67,18,151
3465,49,33,52,18,152
3466,66,34,69,16,185
3467,83,36,82,17,218
3468,67,36,82,17,202
3469,51,36,82,17,186
3470,52,18,82,17,169
3473,51,34,65,17,167
3474,82,17,84,17,200
3475,67,17,84,17,185
3477,67,16,68,15,166
3478,65,35,82,17,199
3479,67,18,82,17,184
3480,101,33,51,14,199
3484,66,33,117,17,233
3485,83,32,68,17,200
3489,84,33,82,17,216
3490,67,33,82,17,199
3491,82,34,65,18,199
3492,85,17,65,18,185
3493,67,17,65,18,167
3494,50,17,65,18,150
3495,51,33,50,16,150
3496,67,32,69,15,183
3498,65,34,85,15,199
3500,101,33,66,17,217
3502,69,33,66,17,185
3505,67,15,67,17,166
3506,65,34,116,17,232
3508,66,33,83,17,199
3509,66,16,83,17,182
3510,67,33,67,16,183
3511,66,16,67,16,165
3513,65,17,102,15,199
3515,66,17,68,15,166
3520,100,34,82,18,234
3524,82,17,67,13,179
3527,50,33,66,17,166
3529,66,18,116,16,216
3530,67,32,84,16,199
3532,66,35,65,17,183
3533,50,35,65,17,167
3534,99,33,51,17,200
3537,67,16,51,17,151
3538,65,34,66,17,182
3541,67,17,83,16,183
3542,51,17,83,16,167
3543,51,32,67,16,166
3545,66,16,83,19,184
3546,65,34,68,16,183
3547,66,16,68,16,166
3550,68,34,82,17,201
3551,84,33,66,16,199
3553,52,33,66,16,167
3554,67,32,85,15,199
3555,52,32,85,15,184
3556,99,33,67,15,214
3557,66,17,66,17,166
3558,66,33,67,15,181
3559,50,33,67,15,165
3560,85,15,67,17,184
3561,68,15,67,17,167
3563,67,17,83,16,183
3564,67,33,66,18,184
3565,64,18,66,18,166
3566,67,33,100,17,217
3567,67,16,100,17,200
3568,66,33,67,17,183
3569,68,16,67,17,168
3570,66,34,68,15,183
3571,67,16,68,15,166
3572,67,33,67,16,183
3573,67,16,67,16,166
3574,67,35,82,17,201
3575,66,18,82,17,183
3576,68,32,117,17,234
3577,51,32,117,17,217
3578,67,34,83,17,201
3579,66,18,83,17,184
3582,117,17,84,16,234
3583,118,33,116,17,284
3584,83,17,84,16,200
3586,84,16,116,17,233
3587,51,33,116,17,217
3588,51,16,116,17,200
3589,83,34,66,17,200
3590,66,34,66,17,183
3594,66,34,67,18,185
3595,65,17,67,18,167
3596,300,33,85,15,433
3597,84,34,67,17,202
3598,51,16,83,18,168
3599,50,34,67,17,168
3600,67,33,84,17,201
3601,68,15,84,17,184
3602,83,18,67,15,183
3603,66,18,67,15,166
3607,85,33,67,16,201
3608,67,33,67,16,183
3609,50,33,67,16,166
3610,101,34,66,17,218
3612,66,34,66,17,183
3613,68,17,66,17,168
3615,51,34,65,17,167
3619,67,16,83,17,183
3620,65,34,66,16,181
3621,65,17,66,16,164
3622,67,33,85,16,201
3624,83,17,68,16,184
3625,66,17,68,16,167
3627,49,33,68,18,168
3629,69,16,82,17,184
3630,52,16,82,17,167
3632,68,32,51,16,167
3633,67,14,51,16,148
3635,66,17,83,17,183
3636,66,33,67,16,182
3637,65,16,67,16,164
3638,51,16,67,16,150
3640,100,33,133,17,283
3641,83,33,133,17,266
3643,51,33,133,17,234
3644,67,33,100,17,217
3645,50,33,100,17,200
3647,67,17,66,17,167
3649,69,15,68,16,168
3650,100,35,83,16,234
3651,100,18,83,16,217
3652,66,35,83,16,200
3655,50,32,67,17,166
3657,50,34,50,16,150
3658,66,33,67,16,182
3660,67,33,117,16,233
3661,116,33,66,18,233
3663,83,33,66,18,200
3664,67,33,66,18,184
3665,66,17,66,18,167
3666,67,32,85,16,200
3667,50,32,85,16,183
3668,65,34,101,17,217
3669,67,16,101,17,201
3670,66,33,68,17,184
3671,68,15,68,17,168
3672,67,34,117,17,235
3676,68,32,68,16,184
3678,51,15,68,16,150
3679,167,16,84,17,284
3680,66,34,98,18,216
3681,66,17,98,18,199
3682,68,33,65,18,184
3683,51,33,65,18,167
3684,67,33,84,17,201
3686,98,34,50,18,200
3688,65,34,50,18,167
3689,66,16,50,18,150
3690,66,35,66,17,184
3691,67,17,66,17,167
3692,84,18,67,16,185
3693,51,33,67,16,167
3696,66,34,81,17,198
3701,67,17,82,17,183
3702,67,31,102,16,216
3703,65,17,102,16,200
3704,66,34,68,16,184
3705,65,17,68,16,166
3707,68,17,66,18,169
3708,68,34,82,17,201
3713,68,16,83,17,184
3714,99,33,67,16,215
3715,66,17,50,17,150
3716,67,33,67,16,183
3717,65,17,67,16,165
3718,66,34,84,16,200
3722,67,34,84,17,202
3723,66,18,84,17,185
3724,67,33,68,15,183
3726,67,34,66,18,185
3727,51,34,66,18,169
3729,84,32,68,16,200
3731,52,32,68,16,168
3733,67,16,84,15,182
3735,68,17,65,17,167
3737,50,32,66,17,165
3739,67,15,67,18,167
3740,299,33,66,17,415
3742,66,34,82,19,201
3743,65,17,82,19,183
3744,67,34,67,15,183
3745,68,16,67,15,166
3746,52,16,67,15,150
3749,64,19,66,17,166
3752,67,33,82,17,199
3756,66,34,82,17,199
3758,67,32,67,17,183
3759,65,17,67,17,166
3760,66,34,66,17,183
3761,49,34,66,17,166
3762,66,33,83,18,200
3763,67,17,83,18,185
3764,67,33,68,15,183
3765,67,16,68,15,166
3766,66,34,84,16,200
3767,67,17,84,16,184
3768,167,33,67,18,285
3769,99,17,67,17,200
3773,84,33,67,18,202
3774,66,33,67,18,184
3778,50,17,51,16,134
3780,67,34,67,15,183
3782,51,16,67,15,149
3783,51,33,67,16,167
3784,82,19,81,18,200
3786,67,33,150,16,266
3788,100,33,66,18,217
3789,52,33,82,17,184
3790,66,33,66,18,183
3792,66,33,51,16,166
3793,66,17,51,16,150
3794,66,33,67,17,183
3795,67,17,67,17,168
3796,66,34,84,16,200
3798,51,16,84,16,167
3799,84,34,100,16,234
3800,67,34,100,16,217
3801,66,17,100,16,199
3802,67,33,67,16,183
3803,68,16,67,16,167
3804,100,34,82,18,234
3805,67,16,67,17,167
3806,66,34,82,18,200
3807,83,33,49,18,183
3808,67,33,49,18,167
3809,100,16,66,17,199
3810,67,33,66,17,183
3812,50,16,66,17,149
3813,66,18,67,17,168
3814,49,18,67,17,151
3815,67,15,52,15,149
3816,66,35,83,17,201
3817,85,32,68,16,201
3821,101,17,83,15,216
3822,64,36,83,15,198
3823,66,17,83,15,181
3825,52,33,65,18,168
3827,50,34,67,15,166
3828,67,31,85,17,200
3830,50,15,85,17,167
3832,67,32,83,17,199
3833,66,17,83,17,183
3834,68,34,66,17,185
3836,66,32,66,17,181
3837,51,32,66,17,166
3838,66,34,84,16,200
3839,83,32,52,16,183
3841,66,15,52,16,149
3843,66,18,67,16,167
3844,67,33,99,16,215
3846,52,16,99,16,183
3847,68,17,65,16,166
3849,66,16,66,19,167
3853,101,16,82,17,216
3854,66,35,82,17,200
3855,69,16,82,17,184
3856,52,16,82,17,167
3857,52,32,67,16,167
3859,64,19,65,17,165
3860,67,32,84,17,200
3861,65,17,84,17,183
3865,67,17,68,17,169
3867,68,17,84,17,186
3868,68,34,67,15,184
3869,51,34,67,15,167
3870,68,32,67,18,185
3871,168,15,67,16,266
3873,68,17,65,16,166
3875,65,17,83,17,182
3876,50,17,83,17,167
3877,67,15,67,16,165
3879,66,17,67,17,167
3880,66,34,68,15,183
3881,65,17,68,15,165
3882,50,17,68,15,150
3884,67,35,66,17,185
3885,50,35,66,17,168
3887,185,33,84,15,317
3888,66,35,67,15,183
3889,66,18,67,15,166
3890,66,32,68,16,182
3891,118,33,84,15,250
3892,52,15,68,16,151
3894,67,33,84,15,199
3895,50,33,84,15,182
3897,67,16,52,15,150
3898,65,34,84,15,198
3899,67,17,84,15,183
3900,66,33,66,18,183
3901,50,33,66,18,167
3902,52,15,66,18,151
3903,50,34,67,17,168
3904,84,15,119,15,233
3905,81,35,84,15,215
3907,67,17,84,15,183
3911,67,16,66,17,166
3912,66,33,68,16,183
3913,67,15,68,16,166
3914,67,33,51,16,167
3915,99,18,83,17,217
3916,101,32,99,17,249
3918,68,32,99,17,216
3919,66,16,99,17,198
3921,50,35,64,17,166
3924,51,17,66,16,150
3925,67,14,69,15,165
3927,65,18,99,17,199
3928,66,34,134,16,250
3929,65,18,134,16,233
3930,69,32,83,19,203
3931,52,32,83,19,186
3932,66,33,69,16,184
3933,67,16,69,16,168
3934,65,33,151,16,265
3935,67,16,151,16,250
3936,66,36,65,18,185
3937,85,33,82,16,216
3939,52,33,82,16,183
3940,52,17,82,16,167
3941,52,32,66,19,169
3942,65,34,83,17,199
3943,67,16,83,17,183
3945,67,16,68,18,169
3946,66,34,118,17,235
3947,99,17,84,17,217
3949,67,17,84,17,185
3950,68,33,68,15,184
3951,67,15,68,15,165
3952,52,15,68,15,150
3953,84,34,65,17,200
3955,83,32,65,17,197
3956,68,32,65,17,182
3957,52,32,65,17,166
3959,67,15,83,18,183
3961,99,17,84,17,217
3962,65,34,84,17,200
3963,64,17,84,17,182
3964,83,18,66,16,183
3965,66,18,66,16,166
3966,51,18,66,16,151
3967,52,31,69,15,167
3969,67,17,66,18,168
3972,101,33,68,13,215
3974,66,33,68,13,180
3976,65,34,67,17,183
3977,102,16,65,18,201
3978,85,16,65,18,184
3979,67,16,65,18,166
3980,52,16,65,18,151
3981,51,33,84,17,185
3982,67,32,69,15,183
3984,65,35,100,17,217
3986,67,34,66,17,184
3987,67,17,66,17,167
3990,82,18,83,17,200
3991,65,18,83,17,183
3994,65,34,101,16,216
3995,67,17,101,16,201
3997,83,34,67,15,199
3999,51,34,67,15,167
4000,83,18,66,17,184
4001,66,18,66,17,167
4002,101,32,66,17,216
4003,50,34,82,16,182
4004,67,32,66,17,182
4005,101,20,79,18,218
4006,66,37,79,18,200
4008,82,16,68,16,182
4009,67,16,68,16,167
4010,66,35,65,17,183
4011,66,18,65,17,166
4013,66,18,84,16,184
4015,51,32,52,16,151
4020,52,16,66,18,152
4021,51,32,67,18,168
4022,65,34,51,15,165
4024,84,15,66,18,183
4026,52,15,66,18,151
4027,51,33,84,16,184
4029,81,34,68,16,199
4031,66,16,68,16,166
4032,67,33,51,18,169
4033,66,16,51,18,151
4035,66,18,66,20,170
4036,68,34,52,12,166
4038,51,18,52,12,133
4040,66,32,67,18,183
4041,70,12,67,18,167
4042,52,12,67,18,149
4043,67,15,69,16,167
4045,62,17,51,15,145
4046,67,35,83,15,200
4047,67,17,83,15,182
4048,69,31,67,18,185
4049,52,31,67,18,168
4050,51,15,67,18,151
4051,83,32,83,18,216
4052,83,15,83,18,199
4053,100,15,68,15,198
4054,67,33,68,15,183
4055,67,15,68,15,165
4056,50,15,68,15,148
4058,51,17,101,15,184
4060,68,33,85,16,202
4061,65,18,85,16,184
4062,66,35,66,16,183
4063,68,18,66,16,168
4064,50,18,66,16,150
4065,53,31,51,16,151
4066,85,16,65,18,184
4068,66,32,83,18,199
4071,81,33,51,16,181
4072,65,33,51,16,165
4076,68,32,100,18,218
4077,82,35,65,18,200
4079,50,35,65,18,168
4081,68,15,100,17,200
4083,65,17,67,17,166
4085,66,17,82,18,183
4086,51,17,82,18,168
4087,67,17,68,16,168
4089,66,17,67,16,166
4093,67,17,67,15,166
4095,67,17,66,16,166
4096,66,34,85,13,198
4097,84,32,66,18,200
4099,51,32,66,18,167
4100,66,33,118,17,234
4101,65,17,118,17,217
4103,70,13,85,17,185
4104,168,32,51,16,267
4105,50,35,67,17,169
4106,68,33,51,15,167
4107,64,17,51,15,147
4108,51,17,51,15,134
4109,67,17,67,16,167
4110,67,32,51,16,166
4111,51,32,51,16,150
4112,51,15,51,16,133
4113,84,32,67,16,199
4115,50,32,67,16,165
4116,51,16,67,16,150
4117,82,34,67,16,199
4118,82,17,67,16,182
4120,67,34,66,16,183
4122,83,18,116,17,234
4123,66,18,116,17,217
4124,67,33,83,17,200
4126,66,34,66,17,183
4127,67,18,66,17,168
4128,67,32,51,15,165
4129,100,17,66,20,203
4130,66,34,66,20,186
4131,67,17,66,20,170
4132,66,32,66,19,183
4133,117,32,68,16,233
4134,51,15,66,19,151
4135,83,32,68,16,199
4136,66,32,68,16,182
4137,69,12,68,16,165
4138,54,12,68,16,150
4141,80,34,51,15,180
4143,65,18,51,15,149
4145,83,33,83,17,216
4147,101,16,67,18,202
4148,51,15,83,17,166
4149,67,16,67,18,168
4150,66,34,51,15,166
4151,65,17,51,15,148
4154,67,33,68,17,185
4155,50,33,68,17,168
4157,50,34,51,16,151
4159,66,17,100,16,199
4160,85,16,67,16,184
4162,51,16,67,16,150
4163,50,33,67,17,167
4164,100,33,65,17,215
4165,65,18,65,18,166
4166,67,33,65,17,182
4167,51,33,65,17,166
4168,67,32,118,16,233
4169,51,32,118,16,217
4170,65,33,85,16,199
4171,67,15,85,16,183
4174,69,32,67,17,185
4175,66,17,67,17,167
4177,68,16,51,15,150
4179,67,17,67,17,168
4180,67,32,119,15,233
4181,67,15,119,15,216
4183,84,32,52,15,183
4184,67,32,52,15,166
4185,67,15,52,15,149
4187,66,17,66,17,166
4190,52,15,67,16,150
4191,68,15,118,16,217
4192,100,33,67,17,217
4194,67,33,67,17,184
4195,65,17,67,17,166
4196,101,33,66,17,217
4197,67,17,67,17,168
4199,68,16,66,17,167
4200,67,34,83,17,201
4203,67,15,68,16,166
4204,51,15,68,16,150
4205,49,34,84,16,183
4206,100,33,50,16,199
4208,68,33,50,16,167
4209,51,33,50,16,150
4210,67,33,83,17,200
4211,67,16,83,17,183
4213,50,33,67,16,166
4214,99,34,99,18,250
4215,82,34,99,18,233
4217,83,34,65,18,200
4218,67,34,65,18,184
4219,102,16,50,16,184
4221,84,32,68,16,200
4222,67,32,68,16,183
4223,51,32,68,16,167
4225,116,33,67,16,232
4226,50,16,84,18,168
4227,99,17,67,16,199
4228,68,33,67,16,184
4229,66,17,67,16,166
4230,67,35,65,17,184
4231,66,18,65,17,166
4232,68,32,82,17,199
4236,65,34,83,15,197
4237,67,17,83,15,182
4239,66,17,66,19,168
4240,66,35,66,16,183
4243,68,15,118,18,219
4244,51,15,118,18,202
4245,67,16,83,18,184
4246,66,34,67,15,182
4247,66,18,67,15,166
4249,82,35,65,17,199
4250,101,32,67,17,217
4251,67,18,65,17,167
4252,67,32,67,17,183
4253,52,32,67,17,168
4254,67,33,51,17,168
4255,83,34,83,16,216
4256,65,34,83,16,198
4257,67,17,83,16,183
4259,51,34,65,17,167
4260,51,17,65,17,150
4262,66,33,68,17,184
4265,50,34,51,16,151
4267,67,17,82,17,183
4268,68,33,66,17,184
4269,51,33,66,17,167
4270,51,16,66,17,150
4271,66,18,83,16,183
4272,67,32,67,16,182
4274,66,34,64,20,184
4276,66,33,67,16,182
4278,67,31,103,16,217
4280,64,36,67,16,183
4281,67,16,67,16,166
4283,67,17,84,17,185
4284,52,17,84,17,170
4286,67,33,66,17,183
4287,51,33,66,17,167
4288,67,34,83,17,201
4289,68,17,83,17,185
4290,99,34,83,16,232
4293,66,17,83,16,182
4295,67,17,65,18,167
4296,51,17,65,18,151
4297,67,17,67,15,166
4298,67,32,84,16,199
4300,65,35,65,18,183
4301,67,17,65,18,167
4303,66,18,82,17,183
4308,67,32,67,17,183
4309,66,17,67,17,167
4311,66,16,51,21,154
4312,167,31,67,18,283
4315,67,21,61,17,166
4316,51,21,61,17,150
4317,54,30,65,17,166
4318,68,31,67,18,184
4320,61,34,66,18,179
4321,66,17,66,18,167
4323,65,16,68,16,165
4324,51,16,68,16,151
4326,101,33,83,16,233
4327,67,17,83,16,183
4328,68,33,83,16,200
4329,66,17,83,16,182
4331,50,33,50,16,149
4332,66,33,68,17,184
4336,50,16,52,15,133
4337,101,15,68,15,199
4338,68,32,68,15,183
4339,68,15,68,15,166
4340,52,15,68,15,150
4342,82,18,82,17,199
4343,65,18,82,17,182
4345,51,32,67,17,167
4347,50,33,51,16,150
4348,65,34,83,18,200
4349,67,17,83,18,185
4350,67,33,68,15,183
4351,102,16,66,17,201
4354,67,34,82,17,200
4357,99,17,100,17,233
4358,66,34,100,17,217
4360,66,33,67,17,183
4361,67,17,67,17,168
4362,67,33,67,16,183
4363,67,16,67,16,166
4364,66,34,116,18,234
4365,67,17,116,18,218
4366,67,33,83,18,201
4367,99,17,50,18,184
4368,100,33,85,17,235
4370,66,33,85,17,201
4371,66,16,85,17,184
4374,50,18,67,15,150
4376,67,35,132,17,251
4379,52,31,50,17,150
4380,66,35,99,17,217
4381,65,18,99,17,199
4382,81,17,100,18,216
4383,98,19,66,18,201
4385,65,19,66,18,168
4386,66,33,51,17,167
4387,68,16,51,17,152
4389,52,33,85,17,187
4390,66,35,67,15,183
4391,67,17,67,15,166
4392,51,17,67,15,150
4394,67,35,66,16,184
4397,66,17,67,17,167
4398,84,17,66,16,183
4400,66,33,83,17,199
4401,51,33,83,17,184
4404,66,34,67,15,182
4405,66,18,67,15,166
4406,67,33,67,16,183
4407,66,17,67,16,166
4408,67,34,83,15,199
4411,66,18,115,17,216
4412,67,32,83,17,199
4413,66,16,83,17,182
4414,98,35,66,18,217
4415,68,15,67,18,168
4417,49,35,66,18,168
4419,82,34,84,15,215
4420,67,34,84,15,200
4421,49,34,84,15,182
4422,66,33,51,15,165
4424,52,15,51,15,133
4425,84,31,67,17,199
4427,66,15,67,17,165
4428,51,15,67,17,150
4429,68,17,116,17,218
4430,98,34,67,18,217
4431,66,16,84,17,183
4432,67,34,67,18,186
4434,66,33,52,16,167
4435,50,33,52,16,151
4437,67,17,82,19,185
4438,67,34,67,16,184
4439,51,34,67,16,168
4442,67,34,65,18,184
4443,64,19,65,18,166
4444,67,29,54,15,165
4445,101,16,134,17,268
4446,83,16,134,17,250
4448,65,33,68,15,181
4449,67,15,68,15,165
4450,54,15,68,15,152
4451,66,17,67,17,167
4452,67,34,66,17,184
4453,66,17,66,17,166
4454,51,17,66,17,151
4455,66,18,50,16,150
4457,100,16,68,16,200
4458,150,17,66,17,250
4460,50,16,68,16,150
4461,66,17,67,18,168
4465,51,33,83,16,183
4467,83,34,82,17,216
4468,51,15,66,17,149
4469,50,34,82,17,183
4470,99,34,117,17,267
4471,65,16,67,19,167
4472,66,34,117,17,234
4473,116,32,69,16,233
4474,66,33,84,17,200
4475,83,32,69,16,200
4477,50,32,69,16,167
4480,67,34,83,15,199
4481,65,17,83,15,180
4482,69,32,101,16,218
4483,52,32,101,16,201
4484,66,34,67,16,183
4485,65,18,67,16,166
4486,66,32,51,28,177
4487,117,44,76,17,254
4488,51,15,51,28,145
4489,85,44,76,17,222
4490,83,28,76,17,204
4491,66,28,76,17,187
4492,51,28,76,17,172
4493,62,28,65,18,173
4495,56,31,52,15,154
4497,83,33,66,18,200
4498,83,15,66,18,182
4499,67,15,66,18,166
4500,52,15,66,18,151
4501,66,18,84,15,183
4502,67,32,67,16,182
4503,99,16,66,16,197
4504,66,34,66,16,182
4505,68,16,66,16,166
4506,66,33,68,17,184
4507,68,15,68,17,168
4508,52,15,68,17,152
4509,49,33,52,15,149
4510,66,35,83,16,200
4512,68,32,67,16,183
4513,52,32,67,16,167
4517,66,16,68,15,165
4518,67,34,67,17,185
4520,68,34,83,16,201
4521,66,18,83,16,183
4522,50,18,83,16,167
4523,52,33,66,17,168
4524,67,32,51,17,167
4525,101,16,67,16,200
4526,65,34,67,16,182
4527,68,16,67,16,167
4528,83,17,67,16,183
4530,51,17,67,16,151
4533,84,33,83,17,217
4536,50,17,83,17,167
4538,65,34,51,15,165
4540,100,32,84,17,233
4542,68,32,84,17,201
4543,51,32,84,17,184
4545,82,34,52,15,183
4546,65,34,52,15,166
4547,65,17,52,15,149
4548,67,34,66,18,185
4549,83,33,51,17,184
4550,68,33,51,17,169
4551,51,33,51,17,152
4552,52,15,51,17,135
4553,50,33,83,17,183
4554,66,35,65,18,184
4555,66,17,65,18,166
4556,51,17,65,18,151
4557,51,32,51,17,151
4559,65,17,84,17,183
4560,65,35,66,16,182
4561,49,35,66,16,166
4562,51,17,66,16,150
4565,83,32,51,18,184
4566,66,32,51,18,167
4567,51,32,51,18,152
4568,66,34,84,15,199
4569,83,35,64,18,200
4571,50,35,64,18,167
4572,51,18,64,18,151
4573,101,15,53,16,185
4574,84,15,53,16,168
4575,67,15,53,16,151
4576,99,34,82,18,233
4577,67,17,83,17,184
4578,68,34,82,18,202
4581,100,17,66,17,200
4582,100,34,67,15,216
4583,65,17,66,17,165
4584,66,34,67,15,182
4585,51,34,67,15,167
4587,51,32,83,16,182
4588,101,33,82,17,233
4589,85,33,82,17,217
4590,67,33,82,17,199
4591,52,33,82,17,184
4593,66,16,100,17,199
4594,64,35,65,17,181
4595,100,17,67,16,200
4596,82,17,67,16,182
4597,67,17,67,16,167
4599,51,32,51,18,152
4601,66,18,65,16,165
4603,51,34,81,18,184
4605,52,31,102,16,201
4606,65,35,67,16,183
4607,65,19,67,16,167
4608,66,33,67,16,182
4609,65,18,67,16,166
4610,68,34,83,18,203
4611,52,34,83,18,187
4612,67,33,68,15,183
4613,52,33,68,15,168
4614,67,33,50,17,167
4615,51,33,50,17,151
4616,83,18,65,17,183
4621,66,17,67,15,165
4623,67,16,83,17,183
4624,83,17,66,17,183
4625,167,17,82,17,283
4628,66,34,66,17,183
4629,66,17,66,17,166
4630,167,32,66,17,282
4631,68,17,82,17,184
4632,68,32,67,16,183
4633,51,32,67,16,166
4634,66,35,98,17,216
4635,49,35,98,17,199
4636,67,32,66,17,182
4638,67,33,50,17,167
4641,83,34,84,17,218
4642,66,34,84,17,201
4644,50,17,84,17,168
4645,50,34,67,17,168
4646,68,34,83,17,202
4647,68,17,83,17,185
4648,68,33,67,15,183
4649,66,17,67,15,165
4650,67,33,66,16,182
4652,66,34,82,17,199
4653,67,17,82,17,183
4654,67,32,67,17,183
4656,66,34,84,16,200
4657,65,18,84,16,183
4658,82,17,67,17,183
4659,67,17,67,17,168
4660,84,17,66,17,184
4662,67,33,50,16,166
4663,68,16,50,16,150
4664,100,33,84,16,233
4666,66,33,84,16,199
4667,66,16,84,16,182
4668,50,16,84,16,166
4669,66,18,65,17,166
4670,83,19,98,18,218
4671,66,19,98,18,201
4673,67,16,117,17,217
4674,65,34,83,17,199
4675,50,34,83,17,184
4676,65,33,67,17,182
4677,50,33,67,17,167
4678,102,32,100,17,251
4679,68,17,81,17,183
4680,100,32,68,17,217
4682,67,32,68,17,184
4683,49,32,68,17,166
4684,64,34,85,16,199
4686,66,34,67,17,184
4687,65,18,67,17,167
4688,68,32,52,15,167
4689,68,15,52,15,150
4690,51,15,52,15,133
4691,69,16,83,17,185
4692,67,32,68,16,183
4694,52,15,68,16,151
4695,66,16,67,17,166
4696,66,34,66,17,183
4697,66,17,66,17,166
4698,51,17,66,17,151
4701,100,17,66,17,200
4702,66,34,66,17,183
4703,67,17,66,17,167
4704,50,17,66,17,150
4705,68,16,65,17,166
4708,66,33,68,17,184
4710,99,34,66,17,216
4711,167,17,66,16,266
4714,68,32,51,15,166
4716,51,15,51,15,132
4718,66,32,84,17,199
4719,66,15,84,17,182
4721,49,34,67,16,166
4723,65,18,83,17,183
4724,68,33,67,17,185
4725,67,17,67,17,168
4726,67,33,66,17,183
4727,51,33,66,17,167
4728,83,17,83,17,200
4729,67,17,83,17,184
4731,51,32,68,17,168
4732,66,34,101,15,216
4733,66,17,101,15,199
4735,66,17,67,15,165
4737,51,32,68,17,168
4741,65,18,84,15,182
4742,50,18,84,15,167
4743,66,16,51,15,148
4745,68,17,83,17,185
4750,66,34,83,17,200
4753,51,32,68,16,167
4754,51,15,68,16,150
4759,50,32,67,17,166
4760,66,34,101,17,218
4761,83,33,85,15,216
4762,66,33,85,15,199
4763,50,33,85,15,183
4766,67,34,82,21,204
4768,68,32,71,13,184
4770,51,15,71,13,150
4771,66,17,99,17,199
4772,66,37,62,17,182
4773,65,21,62,17,165
4774,101,32,68,15,216
4775,54,30,83,17,184
4776,67,32,68,15,182
4777,51,32,68,15,166
4778,62,35,82,18,197
4779,66,18,82,18,184
4780,67,33,67,15,182
4783,100,18,66,17,201
4784,65,35,66,17,183
4785,84,33,67,17,201
4787,52,33,67,17,169
4788,68,33,51,15,167
4789,66,18,51,15,150
4791,68,17,66,16,167
4792,67,32,50,18,167
4793,118,34,66,16,234
4794,51,15,50,18,134
4795,99,18,66,16,199
4796,66,34,66,16,182
4797,65,18,66,16,165
4799,51,32,50,16,149
4804,50,16,68,16,150
4805,84,33,83,18,218
4806,67,33,83,18,201
4808,52,16,83,18,169
4810,66,33,84,16,199
4811,67,15,84,16,182
4814,68,32,67,16,183
4815,65,17,67,16,165
4816,67,33,85,15,200
4818,65,34,66,18,183
4820,67,34,82,16,199
4821,66,18,82,16,182
4823,68,15,66,18,167
4825,50,35,65,17,167
4826,67,31,68,17,183
4827,81,34,51,15,181
4828,66,34,51,15,166
4829,166,17,67,17,267
4831,67,17,84,16,184
4833,166,18,64,18,266
4834,51,15,68,16,150
4835,67,17,67,17,168
4836,67,33,98,18,216
4837,67,16,98,18,199
4838,102,32,84,17,235
4840,67,32,84,17,200
4841,67,15,84,17,183
4842,98,35,83,18,234
4845,99,17,67,16,199
4847,64,17,67,16,164
4849,51,34,66,17,168
4850,83,18,99,16,216
4853,51,33,66,16,166
4855,51,33,84,17,185
4856,66,33,68,16,183
4857,67,16,68,16,167
4859,65,17,67,17,166
4861,67,17,83,16,183
4862,68,32,67,16,183
4864,67,34,83,17,201
4867,67,16,67,15,165
4868,100,34,66,17,217
4870,83,17,66,17,183
4871,66,17,66,17,166
4872,67,33,50,16,166
4873,51,33,50,16,150
4874,67,33,84,16,200
4877,68,16,67,16,167
4881,67,16,66,17,166
4882,67,34,82,18,201
4883,51,34,82,18,185
4884,67,32,50,18,167
4885,65,17,50,18,150
4887,67,17,66,17,167
4888,66,34,84,15,199
4889,67,18,84,15,184
4890,50,18,84,15,167
4892,66,34,67,18,185
4893,102,15,52,15,184
4894,66,33,52,15,166
4895,69,15,52,15,151
4896,101,33,51,15,200
4898,151,15,52,15,233
4899,49,33,51,15,148
4900,52,15,51,15,133
4902,65,34,52,15,166
4903,66,15,52,15,148
4904,51,15,52,15,133
4906,86,15,68,15,184
4907,67,15,68,15,165
4909,84,34,83,17,218
4911,66,17,83,17,183
4912,68,30,53,17,168
4913,51,30,53,17,151
4914,84,17,66,15,182
4915,67,17,66,15,165
4917,52,33,82,17,184
4918,103,33,82,18,236
4919,83,33,82,18,216
4920,166,33,83,17,299
4921,65,18,82,18,183
4922,66,33,67,17,183
4923,66,17,67,17,167
4924,66,34,67,15,182
4925,68,17,67,15,167
4927,66,18,83,17,184
4930,67,32,83,18,200
4931,52,32,83,18,185
4932,66,34,67,16,183
4933,83,32,51,16,182
4934,66,32,51,16,165
4935,51,32,51,16,150
4937,66,18,67,15,166
4939,50,32,68,17,167
4940,51,16,68,17,152
4942,67,33,82,18,200
4943,51,33,82,18,184
4945,83,34,66,17,200
4946,50,16,67,14,147
4949,83,33,82,18,216
4951,50,33,82,18,183
4952,66,34,66,16,182
4954,67,33,83,17,200
4955,53,33,83,17,186
4956,67,33,67,16,183
4957,65,18,67,16,166
4958,66,33,134,15,248
4960,66,34,83,17,200
4962,67,33,67,15,182
4964,67,33,67,16,183
4965,50,33,67,16,166
4966,66,34,66,18,184
4967,67,17,66,18,168
4968,67,33,51,17,168
4969,50,33,51,17,151
4970,49,18,51,17,135
4972,66,35,115,16,232
4973,69,17,115,16,217
4974,51,17,115,16,199
4976,99,34,67,17,217
4977,65,16,51,16,148
4978,81,17,67,17,182
4980,65,33,67,19,184
4981,50,33,67,19,169
4982,51,16,67,19,153
4985,67,16,68,17,168
4987,68,14,52,16,150
4988,52,14,52,16,134
4989,67,17,66,17,167
4992,52,16,66,17,151
4996,66,34,117,15,232
4997,67,17,117,15,216
4998,99,35,65,33,232
4999,67,15,85,15,182
5000,84,17,65,33,199
5001,67,17,65,33,182
5002,100,32,103,16,251
5004,68,32,103,16,219
5006,65,33,70,16,184
5007,82,37,83,17,219
5010,53,17,83,17,170
5011,70,33,67,17,187
5013,66,17,67,17,167
5014,66,34,65,17,182
5018,67,32,67,17,183
5019,67,15,67,17,166
5020,65,35,83,17,200
5021,67,18,83,17,185
5022,67,32,68,16,183
5024,67,35,116,16,234
5025,67,18,116,16,217
5026,67,33,99,17,216
5027,68,17,99,17,201
5029,51,34,65,17,167
5032,66,33,68,17,184
5034,65,34,51,15,165
5035,50,34,51,15,150
5036,67,34,65,18,184
5038,68,32,51,17,168
5039,51,32,51,17,151
5040,166,34,67,17,284
5041,83,35,66,16,200
5042,65,35,66,16,182
5043,66,17,66,16,165
5044,51,17,66,16,150
5045,66,17,67,17,167
5048,66,33,51,15,165
5049,184,34,66,18,302
5050,67,34,81,19,201
5053,51,32,117,17,217
5054,51,15,117,17,200
5055,83,34,66,18,201
5056,66,34,66,18,184
5060,151,15,68,15,249
5061,68,17,84,17,186
5062,66,34,84,16,200
5064,66,32,68,15,181
5065,284,33,83,18,418
5066,51,15,68,15,149
5067,66,17,66,17,166
5068,84,16,66,17,183
5070,52,16,66,17,151
5073,66,16,67,18,167
5076,66,34,83,17,200
5077,66,17,83,17,183
5078,67,33,83,18,201
5079,50,33,83,18,184
5082,66,34,83,17,200
5083,82,34,66,16,198
5084,67,34,66,16,183
5085,51,34,66,16,167
5086,99,35,67,16,217
5087,67,15,85,17,184
5088,65,35,67,16,183
5095,51,33,67,17,168
5096,100,34,99,17,250
5098,66,34,99,17,216
5099,67,17,99,17,200
5102,51,16,101,15,183
5103,83,33,50,18,184
5104,66,33,50,18,167
5105,66,16,50,18,150
5108,68,33,65,18,184
5109,51,33,65,18,167
5110,50,18,65,18,151
5112,65,33,68,18,184
5114,65,34,52,13,164
5115,68,16,52,13,149
5116,51,16,52,13,132
5119,68,13,69,17,167
5120,52,13,69,17,151
5121,66,17,83,18,184
5122,66,34,67,16,183
5123,65,17,67,16,165
5124,69,32,118,17,236
5125,51,32,118,17,218
5126,101,33,67,16,217
5127,84,33,67,16,200
5128,67,33,67,16,183
5129,83,34,83,16,216
5131,51,34,83,16,184
5132,67,33,66,16,182
5137,67,16,84,15,182
5138,66,33,66,18,183
5139,50,33,66,18,167
5140,99,33,69,16,217
5141,65,17,51,17,150
5144,66,35,50,17,168
5145,68,17,50,17,152
5146,51,17,50,17,135
5148,69,33,65,17,184
5149,51,33,65,17,166
5150,50,17,65,17,149
5151,67,16,85,16,184
5152,81,17,51,16,165
5153,82,34,67,17,200
5154,65,34,67,17,183
5157,68,16,51,16,151
5158,51,16,51,16,134
5159,84,33,68,16,201
5160,84,16,68,16,184
5161,67,16,68,16,167
5162,51,16,68,16,151
5163,100,18,65,18,201
5164,83,18,65,18,184
5165,66,18,65,18,167
5167,51,33,66,16,166
5168,68,32,67,17,184
5169,66,17,67,17,167
5172,66,33,66,18,183
5176,99,34,52,14,199
5177,66,17,67,19,169
5178,66,34,52,14,166
5179,67,16,52,14,149
5181,67,17,67,16,167
5182,67,33,50,17,167
5183,68,14,50,17,149
5184,52,14,50,17,133
5185,167,17,66,17,267
5187,64,17,83,18,182
5188,50,17,83,18,168
5190,66,34,66,17,183
5191,67,17,66,17,167
5192,67,34,82,18,201
5193,67,18,82,18,185
5196,99,35,66,17,217
5197,50,33,84,17,184
5198,65,35,66,17,183
5199,85,32,51,17,185
5201,51,32,51,17,151
5202,67,34,83,17,201
5203,67,17,83,17,184
5205,51,34,66,16,167
5206,51,17,66,16,150
5207,100,17,66,18,201
5208,83,17,66,18,184
5209,99,18,99,17,233
5210,100,32,117,16,265
5211,67,18,99,17,201
5212,149,16,66,18,249
5215,50,36,81,16,183
5218,51,16,66,18,151
5219,99,16,68,16,199
5220,65,32,68,16,181
5221,66,16,68,16,166
5222,66,35,116,18,235
5223,67,17,116,18,218
5224,67,33,83,18,201
5225,66,18,83,18,185
5227,50,33,68,15,166
5230,66,35,65,17,183
5232,116,17,67,17,217
5233,52,33,116,17,218
5237,50,33,51,17,151
5239,101,17,182,17,317
5240,67,34,182,17,300
5241,67,17,182,17,283
5242,51,17,182,17,267
5244,101,35,80,17,233
5245,67,17,66,17,167
5246,67,35,80,17,199
5247,66,20,80,17,183
5248,69,31,66,17,183
5249,52,31,66,17,166
5251,51,32,51,17,151
5252,63,34,68,15,180
5253,101,17,83,16,217
5254,66,34,83,16,199
5256,51,17,83,16,167
5257,51,34,65,16,166
5258,68,27,54,18,167
5259,51,27,54,18,150
5260,83,16,67,17,183
5261,67,16,67,17,167
5262,65,34,50,17,166
5263,66,18,50,17,151
5266,67,34,66,18,185
5267,51,34,66,18,169
5268,50,17,66,18,151
5269,50,33,82,19,184
5271,68,15,68,15,166
5272,66,34,99,18,217
5273,68,16,99,18,201
5274,67,34,65,18,184
5275,64,19,65,18,166
5279,68,16,51,17,152
5280,65,34,83,17,199
5281,101,17,66,18,202
5285,50,33,101,15,199
5286,67,33,68,15,183
5287,66,17,68,15,166
5288,66,33,67,17,183
5289,50,33,67,17,167
5291,67,18,81,17,183
5292,68,32,66,17,183
5293,65,17,66,17,165
5295,67,17,83,15,182
5297,66,17,51,15,149
5298,66,34,116,17,233
5299,66,17,116,17,216
5302,51,15,101,16,183
5303,100,18,83,15,216
5304,66,35,83,15,199
5305,99,17,66,18,200
5306,101,34,65,19,219
5307,66,17,66,18,167
5308,67,34,65,19,185
5314,65,35,67,15,182
5315,115,35,66,17,233
5316,52,16,67,15,150
5317,82,35,66,17,200
5318,67,35,66,17,185
5319,65,18,66,17,166
5321,65,17,101,16,199
5322,84,17,67,16,184
5323,67,17,67,16,167
5324,66,33,66,18,183
5325,118,32,68,17,235
5327,84,32,68,17,201
5329,66,16,68,17,167
5331,67,15,84,16,182
5332,82,18,65,17,182
5333,84,32,101,17,234
5334,68,32,101,17,218
5338,65,35,50,16,166
5339,65,18,50,16,149
5340,50,18,50,16,134
5342,68,33,84,16,201
5343,68,16,84,16,184
5345,67,17,65,17,166
5346,68,31,68,18,185
5347,66,16,68,18,168
5349,66,16,52,15,149
5350,65,34,150,17,266
5351,67,17,150,17,251
5353,68,15,66,17,166
5354,52,15,66,17,150
5355,66,18,83,17,184
5356,99,34,67,16,216
5357,64,17,68,15,164
5358,66,34,67,16,183
5359,67,17,67,16,167
5360,66,34,83,17,200
5361,68,17,83,17,185
5362,68,33,67,16,184
5363,51,33,67,16,167
5365,100,17,67,15,199
5367,68,17,67,15,167
5368,99,35,66,17,217
5369,67,16,66,18,167
5370,66,35,66,17,184
5371,84,31,52,15,182
5373,166,17,66,17,266
5374,66,35,82,17,200
5375,68,17,82,17,184
5376,66,32,67,17,182
5378,52,15,67,17,151
5380,66,33,117,18,234
5381,65,17,117,18,217
5383,67,16,84,18,185
5384,66,34,68,16,184
5385,67,17,68,16,168
5387,66,17,51,17,151
5388,102,33,116,17,268
5390,68,33,116,17,234
5391,52,33,116,17,218
5394,65,34,67,16,182
5395,67,16,67,16,166
5397,51,33,100,17,201
5399,66,17,66,17,166
5401,50,33,100,16,199
5403,67,16,67,16,166
5406,68,32,67,17,184
5407,66,17,67,17,167
5408,100,34,66,17,217
5409,66,17,67,17,167
5412,67,33,68,14,182
5413,51,33,68,14,166
5414,67,33,84,15,199
5415,67,16,84,15,182
5416,50,16,84,15,165
5417,66,18,64,18,166
5418,68,33,65,17,183
5421,67,15,51,17,150
5422,64,34,67,16,181
5423,50,34,67,16,167
5424,65,34,67,16,182
5427,67,16,83,17,183
5428,67,34,66,16,183
5429,66,18,66,16,166
5432,67,33,67,16,183
5433,67,17,67,16,167
5434,66,33,100,18,217
5435,50,33,100,18,201
5437,50,34,84,15,183
5438,67,33,51,15,166
5439,67,17,51,15,150
5440,67,33,85,15,200
5441,102,15,67,18,202
5443,68,15,67,18,168
5444,51,15,67,18,151
5446,67,33,68,15,183
5447,67,15,68,15,165
5448,67,33,101,17,218
5449,50,33,101,17,201
5450,101,31,52,16,200
5451,83,31,52,16,182
5452,68,31,52,16,167
5453,65,16,52,16,149
5454,66,35,65,17,183
5455,68,17,65,17,167
5456,66,33,68,16,183
5457,51,33,68,16,168
5458,52,16,68,16,152
5459,82,36,83,15,216
5460,65,36,83,15,199
5461,65,19,83,15,182
5462,68,32,66,18,184
5463,51,32,66,18,167
5464,52,16,66,18,152
5465,51,34,82,17,184
5466,66,32,67,16,181
5468,51,15,67,16,149
5469,67,17,66,16,166
5470,82,17,117,17,233
5471,82,34,83,17,216
5472,67,34,83,17,201
5475,51,33,67,17,168
5476,67,33,51,15,166
5477,68,16,51,15,150
5478,66,34,65,19,184
5479,67,17,65,19,168
5480,67,32,85,15,199
5482,51,15,85,15,166
5483,66,16,52,15,149
5484,65,34,51,17,167
5485,67,15,51,17,150
5487,68,15,69,17,169
5489,117,33,65,18,233
5490,51,17,51,16,135
5491,84,33,65,18,200
5492,69,33,65,18,185
5493,68,16,65,18,167
5494,51,16,65,18,150
5495,66,16,83,17,182
5497,66,15,67,17,165
5498,50,15,67,17,149
5500,83,17,67,17,184
5502,67,33,68,17,185
5503,66,16,68,17,167
5504,51,16,68,17,152
5505,50,34,51,16,151
5506,67,34,82,17,200
5507,67,17,82,17,183
5508,85,16,66,18,185
5511,50,34,65,17,166
5512,99,33,51,17,200
5513,65,17,67,17,166
5514,66,33,51,17,167
5518,67,34,101,15,217
5519,66,17,101,15,199
5520,51,17,101,15,184
5522,67,33,50,17,167
5523,66,17,50,17,150
5524,84,17,84,4,189
5526,68,32,52,4,156
5531,69,4,81,18,172
5533,72,32,67,17,188
5534,68,35,66,16,185
5535,64,35,66,16,181
5536,66,18,66,16,166
5537,67,32,67,16,182
5538,67,17,67,16,167
5539,67,34,82,17,200
5540,50,34,82,17,183
5541,66,33,151,15,265
5543,67,34,82,17,200
5544,66,18,82,17,183
5547,66,33,52,15,166
5548,117,33,67,17,234
5551,67,33,67,17,184
5553,52,15,67,17,151
5555,67,33,66,18,184
5556,66,16,66,18,166
5557,67,34,100,17,218
5558,51,34,100,17,202
5559,67,32,68,17,184
5560,100,18,81,17,216
5561,102,32,84,15,233
5562,67,18,81,17,183
5563,68,32,84,15,199
5564,53,32,84,15,184
5567,64,34,67,17,182
5568,66,17,67,17,167
5570,67,15,68,15,165
5572,67,17,101,15,200
5573,67,34,67,15,183
5575,51,17,67,15,150
5576,51,33,84,15,183
5579,67,33,66,17,183
5580,52,33,66,17,168
5581,84,15,84,17,200
5582,99,17,67,16,199
5583,65,34,67,16,182
5584,67,17,67,16,167
5592,66,17,67,16,166
5594,67,16,84,17,184
5595,65,34,67,15,181
5596,67,17,67,15,166
5598,66,19,81,18,184
5599,69,32,83,16,200
5600,67,17,83,16,183
5601,67,32,51,16,166
5602,51,32,51,16,150
5603,64,35,83,15,197
5604,66,18,83,15,182
5605,67,32,66,17,182
5609,66,32,67,18,183
5610,67,15,67,18,167
5611,51,15,67,18,151
5613,99,35,99,17,250
5614,82,35,99,17,233
5615,67,35,99,17,218
5616,68,17,99,17,201
5617,68,33,66,17,184
5618,65,18,66,17,166
5619,68,33,66,17,184
5620,67,16,66,17,166
5621,50,16,66,17,149
5622,51,33,67,16,167
5623,51,15,67,16,149
5625,66,34,84,15,199
5626,65,17,84,15,181
5627,50,17,84,15,166
5628,66,16,67,17,166
5629,66,34,81,19,200
5630,66,17,81,19,183
5631,66,33,67,16,182
5632,68,15,67,16,166
5633,52,15,67,16,150
5634,67,19,65,16,167
5635,100,34,83,17,234
5637,101,34,66,17,218
5638,50,34,83,17,184
5639,65,34,66,17,182
5640,69,18,66,17,170
5641,50,18,66,17,151
5642,52,32,51,15,150
5643,66,34,99,18,217
5644,67,17,99,18,201
5645,283,17,66,18,384
5646,67,15,67,18,167
5647,51,15,67,18,151
5648,83,33,51,16,183
5650,67,15,51,16,149
5651,52,15,51,16,134
5652,50,33,102,16,201
5653,66,34,68,16,184
5654,66,16,68,16,166
5655,51,16,68,16,151
5656,49,34,50,17,150
5659,84,17,83,15,199
5661,50,17,83,15,165
5663,66,32,68,16,182
5664,68,14,68,16,166
5666,67,15,69,16,167
5667,65,35,66,17,183
5668,64,18,66,17,165
5669,68,34,83,16,201
5671,69,32,67,16,184
5673,66,33,67,18,184
5674,101,16,51,16,184
5675,65,34,51,16,166
5677,67,33,67,17,184
5678,66,17,67,17,167
5679,67,34,50,16,167
5680,67,16,50,16,149
5682,51,33,67,17,168
5684,165,18,66,17,266
5686,67,17,67,15,166
5687,67,34,66,16,183
5689,101,33,84,16,234
5690,66,18,66,17,167
5691,67,33,84,16,200
5692,83,33,134,33,283
5693,66,33,134,33,266
5695,101,32,67,33,233
5697,68,32,67,33,200
5698,68,16,67,33,184
5700,65,18,67,17,167
5701,65,34,115,18,232
5702,68,15,115,18,216
5703,67,33,82,18,200
5706,65,16,116,18,215
5707,50,16,116,18,200
5708,52,34,82,18,186
5710,99,17,67,17,200
5711,67,33,67,17,184
5712,66,17,67,17,167
5715,67,33,66,16,182
5716,67,17,66,16,166
5717,67,33,67,17,184
5718,68,16,67,17,168
5721,66,34,67,15,182
5723,67,34,82,17,200
5724,67,17,82,17,183
5726,67,18,66,18,169
5727,67,32,83,17,199
5728,65,17,83,17,182
5730,67,17,66,35,185
5731,66,34,67,16,183
5733,68,32,118,15,233
5734,66,17,118,15,216
5736,83,34,64,18,199
5737,67,34,64,18,183
5739,51,18,64,18,151
5741,98,35,67,15,215
5742,167,17,66,15,265
5743,64,35,67,15,181
5744,67,17,67,15,166
5745,84,15,85,16,200
5747,67,35,66,15,183
5748,67,17,66,15,165
5749,67,32,82,19,200
5750,65,17,82,19,183
5751,67,34,67,15,183
5752,67,16,67,15,165
5753,66,33,67,16,182
5754,51,33,67,16,167
5755,67,34,67,16,184
5758,52,33,50,17,152
5759,67,34,82,16,199
5760,52,34,82,16,184
5761,83,17,65,18,183
5762,68,17,65,18,168
5763,50,17,65,18,150
5765,98,35,83,16,232
5766,100,17,83,16,216
5767,65,35,83,16,199
5769,84,17,66,18,185
5770,67,17,66,18,168
5771,51,17,66,18,152
5772,50,33,101,17,201
5773,83,16,68,17,184
5774,83,33,67,17,200
5775,66,33,67,17,183
5776,68,15,67,17,167
5777,51,15,67,17,150
5778,66,18,66,17,167
5779,68,32,118,15,233
5781,67,34,84,15,200
5782,67,17,84,15,183
5783,66,32,67,18,183
5784,66,15,67,18,166
5785,51,15,67,18,151
5786,66,17,66,17,166
5788,67,15,67,16,165
5789,67,33,68,17,185
5790,68,15,68,17,168
5791,66,34,100,16,216
5793,50,17,100,16,183
5794,65,18,66,16,165
5795,118,16,100,17,251
5796,68,17,83,16,184
5797,84,16,100,17,217
5798,68,16,100,17,201
5799,66,34,66,17,183
5803,51,16,83,17,167
5804,51,33,118,16,218
5805,66,35,83,16,200
5806,66,18,83,16,183
5807,50,18,83,16,167
5809,100,34,67,15,216
5813,67,32,85,17,201
5814,50,32,85,17,184
5815,66,35,67,18,186
5816,66,17,67,18,168
5817,100,34,66,15,215
5819,68,34,66,15,183
5820,67,17,66,15,165
5821,67,32,67,17,183
5825,66,33,85,16,200
5826,63,18,85,16,182
5827,100,34,66,18,218
5828,66,16,100,18,200
5832,166,16,84,17,283
5833,68,32,66,18,184
5834,102,15,51,18,186
5835,66,33,51,18,168
5836,66,15,51,18,150
5838,100,18,65,17,200
5840,66,18,65,17,166
5841,51,18,65,17,151
5842,52,31,68,16,167
5844,66,17,67,17,167
5847,68,33,66,17,184
5848,101,17,66,17,201
5849,67,34,66,17,184
5850,67,17,66,17,167
5852,68,15,51,15,149
5853,100,32,102,15,249
5854,66,17,66,18,167
5855,83,15,102,15,215
5856,49,32,102,15,198
5857,51,15,102,15,183
5859,66,34,84,15,199
5860,67,16,84,15,182
5862,51,34,65,18,168
5863,68,33,67,15,183
5864,65,18,67,15,165
5865,99,35,83,15,232
5866,67,15,118,15,215
5867,65,35,83,15,198
5868,50,35,83,15,183
5869,67,32,66,18,183
5870,99,17,84,17,217
5871,67,34,84,17,202
5872,66,17,84,17,184
5873,66,32,101,17,216
5874,68,15,101,17,201
5875,51,15,101,17,184
5876,67,17,66,17,167
5877,67,34,81,17,199
5880,51,32,66,19,168
5881,66,32,69,16,183
5882,66,15,69,16,166
5884,66,17,51,16,150
5885,66,35,99,16,216
5887,53,16,99,16,184
5888,119,32,69,14,234
5890,83,32,69,14,198
5892,66,17,69,14,166
5895,65,36,65,16,182
5896,68,18,65,16,167
5897,100,34,51,15,200
5898,53,31,67,18,169
5899,67,34,51,15,167
5900,66,17,51,15,149
5901,65,33,67,17,182
5902,51,33,67,17,168
5903,67,33,51,17,168
5904,68,15,51,17,151
5906,67,17,133,16,233
5908,66,17,66,18,167
5909,51,17,66,18,152
5910,51,33,66,16,166
5911,100,33,134,17,284
5915,100,32,68,17,217
5916,99,17,68,17,201
5917,67,32,68,17,184
5918,64,17,68,17,166
5919,66,33,67,18,184
5920,67,16,67,18,168
5921,65,35,66,18,184
5922,67,18,66,18,169
5923,68,32,52,16,168
5924,101,16,85,14,216
5925,85,16,85,14,200
5927,50,16,85,14,165
5928,67,16,51,14,148
5930,64,20,64,19,167
5931,68,31,69,15,183
5932,67,14,69,15,165
5934,51,33,85,17,186
5935,64,36,66,16,182
5937,52,17,66,16,151
5939,68,34,66,17,185
5941,99,33,51,15,198
5942,51,33,68,16,168
5943,67,33,51,15,166
5944,67,16,51,15,149
5945,66,35,116,15,232
5946,50,35,116,15,216
5947,68,31,85,15,199
5948,51,31,85,15,182
5949,51,15,85,15,166
5950,67,16,51,15,149
5951,165,34,82,17,298
5953,51,16,67,16,150
5954,67,15,68,17,167
5955,51,15,68,17,151
5956,99,18,82,17,216
5958,65,18,82,17,182
5960,51,32,67,17,167
5962,67,18,66,17,168
5963,67,32,68,15,182
5965,67,34,83,16,200
5966,67,17,83,16,183
5967,66,34,65,18,183
5970,100,16,51,17,184
5971,67,32,51,17,167
5972,66,16,51,17,150
5973,65,34,67,16,182
5974,68,16,67,16,167
5975,66,34,82,19,201
5977,51,17,82,19,169
5978,50,33,68,15,166
5979,67,32,51,18,168
5980,66,16,51,18,151
5981,65,36,83,16,200
5982,67,19,83,16,185
5983,68,33,66,16,183
5984,52,33,66,16,167
5988,68,16,99,18,201
5990,50,33,66,18,167
5991,66,32,52,15,165
5992,66,15,52,15,148
5995,66,33,67,17,183
5998,68,17,83,17,185
