序号,发送->接收,接收->转发,转发->接收,接收->处理,总计
2,66,18,83,16,183
3,68,35,64,17,184
4,66,19,64,17,166
5,51,19,64,17,151
7,66,33,67,16,182
8,83,33,50,17,183
9,64,33,50,17,164
11,66,34,83,16,199
12,68,15,83,16,182
13,52,15,83,16,166
14,66,17,66,17,166
16,64,15,52,17,148
17,64,35,67,16,182
20,50,34,83,18,185
21,52,17,83,18,170
22,66,17,68,15,166
23,67,33,84,17,201
24,66,17,84,17,184
25,66,35,66,17,184
26,85,31,52,16,184
27,68,31,52,16,167
30,67,17,67,16,167
31,66,33,83,17,199
33,52,16,83,17,168
35,83,15,102,16,216
36,81,35,67,16,199
39,66,35,66,17,184
40,50,35,66,17,168
41,52,18,66,17,153
42,52,32,66,18,168
43,67,34,82,17,200
44,66,18,82,17,183
45,66,32,67,16,181
46,68,15,67,16,166
47,51,15,67,16,149
48,68,17,64,19,168
49,67,32,51,16,166
50,65,17,51,16,149
52,65,16,68,16,165
53,64,35,66,18,183
55,51,16,66,18,151
56,84,33,83,18,218
57,68,33,83,18,202
58,65,17,83,18,183
59,66,33,68,16,183
61,51,15,68,16,150
64,83,32,51,17,183
66,51,32,51,17,151
67,66,33,68,17,184
68,68,15,68,17,168
70,49,35,66,16,166
71,51,17,66,16,150
73,85,16,83,18,202
74,67,16,83,18,184
75,100,33,84,15,232
76,66,18,117,15,216
77,67,33,84,15,199
78,50,33,84,15,182
80,67,18,65,18,168
81,67,33,50,16,166
83,67,32,67,17,183
86,50,34,84,15,183
87,50,16,84,15,165
89,67,33,67,17,184
90,66,16,67,17,166
91,66,33,67,18,184
92,67,15,67,18,167
94,67,16,51,15,149
95,51,16,51,15,133
97,51,16,67,17,151
100,68,15,134,17,234
101,67,33,66,17,183
102,66,16,66,17,165
103,51,16,66,17,150
106,67,15,52,16,150
107,51,15,52,16,134
108,83,33,66,18,200
109,67,33,66,18,184
110,50,33,66,18,167
111,52,16,66,18,152
112,88,29,67,18,202
115,66,34,66,17,183
117,81,15,100,16,212
118,68,15,100,16,199
119,52,15,100,16,183
120,67,15,67,16,165
121,66,34,82,17,199
123,50,17,82,17,166
127,67,32,51,18,168
128,64,17,51,18,150
129,66,34,66,18,184
130,69,15,66,18,168
131,51,15,66,18,150
132,51,35,82,16,184
133,51,18,82,16,167
135,84,16,68,16,184
136,67,16,68,16,167
137,65,33,51,15,164
138,66,16,51,15,148
140,67,17,83,16,183
141,68,31,68,18,185
142,51,31,68,18,168
143,51,15,68,18,152
144,83,33,68,16,200
146,67,16,68,16,167
151,68,31,67,16,182
152,50,31,67,16,164
153,65,34,101,17,217
154,66,16,101,17,200
156,67,15,135,15,232
157,52,15,135,15,217
158,65,18,51,17,151
159,67,34,67,15,183
161,68,34,82,17,201
162,52,34,82,17,185
163,51,17,82,17,167
164,52,33,66,16,167
165,82,17,100,17,216
166,65,17,100,17,199
167,65,34,66,17,182
169,66,33,67,17,183
170,51,33,67,17,168
171,67,33,51,16,167
172,66,17,51,16,150
173,66,34,84,15,199
175,67,33,66,17,183
176,51,33,66,17,167
177,51,16,66,17,150
181,51,15,67,18,151
182,65,16,52,15,148
183,66,34,68,16,184
185,67,33,51,16,167
186,68,15,51,16,150
189,68,32,68,16,184
190,66,16,68,16,166
191,51,16,68,16,151
192,66,15,51,16,148
193,65,35,82,18,200
194,84,32,116,19,251
196,66,16,116,19,217
198,67,17,81,19,184
199,82,18,67,16,183
201,50,18,67,16,151
203,81,19,65,17,182
204,66,19,65,17,167
205,67,33,149,16,265
206,51,33,149,16,249
207,67,32,67,16,182
208,52,32,67,16,167
209,65,34,83,16,198
210,66,17,83,16,182
211,66,33,66,17,182
212,66,16,66,17,165
214,66,18,66,17,167
216,82,34,85,15,216
220,67,15,68,16,166
221,66,35,101,15,217
223,67,33,68,15,183
224,68,15,68,15,166
225,53,15,68,15,151
226,51,34,67,15,167
228,66,17,82,17,182
229,51,17,82,17,167
231,82,17,67,17,183
232,99,17,66,18,200
234,67,17,66,18,168
235,66,33,68,15,182
237,84,16,118,15,233
239,50,16,118,15,199
241,51,17,66,17,151
242,66,16,52,15,149
243,66,35,67,15,183
245,66,32,68,16,182
246,68,15,68,16,167
247,102,33,84,15,234
249,67,33,84,15,199
251,50,18,84,15,167
254,68,17,82,17,184
255,67,32,67,18,184
256,68,15,67,18,168
257,52,15,67,18,152
258,67,15,67,22,171
260,65,17,67,18,167
263,52,15,118,17,202
264,72,12,84,17,185
265,85,14,102,17,218
267,52,14,102,17,185
269,67,34,82,16,199
270,66,17,82,16,181
271,69,33,65,17,184
272,52,33,65,17,167
274,67,15,84,17,183
277,65,33,51,17,166
278,65,16,51,17,149
280,67,17,99,18,201
281,51,17,99,18,185
282,67,17,66,18,168
283,68,35,65,17,185
284,50,35,65,17,167
285,50,18,65,17,150
289,65,33,67,18,183
290,66,16,67,18,167
293,68,32,67,17,184
294,51,32,67,17,167
295,67,33,134,17,251
296,67,15,134,17,233
297,65,34,67,16,182
298,68,16,67,16,167
299,67,32,68,17,184
301,51,15,68,17,151
302,67,16,65,17,165
303,51,16,65,17,149
306,66,15,51,17,149
309,83,17,66,17,183
310,66,17,66,17,166
311,86,14,67,17,184
312,69,14,67,17,167
313,66,34,85,14,199
314,83,33,66,18,200
315,66,33,66,18,183
318,67,17,84,16,184
319,67,32,68,16,183
320,68,14,68,16,166
321,84,17,66,17,184
322,67,17,66,17,167
324,82,33,51,17,183
325,68,33,51,17,169
326,83,34,67,17,201
327,100,34,66,17,217
328,66,17,67,17,167
329,84,17,66,17,184
331,51,17,66,17,151
333,67,33,66,18,184
334,67,16,66,18,167
335,50,16,66,18,150
337,82,17,67,16,182
339,84,15,83,18,200
343,83,17,51,17,168
344,65,17,51,17,150
345,67,34,83,17,201
346,66,18,83,17,184
347,67,34,116,17,234
348,51,34,116,17,218
350,52,32,84,17,185
351,83,17,67,17,184
354,51,34,50,15,150
355,84,17,68,14,183
358,67,15,68,15,165
360,67,18,97,18,200
362,65,18,65,18,166
365,65,32,71,18,186
366,83,40,82,18,223
367,65,40,82,18,205
369,50,22,82,18,172
372,53,35,66,16,170
373,66,34,64,18,182
374,69,18,64,18,169
375,69,32,50,16,167
376,66,17,50,16,149
377,66,32,52,15,165
378,66,16,52,15,149
381,50,16,118,16,200
382,68,15,68,17,168
385,68,33,66,17,184
386,83,33,50,16,182
390,83,33,67,16,199
393,50,16,67,16,149
394,65,18,100,16,199
397,51,16,67,16,150
398,51,34,83,17,185
401,67,33,67,17,184
402,51,33,67,17,168
403,66,34,66,17,183
404,67,17,66,17,167
405,67,33,67,17,184
406,51,33,67,17,168
407,67,33,67,16,183
409,83,17,83,17,200
410,84,33,67,16,200
412,50,33,67,16,166
413,51,16,67,16,150
415,83,17,66,17,183
416,66,17,66,17,166
417,67,33,116,18,234
418,51,33,116,18,218
419,67,33,83,18,201
420,83,34,67,15,199
421,66,34,67,15,182
422,84,36,80,16,216
424,51,36,80,16,183
425,83,18,65,17,183
427,67,32,117,17,233
429,63,33,84,17,197
430,67,16,84,17,184
431,65,35,66,16,182
433,83,17,85,16,201
434,66,17,85,16,184
435,67,34,67,17,185
437,66,33,51,16,166
438,51,33,51,16,151
439,85,16,99,17,217
442,68,16,66,17,167
444,65,16,84,17,182
445,65,34,67,17,183
446,65,17,67,17,166
447,66,34,67,15,182
448,50,34,67,15,166
450,67,17,67,17,168
451,67,34,83,18,202
453,67,33,68,15,183
456,67,16,82,17,182
457,83,18,64,17,182
460,51,32,67,17,167
461,67,32,52,16,167
462,65,17,52,16,150
463,64,35,66,16,181
464,66,18,66,16,166
467,52,16,67,16,151
468,84,34,99,17,234
469,66,34,99,17,216
470,65,18,99,17,199
471,67,32,67,17,183
472,66,16,67,17,166
473,50,16,67,17,150
474,50,35,81,18,184
475,67,32,67,17,183
476,67,16,67,17,167
477,67,35,66,17,185
478,66,18,66,17,167
479,81,18,102,15,216
480,65,18,102,15,200
482,67,17,83,16,183
483,66,32,51,16,165
484,101,19,82,16,218
485,66,36,82,16,200
486,66,19,82,16,183
488,51,31,67,17,166
490,68,15,67,16,166
492,67,16,67,15,165
493,51,16,67,15,149
494,66,16,67,17,166
495,51,16,67,17,151
497,49,18,82,18,167
499,67,34,83,17,201
500,68,17,83,17,185
502,67,18,67,16,168
503,67,33,67,15,182
504,65,18,67,15,165
506,85,33,67,15,200
508,52,33,67,15,167
509,67,33,84,16,200
511,66,34,66,12,178
514,118,34,50,16,218
515,100,34,50,16,200
516,83,34,50,16,183
517,66,34,50,16,166
518,101,16,68,17,202
519,67,32,68,17,184
523,50,16,66,18,150
524,67,17,67,15,166
525,68,32,67,16,183
526,67,15,67,16,165
527,51,15,67,16,149
528,67,17,83,16,183
529,67,32,67,19,185
531,67,33,53,13,166
532,100,16,68,15,199
533,65,34,68,15,182
534,68,16,68,15,167
536,51,32,68,17,168
538,84,32,50,17,183
539,68,32,50,17,167
541,51,17,50,17,135
542,67,17,82,18,184
544,67,17,67,17,168
545,83,16,67,18,184
546,66,16,67,18,167
548,84,32,100,18,234
552,83,35,84,14,216
553,65,35,84,14,198
554,66,17,84,14,181
555,51,17,84,14,166
556,66,16,66,19,167
558,67,17,66,17,167
559,67,31,66,19,183
560,68,14,66,19,167
563,66,31,68,17,182
565,52,14,68,17,151
566,82,33,67,17,199
567,66,33,67,17,183
568,67,15,67,17,166
569,68,34,101,15,218
570,66,17,101,15,199
571,67,33,68,15,183
574,67,18,82,17,184
575,84,17,66,16,183
576,67,17,66,16,166
577,68,32,67,17,184
578,51,32,67,17,167
579,65,34,67,16,182
581,66,33,83,17,199
582,67,17,83,17,184
583,67,34,117,15,233
584,84,34,83,15,216
587,68,32,66,17,183
588,66,17,66,17,166
589,66,35,65,17,183
590,50,35,65,17,167
591,67,31,68,17,183
594,65,17,66,18,166
595,116,15,67,18,216
596,66,17,82,17,182
597,51,17,82,17,167
598,68,15,67,18,168
599,66,35,67,16,184
600,67,17,67,16,167
601,82,17,51,15,165
603,67,35,83,17,202
604,67,17,83,17,184
605,67,31,69,15,182
606,52,31,69,15,167
607,51,15,69,15,150
608,83,34,65,17,199
609,83,17,65,17,182
610,67,17,65,17,166
612,51,32,68,17,168
613,66,33,52,16,167
614,67,15,52,16,150
615,65,35,82,20,202
616,67,18,82,20,187
619,52,16,69,14,151
620,66,18,65,18,167
622,65,20,65,14,164
624,54,29,69,15,167
626,67,18,114,17,216
627,65,33,81,17,196
628,65,19,81,17,182
630,51,33,65,18,167
631,66,34,66,17,183
632,52,34,66,17,169
633,98,35,84,16,233
636,65,17,84,16,182
638,102,16,118,15,251
639,52,15,101,16,184
640,67,16,118,15,216
641,66,34,134,15,249
642,67,16,134,15,232
643,52,16,134,15,217
645,67,34,67,15,183
646,100,15,50,18,183
647,67,32,50,18,167
649,66,35,67,13,181
650,67,18,67,13,165
653,50,18,66,18,152
655,67,32,100,17,216
656,52,32,100,17,201
658,82,36,65,17,200
660,51,36,65,17,169
661,68,32,65,17,182
662,64,18,65,17,164
666,68,15,101,17,201
667,65,35,101,17,218
668,65,18,101,17,201
669,67,32,69,17,185
672,67,17,52,15,151
674,67,18,81,17,183
676,69,15,66,18,168
677,52,15,66,18,151
678,66,17,51,17,151
679,65,33,100,17,215
680,81,35,99,17,232
684,52,33,66,17,168
686,50,32,51,17,150
687,65,34,67,17,183
688,67,17,67,17,168
690,68,17,65,17,167
691,51,17,65,17,150
692,51,33,83,17,184
693,67,32,68,17,184
694,67,15,68,17,167
695,65,34,66,19,184
698,66,17,68,14,165
699,68,32,67,18,185
700,51,32,67,18,168
701,66,36,66,16,184
702,68,17,66,16,167
703,51,17,66,16,150
705,67,35,65,17,184
707,66,33,84,15,198
708,52,33,84,15,184
709,68,32,67,17,184
710,65,17,67,17,166
714,69,15,67,17,168
717,66,33,67,17,183
718,66,16,67,17,166
719,51,16,67,17,151
720,67,16,51,15,149
721,50,16,51,15,132
722,100,15,68,17,200
723,67,32,68,17,184
724,67,15,68,17,167
725,51,15,68,17,151
726,83,34,65,17,199
728,66,17,65,17,165
729,68,33,67,16,184
730,84,32,69,15,200
731,51,16,67,16,150
732,50,32,69,15,166
734,65,18,67,16,166
735,67,34,66,16,183
737,69,33,84,15,201
738,52,33,84,15,184
739,67,33,51,15,166
741,66,34,83,17,200
742,51,34,83,17,185
743,84,15,68,16,183
744,68,15,68,16,167
745,51,15,68,16,150
746,50,35,66,17,168
747,67,33,116,17,233
748,83,33,83,17,216
749,68,33,83,17,201
751,66,33,67,15,181
753,66,32,67,17,182
754,67,15,67,17,166
755,65,35,67,16,183
757,67,32,68,17,184
758,50,32,68,17,167
759,67,35,67,15,184
760,49,35,67,15,166
761,67,33,82,16,198
762,102,17,64,18,201
764,68,17,64,18,167
766,51,33,66,16,166
768,81,35,66,17,199
769,64,35,66,17,182
770,67,17,66,17,167
771,66,33,66,17,182
772,51,33,66,17,167
774,100,16,66,18,200
776,67,16,66,18,167
777,66,34,99,18,217
778,102,14,67,18,201
779,67,32,67,18,184
780,68,14,67,18,167
783,67,32,87,13,199
784,66,15,87,13,181
785,52,15,87,13,167
786,84,31,68,17,200
787,67,31,68,17,183
788,50,31,68,17,166
789,66,34,68,16,184
790,69,13,68,16,166
791,65,34,67,16,182
793,68,34,66,17,185
794,64,17,66,17,164
795,51,17,66,17,151
796,51,33,84,17,185
797,50,17,84,17,168
798,66,17,101,16,200
800,67,17,67,16,167
801,67,34,65,18,184
803,68,33,82,17,200
804,51,33,82,17,183
805,67,32,67,17,183
806,100,15,51,16,182
808,68,15,51,16,150
809,65,34,66,19,184
810,100,16,52,17,185
812,66,16,52,17,151
814,66,17,69,16,168
816,68,17,81,17,183
817,52,17,81,17,167
818,168,16,51,16,251
819,50,19,98,17,184
820,98,17,67,17,199
822,67,17,67,17,168
823,65,33,51,16,165
825,99,33,84,16,232
826,67,17,67,16,167
827,67,33,84,16,200
828,67,16,84,16,183
830,50,34,66,17,167
831,67,33,67,17,184
832,116,34,83,16,249
833,67,33,51,17,168
836,67,17,83,16,183
837,67,34,65,17,183
839,51,17,65,17,150
840,51,32,50,16,149
843,65,33,68,17,183
844,67,16,68,17,168
845,50,16,68,17,151
847,68,33,66,17,184
848,84,32,84,17,217
850,52,32,84,17,185
851,65,34,67,17,183
852,68,16,67,17,168
854,66,16,51,15,148
855,101,32,68,16,217
858,67,15,68,16,166
859,101,33,82,18,234
860,84,33,82,18,217
861,67,33,82,18,200
862,65,18,82,18,183
863,68,32,50,18,168
864,51,32,50,18,151
866,67,18,67,16,168
867,67,33,84,16,200
868,51,33,84,16,184
870,51,34,66,17,168
871,67,33,83,16,199
872,68,17,83,16,184
873,67,33,66,18,184
875,98,34,93,27,252
876,67,15,127,27,236
877,65,34,93,27,219
879,66,33,60,27,186
881,67,34,53,16,170
883,67,26,61,16,170
885,60,43,68,15,186
887,103,34,83,16,236
888,61,16,66,16,159
889,67,34,83,16,200
891,68,32,51,16,167
893,66,35,83,16,200
894,65,19,83,16,183
897,51,16,67,17,151
898,68,17,50,17,152
902,50,34,83,16,183
903,50,17,83,16,166
904,83,32,50,17,182
905,67,32,50,17,166
906,67,15,50,17,149
908,69,16,67,17,169
913,67,32,68,17,184
914,51,32,68,17,168
915,66,34,83,18,201
916,102,16,82,17,217
917,51,15,83,18,167
921,101,32,84,18,235
922,83,32,84,18,217
923,67,32,84,18,201
925,50,17,84,18,169
926,68,15,100,17,200
927,65,35,65,17,182
928,68,17,65,17,167
929,51,17,65,17,150
930,66,18,65,17,166
931,51,18,65,17,151
932,51,31,51,16,149
935,65,33,68,16,182
936,66,16,68,16,166
939,50,17,67,16,150
940,66,18,84,16,184
942,67,17,67,15,166
944,51,34,66,17,168
945,67,33,82,17,199
946,68,16,82,17,183
948,51,33,99,17,200
949,66,32,67,17,182
950,66,15,67,17,165
951,65,34,66,17,182
954,66,16,50,17,149
955,67,33,67,18,185
956,67,16,67,18,168
957,66,34,51,16,167
958,66,17,51,16,150
960,83,34,66,18,201
962,68,16,66,18,168
963,51,16,66,18,151
964,51,33,51,16,151
965,67,33,68,16,184
966,67,15,68,16,166
967,84,16,67,16,183
968,67,16,67,16,166
969,51,16,67,16,150
970,83,33,100,15,231
971,68,33,100,15,216
973,67,33,67,15,182
974,66,17,67,15,165
978,84,33,66,19,202
980,64,18,66,19,167
983,67,32,67,17,183
984,69,15,67,17,168
986,68,15,67,16,166
989,52,15,68,16,151
990,65,17,50,17,149
991,67,34,82,17,200
992,83,33,66,17,199
993,68,33,66,17,184
994,51,33,66,17,167
995,50,17,66,17,150
996,51,33,100,15,199
999,100,33,67,16,216
1001,67,33,67,16,183
1002,68,16,67,16,167
1003,67,33,83,17,200
1005,66,34,66,17,183
1006,66,17,66,17,166
1007,67,33,50,16,166
1008,52,33,50,16,151
1010,66,17,66,17,166
1012,67,16,50,17,150
1013,50,16,50,17,133
1014,83,34,84,16,217
1015,66,34,84,16,200
1016,66,17,84,16,183
1017,50,17,84,16,167
1018,67,17,66,16,166
1019,68,32,67,17,184
1020,68,15,67,17,167
1022,67,16,99,17,199
1023,50,16,99,17,182
1024,49,33,66,17,165
1025,67,33,84,18,202
1026,66,16,84,18,184
1027,50,16,84,18,168
1028,100,17,51,15,183
1029,66,34,51,15,166
1030,66,17,51,15,149
1031,67,35,65,17,184
1032,66,18,65,17,166
1033,51,18,65,17,151
1034,52,31,85,16,184
1035,51,15,85,16,167
1036,83,34,66,17,200
1037,65,34,66,17,182
1038,66,17,66,17,166
1039,68,33,66,17,184
1040,67,16,66,17,166
1041,67,33,85,14,199
1042,50,33,85,14,182
1043,66,33,52,14,165
1046,67,17,84,15,183
1048,68,14,67,17,166
1049,52,14,67,17,150
1051,66,33,67,18,184
1052,66,15,67,18,166
1053,67,35,67,17,186
1054,50,35,67,17,169
1055,50,18,67,17,152
1056,82,35,81,19,217
1057,67,35,81,19,202
1061,52,15,68,15,150
1062,66,17,65,18,166
1064,64,19,65,18,166
1066,51,31,52,15,149
1068,84,33,67,17,201
1069,65,33,67,17,182
1070,50,33,67,17,167
1071,52,15,67,17,151
1072,66,17,67,16,166
1074,67,15,67,16,165
1075,67,34,67,15,183
1076,50,34,67,15,166
1078,98,18,83,17,216
1079,67,34,83,17,201
1080,66,18,83,17,184
1082,66,17,68,16,167
1083,66,34,68,15,183
1084,50,34,68,15,167
1085,66,34,67,17,184
1086,68,17,67,17,169
1087,68,34,50,16,168
1088,50,34,50,16,150
1090,66,18,65,17,166
1094,68,15,68,16,167
1095,65,34,68,15,182
1096,65,17,68,15,165
1098,66,17,83,16,182
1101,167,33,67,16,283
1102,100,16,84,16,216
1103,66,33,84,16,199
1104,99,18,66,16,199
1105,65,34,66,16,181
1106,66,18,66,16,166
1107,67,33,67,16,183
1108,100,16,100,18,234
1109,67,33,100,18,218
1110,68,16,100,18,202
1113,67,32,52,17,168
1114,101,15,67,17,200
1115,66,34,67,17,184
1116,69,15,67,17,168
1117,66,35,65,18,184
1119,52,17,65,18,152
1120,82,33,68,15,198
1121,67,33,68,15,183
1122,66,16,68,15,165
1123,65,33,84,16,198
1124,68,15,84,16,183
1125,51,15,84,16,166
1126,67,17,65,18,167
1128,99,16,51,16,182
1129,68,32,51,16,167
1130,66,16,51,16,149
1133,50,17,99,17,183
1134,51,32,67,17,167
1135,51,16,67,17,151
1137,66,33,67,16,182
1139,51,16,67,16,150
1140,67,17,67,17,168
1142,67,16,84,15,182
1143,67,34,65,18,184
1144,50,34,65,18,167
1145,67,32,84,16,199
1146,50,32,84,16,182
1147,66,33,67,16,182
1154,65,18,51,15,149
1157,51,16,67,17,151
1158,51,33,51,16,151
1159,51,15,51,16,133
1160,67,16,67,17,167
1161,84,16,51,16,167
1164,100,16,67,16,199
1168,83,34,99,17,233
1171,67,33,66,17,183
1173,67,31,120,15,233
1176,83,33,67,17,200
1177,66,33,67,17,183
1178,99,17,83,17,216
1179,52,16,67,17,152
1180,68,17,83,17,185
1182,68,15,68,16,167
1183,67,34,67,16,184
1185,66,34,65,18,183
1187,68,33,50,16,167
1189,67,32,67,17,183
1191,166,33,68,15,282
1192,67,16,84,16,183
1193,50,16,84,16,166
1195,67,34,68,15,184
1196,66,17,68,15,166
1197,67,33,68,15,183
1198,66,16,68,15,165
1199,51,16,68,15,150
1201,68,33,65,18,184
1202,51,33,65,18,167
1203,68,33,83,17,201
1204,65,18,83,17,183
1205,66,32,68,15,181
1206,67,16,68,15,166
1208,50,34,67,17,168
1209,66,34,50,16,166
1210,84,33,83,17,217
1211,68,33,83,17,201
1213,67,33,67,17,184
1216,51,35,65,16,167
1217,68,32,67,15,182
1218,66,17,67,15,165
1219,67,33,83,17,200
1220,100,18,66,16,200
1221,99,33,67,16,215
1223,67,33,67,16,183
1224,150,34,65,18,267
1225,67,33,50,18,168
1226,84,34,99,18,235
1228,51,34,99,18,202
1229,67,34,65,18,184
1230,85,31,68,17,201
1231,50,18,65,18,151
1232,101,16,99,17,233
1233,65,34,99,17,215
1235,65,34,82,17,198
1236,67,16,82,17,182
1239,68,31,51,18,168
1240,98,17,68,17,200
1242,65,17,68,17,167
1243,65,35,82,17,199
1244,66,18,82,17,183
1245,51,18,82,17,168
1246,102,15,51,17,185
1247,68,32,51,17,168
1249,65,34,66,17,182
1250,166,16,68,17,267
1251,66,34,65,17,182
1252,66,17,65,17,165
1253,51,17,65,17,150
1257,65,34,83,16,198
1258,50,34,83,16,183
1259,67,34,65,18,184
1260,84,34,65,16,199
1263,68,31,85,17,201
1264,66,16,85,17,184
1265,65,34,68,15,182
1266,66,16,68,15,165
1267,65,34,83,17,199
1268,66,18,83,17,184
1269,68,34,66,17,185
1270,67,17,66,17,167
1273,67,33,66,16,182
1274,83,33,66,17,199
1277,99,33,84,17,233
1278,83,33,84,17,217
1281,66,35,100,15,216
1283,50,18,100,15,183
1284,52,33,67,15,167
1285,68,33,81,19,201
1286,67,17,81,19,184
1287,66,34,66,17,183
1288,85,32,51,15,183
1289,67,32,51,15,165
1293,66,32,51,17,166
1297,66,34,84,17,201
1298,66,17,84,17,184
1299,101,32,85,16,234
1300,50,33,68,15,166
1301,99,36,65,18,218
1302,101,17,65,18,201
1303,65,36,65,18,184
1304,68,17,65,18,168
1306,51,32,51,17,151
1307,101,35,82,17,235
1309,65,35,82,17,199
1310,68,17,82,17,184
1311,51,17,82,17,167
1316,67,17,66,18,168
1317,67,34,66,17,184
1318,66,18,66,17,167
1319,100,34,67,16,217
1322,50,34,67,16,167
1323,83,17,66,17,183
1325,51,17,66,17,151
1327,67,33,132,18,250
1328,50,33,132,18,233
1330,66,17,66,17,166
1331,67,33,117,17,234
1332,51,33,117,17,218
1335,66,32,69,15,182
1336,67,15,69,15,166
1337,100,34,65,17,216
1338,101,17,65,17,200
1339,67,34,65,17,183
1340,84,32,68,16,200
1341,69,32,68,16,185
1343,66,33,51,16,166
1344,66,16,51,16,149
1346,67,18,66,16,167
1347,68,32,100,17,217
1348,67,16,100,17,200
1349,51,16,100,17,184
1350,67,17,66,17,167
1352,66,17,100,16,199
1354,100,17,67,15,199
1355,66,34,67,15,182
1356,67,17,67,15,166
1357,67,33,67,17,184
1359,67,34,66,17,184
1360,66,18,66,17,167
1361,67,33,117,16,233
1362,66,18,117,16,217
1364,51,33,100,16,200
1366,51,33,67,16,167
1367,66,34,84,15,199
1368,100,16,66,18,200
1369,67,33,66,18,184
1371,67,35,66,17,185
1373,84,15,52,15,166
1374,67,15,52,15,149
1375,66,35,82,17,200
1376,50,35,82,17,184
1378,67,15,67,17,166
1379,52,15,67,17,151
1380,99,17,99,17,232
1381,65,34,99,17,215
1382,65,17,99,17,198
1384,67,16,66,17,166
1385,51,16,66,17,150
1386,67,17,99,18,201
1388,66,16,67,18,167
1389,66,34,51,17,168
1391,66,33,112,9,220
1392,66,17,112,9,204
1393,67,35,77,9,188
1394,68,17,77,9,171
1395,170,34,66,17,287
1396,52,32,70,34,188
1397,67,45,59,32,203
1398,66,28,59,32,185
1399,77,9,82,18,186
1400,62,9,82,18,171
1402,53,34,66,17,170
1403,59,32,67,16,174
1405,66,18,65,18,167
1407,50,33,66,17,166
1408,51,17,66,17,151
1409,51,50,65,17,183
1410,65,18,65,17,165
1411,67,16,66,17,166
1412,66,34,82,18,200
1413,50,34,82,18,184
1414,68,49,83,18,218
1415,65,34,83,18,200
1416,66,17,83,18,184
1418,82,18,50,32,182
1419,117,18,66,17,218
1421,167,17,68,31,283
1422,85,32,51,16,184
1423,68,32,51,16,167
1424,50,32,51,16,149
1428,51,17,68,31,167
1429,84,35,83,16,218
1430,167,34,116,17,334
1431,50,35,83,16,184
1432,99,18,82,17,216
1433,52,49,82,17,200
1434,66,18,82,17,183
1436,99,49,67,17,232
1438,100,17,67,17,201
1440,66,17,67,17,167
1441,65,17,67,18,167
1442,49,17,67,18,151
1443,100,17,66,17,200
1444,67,17,67,16,167
1446,67,50,67,32,216
1447,68,32,67,32,199
1448,166,17,82,20,285
1449,67,16,66,17,166
1451,65,17,66,17,165
1453,50,49,82,20,201
1454,66,17,82,20,185
1455,66,17,65,20,168
1456,66,34,66,18,184
1457,66,17,66,18,167
1460,51,34,66,16,167
1461,68,15,67,33,183
1462,51,15,67,33,166
1464,53,16,66,17,152
1465,66,16,67,16,165
1469,66,17,67,33,183
1471,51,34,100,33,218
1475,100,18,82,16,216
1477,66,18,82,16,182
1478,67,33,116,17,233
1480,67,49,67,17,200
1481,51,49,67,17,184
1482,82,34,66,16,198
1483,101,16,66,18,201
1484,65,18,66,16,165
1487,50,34,84,17,185
1488,51,17,84,17,169
1489,50,50,66,18,184
1490,66,18,66,18,168
1491,101,17,66,17,201
1492,50,17,100,17,184
1493,68,17,66,17,168
1494,52,17,66,17,152
1495,66,18,65,17,166
1496,67,33,83,33,216
1497,67,16,83,33,199
1499,68,32,67,18,185
1500,65,17,67,18,167
1501,99,33,84,17,233
1502,83,33,84,17,217
1503,66,33,84,17,200
1505,67,18,66,17,168
1507,100,17,66,33,216
1508,66,18,66,17,167
1509,67,17,66,33,183
1512,52,16,66,36,170
1513,66,17,69,31,183
1514,66,33,67,34,200
1515,65,17,67,34,183
1516,66,36,65,17,184
1518,69,31,83,17,200
1520,67,34,66,17,184
1521,85,49,83,17,234
1523,51,49,83,17,200
1524,83,17,66,17,183
1525,67,17,66,17,167
1526,83,33,101,16,233
1528,51,33,101,16,201
1529,67,33,68,16,184
1531,66,18,66,17,167
1533,51,33,50,16,150
1534,68,33,83,17,201
1535,51,33,83,17,184
1536,66,33,67,32,198
1538,50,16,67,32,165
1540,67,33,50,33,183
1542,67,50,67,16,200
1543,82,18,67,16,183
1544,65,18,67,16,166
1545,67,33,50,17,167
1546,50,33,50,17,150
1548,68,33,66,18,185
1549,83,49,51,34,217
1550,67,49,51,34,201
1552,66,16,51,34,167
1553,65,35,66,18,184
1554,66,18,66,18,168
1556,51,16,116,17,200
1557,51,34,99,17,201
1558,68,34,65,17,184
1560,150,34,50,32,266
1561,100,34,67,17,218
1563,66,34,67,17,184
1564,65,17,67,17,166
1565,67,34,50,32,183
1566,50,34,50,32,166
1568,67,34,66,17,184
1569,67,17,66,17,167
1570,51,17,66,17,151
1571,50,49,51,33,183
1572,100,34,67,17,218
1573,316,17,66,17,416
1576,68,33,66,17,184
1579,50,34,132,17,233
1582,66,17,100,18,201
1583,100,18,67,16,201
1585,115,17,66,17,215
1586,50,18,67,16,151
1590,67,48,68,16,199
1591,66,32,68,16,182
1592,83,35,99,17,234
1593,66,35,99,17,217
1596,85,16,67,17,185
1597,51,33,67,17,168
1600,66,17,66,18,167
1601,66,17,67,17,167
1603,67,32,84,17,200
1604,51,32,84,17,184
1606,84,33,67,17,201
1607,67,33,67,17,184
1608,51,33,67,17,168
1609,68,33,67,16,184
1611,66,34,82,16,198
1613,67,17,65,16,165
1615,51,32,67,17,167
1616,51,16,67,17,151
1617,82,16,68,17,183
1618,65,16,68,17,166
1619,65,18,67,17,167
1621,67,16,84,32,199
1623,51,34,82,17,184
1624,67,50,116,17,250
1625,50,50,116,17,233
1626,84,32,84,17,217
1629,65,33,51,17,166
1630,50,33,51,17,151
1632,67,33,88,12,200
1633,84,33,55,12,184
1634,67,33,55,12,167
1635,51,33,55,12,151
1636,50,16,55,12,133
1637,105,12,84,32,233
1639,71,12,84,32,199
1640,55,12,84,32,183
1641,50,33,66,17,166
1642,66,34,83,17,200
1643,62,17,83,17,179
1644,67,49,51,33,200
1645,66,32,51,33,182
1647,66,34,67,17,184
1648,83,17,67,33,200
1649,66,17,67,33,183
1653,50,34,50,16,150
1654,67,33,82,18,200
1655,51,33,82,18,184
1657,67,16,67,17,167
1658,50,16,67,17,150
1659,51,34,99,18,202
1660,67,33,66,18,184
1661,65,18,66,18,167
1662,101,32,67,18,218
1664,67,32,67,18,184
1665,52,32,67,18,169
1667,67,17,65,18,167
1668,67,32,67,17,183
1669,68,16,67,17,168
1670,51,16,67,17,151
1672,65,34,66,17,182
1674,51,16,66,17,150
1675,66,17,83,16,182
1677,82,17,83,16,198
1678,66,17,83,16,182
1679,66,17,66,16,165
1681,68,16,67,17,168
1683,99,18,66,16,199
1684,100,51,83,32,266
1685,65,18,66,16,165
1686,67,51,83,32,233
1689,69,31,84,34,218
1690,51,31,84,34,200
1692,67,34,66,33,200
1695,52,32,116,18,218
1696,66,34,82,18,200
1697,99,33,83,18,233
1698,66,49,83,18,216
1700,67,16,83,18,184
1701,51,16,83,18,168
1702,49,33,68,17,167
1703,66,18,117,17,218
1704,67,50,67,17,201
1705,83,18,67,17,185
1707,50,18,67,17,152
1708,50,17,67,33,167
1709,82,34,50,33,199
1710,68,34,50,33,185
1711,50,34,50,33,167
1712,67,33,66,17,183
1713,51,33,66,17,167
1714,67,50,82,18,217
1715,67,33,82,18,200
1716,50,33,82,18,183
1717,68,16,84,32,200
1718,50,16,84,32,182
1719,66,32,67,17,182
1720,67,16,67,17,167
1721,82,18,83,17,200
1722,66,18,83,17,184
1724,51,32,68,32,183
1726,67,34,117,17,235
1727,83,49,68,17,217
1728,68,49,68,17,202
1731,66,18,67,16,167
1732,67,33,83,16,199
1734,67,34,65,17,183
1737,50,33,65,17,165
1738,67,49,67,17,200
1739,66,33,67,17,183
1740,65,17,67,17,166
1741,66,33,51,33,183
1742,65,17,51,33,166
1743,66,17,67,17,167
1745,67,17,100,17,201
1746,68,33,67,17,185
1747,51,33,67,17,168
1748,67,35,82,32,216
1749,167,32,68,17,284
1751,52,32,82,19,185
1753,50,33,68,32,183
1754,65,49,68,17,199
1755,151,34,83,17,285
1756,82,19,66,17,184
1757,65,19,66,17,167
1758,68,32,66,16,182
1759,83,34,83,17,217
1760,67,34,83,17,201
1763,51,48,52,32,183
1764,51,31,52,32,166
1765,100,17,84,16,217
1766,66,34,84,16,200
1767,66,17,84,16,183
1768,51,17,84,16,168
1769,52,49,51,16,168
1770,66,17,51,16,150
1772,84,16,83,33,216
1774,52,16,83,33,184
1775,51,49,85,32,217
1777,65,17,68,32,182
1778,66,50,68,16,200
1779,67,33,68,16,184
1781,67,18,66,17,168
1782,68,32,84,17,201
1783,51,32,84,17,184
1785,68,16,67,16,167
1786,66,33,83,17,199
1787,51,33,83,17,184
1789,66,17,66,17,166
1791,66,16,51,17,150
1793,83,34,66,32,215
1794,66,34,66,32,198
1795,67,17,66,32,182
1797,51,50,82,18,201
1798,84,16,66,18,184
1799,67,16,66,18,167
1800,66,49,85,32,232
1801,51,49,85,32,217
1802,67,17,85,32,201
1803,65,35,82,33,215
1806,52,32,66,17,167
1807,67,18,65,18,168
1808,68,32,51,32,183
1810,67,51,66,18,202
1811,101,32,52,16,201
1812,65,18,66,18,167
1813,68,32,52,16,168
1814,51,32,52,16,151
1817,66,18,81,17,182
1818,68,49,67,17,201
1819,101,32,52,32,217
1823,100,17,65,16,198
1825,67,17,65,16,165
1826,51,17,65,16,149
1828,67,16,68,17,168
1829,65,33,52,33,183
1830,65,16,52,33,166
1832,67,34,84,32,217
1833,51,34,84,32,201
1834,68,33,66,17,184
1835,52,33,66,17,168
1838,67,49,67,16,199
1839,69,32,67,16,184
1840,66,17,67,16,166
1842,66,50,83,17,216
1843,49,50,83,17,199
1844,67,17,83,17,184
1847,50,50,84,16,200
1848,66,17,84,16,183
1850,67,17,66,33,183
1851,99,18,150,17,284
1852,101,49,84,17,251
1854,67,49,84,17,217
1855,66,33,84,17,200
1856,50,33,84,17,184
1857,67,34,67,17,185
1858,66,17,67,17,167
1859,67,33,51,32,183
1860,51,33,51,32,167
1861,67,17,66,18,168
1862,67,34,82,17,200
1863,84,50,84,32,250
1864,100,18,84,32,234
1865,51,50,84,32,217
1866,66,18,84,32,200
1867,67,17,67,32,183
1868,67,32,67,33,199
1869,66,17,67,33,183
1870,67,35,65,17,184
1872,67,32,68,32,199
1873,52,32,68,32,184
1875,82,17,84,16,199
1876,65,17,84,16,182
1878,50,18,82,33,183
1879,67,17,66,17,167
1880,67,34,67,32,200
1881,84,49,67,34,234
1882,66,49,67,34,216
1883,67,33,67,34,201
1884,66,17,67,34,184
1885,66,18,83,32,199
1886,67,49,66,18,200
1887,51,49,66,18,184
1888,50,34,66,18,168
1889,67,34,82,17,200
1890,65,18,82,17,182
1891,68,32,67,17,184
1892,51,32,67,17,167
1893,66,18,66,17,167
1894,50,18,66,17,151
1895,50,49,66,19,184
1896,67,17,66,19,169
1897,67,17,134,18,236
1899,50,49,85,18,202
1900,51,32,85,18,186
1901,85,48,85,32,250
1902,68,48,85,32,233
1904,101,49,69,15,234
1905,67,18,118,15,218
1906,66,49,69,15,199
1907,99,18,66,16,199
1908,52,31,69,15,167
1909,67,18,66,16,167
1911,64,36,66,16,182
1912,86,15,67,16,184
1913,84,40,76,17,217
1914,51,15,67,16,149
1915,318,33,66,17,434
1917,55,27,66,17,165
1918,51,16,66,17,150
1919,67,33,100,17,217
1923,50,51,83,16,200
1924,51,34,83,16,184
1926,83,17,67,17,184
1927,66,17,67,17,167
1928,51,17,67,17,152
1930,68,33,66,17,184
1932,50,17,66,17,150
1933,51,34,133,17,235
1934,67,49,101,32,249
1936,66,17,101,32,216
1938,65,18,67,32,182
1940,51,33,66,17,167
1944,51,32,83,18,184
1945,66,17,66,18,167
1946,66,34,65,18,183
1948,68,50,66,17,201
1949,68,33,66,17,184
1951,68,33,66,18,185
1955,83,34,116,17,250
1957,50,34,116,17,217
1958,68,33,83,17,201
1959,51,33,83,17,184
1960,99,17,67,16,199
1961,51,49,67,16,183
1962,65,17,67,16,165
1964,83,17,66,17,183
1965,67,17,66,17,167
1967,67,37,80,32,216
1969,70,13,67,32,182
1970,53,13,67,32,165
1971,67,17,65,17,166
1972,51,17,65,17,150
1974,67,49,51,17,184
1975,82,17,51,17,167
1976,65,17,51,17,150
1978,67,33,50,16,166
1980,68,50,67,32,217
1981,51,50,67,32,200
1982,65,18,67,32,182
1985,83,49,67,17,216
1986,68,49,67,17,201
1987,67,32,67,17,183
1988,66,17,67,17,167
1989,66,18,66,17,167
1990,67,49,84,16,216
1991,65,34,84,16,199
1992,67,17,84,16,184
1993,67,17,67,16,167
1994,83,17,49,34,183
1997,84,50,84,16,234
1999,66,34,84,16,200
2000,49,34,84,16,183
2001,66,17,67,16,166
2002,67,33,67,16,183
2003,84,34,81,17,216
2004,67,34,81,17,199
2005,84,33,65,17,199
2006,67,33,65,17,182
2007,66,17,65,17,165
2008,67,33,83,34,217
2009,99,34,68,33,234
2010,66,49,68,33,216
2011,65,34,68,33,200
2013,66,18,66,17,167
2014,67,50,67,16,200
2015,68,34,67,16,185
2016,67,18,67,16,168
2018,66,17,50,17,150
2025,50,32,66,18,166
2026,66,36,81,17,200
2027,85,48,65,18,216
2028,68,48,65,18,199
2029,53,48,65,18,184
2030,66,18,65,18,167
2031,50,18,65,18,151
2033,67,17,51,32,167
2034,68,51,64,18,201
2035,65,36,64,18,183
2036,67,18,64,18,167
2037,68,32,67,17,184
2039,68,18,66,32,184
2040,100,17,83,17,217
2043,67,17,66,17,167
2045,67,34,84,33,218
2046,66,17,84,33,200
2047,83,33,67,17,200
2049,51,33,67,17,168
2050,67,34,117,33,251
2052,67,50,67,33,217
2053,100,34,66,32,232
2054,67,17,67,33,184
2055,66,34,66,32,198
2056,84,33,65,18,200
2058,64,20,65,18,167
2059,67,33,66,17,183
2060,51,33,66,17,167
2061,66,32,67,17,182
2062,53,32,67,17,169
2063,65,18,66,17,166
2064,50,18,66,17,151
2067,67,34,83,34,218
2068,66,17,83,34,200
2069,67,34,66,17,184
2070,66,18,66,17,167
2071,68,16,67,18,169
2072,100,34,83,17,234
2073,83,34,83,17,217
2074,67,34,83,17,201
2075,66,17,83,17,183
2078,52,15,67,16,150
2080,50,33,50,18,151
2081,65,17,83,17,182
2082,67,33,67,17,184
2083,50,33,67,17,167
2084,85,32,84,17,218
2085,50,50,84,17,201
2086,51,32,84,17,184
2087,67,17,67,17,168
2088,67,33,51,16,167
2090,52,16,51,16,135
2092,67,33,82,18,200
2093,67,16,82,18,183
2094,51,16,82,18,167
2095,82,17,85,16,200
2096,65,17,85,16,183
2097,65,33,68,33,199
2098,82,18,50,33,183
2100,68,34,81,19,202
2102,69,49,51,16,185
2103,52,49,51,16,168
2104,50,33,51,16,150
2105,66,32,68,17,183
2106,317,31,68,34,450
2107,65,19,98,18,200
2108,68,33,65,18,184
2111,52,33,67,32,184
2112,66,50,66,35,217
2113,50,50,66,35,201
2114,65,18,66,35,184
2115,67,17,84,31,199
2116,67,49,66,18,200
2117,82,17,66,18,183
2119,66,35,82,17,200
2121,69,31,68,34,202
2122,52,31,68,34,185
2123,66,18,84,31,199
2124,67,33,82,18,200
2125,82,51,84,32,249
2127,51,51,84,32,218
2128,84,31,53,32,200
2130,82,18,67,34,201
2131,65,18,67,34,184
2132,68,35,66,16,185
2133,84,32,84,16,216
2134,69,32,84,16,201
2135,53,32,84,16,185
2137,84,33,50,33,200
2138,66,33,50,33,182
2139,52,33,50,33,168
2140,67,33,67,32,199
2141,69,16,67,32,184
2144,50,33,66,19,168
2145,66,17,68,16,167
2146,67,49,67,16,199
2148,67,17,67,16,167
2149,66,19,131,18,234
2151,53,48,83,18,202
2152,52,32,83,18,185
2154,64,18,83,32,197
2155,66,32,51,32,181
2156,51,32,51,32,166
2157,66,17,66,18,167
2160,51,16,82,17,166
2161,51,50,84,16,201
2162,66,18,84,16,184
2163,66,32,68,18,184
2164,82,35,66,17,200
2165,67,35,66,17,185
2166,67,18,66,17,168
2167,67,17,66,34,184
2169,52,34,66,33,185
2170,69,32,67,34,202
2171,51,32,67,34,184
2172,66,34,67,15,182
2173,65,19,67,15,166
2176,67,34,115,18,234
2177,52,34,115,18,219
2178,67,33,82,18,200
2179,52,33,82,18,185
2180,67,33,116,17,233
2181,52,33,116,17,218
2182,66,49,67,17,199
2183,51,49,67,17,184
2184,82,18,66,33,199
2185,102,32,67,16,217
2186,67,49,67,16,199
2187,67,32,67,16,182
2188,84,17,116,17,234
2190,66,50,66,17,199
2191,49,50,66,17,182
2192,100,50,51,17,218
2193,67,16,67,34,184
2194,66,50,51,17,184
2195,50,50,51,17,168
2197,66,17,85,15,183
2198,67,34,51,15,167
2199,83,51,66,16,216
2200,68,51,66,16,201
2202,51,34,66,16,167
2203,69,15,51,16,151
2204,51,15,51,16,133
2205,82,18,67,33,200
2206,67,18,67,33,185
2207,66,16,66,18,166
2208,51,16,66,18,151
2209,67,17,67,32,183
2211,100,17,66,32,215
2212,66,18,66,17,167
2213,67,17,66,32,182
2215,99,17,82,17,215
2216,101,49,67,17,234
2217,66,17,82,17,182
2220,66,17,67,17,167
2221,66,18,66,17,167
2222,67,49,67,17,200
2224,67,17,67,17,168
2225,67,17,67,32,183
2226,66,50,83,34,233
2227,300,18,65,18,401
2228,51,33,83,34,201
2230,50,17,66,34,167
2231,99,17,84,32,232
2232,66,17,51,16,150
2233,66,17,84,32,199
2234,66,34,82,18,200
2235,84,34,66,16,200
2237,51,34,66,16,167
2238,68,48,67,16,199
2239,68,32,67,16,183
2240,82,18,65,18,183
2242,66,49,67,17,199
2243,50,49,67,17,183
2248,51,33,67,18,169
2249,67,17,68,15,167
2250,51,17,68,15,151
2251,68,32,51,16,167
2252,52,32,51,16,151
2253,67,18,64,17,166
2254,68,33,82,18,201
2256,51,18,82,18,169
2257,99,19,65,18,201
2259,66,19,65,18,168
2260,82,18,65,17,182
2261,66,18,65,17,166
2262,69,32,67,17,185
2268,50,17,101,33,201
2269,99,17,67,16,199
2271,67,17,67,16,167
2272,50,17,67,16,150
2273,50,34,66,17,167
2274,67,33,65,17,182
2275,84,33,82,17,216
2276,67,33,82,17,199
2277,52,33,82,17,184
2278,66,49,68,17,200
2279,51,49,68,17,185
2280,65,17,68,17,167
2281,66,33,52,17,168
2284,50,35,82,17,184
2287,52,49,66,35,202
2288,52,32,66,35,185
2289,66,16,85,16,183
2290,65,35,66,17,183
2291,83,50,81,17,231
2292,51,18,66,17,152
2293,51,50,81,17,199
2294,85,16,65,17,183
2295,68,16,65,17,166
2296,66,49,66,17,198
2297,51,49,66,17,183
2298,51,32,66,17,166
2299,65,33,68,16,182
2300,65,17,68,16,166
2301,65,18,66,18,167
2302,50,18,66,18,152
2303,101,16,66,18,201
2308,100,18,66,18,202
2310,66,18,66,18,168
2311,81,17,52,32,182
2312,51,32,52,32,167
2313,66,34,84,17,201
2314,50,34,84,17,185
2315,84,32,51,18,185
2316,69,32,51,18,170
2317,52,32,51,18,153
2318,101,35,64,17,217
2319,84,35,64,17,200
2322,51,18,64,17,150
2323,116,17,83,17,233
2326,64,17,83,17,181
2327,66,18,65,17,166
2328,67,33,66,17,183
2329,67,18,66,17,168
2330,68,49,83,33,233
2331,51,49,83,33,216
2332,65,17,83,33,198
2333,67,17,66,33,183
2334,66,34,65,15,180
2335,51,34,65,15,165
2336,51,17,65,15,148
2339,97,19,134,32,282
2340,99,34,50,32,215
2341,62,19,134,32,247
2342,67,34,50,32,183
2343,68,17,50,32,167
2344,51,17,50,32,150
2346,67,49,84,17,217
2347,67,32,84,17,200
2348,50,32,84,17,183
2349,66,18,66,17,167
2352,101,50,68,34,253
2353,67,17,68,17,169
2354,83,33,68,34,218
2355,51,50,68,34,203
2356,51,33,68,34,186
2357,67,18,50,34,169
2358,68,50,84,15,217
2360,85,34,82,32,233
2363,67,16,66,32,181
2364,52,16,66,32,166
2365,99,17,50,33,199
2366,69,32,50,33,184
2367,165,32,52,17,266
2372,50,33,84,17,184
2373,99,18,67,17,201
2374,51,32,52,17,152
2375,65,18,67,17,167
2376,67,34,83,17,201
2377,84,33,67,16,200
2378,69,33,67,16,185
2379,52,33,67,16,168
2380,51,16,67,16,150
2381,50,33,67,17,167
2382,66,34,65,17,182
2384,67,33,65,17,182
2385,50,33,65,17,165
2387,149,34,51,15,249
2388,65,17,67,17,166
2390,65,17,51,17,150
2391,65,17,68,17,167
2392,67,34,51,15,167
2394,68,34,132,18,252
2395,51,34,132,18,235
2396,68,32,67,17,184
2397,68,15,67,17,167
2398,51,15,67,17,150
2399,67,32,68,16,183
2400,65,17,68,16,166
2401,65,17,67,33,182
2404,51,16,67,17,151
2405,50,34,66,17,167
2407,50,50,84,16,200
2408,67,17,84,16,184
2411,52,17,51,16,136
2412,50,17,50,17,134
2413,84,33,67,32,216
2414,68,33,67,32,200
2415,51,33,67,32,183
2417,166,33,66,17,282
2418,66,34,116,16,232
2419,84,49,67,16,216
2420,67,49,67,16,199
2421,51,49,67,16,183
2422,66,17,67,16,166
2423,66,33,66,17,182
2424,65,17,66,17,165
2425,67,17,66,17,167
2427,67,16,75,12,170
2428,67,50,52,17,186
2429,100,25,61,17,203
2430,66,17,52,17,152
2431,66,25,61,17,169
2432,75,27,51,17,170
2433,59,27,51,17,154
2434,103,34,66,17,220
2435,52,34,83,17,186
2436,95,34,99,17,245
2437,49,34,66,17,166
2438,51,17,66,17,151
2439,51,34,99,17,201
2440,68,32,149,17,266
2441,167,15,67,17,266
2443,66,16,116,17,215
2444,99,32,67,17,215
2445,67,17,82,17,183
2446,67,32,67,17,183
2447,67,15,67,17,166
2448,51,15,67,17,150
2449,99,17,118,17,251
2450,99,35,100,15,249
2451,65,17,118,17,217
2453,66,18,100,15,199
2454,68,32,68,15,183
2456,51,16,68,15,150
2457,67,17,83,17,184
2458,66,34,66,17,183
2459,67,17,66,17,167
2462,66,34,66,17,183
2463,66,17,66,17,166
2464,66,34,81,19,200
2465,51,34,81,19,185
2466,68,32,68,16,184
2468,51,15,68,16,150
2469,66,15,52,16,149
2471,64,19,65,17,165
2475,51,33,50,17,151
2476,65,33,67,17,182
2479,50,34,67,16,167
2481,68,15,67,17,167
2482,67,34,67,17,185
2483,67,17,67,17,168
2484,100,34,66,17,217
2485,65,17,51,15,148
2486,101,32,85,16,234
2487,84,32,85,16,217
2488,67,32,85,16,200
2489,300,17,67,18,402
2490,51,15,85,16,167
2492,66,34,52,14,166
2493,66,17,52,14,149
2494,68,33,68,15,184
2495,68,16,68,15,167
2496,51,16,68,15,150
2497,50,33,67,16,166
2498,52,14,67,16,149
2499,65,19,83,15,182
2500,68,32,66,17,183
2501,64,17,66,17,164
2502,100,33,52,14,199
2503,67,17,67,18,169
2504,83,15,52,14,164
2506,66,34,83,18,201
2508,67,32,118,18,235
2509,67,14,118,18,217
2510,52,14,118,18,202
2511,100,18,67,15,200
2512,67,34,67,15,183
2513,65,18,67,15,165
2516,65,36,66,16,183
2518,67,33,99,18,217
2520,51,18,99,18,186
2521,84,32,52,16,184
2522,66,32,52,16,166
2523,67,16,52,16,151
2524,65,34,68,15,182
2525,66,17,68,15,166
2526,66,34,65,18,183
2527,50,34,65,18,167
2529,85,31,67,18,201
2530,68,31,67,18,184
2533,66,16,103,15,200
2534,65,33,70,15,183
2535,67,16,70,15,168
2536,67,34,67,17,185
2537,67,16,67,17,167
2538,103,31,84,15,233
2539,66,20,115,15,216
2541,52,31,84,15,182
2542,67,33,66,17,183
2543,51,33,66,17,167
2544,64,34,67,17,182
2545,65,18,67,17,167
2548,66,35,65,17,183
2550,67,32,69,15,183
2552,52,15,69,15,151
2553,67,16,51,16,150
2554,65,36,65,16,182
2556,50,19,65,16,150
2557,83,34,67,15,199
2559,50,34,67,15,166
2561,66,16,67,18,167
2562,66,35,66,17,184
2563,67,17,66,17,167
2564,67,32,117,17,233
2566,67,34,83,17,201
2567,67,16,83,17,183
2568,100,32,68,16,216
2569,51,34,66,16,167
2570,68,32,68,16,184
2573,83,34,66,16,199
2574,66,34,66,16,182
2575,50,34,66,16,166
2577,100,17,68,16,201
2578,66,34,68,16,184
2580,66,33,51,15,165
2581,50,33,51,15,149
2582,67,35,66,15,183
2583,67,18,66,15,166
2584,68,31,84,16,199
2586,51,15,84,16,166
2587,84,32,84,16,216
2588,66,32,84,16,198
2589,65,17,84,16,182
2590,67,33,67,17,184
2591,66,16,67,17,166
2592,65,34,68,15,182
2593,101,16,84,17,218
2594,67,33,84,17,201
2595,67,16,84,17,184
2596,67,35,66,16,184
2597,100,17,83,17,217
2598,68,32,83,17,200
2599,66,17,83,17,183
2600,50,17,83,17,167
2601,67,17,66,17,167
2602,66,33,67,15,181
2603,51,33,67,15,166
2604,67,33,83,17,200
2606,66,34,66,16,182
2608,67,33,66,21,187
2609,51,33,66,21,171
2611,66,17,54,13,150
2612,66,33,67,16,182
2613,67,17,67,16,167
2614,66,34,66,18,184
2615,71,13,66,18,168
2617,100,17,50,17,184
2618,67,33,50,17,167
2619,62,17,50,17,146
2622,68,32,66,19,185
2623,67,17,66,19,169
2624,50,17,66,19,152
2625,65,18,66,17,166
2626,66,32,118,17,233
2627,66,17,118,17,218
2628,66,34,84,17,201
2629,69,15,84,17,185
2632,51,16,68,15,150
2633,82,34,66,17,199
2635,67,17,66,17,167
2637,52,32,51,17,152
2638,66,34,99,17,216
2639,67,16,99,17,199
2640,83,17,65,17,182
2641,51,34,65,17,167
2642,100,33,67,18,218
2644,66,33,67,18,184
2645,67,15,67,18,167
2647,65,17,68,15,165
2648,67,33,84,17,201
2649,82,35,66,16,199
2650,67,35,66,16,184
2651,68,17,66,16,167
2652,51,17,66,16,150
2654,67,34,67,16,184
2655,66,17,67,16,166
2656,66,33,166,18,283
2657,101,17,67,16,201
2658,67,34,67,16,184
2659,67,17,67,16,167
2661,51,33,67,15,166
2663,84,33,166,16,299
2664,67,33,166,16,282
2665,51,33,166,16,266
2666,67,32,66,19,184
2669,49,34,51,16,150
2671,51,32,119,15,217
2672,85,16,84,15,200
2673,67,16,84,15,182
2675,83,33,67,17,200
2678,66,33,68,17,184
2679,68,15,68,17,168
2680,51,15,68,17,151
2681,50,34,118,15,217
2683,66,17,84,15,182
2684,51,17,84,15,167
2685,100,17,67,17,201
2687,66,17,67,17,167
2688,66,33,66,18,183
2689,67,15,66,18,166
2690,52,15,66,18,151
2691,67,17,66,16,166
2692,67,32,68,17,184
2694,51,15,68,17,151
2695,67,16,67,17,167
2696,66,34,84,15,199
2697,65,18,84,15,182
2698,50,18,84,15,167
2700,67,32,67,17,183
2701,68,15,67,17,167
2702,84,15,67,17,183
2703,67,15,67,17,166
2704,51,15,67,17,150
2705,82,34,67,17,200
2706,67,34,67,17,185
2707,65,17,67,17,166
2710,51,17,84,15,167
2711,51,33,66,18,168
2712,67,34,67,15,183
2713,67,17,67,15,166
2714,67,32,67,17,183
2716,66,35,82,18,201
2717,67,17,82,18,184
2718,67,32,68,15,182
2719,65,17,68,15,165
2722,66,34,65,17,182
2723,67,18,65,17,167
2724,68,33,66,17,184
2726,67,32,51,16,166
2727,68,15,51,16,150
2729,67,17,83,17,184
2730,66,33,67,17,183
2731,66,16,67,17,166
2732,51,16,67,17,151
2734,100,34,99,17,250
2735,66,17,67,17,167
2736,67,34,99,17,217
2737,84,33,66,17,200
2738,67,33,66,17,183
2739,51,33,66,17,167
2741,67,16,83,17,183
2742,66,33,67,17,183
2743,68,16,67,17,168
2745,66,16,100,17,199
2746,50,16,100,17,183
2747,66,17,66,17,166
2749,67,17,82,17,183
2750,51,17,82,17,167
2751,51,32,67,18,168
2752,66,34,83,16,199
2754,66,33,84,17,200
2755,66,17,84,17,184
2756,100,33,85,15,233
2757,68,15,68,15,166
2758,66,33,85,15,199
2759,67,16,85,15,183
2760,66,35,65,17,183
2761,66,17,65,17,165
2763,51,33,101,16,201
2767,50,34,67,17,168
2768,66,35,64,17,182
2770,69,32,67,17,185
2771,52,32,67,17,168
2772,67,32,52,17,168
2774,64,35,82,17,198
2775,65,18,82,17,182
2776,67,34,65,18,184
2780,66,33,67,17,183
2782,65,33,51,16,165
2783,68,15,51,16,150
2784,51,15,51,16,133
2785,84,33,84,16,217
2786,67,33,84,16,200
2787,66,16,84,16,182
2788,100,34,84,17,235
2789,68,15,67,16,166
2790,66,34,84,17,201
2791,66,17,84,17,184
2792,67,33,51,17,168
2793,82,34,100,17,233
2794,67,34,100,17,218
2798,51,17,83,15,166
2799,52,33,50,15,150
2800,67,33,67,17,184
2802,66,32,52,17,167
2803,100,17,83,16,216
2804,50,15,52,17,134
2805,100,17,65,18,200
2806,67,34,65,18,184
2807,67,17,65,18,167
2808,52,17,65,18,152
2810,66,33,67,18,184
2811,66,16,67,18,167
2812,65,33,52,15,165
2813,68,15,52,15,150
2814,51,15,52,15,133
2815,83,33,51,16,183
2816,85,15,51,16,167
2817,67,15,51,16,149
2819,84,32,51,16,183
2821,66,16,51,16,149
2822,51,16,51,16,134
2823,67,18,51,13,149
2827,99,18,82,17,216
2828,51,13,51,16,131
2829,65,18,82,17,182
2830,67,32,67,17,183
2831,64,16,67,17,164
2832,51,16,67,17,151
2833,67,17,68,16,168
2834,66,33,51,17,167
2835,66,17,51,17,151
2836,67,35,83,15,200
2837,67,18,83,15,183
2838,68,33,116,16,233
2839,52,33,116,16,217
2841,51,34,82,16,183
2842,67,31,67,16,181
2844,65,35,66,17,183
2845,50,35,66,17,168
2849,65,18,83,17,183
2850,66,34,66,17,183
2851,67,17,66,17,167
2852,51,17,66,17,151
2855,66,17,66,17,166
2856,66,37,62,17,182
2857,67,20,62,17,166
2858,100,33,68,17,218
2859,54,29,67,17,167
2860,66,33,68,17,184
2861,66,16,68,17,167
2863,66,17,51,15,149
2865,84,32,100,18,234
2866,51,17,100,16,184
2867,51,32,100,18,201
2869,66,17,66,18,167
2870,166,33,66,17,282
2871,66,17,83,16,182
2872,68,32,67,18,185
2873,51,32,67,18,168
2874,66,34,84,15,199
2875,182,34,67,18,301
2876,66,33,66,17,182
2879,67,16,66,17,166
2880,67,32,84,17,200
2881,82,34,67,18,201
2882,66,34,67,18,185
2883,99,17,82,17,215
2885,66,17,82,17,182
2886,68,33,84,15,200
2887,67,17,84,15,183
2888,67,33,100,17,217
2889,50,33,100,17,200
2890,66,33,67,17,183
2891,66,17,67,17,167
2892,66,33,51,17,167
2893,66,15,51,17,149
2895,84,34,83,18,219
2896,67,34,83,18,202
2897,101,16,67,15,199
2899,68,16,67,15,166
2901,51,32,67,18,168
2903,83,32,66,18,199
2904,67,32,66,18,183
2905,52,32,66,18,168
2906,67,33,83,17,200
2907,68,15,83,17,183
2908,50,15,83,17,165
2909,101,17,65,17,200
2910,66,35,65,17,183
2911,66,17,65,17,165
2912,68,32,101,15,216
2913,66,17,101,15,199
2914,67,33,68,15,183
2916,65,35,84,16,200
2917,102,16,99,16,233
2918,68,33,99,16,216
2922,66,34,66,16,182
2924,51,16,66,16,149
2926,66,34,66,18,184
2927,64,18,66,18,166
2928,66,34,66,17,183
2930,68,32,51,17,168
2932,51,15,51,17,134
2934,66,34,82,16,198
2936,51,17,82,16,166
2937,83,32,119,15,249
2939,67,15,119,15,216
2942,65,35,99,17,216
2943,66,17,99,17,199
2945,67,18,65,17,167
2946,69,32,78,9,188
2947,68,15,78,9,170
2949,50,33,70,17,170
2951,65,28,76,18,187
2952,78,25,69,17,189
2954,70,34,116,17,237
2955,53,34,116,17,220
2957,67,18,81,17,183
2959,52,33,65,16,166
2960,52,16,65,16,149
2962,64,34,66,18,182
2963,64,17,66,18,165
2964,65,33,66,17,181
2967,67,16,67,17,167
2968,168,31,67,18,284
2972,50,17,66,18,151
2973,66,18,82,16,182
2975,68,15,67,18,168
2976,100,33,84,18,235
2977,67,16,51,16,150
2978,65,33,84,18,200
2979,66,16,84,18,184
2980,67,34,68,15,184
2981,67,16,68,15,166
2984,67,35,65,18,185
2987,52,32,69,14,167
2988,67,33,67,17,184
2989,67,16,67,17,167
2990,65,36,65,16,182
2993,52,31,84,15,182
2995,66,17,65,19,167
2996,65,32,52,15,164
2999,67,15,68,15,165
3000,65,34,67,17,183
3002,52,15,67,17,151
3003,83,33,67,17,200
3004,101,34,65,17,217
3005,64,18,67,17,166
3006,67,34,65,17,183
3008,67,33,67,16,183
3010,99,35,82,18,234
3011,67,15,51,18,151
3012,65,35,82,18,200
3014,67,34,66,16,183
3015,66,18,66,16,166
3016,51,18,66,16,151
3017,100,18,66,17,201
3018,66,34,66,17,183
3019,66,18,66,17,167
3021,66,17,116,16,215
3022,67,33,83,16,199
3023,51,33,83,16,183
3024,66,34,84,14,198
3027,66,16,100,17,199
3031,68,14,51,16,149
3032,52,14,51,16,133
3033,100,16,51,16,183
3034,67,33,51,16,167
3037,81,34,52,15,182
3039,101,15,68,16,200
3040,51,16,52,15,134
3042,52,15,68,16,151
3043,68,15,66,18,167
3044,52,15,66,18,151
3047,65,16,66,19,166
3051,67,15,69,17,168
3053,117,32,51,17,217
3054,67,34,66,17,184
3055,84,32,51,17,184
3056,69,32,51,17,169
3057,67,15,51,17,150
3060,66,34,66,17,183
3062,51,17,66,17,151
3063,51,32,84,16,183
3064,66,34,50,16,166
3065,67,16,50,16,149
3066,66,34,66,17,183
3067,99,16,51,16,182
3070,50,16,51,16,133
3071,100,16,100,17,233
3073,100,18,65,17,200
3074,51,16,100,17,184
3075,66,18,65,17,166
3077,51,33,66,15,165
3078,68,32,67,17,184
3080,65,34,65,18,182
3082,66,33,50,16,165
3083,66,18,50,16,150
3084,49,18,50,16,133
3085,67,15,67,19,168
3086,65,34,52,14,165
3089,66,16,67,18,167
3090,67,33,52,15,167
3091,68,14,52,15,149
3092,52,14,52,15,133
3093,83,33,51,18,185
3096,52,15,51,18,136
3097,50,35,66,17,168
3098,68,34,66,17,185
3099,66,18,66,17,167
3100,51,18,66,17,152
3103,67,17,65,17,166
3106,99,34,68,15,216
3108,65,34,68,15,182
3109,65,17,68,15,165
3110,66,33,84,17,200
3113,50,35,66,17,168
3116,67,34,67,15,183
3120,51,16,67,17,151
3121,67,17,66,17,167
3123,65,18,83,17,183
3124,67,33,67,17,184
3125,50,33,67,17,167
3126,66,34,66,17,183
3127,51,34,66,17,168
3129,66,17,100,15,198
3130,67,33,67,15,182
3131,50,33,67,15,165
3132,66,32,68,18,184
3134,50,15,68,18,151
3135,83,33,83,18,217
3136,67,33,83,18,201
3137,101,15,68,16,200
3138,50,18,83,18,169
3140,51,15,68,16,150
3141,68,16,51,16,151
3142,66,35,67,15,183
3143,83,32,66,18,199
3144,68,32,66,18,184
3145,51,32,66,18,167
3146,51,16,66,18,151
3147,66,19,82,17,184
3148,67,31,68,16,182
3149,66,16,68,16,166
3150,66,34,67,18,185
3151,50,34,67,18,169
3155,50,33,101,16,200
3156,67,33,68,16,184
3159,67,17,83,17,184
3160,67,34,66,17,184
3162,51,17,66,17,151
3164,166,35,65,17,283
3165,66,17,66,18,167
3166,66,34,67,15,182
3167,50,34,67,15,166
3168,67,32,67,16,182
3169,51,32,67,16,166
3170,66,35,65,17,183
3171,99,17,66,18,200
3172,67,32,66,18,183
3175,49,33,67,17,166
3177,67,16,51,16,150
3178,66,34,83,17,200
3179,300,17,66,18,401
3180,67,33,67,18,185
3181,67,16,67,18,168
3186,67,34,65,17,183
3187,67,16,65,17,165
3191,64,17,68,17,166
3193,65,17,66,18,166
3195,67,18,50,17,152
3197,51,32,67,17,167
3200,50,17,66,17,150
3202,67,34,83,17,201
3204,66,33,67,18,184
3205,67,16,67,18,168
3206,51,16,67,18,152
3207,66,17,52,17,152
3208,66,34,67,15,182
3211,69,17,65,17,168
3212,101,33,68,16,218
3213,99,18,68,16,201
3215,64,18,68,16,166
3217,68,16,51,17,152
3219,68,18,64,18,168
3220,68,33,66,17,184
3221,51,33,66,17,167
3222,51,17,66,17,151
3223,51,31,52,16,150
3224,64,35,82,18,199
3225,66,17,82,18,183
3226,66,33,67,15,181
3227,67,16,67,15,165
3228,52,16,67,15,150
3229,67,17,66,17,167
3230,67,33,68,14,182
3232,67,33,66,16,182
3234,66,35,64,17,182
3235,51,35,64,17,167
3236,68,31,86,15,200
3237,53,31,86,15,185
3238,66,33,53,15,167
3239,65,17,53,15,150
3240,64,34,68,16,182
3241,67,17,68,16,168
3244,102,31,52,16,201
3247,98,17,82,17,214
3248,65,35,82,17,199
3252,52,16,66,17,151
3253,99,17,84,16,216
3254,67,32,84,16,199
3256,66,34,66,18,184
3257,66,17,66,18,167
3258,66,34,82,18,200
3259,68,17,82,18,185
3260,51,17,82,18,168
3261,67,16,68,16,167
3263,67,15,51,16,149
3265,66,18,117,14,215
3267,66,16,85,14,181
3268,51,16,85,14,166
3269,84,34,83,17,218
3270,66,34,83,17,200
3272,51,17,83,17,168
3273,68,14,69,15,166
3277,66,17,82,16,181
3278,52,17,82,16,167
3279,51,32,101,16,200
3280,66,34,67,16,183
3281,66,17,67,16,166
3282,66,32,68,17,183
3283,67,16,68,17,168
3285,67,17,67,15,166
3286,67,33,83,17,200
3287,51,33,83,17,184
3288,102,33,50,17,202
3289,50,34,66,17,167
3296,50,17,66,18,151
3297,51,32,52,15,150
3298,50,16,52,15,133
3299,66,17,84,15,182
3300,66,33,66,17,182
3301,83,33,100,18,234
3302,52,15,66,17,150
3303,50,33,100,18,201
3304,66,33,67,18,184
3305,81,35,65,18,199
3306,51,15,67,18,151
3307,50,35,65,18,168
3308,68,32,100,18,218
3309,82,33,118,17,250
3310,67,33,118,17,235
3312,100,32,68,16,216
3313,67,17,83,17,184
3314,84,16,68,16,184
3315,66,16,68,16,166
3316,51,16,68,16,151
3317,67,17,65,17,166
3318,67,33,66,17,183
3319,67,17,66,17,167
3321,50,32,51,16,149
3322,65,34,84,17,200
3323,66,17,84,17,184
3324,66,33,101,17,217
3325,83,34,67,17,201
3326,101,34,67,18,220
3327,50,34,67,17,168
3328,67,34,67,18,186
3329,67,17,67,18,169
3330,101,34,65,18,218
3331,66,17,52,13,148
3332,84,17,65,18,184
3334,50,17,65,18,150
3337,65,17,67,17,166
3339,65,15,101,17,198
3341,84,33,51,15,183
3343,66,16,51,15,148
3344,67,34,82,17,200
3345,65,18,82,17,182
3346,67,32,101,16,216
3347,67,15,101,16,199
3351,65,17,68,16,166
3354,51,16,50,16,133
3356,68,32,118,16,234
3357,66,16,118,16,216
3358,50,16,118,16,200
3359,67,17,67,17,168
3360,66,33,67,18,184
3361,66,17,67,18,168
3362,67,34,66,17,184
3364,67,33,116,17,233
3366,51,16,116,17,200
3367,50,33,83,17,183
3369,66,18,98,17,199
3370,68,32,100,16,216
3372,67,33,67,16,183
3373,66,17,67,16,166
3375,50,33,50,18,151
3376,66,34,83,18,201
3378,83,18,67,15,183
3379,51,34,67,15,167
3380,101,34,65,17,217
3382,67,34,65,17,183
3384,67,32,117,17,233
3389,50,35,66,16,167
3390,50,18,66,16,150
3391,50,32,85,14,181
3392,67,34,65,19,185
3393,67,17,65,19,168
3395,102,14,84,17,217
3396,67,32,84,17,200
3397,101,16,66,17,200
3398,65,35,66,17,183
3399,68,16,66,17,167
3401,83,32,67,16,198
3403,65,17,67,16,165
3404,66,33,68,15,182
3406,65,34,67,15,181
3407,67,17,67,15,166
3410,68,33,66,17,184
3411,51,33,66,17,167
3412,67,34,83,16,200
3414,67,32,67,17,183
3415,68,16,67,17,168
3416,66,34,50,16,166
3418,66,33,67,17,183
3420,67,33,51,15,166
3421,67,16,51,15,149
3423,66,17,99,19,201
3424,67,32,67,19,185
3425,67,15,67,19,168
3426,101,32,68,16,217
3427,67,17,51,15,150
3428,67,32,68,16,183
3432,51,15,83,17,166
3433,51,34,66,16,167
3434,68,32,101,17,218
3435,65,16,101,17,199
3437,99,17,100,17,233
3439,66,17,100,17,200
3440,67,34,66,17,184
3441,67,17,66,17,167
3442,67,32,51,16,166
3445,66,17,67,16,166
3447,66,16,67,18,167
3448,51,16,67,18,152
3450,67,33,68,15,183
3451,66,17,68,15,166
3453,68,15,151,16,250
3454,51,15,151,16,233
3456,68,32,84,16,200
3457,65,17,84,16,182
3458,67,34,66,16,183
3459,67,17,66,16,166
3461,184,36,82,17,319
3462,67,33,67,18,185
3463,67,16,67,18,168
3464,50,16,67,18,151
3465,49,33,52,18,152
3466,66,34,69,16,185
3467,83,36,82,17,218
3468,85,18,82,17,202
3469,51,36,82,17,186
3470,52,18,82,17,169
3471,69,34,65,17,185
3472,99,32,84,17,232
3473,51,34,65,17,167
3474,67,32,84,17,200
3475,67,17,84,17,185
3476,66,33,68,15,182
3478,65,35,82,17,199
3480,68,33,84,14,199
3481,67,17,84,14,182
3482,68,33,51,14,166
3483,51,33,51,14,149
3486,84,14,68,17,183
3487,51,32,68,17,168
3488,51,14,68,17,150
3492,68,34,65,18,185
3493,67,17,65,18,167
3494,50,17,65,18,150
3495,51,33,101,15,200
3496,67,32,69,15,183
3497,100,16,68,17,201
3499,83,35,65,18,201
3500,50,16,68,17,151
3501,51,35,65,18,169
3502,69,33,66,17,185
3504,100,34,66,16,216
3505,67,15,133,17,232
3507,50,34,66,16,166
3508,99,33,67,16,215
3509,99,16,67,16,198
3510,67,33,67,16,183
3511,66,16,67,16,165
3512,99,34,68,15,216
3513,65,17,67,17,166
3517,51,33,67,17,168
3518,67,35,82,17,201
3522,67,34,82,18,201
3523,67,17,82,18,184
3525,67,17,67,13,164
3526,67,33,66,17,183
3527,50,33,66,17,166
3530,99,35,65,17,216
3531,52,32,84,16,184
3533,50,35,65,17,167
3537,67,16,151,16,250
3538,65,34,66,17,182
3539,66,17,66,17,166
3540,67,34,99,16,216
3541,84,32,67,16,199
3542,51,17,99,16,183
3543,51,32,67,16,166
3546,99,34,67,16,216
3547,66,16,68,16,166
3548,67,34,67,16,184
3549,66,18,67,16,167
3551,65,19,82,17,183
3553,52,33,66,16,167
3554,67,32,85,15,199
3555,52,32,85,15,184
3556,65,34,66,17,182
3559,50,33,67,15,165
3561,68,15,67,17,167
3562,51,15,67,17,150
3563,67,17,83,16,183
3564,67,33,66,18,184
3565,64,18,66,18,166
3566,67,33,84,16,200
3569,68,16,67,17,168
3571,100,16,67,16,199
3572,84,16,67,16,183
3573,67,16,67,16,166
3574,67,35,82,17,201
3575,66,18,82,17,183
3576,68,32,117,17,234
3577,51,32,117,17,217
3578,67,34,83,17,201
3582,50,17,67,17,151
3583,51,33,51,16,151
3584,66,34,66,18,184
3587,51,33,67,15,166
3588,51,16,67,15,149
3590,66,34,66,17,183
3591,67,16,66,17,166
3592,99,34,67,18,218
3593,51,32,51,16,150
3595,65,17,67,18,167
3596,66,33,67,16,182
3597,51,33,67,16,167
3598,51,16,67,16,150
3599,50,34,117,17,218
3602,67,34,67,15,183
3603,66,18,67,15,166
3604,167,33,85,15,300
3605,49,32,135,16,232
3606,66,35,83,17,201
3608,67,33,118,15,233
3609,50,33,118,15,216
3610,68,33,85,15,201
3611,66,17,85,15,183
3612,66,34,66,17,183
3614,50,17,66,17,150
3615,102,15,67,17,201
3616,68,32,67,17,184
3617,68,15,67,17,167
3618,51,15,67,17,150
3622,67,33,101,16,217
3623,67,16,101,16,200
3624,67,33,68,16,184
3626,66,33,68,18,185
3627,49,33,68,18,168
3629,69,16,82,17,184
3630,52,16,82,17,167
3631,52,33,66,17,168
3633,67,14,51,16,148
3635,100,16,67,16,199
3636,66,33,67,16,182
3637,65,16,67,16,164
3638,51,16,67,16,150
3639,66,17,67,16,166
3641,83,33,67,18,201
3642,100,33,52,15,200
3643,51,33,67,18,169
3644,67,33,52,15,167
3645,50,33,52,15,150
3646,66,34,66,17,183
3647,67,17,66,17,167
3648,85,15,68,16,184
3650,100,35,83,16,234
3651,83,35,83,16,217
3652,66,35,83,16,200
3653,65,18,83,16,182
3654,68,32,67,17,184
3658,66,33,67,16,182
3661,66,16,99,18,199
3664,67,33,66,18,184
3669,67,16,101,17,201
3672,67,34,51,15,167
3673,117,32,101,17,267
3674,51,16,51,15,133
3675,83,32,101,17,233
3676,68,32,101,17,218
3678,51,15,101,17,184
3682,68,33,65,18,184
3684,67,33,84,17,201
3685,83,32,69,15,199
3686,50,16,84,17,167
3688,65,34,101,17,217
3689,66,16,101,17,200
3691,67,17,66,17,167
3692,84,18,83,16,201
3693,51,33,83,16,183
3694,101,34,81,17,233
3697,68,17,81,17,183
3698,83,16,100,17,216
3699,102,17,65,17,201
3700,50,16,100,17,183
3702,67,31,68,16,182
3703,65,17,68,16,166
3705,65,17,68,16,166
3708,51,17,66,18,152
3709,51,34,132,17,234
3710,68,32,67,16,183
3711,51,32,67,16,166
3712,66,34,83,17,200
3713,68,16,83,17,184
3714,66,33,50,17,166
3715,66,17,50,17,150
3716,100,34,84,16,234
3717,99,17,84,16,216
3718,66,34,84,16,200
3719,67,17,84,16,184
3720,50,17,84,16,167
3722,67,34,84,17,202
3723,66,18,84,17,185
3724,67,33,68,15,183
3725,67,16,68,15,166
3726,67,34,66,18,185
3727,51,34,66,18,169
3728,67,34,83,17,201
3729,67,17,83,17,184
3731,52,32,68,16,168
3735,68,17,65,17,167
3736,100,33,85,16,234
3737,165,17,101,15,298
3739,67,15,85,16,183
3740,50,15,85,16,166
3741,99,17,101,15,232
3742,66,34,101,15,216
3744,67,34,67,15,183
3745,84,33,67,16,200
3746,52,16,67,15,150
3750,67,33,66,17,183
3751,52,33,66,17,168
3752,67,33,82,17,199
3753,52,33,82,17,184
3754,66,33,66,17,182
3755,101,17,82,17,217
3756,66,34,82,17,199
3757,67,17,82,17,183
3758,67,32,67,17,183
3760,66,34,66,17,183
3761,49,34,66,17,166
3762,66,33,67,16,182
3763,67,17,67,16,167
3766,100,34,66,16,216
3768,67,34,66,16,183
3769,84,32,67,17,200
3770,68,32,67,17,184
3771,66,17,67,17,167
3772,66,34,100,18,218
3774,99,34,51,16,200
3775,151,34,67,15,267
3777,66,17,51,16,150
3780,67,34,67,15,183
3781,50,34,67,15,166
3782,51,16,67,15,149
3783,51,33,67,16,167
3784,67,34,66,15,182
3785,64,19,66,15,164
3786,67,33,66,16,182
3788,67,33,82,17,199
3789,52,33,82,17,184
3791,66,18,66,18,168
3792,66,33,51,16,166
3793,66,17,51,16,150
3794,82,17,101,17,217
3795,67,17,101,17,202
3796,84,16,67,17,184
3797,68,16,67,17,168
3798,51,16,67,17,151
3800,67,34,83,17,201
3801,66,17,83,17,183
3802,67,33,67,16,183
3803,68,16,67,16,167
3804,51,16,67,16,150
3806,66,34,66,16,182
3807,83,33,99,17,232
3808,100,33,66,17,216
3809,66,17,99,17,199
3810,67,33,66,17,183
3811,67,16,66,17,166
3812,50,16,66,17,149
3814,49,18,67,17,151
3816,66,35,83,17,201
3817,67,18,83,17,185
3818,67,32,68,16,183
3819,50,32,68,16,166
3822,64,36,83,15,198
3827,50,34,67,15,166
3829,67,15,68,17,167
3830,65,36,66,17,184
3831,68,18,66,17,169
3832,99,34,98,17,248
3833,66,17,83,17,183
3834,68,34,98,17,217
3835,84,32,101,17,234
3836,66,32,101,17,216
3837,51,32,101,17,201
3838,66,34,67,17,184
3839,66,17,67,17,167
3841,66,15,52,16,149
3842,66,35,67,16,184
3843,101,16,82,17,216
3844,67,33,82,17,199
3845,67,16,82,17,182
3846,52,16,82,17,167
3847,68,17,65,16,166
3850,66,33,52,16,167
3851,82,33,67,16,198
3852,65,33,67,16,181
3853,65,17,67,16,165
3854,66,35,82,17,200
3855,69,16,82,17,184
3857,100,19,65,17,201
3860,67,32,84,17,200
3861,65,17,84,17,183
3864,65,34,68,17,184
3865,67,17,68,17,169
3866,67,34,66,18,185
3867,68,17,66,18,169
3868,68,34,67,15,184
3870,68,32,150,17,267
3871,51,32,150,17,250
3873,68,17,115,17,217
3874,67,32,83,17,199
3876,50,17,83,17,167
3878,65,33,67,17,182
3879,100,17,68,15,200
3880,66,34,68,15,183
3881,65,17,68,15,165
3882,67,33,83,18,201
3883,84,35,66,17,202
3885,50,35,66,17,168
3886,68,31,52,15,166
3888,101,32,68,16,217
3890,66,32,68,16,182
3892,102,33,66,18,219
3893,85,33,66,18,202
3894,67,33,66,18,184
3896,50,18,66,18,152
3897,51,32,52,15,150
3899,67,17,84,15,183
3900,66,33,66,18,183
3901,50,33,66,18,167
3903,50,34,67,17,168
3905,66,15,52,15,148
3907,67,17,99,18,201
3909,67,15,67,18,167
3910,52,15,67,18,152
3911,67,16,101,16,200
3912,66,33,68,16,183
3914,67,33,51,16,167
3915,67,15,51,16,149
3917,65,18,83,17,183
3918,68,32,99,17,216
3919,66,16,99,17,198
3920,51,16,99,17,183
3922,67,33,66,16,182
3923,67,17,66,16,166
3925,67,14,69,15,165
3926,64,35,83,16,198
3927,65,18,83,16,182
3928,66,34,65,17,182
3929,65,18,65,17,165
3930,51,18,65,17,151
3931,52,32,83,19,186
3932,66,33,69,16,184
3933,67,16,69,16,168
3935,67,16,101,18,202
3937,66,19,65,18,168
3939,52,33,66,16,167
3942,65,34,66,17,182
3943,99,16,68,18,201
3944,66,32,68,18,184
3945,67,16,68,18,169
3946,66,34,52,15,167
3947,67,15,52,15,149
3950,68,33,68,15,184
3951,67,15,68,15,165
3952,52,15,68,15,150
3953,84,34,65,17,200
3955,83,32,99,17,231
3956,68,32,99,17,216
3957,102,15,66,17,200
3958,66,33,66,17,182
3959,67,15,66,17,165
3960,65,32,118,17,232
3961,67,15,118,17,217
3962,65,34,84,17,200
3964,66,35,66,16,183
3966,51,18,66,16,151
3967,52,31,69,15,167
3970,66,34,82,17,199
3973,51,32,85,16,184
3974,66,33,52,16,167
3975,68,15,52,16,151
3976,65,34,67,17,183
3978,67,34,65,18,184
3980,52,16,65,18,151
3981,51,33,84,17,185
3983,66,15,69,15,165
3984,65,35,82,18,200
3986,67,34,98,17,216
3987,67,17,98,17,199
3988,52,17,98,17,184
3990,67,33,83,17,200
3991,65,18,83,17,183
3992,66,32,68,17,183
3993,51,32,68,17,168
3994,65,34,83,18,200
3995,67,17,83,18,185
3996,66,34,67,16,183
3997,66,17,67,16,166
3999,51,34,67,15,167
4000,68,33,66,17,184
4002,67,34,82,16,199
4005,52,32,66,17,167
4006,66,37,79,18,200
4007,67,20,79,18,184
4008,69,29,68,16,182
4010,66,35,65,17,183
4011,66,18,65,17,166
4012,64,33,67,17,181
4014,68,32,52,16,168
4016,100,33,66,18,217
4019,51,33,66,18,168
4020,52,16,66,18,152
4021,99,18,51,15,183
4022,99,33,66,18,216
4023,64,18,51,15,148
4024,66,33,66,18,183
4026,52,15,66,18,151
4027,51,33,67,17,168
4028,51,15,67,17,150
4029,81,34,68,16,199
4030,66,34,68,16,184
4031,66,16,68,16,166
4032,100,35,66,20,221
4033,66,16,51,18,151
4034,67,35,66,20,188
4035,66,18,66,20,170
4036,68,34,52,12,166
4037,67,18,52,12,149
4042,52,12,102,16,182
4043,49,33,69,16,167
4045,62,17,51,15,145
4046,67,35,98,18,218
4047,67,17,98,18,200
4048,69,31,85,15,200
4049,52,31,85,15,183
4051,83,32,83,18,216
4052,66,32,83,18,199
4053,67,15,83,18,183
4055,67,15,68,15,165
4057,66,17,66,17,166
4058,51,17,66,17,151
4060,50,18,50,18,136
4061,65,18,85,16,184
4062,66,35,66,16,183
4063,68,18,66,16,168
4064,50,18,66,16,150
4065,53,31,51,16,151
4066,66,35,65,18,184
4067,68,16,65,18,167
4068,66,32,66,17,181
4069,51,32,66,17,166
4070,51,16,66,17,150
4071,81,33,51,16,181
4072,65,33,51,16,165
4073,67,15,51,16,149
4074,51,15,51,16,133
4075,66,18,84,15,183
4076,68,32,67,16,183
4077,66,16,67,16,165
4081,68,15,83,17,183
4082,67,33,67,17,184
4083,65,17,67,17,166
4084,65,35,82,18,200
4085,66,17,82,18,183
4087,67,17,68,16,168
4089,66,17,67,16,166
4090,66,34,83,17,200
4093,67,17,67,15,166
4094,67,33,66,16,182
4095,51,33,66,16,166
4096,66,34,85,13,198
4098,99,33,68,16,216
4100,66,33,68,16,183
4101,65,17,68,16,166
4103,168,17,67,16,268
4104,66,35,67,17,185
4105,101,17,51,15,184
4106,68,33,51,15,167
4107,64,17,51,15,147
4108,51,17,51,15,134
4109,67,17,67,16,167
4110,67,32,51,16,166
4111,51,32,51,16,150
4112,51,15,51,16,133
4114,67,32,67,16,182
4115,50,32,67,16,165
4116,51,16,67,16,150
4117,99,17,67,16,199
4119,66,17,67,16,166
4120,67,34,66,16,183
4121,51,34,66,16,167
4122,68,33,67,15,183
4123,66,18,67,15,166
4124,166,34,66,20,286
4127,67,18,66,17,168
4128,67,32,51,15,165
4129,100,17,66,20,203
4130,66,34,66,20,186
4131,84,32,54,12,182
4133,51,32,54,12,149
4135,103,12,68,16,199
4137,69,12,68,16,165
4138,54,12,68,16,150
4139,68,15,101,18,202
4140,51,15,101,18,185
4142,68,34,51,15,168
4144,50,18,51,15,134
4146,67,33,83,17,200
4147,51,33,83,17,184
4148,51,15,83,17,166
4149,100,17,51,15,183
4150,100,33,67,17,217
4152,67,33,67,17,184
4153,66,17,67,17,167
4154,67,33,68,17,185
4155,151,33,132,18,334
4158,67,34,82,18,201
4161,51,33,132,18,234
4162,51,16,132,18,217
4164,66,34,65,18,183
4165,65,18,65,18,166
4166,67,33,65,17,182
4168,67,32,69,15,183
4169,51,32,69,15,167
4170,65,33,68,17,183
4173,65,19,65,17,166
4175,301,15,67,16,399
4177,68,16,51,15,150
4178,99,32,101,18,250
4179,67,17,67,17,168
4180,67,32,101,18,218
4181,67,15,101,18,201
4182,51,15,101,18,185
4183,84,32,52,15,183
4186,52,15,52,15,134
4187,66,17,66,17,166
4188,66,33,67,16,182
4189,67,15,67,16,165
4190,52,15,67,16,150
4191,68,15,50,17,150
4193,98,17,101,17,233
4195,65,17,101,17,200
4196,101,33,117,17,268
4197,101,16,117,17,251
4198,67,33,117,17,234
4199,68,16,117,17,218
4201,50,34,83,17,184
4202,67,32,68,16,183
4203,67,15,68,16,166
4204,51,15,68,16,150
4206,66,34,66,17,183
4207,66,17,66,17,166
4208,101,33,83,17,234
4209,51,33,50,16,150
4212,66,33,67,16,182
4213,50,33,67,16,166
4214,50,16,67,16,149
4216,66,34,67,17,184
4217,83,34,65,18,200
4218,67,34,65,18,184
4220,68,33,50,16,167
4223,51,32,68,16,167
4225,66,16,84,18,184
4226,50,16,84,18,168
4227,83,33,67,16,199
4228,68,33,67,16,184
4229,166,17,66,18,267
4231,66,18,65,17,166
4232,68,32,99,18,217
4233,52,32,99,18,201
4234,67,33,66,18,184
4235,66,17,66,18,167
4236,65,34,83,15,197
4237,67,17,83,15,182
4238,67,32,66,19,184
4239,66,17,66,19,168
4242,67,31,51,18,167
4244,51,15,51,18,135
4245,67,16,66,17,166
4247,99,17,100,17,233
4248,51,18,67,15,151
4249,82,35,99,17,233
4250,66,35,99,17,217
4251,67,18,99,17,201
4253,52,32,67,17,168
4255,66,17,51,17,151
4257,50,34,66,17,167
4259,51,34,65,17,167
4260,51,17,65,17,150
4263,66,16,68,17,167
4264,65,34,51,16,166
4265,50,34,51,16,151
4266,67,34,67,15,183
4268,85,16,66,17,184
4269,51,33,66,17,167
4270,51,16,66,17,150
4271,66,18,83,16,183
4273,99,17,64,20,200
4276,66,33,83,17,199
4277,68,16,83,17,184
4279,50,31,52,17,150
4282,51,16,117,17,201
4283,67,17,84,17,185
4285,65,18,67,16,166
4286,67,33,66,17,183
4287,51,33,66,17,167
4288,67,34,66,17,184
4290,67,32,51,17,167
4291,51,32,51,17,151
4292,66,34,83,16,199
4293,66,17,83,16,182
4296,51,17,65,18,151
4297,67,17,67,15,166
4298,67,32,84,16,199
4300,100,33,67,15,215
4301,67,17,65,18,167
4302,283,21,61,17,382
4305,66,16,67,17,166
4309,66,17,67,17,167
4310,67,33,51,21,172
4312,65,34,68,17,184
4314,67,38,61,17,183
4315,67,21,61,17,166
4317,84,31,51,16,182
4319,51,31,51,16,149
4320,61,34,51,15,161
4321,66,17,51,15,149
4322,82,16,68,16,182
4324,51,16,68,16,151
4326,51,15,134,17,217
4328,68,33,66,17,184
4330,51,17,66,17,151
4331,50,33,50,16,149
4332,66,33,68,17,184
4334,66,33,117,18,234
4336,50,16,117,18,201
4337,67,17,82,18,184
4338,85,15,68,15,183
4340,52,15,68,15,150
4341,66,16,67,16,165
4343,65,18,99,17,199
4344,68,32,67,17,184
4346,67,33,51,16,167
4349,67,17,83,18,185
4350,67,33,68,15,183
4351,51,33,68,15,167
4352,51,16,68,15,150
4353,68,16,66,17,167
4354,67,34,66,16,183
4355,84,32,67,17,200
4356,68,32,67,17,184
4359,50,34,66,17,167
4360,99,33,100,17,249
4361,67,17,67,17,168
4363,67,16,100,17,200
4364,100,33,66,17,216
4365,67,17,66,17,167
4367,67,16,66,17,166
4368,67,33,50,18,168
4369,66,17,50,18,151
4371,66,16,67,18,167
4376,67,35,66,15,183
4377,68,17,66,15,166
4378,98,35,66,17,216
4379,52,31,50,17,150
4381,65,18,66,17,166
4385,65,19,66,18,168
4386,66,33,51,17,167
4387,68,16,51,17,152
4388,67,33,102,15,217
4389,52,33,102,15,202
4390,66,35,67,15,183
4392,51,17,67,15,150
4393,51,32,84,17,184
4394,67,35,66,16,184
4395,67,17,66,16,166
4396,67,32,67,17,183
4397,100,17,66,16,199
4398,101,33,83,17,234
4399,66,17,66,16,165
4402,67,33,134,16,250
4404,100,33,99,18,250
4406,67,33,99,18,217
4408,67,34,65,18,184
4409,51,34,65,18,168
4410,67,33,65,18,183
4411,66,18,65,18,167
4412,67,32,83,17,199
4414,65,33,67,18,183
4419,65,17,52,15,149
4421,49,34,68,16,167
4422,66,33,51,15,165
4423,51,33,51,15,150
4424,52,15,51,15,133
4425,84,31,67,17,199
4427,66,15,67,17,165
4428,51,15,67,17,150
4429,68,17,66,16,167
4431,66,16,84,17,183
4432,67,34,67,18,186
4433,66,17,67,18,168
4434,66,33,135,16,250
4436,67,34,67,15,183
4437,67,17,67,15,166
4438,67,34,67,16,184
4440,101,34,65,18,218
4441,51,33,83,16,183
4442,67,34,65,18,184
4444,67,29,54,15,165
4445,52,29,54,15,150
4446,63,36,67,17,183
4447,68,16,67,17,168
4449,67,15,51,17,150
4450,54,15,51,17,137
4451,66,17,67,17,167
4452,67,34,66,17,184
4454,51,17,66,17,151
4455,51,33,50,16,150
4456,100,33,51,17,201
4457,67,16,67,17,167
4459,68,16,51,17,152
4460,50,16,51,17,134
4461,66,17,67,18,168
4462,67,34,66,17,184
4464,101,33,66,17,217
4466,67,33,66,17,183
4468,51,15,66,17,149
4470,67,32,67,19,185
4471,65,16,67,19,167
4472,66,34,100,17,217
4473,66,17,100,17,200
4474,66,33,84,17,200
4476,67,32,69,16,184
4477,50,32,69,16,167
4478,52,13,69,16,150
4480,67,34,66,17,184
4482,52,17,66,17,152
4483,52,32,51,15,150
4484,100,32,51,28,211
4486,83,15,51,28,177
4489,85,44,93,18,240
4490,67,44,93,18,222
4491,66,28,93,18,205
4493,62,28,65,18,173
4494,72,31,52,15,170
4495,56,31,52,15,154
4496,59,34,83,16,192
4497,66,17,83,16,182
4499,67,15,66,18,166
4500,52,15,66,18,151
4501,66,18,66,18,168
4502,67,32,67,16,182
4503,65,16,67,16,164
4504,66,34,66,16,182
4506,66,33,68,17,184
4507,50,33,68,17,168
4508,52,15,68,17,152
4510,66,35,83,16,200
4511,64,19,83,16,182
4512,68,32,67,16,183
4514,52,15,67,16,150
4515,51,33,102,15,201
4516,99,34,67,17,217
4517,66,16,68,15,165
4518,67,34,67,17,185
4519,65,18,67,17,167
4521,66,18,83,16,183
4523,52,33,133,16,234
4526,50,15,51,17,133
4528,66,34,67,16,183
4530,51,17,67,16,151
4532,101,33,83,17,234
4533,84,33,83,17,217
4534,83,17,83,17,200
4536,50,17,83,17,167
4538,65,34,51,15,165
4539,66,17,51,15,149
4540,66,34,65,17,182
4541,84,32,84,17,217
4542,68,32,84,17,201
4543,51,32,84,17,184
4544,51,15,84,17,167
4545,82,34,100,18,234
4547,65,17,100,18,200
4548,67,34,84,17,202
4549,66,17,84,17,184
4550,86,15,51,17,169
4552,52,15,51,17,135
4555,66,17,83,17,183
4556,51,17,83,17,168
4557,51,32,100,17,200
4559,65,17,84,17,183
4560,65,35,66,16,182
4561,49,35,66,16,166
4565,66,17,66,17,166
4566,98,34,84,15,231
4569,83,35,64,18,200
4572,51,18,64,18,151
4573,52,31,68,18,169
4574,66,33,53,16,168
4576,64,35,83,17,199
4577,67,17,83,17,184
4579,84,32,50,18,184
4580,53,16,66,16,151
4581,51,32,50,18,151
4582,66,34,66,17,183
4583,65,17,66,17,165
4584,66,34,67,15,182
4585,51,34,67,15,167
4586,50,18,67,15,150
4587,51,32,68,15,166
4589,67,18,64,17,166
4590,67,33,82,17,199
4591,52,33,82,17,184
4592,99,35,116,18,268
4593,66,16,68,16,166
4594,64,35,116,18,233
4597,67,17,67,16,167
4600,65,35,65,16,181
4601,66,18,65,16,165
4602,167,33,67,16,283
4603,51,34,81,18,184
4606,65,35,67,16,183
4607,65,19,67,16,167
4608,66,33,67,16,182
4609,65,18,67,16,166
4611,52,34,83,18,187
4612,67,33,68,15,183
4613,52,33,68,15,168
4615,51,33,50,17,151
4617,67,18,65,17,167
4618,68,32,83,17,200
4619,52,32,83,17,184
4621,100,16,83,17,216
4622,65,33,83,17,198
4624,83,17,66,17,183
4627,99,17,66,17,199
4628,66,34,66,17,183
4629,66,17,66,17,166
4633,66,17,67,16,166
4634,66,35,82,16,199
4636,67,32,83,17,199
4637,150,34,101,17,302
4638,67,33,50,17,167
4639,66,17,50,17,150
4640,65,33,68,17,183
4641,83,34,101,17,235
4645,50,34,67,17,168
4646,68,34,83,17,202
4647,68,17,83,17,185
4649,66,17,67,15,165
4650,166,34,84,16,300
4652,66,34,82,17,199
4653,67,17,82,17,183
4655,65,17,67,17,166
4657,65,18,84,16,183
4658,66,33,67,17,183
4660,50,17,67,17,151
4661,51,34,66,17,168
4663,101,16,68,15,200
4664,51,16,50,16,133
4665,100,16,84,16,216
4667,66,16,84,16,182
4669,99,19,65,16,199
4670,68,34,65,16,183
4676,65,33,67,17,182
4677,50,33,67,17,167
4678,67,35,81,17,200
4679,68,17,81,17,183
4682,67,32,135,17,251
4683,49,32,135,17,233
4684,64,34,101,17,216
4685,66,17,101,17,201
4686,66,34,67,17,184
4687,100,15,52,15,182
4688,68,32,52,15,167
4689,68,15,52,15,150
4691,69,16,66,17,168
4694,52,15,51,17,135
4695,99,17,66,17,199
4697,166,17,66,17,266
4700,67,33,68,15,183
4701,67,16,68,15,166
4702,66,34,66,17,183
4705,68,16,65,17,166
4707,100,16,68,17,201
4708,66,33,68,17,184
4709,65,16,68,17,166
4710,65,34,51,15,165
4711,67,17,51,15,150
4712,67,34,66,17,184
4713,84,32,51,15,182
4715,51,32,51,15,149
4716,51,15,51,15,132
4717,67,17,116,17,217
4720,100,34,100,17,251
4721,49,34,67,16,166
4722,66,34,100,17,217
4723,65,18,100,17,200
4725,67,17,67,17,168
4727,101,17,83,17,218
4728,66,34,83,17,200
4729,67,17,83,17,184
4730,67,32,68,17,184
4731,100,17,51,15,183
4732,66,34,51,15,166
4733,66,17,51,15,149
4734,66,34,67,15,182
4736,68,32,50,18,168
4738,51,15,50,18,134
4739,68,16,66,17,167
4741,65,18,67,17,167
4742,50,18,67,17,152
4745,68,17,83,17,185
4746,84,15,85,15,199
4747,67,15,85,15,182
4748,51,15,85,15,166
4749,66,17,117,17,217
4750,66,34,83,17,200
4751,83,32,68,16,199
4752,68,32,68,16,184
4753,101,16,66,17,200
4755,67,16,66,17,166
4756,66,34,66,16,182
4757,66,17,66,16,165
4758,100,34,101,17,252
4759,50,32,67,17,166
4762,66,33,68,17,184
4763,50,33,68,17,168
4765,67,17,51,15,150
4766,67,34,82,21,204
4767,51,34,82,21,188
4768,68,32,71,13,184
4769,51,32,71,13,167
4770,51,15,71,13,150
4772,66,37,62,17,182
4773,65,21,62,17,165
4774,71,30,83,17,201
4775,54,30,83,17,184
4777,51,32,68,15,166
4778,62,35,82,18,197
4779,66,18,82,18,184
4781,67,17,67,15,166
4782,68,32,68,15,183
4783,51,32,68,15,166
4785,66,18,83,17,184
4787,52,33,67,17,169
4788,101,34,66,16,217
4792,67,32,50,18,167
4793,52,32,50,18,152
4795,83,34,66,16,199
4797,65,18,66,16,165
4798,50,18,66,16,150
4799,51,32,50,16,149
4800,66,34,84,16,200
4801,84,32,52,16,184
4802,66,32,52,16,166
4803,50,32,52,16,150
4806,67,33,66,17,183
4808,52,16,66,17,151
4809,66,17,68,15,166
4810,66,33,67,17,183
4811,67,15,67,17,166
4812,51,15,67,17,150
4813,67,18,65,17,167
4814,68,32,118,15,233
4819,50,34,66,18,168
4820,67,34,82,16,199
4821,66,18,82,16,182
4822,68,32,66,18,184
4825,100,16,68,17,201
4826,67,31,68,17,183
4827,65,16,68,17,166
4828,66,34,51,15,166
4831,67,17,84,16,184
4832,68,32,68,16,184
4833,67,15,68,16,166
4834,51,15,68,16,150
4835,67,17,67,17,168
4836,67,33,51,15,166
4837,67,16,51,15,149
4839,66,18,64,18,166
4840,67,32,168,16,283
4842,51,15,168,16,250
4843,82,35,83,18,218
4844,64,35,83,18,200
4845,65,17,83,18,183
4846,67,34,67,16,184
4847,64,17,67,16,164
4849,51,34,66,17,168
4851,84,33,66,16,199
4854,66,33,66,18,183
4855,51,33,66,18,168
4856,150,17,83,16,266
4857,67,16,68,16,167
4858,99,35,83,16,233
4859,65,17,67,17,166
4860,66,35,83,16,200
4861,67,17,83,16,183
4862,68,32,67,16,183
4863,52,32,67,16,167
4864,67,34,66,17,184
4865,66,17,66,17,166
4866,99,33,67,16,215
4870,66,34,66,17,183
4871,66,17,66,17,166
4872,67,33,50,16,166
4874,67,33,67,17,184
4875,66,17,67,17,167
4876,66,33,67,16,182
4877,68,16,67,16,167
4878,50,16,67,16,149
4880,67,33,66,17,183
4881,67,16,66,17,166
4887,67,17,66,17,167
4888,66,34,66,18,184
4889,67,18,66,18,169
4891,51,32,52,15,150
4893,67,17,67,18,169
4894,66,33,52,15,166
4895,69,15,52,15,151
4898,67,33,100,18,218
4901,66,15,68,18,167
4902,65,34,52,15,166
4903,66,15,52,15,148
4904,100,33,68,15,216
4905,83,33,68,15,199
4906,68,33,68,15,184
4907,67,15,68,15,165
4908,52,15,68,15,150
4909,101,17,67,16,201
4910,67,34,67,16,184
4911,66,17,67,16,166
4914,64,37,66,15,182
4915,67,17,66,15,165
4916,166,33,67,17,283
4917,52,33,82,17,184
4918,53,17,82,17,169
4920,66,33,82,18,199
4922,66,33,67,17,183
4924,66,34,67,15,182
4925,68,17,67,15,167
4926,67,33,149,18,267
4927,66,18,149,18,251
4928,67,34,66,17,184
4929,67,17,66,17,167
4930,67,32,83,18,200
4931,52,32,83,18,185
4933,66,17,67,16,166
4934,66,32,51,16,165
4935,51,32,51,16,150
4936,101,32,68,17,218
4937,66,18,67,15,166
4938,67,32,68,17,184
4942,67,33,82,18,200
4943,51,33,82,18,184
4944,68,33,100,17,218
4945,67,16,100,17,200
4946,50,16,100,17,183
4947,51,34,66,17,168
4948,67,33,67,15,182
4950,67,33,100,16,216
4952,100,33,83,17,233
4953,51,34,66,16,167
4954,100,33,100,17,250
4956,100,33,67,17,217
4957,65,18,100,17,200
4958,66,33,67,17,183
4959,101,17,83,17,218
4960,66,34,83,17,200
4961,68,17,83,17,185
4962,67,33,67,15,182
4963,51,33,67,15,166
4964,67,33,49,18,167
4965,50,33,49,18,150
4966,66,34,66,18,184
4968,82,18,51,17,168
4969,50,33,51,17,151
4970,49,18,51,17,135
4971,66,17,68,15,166
4972,165,34,67,17,283
4974,101,31,51,16,199
4978,64,34,67,17,182
4979,82,33,67,19,201
4980,65,33,67,19,184
4981,50,33,67,19,169
4982,51,16,67,19,153
4985,67,16,68,17,168
4986,51,16,68,17,152
4987,68,14,52,16,150
4988,52,14,52,16,134
4989,67,17,66,17,167
4991,66,16,66,17,165
4992,52,16,66,17,151
4995,66,16,66,18,166
4997,67,17,117,15,216
4999,67,15,85,15,182
5000,66,35,65,33,199
5003,66,17,65,20,168
5004,68,32,53,17,170
5006,98,37,83,17,235
5007,82,37,83,17,219
5008,65,37,83,17,202
5010,53,17,83,17,170
5013,66,17,67,17,167
5014,66,34,65,17,182
5015,68,17,65,17,167
5016,50,17,65,17,149
5019,67,15,67,17,166
5020,65,35,67,16,183
5021,67,18,67,16,168
5022,67,32,68,16,183
5023,99,18,67,15,199
5024,67,35,67,15,184
5026,67,33,66,17,183
5027,68,17,66,17,168
5028,68,34,65,17,184
5029,51,34,65,17,167
5030,99,33,68,17,217
5032,66,33,68,17,184
5033,67,16,68,17,168
5034,65,34,51,15,165
5035,67,17,51,15,150
5036,67,34,65,18,184
5037,66,18,65,18,167
5040,51,15,51,17,134
5042,65,35,66,16,182
5044,51,17,66,16,150
5045,66,17,67,17,167
5046,67,34,67,17,185
5047,66,17,67,17,167
5049,51,33,51,15,150
5050,101,32,68,16,217
5052,67,32,68,16,183
5053,51,32,68,16,167
5055,83,34,66,18,201
5057,64,19,66,18,167
5058,68,34,66,17,185
5060,100,34,67,17,218
5061,68,17,66,18,169
5062,66,34,67,17,184
5064,83,15,52,16,166
5065,51,32,52,16,151
5066,51,15,52,16,134
5067,66,17,66,17,166
5068,67,33,66,17,183
5070,52,16,66,17,151
5071,65,18,83,17,183
5072,66,33,85,15,199
5075,68,16,52,15,151
5076,100,33,67,16,216
5077,66,17,83,17,183
5078,67,33,67,16,183
5079,50,33,67,16,166
5080,52,15,67,16,150
5081,66,17,50,18,151
5083,82,34,66,16,198
5084,67,34,66,16,183
5085,51,34,66,16,167
5088,100,33,67,17,217
5090,66,33,67,17,183
5091,66,17,67,17,167
5092,68,34,66,17,185
5093,84,33,67,17,201
5094,67,33,67,17,184
5095,101,16,51,16,184
5096,67,33,51,16,167
5097,67,16,51,16,150
5098,66,34,66,17,183
5100,67,33,66,17,183
5101,67,16,66,17,166
5102,51,16,66,17,150
5103,83,33,50,18,184
5105,66,16,50,18,150
5108,68,33,65,18,184
5109,51,33,65,18,167
5110,50,18,65,18,151
5111,66,17,101,18,202
5113,67,16,68,18,169
5114,65,34,52,13,164
5116,51,16,52,13,132
5117,67,17,83,17,184
5118,68,31,69,17,185
5119,99,17,83,18,217
5124,52,17,67,16,152
5125,51,32,68,17,168
5126,66,35,83,17,201
5127,84,33,67,16,200
5129,66,17,67,16,166
5130,68,34,83,16,201
5133,67,17,66,16,166
5134,67,33,66,16,182
5135,50,33,66,16,165
5136,66,33,84,15,198
5137,67,16,84,15,182
5138,66,33,66,18,183
5139,50,33,66,18,167
5141,65,17,51,17,150
5142,66,33,69,16,184
5143,68,15,69,16,168
5144,51,15,69,16,151
5145,68,17,50,17,152
5146,51,17,50,17,135
5147,84,33,65,17,199
5148,69,33,65,17,184
5149,84,31,68,17,200
5150,50,17,65,17,149
5152,64,34,101,17,216
5154,65,34,67,17,183
5155,101,16,51,16,184
5156,51,17,67,17,152
5158,101,33,68,16,218
5161,67,16,68,16,167
5162,51,16,68,16,151
5164,66,35,65,18,184
5165,66,18,65,18,167
5166,68,33,66,16,183
5167,51,33,66,16,166
5168,100,34,82,17,233
5169,66,17,67,17,167
5170,65,34,82,17,198
5171,49,34,82,17,182
5172,66,33,66,18,183
5175,66,17,82,17,182
5176,67,32,67,19,185
5177,66,17,67,19,169
5179,67,16,52,14,149
5181,67,17,67,16,167
5182,67,33,50,17,167
5183,68,14,50,17,149
5184,52,14,50,17,133
5185,84,33,83,18,218
5187,64,17,83,18,182
5188,50,17,83,18,168
5189,65,17,68,15,165
5190,100,34,65,17,216
5191,67,17,66,17,167
5192,67,34,65,17,183
5193,67,18,65,17,167
5194,68,32,68,15,183
5196,99,35,66,17,217
5197,50,33,84,17,184
5198,65,35,66,17,183
5201,51,32,51,17,151
5202,67,34,83,17,201
5203,67,17,83,17,184
5204,66,34,66,16,182
5205,85,34,83,15,217
5206,51,17,66,16,150
5207,51,34,83,15,183
5208,68,32,66,18,184
5209,149,36,97,18,300
5210,66,34,68,15,183
5211,67,18,68,15,168
5213,83,36,97,18,234
5215,50,36,97,18,201
5216,68,31,66,18,183
5218,51,16,66,18,151
5219,66,17,67,15,165
5220,65,32,68,16,181
5222,66,35,66,16,183
5223,99,18,66,17,200
5225,66,18,66,17,167
5229,51,33,83,17,184
5231,67,18,65,17,167
5232,68,33,65,17,183
5233,52,33,65,17,167
5234,68,32,67,17,184
5235,83,33,51,17,184
5236,65,33,51,17,166
5238,65,34,67,17,183
5239,50,34,67,17,168
5240,50,17,67,17,151
5241,67,17,67,15,166
5243,67,17,69,13,166
5244,67,34,66,17,184
5247,66,20,80,17,183
5248,100,32,51,17,200
5249,52,31,83,17,183
5250,66,32,51,17,166
5252,63,34,68,15,180
5253,67,17,68,15,167
5256,51,17,99,16,183
5257,85,27,54,18,184
5258,117,16,67,17,217
5260,83,16,67,17,183
5261,67,16,67,17,167
5262,65,34,50,17,166
5265,67,16,67,18,168
5266,67,34,66,18,185
5267,51,34,66,18,169
5268,50,17,66,18,151
5269,50,33,82,19,184
5271,68,15,68,15,166
5272,100,34,65,18,217
5273,68,16,83,16,183
5274,67,34,65,18,184
5275,64,19,65,18,166
5276,68,32,67,17,184
5278,66,33,51,17,167
5279,68,16,51,17,152
5282,67,34,66,18,185
5283,67,17,66,18,168
5284,51,17,66,18,152
5286,67,33,68,15,183
5289,100,18,81,17,216
5290,66,35,81,17,199
5293,65,17,100,17,199
5294,67,34,66,17,184
5297,66,17,51,15,149
5298,66,34,66,17,183
5299,66,17,66,17,166
5300,83,15,84,17,199
5301,68,15,84,17,184
5302,100,35,83,15,233
5303,83,35,83,15,216
5305,66,18,83,15,182
5306,51,18,83,15,167
5307,66,17,66,18,167
5308,50,17,66,18,151
5310,66,32,52,16,166
5312,66,33,67,17,183
5313,68,15,67,17,167
5315,67,16,67,15,165
5316,52,16,67,15,150
5317,82,35,66,17,200
5318,102,32,51,16,201
5322,67,34,67,16,184
5323,84,33,66,18,201
5324,66,33,66,18,183
5325,51,33,66,18,168
5326,51,16,66,18,151
5327,84,32,68,17,201
5328,67,32,68,17,184
5329,50,32,68,17,167
5330,50,16,68,17,151
5333,66,18,82,18,184
5335,50,32,50,18,150
5336,67,33,68,17,185
5337,67,16,68,17,168
5338,65,35,50,16,166
5339,65,18,50,16,149
5340,50,18,50,16,134
5341,51,33,68,15,167
5342,68,33,84,16,201
5343,68,16,84,16,184
5346,68,31,68,18,185
5347,66,16,68,18,168
5348,50,16,68,18,152
5349,66,16,52,15,149
5350,65,34,82,17,198
5351,50,34,82,17,183
5353,68,15,117,17,217
5355,66,18,83,17,184
5357,64,17,68,15,164
5358,66,34,67,16,183
5359,101,17,66,17,201
5361,68,17,66,17,168
5362,51,17,66,17,151
5364,67,33,82,19,201
5366,100,32,118,15,265
5367,101,16,118,15,250
5368,67,32,118,15,232
5369,99,19,66,17,201
5371,65,19,66,17,167
5372,67,31,52,15,165
5374,66,35,82,17,200
5375,68,17,82,17,184
5378,52,15,67,17,151
5380,66,33,50,17,166
5382,67,33,84,18,202
5385,67,17,68,16,168
5387,66,17,118,16,217
5388,67,35,83,16,201
5389,67,18,83,16,184
5390,68,33,66,17,184
5393,51,32,84,17,184
5394,65,34,67,16,182
5395,67,16,67,16,166
5397,51,33,84,16,184
5400,67,33,68,15,183
5401,50,33,68,15,166
5402,67,33,67,16,183
5403,100,18,82,17,217
5406,68,32,67,17,184
5407,66,17,67,17,167
5408,100,34,50,16,200
5411,67,17,50,16,150
5412,100,33,84,15,232
5413,101,16,84,15,216
5415,100,18,64,18,200
5416,50,16,84,15,165
5417,84,33,65,17,199
5418,68,33,65,17,183
5419,51,33,65,17,166
5421,67,15,51,17,150
5422,64,34,67,16,181
5425,66,17,67,16,166
5426,51,17,67,16,151
5427,67,16,83,17,183
5428,101,33,66,16,216
5429,66,18,66,16,166
5431,66,17,66,16,165
5432,67,33,67,16,183
5433,67,17,67,16,167
5434,66,33,67,16,182
5435,50,33,67,16,166
5436,66,34,84,15,199
5438,67,33,51,15,166
5440,67,33,85,15,200
5442,66,33,67,18,184
5444,51,15,67,18,151
5447,82,33,66,18,199
5448,67,33,66,18,184
5449,50,33,66,18,167
5450,101,31,52,16,200
5451,98,16,52,16,182
5453,181,36,66,17,300
5454,166,36,66,17,285
5455,68,17,101,16,202
5456,66,33,68,16,183
5457,51,33,68,16,168
5458,52,16,68,16,152
5459,99,19,66,17,201
5460,65,36,66,17,184
5461,84,32,66,18,200
5462,68,32,66,18,184
5464,52,16,66,18,152
5465,51,34,82,17,184
5466,66,32,101,16,215
5467,67,15,101,16,199
5468,51,15,101,16,183
5469,67,17,66,16,166
5470,67,32,67,17,183
5473,49,34,66,17,166
5474,66,33,67,17,183
5476,67,33,51,15,166
5479,67,17,65,19,168
5480,67,32,67,18,184
5481,50,32,67,18,167
5482,51,15,67,18,151
5483,66,16,52,15,149
5486,52,15,51,17,135
5487,68,15,69,17,169
5488,52,15,69,17,153
5489,66,17,51,16,150
5490,51,17,51,16,135
5492,69,33,50,15,167
5493,68,16,50,15,149
5494,51,16,50,15,132
5495,66,16,201,17,300
5497,99,15,101,17,232
5498,50,15,67,17,149
5499,67,15,101,17,200
5500,83,17,67,17,184
5501,65,17,67,17,166
5502,67,33,68,17,185
5504,51,16,68,17,152
5505,50,34,51,16,151
5506,67,34,67,15,183
5508,68,33,66,18,185
5509,67,16,66,18,167
5512,99,33,51,17,200
5513,65,17,67,17,166
5516,65,34,118,17,234
5519,66,17,84,17,184
5521,51,33,68,15,167
5522,67,33,50,17,167
5523,66,17,50,17,150
5524,66,35,84,4,189
5525,85,32,52,4,173
5528,50,17,52,4,123
5531,69,4,64,17,154
5534,68,35,66,16,185
5537,67,32,116,17,232
5538,67,17,116,17,217
5539,67,34,82,17,200
5541,66,33,66,18,183
5543,67,34,99,18,218
5544,66,18,99,18,201
5545,67,32,67,18,184
5546,66,17,67,18,168
5547,66,33,52,15,166
5548,50,33,52,15,150
5549,65,34,84,16,199
5550,84,33,67,17,201
5551,67,33,67,17,184
5553,52,15,67,17,151
5554,50,34,82,17,183
5555,67,33,66,18,184
5556,66,16,66,18,166
5557,67,34,68,15,184
5558,117,36,81,17,251
5561,66,36,81,17,200
5563,68,32,66,18,184
5564,102,15,52,15,184
5565,51,17,66,18,152
5567,64,34,67,17,182
5568,101,15,51,17,184
5569,66,33,51,17,167
5571,52,15,51,17,135
5572,67,17,84,17,185
5573,67,34,67,15,183
5574,83,33,84,15,215
5577,67,34,65,17,183
5578,67,17,65,17,166
5580,52,33,66,17,168
5582,67,15,84,17,183
5584,67,17,67,16,167
5587,51,15,101,17,184
5588,67,17,66,17,167
5589,67,34,65,17,183
5590,66,18,65,17,166
5593,66,33,84,17,200
5594,67,16,84,17,184
5595,65,34,67,15,181
5599,69,32,67,16,184
5600,67,17,67,16,167
5601,67,32,101,17,217
5602,51,32,101,17,201
5604,66,18,66,17,167
5605,67,32,66,17,182
5608,84,32,67,18,201
5610,67,15,67,18,167
5611,51,15,67,18,151
5613,66,33,85,16,200
5614,67,15,85,16,183
5615,67,35,50,16,168
5618,65,18,51,15,149
5620,67,16,66,17,166
5621,50,16,66,17,149
5622,51,33,50,17,151
5623,165,34,81,19,299
5625,66,34,66,18,184
5626,65,17,66,18,166
5629,66,34,81,19,200
5630,66,17,81,19,183
5631,66,33,67,16,182
5632,100,19,99,16,234
5633,52,15,67,16,150
5635,69,31,68,16,184
5637,67,34,83,17,201
5638,50,34,83,17,184
5640,53,34,66,17,170
5641,50,18,66,17,151
5642,101,17,66,18,202
5643,100,32,52,15,199
5644,67,17,66,18,168
5645,66,32,52,15,165
5646,67,15,52,15,149
5648,83,33,51,16,183
5652,101,16,68,16,201
5653,66,34,68,16,184
5654,66,16,68,16,166
5655,51,16,68,16,151
5657,85,17,66,18,186
5658,67,17,66,18,168
5661,50,17,65,18,150
5663,66,32,68,16,182
5664,68,14,68,16,166
5665,51,14,68,16,149
5666,67,15,101,17,200
5667,65,35,66,17,183
5668,64,18,66,17,165
5669,68,34,83,16,201
5671,69,32,100,18,219
5672,52,32,100,18,202
5673,66,33,67,18,184
5675,65,34,51,16,166
5677,67,33,67,17,184
5678,50,33,67,17,167
5679,67,34,50,16,167
5680,67,16,50,16,149
5681,51,16,50,16,133
5682,51,33,67,17,168
5684,66,16,68,15,165
5686,299,18,67,17,401
5687,50,17,67,15,149
5689,51,17,66,16,150
5690,66,18,66,17,167
5691,67,33,84,16,200
5693,66,33,67,15,181
5695,66,35,84,15,200
5697,68,32,67,33,200
5698,68,16,67,33,184
5699,67,33,67,17,184
5700,65,18,67,17,167
5703,52,15,115,18,200
5704,52,33,82,18,185
5705,67,33,67,16,183
5706,115,33,67,16,231
5707,50,16,67,16,149
5708,52,34,82,18,186
5709,67,33,67,16,183
5710,65,18,67,16,166
5712,66,17,67,17,167
5713,150,16,67,17,250
5715,100,33,67,17,217
5716,101,16,67,17,201
5717,67,33,67,17,184
5719,50,16,67,17,150
5721,66,34,67,15,182
5722,65,18,67,15,165
5723,67,34,65,17,183
5724,67,17,65,17,166
5729,65,34,66,35,200
5731,66,34,67,16,183
5732,51,34,67,16,168
5733,68,32,51,18,169
5736,83,34,64,18,199
5737,83,18,64,18,183
5738,52,34,64,18,168
5739,51,18,64,18,151
5741,66,32,67,18,183
5742,67,15,67,18,167
5743,64,35,67,15,181
5744,67,17,67,15,166
5746,82,35,66,15,198
5748,67,17,66,15,165
5751,67,34,67,15,183
5752,150,33,50,17,250
5753,66,33,67,16,182
5755,101,33,50,17,201
5756,83,33,50,17,183
5757,67,33,50,17,167
5758,52,33,50,17,152
5759,67,34,65,17,183
5760,52,34,65,17,168
5763,50,17,100,16,183
5765,65,33,51,17,166
5766,66,16,51,17,150
5767,65,35,83,16,199
5768,67,17,83,16,183
5769,68,33,66,18,185
5770,67,17,66,18,168
5773,66,33,68,17,184
5774,101,15,118,15,249
5778,101,15,51,15,182
5783,66,32,67,18,183
5784,66,15,67,18,166
5785,51,15,67,18,151
5786,66,17,66,17,166
5787,66,33,67,16,182
5788,67,15,67,16,165
5789,52,15,67,16,150
5791,66,34,84,16,200
5792,98,18,66,16,198
5793,101,34,83,16,234
5794,65,18,66,16,165
5795,102,32,67,16,217
5796,68,17,83,16,184
5797,68,32,67,16,183
5798,68,16,67,16,167
5799,66,34,66,17,183
5800,65,18,66,17,166
5801,66,33,100,17,216
5802,83,33,67,17,200
5803,67,33,67,17,184
5804,101,18,83,16,218
5805,66,35,83,16,200
5806,66,18,83,16,183
5807,50,18,83,16,167
5808,67,17,67,16,167
5809,67,33,101,15,216
5811,65,34,67,15,181
5813,67,32,85,17,201
5816,66,17,67,18,168
5817,100,34,66,15,215
5818,66,18,100,15,199
5819,68,34,66,15,183
5820,67,17,66,15,165
5821,67,32,67,17,183
5823,52,14,67,17,150
5824,83,33,85,16,217
5826,63,18,85,16,182
5827,100,34,66,18,218
5828,66,16,68,16,166
5829,66,34,66,18,184
5830,103,16,65,17,201
5831,101,32,66,18,217
5832,84,32,66,18,200
5834,52,32,66,18,168
5835,66,33,51,18,168
5836,66,15,51,18,150
5840,66,18,65,17,166
5842,52,31,68,16,167
5843,67,34,101,17,219
5844,66,17,101,17,201
5845,65,34,84,15,198
5846,51,34,84,15,184
5848,51,33,66,17,167
5849,67,34,66,17,184
5850,50,34,66,17,167
5854,66,17,66,18,167
5856,49,32,52,16,149
5857,51,15,52,16,134
5858,83,34,67,17,201
5859,84,16,67,17,184
5860,67,16,67,17,167
5861,52,16,67,17,152
5862,51,34,65,18,168
5863,68,33,67,15,183
5864,65,18,67,15,165
5865,67,32,67,17,183
5866,67,15,67,17,166
5867,65,35,66,17,183
5868,50,35,66,17,168
5869,67,32,51,15,165
5870,65,17,51,15,148
5871,101,32,69,15,217
5872,100,15,69,15,199
5874,68,15,69,15,167
5875,51,15,69,15,150
5876,67,17,66,17,167
5877,67,34,81,17,199
5880,100,15,53,16,184
5881,66,32,53,16,167
5882,66,15,53,16,150
5883,64,34,51,16,165
5884,66,17,51,16,150
5885,66,35,67,15,183
5886,68,16,67,15,166
5888,52,32,67,16,167
5889,51,16,67,16,150
5890,83,32,69,14,198
5891,67,32,69,14,182
5892,66,17,69,14,166
5893,67,33,101,16,217
5894,100,18,98,18,234
5896,68,18,98,18,202
5897,51,18,98,18,185
5898,53,31,67,18,169
5899,101,33,67,17,218
5900,83,33,67,17,200
5901,65,33,67,17,182
5902,51,33,67,17,168
5903,67,33,51,17,168
5904,50,33,51,17,151
5905,51,15,51,17,134
5906,67,17,83,17,184
5907,67,34,66,18,185
5909,51,17,66,18,152
5910,51,33,66,16,166
5911,100,33,66,17,216
5912,66,17,82,17,182
5914,100,18,82,18,218
5918,64,17,118,16,215
5919,66,33,67,18,184
5920,100,18,66,18,202
5922,67,18,66,18,169
5923,68,32,52,16,168
5924,51,32,52,16,151
5926,68,16,85,14,183
5927,50,16,85,14,165
5928,67,16,51,14,148
5930,64,20,64,19,167
5931,68,31,52,17,168
5935,64,36,116,16,232
5936,66,17,116,16,215
5937,52,17,116,16,201
5938,65,17,84,16,182
5941,99,33,51,15,198
5942,51,33,68,16,168
5945,66,35,65,17,183
5946,50,35,65,17,167
5947,68,31,67,18,184
5948,51,31,67,18,167
5949,51,15,67,18,151
5951,65,33,67,16,181
5952,66,16,67,16,165
5953,51,16,67,16,150
5954,67,15,68,17,167
5956,83,34,82,17,216
5957,67,34,82,17,200
5959,68,32,67,17,184
5960,51,32,67,17,167
5961,51,15,67,17,150
5962,67,18,66,17,168
5963,67,32,68,15,182
5964,99,17,67,16,199
5967,66,34,65,18,183
5970,51,33,66,17,167
5971,67,32,51,17,167
5973,65,34,67,16,182
5974,68,16,67,16,167
5976,67,17,82,19,185
5978,50,33,68,15,166
5979,67,32,51,18,168
5980,66,16,51,18,151
5981,101,33,66,16,216
5982,86,33,66,16,201
5983,68,33,66,16,183
5985,51,18,66,16,151
5986,52,33,66,17,168
5987,66,33,82,17,198
5988,68,16,82,17,183
5989,66,33,66,18,183
5990,50,33,66,18,167
5992,98,17,68,17,200
5993,65,34,68,17,184
5994,66,17,68,17,168
5995,66,33,118,17,234
5996,67,15,118,17,217
5997,52,15,118,17,202
