序号,发送->接收,接收->转发,转发->接收,接收->处理,总计
2,0,30,52,16,98
3,0,14,52,16,82
4,0,36,32,16,84
5,17,32,0,16,65
7,16,32,0,18,66
8,0,32,0,18,50
9,0,16,0,18,34
11,0,15,69,16,100
12,0,37,0,15,52
13,19,32,83,18,152
14,0,32,83,18,133
16,0,32,0,20,52
17,36,16,33,14,99
20,15,18,48,18,99
21,18,31,17,18,84
22,0,31,17,18,66
23,0,17,17,18,52
24,0,35,0,17,52
25,35,14,35,16,100
26,66,33,34,17,150
27,0,14,35,16,65
30,16,17,34,17,84
31,0,17,34,17,68
33,0,15,49,17,81
35,0,17,115,17,149
36,0,32,0,18,50
39,0,15,117,18,150
40,50,17,68,15,150
41,0,15,18,17,50
42,68,35,0,15,118
43,33,17,17,18,85
44,50,18,0,15,83
45,0,17,17,18,52
46,17,18,0,15,50
47,82,38,13,18,151
48,0,32,16,16,64
49,33,16,51,18,118
50,16,16,51,18,101
52,38,31,34,19,122
53,21,31,34,19,105
55,52,32,51,14,149
56,0,34,19,13,66
57,0,18,19,13,50
58,0,32,51,14,97
59,0,13,51,14,78
61,16,32,0,18,66
64,0,35,18,14,67
66,0,32,67,17,116
67,14,34,0,16,64
68,0,34,0,16,50
70,0,33,17,17,67
71,0,17,17,17,51
73,0,17,49,15,81
74,16,16,32,19,83
75,16,32,0,19,67
76,0,32,0,19,51
77,52,34,0,15,101
78,0,37,66,17,120
80,0,34,0,15,49
81,34,17,17,15,83
83,0,17,17,15,49
86,0,34,117,16,167
87,17,33,17,16,83
89,0,16,17,16,49
90,17,16,0,18,51
91,34,15,18,16,83
92,0,33,18,16,67
94,0,34,66,19,119
95,0,16,66,19,101
97,0,18,97,17,132
100,0,35,83,16,134
101,0,16,83,16,115
102,0,32,0,17,49
103,16,34,33,18,101
106,0,33,0,18,51
107,34,15,35,15,99
108,0,33,35,15,83
109,15,35,99,17,166
110,0,35,99,17,151
111,0,18,99,17,134
112,15,18,51,15,99
115,19,32,0,17,68
117,0,15,0,17,32
118,0,32,0,19,51
119,0,15,0,19,34
120,19,15,0,18,52
121,0,15,0,18,33
123,0,17,33,17,67
127,16,33,0,17,66
128,68,32,0,18,118
129,34,18,0,17,69
130,17,18,0,17,52
131,0,18,0,17,35
132,0,32,0,18,50
133,33,14,0,17,64
135,0,14,0,17,31
136,17,18,0,17,52
137,0,18,0,17,35
138,0,33,66,17,116
140,34,32,17,19,102
141,17,32,17,19,85
142,17,15,17,19,68
143,15,36,16,15,82
144,0,36,16,15,67
146,16,15,17,16,64
151,19,33,0,15,67
152,0,33,0,15,48
153,17,32,33,18,100
154,0,32,33,18,83
156,17,16,0,18,51
157,16,36,48,17,117
158,18,18,48,17,101
159,18,31,17,17,83
161,49,32,84,18,183
162,34,32,84,18,168
163,101,16,34,16,167
164,0,32,84,18,134
165,16,34,18,16,84
166,18,16,18,16,68
167,66,18,0,16,100
169,16,34,0,16,66
170,0,34,0,16,50
171,50,35,199,17,301
172,0,32,35,16,83
173,16,35,199,17,267
175,17,33,0,16,66
176,16,17,0,16,49
177,17,34,0,15,66
181,51,32,51,16,150
182,0,34,15,17,66
183,0,17,15,17,49
185,0,17,51,16,84
186,19,15,33,18,85
189,0,16,18,15,49
190,18,15,33,18,84
191,0,15,33,18,66
192,33,33,136,16,218
193,15,33,136,16,200
194,0,33,136,16,185
196,0,36,14,18,68
198,0,32,0,16,48
199,18,32,19,17,86
201,16,36,16,16,84
203,17,32,0,18,67
204,0,32,0,18,50
205,0,16,0,18,34
206,50,16,0,18,84
207,14,34,0,18,66
208,18,16,0,18,52
209,49,34,17,16,116
210,0,33,67,17,117
211,0,15,67,17,99
212,34,33,52,14,133
214,33,36,48,16,133
216,17,19,48,16,100
220,34,33,18,16,101
221,0,16,0,18,34
223,0,15,18,16,49
224,34,33,118,17,202
225,16,33,118,17,184
226,33,33,18,17,101
228,0,33,18,17,68
229,16,35,0,15,66
231,17,34,166,16,233
232,0,34,166,16,216
234,0,33,0,15,48
235,17,33,33,16,99
237,18,33,0,16,67
239,85,33,0,20,138
241,16,35,16,17,84
242,0,35,16,17,68
243,17,33,0,20,70
245,0,17,0,20,37
246,0,32,18,18,68
247,48,33,49,16,146
249,33,18,49,16,116
251,0,18,49,16,83
254,0,32,66,17,115
255,16,35,0,15,66
256,17,18,0,15,50
257,18,31,0,17,66
258,0,31,0,17,48
260,17,18,17,16,68
263,16,33,51,16,116
264,66,34,99,20,219
265,31,17,68,16,132
267,51,34,0,16,101
269,16,34,0,16,66
270,16,18,0,16,50
271,0,18,0,16,34
272,33,32,67,19,151
274,16,16,67,19,118
277,0,14,15,18,47
278,0,33,0,19,52
280,0,34,67,16,117
281,0,15,67,16,98
282,0,34,15,18,67
283,0,18,15,18,51
284,33,32,68,15,148
285,85,33,34,17,169
289,18,33,34,17,102
290,33,34,33,17,117
293,36,16,0,17,69
294,17,16,0,17,50
295,16,32,0,17,65
296,0,32,0,17,49
297,0,15,0,17,32
298,0,35,31,18,84
299,0,18,31,18,67
301,50,35,0,16,101
302,18,16,69,14,117
303,16,35,0,16,67
306,34,33,16,15,98
309,0,19,16,15,50
310,0,31,35,13,79
311,15,35,0,13,63
312,35,32,0,17,84
313,0,18,0,13,31
314,32,33,117,17,199
315,19,33,117,17,186
318,36,32,0,17,85
319,17,32,0,17,66
320,49,16,16,17,98
321,16,33,16,17,82
322,0,33,16,17,66
324,0,33,67,17,117
325,0,17,67,17,101
326,0,34,0,16,50
327,0,18,0,16,34
328,16,17,83,18,134
329,34,15,17,18,84
331,0,15,17,18,50
333,0,18,16,18,52
334,0,34,17,15,66
335,0,18,17,15,50
337,15,33,0,18,66
339,18,34,18,15,85
343,15,35,32,15,97
344,18,17,32,15,82
345,0,17,32,15,64
346,64,34,17,17,132
347,17,32,0,19,68
348,15,17,0,19,51
350,34,34,101,17,186
351,0,15,17,17,49
354,32,35,17,17,101
355,14,35,17,17,83
358,34,34,47,18,133
360,34,32,15,18,99
362,0,32,15,18,65
365,18,34,17,17,86
366,0,34,17,17,68
367,17,34,15,16,82
369,17,31,50,18,116
372,36,32,0,15,83
373,18,32,0,15,65
374,32,33,17,15,97
375,33,18,17,15,83
376,15,18,17,15,65
377,35,15,0,19,69
378,0,32,0,19,51
381,17,33,15,17,82
382,0,33,15,17,65
385,17,33,18,18,86
386,0,33,18,18,69
390,0,30,0,19,49
393,49,34,34,14,131
394,0,33,16,18,67
397,0,18,34,14,66
398,48,17,69,15,149
401,0,17,69,15,101
402,36,33,48,18,135
403,0,19,48,17,84
404,0,33,48,18,99
405,19,32,16,18,85
406,15,17,16,18,66
407,0,17,16,18,51
409,83,33,0,21,137
410,0,33,32,18,83
412,116,16,0,19,151
413,15,33,0,21,69
415,0,15,0,21,36
416,0,35,16,16,67
417,0,14,16,16,46
418,16,16,0,19,51
419,16,33,18,16,83
420,0,33,18,16,67
421,0,14,18,16,48
422,34,35,0,16,85
424,0,35,0,16,51
425,0,17,0,16,33
427,16,34,17,16,83
429,0,16,17,16,49
430,0,33,0,16,49
431,16,32,34,17,99
433,0,16,34,17,67
434,19,15,34,17,85
435,15,34,0,17,66
437,17,32,68,16,133
438,0,32,68,16,116
439,0,15,68,16,99
442,0,34,0,16,50
444,16,16,17,19,68
445,16,36,17,15,84
446,102,33,33,18,186
447,51,34,116,17,218
448,17,15,167,16,215
450,0,34,116,17,167
451,10,33,33,18,94
453,16,33,0,18,67
456,0,33,50,18,101
457,15,34,16,18,83
460,16,18,0,16,50
461,0,18,0,16,34
462,16,16,16,17,65
463,0,16,16,17,49
464,16,17,51,15,99
467,17,31,50,17,115
468,0,31,50,17,98
469,15,34,16,17,82
470,0,34,16,17,67
471,0,15,16,17,48
472,16,17,34,18,85
473,17,34,49,19,119
474,0,34,49,19,102
475,0,17,49,19,85
476,0,35,14,19,68
477,0,17,14,19,50
478,0,33,66,17,116
479,0,19,66,17,102
480,0,33,15,18,66
482,0,33,17,15,65
483,0,18,17,15,50
484,17,15,18,16,66
485,0,15,18,16,49
486,0,34,117,17,168
488,0,35,33,15,83
490,48,16,18,17,99
492,0,31,18,17,66
493,16,35,15,19,85
494,18,17,15,19,69
495,51,31,18,18,118
497,0,19,16,15,50
499,0,15,18,18,51
500,0,36,49,16,101
502,15,16,133,20,184
503,0,16,133,20,169
504,34,34,17,15,100
506,16,18,17,15,66
508,32,33,20,15,100
509,0,15,53,15,83
511,16,35,34,16,101
514,0,34,0,16,50
515,17,33,0,15,65
516,16,17,0,15,48
517,32,17,17,17,83
518,0,32,17,17,66
519,0,17,17,17,51
523,0,15,0,17,32
524,0,34,50,18,102
525,17,34,16,18,85
526,34,34,0,15,83
527,17,34,0,15,66
528,0,34,0,15,49
529,0,18,0,15,33
531,52,31,101,18,202
532,0,34,48,17,99
533,17,31,101,18,167
534,0,31,101,18,150
536,17,17,17,16,67
538,33,34,0,18,85
539,0,16,0,17,33
541,35,15,0,17,67
542,0,33,0,17,50
544,0,33,0,17,50
545,16,35,16,17,84
546,17,18,16,17,68
548,0,33,32,17,82
552,17,17,34,17,85
553,0,17,34,17,68
554,67,33,0,17,117
555,34,16,16,17,83
556,17,16,16,17,66
558,0,33,0,17,50
559,0,17,0,17,34
560,50,16,67,16,149
563,0,16,67,16,99
565,0,16,33,16,65
566,0,33,34,17,84
567,17,34,0,17,68
568,16,18,0,17,51
569,0,18,0,17,35
570,17,15,19,15,66
571,15,34,17,17,83
574,17,17,18,17,69
575,35,17,0,15,67
576,18,17,0,15,50
577,17,31,68,15,131
578,0,31,68,15,114
579,49,35,82,17,183
581,32,18,82,17,149
582,0,35,82,17,134
583,0,18,82,17,117
584,32,35,32,16,115
587,18,32,0,16,66
588,32,34,0,15,81
589,17,34,0,15,66
590,0,34,0,15,49
591,0,18,0,15,33
594,31,32,102,16,181
595,17,32,102,16,167
596,32,35,16,18,101
597,16,35,16,18,85
598,0,35,16,18,69
599,18,34,33,16,101
600,0,34,33,16,83
601,18,33,16,17,84
603,18,33,66,16,133
604,0,33,66,16,115
605,0,17,66,16,99
606,0,34,17,15,66
607,0,17,17,15,49
608,32,34,0,17,83
609,31,18,0,17,66
610,0,34,0,17,51
612,0,34,33,15,82
613,17,33,0,15,65
614,33,33,99,17,182
615,18,33,99,17,167
616,0,33,99,17,149
619,15,34,33,17,99
620,17,17,33,17,84
622,67,34,16,17,134
624,0,34,17,17,68
626,0,34,16,17,67
627,84,32,0,16,132
628,0,33,34,17,84
630,0,34,17,15,66
631,19,32,0,16,67
632,332,35,82,17,466
633,31,18,0,17,66
636,32,35,17,17,101
638,35,34,31,17,117
639,82,35,0,17,134
640,34,31,17,18,100
641,484,33,15,17,549
642,416,15,84,17,532
643,415,36,48,17,516
645,0,18,0,17,35
646,32,33,34,16,115
647,48,34,51,15,148
649,15,34,51,15,115
650,100,35,16,17,168
653,50,35,16,17,118
655,33,17,16,17,83
656,35,33,117,15,200
658,0,33,117,15,165
660,0,34,83,15,132
661,250,33,0,17,300
662,0,33,50,15,98
666,102,32,16,17,167
667,15,36,48,17,116
668,0,36,48,17,101
669,0,17,48,17,82
672,0,32,16,17,65
674,0,33,0,17,50
676,0,33,0,17,50
677,0,16,0,17,33
678,0,33,18,16,67
679,0,16,18,16,50
680,535,34,17,14,600
684,0,32,68,16,116
686,0,34,0,16,50
687,16,34,16,17,83
688,100,35,0,15,150
690,33,33,35,15,116
691,0,17,33,17,67
692,101,34,0,16,151
693,0,16,35,15,66
694,35,33,0,16,84
695,33,18,0,16,67
698,34,32,0,17,83
699,0,18,0,16,34
700,32,35,31,17,115
701,0,16,0,17,33
702,35,31,33,16,115
703,0,18,31,17,66
705,17,33,16,19,85
707,32,19,15,18,84
708,0,35,15,18,68
709,0,19,15,18,52
710,0,33,0,15,48
714,99,33,51,15,198
717,0,16,167,17,200
718,0,34,50,17,101
719,17,33,51,15,116
720,33,34,17,15,99
721,50,32,18,16,116
722,0,34,17,15,66
723,34,15,18,16,83
724,233,32,0,17,282
725,49,33,16,17,115
726,34,33,16,17,100
728,0,33,16,17,66
729,0,16,16,17,49
730,16,17,18,17,68
731,52,32,66,17,167
732,234,33,34,16,317
734,0,32,66,17,115
735,0,17,66,17,100
737,34,15,0,17,66
738,100,33,0,16,149
739,0,15,0,17,32
741,36,15,16,17,84
742,33,33,0,16,82
743,0,15,16,17,48
744,0,33,0,16,49
745,33,17,34,16,100
746,33,34,134,16,217
747,101,16,0,17,134
748,0,34,134,16,184
749,0,17,134,16,167
751,0,16,0,18,34
753,0,16,0,17,33
754,0,34,0,17,51
755,101,15,17,17,150
757,0,17,0,16,33
758,198,36,15,18,267
759,218,33,0,15,266
760,100,33,17,16,166
761,32,17,19,14,82
762,34,33,17,16,100
764,0,33,17,16,66
766,33,33,18,18,102
768,0,33,18,18,69
769,34,18,15,18,85
770,0,36,15,18,69
771,0,18,15,18,51
772,0,33,0,15,48
774,0,32,0,17,49
776,0,34,0,15,49
777,0,17,0,15,32
778,32,35,200,17,284
779,0,17,133,18,168
780,0,35,200,17,252
783,0,18,167,17,202
784,184,18,14,16,232
785,0,16,49,15,80
786,0,31,50,17,98
787,34,15,17,17,83
788,0,33,17,17,67
789,183,33,32,18,266
790,0,34,35,17,86
791,52,35,14,16,117
793,116,33,32,18,199
794,0,35,14,16,65
795,99,16,32,18,165
796,30,34,0,17,81
797,16,34,0,17,67
798,0,34,0,17,51
800,0,33,32,18,83
801,99,18,117,15,249
803,33,17,0,16,66
804,0,35,0,16,51
805,0,17,0,16,33
806,367,33,100,17,517
808,32,35,50,15,132
809,0,17,0,17,34
810,35,33,49,18,135
812,0,33,49,18,100
814,100,33,67,15,215
816,0,35,16,17,68
817,0,18,16,17,51
818,0,33,50,15,98
819,0,17,50,15,82
820,33,32,0,18,83
822,32,35,200,16,283
823,33,17,200,16,266
825,0,17,200,16,233
826,0,33,16,17,66
827,102,16,17,16,151
828,0,33,100,17,150
830,34,33,17,16,100
831,250,34,17,15,316
832,0,33,17,16,66
833,16,33,0,17,66
836,0,34,50,17,101
837,117,33,66,18,234
839,51,33,132,16,232
840,0,34,66,16,116
843,116,33,0,16,165
844,0,33,66,18,117
845,33,18,17,15,83
847,0,18,17,15,50
848,0,32,168,15,215
850,100,33,21,14,168
851,31,18,16,17,82
852,0,34,16,17,67
854,33,33,21,14,101
855,100,19,49,15,183
858,0,35,15,19,69
859,0,14,15,19,48
860,0,34,49,15,98
861,0,19,49,15,83
862,98,33,0,18,149
863,233,16,34,18,301
864,0,31,52,15,98
866,0,34,33,18,85
867,0,17,33,18,68
868,33,35,15,17,100
870,101,32,34,18,185
871,49,34,0,16,99
872,32,34,0,16,82
873,101,16,0,18,135
875,16,32,34,18,100
876,566,33,52,16,667
877,0,16,34,18,68
879,399,17,51,15,482
881,32,18,15,18,83
883,18,33,0,17,68
885,118,34,0,16,168
887,0,15,0,17,32
888,0,35,51,16,102
889,0,18,51,16,85
891,16,34,0,16,66
893,16,32,16,17,81
894,0,32,16,17,65
897,17,35,0,15,67
898,0,35,0,15,50
902,0,33,51,15,99
903,50,33,119,16,218
904,0,33,18,15,66
905,17,33,119,16,185
906,0,33,119,16,168
908,0,34,50,17,101
913,51,32,102,15,200
914,34,32,102,15,183
915,32,16,102,15,165
916,32,34,0,17,83
917,34,16,0,17,67
921,599,17,18,17,651
922,31,31,17,17,96
923,0,17,48,17,82
925,0,16,17,17,50
926,0,34,0,16,50
927,17,34,68,15,134
928,34,32,36,15,117
929,50,36,0,15,101
930,32,36,0,15,83
931,50,31,35,15,131
932,102,32,18,17,169
935,0,16,35,15,66
936,0,35,82,17,134
939,0,17,18,17,52
940,0,35,49,17,101
942,32,34,15,19,100
944,0,34,15,19,68
945,51,31,19,15,116
946,0,34,0,16,50
948,31,34,17,16,98
949,0,15,19,15,49
950,34,33,17,15,99
951,0,15,17,16,48
954,235,32,16,18,301
955,33,17,18,17,85
956,0,35,18,17,70
957,0,17,18,17,52
958,100,33,0,18,151
960,0,31,17,17,65
962,102,32,16,18,168
963,0,17,16,17,50
964,0,33,0,18,51
965,35,17,15,17,84
966,0,35,15,17,67
967,0,17,15,17,49
968,32,34,0,15,81
969,33,18,0,15,66
970,34,33,16,18,101
971,368,17,0,15,400
973,0,18,16,18,52
974,34,32,35,15,116
978,35,32,35,14,116
980,0,32,35,14,81
983,0,19,0,14,33
984,32,34,32,17,115
986,0,34,32,17,83
989,0,18,0,17,35
990,100,34,0,17,151
991,100,17,0,17,134
992,34,32,0,17,83
993,0,17,0,15,32
994,0,32,0,17,49
995,34,17,0,17,68
996,0,34,0,17,51
999,218,31,101,17,367
1001,0,17,101,16,134
1002,0,32,52,17,101
1003,100,15,19,17,151
1005,234,16,17,16,283
1006,34,31,19,17,101
1007,0,17,0,16,33
1008,232,34,15,19,300
1010,36,31,101,17,185
1012,0,31,101,17,149
1013,33,17,17,16,83
1014,0,34,17,16,67
1015,34,16,84,17,151
1016,33,34,17,16,100
1017,0,16,84,17,117
1018,0,34,17,16,67
1019,33,16,17,17,83
1020,0,33,17,17,67
1022,0,34,15,19,68
1023,32,19,16,15,82
1024,34,31,18,17,100
1025,0,19,16,15,50
1026,365,33,0,17,415
1027,0,15,18,17,50
1028,35,32,17,16,100
1029,32,17,17,16,82
1030,0,32,17,16,65
1031,0,17,17,16,50
1032,0,33,67,17,117
1033,33,17,33,17,100
1034,0,34,33,17,84
1035,35,15,0,17,67
1036,33,34,50,17,134
1037,99,17,16,17,149
1038,34,33,50,17,134
1039,0,17,50,17,84
1040,33,34,16,17,100
1041,15,34,16,17,82
1042,34,33,18,15,100
1043,220,29,0,18,267
1046,0,33,0,17,50
1048,0,33,0,17,50
1049,33,18,16,17,84
1051,51,36,29,18,134
1052,33,36,29,18,116
1053,17,36,29,18,100
1054,0,36,29,18,83
1055,36,14,0,18,68
1056,47,17,0,17,81
1057,0,14,0,18,32
1061,0,16,0,17,33
1062,0,34,0,15,49
1064,399,37,13,17,466
1066,0,33,17,17,67
1068,17,17,18,14,66
1069,100,17,15,16,148
1070,0,32,83,16,131
1071,0,14,83,16,113
1072,83,16,34,17,150
1074,0,35,15,16,66
1075,17,31,34,17,99
1076,82,17,18,16,133
1078,34,34,18,16,102
1079,499,17,0,17,533
1080,34,34,32,17,117
1082,34,32,51,20,137
1083,82,37,13,17,149
1084,0,32,51,20,103
1085,17,34,50,17,118
1086,34,37,13,17,101
1087,0,17,50,17,84
1088,0,37,13,17,67
1090,0,30,67,15,112
1094,0,33,84,15,132
1095,32,18,0,16,66
1096,33,34,17,15,99
1098,34,32,0,17,83
1101,32,17,17,16,82
1102,99,35,0,17,151
1103,50,32,0,18,100
1104,33,32,0,18,83
1105,16,32,0,18,66
1106,0,32,0,18,50
1107,0,16,0,18,34
1108,0,35,0,17,52
1109,0,17,0,17,34
1110,0,33,67,15,115
1113,17,33,0,15,65
1114,0,33,0,15,48
1115,18,34,65,18,135
1116,0,34,65,18,117
1117,0,19,65,18,102
1119,102,15,18,18,153
1120,16,16,0,18,50
1121,16,34,51,18,119
1122,0,34,51,18,103
1123,34,15,18,18,85
1124,0,33,18,18,69
1125,51,31,17,16,115
1126,0,36,0,16,52
1128,0,31,17,16,64
1129,0,15,17,16,48
1130,33,35,83,15,166
1133,82,34,166,18,300
1134,0,33,133,15,181
1135,18,31,52,16,117
1137,16,34,166,18,234
1139,15,34,16,18,83
1140,0,34,16,18,68
1142,34,34,0,16,84
1143,0,18,0,15,33
1144,34,32,32,18,116
1145,0,19,0,16,35
1146,82,16,18,15,131
1147,0,16,32,18,66
1154,0,34,35,15,84
1157,19,36,129,18,202
1158,0,36,129,18,183
1159,585,34,14,17,650
1160,0,29,133,18,180
1161,19,33,18,17,87
1164,384,16,18,16,434
1168,0,33,18,17,68
1171,282,34,17,16,349
1173,50,34,17,14,115
1176,34,31,52,17,134
1177,0,16,17,14,47
1178,0,31,52,17,100
1179,49,34,15,18,116
1180,0,35,67,16,118
1182,0,34,15,18,67
1183,0,17,15,18,50
1185,0,18,16,16,50
1187,34,16,17,16,83
1189,0,16,17,16,49
1191,85,31,16,18,150
1192,35,34,14,17,100
1193,0,19,0,15,34
1195,33,17,16,18,84
1196,31,34,49,18,132
1197,17,34,49,18,118
1198,0,34,49,18,101
1199,0,18,49,18,85
1201,15,35,50,16,116
1202,35,32,51,16,134
1203,0,18,50,16,84
1204,0,32,51,16,99
1205,50,33,0,18,101
1206,0,34,33,18,85
1208,0,33,0,18,51
1209,16,34,16,16,82
1210,0,34,16,16,66
1211,48,35,17,15,115
1213,200,16,18,16,250
1216,32,35,0,16,83
1217,15,35,0,16,66
1218,0,35,0,16,51
1219,17,33,117,15,182
1220,33,32,116,18,199
1221,0,17,117,15,149
1223,15,33,18,16,82
1224,0,33,18,16,67
1225,83,34,50,15,182
1226,34,33,16,18,101
1228,0,33,16,18,67
1229,49,33,83,17,182
1230,34,33,83,17,167
1231,51,32,19,16,118
1232,100,33,17,17,167
1233,36,15,19,16,86
1235,0,15,19,16,50
1236,102,33,49,18,202
1239,51,33,49,18,151
1240,368,31,0,17,416
1242,365,36,0,15,416
1243,17,32,117,17,183
1244,32,35,17,16,100
1245,0,14,117,17,148
1246,635,33,51,16,735
1247,0,18,17,16,51
1249,365,17,19,14,415
1250,100,34,15,17,166
1251,233,19,0,15,267
1252,0,33,18,16,67
1253,17,34,17,17,85
1257,115,36,0,15,166
1258,98,36,0,15,149
1259,52,31,0,17,100
1260,35,31,0,17,83
1263,16,36,0,15,67
1264,36,33,33,15,117
1265,100,17,19,14,150
1266,0,33,33,15,81
1267,949,34,52,16,1051
1268,0,33,116,17,166
1269,32,17,19,14,82
1270,0,32,19,14,65
1273,0,14,201,18,233
1274,34,34,50,17,135
1277,484,32,0,17,533
1278,100,33,51,16,200
1281,482,35,15,18,550
1283,17,33,51,16,117
1284,0,33,51,16,100
1285,0,17,51,16,84
1286,34,33,0,17,84
1287,0,16,67,16,99
1288,0,33,0,17,50
1289,16,34,48,17,115
1293,0,15,119,17,151
1297,32,18,17,17,84
1298,35,34,17,14,100
1299,0,18,17,17,52
1300,0,34,17,14,65
1301,115,33,102,16,266
1302,0,31,17,18,66
1303,14,35,17,15,81
1304,35,32,0,17,84
1306,100,33,34,16,183
1307,15,33,102,16,166
1309,0,16,102,16,134
1310,102,31,17,18,168
1311,100,15,17,18,150
1316,0,31,17,18,66
1317,50,34,16,15,115
1318,35,34,16,15,100
1319,18,34,16,15,83
1322,0,31,0,18,49
1323,15,34,52,16,117
1325,233,18,15,18,284
1327,0,16,51,16,83
1328,769,32,0,16,817
1330,232,35,0,16,283
1331,51,32,17,16,116
1332,0,35,49,16,100
1335,34,16,0,17,67
1336,33,35,15,18,101
1337,0,16,0,17,33
1338,2416,17,69,15,2517
1339,0,18,15,18,51
1340,33,32,0,18,83
1341,783,35,0,16,834
1343,0,15,0,18,33
1344,0,35,0,16,51
1346,232,33,17,16,298
1347,50,33,17,15,115
1348,0,33,0,17,50
1349,34,16,17,15,82
1350,33,32,101,16,182
1352,32,34,0,18,84
1354,0,34,0,18,52
1355,34,15,18,16,83
1356,0,33,18,16,67
1357,0,15,18,16,49
1359,16,33,17,16,82
1360,235,32,0,16,283
1361,118,33,166,17,334
1362,0,33,52,16,101
1364,101,34,15,19,169
1366,101,34,32,16,183
1367,16,33,166,17,232
1368,0,33,166,17,216
1369,0,17,166,17,200
1371,51,32,0,16,99
1373,19,32,0,16,67
1374,0,32,0,16,48
1375,17,34,67,15,133
1376,34,32,50,17,133
1378,99,35,14,17,165
1379,118,31,35,16,200
1380,0,35,48,19,102
1381,250,33,69,16,368
1382,32,35,14,17,98
1384,0,35,14,17,66
1385,19,31,35,16,101
1386,0,31,35,16,82
1388,0,35,0,16,51
1389,18,33,0,15,66
1391,0,17,0,15,32
1392,0,33,18,15,66
1393,51,33,69,16,169
1394,33,33,69,16,151
1395,32,16,69,16,133
1396,0,33,69,16,118
1397,234,17,17,17,285
1398,34,35,0,16,85
1399,16,35,0,16,67
1400,0,35,0,16,51
1402,0,32,49,16,97
1403,49,32,17,17,115
1405,967,16,84,15,1082
1407,33,17,18,17,85
1408,0,34,18,17,69
1409,0,17,18,17,52
1410,0,35,17,17,69
1411,17,34,32,15,98
1412,0,34,32,15,81
1413,17,32,34,16,99
1414,32,34,32,17,115
1415,0,17,34,16,67
1416,0,34,32,17,83
1418,32,33,0,18,83
1419,117,33,32,17,199
1421,34,16,99,17,166
1422,0,34,99,17,150
1423,0,16,99,17,132
1424,0,34,17,16,67
1428,32,35,15,17,99
1429,15,35,15,17,82
1430,0,35,15,17,67
1431,0,18,15,17,50
1432,32,34,34,17,117
1433,102,15,17,18,152
1434,0,34,34,17,85
1436,0,34,0,17,51
1438,0,32,17,18,67
1440,0,35,98,18,151
1441,51,34,31,18,134
1442,0,33,0,15,48
1443,17,34,31,18,100
1444,0,34,31,18,83
1446,100,33,32,17,182
1447,35,16,18,17,86
1448,0,34,18,17,69
1449,116,35,14,17,182
1451,17,33,32,17,99
1453,50,35,14,17,116
1454,32,35,14,17,98
1455,17,35,14,17,83
1456,0,35,14,17,66
1457,49,34,52,14,149
1460,34,34,84,15,167
1461,0,17,52,14,83
1462,34,32,52,15,133
1464,0,32,52,15,99
1465,0,14,52,15,81
1469,33,17,18,17,85
1471,52,31,18,16,117
1475,52,33,0,16,101
1477,16,33,0,16,65
1478,0,33,0,16,49
1480,0,33,50,16,99
1481,0,17,50,16,83
1482,101,33,0,16,150
1483,51,35,15,18,119
1484,34,35,15,18,102
1487,34,18,0,16,68
1488,0,33,0,16,49
1489,0,18,0,16,34
1490,0,33,0,15,48
1491,0,17,0,15,32
1492,0,32,0,18,50
1493,0,17,0,18,35
1494,34,32,0,19,85
1495,0,16,0,18,34
1496,32,36,99,16,183
1497,33,17,99,16,165
1499,49,33,101,17,200
1500,99,34,15,18,166
1501,17,33,101,17,168
1502,0,33,101,17,151
1503,0,15,101,17,133
1505,17,34,15,18,84
1507,0,18,15,18,51
1508,0,33,33,15,81
1509,18,33,84,16,151
1512,0,32,136,16,184
1513,0,17,136,16,169
1514,0,35,33,16,84
1515,49,34,17,17,117
1516,33,34,17,17,101
1518,84,15,18,17,134
1520,34,31,18,17,100
1521,17,31,18,17,83
1523,283,32,68,15,398
1524,35,32,17,16,100
1525,32,17,17,16,82
1526,0,32,17,16,65
1528,83,18,51,16,168
1529,0,16,33,17,66
1531,31,18,51,16,116
1533,52,33,48,17,150
1534,0,34,17,16,67
1535,17,33,48,17,115
1536,17,16,48,17,98
1538,0,33,15,17,65
1540,0,32,68,15,115
1542,185,15,16,18,234
1543,32,18,84,15,149
1544,34,33,99,16,182
1545,18,33,99,16,166
1546,0,33,99,16,148
1548,0,33,33,18,84
1549,98,18,18,14,148
1550,33,33,16,18,100
1552,0,33,16,18,67
1553,0,15,16,18,49
1554,235,32,52,16,335
1556,32,36,0,15,83
1557,14,36,0,15,65
1558,0,36,0,15,51
1560,0,33,16,17,66
1561,0,18,16,17,51
1563,17,33,83,18,151
1564,0,33,83,18,134
1565,116,33,16,18,183
1566,34,32,52,16,134
1568,0,32,52,16,100
1569,15,35,49,18,117
1570,0,35,49,18,102
1571,51,34,114,17,216
1572,0,33,16,18,67
1573,16,34,114,17,181
1576,0,32,50,17,99
1579,51,32,233,18,334
1582,32,35,34,16,117
1583,52,34,32,17,135
1585,18,34,32,17,101
1586,0,34,32,17,83
1590,0,34,0,15,49
1591,32,17,52,14,115
1592,32,35,49,17,133
1593,219,33,0,15,267
1596,0,31,69,15,115
1597,32,17,16,18,83
1600,0,34,34,15,83
1601,18,34,99,18,169
1603,0,19,99,18,136
1604,0,33,0,16,49
1606,0,33,0,15,48
1607,116,34,32,17,199
1608,0,33,300,16,349
1609,118,32,0,17,167
1611,0,15,17,16,48
1613,99,18,0,15,132
1615,18,32,0,17,67
1616,0,32,0,17,49
1617,232,16,34,18,300
1618,217,16,34,18,285
1619,0,18,0,15,33
1621,0,17,33,18,68
1623,32,15,18,17,82
1624,33,35,49,16,133
1625,0,15,18,17,50
1626,0,35,49,16,100
1629,101,16,0,16,133
1630,0,34,34,18,86
1632,34,34,0,16,84
1633,382,35,15,17,449
1634,34,34,17,14,99
1635,0,16,0,16,32
1636,102,31,85,15,233
1637,0,18,17,14,49
1639,0,14,52,16,82
1640,0,37,15,16,68
1641,35,16,85,15,151
1642,0,31,85,15,131
1643,34,14,53,15,116
1644,0,32,53,15,100
1645,98,16,36,15,165
1647,15,35,0,16,66
1648,0,35,0,16,51
1649,31,16,36,15,98
1653,0,16,0,15,31
1654,98,33,102,16,249
1655,35,16,15,17,83
1657,0,16,15,17,48
1658,32,33,102,16,183
1659,235,16,82,17,350
1660,33,34,50,18,135
1661,0,15,102,16,133
1662,0,34,50,18,102
1664,99,34,18,16,167
1665,18,33,49,16,116
1667,101,16,82,17,216
1668,0,31,52,16,99
1669,116,33,16,17,182
1670,34,34,82,17,167
1672,34,33,49,17,133
1674,33,33,16,17,99
1675,14,33,16,17,80
1677,15,33,151,17,216
1678,0,33,151,17,201
1679,0,17,151,17,185
1681,0,16,0,15,31
1683,0,16,85,17,118
1684,0,35,50,17,102
1685,0,18,50,17,85
1686,0,33,17,17,67
1689,217,33,18,16,284
1690,34,32,83,17,166
1692,0,32,83,17,132
1695,0,16,49,17,82
1696,83,17,33,18,151
1697,199,18,133,17,367
1698,101,34,48,18,201
1700,0,34,33,18,85
1701,33,17,18,16,84
1702,33,34,48,18,133
1703,0,17,18,16,51
1704,0,34,48,18,100
1705,31,17,16,18,82
1707,233,17,17,17,284
1708,400,34,0,17,451
1709,0,18,133,17,168
1710,0,32,0,18,50
1711,0,15,0,18,33
1712,0,33,0,19,52
1713,34,16,67,15,132
1714,0,35,67,15,117
1715,33,16,0,17,66
1716,416,18,16,17,467
1717,0,16,0,17,33
1718,100,33,17,17,167
1719,32,17,17,17,83
1720,0,32,17,17,66
1721,101,17,32,17,167
1722,0,34,50,17,101
1724,99,34,34,17,184
1726,34,32,50,18,134
1727,117,34,116,17,284
1728,32,34,34,17,117
1731,0,17,34,17,68
1732,0,34,0,17,51
1734,484,15,35,16,550
1737,17,36,14,18,85
1738,484,18,15,17,534
1739,18,32,16,17,83
1740,0,32,16,17,65
1741,18,33,50,15,116
1742,98,34,83,17,232
1743,100,16,83,17,216
1745,482,35,82,16,615
1746,0,32,0,18,50
1747,15,34,83,17,149
1748,484,17,17,16,534
1749,0,16,83,17,116
1751,251,34,15,17,317
1753,32,17,0,18,67
1754,0,34,0,18,52
1755,35,16,15,18,84
1756,0,34,15,18,67
1757,0,16,15,18,49
1758,33,33,0,18,84
1759,51,33,35,16,135
1760,0,33,0,18,51
1763,50,34,15,17,116
1764,0,35,98,17,150
1765,17,34,15,17,83
1766,98,34,0,17,149
1767,50,32,0,17,99
1768,0,32,0,16,48
1769,33,16,0,17,66
1770,101,32,17,16,166
1772,101,33,84,16,234
1774,0,35,82,16,133
1775,0,18,82,16,116
1777,17,33,84,16,150
1778,101,32,185,17,335
1779,483,34,50,17,584
1781,16,35,16,16,83
1782,0,35,16,16,67
1783,0,17,16,16,49
1785,0,16,185,17,218
1786,33,34,50,16,133
1787,33,17,50,16,116
1789,0,17,50,16,83
1791,0,16,16,16,48
1793,16,34,18,17,85
1794,34,35,15,17,101
1795,34,17,15,17,83
1797,32,17,32,18,99
1798,0,32,32,18,82
1799,0,17,32,18,67
1800,0,32,85,16,133
1801,16,35,216,17,284
1802,235,33,33,16,317
1803,233,17,33,16,299
1806,32,34,50,17,133
1807,34,16,50,17,117
1808,34,32,18,17,101
1810,0,32,18,17,67
1811,51,33,16,17,117
1812,35,33,16,17,101
1813,17,33,16,17,83
1814,33,33,33,16,115
1817,17,33,33,17,100
1818,0,33,33,17,83
1819,233,17,16,19,285
1823,51,33,16,18,118
1825,17,33,16,18,84
1826,33,34,0,15,82
1828,0,34,0,15,49
1829,33,17,49,19,118
1830,0,32,49,19,100
1832,0,33,16,19,68
1833,0,17,16,19,52
1834,100,34,0,16,150
1835,0,19,16,15,50
1838,0,34,0,17,51
1839,34,17,0,16,67
1840,0,34,0,16,50
1842,0,33,0,16,49
1843,33,17,50,17,117
1844,0,33,50,17,100
1847,83,35,65,16,199
1848,0,33,50,18,101
1850,84,17,15,17,133
1851,12,35,65,16,128
1852,83,17,16,17,133
1854,81,17,0,18,116
1855,0,17,15,17,49
1856,83,15,51,16,165
1857,17,33,0,18,68
1858,0,33,0,18,51
1859,0,17,0,18,35
1860,0,33,51,16,100
1861,682,35,115,18,850
1862,0,34,133,18,185
1863,0,15,133,18,166
1864,333,34,50,17,434
1865,33,16,52,15,116
1866,0,33,52,15,100
1867,0,16,52,15,83
1868,0,35,50,15,100
1869,118,32,18,15,183
1870,0,32,118,15,165
1872,0,33,50,17,100
1873,0,15,50,17,82
1875,49,33,35,17,134
1876,0,32,18,15,65
1878,0,33,35,17,85
1879,15,35,17,15,82
1880,0,35,17,15,67
1881,18,32,0,18,68
1882,0,32,0,18,50
1883,0,15,0,18,33
1884,101,33,50,16,200
1885,0,16,50,17,83
1886,100,32,18,16,166
1887,0,12,17,17,46
1888,34,33,50,16,133
1889,17,33,50,16,116
1890,0,33,50,16,99
1891,17,32,18,16,83
1892,0,32,18,16,66
1893,0,15,18,16,49
1894,0,34,0,19,53
1895,16,35,15,17,83
1896,35,32,16,17,100
1897,48,33,50,17,148
1899,50,35,115,18,218
1900,100,34,67,17,218
1901,17,35,115,18,185
1902,35,32,16,18,101
1904,32,34,67,17,150
1905,51,34,50,16,151
1906,34,34,50,16,134
1907,52,33,49,16,150
1908,233,31,20,15,299
1909,19,33,49,16,117
1911,0,18,49,16,83
1912,0,33,67,16,116
1913,0,16,67,16,99
1914,32,35,16,17,100
1915,16,35,16,17,84
1917,33,17,15,18,83
1918,0,33,15,18,66
1919,50,31,20,15,116
1923,233,16,83,16,348
1924,0,35,17,17,69
1926,34,34,50,16,134
1927,0,17,17,17,51
1928,34,32,18,16,100
1930,32,34,51,16,133
1932,0,34,51,16,101
1933,115,35,16,16,182
1934,0,34,116,16,166
1936,232,35,15,17,299
1938,865,34,51,17,967
1940,35,32,18,17,102
1944,0,35,182,16,233
1945,17,34,98,18,167
1946,34,31,17,18,100
1948,0,31,17,18,66
1949,17,35,15,17,84
1951,50,33,50,17,150
1955,0,15,50,17,82
1957,450,34,51,14,549
1958,0,34,17,17,68
1959,0,17,17,17,51
1960,34,32,101,18,185
1961,17,32,101,18,168
1962,0,32,101,18,151
1964,0,34,17,18,69
1965,0,17,17,18,52
1967,18,32,50,16,116
1969,452,33,149,18,652
1970,0,33,84,17,134
1971,0,15,84,17,116
1972,0,33,0,17,50
1974,100,35,15,17,167
1975,235,14,18,16,283
1976,17,17,16,16,66
1978,0,32,50,17,99
1980,0,35,15,17,67
1981,18,32,51,16,117
1982,0,32,51,16,99
1985,0,16,51,14,81
1986,33,32,18,16,99
1987,16,32,18,16,82
1988,0,32,18,16,66
1989,14,34,51,17,116
1990,0,34,51,17,102
1991,16,34,50,17,117
1992,0,34,50,17,101
1993,0,17,50,17,84
1994,0,34,149,17,200
1997,17,34,16,15,82
1999,0,17,16,15,48
2000,31,35,16,17,99
2001,0,15,152,16,183
2002,35,33,135,16,219
2003,0,17,16,17,50
2004,33,34,16,17,100
2005,33,18,16,17,84
2006,0,34,16,17,67
2007,34,17,51,17,119
2008,33,33,18,17,101
2009,0,17,51,17,85
2010,33,35,49,17,134
2011,34,17,49,17,117
2013,0,17,49,17,83
2014,32,34,15,18,99
2015,217,31,18,16,282
2016,0,34,15,18,67
2018,33,34,31,18,116
2025,32,19,49,16,116
2026,518,18,15,16,567
2027,100,21,46,17,184
2028,31,34,0,16,81
2029,88,31,82,17,218
2030,0,34,0,16,50
2031,0,16,0,16,32
2033,0,21,46,17,84
2034,0,31,82,17,130
2035,33,17,0,18,68
2036,0,32,0,18,50
2037,233,18,66,18,335
2039,0,17,48,18,83
2040,32,34,0,16,82
2043,34,16,17,17,84
2045,33,17,33,16,99
2046,0,34,33,16,83
2047,33,17,0,16,66
2049,33,18,66,18,135
2050,34,33,0,18,85
2052,766,33,301,17,1117
2053,116,34,166,18,334
2054,0,33,0,18,51
2055,0,15,0,18,33
2056,0,36,15,16,67
2058,0,31,0,17,48
2059,99,16,35,17,167
2060,34,34,15,16,99
2061,0,17,166,18,201
2062,34,31,35,17,117
2063,484,34,0,16,534
2064,98,34,0,18,150
2067,18,32,34,18,102
2068,32,34,0,18,84
2069,34,15,0,18,67
2070,34,33,35,15,117
2071,0,15,0,18,33
2072,0,33,35,15,83
2073,0,15,35,15,65
2074,0,35,0,15,50
2075,18,32,50,16,116
2078,34,32,0,18,84
2080,32,34,0,18,84
2081,16,34,0,18,68
2082,0,34,0,18,52
2083,34,16,33,17,100
2084,0,34,33,17,84
2085,49,34,117,15,215
2086,484,16,33,17,550
2087,483,33,50,16,582
2088,34,33,0,16,83
2090,0,33,0,16,49
2092,34,32,51,15,132
2093,0,18,0,16,34
2094,0,32,51,15,98
2095,965,17,18,17,1017
2096,0,33,18,15,66
2097,48,33,101,16,198
2098,33,33,101,16,183
2100,0,33,101,16,150
2102,0,34,99,19,152
2103,16,32,0,21,69
2104,234,33,49,18,334
2105,0,14,0,21,35
2106,35,32,0,19,86
2107,231,16,115,19,381
2108,32,34,151,16,233
2111,0,15,151,16,182
2112,0,33,35,17,85
2113,15,35,33,17,100
2114,101,33,115,19,268
2115,482,34,83,17,616
2116,0,33,50,16,99
2117,0,16,50,16,82
2119,0,16,49,18,83
2121,0,16,115,19,150
2122,0,34,81,19,134
2123,18,32,49,19,118
2124,0,32,49,19,100
2125,16,34,34,18,102
2127,235,15,16,17,283
2128,34,33,17,15,99
2130,0,33,17,15,65
2131,32,15,19,15,81
2132,0,32,19,15,66
2133,15,34,51,18,118
2134,0,34,51,18,103
2135,0,15,51,18,84
2137,98,17,0,17,132
2138,0,34,48,17,99
2139,35,15,16,17,83
2140,0,32,16,17,65
2141,31,17,0,17,65
2144,100,34,67,17,218
2145,33,16,17,17,83
2146,32,34,17,17,100
2148,100,35,32,17,184
2149,0,17,17,17,51
2151,32,17,18,17,84
2152,99,35,16,17,167
2154,35,32,51,17,135
2155,0,17,32,17,66
2156,233,33,0,17,283
2157,32,18,16,17,83
2160,466,33,100,17,616
2161,48,34,0,18,100
2162,31,34,0,18,83
2163,15,34,0,18,67
2164,0,34,0,18,52
2165,16,35,33,17,101
2166,0,35,33,17,85
2167,0,17,33,17,67
2169,35,16,0,17,68
2170,99,35,0,15,149
2171,100,17,0,15,132
2172,101,33,82,16,232
2173,34,15,0,18,67
2176,100,33,17,16,166
2177,32,18,82,16,148
2178,0,33,82,16,131
2179,0,18,82,16,116
2180,32,33,17,16,98
2181,0,17,18,15,50
2182,0,33,17,16,66
2183,32,16,0,18,66
2184,0,33,0,18,51
2185,100,17,17,16,150
2186,0,35,66,17,118
2187,466,18,82,16,582
2188,0,33,100,17,150
2190,466,33,17,16,532
2191,0,17,17,16,50
2192,101,34,0,16,151
2193,34,16,0,17,67
2194,0,34,0,17,51
2195,100,15,52,15,182
2197,0,17,15,19,51
2198,233,32,0,17,282
2199,235,15,0,17,267
2200,0,31,52,15,98
2202,101,32,18,17,168
2203,17,33,17,17,84
2204,0,33,17,17,67
2205,49,32,18,17,116
2206,0,34,67,17,118
2207,34,15,18,17,84
2208,0,32,18,17,67
2209,0,15,18,17,50
2211,17,32,0,17,66
2212,0,32,0,17,49
2213,0,15,0,17,32
2215,0,18,82,16,116
2216,0,32,50,16,98
2217,0,17,50,16,83
2220,0,33,0,18,51
2221,16,33,51,18,118
2222,0,33,51,18,102
2224,0,34,17,18,69
2225,51,34,14,17,116
2226,35,34,14,17,100
2227,634,16,17,17,684
2228,34,31,18,16,99
2230,31,34,33,18,116
2231,51,33,18,15,117
2232,100,34,0,17,151
2233,16,33,18,15,82
2234,0,33,18,15,66
2235,17,33,34,17,101
2237,0,15,34,17,66
2238,0,34,0,17,51
2239,30,16,67,16,129
2240,0,33,67,16,116
2242,0,33,0,17,50
2243,14,34,33,18,99
2248,33,34,17,15,99
2249,117,32,0,18,167
2250,34,32,18,18,102
2251,17,32,18,18,85
2252,0,32,18,18,68
2253,250,33,116,17,416
2254,0,36,0,15,51
2256,32,34,17,17,100
2257,0,17,0,18,35
2259,233,15,67,17,332
2260,232,34,99,19,384
2261,0,17,0,15,32
2262,0,33,0,16,49
2268,0,33,116,17,166
2269,0,16,116,17,149
2271,17,32,67,17,133
2272,0,32,67,17,116
2273,0,15,67,17,99
2274,0,34,99,19,152
2275,849,34,16,17,916
2276,0,33,0,17,50
2277,17,33,0,18,68
2278,33,33,19,16,101
2279,0,16,0,18,34
2280,101,32,19,17,169
2281,34,16,33,17,100
2284,33,32,19,17,101
2287,34,17,64,18,133
2288,36,31,0,18,85
2289,0,17,64,18,99
2290,0,31,0,18,49
2291,34,15,0,18,67
2292,0,33,0,18,51
2293,0,15,0,18,33
2294,101,32,0,19,152
2295,115,34,18,16,183
2296,232,33,52,17,334
2297,50,32,0,19,101
2298,434,33,18,16,501
2299,16,32,0,19,67
2300,0,32,0,19,51
2301,15,34,18,16,83
2302,0,34,18,16,68
2303,49,31,137,15,232
2308,0,35,17,16,68
2310,1868,33,83,18,2002
2311,100,16,18,16,150
2312,34,35,0,15,84
2313,16,35,0,15,66
2314,35,31,18,16,100
2315,17,31,18,16,82
2316,49,16,0,16,81
2317,0,16,18,16,50
2318,18,16,0,16,50
2319,16,34,49,17,116
2322,0,33,16,17,66
2323,234,17,50,18,319
2326,0,34,16,17,67
2327,16,33,66,18,133
2328,33,34,16,16,99
2329,17,34,16,16,83
2330,0,34,16,16,66
2331,17,32,18,16,83
2332,32,34,17,17,100
2333,34,16,17,17,84
2334,34,34,50,18,136
2335,0,16,17,17,50
2336,0,34,50,18,102
2339,17,35,80,18,150
2340,0,35,80,18,133
2341,18,32,0,16,66
2342,32,32,16,18,98
2343,17,32,16,18,83
2344,32,34,100,17,183
2346,0,34,100,17,151
2347,35,17,132,18,202
2348,100,34,15,17,166
2349,0,17,132,18,167
2352,0,33,34,15,82
2353,34,17,15,17,83
2354,234,32,34,18,318
2355,0,17,15,17,49
2356,32,34,0,18,84
2357,0,17,18,16,51
2358,0,34,0,18,52
2360,0,33,51,17,101
2363,52,33,16,16,117
2364,99,34,0,18,151
2365,17,33,16,16,82
2366,0,33,16,16,65
2367,16,32,34,18,100
2372,33,35,48,17,133
2373,0,15,0,17,32
2374,3067,33,33,18,3151
2375,0,18,48,17,83
2376,0,32,16,17,65
2377,17,33,17,17,84
2378,33,34,0,18,85
2379,17,34,0,18,69
2380,0,34,0,18,52
2381,100,17,17,17,151
2382,0,34,0,15,49
2384,0,31,0,18,49
2385,34,17,17,17,85
2387,0,17,17,17,51
2388,34,33,49,18,134
2390,500,33,15,18,566
2391,49,35,49,17,150
2392,0,32,17,18,67
2394,0,35,49,17,101
2395,0,18,49,17,84
2396,0,32,17,17,66
2397,118,34,15,17,184
2398,0,34,0,17,51
2399,0,17,0,17,34
2400,0,34,17,16,67
2401,50,34,15,17,116
2404,0,34,15,17,66
2405,0,18,15,17,50
2407,0,17,33,19,69
2408,0,33,19,14,66
2411,0,14,135,15,164
2412,0,33,17,18,68
2413,50,33,17,17,117
2414,0,35,50,17,102
2415,33,18,17,17,85
2417,0,18,17,17,52
2418,0,34,48,18,100
2419,17,33,15,18,83
2420,482,17,50,16,565
2421,484,34,67,16,601
2422,0,33,83,18,134
2423,18,33,50,18,119
2424,0,33,50,18,101
2425,17,33,17,18,85
2427,15,35,15,17,82
2428,0,35,15,17,67
2429,18,32,17,15,82
2430,0,32,17,15,64
2431,49,34,17,17,117
2432,0,32,19,15,66
2433,15,34,17,17,83
2434,34,34,18,16,102
2435,98,18,51,15,182
2436,0,34,18,16,68
2437,235,16,67,16,334
2438,0,34,200,16,250
2439,16,33,51,15,115
2440,33,33,83,17,166
2441,18,33,83,17,151
2443,17,33,16,19,85
2444,18,15,16,19,68
2445,231,18,16,17,282
2446,0,35,15,17,67
2447,51,34,67,16,168
2448,0,32,50,16,98
2449,17,34,67,16,134
2450,34,32,18,17,101
2451,32,16,18,17,83
2453,51,34,14,18,117
2454,0,35,16,18,69
2456,0,34,14,18,66
2457,0,18,14,18,50
2458,0,32,16,17,65
2459,0,18,16,17,51
2462,100,32,35,17,184
2463,251,31,18,17,317
2464,35,32,0,18,85
2465,100,18,17,17,152
2466,32,32,35,17,116
2468,32,35,17,17,101
2469,0,14,35,17,66
2471,0,18,17,17,52
2475,0,17,18,17,52
2476,0,35,165,16,216
2479,50,33,32,17,132
2481,17,33,32,17,99
2482,500,34,49,17,600
2483,19,32,0,17,68
2484,0,32,0,17,49
2485,15,34,34,16,99
2486,34,34,134,15,217
2487,0,17,34,16,67
2488,101,33,0,16,150
2489,0,18,134,15,167
2490,0,34,48,18,100
2492,0,33,33,16,82
2493,0,17,33,16,66
2494,15,18,0,16,49
2495,118,33,17,17,185
2496,100,33,17,17,167
2497,0,18,49,17,84
2498,33,33,0,16,82
2499,51,33,17,17,118
2500,33,33,17,17,100
2501,17,33,17,17,84
2502,0,33,17,17,67
2503,51,32,51,17,151
2504,17,17,0,15,49
2506,0,32,51,17,100
2508,33,35,100,16,184
2509,16,35,100,16,167
2510,0,35,100,16,151
2511,17,34,49,17,117
2512,965,33,18,17,1033
2513,19,32,17,17,85
2516,0,34,0,16,50
2518,32,34,34,15,115
2520,0,34,34,15,83
2521,0,17,34,15,66
2522,0,34,0,15,49
2523,100,17,33,17,167
2524,0,32,34,17,83
2525,0,17,34,17,68
2526,0,34,118,15,167
2527,34,17,33,17,101
2529,101,15,0,18,134
2530,0,33,0,17,50
2533,34,15,0,18,67
2534,0,33,0,18,51
2535,15,33,67,18,133
2536,33,33,34,18,118
2537,33,15,34,18,100
2538,33,34,34,17,118
2539,15,34,34,17,100
2541,34,16,32,17,99
2542,0,34,32,17,83
2543,0,16,32,17,65
2544,0,32,135,15,182
2545,0,15,135,15,165
2548,18,16,16,17,67
2550,99,34,33,17,183
2552,100,33,33,18,184
2553,32,17,100,18,167
2554,32,34,33,17,116
2556,34,33,33,18,118
2557,33,15,33,18,99
2559,0,15,33,18,66
2561,0,16,18,15,49
2562,0,33,33,18,84
2563,0,15,33,18,66
2564,0,33,67,18,118
2566,0,34,0,16,50
2567,0,16,0,16,32
2568,0,33,68,16,117
2569,101,15,0,18,134
2570,0,33,18,17,68
2573,0,17,98,19,134
2574,0,31,0,18,49
2575,0,15,0,18,33
2577,0,16,18,15,49
2578,0,33,19,16,68
2580,0,35,33,17,85
2581,49,34,49,17,149
2582,234,34,48,17,333
2583,17,34,49,17,117
2584,0,34,49,17,100
2586,0,33,33,17,83
2587,15,33,35,13,96
2588,33,35,13,20,101
2589,17,35,13,20,85
2590,35,33,0,16,84
2591,99,19,48,17,183
2592,33,33,82,17,165
2593,0,20,0,16,36
2594,33,34,48,17,132
2595,99,17,0,16,132
2596,34,31,84,18,167
2597,100,18,16,18,152
2598,0,31,84,18,133
2599,383,32,83,17,515
2600,34,34,16,18,102
2601,33,18,16,18,85
2602,0,34,16,18,68
2603,0,18,16,18,52
2604,100,32,18,17,167
2606,31,35,50,17,133
2608,0,35,50,17,102
2609,100,16,18,16,150
2611,33,17,16,16,82
2612,0,35,16,16,67
2613,0,17,16,16,49
2614,0,32,18,16,66
2615,0,16,18,16,50
2617,1016,33,0,16,1065
2618,99,34,0,18,151
2619,33,18,66,18,135
2622,0,32,83,17,132
2623,17,34,0,18,69
2624,34,33,33,18,118
2625,0,16,0,18,34
2626,0,33,33,18,84
2627,31,17,0,18,66
2628,0,33,0,18,51
2629,101,17,50,17,185
2632,35,32,50,17,134
2633,0,17,82,17,116
2635,100,18,0,15,133
2637,16,34,16,18,84
2638,0,34,16,18,68
2639,0,17,16,18,51
2640,0,34,0,15,49
2641,33,16,0,18,67
2642,31,35,17,17,100
2644,35,34,50,15,134
2645,101,15,18,17,151
2647,0,17,50,15,82
2648,0,32,68,16,116
2649,35,15,18,17,85
2650,485,15,0,16,516
2651,0,15,18,17,50
2652,35,34,49,16,134
2654,482,17,18,15,532
2655,32,17,18,16,83
2656,31,34,0,17,82
2657,0,17,18,16,51
2658,233,34,0,17,284
2659,16,32,35,16,99
2661,0,15,35,16,66
2663,485,32,0,18,535
2664,50,15,0,18,83
2665,0,16,33,18,67
2666,18,15,0,18,51
2669,0,17,49,17,83
2671,32,17,0,17,66
2672,0,34,0,17,51
2673,102,15,0,16,133
2675,0,18,0,17,35
2678,0,33,0,16,49
2679,231,17,0,18,266
2680,35,32,18,15,100
2681,235,15,0,17,267
2683,50,33,201,18,302
2684,0,33,19,14,66
2685,15,33,201,18,267
2687,14,33,18,17,82
2688,33,35,65,17,150
2689,232,16,0,18,266
2690,100,35,0,18,153
2691,0,17,65,17,99
2692,0,32,0,18,50
2694,234,32,19,15,300
2695,0,15,0,17,32
2696,35,33,0,18,86
2697,0,18,0,18,36
2698,0,33,0,18,51
2700,0,34,31,18,83
2701,31,16,0,18,65
2702,31,35,84,15,165
2703,0,16,0,18,34
2704,0,35,84,15,134
2705,0,17,84,15,116
2706,0,33,117,18,168
2707,17,32,19,15,83
2710,0,34,17,17,68
2711,32,17,82,17,148
2712,34,35,15,17,101
2713,34,18,15,17,84
2714,0,35,15,17,67
2716,0,32,15,17,64
2717,0,17,15,17,49
2718,0,32,67,17,116
2719,101,17,16,17,151
2722,82,17,50,19,168
2723,0,15,117,19,151
2724,34,33,50,19,136
2726,33,33,17,19,102
2727,33,17,17,19,86
2729,102,17,33,17,169
2730,36,30,50,19,135
2731,49,36,33,17,135
2732,0,30,50,19,99
2734,0,36,33,17,86
2735,17,33,31,19,100
2736,98,34,16,19,167
2737,36,14,19,15,84
2738,0,31,19,15,65
2739,98,19,0,15,132
2741,0,15,0,17,32
2742,34,35,0,15,84
2743,218,34,0,15,267
2745,0,19,0,15,34
2746,0,32,51,15,98
2747,34,17,17,15,83
2749,0,17,17,15,49
2750,0,32,35,16,83
2751,32,18,0,16,66
2752,102,34,98,15,249
2754,214,19,116,18,367
2755,85,30,18,17,150
2756,0,34,0,15,49
2757,33,19,98,15,165
2758,99,33,49,18,199
2759,0,19,98,15,132
2760,0,30,18,17,65
2761,0,16,18,17,51
2763,0,17,48,19,84
2767,0,19,116,18,153
2768,233,33,0,18,284
2770,401,33,17,17,468
2771,416,34,15,18,483
2772,34,34,0,14,82
2774,0,34,0,14,48
2775,100,17,15,18,150
2776,0,31,269,16,316
2780,0,36,15,18,69
2782,0,33,0,18,51
2783,36,16,16,17,85
2784,34,33,17,15,99
2785,0,16,16,17,49
2786,0,33,17,15,65
2787,100,18,50,17,185
2788,0,32,17,18,67
2789,0,15,17,18,50
2790,35,34,50,17,136
2791,0,18,16,18,52
2792,0,34,50,17,101
2793,34,17,17,17,85
2794,0,33,17,17,67
2798,0,33,83,16,132
2799,0,18,83,16,117
2800,33,31,19,16,99
2802,0,31,19,16,66
2803,99,16,18,18,151
2804,35,32,51,18,136
2805,0,16,101,15,132
2806,498,34,133,18,683
2807,48,36,66,16,166
2808,0,33,18,18,69
2810,0,36,66,16,118
2811,33,17,34,16,100
2812,0,32,34,16,82
2813,34,17,48,19,118
2814,34,30,18,19,101
2815,17,30,18,19,84
2816,0,30,18,19,67
2817,0,14,18,19,51
2819,0,19,116,17,152
2821,15,34,19,15,83
2822,0,34,19,15,68
2823,0,15,19,15,49
2827,101,14,18,15,148
2828,98,33,17,17,165
2829,18,33,49,15,115
2830,97,34,133,18,282
2831,0,18,49,15,82
2832,0,31,18,15,64
2833,47,34,133,18,232
2834,33,34,133,18,218
2835,99,17,66,18,200
2836,0,34,133,18,185
2837,0,17,133,18,168
2838,0,35,15,17,67
2839,16,32,66,18,132
2841,17,33,19,14,83
2842,33,33,51,17,134
2844,0,33,51,17,101
2845,0,14,51,17,82
2849,33,18,48,17,116
2850,0,34,48,17,99
2851,0,18,48,17,83
2852,366,32,51,16,465
2855,36,16,15,17,84
2856,102,33,31,19,185
2857,365,16,17,17,415
2858,0,32,0,16,48
2859,17,35,49,15,116
2860,0,35,49,15,99
2861,0,19,49,15,83
2863,234,17,15,16,282
2865,15,34,50,19,118
2866,234,34,185,16,469
2867,99,17,51,17,184
2869,115,36,15,16,182
2870,35,32,51,17,135
2871,34,17,51,17,119
2872,0,32,51,17,100
2873,0,17,51,17,85
2874,32,36,15,16,99
2875,17,36,15,16,84
2876,36,31,17,17,101
2879,16,34,185,16,251
2880,0,34,185,16,235
2881,0,17,185,16,218
2882,0,33,20,13,66
2883,0,16,20,13,49
2885,13,33,34,16,96
2886,0,33,34,16,83
2887,15,34,52,16,117
2888,236,31,0,19,286
2889,17,34,66,16,133
2890,0,34,66,16,116
2891,0,18,66,16,100
2892,34,32,66,18,150
2893,599,16,66,17,698
2895,16,33,0,18,67
2896,0,33,0,18,51
2897,35,15,0,18,68
2899,33,18,15,16,82
2901,0,18,15,16,49
2903,0,16,0,19,35
2904,0,36,31,18,85
2905,0,17,31,18,66
2906,0,31,0,18,49
2907,17,34,32,18,101
2908,34,32,0,18,84
2909,100,16,68,15,199
2910,0,32,0,18,50
2911,0,15,0,18,33
2912,34,34,68,15,151
2913,2382,33,0,19,2434
2914,0,34,68,15,117
2916,33,35,15,18,101
2917,51,33,0,16,100
2918,20,15,15,18,68
2922,0,33,16,17,66
2924,483,16,52,15,566
2926,232,34,116,17,399
2927,17,34,66,17,134
2928,0,34,66,17,117
2930,0,34,0,16,50
2932,0,32,185,17,234
2934,0,35,82,17,134
2936,0,34,48,17,99
2937,49,34,116,17,216
2939,51,35,48,18,152
2942,0,35,48,18,101
2943,19,33,48,17,117
2945,17,33,15,17,82
2946,0,33,15,17,65
2947,18,32,18,17,85
2949,17,35,16,16,84
2951,17,32,52,15,116
2952,482,16,17,18,533
2954,0,34,18,15,67
2955,17,33,16,17,83
2957,31,17,0,16,64
2959,0,17,0,16,33
2960,99,34,0,17,150
2962,17,17,100,16,150
2963,99,18,0,16,133
2964,0,31,17,17,65
2967,116,35,116,18,285
2968,0,35,0,16,51
2972,32,35,116,18,201
2973,15,35,116,18,184
2975,249,34,67,15,365
2976,233,34,67,15,349
2977,17,33,17,16,83
2978,33,33,17,18,101
2979,51,35,17,14,117
2980,0,33,17,18,68
2981,16,35,17,14,82
2984,0,31,85,17,133
2987,0,16,51,17,84
2988,0,34,134,17,185
2989,234,17,66,16,333
2990,0,34,67,15,116
2993,17,35,15,18,85
2995,18,33,17,15,83
2996,33,32,167,18,250
2999,0,15,167,18,200
3000,0,34,50,17,101
3002,100,33,234,15,382
3003,99,17,234,15,365
3004,0,33,84,16,133
3005,17,33,51,16,117
3006,237,30,17,16,300
3008,33,34,17,17,101
3010,34,34,16,17,101
3011,33,17,16,17,83
3012,233,33,0,17,283
3014,0,33,16,17,66
3015,50,37,47,16,150
3016,0,33,16,21,70
3017,17,37,47,16,117
3018,0,37,47,16,100
3019,485,33,83,15,616
3021,0,13,17,16,46
3022,234,33,15,19,301
3023,0,16,15,18,49
3024,0,33,33,17,83
3027,0,15,0,17,32
3031,0,17,166,17,200
3032,34,34,15,18,101
3033,0,18,34,15,67
3034,0,34,15,18,67
3037,2718,33,15,18,2784
3039,100,18,133,17,268
3040,0,31,184,17,232
3042,0,35,149,17,201
3043,33,18,133,17,201
3044,0,33,133,17,183
3047,0,18,49,17,84
3051,100,15,0,19,134
3053,0,17,17,15,49
3054,32,33,0,19,84
3055,99,18,0,17,134
3056,33,35,98,19,185
3057,0,15,0,19,34
3060,0,34,0,17,51
3062,0,32,18,14,64
3063,0,15,18,14,47
3064,0,32,19,17,68
3065,116,33,82,19,250
3066,236,33,50,17,336
3067,98,18,82,19,217
3070,100,32,16,19,167
3071,102,15,16,19,152
3073,236,15,17,16,284
3074,34,32,16,19,101
3075,17,32,16,19,84
3077,15,35,149,16,215
3078,0,35,149,16,200
3080,0,33,50,17,100
3082,99,33,100,18,250
3083,34,17,84,15,150
3084,34,32,17,16,99
3085,0,17,84,15,116
3086,0,32,17,16,65
3089,50,38,28,18,134
3090,0,34,66,18,118
3091,31,22,28,18,99
3092,99,34,0,17,150
3093,0,22,28,18,68
3096,100,33,51,17,201
3097,49,33,18,15,115
3098,0,34,0,17,51
3099,32,16,18,15,81
3100,33,33,51,17,134
3103,51,32,0,17,100
3106,0,32,0,17,49
3108,0,33,50,16,99
3109,0,16,50,16,82
3110,0,32,18,16,66
3113,0,16,17,16,49
3116,35,32,17,16,100
3120,100,33,102,16,251
3121,100,16,102,16,234
3123,33,17,51,17,118
3124,34,33,102,16,185
3125,34,16,102,16,168
3126,0,33,102,16,151
3127,51,34,33,16,134
3129,17,34,33,16,100
3130,34,33,0,16,83
3131,19,33,0,16,68
3132,99,34,99,16,248
3134,0,31,17,18,66
3135,0,15,17,18,50
3136,102,33,15,18,168
3137,0,18,115,18,151
3138,0,34,99,16,149
3140,483,17,17,16,533
3141,18,33,15,18,84
3142,0,33,15,18,66
3143,33,18,133,18,202
3144,0,33,133,18,184
3145,0,18,133,18,169
3146,0,34,16,17,67
3147,0,18,16,17,51
3148,33,34,15,17,99
3149,0,17,49,17,83
3150,0,34,15,17,66
3151,118,34,0,15,167
3155,0,16,17,17,50
3156,0,34,68,13,115
3159,0,17,0,15,32
3160,34,30,35,15,114
3162,0,30,35,15,80
3164,0,35,0,15,50
3165,31,17,52,16,116
3166,0,32,52,16,100
3167,485,33,82,18,618
3168,35,33,66,18,152
3169,34,16,66,18,134
3170,33,32,0,19,84
3171,0,16,66,18,100
3172,0,32,0,19,51
3175,97,18,50,17,182
3177,33,16,100,16,165
3178,33,33,50,17,133
3179,49,33,17,17,116
3180,100,32,0,17,149
3181,34,17,17,17,85
3186,0,32,0,17,49
3187,33,17,34,17,101
3191,35,15,17,18,85
3193,99,18,0,15,132
3195,18,33,82,18,151
3197,0,17,82,18,117
3200,233,33,17,15,298
3202,102,30,84,17,233
3204,0,32,37,14,83
3205,0,15,37,14,66
3206,0,37,0,14,51
3207,0,19,0,14,33
3208,0,30,84,17,131
3211,0,17,49,17,83
3212,699,33,51,18,801
3213,51,32,52,17,152
3215,17,32,52,17,118
3217,0,15,52,17,84
3219,101,15,19,15,150
3220,0,34,15,17,66
3221,32,17,0,17,66
3222,32,32,19,15,98
3223,0,17,0,17,34
3224,0,32,19,15,66
3225,34,15,0,19,68
3226,0,34,0,19,53
3227,34,16,15,17,82
3228,35,32,0,17,84
3229,481,36,69,14,600
3230,32,34,49,17,132
3232,100,33,50,19,202
3234,0,32,17,17,66
3235,32,17,83,19,151
3236,0,34,83,19,136
3237,0,17,83,19,119
3238,235,32,0,16,283
3239,50,34,82,16,182
3240,101,34,32,16,183
3241,33,19,82,16,150
3244,0,32,20,14,66
3247,14,32,67,16,129
3248,32,35,0,15,82
3252,0,32,0,16,48
3253,233,17,32,19,301
3254,0,33,51,18,102
3256,0,33,36,14,83
3257,32,18,69,14,133
3258,0,36,69,14,119
3259,0,18,69,14,101
3260,31,38,78,16,163
3261,100,17,32,19,168
3263,21,30,15,17,83
3265,0,16,15,17,48
3267,49,36,332,18,435
3268,0,32,85,16,133
3269,35,17,332,18,402
3270,0,36,332,18,386
3272,0,31,34,18,83
3273,101,17,0,15,133
3277,99,19,0,14,132
3278,34,32,0,17,83
3279,99,18,99,18,234
3280,400,32,18,16,466
3281,0,17,0,17,34
3282,36,32,99,18,185
3283,33,18,99,18,168
3285,0,18,99,18,135
3286,399,36,16,15,466
3287,0,19,114,18,151
3288,32,32,85,15,164
3289,0,19,16,16,51
3296,0,32,0,16,48
3297,98,18,50,16,182
3298,0,34,0,16,50
3299,0,18,0,16,34
3300,0,32,51,16,99
3301,0,16,51,16,83
3302,101,33,67,16,217
3303,18,32,18,16,84
3304,99,36,16,15,166
3305,484,33,49,18,584
3306,0,34,18,15,67
3307,16,33,67,16,132
3308,0,33,67,16,116
3309,15,36,16,15,82
3310,0,36,16,15,67
3312,0,31,82,18,131
3313,31,17,49,18,115
3314,33,34,15,18,100
3315,0,17,49,18,84
3316,0,34,15,18,67
3317,118,33,35,17,203
3318,2483,18,31,19,2551
3319,51,34,50,18,153
3321,15,34,50,18,117
3322,34,33,35,17,119
3323,102,16,16,17,151
3324,234,33,16,17,300
3325,1301,17,51,13,1382
3326,0,35,49,17,101
3327,18,33,16,17,84
3328,0,33,16,17,66
3329,49,33,0,16,98
3330,0,33,16,17,66
3331,17,33,0,16,66
3332,0,33,0,16,49
3334,0,33,49,18,100
3337,0,18,15,18,51
3339,0,18,16,17,51
3341,0,17,49,18,84
3343,235,16,67,18,336
3344,34,34,15,17,100
3345,33,19,15,17,84
3346,99,33,104,12,248
3347,0,19,15,17,51
3351,0,16,17,16,49
3354,0,33,0,18,51
3356,0,34,67,18,119
3357,32,21,12,18,83
3358,0,37,12,18,67
3359,0,21,12,18,51
3360,0,30,18,16,64
3361,0,18,18,16,52
3362,0,34,17,15,66
3364,32,38,13,16,99
3366,234,33,101,16,384
3367,0,20,13,16,49
3369,33,16,51,17,117
3370,33,34,17,17,101
3372,0,34,17,17,68
3373,0,18,17,17,52
3375,33,18,100,16,167
3376,99,35,66,16,216
3378,32,33,101,16,182
3379,35,15,101,16,167
3380,884,15,67,18,984
3382,35,31,134,16,216
3384,115,17,83,17,232
3389,0,16,17,17,50
3390,34,33,16,19,102
3391,50,35,48,19,152
3392,33,35,48,19,135
3393,31,19,48,19,117
3395,235,16,68,16,335
3396,98,35,51,13,197
3397,33,19,0,16,68
3398,0,35,0,16,51
3399,35,15,18,17,85
3401,50,33,18,13,114
3403,17,33,18,13,81
3404,0,33,18,13,64
3406,0,31,19,16,66
3407,97,19,16,17,149
3410,0,33,16,19,68
3411,99,16,17,18,150
3412,116,18,0,15,149
3414,0,33,0,15,48
3415,98,18,17,17,150
3416,0,31,17,18,66
3418,17,18,0,15,50
3420,0,33,17,17,67
3421,52,34,15,17,118
3423,17,34,15,17,83
3424,0,34,15,17,66
3425,100,16,0,18,134
3426,15,17,18,16,66
3427,0,17,18,16,51
3428,0,34,32,18,84
3432,100,33,18,17,168
3433,236,13,151,18,418
3434,0,35,17,15,67
3435,34,15,18,15,82
3437,0,15,18,15,48
3439,0,15,18,17,50
3440,35,32,0,16,83
3441,0,17,65,21,103
3442,32,33,0,21,86
3445,38,13,151,18,220
3447,0,13,151,18,182
3448,33,34,49,17,133
3450,0,34,49,17,100
3451,234,17,50,15,316
3453,17,32,36,16,101
3454,0,32,36,16,84
3456,36,32,0,16,84
3457,100,17,33,16,166
3458,99,33,50,15,197
3459,0,16,0,16,32
3461,0,17,0,17,34
3462,101,31,19,15,166
3463,33,17,50,15,115
3464,0,33,50,15,98
3465,0,17,50,15,82
3466,34,31,19,15,99
3467,34,15,19,15,83
3468,98,35,49,17,199
3469,15,34,0,17,66
3470,0,34,0,17,51
3471,0,15,0,17,32
3472,0,33,0,17,50
3473,33,18,49,17,117
3474,0,35,49,17,101
3475,0,18,49,17,84
3476,32,34,50,17,133
3478,101,30,21,16,168
3480,33,34,15,15,97
3481,102,16,99,18,235
3482,34,30,21,16,101
3483,32,15,21,16,84
3486,903,34,67,14,1018
3487,32,18,65,18,133
3488,0,34,65,18,117
3492,17,17,18,15,67
3493,0,17,18,15,50
3494,0,33,68,15,116
3495,98,17,0,18,133
3496,0,35,15,18,68
3497,100,16,50,17,183
3499,0,18,83,15,116
3500,0,32,0,18,50
3501,0,17,0,18,35
3502,101,33,16,17,167
3504,32,35,150,17,234
3505,50,33,16,17,116
3507,17,33,16,17,83
3508,33,33,32,18,116
3509,17,33,32,18,100
3510,732,33,18,17,800
3511,101,17,166,17,301
3512,32,35,66,15,148
3513,33,17,66,15,131
3517,49,34,16,17,116
3518,32,34,16,17,99
3522,33,34,33,17,117
3523,51,33,84,15,183
3525,1368,17,49,17,1451
3526,0,33,84,15,132
3527,18,34,99,18,169
3530,0,31,19,15,65
3531,234,18,0,14,266
3533,15,34,67,16,132
3537,0,16,33,16,65
3538,33,34,67,14,148
3539,34,18,67,14,133
3540,0,34,67,14,115
3541,0,18,67,14,99
3542,15,20,0,14,49
3543,251,33,49,18,351
3546,0,33,82,16,131
3547,0,19,82,16,117
3548,16,17,16,16,65
3549,33,16,17,16,82
3551,49,33,18,17,117
3553,16,33,18,17,84
3554,0,33,18,17,68
3555,15,35,50,17,117
3556,0,35,50,17,102
3559,16,34,15,18,83
3561,17,33,16,16,82
3562,0,33,16,16,65
3563,18,32,17,18,85
3564,0,32,17,18,67
3565,33,18,16,17,84
3566,0,35,16,17,68
3569,33,17,50,16,116
3571,101,18,15,16,150
3572,18,15,17,16,66
3573,15,33,18,18,84
3574,0,33,18,18,69
3575,0,16,18,18,52
3576,0,36,15,16,67
3577,100,15,51,18,184
3578,97,35,16,18,166
3582,102,32,17,17,168
3583,116,34,116,16,282
3584,0,35,16,18,69
3587,234,15,18,17,284
3588,0,32,17,17,66
3590,101,33,16,16,166
3591,232,18,50,16,316
3592,0,32,18,17,67
3593,0,15,18,17,50
3595,50,32,151,16,249
3596,33,32,151,16,232
3597,18,32,151,16,217
3598,0,32,151,16,199
3599,16,33,18,17,84
3602,0,35,116,17,168
3603,100,16,51,15,182
3604,234,32,18,16,300
3605,18,34,49,17,118
3606,34,32,51,15,132
3608,32,34,17,15,98
3609,101,15,17,18,151
3610,0,34,17,15,66
3611,17,32,51,18,118
3612,0,32,51,18,101
3614,101,34,265,18,418
3615,100,16,265,18,399
3616,0,35,50,16,101
3617,18,32,18,16,84
3618,0,32,18,16,66
3622,0,32,50,17,99
3623,433,16,19,17,485
3624,0,35,50,15,100
3626,0,32,33,18,83
3627,17,33,0,18,68
3629,33,16,17,16,82
3630,0,34,17,16,67
3631,49,33,118,16,216
3633,16,33,118,16,183
3635,15,33,18,16,82
3636,0,33,18,16,67
3637,0,15,18,16,49
3638,34,33,18,16,101
3639,0,16,51,16,83
3641,235,16,18,16,285
3642,0,34,118,17,169
3643,99,16,19,17,151
3644,0,33,0,17,50
3645,102,17,49,16,184
3646,0,35,50,17,102
3647,99,17,18,16,150
3648,0,31,19,17,67
3650,0,36,49,16,101
3651,0,17,49,16,82
3652,31,34,18,16,99
3653,0,17,18,16,51
3654,0,34,18,16,68
3658,33,33,17,16,99
3661,16,33,17,17,83
3664,34,30,52,18,134
3669,385,31,0,18,434
3672,32,35,34,16,117
3673,15,35,34,16,100
3674,0,35,34,16,85
3675,16,34,16,15,81
3676,0,34,16,15,65
3678,31,35,83,15,164
3682,32,33,51,16,132
3684,33,33,18,16,100
3685,0,15,51,16,82
3686,0,33,18,16,67
3688,0,34,35,15,84
3689,16,35,0,15,66
3691,16,31,0,18,65
3692,0,31,0,18,49
3693,16,34,18,15,83
3694,102,33,0,16,151
3697,15,35,33,16,99
3698,0,35,33,16,84
3699,17,33,0,16,66
3700,0,33,0,16,49
3702,332,34,33,18,417
3703,333,17,33,18,401
3705,0,18,0,15,33
3708,99,33,0,16,148
3709,17,34,0,15,66
3710,0,34,0,15,49
3711,17,33,0,16,66
3712,332,34,49,17,432
3713,0,18,0,16,34
3714,0,33,0,16,49
3715,116,34,33,18,201
3716,0,35,0,16,51
3717,0,19,0,16,35
3718,31,33,0,17,81
3719,115,35,17,15,182
3720,0,33,0,17,50
3722,0,34,33,18,85
3723,117,33,0,17,167
3724,0,33,134,17,184
3725,16,35,17,15,83
3726,0,35,17,15,67
3727,0,17,17,15,49
3728,99,32,67,18,216
3729,48,34,49,17,148
3731,33,17,49,17,116
3735,49,33,18,16,116
3736,101,34,17,16,168
3737,234,16,50,17,317
3739,35,16,0,16,67
3740,0,34,0,16,50
3741,0,16,0,16,32
3742,0,34,17,16,67
3744,0,33,16,18,67
3745,0,16,16,18,50
3746,0,34,0,15,49
3750,235,32,50,17,334
3751,117,33,17,17,184
3752,0,33,135,17,185
3753,15,34,18,16,83
3754,0,34,18,16,68
3755,51,33,17,17,118
3756,484,16,18,15,533
3757,16,33,17,17,83
3758,0,33,17,17,67
3760,17,17,49,18,101
3761,0,17,49,18,84
3762,100,34,17,15,166
3763,0,18,148,17,183
3766,33,34,17,15,99
3768,0,34,17,15,66
3769,17,32,17,17,83
3770,0,32,17,17,66
3771,116,31,17,17,181
3772,0,34,15,16,65
3774,232,36,15,16,299
3775,0,16,19,17,52
3777,17,31,17,17,82
3780,484,18,16,18,536
3781,0,17,51,16,84
3782,0,33,18,16,67
3783,33,16,18,15,82
3784,0,34,18,15,67
3785,100,16,18,17,151
3786,100,35,233,15,383
3788,0,36,15,16,67
3789,33,16,18,17,84
3791,0,16,18,17,51
3792,35,31,0,19,85
3793,0,17,233,15,265
3794,0,31,0,19,50
3795,849,34,50,18,951
3796,34,34,33,17,118
3797,49,33,0,17,99
3798,102,33,48,18,201
3800,0,33,0,17,50
3801,34,18,16,17,85
3802,0,35,16,17,68
3803,51,33,49,18,151
3804,0,33,48,18,99
3806,0,33,49,18,100
3807,33,18,16,18,85
3808,0,33,16,18,67
3809,1569,15,18,16,1618
3810,34,31,18,17,100
3811,18,31,18,17,84
3812,31,35,17,16,99
3814,0,35,17,16,68
3816,33,34,0,15,82
3817,50,32,118,16,216
3818,0,34,0,15,49
3819,15,32,118,16,181
3822,234,34,115,17,400
3827,117,33,0,16,166
3829,16,34,33,17,100
3830,34,33,0,17,84
3831,966,17,17,18,1018
3832,0,33,0,17,50
3833,16,33,0,16,65
3834,233,32,18,18,301
3835,0,16,0,16,32
3836,0,34,115,17,166
3837,0,18,115,17,150
3838,234,33,32,16,315
3839,0,16,0,17,33
3841,0,17,0,15,32
3842,0,32,68,15,115
3843,0,17,68,15,100
3844,485,17,66,18,586
3845,51,32,18,18,119
3846,0,34,50,18,102
3847,18,32,18,18,86
3850,101,33,0,18,152
3851,18,33,32,16,99
3852,33,32,0,16,81
3853,234,18,48,16,316
3854,0,32,0,16,48
3855,234,17,16,16,283
3857,0,17,0,18,35
3860,101,35,48,16,200
3861,33,18,0,17,68
3864,100,32,101,18,251
3865,33,18,48,16,115
3866,0,35,48,16,99
3867,0,18,48,16,82
3868,99,33,0,16,148
3870,100,33,18,14,165
3871,16,35,66,18,135
3873,234,16,15,17,282
3874,33,33,18,14,98
3876,0,33,18,14,65
3878,32,34,69,16,151
3879,33,15,69,16,133
3880,0,34,69,16,119
3881,15,35,0,15,65
3882,233,35,0,15,283
3883,17,34,16,16,83
3885,118,32,0,18,168
3886,99,32,0,18,149
3888,32,35,32,18,117
3890,100,35,0,15,150
3892,0,32,0,18,50
3893,0,17,0,18,35
3894,0,33,18,17,68
3896,0,35,0,15,50
3897,0,17,0,15,32
3899,35,16,18,15,84
3900,234,33,15,18,300
3901,0,16,18,15,49
3903,0,15,18,16,49
3905,100,17,33,15,165
3907,18,33,17,17,85
3909,99,18,15,18,150
3910,0,34,33,15,82
3911,0,17,33,15,65
3912,33,33,15,18,99
3914,99,34,20,12,165
3915,51,33,16,18,118
3917,35,16,16,18,85
3918,33,34,20,12,99
3919,50,32,19,15,116
3920,0,34,20,12,66
3922,0,32,19,15,66
3923,0,12,19,15,46
3925,0,15,51,16,82
3926,34,33,0,17,84
3927,18,33,0,17,68
3928,0,33,0,17,50
3929,0,16,0,17,33
3930,99,34,18,17,168
3931,0,15,34,17,66
3932,0,34,0,17,51
3933,15,33,18,16,82
3935,85,32,17,15,149
3937,34,17,32,17,100
3939,49,32,84,17,182
3942,82,18,50,17,167
3943,0,15,84,17,116
3944,0,34,16,18,68
3945,100,17,66,17,200
3946,101,33,17,16,167
3947,0,18,50,17,85
3950,0,34,66,17,117
3951,32,18,17,16,83
3952,0,33,17,16,66
3953,35,16,17,17,85
3955,0,16,17,17,50
3956,0,34,0,16,50
3957,0,17,0,16,33
3958,34,32,0,16,82
3959,50,34,17,16,117
3960,83,16,0,17,116
3961,16,34,17,16,83
3962,0,34,17,16,67
3964,0,33,0,17,50
3966,0,33,65,20,118
3967,33,16,117,16,182
3970,0,32,53,17,102
3973,264,19,0,15,298
3974,0,36,15,16,67
3975,167,14,50,19,250
3976,181,17,16,19,233
3978,0,34,17,18,69
3980,0,35,15,18,68
3981,0,18,15,18,51
3983,0,18,17,14,49
3984,81,19,0,15,115
3986,34,35,0,15,84
3987,33,19,0,15,67
3988,0,35,0,15,50
3990,0,33,15,17,65
3991,33,17,17,16,83
3992,0,32,17,16,65
3993,0,17,17,16,50
3994,33,34,34,20,121
3995,0,16,34,18,68
3996,0,34,34,20,88
3997,0,16,34,20,70
3999,0,16,20,13,49
4000,82,18,32,18,150
4002,0,33,34,15,82
4005,0,18,32,18,68
4006,84,15,168,17,284
4007,35,16,133,17,201
4008,85,16,0,17,118
4010,33,34,0,17,84
4011,0,15,168,17,200
4012,168,32,33,18,251
4014,0,35,16,15,66
4016,31,35,0,15,81
4019,33,18,65,18,134
4020,0,33,65,18,116
4021,0,18,65,18,101
4022,301,33,17,15,366
4023,48,36,83,16,183
4024,0,33,51,17,101
4026,0,36,83,16,135
4027,0,18,83,16,117
4028,0,32,16,16,64
4029,100,15,0,19,134
4030,98,35,18,17,168
4031,0,16,19,16,51
4032,0,35,84,17,136
4033,0,16,84,17,117
4034,0,31,0,19,50
4035,0,15,0,19,34
4036,0,35,18,17,70
4037,0,16,18,17,51
4042,0,32,34,15,81
4043,215,35,97,17,364
4045,32,19,0,16,67
4046,98,33,35,16,182
4047,0,19,0,16,35
4048,0,31,0,19,50
4049,34,14,0,18,66
4051,32,15,35,16,98
4052,33,35,35,14,117
4053,0,15,35,16,66
4055,17,35,97,17,166
4057,0,19,97,17,133
4058,0,32,32,17,81
4060,0,32,0,17,49
4061,15,33,68,16,132
4062,0,33,68,16,117
4063,0,16,68,16,100
4064,367,35,15,18,435
4065,51,34,33,16,134
4066,0,33,67,16,116
4067,16,34,33,16,99
4068,34,33,0,16,83
4069,100,17,67,17,201
4070,33,33,0,16,82
4071,17,33,0,16,66
4072,0,33,0,16,49
4073,0,17,0,16,33
4074,0,33,67,17,117
4075,101,15,135,15,266
4076,0,34,15,18,67
4077,49,32,135,15,231
4081,232,17,51,17,317
4082,102,33,33,16,184
4083,16,34,101,16,167
4084,0,34,101,16,151
4085,0,16,101,16,133
4087,251,33,84,18,386
4089,0,18,33,16,67
4090,33,33,0,16,82
4093,0,17,0,16,33
4094,0,33,51,17,101
4095,117,33,84,18,252
4096,33,35,18,14,100
4098,100,35,115,17,267
4100,0,32,151,18,201
4101,114,35,298,16,463
4103,99,18,298,16,431
4104,0,35,115,17,167
4105,0,17,115,17,149
4106,0,32,17,18,67
4107,34,18,298,16,366
4108,35,34,31,17,117
4109,34,18,31,17,100
4110,0,34,31,17,82
4111,0,18,31,17,66
4112,0,31,0,17,48
4114,34,35,16,16,101
4115,0,17,0,16,33
4116,35,32,0,16,83
4117,0,19,16,16,51
4119,98,17,0,18,133
4120,217,15,0,17,249
4121,50,33,0,18,101
4122,0,33,16,17,66
4123,665,17,67,16,765
4124,233,34,132,18,417
4127,199,17,132,18,366
4128,34,35,166,18,253
4129,34,19,166,18,237
4130,35,31,0,17,83
4131,117,34,132,18,301
4133,0,15,0,17,32
4135,50,34,132,18,234
4137,103,16,14,17,150
4138,0,34,132,18,184
4139,17,34,83,15,149
4140,0,34,83,15,132
4142,34,31,18,15,98
4144,231,34,0,16,281
4146,33,35,16,17,101
4147,0,15,18,17,50
4148,35,33,16,17,101
4149,383,32,0,18,433
4150,0,33,16,17,66
4152,0,33,66,16,115
4153,99,18,0,16,133
4154,100,33,16,17,166
4155,17,33,16,18,84
4158,0,34,0,16,50
4161,484,34,0,16,534
4162,0,33,67,16,116
4164,0,35,16,16,67
4165,102,15,0,18,135
4166,0,32,34,18,84
4168,0,34,0,18,52
4169,0,18,0,18,36
4170,901,33,232,18,1184
4173,0,14,0,18,32
4175,0,16,17,17,50
4177,234,17,0,16,267
4178,33,33,0,18,84
4179,17,33,0,18,68
4180,33,34,18,17,102
4181,17,34,18,17,86
4182,0,34,18,17,69
4183,0,16,18,17,51
4186,32,33,17,17,99
4187,50,34,0,16,100
4188,33,34,0,16,83
4189,17,34,0,16,67
4190,99,35,33,19,186
4191,33,18,14,17,82
4193,0,18,14,17,49
4195,0,17,0,18,35
4196,0,35,33,19,87
4197,32,18,19,15,84
4198,0,33,19,15,67
4199,253,31,17,17,318
4201,0,15,67,16,98
4202,0,33,34,16,83
4203,33,18,16,16,83
4204,34,32,34,16,116
4206,32,34,0,16,82
4207,0,16,34,16,66
4208,0,34,0,16,50
4209,17,33,49,17,116
4212,0,35,14,17,66
4213,20,31,17,17,85
4214,0,31,17,17,65
4216,34,34,166,16,250
4217,17,34,166,16,233
4218,34,33,34,15,116
4220,0,33,34,15,82
4223,34,18,232,18,302
4225,100,18,0,15,133
4226,0,32,0,18,50
4227,17,34,34,15,100
4228,0,34,34,15,83
4229,117,31,34,18,200
4231,0,18,0,15,33
4232,0,33,99,18,150
4233,250,35,33,15,333
4234,0,34,0,14,48
4235,18,31,34,18,101
4236,667,32,132,16,847
4237,0,17,34,18,69
4238,0,34,133,17,184
4239,16,35,49,17,117
4242,31,35,83,17,166
4244,0,35,83,17,135
4245,17,32,68,15,132
4247,17,35,33,15,100
4248,35,33,66,16,150
4249,34,17,66,16,133
4250,0,33,66,16,115
4251,0,17,66,16,99
4253,0,19,15,17,51
4255,33,19,15,17,84
4257,101,17,16,17,151
4259,0,17,50,17,84
4260,34,33,16,17,100
4263,33,17,150,18,218
4264,0,33,150,18,201
4265,17,33,18,15,83
4266,233,35,0,15,283
4268,0,33,18,17,68
4269,0,15,18,17,50
4270,0,35,15,16,66
4271,0,17,15,16,48
4273,16,36,0,16,68
4276,100,33,115,18,266
4277,49,35,0,15,99
4279,100,15,0,16,131
4282,0,33,115,18,166
4283,100,18,66,15,199
4285,99,18,16,17,150
4286,234,33,52,14,333
4287,102,17,66,18,203
4288,99,33,66,17,215
4290,0,33,16,17,66
4291,249,35,0,17,301
4292,33,33,66,17,149
4293,0,17,66,18,101
4296,99,35,17,14,165
4297,0,18,0,18,36
4298,33,33,52,14,132
4300,33,35,17,14,99
4301,100,17,0,17,134
4302,35,31,0,18,84
4305,32,17,0,17,66
4309,0,15,85,17,117
4310,34,34,50,16,134
4312,234,33,16,17,300
4314,17,17,16,16,66
4315,0,17,16,16,49
4317,0,16,0,18,34
4319,99,17,16,17,149
4320,0,32,67,16,115
4321,17,33,17,17,84
4322,0,33,17,17,67
4324,0,34,16,17,67
4326,0,33,16,17,66
4328,383,16,17,17,433
4330,0,34,116,17,167
4331,101,18,82,16,217
4332,0,32,51,18,101
4334,0,34,50,17,101
4336,35,32,101,15,183
4337,18,32,101,15,166
4338,0,32,101,15,148
4340,233,34,0,17,284
4341,32,16,167,18,233
4343,16,35,15,18,84
4344,0,35,15,18,68
4346,0,33,33,16,82
4349,0,18,49,17,84
4350,0,32,17,17,66
4351,0,16,17,17,50
4352,0,34,18,16,68
4353,17,34,0,17,68
4354,101,34,166,16,317
4355,0,16,0,17,33
4356,0,32,0,17,49
4359,52,32,0,17,101
4360,34,32,0,17,83
4361,21,32,0,17,70
4363,232,18,17,17,284
4364,0,33,68,16,117
4365,234,17,0,15,266
4367,16,35,0,16,67
4368,0,35,0,16,51
4369,17,33,16,16,82
4371,99,18,17,17,151
4376,0,34,17,17,68
4377,234,18,132,17,401
4378,34,31,85,17,167
4379,0,17,0,15,32
4381,50,35,16,17,118
4385,232,17,51,17,317
4386,0,33,0,17,50
4387,34,14,18,18,84
4388,0,31,18,18,67
4389,0,14,18,18,50
4390,0,36,132,17,185
4392,0,32,17,17,66
4393,35,17,0,15,67
4394,34,33,16,17,100
4395,0,17,0,15,32
4396,33,33,51,17,134
4397,0,18,16,17,51
4398,0,33,51,17,101
4399,34,17,50,16,117
4402,99,33,18,16,166
4404,32,33,16,17,98
4406,0,33,16,17,66
4408,0,33,18,16,67
4409,0,17,18,16,51
4410,234,34,0,17,285
4411,16,34,48,18,116
4412,34,33,15,18,100
4414,100,34,15,17,166
4419,0,17,49,17,83
4421,0,18,15,17,50
4422,0,32,67,16,115
4423,51,33,50,17,151
4424,0,34,0,17,51
4425,17,33,50,17,117
4427,32,17,17,17,83
4428,233,33,18,15,299
4429,234,16,18,15,283
4431,249,34,84,17,384
4432,100,32,150,18,300
4433,53,35,15,17,120
4434,834,34,116,17,1001
4436,35,32,150,18,235
4437,17,32,150,18,217
4438,0,32,150,18,200
4440,34,33,18,15,100
4441,49,33,17,17,116
4442,0,33,18,15,66
4444,33,34,84,17,168
4445,232,18,33,15,298
4446,0,34,84,17,135
4447,33,18,16,17,84
4449,451,33,18,16,518
4450,33,34,100,15,182
4451,0,17,17,17,51
4452,34,32,68,15,149
4454,100,33,32,17,182
4455,0,15,68,15,98
4456,0,34,0,16,50
4457,17,34,33,15,99
4459,0,18,33,15,66
4460,0,33,32,17,82
4461,0,18,32,17,67
4462,32,36,64,18,150
4464,36,31,16,17,100
4466,1431,34,16,18,1499
4468,0,33,0,18,51
4470,0,33,84,17,134
4471,49,34,100,17,200
4472,51,17,100,17,185
4473,102,16,17,16,151
4474,17,17,100,17,151
4476,233,33,17,17,300
4477,35,16,17,16,84
4478,0,34,17,16,67
4480,100,33,17,16,166
4482,500,33,17,15,565
4483,50,33,17,16,116
4484,0,34,116,17,167
4486,0,33,17,16,66
4489,100,16,17,17,150
4490,0,33,17,17,67
4491,0,15,17,17,49
4493,34,16,17,17,84
4494,0,33,17,17,67
4495,50,32,17,16,115
4496,34,32,17,16,99
4497,17,32,17,16,82
4499,16,33,117,18,184
4500,0,33,117,18,168
4501,0,16,117,18,151
4502,0,35,266,16,317
4503,234,15,17,17,283
4504,0,32,50,18,100
4506,35,33,50,16,134
4507,34,18,50,16,118
4508,0,33,50,16,99
4510,98,34,17,17,166
4511,106,15,17,17,155
4512,33,32,19,15,99
4514,100,34,66,17,217
4515,34,15,17,17,83
4516,0,34,17,17,68
4517,0,15,17,17,49
4518,0,34,16,18,68
4519,0,17,16,18,51
4521,33,18,18,15,84
4523,234,18,16,17,285
4526,33,34,0,17,84
4528,34,33,50,17,134
4530,0,33,50,17,100
4532,34,33,50,17,134
4533,0,17,16,17,50
4534,0,33,50,17,100
4536,0,34,16,17,67
4538,0,33,17,15,65
4539,115,34,52,15,216
4540,32,35,15,16,98
4541,15,35,15,16,81
4542,0,35,15,16,66
4543,0,17,15,16,48
4544,100,32,19,15,166
4545,50,35,51,15,151
4547,17,35,51,15,118
4548,0,35,51,15,101
4549,17,32,19,15,83
4550,0,32,19,15,66
4552,0,34,16,18,68
4555,18,33,34,15,100
4556,100,33,116,16,265
4557,118,32,84,16,250
4559,116,35,49,16,216
4560,0,33,50,15,98
4561,0,18,50,15,83
4565,15,35,49,16,115
4566,0,35,49,16,100
4569,49,34,33,16,132
4572,234,34,184,15,467
4573,117,32,116,17,282
4574,399,34,134,16,583
4576,100,33,17,17,167
4577,117,34,49,17,217
4579,17,32,116,17,182
4580,32,33,17,17,99
4581,117,32,33,18,200
4582,33,34,49,17,133
4583,815,35,15,17,882
4584,100,33,33,19,185
4585,51,32,33,18,134
4586,34,32,33,18,117
4587,19,32,33,18,102
4589,17,33,33,19,102
4590,0,33,33,19,85
4591,33,15,35,18,101
4592,468,32,18,18,536
4593,116,34,133,17,300
4594,101,34,133,17,285
4597,0,14,19,15,48
4600,0,34,133,17,184
4601,33,18,33,15,99
4602,34,33,49,17,133
4603,51,33,16,17,117
4606,99,34,17,15,165
4607,34,17,17,16,84
4608,33,33,0,17,83
4609,101,15,18,17,151
4611,0,16,0,17,33
4612,101,33,84,15,233
4613,49,35,15,18,117
4615,15,35,15,18,83
4617,17,33,84,15,149
4618,0,33,84,15,132
4619,50,36,81,17,184
4621,17,36,81,17,151
4622,0,36,81,17,134
4624,31,33,17,17,98
4627,49,33,0,17,99
4628,0,34,33,17,84
4629,484,32,0,18,534
4633,117,33,16,17,183
4634,0,32,0,16,48
4636,36,31,66,17,150
4637,0,20,15,16,51
4638,0,31,66,17,114
4639,16,33,16,17,82
4640,33,33,0,17,83
4641,117,33,33,17,200
4645,1201,15,34,17,1267
4646,0,33,0,16,49
4647,18,33,33,17,101
4649,483,33,18,16,550
4650,0,33,35,16,84
4652,0,35,132,17,184
4653,0,18,132,17,167
4655,0,15,0,17,32
4657,0,17,16,16,49
4658,0,32,0,18,50
4660,0,35,31,18,84
4661,0,17,31,18,66
4663,99,16,0,19,134
4664,35,35,15,16,101
4665,0,17,0,16,33
4667,50,34,17,17,118
4669,16,34,17,17,84
4670,0,34,17,17,68
4676,0,33,17,16,66
4677,0,17,17,16,50
4678,233,33,17,18,301
4679,34,16,18,17,85
4682,35,31,84,16,166
4683,0,17,65,16,98
4684,0,31,84,16,131
4685,50,33,17,16,116
4686,234,34,49,17,334
4687,32,17,17,16,82
4688,50,16,50,18,134
4689,0,17,17,16,50
4691,49,35,66,16,166
4694,1602,32,267,16,1917
4695,18,33,33,16,100
4697,115,36,102,14,267
4700,100,34,34,17,185
4701,48,36,102,14,200
4702,0,30,86,18,134
4705,17,34,34,17,102
4707,1602,15,18,15,1650
4708,0,34,82,17,133
4709,35,17,14,19,85
4710,34,33,98,17,182
4711,31,19,98,17,165
4712,0,33,98,17,148
4713,252,32,17,18,319
4715,49,34,51,16,150
4716,0,32,34,17,83
4717,49,34,17,16,116
4720,100,35,15,17,167
4721,34,16,16,17,83
4722,234,34,16,16,300
4723,49,35,15,17,116
4725,17,35,15,17,84
4727,49,35,49,17,150
4728,99,34,17,17,167
4729,17,35,49,17,118
4730,35,32,84,16,167
4731,33,17,84,16,150
4732,0,32,84,16,132
4733,101,16,16,18,151
4734,34,34,16,16,100
4736,0,34,16,16,66
4738,32,34,100,15,181
4739,32,18,100,15,165
4741,0,18,100,15,133
4742,0,33,18,14,65
4745,0,14,18,17,49
4746,0,35,33,16,84
4747,32,18,0,16,66
4748,33,34,15,18,100
4749,0,18,0,16,34
4750,483,17,47,19,566
4751,119,33,14,17,183
4752,0,33,0,17,50
4753,101,18,14,17,150
4755,232,16,17,17,282
4756,36,33,14,17,100
4757,19,33,14,17,83
4758,0,33,14,17,64
4759,49,33,50,18,150
4762,101,32,17,17,167
4763,16,35,15,18,84
4765,17,33,16,16,82
4766,33,32,17,17,99
4767,18,32,17,17,84
4768,0,32,17,17,66
4769,16,34,17,17,84
4770,0,34,17,17,68
4772,0,34,199,17,250
4773,0,17,199,17,233
4774,33,33,51,17,134
4775,18,33,51,17,119
4777,0,17,51,17,85
4778,500,33,67,17,617
4779,483,33,67,17,600
4781,30,19,50,16,115
4782,32,33,17,16,98
4783,0,19,50,16,85
4785,34,16,18,17,85
4787,116,33,68,17,234
4788,35,32,267,16,350
4792,0,33,67,17,117
4793,16,33,68,17,134
4795,15,34,85,15,149
4797,483,33,16,17,549
4798,100,33,84,17,234
4799,34,15,52,15,116
4800,32,34,18,15,99
4801,49,33,84,17,183
4802,0,34,18,15,67
4803,48,34,50,17,149
4806,0,34,50,17,101
4808,0,33,67,17,117
4809,101,15,18,16,150
4810,0,34,15,18,67
4811,17,33,0,17,67
4812,233,33,16,17,299
4813,18,32,18,16,84
4814,0,32,18,16,66
4819,483,33,49,17,582
4820,0,35,16,16,67
4821,50,34,16,17,117
4822,0,32,0,17,49
4825,483,34,16,18,551
4826,0,33,16,17,66
4827,50,35,66,15,166
4828,0,33,0,18,51
4831,0,17,66,15,98
4832,0,31,0,18,49
4833,14,35,99,17,165
4834,0,35,99,17,151
4835,0,17,99,17,133
4836,233,34,50,16,333
4837,52,32,36,16,136
4839,18,32,36,16,102
4840,0,32,36,16,84
4842,0,36,49,16,101
4843,0,19,49,16,84
4844,0,32,17,16,65
4845,0,16,17,16,49
4846,17,16,149,18,200
4847,233,15,51,16,315
4849,51,32,50,18,151
4851,17,32,50,18,117
4854,34,34,15,17,100
4855,50,32,18,15,115
4856,34,32,18,15,99
4857,18,32,18,15,83
4858,232,36,17,13,298
4859,0,17,18,15,50
4860,0,33,51,16,100
4861,733,16,83,17,849
4862,0,34,17,16,67
4863,34,16,18,17,85
4864,33,35,32,16,116
4865,99,17,18,18,152
4866,35,32,16,17,100
4870,33,36,17,13,99
4871,0,17,18,18,53
4872,0,36,17,13,66
4874,0,30,0,18,48
4875,31,18,15,17,81
4876,0,36,15,17,68
4877,0,18,15,17,50
4878,32,34,83,18,167
4880,233,34,15,17,299
4881,49,32,18,18,117
4887,234,17,15,17,283
4888,233,32,33,17,315
4889,14,35,17,16,82
4891,17,33,167,17,234
4893,233,17,16,18,284
4894,100,35,15,17,167
4895,232,18,100,15,365
4898,101,33,83,17,234
4901,49,33,83,17,182
4902,0,32,33,17,82
4903,17,33,83,17,150
4904,101,32,68,15,216
4905,0,16,83,17,116
4906,484,16,117,17,634
4907,0,17,16,18,51
4908,0,34,100,15,149
4909,817,34,15,17,883
4910,32,34,34,15,115
4911,486,32,16,17,551
4914,0,34,15,18,67
4915,100,17,50,17,184
4916,0,33,49,17,99
4917,34,17,49,18,118
4918,0,33,49,18,100
4920,33,34,16,17,100
4922,0,34,16,17,67
4924,33,34,33,15,115
4925,234,18,14,18,284
4926,500,33,0,18,551
4927,251,33,67,16,367
4928,233,33,67,16,349
4929,0,18,0,15,33
4930,0,33,17,18,68
4931,99,19,17,18,153
4933,0,18,46,19,83
4934,0,31,117,17,165
4935,0,16,117,17,150
4936,15,19,17,18,69
4937,36,18,14,18,86
4938,0,35,14,18,67
4942,0,33,67,16,116
4943,100,16,35,16,167
4944,0,33,66,18,117
4945,51,32,35,16,134
4946,0,34,50,17,101
4947,32,16,35,16,99
4948,0,32,35,16,83
4950,0,35,16,17,68
4952,99,34,15,17,165
4953,0,17,16,17,50
4954,0,33,17,16,66
4956,0,33,0,18,51
4957,16,34,15,17,82
4958,34,32,35,16,117
4959,0,16,15,17,48
4960,32,35,0,16,83
4961,34,18,0,16,68
4962,0,35,0,16,51
4963,0,18,0,16,34
4964,0,31,18,17,66
4965,50,33,15,20,118
4966,18,17,0,15,50
4968,48,20,0,16,84
4969,351,33,85,15,484
4970,15,20,0,16,51
4971,36,15,34,17,102
4972,0,31,34,17,82
4974,0,34,33,18,85
4978,0,34,65,18,117
4979,0,16,65,18,99
4980,0,33,14,18,65
4981,49,35,17,16,117
4982,0,32,18,17,67
4985,449,35,33,15,532
4986,0,33,17,16,66
4987,16,33,18,15,82
4988,33,33,85,15,166
4989,117,32,18,15,182
4991,48,35,116,17,216
4992,0,33,17,18,68
4995,50,33,51,17,151
4997,15,33,51,17,116
4999,48,35,49,18,150
5000,0,33,102,18,153
5003,17,33,52,15,117
5004,0,33,52,15,100
5006,0,34,18,15,67
5007,18,33,50,17,118
5008,33,32,18,17,100
5010,0,32,18,17,67
5013,50,34,65,17,166
5014,0,33,0,15,48
5015,17,34,65,17,133
5016,0,34,65,17,116
5019,16,33,34,17,100
5020,33,34,0,17,84
5021,15,34,0,17,66
5022,0,34,0,17,51
5023,0,17,0,17,34
5024,0,35,0,16,51
5026,0,32,0,18,50
5027,0,16,0,18,34
5028,199,34,66,17,316
5029,49,32,17,18,116
5030,0,34,0,15,49
5032,0,32,17,18,67
5033,0,17,17,18,52
5034,17,18,34,15,84
5035,18,34,47,18,117
5036,34,31,100,17,182
5037,17,31,100,17,165
5040,83,17,102,16,218
5042,0,34,15,17,66
5044,182,17,49,17,265
5045,0,17,102,16,135
5046,233,35,16,18,302
5047,0,17,0,17,34
5049,0,17,17,17,51
5050,234,31,53,14,332
5052,0,31,83,17,131
5053,32,17,49,17,115
5055,0,17,49,17,83
5057,17,32,18,17,84
5058,0,32,18,17,67
5060,0,35,16,18,69
5061,17,34,113,18,182
5062,0,34,113,18,165
5064,233,33,32,16,314
5065,0,15,53,14,82
5066,17,17,84,17,135
5067,17,33,51,17,118
5068,33,33,18,17,101
5070,0,33,18,17,68
5071,18,35,17,15,85
5072,468,33,17,18,536
5075,15,35,65,16,131
5076,0,35,65,16,116
5077,782,35,50,15,882
5078,33,32,0,16,81
5079,101,16,17,17,151
5080,32,34,0,17,83
5081,15,34,0,17,66
5083,35,16,17,17,85
5084,101,33,16,18,168
5085,50,34,16,17,117
5088,0,34,16,17,67
5090,33,34,0,16,83
5091,17,34,0,16,67
5092,232,35,0,15,282
5093,34,15,51,17,117
5094,31,33,18,17,99
5095,48,35,0,15,98
5096,0,33,18,17,68
5097,14,35,0,15,64
5098,234,35,16,17,302
5100,0,33,17,18,68
5101,0,18,17,18,53
5102,0,35,0,17,52
5103,99,19,14,17,149
5105,0,14,35,15,64
5108,0,34,14,17,65
5109,33,17,51,17,118
5110,0,31,51,17,99
5111,52,33,16,17,118
5113,17,33,16,17,83
5114,0,33,16,17,66
5116,0,33,17,16,66
5117,17,33,33,18,101
5118,0,33,33,18,84
5119,16,33,51,17,117
5124,35,32,18,15,100
5125,32,17,18,15,82
5126,0,32,18,15,65
5127,35,15,18,17,85
5129,33,17,16,17,83
5130,0,35,16,17,68
5133,33,18,0,16,67
5134,34,31,18,17,100
5135,34,15,18,17,84
5136,0,31,18,17,66
5137,0,15,18,17,50
5138,35,33,34,15,117
5139,34,16,34,15,99
5141,0,16,34,15,65
5142,100,34,15,17,166
5143,216,33,34,17,300
5144,0,33,99,17,149
5145,0,18,99,17,134
5146,216,17,17,16,266
5147,0,17,0,17,34
5148,0,34,15,17,66
5149,83,33,17,16,149
5150,32,34,0,15,81
5152,0,34,0,15,49
5154,0,33,17,16,66
5155,102,16,33,18,169
5156,0,33,34,17,84
5158,100,34,100,17,251
5161,0,16,33,18,67
5162,33,34,100,17,184
5164,102,32,0,17,151
5165,0,16,100,17,133
5166,33,35,0,15,83
5167,0,17,134,16,167
5168,0,35,0,15,50
5169,0,18,0,15,33
5170,0,32,0,17,49
5171,219,33,15,17,284
5172,0,33,17,17,67
5175,17,32,52,15,116
5176,0,32,52,15,99
5177,33,18,68,15,134
5179,35,15,36,15,101
5181,15,36,15,18,84
5182,0,36,15,18,69
5183,34,18,15,17,84
5184,33,32,16,17,98
5185,33,17,16,17,83
5187,0,17,16,17,50
5188,100,32,0,18,150
5189,0,17,0,18,35
5190,0,33,116,17,166
5191,99,18,130,20,267
5192,0,34,0,15,49
5193,0,16,0,15,31
5194,32,36,130,20,218
5196,0,36,130,20,186
5197,32,17,33,19,101
5198,0,31,33,19,83
5201,0,15,0,19,34
5202,203,30,0,18,251
5203,31,16,52,17,116
5204,0,31,52,17,100
5205,36,15,17,17,85
5206,0,35,17,17,69
5207,82,35,30,18,165
5208,34,33,15,20,102
5209,32,18,15,20,85
5210,0,33,15,20,68
5211,53,30,0,18,101
5213,20,30,0,18,68
5215,0,14,0,18,32
5216,34,35,49,17,135
5218,0,35,49,17,101
5219,0,17,49,17,83
5220,0,33,33,16,82
5222,33,33,100,16,182
5223,33,17,100,16,166
5225,33,18,0,15,66
5229,84,34,15,18,151
5231,31,17,49,18,115
5232,184,18,15,15,232
5233,0,17,49,18,84
5234,34,33,50,17,134
5235,16,33,50,17,116
5236,0,33,50,17,100
5238,33,34,0,17,84
5239,86,30,0,19,135
5240,0,34,0,17,51
5241,34,18,15,15,82
5243,0,18,15,15,48
5244,15,15,0,19,49
5247,32,18,33,17,100
5248,99,33,0,16,148
5249,0,18,33,17,68
5250,33,33,133,16,215
5252,100,31,0,19,150
5253,0,16,133,16,165
5256,0,34,15,16,65
5257,0,18,15,16,49
5258,31,35,34,17,117
5260,403,28,20,18,469
5261,0,16,34,17,67
5262,185,15,51,16,267
5265,82,34,0,18,134
5266,0,34,68,18,120
5267,32,17,0,18,67
5268,0,34,0,18,52
5269,0,17,0,18,35
5271,0,16,0,18,34
5272,0,33,51,16,100
5273,0,15,51,16,82
5274,0,33,34,16,83
5275,84,34,0,16,134
5276,0,34,33,16,83
5278,0,33,16,18,67
5279,185,31,35,15,266
5282,0,34,0,15,49
5283,0,18,0,15,33
5284,28,38,0,15,81
5286,0,38,0,15,53
5289,50,35,15,17,117
5290,0,31,35,15,81
5293,416,32,19,16,483
5294,0,32,50,18,100
5297,114,34,83,18,249
5298,234,33,15,19,301
5299,100,17,83,18,218
5300,32,33,52,16,133
5301,49,34,83,18,184
5302,33,34,83,18,168
5303,34,17,83,18,152
5305,118,33,15,19,185
5306,34,32,68,15,149
5307,32,16,68,15,131
5308,0,32,68,15,115
5310,0,35,17,16,68
5312,0,33,15,19,67
5313,16,34,17,15,82
5315,0,19,17,15,51
5316,0,32,16,16,64
5317,0,15,16,16,47
5318,32,35,21,13,101
5322,34,32,34,15,115
5323,411,34,18,16,479
5324,99,34,50,17,200
5325,0,17,34,15,66
5326,0,34,33,18,85
5327,18,33,0,18,69
5328,0,33,0,18,51
5329,102,17,15,17,151
5330,0,34,50,17,101
5333,50,32,33,17,132
5335,49,33,68,15,165
5336,0,32,33,17,82
5337,235,16,0,17,268
5338,33,35,16,17,101
5339,34,18,16,17,85
5340,35,33,33,17,118
5341,0,18,16,17,51
5342,98,34,18,16,166
5343,32,18,50,16,116
5346,0,32,34,18,84
5347,0,15,34,18,67
5348,0,34,18,16,68
5349,34,16,0,17,67
5350,0,34,0,17,51
5351,0,16,0,17,33
5353,0,17,15,19,51
5355,34,17,99,17,167
5357,0,17,99,17,133
5358,0,34,148,19,201
5359,215,34,18,15,282
5361,0,23,10,17,50
5362,0,27,83,19,129
5364,0,34,83,16,133
5366,32,36,15,16,99
5367,0,15,51,16,82
5368,0,36,15,16,67
5369,34,16,0,19,69
5371,35,15,18,15,83
5372,34,33,0,18,85
5374,0,33,0,18,51
5375,0,15,0,18,33
5378,100,35,99,18,252
5380,33,33,35,15,116
5382,33,35,99,18,185
5385,0,17,99,18,134
5387,34,18,82,17,151
5388,33,32,0,18,83
5389,0,18,82,17,117
5390,32,33,34,17,116
5393,0,15,34,17,66
5394,34,33,34,18,119
5395,17,33,34,18,102
5397,0,16,34,18,68
5400,0,34,0,15,49
5401,81,35,200,15,331
5402,32,33,0,18,83
5403,34,16,0,18,68
5406,0,35,200,15,250
5407,0,17,200,15,232
5408,0,33,0,16,49
5411,0,16,17,17,50
5412,86,15,0,18,119
5413,166,17,18,17,218
5415,0,16,18,15,49
5416,0,33,0,18,51
5417,0,15,0,18,33
5418,34,33,0,15,82
5419,81,35,16,16,148
5421,33,17,18,17,85
5422,0,32,18,17,67
5425,33,16,101,16,166
5426,332,34,48,19,433
5427,33,17,50,17,117
5428,0,34,50,17,101
5429,0,17,50,17,84
5431,32,17,16,16,81
5432,0,33,16,16,65
5433,100,17,16,16,149
5434,0,32,300,17,349
5435,0,16,300,17,333
5436,0,34,0,17,51
5438,101,32,16,18,167
5440,0,32,0,18,50
5442,35,32,16,18,101
5444,0,32,16,18,66
5447,18,32,84,17,151
5448,0,32,84,17,133
5449,816,34,17,16,883
5450,35,32,66,18,151
5451,0,19,49,17,85
5453,0,16,66,18,100
5454,34,32,0,18,84
5455,101,16,34,17,168
5456,0,32,0,18,50
5457,33,16,0,18,67
5458,34,34,34,17,119
5459,101,15,117,17,250
5460,0,34,34,17,85
5461,33,17,32,18,100
5462,100,33,17,18,168
5464,32,34,83,17,166
5465,33,16,83,17,149
5466,235,34,47,17,333
5467,0,16,83,17,116
5468,0,33,17,18,68
5469,16,35,48,17,116
5470,0,35,48,17,100
5473,33,17,267,16,333
5474,433,33,19,15,500
5476,0,37,14,17,68
5479,51,31,16,17,115
5480,98,34,17,16,165
5481,19,31,16,17,83
5482,0,31,16,17,64
5483,432,16,19,14,481
5486,234,33,19,15,301
5487,16,33,0,18,67
5488,0,33,0,18,51
5489,0,16,0,18,34
5490,0,34,16,20,70
5492,0,36,0,15,51
5493,0,20,0,15,35
5494,232,31,19,14,296
5495,32,16,135,16,199
5497,0,16,135,16,167
5498,0,34,17,16,67
5499,17,33,19,15,84
5500,484,17,49,17,567
5501,816,33,18,17,884
5502,0,34,16,18,68
5504,0,34,84,14,132
5505,34,18,50,14,116
5506,98,35,101,16,250
5508,31,33,35,18,117
5509,233,17,34,16,300
5512,0,35,101,16,152
5513,233,16,84,17,350
5516,35,33,0,16,84
5519,483,33,18,15,549
5521,32,17,34,16,99
5522,0,33,34,16,83
5523,17,34,50,17,118
5524,0,34,50,17,101
5525,34,16,84,17,151
5528,0,35,49,17,101
5531,0,17,17,17,51
5534,0,33,0,17,50
5537,0,17,51,15,83
5538,32,34,17,17,100
5539,933,17,16,18,984
5541,98,17,0,18,133
5543,0,17,0,16,33
5544,33,33,0,18,84
5545,101,15,18,17,151
5546,0,33,0,18,51
5547,0,17,0,18,35
5548,0,33,18,15,66
5549,0,15,18,15,48
5550,0,33,18,17,68
5551,33,17,16,17,83
5553,233,16,0,20,269
5554,232,33,100,17,382
5555,485,31,18,16,550
5556,0,32,51,18,101
5557,234,15,49,17,315
5558,35,34,16,17,102
5561,34,17,15,17,83
5563,483,32,18,17,550
5564,0,32,0,17,49
5565,0,17,0,17,34
5567,0,16,0,20,36
5568,934,33,17,17,1001
5569,0,13,100,17,130
5571,31,19,99,16,165
5572,0,35,99,16,150
5573,33,17,17,17,84
5574,0,31,17,17,65
5577,0,17,102,16,135
5578,0,34,50,18,102
5580,33,35,16,15,99
5582,0,35,16,15,66
5584,0,31,18,16,65
5587,0,16,0,17,33
5588,0,33,17,17,67
5589,50,32,18,17,117
5590,34,32,18,17,101
5593,0,15,18,17,50
5594,0,35,16,18,69
5595,0,17,16,18,51
5599,0,17,17,16,50
5600,0,33,0,16,49
5601,32,19,0,17,68
5602,102,32,0,17,151
5604,0,33,16,18,67
5605,50,32,0,17,99
5608,0,32,0,17,49
5610,0,32,18,17,67
5611,33,17,65,19,134
5613,482,37,0,13,532
5614,0,32,85,17,134
5615,0,15,85,17,117
5618,0,35,49,17,101
5620,34,32,50,17,133
5621,482,34,34,16,566
5622,0,32,50,17,99
5623,0,17,50,17,84
5625,484,33,50,16,583
5626,0,34,51,14,99
5629,15,33,19,15,82
5630,19,14,19,15,67
5631,14,34,34,17,99
5632,0,34,34,17,85
5633,32,17,0,17,66
5635,101,15,18,19,153
5637,967,17,15,18,1017
5638,32,33,18,19,102
5640,33,37,0,13,83
5641,33,19,0,13,65
5642,235,34,48,17,334
5643,19,30,17,17,83
5644,97,34,34,16,181
5645,0,17,17,17,51
5646,34,33,34,16,117
5648,33,34,34,16,117
5652,0,34,0,16,50
5653,34,17,50,16,117
5654,0,33,50,16,99
5655,0,17,50,16,83
5657,101,17,66,17,201
5658,0,32,83,16,131
5661,0,17,17,17,51
5663,100,17,17,15,149
5664,32,34,51,15,132
5665,0,16,85,15,116
5666,233,34,50,17,334
5667,16,34,17,15,82
5668,0,34,17,15,66
5669,2202,14,18,15,2249
5671,34,17,14,17,82
5672,0,36,14,17,67
5673,98,16,19,15,148
5675,0,17,85,15,117
5677,102,17,15,17,151
5678,101,32,50,18,201
5679,35,15,50,17,117
5680,34,35,15,17,101
5681,15,35,15,17,82
5682,0,35,15,17,67
5684,0,32,50,18,100
5686,0,36,14,18,68
5687,19,32,50,15,116
5689,0,18,50,15,83
5690,0,32,133,18,183
5691,50,35,15,18,118
5693,115,34,50,17,216
5695,50,32,84,17,183
5697,18,32,84,17,151
5698,0,32,84,17,133
5699,34,16,50,17,117
5700,34,34,99,17,184
5703,51,33,0,16,100
5704,0,33,16,17,66
5705,17,33,0,16,66
5706,0,33,0,16,49
5707,99,19,0,16,134
5708,33,33,0,16,82
5709,101,20,0,13,134
5710,33,35,0,16,84
5712,0,35,0,16,51
5713,103,16,15,17,151
5715,33,17,18,16,84
5716,96,33,17,16,162
5717,0,17,18,16,51
5719,249,33,49,16,347
5721,50,33,0,17,100
5722,0,33,17,16,66
5723,15,33,0,17,65
5724,33,34,51,17,135
5729,100,17,49,16,182
5731,0,17,15,18,50
5732,0,33,132,18,183
5733,18,33,49,16,116
5736,33,32,17,17,99
5737,17,32,17,17,83
5738,0,32,17,17,66
5739,0,16,17,17,50
5741,0,17,116,18,151
5742,33,34,49,18,134
5743,32,17,49,18,116
5744,34,33,34,17,118
5746,0,33,34,17,84
5748,0,34,0,17,51
5751,33,17,17,17,84
5752,34,34,16,15,99
5753,0,17,17,17,51
5755,0,17,16,15,48
5756,0,31,17,18,66
5757,32,18,0,16,66
5758,101,35,16,17,169
5759,0,18,0,16,34
5760,34,32,51,17,134
5763,250,35,0,15,300
5765,0,19,16,17,52
5766,0,33,15,17,65
5767,0,17,15,17,49
5768,0,32,50,18,100
5769,51,34,15,18,118
5770,101,32,0,17,150
5773,0,18,15,18,51
5774,33,32,0,17,82
5778,0,35,0,15,50
5783,17,33,0,16,66
5784,100,32,18,16,166
5785,0,17,0,16,33
5786,0,33,66,18,117
5787,483,36,33,16,568
5788,34,32,18,16,100
5789,0,16,15,17,48
5791,0,17,18,16,51
5792,0,34,66,18,118
5793,0,16,66,18,100
5794,0,34,0,17,51
5795,0,18,0,17,35
5796,0,32,100,18,150
5797,0,15,100,18,133
5798,235,32,0,18,285
5799,100,16,17,17,150
5800,0,32,18,15,65
5801,98,17,34,17,166
5802,0,33,51,17,101
5803,33,16,17,17,83
5804,0,34,17,17,68
5805,0,16,17,17,50
5806,101,32,0,18,151
5807,101,15,0,18,134
5808,0,34,50,15,99
5809,0,17,50,15,82
5811,33,15,0,18,66
5813,15,33,17,19,84
5816,0,36,33,16,85
5817,486,32,49,16,583
5818,0,33,48,18,99
5819,100,17,16,18,151
5820,0,31,51,17,99
5821,0,15,51,17,83
5823,0,18,16,17,51
5824,99,33,67,16,215
5826,0,34,0,17,51
5827,0,18,0,17,35
5828,0,32,100,16,148
5829,115,34,82,19,250
5830,0,33,67,16,116
5831,251,32,49,16,348
5832,51,16,116,19,202
5834,34,34,82,19,169
5835,16,34,82,19,151
5836,34,34,48,19,135
5840,32,35,15,19,101
5842,35,34,32,17,118
5843,19,34,32,17,102
5844,0,34,32,17,83
5845,19,32,49,16,116
5846,0,32,49,16,97
5848,100,33,16,18,167
5849,48,35,49,18,150
5850,100,34,15,17,166
5854,99,33,117,17,266
5856,34,32,0,17,83
5857,117,34,83,17,251
5858,0,32,0,17,49
5859,434,18,15,17,484
5860,33,34,17,17,101
5861,0,16,117,17,150
5862,0,34,17,17,68
5863,17,34,83,17,151
5864,234,32,50,20,336
5865,17,33,16,17,83
5866,0,33,16,17,66
5867,18,33,17,17,85
5868,0,33,17,17,67
5869,233,20,14,18,285
5870,0,34,49,17,100
5871,0,17,49,17,83
5872,0,32,17,17,66
5874,0,34,136,14,184
5875,0,17,136,14,167
5876,0,34,50,17,101
5877,18,32,50,20,120
5880,235,33,16,16,300
5881,17,35,14,18,84
5882,99,34,100,16,249
5883,20,32,15,17,84
5884,0,32,15,17,64
5885,234,18,48,16,316
5886,234,32,16,16,298
5888,34,34,33,15,116
5889,18,34,33,15,100
5890,100,32,68,16,216
5891,32,18,49,16,115
5892,0,33,49,16,98
5893,33,18,16,16,83
5894,0,33,16,16,65
5896,933,33,0,17,983
5897,0,16,68,16,100
5898,0,36,48,16,100
5899,18,32,16,16,82
5900,0,32,16,16,64
5901,21,32,51,16,120
5902,0,32,51,16,99
5903,33,17,17,16,83
5904,34,33,50,18,135
5905,100,18,15,18,151
5906,0,33,50,18,101
5907,465,18,150,18,651
5909,685,33,33,17,768
5910,0,35,15,18,68
5911,917,35,16,17,985
5912,99,32,17,22,170
5914,33,33,17,15,98
5918,468,32,16,18,534
5919,0,15,17,22,54
5920,0,39,13,17,69
5922,0,30,48,17,95
5923,17,33,132,16,198
5924,0,33,132,16,181
5926,0,32,50,17,99
5927,17,34,51,15,117
5928,100,34,150,18,302
5930,100,33,33,17,183
5931,252,32,16,18,318
5935,51,33,17,18,119
5936,0,33,33,17,83
5937,50,35,0,16,101
5938,917,17,17,17,968
5941,34,16,17,18,85
5942,32,35,66,15,148
5945,18,32,16,18,84
5946,231,31,52,18,332
5947,32,18,49,17,116
5948,0,34,49,17,100
5949,0,18,49,17,84
5951,0,18,33,17,68
5952,0,33,0,17,50
5953,0,17,0,17,34
5954,-99252,0,0,0,-99252
5956,0,35,0,16,51
5957,33,15,18,13,79
5959,98,18,51,17,184
5960,18,13,52,18,101
5961,0,13,52,18,83
5962,37,33,51,17,138
5963,32,18,51,17,118
5964,0,33,51,17,101
5967,0,18,16,17,51
5970,31,35,66,17,149
5971,34,16,66,17,133
5973,49,33,17,16,115
5974,0,33,66,16,115
5976,0,33,17,16,66
5978,33,33,51,15,132
5979,0,16,0,16,32
5980,0,33,51,15,99
5981,0,17,51,15,83
5982,33,33,0,20,86
5983,0,15,18,15,48
5985,15,34,18,16,83
5986,102,33,17,17,169
5987,0,14,18,16,48
5988,0,34,0,16,50
5989,16,34,67,17,134
5990,0,34,67,17,118
5992,33,34,82,18,167
5993,17,34,82,18,151
5994,-99919,0,0,0,-99919
5995,34,15,83,17,149
5996,32,33,17,18,100
5997,-99970,0,0,0,-99970
