序号,发送->接收,接收->转发,转发->接收,接收->处理,总计
1,0,35,16,14,65
2,0,30,84,16,130
3,82,32,18,15,147
5,49,32,18,15,114
6,16,16,83,19,134
7,32,16,18,15,81
9,16,33,18,19,86
11,15,37,15,17,84
12,0,37,15,17,69
13,0,19,15,17,51
14,32,32,51,18,133
15,0,17,16,16,49
16,52,16,81,18,167
17,0,16,51,18,85
18,51,18,83,14,166
19,49,31,17,18,115
22,0,31,17,18,66
23,52,31,51,17,151
24,52,14,51,17,134
25,117,34,49,17,217
26,0,31,51,17,99
27,0,14,51,17,82
30,33,34,49,17,133
33,15,34,65,17,131
34,0,34,65,17,116
35,0,17,65,17,99
37,17,33,50,17,117
39,0,15,50,17,82
40,17,15,18,17,67
43,17,33,83,16,149
44,0,33,83,16,132
45,0,17,83,16,116
46,17,18,115,18,168
47,18,32,83,18,151
49,49,38,13,18,118
51,67,18,16,18,119
52,0,38,13,18,69
53,34,18,16,18,86
54,31,34,49,16,130
56,34,32,17,16,99
58,19,13,17,16,65
60,33,32,101,16,182
61,101,14,18,16,149
62,0,32,101,16,149
63,14,35,50,16,115
64,0,35,50,16,101
65,0,17,50,16,83
67,14,34,16,17,81
68,34,33,135,15,217
69,16,33,135,15,199
70,16,17,135,15,183
71,0,17,135,15,167
72,98,37,15,19,169
73,0,17,83,18,118
75,67,18,15,19,119
76,17,15,86,17,135
77,15,37,15,19,86
79,0,18,15,19,52
81,0,19,15,17,51
82,0,32,17,15,64
83,34,15,84,16,149
84,0,32,84,16,132
88,17,16,17,16,66
89,16,33,51,16,116
90,17,16,51,16,100
92,0,33,18,16,67
93,115,35,16,16,182
94,18,16,50,16,100
96,36,30,51,16,133
97,18,30,51,16,115
98,14,16,51,16,97
100,0,35,16,16,67
101,0,16,16,16,48
102,0,32,51,16,99
103,50,33,18,15,116
104,0,34,17,16,67
105,50,33,17,18,118
106,0,33,18,15,66
108,0,33,17,18,68
109,32,18,15,18,83
111,33,18,83,15,149
112,0,33,83,15,131
113,18,34,49,15,116
114,51,15,51,15,132
115,19,32,51,15,117
116,17,15,51,15,98
117,15,32,52,17,116
118,17,15,52,17,101
120,19,15,186,15,235
122,0,35,15,18,68
124,0,33,49,17,99
125,151,32,85,17,285
126,0,33,16,17,66
128,0,33,116,18,167
129,17,35,17,15,84
130,0,35,17,15,67
131,82,35,50,17,184
132,0,32,18,14,64
134,18,14,85,17,134
135,14,35,50,17,116
136,0,35,50,17,102
138,0,33,17,17,67
140,17,17,17,15,66
142,17,15,17,19,68
143,0,15,17,19,51
144,0,36,16,15,67
146,0,31,84,17,132
148,33,35,16,17,101
149,0,16,51,17,84
151,19,33,0,15,67
152,16,17,0,15,48
153,17,32,17,16,82
154,0,32,17,16,65
157,16,36,0,16,68
158,0,36,0,16,52
159,0,18,0,16,34
160,31,34,32,18,115
161,0,15,17,17,49
162,0,34,32,18,84
163,17,32,0,18,67
164,32,34,84,16,166
165,16,34,84,16,150
166,18,16,84,16,134
168,18,16,16,18,68
169,16,34,16,16,82
170,0,34,16,16,66
171,18,32,18,17,85
172,0,32,18,17,67
173,0,16,18,17,51
174,0,35,16,17,68
175,17,33,49,17,116
177,0,17,49,17,83
178,49,17,0,17,83
180,15,17,0,17,49
181,17,34,51,15,117
182,0,34,51,15,100
183,49,34,33,18,134
184,51,15,33,18,117
185,17,34,33,18,102
188,0,33,18,15,66
189,16,33,18,15,82
192,0,33,18,15,66
193,15,33,119,17,184
195,15,36,14,18,83
196,0,36,14,18,68
197,66,16,86,14,182
198,14,18,84,16,132
199,18,32,86,14,150
200,0,32,86,14,132
203,17,32,18,14,81
204,0,32,18,14,64
205,0,16,18,14,48
206,18,14,18,16,66
207,48,33,16,18,115
208,0,34,67,17,118
209,49,34,0,17,100
210,18,15,16,18,67
212,16,18,0,17,51
213,18,33,17,19,87
215,33,19,16,14,82
216,36,30,18,16,100
217,0,19,16,14,49
218,0,30,18,16,64
220,34,33,51,16,134
221,16,33,51,16,116
225,16,33,118,17,184
226,66,35,115,18,234
228,33,35,115,18,201
229,16,35,115,18,184
230,35,34,16,17,102
231,84,33,83,17,217
232,34,33,48,18,133
233,0,19,16,17,52
234,33,33,83,17,166
236,66,32,18,17,133
237,18,33,16,16,83
238,0,33,16,16,65
239,34,16,18,17,85
240,16,16,18,17,67
242,35,33,20,12,100
243,33,17,20,12,82
245,67,18,15,18,118
246,0,32,51,18,101
248,0,36,15,18,69
249,18,33,49,16,116
250,0,33,49,16,98
252,33,32,50,16,131
253,34,16,50,16,116
258,0,31,168,16,215
259,16,35,33,18,102
260,68,33,51,16,168
261,0,18,33,18,69
262,0,33,18,15,66
265,0,15,51,16,82
266,67,34,49,16,166
267,17,34,50,17,118
268,18,16,50,17,101
269,16,34,49,16,115
270,0,34,49,16,99
271,51,32,20,14,117
272,16,17,52,14,99
274,32,34,52,15,133
275,0,16,20,14,50
276,20,14,52,15,101
277,0,14,52,15,81
279,52,34,15,18,119
281,0,15,0,16,31
283,51,32,51,17,151
284,15,18,151,16,200
287,16,35,16,17,84
288,0,35,16,17,68
289,51,34,17,16,118
290,16,17,15,19,67
292,0,34,17,16,67
293,0,19,17,16,52
294,65,35,15,16,131
297,65,16,85,18,184
298,35,31,85,18,169
299,118,34,49,15,216
300,31,34,17,18,100
301,16,34,17,18,85
302,18,16,17,18,69
304,0,35,16,18,69
307,0,18,49,15,82
309,35,15,84,16,150
311,15,35,13,19,82
312,17,18,13,19,67
313,0,18,13,19,50
314,0,32,17,16,65
315,19,33,52,16,120
316,17,16,52,16,101
317,0,16,52,16,84
318,0,36,16,16,68
319,17,32,49,17,115
321,16,33,16,17,82
322,49,17,16,18,100
324,16,17,16,18,67
325,51,33,17,15,116
327,18,33,17,15,83
329,0,17,17,15,49
330,0,32,0,17,49
332,0,35,51,15,101
334,0,34,17,15,66
335,18,32,15,18,83
336,65,34,83,17,199
337,15,33,85,17,150
338,0,33,85,17,135
339,18,34,83,17,152
341,49,35,47,17,148
342,18,15,118,15,166
343,15,35,47,17,114
345,0,17,47,17,81
346,0,32,15,17,64
347,17,32,19,15,83
348,0,32,19,15,66
350,19,15,17,17,68
351,15,34,18,14,81
353,17,32,17,18,84
354,0,32,17,18,67
355,14,35,51,17,117
356,0,35,51,17,103
357,18,34,17,17,86
360,17,17,148,16,198
361,0,17,148,16,181
362,32,33,268,19,352
365,18,34,49,16,117
367,17,34,81,18,150
369,17,31,18,18,84
370,67,32,65,19,183
371,16,36,14,18,84
373,50,33,17,15,115
375,18,33,17,15,83
377,0,18,17,15,50
378,32,36,83,15,166
379,70,14,15,17,116
380,19,17,83,15,134
381,0,17,83,15,115
384,32,33,52,14,131
386,18,15,52,14,99
389,48,35,49,18,150
390,0,30,19,16,65
391,14,35,49,18,116
392,0,35,49,18,102
393,16,33,16,18,83
394,0,33,16,18,67
395,32,18,16,18,84
396,34,34,0,14,82
397,34,18,0,14,66
399,32,17,50,19,118
400,14,17,50,19,100
401,34,19,14,19,86
402,69,32,16,18,135
403,52,32,16,18,118
404,33,32,16,18,99
406,32,34,17,16,99
407,0,17,16,18,51
408,0,34,17,16,67
409,18,33,17,15,83
410,0,33,17,15,65
413,15,33,51,16,115
414,18,15,51,16,100
415,36,14,134,16,200
416,0,35,134,16,185
417,46,33,52,17,148
419,16,33,52,17,118
420,19,14,52,17,102
421,32,16,18,17,83
424,0,35,16,16,67
425,0,17,16,16,49
426,0,32,0,18,50
427,0,16,0,18,34
428,18,16,17,16,67
429,33,16,166,17,232
430,17,16,166,17,216
431,16,32,19,15,82
432,0,32,19,15,66
434,19,15,17,17,68
435,32,17,83,17,149
436,0,34,83,17,134
437,0,17,83,17,117
438,49,17,17,17,100
439,0,15,51,17,83
440,34,34,167,18,253
442,17,17,167,18,219
443,17,32,17,19,85
444,0,32,17,19,68
445,0,16,17,19,52
447,19,32,51,16,118
448,32,34,51,15,132
449,66,16,18,15,115
450,34,33,18,15,100
451,10,33,18,15,76
452,17,16,18,15,66
453,16,33,50,17,116
454,0,33,50,17,100
458,0,34,16,18,68
459,17,34,116,15,182
460,0,34,116,15,165
461,0,18,116,15,149
463,32,17,51,15,115
464,16,17,51,15,99
465,17,35,16,15,83
466,35,31,84,17,167
467,33,15,84,17,149
468,16,15,84,17,132
469,15,34,50,17,116
472,16,17,17,17,67
473,51,35,14,19,119
474,34,35,14,19,102
475,17,35,14,19,85
476,18,17,14,19,68
478,14,19,15,18,66
481,51,32,0,18,101
483,18,32,0,18,68
485,117,31,85,15,248
486,50,19,16,17,102
487,0,16,0,16,32
488,16,19,16,17,68
489,0,19,16,17,52
490,33,31,85,15,164
491,32,16,85,15,148
492,49,17,15,19,100
493,0,16,85,15,116
494,35,34,16,15,100
495,17,34,16,15,82
496,0,34,16,15,65
498,31,36,15,16,98
499,15,36,15,16,82
500,0,36,15,16,67
501,18,31,18,16,83
502,31,34,0,16,81
503,16,34,0,16,66
504,0,34,0,16,50
505,82,33,85,17,217
507,35,15,17,16,83
508,32,33,85,17,167
509,15,33,85,17,150
511,16,35,67,15,133
514,0,34,16,17,67
515,17,33,15,17,82
517,83,32,51,17,183
518,0,32,117,17,166
524,0,34,17,17,68
525,0,17,17,17,51
526,34,34,50,17,135
527,17,34,50,17,118
529,18,33,82,17,150
530,0,33,82,17,132
531,35,17,48,17,117
533,17,31,84,17,149
534,48,17,50,17,132
535,34,17,50,17,118
536,17,17,50,17,101
537,50,34,18,15,117
538,0,33,17,17,67
540,52,15,17,16,100
541,35,15,17,16,83
542,0,33,17,16,66
544,0,33,51,17,101
545,0,16,51,17,84
546,0,35,49,16,100
547,0,18,49,16,83
549,17,32,17,17,83
551,16,34,17,17,84
552,0,34,17,17,68
554,0,34,49,17,100
556,49,17,50,16,132
557,0,16,16,17,49
559,17,32,84,17,150
560,0,32,84,17,133
561,67,16,16,17,116
562,18,16,18,16,68
563,16,34,16,17,83
566,99,34,250,17,400
567,33,18,17,15,83
568,34,32,19,15,100
570,0,32,19,15,66
571,15,34,250,17,316
572,0,34,250,17,301
573,15,34,84,15,148
575,17,35,49,15,116
576,35,31,50,18,134
577,17,31,50,18,116
578,0,31,50,18,99
579,0,16,50,18,84
580,18,15,50,17,100
581,15,35,15,17,82
583,18,32,17,18,85
584,0,32,17,18,67
586,0,35,48,18,101
588,32,34,49,17,132
589,17,34,49,17,117
592,15,20,14,17,66
593,34,17,16,16,83
594,0,31,16,16,63
595,0,17,16,16,49
597,0,16,17,18,51
598,102,33,51,15,201
599,0,18,49,18,85
600,34,33,16,17,100
601,18,33,16,17,84
602,0,33,16,17,66
603,18,33,51,15,117
604,0,33,51,15,99
606,0,34,17,15,66
607,49,34,17,17,117
608,32,34,17,17,100
609,15,34,17,17,83
613,50,33,300,17,400
615,18,33,300,17,368
616,33,32,118,17,200
617,0,18,300,17,335
618,0,32,118,17,167
621,0,17,84,17,118
624,34,34,16,17,101
625,0,17,17,17,51
626,34,33,82,18,167
627,33,17,82,18,150
628,0,33,82,18,133
629,0,17,82,18,117
630,0,34,48,18,100
631,217,35,17,15,284
633,0,15,16,18,49
634,0,34,50,17,101
637,0,15,18,17,50
638,35,34,16,15,100
640,215,19,49,17,300
641,48,35,17,15,115
643,215,35,16,17,283
644,35,32,18,15,100
645,101,16,84,17,218
648,33,34,84,17,168
650,0,34,84,17,135
651,0,16,84,17,117
654,0,31,18,17,66
655,15,35,16,17,83
656,0,35,16,17,68
657,0,17,16,17,50
659,116,33,19,17,185
660,0,34,16,17,67
661,534,16,17,18,585
662,98,36,48,17,199
663,101,17,48,17,183
664,0,32,69,15,116
666,33,36,48,17,134
667,15,36,48,17,116
668,0,36,48,17,101
669,249,32,18,16,315
670,0,33,15,17,65
671,50,33,151,15,249
672,0,32,50,16,98
673,17,33,151,15,216
674,0,33,151,15,199
675,17,33,17,16,83
676,0,33,17,16,66
677,33,16,18,16,83
678,385,16,17,18,436
679,101,15,18,16,150
680,34,34,50,16,134
681,16,34,50,16,116
684,0,32,18,16,66
685,233,18,16,16,283
686,34,34,83,18,169
687,32,18,83,18,151
688,0,34,83,18,135
694,0,35,15,18,68
695,0,18,15,18,51
696,33,34,16,16,99
697,34,18,16,16,84
698,34,32,17,18,101
700,32,35,80,19,166
701,0,16,17,18,51
703,0,18,80,19,117
704,99,33,83,16,231
705,17,33,16,19,85
706,0,33,16,19,68
707,0,16,16,19,51
711,18,34,17,14,83
712,0,34,17,14,65
713,50,34,17,17,118
714,0,31,18,16,65
715,14,34,17,17,82
716,34,34,50,17,135
717,16,34,50,17,117
718,0,34,50,17,101
720,234,32,17,17,300
721,50,32,83,17,182
722,34,32,83,17,166
723,49,34,49,17,149
725,15,34,49,17,115
726,0,34,49,17,100
728,0,33,51,17,101
729,0,16,51,17,84
730,1133,34,50,15,1232
731,17,35,83,15,150
732,35,32,17,17,101
733,232,17,17,17,283
736,0,34,17,15,66
737,117,33,50,17,217
738,0,32,84,17,133
740,101,33,17,17,168
743,15,33,50,17,115
744,16,17,50,17,100
745,17,33,17,17,84
747,0,17,17,17,51
748,17,17,16,16,66
749,17,32,18,16,83
750,32,34,17,17,100
751,0,16,18,16,50
752,0,34,17,17,68
753,0,16,17,17,50
754,34,34,16,16,100
755,0,17,116,17,150
756,99,34,19,14,166
758,99,33,17,16,165
759,0,16,86,14,116
760,100,33,51,18,202
762,0,34,19,14,67
763,17,33,17,16,83
764,0,33,17,16,66
765,47,33,202,15,297
767,16,33,202,15,266
771,100,17,15,17,149
772,99,32,17,18,166
773,18,32,17,17,84
774,98,35,15,18,166
775,0,17,17,17,51
776,0,34,15,17,66
777,0,17,15,17,49
778,0,32,17,18,67
779,252,35,81,16,384
780,0,35,15,18,68
781,18,33,49,16,116
782,0,33,49,16,98
783,0,18,49,16,83
785,1699,15,17,18,1749
786,15,16,151,16,198
787,34,15,17,17,83
788,0,33,17,17,67
790,34,35,17,18,104
791,17,35,17,18,87
792,0,35,17,18,70
793,17,35,81,16,149
794,99,33,17,15,164
795,481,35,15,18,549
797,16,34,50,15,115
798,34,33,17,15,99
799,16,33,17,15,81
801,99,18,49,18,184
802,32,35,49,17,133
804,0,35,49,17,101
805,0,17,49,17,83
806,0,34,49,18,101
809,17,35,0,15,67
810,35,33,17,15,100
811,33,18,17,15,83
812,0,33,17,15,65
813,50,35,16,17,118
815,15,35,16,17,83
816,0,35,16,17,68
817,51,33,17,15,116
818,0,33,83,17,133
819,17,33,17,15,82
820,233,33,17,17,300
822,32,35,15,18,100
823,33,17,15,18,83
824,101,34,50,16,201
825,0,17,15,18,50
826,0,33,16,17,66
828,0,33,51,16,100
829,17,34,50,16,117
831,50,33,17,17,117
832,0,33,284,15,332
833,16,33,17,17,83
834,234,32,49,18,333
835,33,17,16,17,83
836,34,33,50,17,134
837,0,17,16,17,50
838,33,34,49,17,133
839,51,33,16,17,117
842,2849,16,17,17,2899
844,0,33,0,16,49
847,233,19,149,17,418
848,0,32,49,18,99
849,15,33,16,18,82
850,0,33,16,18,67
851,0,15,16,18,49
852,0,34,16,17,67
853,51,33,50,19,153
855,17,33,50,19,119
856,102,33,16,15,166
857,16,35,15,19,85
858,35,34,149,17,235
859,48,33,16,15,112
860,0,34,149,17,200
862,1931,35,116,17,2099
863,49,34,18,15,116
864,0,31,52,15,98
866,34,33,101,16,184
867,35,15,101,16,167
868,233,35,50,15,333
869,15,35,116,16,182
871,250,32,17,18,317
872,32,34,50,16,132
875,232,18,51,16,317
876,0,32,18,16,66
877,0,16,18,16,50
879,34,15,50,18,117
881,0,15,50,18,83
882,0,35,50,15,100
883,18,33,17,15,83
886,32,35,51,16,134
889,0,18,51,16,85
890,0,33,166,16,215
893,32,16,16,17,81
894,0,32,16,17,65
895,0,16,16,17,49
897,17,35,15,17,84
901,0,17,49,17,83
902,0,33,16,17,66
903,117,33,17,17,184
904,0,33,52,15,100
906,0,33,19,15,67
907,233,20,14,17,284
908,101,34,16,16,167
911,0,17,17,17,51
912,0,34,50,16,100
913,51,32,18,16,117
914,34,32,18,16,100
915,16,32,18,16,82
917,101,17,48,17,183
918,1933,34,18,15,2000
919,0,16,116,17,149
920,37,31,48,17,133
922,1929,34,83,17,2063
924,0,31,17,17,65
925,0,16,17,17,50
926,100,36,15,16,167
928,0,34,18,14,66
929,50,36,15,16,117
930,501,31,67,18,617
931,50,31,18,17,116
935,51,32,35,15,133
936,0,35,15,17,67
937,99,17,0,17,133
938,0,32,35,15,82
939,0,17,35,15,67
942,0,32,0,17,49
943,250,35,48,17,350
946,34,31,19,15,99
948,0,31,19,15,65
949,0,15,19,15,49
950,0,34,17,16,67
951,15,33,50,17,115
953,118,31,67,18,234
954,0,32,18,17,67
956,0,35,83,17,135
957,17,35,48,17,117
958,0,35,48,17,100
960,0,31,67,18,116
962,0,34,33,18,85
963,250,35,116,17,418
964,0,33,116,18,167
965,17,35,15,17,84
967,0,17,15,17,49
969,17,34,15,18,84
970,0,34,15,18,67
975,18,32,17,18,85
976,0,32,17,18,67
977,34,18,116,17,185
978,17,18,116,17,168
979,18,32,16,19,85
982,16,19,14,18,67
983,33,18,17,17,85
986,0,34,14,18,66
987,49,34,17,17,117
988,0,32,17,17,66
989,35,17,17,17,86
991,100,17,17,18,152
993,0,17,15,17,49
995,34,17,17,18,86
997,0,17,17,18,52
999,0,18,15,17,50
1000,0,32,84,17,133
1001,17,32,18,17,84
1002,967,33,17,17,1034
1003,15,35,17,17,84
1004,0,35,17,17,69
1005,17,34,16,15,82
1006,0,34,16,15,65
1007,17,31,19,17,84
1008,0,31,19,17,67
1009,0,15,19,17,51
1011,17,31,17,17,82
1012,31,34,51,16,132
1013,0,16,17,17,50
1014,0,34,51,16,101
1017,16,34,17,16,83
1018,34,33,17,17,101
1019,0,16,17,16,49
1020,33,34,149,16,232
1021,50,34,49,17,150
1025,50,35,0,15,100
1026,0,31,18,17,66
1030,0,32,17,16,65
1031,0,17,17,16,50
1033,250,33,51,17,351
1034,0,34,18,15,67
1035,17,33,17,17,84
1036,18,15,17,17,67
1038,34,33,17,17,101
1039,50,34,16,17,117
1040,0,33,17,17,67
1042,17,17,16,17,67
1044,33,33,17,16,99
1046,117,17,51,14,199
1047,116,36,15,14,181
1048,0,33,51,17,101
1051,0,18,16,17,51
1052,16,17,51,14,98
1054,0,36,15,14,65
1055,0,21,15,14,50
1056,15,14,18,17,64
1057,14,35,17,16,82
1058,35,33,17,17,102
1059,0,17,17,16,50
1060,0,33,17,17,67
1061,0,16,17,17,50
1062,0,34,15,18,67
1063,32,18,150,17,217
1065,0,18,150,17,185
1066,0,33,17,17,67
1067,0,16,17,17,50
1069,0,17,18,14,49
1070,32,33,18,17,100
1071,14,33,18,17,82
1072,0,33,18,17,68
1073,0,16,18,17,51
1074,18,17,50,15,100
1075,17,31,51,17,116
1076,82,17,49,17,165
1077,50,34,49,17,150
1081,184,34,16,17,251
1082,0,34,15,17,66
1083,16,32,17,17,82
1084,0,32,17,17,66
1086,0,34,17,20,71
1087,0,17,17,20,54
1088,0,37,13,17,67
1089,50,34,16,17,117
1090,0,30,82,18,130
1095,17,33,16,18,84
1096,0,33,16,18,67
1097,0,18,16,18,52
1098,0,34,32,17,83
1100,0,32,51,16,99
1101,0,15,51,16,82
1102,99,35,50,17,201
1103,50,32,18,17,117
1105,16,32,18,17,83
1106,0,32,18,17,67
1109,34,16,150,16,216
1111,83,34,65,18,200
1112,466,34,49,19,568
1113,84,33,50,16,183
1114,33,34,65,18,150
1117,52,32,18,16,118
1118,0,33,50,16,99
1119,18,32,18,16,84
1120,16,16,18,16,66
1121,16,34,18,15,83
1122,235,31,19,15,300
1124,0,33,18,18,69
1125,51,31,50,18,150
1126,233,34,49,19,335
1129,0,15,50,18,83
1131,16,35,48,16,115
1132,1166,35,50,16,1267
1133,0,18,48,16,82
1134,0,33,50,15,98
1135,18,31,19,15,83
1136,15,16,19,15,65
1137,118,34,16,16,184
1138,0,34,151,15,200
1140,102,32,17,15,166
1141,100,16,17,15,148
1143,18,34,16,16,84
1144,0,34,16,16,66
1147,0,16,17,15,48
1148,32,34,83,19,168
1150,101,35,15,21,172
1151,0,16,83,19,118
1155,0,17,16,19,52
1156,35,36,80,17,168
1159,0,21,80,17,118
1160,62,35,15,17,129
1161,19,33,85,15,152
1162,33,35,15,17,100
1163,51,32,18,15,116
1166,0,32,18,15,65
1167,118,33,18,16,185
1168,0,33,18,17,68
1169,33,17,16,17,83
1170,0,35,16,17,68
1172,0,33,16,17,66
1173,233,16,83,19,351
1175,17,34,17,14,82
1176,117,17,15,18,167
1177,0,16,17,14,47
1178,31,35,17,17,100
1180,0,35,17,17,69
1182,235,31,16,18,300
1183,50,32,83,19,184
1186,0,32,83,19,134
1188,0,34,17,16,67
1189,16,33,16,19,84
1192,0,35,65,16,116
1193,0,19,65,16,100
1194,34,31,16,18,99
1196,31,34,49,18,132
1197,33,18,49,18,118
1198,34,32,17,18,101
1199,0,18,49,18,85
1200,0,32,17,18,67
1202,35,32,18,16,101
1204,0,32,18,16,66
1206,18,16,17,16,67
1207,16,33,0,18,67
1210,0,34,16,16,66
1212,16,16,19,16,67
1213,250,33,67,17,367
1214,0,35,17,15,67
1216,0,32,18,17,67
1218,35,33,17,15,100
1219,17,33,17,15,82
1220,0,33,17,15,65
1221,116,33,67,17,233
1222,0,32,17,16,65
1224,0,33,18,16,67
1225,50,33,67,17,167
1226,0,34,49,18,101
1227,16,33,67,17,133
1228,33,34,50,15,132
1229,99,15,51,17,182
1230,0,34,50,15,99
1233,19,32,51,17,119
1234,0,32,51,17,100
1236,0,35,83,17,135
1237,49,34,65,17,165
1238,100,32,0,17,149
1239,17,34,65,17,133
1241,50,32,0,17,99
1243,17,32,0,17,66
1245,0,14,0,17,31
1246,35,33,84,16,168
1247,51,33,51,16,151
1249,16,33,51,16,116
1250,0,33,51,16,100
1251,101,17,49,18,185
1254,0,34,149,19,202
1255,16,34,49,18,117
1256,101,31,51,18,201
1258,0,32,17,18,67
1260,233,34,84,17,368
1261,18,31,51,18,118
1263,16,36,49,17,118
1264,0,36,49,17,102
1266,0,33,16,17,66
1267,0,18,16,17,51
1269,32,17,19,14,82
1270,32,33,51,17,133
1273,14,34,84,17,149
1274,0,34,84,17,135
1275,18,34,83,17,152
1276,17,17,83,17,134
1277,49,35,16,17,117
1278,0,32,51,17,100
1279,15,35,16,17,83
1280,0,35,16,17,68
1282,117,16,17,17,167
1283,17,33,51,16,117
1284,33,34,83,15,165
1286,101,31,52,15,199
1289,16,34,48,17,115
1293,0,15,52,15,82
1294,0,34,150,18,202
1295,17,33,52,17,119
1296,233,35,50,17,335
1297,15,35,165,18,233
1298,0,35,165,18,218
1299,0,18,165,18,201
1301,17,31,17,18,83
1303,14,35,17,15,81
1305,50,33,150,18,251
1307,32,16,150,18,216
1308,0,33,150,18,201
1310,35,33,17,17,102
1313,118,34,16,15,183
1314,34,31,85,15,165
1315,17,31,85,15,148
1316,31,35,116,16,198
1317,0,15,85,15,115
1321,17,31,86,16,150
1322,0,31,86,16,133
1323,33,16,116,19,184
1324,0,34,116,19,169
1325,0,16,116,19,151
1327,16,35,16,16,83
1328,0,35,16,16,67
1329,16,32,16,19,83
1331,16,35,15,17,83
1332,0,35,15,17,67
1333,51,33,0,17,101
1334,115,18,17,15,165
1335,34,16,0,17,67
1336,33,35,15,18,101
1337,0,16,0,17,33
1338,201,33,17,15,266
1339,0,18,15,18,51
1340,15,18,17,15,65
1343,0,15,18,17,50
1344,35,33,16,17,101
1345,0,17,83,16,116
1346,0,33,16,17,66
1348,0,33,17,16,66
1349,34,16,17,15,82
1350,0,33,17,15,65
1351,100,15,18,16,149
1352,0,32,18,16,66
1353,15,34,51,16,116
1356,0,33,18,16,67
1357,332,18,16,16,382
1358,34,33,151,17,235
1359,0,16,83,17,116
1360,0,33,151,17,201
1361,50,34,34,16,134
1363,16,34,34,16,100
1364,0,34,34,16,84
1365,17,34,0,16,67
1366,0,34,0,16,50
1369,117,34,16,16,183
1370,100,34,16,16,166
1371,17,34,15,17,83
1372,34,32,50,16,132
1373,19,32,50,16,117
1375,17,34,16,16,83
1376,101,32,16,19,168
1379,16,35,15,17,83
1380,0,35,15,17,67
1381,33,17,16,19,85
1382,32,35,14,17,98
1384,0,35,14,17,66
1385,101,17,184,16,318
1386,0,31,17,18,66
1387,17,35,16,17,85
1388,35,33,184,16,268
1389,117,33,18,16,184
1390,0,33,184,16,233
1391,100,16,18,16,150
1392,0,33,50,16,99
1394,18,15,51,16,100
1395,32,16,18,16,82
1396,0,33,18,16,67
1397,50,35,16,16,117
1398,34,35,16,16,101
1400,0,35,16,16,67
1402,0,32,82,17,131
1404,0,33,16,16,65
1405,16,32,17,17,82
1406,16,16,17,17,66
1407,185,32,84,17,318
1409,285,33,17,15,350
1413,17,32,15,19,83
1414,0,32,15,19,66
1416,467,34,14,17,532
1417,35,16,84,17,152
1419,33,16,18,16,83
1420,0,33,18,16,67
1422,0,34,17,17,68
1423,50,33,17,15,115
1425,17,33,17,15,82
1426,0,33,17,15,65
1427,16,32,50,17,115
1430,0,35,15,17,67
1431,118,32,51,17,218
1434,100,35,33,15,183
1435,484,32,52,15,583
1436,101,33,182,17,333
1437,117,34,14,17,182
1438,0,32,51,17,100
1439,0,15,51,17,83
1440,102,31,0,18,151
1441,0,18,33,15,66
1442,33,34,14,17,98
1443,17,34,14,17,82
1446,31,34,18,17,100
1447,485,34,49,17,585
1448,252,16,18,14,300
1449,0,16,18,17,51
1451,248,35,102,13,398
1453,0,18,15,17,50
1456,233,35,18,17,303
1457,0,18,31,17,66
1458,14,17,0,17,48
1459,17,34,52,14,117
1460,0,34,52,14,100
1461,51,32,52,15,150
1462,34,32,52,15,133
1463,48,35,102,13,198
1465,49,32,53,17,151
1466,0,35,102,13,150
1467,119,31,18,16,184
1469,33,17,18,17,85
1471,52,31,18,16,117
1472,18,17,13,18,66
1476,0,34,49,17,100
1477,16,33,16,17,82
1479,19,33,50,16,118
1480,0,33,50,16,99
1481,99,19,49,17,184
1482,32,34,16,19,101
1483,51,35,49,17,152
1484,102,33,117,17,269
1486,0,35,49,17,101
1487,34,18,16,17,85
1488,414,17,52,16,499
1491,101,14,51,17,183
1492,32,34,18,14,98
1494,34,32,51,17,134
1495,701,16,13,20,750
1496,32,36,50,15,133
1498,0,36,50,15,101
1500,0,32,50,17,99
1501,35,15,17,17,84
1502,0,33,17,17,67
1504,234,34,17,17,302
1505,33,18,81,17,149
1508,33,33,15,17,98
1509,35,16,15,17,83
1510,33,32,52,16,133
1511,31,17,52,16,116
1512,0,32,52,16,100
1513,234,17,17,16,284
1514,0,35,17,16,68
1515,16,33,51,17,117
1516,101,31,18,17,167
1518,34,34,81,17,166
1519,0,18,17,17,52
1520,17,17,81,17,132
1521,17,31,18,17,83
1522,0,31,18,17,66
1525,32,17,17,16,82
1526,0,32,17,16,65
1527,50,33,17,18,118
1528,33,33,17,18,101
1529,118,33,13,20,184
1531,0,14,17,18,49
1532,35,34,81,17,167
1533,52,33,13,20,118
1535,50,33,82,18,183
1536,17,16,13,20,66
1538,0,33,82,18,133
1540,0,32,18,16,66
1541,51,34,15,18,118
1542,34,34,15,18,101
1543,16,34,15,18,83
1544,34,33,51,15,133
1545,102,15,117,18,252
1546,33,33,18,15,99
1547,102,15,52,14,183
1548,0,33,18,15,66
1549,34,15,117,18,184
1550,0,33,117,18,168
1552,0,33,52,14,99
1553,550,34,81,17,682
1554,535,34,81,17,667
1556,32,36,0,15,83
1557,14,36,0,15,65
1558,0,36,0,15,51
1559,18,33,84,16,151
1560,0,33,84,16,133
1561,102,16,49,18,185
1562,33,33,18,16,100
1564,51,16,49,18,134
1565,383,32,17,17,449
1567,48,35,17,16,116
1569,15,35,17,16,83
1570,0,35,17,16,68
1573,383,31,51,18,483
1574,0,34,48,18,100
1575,18,32,16,18,84
1576,0,32,16,18,66
1577,33,18,16,17,84
1578,0,34,16,17,67
1580,482,18,18,15,533
1581,0,17,117,16,150
1583,102,16,17,17,152
1586,34,32,17,17,100
1587,19,32,17,17,85
1588,0,32,17,17,66
1589,0,16,17,17,50
1590,0,34,15,17,66
1591,0,17,15,17,49
1592,0,32,117,18,167
1593,101,17,16,18,152
1594,35,31,51,18,135
1595,17,31,51,18,117
1596,0,31,51,18,100
1598,0,35,16,18,69
1599,51,34,15,18,118
1600,233,34,17,15,299
1602,498,34,18,16,566
1604,33,33,51,15,132
1607,1215,35,48,18,1316
1608,0,33,18,15,66
1609,250,33,18,17,318
1610,0,33,49,18,100
1611,0,15,49,18,82
1614,0,34,17,15,66
1616,32,35,15,17,99
1619,0,18,15,17,50
1621,0,17,19,14,50
1623,32,15,18,17,82
1624,0,33,18,17,68
1625,50,31,18,16,115
1626,0,35,16,15,66
1627,17,31,18,16,82
1629,0,15,18,16,49
1630,501,33,18,16,568
1632,34,34,51,14,133
1633,34,16,51,14,115
1634,0,34,51,14,99
1635,0,16,51,14,81
1636,0,34,31,17,82
1641,0,20,49,14,83
1642,31,32,84,16,163
1643,16,32,84,16,148
1644,0,32,84,16,132
1645,98,16,20,16,150
1646,0,33,51,16,100
1647,15,35,16,16,82
1648,20,15,16,16,67
1651,0,16,20,16,52
1652,117,17,18,15,167
1653,0,16,15,16,47
1654,0,31,100,18,149
1655,0,16,100,18,134
1657,0,16,50,15,81
1658,15,17,18,15,65
1659,17,33,18,16,84
1660,33,34,35,15,117
1661,33,16,35,15,99
1662,0,34,35,15,84
1664,0,35,15,18,68
1665,18,33,16,15,82
1667,34,15,52,16,117
1668,31,34,18,16,99
1670,0,34,18,16,68
1671,16,34,51,15,116
1672,0,34,51,15,100
1674,0,33,49,17,99
1675,47,33,19,16,115
1676,18,15,52,16,101
1677,48,35,48,18,149
1679,118,33,17,17,185
1680,1035,33,17,16,1101
1681,99,16,17,17,149
1682,0,31,35,17,83
1683,0,16,35,17,68
1684,17,18,0,17,52
1685,119,32,18,16,185
1686,33,34,49,17,133
1689,483,34,15,17,549
1691,19,32,18,16,85
1693,51,32,68,16,167
1694,100,34,51,16,201
1695,16,32,68,16,132
1696,0,32,68,16,116
1697,249,33,19,16,317
1698,17,17,0,17,51
1700,0,34,51,16,101
1701,0,17,51,16,84
1702,99,34,150,17,300
1703,0,17,18,16,51
1705,0,16,83,15,114
1707,17,34,150,17,218
1708,34,32,18,15,99
1709,18,32,18,15,83
1710,32,33,19,16,100
1711,33,15,19,16,83
1712,33,35,17,16,101
1713,34,16,17,16,83
1714,235,32,17,17,301
1715,98,17,34,17,166
1716,33,34,15,17,99
1718,0,34,15,17,66
1721,235,17,15,17,284
1722,101,32,17,17,167
1724,33,34,15,17,99
1727,17,32,17,17,83
1728,32,34,34,17,117
1729,17,34,34,17,102
1731,0,17,34,17,68
1732,34,34,15,17,100
1733,120,32,83,15,250
1734,0,34,15,17,66
1735,49,36,14,18,117
1736,0,32,18,18,68
1737,17,36,14,18,85
1738,101,33,17,15,166
1739,116,32,51,17,216
1740,0,32,83,15,130
1741,18,33,17,16,84
1742,33,33,17,15,98
1743,17,33,17,15,82
1744,33,32,51,17,133
1746,0,32,51,17,100
1748,34,34,49,17,134
1749,234,15,84,17,350
1751,101,16,249,17,383
1752,100,33,17,16,166
1753,15,34,18,16,83
1754,34,34,249,17,334
1756,0,34,249,17,300
1757,0,16,249,17,282
1758,0,33,17,16,66
1759,51,33,84,17,185
1760,0,33,134,16,183
1761,666,16,18,17,717
1764,0,35,49,17,101
1765,17,34,15,17,83
1766,34,32,49,17,132
1767,0,18,15,17,50
1768,32,32,51,18,133
1770,0,32,51,18,101
1771,0,16,51,18,85
1772,34,35,49,16,134
1774,100,33,18,17,168
1776,0,32,17,16,65
1777,17,33,17,16,83
1778,33,33,18,17,101
1779,16,33,18,17,84
1780,0,33,18,17,68
1781,16,35,16,16,83
1782,0,35,16,16,67
1783,33,16,17,16,82
1785,16,33,0,17,66
1788,52,16,16,16,100
1789,0,17,18,16,51
1790,34,32,18,16,100
1791,16,32,18,16,82
1794,34,35,15,17,101
1795,51,32,16,16,115
1796,35,32,16,16,99
1797,49,32,18,17,116
1798,0,32,16,16,64
1799,49,35,17,17,118
1800,0,32,18,17,67
1803,117,32,18,17,184
1804,0,34,16,16,66
1805,17,32,18,16,83
1807,16,34,16,16,82
1808,34,32,18,17,101
1810,0,32,18,17,67
1811,117,33,16,17,183
1812,0,35,82,17,134
1813,17,33,16,17,83
1814,49,17,183,18,267
1817,17,33,16,17,83
1819,17,33,17,17,84
1821,34,17,17,17,85
1822,0,34,17,17,68
1823,0,17,17,17,51
1825,34,16,49,17,116
1826,0,33,49,17,99
1827,0,16,49,17,82
1828,0,34,48,17,99
1829,18,32,116,17,183
1833,17,35,16,15,83
1834,0,35,16,15,66
1835,19,31,51,17,118
1837,15,34,83,17,149
1839,34,17,16,17,84
1840,34,33,83,17,167
1842,0,33,83,17,133
1845,51,33,21,12,117
1846,34,33,21,12,100
1847,17,33,21,12,83
1848,0,33,21,12,66
1849,17,33,35,16,101
1850,0,33,35,16,84
1851,163,15,19,15,212
1852,0,35,98,18,151
1853,34,17,15,17,83
1854,0,33,15,17,65
1857,17,33,18,15,83
1858,0,33,18,15,66
1860,0,33,19,15,67
1861,0,15,19,15,49
1862,0,34,118,15,167
1863,15,33,17,16,81
1864,0,33,17,16,66
1866,33,35,50,15,133
1867,16,35,50,15,116
1868,0,35,50,15,100
1869,0,18,50,15,83
1870,17,15,18,15,65
1873,0,15,50,17,82
1874,0,35,15,17,67
1876,15,17,50,18,100
1877,17,33,17,18,85
1878,0,33,17,18,68
1879,15,35,50,16,116
1880,35,32,84,17,168
1881,35,15,84,17,151
1882,0,32,84,17,133
1883,33,16,21,12,82
1885,349,34,49,18,450
1886,0,33,50,17,100
1887,46,33,50,16,145
1888,34,33,50,16,133
1891,17,32,18,16,83
1893,284,33,17,16,350
1894,0,34,50,17,101
1897,81,35,48,18,182
1898,0,32,51,17,100
1899,85,32,16,18,151
1900,0,33,83,18,134
1901,17,35,48,18,118
1902,0,35,48,18,101
1903,17,32,16,18,83
1904,0,32,16,18,66
1905,0,17,16,18,51
1906,166,35,84,13,298
1907,18,34,15,18,85
1911,0,18,17,16,51
1912,232,34,17,17,300
1913,48,35,84,13,180
1914,0,32,18,17,67
1915,51,33,84,15,183
1916,984,17,17,17,1035
1919,50,31,20,15,116
1922,31,35,17,17,100
1923,483,32,117,17,649
1924,0,35,17,17,69
1925,49,34,50,16,149
1926,0,34,17,17,68
1927,51,32,85,16,184
1928,0,34,50,16,100
1929,17,32,85,16,150
1930,0,32,85,16,133
1932,34,34,65,17,150
1935,17,33,18,14,82
1936,232,35,82,16,365
1939,14,35,50,17,116
1940,0,35,50,17,102
1942,0,32,35,16,83
1943,16,35,48,17,116
1944,1235,33,49,16,1333
1946,0,34,48,18,100
1947,49,35,82,16,182
1948,14,17,50,17,98
1951,0,18,82,16,116
1954,33,33,100,17,183
1955,0,15,17,16,48
1956,0,33,100,17,150
1957,33,17,149,18,217
1958,0,34,149,18,201
1959,0,17,149,18,184
1960,0,34,49,17,100
1961,49,34,67,18,168
1963,15,34,67,18,134
1964,34,35,14,18,101
1966,0,35,14,18,67
1967,18,32,50,16,116
1968,0,32,50,16,98
1969,36,15,84,17,152
1973,33,17,17,17,84
1976,17,17,16,16,66
1978,0,32,17,18,67
1979,51,32,18,16,117
1980,0,35,0,15,50
1982,0,32,18,16,66
1983,0,17,18,16,51
1984,99,34,0,17,150
1985,49,32,18,16,115
1987,233,15,51,17,316
1989,3265,16,51,17,3349
1991,16,34,17,17,84
1992,485,17,15,16,533
1993,0,17,17,17,51
1994,17,17,50,17,101
1995,50,34,0,16,100
2000,0,31,51,17,99
2001,482,34,16,21,553
2002,0,35,83,17,135
2003,17,33,16,18,84
2005,17,34,50,16,117
2006,0,34,50,16,100
2007,51,33,18,17,119
2008,0,33,17,16,66
2013,33,16,84,17,150
2014,0,32,84,17,133
2015,231,17,18,16,282
2016,0,34,15,18,67
2018,33,34,15,16,98
2019,101,16,150,18,285
2020,0,34,15,16,65
2021,48,34,150,18,250
2022,0,31,18,16,65
2023,250,35,48,18,351
2025,0,16,150,18,184
2026,0,35,0,14,49
2027,19,31,18,16,84
2028,0,31,18,16,65
2029,234,18,82,17,351
2030,34,37,13,18,102
2031,16,37,13,18,84
2032,484,17,82,18,601
2033,251,33,118,18,420
2034,0,31,82,17,130
2035,50,35,48,18,151
2037,118,32,17,17,184
2039,0,17,48,18,83
2041,51,32,17,17,117
2042,233,36,114,16,399
2043,18,32,17,17,84
2044,49,17,16,17,99
2045,0,16,17,17,50
2046,17,17,16,17,67
2047,50,34,17,16,117
2048,100,33,18,18,169
2049,17,34,17,16,84
2050,0,34,17,16,67
2052,17,16,51,18,102
2054,100,34,82,18,234
2055,33,18,114,16,181
2056,36,31,17,17,101
2057,234,15,50,18,317
2058,498,34,16,17,565
2059,16,34,82,18,150
2060,99,35,17,15,166
2061,0,17,82,18,117
2062,49,16,52,15,132
2063,18,31,52,15,116
2065,51,32,19,15,117
2066,101,33,50,17,201
2068,0,32,19,15,66
2069,233,16,51,16,316
2070,0,34,50,18,102
2072,0,33,50,17,100
2074,17,18,15,17,67
2077,0,17,50,16,83
2079,50,34,51,16,151
2080,482,16,19,15,532
2081,34,16,51,16,117
2082,0,34,51,16,101
2083,0,16,51,16,83
2085,49,34,16,17,116
2086,100,34,16,16,166
2087,16,34,16,17,83
2088,34,33,50,16,133
2089,1733,16,51,17,1817
2091,17,34,16,16,83
2092,231,35,16,16,298
2093,236,14,16,16,282
2095,0,16,51,15,82
2098,33,33,185,15,266
2099,114,35,16,16,181
2100,0,33,185,15,233
2101,15,34,18,14,81
2102,0,34,18,14,66
2103,16,32,21,14,83
2104,18,14,21,14,67
2106,235,33,16,18,302
2108,0,32,19,15,66
2109,35,15,18,15,83
2110,34,33,19,16,102
2111,0,15,18,15,48
2112,0,33,19,16,68
2113,34,16,17,16,83
2114,0,35,17,16,68
2115,16,33,82,18,149
2116,0,33,82,18,133
2119,49,34,16,16,115
2120,0,33,16,18,67
2121,50,32,49,19,150
2122,0,34,16,16,66
2124,0,32,49,19,100
2125,16,34,52,15,117
2126,0,34,52,15,101
2127,16,34,18,15,83
2128,34,33,51,15,133
2129,0,19,18,15,52
2130,0,33,51,15,99
2131,0,15,51,15,81
2132,0,32,19,15,66
2133,15,34,51,18,118
2134,0,34,51,18,103
2136,101,33,17,17,168
2137,50,32,16,17,115
2138,966,34,15,19,1034
2139,18,32,16,17,83
2140,231,35,17,15,298
2141,15,33,17,17,82
2142,33,34,83,17,167
2144,34,32,17,17,100
2145,49,34,118,15,216
2146,0,32,17,17,66
2147,50,34,15,17,116
2148,0,34,118,15,167
2150,232,34,18,17,301
2151,101,15,17,18,151
2153,17,35,17,15,84
2155,17,32,17,18,84
2157,32,18,116,17,183
2158,99,34,18,17,168
2159,234,16,51,17,318
2160,98,35,83,16,232
2162,100,33,17,16,166
2165,16,35,83,16,150
2166,0,35,83,16,134
2169,18,33,51,15,117
2171,0,16,51,15,82
2172,0,33,51,17,101
2173,233,17,16,17,283
2174,0,33,68,15,116
2175,0,15,68,15,98
2178,33,32,84,17,166
2179,116,35,16,17,184
2180,0,32,84,17,133
2181,0,17,84,17,118
2182,33,33,51,17,134
2183,116,33,17,16,182
2185,16,35,16,17,84
2186,101,33,51,17,202
2187,0,17,16,17,50
2188,33,33,17,16,99
2189,50,33,51,17,151
2190,33,33,51,17,134
2191,17,33,51,17,118
2192,101,34,16,15,166
2195,16,34,15,19,84
2196,0,34,15,19,68
2198,99,33,51,15,198
2199,19,31,17,17,84
2201,232,18,15,17,282
2203,17,33,51,15,116
2205,116,32,50,17,215
2206,34,32,52,15,133
2207,17,32,52,15,116
2211,17,32,50,17,116
2212,0,32,50,17,99
2213,0,15,50,17,82
2214,0,35,15,17,67
2215,50,33,51,15,149
2216,0,32,16,17,65
2217,17,33,51,15,116
2218,0,33,51,15,99
2219,50,33,51,18,152
2221,16,33,51,18,118
2222,0,33,51,18,102
2223,49,35,0,16,100
2224,234,34,52,14,334
2225,16,35,0,16,67
2228,0,34,14,17,65
2229,0,18,14,17,49
2230,14,17,85,15,131
2233,49,33,51,16,149
2234,0,33,54,13,100
2236,0,33,51,16,100
2237,0,15,51,16,82
2238,0,34,52,14,100
2240,0,33,19,14,66
2241,49,34,16,17,116
2243,14,34,16,17,81
2245,117,32,51,17,217
2246,0,33,18,15,66
2247,101,15,51,17,184
2248,33,34,17,15,99
2249,0,15,17,17,49
2250,0,34,17,15,66
2251,34,15,51,17,117
2252,0,32,51,17,100
2253,51,32,18,16,117
2255,234,16,51,15,316
2256,32,34,17,17,100
2257,35,16,17,17,85
2259,0,16,17,17,50
2261,17,33,83,16,149
2265,117,32,84,16,249
2266,34,33,51,15,133
2268,99,34,50,16,199
2270,0,34,17,15,66
2273,15,34,50,16,115
2274,100,33,51,17,201
2275,49,33,18,15,115
2276,33,33,18,15,99
2277,17,33,18,15,83
2278,0,33,18,15,66
2279,0,16,18,15,49
2280,33,35,150,15,233
2281,0,15,51,17,83
2282,734,34,16,17,801
2283,100,17,15,16,148
2284,101,31,18,15,165
2285,34,15,51,16,116
2286,0,32,51,16,99
2287,0,15,51,16,82
2289,48,33,18,17,116
2290,0,31,18,15,64
2291,34,15,18,17,84
2292,0,33,18,17,68
2293,0,15,18,17,50
2294,0,35,16,16,67
2296,0,32,18,16,66
2298,0,34,17,15,66
2299,416,33,18,16,483
2300,233,35,0,15,283
2302,0,34,51,14,99
2303,0,15,51,14,80
2305,33,14,20,15,82
2306,31,35,17,16,99
2307,116,35,0,15,166
2308,35,33,18,16,102
2309,48,34,18,17,117
2311,50,35,0,15,100
2314,100,34,49,17,200
2315,1981,34,17,17,2049
2316,0,31,18,16,65
2317,50,34,49,17,150
2318,34,34,49,17,134
2319,32,18,49,17,116
2320,100,34,16,17,167
2321,118,33,17,17,185
2322,16,17,51,16,100
2323,484,33,17,17,551
2324,16,17,18,16,67
2325,484,34,15,17,550
2326,0,34,16,17,67
2327,251,32,48,18,349
2330,0,34,50,16,100
2331,17,32,34,17,100
2333,117,35,15,17,184
2335,33,17,16,17,83
2336,0,34,16,17,67
2337,0,17,16,17,50
2338,0,33,17,18,68
2340,0,35,15,17,67
2341,18,32,48,18,116
2342,232,32,18,16,298
2343,17,32,16,18,83
2344,0,32,16,18,66
2345,50,34,49,17,150
2347,18,34,49,17,118
2348,100,34,15,17,166
2349,0,17,49,17,83
2350,0,33,16,17,66
2353,17,34,15,17,83
2356,0,32,18,16,66
2357,35,16,18,15,84
2358,0,34,18,15,67
2360,101,33,0,16,150
2362,0,34,67,16,117
2364,34,33,0,16,83
2365,17,33,0,16,66
2366,0,33,0,16,49
2367,32,16,17,17,82
2368,0,32,17,17,66
2369,100,18,82,17,217
2371,117,33,151,17,318
2372,232,35,17,17,301
2373,0,15,50,17,82
2374,0,35,82,17,134
2375,0,18,82,17,117
2377,17,33,151,17,218
2378,33,34,18,16,101
2379,17,34,18,16,85
2381,17,34,15,16,82
2382,34,31,18,17,100
2383,0,16,15,16,47
2384,232,34,116,17,399
2385,118,32,17,18,185
2388,0,34,16,17,67
2389,50,32,17,18,117
2390,0,33,150,17,200
2391,17,32,17,18,84
2393,16,35,49,17,117
2394,35,32,17,17,101
2395,18,32,17,17,84
2397,118,34,98,18,268
2398,485,15,17,18,535
2399,17,34,17,16,84
2400,0,34,17,16,67
2401,50,34,98,18,200
2402,233,33,17,17,300
2403,16,34,98,18,166
2404,34,32,52,14,132
2405,18,32,52,14,116
2407,17,33,19,14,83
2408,0,33,19,14,66
2409,15,33,50,18,116
2410,0,33,50,18,101
2412,501,33,18,15,567
2414,17,18,50,17,102
2415,33,18,17,17,85
2416,50,17,15,18,100
2417,0,18,17,17,52
2418,17,17,15,18,67
2419,17,33,15,18,83
2420,33,33,16,17,99
2422,99,35,49,15,198
2425,17,33,17,18,85
2426,0,33,17,18,68
2427,114,34,17,17,182
2428,35,32,17,15,99
2429,18,32,17,15,82
2430,32,32,19,15,98
2431,484,33,0,17,534
2432,32,34,17,17,100
2434,0,34,17,17,68
2435,15,34,18,16,83
2439,115,35,116,17,283
2440,99,35,116,17,267
2441,51,33,117,16,217
2442,0,33,18,15,66
2444,33,35,116,17,201
2445,100,16,16,16,148
2446,0,35,116,17,168
2450,249,19,81,18,367
2451,0,16,16,16,48
2452,0,32,18,17,67
2453,51,34,14,18,117
2454,101,33,0,17,151
2456,0,34,14,18,66
2457,250,34,15,17,316
2458,232,34,15,17,298
2460,0,33,0,17,50
2461,17,33,16,19,85
2462,49,19,81,18,167
2463,0,16,16,19,51
2465,1051,34,18,15,1118
2469,0,14,84,17,115
2470,235,32,50,18,335
2473,0,17,15,17,49
2474,32,35,16,15,98
2477,48,35,14,19,116
2478,0,31,85,15,131
2479,15,35,14,19,83
2480,0,35,14,19,68
2481,50,32,50,18,150
2482,33,32,50,18,133
2483,19,32,50,18,119
2484,0,32,50,18,100
2485,15,34,16,18,83
2486,34,34,16,18,102
2487,101,17,15,18,151
2488,0,34,16,18,68
2489,34,18,0,16,68
2491,251,32,151,17,451
2492,0,33,15,18,66
2493,0,17,15,18,50
2495,18,34,49,17,118
2496,0,34,49,17,100
2497,0,18,49,17,84
2502,50,17,15,17,99
2503,0,17,49,17,83
2505,117,34,0,15,166
2508,0,33,18,17,68
2510,18,17,15,19,69
2511,17,34,0,15,66
2512,34,32,50,16,132
2514,0,32,50,16,98
2515,0,17,50,16,83
2516,34,32,0,17,83
2518,0,32,0,17,49
2519,0,16,0,17,33
2520,501,33,17,17,568
2523,32,17,86,15,150
2524,0,32,86,15,133
2525,51,34,18,15,118
2526,17,17,17,17,68
2527,34,17,18,15,84
2531,32,16,18,15,81
2532,0,33,18,15,66
2534,2167,32,18,15,2232
2536,51,15,85,15,166
2537,0,15,51,16,82
2538,234,34,15,17,300
2540,18,16,18,16,68
2541,34,16,17,15,82
2542,0,34,17,15,66
2543,0,16,17,15,48
2544,0,32,52,16,100
2547,0,17,50,17,84
2549,16,33,17,17,83
2550,99,34,18,15,166
2552,232,34,51,15,332
2553,17,32,52,15,116
2554,99,33,50,16,198
2555,36,15,18,15,84
2556,0,34,18,15,67
2557,0,15,18,15,48
2559,1315,34,49,16,1414
2560,33,33,83,17,166
2561,34,15,83,17,149
2562,33,33,18,16,100
2563,98,17,18,15,148
2564,0,33,18,16,67
2566,0,34,51,15,100
2567,0,16,51,15,82
2572,35,31,52,15,133
2573,33,15,52,15,115
2574,233,33,17,18,301
2575,33,16,18,15,82
2577,485,31,18,17,551
2578,0,33,19,16,68
2579,34,16,16,17,83
2581,233,17,82,17,349
2583,34,17,18,15,84
2584,34,33,81,20,168
2586,33,33,17,18,101
2587,96,20,16,17,149
2588,33,35,81,19,168
2590,0,35,81,19,135
2591,0,18,81,19,118
2592,0,33,16,17,66
2593,103,15,50,18,186
2594,33,34,81,18,166
2595,0,17,82,17,116
2596,0,34,81,18,133
2597,50,34,50,18,152
2600,0,34,50,18,102
2602,484,16,18,17,535
2603,0,18,16,18,52
2605,34,15,18,17,84
2606,482,17,83,18,600
2607,232,18,50,16,316
2608,0,35,17,15,67
2609,17,32,51,16,116
2611,15,35,16,16,82
2612,0,35,16,16,67
2614,32,34,117,16,199
2615,16,34,117,16,183
2617,0,16,117,16,149
2618,0,33,16,18,67
2620,0,34,50,16,100
2621,18,32,100,18,168
2624,18,16,18,15,67
2625,16,33,102,15,166
2626,33,33,18,16,100
2627,0,15,102,15,132
2629,35,16,18,17,86
2630,0,34,18,17,69
2631,0,16,18,17,51
2633,116,34,100,15,265
2634,32,33,17,17,99
2635,50,34,49,16,149
2636,0,33,17,17,67
2637,50,34,100,15,199
2638,17,17,49,16,99
2639,482,35,151,15,683
2642,498,34,85,15,632
2644,0,35,17,17,69
2645,116,35,16,18,185
2646,17,17,15,17,66
2648,32,33,51,18,134
2649,0,17,102,14,133
2650,0,33,51,18,102
2652,35,34,49,16,134
2653,116,32,17,18,183
2654,34,31,18,16,99
2655,0,18,49,16,83
2656,0,31,18,16,65
2657,0,17,18,16,51
2658,34,32,17,18,101
2660,117,15,18,17,167
2661,115,35,151,15,316
2662,100,35,151,15,301
2663,18,32,18,15,83
2664,0,32,18,15,65
2666,234,35,84,14,367
2667,15,35,151,15,216
2669,49,34,85,15,183
2670,0,32,17,17,66
2673,34,18,17,15,84
2674,0,35,17,15,67
2675,0,18,17,15,50
2676,0,32,49,19,100
2677,249,32,18,15,314
2680,0,35,84,14,133
2681,0,19,84,14,117
2682,32,33,116,17,198
2683,17,33,116,17,183
2685,15,33,83,17,148
2686,0,33,83,17,133
2687,14,33,117,18,182
2688,0,33,117,18,168
2691,1100,18,114,18,1250
2692,32,33,133,18,216
2693,103,15,65,18,201
2694,234,32,19,15,300
2696,102,31,51,17,201
2697,0,18,18,15,51
2698,0,33,65,18,116
2699,0,15,65,18,98
2700,49,16,51,17,133
2701,0,16,15,16,47
2702,15,16,51,17,99
2703,16,35,49,16,116
2704,35,33,117,18,203
2705,101,15,51,18,185
2706,99,34,17,18,168
2709,16,34,51,18,119
2710,34,34,17,18,103
2712,34,35,47,17,133
2713,52,32,15,17,116
2714,0,35,47,17,99
2715,18,32,15,17,82
2717,32,17,52,15,116
2718,0,32,52,15,99
2719,101,17,16,17,151
2720,233,36,83,15,367
2722,32,34,16,17,99
2724,0,34,16,17,67
2725,450,35,16,17,518
2727,50,36,80,19,185
2728,0,33,17,19,69
2730,0,36,80,19,135
2735,50,31,19,15,115
2737,19,31,19,15,84
2738,0,31,19,15,65
2739,33,15,17,17,82
2740,0,34,17,17,68
2742,450,18,18,15,501
2743,118,32,51,17,218
2744,35,32,51,15,133
2745,19,32,51,15,117
2747,0,17,51,15,83
2748,0,34,49,18,101
2750,32,35,16,17,100
2752,35,33,82,16,166
2753,18,33,82,16,149
2754,0,33,82,16,131
2755,0,17,82,16,115
2757,18,34,48,17,117
2758,34,30,18,17,99
2759,49,35,15,18,117
2760,14,16,18,17,65
2761,234,18,182,17,451
2763,50,34,83,17,184
2764,0,33,15,19,67
2766,0,34,83,17,134
2767,486,34,82,15,617
2771,32,17,48,17,114
2774,0,34,182,17,233
2775,249,35,16,18,318
2776,99,33,50,17,199
2777,0,17,18,14,49
2778,32,36,51,16,135
2779,0,14,19,17,50
2780,36,33,50,17,136
2781,100,17,17,15,149
2782,0,33,50,17,100
2783,18,34,16,17,85
2784,34,33,17,15,99
2785,482,34,83,15,614
2786,234,33,16,15,298
2787,0,17,17,15,49
2788,32,35,16,18,101
2789,50,34,16,17,117
2793,18,33,17,17,85
2794,0,33,17,17,67
2795,51,33,49,15,148
2797,17,33,49,15,114
2798,0,33,49,15,97
2799,117,32,17,16,182
2800,0,33,16,15,64
2802,16,15,52,15,98
2803,115,36,49,17,217
2804,0,35,83,18,136
2805,48,33,18,18,117
2806,32,33,18,18,101
2809,16,36,49,17,118
2810,0,36,49,17,102
2811,18,32,17,17,84
2812,0,32,17,17,66
2814,34,30,18,19,101
2815,115,34,51,17,217
2816,48,19,16,15,98
2817,0,14,18,19,51
2818,18,19,16,15,68
2821,34,15,51,17,117
2822,0,34,51,17,102
2823,49,34,49,18,150
2825,15,34,49,18,116
2827,17,34,33,17,101
2828,0,34,33,17,84
2831,35,14,50,17,116
2832,31,33,17,17,98
2833,47,34,19,16,116
2834,0,33,17,17,67
2836,369,32,84,15,500
2837,17,35,15,17,84
2838,0,35,15,17,67
2839,16,32,19,14,81
2841,50,33,51,17,151
2842,0,33,51,15,99
2843,14,33,51,17,115
2844,0,33,51,17,101
2845,0,14,51,17,82
2846,0,33,51,18,102
2847,0,15,51,18,84
2848,100,34,50,17,201
2849,1185,33,16,17,1251
2850,0,34,16,15,65
2851,18,31,84,17,150
2852,0,31,84,17,132
2853,49,35,15,17,116
2855,17,35,15,17,84
2856,0,35,15,17,67
2857,99,17,16,15,147
2859,17,35,16,17,85
2860,0,35,16,17,68
2862,16,17,16,15,64
2863,116,35,15,17,183
2865,118,32,51,17,218
2866,0,34,84,17,135
2867,49,35,15,17,116
2869,16,35,15,17,83
2870,0,35,15,17,67
2871,19,32,51,17,119
2873,17,32,51,16,116
2874,0,32,51,16,99
2876,36,31,34,17,118
2877,17,31,34,17,99
2878,0,31,34,17,82
2879,50,33,20,13,116
2880,0,34,0,17,51
2882,33,33,67,16,149
2883,0,16,20,13,49
2886,101,34,48,17,200
2887,49,34,117,15,215
2888,0,34,84,16,134
2890,0,34,117,15,166
2892,34,32,117,16,199
2896,0,33,18,15,66
2900,0,36,15,16,67
2901,49,36,14,17,116
2903,16,36,14,17,83
2904,101,32,52,16,201
2906,233,33,16,17,299
2907,17,34,17,15,83
2909,0,16,17,15,48
2910,0,32,52,16,100
2911,33,16,18,16,83
2912,0,34,18,16,68
2913,0,16,18,16,50
2914,34,33,20,15,102
2915,16,33,20,15,84
2917,16,35,15,18,84
2918,35,33,16,17,101
2920,0,33,16,17,66
2922,33,33,15,17,98
2923,50,32,117,18,217
2924,33,32,117,18,200
2925,17,32,117,18,184
2927,51,34,67,16,168
2928,0,34,16,18,68
2929,32,18,67,16,133
2930,0,34,67,16,117
2931,0,18,67,16,101
2932,101,31,17,17,166
2933,33,18,16,18,85
2934,100,34,116,17,267
2935,0,18,16,18,52
2936,0,34,48,17,99
2938,100,33,83,17,233
2941,17,35,116,17,185
2942,35,33,83,17,168
2943,400,17,17,18,452
2944,0,33,83,17,133
2946,33,32,18,17,100
2947,18,32,18,17,85
2948,32,35,84,15,166
2949,17,35,84,15,151
2952,0,32,17,17,66
2955,17,33,16,17,83
2957,15,33,0,16,64
2958,33,34,17,17,101
2959,0,17,0,16,33
2960,0,34,17,17,68
2961,0,18,17,17,52
2962,34,31,51,18,134
2963,17,31,51,18,117
2964,31,34,17,18,100
2965,15,34,17,18,84
2966,34,35,49,15,133
2968,0,35,49,15,99
2969,251,31,18,16,316
2972,100,33,85,14,232
2974,101,33,17,18,169
2975,16,33,15,18,82
2976,99,35,49,16,199
2977,17,33,85,14,149
2978,0,33,85,14,132
2980,99,34,135,15,283
2981,51,31,18,16,116
2982,0,35,49,16,100
2983,35,14,18,16,83
2984,0,31,18,16,65
2985,14,34,135,15,198
2987,16,34,17,17,84
2989,17,34,15,17,83
2990,17,17,15,17,66
2991,17,32,17,18,84
2994,35,33,51,15,134
2995,18,33,51,15,117
2996,0,33,51,15,99
2997,35,15,84,17,151
2998,0,32,84,17,133
3000,34,34,16,17,101
3001,15,34,16,17,82
3003,0,17,16,17,50
3006,0,33,16,17,66
3007,33,17,18,16,84
3009,0,17,18,16,51
3010,0,34,154,13,201
3011,50,33,16,17,116
3012,34,33,16,17,100
3014,0,33,16,17,66
3015,17,33,115,18,183
3016,0,33,115,18,166
3019,150,34,16,17,217
3020,0,30,17,16,63
3022,0,33,15,18,66
3023,31,18,18,15,82
3024,0,33,18,15,66
3026,0,33,17,17,67
3027,183,34,17,14,248
3028,0,34,16,17,67
3029,50,34,16,18,118
3031,85,33,51,14,183
3032,0,34,16,18,68
3033,52,33,51,14,150
3035,116,35,116,17,284
3036,0,33,51,14,98
3037,52,31,17,18,118
3038,0,34,17,14,65
3040,0,31,17,18,66
3041,14,35,116,17,182
3043,100,18,150,16,284
3044,231,35,16,18,300
3045,52,33,150,16,251
3047,18,33,150,16,217
3048,233,32,83,18,366
3050,98,33,51,18,200
3051,17,33,17,15,82
3052,98,35,16,18,167
3053,17,32,18,15,82
3054,0,32,18,15,65
3056,33,35,16,18,102
3058,1185,17,115,18,1335
3061,251,32,51,17,351
3062,0,32,83,18,133
3063,116,33,50,17,216
3064,0,32,19,17,68
3065,14,36,81,18,149
3066,0,36,81,18,135
3068,33,33,50,17,133
3071,18,33,51,15,117
3072,0,33,51,15,99
3073,119,33,50,17,219
3074,34,32,51,17,134
3075,49,35,16,17,117
3076,0,32,51,17,100
3078,118,17,49,16,200
3079,1387,30,19,16,1452
3082,0,33,17,17,67
3083,116,34,66,18,234
3084,34,32,17,16,99
3085,699,16,69,16,800
3086,0,32,17,16,65
3088,0,33,19,15,67
3089,249,36,49,16,350
3090,0,34,66,18,118
3093,0,22,28,18,68
3094,112,16,134,17,279
3095,702,18,16,18,754
3097,0,15,201,17,233
3098,100,36,49,16,201
3099,32,16,134,17,199
3100,0,33,134,17,184
3101,0,16,134,17,167
3103,716,34,49,18,817
3104,0,36,49,16,101
3105,49,33,17,15,114
3106,32,33,17,15,97
3107,34,16,17,15,82
3108,0,33,17,15,65
3109,0,16,17,15,48
3110,0,32,18,16,66
3111,0,15,18,16,49
3112,0,34,51,17,102
3113,116,33,17,16,182
3114,100,33,17,16,166
3116,0,35,16,16,67
3117,49,33,17,16,115
3118,0,32,100,17,149
3119,16,33,17,16,82
3121,49,34,51,17,151
3122,0,33,17,17,67
3123,16,34,51,17,118
3125,34,16,69,16,135
3126,51,17,115,18,201
3127,0,16,69,16,101
3128,18,17,115,18,168
3129,17,34,16,17,84
3130,34,33,115,18,200
3132,99,34,15,18,166
3133,117,33,48,18,216
3134,0,31,102,15,148
3136,17,18,16,18,69
3138,115,18,50,17,200
3139,117,34,49,18,218
3140,0,33,48,18,99
3142,0,33,15,18,66
3146,0,34,49,18,101
3147,0,18,49,18,85
3149,17,34,181,17,249
3150,484,16,15,18,533
3151,18,32,18,16,84
3152,0,32,18,16,66
3153,35,16,51,17,119
3155,0,16,51,17,84
3157,34,17,15,19,85
3158,0,34,15,19,68
3159,17,34,13,17,81
3161,32,17,19,16,84
3164,35,32,18,17,102
3165,31,17,18,17,83
3167,0,17,18,17,52
3168,18,17,17,16,68
3169,483,34,15,18,550
3170,0,33,84,16,133
3172,32,34,18,16,100
3175,2149,32,18,16,2215
3176,0,34,17,16,67
3177,0,16,17,16,49
3178,0,33,15,18,66
3180,0,33,50,17,100
3182,0,33,17,17,67
3183,51,32,17,17,117
3184,34,32,17,17,100
3185,17,32,17,17,83
3187,484,32,217,17,750
3188,0,34,51,15,100
3189,51,32,17,18,118
3192,0,32,17,18,67
3193,50,33,16,18,117
3196,0,33,16,18,67
3199,18,33,15,18,84
3201,101,19,14,16,150
3202,102,30,18,17,167
3203,50,37,14,16,117
3204,0,32,18,19,69
3206,37,30,18,17,102
3207,33,16,18,17,84
3208,0,30,18,17,65
3211,17,33,16,17,83
3212,0,33,16,17,66
3214,0,33,133,17,183
3216,0,32,217,17,266
3217,99,17,17,15,148
3218,101,32,184,17,334
3219,18,34,0,15,67
3220,0,34,0,15,49
3221,17,32,17,15,81
3222,0,32,17,15,64
3224,32,34,50,17,133
3225,0,15,184,17,216
3226,34,35,15,17,101
3227,34,16,15,17,82
3228,0,35,15,17,67
3229,48,34,49,17,148
3231,34,17,49,17,117
3232,34,32,17,17,100
3233,0,17,49,17,83
3234,99,35,15,19,168
3235,15,34,18,15,82
3236,34,33,17,18,102
3238,33,35,15,19,102
3239,15,35,15,19,84
3241,52,32,20,14,118
3242,0,34,82,16,132
3243,19,32,20,14,85
3244,52,14,48,19,133
3245,17,34,48,19,118
3247,14,32,83,17,146
3249,16,35,15,17,83
3250,35,32,16,17,100
3252,481,17,17,19,534
3256,51,18,14,17,100
3258,18,18,14,17,67
3259,18,31,17,21,87
3262,38,30,48,16,132
3263,21,30,48,16,115
3265,0,16,48,16,80
3267,49,36,15,16,116
3269,16,36,15,16,83
3270,0,36,15,16,67
3271,100,16,17,17,150
3272,0,31,18,16,65
3273,50,34,17,17,118
3274,102,32,17,19,170
3275,99,17,17,19,152
3277,50,32,17,19,118
3278,0,34,116,19,169
3279,32,17,17,19,85
3280,0,32,17,19,68
3281,34,19,14,18,85
3282,0,36,14,18,68
3283,0,19,14,18,51
3284,0,32,48,19,99
3286,0,35,48,16,99
3287,19,32,82,18,151
3288,98,34,17,15,164
3289,0,19,82,18,119
3290,0,32,116,18,166
3291,16,34,16,18,84
3293,1299,16,84,18,1417
3294,0,34,17,15,66
3295,50,34,49,18,151
3296,32,34,49,18,133
3297,15,34,49,18,116
3298,34,32,51,16,133
3299,117,34,69,16,236
3300,32,35,16,16,99
3301,117,33,18,18,186
3304,0,32,18,16,66
3306,0,34,69,16,119
3307,16,33,18,18,85
3309,98,17,0,16,131
3310,0,36,16,15,67
3311,18,31,16,17,82
3312,113,18,83,17,231
3314,100,33,84,18,235
3315,236,16,16,17,285
3316,49,18,83,17,167
3317,51,33,84,18,186
3318,33,33,84,18,168
3319,18,33,84,18,153
3321,15,34,85,16,150
3322,0,34,85,16,135
3324,33,35,17,16,101
3326,0,35,17,16,68
3327,18,33,16,17,84
3328,0,33,16,17,66
3330,33,33,16,17,99
3331,17,33,16,17,83
3332,2584,16,16,18,2634
3333,483,34,50,20,587
3334,0,33,16,18,67
3335,0,17,16,18,51
3336,100,33,49,19,201
3342,0,33,49,19,101
3343,18,34,49,17,118
3344,0,34,49,17,100
3345,18,34,15,17,84
3346,34,32,50,16,132
3348,98,33,119,16,266
3349,0,17,50,16,83
3350,500,33,51,15,599
3352,0,33,83,21,137
3353,49,34,49,18,150
3354,33,34,49,18,134
3355,32,16,49,18,115
3356,101,34,50,20,205
3357,0,16,49,18,83
3358,37,30,18,16,101
3360,30,34,50,20,134
3362,0,34,50,20,104
3364,0,32,116,18,166
3366,38,29,17,16,100
3367,20,29,17,16,82
3368,46,16,84,18,164
3369,49,34,17,17,117
3370,0,33,84,18,135
3371,16,34,17,17,84
3372,0,34,17,17,68
3373,18,34,16,18,86
3374,0,34,16,18,68
3376,0,34,15,17,66
3377,18,32,50,18,118
3378,100,31,18,17,166
3379,17,33,51,15,116
3381,116,32,52,15,215
3383,483,35,81,18,617
3384,0,31,18,17,66
3385,0,15,18,17,50
3386,35,32,52,15,134
3387,116,35,15,17,183
3388,0,32,52,15,99
3393,98,19,49,17,183
3396,0,32,16,19,67
3397,52,31,50,18,151
3398,0,35,49,17,101
3399,19,31,50,18,118
3400,0,31,50,18,99
3401,114,35,17,16,182
3402,0,35,15,18,68
3403,17,33,18,13,81
3404,0,33,18,13,64
3406,0,31,19,16,66
3407,48,33,16,19,116
3408,35,33,16,19,103
3409,16,33,16,19,84
3410,33,35,81,18,167
3411,16,35,81,18,150
3413,19,33,48,18,118
3415,966,16,84,17,1083
3417,51,33,17,17,118
3419,18,33,17,17,85
3420,0,33,17,17,67
3421,252,32,18,15,317
3422,0,34,116,16,166
3423,17,34,15,17,83
3424,0,34,15,17,66
3425,984,30,21,16,1051
3427,101,15,52,15,183
3428,0,34,16,16,66
3430,32,33,52,15,132
3431,16,33,52,15,116
3432,0,33,52,15,100
3434,35,32,18,15,100
3435,49,33,18,17,117
3436,17,15,18,15,65
3438,100,33,84,17,234
3439,33,17,15,17,82
3441,103,13,50,17,183
3442,0,32,16,17,65
3443,17,33,84,17,151
3444,33,34,50,17,134
3445,0,17,84,17,118
3447,63,17,118,16,214
3448,50,17,118,16,201
3450,17,17,118,16,168
3451,17,34,15,17,83
3452,0,34,15,17,66
3453,17,32,0,18,67
3454,32,36,16,16,100
3455,17,36,16,16,85
3456,0,36,16,16,68
3458,32,33,0,17,82
3459,232,16,84,17,349
3460,33,34,16,17,100
3461,0,17,0,17,34
3462,0,34,16,17,67
3463,0,17,16,17,50
3464,16,17,50,15,98
3465,17,34,16,15,82
3466,0,34,16,15,65
3467,0,18,16,15,49
3468,31,34,117,17,199
3469,15,34,117,17,183
3470,34,33,84,17,168
3473,0,16,84,17,117
3474,0,35,0,16,51
3475,34,16,17,17,84
3477,50,33,85,16,184
3478,34,33,85,16,168
3479,17,33,85,16,151
3480,0,33,85,16,134
3484,0,30,21,16,67
3485,52,34,48,17,151
3489,101,15,18,17,151
3490,0,31,17,17,65
3491,50,33,18,17,118
3492,17,17,18,15,67
3493,17,33,18,17,85
3494,33,35,15,18,101
3495,0,15,18,17,50
3496,0,35,15,18,68
3498,33,32,51,15,131
3500,0,32,51,15,98
3502,0,34,17,15,66
3505,50,33,16,17,116
3506,0,35,49,17,101
3508,98,35,17,17,167
3509,217,33,16,18,284
3510,0,33,17,15,65
3511,368,15,83,18,484
3513,15,35,17,17,84
3515,217,34,50,15,316
3520,0,34,82,18,134
3524,0,34,15,18,67
3527,18,34,50,15,117
3529,0,17,50,15,82
3530,0,31,52,16,99
3532,19,15,83,18,135
3533,49,34,15,18,116
3534,0,34,18,16,68
3537,31,18,83,18,150
3538,33,34,15,20,102
3541,0,18,15,20,53
3542,15,20,14,18,67
3543,34,18,66,16,134
3545,0,18,66,16,100
3546,0,33,16,17,66
3547,0,19,16,17,52
3550,32,33,18,15,98
3551,0,16,51,15,82
3553,49,35,17,16,117
3554,33,35,17,16,101
3555,50,33,17,17,117
3556,85,17,65,17,184
3557,50,34,65,17,166
3558,100,32,0,17,149
3559,183,33,18,15,249
3560,34,33,16,16,99
3561,300,16,16,17,349
3563,18,32,0,17,67
3564,0,32,0,17,49
3565,16,35,33,16,100
3566,218,16,16,17,267
3567,1017,33,18,16,1084
3568,33,33,18,15,99
3569,17,33,18,15,83
3570,51,15,84,16,166
3571,0,17,18,15,50
3572,18,15,84,16,133
3573,15,33,51,16,115
3574,0,33,51,16,100
3575,52,31,16,17,116
3576,0,36,15,16,67
3577,250,32,18,17,317
3578,0,31,16,17,64
3579,49,33,17,18,117
3582,0,33,17,18,68
3583,116,34,82,18,250
3584,0,35,16,18,69
3586,0,34,148,18,200
3587,18,32,84,17,151
3588,98,35,49,16,198
3589,51,32,18,17,118
3590,34,32,18,17,101
3594,468,32,50,17,567
3595,17,33,16,16,82
3596,0,33,16,16,65
3597,50,33,18,17,118
3598,0,32,18,15,65
3599,16,33,18,17,84
3600,233,34,35,15,317
3601,0,15,18,17,50
3602,0,35,83,16,134
3603,17,33,17,17,84
3607,49,34,32,19,134
3608,98,34,35,15,182
3609,16,34,32,19,101
3610,0,34,32,19,85
3612,32,34,35,15,116
3613,34,15,35,15,99
3615,50,32,83,18,183
3619,51,32,50,17,150
3620,34,32,50,17,133
3621,32,16,50,17,115
3622,0,32,50,17,99
3624,17,18,15,17,67
3625,234,16,16,17,283
3627,17,33,18,16,84
3629,15,34,17,16,82
3630,100,33,85,16,234
3632,0,33,51,15,99
3633,49,33,85,16,183
3635,15,33,85,16,149
3636,33,34,16,17,100
3637,0,15,85,16,116
3638,101,33,17,18,169
3640,33,34,16,17,100
3641,17,34,16,17,84
3643,16,33,17,18,84
3644,0,33,17,18,68
3645,17,35,81,17,150
3647,49,36,14,17,116
3649,101,16,51,16,184
3650,101,34,17,16,168
3651,17,31,85,16,149
3652,0,31,85,16,132
3655,16,34,17,16,83
3657,49,33,17,16,115
3658,0,33,17,16,66
3660,0,33,17,16,66
3661,350,32,51,15,448
3663,33,17,20,10,80
3664,0,34,20,10,64
3665,0,17,20,10,47
3666,30,37,15,18,100
3667,10,37,15,18,80
3668,0,37,15,18,70
3669,18,33,84,17,152
3670,332,35,49,16,432
3671,18,32,117,18,185
3672,0,32,117,18,167
3676,34,31,17,18,100
3678,0,31,17,18,66
3679,50,32,51,15,148
3680,0,35,15,17,67
3681,33,17,51,15,116
3682,0,32,51,15,98
3683,0,17,51,15,83
3684,0,33,133,18,184
3686,33,34,84,16,167
3688,0,34,84,16,134
3689,233,18,16,18,285
3690,100,33,18,17,168
3691,114,35,16,17,182
3692,31,34,18,15,98
3693,16,34,18,15,83
3696,0,33,18,17,68
3701,17,34,16,18,85
3702,0,34,16,18,68
3703,233,19,16,15,283
3704,616,16,51,16,699
3705,117,33,16,17,183
3707,0,18,81,18,117
3708,32,34,15,18,99
3713,0,18,16,17,51
3714,234,32,17,16,299
3715,99,17,67,18,201
3716,0,35,16,15,66
3717,35,15,84,16,150
3718,31,33,67,18,149
3722,0,34,17,16,67
3723,50,35,116,15,216
3724,0,33,84,16,133
3726,0,35,116,15,166
3727,49,33,0,17,99
3729,99,15,17,17,148
3731,33,17,82,17,149
3733,0,17,82,17,116
3735,0,15,17,17,49
3737,33,17,50,18,118
3739,118,34,0,15,167
3740,0,34,51,16,101
3742,0,34,49,18,101
3743,0,18,49,18,85
3744,0,33,83,16,132
3745,50,33,16,16,115
3746,0,34,0,15,49
3749,117,34,84,18,253
3752,33,34,18,16,101
3756,0,34,84,18,136
3758,399,33,52,15,499
3759,17,34,49,18,118
3760,17,17,49,18,101
3761,117,34,81,16,248
3762,0,35,14,18,67
3763,0,18,14,18,50
3764,0,32,16,17,65
3765,51,34,81,16,182
3766,231,34,51,16,332
3767,51,32,17,17,117
3768,0,34,81,16,131
3769,49,34,15,16,114
3773,401,15,17,17,450
3774,31,36,83,15,165
3778,31,34,51,16,132
3780,0,34,51,16,101
3782,0,33,52,15,100
3783,49,33,51,16,149
3784,103,31,18,17,169
3786,0,33,51,16,100
3788,36,31,18,17,102
3789,18,31,18,17,84
3790,31,35,16,15,97
3792,0,35,16,15,66
3793,116,33,116,18,283
3794,733,32,17,17,799
3795,15,34,17,17,83
3796,101,35,16,17,169
3798,34,33,116,18,201
3799,33,17,116,18,184
3800,0,33,116,18,167
3801,0,17,116,18,151
3802,35,33,15,18,101
3803,0,18,16,17,51
3804,33,33,15,18,99
3805,32,18,15,18,83
3806,0,33,15,18,66
3807,0,18,15,18,51
3808,232,34,17,17,300
3809,0,18,167,15,200
3810,0,34,165,18,217
3812,233,33,17,16,299
3813,0,16,18,17,51
3814,102,32,51,17,202
3815,17,33,19,15,84
3816,0,33,19,15,67
3817,100,16,17,17,150
3821,0,17,51,17,85
3822,34,34,50,16,134
3823,0,16,17,17,50
3825,50,33,84,16,183
3827,17,33,84,16,150
3828,100,33,83,17,233
3830,232,34,16,18,300
3832,0,33,49,18,100
3833,833,17,15,19,884
3834,0,33,83,17,133
3836,0,34,16,16,66
3837,0,18,16,16,50
3838,0,32,17,17,66
3839,16,34,82,18,150
3841,233,17,51,15,316
3843,0,17,17,17,51
3844,34,34,15,17,100
3846,0,34,15,17,66
3847,33,17,84,17,151
3849,834,18,17,16,885
3853,101,15,17,17,150
3854,0,32,51,15,98
3855,17,33,18,15,83
3856,51,15,17,17,100
3857,0,17,18,15,50
3859,32,17,16,18,83
3860,235,33,16,17,301
3861,0,17,16,18,51
3865,0,16,17,18,51
3867,50,32,51,17,150
3868,32,32,51,17,132
3869,17,32,51,17,117
3870,0,32,51,17,100
3871,51,33,16,17,117
3873,50,33,51,15,149
3875,17,33,51,15,116
3876,0,33,51,15,99
3877,0,17,51,15,83
3879,0,14,19,15,48
3880,34,35,15,19,103
3881,33,17,15,19,84
3882,0,35,15,19,69
3884,500,33,15,18,566
3885,0,19,114,17,150
3887,249,33,18,16,316
3888,0,32,17,18,67
3889,102,15,18,17,152
3890,0,35,15,17,67
3891,18,32,68,15,133
3892,32,33,18,17,100
3894,968,33,117,16,1134
3895,50,33,17,16,116
3897,32,18,17,16,83
3898,0,33,17,16,66
3899,0,18,17,16,51
3900,33,33,18,16,100
3901,16,33,18,16,83
3902,0,33,18,16,67
3903,0,15,18,16,49
3904,34,34,16,17,101
3905,117,33,0,15,165
3907,118,33,15,18,184
3911,17,33,0,15,65
3912,0,33,0,15,48
3913,252,33,17,15,317
3914,0,33,15,18,66
3915,118,32,19,15,184
3916,0,33,0,17,50
3918,49,18,51,15,133
3919,0,16,16,18,50
3921,18,32,19,15,84
3924,34,34,116,16,200
3925,15,34,116,16,181
3927,51,32,51,16,150
3928,99,33,18,16,166
3929,16,32,51,16,115
3930,0,32,51,16,99
3931,0,15,51,16,82
3932,969,33,15,17,1034
3933,32,16,18,16,82
3934,33,34,18,17,102
3935,50,35,15,17,117
3936,0,34,18,17,69
3937,16,35,15,17,83
3939,49,32,84,17,182
3940,965,34,20,13,1032
3941,1785,31,51,15,1882
3942,32,34,50,17,133
3943,970,13,82,17,1082
3945,50,33,34,15,132
3946,34,33,34,15,116
3947,18,33,34,15,100
3949,51,33,117,16,217
3950,0,34,83,17,134
3951,100,17,0,16,133
3952,33,33,17,17,100
3953,0,18,117,16,151
3955,16,34,0,16,66
3956,100,34,17,16,167
3957,33,18,149,16,216
3959,0,18,149,16,183
3961,100,16,17,16,149
3962,0,34,17,16,67
3963,0,18,17,16,51
3964,17,16,66,18,117
3965,16,33,17,16,82
3966,50,16,18,14,98
3967,0,16,17,16,49
3969,16,32,20,14,82
3972,0,34,19,17,70
3974,101,35,15,18,169
3976,100,33,17,14,164
3977,16,34,17,18,85
3978,34,35,15,18,102
3979,17,35,15,18,85
3980,99,34,16,19,168
3981,51,31,50,19,151
3982,114,19,48,17,198
3984,232,34,20,13,299
3986,485,18,16,15,534
3987,17,35,48,17,117
3990,0,33,15,17,65
3991,117,34,20,13,184
3994,0,33,18,16,67
3995,16,34,18,16,84
3997,34,16,20,13,83
3999,36,13,82,17,148
4000,0,33,82,17,132
4001,46,34,15,17,112
4002,33,34,15,17,99
4003,16,34,15,17,82
4004,34,32,18,16,100
4005,117,34,17,18,186
4006,99,34,17,18,168
4008,0,34,18,15,67
4009,0,16,18,15,49
4010,0,33,18,16,67
4011,49,35,16,15,115
4013,233,18,64,19,334
4015,0,18,16,15,49
4020,233,31,152,17,433
4021,0,18,48,17,83
4022,0,32,16,17,65
4024,234,35,16,17,302
4026,0,36,64,19,119
4027,0,18,64,19,101
4029,17,32,19,16,84
4031,234,17,15,19,285
4032,0,35,84,17,136
4033,0,16,84,17,117
4035,15,35,18,17,85
4036,0,35,18,17,70
4038,100,34,15,19,168
4040,0,33,49,17,99
4041,0,17,49,17,83
4042,0,32,84,15,131
4043,49,34,16,15,114
4045,101,14,117,18,250
4046,0,34,16,15,65
4047,0,19,16,15,50
4048,97,35,116,16,264
4049,0,15,51,15,81
4050,101,35,14,18,168
4051,98,19,14,18,149
4052,103,32,17,15,167
4053,0,15,18,17,50
4054,0,35,116,16,167
4055,33,19,14,18,84
4056,35,32,17,15,99
4058,32,32,50,18,132
4060,0,32,50,18,100
4061,15,33,84,18,150
4062,234,34,15,18,301
4063,0,16,84,18,118
4064,35,33,50,17,135
4065,51,34,16,17,118
4066,0,33,50,17,100
4068,433,33,18,15,499
4071,17,33,82,18,150
4072,33,33,18,16,100
4076,234,33,16,17,300
4077,16,33,17,15,81
4079,18,32,17,16,83
4081,48,34,16,19,117
4083,16,34,16,19,85
4085,0,16,16,19,51
4086,101,33,16,17,167
4087,52,33,16,17,118
4089,100,17,18,15,150
4093,0,17,16,17,50
4095,0,17,18,15,50
4096,33,35,50,15,133
4097,115,35,15,17,182
4099,117,32,17,18,184
4100,32,33,18,17,100
4101,231,17,16,19,283
4103,232,19,149,15,415
4104,35,32,17,18,102
4105,49,35,48,17,149
4106,0,32,17,18,67
4107,17,35,48,17,117
4108,0,35,48,17,100
4109,100,17,16,19,152
4110,0,34,14,17,65
4111,49,34,16,19,118
4112,0,31,17,17,65
4113,17,34,16,19,86
4115,100,17,49,17,183
4116,0,35,149,15,199
4117,117,33,250,18,418
4118,0,32,182,19,233
4120,0,33,49,17,99
4122,0,33,82,18,133
4123,49,33,16,18,116
4124,33,33,16,18,100
4126,33,34,16,19,102
4127,0,15,16,18,49
4128,34,35,16,15,100
4129,0,18,16,19,53
4130,0,35,16,15,66
4131,0,19,16,15,50
4132,31,35,15,17,98
4133,116,34,83,15,248
4134,0,35,15,17,67
4135,0,18,15,17,50
4136,216,17,16,17,266
4137,51,34,83,15,183
4138,34,34,83,15,166
4141,0,18,83,15,116
4143,0,16,49,15,80
4145,17,33,117,17,184
4147,0,15,117,17,149
4148,0,35,16,17,68
4149,0,17,16,17,50
4150,0,33,115,18,166
4151,251,32,16,18,317
4154,33,33,117,18,201
4155,100,17,16,17,150
4157,0,15,117,18,150
4159,600,17,50,18,685
4160,33,33,17,18,101
4162,33,35,117,14,199
4163,100,18,18,15,151
4164,35,32,16,18,101
4165,250,33,52,17,352
4166,32,34,18,15,99
4167,16,34,18,15,83
4168,34,33,18,14,99
4169,36,15,18,14,83
4170,0,33,18,14,65
4171,0,15,18,14,47
4174,101,33,52,17,203
4175,0,16,17,17,50
4177,17,33,85,17,152
4179,17,33,52,17,119
4180,33,34,117,17,201
4181,35,16,117,17,185
4183,51,32,50,17,150
4184,117,17,48,17,199
4185,32,17,50,17,116
4187,0,17,50,17,84
4190,34,34,49,17,134
4191,100,17,83,17,217
4192,34,31,50,18,133
4194,31,35,83,17,166
4195,104,15,16,17,152
4196,0,35,83,17,135
4197,0,17,83,17,117
4199,18,34,16,17,85
4200,0,34,16,17,67
4203,17,34,49,17,117
4204,34,32,183,18,267
4205,18,32,183,18,251
4206,233,33,15,19,300
4208,102,31,50,18,201
4209,17,33,83,17,150
4210,99,34,16,18,167
4211,52,31,50,18,151
4213,20,31,50,18,119
4214,0,31,50,18,99
4215,51,34,48,19,152
4217,33,18,48,19,118
4218,0,34,48,19,101
4219,0,18,48,19,85
4221,33,19,15,18,85
4222,15,19,15,18,67
4223,19,33,15,17,84
4225,0,18,15,17,50
4226,0,32,83,18,133
4227,17,34,16,18,85
4228,101,34,14,17,166
4229,32,18,15,18,83
4230,34,33,48,17,132
4231,0,18,15,18,51
4232,0,33,48,17,98
4236,0,31,52,17,100
4237,0,17,52,17,86
4239,16,35,16,15,82
4240,0,35,16,15,66
4243,15,35,15,17,82
4244,84,18,16,17,135
4245,284,33,16,17,350
4246,0,32,17,18,67
4247,17,35,16,17,85
4249,0,18,16,17,51
4250,0,33,49,17,99
4251,17,34,48,19,118
4252,0,34,48,19,101
4253,284,35,15,16,350
4254,15,17,16,19,67
4255,17,35,82,17,151
4256,0,35,82,17,134
4257,85,33,16,17,151
4259,51,33,16,17,117
4260,34,33,16,17,100
4262,0,33,16,17,66
4265,17,33,184,16,250
4267,50,35,15,16,116
4268,0,33,18,17,68
4269,33,17,15,16,81
4270,102,32,17,16,167
4271,0,17,15,16,48
4272,99,33,17,18,167
4274,36,32,17,16,101
4276,233,33,81,18,365
4278,0,33,17,18,68
4280,0,35,15,18,68
4281,232,18,15,18,283
4283,0,18,16,15,49
4284,31,36,48,18,133
4286,36,33,49,17,135
4287,53,33,81,18,185
4288,0,33,49,17,99
4289,18,33,81,18,150
4290,15,18,81,18,132
4293,32,18,15,18,83
4295,51,33,117,17,218
4296,0,33,118,14,165
4297,18,33,117,17,185
4298,0,33,117,17,167
4300,50,18,17,14,99
4301,0,16,17,18,51
4303,649,34,250,18,951
4308,0,32,20,14,66
4309,235,14,17,17,283
4311,14,34,17,17,82
4312,51,17,50,17,135
4315,17,32,50,17,116
4316,0,32,50,17,99
4317,16,35,15,17,83
4318,0,35,15,17,67
4320,364,34,250,18,666
4321,36,14,17,17,84
4323,514,34,49,18,615
4324,17,17,49,17,100
4326,367,33,16,16,432
4327,50,34,16,16,116
4328,33,34,16,16,99
4329,17,34,16,16,83
4331,252,33,15,18,318
4332,0,32,17,17,66
4336,0,35,115,18,168
4337,50,32,135,16,233
4338,32,32,135,16,215
4339,17,32,135,16,200
4340,0,32,135,16,183
4342,34,35,15,18,102
4343,16,35,15,18,84
4345,18,33,15,18,84
4347,0,18,15,18,51
4348,234,32,50,16,332
4349,18,32,52,16,118
4350,0,32,52,16,100
4351,0,16,52,16,84
4354,101,34,16,16,167
4357,32,18,116,16,182
4358,0,35,116,16,167
4360,0,34,16,16,66
4361,485,36,14,18,553
4362,32,33,51,17,133
4363,16,33,51,17,117
4364,0,33,51,17,101
4365,0,16,51,17,84
4366,0,33,18,17,68
4367,16,35,49,16,116
4368,233,34,85,14,366
4370,33,32,17,17,99
4371,117,34,15,16,182
4374,0,34,16,18,68
4376,0,34,49,16,99
4379,17,31,52,17,117
4380,31,34,85,14,164
4381,118,31,117,18,284
4382,34,35,16,17,102
4383,51,33,81,18,183
4385,17,33,81,18,149
4386,0,33,81,18,132
4387,17,31,117,18,183
4389,233,17,16,16,282
4390,0,36,14,18,68
4391,18,32,17,17,84
4392,0,32,17,17,66
4394,0,34,15,18,67
4397,485,33,116,16,650
4398,0,33,17,17,67
4400,34,34,16,16,100
4401,34,17,16,16,83
4404,98,34,18,16,166
4405,49,33,18,16,116
4406,33,33,18,16,100
4407,17,33,18,16,84
4408,101,33,50,17,201
4411,16,34,16,17,83
4412,0,34,16,17,67
4413,16,33,50,17,116
4414,0,33,50,17,100
4415,17,33,50,18,118
4417,18,34,16,18,86
4419,17,34,15,17,83
4420,0,34,15,17,66
4421,50,34,49,17,150
4422,0,32,83,17,132
4424,51,16,116,16,199
4425,117,32,17,16,182
4427,115,33,18,17,183
4428,483,17,16,18,534
4429,51,32,17,16,116
4430,34,32,17,16,99
4431,117,32,18,16,183
4432,0,32,17,16,65
4434,0,33,18,17,68
4435,51,32,18,16,117
4437,116,33,17,17,183
4438,0,32,18,16,66
4439,17,34,17,16,84
4442,33,33,17,17,100
4443,16,33,17,17,83
4444,466,34,17,17,534
4445,15,34,16,18,83
4446,0,34,16,18,68
4448,0,34,50,17,101
4449,18,33,17,17,85
4450,0,33,17,17,67
4451,117,34,15,18,184
4452,0,34,115,18,167
4453,49,34,16,18,117
4454,232,33,18,15,298
4455,49,34,15,18,116
4457,17,34,15,18,84
4458,0,34,15,18,67
4460,499,33,51,16,599
4461,0,18,15,17,50
4465,0,19,47,17,83
4467,16,33,18,15,82
4468,501,32,51,17,601
4469,35,15,51,17,118
4470,0,33,51,17,101
4471,0,15,51,17,83
4472,0,34,17,17,68
4473,51,33,18,16,118
4474,34,33,18,16,101
4475,17,33,18,16,84
4477,17,34,50,16,117
4480,0,33,17,16,66
4481,116,33,117,17,283
4482,117,16,117,17,267
4483,0,16,17,17,50
4484,100,33,51,16,200
4485,17,33,216,16,282
4486,0,33,216,16,265
4487,50,33,51,16,150
4488,100,33,17,17,167
4489,250,32,16,19,317
4490,0,33,51,16,100
4491,116,32,51,17,216
4492,17,17,50,17,101
4493,34,16,17,17,84
4495,0,16,17,17,50
4497,117,32,16,19,184
4498,0,32,51,17,100
4499,16,33,50,17,116
4500,33,35,15,17,100
4501,51,32,16,19,118
4502,0,35,15,17,67
4503,32,17,16,19,84
4504,32,35,15,18,100
4505,0,17,16,19,52
4506,0,35,15,18,68
4507,0,19,15,18,52
4508,0,33,33,17,83
4509,18,33,17,16,84
4510,33,33,17,15,98
4512,0,33,17,15,65
4513,350,33,16,18,417
4517,216,33,50,17,316
4518,34,34,83,16,167
4520,0,34,83,16,133
4521,51,33,217,17,318
4522,99,34,50,17,200
4523,18,33,217,17,285
4524,234,33,50,17,334
4525,15,33,16,18,82
4526,0,33,16,18,67
4527,50,33,50,17,150
4528,0,34,50,17,101
4530,0,33,50,17,100
4533,17,33,16,18,84
4536,34,33,50,17,134
4538,33,32,83,17,165
4540,0,32,83,17,132
4542,0,35,151,15,201
4543,0,17,151,15,183
4545,16,34,52,15,117
4546,0,34,52,15,101
4547,52,32,19,15,118
4548,101,34,15,18,168
4549,17,32,19,15,83
4550,100,33,16,18,167
4551,49,34,15,18,116
4552,0,34,49,18,101
4553,49,33,16,18,116
4554,101,33,50,15,199
4555,100,18,50,15,183
4556,232,33,18,16,299
4557,18,34,98,17,167
4559,33,18,50,15,116
4560,0,33,50,15,98
4561,0,18,50,15,83
4562,16,17,17,15,65
4565,15,35,49,16,115
4566,235,32,18,15,300
4567,0,18,49,16,83
4568,416,15,19,16,466
4569,16,33,18,16,83
4571,34,16,15,18,83
4572,34,33,51,17,135
4573,0,16,15,18,49
4574,0,33,51,17,101
4575,18,34,17,17,86
4576,0,34,17,17,68
4577,0,18,17,17,52
4578,17,17,50,15,99
4581,16,33,17,17,83
4582,0,33,17,17,67
4583,49,34,65,18,166
4584,34,34,65,18,151
4585,17,34,65,18,134
4587,51,33,0,18,102
4588,233,34,48,18,333
4589,50,33,19,16,118
4590,0,33,0,18,51
4591,15,33,19,16,83
4593,116,34,16,18,184
4594,0,35,100,16,151
4595,34,14,19,15,82
4596,0,32,19,15,66
4597,48,34,16,18,116
4599,15,34,16,18,83
4601,99,18,50,16,183
4603,100,17,50,17,184
4605,33,18,50,16,117
4606,0,33,50,16,99
4607,0,18,50,16,84
4608,100,32,50,18,200
4609,0,17,50,17,84
4610,0,33,17,17,67
4611,0,16,17,17,50
4612,400,36,147,18,601
4613,117,32,52,15,216
4614,0,32,50,18,100
4615,50,33,84,15,182
4616,100,36,16,15,167
4621,234,17,67,17,335
4623,18,31,50,17,116
4624,98,33,17,18,166
4625,0,15,50,17,82
4628,34,33,17,18,102
4629,17,33,17,18,85
4630,0,33,17,18,68
4631,15,35,15,17,82
4632,0,35,15,17,67
4633,0,18,15,17,50
4634,233,33,84,15,365
4635,17,36,147,18,218
4636,0,36,147,18,201
4638,31,33,16,17,97
4641,0,16,16,17,49
4642,33,35,15,18,101
4644,101,33,17,18,169
4645,100,17,17,18,152
4646,0,33,16,17,66
4647,101,18,81,16,216
4648,0,33,84,15,132
4649,0,17,84,15,116
4650,33,35,81,16,165
4652,0,35,81,16,132
4653,34,15,17,17,83
4654,0,31,17,17,65
4656,0,34,16,16,66
4657,0,17,16,16,49
4658,98,35,16,19,168
4659,34,17,49,17,117
4660,0,35,49,17,101
4662,31,35,16,19,101
4663,115,34,17,17,183
4664,35,35,15,16,101
4666,0,35,15,16,66
4667,0,19,15,16,50
4668,232,35,15,16,298
4669,16,34,17,17,84
4670,51,17,117,16,201
4671,0,15,17,17,49
4673,17,33,16,17,83
4674,0,33,16,17,66
4675,17,33,0,17,67
4676,33,33,18,16,100
4677,17,33,18,16,84
4678,102,31,18,16,167
4679,50,35,15,16,116
4680,0,34,50,16,100
4682,35,31,18,16,100
4683,17,31,18,16,82
4684,399,34,17,17,467
4686,100,33,17,18,168
4687,16,33,17,16,82
4688,0,33,17,16,66
4689,0,17,17,16,50
4690,17,16,18,15,66
4691,117,33,16,18,184
4692,101,33,16,18,168
4694,969,33,17,15,1034
4695,18,33,16,17,84
4696,0,33,16,17,66
4697,18,33,16,18,85
4698,16,17,16,18,67
4701,48,36,16,18,118
4702,0,30,19,17,66
4703,50,34,51,17,152
4704,503,34,100,16,653
4705,102,17,14,19,152
4708,34,34,14,19,101
4710,0,34,14,19,67
4711,0,17,14,19,50
4714,98,34,17,16,165
4716,0,32,18,16,66
4718,0,34,51,16,101
4719,33,17,17,16,83
4721,50,33,18,17,118
4723,16,33,18,17,84
4724,33,35,49,18,135
4725,17,35,49,18,119
4726,0,35,49,18,102
4727,17,32,151,16,216
4728,0,32,151,16,199
4729,967,16,18,17,1018
4731,18,32,17,17,84
4732,0,32,17,17,66
4733,17,34,100,16,167
4735,17,34,48,18,117
4737,483,33,49,17,582
4741,118,33,16,18,185
4742,0,33,50,17,100
4743,99,18,16,18,151
4745,14,35,15,18,82
4750,99,36,15,18,168
4753,18,32,17,19,86
4754,0,32,17,19,68
4759,18,31,17,16,82
4760,0,31,17,16,64
4761,17,33,18,17,85
4762,0,33,18,17,68
4763,51,33,49,17,150
4766,0,33,49,17,99
4768,32,34,49,18,133
4770,34,34,49,17,134
4771,17,34,49,17,117
4772,100,34,17,17,168
4773,17,33,16,17,83
4774,100,34,116,17,267
4775,18,33,217,16,284
4776,0,33,217,16,266
4777,51,34,116,17,218
4778,0,34,17,17,68
4779,51,32,50,16,149
4780,0,34,116,17,167
4783,120,32,185,15,352
4784,0,33,17,16,66
4785,117,33,18,15,183
4787,0,16,18,17,51
4788,0,35,49,16,100
4789,17,32,185,15,249
4791,116,34,51,15,216
4792,0,33,18,15,66
4793,16,33,51,17,117
4794,101,32,19,15,167
4795,15,34,17,17,83
4796,0,34,17,17,68
4797,33,17,51,15,116
4799,116,34,50,17,217
4804,33,34,50,17,134
4805,15,34,50,17,116
4806,0,34,50,17,101
4808,234,32,17,17,300
4810,34,33,17,15,99
4811,17,33,17,15,82
4814,0,32,18,16,66
4815,0,15,18,16,49
4816,0,34,50,18,102
4818,33,35,16,16,100
4820,101,33,85,14,233
4821,18,32,17,17,84
4823,33,17,16,17,83
4825,0,17,16,17,50
4826,0,33,85,14,132
4827,17,33,66,18,134
4828,33,35,17,14,99
4829,17,35,17,14,83
4831,98,18,16,18,150
4833,32,17,15,18,82
4834,35,33,16,18,102
4835,0,17,15,18,50
4836,0,33,16,18,67
4837,0,18,16,18,52
4838,0,34,16,16,66
4840,84,16,17,16,133
4841,33,19,49,16,117
4842,0,36,49,16,101
4845,0,16,17,16,49
4847,16,33,49,17,115
4849,17,34,15,17,83
4850,0,34,15,17,66
4853,17,34,16,18,85
4855,16,34,15,17,82
4856,0,34,15,17,66
4857,18,32,50,17,117
4859,0,17,50,17,84
4861,82,35,15,17,149
4862,0,34,83,17,134
4864,0,33,18,17,68
4867,49,33,18,18,118
4868,0,32,51,18,101
4870,0,33,18,18,69
4871,0,17,18,18,53
4872,0,36,48,18,102
4873,48,36,83,16,183
4874,98,34,17,16,165
4877,101,16,50,18,185
4881,0,16,17,16,49
4882,166,33,83,17,299
4883,48,36,48,17,149
4884,0,32,152,16,200
4885,317,33,17,17,384
4887,48,35,17,16,116
4888,0,30,86,16,132
4889,14,35,17,16,82
4890,102,32,17,17,168
4892,0,33,83,17,133
4893,16,34,15,17,82
4894,100,35,15,17,167
4895,117,32,17,16,182
4896,0,32,17,17,66
4898,0,34,18,17,69
4899,17,35,15,17,84
4900,100,34,116,18,268
4902,99,34,15,17,165
4903,17,33,17,17,84
4904,33,34,116,18,201
4906,34,34,15,17,100
4907,117,34,15,18,184
4909,584,33,18,16,651
4911,51,34,15,18,118
4912,0,34,49,18,101
4913,117,33,50,17,217
4914,16,18,15,18,67
4915,18,33,49,17,117
4917,118,33,49,18,218
4918,100,33,49,18,200
4919,50,34,49,18,151
4920,33,34,49,18,134
4921,17,34,49,18,118
4922,101,33,15,18,167
4923,51,34,33,15,133
4924,0,33,49,18,100
4925,17,34,33,15,99
4927,51,33,35,15,134
4930,0,33,35,15,83
4931,0,18,35,15,68
4932,35,31,51,18,135
4933,18,31,51,18,118
4934,232,32,18,17,299
4935,484,31,18,17,550
4937,19,35,81,17,152
4939,18,32,150,17,217
4940,98,34,83,17,232
4942,0,33,51,16,100
4943,17,33,18,16,84
4945,51,32,18,17,118
4946,0,34,83,17,134
4949,0,16,18,17,51
4951,116,34,15,17,182
4952,33,33,99,17,182
4954,0,33,99,17,149
4955,17,33,49,17,116
4956,33,34,15,17,99
4957,34,16,15,17,82
4958,34,32,17,18,101
4960,15,17,17,18,67
4962,734,34,18,15,801
4964,114,20,50,15,199
4965,0,15,18,17,50
4966,18,17,84,15,134
4967,17,33,15,20,85
4968,0,33,15,20,68
4969,118,33,18,16,185
4970,15,20,50,15,100
4972,0,31,117,17,165
4973,49,33,18,16,116
4974,101,33,50,17,201
4976,100,32,18,17,167
4977,0,16,18,16,50
4978,99,35,50,16,200
4980,0,33,50,17,100
4981,49,35,50,16,150
4982,0,32,18,17,67
4985,0,17,50,16,83
4987,49,33,17,16,115
4988,0,33,18,15,66
4989,117,32,84,17,250
4992,0,33,85,15,133
4996,934,31,51,17,1033
4997,15,33,117,18,183
4998,101,33,16,18,168
4999,15,33,18,17,83
5000,0,33,18,17,68
5001,16,35,16,17,84
5002,502,32,17,18,569
5004,0,33,16,18,67
5006,0,34,18,15,67
5007,101,17,16,17,151
5010,0,32,152,15,199
5011,17,35,16,17,85
5013,17,33,15,19,84
5014,0,33,15,19,67
5018,32,33,17,17,99
5019,100,18,16,16,150
5020,0,33,17,17,67
5021,100,16,50,17,183
5022,0,34,51,16,101
5024,0,35,16,16,67
5025,34,16,50,17,117
5026,1598,33,50,17,1698
5027,0,16,50,17,83
5029,49,32,17,18,116
5032,0,32,17,18,67
5034,116,18,49,17,200
5035,485,31,53,14,583
5036,99,34,83,17,233
5038,47,18,49,17,131
5039,0,16,16,18,50
5040,34,34,83,17,168
5041,968,17,15,18,1018
5042,0,34,83,17,134
5043,18,32,17,17,84
5044,32,34,17,17,100
5045,17,34,17,17,85
5048,0,34,50,15,99
5049,251,31,53,14,349
5050,34,31,51,17,133
5053,0,15,51,17,83
5054,0,34,117,18,169
5055,0,17,117,18,152
5056,0,34,15,17,66
5060,0,35,16,18,69
5061,17,34,48,17,116
5062,34,31,53,14,132
5064,2866,33,50,17,2966
5065,0,15,53,14,82
5066,17,17,19,14,67
5067,17,33,15,18,83
5068,0,33,15,18,66
5070,0,33,18,17,68
5073,99,18,116,17,250
5076,35,33,116,17,201
5077,116,33,17,17,183
5078,33,32,34,17,116
5079,0,18,116,17,151
5082,0,34,17,16,67
5083,35,16,17,17,85
5084,0,33,17,17,67
5085,50,34,16,17,117
5086,34,34,16,17,101
5087,17,34,16,17,84
5088,0,34,16,17,67
5095,48,35,15,18,116
5096,236,31,18,17,302
5098,0,35,15,18,68
5099,17,33,17,18,85
5102,101,34,14,17,166
5103,18,31,18,17,84
5104,31,35,15,19,100
5105,0,14,18,17,49
5108,0,34,14,17,65
5109,0,19,14,17,50
5110,0,31,18,17,66
5112,101,33,268,16,418
5114,0,33,82,17,132
5115,116,33,50,17,216
5116,0,33,17,16,66
5119,49,33,50,17,149
5120,0,33,18,15,66
5121,35,15,50,17,117
5122,0,33,50,17,100
5123,0,15,50,17,82
5124,0,35,50,15,100
5125,233,17,67,15,332
5126,32,33,51,17,133
5127,0,17,84,17,118
5128,0,33,51,17,101
5129,99,18,83,16,216
5131,17,33,16,18,84
5132,0,33,16,18,67
5137,1934,16,15,18,1983
5138,0,35,67,15,117
5139,99,18,50,17,184
5140,33,34,49,17,133
5141,50,33,50,17,150
5144,33,33,49,17,132
5145,0,18,50,17,85
5146,33,34,15,17,99
5148,34,32,17,17,100
5149,98,18,50,17,183
5150,3816,16,18,15,3865
5151,34,17,50,16,117
5152,34,33,50,17,134
5153,0,17,50,16,83
5154,250,18,32,17,317
5157,16,34,84,16,150
5158,34,33,18,15,100
5159,17,33,18,15,83
5160,33,33,18,16,100
5161,49,34,83,17,183
5162,33,34,83,17,167
5163,15,34,83,17,149
5164,34,33,17,18,102
5165,966,17,16,17,1016
5167,101,16,17,17,151
5168,233,36,15,18,302
5169,18,32,17,16,83
5172,0,33,17,17,67
5176,32,35,17,15,99
5177,33,18,17,15,83
5178,0,35,17,15,67
5179,50,36,15,18,119
5181,51,33,15,17,116
5182,0,36,15,18,69
5183,34,18,15,17,84
5184,0,33,15,17,65
5185,101,15,18,16,150
5187,17,33,51,16,117
5188,33,33,18,16,100
5190,51,16,15,17,99
5191,247,35,17,17,316
5192,116,17,18,15,166
5193,31,17,85,15,148
5196,50,17,18,15,100
5197,49,33,183,20,285
5198,14,17,18,15,64
5199,50,35,15,16,116
5201,34,16,15,16,81
5202,50,16,20,15,101
5203,0,16,15,16,47
5205,36,15,17,17,85
5206,0,35,17,17,69
5207,0,15,17,17,49
5208,500,33,17,17,567
5209,115,34,51,17,217
5210,0,33,15,20,68
5211,53,30,52,17,152
5212,117,17,82,17,233
5215,14,34,51,17,116
5218,18,17,82,17,134
5219,50,33,16,17,116
5220,0,33,49,17,99
5221,17,33,16,17,83
5222,33,33,16,18,100
5223,17,33,16,18,84
5224,33,34,51,15,133
5225,117,33,49,18,217
5227,33,19,17,15,84
5230,17,15,51,16,99
5232,51,16,15,18,100
5233,0,17,49,18,84
5237,18,33,17,17,85
5239,51,35,49,17,152
5240,17,17,184,16,234
5241,17,35,49,17,118
5242,0,35,49,17,101
5244,15,15,19,17,66
5245,34,17,48,18,117
5246,36,33,81,18,168
5247,965,17,18,16,1016
5248,48,18,17,16,99
5249,51,33,15,18,117
5251,18,33,15,18,84
5252,0,33,15,18,66
5253,0,16,15,18,49
5254,0,33,116,18,167
5256,0,34,82,18,134
5257,100,18,17,14,149
5258,100,31,51,17,199
5259,102,14,51,17,184
5260,0,35,51,14,100
5261,32,18,17,14,81
5262,0,34,17,14,65
5263,35,14,51,17,117
5266,0,34,52,16,102
5267,15,34,18,16,83
5268,34,34,18,15,101
5269,0,17,18,16,51
5271,0,16,18,15,49
5272,33,33,18,16,100
5273,0,15,83,17,115
5274,0,33,18,16,67
5275,51,33,16,18,118
5279,33,18,16,18,85
5280,34,34,81,19,168
5281,0,18,16,18,52
5285,51,34,49,17,151
5286,38,34,49,17,138
5287,18,34,49,17,118
5288,0,34,49,17,100
5289,250,34,18,16,318
5291,16,35,15,17,83
5292,117,18,48,17,200
5293,32,17,50,18,117
5295,117,33,52,16,218
5297,49,32,50,17,148
5298,16,18,48,17,99
5299,50,33,52,16,151
5302,0,33,52,16,101
5303,17,34,18,16,85
5304,234,32,84,17,367
5305,0,17,18,16,51
5306,101,33,34,17,185
5307,16,32,83,19,150
5308,0,32,83,19,134
5314,500,33,17,15,565
5315,0,19,48,16,83
5316,0,32,88,13,133
5317,0,15,88,13,116
5318,32,35,21,13,101
5319,51,34,15,17,117
5321,50,32,16,18,116
5322,0,34,15,17,66
5323,245,33,17,18,313
5324,0,32,16,18,66
5325,51,33,18,16,118
5327,18,33,18,16,85
5329,252,33,17,15,317
5331,0,16,17,15,48
5332,0,32,67,16,115
5333,15,35,15,17,82
5334,500,34,17,15,566
5338,0,33,17,18,68
5339,100,18,17,15,150
5340,35,33,15,18,101
5342,0,33,15,18,66
5343,17,33,17,15,82
5345,102,16,49,19,186
5346,100,34,100,15,249
5347,0,15,18,16,49
5349,16,34,49,19,118
5350,0,34,49,19,102
5351,0,16,49,19,84
5353,51,32,17,17,117
5354,34,32,17,17,100
5355,4052,32,49,19,4152
5356,0,32,17,17,66
5357,34,17,48,17,116
5358,0,34,48,17,99
5359,0,17,48,17,82
5360,99,32,152,15,298
5361,0,23,10,17,50
5362,10,17,17,17,61
5363,34,17,17,15,83
5365,116,34,18,15,183
5367,0,15,152,15,182
5368,101,33,18,15,167
5369,19,31,19,15,84
5370,31,34,18,15,98
5371,234,17,83,16,350
5373,48,33,218,16,315
5374,100,33,17,16,166
5375,15,33,218,16,282
5376,0,33,218,16,267
5378,34,33,17,16,100
5380,101,34,0,15,150
5381,249,33,18,16,316
5383,16,35,83,16,150
5384,0,35,83,16,134
5385,32,19,0,15,66
5387,0,19,0,15,34
5388,98,34,17,16,165
5390,99,33,18,16,166
5391,34,15,150,17,216
5394,101,34,15,17,167
5395,102,16,15,17,150
5397,0,16,18,16,50
5399,0,16,18,16,50
5401,31,17,51,17,116
5403,0,17,51,17,85
5406,35,33,84,16,168
5407,0,17,15,18,50
5408,0,33,84,16,133
5409,18,32,17,17,84
5412,34,34,51,16,135
5413,51,33,49,18,151
5414,484,17,82,16,599
5415,16,33,49,18,116
5416,33,34,48,17,132
5417,15,34,48,17,114
5418,0,34,48,17,99
5421,117,34,50,17,218
5422,0,32,18,17,67
5423,0,17,18,17,52
5424,0,35,116,17,168
5427,16,34,50,17,117
5428,484,15,18,16,533
5429,51,33,16,16,116
5432,0,33,16,16,65
5433,17,32,51,17,117
5434,32,34,116,17,199
5435,0,16,51,17,84
5437,17,34,115,18,184
5438,34,32,50,17,133
5439,116,34,48,19,217
5440,32,35,82,16,165
5441,16,35,82,16,149
5443,0,17,82,16,115
5444,32,34,48,19,133
5446,34,32,16,19,101
5447,50,35,16,16,117
5448,32,35,16,16,99
5449,32,19,16,16,83
5450,35,32,51,15,133
5451,0,19,16,16,51
5452,0,32,51,15,98
5453,16,34,50,16,116
5454,100,34,84,16,234
5455,0,17,50,16,83
5456,0,32,18,16,66
5457,251,32,16,17,316
5458,102,32,18,16,168
5459,34,16,84,16,150
5460,0,34,84,16,134
5461,0,16,84,16,116
5462,34,32,18,16,100
5463,17,32,18,16,83
5464,0,32,18,16,66
5465,0,15,18,16,49
5466,0,34,17,16,67
5468,100,33,51,17,201
5469,16,35,83,19,153
5470,100,37,81,15,233
5471,18,32,16,17,83
5472,0,32,16,17,65
5475,54,31,15,19,119
5476,0,37,81,15,133
5477,50,34,47,17,148
5478,31,34,47,17,129
5479,51,31,16,17,115
5480,0,34,47,17,98
5482,0,31,16,17,64
5483,15,33,51,16,115
5484,33,34,17,16,100
5485,17,34,17,16,84
5487,49,34,116,17,216
5489,983,33,18,15,1049
5490,34,36,15,16,101
5491,32,20,15,16,83
5492,0,36,15,16,67
5493,0,20,15,16,51
5494,0,31,16,16,63
5495,0,16,16,16,48
5497,0,16,51,16,83
5498,101,34,182,19,336
5500,0,33,19,15,67
5502,34,34,182,19,269
5503,15,34,182,19,250
5504,0,34,182,19,235
5505,18,34,248,17,317
5506,0,34,248,17,299
5507,0,18,248,17,283
5508,0,31,51,17,99
5511,14,35,0,18,67
5512,35,33,16,19,103
5513,35,15,16,19,85
5514,0,33,16,19,68
5518,0,33,48,17,98
5519,18,32,49,18,117
5520,32,33,16,18,99
5522,99,35,15,17,166
5523,0,17,16,18,51
5524,101,32,17,17,167
5526,0,32,18,17,67
5531,17,34,16,17,84
5533,50,34,51,15,150
5534,0,33,17,17,67
5535,17,34,51,15,117
5536,34,32,19,15,100
5537,1582,34,17,17,1650
5538,0,32,19,15,66
5539,15,34,50,17,116
5540,101,33,18,15,167
5541,15,34,49,17,115
5543,33,17,16,17,83
5544,0,33,16,17,66
5547,17,33,18,15,83
5548,0,33,18,15,66
5551,33,17,116,18,184
5553,117,34,16,17,184
5555,49,35,50,17,151
5556,0,32,18,17,67
5557,15,35,50,17,117
5558,18,17,50,17,102
5559,17,34,16,17,84
5560,0,34,16,17,67
5561,18,33,49,16,116
5562,0,33,49,16,98
5563,32,17,17,16,82
5564,232,34,50,18,334
5567,36,13,0,19,68
5568,33,34,49,17,133
5570,34,35,14,17,100
5572,16,19,14,17,66
5573,19,31,17,17,84
5575,34,17,17,17,85
5576,0,34,17,17,68
5579,17,33,51,15,116
5580,0,33,51,15,99
5581,52,31,51,16,150
5582,4083,18,65,17,4183
5583,18,31,51,16,116
5584,0,31,51,16,98
5592,0,32,18,17,67
5594,501,33,17,17,568
5595,17,34,117,16,184
5596,233,32,18,17,300
5598,0,32,49,19,100
5599,0,17,49,19,85
5600,17,16,16,19,68
5601,16,35,17,16,84
5602,0,35,17,16,68
5603,36,16,48,18,118
5604,0,33,48,18,99
5605,50,32,17,15,114
5609,0,18,17,15,50
5610,32,35,49,16,132
5611,0,15,18,17,50
5613,17,32,17,16,82
5614,0,32,17,16,65
5615,15,33,84,17,149
5616,17,16,84,17,134
5617,117,33,17,17,184
5618,0,35,49,17,101
5619,0,16,49,17,82
5620,34,32,50,17,133
5621,232,17,17,17,283
5622,32,33,17,17,99
5623,50,34,51,14,149
5625,16,34,51,14,115
5626,34,32,67,17,150
5627,17,32,67,17,133
5628,0,32,67,17,116
5629,15,33,19,15,82
5630,19,14,19,15,67
5631,99,17,17,15,148
5632,102,32,51,19,204
5633,0,15,17,17,49
5634,34,34,17,15,100
5635,116,37,47,17,217
5637,0,17,17,15,49
5638,102,30,17,17,166
5639,98,17,17,17,149
5640,0,33,151,17,201
5641,233,17,15,19,284
5642,37,30,17,17,101
5643,19,30,17,17,83
5644,47,17,50,17,131
5645,0,17,17,17,51
5646,17,17,50,17,101
5647,33,17,84,17,151
5648,50,17,16,18,101
5650,17,17,16,18,68
5651,118,32,50,17,217
5652,0,34,16,17,67
5653,34,17,15,19,85
5654,0,33,15,19,67
5655,0,17,15,19,51
5656,0,34,16,16,66
5659,0,16,50,17,83
5661,51,32,18,16,117
5663,17,32,18,16,83
5664,0,32,18,16,66
5666,233,34,18,17,302
5667,16,34,17,15,82
5668,0,34,17,15,66
5669,34,15,50,17,116
5671,98,18,84,17,217
5673,0,17,14,17,48
5674,0,31,85,15,131
5675,17,34,84,17,152
5677,1935,16,16,18,1985
5678,0,32,19,15,66
5679,16,34,18,17,85
5680,34,35,15,17,101
5682,966,34,50,17,1067
5684,32,36,32,15,115
5686,50,18,50,15,133
5687,51,32,18,15,116
5689,18,32,18,15,83
5690,0,32,18,15,65
5691,0,17,18,15,50
5692,18,15,50,18,101
5693,50,33,66,16,165
5695,17,33,66,16,132
5697,50,34,182,19,285
5698,232,35,115,17,399
5700,0,34,182,19,235
5701,0,16,182,19,217
5702,0,34,16,17,67
5703,51,33,50,16,150
5706,33,33,17,16,99
5707,33,17,17,16,83
5708,0,33,17,16,66
5710,33,35,115,17,200
5711,0,16,51,20,87
5712,101,34,50,15,200
5715,0,20,48,16,84
5716,48,16,50,15,129
5717,0,17,18,16,51
5718,34,32,18,15,99
5721,484,33,51,17,585
5723,15,33,17,17,82
5724,33,34,17,16,100
5726,233,34,50,17,334
5727,0,17,17,16,50
5728,0,33,50,18,101
5730,0,35,82,17,134
5731,17,33,49,17,116
5733,18,33,16,17,84
5734,33,33,16,16,98
5736,99,33,118,16,266
5737,49,34,50,17,150
5739,16,34,50,17,117
5741,17,33,118,16,184
5742,0,33,118,16,167
5743,98,18,17,16,149
5744,0,34,49,18,101
5745,485,33,116,17,651
5747,0,16,16,18,50
5748,16,18,17,16,67
5749,0,18,17,16,51
5750,101,31,17,18,167
5751,33,17,17,17,84
5752,0,34,17,17,68
5753,0,17,17,17,51
5754,34,31,17,18,100
5755,17,31,17,18,83
5758,101,35,48,17,201
5759,18,34,115,17,184
5760,0,34,115,17,166
5761,0,18,115,17,150
5762,32,35,48,17,132
5763,17,35,48,17,117
5765,0,19,48,17,84
5766,0,33,149,16,198
5767,17,32,83,18,150
5769,51,34,82,18,185
5770,0,34,49,18,101
5771,17,34,82,18,151
5772,34,33,116,17,200
5773,233,17,18,16,284
5774,0,33,116,17,166
5775,100,17,50,17,184
5776,32,35,82,17,166
5777,16,35,82,17,150
5778,0,35,82,17,134
5779,0,18,82,17,117
5781,51,33,16,17,117
5782,234,32,18,17,301
5783,17,33,16,17,83
5784,0,33,16,17,66
5785,0,17,16,17,50
5786,0,33,18,16,67
5788,0,34,117,15,166
5789,248,34,17,17,316
5790,0,32,85,15,132
5791,17,34,16,18,85
5793,0,16,16,18,50
5794,101,32,18,15,166
5795,235,17,50,15,317
5796,0,32,18,17,67
5797,33,17,18,14,82
5798,0,35,18,14,67
5799,0,17,18,14,49
5803,117,33,17,15,182
5804,102,33,17,15,167
5805,0,16,17,17,50
5806,0,34,17,17,68
5807,51,33,17,15,116
5809,34,16,17,15,82
5813,15,33,69,16,133
5814,33,36,33,16,118
5815,0,15,69,16,100
5816,36,33,48,18,135
5817,0,19,33,16,68
5819,18,31,17,18,84
5820,16,15,17,18,66
5821,0,15,17,18,50
5825,17,34,65,17,133
5826,34,32,18,15,99
5827,18,32,18,15,83
5828,0,32,18,15,65
5832,0,33,18,16,67
5833,0,16,18,16,50
5834,34,34,82,19,169
5835,32,18,82,19,151
5836,34,34,15,17,100
5838,0,34,15,17,66
5840,32,35,15,19,101
5841,52,34,13,19,118
5842,35,34,13,19,101
5844,0,34,13,19,66
5847,0,19,17,16,52
5848,0,33,16,16,65
5849,116,34,15,17,182
5850,0,32,18,17,67
5852,0,35,16,17,68
5853,0,17,16,17,50
5854,33,34,15,17,99
5855,17,34,15,17,83
5856,0,34,15,17,66
5857,18,32,250,17,317
5859,0,17,250,17,284
5860,33,34,17,17,101
5862,0,34,17,17,68
5863,17,34,49,17,117
5864,34,33,50,17,134
5865,17,33,50,17,117
5866,0,33,50,17,100
5867,51,34,82,18,185
5868,0,33,83,17,133
5869,83,34,116,20,253
5870,0,34,82,18,134
5871,17,32,85,15,149
5872,49,17,116,20,202
5873,15,34,116,20,185
5874,17,17,116,20,170
5875,17,34,82,20,153
5876,0,34,82,20,136
5877,18,32,18,17,85
5880,102,32,51,17,202
5881,52,32,148,18,250
5882,35,32,148,18,233
5884,32,32,51,17,132
5885,0,18,148,18,184
5887,118,33,100,16,267
5888,0,34,17,17,68
5890,0,34,15,18,67
5892,399,33,17,15,464
5895,0,18,100,16,134
5896,32,36,32,16,116
5897,0,16,18,18,52
5898,405,30,17,16,468
5899,18,32,49,17,116
5900,0,32,49,17,98
5901,21,32,17,17,87
5902,400,32,19,15,466
5903,384,32,19,15,450
5904,117,18,15,18,168
5906,232,39,13,17,301
5908,0,33,50,18,101
5909,52,33,16,17,118
5910,235,33,15,17,300
5911,18,33,16,17,84
5915,17,33,17,15,82
5916,0,33,17,15,65
5917,33,15,52,17,117
5918,0,32,52,17,101
5919,15,39,13,17,84
5920,502,33,16,17,568
5921,233,18,49,17,317
5922,0,30,17,16,63
5923,17,33,15,17,82
5924,0,33,15,17,65
5925,16,32,19,15,82
5927,17,34,51,15,117
5928,100,34,49,17,200
5930,33,33,50,17,133
5931,50,34,49,17,150
5932,33,34,49,17,133
5934,34,33,183,18,268
5935,0,18,49,17,84
5937,233,18,16,17,284
5939,34,18,49,18,119
5941,0,18,49,18,85
5942,0,32,17,18,67
5943,0,16,17,18,51
5944,35,32,117,16,200
5945,50,34,49,17,150
5946,0,32,117,16,165
5947,16,34,49,17,116
5948,0,34,49,17,100
5949,18,33,16,17,84
5950,99,35,114,18,266
5951,51,33,18,17,119
5953,34,16,18,17,85
5954,33,35,114,18,200
5955,0,16,18,17,51
5956,0,35,114,18,167
5958,0,31,51,17,99
5960,101,35,16,17,169
5962,571,32,83,17,703
5963,17,33,51,17,118
5965,18,35,16,17,86
5966,-99452,0,0,0,-99452
5967,0,18,16,17,51
5970,0,31,19,16,66
5971,-99536,0,0,0,-99536
5972,118,16,51,15,200
5973,99,16,51,15,181
5974,33,33,17,16,99
5975,50,33,51,15,149
5977,18,33,51,15,117
5978,99,33,52,16,200
5979,-99669,0,0,0,-99669
5980,-99685,0,0,0,-99685
5981,0,17,18,15,50
5982,18,15,85,16,134
5983,15,33,52,16,116
5984,33,34,50,18,135
5988,34,34,16,17,101
5990,-99852,0,0,0,-99852
5991,51,34,17,15,117
5992,33,34,17,15,99
5995,34,15,83,17,149
5998,0,33,17,18,68
