序号,发送->接收,接收->转发,转发->接收,接收->处理,总计
2,0,25,16,15,56
3,17,31,118,13,179
4,0,31,118,13,162
5,0,15,118,13,146
7,33,17,18,13,81
8,0,37,18,13,68
9,0,17,18,13,48
11,13,31,87,18,149
12,18,13,87,18,136
13,0,13,87,18,118
14,0,37,50,18,105
16,0,35,49,17,101
17,34,18,53,30,135
20,16,17,98,18,149
21,0,17,98,18,133
22,20,45,18,15,98
23,0,45,18,15,78
24,18,15,18,15,66
25,33,15,18,16,82
26,18,15,18,16,67
27,116,34,17,15,182
30,16,18,48,19,101
31,51,34,17,15,117
33,18,34,17,15,84
35,0,19,17,15,51
36,0,32,52,14,98
39,33,14,17,20,84
40,0,32,17,20,69
41,0,14,17,20,51
42,0,37,30,16,83
43,0,20,30,16,66
44,0,30,0,16,46
45,0,15,0,16,31
46,16,19,68,15,118
47,19,32,18,18,87
48,32,36,65,16,149
49,0,16,18,18,52
50,0,36,65,16,117
52,30,35,16,18,99
53,15,35,16,18,84
55,32,18,49,19,118
56,0,34,49,19,102
57,18,35,79,19,151
58,0,35,79,19,133
59,20,33,14,15,82
61,19,29,36,15,99
64,17,19,68,14,118
66,15,19,14,20,68
67,53,30,101,18,202
68,14,20,14,16,64
70,0,30,101,18,149
71,0,16,101,18,135
73,0,19,52,15,86
74,0,34,18,15,67
75,37,15,0,18,70
76,0,33,0,18,51
77,0,15,0,18,33
78,18,16,34,16,84
80,0,34,0,16,50
81,68,15,0,17,100
83,0,15,19,15,49
86,0,36,47,17,100
87,0,19,47,17,83
89,48,33,136,15,232
90,0,34,33,19,86
91,17,33,136,15,201
92,0,33,136,15,184
94,19,16,0,15,50
95,0,16,0,15,31
97,0,18,32,18,68
100,0,36,49,16,101
101,0,18,49,16,83
102,0,31,18,16,65
103,16,34,35,15,100
106,35,32,17,15,99
107,0,19,64,18,101
108,0,32,17,15,64
109,0,17,17,15,49
110,0,32,169,15,216
111,15,36,0,15,66
112,0,36,0,15,51
115,0,17,133,18,168
117,0,15,101,18,134
118,0,35,34,15,84
119,16,34,0,15,65
120,16,18,0,15,49
121,33,17,0,18,68
123,17,32,0,19,68
127,0,14,0,19,33
128,37,30,0,17,84
129,0,18,30,17,65
130,80,17,0,18,115
131,32,19,0,14,65
132,0,36,0,14,50
133,19,31,0,18,68
135,0,17,0,18,35
136,0,35,32,18,85
137,0,17,32,18,67
138,0,32,50,18,100
140,18,17,98,18,151
141,32,18,17,16,83
142,0,33,17,16,66
143,18,33,66,15,132
144,0,33,66,15,114
146,0,32,0,18,50
151,0,17,100,19,136
152,0,35,0,18,53
153,0,16,0,18,34
154,0,34,133,16,183
156,16,15,0,19,50
157,15,34,19,15,83
158,0,34,19,15,68
159,0,15,19,15,49
161,15,34,65,19,133
162,69,30,35,16,150
163,53,30,35,16,134
164,0,35,0,15,50
165,34,15,35,16,100
166,30,35,32,19,116
167,50,32,0,19,101
169,0,16,32,19,67
170,16,16,0,19,51
171,0,16,0,19,35
172,0,34,67,17,118
173,15,33,0,19,67
175,0,15,0,19,34
176,0,34,68,15,117
177,15,34,34,15,98
181,0,19,0,15,34
182,50,14,35,18,117
183,0,17,32,18,67
185,14,35,68,15,132
186,0,35,68,15,118
189,0,15,0,19,34
190,50,18,0,17,85
191,0,16,0,15,31
192,0,33,0,17,50
193,18,32,0,18,68
194,0,32,0,18,50
196,32,31,120,17,200
198,85,18,198,18,319
199,14,37,83,17,151
201,17,35,198,18,268
203,18,33,15,17,83
204,15,18,15,17,65
205,33,17,0,16,66
206,0,32,0,16,48
207,0,17,0,16,33
208,0,33,35,15,83
209,0,17,35,15,67
210,35,32,99,19,185
211,0,17,0,15,32
212,15,17,99,19,150
214,15,18,49,17,99
216,18,18,264,17,317
220,19,15,18,17,69
221,0,15,18,17,50
223,0,17,66,16,99
224,14,18,34,16,82
225,0,18,34,16,68
226,68,33,99,18,218
228,0,34,15,18,67
229,33,18,99,18,168
231,36,14,17,18,85
232,18,14,17,18,67
234,0,35,15,17,67
235,0,18,15,17,50
237,17,32,17,17,83
239,14,34,0,15,63
241,0,17,0,15,32
242,0,34,19,14,67
243,0,19,19,14,52
245,0,14,100,16,130
246,32,36,15,17,100
247,65,17,0,16,98
249,18,32,0,16,66
251,17,34,32,18,101
254,0,32,36,14,82
255,17,36,14,18,85
256,18,18,14,18,68
257,18,32,0,18,68
258,0,32,0,18,50
260,0,35,116,14,165
263,17,35,64,19,135
264,0,35,64,19,118
265,17,33,101,14,165
267,0,19,101,14,134
269,14,34,18,18,84
270,0,34,18,18,70
271,0,15,18,18,51
272,0,36,98,18,152
274,0,31,50,17,98
277,14,35,50,18,117
278,18,17,50,18,103
280,0,32,18,18,68
281,65,18,0,15,98
282,69,35,15,15,134
283,0,18,83,15,116
284,15,18,0,15,48
285,18,35,15,15,83
289,0,15,18,18,51
290,99,34,0,18,151
293,0,18,17,14,49
294,0,31,19,15,65
295,14,34,0,18,66
296,34,33,66,20,153
297,15,33,66,20,134
298,0,33,66,20,119
299,32,17,19,13,81
301,0,17,19,13,49
302,32,35,84,17,168
303,0,13,68,18,99
306,33,33,18,17,101
309,82,33,53,16,184
310,18,17,15,17,67
311,0,17,15,17,49
312,50,15,53,16,134
313,17,33,53,16,119
314,33,35,49,17,134
315,15,35,49,17,116
318,18,16,15,17,66
319,16,32,51,15,114
320,32,34,65,17,148
321,17,34,65,17,133
322,84,15,17,18,134
324,0,32,18,15,65
325,0,15,18,15,48
326,0,33,17,18,68
327,84,33,81,17,215
328,35,34,17,16,102
329,18,34,17,16,85
331,0,18,17,16,51
333,66,14,84,18,182
334,81,17,50,18,166
335,151,33,16,18,218
337,14,34,50,18,116
339,17,36,14,18,85
343,18,33,16,18,85
344,0,33,16,18,67
345,0,18,16,18,52
346,0,34,82,18,134
347,18,34,66,15,133
348,65,35,49,18,167
350,14,17,35,15,81
351,17,35,49,18,119
354,15,19,48,17,99
355,0,19,48,17,84
358,48,17,17,18,100
360,33,35,83,17,168
362,0,35,83,17,135
365,0,15,0,17,32
366,33,35,51,14,133
367,51,33,18,14,116
369,17,33,18,14,82
372,32,35,17,16,100
373,0,14,18,17,49
374,0,35,17,16,68
375,34,16,19,14,83
376,0,33,19,14,66
377,16,33,16,18,83
378,19,14,16,18,67
381,18,33,0,15,66
382,15,18,0,15,48
385,0,19,117,14,150
386,15,17,52,15,99
390,0,33,18,14,65
393,14,33,35,18,100
394,0,33,35,18,86
397,35,16,14,18,83
398,0,34,14,18,66
401,18,33,52,15,118
402,0,33,52,15,100
403,0,17,52,15,84
404,0,35,17,15,67
405,17,32,83,18,150
406,32,33,18,15,98
407,15,33,18,15,81
409,35,15,50,17,117
410,0,33,50,17,100
412,0,35,32,17,84
413,18,32,50,18,118
415,17,35,66,17,135
416,0,35,66,17,118
417,0,18,66,17,101
418,0,33,15,18,66
419,18,33,0,17,68
420,0,33,0,17,50
421,18,32,0,16,66
422,0,32,0,16,48
424,0,39,28,18,85
425,0,23,28,18,69
427,17,36,48,17,118
429,0,18,48,17,83
430,65,34,48,17,164
431,0,17,34,16,67
433,0,17,16,18,51
434,16,18,48,17,99
435,18,34,14,17,83
437,0,18,14,17,49
438,49,17,65,18,149
439,69,14,68,18,169
442,17,14,68,18,117
444,0,34,18,16,68
445,0,16,18,16,50
446,18,16,18,15,67
447,0,16,18,15,49
448,18,15,51,15,99
450,19,14,18,15,66
451,0,14,18,15,47
453,0,15,19,14,48
456,16,18,19,15,68
457,0,18,19,15,52
460,0,32,88,30,150
461,0,14,88,30,132
462,36,32,20,30,118
463,18,32,20,30,100
464,15,17,20,30,82
467,0,46,17,19,82
468,0,31,17,19,67
469,16,36,0,15,67
470,0,36,0,15,51
471,0,19,0,15,34
472,0,30,0,18,48
473,65,19,0,14,98
474,0,35,0,15,50
475,0,17,0,15,32
476,34,32,0,17,83
477,19,32,0,17,68
478,66,34,14,19,133
479,35,17,67,15,134
480,17,17,67,15,116
482,0,34,14,19,67
483,0,19,14,19,52
484,0,33,15,17,65
485,0,19,15,17,51
486,0,32,68,16,116
488,34,34,0,16,84
490,17,17,0,16,50
492,0,34,16,15,65
493,49,36,14,18,117
494,0,31,50,18,99
495,0,15,50,18,83
497,17,32,0,15,64
499,18,33,99,15,165
500,33,35,49,15,132
502,35,32,32,15,114
503,18,32,32,15,97
504,32,32,0,15,79
506,17,15,0,15,47
508,15,20,18,15,68
509,0,20,18,15,53
511,15,33,34,15,97
514,18,16,33,15,82
515,64,16,0,18,98
516,0,33,67,17,117
517,0,18,67,17,102
518,0,31,0,18,49
519,69,15,35,14,133
523,0,15,35,14,64
524,0,35,31,18,84
525,0,17,31,18,66
526,14,17,0,18,49
527,17,36,64,18,135
528,36,31,102,14,183
529,34,15,102,14,165
531,32,16,0,18,66
532,33,35,0,16,84
533,16,35,0,16,67
534,35,34,33,15,117
536,0,34,33,15,82
538,33,33,34,15,115
539,0,19,0,15,34
541,36,16,66,15,133
542,0,34,66,15,115
544,0,33,0,15,48
545,0,18,0,15,33
546,33,34,32,21,120
548,15,19,32,21,87
552,0,21,79,18,118
553,0,46,0,15,61
554,18,15,0,15,48
555,30,18,0,18,66
556,33,34,67,17,151
558,0,34,67,17,118
559,0,16,67,17,100
560,0,32,35,17,84
563,17,33,32,19,101
565,16,32,0,19,67
566,0,32,0,19,51
567,33,15,18,14,80
568,0,34,18,14,66
569,0,15,18,14,47
570,0,32,35,18,85
571,14,35,152,14,215
574,18,15,119,14,166
575,15,32,51,18,116
576,0,32,51,18,101
577,65,18,18,14,115
578,0,35,52,14,101
579,0,17,52,14,83
581,0,18,18,14,50
582,32,36,31,17,116
583,14,36,31,17,98
584,18,18,31,17,84
587,17,34,16,18,85
588,17,17,16,18,68
589,0,17,16,18,51
590,34,32,50,18,134
591,0,18,82,18,118
594,0,35,15,18,68
595,0,20,15,18,53
596,0,33,81,19,133
597,51,33,50,17,151
598,0,33,16,17,66
599,0,18,16,17,51
600,16,17,50,17,100
601,17,34,117,15,183
603,0,19,117,15,151
604,0,33,34,15,82
605,17,34,50,15,116
606,15,19,50,15,99
607,0,19,50,15,84
608,15,16,69,16,116
609,85,32,16,17,150
610,34,35,48,17,134
612,0,35,48,17,100
613,84,33,18,14,149
614,16,16,16,17,65
615,49,33,18,14,114
616,0,33,65,18,116
619,0,15,18,14,47
620,18,14,0,18,50
622,0,36,15,18,69
624,0,33,67,15,115
626,99,34,114,21,268
627,17,32,15,17,81
628,0,32,15,17,64
630,15,17,0,17,49
631,17,34,114,21,186
632,34,35,15,18,102
633,0,17,114,21,152
636,15,18,0,15,48
638,0,33,64,18,115
639,0,18,64,18,100
640,0,34,0,15,49
641,36,15,35,18,104
642,0,30,35,18,83
643,15,35,0,18,68
645,17,33,18,18,86
646,18,15,18,18,69
647,0,15,18,18,51
649,32,18,15,18,83
650,32,33,66,18,149
653,0,18,66,18,102
655,0,15,17,17,49
656,0,34,18,14,66
658,0,32,18,19,69
660,0,37,0,16,53
661,0,19,0,16,35
662,0,31,18,15,64
666,0,33,18,18,69
667,53,32,18,14,117
668,18,18,14,18,68
669,0,18,14,18,50
672,0,32,18,17,67
674,0,35,50,15,100
676,15,18,48,18,99
677,0,18,48,18,84
678,0,32,16,18,66
679,15,34,53,32,134
680,34,37,16,32,119
684,0,16,15,17,48
686,50,15,134,17,216
687,15,33,134,17,199
688,0,33,134,17,184
690,0,32,36,14,82
691,0,14,36,14,64
692,36,32,83,18,169
693,50,34,49,18,151
694,0,32,83,18,133
695,18,34,49,18,119
698,32,35,0,15,82
699,0,15,35,15,65
700,0,35,0,15,50
701,0,18,0,15,33
702,15,18,132,19,184
703,0,18,132,19,169
705,34,18,18,14,84
707,18,32,84,18,152
708,18,14,84,18,134
709,31,16,51,18,116
710,0,33,51,18,102
714,0,35,0,15,50
717,0,18,0,14,32
718,14,18,135,15,182
719,0,18,135,15,168
720,0,35,0,14,49
721,48,33,18,18,117
722,0,31,18,15,64
723,17,33,18,18,86
724,0,33,18,18,69
725,0,15,18,18,51
726,69,34,32,18,153
728,0,33,17,17,67
729,0,18,17,17,52
730,34,32,0,18,84
731,17,32,0,18,67
732,15,17,0,18,50
734,0,32,100,17,149
735,0,14,100,17,131
737,17,32,33,17,99
738,0,32,33,17,82
739,36,15,103,17,171
741,0,15,103,17,135
742,17,18,0,17,52
743,18,32,0,18,68
744,50,18,82,17,167
745,0,15,0,18,33
746,18,18,82,17,135
747,0,18,82,17,117
748,17,16,0,14,47
749,0,16,0,14,30
751,16,36,0,16,68
753,0,17,0,16,33
754,0,31,19,15,65
755,0,15,19,15,49
757,33,16,0,18,67
758,0,34,0,18,52
759,16,34,15,18,83
760,0,34,15,18,67
761,83,33,0,15,131
762,15,18,15,19,67
764,49,18,0,15,82
766,15,18,0,15,48
768,0,33,51,16,100
769,18,33,18,16,85
770,33,34,0,15,82
771,0,15,18,16,49
772,18,16,0,15,49
774,65,34,117,19,235
776,0,32,103,14,149
777,32,15,117,19,183
778,0,34,117,19,170
779,0,15,117,19,151
780,0,35,34,14,83
783,20,32,16,19,87
784,0,32,16,19,67
785,0,18,16,19,53
786,0,35,15,15,65
787,0,19,15,15,49
788,15,15,18,17,65
789,0,15,18,17,50
790,35,33,65,19,152
791,0,17,0,15,32
793,36,17,0,15,68
794,0,35,0,15,50
795,32,15,0,19,66
796,15,15,0,19,49
797,15,38,98,17,168
798,0,38,98,17,153
800,12,17,0,18,47
801,0,17,0,18,35
803,17,34,32,19,102
804,0,34,32,19,85
805,16,32,0,19,67
806,32,33,0,18,83
808,0,33,0,18,51
809,0,14,0,18,32
810,0,33,0,17,50
812,0,35,32,17,84
814,0,32,0,17,49
816,0,35,65,16,116
817,0,18,65,16,99
818,0,33,32,16,81
819,0,19,32,16,67
820,32,35,65,17,149
822,35,33,0,17,85
823,0,19,65,17,101
825,18,32,0,17,67
826,32,34,0,15,81
827,15,34,0,15,64
828,0,34,0,15,49
830,0,33,49,18,100
831,0,18,49,18,85
832,0,36,13,18,67
833,0,19,13,18,50
836,0,32,35,20,87
837,49,20,45,18,132
839,0,17,20,30,67
840,0,20,45,18,83
843,0,15,0,18,33
844,18,19,16,15,68
845,0,19,16,15,50
847,0,15,0,15,30
848,0,34,18,14,66
850,32,36,0,13,81
851,14,36,0,13,63
852,0,36,0,13,49
854,13,18,0,18,49
855,52,32,84,17,185
858,32,35,0,17,84
859,0,15,84,17,116
860,17,18,0,17,52
861,18,35,14,17,84
862,85,13,68,18,184
863,49,32,68,18,167
864,50,13,68,18,149
866,0,32,68,18,118
867,0,13,68,18,99
868,0,35,66,17,118
870,0,33,99,17,149
871,33,15,0,17,65
872,50,15,34,17,116
873,0,15,0,17,32
875,15,34,0,17,66
876,17,17,0,17,51
877,71,48,14,18,151
879,0,19,18,29,66
881,0,48,14,18,80
883,33,18,32,17,100
885,18,32,0,17,67
887,14,35,0,18,67
888,0,35,0,18,53
889,18,32,0,18,68
891,50,33,0,15,98
893,18,33,0,15,66
894,14,19,0,15,48
897,0,18,0,18,36
898,50,15,34,18,117
902,0,34,0,18,52
903,0,15,0,18,33
904,33,33,102,17,185
905,0,15,0,19,34
906,0,33,102,17,152
908,0,37,31,19,87
913,0,15,0,17,32
914,0,33,34,16,83
915,0,16,34,16,66
916,18,16,32,18,84
917,87,28,32,19,166
921,21,28,32,19,100
922,0,28,32,19,79
923,19,32,33,17,101
925,0,15,33,17,65
926,0,33,0,17,50
927,0,14,0,17,31
928,53,15,0,18,86
929,0,18,0,18,36
930,18,15,0,18,51
931,48,35,0,14,97
932,0,33,133,18,184
935,18,31,17,18,84
936,0,31,17,18,66
939,36,14,0,18,68
940,0,32,0,18,50
942,0,34,32,18,84
944,0,32,102,15,149
945,14,34,0,19,67
946,0,34,0,19,53
948,0,33,35,15,83
949,0,14,35,15,64
950,50,17,34,16,117
951,17,32,34,16,99
954,19,15,65,18,117
955,0,15,65,18,98
956,33,32,37,14,116
957,0,17,32,18,67
958,18,14,37,14,83
960,37,32,35,15,119
962,32,35,34,13,114
963,53,34,98,15,200
964,0,35,34,13,82
965,18,34,98,15,165
966,64,32,69,18,183
967,0,19,98,15,132
968,13,17,201,17,248
969,0,17,201,17,235
970,18,14,69,18,119
971,0,14,69,18,101
973,18,33,33,16,100
974,15,18,33,16,82
978,0,35,13,19,67
980,32,32,32,17,113
983,15,32,0,17,64
984,0,32,0,17,49
986,36,32,19,17,104
989,50,33,0,13,96
990,0,36,83,14,133
991,0,17,83,14,114
992,0,33,0,13,46
993,31,19,50,17,117
994,0,32,50,17,99
995,51,35,16,18,120
996,32,35,16,18,101
999,17,34,14,17,82
1001,49,33,50,17,149
1002,0,31,18,15,64
1003,35,15,50,17,117
1005,15,36,14,17,82
1006,17,19,14,17,67
1007,19,31,152,14,216
1008,0,31,152,14,197
1010,0,38,13,17,68
1012,0,30,15,17,62
1013,17,32,0,18,67
1014,15,17,0,18,50
1015,17,35,17,14,83
1016,18,17,17,14,66
1017,17,31,67,17,132
1018,0,31,67,17,115
1019,0,14,67,17,98
1020,0,33,20,14,67
1022,0,34,17,20,71
1023,14,37,16,15,82
1024,17,20,16,15,68
1025,0,20,16,15,51
1026,49,15,17,17,98
1027,15,33,17,17,82
1028,50,17,35,14,116
1029,32,17,35,14,98
1030,17,17,35,14,83
1031,17,35,14,17,83
1032,35,31,51,17,134
1033,17,31,51,17,116
1034,31,33,50,19,133
1035,0,17,51,17,85
1036,0,33,50,19,102
1037,0,17,50,19,86
1038,35,34,14,18,101
1039,17,34,14,18,83
1040,34,32,50,15,131
1041,19,32,50,15,116
1042,0,32,50,15,97
1043,18,36,169,17,240
1046,14,15,19,16,64
1048,19,16,50,15,100
1049,16,32,18,15,81
1051,47,40,17,29,133
1052,0,33,0,18,51
1053,15,40,17,29,101
1054,0,40,17,29,86
1055,39,45,14,18,116
1056,17,45,14,18,94
1057,0,45,14,18,77
1061,18,33,16,19,86
1062,0,33,16,19,68
1064,0,35,15,19,69
1066,15,19,15,18,67
1068,0,33,0,14,47
1069,32,19,15,19,85
1070,14,19,15,19,67
1071,0,19,15,19,53
1072,15,19,48,18,100
1074,0,31,17,18,66
1075,0,17,17,18,52
1076,0,35,16,18,69
1078,16,18,14,18,66
1079,0,18,14,18,50
1080,14,18,0,16,48
1082,16,18,51,17,102
1083,0,18,51,17,86
1084,32,36,0,15,83
1085,17,36,0,15,68
1086,0,36,0,15,51
1087,17,30,34,18,99
1088,15,15,34,18,82
1090,0,34,18,18,70
1094,0,32,15,18,65
1095,17,33,18,16,84
1096,33,34,0,18,85
1098,52,18,112,17,199
1101,35,45,50,17,147
1102,0,17,14,16,47
1103,30,15,50,17,112
1104,16,15,50,17,98
1105,0,15,50,17,82
1106,35,32,18,17,102
1107,0,17,15,17,49
1108,82,16,35,15,148
1109,17,35,0,15,67
1110,0,35,0,15,50
1113,0,16,35,15,66
1114,0,35,65,19,119
1115,32,18,0,16,66
1116,33,32,34,17,116
1117,34,16,34,17,101
1119,35,15,0,17,67
1120,0,34,0,17,51
1121,0,15,0,17,32
1122,17,18,33,17,85
1123,18,33,0,17,68
1124,0,33,0,17,50
1125,35,15,34,18,102
1126,17,15,34,18,84
1128,0,34,0,18,52
1129,0,17,0,18,35
1130,33,34,18,14,99
1133,34,14,0,18,66
1134,18,14,0,18,50
1135,66,17,0,14,97
1137,0,15,19,17,51
1139,17,31,19,16,83
1140,0,31,19,16,66
1142,19,16,33,18,86
1143,0,16,33,18,67
1144,0,33,0,18,51
1145,0,17,0,18,35
1146,0,33,0,16,49
1147,0,15,0,16,31
1154,0,36,31,16,83
1157,14,34,99,18,165
1158,0,34,99,18,151
1159,35,15,35,17,102
1160,67,32,18,17,134
1161,33,17,32,18,100
1164,0,32,18,17,67
1168,0,35,0,14,49
1171,50,32,0,18,100
1173,0,15,101,17,133
1176,0,35,0,15,50
1177,17,34,0,17,68
1178,0,34,0,17,51
1179,36,15,0,18,69
1180,17,15,0,18,50
1182,18,17,17,14,66
1183,17,31,67,19,134
1185,0,14,67,19,100
1187,0,17,64,18,99
1189,68,17,102,15,202
1191,0,14,137,15,166
1192,18,17,102,15,152
1193,0,17,102,15,134
1195,15,35,36,15,101
1196,0,35,36,15,86
1197,0,16,36,15,67
1198,51,18,63,18,150
1199,19,33,63,18,133
1201,18,30,0,19,67
1202,15,15,0,19,49
1203,0,15,0,19,34
1204,33,33,136,18,220
1205,0,14,0,18,32
1206,18,15,136,18,187
1208,20,15,0,18,53
1209,33,15,68,18,134
1210,33,34,52,14,133
1211,32,17,52,14,115
1213,17,34,18,14,83
1216,0,32,17,18,67
1217,0,14,17,18,49
1218,0,35,65,19,119
1219,33,18,32,19,102
1220,0,33,32,19,84
1221,50,32,68,18,168
1223,17,32,68,18,135
1224,0,32,68,18,118
1225,13,34,0,18,65
1226,0,34,0,18,52
1228,0,34,0,18,52
1229,0,16,0,18,34
1230,0,33,17,18,68
1231,0,15,17,18,50
1232,17,18,82,19,136
1233,18,33,0,18,69
1235,18,32,17,19,86
1236,32,36,14,18,100
1239,19,32,51,14,116
1240,0,32,51,14,97
1242,19,14,18,14,65
1243,0,14,18,14,46
1244,0,32,169,15,216
1245,14,34,83,17,148
1246,0,34,83,17,134
1247,0,15,83,17,115
1249,15,34,16,17,82
1250,67,35,15,18,135
1251,0,16,16,17,49
1252,0,33,50,18,101
1253,0,17,50,18,85
1257,69,14,17,19,119
1258,0,32,19,14,65
1259,17,33,17,19,86
1260,0,33,17,19,69
1263,19,33,49,15,116
1264,33,32,17,15,97
1265,18,32,17,15,82
1266,32,32,16,19,99
1267,17,32,16,19,84
1268,17,15,16,19,67
1269,15,35,15,19,84
1270,0,35,15,19,69
1273,19,33,66,18,136
1274,33,33,17,16,99
1277,0,18,17,16,51
1278,17,16,32,19,84
1281,48,33,0,17,98
1283,0,15,0,18,33
1284,0,33,0,17,50
1285,0,15,0,17,32
1286,51,18,0,14,83
1287,0,16,18,18,52
1288,18,18,0,14,50
1289,32,20,0,15,67
1293,0,15,35,15,65
1297,0,18,18,14,50
1298,18,14,18,16,66
1299,32,16,0,18,66
1300,0,34,0,18,52
1301,0,16,0,18,34
1302,50,16,18,15,99
1303,0,15,17,16,48
1304,33,33,18,17,101
1306,0,33,18,17,68
1307,15,35,0,16,66
1309,17,33,18,15,83
1310,0,33,18,15,66
1311,17,33,18,15,83
1316,0,33,102,15,150
1317,0,15,102,15,132
1318,34,34,66,16,150
1319,18,34,66,16,134
1322,0,34,15,17,66
1323,51,34,16,17,118
1325,0,17,16,18,51
1327,18,33,0,15,66
1328,0,33,0,15,48
1330,0,34,18,14,66
1331,0,19,18,14,51
1332,18,14,51,18,101
1335,0,15,18,18,51
1336,0,36,198,15,249
1337,33,15,34,19,101
1338,30,34,0,19,83
1339,15,34,0,19,68
1340,0,34,0,19,53
1341,15,34,135,16,200
1343,0,15,135,16,166
1344,0,35,16,16,67
1346,0,32,33,15,80
1347,16,33,102,16,167
1348,0,33,102,16,151
1349,15,35,67,16,133
1350,51,16,0,16,83
1352,32,35,64,16,147
1354,16,19,64,16,115
1355,0,19,64,16,99
1356,0,31,134,16,181
1357,15,33,101,16,165
1359,15,36,65,16,132
1360,16,20,65,16,117
1361,0,20,65,16,101
1362,65,33,16,19,133
1364,0,33,16,17,66
1366,0,33,16,19,68
1367,0,17,16,19,52
1368,16,19,48,18,101
1369,85,32,69,14,200
1371,33,18,50,17,118
1373,18,32,69,14,133
1374,0,32,69,14,115
1375,0,17,69,14,100
1376,0,35,15,19,69
1378,0,34,50,15,99
1379,0,19,50,15,84
1380,65,32,19,15,131
1381,36,15,83,21,155
1382,0,31,83,21,135
1384,32,34,17,21,104
1385,0,14,19,15,48
1386,0,34,17,21,72
1388,55,45,18,18,136
1389,0,21,17,30,68
1391,0,45,18,18,81
1392,18,15,18,18,69
1393,15,36,32,18,101
1394,0,36,32,18,86
1395,18,32,0,18,68
1396,32,32,102,15,181
1397,0,18,0,18,36
1398,0,32,102,15,149
1399,0,14,102,15,131
1400,34,32,69,15,150
1402,18,14,69,15,116
1403,0,14,69,15,98
1405,17,33,0,15,65
1407,51,33,49,18,151
1408,15,18,100,17,150
1409,0,18,100,17,135
1410,48,19,82,18,167
1411,16,34,82,18,150
1412,15,19,82,18,134
1413,0,19,82,18,119
1414,33,32,17,18,100
1415,18,32,17,18,85
1416,0,32,17,18,67
1418,35,33,84,14,166
1419,33,18,84,14,149
1421,67,17,18,14,116
1422,0,32,185,17,234
1423,14,34,18,14,80
1424,66,36,100,15,217
1428,0,36,100,15,151
1429,18,32,0,18,68
1430,65,35,15,17,132
1431,0,17,0,18,35
1432,18,15,18,17,68
1433,0,15,18,17,50
1434,0,35,15,17,67
1436,32,32,33,20,117
1438,0,32,33,20,85
1440,0,33,35,17,85
1441,14,35,0,17,66
1442,20,15,0,17,52
1443,15,34,0,16,65
1444,0,34,0,16,50
1446,34,31,37,15,117
1447,18,31,37,15,101
1448,0,31,37,15,83
1449,14,37,0,15,66
1451,35,15,0,18,68
1453,0,15,0,18,33
1454,0,33,35,15,83
1455,0,15,35,15,65
1456,0,35,83,17,135
1457,17,32,51,17,117
1460,18,18,15,17,68
1461,18,32,16,17,83
1462,15,17,16,17,65
1464,49,18,18,15,100
1465,69,15,84,15,183
1469,0,15,84,15,114
1471,0,15,17,17,49
1475,33,17,83,17,150
1477,33,15,134,16,198
1478,16,15,134,16,181
1480,0,35,17,17,69
1481,34,17,0,15,66
1482,0,34,0,15,49
1483,17,34,31,16,98
1484,114,18,17,17,166
1487,17,35,14,18,84
1488,16,19,14,18,67
1489,0,19,14,18,51
1490,14,18,17,17,66
1491,67,18,35,15,135
1492,34,33,35,15,117
1493,0,17,50,18,85
1494,0,33,35,15,83
1495,53,34,0,15,102
1496,17,18,15,19,69
1497,18,34,0,15,67
1499,0,19,0,15,34
1500,15,16,18,13,62
1501,0,16,18,13,47
1502,31,35,0,18,84
1503,13,35,0,18,66
1505,15,32,85,16,148
1507,31,18,0,17,66
1508,35,32,18,16,101
1509,35,15,18,16,84
1512,18,16,0,18,52
1513,16,33,102,16,167
1514,0,33,102,16,151
1515,0,15,102,16,133
1516,67,35,0,16,118
1518,18,14,86,15,133
1520,35,33,33,16,117
1521,18,33,33,16,100
1523,0,17,33,16,66
1524,0,33,0,16,49
1525,0,15,0,16,31
1526,0,33,0,18,51
1528,18,15,17,17,67
1529,49,32,19,15,115
1531,17,32,19,15,83
1533,0,17,19,15,51
1534,0,34,0,19,53
1535,15,35,36,29,115
1536,0,35,36,29,100
1538,15,21,0,29,65
1540,29,33,0,18,80
1542,16,17,0,18,51
1543,17,33,68,15,133
1544,0,33,68,15,116
1545,0,15,68,15,98
1546,0,35,84,17,136
1548,33,33,83,17,166
1549,18,33,83,17,151
1550,0,33,83,17,133
1552,0,35,0,15,50
1553,17,30,136,16,199
1554,15,15,136,16,182
1556,0,35,50,16,101
1557,17,33,17,16,83
1558,0,33,17,16,66
1560,33,35,33,16,117
1561,16,35,33,16,100
1563,19,33,0,16,68
1564,0,33,0,16,49
1565,33,18,33,17,101
1566,0,34,33,17,84
1568,15,18,17,15,65
1569,0,18,17,15,50
1570,0,32,18,15,65
1571,33,15,67,16,131
1572,0,33,67,16,116
1573,15,35,32,16,98
1576,14,18,0,16,48
1579,18,32,0,17,67
1582,17,18,32,18,85
1583,0,18,32,18,68
1585,52,34,33,17,136
1586,69,19,64,14,166
1590,19,46,85,15,165
1591,98,14,19,15,146
1592,0,32,85,15,132
1593,0,15,85,15,115
1596,20,14,19,15,68
1597,14,34,68,15,131
1600,34,34,0,15,83
1601,16,34,0,15,65
1603,0,17,0,15,32
1604,15,17,35,15,82
1606,18,17,15,18,68
1607,0,17,15,18,50
1608,0,33,0,14,47
1609,50,34,99,17,200
1611,0,18,34,17,69
1613,0,17,99,17,133
1615,0,16,17,17,50
1616,0,34,83,15,132
1617,17,32,84,17,150
1618,0,32,84,17,133
1619,0,15,84,17,116
1621,34,15,86,14,149
1623,15,35,0,16,66
1624,0,35,0,16,51
1625,0,17,0,16,33
1626,51,14,68,16,149
1629,0,14,68,16,98
1630,33,35,50,18,136
1632,0,35,50,18,103
1633,0,18,50,18,86
1634,0,32,85,20,137
1635,0,16,85,20,121
1636,0,36,15,18,69
1637,18,33,16,20,87
1639,0,18,16,20,54
1640,0,36,12,18,66
1641,0,20,12,18,50
1642,30,33,0,18,81
1643,33,18,0,18,69
1644,15,18,0,18,51
1645,36,15,34,15,100
1647,0,15,34,15,64
1648,19,15,49,19,102
1649,15,34,15,19,83
1653,0,19,116,17,152
1654,0,31,19,15,65
1655,34,15,0,16,65
1657,0,15,0,16,31
1658,16,16,36,13,81
1659,0,16,36,13,65
1660,0,36,0,13,49
1661,0,17,0,13,30
1662,0,32,15,18,65
1664,49,19,114,18,200
1665,18,35,114,18,185
1667,34,16,0,19,69
1668,15,16,0,19,50
1669,0,16,0,19,35
1670,0,34,67,18,119
1672,0,34,15,18,67
1674,0,33,0,18,51
1675,68,17,15,18,118
1677,15,34,15,18,82
1678,17,17,15,18,67
1679,0,17,15,18,50
1681,0,18,0,16,34
1683,18,32,68,15,133
1684,0,32,68,15,115
1685,36,14,18,17,85
1686,33,35,50,15,133
1689,32,18,32,18,100
1690,0,33,32,18,83
1692,0,32,185,17,234
1695,0,16,101,15,132
1696,0,35,33,15,83
1697,0,18,33,15,66
1698,0,33,0,15,48
1700,0,33,15,17,65
1701,0,18,15,17,50
1702,0,32,50,18,100
1703,0,17,50,18,85
1704,18,17,15,18,68
1705,0,17,15,18,50
1707,18,33,16,17,84
1708,0,33,16,17,66
1709,0,17,16,17,50
1710,0,33,15,18,66
1711,32,18,67,16,133
1712,0,33,67,16,116
1713,0,18,67,16,101
1714,0,33,17,17,67
1715,0,15,17,17,49
1716,0,34,34,17,85
1717,17,34,198,19,268
1718,0,34,198,19,251
1719,18,32,18,14,82
1720,0,32,18,14,64
1721,0,15,18,14,47
1722,67,34,0,15,116
1724,35,34,0,15,84
1726,0,34,0,15,49
1727,51,32,102,15,200
1728,0,33,0,15,48
1731,0,17,102,15,134
1732,19,14,52,17,102
1734,33,36,0,15,84
1737,32,19,48,18,117
1738,0,34,48,18,100
1739,0,19,48,18,85
1740,0,32,48,19,99
1741,0,17,48,19,84
1742,67,33,82,18,200
1743,0,18,14,19,51
1745,32,20,82,18,152
1746,0,33,82,18,133
1747,20,33,82,18,153
1748,51,17,65,17,150
1749,0,17,82,18,117
1751,17,32,15,18,82
1753,18,33,0,17,68
1754,0,33,0,17,50
1755,18,32,0,19,69
1756,0,32,0,19,51
1757,0,15,0,19,34
1758,0,34,0,18,52
1759,47,35,200,17,299
1760,0,32,0,18,50
1763,33,19,0,15,67
1764,16,19,0,15,50
1765,19,33,15,17,84
1766,33,32,18,14,97
1767,18,32,18,14,82
1768,0,32,18,14,64
1769,17,32,51,17,117
1770,18,14,51,17,100
1772,18,19,14,17,68
1774,31,32,50,17,130
1775,17,32,50,17,116
1777,0,15,50,17,82
1778,36,31,0,19,86
1779,0,18,31,19,68
1781,0,17,0,19,36
1782,19,17,47,17,100
1783,0,17,47,17,81
1785,19,31,134,18,202
1786,0,31,134,18,183
1787,17,33,200,20,270
1789,14,34,0,19,67
1791,17,33,18,16,84
1793,0,14,18,16,48
1794,18,16,119,14,167
1795,16,36,16,17,85
1797,0,18,16,17,51
1798,16,17,15,15,63
1799,17,30,52,17,116
1800,0,30,52,17,99
1801,15,34,51,19,119
1802,20,14,51,19,104
1803,0,14,51,19,84
1806,50,14,18,18,100
1807,48,36,15,17,116
1808,15,14,18,18,65
1810,0,36,15,17,68
1811,101,18,47,18,184
1812,0,32,18,17,67
1813,0,17,18,17,52
1814,18,17,49,18,102
1817,0,18,47,18,83
1818,0,33,14,18,65
1819,18,32,0,15,65
1823,18,35,0,17,70
1825,17,32,18,14,81
1826,0,32,18,14,64
1828,0,32,19,15,66
1829,0,14,19,15,48
1830,19,15,17,19,70
1832,0,36,215,15,266
1833,51,33,18,15,117
1834,32,33,18,15,98
1835,17,33,18,15,83
1838,0,33,51,15,99
1839,0,15,51,15,81
1840,0,35,16,15,66
1842,0,31,51,15,97
1843,15,33,69,15,132
1844,17,16,69,15,117
1847,15,36,35,14,100
1848,0,36,35,14,85
1850,49,15,19,15,98
1851,0,20,0,14,34
1852,0,29,19,15,63
1854,0,34,35,17,86
1855,15,35,17,15,82
1856,17,18,17,15,67
1857,0,18,17,15,50
1858,17,15,51,16,99
1859,15,33,34,16,98
1860,33,34,52,14,133
1861,0,15,34,16,65
1862,0,34,52,14,100
1863,16,35,49,16,116
1864,0,35,49,16,100
1865,68,16,35,14,133
1866,0,31,51,18,100
1867,0,14,51,18,83
1868,0,34,35,14,83
1869,0,16,35,14,65
1870,0,35,0,14,49
1872,32,32,84,18,166
1873,18,32,84,18,152
1875,0,14,84,18,116
1876,149,18,0,18,185
1878,16,14,36,15,81
1879,32,18,0,15,65
1880,18,18,0,15,51
1881,0,18,0,15,33
1882,0,33,14,18,65
1883,0,18,14,18,50
1884,32,34,18,17,101
1885,0,18,0,18,36
1886,34,35,0,14,83
1887,0,16,18,17,51
1888,18,17,0,14,49
1889,0,17,0,14,31
1890,33,33,0,15,81
1891,0,19,33,15,67
1892,0,33,0,15,48
1893,18,33,16,18,85
1894,0,33,16,18,67
1895,0,18,16,18,52
1896,16,18,33,16,83
1897,0,18,33,16,67
1899,0,18,0,16,34
1900,16,18,49,17,100
1901,0,18,49,17,84
1902,0,32,68,17,117
1904,0,34,0,15,49
1905,0,17,0,15,32
1906,0,34,31,17,82
1907,50,32,0,18,100
1908,0,31,0,17,48
1909,31,15,0,18,64
1911,15,36,99,18,168
1912,0,36,99,18,153
1913,18,33,17,17,85
1914,0,33,17,17,67
1915,0,15,17,17,49
1917,0,17,83,18,118
1918,0,32,69,15,116
1919,0,18,69,15,102
1923,18,32,65,17,132
1924,15,17,65,17,114
1926,33,32,201,17,283
1927,0,15,18,14,47
1928,0,32,201,17,250
1930,17,18,17,15,67
1932,17,15,52,15,99
1933,0,15,52,15,82
1934,18,16,18,15,67
1936,33,36,14,17,100
1938,0,36,14,17,67
1940,31,35,33,15,114
1944,33,31,18,18,100
1945,67,18,0,18,103
1946,15,16,18,18,67
1948,18,18,0,18,54
1949,84,33,18,16,151
1951,0,18,30,14,62
1955,0,19,18,16,53
1957,63,19,0,15,97
1958,0,32,34,15,81
1959,31,19,0,15,65
1960,15,19,0,15,49
1961,0,19,0,15,34
1962,0,34,0,15,49
1964,0,34,15,18,67
1965,0,19,15,18,52
1967,51,34,0,16,101
1969,0,18,34,16,68
1970,16,18,0,16,50
1971,18,32,66,18,134
1972,0,32,66,18,116
1974,0,34,0,14,48
1975,17,32,67,18,134
1976,0,32,67,18,117
1978,32,35,35,13,115
1980,0,35,35,13,83
1981,34,17,132,15,198
1982,0,35,132,15,182
1985,0,20,0,14,34
1986,14,19,0,16,49
1987,19,31,0,16,66
1988,0,31,0,16,47
1989,31,19,66,16,132
1990,0,35,66,16,117
1991,0,19,66,16,101
1992,66,35,34,14,149
1993,0,18,33,16,67
1994,49,19,34,14,116
1997,53,33,13,21,120
1999,19,33,13,21,86
2000,33,34,82,15,164
2001,0,19,13,21,53
2002,65,32,34,16,147
2003,21,31,17,15,84
2004,16,15,17,15,63
2005,0,15,17,15,47
2006,0,32,34,16,82
2007,15,34,35,15,99
2008,34,35,34,15,118
2009,50,34,0,15,99
2010,0,35,34,15,84
2011,0,19,34,15,68
2013,0,19,0,15,34
2014,0,30,53,17,100
2015,0,15,53,17,85
2016,18,20,15,17,70
2018,15,17,0,14,46
2025,50,31,18,18,117
2026,0,36,67,14,117
2027,0,17,67,14,98
2028,0,31,18,18,67
2029,34,18,33,17,102
2030,0,36,33,17,86
2031,0,18,33,17,68
2033,0,19,50,14,83
2034,0,32,50,17,99
2035,0,15,50,17,82
2036,18,14,18,17,67
2037,14,35,15,18,82
2039,32,18,50,18,118
2040,0,33,50,18,101
2043,18,35,17,15,85
2045,50,21,61,19,151
2046,32,21,61,19,133
2047,66,16,15,19,116
2049,0,46,15,19,80
2050,19,16,15,19,69
2052,34,32,16,19,101
2053,35,16,16,19,86
2054,16,16,16,19,67
2055,0,16,16,19,51
2056,35,34,16,16,101
2058,0,34,16,16,66
2059,0,19,16,16,51
2060,0,32,32,16,80
2061,33,15,101,15,164
2062,17,15,101,15,148
2063,0,15,101,15,131
2064,0,36,15,16,67
2067,0,16,116,17,149
2068,34,33,0,18,85
2069,0,19,15,18,52
2070,33,32,17,17,99
2071,0,18,0,18,36
2072,0,32,17,17,66
2073,0,14,17,17,48
2074,51,17,66,15,149
2075,34,17,66,15,132
2078,32,34,0,15,81
2080,49,19,0,19,87
2081,0,17,0,15,32
2082,0,34,0,19,53
2083,53,32,0,18,103
2084,0,34,0,18,52
2085,15,32,0,18,65
2086,0,32,0,18,50
2087,81,33,0,19,133
2088,0,33,0,17,50
2090,17,17,68,16,118
2092,0,33,0,19,52
2093,16,35,32,17,100
2094,0,35,32,17,84
2095,0,16,32,17,65
2096,0,32,68,15,115
2097,0,16,68,15,99
2098,0,34,34,15,83
2100,34,33,0,15,82
2102,0,33,0,15,48
2103,0,18,0,15,33
2104,15,19,17,14,65
2105,0,19,17,14,50
2106,0,31,0,19,50
2107,14,34,17,18,83
2108,69,32,19,13,133
2111,0,18,15,17,50
2112,0,32,19,13,64
2113,17,32,120,14,183
2114,19,13,120,14,166
2115,0,13,120,14,147
2116,0,36,14,18,68
2117,0,17,14,18,49
2119,52,32,17,18,119
2121,16,32,17,18,83
2122,32,35,14,20,101
2123,31,18,14,20,83
2124,35,34,15,18,102
2125,0,18,14,20,52
2127,0,20,15,18,53
2128,33,33,14,19,99
2130,0,33,14,19,66
2131,0,18,14,19,51
2132,14,19,15,18,66
2133,0,19,15,18,52
2134,0,33,0,19,52
2135,18,34,34,15,101
2137,0,15,34,15,64
2138,16,18,32,15,81
2139,65,18,18,14,115
2140,47,18,18,14,97
2141,32,18,18,14,82
2144,0,32,50,20,102
2145,0,14,50,20,84
2146,0,35,66,16,117
2148,35,31,0,16,82
2149,36,15,0,16,67
2151,0,15,0,16,31
2152,0,35,31,18,84
2154,0,31,18,17,66
2155,16,35,0,15,66
2156,18,17,0,15,50
2157,0,17,0,15,32
2160,31,34,0,18,83
2161,0,16,34,18,68
2162,0,34,0,18,52
2163,0,15,0,18,33
2164,18,17,33,14,82
2165,0,17,33,14,64
2166,0,33,0,14,47
2167,0,18,0,14,32
2169,86,31,33,18,168
2170,16,17,34,14,81
2171,82,33,0,18,133
2172,34,31,33,18,116
2173,16,31,33,18,98
2176,19,14,0,18,51
2177,0,14,0,18,32
2178,151,17,32,19,219
2179,0,17,18,18,53
2180,0,36,14,18,68
2181,18,32,0,15,65
2182,0,32,0,15,47
2183,0,18,0,15,33
2184,0,33,0,15,48
2185,33,17,32,19,101
2186,0,32,32,19,83
2187,0,17,32,19,68
2188,0,32,36,14,82
2190,19,17,116,18,170
2191,66,16,0,18,100
2192,31,34,0,18,83
2193,0,17,103,14,134
2194,34,36,80,18,168
2195,16,36,80,18,150
2197,0,18,80,18,116
2198,15,18,0,14,47
2199,32,16,35,16,99
2200,0,30,35,16,81
2202,0,35,0,16,51
2203,18,35,0,15,68
2204,16,19,0,15,50
2205,34,15,0,19,68
2206,0,30,0,19,49
2207,0,15,0,19,34
2208,0,37,0,15,52
2209,18,33,48,17,116
2211,0,18,48,17,83
2212,65,32,67,17,181
2213,0,14,35,18,67
2215,17,32,67,17,133
2216,18,14,67,17,116
2217,0,14,67,17,98
2220,18,14,0,17,49
2221,14,33,17,17,81
2222,0,33,17,17,67
2224,17,17,51,17,102
2225,0,17,51,17,85
2226,0,33,67,18,118
2227,14,35,15,17,81
2228,35,32,18,16,101
2230,0,32,18,16,66
2231,0,17,18,16,51
2232,0,34,187,29,250
2233,0,16,187,29,232
2234,34,34,14,18,100
2235,35,17,14,18,84
2237,17,32,17,17,83
2238,0,32,17,17,66
2239,84,21,12,17,134
2240,34,32,21,29,116
2242,15,17,21,29,82
2243,0,17,21,29,67
2248,0,35,34,16,85
2249,52,31,50,18,151
2250,0,34,0,16,50
2251,0,19,0,16,35
2252,16,15,50,18,99
2253,0,15,50,18,83
2254,19,15,16,18,68
2256,34,34,0,16,84
2257,0,18,16,18,52
2259,18,31,0,19,68
2260,0,31,0,19,50
2261,0,15,0,19,34
2262,134,34,51,15,234
2268,33,34,51,15,133
2269,82,33,135,15,265
2271,0,15,51,15,81
2272,0,33,18,15,66
2273,0,17,18,15,50
2274,0,33,135,15,183
2275,0,15,135,15,165
2276,0,33,68,16,117
2277,0,14,68,16,98
2278,34,34,34,15,117
2279,17,34,34,15,100
2280,0,34,34,15,83
2281,51,32,0,18,101
2284,32,33,134,17,216
2287,66,17,0,15,98
2288,0,33,69,16,118
2289,0,16,69,16,101
2290,18,17,0,15,50
2291,17,34,0,16,67
2292,0,34,0,16,50
2293,0,19,0,16,35
2294,16,16,101,15,148
2295,0,16,101,15,132
2296,0,34,0,15,49
2297,0,17,0,15,32
2298,0,33,0,17,50
2299,0,18,0,17,35
2300,0,34,100,16,150
2301,0,17,100,16,133
2302,33,34,0,15,82
2303,33,19,0,15,67
2308,0,31,0,19,50
2310,68,33,0,18,119
2311,66,16,0,18,100
2312,0,33,0,17,50
2313,0,15,0,17,32
2314,17,16,0,18,51
2315,0,16,0,18,34
2316,0,36,13,17,66
2317,0,18,13,17,48
2318,13,17,0,19,49
2319,0,17,0,19,36
2322,0,32,0,19,51
2323,0,14,0,19,33
2326,17,17,35,14,83
2327,0,17,35,14,66
2328,0,35,0,14,49
2329,31,18,33,17,99
2330,14,18,33,17,82
2331,18,33,0,17,68
2332,50,19,66,15,150
2333,0,17,0,17,34
2334,0,36,66,15,117
2335,19,32,17,17,85
2336,0,32,17,17,66
2339,0,17,31,17,65
2340,0,31,17,18,66
2341,33,18,15,15,81
2342,17,18,15,15,65
2343,84,33,16,17,150
2344,0,30,18,18,66
2346,0,36,16,17,69
2347,0,18,16,17,51
2348,49,17,0,17,83
2349,0,17,16,17,50
2352,0,35,0,15,50
2353,0,18,0,15,33
2354,15,15,0,19,49
2355,0,15,0,19,34
2356,19,18,114,19,170
2357,0,18,114,19,151
2358,65,34,34,15,148
2360,15,17,68,15,115
2363,18,34,67,14,133
2364,0,34,67,14,115
2365,34,16,17,19,86
2366,0,31,17,19,67
2367,0,16,17,19,52
2372,34,32,0,18,84
2373,0,19,32,18,69
2374,0,32,0,18,50
2375,17,34,67,18,136
2376,0,34,67,18,119
2377,33,18,231,18,300
2378,0,35,231,18,284
2379,18,32,33,16,99
2380,32,33,0,16,81
2381,17,33,0,16,66
2382,0,33,0,16,49
2384,67,33,17,17,134
2385,0,18,0,15,33
2387,0,18,0,15,33
2388,15,18,17,17,67
2390,0,34,0,15,49
2391,17,32,0,18,67
2392,32,33,16,17,98
2394,0,33,16,17,66
2395,0,15,16,17,48
2396,0,33,36,15,84
2397,0,17,36,15,68
2398,0,36,33,15,84
2399,0,18,33,15,66
2400,0,33,33,18,84
2401,18,33,0,18,69
2404,0,32,0,18,50
2405,32,16,168,14,230
2407,0,16,168,14,198
2408,32,34,102,14,182
2411,0,17,102,14,133
2412,0,34,18,15,67
2413,66,18,0,14,98
2414,33,35,0,14,82
2415,32,18,0,14,64
2417,50,32,218,18,318
2418,0,32,18,14,64
2419,18,32,218,18,286
2420,32,33,0,18,83
2421,0,14,218,18,250
2422,0,33,0,18,51
2423,0,14,0,18,32
2424,18,15,20,15,68
2425,0,15,20,15,50
2427,15,32,85,18,150
2428,16,16,85,18,135
2429,35,16,150,17,218
2430,51,17,51,17,136
2431,16,33,51,17,117
2432,16,17,51,17,101
2433,0,17,51,17,85
2434,0,35,183,21,239
2435,18,33,0,15,66
2436,0,33,0,15,48
2437,17,32,34,18,101
2438,32,34,18,15,99
2439,17,34,18,15,84
2440,0,34,18,15,67
2441,83,39,61,17,200
2443,48,39,61,17,165
2444,33,39,61,17,150
2445,16,39,61,17,133
2446,39,28,15,18,100
2447,0,21,61,17,99
2448,28,33,50,19,130
2449,48,33,17,19,117
2450,0,33,50,19,102
2451,18,33,17,19,87
2453,0,16,17,19,52
2454,17,19,0,16,52
2456,0,32,16,16,64
2457,0,16,16,16,48
2458,16,16,0,16,48
2459,0,16,0,16,32
2462,0,31,35,18,84
2463,15,35,49,16,115
2464,0,35,49,16,100
2465,0,18,49,16,83
2466,0,34,31,19,84
2468,15,16,68,15,114
2469,0,16,68,15,99
2471,15,34,101,15,165
2475,51,35,34,15,135
2476,0,33,18,17,68
2479,0,17,34,15,66
2481,0,19,15,18,52
2482,15,18,0,15,48
2483,0,18,0,15,33
2484,0,31,34,16,81
2485,16,34,33,18,101
2486,34,33,33,17,117
2487,18,33,33,17,101
2488,33,33,68,15,149
2489,50,33,0,17,100
2490,0,33,68,15,116
2492,33,35,0,15,83
2493,0,16,0,17,33
2494,69,32,0,17,118
2495,0,18,0,15,33
2496,0,34,166,15,215
2497,19,32,0,17,68
2498,0,32,0,17,49
2499,17,32,0,17,66
2500,134,34,0,17,185
2501,32,18,34,15,99
2502,17,18,34,15,84
2503,0,18,34,15,67
2504,0,34,0,15,49
2506,33,34,0,17,84
2508,0,34,0,17,51
2509,0,19,0,17,36
2510,0,32,18,14,64
2511,82,33,33,17,165
2512,0,32,68,19,119
2513,0,14,68,19,101
2516,16,17,33,17,83
2518,0,33,17,19,69
2520,0,36,66,14,116
2521,0,19,66,14,99
2522,31,35,32,16,114
2523,18,35,32,16,101
2524,35,32,83,18,168
2525,0,17,32,16,65
2526,14,18,83,18,133
2527,18,33,0,16,67
2529,85,34,0,15,134
2530,34,34,17,17,102
2533,52,31,0,18,101
2534,17,17,0,15,49
2535,0,17,0,15,32
2536,0,31,0,18,49
2537,0,16,0,18,34
2538,0,35,14,17,66
2539,64,18,0,17,99
2541,0,17,34,17,68
2542,16,18,0,17,51
2543,18,35,100,14,167
2544,0,35,100,14,149
2545,0,18,100,14,132
2548,0,33,17,18,68
2550,0,35,34,16,85
2552,0,34,16,15,65
2553,51,33,19,17,120
2554,0,31,69,16,116
2556,33,36,16,16,101
2557,15,36,16,16,83
2559,0,17,16,16,49
2561,0,16,67,17,100
2562,67,31,67,19,184
2563,0,16,0,19,35
2564,0,35,31,18,84
2566,0,31,67,19,117
2567,0,14,67,19,100
2568,0,36,131,17,184
2569,35,14,33,18,100
2570,0,31,33,18,82
2573,14,33,0,19,66
2574,52,15,0,17,84
2575,0,15,0,19,34
2577,0,15,0,17,32
2578,101,33,17,18,169
2580,0,34,32,18,84
2581,0,17,32,18,67
2582,0,32,0,18,50
2583,0,15,0,18,33
2584,18,15,17,18,68
2586,0,35,0,15,50
2587,84,34,15,17,150
2588,33,33,49,17,132
2589,34,17,49,17,117
2590,0,33,49,17,99
2591,17,34,15,17,83
2592,0,34,15,17,66
2593,17,32,51,15,115
2594,0,32,51,15,98
2595,17,32,52,17,118
2596,18,14,52,17,101
2597,14,34,18,17,83
2598,0,34,18,17,69
2599,33,17,0,14,64
2600,0,35,0,14,49
2601,17,32,17,18,84
2602,49,18,49,17,133
2603,0,18,17,18,53
2604,17,18,49,17,101
2606,17,18,14,17,66
2608,14,17,16,18,65
2609,17,34,0,16,67
2611,34,18,48,17,117
2612,0,34,48,17,99
2613,0,18,48,17,83
2614,0,30,67,17,114
2615,15,35,16,16,82
2617,0,17,16,16,49
2618,16,16,135,16,183
2619,0,16,135,16,167
2622,19,16,99,19,153
2623,16,33,100,18,167
2624,0,33,100,18,151
2625,52,32,19,15,118
2626,0,34,0,16,50
2627,15,32,19,15,81
2628,66,33,49,17,165
2629,0,16,19,15,50
2632,0,33,49,17,99
2633,0,15,49,17,81
2635,17,31,0,17,65
2637,17,34,18,17,86
2638,0,34,18,17,69
2639,52,33,32,17,134
2640,0,35,65,17,117
2641,17,33,32,17,99
2642,0,33,32,17,82
2644,0,32,0,17,49
2645,17,34,0,18,69
2647,84,35,32,17,168
2648,32,35,67,17,151
2649,14,35,67,17,133
2650,17,18,67,17,119
2651,18,35,32,17,102
2652,35,32,0,17,84
2654,14,18,0,17,49
2655,18,31,36,15,100
2656,31,36,31,19,117
2657,14,36,31,19,100
2658,0,36,31,19,86
2659,33,16,32,20,101
2661,0,16,32,20,68
2663,0,13,68,18,99
2664,0,35,0,18,53
2665,33,15,0,18,66
2666,18,15,0,18,51
2669,32,17,0,18,67
2671,17,33,35,15,100
2672,0,33,35,15,83
2673,0,15,35,15,65
2675,0,17,34,17,68
2678,17,14,100,18,149
2679,14,36,0,15,65
2680,0,36,0,15,51
2681,19,33,31,18,101
2683,0,18,31,18,67
2684,0,31,52,17,100
2685,17,35,17,17,86
2687,51,33,17,15,116
2688,34,33,17,15,99
2689,50,32,0,18,100
2690,0,33,17,15,65
2691,0,18,17,15,50
2692,17,15,0,18,50
2694,0,33,135,15,183
2695,0,15,135,15,165
2696,51,15,0,18,84
2697,17,31,0,18,66
2698,16,15,0,18,49
2700,0,36,0,15,51
2701,0,18,0,15,33
2702,15,18,0,15,48
2703,18,32,0,18,68
2704,0,32,0,18,50
2705,0,17,0,18,35
2706,18,16,67,17,118
2707,48,35,32,23,138
2710,0,35,32,23,90
2711,18,32,69,14,133
2712,17,15,69,14,115
2713,0,15,69,14,98
2714,51,18,14,17,100
2716,17,18,14,17,66
2717,18,31,51,16,116
2718,0,31,51,16,98
2719,0,17,51,16,84
2722,67,36,33,15,151
2723,16,33,0,18,67
2724,0,33,0,18,51
2726,0,36,33,15,84
2727,0,18,33,15,66
2729,19,33,99,18,169
2730,0,33,99,18,150
2731,18,32,35,17,102
2732,0,32,35,17,84
2734,17,18,32,18,85
2735,18,32,0,18,68
2736,0,32,0,18,50
2737,0,15,0,18,33
2738,0,32,34,18,84
2739,0,14,34,18,66
2741,33,15,0,18,66
2742,18,15,0,18,51
2743,0,15,0,18,33
2745,32,18,0,15,65
2746,100,35,16,18,169
2747,18,32,102,15,167
2749,0,17,102,15,134
2750,0,33,19,16,68
2751,35,16,16,18,85
2752,19,16,16,18,69
2754,67,32,49,17,165
2755,18,33,15,17,83
2756,0,33,15,17,65
2757,50,33,16,17,116
2758,0,32,49,17,98
2759,0,17,49,17,83
2760,0,33,16,17,66
2761,0,17,16,17,50
2763,17,35,15,18,85
2767,18,38,0,28,84
2768,0,38,0,28,66
2770,28,35,131,16,210
2771,18,35,131,16,200
2772,18,17,131,16,182
2774,15,17,17,16,65
2775,0,17,17,16,50
2776,0,33,82,18,133
2780,34,34,0,15,83
2782,0,34,0,15,49
2783,0,18,0,15,33
2784,0,35,0,14,49
2785,0,20,0,14,34
2786,0,33,0,17,50
2787,0,19,0,17,36
2788,82,18,0,17,117
2789,0,14,0,18,32
2790,0,36,99,15,150
2791,0,18,99,15,132
2792,0,33,0,17,50
2793,18,32,0,16,66
2794,0,32,0,16,48
2798,0,34,17,15,66
2799,19,32,0,18,69
2800,0,32,0,18,50
2802,18,15,17,17,67
2803,0,15,17,17,49
2804,0,34,0,18,52
2805,0,17,0,18,35
2806,32,36,15,17,100
2807,0,14,0,18,32
2808,18,18,15,17,68
2810,0,32,18,14,64
2811,0,17,18,14,49
2812,0,32,69,15,116
2813,0,14,69,15,98
2814,0,36,48,18,102
2815,0,17,48,18,83
2816,33,33,102,15,183
2817,0,18,48,18,84
2819,33,18,0,15,66
2821,0,18,0,15,33
2822,0,34,98,18,150
2823,0,19,98,18,135
2827,48,36,15,18,117
2828,0,33,18,18,69
2829,33,18,15,18,84
2830,36,33,98,18,185
2831,0,18,15,18,51
2832,0,33,98,18,149
2833,0,18,98,18,134
2834,0,33,48,17,98
2835,0,18,48,17,83
2836,0,33,15,17,65
2837,18,32,0,18,68
2838,15,17,0,18,50
2839,17,34,0,16,67
2841,0,16,0,16,32
2842,35,33,132,16,216
2844,0,33,132,16,181
2845,0,19,132,16,167
2849,33,15,19,15,82
2850,0,34,19,15,68
2851,15,34,16,18,83
2852,0,34,16,18,68
2855,18,35,63,19,135
2856,0,35,63,19,117
2857,0,19,63,19,101
2858,0,33,16,14,63
2859,0,18,16,14,48
2860,16,14,0,19,49
2861,0,14,0,19,33
2863,0,15,51,18,84
2865,18,33,49,15,115
2866,0,33,49,15,97
2867,50,32,67,16,165
2869,0,16,49,16,81
2870,32,33,19,15,99
2871,15,33,19,15,82
2872,0,33,19,15,67
2873,16,34,0,16,66
2874,34,35,15,15,99
2875,15,35,15,15,80
2876,65,36,33,16,150
2879,15,36,33,16,100
2880,0,36,33,16,85
2881,0,16,33,16,65
2882,0,33,0,16,49
2883,0,17,0,16,33
2885,16,36,33,15,100
2886,0,36,33,15,84
2887,19,33,48,18,118
2888,0,33,48,18,99
2889,34,18,15,18,85
2890,0,33,15,18,66
2891,0,18,15,18,51
2892,0,33,32,18,83
2893,18,32,68,17,135
2895,64,18,50,18,150
2896,0,36,0,14,50
2897,100,18,66,14,198
2899,0,18,50,18,86
2901,0,15,52,15,82
2903,18,31,35,14,98
2904,31,35,33,17,116
2905,32,18,33,17,100
2906,17,18,33,17,85
2907,18,33,100,15,166
2908,33,32,0,18,83
2909,0,19,100,15,134
2910,17,15,0,18,50
2911,33,17,15,18,83
2912,50,18,117,14,199
2913,0,17,15,18,50
2914,0,33,117,14,164
2916,0,32,85,14,131
2917,0,17,85,14,116
2918,0,32,67,19,118
2922,31,34,0,19,84
2924,19,15,0,19,53
2926,0,36,0,15,51
2927,32,19,0,13,64
2928,15,19,0,13,47
2930,13,19,33,16,81
2932,33,32,201,17,283
2934,16,16,201,17,250
2936,0,33,17,17,67
2937,15,34,52,16,117
2939,49,36,15,17,117
2942,0,36,15,17,68
2943,16,32,34,17,99
2945,17,34,32,18,101
2946,0,34,32,18,84
2947,0,15,32,18,65
2949,83,33,0,18,134
2951,0,15,35,18,68
2952,18,17,65,18,118
2954,18,15,0,18,51
2955,15,32,0,18,65
2957,50,31,0,18,99
2959,35,14,0,18,67
2960,0,31,0,18,49
2962,0,33,0,18,51
2963,0,15,0,18,33
2964,0,34,0,18,52
2967,33,18,116,17,184
2968,0,36,116,17,169
2972,0,35,0,15,50
2973,86,31,100,19,236
2975,17,35,0,16,68
2976,0,35,0,16,51
2977,17,31,100,19,167
2978,0,31,100,19,150
2979,0,15,100,19,134
2980,36,32,0,17,85
2981,18,32,0,17,67
2984,17,15,34,18,84
2987,0,15,0,18,33
2988,100,33,0,17,150
2989,0,15,0,18,33
2990,0,35,32,18,85
2993,0,17,33,17,67
2995,15,35,68,16,134
2996,0,35,68,16,119
2999,17,36,0,16,69
3000,0,36,0,16,52
3002,66,32,15,18,131
3003,0,15,17,18,50
3004,17,18,0,15,50
3005,18,32,15,18,83
3006,65,33,0,17,115
3008,15,18,0,18,51
3010,18,15,0,17,50
3011,0,15,0,17,32
3012,17,19,15,17,68
3014,15,17,15,19,66
3015,0,17,15,19,51
3016,100,33,16,16,165
3017,19,33,33,15,100
3018,33,33,49,16,131
3019,18,33,49,16,116
3021,0,18,49,16,83
3022,0,33,16,16,65
3023,18,32,0,19,69
3024,0,32,0,19,51
3027,31,18,150,15,214
3031,0,18,18,14,50
3032,0,32,0,16,48
3033,0,14,0,16,30
3034,0,34,18,14,66
3037,14,34,19,16,83
3039,0,15,19,16,50
3040,0,35,50,17,102
3042,16,15,102,17,150
3043,15,36,15,17,83
3044,0,36,15,17,68
3047,0,17,51,15,83
3051,0,15,151,15,181
3053,48,33,0,19,100
3054,0,34,19,14,67
3055,0,15,19,14,48
3056,33,33,18,15,99
3057,14,33,18,15,80
3060,0,33,19,17,69
3062,0,36,0,15,51
3063,32,18,0,15,65
3064,48,18,0,18,84
3065,0,18,0,15,33
3066,0,33,0,18,51
3067,0,18,0,18,36
3070,0,34,52,16,102
3071,30,19,34,17,100
3073,19,34,32,16,101
3074,18,16,32,16,82
3075,16,32,16,17,81
3077,31,17,51,15,114
3078,16,17,51,15,99
3080,0,34,17,15,66
3082,17,15,0,18,50
3083,15,34,18,18,85
3084,18,16,18,18,70
3085,16,36,14,18,84
3086,18,18,14,18,68
3089,0,18,0,17,35
3090,0,31,0,19,50
3091,0,14,0,19,33
3092,0,34,36,15,85
3093,0,15,36,15,66
3096,0,32,51,17,100
3097,0,17,51,17,85
3098,0,33,117,15,165
3099,0,18,117,15,150
3100,82,17,18,15,132
3103,0,17,50,15,82
3106,0,33,18,18,69
3108,0,36,48,17,101
3109,18,34,14,17,83
3110,0,34,14,17,65
3113,0,17,68,14,99
3116,0,34,14,18,66
3120,0,35,16,15,66
3121,0,17,16,15,48
3123,0,15,34,18,67
3124,34,32,19,18,103
3125,11,32,19,18,80
3126,0,32,19,18,69
3127,82,35,49,17,183
3129,18,31,84,17,150
3130,0,31,84,17,132
3131,17,35,49,17,118
3132,0,35,49,17,101
3134,33,33,15,16,97
3135,32,17,15,16,80
3136,64,37,14,17,132
3137,0,17,15,16,48
3138,15,16,0,19,50
3140,0,37,14,17,68
3141,65,19,132,16,232
3142,31,35,132,16,214
3143,17,35,132,16,200
3144,16,19,132,16,183
3145,19,32,84,16,151
3146,0,32,84,16,132
3147,0,18,84,16,118
3148,0,34,0,17,51
3149,0,16,0,17,33
3150,0,32,18,16,66
3151,15,34,16,19,84
3155,19,33,0,16,68
3156,0,33,0,16,49
3159,0,16,33,17,66
3160,50,18,0,16,84
3162,17,18,0,16,51
3164,0,32,15,20,67
3165,31,20,15,19,85
3166,15,20,15,19,69
3167,20,34,64,18,136
3168,15,19,64,18,116
3169,34,18,0,15,67
3170,15,18,0,15,48
3171,0,18,0,15,33
3172,0,31,100,18,149
3175,17,31,17,17,82
3177,0,17,17,17,51
3178,34,33,19,14,100
3179,17,33,19,14,83
3180,0,33,19,14,66
3181,0,15,19,14,48
3186,35,32,17,14,98
3187,17,32,17,14,80
3191,82,34,0,15,131
3193,69,15,0,15,99
3195,0,15,34,15,64
3197,0,15,0,15,30
3200,65,36,17,15,133
3202,17,14,103,14,148
3204,0,36,17,15,68
3205,84,32,34,18,168
3206,32,35,49,17,133
3207,15,35,49,17,116
3208,0,35,49,17,101
3211,18,34,0,18,70
3212,0,34,0,18,52
3213,35,15,32,17,99
3215,0,15,32,17,64
3217,14,35,33,15,97
3219,36,15,67,18,136
3220,0,33,67,18,118
3221,30,19,0,14,63
3222,0,34,0,14,48
3223,0,19,0,14,33
3224,0,33,0,18,51
3225,19,33,0,18,70
3226,33,32,0,18,83
3227,33,14,0,18,65
3228,0,32,0,18,50
3229,50,31,0,18,99
3230,0,36,97,18,151
3232,0,31,0,18,49
3234,18,15,33,18,84
3235,31,17,0,18,66
3236,0,33,0,18,51
3237,0,17,0,18,35
3238,18,16,18,16,68
3239,0,16,18,16,50
3240,34,33,16,18,101
3241,16,33,16,18,83
3244,0,34,0,15,49
3247,18,35,65,18,136
3248,0,35,65,18,118
3252,0,32,18,14,64
3253,68,14,51,17,150
3254,0,32,19,14,65
3256,51,18,15,17,101
3257,14,36,15,17,82
3258,0,36,15,17,68
3259,18,32,19,13,82
3260,0,32,19,13,64
3261,36,13,0,18,67
3263,13,37,49,15,114
3265,49,34,21,31,135
3267,17,34,21,31,103
3268,0,34,21,31,86
3269,0,15,21,31,67
3270,0,21,14,17,52
3272,0,32,18,17,67
3273,15,35,15,18,83
3277,0,18,49,17,84
3278,49,17,0,18,84
3279,0,17,100,18,135
3280,0,35,0,18,53
3281,17,33,32,18,100
3282,48,17,0,18,83
3283,0,15,32,18,65
3285,0,17,0,18,35
3286,18,18,15,17,68
3287,0,18,15,17,50
3288,32,33,119,13,197
3289,0,17,52,15,84
3296,18,18,18,13,67
3297,0,18,18,13,49
3298,0,31,53,15,99
3299,32,15,19,15,81
3300,53,15,16,18,102
3301,49,34,15,17,115
3302,68,32,18,19,137
3303,0,15,16,18,49
3304,0,34,15,17,66
3305,0,18,15,17,50
3306,0,32,18,19,69
3307,0,17,18,19,54
3308,18,19,31,18,86
3309,50,32,0,18,100
3310,31,32,0,18,81
3312,18,14,0,18,50
3313,32,17,0,15,64
3314,102,31,0,19,152
3315,0,17,0,15,32
3316,0,34,64,19,117
3317,19,33,134,15,201
3318,15,18,134,15,182
3319,0,18,134,15,167
3321,0,19,0,19,38
3322,33,36,0,15,84
3323,0,14,0,17,31
3324,17,19,0,15,51
3325,19,34,0,15,68
3326,0,34,0,15,49
3327,0,19,0,15,34
3328,0,33,33,15,81
3329,0,18,33,15,66
3330,33,31,17,18,99
3331,49,35,0,15,99
3332,15,16,17,18,66
3334,0,35,0,15,50
3337,19,31,36,14,100
3339,0,14,36,14,64
3341,18,33,0,15,66
3343,19,33,65,18,135
3344,0,33,65,18,116
3345,18,32,0,18,68
3346,32,33,36,18,119
3347,15,33,36,18,102
3351,0,18,31,18,67
3354,0,33,0,17,50
3356,17,18,0,17,52
3357,18,32,0,17,67
3358,0,32,0,17,49
3359,15,35,16,17,83
3360,0,35,16,17,68
3361,18,33,0,17,68
3362,33,35,49,13,130
3364,0,35,49,13,97
3366,0,32,17,13,62
3367,0,17,17,13,47
3369,0,13,37,15,65
3370,37,33,0,15,85
3372,15,18,0,15,48
3373,0,18,0,15,33
3375,17,32,71,16,136
3376,17,15,71,16,119
3378,0,35,16,20,71
3379,31,20,165,14,230
3380,36,31,101,15,183
3382,0,31,101,15,147
3384,0,33,0,15,48
3389,0,18,0,15,33
3390,0,33,0,14,47
3391,18,32,17,18,85
3392,14,18,17,18,67
3393,0,18,17,18,53
3395,0,18,14,17,49
3396,0,31,19,17,67
3397,53,32,15,19,119
3398,0,36,14,18,68
3399,17,32,15,19,83
3401,52,31,69,16,168
3403,0,19,15,16,50
3404,0,31,69,16,116
3406,0,34,18,17,69
3407,0,17,18,17,52
3410,0,34,14,19,67
3411,18,33,17,17,85
3412,50,17,79,19,165
3414,17,17,79,19,132
3415,0,17,79,19,115
3416,14,18,15,17,64
3418,15,17,15,19,66
3420,15,19,50,18,102
3421,0,19,50,18,87
3423,52,34,14,18,118
3424,17,18,48,18,101
3425,18,34,14,18,84
3426,34,32,51,15,132
3427,0,18,14,18,50
3428,0,32,51,15,98
3432,0,33,18,15,66
3433,0,15,18,15,48
3434,0,33,200,18,251
3435,33,15,36,14,98
3437,0,15,36,14,65
3439,0,19,0,14,33
3440,80,17,19,15,131
3441,0,18,15,18,51
3442,48,17,19,15,99
3445,0,17,19,15,51
3447,33,16,15,16,80
3448,0,34,15,16,65
3450,15,16,0,19,50
3451,0,16,0,19,35
3453,32,18,19,14,83
3454,0,35,19,14,68
3456,33,34,82,18,167
3457,0,14,0,17,31
3458,17,17,82,18,134
3459,17,34,17,15,83
3461,0,20,17,15,52
3462,32,34,49,18,133
3463,15,34,49,18,116
3464,0,34,49,18,101
3465,0,18,49,18,85
3466,0,34,15,18,67
3467,18,33,48,19,118
3468,0,33,48,19,100
3469,33,15,37,15,100
3470,15,15,37,15,82
3471,33,19,0,15,67
3472,18,19,0,15,52
3473,19,30,0,18,67
3474,0,30,0,18,48
3475,0,15,0,18,33
3476,18,18,32,17,85
3478,0,32,17,15,64
3480,68,32,52,14,166
3481,0,15,19,17,51
3482,36,32,52,14,134
3483,17,32,52,14,115
3486,34,32,36,15,117
3487,53,36,48,17,154
3488,18,14,36,15,83
3492,15,18,15,17,65
3493,18,32,17,17,84
3494,0,32,17,17,66
3495,0,17,17,17,51
3496,0,34,117,17,168
3497,0,17,117,17,151
3499,51,33,34,15,133
3500,33,33,34,15,115
3501,16,33,34,15,98
3502,50,17,51,13,131
3504,34,32,19,13,98
3505,32,17,19,13,81
3507,17,32,86,14,149
3508,0,32,86,14,132
3509,67,14,18,14,113
3510,0,35,19,14,68
3511,0,16,19,14,49
3512,19,14,18,14,65
3513,0,14,18,14,46
3517,17,33,0,17,67
3518,0,33,0,17,50
3522,0,33,14,18,65
3523,19,32,33,19,103
3525,70,14,85,14,183
3526,19,14,232,19,284
3527,14,33,85,14,146
3530,36,32,17,14,99
3531,50,31,19,16,116
3533,0,18,17,14,49
3537,16,33,18,14,81
3538,18,15,18,14,65
3539,0,15,18,14,47
3540,32,35,0,19,86
3541,14,35,0,19,68
3542,0,35,0,19,54
3543,16,34,32,18,100
3546,0,32,0,18,50
3547,16,33,69,15,133
3548,0,33,69,15,117
3549,0,15,69,15,99
3551,34,17,50,15,116
3553,17,33,17,15,82
3554,0,33,17,15,65
3555,35,15,0,16,66
3556,32,34,17,15,98
3559,18,32,51,17,118
3561,0,15,51,17,83
3562,18,18,32,17,85
3563,0,18,32,17,67
3564,15,17,17,17,66
3565,17,34,121,28,200
3566,17,17,121,28,183
3569,17,32,0,17,66
3571,13,33,0,23,69
3572,56,44,33,19,152
3573,0,16,0,23,39
3574,0,23,0,28,51
3575,0,44,33,19,96
3576,17,16,33,19,85
3577,16,33,36,14,99
3578,33,36,33,15,117
3582,0,33,0,15,48
3583,19,33,0,17,69
3584,15,18,0,17,50
3587,0,15,18,17,50
3588,35,33,66,18,152
3590,0,33,66,18,117
3591,49,35,0,18,102
3592,31,35,0,18,84
3593,51,32,35,15,133
3595,50,35,0,15,100
3596,0,32,35,15,82
3597,14,35,0,15,64
3598,35,34,0,14,83
3599,18,34,0,14,66
3602,0,33,0,15,48
3603,0,19,0,15,34
3604,15,17,67,17,116
3605,84,32,0,19,135
3606,33,34,0,17,84
3608,0,34,0,17,51
3609,15,32,0,19,66
3610,0,32,0,19,51
3611,15,36,0,14,65
3612,0,36,0,14,50
3614,0,32,0,16,48
3615,0,18,0,16,34
3616,34,33,0,18,85
3617,18,33,0,18,69
3618,0,33,0,18,51
3622,17,18,31,21,87
3623,0,18,31,21,70
3624,0,31,0,21,52
3626,36,31,32,18,117
3627,0,46,32,18,96
3629,0,18,32,18,68
3630,0,32,0,18,50
3631,15,33,18,18,84
3633,15,36,32,18,101
3635,33,17,33,18,101
3636,50,15,0,18,83
3637,0,17,33,18,68
3638,18,15,0,18,51
3639,15,33,18,18,84
3641,0,15,18,18,51
3642,0,36,99,15,150
3643,18,32,0,18,68
3644,66,33,15,18,132
3645,0,17,0,18,35
3646,34,33,15,18,100
3647,0,16,0,15,31
3648,15,18,15,18,66
3650,15,18,117,18,168
3651,0,18,117,18,153
3652,50,19,81,18,168
3653,0,14,18,19,51
3654,0,37,81,18,136
3658,0,34,15,18,67
3661,18,31,50,19,118
3664,0,36,14,19,69
3669,0,14,0,18,32
3672,0,31,66,22,119
3673,0,14,66,22,102
3674,50,16,118,17,201
3675,18,30,118,17,183
3676,14,16,118,17,165
3678,0,22,46,16,84
3682,0,34,16,17,67
3684,0,33,0,15,48
3685,82,36,16,15,149
3686,117,15,103,16,251
3688,16,15,20,16,67
3689,35,16,16,15,82
3691,16,31,103,16,166
3692,0,31,103,16,150
3693,34,15,17,17,83
3694,0,34,17,17,68
3697,52,31,0,18,101
3698,35,31,0,18,84
3699,17,31,0,18,66
3700,31,33,51,16,131
3702,33,33,133,18,217
3703,15,33,133,18,199
3705,0,14,133,18,165
3708,17,18,17,14,66
3709,18,31,51,18,118
3710,0,31,51,18,100
3711,14,33,18,18,83
3712,0,33,18,18,69
3713,0,14,18,18,50
3714,36,33,182,16,267
3715,0,18,115,17,150
3716,0,33,182,16,231
3717,18,32,50,17,117
3718,0,32,50,17,99
3719,17,35,15,17,84
3720,0,35,15,17,67
3722,15,17,0,18,50
3723,17,33,0,17,67
3724,18,15,0,17,50
3725,0,15,0,17,32
3726,17,18,46,20,101
3727,18,31,15,20,84
3728,0,31,15,20,66
3729,0,16,15,20,51
3731,20,34,14,17,85
3735,0,17,19,14,50
3736,0,33,0,18,51
3737,14,35,0,18,67
3739,17,33,0,18,68
3740,0,33,0,18,51
3741,48,35,32,18,133
3742,0,33,166,20,219
3744,0,35,32,18,85
3745,32,17,33,16,98
3746,0,32,33,16,81
3750,35,31,0,20,86
3751,0,19,15,16,50
3752,0,31,0,20,51
3753,0,16,0,20,36
3754,36,31,0,18,85
3755,0,16,16,15,47
3756,0,31,0,18,49
3757,0,15,0,18,33
3758,34,33,0,18,85
3760,0,33,0,18,51
3761,0,18,0,18,36
3762,18,16,283,18,335
3763,16,33,49,19,117
3766,0,34,15,19,68
3768,15,19,0,16,50
3769,19,31,51,18,119
3770,82,18,115,19,234
3771,34,15,17,18,84
3772,19,15,17,18,69
3774,0,35,115,19,169
3775,0,18,115,19,152
3777,18,33,50,19,120
3780,0,35,49,18,102
3781,18,34,15,18,85
3782,34,33,15,19,101
3783,19,33,15,19,86
3784,0,33,15,19,67
3785,0,18,15,19,52
3786,0,34,14,19,67
3788,0,33,65,17,115
3789,19,30,17,18,84
3791,67,15,85,18,185
3792,35,32,85,18,170
3793,18,32,85,18,153
3794,0,32,85,18,135
3795,0,15,85,18,118
3796,35,32,119,14,200
3797,17,32,119,14,182
3798,32,36,48,17,133
3800,52,17,15,17,101
3801,18,33,15,17,83
3802,16,17,15,17,65
3803,0,17,15,17,49
3804,0,32,50,17,99
3806,67,34,0,14,115
3807,0,14,18,17,49
3808,18,17,0,15,50
3809,0,17,0,15,32
3810,0,34,0,14,48
3811,0,19,0,14,33
3812,0,34,14,19,67
3814,0,33,32,18,83
3816,0,32,0,18,50
3817,16,32,36,15,99
3818,0,32,36,15,83
3819,14,36,0,15,65
3822,15,18,49,16,98
3827,0,16,85,14,115
3829,17,33,17,14,81
3830,33,31,68,18,150
3831,17,31,68,18,134
3832,17,14,68,18,117
3833,0,14,68,18,100
3834,37,31,85,15,168
3835,32,17,85,15,149
3836,31,34,51,15,131
3837,17,34,51,15,117
3838,18,16,51,15,100
3839,16,33,18,15,82
3841,15,33,135,15,198
3842,0,33,135,15,183
3843,15,34,16,15,80
3844,0,34,16,15,65
3845,0,18,16,15,49
3846,16,15,19,15,65
3847,15,34,18,18,85
3850,0,36,32,17,85
3851,0,18,32,17,67
3852,49,17,65,18,149
3853,0,17,0,17,34
3854,17,17,65,18,117
3855,0,17,65,18,100
3857,0,13,52,15,80
3860,18,15,18,18,69
3861,0,15,18,18,51
3864,0,31,18,18,67
3865,17,36,97,19,169
3866,0,36,97,19,152
3867,50,34,16,15,115
3868,14,18,17,17,66
3870,17,17,16,15,65
3871,0,17,16,15,48
3873,34,15,18,14,81
3874,117,19,0,15,151
3876,0,32,0,18,50
3878,0,36,15,19,70
3879,18,34,0,15,67
3880,0,34,0,15,49
3881,0,19,0,15,34
3882,33,32,84,15,164
3883,18,32,84,15,149
3885,14,34,15,18,81
3886,0,34,15,18,67
3888,0,33,17,15,65
3890,0,32,36,14,82
3892,0,36,0,14,50
3893,0,18,0,14,32
3894,14,18,34,15,81
3896,34,32,67,18,151
3897,0,18,0,15,33
3899,36,15,33,18,102
3900,34,33,33,17,117
3901,15,33,33,17,98
3903,15,33,17,18,83
3905,15,35,0,15,65
3907,33,19,14,17,83
3909,0,19,14,17,50
3910,0,31,36,14,81
3911,53,32,0,17,102
3912,0,36,0,14,50
3914,14,18,0,17,49
3915,0,18,0,17,35
3917,0,15,0,19,34
3918,0,33,252,16,301
3919,31,17,0,18,66
3920,0,34,0,18,52
3922,18,17,0,15,50
3923,17,33,15,17,82
3925,0,18,15,17,50
3926,0,32,0,19,51
3927,17,33,0,17,67
3928,0,33,0,17,50
3929,0,14,0,17,31
3930,17,17,51,16,101
3931,17,33,18,16,84
3932,33,34,67,14,148
3933,18,34,67,14,133
3935,0,16,67,14,97
3937,52,34,49,17,152
3939,16,34,49,17,116
3942,0,33,33,15,81
3943,66,16,19,17,118
3944,0,33,15,16,64
3945,17,31,19,17,84
3946,67,32,33,19,151
3947,16,36,0,17,69
3950,17,15,33,19,84
3951,15,33,33,18,99
3952,0,33,33,18,84
3953,0,17,33,18,68
3955,0,14,101,16,131
3956,0,33,0,18,51
3957,15,35,84,14,148
3958,18,17,84,14,133
3959,50,32,19,14,115
3960,33,32,19,14,98
3961,18,32,19,14,83
3962,32,33,18,17,100
3964,68,33,0,18,119
3966,18,17,117,15,167
3967,17,33,0,18,68
3970,35,32,68,14,149
3973,18,32,18,18,86
3974,32,36,14,18,100
3975,15,36,14,18,83
3976,0,36,14,18,68
3978,32,34,16,16,98
3980,0,34,16,16,66
3981,0,17,16,16,49
3983,51,32,22,16,121
3984,0,35,70,28,133
3986,0,32,22,16,70
3987,17,22,16,28,83
3988,0,22,16,28,66
3990,28,36,15,15,94
3991,13,36,15,15,79
3992,0,36,15,15,66
3993,0,18,15,15,48
3994,0,30,36,16,82
3995,15,36,64,18,133
3996,0,36,64,18,118
3997,0,19,64,18,101
3999,0,15,103,14,132
4000,18,15,35,16,84
4002,0,35,0,16,51
4005,0,19,0,14,33
4006,0,32,32,18,82
4007,0,18,32,18,68
4008,15,17,36,14,82
4010,84,18,32,16,150
4011,18,32,0,16,66
4012,14,18,0,16,48
4014,0,34,32,16,82
4016,0,32,33,17,82
4019,0,17,35,16,68
4020,0,35,0,16,51
4021,18,32,67,18,135
4022,0,32,67,18,117
4023,0,16,67,18,101
4024,35,32,0,18,85
4026,32,33,0,18,83
4027,0,18,0,18,36
4028,83,17,50,15,165
4029,0,15,0,18,33
4030,18,15,17,17,67
4031,0,15,17,17,49
4032,17,17,50,15,99
4033,17,32,33,18,100
4034,0,32,33,18,83
4035,65,18,0,17,100
4036,0,33,0,18,51
4037,15,36,0,17,68
4042,19,15,0,17,51
4043,32,18,34,15,99
4045,0,18,34,15,67
4046,16,18,0,15,49
4047,18,31,18,15,82
4048,0,31,18,15,64
4049,49,35,19,15,118
4051,15,35,19,15,84
4052,19,16,19,15,69
4053,0,16,19,15,50
4055,15,31,52,15,113
4057,0,15,52,15,82
4058,18,16,18,15,67
4060,18,15,133,18,184
4061,0,15,133,18,166
4062,0,33,0,19,52
4063,100,14,18,15,147
4064,51,16,0,19,86
4065,14,34,0,19,67
4066,18,16,0,19,53
4067,0,16,0,19,35
4068,0,33,18,15,66
4069,14,33,84,17,148
4070,0,33,84,17,134
4071,0,15,84,17,116
4072,18,15,20,14,67
4073,0,15,20,14,49
4074,0,34,100,19,153
4075,14,34,133,18,199
4076,0,34,133,18,185
4077,17,33,15,18,83
4081,0,18,0,19,37
4082,52,15,65,18,150
4083,0,15,18,15,48
4084,0,33,65,18,116
4085,0,15,65,18,98
4087,65,19,0,15,99
4089,67,18,0,17,102
4090,18,19,0,15,52
4093,0,18,0,17,35
4094,0,34,66,14,114
4095,17,31,35,14,97
4096,14,17,35,14,80
4098,18,17,32,17,84
4100,67,32,17,16,132
4101,18,35,49,16,118
4103,0,18,49,16,83
4104,15,17,17,16,65
4105,17,33,0,18,68
4106,17,16,0,18,51
4107,66,19,50,15,150
4108,18,14,0,18,50
4109,0,14,0,18,32
4110,18,19,50,15,102
4111,19,32,33,15,99
4112,65,33,17,15,130
4114,18,15,65,19,117
4115,15,33,17,15,80
4116,0,33,17,15,65
4117,0,18,17,15,50
4119,49,35,17,17,118
4120,0,34,52,17,103
4121,15,35,17,17,84
4122,69,30,18,20,137
4123,0,18,17,17,52
4124,34,30,18,20,102
4127,100,18,32,17,167
4128,55,47,32,17,151
4129,20,17,12,17,66
4130,17,47,32,17,113
4131,29,18,32,17,96
4133,166,19,0,16,201
4135,15,35,49,17,116
4137,0,18,49,17,84
4138,31,35,0,15,81
4139,14,35,0,15,64
4140,0,35,0,15,50
4142,0,34,0,16,50
4144,49,17,18,14,98
4146,15,17,18,14,64
4147,17,32,0,19,68
4148,0,32,0,19,51
4149,14,34,0,18,66
4150,0,34,0,18,52
4152,0,33,0,18,51
4153,0,15,0,18,33
4154,0,33,18,16,67
4155,0,15,18,16,49
4158,16,17,17,19,69
4161,19,32,84,18,153
4162,32,33,0,15,80
4164,0,33,0,15,48
4165,0,17,0,15,32
4166,15,18,18,18,69
4168,82,18,68,15,183
4169,0,18,46,18,82
4170,0,32,14,18,64
4173,0,18,68,15,101
4175,14,36,15,18,83
4177,0,17,15,18,50
4178,15,18,50,17,100
4179,0,18,50,17,85
4180,0,34,16,17,67
4181,20,33,66,16,135
4182,0,33,66,16,115
4183,17,32,18,16,83
4186,0,34,33,18,85
4187,0,16,33,18,67
4188,0,33,0,18,51
4189,17,33,83,17,150
4190,18,15,83,17,133
4191,0,15,83,17,115
4193,0,17,0,17,34
4195,0,15,17,17,49
4196,0,34,32,19,85
4197,0,17,32,19,68
4198,32,34,0,19,85
4199,0,16,19,15,50
4201,15,33,52,17,117
4202,19,14,52,17,102
4203,0,14,52,17,83
4204,18,18,16,17,69
4206,0,33,15,18,66
4207,83,33,32,18,166
4208,33,33,0,15,81
4209,0,18,0,15,33
4212,0,33,32,18,83
4213,0,18,32,18,68
4214,83,17,81,18,199
4216,0,33,68,18,119
4217,15,35,81,18,149
4218,18,17,81,18,134
4220,0,33,0,18,51
4223,30,18,0,18,66
4225,0,18,0,18,36
4226,0,35,32,17,84
4227,17,32,32,20,101
4228,32,32,0,20,84
4229,118,34,15,17,184
4231,0,15,0,20,35
4232,0,34,0,18,52
4233,14,35,34,15,98
4234,101,33,32,18,184
4235,51,32,0,18,101
4236,34,32,0,18,84
4237,18,32,0,18,68
4238,15,17,0,18,50
4239,0,17,0,18,35
4242,32,36,50,17,135
4244,18,18,50,17,103
4245,85,33,100,14,232
4247,0,19,16,17,52
4248,33,33,100,14,180
4249,32,18,100,14,164
4250,15,18,100,14,147
4251,35,15,68,14,132
4253,15,33,35,14,97
4255,0,15,35,14,64
4257,0,17,0,14,31
4259,18,33,101,15,167
4260,0,33,101,15,149
4263,0,14,19,14,47
4264,33,35,0,15,83
4265,0,14,0,18,32
4266,18,17,0,15,50
4268,15,19,64,18,116
4269,0,19,64,18,101
4270,17,15,17,15,64
4271,15,32,69,15,131
4273,0,15,69,15,99
4276,67,32,0,18,117
4277,52,32,0,18,102
4279,19,32,0,18,69
4282,18,18,64,18,118
4283,35,14,0,16,65
4285,14,33,0,18,65
4286,0,33,0,18,51
4287,0,17,0,18,35
4288,18,14,0,18,50
4290,0,36,0,15,51
4291,51,33,51,17,152
4292,0,33,0,15,48
4293,0,18,0,15,33
4296,33,35,64,18,150
4297,0,19,18,17,54
4298,0,35,64,18,117
4300,14,17,0,16,47
4301,17,33,68,15,133
4302,16,17,68,15,116
4305,15,35,49,17,116
4309,51,33,0,17,101
4310,32,33,0,17,82
4312,33,35,66,15,149
4314,0,35,66,15,116
4315,99,18,33,15,165
4317,0,17,168,15,200
4319,0,17,66,15,98
4320,0,33,33,15,81
4321,51,34,84,15,184
4322,0,33,52,15,100
4324,0,34,84,15,133
4326,18,15,0,15,48
4328,0,33,18,15,66
4330,18,15,0,18,51
4331,0,15,0,18,33
4332,50,18,84,14,166
4334,0,35,84,14,133
4336,14,19,0,13,46
4337,0,19,0,13,32
4338,0,33,32,18,83
4340,0,32,36,16,84
4341,32,18,0,16,66
4343,0,18,0,16,34
4344,0,31,17,17,65
4346,17,17,18,17,69
4349,0,17,67,15,99
4350,0,33,0,15,48
4351,52,31,66,18,167
4352,0,34,15,16,65
4353,0,19,15,16,50
4354,0,31,66,18,115
4355,16,34,16,16,82
4356,0,34,16,16,66
4359,16,33,18,19,86
4360,0,33,18,19,70
4361,0,15,18,19,52
4363,19,32,0,15,66
4364,13,19,0,15,47
4365,0,19,0,15,34
4367,0,19,14,19,52
4368,0,33,31,19,83
4369,19,31,0,19,69
4371,15,35,17,14,81
4376,53,15,17,18,103
4377,0,18,0,17,35
4378,49,18,82,17,166
4379,0,15,17,18,50
4381,18,34,48,17,117
4385,0,18,15,17,50
4386,0,32,18,17,67
4387,0,17,18,17,52
4388,35,37,11,18,101
4389,65,18,99,15,197
4390,37,29,99,15,180
4392,29,33,17,17,96
4393,18,33,17,17,85
4394,67,32,66,18,183
4395,0,19,17,17,53
4396,17,17,15,17,66
4397,17,32,66,18,133
4398,0,32,66,18,116
4399,17,33,17,16,83
4402,17,16,100,17,150
4404,0,36,31,18,85
4406,31,33,0,17,81
4408,0,33,0,17,50
4409,15,32,18,18,83
4410,68,32,18,17,135
4411,51,32,18,17,118
4412,36,32,18,17,103
4414,32,35,15,19,101
4419,19,32,66,16,133
4421,52,32,0,16,100
4422,48,18,0,16,82
4423,65,18,49,18,150
4424,14,18,0,16,48
4425,18,34,49,18,119
4427,0,18,49,18,85
4428,82,18,18,14,132
4429,0,19,15,18,52
4431,51,32,0,18,101
4432,33,32,0,18,83
4433,0,18,18,14,50
4434,0,32,0,18,50
4436,37,29,0,19,85
4437,32,16,0,19,67
4438,0,29,0,19,48
4440,70,29,37,17,153
4441,0,17,16,18,51
4442,0,34,0,12,46
4444,12,17,37,17,83
4445,0,17,37,17,71
4446,0,37,0,17,54
4447,35,16,33,17,101
4449,66,14,0,19,99
4450,33,31,0,19,83
4451,19,31,0,19,69
4452,31,37,0,15,83
4454,0,37,0,15,52
4455,0,18,0,15,33
4456,0,30,20,14,64
4457,0,15,20,14,49
4459,99,16,33,18,166
4460,33,34,34,18,119
4461,15,34,34,18,101
4462,0,34,34,18,86
4464,0,34,33,18,85
4466,18,15,0,18,51
4468,18,15,53,14,100
4470,0,35,18,14,67
4471,35,14,0,18,67
4472,18,14,0,18,50
4473,0,14,0,18,32
4474,0,33,0,18,51
4476,66,37,14,17,134
4477,0,14,0,20,34
4478,34,37,14,17,102
4480,0,37,14,17,68
4482,31,34,0,15,80
4483,0,17,0,18,35
4484,0,34,0,15,49
4486,15,19,15,18,67
4489,0,18,15,17,50
4490,0,32,68,18,118
4491,0,17,68,18,103
4493,34,17,32,18,101
4494,16,17,32,18,83
4495,0,17,32,18,67
4496,18,14,18,16,66
4497,0,14,18,16,48
4499,16,34,0,15,65
4500,16,18,0,15,49
4501,33,19,14,17,83
4502,0,34,14,17,65
4503,0,19,14,17,50
4504,0,31,51,18,100
4506,0,33,18,18,69
4507,0,15,18,18,51
4508,50,19,14,17,100
4510,14,19,14,17,64
4511,19,31,0,17,67
4512,31,36,32,15,114
4514,0,36,32,15,83
4515,19,32,49,18,118
4516,14,18,49,18,99
4517,18,31,168,18,235
4518,15,16,168,18,217
4519,16,36,34,15,101
4521,18,34,49,18,119
4523,0,17,49,18,84
4526,0,34,17,14,65
4528,0,31,50,17,98
4530,18,18,46,18,100
4532,0,31,33,18,82
4533,0,17,33,18,68
4534,69,33,0,14,116
4536,0,36,0,14,50
4538,14,19,0,14,47
4539,19,31,0,18,68
4540,0,31,0,18,49
4541,0,17,0,18,35
4542,18,17,0,15,50
4543,0,17,0,15,32
4544,0,33,0,15,48
4545,33,18,0,18,69
4547,0,18,0,18,36
4548,0,33,0,17,50
4549,0,15,0,17,32
4550,0,35,198,18,251
4552,33,21,45,15,114
4555,0,45,99,18,162
4556,18,17,99,18,152
4557,0,17,99,18,134
4559,49,35,133,18,235
4560,0,31,35,18,84
4561,14,35,133,18,200
4565,0,14,0,19,33
4566,51,18,65,18,152
4569,18,32,0,18,68
4572,0,33,33,18,84
4573,15,33,0,18,66
4574,68,33,0,17,118
4576,35,33,0,17,85
4577,0,17,0,15,32
4579,0,18,0,17,35
4580,0,35,197,18,250
4581,33,18,100,14,165
4582,0,33,100,14,147
4583,0,18,100,14,132
4584,17,13,20,14,64
4585,47,36,0,14,97
4586,20,14,100,18,152
4587,32,18,0,14,64
4589,0,18,0,14,32
4590,0,34,63,18,115
4591,20,30,0,18,68
4592,0,30,0,18,48
4593,0,17,0,18,35
4594,0,33,36,14,83
4597,0,18,32,18,68
4600,33,35,0,14,82
4601,0,15,0,18,33
4602,66,33,201,18,318
4603,31,17,0,19,67
4606,51,18,32,19,120
4607,14,36,32,19,101
4608,0,36,32,19,87
4609,50,35,30,19,134
4611,38,16,30,19,103
4612,0,35,30,19,84
4613,0,16,30,19,65
4615,0,15,0,19,34
4617,49,33,0,18,100
4618,0,34,0,18,52
4619,16,33,0,18,67
4621,0,15,0,18,33
4622,0,33,53,13,99
4624,0,36,17,13,66
4627,13,36,0,18,67
4628,36,36,49,14,135
4629,17,36,49,14,116
4633,15,32,19,14,80
4634,51,14,0,19,84
4636,52,18,0,31,101
4637,0,14,0,19,33
4638,19,18,0,31,68
4639,18,31,67,19,135
4640,0,31,67,19,117
4641,17,34,33,19,103
4645,0,16,168,16,200
4646,0,19,0,32,51
4647,0,49,0,14,63
4649,66,19,0,32,117
4650,0,33,0,16,49
4652,16,19,0,32,67
4653,19,32,99,18,168
4655,18,32,18,18,86
4657,68,50,14,18,150
4658,85,17,14,18,134
4660,0,16,184,33,233
4661,0,50,14,18,82
4663,0,17,14,18,49
4664,32,29,52,21,134
4665,18,29,52,21,120
4667,13,37,52,17,119
4669,18,36,16,17,87
4670,85,14,18,15,132
4676,68,34,0,16,118
4677,0,15,53,16,84
4678,0,35,34,16,85
4679,17,34,0,16,67
4682,0,32,0,18,50
4683,0,16,0,18,34
4684,0,36,0,31,67
4685,0,18,0,31,49
4686,0,31,0,16,47
4687,0,17,0,16,33
4688,0,34,50,18,102
4689,0,18,50,18,86
4691,18,35,47,18,118
4694,0,32,166,18,216
4695,0,18,166,18,202
4697,0,18,67,15,100
4700,0,32,0,15,47
4701,0,18,0,15,33
4702,15,18,17,16,66
4705,0,16,48,19,83
4707,15,34,0,18,67
4708,0,34,0,18,52
4709,0,19,0,18,37
4710,0,18,0,33,51
4711,15,32,53,33,133
4712,18,14,53,33,118
4713,50,17,82,15,164
4715,19,17,82,15,133
4716,0,17,82,15,114
4717,14,36,98,17,165
4720,0,32,52,31,115
4721,0,17,52,31,100
4722,135,34,15,17,201
4723,21,16,14,17,68
4725,14,33,116,17,180
4727,0,16,116,17,149
4728,0,36,13,21,70
4729,18,34,15,17,84
4730,13,21,15,17,66
4731,21,32,31,19,103
4732,32,31,0,19,82
4733,0,17,31,19,67
4734,0,31,0,19,50
4736,19,14,17,17,67
4738,0,34,17,18,69
4739,0,17,17,18,52
4741,33,19,14,18,84
4742,0,34,14,18,66
4745,18,34,15,17,84
4746,18,16,15,17,66
4747,81,33,35,18,167
4748,0,32,51,15,98
4749,17,33,51,17,118
4750,33,33,35,18,119
4751,0,15,51,17,83
4752,18,15,35,18,86
4753,15,35,18,31,99
4755,0,17,18,31,66
4756,32,35,35,31,133
4757,0,49,35,31,115
4758,17,18,35,31,101
4759,0,18,35,31,84
4762,0,31,0,18,49
4763,0,17,0,18,35
4765,0,16,65,17,98
4766,50,15,0,17,82
4767,15,33,0,17,65
4768,0,33,0,17,50
4769,15,35,0,18,68
4770,17,18,0,18,53
4772,48,18,19,30,115
4773,0,48,19,30,97
4774,34,19,0,30,83
4775,0,18,19,30,67
4777,0,49,0,12,61
4778,17,19,0,12,48
4779,0,19,0,12,31
4781,0,19,0,19,38
4782,0,33,0,18,51
4783,14,36,100,15,165
4785,0,18,100,15,133
4787,0,16,0,17,33
4788,17,19,33,15,84
4792,33,33,65,17,148
4793,18,33,65,17,133
4795,0,18,65,17,100
4797,0,18,0,17,35
4798,17,15,0,17,49
4799,0,15,0,17,32
4800,0,35,33,18,86
4801,0,18,33,18,69
4802,66,32,35,16,149
4803,0,19,18,32,69
4806,17,15,35,16,83
4808,0,35,34,15,84
4809,18,34,0,15,67
4810,0,34,0,15,49
4811,0,18,0,15,33
4812,48,17,166,17,248
4813,0,18,0,15,33
4814,15,17,166,17,215
4819,16,35,32,19,102
4820,0,35,32,19,86
4821,68,14,17,18,117
4822,0,32,0,19,51
4825,0,14,17,18,49
4826,35,35,0,31,101
4827,0,18,0,16,34
4828,16,19,0,31,66
4831,35,17,0,32,84
4832,18,17,0,32,67
4833,0,17,0,32,49
4834,0,32,0,15,47
4835,17,34,65,19,135
4836,15,19,65,19,118
4837,0,19,65,19,103
4839,39,14,83,17,153
4840,0,32,83,17,132
4842,19,47,17,17,100
4843,0,47,17,17,81
4844,31,34,0,19,84
4845,17,34,0,19,70
4846,0,34,0,19,53
4847,17,19,65,17,118
4849,0,48,17,17,82
4851,0,16,17,17,50
4854,0,32,0,18,50
4855,0,17,0,18,35
4856,0,33,17,18,68
4857,15,35,17,17,84
4858,0,35,17,17,69
4859,117,34,16,18,185
4860,0,34,15,19,68
4861,17,34,49,16,116
4862,0,34,49,16,99
4863,0,19,49,16,84
4864,0,31,18,16,65
4865,33,16,16,18,83
4866,18,16,16,18,68
4870,0,34,0,14,48
4871,19,31,68,16,134
4872,0,31,68,16,115
4874,36,32,33,17,118
4875,19,32,33,17,101
4876,0,32,33,17,82
4877,68,17,0,15,100
4878,50,17,0,15,82
4880,34,32,0,18,84
4881,32,17,0,18,67
4887,133,22,80,17,252
4888,17,17,120,30,184
4889,0,17,120,30,167
4891,0,17,167,16,200
4893,18,37,80,17,152
4894,99,35,0,16,150
4895,0,22,80,17,119
4898,67,33,65,19,184
4901,50,32,0,18,100
4902,0,33,65,19,117
4903,82,34,0,18,134
4904,15,17,0,18,50
4905,0,17,0,18,35
4906,18,15,0,19,52
4907,0,15,0,19,34
4908,0,34,0,18,52
4909,33,15,0,16,64
4910,33,34,0,18,85
4911,0,15,0,16,31
4914,0,32,0,18,50
4915,0,14,0,18,32
4916,18,17,32,18,85
4917,34,15,69,32,150
4918,66,35,32,15,148
4920,18,16,0,16,50
4922,35,32,0,15,82
4924,32,33,67,18,150
4925,17,33,67,18,135
4926,0,33,67,18,118
4927,52,33,117,17,219
4928,0,34,33,18,85
4929,16,33,117,17,183
4930,0,33,117,17,167
4931,17,32,85,17,151
4933,0,14,85,17,116
4934,0,33,52,17,102
4935,15,34,99,17,165
4936,0,34,99,17,150
4937,16,35,0,15,66
4938,0,35,0,15,50
4942,0,32,17,17,66
4943,0,14,17,17,48
4944,17,17,0,17,51
4945,17,35,49,19,120
4946,0,35,49,19,103
4947,0,18,49,19,86
4948,0,32,17,19,68
4950,36,35,0,30,101
4952,0,35,0,30,65
4953,50,34,15,18,117
4954,64,33,32,19,148
4956,0,34,15,18,67
4957,0,19,15,18,52
4958,33,32,19,31,115
4959,85,31,18,18,152
4960,0,32,19,31,82
4961,0,17,19,31,67
4962,19,47,18,18,102
4963,0,47,18,18,83
4964,82,16,18,15,131
4965,101,15,19,17,152
4966,0,36,0,15,51
4968,15,16,18,15,64
4969,0,16,18,15,49
4970,0,33,19,17,69
4971,15,36,65,19,135
4972,0,36,65,19,120
4974,0,31,18,16,65
4978,0,32,35,17,84
4979,65,15,202,15,297
4980,0,35,50,18,103
4981,17,32,202,15,266
4982,0,32,202,15,249
4985,18,32,66,18,134
4986,14,18,66,18,116
4987,0,18,66,18,102
4988,0,34,17,15,66
4989,0,17,17,15,49
4991,15,34,34,15,98
4992,18,16,34,15,83
4995,17,33,49,17,116
4997,0,18,49,17,84
4999,49,33,86,14,182
5000,0,34,0,18,52
5003,101,14,34,18,167
5004,0,33,0,17,50
5006,35,32,34,18,119
5007,0,18,168,14,200
5008,0,32,34,18,84
5010,34,32,18,15,99
5013,0,14,18,15,47
5014,33,37,163,18,251
5015,0,15,19,18,52
5016,0,37,163,18,218
5019,0,17,17,15,49
5020,0,32,0,18,50
5021,15,36,18,31,100
5022,18,18,18,31,85
5023,50,32,35,15,132
5024,18,46,35,15,114
5026,0,32,35,15,82
5027,15,35,0,15,65
5028,0,35,0,15,50
5029,0,17,0,15,32
5030,15,18,0,17,50
5032,0,33,16,18,67
5033,0,16,16,18,50
5034,34,35,14,16,99
5035,18,35,14,16,83
5036,35,30,0,18,83
5037,47,35,0,18,100
5040,0,35,0,18,53
5042,0,33,18,17,68
5044,0,35,33,17,85
5045,0,17,33,17,67
5046,18,50,47,18,133
5047,50,32,15,18,115
5049,0,18,47,18,83
5050,47,18,18,34,117
5052,0,33,18,34,85
5053,36,34,82,18,170
5055,0,34,82,18,134
5057,100,47,0,19,166
5058,17,18,50,31,116
5060,14,18,18,31,81
5061,0,18,18,31,67
5062,65,19,48,18,150
5064,0,33,0,19,52
5065,52,31,0,18,101
5066,0,19,48,18,85
5067,0,48,0,18,66
5068,0,31,0,18,49
5070,33,34,0,18,85
5071,0,15,0,18,33
5072,0,34,0,18,52
5075,0,50,52,31,133
5076,18,17,52,31,118
5077,0,17,52,31,100
5078,52,47,17,17,133
5079,19,18,64,17,118
5080,32,33,17,17,99
5081,14,33,17,17,81
5083,0,16,17,17,50
5084,0,34,15,17,66
5085,0,17,15,17,49
5088,0,35,17,33,85
5090,17,50,15,18,100
5091,15,35,15,18,83
5092,0,35,15,18,68
5093,0,17,15,18,50
5094,0,33,15,16,64
5095,0,18,15,16,49
5096,31,33,20,32,116
5097,69,49,18,31,167
5098,0,33,20,32,85
5100,0,20,14,18,52
5101,0,49,18,31,98
5102,53,49,84,17,203
5103,49,35,84,17,185
5105,31,18,84,17,150
5108,0,17,0,31,48
5109,31,19,17,17,84
5110,17,19,17,17,70
5111,0,19,17,17,53
5113,50,33,50,33,166
5114,0,16,0,17,33
5116,0,33,50,33,116
5117,0,19,50,33,102
5118,50,33,0,32,115
5119,18,18,216,32,284
5124,17,18,15,17,67
5125,0,18,15,17,50
5126,51,32,0,32,115
5127,17,19,0,32,68
5129,0,32,0,32,64
5130,18,50,15,17,100
5133,0,18,15,17,50
5134,165,33,67,17,282
5135,0,17,53,32,102
5136,0,36,17,32,85
5137,0,18,17,32,67
5138,17,49,17,32,115
5139,14,35,17,32,98
5141,0,17,17,32,66
5142,31,33,67,17,148
5143,14,33,67,17,131
5144,0,33,67,17,117
5145,0,15,67,17,99
5146,17,18,32,17,84
5147,50,35,67,33,185
5148,0,18,14,17,49
5149,14,35,67,33,149
5150,17,18,67,33,135
5152,18,49,0,33,100
5154,18,17,0,33,68
5155,0,17,0,33,50
5156,0,33,0,15,48
5158,0,33,0,15,48
5161,0,19,17,34,70
5162,51,34,18,14,117
5164,18,34,18,14,84
5165,34,32,0,33,99
5166,19,32,0,33,84
5167,32,50,16,17,115
5168,47,17,16,17,97
5169,0,50,16,17,83
5170,34,33,100,32,199
5171,17,33,100,32,182
5172,33,32,50,18,133
5175,17,33,17,18,85
5176,0,33,17,18,68
5177,0,15,17,18,50
5179,18,32,0,16,66
5181,66,18,0,18,102
5182,0,35,0,32,67
5183,19,32,0,18,69
5184,0,32,0,18,50
5185,18,18,0,31,67
5187,31,17,17,17,82
5188,16,17,17,17,67
5189,17,34,0,15,66
5190,17,17,0,15,49
5191,0,17,0,15,32
5192,0,33,0,18,51
5193,36,51,16,18,121
5194,0,18,67,18,103
5196,0,36,16,18,70
5197,68,50,33,18,169
5198,0,16,116,18,150
5201,0,50,33,18,101
5202,0,33,33,18,84
5203,18,33,67,17,135
5204,66,34,0,17,117
5205,17,18,133,33,201
5206,0,18,133,33,184
5207,32,17,0,17,66
5208,34,17,67,33,151
5209,0,17,0,17,34
5210,0,17,67,33,117
5211,0,49,18,33,100
5213,35,33,0,18,86
5215,0,33,0,18,51
5216,19,34,80,19,152
5218,0,16,80,19,115
5219,0,32,0,33,65
5220,17,48,87,33,185
5222,0,33,87,33,153
5223,0,15,87,33,135
5225,31,18,19,33,101
5229,33,33,15,17,98
5231,48,32,18,17,115
5232,33,32,18,17,100
5233,0,47,18,17,82
5234,17,15,18,17,67
5235,33,17,16,17,83
5236,35,33,0,17,85
5238,0,33,0,17,50
5239,17,32,17,17,83
5240,17,15,17,17,66
5241,0,15,17,17,49
5243,35,49,16,17,117
5244,18,49,16,17,100
5247,16,33,19,33,101
5248,33,19,166,33,251
5249,17,19,166,33,235
5250,0,19,166,33,218
5252,18,50,49,15,132
5253,0,50,49,15,114
5256,15,18,16,15,64
5257,18,31,34,18,101
5258,16,15,34,18,83
5260,0,19,82,18,119
5261,0,48,18,16,82
5262,51,16,117,17,201
5265,0,16,117,17,150
5266,0,18,34,31,83
5267,34,50,97,18,199
5268,19,50,97,18,184
5269,31,19,97,18,165
5271,0,19,97,18,134
5272,32,33,32,18,115
5273,17,33,32,18,100
5274,0,33,32,18,83
5275,0,17,32,18,67
5276,0,32,36,33,101
5278,0,36,65,16,117
5279,51,32,233,18,334
5282,0,32,233,18,283
5283,32,18,18,17,85
5284,0,34,18,17,69
5286,0,18,0,17,35
5289,0,18,18,33,69
5290,0,18,15,18,51
5293,0,50,198,19,267
5294,17,18,198,19,252
5297,0,17,18,18,53
5298,18,50,0,18,86
5299,50,18,65,16,149
5300,0,32,0,18,50
5301,18,18,65,16,117
5302,0,18,65,16,99
5303,65,16,34,17,132
5305,18,31,34,17,100
5306,15,16,34,17,82
5307,0,16,34,17,67
5308,0,19,15,17,51
5310,17,17,84,31,149
5312,17,50,17,31,115
5313,32,18,17,31,98
5315,0,18,17,31,66
5316,17,49,16,17,99
5317,0,49,16,17,82
5318,17,18,16,17,68
5322,15,19,84,33,151
5323,0,19,84,33,136
5324,17,49,18,33,117
5325,0,49,18,33,100
5326,17,18,18,33,86
5327,0,18,18,33,69
5328,0,18,0,33,51
5329,65,18,15,18,116
5330,18,50,15,18,101
5333,33,18,0,33,84
5335,0,18,0,33,51
5336,0,33,50,33,116
5337,18,32,83,17,150
5338,32,18,82,19,151
5339,17,18,82,19,136
5340,0,18,82,19,119
5341,0,51,14,17,82
5342,0,36,14,17,67
5343,32,17,0,19,68
5346,0,19,0,32,51
5347,32,18,283,32,365
5348,17,18,283,32,350
5349,0,18,283,32,333
5350,15,17,32,18,82
5351,0,17,32,18,67
5353,14,35,15,18,82
5355,0,17,15,18,50
5357,36,51,64,18,169
5358,0,18,133,32,183
5359,0,51,64,18,133
5361,19,32,50,32,133
5362,0,32,50,32,114
5364,0,32,0,18,50
5366,0,18,183,15,216
5367,0,50,0,17,67
5368,17,18,0,17,52
5369,35,50,20,16,121
5371,0,50,20,16,86
5372,18,18,20,16,72
5374,36,30,33,17,116
5375,0,46,33,17,96
5378,0,33,17,18,68
5380,35,32,51,32,150
5382,32,32,19,32,115
5385,36,47,17,18,118
5387,0,47,17,18,82
5388,0,32,17,18,67
5389,0,15,17,18,50
5390,0,35,15,18,68
5393,0,18,17,18,53
5394,0,17,134,31,182
5395,18,32,15,17,82
5397,17,32,52,31,132
5400,101,18,65,18,202
5401,0,17,84,32,133
5402,0,17,16,15,48
5403,31,18,18,32,99
5406,0,18,65,18,101
5407,0,47,18,18,83
5408,17,15,18,18,68
5411,0,18,15,16,49
5412,0,31,0,17,48
5413,33,18,17,17,85
5415,0,18,17,17,52
5416,49,17,0,18,84
5417,0,17,15,17,49
5418,32,18,15,18,83
5419,0,17,0,18,35
5421,15,32,153,34,234
5422,18,14,153,34,219
5425,135,34,0,32,201
5426,49,18,33,18,118
5427,0,49,33,18,100
5428,16,18,33,18,85
5429,0,18,33,18,69
5431,0,33,81,17,131
5432,18,34,0,32,84
5433,0,34,0,32,66
5434,18,47,0,17,82
5435,0,47,0,17,64
5436,17,15,0,17,49
5438,0,35,32,17,84
5440,0,32,0,17,49
5442,17,18,0,17,52
5444,17,50,0,32,99
5447,0,17,0,32,49
5448,64,36,100,32,232
5449,17,18,67,32,134
5450,0,18,67,32,117
5451,0,50,100,32,182
5453,0,18,100,32,150
5454,17,50,83,31,181
5455,15,35,83,31,164
5456,17,18,83,31,149
5457,18,33,32,18,101
5458,0,33,32,18,83
5459,0,18,32,18,68
5460,0,32,18,31,81
5461,17,18,0,31,66
5462,0,18,0,31,49
5464,0,33,17,17,67
5465,0,18,17,17,52
5466,0,34,0,31,65
5467,17,31,34,17,99
5468,50,51,49,32,182
5469,16,19,64,18,117
5470,51,19,49,32,151
5473,0,19,49,32,100
5474,0,31,118,15,164
5476,0,18,64,20,102
5479,0,18,14,20,52
5480,34,31,0,18,83
5481,0,20,16,15,51
5482,31,18,67,33,149
5483,15,18,67,33,133
5486,0,33,17,33,83
5487,50,33,0,18,101
5488,17,48,0,18,83
5489,0,48,0,18,66
5490,18,15,0,18,51
5492,0,35,0,15,50
5493,0,17,0,15,32
5494,50,51,0,32,133
5495,0,18,0,17,35
5497,0,51,0,32,83
5498,18,18,0,32,68
5499,18,32,0,18,68
5500,0,32,0,18,50
5501,17,18,14,18,67
5502,0,18,14,18,50
5504,18,18,17,32,85
5505,0,18,17,32,67
5506,17,47,50,18,132
5508,18,15,50,18,101
5509,0,15,50,18,83
5512,0,33,34,32,99
5513,18,34,15,17,84
5516,0,32,52,31,115
5519,14,19,14,17,64
5521,31,19,15,19,84
5522,17,19,15,19,70
5523,34,19,15,18,86
5524,34,33,0,31,98
5525,0,19,15,18,52
5528,31,36,14,16,97
5531,0,19,14,16,49
5534,0,19,66,17,102
5537,14,36,16,17,83
5538,0,36,16,17,69
5539,0,17,16,17,50
5541,0,17,0,33,50
5543,101,18,83,34,236
5544,0,18,147,19,184
5545,48,35,83,34,200
5546,0,17,0,32,49
5547,0,50,83,34,167
5548,17,18,83,34,152
5549,33,18,31,19,101
5550,15,18,31,19,83
5551,18,31,86,33,168
5553,15,19,67,33,134
5554,19,34,33,33,119
5555,0,34,33,33,100
5556,18,33,15,18,84
5557,48,34,33,18,133
5558,18,49,33,18,118
5561,16,18,15,18,67
5563,15,18,15,18,66
5564,18,33,16,15,82
5565,15,18,16,15,64
5567,0,50,16,18,84
5568,0,34,16,18,68
5569,0,19,16,18,53
5571,52,32,0,14,98
5572,49,17,0,14,80
5573,18,32,0,14,64
5574,0,32,0,14,46
5577,0,19,165,18,202
5578,0,34,17,32,83
5580,0,17,65,17,99
5582,18,15,18,17,68
5584,67,35,0,21,123
5587,17,35,0,21,73
5588,35,21,12,15,83
5589,38,45,66,18,167
5590,0,21,12,15,48
5593,0,18,66,18,102
5594,17,18,14,17,66
5595,18,31,0,18,67
5599,0,50,18,32,100
5600,0,35,18,32,85
5601,18,18,0,32,68
5602,82,17,0,18,117
5604,0,36,31,18,85
5605,18,31,0,18,67
5608,18,15,18,18,69
5610,0,36,116,31,183
5611,0,18,116,31,165
5613,17,33,15,19,84
5614,0,33,15,19,67
5615,18,34,0,17,69
5618,48,19,31,18,116
5620,35,31,52,17,135
5621,0,19,31,18,68
5622,0,31,52,17,100
5623,17,35,17,17,86
5625,0,17,17,17,51
5626,17,50,17,32,116
5629,17,17,114,18,166
5630,31,36,32,18,117
5631,0,50,32,18,100
5632,53,33,14,18,118
5633,82,35,18,33,168
5635,33,49,18,33,133
5637,0,49,18,33,100
5638,68,18,181,18,285
5640,0,18,66,34,118
5641,15,18,181,18,232
5642,32,19,0,34,85
5643,46,21,97,17,181
5644,0,19,0,34,53
5645,0,34,97,17,148
5646,21,47,67,18,153
5648,14,17,67,18,116
5652,0,32,18,15,65
5653,69,16,34,17,136
5654,18,15,19,16,68
5655,15,35,34,17,101
5657,31,19,0,17,67
5658,15,19,0,17,51
5661,0,49,17,17,83
5663,17,34,0,15,66
5664,34,33,0,17,84
5665,32,18,0,17,67
5666,33,17,0,32,82
5667,0,18,0,17,35
5668,0,17,0,32,49
5669,32,18,15,17,82
5671,0,18,15,17,50
5672,15,17,52,33,117
5673,17,35,17,33,102
5675,0,17,17,33,67
5677,0,33,0,32,65
5678,0,17,0,32,49
5679,0,50,49,17,116
5680,35,32,17,17,101
5681,0,18,49,17,84
5682,0,32,17,17,66
5684,0,34,18,30,82
5686,18,48,18,33,117
5687,15,33,18,33,99
5689,0,18,18,33,69
5690,0,18,0,33,51
5691,33,50,34,33,150
5693,32,18,34,33,117
5695,18,20,14,33,85
5697,0,47,50,32,129
5698,0,33,50,32,115
5699,18,33,0,17,68
5700,0,33,0,17,50
5703,0,50,64,17,131
5704,17,18,64,17,116
5705,0,18,64,17,99
5706,33,17,14,17,81
5707,18,17,14,17,66
5708,0,17,14,17,48
5709,0,50,31,18,99
5710,0,36,31,18,85
5712,0,17,14,18,49
5713,14,36,99,18,167
5715,18,16,0,32,66
5716,0,16,0,32,48
5717,32,17,0,17,66
5719,0,17,0,17,34
5721,0,17,0,18,35
5722,0,18,0,32,50
5723,0,47,68,15,130
5724,17,15,68,15,115
5729,0,18,15,18,51
5731,0,18,18,17,53
5732,0,18,0,17,35
5733,17,32,18,31,98
5736,0,18,82,16,116
5737,0,50,165,18,233
5738,17,19,165,18,219
5739,0,19,165,18,202
5741,0,18,33,18,69
5742,0,33,82,18,133
5743,0,17,82,18,117
5744,18,50,14,18,100
5746,17,18,14,18,67
5748,0,32,18,30,80
5751,0,47,18,17,82
5752,32,35,18,32,117
5753,0,17,18,17,52
5755,17,18,14,18,67
5756,18,50,101,31,200
5757,14,36,101,31,182
5758,0,36,101,31,168
5759,33,18,34,34,119
5760,0,33,34,34,101
5763,0,51,14,17,82
5765,0,18,14,17,49
5766,0,31,15,19,65
5767,32,19,18,32,101
5768,0,34,18,32,84
5769,19,18,0,32,69
5770,0,18,0,32,50
5773,18,32,18,31,99
5774,15,17,18,31,81
5778,17,18,34,34,103
5783,19,31,85,16,151
5784,0,31,85,16,132
5785,0,17,85,16,118
5786,0,19,0,31,50
5787,0,49,33,33,115
5788,17,18,33,33,101
5789,0,18,33,33,84
5791,0,49,166,18,233
5792,0,33,166,18,217
5793,19,35,14,17,85
5794,35,31,32,18,116
5795,0,20,14,17,51
5796,0,31,32,18,81
5797,17,18,50,32,117
5798,0,18,50,32,100
5799,0,50,0,32,82
5800,18,18,0,32,68
5801,0,18,0,32,50
5802,0,32,18,32,82
5803,18,18,133,33,202
5804,0,18,133,33,184
5805,32,17,0,17,66
5806,17,17,0,17,51
5807,34,20,0,29,83
5808,0,37,0,29,66
5809,0,20,0,29,49
5811,17,18,0,33,68
5813,0,51,0,17,68
5816,0,17,0,31,48
5817,0,48,85,32,165
5818,0,34,85,32,151
5819,0,17,85,32,134
5820,0,17,0,34,51
5821,0,34,34,32,100
5823,16,18,0,32,66
5824,18,47,18,17,100
5826,0,32,18,17,67
5827,0,15,18,17,50
5828,35,32,0,18,85
5829,32,17,0,18,67
5830,32,18,0,18,68
5831,0,17,0,18,35
5832,152,50,50,32,284
5834,16,51,13,17,97
5835,0,51,13,17,81
5836,0,37,13,17,67
5840,19,50,50,32,151
5842,0,33,50,32,115
5843,34,15,19,32,100
5844,16,15,19,32,82
5845,15,19,14,18,66
5846,0,19,14,18,51
5848,0,34,153,30,217
5849,0,16,153,30,199
5850,0,36,82,15,133
5854,0,34,15,15,64
5856,0,30,20,30,80
5857,15,20,65,32,132
5858,50,17,18,32,117
5859,47,18,0,32,97
5860,15,17,18,32,82
5861,0,17,18,32,67
5862,18,48,18,21,105
5863,32,16,18,21,87
5864,17,16,18,21,72
5865,34,21,15,30,100
5866,18,21,15,30,84
5867,21,15,0,30,66
5868,45,19,17,31,112
5869,0,49,17,31,97
5870,18,19,17,31,85
5871,50,36,14,17,117
5872,0,17,0,31,48
5874,36,31,0,16,83
5875,0,19,14,17,50
5876,0,31,0,16,47
5877,17,34,18,17,86
5880,117,17,50,14,198
5881,0,51,48,17,116
5882,0,34,48,17,99
5883,0,19,48,17,84
5884,0,33,266,33,332
5885,18,32,50,14,114
5886,66,30,0,19,115
5888,0,34,30,19,83
5889,18,30,0,19,67
5890,0,30,0,19,49
5891,14,37,32,17,100
5892,19,18,32,17,86
5893,35,47,69,33,184
5894,0,17,15,17,49
5896,0,32,69,33,134
5897,0,15,69,33,117
5898,0,35,17,17,69
5899,85,33,18,32,168
5900,17,50,0,14,81
5901,0,50,0,14,64
5902,33,33,18,32,116
5903,0,18,0,14,32
5904,0,33,18,32,83
5905,0,19,18,32,69
5906,50,48,167,18,283
5907,32,48,167,18,265
5909,0,48,167,18,233
5910,67,35,34,31,167
5911,34,17,69,31,151
5912,0,34,69,31,134
5914,0,35,34,31,100
5918,31,19,67,31,148
5919,17,19,67,31,134
5920,19,50,17,31,117
5922,53,48,32,19,152
5923,0,18,17,31,66
5924,48,17,32,19,116
5926,17,17,32,19,85
5927,17,18,133,32,200
5928,0,18,133,32,183
5930,0,19,14,18,51
5931,0,48,136,34,218
5935,17,18,84,34,153
5936,0,18,84,34,136
5937,32,18,17,17,84
5938,18,18,17,17,70
5941,0,51,15,33,99
5942,0,34,15,33,82
5945,33,50,18,17,118
5946,0,19,15,17,51
5947,15,35,18,17,85
5948,70,32,0,18,120
5949,67,18,0,18,103
5951,0,49,0,18,67
5952,14,18,0,18,50
5953,0,18,0,18,36
5954,18,33,65,17,133
5956,49,18,66,19,152
5957,30,18,66,19,133
5959,0,18,66,19,103
5960,0,34,116,18,168
5961,32,17,19,32,100
5962,0,32,19,32,83
5963,36,50,15,18,119
5964,0,19,0,32,51
5967,33,18,18,16,85
5970,132,32,68,17,249
5971,16,31,18,18,83
5973,17,18,49,15,99
5974,0,18,49,15,82
5976,0,31,15,17,63
5978,32,36,32,17,117
5979,17,36,32,17,102
5980,0,36,32,17,85
5981,18,18,115,34,185
5982,0,18,115,34,167
5983,0,49,49,17,115
5985,0,18,49,17,84
5986,31,35,0,34,100
5987,67,19,48,19,153
5988,0,35,0,34,69
5989,83,35,32,18,168
5990,15,19,48,19,101
5992,0,32,16,19,67
5993,17,35,32,18,102
5994,0,35,32,18,85
5995,19,32,0,18,69
5996,0,32,0,18,50
5997,0,18,0,18,36
