序号,发送->接收,接收->转发,转发->接收,接收->处理,总计
1,0,50,75,13,138
2,0,25,0,16,41
3,17,31,19,13,80
5,0,15,19,13,47
6,52,17,18,13,100
7,0,13,20,17,50
9,0,17,18,13,48
11,0,13,52,16,81
12,0,31,21,16,68
13,13,37,0,16,66
14,0,37,0,16,53
15,32,19,66,20,137
16,0,35,66,20,121
17,0,19,66,20,105
18,15,18,0,16,49
19,18,33,20,30,101
22,20,45,18,15,98
23,12,33,18,15,78
24,0,33,18,15,66
25,48,34,82,19,183
26,0,33,18,16,67
27,15,34,82,19,150
30,0,34,0,15,49
33,33,19,17,15,84
34,0,34,17,15,66
35,0,19,17,15,51
37,15,34,18,14,81
39,15,32,17,20,84
40,0,32,17,20,69
43,20,30,0,16,66
44,0,30,0,16,46
45,31,19,0,16,66
46,16,19,0,16,51
47,35,16,18,18,87
49,0,16,18,18,52
51,18,30,35,16,99
52,0,30,35,16,81
53,34,16,0,16,66
54,19,16,0,16,51
56,0,34,15,20,69
58,0,35,0,14,49
60,14,19,14,15,62
61,0,19,14,15,48
62,29,36,98,15,178
63,15,36,98,15,164
64,17,19,98,15,149
65,0,19,98,15,132
67,19,34,116,15,184
68,14,20,116,15,165
69,20,30,119,16,185
70,30,34,52,15,131
71,31,19,52,15,117
72,101,34,16,18,169
73,0,19,52,15,86
75,136,15,217,18,386
76,33,34,16,18,101
77,49,34,82,19,184
79,0,16,16,18,50
81,18,31,217,18,284
82,0,31,217,18,266
83,0,15,217,18,250
84,34,36,47,17,134
88,0,30,17,17,64
89,14,34,19,14,81
90,17,17,19,14,67
92,52,16,15,18,101
93,0,14,86,14,114
94,0,35,15,18,68
96,0,33,18,14,65
97,18,32,18,18,86
98,32,36,15,16,99
100,36,31,18,16,101
101,0,18,15,16,49
102,15,16,18,16,65
103,0,16,18,16,50
104,69,32,151,16,268
105,16,35,164,19,234
106,0,35,164,19,218
108,15,17,151,16,199
109,0,17,151,16,184
111,15,36,15,17,83
112,0,36,15,17,68
113,18,32,17,15,82
114,0,32,17,15,64
115,0,17,17,15,49
116,0,32,51,18,101
117,15,35,84,14,148
118,69,32,51,14,166
120,0,34,50,14,98
122,15,17,51,14,97
124,32,33,52,15,132
125,14,33,52,15,114
126,0,33,52,15,100
128,19,18,47,19,103
129,0,18,47,19,84
130,15,15,50,17,97
131,15,36,81,17,149
132,0,36,81,17,134
134,0,31,18,17,66
135,17,35,50,17,119
136,0,35,50,17,102
138,15,17,50,18,100
140,18,17,50,16,101
142,15,18,17,16,66
143,18,33,50,16,117
144,0,33,50,16,99
146,0,32,49,17,98
148,18,16,15,17,66
149,0,16,15,17,48
151,0,17,19,16,52
152,0,35,50,15,100
153,0,16,50,15,81
154,0,34,16,15,65
157,0,15,118,19,152
158,68,34,16,19,137
159,0,15,19,15,49
160,34,34,16,19,103
161,15,34,16,19,84
162,50,19,15,15,99
163,18,35,15,15,83
164,0,35,15,15,65
165,0,19,15,15,49
166,0,30,51,16,97
168,19,16,51,15,101
169,0,16,51,15,82
170,51,15,18,15,99
171,0,16,86,15,117
172,19,15,18,15,67
173,0,15,18,15,48
174,0,33,19,15,67
175,15,34,49,19,117
177,49,34,50,14,147
178,17,17,15,19,68
180,0,34,50,14,98
181,19,32,50,17,118
182,0,32,50,17,99
183,0,17,50,17,84
184,50,17,52,16,135
185,14,35,52,16,117
188,18,15,85,15,133
189,0,15,85,15,115
192,0,33,17,15,65
193,50,32,17,14,113
195,47,31,54,18,150
196,18,14,17,14,63
197,0,14,17,14,45
198,68,35,48,17,168
199,14,37,17,18,86
200,0,37,17,18,72
203,18,33,115,17,183
204,0,33,115,17,165
205,33,17,51,17,118
206,15,17,51,17,100
207,33,17,18,17,85
208,0,33,18,17,68
209,35,17,15,17,84
210,35,32,15,18,100
212,15,17,15,18,65
213,32,18,49,17,116
215,0,18,49,17,84
216,18,18,49,15,100
217,18,30,19,15,82
218,0,30,19,15,64
220,19,15,49,18,101
221,0,15,49,18,82
225,52,34,51,14,151
226,34,34,51,14,133
228,0,34,51,14,99
229,0,18,51,14,83
230,15,18,49,18,100
231,18,32,17,18,85
232,0,32,17,18,67
233,49,32,49,17,147
234,0,35,50,14,99
236,0,32,49,17,98
237,49,34,85,14,182
238,0,32,17,17,66
239,14,34,85,14,147
240,34,34,19,14,101
242,0,34,19,14,67
243,0,19,19,14,52
245,32,14,18,18,82
246,18,14,18,18,68
248,0,36,48,18,102
249,84,32,50,18,184
250,0,32,49,17,98
252,16,18,15,17,66
253,0,18,15,17,50
258,50,17,49,17,133
259,0,18,18,17,53
260,0,35,49,17,101
261,0,17,49,17,83
262,0,31,18,17,66
265,17,33,17,14,81
266,0,33,17,14,64
267,50,34,18,18,120
268,0,31,84,17,132
269,33,15,18,18,84
270,0,34,18,18,70
271,0,15,18,18,51
272,50,17,18,14,99
274,14,17,18,14,63
275,17,32,18,17,84
276,0,32,18,17,67
277,14,35,18,14,81
279,35,14,51,18,118
281,0,14,51,18,83
283,51,35,15,15,116
284,48,20,15,15,98
287,0,20,15,15,50
288,30,36,82,15,163
289,0,15,18,18,51
290,36,32,151,13,232
292,97,33,17,17,164
293,18,31,120,13,182
294,0,31,120,13,164
297,15,33,17,17,82
298,0,33,17,17,67
299,49,32,20,15,116
300,34,32,20,15,101
301,17,32,20,15,84
302,32,35,18,15,100
304,0,35,18,15,68
307,15,33,0,18,66
309,0,15,0,18,33
311,0,17,50,15,82
312,0,32,33,18,83
313,17,33,53,16,119
314,0,33,53,16,102
315,33,17,18,16,84
316,18,17,18,16,69
317,0,17,18,16,51
318,34,32,99,17,182
319,48,34,17,15,114
321,17,34,17,15,83
322,0,34,17,15,66
324,0,32,33,17,82
325,15,33,0,17,65
327,15,35,16,18,84
329,0,18,16,18,52
330,16,18,17,16,67
332,33,32,49,17,131
334,0,32,49,17,98
335,0,17,49,17,83
336,32,34,50,18,134
337,14,34,50,18,116
338,34,36,32,15,117
339,17,36,32,15,100
341,17,32,0,15,64
342,0,32,0,15,47
343,18,33,116,18,185
345,18,34,0,16,68
346,34,34,115,18,201
347,18,34,115,18,185
348,34,31,17,18,100
350,0,31,17,18,66
351,67,19,133,17,236
353,18,34,133,17,202
354,0,34,133,17,184
355,0,19,133,17,169
356,15,18,15,17,65
357,18,32,85,15,150
360,0,33,67,17,117
361,52,32,51,17,152
362,35,32,51,17,135
365,15,33,18,17,83
367,16,35,33,18,102
369,50,32,18,17,117
370,0,33,0,18,51
371,85,33,19,14,151
373,14,35,17,16,82
375,17,33,19,14,83
377,0,16,19,14,49
378,0,33,34,15,82
379,63,18,0,15,96
380,0,34,15,18,67
381,0,18,15,18,51
384,15,19,15,17,66
386,15,17,52,15,99
389,17,33,18,14,82
390,33,32,68,18,151
391,15,32,68,18,133
392,0,32,68,18,118
393,14,33,18,17,82
394,0,33,18,17,68
395,14,35,18,16,83
396,0,35,18,16,69
397,17,34,117,15,183
399,0,16,117,15,148
400,0,32,0,16,48
401,18,33,52,15,118
402,0,33,52,15,100
403,52,32,33,18,135
404,35,32,33,18,118
406,0,32,33,18,83
407,15,33,33,17,98
408,0,33,33,17,83
409,35,15,0,17,67
410,0,33,0,17,50
413,0,18,32,17,67
414,100,33,17,15,165
415,0,17,50,18,85
416,17,18,148,17,200
417,51,33,17,15,116
419,51,32,16,23,122
420,0,33,17,15,65
421,18,32,16,23,89
424,16,23,11,17,67
425,0,23,11,17,51
426,0,28,117,18,163
427,17,36,99,16,168
428,18,18,99,16,151
429,0,18,99,16,133
430,31,34,16,18,99
431,17,34,16,18,85
432,0,34,16,18,68
434,0,34,48,17,99
435,66,17,118,16,217
436,0,34,14,17,65
437,0,18,14,17,49
438,31,35,49,16,131
439,17,35,49,16,117
440,0,35,49,16,100
442,31,34,18,16,99
443,14,34,18,16,82
444,34,34,185,15,268
445,34,16,185,15,250
447,0,16,185,15,216
448,18,15,85,14,132
449,0,15,85,14,114
450,33,33,19,14,99
451,14,33,19,14,80
452,33,33,16,18,100
453,34,14,16,18,82
454,0,33,16,18,67
458,0,34,50,18,102
459,0,15,50,18,83
460,0,32,51,17,100
461,0,14,51,17,82
463,18,32,20,30,100
464,0,32,20,30,82
465,17,20,97,15,149
466,0,20,97,15,132
467,30,16,17,19,82
468,15,16,17,19,67
469,33,19,113,18,183
472,15,15,18,17,65
473,0,15,18,17,50
474,50,19,14,18,101
475,0,17,15,19,51
476,48,18,17,17,100
478,0,32,17,17,66
481,0,17,48,19,84
483,33,19,83,17,152
485,19,32,51,17,119
486,15,17,51,17,100
487,51,34,50,15,150
488,34,34,50,15,133
489,16,34,50,15,115
490,17,17,50,15,99
491,17,34,16,15,82
492,16,18,16,15,65
493,34,15,50,18,117
494,31,36,14,18,99
495,15,36,14,18,83
496,0,36,14,18,68
498,14,18,33,17,82
499,18,33,35,14,100
500,0,33,35,14,82
501,0,18,35,14,67
502,17,18,0,14,49
503,0,18,0,14,32
504,14,18,32,15,79
505,0,18,32,15,65
507,15,35,33,15,98
508,15,20,33,15,83
509,0,20,33,15,68
511,15,33,18,16,82
514,34,33,165,18,250
515,31,18,165,18,232
517,102,15,49,17,183
518,0,31,0,18,49
524,35,31,18,18,102
525,17,31,18,18,84
526,49,18,0,16,83
527,17,36,0,16,69
529,0,18,0,16,34
530,0,31,51,17,99
531,32,16,18,17,83
533,16,35,48,19,118
534,35,34,14,19,102
535,0,17,48,19,84
536,0,34,14,19,67
537,32,19,51,16,118
538,14,19,51,16,100
540,0,33,49,18,100
541,52,33,15,18,118
542,0,34,15,18,67
544,81,19,53,31,184
545,0,18,15,18,51
546,15,18,51,15,99
547,0,18,51,15,84
549,51,21,13,18,103
551,15,21,13,18,67
552,0,21,13,18,52
554,18,15,15,18,66
556,0,33,18,16,67
557,0,18,18,16,52
559,83,33,18,14,148
560,0,32,18,17,67
561,14,35,51,14,114
562,35,33,18,14,100
563,17,33,18,14,82
566,32,34,18,14,98
567,14,34,18,14,80
568,0,34,18,14,66
570,18,14,100,18,150
571,14,35,202,14,265
572,0,35,202,14,251
573,35,15,0,18,68
575,0,15,0,18,33
576,18,14,18,17,67
577,0,14,18,17,49
578,18,17,0,16,51
579,0,17,0,16,33
580,0,34,32,18,84
581,0,18,32,18,68
583,50,31,17,17,115
584,0,36,31,17,84
586,14,17,17,17,65
588,0,34,50,16,100
589,0,17,50,16,83
592,32,35,0,15,82
593,16,35,0,15,66
594,35,33,133,15,216
595,53,33,33,15,134
597,0,18,133,15,166
598,0,33,33,15,81
599,18,33,67,15,133
600,33,34,33,15,115
601,17,34,33,15,99
602,0,34,33,15,82
603,0,19,33,15,67
604,0,33,34,15,82
606,0,34,50,15,99
607,0,19,50,15,84
608,15,16,19,15,65
609,50,35,16,16,117
613,0,19,16,16,51
615,16,33,0,18,67
616,51,15,32,18,116
617,17,33,32,18,100
618,0,33,32,18,83
621,14,36,68,15,133
624,33,35,47,17,132
625,18,35,47,17,117
626,35,32,116,18,201
627,17,32,116,18,183
628,0,32,116,18,166
629,17,32,0,17,66
630,32,34,114,21,201
631,0,17,0,17,34
633,34,18,15,18,85
634,17,18,15,18,68
637,18,33,13,21,85
638,0,33,13,21,67
640,13,21,48,17,99
641,69,17,0,18,104
643,0,15,18,17,50
644,18,17,0,18,53
645,0,17,0,18,35
648,36,32,33,17,118
650,0,32,33,17,82
651,33,18,0,17,68
654,0,32,103,16,151
655,0,15,103,16,134
656,17,17,50,19,103
657,17,32,37,16,102
659,0,14,37,16,67
660,37,31,18,15,101
661,19,31,18,15,83
662,0,31,18,15,64
663,0,15,18,15,48
664,33,33,68,18,152
666,0,33,68,18,119
667,17,36,32,18,103
668,0,36,32,18,86
669,32,18,0,18,68
670,0,32,0,18,50
671,85,33,48,18,184
672,18,14,35,15,82
673,0,14,35,15,64
674,0,35,0,15,50
675,17,33,48,18,116
676,15,18,48,18,99
677,0,18,48,18,84
678,32,34,53,32,151
679,15,34,53,32,134
680,16,18,53,32,119
681,18,37,16,32,103
684,0,16,65,15,96
685,0,47,115,18,180
686,17,15,115,18,165
687,33,15,18,14,80
688,33,32,18,18,101
694,32,34,49,18,133
695,18,34,49,18,119
696,0,34,49,18,101
697,98,18,15,18,149
698,0,32,17,18,67
700,17,18,15,18,68
701,0,18,15,18,51
703,0,18,15,18,51
704,15,18,150,18,201
705,0,18,150,18,186
706,0,34,149,18,201
707,0,18,149,18,185
711,0,16,152,17,185
712,19,15,17,18,69
713,0,15,17,18,50
714,35,33,14,18,100
715,18,33,14,18,83
716,33,32,49,17,131
717,0,18,14,18,50
718,0,32,49,17,98
720,18,17,49,15,99
721,17,31,18,15,81
722,0,31,18,15,64
723,0,17,18,15,50
725,0,15,216,18,249
726,0,36,50,17,103
728,0,33,17,17,67
729,0,18,17,17,52
730,34,32,18,14,98
731,17,32,18,14,81
732,32,32,203,17,284
733,98,18,18,15,149
736,0,35,50,15,100
737,17,32,18,15,82
738,14,18,18,15,65
740,33,35,17,15,100
743,0,18,17,15,50
744,17,15,53,16,101
745,15,36,82,17,150
747,0,18,82,17,117
748,17,16,66,16,115
749,16,30,86,15,147
750,14,16,86,15,131
751,0,16,86,15,117
752,52,15,19,15,101
753,17,31,19,15,82
754,50,15,18,16,99
755,0,15,19,15,49
756,19,15,18,16,68
758,34,34,15,18,101
759,16,34,15,18,83
760,18,16,15,18,67
762,15,18,133,18,184
763,18,34,0,15,67
764,0,34,0,15,49
765,34,18,0,15,67
767,18,33,0,18,69
771,0,15,18,16,49
772,0,34,15,18,67
773,31,18,19,13,81
774,15,18,19,13,65
775,0,18,19,13,50
776,0,32,0,19,51
777,82,34,14,18,148
778,19,15,49,20,103
779,32,18,82,19,151
780,17,18,82,19,136
781,52,32,16,19,119
782,34,32,16,19,101
783,20,32,16,19,87
785,0,18,16,19,53
786,0,35,48,17,100
787,34,15,50,18,117
788,0,30,50,18,98
790,35,33,18,17,103
791,85,30,85,17,217
792,0,33,18,17,68
793,18,35,15,15,83
794,35,30,85,17,167
795,32,15,85,17,149
797,15,38,12,17,82
798,0,38,12,17,67
799,0,19,12,17,48
801,35,17,132,17,201
802,35,34,17,15,101
804,0,34,17,15,66
805,48,33,33,17,131
806,0,32,19,14,65
809,0,14,33,17,64
810,18,15,67,17,117
811,32,18,67,14,131
812,35,32,35,14,116
813,18,32,35,14,99
815,66,19,18,14,117
816,17,18,0,14,49
817,0,18,0,14,32
818,14,19,18,14,65
819,0,19,18,14,51
820,18,14,16,19,67
822,0,35,0,15,50
823,0,19,0,15,34
824,0,33,66,15,114
825,18,32,17,17,84
826,49,17,33,17,116
828,17,17,33,17,84
829,17,33,85,14,149
831,0,18,85,14,117
832,17,19,13,18,67
833,50,32,18,17,117
834,13,18,87,30,148
835,50,35,20,30,135
836,32,35,20,30,117
837,14,35,20,30,99
838,35,20,98,15,168
839,17,20,98,15,150
842,18,15,120,14,167
844,18,19,16,15,68
847,49,32,0,18,99
848,0,34,18,14,66
849,0,19,18,14,51
850,0,32,0,18,50
851,14,36,13,18,81
852,0,36,13,18,67
853,0,18,13,18,49
855,18,34,49,18,119
856,101,35,164,17,317
857,0,16,49,18,83
858,0,32,168,18,218
859,0,15,168,18,201
860,17,18,0,17,52
862,35,31,0,19,85
863,18,31,0,19,68
864,0,31,0,19,50
866,19,13,68,18,118
867,48,33,0,18,99
868,17,18,18,15,68
869,18,33,0,18,69
871,65,15,34,17,131
872,18,15,49,17,99
875,0,15,34,17,66
876,0,34,0,17,51
877,17,36,18,29,100
879,37,48,14,18,117
881,0,48,14,18,80
882,14,19,14,18,65
883,33,18,18,14,83
886,32,35,0,18,85
889,18,32,84,18,152
890,50,18,48,18,134
893,51,33,18,14,116
894,0,33,15,18,66
895,19,33,18,14,84
897,0,18,18,14,50
901,0,15,86,14,115
902,0,34,85,18,137
903,33,15,19,14,81
904,18,15,19,14,66
906,19,14,19,18,70
907,0,14,19,18,51
908,0,37,14,17,68
911,17,34,51,16,118
912,19,15,51,16,101
913,32,16,18,16,82
914,17,16,18,16,67
915,0,16,18,16,50
917,16,32,67,17,132
918,0,32,67,17,116
919,16,39,45,15,115
920,0,39,45,15,99
922,0,28,17,15,60
924,17,15,19,14,65
925,0,15,19,14,48
926,0,33,53,15,101
928,0,35,18,15,68
929,0,18,18,15,51
930,0,33,0,18,51
931,0,15,0,18,33
935,0,18,14,17,49
936,14,17,17,18,66
937,0,17,17,18,52
938,35,32,18,16,101
939,18,32,18,16,84
942,18,16,50,16,100
943,16,32,18,16,82
946,18,16,51,17,102
948,68,32,19,15,134
949,32,17,15,17,81
950,35,32,19,15,101
951,17,32,19,15,83
953,17,34,16,17,84
954,0,34,16,17,67
956,0,33,0,18,51
957,0,17,0,18,35
958,0,32,18,19,69
960,18,19,67,15,119
962,14,18,17,18,67
963,0,18,17,18,53
964,0,35,64,18,117
965,18,34,0,13,65
967,0,19,0,13,32
969,0,17,0,18,35
970,0,32,18,18,68
975,0,18,117,15,150
976,18,15,84,15,132
977,0,15,84,15,114
978,35,32,81,19,167
979,0,19,49,15,83
982,0,32,16,16,64
983,0,15,16,16,47
986,54,14,19,17,104
987,0,19,18,14,51
988,68,33,13,19,133
989,0,14,19,17,50
991,17,33,13,19,82
993,31,19,50,17,117
995,0,19,50,17,86
997,14,35,16,18,83
999,17,34,31,18,100
1000,0,34,31,18,83
1001,18,31,33,17,99
1002,0,31,33,17,81
1003,17,33,50,17,117
1004,0,33,50,17,100
1005,51,31,0,18,100
1006,17,19,31,18,85
1007,0,19,31,18,68
1008,14,17,0,18,49
1009,17,38,13,17,85
1011,50,32,0,18,100
1012,0,30,84,14,128
1013,17,32,0,18,67
1014,0,32,0,18,50
1017,17,31,19,14,81
1018,0,31,19,14,64
1019,14,33,34,17,98
1020,0,33,34,17,84
1021,48,37,116,17,218
1025,0,20,116,17,153
1026,0,31,0,18,49
1030,17,17,18,17,69
1031,17,35,31,16,99
1033,31,17,116,18,182
1034,0,31,116,18,165
1035,0,17,116,18,151
1036,0,33,18,17,68
1038,35,34,32,17,118
1039,51,32,36,14,133
1040,34,32,36,14,116
1042,0,32,36,14,82
1044,0,36,14,15,65
1046,0,29,0,19,48
1047,0,15,0,19,34
1048,19,16,0,18,53
1051,0,14,18,15,47
1052,0,33,0,18,51
1054,40,17,12,17,86
1055,39,45,50,15,149
1056,46,16,50,15,127
1057,0,45,50,15,110
1058,17,16,50,15,98
1059,0,16,50,15,81
1060,14,18,18,15,65
1061,18,33,16,19,86
1062,117,18,14,19,168
1063,0,15,16,19,50
1065,19,34,15,18,86
1066,34,33,14,19,100
1067,19,33,14,19,85
1069,18,33,15,19,85
1070,0,33,15,19,67
1071,19,34,82,18,153
1072,34,31,150,17,232
1073,50,35,115,17,217
1074,0,31,150,17,198
1075,17,35,115,17,184
1076,17,18,115,17,167
1077,18,34,48,18,118
1081,18,34,15,17,84
1082,0,34,15,17,66
1083,0,18,15,17,50
1084,32,36,15,15,98
1086,36,30,17,17,100
1087,17,30,17,17,81
1088,0,30,17,17,64
1089,0,15,17,17,49
1090,34,36,32,15,117
1095,50,34,18,18,120
1096,0,33,87,30,150
1097,0,18,87,30,135
1098,34,36,17,30,117
1100,18,18,17,30,83
1101,65,15,0,18,98
1102,47,15,0,18,80
1103,0,45,0,18,63
1105,33,17,15,17,82
1106,18,17,15,17,67
1109,17,35,15,16,83
1111,0,17,15,16,48
1112,0,31,18,17,66
1113,0,16,18,17,51
1114,0,35,49,16,100
1117,0,18,51,15,84
1118,16,16,19,15,66
1119,50,35,15,18,118
1120,19,15,85,15,134
1121,32,18,15,18,83
1122,0,35,15,18,68
1124,15,18,49,17,99
1125,102,15,52,14,183
1126,0,32,52,15,99
1129,17,33,52,14,116
1131,0,15,52,14,81
1132,0,34,65,19,118
1133,66,15,36,14,131
1134,18,14,0,18,50
1135,14,33,36,14,97
1136,18,15,36,14,83
1137,15,36,31,19,101
1138,0,36,31,19,86
1140,14,17,0,19,50
1141,36,16,0,16,68
1143,16,33,49,18,116
1144,51,15,16,18,100
1147,0,15,16,18,49
1148,16,18,15,18,67
1150,33,32,0,18,83
1151,18,32,0,18,68
1155,18,31,51,15,115
1156,31,34,117,17,199
1159,35,15,18,17,85
1160,32,35,0,17,84
1161,15,35,0,17,67
1162,35,32,18,17,102
1163,17,32,18,17,84
1166,18,17,17,18,70
1167,52,32,17,15,116
1168,49,18,17,15,99
1169,18,32,17,15,82
1170,14,18,17,15,64
1172,17,15,18,14,64
1173,15,32,18,17,82
1175,14,35,15,19,83
1176,0,35,15,19,69
1177,0,17,15,19,51
1178,0,34,17,15,66
1180,17,15,52,14,98
1182,0,35,17,14,66
1183,0,17,17,14,48
1186,0,36,14,17,67
1188,14,17,19,14,64
1189,50,35,16,15,116
1192,35,31,52,19,137
1193,17,31,52,19,119
1194,31,35,51,18,135
1196,19,16,51,18,104
1197,0,16,51,18,85
1198,0,36,48,15,99
1199,19,33,15,15,82
1200,0,33,15,15,63
1202,30,33,53,15,131
1204,0,33,53,15,101
1206,18,15,20,15,68
1207,15,35,18,15,83
1210,18,15,17,17,67
1212,34,34,32,17,117
1213,17,34,32,17,100
1214,66,35,97,19,217
1216,18,14,0,17,49
1218,35,33,15,17,100
1219,51,32,0,19,102
1220,0,33,15,17,65
1221,18,32,0,19,69
1222,15,17,0,19,51
1224,32,34,0,18,84
1225,0,13,0,19,32
1226,0,34,0,18,52
1227,33,16,50,18,117
1228,18,16,50,18,102
1229,0,16,50,18,84
1230,18,15,35,15,83
1233,18,33,151,14,216
1234,0,33,151,14,198
1236,18,14,250,17,299
1237,50,32,51,14,147
1238,36,32,51,14,133
1239,19,32,51,14,116
1241,51,32,67,18,168
1243,32,14,67,18,131
1245,14,34,33,18,99
1246,85,16,51,17,169
1247,33,15,50,17,115
1249,15,34,51,17,117
1250,18,16,51,17,102
1251,0,16,51,17,84
1254,0,35,33,15,83
1255,17,33,0,15,65
1256,0,33,0,15,48
1258,15,17,19,14,65
1260,19,14,17,19,69
1261,14,36,15,18,83
1263,19,33,49,15,116
1264,0,33,49,15,97
1266,32,32,0,16,80
1267,17,32,0,16,65
1269,0,15,0,16,31
1270,0,35,34,15,84
1273,19,33,0,15,67
1274,33,33,0,17,83
1275,18,33,0,17,68
1276,0,33,0,17,50
1277,0,18,0,17,35
1278,17,16,168,14,215
1279,0,16,168,14,198
1280,0,32,0,19,51
1282,67,33,18,18,136
1283,33,15,51,18,117
1284,33,33,18,18,102
1286,17,16,18,18,69
1289,18,34,48,17,117
1293,15,35,15,18,83
1294,0,35,15,18,68
1295,17,33,18,14,82
1296,0,33,18,14,65
1297,50,34,0,18,102
1298,32,34,0,18,84
1299,14,34,0,18,66
1301,16,33,17,16,82
1303,15,33,51,17,116
1305,0,16,51,17,84
1307,33,17,66,18,134
1308,0,35,66,18,119
1310,0,33,18,15,66
1313,48,33,34,18,133
1314,0,33,18,15,66
1315,64,18,0,18,100
1316,18,15,34,18,85
1317,49,34,15,19,117
1321,31,19,15,17,82
1322,34,32,0,16,82
1323,0,19,15,17,51
1324,15,17,0,16,48
1325,51,33,0,15,99
1327,18,33,0,15,66
1328,0,33,0,15,48
1329,17,34,0,18,69
1331,0,19,0,18,37
1332,0,32,0,18,50
1333,14,33,18,18,83
1334,0,33,18,18,69
1335,0,15,18,18,51
1336,36,30,85,18,169
1337,67,15,51,18,151
1338,0,30,85,18,133
1339,15,34,51,18,118
1340,34,34,115,20,203
1343,0,15,115,20,150
1344,17,18,50,15,100
1345,18,32,18,15,83
1346,32,33,51,16,132
1348,33,35,48,19,135
1349,15,35,48,19,117
1350,51,16,16,19,102
1351,52,35,49,15,151
1352,0,32,16,19,67
1353,0,16,16,19,51
1356,16,15,18,15,64
1357,33,15,84,17,149
1358,18,15,84,17,134
1359,15,36,16,16,83
1360,0,36,16,16,68
1361,0,20,16,16,52
1363,16,33,16,17,82
1364,0,33,16,17,66
1365,17,33,50,18,118
1366,16,17,50,18,101
1369,19,33,15,18,85
1370,66,32,50,19,167
1371,18,33,50,17,118
1372,48,17,50,19,134
1373,18,32,50,19,119
1375,35,17,48,20,120
1376,134,32,0,19,185
1379,19,34,31,18,102
1380,14,20,31,18,83
1381,69,14,0,19,102
1382,31,32,0,19,82
1384,51,15,55,30,151
1385,0,14,0,19,33
1386,34,38,17,30,119
1387,0,15,55,30,100
1388,17,21,17,30,85
1389,0,21,17,30,68
1390,0,17,81,14,112
1391,0,45,18,18,81
1392,18,15,18,18,69
1394,18,18,149,17,202
1395,0,18,149,17,184
1396,0,32,18,14,64
1397,0,18,18,14,50
1398,18,14,52,14,98
1400,0,34,18,14,66
1402,0,32,19,17,68
1404,36,33,15,18,102
1405,32,18,15,18,83
1406,0,33,15,18,66
1407,33,18,17,16,84
1409,18,33,0,15,66
1413,0,19,82,18,119
1414,0,33,82,18,133
1416,32,35,15,18,100
1417,0,15,17,18,50
1419,18,33,134,15,200
1420,0,33,134,15,182
1422,32,34,32,18,116
1423,14,34,32,18,98
1425,0,17,32,18,67
1426,0,32,51,17,100
1427,0,14,51,17,82
1430,15,17,51,17,100
1431,17,33,333,18,401
1434,35,32,117,17,201
1435,32,17,117,17,183
1436,15,17,117,17,166
1437,17,32,19,14,82
1438,14,18,19,14,65
1439,18,33,52,17,120
1440,53,15,17,17,102
1441,14,35,17,17,83
1442,0,35,17,17,69
1443,0,15,17,17,49
1446,0,34,48,20,102
1447,49,37,15,15,116
1448,0,31,17,20,68
1449,14,37,15,15,81
1451,0,20,15,15,50
1453,0,15,68,15,98
1456,0,35,0,15,50
1457,17,32,0,18,67
1458,0,32,0,18,50
1459,0,17,0,18,35
1460,18,18,48,17,101
1461,18,32,16,17,83
1462,15,17,16,17,65
1463,17,33,0,16,66
1465,0,17,0,16,33
1466,52,15,0,17,84
1467,0,18,0,18,36
1469,0,15,0,17,32
1471,49,33,18,17,117
1472,0,34,0,18,52
1476,0,35,0,16,51
1477,17,31,52,17,117
1479,0,15,52,17,84
1480,18,17,34,15,84
1481,17,34,0,15,66
1482,34,34,14,17,99
1483,17,34,14,17,82
1484,0,34,14,17,65
1486,31,35,14,18,98
1487,17,35,14,18,84
1488,49,18,0,17,84
1491,35,17,68,15,135
1492,17,17,68,15,117
1494,0,33,17,18,68
1495,53,34,0,15,102
1496,17,18,0,15,50
1498,0,34,0,15,49
1500,0,31,66,18,115
1501,0,16,66,18,100
1502,18,13,35,18,84
1504,0,35,133,18,186
1505,33,14,35,17,99
1508,85,16,33,17,151
1509,18,32,18,16,84
1510,0,32,18,16,66
1511,49,33,17,18,117
1512,18,16,33,17,84
1513,34,15,17,18,84
1514,0,33,17,18,68
1515,68,14,17,18,117
1516,17,18,0,18,53
1518,0,32,17,18,67
1519,49,33,18,15,115
1520,17,18,0,16,51
1521,18,33,18,15,84
1522,0,33,18,15,66
1525,15,33,50,17,115
1526,0,33,50,17,100
1527,0,17,50,17,84
1528,50,17,51,15,133
1529,115,35,0,15,165
1531,32,17,105,29,183
1532,0,32,105,29,166
1533,122,29,16,17,184
1535,34,16,0,15,65
1536,35,36,0,29,100
1538,0,36,0,29,65
1540,0,29,16,17,62
1541,17,33,83,18,151
1542,0,33,83,18,134
1543,17,33,17,18,85
1544,18,15,17,18,68
1545,0,15,17,18,50
1546,35,33,0,15,83
1547,18,33,0,15,66
1548,33,33,18,17,101
1549,18,33,18,17,86
1550,0,33,18,17,68
1552,18,17,0,15,50
1553,32,15,35,15,97
1554,15,15,35,15,80
1556,18,17,0,15,50
1557,17,33,17,16,83
1558,15,18,17,16,66
1559,35,16,16,19,86
1560,17,16,16,19,68
1561,16,35,49,18,118
1562,0,35,49,18,102
1564,33,34,0,15,82
1565,0,17,16,18,51
1567,0,18,0,15,33
1569,35,15,166,17,233
1570,17,15,166,17,215
1573,15,35,14,18,82
1574,35,32,0,16,83
1575,17,32,0,16,65
1576,32,34,18,14,98
1577,18,34,18,14,84
1578,34,32,50,17,133
1580,32,35,15,17,99
1581,0,14,50,17,81
1583,0,18,15,17,50
1586,0,35,17,17,69
1587,34,17,19,31,101
1588,17,17,19,31,84
1589,67,15,100,18,200
1590,0,19,64,14,97
1591,14,32,100,18,164
1592,50,14,53,15,132
1593,115,34,84,17,250
1594,18,14,53,15,100
1595,14,34,19,15,82
1596,53,15,118,17,203
1598,34,34,84,17,169
1599,33,16,84,17,150
1600,68,32,18,17,135
1602,17,17,0,15,49
1604,0,32,18,17,67
1607,32,18,66,17,133
1608,47,18,17,17,99
1609,0,18,66,17,101
1610,0,32,17,17,66
1611,0,18,17,17,52
1614,0,33,17,17,67
1616,17,17,0,17,51
1619,0,15,66,18,99
1621,34,15,35,16,100
1623,15,35,65,19,134
1624,0,35,65,19,119
1625,17,34,0,17,68
1626,0,34,0,17,51
1627,0,18,0,17,35
1629,0,14,0,19,33
1630,0,33,35,16,84
1632,17,18,0,16,51
1633,18,32,18,18,86
1634,0,32,18,18,68
1635,121,30,85,15,251
1636,18,18,15,18,69
1641,0,20,12,18,50
1642,0,30,85,15,130
1643,51,33,152,15,251
1644,0,33,101,15,149
1645,18,33,152,15,218
1646,0,33,152,15,200
1647,34,15,49,19,117
1648,68,34,0,16,118
1651,34,19,0,16,69
1652,15,19,0,16,50
1653,19,31,19,15,84
1654,50,15,68,13,146
1655,117,32,33,16,198
1657,15,32,19,17,83
1658,0,32,19,17,68
1659,0,16,19,17,52
1660,36,32,33,16,117
1661,82,35,15,16,148
1662,0,32,33,16,81
1664,15,18,0,16,49
1665,18,35,15,16,84
1667,19,31,68,15,133
1668,31,34,34,15,114
1670,0,34,34,15,83
1671,0,15,34,15,64
1672,49,18,0,18,85
1674,15,18,0,18,51
1675,0,18,0,18,36
1676,0,33,17,17,67
1677,82,34,83,17,216
1679,50,34,83,17,184
1680,33,34,83,17,167
1681,18,34,83,17,152
1682,16,18,83,17,134
1683,50,33,18,17,118
1684,15,17,68,15,115
1685,68,17,116,18,219
1686,0,33,18,17,68
1689,17,33,32,18,100
1691,50,34,17,18,119
1693,15,34,17,18,84
1694,0,34,17,18,69
1695,0,16,17,18,51
1696,17,18,15,18,68
1697,18,33,15,18,84
1698,33,33,82,18,166
1700,15,18,82,18,133
1701,18,32,149,18,217
1702,15,17,149,18,199
1703,0,17,149,18,184
1705,17,33,81,18,149
1707,18,33,16,17,84
1708,0,33,16,17,66
1709,17,33,116,18,184
1710,0,33,116,18,167
1711,17,33,0,18,68
1712,0,33,0,18,51
1713,18,33,85,15,151
1714,0,33,85,15,133
1715,0,15,85,15,115
1716,17,17,16,18,68
1718,0,34,115,18,167
1721,0,15,50,17,82
1722,0,32,51,18,101
1724,0,35,216,19,270
1727,51,32,19,14,116
1728,15,18,15,17,65
1729,33,17,19,14,83
1731,36,14,18,15,83
1732,19,14,18,15,66
1733,47,36,82,18,183
1734,33,36,82,18,169
1735,15,36,82,18,151
1736,36,34,99,13,182
1737,17,34,99,13,163
1738,0,34,99,13,146
1739,0,19,99,13,131
1740,32,34,14,19,99
1741,17,34,14,19,84
1742,16,18,14,19,67
1743,51,33,51,17,152
1744,0,33,0,13,46
1746,33,33,18,17,101
1748,100,33,17,15,165
1749,0,17,18,17,52
1751,17,32,50,15,114
1752,0,32,50,15,97
1753,18,33,17,15,83
1754,0,33,17,15,65
1756,0,32,19,15,66
1757,15,34,83,19,151
1758,0,34,83,19,136
1759,0,15,83,19,117
1760,0,32,18,17,67
1761,0,14,18,17,49
1764,35,33,50,14,132
1765,34,18,50,14,116
1766,0,33,50,14,97
1767,0,18,50,14,82
1768,15,17,18,14,64
1770,0,32,0,18,50
1771,14,37,48,15,114
1772,85,15,18,18,136
1774,0,31,17,15,63
1776,17,15,18,18,68
1777,0,15,18,18,51
1778,0,36,14,17,67
1779,18,31,83,17,149
1780,14,17,83,17,131
1781,17,36,0,14,67
1782,0,36,0,14,50
1783,17,33,14,17,81
1785,0,19,14,17,50
1788,33,34,0,19,86
1789,67,14,34,18,133
1790,34,33,34,18,119
1791,36,14,34,18,102
1794,34,36,16,17,103
1795,34,18,16,17,85
1796,0,36,16,17,69
1797,0,18,16,17,51
1798,33,30,52,17,132
1799,17,30,52,17,116
1800,15,15,52,17,99
1803,0,14,51,19,84
1804,0,35,16,19,70
1805,17,35,15,14,81
1807,19,29,18,18,84
1808,29,36,15,17,97
1810,18,18,15,17,68
1811,0,18,15,17,50
1812,0,32,18,17,67
1813,0,17,18,17,52
1814,35,34,15,18,102
1817,18,33,14,18,83
1819,18,32,15,18,83
1821,18,33,35,17,103
1822,0,33,35,17,85
1823,103,14,0,19,136
1825,17,32,266,17,332
1826,0,32,266,17,315
1827,0,15,266,17,298
1828,18,14,0,19,51
1829,14,34,17,19,84
1833,117,35,16,15,183
1834,0,32,51,15,98
1835,17,33,18,15,83
1837,0,18,18,15,51
1839,15,35,16,15,81
1840,0,35,16,15,66
1842,0,31,51,15,97
1845,0,16,152,15,183
1846,104,29,34,17,184
1847,33,18,0,15,66
1848,0,36,0,15,51
1849,0,18,0,15,33
1850,0,35,48,15,98
1851,20,29,34,17,100
1852,0,29,34,17,80
1853,0,15,34,17,66
1854,19,15,67,18,119
1857,117,35,31,18,201
1858,17,15,0,18,50
1860,0,33,18,16,67
1861,0,15,18,16,49
1862,0,34,0,16,50
1863,16,35,31,18,100
1864,16,19,31,18,84
1866,17,14,34,17,82
1867,14,34,35,14,97
1868,0,34,35,14,83
1869,16,35,100,16,167
1870,0,35,100,16,151
1873,0,18,0,18,36
1874,0,32,19,17,68
1876,0,36,48,18,102
1877,17,30,18,18,83
1878,0,30,18,18,66
1879,0,14,18,18,50
1880,36,33,14,18,101
1881,18,33,14,18,83
1882,47,18,52,17,134
1883,0,18,14,18,50
1885,18,34,18,17,87
1886,0,34,18,17,69
1887,51,33,15,18,117
1888,18,17,48,18,101
1891,0,19,15,18,52
1893,85,33,34,14,166
1894,0,33,16,18,67
1897,18,33,34,14,99
1898,0,33,34,14,81
1899,18,34,66,15,133
1900,16,18,66,15,115
1901,0,18,66,15,99
1902,0,32,34,15,81
1903,0,18,34,15,67
1904,34,34,63,18,149
1905,32,19,63,18,132
1906,15,19,63,18,115
1907,36,14,0,17,67
1911,0,15,0,18,33
1912,54,15,66,18,153
1913,36,15,66,18,135
1914,18,15,66,18,117
1915,49,32,0,18,99
1916,17,17,32,18,84
1919,87,32,117,15,251
1922,15,18,0,15,48
1923,18,32,117,15,182
1924,83,14,0,17,114
1925,0,17,117,15,149
1926,33,32,0,17,82
1927,15,32,0,17,64
1928,18,14,0,17,49
1929,14,35,17,15,81
1930,67,34,0,18,119
1932,17,15,0,18,50
1935,0,16,0,18,34
1936,0,33,0,17,50
1939,0,19,99,15,133
1940,14,17,17,18,66
1942,0,35,15,18,68
1943,0,18,15,18,51
1944,0,33,0,15,48
1946,49,18,18,18,103
1947,0,16,18,18,52
1948,18,18,18,18,72
1951,0,18,0,30,48
1954,14,19,66,15,114
1955,0,19,66,15,100
1956,18,16,16,16,66
1957,16,32,49,19,116
1958,47,19,15,19,100
1959,16,34,15,19,84
1960,15,19,15,19,68
1961,0,19,15,19,53
1963,19,34,15,18,86
1964,0,34,15,18,67
1966,33,33,16,18,100
1967,18,33,16,18,85
1968,33,34,149,16,232
1969,0,18,16,18,52
1973,16,34,14,18,82
1976,0,32,18,14,64
1978,0,32,19,16,67
1979,33,16,18,17,84
1980,70,33,49,15,167
1982,117,15,16,19,167
1983,17,33,49,15,114
1984,13,20,49,15,97
1985,0,20,49,15,84
1987,19,31,16,19,85
1989,15,35,15,18,83
1991,0,19,15,18,52
1992,0,33,15,18,66
1993,18,33,69,14,134
1994,0,33,69,14,116
1995,18,35,34,14,101
2000,67,31,17,15,130
2001,19,34,48,15,116
2002,34,31,17,15,97
2003,52,32,50,19,153
2005,15,32,50,19,116
2006,135,30,167,19,351
2007,15,34,50,19,118
2008,34,35,15,19,103
2013,19,30,167,19,235
2014,0,30,167,19,216
2015,15,38,0,15,68
2016,38,32,65,18,153
2018,65,32,18,14,129
2019,50,32,18,14,114
2020,0,33,17,15,65
2021,51,32,136,17,236
2022,0,32,18,14,64
2023,15,32,136,17,200
2025,0,14,136,17,167
2026,19,17,49,18,103
2027,66,18,14,19,117
2028,0,31,50,19,100
2029,16,36,14,19,85
2030,18,18,14,19,69
2031,18,33,0,17,68
2032,0,33,0,17,50
2033,0,19,0,17,36
2034,0,32,18,14,64
2035,15,32,18,17,82
2037,0,14,18,17,49
2039,0,17,0,15,32
2041,0,18,68,17,103
2042,33,35,0,17,85
2043,18,35,0,17,70
2044,0,35,0,17,52
2045,18,32,0,21,71
2046,0,32,0,21,53
2047,0,15,0,21,36
2048,21,46,34,16,117
2049,11,35,34,16,96
2050,0,35,34,16,85
2052,0,34,0,16,50
2054,16,16,118,15,165
2055,51,34,0,16,101
2056,0,35,149,16,200
2057,19,34,0,16,69
2058,34,32,17,15,98
2059,19,32,17,15,83
2060,16,16,17,15,64
2061,0,16,17,15,48
2062,32,36,15,16,99
2063,15,36,15,16,82
2065,20,31,34,15,100
2066,15,16,34,15,80
2068,0,34,33,18,85
2069,19,33,83,17,152
2070,15,18,83,17,133
2072,0,32,51,17,100
2074,17,17,17,17,68
2077,83,34,19,15,151
2079,0,14,17,17,48
2080,34,34,19,15,102
2081,17,34,19,15,85
2082,53,15,50,15,133
2083,0,19,19,15,53
2085,0,15,50,15,80
2086,0,32,18,15,65
2087,0,14,18,15,47
2088,18,15,67,19,119
2089,15,34,33,19,101
2091,34,16,19,16,85
2092,17,16,19,16,68
2093,16,35,115,18,184
2095,0,16,115,18,149
2098,17,17,0,15,49
2099,32,19,84,14,149
2100,0,34,84,14,132
2101,34,18,65,19,136
2102,48,19,17,14,98
2103,0,18,65,19,102
2104,51,14,34,17,116
2106,31,34,17,18,100
2108,0,34,17,18,69
2109,32,18,15,17,82
2110,17,18,15,17,67
2111,0,18,15,17,50
2112,0,32,0,19,51
2113,17,32,0,19,68
2114,0,32,0,19,51
2115,0,13,0,19,32
2116,0,36,66,18,120
2119,18,34,32,17,101
2120,0,34,32,17,83
2121,16,32,17,18,83
2122,0,32,17,18,67
2124,17,18,67,15,117
2125,0,18,67,15,100
2126,14,20,0,15,49
2127,0,20,0,15,35
2128,15,18,0,15,48
2129,18,33,116,18,185
2130,0,33,116,18,167
2131,0,18,116,18,152
2132,14,19,0,15,48
2133,19,33,50,18,120
2134,15,18,50,18,101
2136,19,15,49,17,100
2137,0,15,49,17,81
2138,66,33,18,14,131
2139,50,33,18,14,115
2140,0,32,151,15,198
2141,0,17,151,15,183
2142,15,18,18,14,65
2144,67,35,16,15,133
2145,49,35,16,15,115
2146,35,35,16,15,101
2147,15,35,16,15,81
2148,15,20,16,15,66
2150,31,35,49,17,132
2151,65,16,50,19,150
2153,19,31,50,19,119
2155,0,16,50,19,85
2157,0,17,49,16,82
2158,65,34,18,17,134
2159,0,19,50,15,84
2160,0,31,84,18,133
2162,0,34,18,17,69
2165,0,17,15,18,50
2166,0,33,49,17,99
2169,0,19,51,16,86
2171,17,34,14,17,82
2172,0,34,14,17,65
2173,0,16,14,17,47
2174,14,17,19,14,64
2175,0,17,19,14,50
2178,53,18,14,18,103
2179,85,33,83,17,218
2180,18,18,14,18,68
2181,18,32,48,17,115
2182,0,32,48,17,97
2183,18,33,83,17,151
2185,18,32,19,13,82
2186,0,32,19,13,64
2187,0,17,19,13,49
2188,0,32,19,17,68
2189,49,31,150,18,248
2190,0,36,49,16,101
2191,0,17,49,16,82
2192,0,31,150,18,199
2195,16,36,33,14,99
2196,0,36,33,14,83
2198,47,16,85,15,163
2199,18,30,85,15,148
2201,0,16,85,15,116
2203,34,19,15,15,83
2205,34,15,19,18,86
2206,15,15,19,18,67
2207,15,37,15,18,85
2211,18,30,53,14,115
2212,30,35,85,14,164
2213,14,35,85,14,148
2214,18,17,85,14,134
2215,17,32,0,17,66
2216,0,32,0,17,49
2217,0,14,0,17,31
2218,0,35,18,14,67
2219,0,18,18,14,50
2221,14,33,17,17,81
2222,0,33,17,17,67
2223,33,17,0,19,69
2224,17,17,0,19,53
2225,17,33,50,17,117
2228,18,17,15,17,67
2229,32,17,18,16,83
2230,0,32,18,16,66
2233,50,34,49,17,150
2234,0,34,17,17,68
2236,17,17,49,17,100
2237,49,34,65,17,165
2238,32,34,65,17,148
2240,34,32,21,29,116
2241,17,32,21,29,99
2243,17,21,95,19,152
2245,0,45,17,18,80
2246,50,18,84,15,167
2247,0,16,17,18,51
2248,17,18,84,15,134
2249,0,18,84,15,117
2250,0,34,50,15,99
2251,0,19,50,15,84
2252,16,15,50,18,99
2253,0,15,50,18,83
2255,15,34,50,15,114
2256,0,34,50,15,99
2257,18,34,16,15,83
2259,18,31,19,15,83
2261,0,15,19,15,49
2265,14,34,18,15,81
2266,0,34,18,15,67
2268,18,15,19,15,67
2270,0,34,16,17,67
2273,69,14,250,19,352
2274,66,34,184,17,301
2275,0,15,84,17,116
2276,0,33,250,19,302
2277,14,34,184,17,249
2278,0,34,184,17,235
2279,17,34,16,18,85
2280,17,17,16,18,68
2281,17,34,15,17,83
2282,66,33,17,16,132
2283,0,18,15,17,50
2284,0,32,18,15,65
2285,0,17,18,15,50
2286,33,33,18,17,101
2287,0,15,17,16,48
2289,0,16,18,17,51
2290,0,35,15,19,69
2291,0,17,15,19,51
2292,0,34,116,17,167
2293,35,16,17,17,85
2294,0,32,17,17,66
2296,67,34,15,18,134
2298,0,33,17,17,67
2299,0,18,17,17,52
2300,34,33,117,16,200
2302,0,33,117,16,166
2303,18,34,15,18,85
2305,0,19,15,18,52
2306,0,33,50,16,99
2307,0,18,50,16,84
2308,0,31,85,16,132
2309,0,15,85,16,116
2311,0,16,151,16,183
2314,33,36,49,16,134
2315,0,16,49,17,82
2316,18,18,49,16,101
2317,0,18,49,16,83
2318,30,35,18,14,97
2319,17,35,18,14,84
2320,0,35,18,14,67
2321,0,16,18,14,48
2322,32,33,52,17,134
2323,14,33,52,17,116
2324,0,33,52,17,102
2325,0,14,52,17,83
2326,69,32,16,17,134
2327,17,35,14,18,84
2330,0,32,16,17,65
2331,0,18,16,17,51
2333,0,17,17,19,53
2335,19,32,17,17,85
2336,66,31,17,18,132
2337,51,31,17,18,117
2338,34,31,17,18,100
2340,15,16,17,18,66
2341,0,16,17,18,51
2342,17,18,216,18,269
2343,48,36,16,17,117
2344,0,30,52,17,99
2345,15,36,16,17,84
2347,0,18,16,17,51
2348,66,35,15,15,131
2349,0,17,50,18,85
2350,0,33,84,18,135
2353,0,18,15,15,48
2356,0,37,15,18,70
2357,18,33,15,17,83
2358,33,32,49,19,133
2360,0,32,49,19,100
2362,0,34,115,18,167
2364,34,31,83,19,167
2365,19,31,83,19,152
2366,15,16,83,19,133
2367,16,36,81,17,150
2368,36,32,100,17,185
2369,19,32,100,17,168
2371,0,18,100,17,135
2372,15,19,15,17,66
2373,0,19,15,17,51
2374,0,32,0,18,50
2375,17,34,116,18,185
2377,0,16,116,18,150
2378,0,35,15,17,67
2379,0,18,15,17,50
2381,17,33,16,18,84
2382,0,33,16,18,67
2383,0,15,16,18,49
2384,16,18,15,18,67
2385,101,17,15,17,150
2388,0,33,17,17,67
2389,0,18,17,17,52
2390,17,17,15,17,66
2391,32,17,84,18,151
2393,0,17,84,18,119
2394,0,33,51,18,102
2395,48,36,15,18,117
2397,17,36,15,18,86
2398,0,36,15,18,69
2399,18,33,51,14,116
2400,0,33,51,14,98
2401,0,18,51,14,83
2402,0,33,18,14,65
2403,36,14,0,18,68
2404,18,14,0,18,50
2405,14,34,17,15,80
2407,0,16,17,15,48
2408,49,17,84,18,168
2409,15,34,84,18,151
2410,86,15,17,18,136
2412,18,16,18,15,67
2414,18,15,17,18,68
2415,15,35,50,14,114
2416,35,32,18,14,99
2417,0,18,50,14,82
2418,32,32,117,16,197
2419,0,18,18,14,50
2420,18,14,117,16,165
2422,33,33,86,16,168
2425,50,32,19,16,117
2426,0,35,16,16,67
2427,15,32,19,16,82
2428,16,16,19,16,67
2429,16,35,0,16,67
2430,35,33,51,17,136
2431,16,33,51,17,117
2432,16,17,51,17,101
2434,0,35,16,17,68
2435,18,33,0,15,66
2439,0,17,118,21,156
2440,17,17,0,18,52
2441,35,15,17,16,83
2442,0,33,17,16,66
2444,33,39,61,17,150
2445,55,28,102,16,201
2446,39,28,102,16,185
2450,15,18,0,17,50
2451,18,33,0,17,68
2452,50,19,32,16,117
2453,52,32,182,16,282
2454,17,19,32,16,84
2456,0,32,182,16,230
2457,0,16,182,16,214
2458,16,16,0,16,48
2460,83,18,99,17,217
2461,19,31,35,18,103
2462,66,34,65,17,182
2463,50,34,65,17,166
2465,18,34,65,17,134
2469,16,34,0,17,67
2470,0,34,0,17,51
2473,17,33,51,17,118
2474,0,33,51,17,101
2477,52,34,15,18,119
2478,18,17,15,19,69
2479,17,34,15,18,84
2480,0,34,15,18,67
2481,19,33,15,16,83
2482,0,33,15,16,64
2483,0,18,15,16,49
2484,15,16,16,18,65
2485,32,18,16,17,83
2486,0,34,16,17,67
2487,69,15,50,18,152
2488,0,33,18,15,66
2489,0,17,18,15,50
2491,0,15,50,18,83
2492,0,33,50,19,102
2493,0,16,50,19,85
2495,0,18,15,19,52
2496,0,34,148,18,200
2497,0,19,148,18,185
2502,0,35,16,18,69
2503,18,34,15,18,85
2505,18,33,15,19,85
2508,15,19,17,15,66
2510,0,32,18,14,64
2511,15,32,18,17,82
2512,0,32,18,17,67
2514,18,17,16,17,68
2515,0,17,16,17,50
2516,0,33,50,19,102
2518,0,33,85,17,135
2519,14,36,80,18,148
2520,0,36,80,18,134
2523,18,35,14,18,85
2524,83,17,117,16,233
2525,17,32,16,17,82
2526,0,32,16,17,65
2527,0,18,16,17,51
2531,52,34,15,16,117
2532,0,34,17,17,68
2534,34,31,49,17,131
2536,49,17,14,17,97
2537,16,35,14,17,82
2538,0,35,14,17,66
2540,0,31,84,17,132
2541,0,17,84,17,118
2542,34,35,15,17,101
2543,35,18,15,17,85
2544,17,18,15,17,67
2547,17,33,17,18,85
2549,0,15,17,18,50
2550,17,18,117,17,169
2552,0,34,16,15,65
2553,20,31,52,17,120
2554,0,31,52,17,100
2555,0,15,52,17,84
2556,33,36,16,16,101
2557,15,36,16,16,83
2559,100,16,98,19,233
2560,0,32,51,16,99
2561,16,32,19,16,83
2562,16,16,19,16,67
2563,35,16,98,19,168
2564,0,35,98,19,152
2566,49,18,17,14,98
2567,32,18,17,14,81
2572,0,33,18,15,66
2573,14,33,19,15,81
2574,18,15,19,15,67
2575,0,15,19,15,49
2577,0,15,151,18,184
2578,17,18,66,18,119
2579,0,18,66,18,102
2581,17,32,101,16,166
2583,15,33,17,18,83
2584,0,33,17,18,68
2586,35,33,50,17,135
2587,18,33,50,17,118
2588,0,33,50,17,100
2590,0,33,84,14,131
2591,0,17,84,14,115
2592,34,32,101,14,181
2593,17,32,101,14,164
2594,32,32,0,19,83
2595,17,32,0,19,68
2596,32,34,84,18,168
2597,33,15,84,18,150
2600,0,35,49,18,102
2602,0,32,84,17,133
2603,0,18,84,17,119
2605,18,35,164,16,233
2606,0,35,164,16,215
2607,18,31,16,18,83
2608,147,17,49,16,229
2609,150,32,33,19,234
2611,18,34,65,16,133
2612,16,18,65,16,115
2614,65,32,33,19,149
2615,33,17,49,16,115
2617,17,32,33,19,101
2618,16,16,33,19,84
2620,0,33,118,16,167
2621,0,16,118,16,150
2624,15,18,19,15,67
2625,68,16,19,15,118
2626,34,32,19,15,100
2627,31,16,19,15,81
2629,16,34,18,15,83
2630,0,34,18,15,67
2631,15,33,49,17,114
2633,0,15,49,17,81
2634,35,31,84,18,168
2635,17,31,84,18,150
2636,31,34,18,17,100
2637,17,34,18,17,86
2638,0,34,18,17,69
2639,0,17,18,17,52
2642,65,34,49,18,166
2644,0,32,17,17,66
2645,34,17,49,18,118
2646,0,34,49,18,101
2648,32,35,17,18,102
2649,0,14,52,18,84
2650,35,35,14,18,102
2652,0,35,14,18,67
2653,0,18,14,18,50
2654,0,32,117,13,162
2655,0,18,117,13,148
2656,0,31,18,18,67
2657,0,14,18,18,50
2658,51,16,19,13,99
2660,50,13,20,15,98
2661,0,16,19,13,48
2662,0,32,20,15,67
2663,0,13,20,15,48
2664,0,35,18,15,68
2666,0,33,50,17,100
2667,0,15,50,17,82
2669,18,31,18,15,82
2670,0,31,18,15,64
2673,0,15,18,17,50
2674,35,34,67,15,151
2675,17,34,67,15,133
2676,15,19,67,15,116
2677,19,31,17,19,86
2680,17,19,64,18,118
2681,34,18,14,17,83
2682,0,33,14,17,64
2683,32,17,0,18,67
2685,17,35,117,15,184
2686,0,35,117,15,167
2687,17,34,0,15,66
2688,34,33,83,17,167
2691,35,15,51,17,118
2692,17,15,51,17,100
2693,0,15,51,17,83
2694,18,15,18,17,68
2696,0,35,16,15,66
2697,17,31,18,18,84
2698,0,31,18,18,67
2699,0,15,18,18,51
2700,18,18,15,18,69
2701,0,18,15,18,51
2702,0,33,15,17,65
2703,50,34,18,14,116
2704,0,32,52,14,98
2705,17,34,18,14,83
2706,0,34,18,14,66
2709,0,14,52,15,81
2710,35,32,23,28,118
2712,0,32,23,28,83
2713,66,18,82,16,182
2714,23,46,82,16,167
2715,0,46,82,16,144
2717,0,18,82,16,116
2718,14,17,16,17,64
2719,33,17,52,15,117
2720,0,33,52,15,100
2722,0,34,18,15,67
2724,0,33,50,19,102
2725,0,15,50,19,84
2727,18,33,15,18,84
2728,0,33,15,18,66
2730,0,33,49,18,100
2735,18,32,18,14,82
2737,33,14,52,15,114
2738,0,32,52,15,99
2739,0,14,52,15,81
2740,0,34,18,15,67
2742,18,15,18,15,66
2743,15,33,17,18,83
2744,18,15,17,18,68
2745,0,15,17,18,50
2747,0,18,0,15,33
2748,0,32,33,19,84
2750,33,35,16,18,102
2752,0,35,16,18,69
2753,16,34,0,15,65
2754,34,33,0,15,82
2755,33,18,0,15,66
2757,18,32,0,16,66
2758,15,17,0,16,48
2759,0,17,0,16,33
2760,0,33,16,17,66
2761,33,17,50,18,118
2763,0,17,50,18,85
2764,0,35,15,18,68
2766,33,38,112,16,199
2767,18,38,112,16,184
2771,18,35,0,15,68
2774,0,32,33,17,82
2775,0,17,33,17,67
2776,0,33,17,15,65
2777,16,32,167,18,233
2778,17,15,167,18,217
2779,0,15,167,18,200
2780,34,34,49,19,136
2781,17,34,49,19,119
2782,0,34,49,19,102
2783,0,18,49,19,86
2784,99,36,15,18,168
2785,0,20,14,19,53
2786,14,19,17,14,64
2787,0,19,17,14,50
2788,49,18,15,18,100
2789,65,18,17,15,115
2793,0,18,17,15,50
2794,0,32,16,18,66
2795,0,15,16,18,49
2797,0,18,15,19,52
2798,0,34,217,14,265
2799,19,32,50,17,118
2800,50,15,17,17,99
2802,0,33,17,17,67
2803,32,17,18,14,81
2804,66,36,15,17,134
2805,49,36,15,17,117
2806,0,32,86,14,132
2809,0,18,15,17,50
2810,15,17,18,14,64
2811,17,32,19,17,85
2812,0,32,19,17,68
2814,0,36,15,18,69
2815,0,17,15,18,50
2816,0,33,48,18,99
2817,18,33,150,15,216
2818,0,33,150,15,198
2821,33,19,17,18,87
2822,0,34,17,18,69
2823,0,19,17,18,54
2825,33,15,18,15,81
2827,0,15,18,15,48
2828,0,33,18,18,69
2831,0,18,15,18,51
2832,0,33,15,18,66
2833,18,33,83,16,150
2834,15,18,83,16,132
2836,0,33,115,19,167
2837,18,32,50,19,119
2838,15,17,50,19,101
2839,17,34,16,19,86
2841,16,35,14,19,84
2842,0,35,14,19,68
2843,0,19,14,19,52
2844,14,19,50,14,97
2845,34,17,51,15,117
2846,0,32,51,15,98
2847,0,17,51,15,83
2848,0,32,118,19,169
2849,14,34,84,19,151
2850,0,34,84,19,137
2851,0,15,84,19,118
2852,0,34,16,18,68
2853,15,34,16,19,84
2855,53,33,16,14,116
2856,0,35,15,18,68
2857,0,19,15,18,52
2859,48,34,18,18,118
2860,30,34,18,18,100
2862,0,34,18,18,70
2863,0,15,18,18,51
2865,18,33,16,16,83
2866,15,18,16,16,65
2867,0,18,16,16,50
2869,0,16,49,16,81
2870,32,33,34,16,115
2871,48,34,0,16,98
2873,0,16,34,16,66
2874,34,35,15,15,99
2876,0,35,15,15,65
2877,49,36,16,17,118
2878,0,30,20,16,66
2879,15,36,16,17,84
2880,0,36,16,17,69
2882,16,17,149,18,200
2883,0,17,149,18,184
2886,36,33,48,18,135
2887,19,33,48,18,118
2888,14,19,48,18,99
2890,15,18,51,14,98
2892,0,33,18,14,65
2896,0,36,14,18,68
2900,17,15,18,18,68
2901,0,15,18,18,51
2903,49,35,14,19,117
2904,0,31,17,18,66
2906,0,35,14,19,68
2907,0,18,14,19,51
2909,0,19,150,14,183
2910,0,32,18,17,67
2911,50,33,131,19,233
2912,0,35,97,18,150
2913,17,33,131,19,200
2914,15,18,131,19,183
2915,18,32,32,18,100
2917,49,36,17,14,116
2918,32,36,17,14,99
2920,0,36,17,14,67
2922,0,31,85,19,135
2923,14,34,19,17,84
2924,19,15,19,17,70
2925,0,15,19,17,51
2927,0,17,47,19,83
2928,0,34,13,19,66
2929,19,32,15,18,84
2930,13,19,15,18,65
2931,0,19,15,18,52
2932,0,33,16,16,65
2933,18,32,0,18,68
2934,0,32,0,18,50
2935,0,16,0,18,34
2936,0,33,17,17,67
2938,34,32,20,16,102
2941,13,36,83,15,147
2942,20,16,83,15,134
2943,16,32,51,15,114
2944,32,34,17,15,98
2946,0,34,17,15,66
2947,15,32,18,15,80
2948,32,33,100,18,183
2949,15,33,100,18,166
2952,0,35,18,15,68
2955,0,15,18,14,47
2957,0,14,53,14,81
2958,0,36,49,15,100
2959,0,18,49,15,82
2960,0,31,18,15,64
2961,14,33,34,18,99
2962,0,33,34,18,85
2963,15,34,100,16,165
2964,18,16,100,16,150
2965,34,15,18,18,85
2966,18,15,18,18,69
2968,18,18,31,16,83
2969,0,18,31,16,65
2972,0,35,0,15,50
2974,0,32,84,18,134
2975,0,17,84,18,119
2976,35,31,85,15,166
2977,17,31,85,15,148
2978,0,31,85,15,131
2980,18,18,15,17,68
2981,67,15,19,15,116
2982,0,32,17,15,64
2983,17,32,19,15,83
2984,17,15,19,15,66
2985,0,15,19,15,49
2987,15,33,50,17,115
2989,15,35,50,15,115
2990,0,35,50,15,100
2991,0,17,50,15,82
2994,0,33,67,18,118
2995,0,15,67,18,100
2996,67,36,48,18,169
2997,0,18,15,17,50
2998,32,36,48,18,134
3000,0,36,48,18,102
3001,34,15,35,15,99
3003,32,18,98,17,165
3006,47,18,0,18,83
3007,0,17,33,18,68
3009,18,33,0,17,68
3010,0,33,0,17,50
3011,0,15,0,17,32
3012,17,19,15,17,68
3014,32,34,15,18,99
3015,17,34,15,18,84
3016,0,34,15,18,67
3019,18,33,15,18,84
3020,0,33,15,18,66
3022,65,33,17,18,133
3023,50,33,17,18,118
3024,0,32,68,15,115
3026,33,35,15,18,101
3027,49,33,18,14,114
3028,0,35,15,18,68
3029,18,33,18,14,83
3031,50,34,85,16,185
3032,32,34,85,16,167
3033,14,34,85,16,149
3035,84,35,0,16,135
3036,32,34,35,16,117
3037,48,35,0,16,99
3038,0,34,35,16,85
3040,35,31,19,17,102
3041,16,31,19,17,83
3043,0,15,19,17,51
3044,19,17,15,17,68
3045,17,32,34,17,100
3047,17,34,65,19,135
3048,166,33,18,15,232
3050,0,32,33,19,84
3051,0,15,33,19,67
3052,0,33,0,19,52
3053,14,34,201,18,267
3054,19,15,201,18,253
3056,19,14,0,19,52
3058,0,33,18,15,66
3061,15,36,66,18,135
3062,0,36,66,18,120
3063,0,17,66,18,101
3064,0,33,33,18,84
3065,0,18,33,18,69
3066,15,18,18,14,65
3068,18,14,86,16,134
3071,0,15,52,16,83
3072,34,34,17,15,100
3073,19,34,17,15,85
3074,0,34,17,15,66
3075,0,16,17,15,48
3076,17,15,50,17,99
3078,16,17,17,17,67
3079,0,17,17,17,51
3082,32,34,85,14,165
3083,15,34,85,14,148
3084,0,34,85,14,133
3085,16,36,49,14,115
3086,36,32,84,17,169
3088,32,31,19,15,97
3089,18,31,19,15,83
3090,0,31,19,15,65
3093,0,15,36,15,66
3094,0,36,47,18,101
3095,17,32,51,17,117
3097,0,17,51,17,85
3098,33,35,15,17,100
3099,18,35,15,17,85
3100,0,35,15,17,67
3101,17,32,83,18,150
3103,17,32,51,18,118
3104,32,33,36,16,117
3105,17,33,36,16,102
3106,18,15,36,16,85
3107,0,15,36,16,67
3108,0,36,48,17,101
3109,18,34,14,17,83
3110,16,18,14,17,65
3111,18,31,68,14,131
3112,0,31,68,14,113
3113,85,32,0,18,135
3114,0,34,48,18,100
3116,34,32,0,18,84
3117,17,32,0,18,67
3118,14,18,0,18,50
3119,0,18,0,18,36
3121,0,17,31,23,71
3122,0,31,23,29,83
3123,38,43,68,17,166
3125,29,14,68,17,128
3126,32,37,31,17,117
3127,0,14,68,17,99
3128,19,18,31,17,85
3129,0,18,31,17,66
3130,0,31,132,19,182
3132,0,35,33,16,84
3133,18,33,0,16,67
3134,17,16,0,16,49
3136,0,33,134,14,181
3138,50,18,14,17,99
3139,0,16,0,19,35
3140,37,31,0,16,84
3142,31,35,50,16,132
3146,14,18,66,18,116
3147,52,32,34,16,134
3149,16,32,34,16,98
3150,0,32,34,16,82
3151,0,15,34,16,65
3152,0,34,68,16,118
3153,0,16,68,16,100
3155,19,33,82,18,152
3157,17,32,15,18,82
3158,0,32,15,18,65
3159,0,16,15,18,49
3161,18,35,0,16,69
3164,16,16,69,15,116
3165,51,34,33,15,133
3167,20,34,33,15,102
3168,0,34,33,15,82
3169,19,33,66,14,132
3170,15,18,66,14,113
3172,31,35,48,17,131
3175,31,17,17,17,82
3176,14,17,17,17,65
3177,0,17,17,17,51
3178,17,17,0,18,52
3180,0,33,166,18,217
3182,19,14,0,18,51
3183,49,35,0,14,98
3184,18,17,35,14,84
3185,0,17,35,14,66
3187,31,18,84,15,148
3188,0,32,84,15,131
3189,49,36,32,19,136
3192,0,36,32,19,87
3193,50,34,0,15,99
3196,19,15,0,15,49
3199,0,18,51,14,83
3201,48,36,17,15,116
3202,31,36,17,15,99
3203,14,36,17,15,82
3204,0,36,17,15,68
3206,17,15,0,15,47
3207,15,35,14,18,82
3208,0,35,14,18,67
3211,18,34,33,18,103
3212,0,34,33,18,85
3214,18,15,49,18,100
3216,18,14,17,18,67
3217,0,14,17,18,49
3218,17,18,165,18,218
3219,0,18,165,18,201
3220,0,33,100,18,151
3221,63,19,33,18,133
3222,15,19,51,15,100
3224,33,33,0,18,84
3225,37,15,0,18,70
3226,18,15,0,18,51
3227,0,15,0,18,33
3228,0,32,18,18,68
3229,32,18,80,17,147
3231,0,18,80,17,115
3232,0,31,49,17,97
3233,17,33,16,17,83
3234,33,33,86,15,167
3235,0,15,16,17,48
3236,16,17,86,15,134
3238,18,16,18,16,68
3239,0,16,18,16,50
3241,34,15,49,18,116
3242,33,34,15,18,100
3243,0,15,49,18,82
3244,0,34,15,18,67
3245,18,33,18,17,86
3247,0,18,18,17,53
3249,0,17,83,14,114
3250,0,33,115,18,166
3252,0,32,18,14,64
3256,33,36,15,17,101
3258,0,36,15,17,68
3259,0,18,15,17,50
3262,32,37,49,15,133
3263,13,37,49,15,114
3265,19,30,19,15,83
3267,0,17,19,15,51
3269,15,21,14,17,67
3270,21,46,18,17,102
3271,31,15,18,17,81
3272,17,15,18,17,67
3273,33,17,99,18,167
3274,0,35,99,18,152
3275,0,17,99,18,134
3277,18,31,35,18,102
3278,31,35,18,15,99
3279,17,35,18,15,85
3280,53,15,15,17,100
3281,17,33,15,17,82
3282,0,33,15,17,65
3283,15,32,51,17,115
3284,32,36,15,17,100
3286,0,36,15,17,68
3287,33,17,15,18,83
3288,15,17,15,18,65
3289,69,15,0,17,101
3290,0,33,19,15,67
3291,0,18,19,15,52
3293,32,14,0,18,64
3294,0,31,0,18,49
3295,0,14,0,18,32
3296,18,18,31,19,86
3297,0,18,31,19,68
3298,18,13,0,19,50
3299,13,34,50,18,115
3300,19,15,50,18,102
3301,0,15,50,18,83
3304,34,32,18,19,103
3306,69,31,0,18,118
3307,17,37,14,17,85
3309,50,32,18,17,117
3310,81,17,34,15,147
3311,17,32,18,17,84
3312,18,14,18,17,67
3314,0,35,34,15,84
3315,17,34,233,15,299
3316,0,34,233,15,282
3317,0,19,233,15,267
3318,15,18,0,12,45
3319,0,18,0,12,30
3321,0,19,19,14,52
3322,33,36,34,15,118
3324,17,19,34,15,85
3326,15,19,48,18,100
3327,0,19,48,18,85
3328,0,33,15,18,66
3330,33,31,17,18,99
3331,18,31,17,18,84
3332,15,16,17,18,66
3333,16,35,15,19,85
3334,17,18,15,19,69
3335,0,18,15,19,52
3336,0,34,49,18,101
3342,33,33,17,15,98
3343,34,18,17,15,84
3344,15,18,17,15,65
3345,35,15,18,15,83
3346,17,15,18,15,65
3348,0,33,18,18,69
3349,0,15,18,18,51
3350,0,36,18,13,67
3352,18,13,50,18,99
3353,0,13,50,18,81
3354,0,33,84,18,135
3355,0,15,84,18,117
3356,17,18,17,15,67
3357,50,35,50,18,153
3358,0,32,17,18,67
3360,0,35,50,18,103
3362,16,17,17,18,68
3364,17,18,85,29,149
3366,0,32,17,13,62
3367,0,17,17,13,47
3368,82,18,15,17,132
3369,13,23,62,17,115
3370,23,47,15,17,102
3371,0,47,15,17,79
3372,48,17,17,15,97
3373,33,17,17,15,82
3374,15,17,17,15,64
3376,0,32,35,16,83
3377,15,35,0,16,66
3378,0,35,0,16,51
3379,15,36,79,17,147
3381,20,31,101,15,167
3383,34,14,101,14,163
3384,19,14,101,14,148
3385,14,32,18,18,82
3386,0,32,18,18,68
3387,17,36,15,18,86
3388,0,36,15,18,69
3393,18,35,14,17,84
3396,0,31,68,15,114
3397,17,36,0,14,67
3398,36,32,15,19,102
3399,31,18,15,19,83
3400,32,34,0,15,81
3401,0,18,15,19,52
3402,15,19,0,15,49
3403,0,19,0,15,34
3404,0,31,0,17,48
3406,17,17,18,17,69
3407,0,17,18,17,52
3408,69,33,34,14,150
3409,17,34,50,17,118
3410,34,33,34,14,115
3411,51,34,14,18,117
3413,19,34,14,18,85
3415,17,32,332,17,398
3417,0,18,332,17,367
3419,17,34,0,16,67
3420,0,34,0,16,50
3421,19,33,35,16,103
3422,0,33,35,16,84
3423,0,17,35,16,68
3424,35,34,83,15,167
3425,18,34,83,15,150
3427,0,18,83,15,116
3428,32,33,18,15,98
3430,66,33,18,15,132
3431,36,15,18,15,84
3432,18,15,18,15,66
3434,0,33,18,15,66
3435,48,36,32,15,131
3436,0,33,0,17,50
3438,0,36,32,15,83
3439,84,32,0,19,135
3441,0,18,0,15,33
3442,65,34,84,15,198
3443,50,34,84,15,183
3444,0,32,0,19,51
3445,17,34,84,15,150
3447,0,15,84,15,114
3448,34,31,19,15,99
3450,31,34,54,14,133
3451,16,34,54,14,118
3452,0,34,54,14,102
3453,0,15,54,14,83
3454,0,35,19,14,68
3455,18,33,48,20,119
3456,19,14,48,20,101
3458,48,20,48,18,134
3459,17,34,48,18,117
3460,0,34,48,18,100
3461,20,32,168,15,235
3462,32,34,49,18,133
3463,15,34,49,18,116
3464,0,34,49,18,101
3465,0,18,49,18,85
3466,34,33,0,15,82
3467,18,33,0,15,66
3468,0,33,0,15,48
3469,18,30,18,19,85
3470,0,30,18,19,67
3473,19,30,18,18,85
3474,0,30,18,18,66
3475,15,36,14,18,83
3477,18,32,86,14,150
3478,0,32,86,14,132
3479,35,15,19,17,86
3480,17,15,19,17,68
3484,0,32,34,18,84
3485,0,14,34,18,66
3489,50,33,32,17,132
3490,36,33,32,17,118
3491,17,33,32,17,99
3492,0,33,32,17,82
3493,0,18,32,17,67
3494,32,34,51,16,133
3495,17,34,51,16,118
3496,17,17,51,16,101
3498,0,34,17,16,67
3500,17,16,0,16,49
3502,16,17,17,17,67
3505,17,32,32,19,100
3506,51,13,0,19,83
3508,0,32,0,19,51
3509,13,35,19,14,81
3510,0,35,19,14,68
3511,35,14,0,18,67
3513,14,32,18,17,81
3515,0,14,18,17,49
3520,17,18,33,14,82
3524,0,32,19,14,65
3527,97,18,17,14,146
3529,0,14,18,18,50
3530,36,32,17,14,99
3532,0,32,17,14,63
3533,35,14,35,18,102
3534,17,14,35,18,84
3537,16,33,51,16,116
3538,0,33,51,16,100
3541,14,35,19,15,83
3542,19,16,19,15,69
3543,0,16,19,15,50
3545,0,15,32,18,65
3546,32,33,52,17,134
3547,34,15,52,17,118
3550,35,34,99,17,185
3551,34,17,99,17,167
3553,17,33,66,17,133
3554,15,18,66,17,116
3555,101,15,0,18,134
3556,32,34,83,17,166
3557,15,34,83,17,149
3558,16,18,83,17,134
3559,0,18,83,17,118
3560,17,15,0,18,50
3561,15,36,32,17,100
3563,50,34,0,16,100
3564,32,34,0,16,82
3565,17,34,0,16,67
3566,17,17,0,16,50
3567,0,17,0,16,33
3568,0,33,19,13,65
3569,17,32,56,28,133
3570,49,16,23,28,116
3571,13,33,23,28,97
3572,0,33,23,28,84
3573,0,16,23,28,67
3574,23,44,17,16,100
3575,0,44,17,16,77
3576,17,16,17,16,66
3577,0,16,17,16,49
3578,17,16,50,19,102
3579,66,19,83,17,185
3582,14,19,83,17,133
3583,0,19,83,17,119
3584,0,33,0,17,50
3586,17,15,18,17,67
3587,0,15,18,17,50
3588,18,17,81,18,134
3589,17,33,48,18,116
3590,48,16,17,18,99
3594,0,35,199,19,253
3595,0,18,199,19,236
3596,0,32,35,15,82
3597,0,14,35,15,64
3598,17,18,48,19,102
3599,18,34,14,19,85
3600,15,19,14,19,67
3601,0,19,14,19,52
3602,48,17,52,15,132
3603,51,33,51,15,150
3607,49,32,120,15,216
3608,19,15,17,15,66
3609,32,15,120,15,182
3610,0,32,120,15,167
3612,0,36,14,18,68
3613,0,17,14,18,49
3615,0,18,16,18,52
3619,15,33,17,18,83
3620,68,31,0,21,120
3621,50,31,0,21,102
3622,17,18,31,21,87
3624,0,31,0,21,52
3625,38,46,17,15,116
3627,28,18,17,15,78
3629,0,18,17,15,50
3630,17,15,0,18,50
3632,69,32,102,15,218
3633,0,15,18,18,51
3635,0,18,15,17,50
3636,0,32,102,15,149
3637,17,33,183,18,251
3638,0,33,183,18,234
3640,33,36,81,18,168
3641,33,18,81,18,150
3643,0,18,81,18,117
3644,0,32,18,16,66
3645,0,17,18,16,51
3647,0,16,84,14,114
3649,0,18,51,14,83
3650,15,18,18,14,65
3651,0,18,18,14,50
3652,0,32,18,19,69
3655,19,32,16,18,85
3657,0,17,16,18,51
3658,0,34,15,18,67
3660,0,33,0,16,49
3661,18,31,0,18,67
3663,33,18,50,14,115
3664,18,18,50,14,100
3665,0,18,50,14,82
3666,0,33,17,14,64
3667,19,31,0,18,68
3668,17,14,0,18,49
3669,32,18,81,16,147
3670,53,14,50,16,133
3671,0,18,81,16,115
3672,31,36,14,16,97
3676,0,30,0,22,52
3678,0,22,18,28,68
3679,18,28,16,18,80
3680,44,18,16,17,95
3681,17,34,16,17,84
3682,0,34,16,17,67
3683,34,17,50,15,116
3684,0,33,50,15,98
3686,0,34,51,16,101
3688,16,15,67,19,117
3689,15,36,31,19,101
3690,0,36,31,19,86
3691,0,16,31,19,66
3692,50,15,52,17,134
3693,15,34,52,17,118
3696,17,17,18,17,69
3701,0,15,18,15,48
3702,0,33,0,19,52
3703,0,15,0,19,34
3704,51,16,35,17,119
3705,0,14,18,16,48
3707,16,35,0,17,68
3708,17,18,0,17,52
3713,0,14,0,18,32
3714,0,36,15,18,69
3715,18,33,117,15,183
3716,0,33,117,15,165
3717,0,18,117,15,150
3718,0,32,50,17,99
3722,0,32,18,15,65
3723,17,33,149,17,216
3724,0,33,149,17,199
3726,35,31,51,18,135
3727,0,18,15,16,49
3729,16,35,184,15,250
3731,85,33,53,15,186
3733,0,18,14,17,49
3735,68,17,18,15,118
3737,0,14,53,15,82
3739,68,15,116,19,218
3740,33,33,116,19,201
3742,18,15,116,19,168
3743,0,15,116,19,150
3744,0,35,15,17,67
3745,0,17,15,17,49
3746,32,33,50,16,131
3749,0,15,50,16,81
3752,0,31,85,16,132
3756,65,33,49,18,165
3758,0,34,15,18,67
3759,16,33,49,18,116
3760,33,34,15,18,100
3761,18,34,15,18,85
3762,0,34,15,18,67
3763,0,16,15,18,49
3764,15,18,0,15,48
3765,33,19,15,19,86
3766,0,34,15,19,68
3767,0,19,15,19,53
3768,34,31,51,18,134
3769,19,31,51,18,119
3773,0,15,17,18,50
3774,0,35,14,18,67
3778,16,17,17,18,68
3780,35,34,15,18,102
3782,0,34,15,18,67
3783,19,33,15,19,86
3784,33,34,0,14,81
3786,0,34,0,14,48
3788,0,33,0,15,48
3789,0,19,0,15,34
3790,0,30,35,17,82
3792,67,35,0,17,119
3793,0,18,50,17,85
3794,0,32,85,18,135
3795,15,35,0,17,67
3796,0,35,0,17,52
3798,0,32,36,16,84
3799,67,17,99,15,198
3800,36,33,99,15,183
3801,18,33,99,15,165
3802,16,17,99,15,147
3803,32,17,101,14,164
3804,32,32,69,14,147
3805,17,32,69,14,132
3806,0,32,69,14,115
3807,14,35,0,15,64
3808,18,17,0,15,50
3809,0,17,0,15,32
3810,82,19,16,16,133
3812,34,33,16,16,99
3813,69,16,50,18,153
3814,0,33,16,16,65
3815,19,32,50,18,119
3816,82,18,0,15,115
3817,48,36,0,15,99
3821,0,18,0,15,33
3822,0,33,83,17,133
3823,0,18,83,17,118
3825,0,15,0,17,32
3827,0,16,18,17,51
3828,35,33,17,14,99
3830,0,33,17,14,64
3832,17,14,51,17,99
3833,0,14,51,17,82
3834,37,31,85,15,168
3836,31,34,51,15,131
3837,17,34,51,15,117
3838,0,34,51,15,100
3839,0,16,51,15,82
3841,33,15,65,19,132
3843,15,34,16,15,80
3844,0,34,16,15,65
3846,16,15,34,18,83
3847,49,36,49,17,151
3849,0,15,0,18,33
3853,17,34,65,18,134
3854,0,34,65,18,117
3855,0,17,65,18,100
3856,31,34,0,18,83
3857,31,16,0,18,65
3859,16,33,67,18,134
3860,0,33,67,18,118
3861,15,36,116,17,184
3865,0,17,85,17,119
3867,18,32,17,17,84
3868,0,32,17,17,66
3869,18,34,31,19,102
3870,17,17,31,19,84
3871,0,17,31,19,67
3873,15,34,83,19,151
3875,15,32,51,19,117
3876,32,36,34,15,117
3877,14,36,34,15,99
3879,33,19,65,19,136
3880,0,34,65,19,118
3881,52,32,183,18,285
3882,0,33,18,14,65
3884,0,32,183,18,233
3885,14,34,50,15,113
3887,0,15,50,15,80
3888,33,32,18,18,101
3889,18,32,18,18,86
3890,0,32,18,18,68
3891,15,36,14,18,83
3892,36,32,49,17,134
3894,0,32,49,17,98
3895,18,34,15,17,84
3897,0,18,15,17,50
3898,0,32,85,15,132
3899,0,17,85,15,117
3900,19,15,18,15,67
3901,48,33,17,18,116
3902,0,33,116,17,166
3903,15,33,17,18,83
3904,0,33,17,18,68
3905,15,35,48,17,115
3907,0,18,48,17,83
3911,17,36,14,18,85
3912,0,36,14,18,68
3913,0,18,14,18,50
3914,14,18,17,15,64
3915,0,18,17,15,50
3916,17,15,85,17,134
3918,33,34,83,17,167
3919,48,35,15,18,116
3921,17,35,15,18,85
3924,0,33,15,17,65
3925,0,18,15,17,50
3927,17,33,85,16,151
3928,0,33,85,16,134
3929,0,14,85,16,115
3930,0,34,82,18,134
3931,0,17,82,18,117
3932,0,33,85,16,134
3933,18,34,15,18,85
3934,34,33,68,15,150
3935,49,34,34,15,132
3936,51,16,34,15,116
3937,18,34,34,15,101
3939,16,34,33,16,99
3940,0,34,33,16,83
3941,0,20,33,16,69
3942,33,33,67,17,150
3943,0,18,64,19,101
3945,32,16,84,17,149
3946,0,31,84,17,132
3947,69,15,149,18,251
3949,0,17,65,19,101
3950,0,32,149,18,199
3951,0,15,149,18,182
3952,16,17,0,19,52
3953,36,14,0,18,68
3955,32,15,18,17,82
3956,0,33,18,17,68
3957,15,35,15,18,83
3959,50,32,19,14,115
3961,18,32,19,14,83
3962,51,14,18,17,100
3963,35,14,18,17,84
3964,19,14,18,17,68
3965,14,35,0,15,64
3966,35,33,0,18,86
3967,17,33,0,18,68
3969,0,18,0,18,36
3972,0,32,17,15,64
3974,32,36,82,16,166
3976,0,36,82,16,134
3977,0,18,82,16,116
3978,32,34,16,16,98
3979,0,18,0,17,35
3980,34,32,18,17,101
3981,0,17,16,16,49
3982,16,16,18,17,67
3984,35,32,66,18,151
3986,54,44,83,19,200
3987,17,22,16,28,83
3990,0,28,83,19,130
3991,64,15,85,15,179
3994,0,30,85,15,130
3995,51,31,18,15,115
3997,50,33,51,19,153
3999,0,15,18,15,48
4000,33,35,16,19,103
4001,50,35,14,18,117
4002,0,35,16,19,70
4003,0,17,16,19,52
4004,35,32,50,18,135
4005,51,32,18,18,119
4006,0,32,50,18,100
4008,32,36,14,18,100
4009,35,18,14,18,85
4010,18,18,14,18,68
4011,18,32,16,18,84
4013,0,18,16,18,52
4015,0,18,82,18,118
4020,51,16,49,18,134
4021,0,18,99,18,135
4022,0,32,49,18,99
4024,0,35,14,18,67
4026,14,18,33,18,83
4027,0,18,33,18,69
4029,0,15,0,18,33
4031,0,15,17,17,49
4032,34,32,33,18,117
4033,17,32,33,18,100
4035,65,18,31,19,133
4036,18,15,0,18,51
4038,18,18,31,19,86
4040,0,31,0,19,50
4041,0,14,0,19,33
4042,19,15,51,18,103
4043,32,18,34,15,99
4045,0,18,34,15,67
4046,16,18,64,19,117
4047,18,31,33,19,101
4048,0,31,33,19,83
4049,0,16,33,19,68
4050,18,15,0,19,52
4051,15,35,65,18,133
4052,0,35,65,18,118
4053,35,15,83,15,148
4054,19,15,83,15,132
4055,15,31,52,15,113
4056,49,16,18,15,98
4058,18,16,18,15,67
4060,18,15,19,14,66
4061,15,33,51,16,115
4062,0,33,51,16,100
4063,14,33,18,16,81
4064,0,33,18,16,67
4065,0,14,18,16,48
4066,0,34,19,14,67
4068,0,33,0,18,51
4071,0,15,0,18,33
4072,18,15,34,17,84
4076,0,34,0,17,51
4077,17,33,33,19,102
4079,31,18,117,15,181
4081,103,14,85,18,220
4083,33,15,18,14,80
4085,0,15,18,14,47
4086,18,14,85,18,135
4087,0,14,85,18,117
4089,15,37,98,18,168
4093,0,18,34,14,66
4095,0,17,0,14,31
4096,49,17,116,16,198
4097,35,17,116,16,184
4099,49,35,49,16,149
4100,14,18,17,18,67
4101,0,18,17,18,53
4103,0,18,49,16,83
4104,15,17,65,18,115
4105,0,17,65,18,100
4106,17,16,32,18,83
4107,16,32,37,14,99
4108,0,32,37,14,83
4109,0,14,37,14,65
4110,18,19,0,14,51
4111,33,18,83,15,149
4112,14,18,83,15,130
4113,0,18,83,15,116
4115,30,18,66,17,131
4116,50,15,34,17,116
4117,0,18,66,17,101
4118,17,15,34,17,83
4120,0,34,0,17,51
4122,17,18,17,17,69
4123,0,18,17,17,52
4124,17,17,48,20,102
4126,0,30,55,29,114
4127,100,18,17,15,150
4128,18,20,17,29,84
4129,0,20,17,29,66
4130,0,17,0,29,46
4131,47,32,116,19,214
4132,17,18,17,15,67
4133,67,18,49,17,151
4134,17,15,116,19,167
4135,15,35,49,17,116
4136,17,18,49,17,101
4137,0,18,49,17,84
4138,0,31,118,17,166
4141,17,34,16,18,85
4143,53,32,18,14,117
4145,0,18,50,14,82
4147,0,17,18,14,49
4148,0,32,85,15,132
4149,14,34,18,15,81
4150,52,15,51,16,134
4151,33,15,51,16,115
4154,0,33,18,16,67
4155,0,15,18,16,49
4157,16,33,84,17,150
4159,53,32,102,14,201
4160,0,36,14,18,68
4162,0,32,102,14,148
4163,18,33,0,15,66
4164,0,33,0,15,48
4165,0,17,0,15,32
4166,0,33,18,18,69
4167,54,32,14,18,118
4168,18,18,46,18,100
4169,0,18,46,18,82
4170,0,32,14,18,64
4171,0,18,14,18,50
4174,32,36,47,20,135
4175,14,36,47,20,117
4177,50,34,16,17,117
4179,18,34,16,17,85
4180,0,34,16,17,67
4181,20,33,15,17,85
4183,17,32,18,16,83
4184,32,34,0,16,82
4185,17,34,0,16,67
4187,49,33,34,17,133
4190,0,33,34,17,84
4191,32,17,49,17,115
4192,17,17,49,17,100
4194,0,32,50,16,98
4195,0,15,50,16,81
4196,34,32,19,15,100
4197,17,32,19,15,83
4199,50,33,150,18,251
4200,0,34,19,14,67
4203,0,14,150,18,182
4204,18,18,81,18,135
4205,18,33,15,18,84
4206,16,17,15,18,66
4208,0,33,48,18,99
4209,18,33,15,18,84
4210,15,18,15,18,66
4211,0,18,15,18,51
4213,50,33,68,18,169
4214,32,33,68,18,151
4215,14,33,68,18,133
4217,0,15,68,18,101
4218,50,18,84,17,169
4219,32,18,84,17,151
4221,18,34,50,17,119
4222,0,34,50,17,101
4223,30,18,18,17,83
4225,18,35,15,17,85
4226,0,35,15,17,67
4227,0,17,15,17,49
4228,0,32,117,18,167
4229,17,32,118,17,184
4230,52,14,18,17,101
4231,0,15,118,17,150
4232,0,34,18,17,69
4236,0,34,15,17,66
4237,18,32,18,15,83
4239,17,33,18,14,82
4240,18,15,18,14,65
4243,50,34,16,17,117
4244,0,36,50,17,103
4245,0,18,50,17,85
4246,0,34,16,17,67
4247,0,19,16,17,52
4249,32,18,32,18,100
4250,15,18,32,18,83
4251,68,15,0,18,101
4252,17,15,82,18,132
4253,0,15,82,18,115
4254,18,15,0,18,51
4255,33,17,84,14,148
4256,0,35,84,14,133
4257,31,18,85,14,148
4259,0,18,85,14,117
4260,0,33,19,14,66
4262,33,33,118,15,199
4265,14,35,167,15,231
4267,0,17,167,15,199
4268,15,19,115,18,167
4269,51,32,18,18,119
4270,32,32,18,18,100
4271,150,32,18,18,218
4272,68,33,15,19,135
4274,0,36,15,18,69
4276,0,33,15,19,67
4278,0,34,16,16,66
4280,68,31,51,14,164
4281,16,36,47,17,116
4283,18,31,51,14,114
4284,31,33,18,14,96
4286,0,33,18,14,65
4287,17,32,18,18,85
4288,18,14,18,18,68
4289,14,36,15,18,83
4290,0,36,15,18,69
4293,0,18,33,14,65
4295,0,18,82,17,117
4296,0,33,49,17,99
4297,0,19,49,17,85
4298,35,31,16,17,99
4300,47,17,18,15,97
4301,0,17,16,17,50
4303,17,33,0,19,69
4308,0,34,15,17,66
4309,0,19,15,17,51
4311,17,33,101,15,166
4312,33,35,31,18,117
4315,0,18,31,18,67
4316,0,31,18,17,66
4317,17,35,51,15,118
4318,18,17,51,15,101
4320,0,33,18,15,66
4321,51,34,18,15,118
4323,15,34,18,15,82
4324,0,34,18,15,67
4326,33,33,33,18,117
4327,15,33,33,18,99
4328,0,33,33,18,84
4329,0,18,33,18,69
4331,15,33,0,17,65
4332,0,33,0,17,50
4336,84,14,52,15,165
4337,0,19,51,14,84
4338,13,20,18,14,65
4339,38,14,52,15,119
4340,18,14,52,15,99
4342,18,18,16,15,67
4343,0,18,16,15,49
4345,0,15,17,17,49
4347,17,35,15,18,85
4348,35,33,49,16,133
4349,17,33,49,16,115
4350,33,34,167,13,247
4351,18,34,167,13,232
4354,0,31,18,16,65
4357,16,32,70,13,131
4358,0,32,70,13,115
4360,0,33,18,19,70
4361,0,15,18,19,52
4362,0,37,13,19,69
4363,19,32,83,15,149
4364,0,32,83,15,130
4365,34,19,14,19,86
4366,0,34,14,19,67
4367,19,33,16,15,83
4368,33,31,66,18,148
4370,0,31,66,18,115
4371,0,15,66,18,99
4374,0,31,0,18,49
4376,0,36,49,18,103
4379,50,34,15,18,117
4380,35,34,15,18,102
4381,18,34,15,18,85
4382,0,34,15,18,67
4383,0,19,15,18,52
4385,18,32,18,17,85
4386,50,17,14,23,104
4387,17,35,14,23,89
4389,0,17,14,23,54
4390,0,37,161,17,215
4391,23,29,0,14,66
4392,29,33,66,15,143
4394,14,19,66,15,114
4397,17,32,33,17,99
4398,0,32,33,17,82
4400,0,33,83,17,133
4401,0,18,83,17,118
4404,0,36,14,17,67
4405,0,18,14,17,49
4406,14,17,83,18,132
4407,67,15,18,18,118
4408,0,33,50,18,101
4411,33,18,50,17,118
4412,36,32,69,14,151
4413,18,32,69,14,133
4414,0,32,69,14,115
4415,17,35,0,15,67
4417,17,34,0,14,65
4419,51,34,32,16,133
4420,0,32,48,18,98
4421,35,17,32,16,100
4422,17,17,32,16,82
4424,32,34,0,15,81
4425,101,18,0,15,134
4427,33,19,15,18,85
4428,15,19,15,18,67
4429,52,33,98,19,202
4430,15,18,0,15,48
4431,18,33,98,19,168
4432,15,18,98,19,150
4434,32,37,13,16,98
4435,14,37,13,16,80
4437,0,19,13,16,48
4438,29,36,16,18,99
4439,16,36,16,18,86
4442,16,18,12,17,63
4443,18,29,0,19,66
4444,0,29,0,19,48
4445,0,17,0,19,36
4446,0,37,17,16,70
4448,17,16,50,14,97
4449,0,16,50,14,80
4450,0,33,50,18,101
4451,19,31,19,18,87
4452,0,31,19,18,68
4453,33,18,82,15,148
4454,0,37,82,15,134
4455,0,18,82,15,115
4457,35,14,18,15,82
4458,20,14,18,15,67
4460,18,15,20,14,67
4461,0,15,20,14,49
4465,0,16,18,15,49
4467,48,35,83,14,180
4468,0,33,118,14,165
4469,15,35,83,14,147
4470,0,35,83,14,132
4471,67,15,134,18,234
4472,32,33,134,18,217
4473,0,14,18,15,47
4474,0,33,134,18,185
4475,33,14,20,14,81
4477,14,34,68,18,134
4480,19,18,49,16,102
4481,49,34,0,15,98
4482,14,17,34,15,80
4483,17,34,0,15,66
4484,18,16,0,15,49
4485,31,19,15,18,83
4486,0,34,15,18,67
4487,52,32,17,18,119
4488,0,33,15,17,65
4489,18,32,17,18,85
4490,0,32,17,18,67
4491,0,17,17,18,52
4492,17,18,51,14,100
4493,18,33,18,14,83
4495,17,32,18,16,83
4497,0,14,18,16,48
4498,0,34,99,18,151
4499,0,16,99,18,133
4500,0,34,0,15,49
4501,0,18,0,15,33
4502,34,31,18,15,98
4503,0,19,147,17,183
4504,14,17,18,15,64
4505,17,33,18,18,86
4506,18,15,18,18,69
4507,0,15,18,18,51
4508,36,33,48,19,136
4509,51,31,17,19,118
4510,0,33,48,19,100
4512,0,31,17,19,67
4513,85,31,85,18,219
4517,18,31,85,18,152
4518,15,16,85,18,134
4520,70,33,51,14,168
4521,18,34,15,18,85
4522,0,34,15,18,67
4523,17,33,51,14,115
4524,0,33,51,14,98
4525,34,18,81,17,150
4526,0,34,81,17,132
4527,49,36,14,17,116
4528,31,36,14,17,98
4530,18,18,14,17,67
4533,0,17,83,19,119
4536,0,36,114,18,168
4538,14,19,14,17,64
4540,0,31,83,18,132
4542,0,35,15,18,68
4543,0,17,15,18,50
4545,33,18,84,17,152
4546,0,33,84,17,134
4547,0,18,84,17,119
4548,50,18,16,17,101
4549,0,15,17,18,50
4550,17,18,16,17,68
4551,51,21,28,17,117
4552,0,33,49,17,99
4553,17,21,28,17,83
4554,0,21,28,17,66
4555,28,17,50,14,109
4556,18,17,50,14,99
4557,50,31,0,19,100
4559,0,18,17,14,49
4560,0,31,0,19,50
4561,14,35,18,14,81
4562,0,35,18,14,67
4565,14,36,51,14,115
4566,0,36,51,14,101
4567,0,17,51,14,82
4568,33,32,18,15,98
4569,68,15,51,17,151
4571,14,33,51,17,115
4572,0,33,51,17,101
4573,33,15,50,18,116
4574,18,15,50,18,101
4575,15,35,50,18,118
4576,50,18,17,18,103
4577,17,33,17,18,85
4578,15,18,17,18,68
4581,0,18,15,18,51
4582,0,33,17,13,63
4583,18,30,52,18,118
4584,0,30,52,18,100
4585,13,34,18,18,83
4587,14,36,183,15,248
4588,0,36,183,15,234
4589,18,34,13,17,82
4590,47,17,18,15,97
4591,0,20,13,17,50
4593,17,33,18,18,86
4594,0,33,18,18,69
4595,15,36,83,17,151
4596,0,36,83,17,136
4597,0,18,83,17,118
4599,0,18,51,17,86
4601,0,15,85,14,114
4603,0,17,14,17,48
4605,17,33,18,18,86
4606,0,33,18,18,69
4607,0,14,18,18,50
4608,0,36,82,15,133
4609,0,18,82,15,115
4610,0,32,84,15,131
4611,19,35,15,15,84
4612,35,30,52,16,133
4613,46,34,52,15,147
4614,0,30,52,16,98
4615,15,34,52,15,116
4616,19,15,52,15,101
4621,15,33,187,14,249
4623,34,17,17,13,81
4624,0,36,17,13,66
4625,0,17,17,13,47
4628,72,31,51,14,168
4629,0,17,18,18,53
4630,0,36,82,14,132
4631,0,18,82,14,114
4632,49,14,52,18,133
4633,15,32,52,18,117
4634,18,14,52,18,102
4635,14,33,51,17,115
4636,33,37,82,16,168
4638,0,37,82,16,135
4641,17,34,17,16,84
4642,17,17,17,16,67
4644,0,33,19,32,84
4645,49,35,14,19,117
4646,0,19,14,18,51
4647,63,19,16,19,117
4648,35,33,16,19,103
4649,0,17,14,19,50
4650,14,19,16,19,68
4652,0,35,82,18,135
4653,0,19,82,18,119
4654,32,32,52,33,149
4656,32,36,16,33,117
4657,0,16,52,33,101
4658,0,36,16,33,85
4659,18,16,15,18,67
4660,0,16,15,18,49
4662,18,17,32,16,83
4663,0,17,32,16,65
4664,14,18,151,14,197
4666,0,29,19,18,66
4667,50,36,215,18,319
4668,0,37,217,16,270
4669,0,18,217,16,251
4670,0,36,215,18,269
4671,54,30,86,16,186
4673,0,17,16,14,47
4674,30,33,85,16,164
4675,32,15,85,16,148
4676,18,15,85,16,134
4677,0,15,85,16,116
4678,35,34,115,18,202
4679,17,34,115,18,184
4680,18,16,115,18,167
4682,0,32,83,18,133
4683,0,16,83,18,117
4684,36,31,16,18,101
4686,14,17,16,18,65
4687,51,33,82,18,184
4688,0,34,50,18,102
4689,0,18,50,18,86
4690,0,33,82,18,133
4691,0,18,82,18,118
4692,17,18,82,18,135
4694,0,32,15,18,65
4695,18,33,17,18,86
4696,0,33,17,18,68
4697,18,35,14,18,85
4698,0,35,14,18,67
4701,18,33,17,16,84
4702,15,18,17,16,66
4703,18,33,18,15,84
4704,0,33,18,15,66
4705,34,15,15,19,83
4708,0,34,33,18,85
4710,0,18,15,18,51
4711,0,47,17,19,83
4714,0,36,17,33,86
4716,67,32,15,21,135
4718,19,17,47,21,104
4719,0,17,47,21,85
4721,17,36,30,17,100
4723,0,21,30,17,68
4724,0,16,14,17,47
4725,0,47,18,18,83
4726,17,16,18,18,69
4727,0,16,18,18,52
4728,0,36,13,21,70
4729,67,17,14,17,115
4731,0,21,46,17,84
4732,15,17,14,17,63
4733,0,17,14,17,48
4735,0,17,0,19,36
4737,0,14,103,32,149
4741,52,32,66,18,168
4742,34,32,66,18,150
4743,51,34,83,15,183
4745,18,34,83,15,150
4750,0,33,18,15,66
4753,15,35,133,18,201
4754,35,18,49,17,119
4759,0,18,132,18,168
4760,17,18,31,18,84
4761,0,18,31,18,67
4762,31,34,0,17,82
4763,17,34,0,17,68
4766,0,32,50,18,100
4768,18,15,53,30,116
4770,17,18,18,30,83
4771,0,18,18,30,66
4772,18,48,19,30,115
4773,80,36,82,18,216
4774,16,18,19,30,83
4775,37,49,82,18,186
4776,68,31,19,14,132
4777,30,19,82,18,149
4778,67,33,18,18,136
4779,31,19,19,14,83
4780,0,31,19,14,64
4783,0,14,18,18,50
4784,0,36,82,18,136
4785,0,18,82,18,118
4787,33,19,81,18,151
4788,69,33,115,18,235
4789,0,19,81,18,118
4791,18,33,115,18,184
4792,0,33,115,18,166
4793,84,32,49,19,184
4794,33,33,17,15,98
4795,33,18,17,15,83
4796,0,33,17,15,65
4797,0,18,17,15,50
4799,0,15,49,19,83
4804,0,18,15,17,50
4805,32,15,17,18,82
4806,67,34,15,18,134
4808,17,18,16,18,69
4810,0,34,15,18,67
4811,0,18,15,18,51
4814,15,17,19,31,82
4815,0,17,19,31,67
4816,0,19,14,17,50
4818,17,16,50,17,100
4820,0,35,15,17,67
4821,0,17,15,17,49
4823,17,33,17,18,85
4825,0,14,17,18,49
4826,35,35,14,17,101
4827,0,18,16,19,53
4828,0,35,14,17,66
4829,0,19,14,17,50
4831,17,35,0,32,84
4833,17,32,15,19,83
4834,32,34,65,19,150
4835,17,34,65,19,135
4836,0,34,65,19,118
4837,0,19,65,19,103
4838,51,14,0,19,84
4840,32,19,64,17,132
4841,14,19,64,17,114
4842,19,47,17,17,100
4845,17,34,67,17,135
4847,17,19,65,17,118
4849,0,48,99,17,164
4850,18,16,99,17,150
4853,49,33,17,18,117
4855,17,33,17,18,85
4856,18,15,17,18,68
4857,0,15,17,18,50
4859,0,18,0,17,35
4861,0,17,0,15,32
4862,0,34,0,16,50
4864,16,15,34,16,81
4867,16,34,15,19,84
4868,0,34,15,19,68
4870,48,17,0,17,82
4871,19,31,0,17,67
4872,14,17,0,17,48
4873,34,19,32,16,101
4874,0,36,32,16,84
4877,0,18,0,16,34
4881,0,17,15,17,49
4882,32,33,52,17,134
4883,50,35,82,18,185
4884,33,35,82,18,168
4885,32,18,82,18,150
4887,0,18,82,18,118
4888,17,17,16,17,67
4889,17,33,15,18,83
4890,0,33,15,18,66
4892,33,37,30,17,117
4893,18,37,30,17,102
4894,0,37,30,17,84
4895,39,45,18,17,119
4896,17,45,18,17,97
4898,17,15,18,17,67
4899,0,15,18,17,50
4900,0,35,48,17,100
4902,0,33,15,17,65
4903,82,34,117,17,250
4904,0,32,18,15,65
4906,18,15,19,15,67
4907,0,15,19,15,49
4909,0,15,117,17,149
4911,0,15,52,14,81
4912,0,34,84,15,133
4913,18,32,67,18,135
4914,0,32,67,18,117
4915,0,14,67,18,99
4917,0,17,17,15,49
4918,101,32,15,18,166
4919,0,15,18,16,49
4920,0,34,16,19,69
4921,0,16,16,19,51
4922,16,19,47,18,100
4923,0,19,47,18,84
4924,32,33,85,14,164
4925,50,34,16,17,117
4927,18,34,16,17,85
4930,0,33,50,15,98
4931,17,32,18,15,82
4932,0,32,18,15,65
4933,14,33,69,15,131
4934,67,35,0,15,117
4935,0,15,69,15,99
4937,34,17,0,15,66
4939,17,32,0,18,67
4940,0,32,0,18,50
4942,0,32,17,17,66
4943,48,35,0,17,100
4945,0,17,17,18,52
4946,0,35,0,17,52
4949,15,36,0,15,66
4951,19,35,30,15,99
4952,0,35,30,15,80
4954,30,34,65,19,148
4955,18,34,65,19,136
4956,0,34,65,19,118
4957,0,19,65,19,103
4958,15,18,15,17,65
4960,51,47,18,18,134
4962,0,19,0,31,50
4964,15,16,18,18,67
4965,52,31,0,18,101
4966,36,31,0,18,85
4967,18,31,0,18,67
4968,0,31,0,18,49
4969,0,16,0,18,34
4970,18,15,36,17,86
4972,0,36,49,16,101
4973,17,31,84,17,149
4974,65,32,18,17,132
4976,18,16,67,17,118
4977,48,35,0,17,100
4978,32,35,0,17,84
4980,0,35,0,17,52
4981,17,32,18,18,85
4982,0,32,18,18,68
4985,18,32,0,17,67
4987,0,18,0,17,35
4988,0,34,32,18,84
4989,49,34,17,17,117
4992,34,34,33,17,118
4996,50,15,67,16,148
4997,0,18,132,17,167
4998,0,32,67,16,115
4999,0,15,67,16,98
5000,17,17,0,18,52
5001,35,15,100,18,168
5002,119,14,0,18,151
5004,16,17,53,14,100
5006,53,14,0,18,85
5007,0,18,18,14,50
5010,0,34,0,18,52
5011,34,14,18,15,81
5013,0,14,18,15,47
5014,33,37,14,17,101
5018,14,17,0,17,48
5019,0,17,0,17,34
5020,17,15,54,31,117
5021,0,15,54,31,100
5022,54,46,117,18,235
5024,49,15,117,18,199
5025,31,15,117,18,181
5026,50,17,15,18,100
5027,50,33,0,17,100
5029,17,33,0,17,67
5032,49,18,49,16,132
5034,16,18,49,16,99
5035,67,16,121,32,236
5036,0,35,14,16,65
5038,14,16,121,32,183
5039,51,33,53,32,169
5040,53,15,53,32,153
5041,17,33,53,32,135
5042,18,15,53,32,118
5043,0,15,53,32,100
5044,68,35,14,18,135
5045,67,18,14,18,117
5048,17,18,14,18,67
5049,32,18,15,18,83
5050,14,18,15,18,65
5053,18,18,98,18,152
5054,0,18,98,18,134
5055,34,50,14,18,116
5056,20,50,14,18,102
5060,0,32,32,17,81
5061,67,16,118,16,217
5062,18,47,118,16,199
5064,17,16,118,16,167
5065,16,19,17,31,83
5066,19,48,51,16,134
5067,0,48,51,16,115
5068,14,17,51,16,98
5070,0,33,18,16,67
5073,16,18,15,18,67
5076,18,17,66,17,118
5077,0,17,66,17,100
5078,15,19,18,31,83
5079,0,19,18,31,68
5082,17,16,17,17,67
5083,0,16,17,17,50
5084,34,32,67,18,151
5085,17,32,67,18,134
5086,0,32,67,18,117
5087,52,17,15,18,102
5088,35,17,15,18,85
5095,0,18,15,16,49
5096,0,31,53,32,116
5098,18,15,34,18,85
5099,0,15,34,18,67
5102,35,18,14,17,84
5103,0,17,151,17,185
5104,0,18,14,17,49
5105,31,18,0,17,66
5108,0,17,0,31,48
5109,0,50,17,17,84
5110,17,19,17,17,70
5112,0,17,17,16,50
5114,33,33,32,18,116
5115,31,19,32,18,100
5116,0,33,32,18,83
5119,69,50,83,32,234
5120,0,18,0,33,51
5121,33,50,83,32,198
5122,18,50,83,32,183
5123,0,50,83,32,165
5124,0,35,83,32,150
5125,18,32,0,19,69
5126,32,19,0,32,83
5127,36,32,82,18,168
5128,51,50,32,18,151
5129,0,32,82,18,132
5131,0,50,32,18,100
5132,17,18,32,18,85
5137,0,18,31,18,67
5138,17,49,17,32,115
5139,14,35,17,32,98
5140,18,17,17,32,84
5141,0,17,17,32,66
5144,18,15,17,18,68
5145,32,18,32,17,99
5146,17,18,32,17,84
5148,0,18,116,33,167
5149,31,18,0,18,67
5150,17,18,0,18,53
5151,36,49,33,15,133
5152,0,18,64,18,100
5153,32,17,33,15,97
5154,18,17,33,15,83
5157,18,33,85,34,170
5158,0,33,85,34,152
5159,0,18,85,34,137
5160,0,34,17,34,85
5161,0,19,17,34,70
5162,85,32,83,15,215
5163,16,18,0,34,68
5164,84,50,65,18,217
5165,0,34,18,14,66
5167,65,17,65,18,165
5168,14,50,65,18,147
5169,0,50,65,18,133
5172,65,33,17,18,133
5176,18,15,17,18,68
5177,0,15,17,18,50
5178,67,35,14,18,134
5179,50,35,14,18,117
5181,17,35,14,18,84
5182,0,35,14,18,67
5183,0,19,14,18,51
5184,50,48,17,17,132
5185,18,18,15,16,67
5187,0,48,17,17,82
5188,16,17,17,17,67
5190,17,17,15,18,67
5191,100,19,16,18,153
5192,51,51,16,18,136
5193,68,19,16,18,121
5196,17,19,16,18,70
5197,35,33,17,33,118
5198,16,33,17,33,99
5199,50,33,16,17,116
5201,0,50,16,17,83
5202,0,33,16,17,66
5203,18,33,18,32,101
5205,17,18,0,32,67
5206,50,17,0,17,84
5207,32,17,0,17,66
5208,17,17,0,17,51
5209,17,17,81,19,134
5210,17,49,18,33,117
5211,67,33,49,17,166
5212,17,17,18,33,85
5215,0,33,49,17,99
5218,0,16,47,18,81
5219,47,33,87,33,200
5220,17,48,87,33,185
5221,0,48,87,33,168
5222,18,15,87,33,153
5223,0,15,87,33,135
5224,0,34,16,18,68
5225,31,18,19,33,101
5227,0,18,19,33,70
5230,0,19,15,18,52
5232,18,47,117,17,199
5233,82,33,49,17,181
5237,17,33,49,17,116
5239,17,32,17,17,83
5240,49,17,18,18,102
5241,0,15,17,17,49
5242,17,17,18,18,70
5244,0,18,18,31,67
5245,0,49,16,17,82
5246,0,31,16,17,64
5247,0,16,16,17,49
5248,0,33,0,19,52
5249,51,18,0,17,86
5251,15,18,0,17,50
5252,0,18,0,17,35
5253,50,33,0,16,99
5254,0,33,15,18,66
5256,15,18,0,16,49
5257,18,31,34,18,101
5258,16,15,34,18,83
5259,0,15,34,18,67
5260,0,19,82,18,119
5261,0,48,34,18,100
5262,0,33,34,18,85
5263,15,34,18,34,101
5266,0,18,0,34,52
5267,0,34,16,15,65
5268,19,50,15,17,101
5269,0,50,15,17,82
5271,0,19,15,17,51
5272,0,32,83,18,133
5273,0,17,83,18,118
5274,16,17,83,18,134
5275,0,17,83,18,118
5279,51,32,16,18,117
5280,65,34,67,18,184
5281,18,32,16,18,84
5285,36,49,18,33,136
5286,0,18,17,32,67
5287,17,32,18,33,100
5288,50,33,99,18,200
5289,18,18,0,33,69
5291,0,33,99,18,150
5292,50,18,14,17,99
5293,32,18,14,17,81
5295,0,18,14,17,49
5297,17,18,50,18,103
5298,18,50,0,18,86
5299,0,50,0,18,68
5302,0,18,0,32,50
5303,0,50,15,16,81
5304,18,18,15,16,67
5305,0,18,15,16,49
5306,0,31,152,31,214
5307,16,19,0,32,67
5308,0,19,0,32,51
5314,66,35,98,17,216
5315,0,18,31,17,66
5316,17,49,98,17,181
5317,0,49,98,17,164
5318,17,18,98,17,150
5319,34,17,0,15,66
5321,17,34,31,17,99
5322,34,17,49,18,118
5323,0,19,31,17,67
5324,0,17,49,18,84
5325,49,18,33,32,132
5327,36,33,0,32,101
5329,0,33,0,32,65
5331,32,18,33,33,116
5332,35,33,0,33,101
5333,33,18,0,33,84
5334,15,18,0,33,66
5338,32,18,65,17,132
5339,17,18,65,17,117
5340,51,18,14,17,100
5342,18,18,14,17,67
5343,0,18,14,17,49
5345,17,19,15,17,68
5346,0,19,15,17,51
5347,32,18,0,32,82
5349,0,18,0,32,50
5350,32,18,183,32,265
5351,17,18,183,32,250
5353,14,35,51,32,132
5354,18,17,51,32,118
5355,32,18,0,18,68
5356,33,18,51,32,134
5357,36,51,32,32,151
5358,0,18,51,32,101
5359,32,19,32,32,115
5360,37,32,0,32,101
5361,0,19,32,32,83
5362,32,32,68,17,149
5363,49,18,67,32,166
5365,18,18,67,32,135
5367,0,50,103,30,183
5368,17,18,103,30,168
5369,0,18,103,30,151
5370,49,18,20,16,103
5371,70,46,50,18,184
5373,0,18,20,16,54
5374,20,46,50,18,134
5375,16,30,50,18,114
5376,45,18,35,32,130
5378,0,33,35,32,100
5380,35,32,0,32,99
5381,82,19,15,17,133
5383,18,32,0,19,69
5384,0,32,0,19,51
5385,17,19,15,17,68
5387,32,15,35,15,97
5388,17,15,35,15,82
5390,0,35,33,17,85
5391,18,33,0,17,68
5394,0,17,65,17,99
5395,18,32,84,31,165
5397,49,35,84,32,200
5399,17,35,84,32,168
5401,17,17,67,32,133
5403,31,18,18,32,99
5406,33,32,51,16,132
5407,15,32,51,16,114
5408,17,15,51,16,99
5409,33,18,15,16,82
5412,31,35,0,17,83
5413,16,35,0,17,68
5414,69,32,0,18,119
5415,18,34,0,32,84
5416,17,17,0,32,66
5417,32,17,0,18,67
5418,50,47,18,17,132
5421,33,14,18,17,82
5422,18,14,18,17,67
5423,32,17,0,18,67
5424,0,35,0,18,53
5427,67,33,34,32,166
5428,0,34,18,33,85
5429,0,18,18,33,69
5432,18,34,64,18,134
5433,0,34,64,18,116
5434,18,47,17,18,100
5435,32,15,17,18,82
5437,0,15,17,18,50
5438,0,35,0,32,67
5439,18,32,35,17,102
5440,0,32,35,17,84
5441,17,35,117,32,201
5443,0,18,117,32,167
5444,17,50,64,18,149
5446,18,17,64,18,117
5447,17,32,32,18,99
5448,0,32,32,18,82
5449,17,18,14,18,67
5450,18,50,17,32,117
5451,0,50,17,32,99
5452,18,18,17,32,85
5453,35,50,15,18,118
5454,17,50,15,18,100
5455,0,50,15,18,83
5456,0,35,15,18,68
5457,0,18,15,18,51
5458,0,33,15,17,65
5459,18,32,18,31,99
5460,32,18,16,15,81
5461,17,18,16,15,66
5462,0,18,16,15,49
5463,0,49,17,17,83
5464,15,18,17,17,67
5465,0,18,17,17,52
5466,34,31,34,17,116
5468,31,19,15,17,82
5469,16,19,15,17,67
5470,19,51,31,18,119
5471,0,51,31,18,100
5472,17,19,31,18,85
5475,18,18,64,20,120
5476,18,50,14,20,102
5477,0,50,14,20,84
5478,18,18,14,20,70
5479,0,18,14,20,52
5480,0,34,16,15,65
5482,16,15,18,17,66
5483,0,15,18,17,50
5484,18,50,32,18,118
5485,17,33,32,18,100
5487,0,18,32,18,68
5489,33,15,18,17,83
5490,33,35,15,18,101
5491,33,17,15,18,83
5492,18,17,15,18,68
5493,17,33,17,33,100
5494,15,18,17,33,83
5495,0,18,17,33,68
5497,0,51,64,18,133
5498,68,18,216,32,334
5500,32,18,216,32,298
5502,0,18,216,32,266
5503,0,50,17,32,99
5504,0,36,17,32,85
5505,35,47,50,18,150
5506,0,17,47,18,82
5507,32,15,50,18,115
5508,33,35,50,17,135
5511,0,17,50,17,84
5512,0,33,17,17,67
5513,52,32,19,33,136
5514,66,19,83,34,202
5518,19,33,84,33,169
5519,14,19,84,33,150
5520,103,33,67,30,233
5522,17,19,98,17,151
5523,0,19,98,17,134
5524,0,34,33,31,98
5526,15,18,67,30,130
5531,19,30,0,19,68
5533,16,19,83,33,151
5534,0,19,83,33,135
5535,0,47,36,33,116
5536,0,29,36,33,98
5537,14,36,33,33,116
5538,69,33,18,16,136
5539,17,33,51,16,117
5540,0,33,51,16,100
5541,17,33,18,16,84
5543,18,18,16,17,69
5544,0,18,16,17,51
5547,0,50,15,18,83
5548,17,18,15,18,68
5551,18,31,86,33,168
5553,0,15,86,33,134
5555,34,33,15,18,100
5556,18,33,15,18,84
5557,15,18,15,18,66
5558,18,49,18,33,118
5559,0,49,18,33,100
5560,34,18,184,32,268
5561,16,18,184,32,250
5562,0,18,184,32,234
5563,33,33,16,15,97
5564,18,33,16,15,82
5567,31,19,34,34,118
5568,15,19,34,34,102
5570,16,18,0,34,68
5572,66,33,34,17,150
5573,50,33,34,17,134
5575,17,33,34,17,101
5576,0,33,34,17,84
5579,17,17,0,32,66
5580,0,17,0,32,49
5581,0,47,18,17,82
5582,18,15,18,17,68
5583,100,17,218,32,367
5584,0,35,15,17,67
5592,15,18,84,32,149
5594,17,18,49,32,116
5595,18,31,18,32,99
5596,49,50,82,17,198
5598,50,18,82,17,167
5599,50,18,64,17,149
5600,53,50,100,32,235
5601,0,18,82,17,117
5602,50,18,100,32,200
5603,0,50,100,32,182
5604,18,18,100,32,168
5605,0,18,100,32,150
5609,15,36,0,32,83
5610,0,36,0,32,68
5611,0,18,0,32,50
5613,17,33,15,19,84
5614,67,17,64,17,165
5615,52,17,64,17,150
5616,34,17,64,17,132
5617,86,31,52,17,186
5618,17,50,14,17,98
5619,0,50,14,17,81
5620,0,35,14,17,66
5621,0,19,14,17,50
5622,49,17,17,17,100
5623,17,35,17,17,86
5625,0,17,17,17,51
5626,17,50,67,17,151
5627,17,33,67,17,134
5628,33,17,50,17,117
5629,0,17,67,17,101
5630,17,50,17,33,117
5631,14,36,17,33,100
5632,18,18,17,33,86
5633,0,18,17,33,68
5634,0,17,0,33,50
5635,33,49,51,33,166
5637,0,49,51,33,133
5638,53,33,0,33,119
5639,0,17,51,33,101
5640,0,18,15,18,51
5641,0,33,0,33,66
5642,18,33,0,34,85
5643,0,33,0,34,67
5644,19,34,16,31,100
5645,0,34,16,31,81
5646,0,21,16,31,68
5647,0,47,19,16,82
5648,66,32,0,18,116
5650,35,32,0,18,85
5651,48,33,135,17,233
5652,0,32,0,18,50
5653,17,33,135,17,202
5654,0,33,135,17,185
5655,0,15,135,17,167
5656,0,35,0,15,50
5659,0,19,17,32,68
5661,32,17,17,17,83
5663,0,17,17,17,51
5664,49,18,17,32,116
5666,0,33,17,32,82
5667,18,17,65,17,117
5668,17,50,15,17,99
5669,0,50,15,17,82
5671,50,35,33,17,135
5673,17,35,33,17,102
5674,18,17,33,17,85
5675,0,17,33,17,67
5677,33,50,66,18,167
5678,17,50,66,18,151
5679,0,50,66,18,134
5680,17,18,66,18,119
5682,14,18,34,18,84
5684,34,18,48,18,118
5686,48,18,18,33,117
5687,30,18,18,33,99
5689,0,18,18,33,69
5690,18,33,50,20,121
5691,0,33,50,20,103
5692,18,50,82,18,168
5693,0,50,82,18,150
5695,18,20,0,14,52
5697,14,33,33,17,97
5698,0,33,33,17,83
5700,15,18,0,17,50
5701,18,17,15,17,67
5702,0,17,15,17,49
5703,0,50,64,17,131
5706,15,18,17,31,81
5707,18,17,67,32,134
5708,31,36,83,32,182
5710,17,19,83,32,151
5711,19,17,66,32,134
5712,17,50,16,32,115
5715,0,18,16,32,66
5716,0,16,15,17,48
5717,32,17,99,18,166
5718,34,34,18,32,118
5721,35,47,0,18,100
5723,0,47,0,18,65
5724,17,15,0,18,50
5726,18,15,103,32,168
5727,50,33,35,32,150
5728,17,18,0,15,50
5730,0,33,35,32,100
5731,18,18,17,32,85
5733,17,32,18,31,98
5734,0,32,18,31,81
5736,18,50,83,32,183
5737,0,50,83,32,165
5739,0,19,83,32,134
5741,18,33,33,17,101
5742,16,17,33,17,83
5743,0,17,33,17,67
5744,18,50,50,30,148
5745,0,50,50,30,130
5747,50,18,0,30,98
5748,14,18,18,30,80
5749,18,18,0,30,66
5750,18,47,53,32,150
5751,0,47,53,32,132
5752,50,17,18,32,117
5753,0,17,53,32,102
5754,18,17,18,32,85
5755,118,17,65,17,217
5758,18,18,15,18,69
5759,0,18,15,18,51
5760,15,18,17,17,67
5761,18,17,65,17,117
5762,34,34,46,19,133
5763,17,34,46,19,116
5765,115,36,15,17,183
5766,0,31,52,32,115
5767,17,34,18,32,101
5769,19,18,166,17,220
5770,0,18,166,17,201
5771,0,50,15,17,82
5772,18,18,15,17,68
5773,0,18,15,17,50
5774,32,18,66,17,133
5775,17,18,66,17,118
5776,32,35,17,17,101
5777,49,17,101,31,198
5778,0,35,17,17,69
5779,0,18,17,17,52
5781,0,51,14,17,82
5782,65,19,66,16,166
5783,19,31,0,19,69
5784,0,31,0,19,50
5785,36,49,33,33,151
5786,19,49,33,33,134
5788,17,18,33,33,101
5789,18,17,16,33,84
5790,17,49,15,20,101
5791,49,35,113,18,215
5793,54,31,32,18,135
5794,0,35,113,18,166
5795,20,31,32,18,101
5796,0,31,32,18,81
5797,17,18,64,18,117
5798,0,18,64,18,100
5799,32,18,14,18,82
5803,36,49,49,17,151
5804,84,20,47,33,184
5805,49,37,47,33,166
5806,17,17,49,17,100
5807,0,17,49,17,83
5809,0,20,47,33,100
5813,0,51,82,34,167
5814,84,17,17,34,152
5815,0,18,82,34,134
5816,17,48,17,34,116
5817,0,48,17,34,99
5819,0,17,17,34,68
5820,17,34,99,17,167
5821,15,19,99,17,150
5825,0,47,18,17,82
5826,17,15,18,17,67
5827,0,15,18,17,50
5828,18,17,15,17,67
5832,36,16,14,18,84
5833,0,34,14,18,66
5834,0,16,14,18,48
5835,0,51,49,17,117
5836,67,19,100,32,218
5838,13,17,36,33,99
5840,0,19,100,32,151
5841,0,50,16,15,81
5842,0,33,16,15,64
5844,0,31,85,18,134
5847,0,48,18,18,84
5848,0,34,18,18,70
5849,0,16,18,18,52
5850,0,36,47,20,103
5852,0,33,14,20,67
5853,32,20,50,30,132
5854,0,34,50,30,114
5855,0,20,50,30,100
5856,0,30,20,30,80
5857,0,15,20,30,65
5859,30,17,18,32,97
5860,15,17,18,32,82
5862,84,21,145,17,267
5863,66,21,145,17,249
5864,17,16,18,21,72
5865,0,16,18,21,55
5866,18,21,145,17,201
5867,21,15,0,30,66
5868,81,50,83,17,231
5869,12,37,17,31,97
5870,18,19,17,31,85
5871,0,19,17,31,67
5872,17,50,83,17,167
5873,31,19,83,17,150
5874,17,19,83,17,136
5875,0,19,83,17,119
5876,14,17,69,34,134
5877,17,34,184,14,249
5880,18,51,0,33,102
5881,84,32,0,34,150
5882,34,33,15,17,99
5884,33,32,0,34,99
5885,18,32,0,34,84
5887,0,17,0,34,51
5888,0,34,99,17,150
5890,30,37,17,32,116
5892,19,18,17,32,86
5895,0,47,69,33,149
5896,17,15,69,33,134
5897,15,35,17,17,84
5898,35,17,50,14,116
5899,18,17,50,14,99
5900,0,17,50,14,81
5901,0,50,0,14,64
5902,15,18,0,14,47
5903,18,33,18,32,101
5904,0,33,18,32,83
5906,0,18,80,17,115
5908,17,48,103,31,199
5909,0,48,103,31,182
5910,0,33,103,31,167
5911,0,17,103,31,151
5915,35,48,19,32,134
5916,17,48,19,32,116
5917,17,31,19,32,99
5918,0,31,19,32,82
5919,17,19,81,17,134
5920,19,50,31,17,117
5921,0,50,31,17,98
5922,0,36,31,17,84
5923,66,17,65,18,166
5924,17,48,65,18,148
5925,31,17,65,18,131
5927,17,18,47,18,100
5928,18,33,14,18,83
5930,51,16,17,17,101
5931,0,48,17,17,82
5932,18,16,17,17,68
5934,17,17,85,17,136
5935,17,18,133,33,201
5937,0,50,17,17,84
5939,18,17,17,34,86
5941,0,51,63,17,131
5942,0,34,63,17,114
5943,19,15,48,17,99
5944,15,33,15,17,80
5945,33,50,18,17,118
5946,19,50,18,17,104
5947,0,50,18,17,85
5948,17,18,18,17,70
5949,0,18,18,17,53
5950,18,49,133,15,215
5951,0,49,133,15,197
5953,0,18,133,15,166
5954,18,33,15,15,81
5955,33,48,85,32,198
5956,19,48,85,32,184
5958,15,18,85,32,150
5960,0,34,15,17,66
5962,15,17,19,32,83
5963,68,18,15,18,119
5965,0,50,15,18,83
5966,17,18,15,18,68
5967,0,18,15,18,51
5970,65,18,18,31,132
5971,0,47,36,31,114
5972,0,31,36,31,98
5973,17,18,18,31,84
5974,82,17,18,18,135
5975,32,17,15,17,81
5977,17,32,18,18,85
5978,0,32,18,18,68
5979,0,17,18,18,53
5980,0,36,32,17,85
5981,36,49,49,17,151
5982,18,49,49,17,133
5983,0,49,49,17,115
5984,17,18,49,17,101
5988,0,35,115,18,168
5990,34,32,49,18,133
5991,19,32,49,18,118
5992,0,32,49,18,99
5995,51,18,14,17,100
5998,-99996,0,0,0,-99996
