序号,发送->接收,接收->转发,转发->接收,接收->处理,总计
1,74,32,134,16,256
2,110,34,184,15,343
3,65,34,51,16,166
5,100,33,68,15,216
6,67,17,184,15,283
7,85,16,68,15,184
9,51,16,68,15,150
11,101,32,66,16,215
12,84,32,66,16,198
13,68,32,66,16,182
14,51,32,66,16,165
15,67,34,83,17,201
16,85,32,68,15,200
17,66,32,68,15,181
18,68,15,68,15,166
19,51,15,68,15,149
22,83,32,52,16,183
23,68,32,52,16,168
24,52,32,52,16,152
25,102,33,121,29,285
26,101,16,121,29,267
27,100,33,67,21,221
30,51,33,67,21,172
33,66,34,284,15,399
34,84,21,61,17,183
35,67,21,61,17,166
37,55,44,84,17,200
39,82,17,67,16,182
40,96,15,68,15,194
43,67,34,118,15,234
44,67,17,118,15,217
45,101,32,52,15,200
46,83,32,52,15,182
47,68,32,52,15,167
49,66,35,99,16,216
51,84,15,67,16,182
52,69,15,67,16,167
53,102,32,168,14,316
54,49,35,66,15,165
56,116,33,66,17,232
58,65,18,66,16,165
60,66,18,66,17,167
61,133,35,65,16,249
62,84,33,100,16,233
63,66,33,100,16,215
64,51,33,100,16,200
65,83,18,65,16,182
67,68,33,115,17,233
68,52,33,115,17,217
69,100,34,200,17,351
70,51,32,184,17,284
71,81,18,200,17,316
72,67,18,200,17,302
73,66,33,67,16,182
75,100,34,133,17,284
76,84,34,133,17,268
77,83,17,133,17,250
79,99,35,66,17,217
81,101,33,99,18,251
82,117,33,66,18,234
83,67,33,99,18,217
84,84,33,66,18,201
88,102,15,67,18,202
89,84,15,67,18,184
90,67,15,67,18,167
92,99,17,66,18,200
93,83,17,66,18,184
94,65,17,66,18,166
96,67,16,166,17,266
97,67,32,100,18,217
98,68,15,100,18,201
100,83,33,83,16,215
101,67,33,83,16,199
102,50,33,83,16,182
103,118,16,66,19,219
104,133,16,52,16,217
105,83,16,66,19,184
106,133,15,167,17,332
108,67,16,52,16,151
109,85,15,167,17,284
111,85,16,116,16,233
112,68,16,116,16,216
113,117,18,65,17,217
114,82,35,65,17,199
115,67,35,65,17,184
116,83,33,132,17,265
117,67,33,132,17,249
118,52,33,132,17,234
120,100,18,149,17,284
122,66,18,149,17,250
124,67,17,116,17,217
125,100,34,67,16,217
126,66,17,101,16,200
128,133,17,116,17,283
129,66,32,102,15,215
130,68,15,102,15,200
131,84,17,116,17,234
132,67,17,116,17,217
134,66,18,99,16,199
135,151,17,100,17,285
136,51,33,66,16,166
138,51,33,82,19,185
140,83,34,66,17,200
142,119,32,301,16,468
143,67,34,165,17,283
144,85,32,301,16,434
146,52,32,301,16,401
148,101,16,118,16,251
149,65,33,118,16,232
151,66,34,67,17,184
152,83,33,51,16,183
153,117,17,67,17,218
154,83,34,67,17,201
157,84,16,51,16,167
158,134,16,50,16,216
159,150,18,65,17,250
160,84,33,50,16,183
161,84,16,50,16,166
162,67,16,50,16,149
163,83,18,65,17,183
164,100,16,135,17,268
165,67,32,135,17,251
166,66,16,135,17,234
168,83,34,167,17,301
169,65,34,167,17,283
170,100,16,52,16,184
171,67,33,52,16,168
172,67,16,52,16,151
173,51,16,52,16,135
174,68,17,66,16,167
175,85,16,265,18,384
177,52,16,265,18,351
178,133,16,51,16,216
180,82,33,51,16,182
181,83,16,51,16,166
182,117,33,67,15,232
183,83,17,100,15,215
184,84,33,67,15,199
185,100,33,101,15,249
188,67,16,101,15,199
189,100,32,68,17,217
192,50,32,68,17,167
193,84,17,132,18,251
195,82,18,99,18,217
196,133,18,166,17,334
197,85,15,85,15,200
198,98,18,166,17,299
199,132,33,134,16,315
200,117,33,134,16,300
203,67,33,134,16,250
204,69,15,134,16,234
205,183,17,51,15,266
206,67,16,218,15,316
207,67,33,118,15,233
208,66,16,118,15,215
209,84,16,85,15,200
210,82,34,51,15,182
212,83,33,168,15,299
213,67,33,168,15,283
215,67,33,67,17,184
216,68,15,67,17,167
217,100,33,117,16,266
218,102,15,117,16,250
220,82,34,234,15,365
221,52,15,117,16,200
225,68,32,133,17,250
226,51,32,133,17,233
228,233,17,101,15,366
229,83,16,66,17,182
230,68,16,66,17,167
231,83,17,68,15,183
232,66,17,68,15,166
233,100,35,65,18,218
234,82,35,65,18,200
236,50,35,65,18,168
237,100,33,68,15,216
238,116,38,163,16,333
239,168,34,165,17,384
240,67,16,68,15,166
242,68,20,163,16,267
243,167,33,267,17,484
245,68,34,165,17,284
246,116,33,267,17,433
248,66,17,100,17,200
249,66,33,267,17,383
250,51,33,267,17,368
252,150,34,68,16,268
253,67,33,99,17,216
258,101,15,101,17,234
259,84,15,101,17,217
260,67,15,101,17,200
261,102,32,50,16,200
262,66,19,82,16,183
265,101,33,234,17,385
266,101,16,234,17,368
267,65,33,234,17,349
268,66,16,234,17,333
269,166,35,181,17,399
270,118,33,101,16,268
271,67,33,68,16,184
272,83,33,101,16,233
274,66,17,101,16,200
275,66,35,181,17,299
276,85,33,66,17,201
277,167,33,66,18,284
279,117,17,82,17,233
281,66,33,82,17,198
283,83,16,66,18,183
284,99,18,133,16,266
287,67,32,51,17,167
288,82,34,101,17,234
289,84,16,101,17,218
290,68,16,101,17,202
292,68,17,183,16,284
293,84,17,201,15,317
294,150,32,133,18,333
297,67,33,134,15,249
298,68,16,134,15,233
299,51,16,134,15,216
300,83,34,68,15,200
301,65,34,68,15,182
302,82,33,66,18,199
304,167,16,101,17,301
307,68,31,68,17,184
309,167,34,65,18,284
311,65,34,67,17,183
312,101,16,67,16,200
313,68,33,67,16,184
314,67,16,67,16,166
315,101,33,65,19,218
316,67,17,65,18,167
317,67,33,65,19,184
318,99,16,134,18,267
319,151,18,132,16,317
321,83,15,101,18,217
322,66,15,101,18,200
324,68,18,132,16,234
325,134,33,51,17,235
327,151,18,98,18,285
329,82,15,51,17,165
330,68,15,51,17,151
332,85,33,182,17,317
334,66,17,182,17,282
335,51,17,182,17,267
336,85,31,184,16,316
337,67,31,184,16,298
338,67,15,184,16,282
339,65,35,82,17,199
341,81,17,171,30,299
342,65,17,171,30,283
343,50,17,171,30,268
345,66,33,134,16,249
346,67,17,134,16,234
347,67,34,70,30,201
348,116,38,130,16,300
350,83,38,130,16,267
351,66,38,130,16,250
353,70,30,100,16,216
354,67,17,100,16,200
355,68,34,99,17,218
356,150,33,51,16,250
357,79,17,67,17,180
360,84,33,51,16,184
361,66,33,51,16,166
362,101,17,100,16,234
365,84,16,67,16,183
367,117,17,199,16,349
369,83,17,199,16,315
370,83,33,133,18,267
371,83,17,133,18,251
373,51,17,133,18,219
375,66,33,151,15,265
377,116,17,183,17,333
378,67,16,67,16,166
379,50,16,67,16,149
380,101,15,150,17,283
381,67,33,150,17,267
384,85,31,200,18,334
386,81,35,165,18,299
389,66,32,68,17,183
390,116,34,199,17,366
391,84,17,166,17,284
392,82,34,199,17,332
393,100,32,100,17,249
394,84,32,100,17,233
395,100,33,118,16,267
396,234,16,167,17,434
397,66,33,118,16,233
399,65,35,99,17,216
400,149,33,167,17,366
401,151,16,167,17,351
402,52,32,67,17,168
403,151,16,51,16,234
404,66,17,102,15,200
406,66,16,167,17,266
407,84,16,51,16,167
408,119,31,117,17,284
409,102,31,117,17,267
410,85,31,117,17,250
413,184,17,67,16,284
414,84,33,67,16,200
415,65,33,67,16,181
416,83,33,67,17,200
417,117,17,67,16,217
419,83,17,67,16,183
420,67,17,67,16,167
421,100,34,66,17,217
424,67,17,66,17,167
425,83,18,65,17,183
426,67,18,65,17,167
427,84,16,66,17,183
428,67,16,66,17,166
429,116,16,51,16,199
430,100,16,51,16,183
431,115,17,101,15,248
432,66,16,51,16,149
434,66,17,101,15,199
435,67,33,135,16,251
436,83,35,116,16,250
437,51,16,135,16,218
438,50,35,116,16,217
439,101,33,183,17,334
440,84,33,183,17,317
442,51,33,183,17,284
443,100,32,117,17,266
444,133,17,84,17,251
445,67,32,117,17,233
447,50,16,117,17,200
448,66,17,84,17,184
449,65,33,101,16,215
450,82,34,67,16,199
451,83,17,67,16,183
452,101,17,67,15,200
453,101,33,101,15,250
454,68,17,67,15,167
458,50,34,99,17,200
459,67,32,166,18,283
460,51,32,166,18,267
461,83,18,131,18,250
463,67,32,84,15,198
464,67,17,84,15,183
465,134,32,202,15,383
466,67,17,65,18,167
467,66,33,83,17,199
468,84,32,202,15,333
469,67,32,202,15,316
472,83,34,67,15,199
473,100,33,133,17,283
474,66,17,67,15,165
475,119,16,132,18,285
476,83,34,132,18,267
478,68,16,132,18,234
481,84,17,65,18,184
483,67,32,168,15,282
485,117,16,66,17,216
486,66,16,67,18,167
487,132,33,101,17,283
488,84,33,68,15,200
489,67,33,68,15,183
490,83,33,101,17,234
491,67,33,101,17,218
492,67,15,101,17,200
493,66,35,167,15,283
494,67,18,167,15,267
495,83,18,99,17,217
496,50,33,99,17,199
498,150,35,65,17,267
499,98,34,50,17,199
500,83,34,50,17,184
501,65,34,50,17,166
502,51,34,50,17,152
503,66,35,65,17,183
504,84,32,84,17,217
505,84,17,84,17,202
507,100,34,84,16,234
508,83,34,84,16,217
509,133,32,133,18,316
511,101,32,133,18,284
514,51,32,133,18,234
515,66,34,167,18,285
517,66,32,67,18,183
518,118,32,68,18,236
524,68,15,102,15,200
525,167,31,51,16,265
526,167,16,51,16,250
527,86,14,66,18,184
529,102,31,51,16,200
530,115,35,84,17,251
531,82,16,51,16,165
533,66,35,84,17,202
534,67,17,84,17,185
535,150,17,115,17,299
536,100,18,100,15,233
537,102,34,115,17,268
538,66,18,100,15,199
540,68,17,115,17,217
541,52,17,115,17,201
542,118,32,199,19,368
544,66,17,100,15,198
545,66,32,199,19,316
546,52,32,199,19,302
547,99,34,99,18,250
549,66,34,99,18,217
551,101,33,150,16,300
552,51,33,66,18,168
554,82,33,66,17,198
556,68,16,66,17,167
557,84,14,67,18,183
559,51,14,67,18,150
560,67,15,117,17,216
561,66,33,84,17,200
562,65,16,84,17,182
563,85,16,67,16,184
566,100,17,84,16,217
567,68,33,84,16,201
568,83,35,65,17,200
570,86,32,167,16,301
571,100,33,84,16,233
572,101,16,84,16,217
573,84,16,84,16,200
575,65,34,66,17,182
576,50,34,66,17,167
577,67,33,67,16,183
578,83,33,83,18,217
579,67,33,83,18,201
580,83,34,116,17,250
581,66,34,116,17,233
583,116,18,216,17,367
584,82,35,216,17,350
586,66,18,216,17,317
588,51,33,100,17,201
589,84,17,67,17,185
592,51,33,51,16,151
593,83,17,254,28,382
594,84,33,67,17,201
595,67,33,67,17,184
597,100,34,154,28,316
598,100,17,154,28,299
599,100,32,84,17,233
600,516,32,134,17,699
601,167,33,84,15,299
602,167,17,84,15,283
603,100,34,54,28,216
604,83,34,54,28,199
606,165,18,150,16,349
607,101,21,212,17,351
608,517,32,67,17,633
609,88,46,150,16,300
613,167,34,200,15,416
615,918,18,316,15,1267
616,100,18,66,17,201
617,515,18,67,15,615
618,934,15,83,18,1050
621,98,33,100,17,248
624,66,16,100,17,199
625,99,32,134,17,282
626,100,15,134,17,266
627,67,32,134,17,250
628,67,15,134,17,233
629,51,15,134,17,217
630,100,18,65,17,200
631,166,35,99,17,317
633,51,18,65,17,151
634,300,17,67,16,400
637,65,35,99,17,216
638,166,18,67,15,266
640,101,17,167,16,301
641,67,34,167,16,284
643,1031,35,66,16,1148
644,166,18,50,16,250
645,67,33,67,16,183
648,68,17,67,16,168
650,65,18,50,16,149
651,67,34,133,17,251
654,52,32,51,15,150
655,533,34,133,15,715
656,101,15,52,13,181
657,83,15,52,13,163
659,51,15,52,13,131
660,167,18,316,15,516
661,67,30,103,18,218
662,151,32,68,14,265
663,168,33,83,18,302
664,83,35,316,15,449
666,166,18,66,15,265
667,103,33,83,18,237
668,166,18,66,17,267
669,1018,14,85,17,1134
670,68,15,83,18,184
671,299,32,233,18,582
672,66,18,66,15,165
673,550,17,66,16,649
674,315,32,101,17,465
675,67,34,82,17,200
676,66,18,82,17,183
677,66,32,67,17,182
678,101,17,215,18,351
679,66,34,215,18,333
680,100,17,51,15,183
681,66,33,51,15,165
684,50,34,133,15,232
685,67,32,233,18,350
686,184,33,67,16,300
687,51,15,233,18,317
688,101,14,101,17,233
694,64,18,67,16,165
695,50,18,67,16,151
696,67,16,167,16,266
697,66,34,201,15,316
698,68,17,201,15,301
700,100,17,66,16,199
701,66,35,66,16,183
703,300,34,65,18,417
704,534,17,117,17,685
705,535,33,84,17,669
706,50,33,133,16,232
707,99,35,250,14,398
711,68,31,102,17,218
712,52,31,102,17,202
713,100,34,66,17,217
714,98,18,66,17,199
715,65,34,66,17,182
716,1034,16,51,17,1118
717,68,34,65,18,185
718,64,19,65,18,166
720,69,15,85,14,183
721,533,34,67,15,649
722,51,33,52,14,150
723,65,34,117,17,233
725,67,32,85,17,201
726,116,35,150,17,318
728,82,35,150,17,284
729,1017,17,182,18,1234
730,548,35,99,16,698
731,102,33,84,17,236
732,66,17,117,17,217
733,167,35,149,17,368
736,99,17,102,14,232
737,65,34,102,14,215
738,67,17,102,14,200
740,84,32,117,17,250
743,1034,35,66,17,1152
744,533,17,66,17,633
745,98,34,67,16,215
747,66,34,67,16,183
748,83,34,67,15,199
749,166,33,83,17,299
750,51,34,67,15,167
751,168,32,68,16,284
752,67,16,84,15,182
753,67,34,65,18,184
754,167,17,99,16,299
755,100,32,68,16,216
756,100,15,68,16,199
758,3002,15,100,17,3134
759,65,35,99,16,215
760,68,17,99,16,200
762,83,32,67,17,199
763,100,34,67,17,218
764,50,32,67,17,166
765,4000,32,67,17,4116
767,300,32,68,17,417
771,67,34,66,17,184
772,101,16,51,17,185
773,51,17,66,17,151
774,1016,35,99,17,1167
775,66,34,84,15,199
776,83,34,133,17,267
777,66,34,133,17,250
778,84,33,100,17,234
779,101,32,68,17,218
780,116,35,83,17,251
781,67,32,68,17,184
782,167,15,100,18,300
783,100,33,182,18,333
785,67,33,182,18,300
786,100,15,100,18,233
787,51,17,182,18,268
788,100,17,115,18,250
790,67,17,115,18,217
791,8683,16,52,15,8766
792,66,17,65,17,165
793,100,33,103,16,252
794,50,32,369,16,467
795,65,33,103,16,217
797,65,35,201,15,316
798,66,18,201,15,300
799,50,18,201,15,284
801,301,35,66,16,418
802,68,18,66,17,169
804,52,31,52,15,150
805,51,15,52,15,133
806,534,15,67,17,633
809,52,15,68,16,151
810,99,18,182,17,316
811,167,33,132,16,348
812,166,17,132,16,331
813,50,18,182,17,267
815,65,35,66,16,182
816,151,34,65,16,266
817,284,14,186,14,498
818,67,17,132,16,232
819,51,17,132,16,216
820,84,34,65,16,199
822,165,18,67,17,267
823,99,33,101,17,250
824,302,15,52,14,383
825,151,14,186,14,365
826,300,18,81,19,418
828,66,18,67,17,168
829,67,32,186,14,299
831,52,14,186,14,266
832,300,19,98,18,435
833,84,15,67,17,183
834,165,18,81,19,283
835,1034,35,99,16,1184
836,102,15,52,14,183
837,99,35,81,19,234
838,99,18,81,19,217
839,67,35,81,19,202
842,50,31,85,17,183
844,99,19,98,18,234
847,69,33,98,17,217
848,50,33,98,17,198
849,52,17,98,17,184
850,102,15,68,17,202
851,66,32,68,17,183
852,100,15,101,16,232
853,65,33,101,16,215
855,65,35,66,16,182
856,300,15,69,14,398
857,168,34,66,17,285
858,82,34,68,17,201
859,52,15,83,19,169
860,152,31,52,15,250
862,148,35,166,17,366
863,83,19,66,17,185
864,64,19,66,17,166
866,52,31,52,15,150
867,65,35,166,17,283
868,50,35,166,17,268
869,66,32,69,14,181
871,535,33,134,16,718
872,549,34,67,15,665
875,52,17,217,16,302
876,99,17,100,17,233
877,168,32,52,16,268
879,165,34,134,15,348
881,167,34,100,15,316
882,552,32,166,18,768
883,68,32,52,16,168
886,66,17,134,15,232
889,52,16,100,15,183
890,166,18,66,16,266
893,65,35,99,16,215
894,66,18,99,16,199
895,67,33,66,16,182
897,302,32,166,18,518
901,66,34,67,15,182
902,150,33,66,16,265
903,67,32,102,14,215
904,167,18,66,15,266
906,67,18,67,14,166
907,67,33,66,16,182
908,101,18,66,15,200
911,1033,33,83,16,1165
912,66,18,166,18,268
913,66,34,52,13,165
914,99,17,51,17,184
915,66,32,51,17,166
917,86,13,100,17,216
918,168,15,68,17,268
919,52,13,100,17,182
920,101,16,185,15,317
922,64,16,185,15,280
924,150,32,202,15,399
925,65,33,52,15,165
926,66,16,52,15,149
928,66,17,84,15,182
929,85,15,202,15,317
930,51,32,202,15,300
931,100,34,100,17,251
935,100,34,68,15,217
936,50,33,67,17,167
937,67,34,68,15,184
938,67,15,68,15,165
939,52,15,68,15,150
942,65,18,83,16,182
943,68,31,101,16,216
946,85,32,232,17,366
948,167,17,67,17,268
949,151,17,67,17,252
950,50,33,85,15,183
951,65,33,201,17,316
953,167,32,68,17,284
954,84,33,51,15,183
956,51,33,51,15,150
957,166,35,67,16,284
958,166,18,67,16,267
960,3933,15,68,16,4032
962,99,18,67,16,200
963,65,35,67,16,183
964,65,18,67,16,166
965,85,15,51,17,168
967,3918,16,117,16,4067
969,83,17,83,16,199
970,83,32,51,16,182
975,83,16,67,16,182
976,83,34,133,16,266
977,51,16,67,16,150
978,100,17,233,17,367
979,100,33,67,16,216
982,149,34,67,15,265
983,102,31,101,15,249
986,53,31,101,15,200
987,101,32,67,17,217
988,151,32,133,18,334
989,65,32,67,17,181
991,101,32,133,18,284
993,67,32,133,18,250
995,101,32,201,17,351
997,66,32,201,17,316
999,66,35,149,17,267
1000,67,17,149,17,250
1001,99,35,82,17,233
1002,165,15,52,17,249
1003,102,32,84,17,235
1004,49,35,82,17,183
1005,67,32,84,17,200
1006,101,15,52,17,185
1007,67,32,52,17,168
1008,284,33,132,17,466
1009,64,35,67,17,183
1011,166,34,68,16,284
1012,50,34,65,19,168
1013,52,17,65,19,153
1014,51,33,101,15,200
1017,65,34,68,16,183
1018,101,18,65,16,200
1019,66,35,65,16,182
1020,84,33,132,17,266
1021,102,32,100,17,251
1025,65,33,67,17,182
1026,50,33,67,17,167
1030,52,32,67,16,167
1031,102,32,134,15,283
1033,300,33,66,17,416
1034,100,18,65,18,201
1035,101,37,63,15,216
1036,66,18,65,18,167
1038,51,37,63,15,166
1039,99,35,166,17,317
1040,166,19,65,18,268
1042,66,17,166,17,266
1044,98,19,65,18,200
1046,299,17,84,17,417
1047,67,33,66,17,183
1048,168,15,101,17,301
1051,299,34,100,17,450
1052,68,16,67,17,168
1054,66,15,101,17,199
1055,101,33,117,17,268
1056,66,17,66,17,166
1057,84,16,117,17,234
1058,166,17,151,15,349
1059,101,33,51,17,202
1060,100,16,51,17,184
1061,66,33,51,17,167
1062,298,17,51,16,382
1063,100,34,100,17,251
1065,151,16,51,15,233
1066,67,17,100,17,201
1067,51,17,100,17,185
1069,151,15,84,16,266
1070,299,18,116,16,449
1071,165,34,66,17,282
1072,51,34,65,17,167
1073,284,15,68,16,383
1074,67,15,84,16,182
1075,150,16,68,17,251
1076,64,17,51,16,148
1077,65,34,66,17,182
1081,301,33,201,17,552
1082,150,33,51,16,250
1083,1033,35,99,16,1183
1084,66,18,116,16,216
1086,166,16,101,17,300
1087,100,35,66,17,218
1088,50,33,51,16,150
1089,7767,33,67,16,7883
1090,1032,17,234,16,1299
1095,83,16,201,17,317
1096,168,15,66,17,266
1097,51,16,201,17,285
1098,102,16,151,15,284
1100,101,15,66,17,199
1101,2000,34,68,15,2117
1102,149,35,198,18,400
1103,66,33,85,15,199
1105,66,33,101,17,217
1106,81,35,198,18,332
1109,68,32,184,17,301
1111,101,34,66,17,218
1112,84,34,66,17,201
1113,66,34,66,17,183
1114,66,17,66,17,166
1117,50,16,66,18,150
1118,49,34,50,17,150
1119,83,15,69,16,183
1120,67,15,69,16,167
1121,84,17,117,16,234
1122,300,17,84,17,418
1124,549,35,65,17,666
1125,52,17,65,18,152
1126,150,34,199,17,400
1129,65,34,116,17,232
1131,52,16,116,17,201
1132,51,34,199,17,301
1133,300,34,234,16,584
1134,66,17,66,18,167
1135,100,33,51,17,201
1136,66,17,84,17,184
1137,99,33,67,17,216
1138,300,16,51,17,384
1140,300,18,65,17,400
1141,84,17,99,16,216
1143,51,17,99,16,183
1144,99,16,100,17,232
1147,99,33,84,17,233
1148,3934,17,82,18,4051
1150,167,17,100,16,300
1151,151,17,100,16,284
1155,84,17,100,16,217
1156,67,17,100,16,200
1159,65,32,52,16,165
1160,100,17,66,17,200
1161,64,36,66,17,183
1162,67,17,66,17,167
1163,51,17,66,17,151
1166,66,17,67,17,167
1167,66,32,52,16,166
1168,100,17,99,17,233
1169,27968,33,99,17,28117
1170,67,17,99,17,200
1172,67,16,100,16,199
1173,101,33,166,20,320
1175,66,33,166,20,285
1176,82,34,83,18,217
1177,66,34,83,18,201
1178,50,34,83,18,185
1180,548,34,67,17,666
1182,169,14,52,15,250
1183,152,14,52,15,233
1186,50,31,67,19,167
1188,101,15,118,16,250
1189,51,14,52,15,132
1192,66,15,68,16,165
1193,52,15,68,16,151
1194,65,17,100,17,199
1196,299,16,67,17,399
1197,50,18,149,16,233
1198,168,16,118,16,318
1199,100,33,51,16,200
1200,167,16,67,18,268
1202,66,16,51,16,149
1204,67,16,118,16,217
1206,284,33,216,17,550
1207,1984,16,67,18,2085
1210,101,16,66,17,200
1212,549,32,102,17,700
1213,52,16,66,17,151
1214,65,18,135,15,233
1216,3917,32,66,17,4032
1218,85,33,216,17,351
1219,100,35,65,16,216
1220,299,17,51,17,384
1221,67,35,65,16,183
1222,1034,18,65,17,1134
1224,285,33,64,19,401
1225,68,32,66,18,184
1226,66,17,66,18,167
1227,98,33,67,17,215
1228,83,33,67,17,200
1229,65,33,67,17,182
1230,1033,17,166,18,1234
1233,3933,34,133,17,4117
1234,100,18,116,16,250
1236,66,18,116,16,216
1237,83,17,64,19,183
1238,52,33,64,19,168
1239,151,16,135,15,317
1241,97,35,135,15,282
1243,64,35,135,15,249
1245,83,17,102,15,217
1246,66,17,102,15,200
1247,535,33,69,14,651
1249,50,17,68,15,150
1250,3933,17,101,17,4068
1251,67,35,149,15,266
1254,100,15,85,15,215
1255,299,35,99,16,449
1256,100,16,51,15,182
1258,299,18,135,14,466
1260,100,15,68,17,200
1261,85,15,68,17,185
1263,51,15,68,17,151
1264,67,17,199,16,299
1266,65,18,200,17,300
1267,68,32,68,15,183
1269,65,35,99,16,215
1270,285,33,66,18,402
1273,101,33,69,14,217
1274,167,18,65,17,267
1275,66,33,69,14,182
1276,51,33,69,14,167
1277,167,33,66,18,284
1278,51,34,100,17,202
1279,67,35,65,17,184
1280,85,32,99,18,234
1282,53,32,99,18,202
1283,166,34,83,15,298
1284,50,33,66,18,167
1286,51,33,101,15,200
1289,1034,33,299,16,1382
1293,166,34,167,18,385
1294,65,17,66,18,166
1295,283,16,52,15,366
1296,67,15,101,17,200
1297,64,34,100,17,215
1298,69,14,100,17,200
1299,66,34,167,18,285
1301,301,34,83,16,434
1303,67,33,119,15,234
1305,50,16,119,15,200
1307,152,15,133,17,317
1308,83,34,84,16,217
1310,50,34,84,16,184
1313,100,34,83,16,233
1314,101,16,83,16,216
1315,66,34,83,16,199
1316,66,16,83,16,181
1317,150,16,67,18,251
1321,66,33,67,18,184
1322,66,16,67,18,167
1323,167,34,118,15,334
1324,1018,31,186,17,1252
1325,51,16,66,18,151
1327,52,15,51,16,134
1328,67,15,167,18,267
1329,66,34,118,15,233
1331,301,34,166,15,516
1332,67,15,150,19,251
1333,52,15,150,19,236
1334,167,17,66,16,266
1335,100,33,69,14,216
1336,65,17,134,16,232
1337,100,35,66,16,217
1338,68,15,69,14,166
1339,66,35,66,16,183
1340,68,17,66,16,167
1343,69,32,83,16,200
1344,99,18,166,15,298
1345,149,16,101,15,281
1346,1985,32,67,16,2100
1348,85,32,101,15,233
1349,67,32,101,15,215
1350,100,17,100,18,235
1351,166,33,100,17,316
1352,14518,32,201,16,14767
1353,66,33,67,18,184
1356,99,18,100,17,234
1357,167,33,83,18,301
1358,68,18,100,17,203
1359,100,34,66,16,216
1360,83,34,66,16,199
1361,100,33,83,18,234
1363,167,34,66,16,283
1364,99,16,50,18,183
1365,150,18,66,16,250
1366,1999,17,101,17,2134
1369,167,32,135,15,349
1370,66,18,66,16,166
1371,50,18,66,16,150
1372,52,33,65,17,167
1373,67,33,83,17,200
1375,98,35,115,18,266
1376,99,18,115,18,250
1379,67,33,82,18,200
1380,84,31,186,17,318
1381,99,36,66,17,218
1382,100,18,66,17,201
1384,66,18,66,17,167
1385,300,32,51,16,399
1386,66,18,117,17,218
1387,51,18,117,17,203
1388,51,33,84,17,185
1389,83,16,68,16,183
1390,101,17,100,17,235
1391,100,34,66,17,217
1392,165,17,200,16,398
1394,67,17,66,17,167
1395,51,17,66,17,151
1396,167,17,66,16,266
1397,50,17,65,18,150
1398,166,16,68,16,266
1400,67,15,51,16,149
1402,100,16,68,16,200
1404,66,16,68,16,166
1405,51,16,68,16,151
1406,99,18,100,15,232
1407,82,18,100,15,215
1409,150,18,66,16,250
1413,1033,33,50,16,1132
1414,99,17,135,15,266
1416,101,16,134,15,266
1417,65,34,134,15,248
1419,100,32,68,15,215
1420,535,16,66,17,634
1422,82,35,65,17,199
1423,66,35,65,17,183
1425,67,33,182,18,300
1426,284,33,83,18,418
1427,68,32,66,18,184
1430,67,18,166,15,266
1431,98,34,184,18,334
1434,285,32,66,17,400
1435,65,34,251,15,365
1436,100,18,134,16,268
1437,68,34,134,16,252
1438,66,18,134,16,234
1439,50,18,134,16,218
1440,14502,17,132,17,14668
1441,100,33,101,17,251
1442,3918,32,102,15,4067
1443,66,33,101,17,217
1446,68,18,83,15,184
1447,68,32,66,17,183
1448,167,17,117,16,317
1449,3935,31,101,16,4083
1451,1032,34,67,15,1148
1453,51,15,67,17,150
1456,67,15,68,16,166
1457,52,15,68,16,151
1458,50,35,49,16,150
1459,166,34,133,17,350
1460,99,16,67,16,198
1461,300,33,51,16,400
1462,83,33,68,15,199
1463,98,34,133,17,282
1465,299,33,68,15,415
1466,67,16,133,17,233
1467,284,16,68,15,383
1469,68,33,83,16,200
1471,100,33,168,15,316
1472,51,33,50,16,150
1476,1034,18,83,17,1152
1477,50,16,51,16,133
1479,67,33,68,15,183
1480,67,16,68,15,166
1481,551,17,67,15,650
1482,65,17,101,17,200
1483,66,35,66,17,184
1484,66,18,66,17,167
1486,52,33,66,16,167
1487,68,33,66,17,184
1488,68,16,66,17,167
1491,66,33,67,16,182
1492,65,17,67,16,165
1494,166,17,100,17,300
1495,66,34,67,17,184
1496,151,32,202,15,400
1498,66,18,50,15,149
1500,67,17,100,17,201
1501,150,17,67,15,249
1502,102,15,67,17,201
1504,68,15,67,17,167
1505,51,15,67,17,150
1508,66,16,167,16,265
1509,67,34,67,15,183
1510,67,17,67,15,166
1511,82,18,66,17,183
1512,50,33,66,17,166
1513,49,18,66,17,150
1514,84,32,50,18,184
1515,99,34,132,18,283
1516,101,17,132,18,268
1518,83,34,98,18,233
1519,66,34,98,18,216
1520,51,34,98,18,201
1521,101,33,199,17,350
1522,66,18,65,18,167
1525,66,32,135,17,250
1526,51,32,135,17,235
1527,65,34,101,17,217
1528,84,34,99,17,234
1529,167,32,134,18,351
1531,167,33,101,18,319
1532,166,16,101,18,301
1533,101,32,134,18,285
1535,150,17,66,18,251
1536,300,18,66,17,401
1538,67,16,101,18,202
1540,66,17,66,18,167
1541,102,32,68,15,217
1542,166,19,66,15,266
1543,101,34,67,15,217
1544,51,32,68,15,166
1545,100,34,66,15,215
1546,7768,17,83,16,7884
1547,533,33,232,19,817
1548,66,19,66,15,166
1549,167,34,66,15,282
1550,98,18,67,16,199
1552,100,18,50,16,184
1553,550,15,67,17,649
1554,168,16,134,15,333
1556,166,18,134,16,334
1557,549,17,66,19,651
1558,171,14,134,15,334
1559,50,16,67,20,153
1560,165,17,68,16,266
1561,66,33,134,16,249
1562,103,14,134,15,266
1564,98,17,68,16,199
1565,53,14,134,15,216
1567,168,33,65,17,283
1569,67,33,67,16,183
1570,52,33,67,16,168
1573,100,33,232,19,384
1574,167,18,132,17,334
1575,167,32,67,17,283
1576,84,32,52,15,183
1577,550,15,67,17,649
1578,51,32,52,15,150
1580,101,15,67,17,200
1581,166,33,134,16,349
1583,101,33,66,19,219
1586,99,16,134,16,265
1587,1035,32,68,15,1150
1588,150,32,133,18,333
1589,66,33,67,17,183
1590,102,16,265,17,400
1591,85,16,265,17,383
1592,68,16,265,17,366
1593,52,16,265,17,350
1594,3933,17,66,17,4033
1595,51,16,133,18,218
1596,166,15,67,17,265
1598,66,17,66,18,167
1599,151,16,66,17,250
1600,68,15,51,16,150
1602,101,16,66,17,200
1604,3932,17,65,19,4033
1607,100,34,134,17,285
1608,14516,34,99,18,14667
1609,66,34,134,17,251
1610,99,17,135,14,265
1611,101,32,68,17,218
1614,67,16,68,17,168
1616,1017,32,102,15,1166
1619,103,31,87,13,234
1621,100,34,53,13,200
1623,66,34,53,13,166
1624,149,34,134,14,331
1625,97,34,67,16,214
1626,166,18,101,14,299
1627,1999,35,117,16,2167
1629,53,13,67,16,149
1630,51,34,134,14,233
1632,113,32,68,17,230
1633,168,32,168,15,383
1634,84,32,68,17,201
1635,300,34,64,18,416
1636,51,32,68,17,168
1641,300,35,66,16,417
1642,66,16,67,17,166
1643,65,35,100,15,215
1644,68,18,100,15,201
1645,68,32,68,15,183
1646,66,17,68,15,166
1647,300,34,151,16,501
1648,100,18,64,18,200
1651,550,18,65,17,650
1652,150,34,199,18,401
1653,167,32,85,16,300
1654,66,16,69,17,168
1655,165,34,151,16,366
1657,51,17,66,16,150
1658,67,18,199,18,302
1659,101,34,151,16,302
1660,99,18,151,16,284
1661,100,33,118,16,267
1662,66,18,151,16,251
1664,3933,15,68,15,4031
1665,67,34,234,15,350
1667,151,16,67,15,249
1668,2016,34,83,18,2151
1670,100,16,67,15,198
1671,66,34,67,15,182
1672,69,16,67,15,167
1674,51,32,102,15,200
1675,66,35,67,15,183
1676,65,18,67,15,165
1677,67,32,100,17,216
1679,102,31,101,16,250
1680,150,33,135,15,333
1681,98,34,67,16,215
1682,101,16,67,16,200
1683,151,16,71,30,268
1684,67,16,67,16,166
1685,65,33,135,15,248
1686,67,16,135,15,233
1689,101,37,63,15,216
1691,105,30,66,16,217
1693,101,33,65,17,216
1694,151,32,102,15,300
1695,67,33,65,17,182
1696,299,17,67,18,401
1697,545,17,68,15,645
1698,51,33,67,15,166
1700,51,32,102,15,200
1701,65,35,67,15,182
1702,302,15,68,17,402
1703,67,33,132,17,249
1705,167,33,52,15,267
1707,67,32,83,17,199
1708,100,17,67,18,202
1709,166,33,68,17,284
1710,65,17,67,18,167
1711,65,33,52,15,165
1712,67,16,52,15,150
1713,166,35,66,16,283
1714,67,17,118,15,217
1715,150,18,66,16,250
1716,151,32,135,15,333
1718,100,18,66,16,200
1721,3918,15,134,17,4084
1722,82,34,168,15,299
1724,284,34,65,18,401
1727,84,16,67,16,183
1728,2000,18,67,15,2100
1729,50,16,67,16,149
1731,68,32,166,18,284
1732,66,17,166,18,267
1733,102,32,99,18,251
1734,65,19,66,15,165
1735,166,32,68,16,282
1736,300,17,66,18,401
1737,101,33,100,16,250
1738,85,33,100,16,234
1739,99,32,68,16,215
1740,167,17,66,18,268
1741,1034,32,68,16,1150
1742,100,17,117,16,250
1743,549,16,117,17,699
1744,68,17,117,16,218
1746,66,17,66,18,167
1748,66,16,100,18,200
1749,99,34,65,18,216
1751,66,34,65,18,183
1752,68,16,65,18,167
1753,52,16,65,18,151
1754,101,15,68,17,201
1756,99,16,300,17,432
1757,150,16,100,16,282
1758,68,16,300,17,401
1759,168,33,83,16,300
1760,300,15,186,15,516
1761,85,16,100,16,217
1764,99,17,83,16,215
1765,67,33,83,16,199
1766,99,17,50,16,182
1767,150,16,117,17,300
1768,66,17,50,16,149
1770,299,17,68,16,400
1771,166,35,215,18,434
1772,101,15,186,15,317
1774,68,15,186,15,284
1776,67,16,101,15,199
1777,302,33,65,18,418
1778,66,18,215,18,317
1779,69,32,66,19,186
1780,83,34,51,15,183
1781,67,34,51,15,167
1782,550,34,99,17,700
1783,532,34,99,17,682
1785,168,33,65,18,284
1788,101,18,66,15,200
1789,102,33,65,18,218
1790,65,18,66,15,164
1791,101,33,84,15,233
1794,299,18,133,16,466
1795,66,32,52,15,165
1796,101,17,67,16,201
1797,100,32,68,16,216
1798,84,32,68,16,200
1799,67,32,68,16,183
1800,52,32,68,16,168
1803,67,33,133,17,250
1804,66,17,133,17,233
1805,51,17,133,17,218
1807,99,33,67,17,216
1808,283,33,67,17,400
1810,50,33,67,17,167
1811,67,34,99,17,217
1812,102,16,100,17,235
1813,166,34,67,16,283
1814,67,16,100,17,200
1817,50,16,67,17,150
1819,1033,33,101,16,1183
1821,67,33,67,17,184
1822,101,17,82,17,217
1823,167,33,52,15,267
1825,166,34,67,18,285
1826,283,32,135,15,465
1827,50,17,66,17,150
1828,99,17,52,15,183
1829,99,34,67,18,218
1833,85,15,201,16,317
1834,101,17,65,19,202
1835,166,35,133,17,351
1837,548,18,100,18,684
1839,99,35,133,17,284
1840,302,14,67,18,401
1842,3916,32,52,16,4016
1845,168,33,100,18,319
1846,65,18,99,19,201
1847,100,33,133,18,284
1848,52,33,66,19,170
1849,67,33,133,18,251
1850,101,16,100,18,235
1851,66,33,100,18,217
1852,67,16,100,18,201
1853,85,14,67,18,184
1854,70,14,67,18,169
1857,534,33,66,17,650
1858,64,17,133,17,231
1860,99,18,166,18,301
1861,65,34,166,18,283
1862,66,18,166,18,268
1863,67,32,85,15,199
1864,66,15,85,15,181
1866,66,18,100,18,202
1867,66,33,67,18,184
1868,284,32,67,17,400
1869,85,15,235,16,351
1870,51,33,235,16,335
1873,301,32,300,17,650
1874,67,16,66,17,166
1876,50,33,100,16,199
1877,67,33,101,16,217
1878,149,34,65,18,266
1879,66,35,131,18,250
1880,84,32,67,17,200
1881,100,34,65,18,217
1882,84,34,65,18,201
1883,67,34,65,18,184
1885,99,32,300,17,448
1886,84,32,300,17,433
1887,67,32,300,17,416
1888,51,32,300,17,400
1891,66,33,67,17,183
1893,67,34,67,16,184
1894,101,15,68,15,199
1897,101,34,66,17,218
1898,66,17,132,17,232
1899,167,32,51,16,266
1900,65,18,66,17,166
1901,166,34,100,18,318
1902,51,33,65,17,166
1903,67,33,132,18,250
1904,51,33,132,18,234
1905,66,32,51,16,165
1906,1018,32,51,17,1118
1907,150,15,101,17,283
1911,51,16,67,18,152
1912,50,33,101,17,201
1913,51,15,101,17,184
1914,67,16,201,16,300
1915,284,16,134,17,451
1916,99,17,67,17,200
1919,166,35,199,18,418
1922,84,32,102,15,233
1923,99,35,199,18,351
1924,100,17,199,18,334
1925,65,35,199,18,317
1926,84,32,134,17,267
1927,67,32,134,17,250
1928,99,18,132,18,267
1929,51,16,134,17,218
1930,150,33,101,15,299
1932,1033,17,85,15,1150
1935,99,33,118,15,265
1936,101,16,118,15,250
1939,84,16,67,17,184
1940,99,18,98,18,233
1942,149,33,101,17,300
1943,68,33,99,18,218
1944,65,18,99,18,200
1946,68,15,201,17,301
1947,50,15,201,17,283
1948,101,16,167,17,301
1951,67,33,134,17,251
1954,66,17,67,17,167
1955,84,18,65,17,184
1956,84,32,67,16,199
1957,51,18,65,17,151
1958,101,16,100,17,234
1959,67,33,100,17,217
1960,299,18,116,18,451
1961,1033,33,116,17,1199
1963,83,16,51,17,167
1964,150,33,133,18,334
1966,100,17,133,18,268
1967,83,17,133,18,251
1968,67,17,133,18,235
1969,101,33,67,18,219
1973,66,34,116,18,234
1976,83,33,135,16,267
1978,51,33,135,16,235
1979,284,16,66,18,384
1980,167,18,65,18,268
1982,99,15,101,18,233
1983,300,33,151,17,501
1984,66,15,101,18,200
1985,65,36,65,18,184
1987,67,31,52,16,166
1989,168,33,68,15,284
1991,165,33,151,17,366
1992,67,16,66,18,167
1993,101,33,68,15,217
1994,301,17,83,16,417
1995,168,33,183,16,400
2000,166,17,65,17,265
2001,284,16,101,15,416
2002,166,17,83,16,282
2003,100,35,65,17,217
2005,65,35,65,17,182
2006,68,17,65,17,167
2007,166,33,101,15,315
2008,168,16,101,15,300
2013,167,33,116,17,333
2014,82,33,68,15,198
2015,51,16,101,15,183
2016,166,18,83,17,284
2018,67,17,83,16,183
2019,101,33,83,17,234
2020,550,32,84,15,681
2021,169,32,151,14,366
2022,83,33,67,16,199
2023,66,33,67,16,182
2025,101,32,151,14,298
2026,51,35,65,17,168
2027,283,17,134,15,449
2028,83,33,67,15,198
2029,100,33,201,16,350
2030,50,33,67,15,165
2031,98,34,51,14,197
2032,100,17,51,14,182
2033,66,34,51,14,165
2034,99,18,67,17,201
2035,67,33,67,17,184
2037,85,14,52,15,166
2039,51,14,52,15,132
2041,50,17,134,15,216
2042,99,17,67,15,198
2043,52,15,134,17,218
2044,100,17,99,18,234
2045,67,33,99,18,217
2046,166,16,51,15,248
2047,68,34,167,15,284
2048,50,34,167,15,266
2049,284,15,85,15,399
2050,100,16,51,15,182
2052,300,17,133,17,467
2054,167,17,68,15,267
2055,51,17,67,15,150
2056,67,15,68,18,168
2057,51,15,68,18,152
2058,300,17,84,16,417
2059,167,32,133,17,349
2060,66,17,68,15,166
2061,68,33,85,15,201
2062,68,15,85,15,183
2063,50,15,85,15,165
2065,68,32,133,17,250
2066,65,17,133,17,232
2068,67,15,100,17,199
2069,150,15,52,16,233
2070,167,18,65,17,267
2072,1015,35,54,28,1132
2074,100,18,65,17,200
2077,67,33,65,17,182
2079,52,16,65,17,150
2080,51,32,67,18,168
2081,98,34,68,17,217
2082,98,17,68,17,200
2083,65,34,68,17,184
2085,1017,16,101,18,1152
2086,285,32,66,17,400
2087,52,15,52,15,134
2088,50,35,98,18,201
2089,85,15,84,17,201
2091,550,16,52,16,634
2092,65,18,50,17,150
2093,66,32,51,18,167
2095,66,35,98,18,217
2098,84,32,66,17,199
2099,101,32,51,18,202
2100,51,32,66,17,166
2101,98,34,100,18,250
2102,3933,17,100,16,4066
2103,165,33,67,18,283
2104,67,16,100,18,201
2106,84,32,300,18,434
2108,549,34,50,16,649
2109,550,17,50,16,633
2110,168,16,99,18,301
2111,65,33,52,16,166
2112,68,15,52,16,151
2113,51,15,52,16,134
2114,66,17,68,15,166
2115,67,34,99,18,218
2116,67,16,99,18,200
2119,2000,34,99,18,2151
2120,65,16,52,16,149
2121,99,34,101,15,249
2122,83,34,101,15,233
2124,100,17,68,15,200
2125,284,17,50,16,367
2126,165,17,66,17,265
2127,67,33,67,22,189
2128,82,35,54,28,199
2129,51,15,67,22,155
2130,50,35,54,28,167
2131,100,22,95,16,233
2132,65,17,66,17,165
2133,67,22,95,16,200
2134,71,44,118,16,249
2136,100,17,50,16,183
2137,150,16,101,18,285
2138,61,17,50,16,144
2139,67,33,85,15,200
2140,168,15,167,16,366
2141,84,16,101,18,219
2142,67,16,101,18,202
2144,299,18,199,18,534
2145,301,33,99,19,452
2146,68,15,167,16,266
2147,552,17,99,15,683
2148,2000,16,101,15,2132
2150,67,15,68,16,166
2151,7767,34,67,16,7884
2153,67,34,132,18,251
2155,68,32,67,18,185
2157,1033,33,66,18,1150
2158,534,15,152,15,716
2159,66,33,99,19,217
2160,101,15,100,17,233
2162,69,15,100,17,201
2165,51,20,62,17,150
2166,53,28,67,18,166
2169,180,17,99,15,311
2171,85,17,67,14,183
2172,150,32,99,18,299
2173,51,17,67,14,149
2174,168,14,201,16,399
2175,51,15,185,15,266
2178,51,32,99,18,200
2179,100,35,133,16,284
2180,99,17,133,16,265
2181,99,32,51,15,197
2182,551,33,67,17,668
2183,67,32,51,15,165
2185,168,33,51,15,267
2186,67,15,152,15,249
2187,299,35,65,17,416
2188,101,17,84,15,217
2189,51,15,68,16,150
2190,99,17,51,15,182
2191,68,33,51,15,167
2192,165,18,68,15,266
2195,84,15,117,17,233
2196,1017,32,69,16,1134
2198,66,18,68,15,167
2199,149,17,100,17,283
2201,102,32,100,17,251
2203,68,32,100,17,217
2205,50,17,100,17,184
2206,285,32,201,16,534
2207,82,18,65,17,182
2211,100,34,67,15,216
2212,3917,34,98,18,4067
2213,166,32,201,16,415
2214,68,17,67,15,167
2215,67,33,66,18,184
2216,549,33,101,16,699
2217,67,34,233,16,350
2218,3934,15,201,17,4167
2219,300,33,67,16,416
2221,66,34,100,17,217
2222,151,32,117,17,317
2223,50,16,100,17,183
2224,168,16,233,18,435
2225,167,34,67,17,285
2228,101,16,233,18,368
2229,300,33,68,15,416
2230,67,16,233,18,334
2233,67,33,67,16,183
2234,300,17,66,16,399
2236,67,17,99,18,201
2237,299,34,133,18,484
2238,84,33,84,15,216
2240,3916,32,69,15,4032
2241,99,33,68,15,215
2243,99,33,101,16,249
2245,1033,33,135,16,1217
2246,66,15,101,16,198
2247,51,15,101,16,183
2248,300,15,166,18,499
2249,1035,33,67,16,1151
2250,99,17,133,18,267
2251,101,32,69,16,218
2252,3934,15,100,17,4066
2253,1034,33,165,18,1250
2255,66,35,66,18,185
2256,68,16,66,18,168
2257,67,34,99,17,217
2259,52,17,99,17,185
2261,66,33,166,18,283
2265,84,16,99,18,217
2266,66,16,99,18,199
2268,100,17,99,16,232
2270,149,34,101,15,299
2273,300,34,100,16,450
2274,149,33,67,18,267
2275,65,34,101,15,215
2276,50,34,101,15,200
2277,68,33,68,15,184
2278,83,33,67,18,201
2279,100,35,116,17,268
2280,101,18,116,17,252
2281,66,35,116,17,234
2282,167,17,100,16,300
2283,68,32,134,16,250
2284,299,18,201,15,533
2285,301,32,52,15,400
2286,284,32,52,15,383
2287,166,33,151,15,365
2289,67,34,133,15,249
2290,66,17,133,15,231
2291,51,17,133,15,216
2292,51,33,64,18,166
2293,100,31,120,15,266
2294,66,17,151,15,249
2296,50,31,120,15,216
2298,534,16,117,17,684
2299,151,15,135,16,317
2300,51,32,52,15,150
2302,84,33,135,16,268
2303,150,17,67,16,250
2305,285,15,218,16,534
2306,300,16,67,17,400
2307,84,17,67,16,184
2308,98,19,65,17,199
2309,167,33,67,17,284
2311,67,33,165,18,283
2314,52,32,66,18,168
2315,98,33,218,16,365
2316,101,15,218,16,350
2317,83,15,218,16,332
2318,100,16,67,17,200
2319,100,33,67,17,217
2320,67,16,67,17,167
2321,67,33,67,17,184
2322,166,16,84,17,283
2323,51,16,67,17,151
2324,167,15,202,15,399
2325,84,16,117,17,234
2326,100,16,84,17,217
2327,151,16,116,18,301
2330,550,34,100,15,699
2331,301,33,99,18,451
2333,301,33,66,18,418
2335,84,18,66,16,184
2336,50,34,66,16,166
2337,50,18,66,16,150
2338,99,18,67,15,199
2340,84,34,133,17,268
2341,100,33,132,18,283
2342,166,18,66,18,268
2343,2001,33,134,16,2184
2344,52,33,132,18,235
2345,100,33,66,18,217
2347,533,32,135,15,715
2348,66,18,66,18,168
2349,299,33,102,15,449
2350,51,34,65,18,168
2353,66,33,217,18,334
2356,66,16,266,17,365
2357,167,33,102,15,317
2358,99,18,100,15,232
2360,66,18,100,15,199
2362,51,32,68,15,166
2364,151,34,66,15,266
2365,1016,17,200,16,1249
2366,68,17,165,18,268
2367,166,35,98,18,317
2368,65,18,65,17,165
2369,102,31,67,18,218
2371,165,34,101,15,315
2372,100,18,98,18,234
2373,65,35,98,18,216
2374,84,32,135,15,266
2375,66,32,135,15,248
2377,151,18,66,16,251
2378,68,16,101,15,200
2379,66,32,102,16,216
2381,84,18,66,16,184
2382,84,33,65,17,199
2383,50,18,66,16,150
2384,166,18,183,16,383
2385,51,18,65,17,151
2388,100,18,183,16,317
2389,65,35,183,16,299
2390,67,18,183,16,284
2391,67,32,133,18,250
2393,85,16,66,16,183
2394,301,16,100,16,433
2395,83,16,84,16,199
2397,550,16,235,15,816
2398,548,34,67,16,665
2399,66,33,100,18,217
2400,65,17,100,18,200
2401,166,34,100,16,316
2402,83,34,133,16,266
2403,51,16,66,18,151
2404,300,18,50,17,385
2405,534,34,66,17,651
2407,66,34,100,16,216
2408,100,17,151,16,284
2409,66,33,151,16,266
2410,101,17,300,16,434
2412,299,16,235,15,565
2414,51,33,67,17,168
2415,67,34,83,17,201
2416,2001,16,100,16,2133
2417,67,33,50,17,167
2418,1017,34,99,18,1168
2419,67,33,66,17,183
2420,167,16,235,15,433
2422,51,34,200,16,301
2425,66,33,235,15,349
2426,66,16,235,15,332
2427,65,34,67,16,182
2428,1985,32,118,16,2151
2429,52,15,67,16,150
2430,50,34,100,17,201
2431,101,34,66,17,218
2432,149,33,334,16,532
2434,51,34,66,17,168
2435,1033,33,51,16,1133
2439,100,33,67,15,215
2440,50,34,50,17,151
2441,67,33,67,15,182
2442,533,16,101,15,665
2444,50,34,98,18,200
2445,100,33,83,17,233
2446,1985,34,99,17,2135
2450,68,15,201,17,301
2451,150,16,67,17,250
2452,167,18,66,17,268
2453,50,16,51,16,133
2454,66,17,67,16,166
2456,99,18,66,17,200
2457,51,16,67,17,151
2458,66,18,66,17,167
2460,1032,17,100,17,1166
2461,100,32,69,16,217
2462,101,15,69,16,201
2463,66,32,69,16,183
2465,99,35,64,18,216
2469,3918,17,83,16,4034
2470,51,32,101,15,199
2473,167,31,201,17,416
2474,167,15,201,17,400
2477,301,34,66,18,419
2478,51,34,65,18,168
2479,151,15,100,17,283
2480,66,15,201,17,299
2481,65,34,66,18,183
2482,68,16,66,18,168
2483,65,33,100,17,215
2484,67,15,100,17,199
2485,85,15,167,18,285
2486,67,15,167,18,267
2487,84,17,83,16,200
2488,83,32,51,16,182
2489,151,16,51,16,234
2491,101,33,51,16,201
2492,167,16,99,18,300
2493,66,33,51,16,166
2495,51,16,51,16,134
2496,66,17,67,16,166
2497,84,16,99,18,217
2502,100,15,102,15,232
2503,66,33,102,15,216
2505,66,34,134,16,250
2508,550,33,67,16,666
2510,166,17,67,16,266
2511,50,18,66,16,150
2512,1018,33,67,15,1133
2514,51,33,66,16,166
2515,99,33,100,17,249
2516,67,17,67,16,167
2518,66,17,100,17,200
2519,100,33,84,16,233
2520,66,18,66,17,167
2523,67,33,100,18,218
2524,51,33,100,18,202
2525,100,33,101,16,250
2526,101,16,101,16,234
2527,67,33,101,16,217
2531,283,16,118,16,433
2532,166,17,67,16,266
2534,51,34,165,17,267
2536,66,17,166,17,266
2537,100,33,100,17,250
2538,67,17,67,16,167
2540,83,34,66,17,200
2541,66,34,66,17,183
2542,167,16,51,16,250
2543,67,32,118,16,233
2544,51,32,118,16,217
2547,66,33,51,16,166
2549,100,34,67,16,217
2550,50,33,168,15,266
2552,150,33,84,15,282
2553,51,16,67,16,150
2554,166,18,150,16,350
2555,285,16,166,17,484
2556,83,33,84,15,215
2557,51,16,101,16,184
2559,301,33,83,16,433
2560,65,18,150,16,249
2561,300,32,118,16,466
2562,85,31,68,17,201
2563,68,31,68,17,184
2564,301,16,66,18,401
2566,50,35,133,15,233
2567,66,33,166,17,282
2572,99,17,83,16,215
2573,67,33,83,16,199
2574,166,16,200,19,401
2575,67,32,118,16,233
2577,65,34,66,18,183
2578,67,16,66,18,167
2579,66,33,200,19,318
2581,1034,36,65,15,1150
2583,50,16,68,17,151
2584,150,33,118,16,317
2586,50,34,99,19,202
2587,167,31,54,16,268
2588,67,16,135,16,234
2590,51,33,118,16,218
2591,299,33,101,17,450
2592,101,12,54,16,183
2593,85,12,54,16,167
2594,99,19,182,15,315
2595,52,12,54,16,134
2596,166,18,83,15,282
2597,50,19,182,15,266
2600,100,18,83,15,216
2602,65,18,83,15,181
2603,67,32,51,15,165
2605,66,33,101,17,217
2606,168,16,66,17,267
2607,65,33,85,17,200
2608,300,17,51,16,384
2609,151,17,67,16,251
2611,85,16,66,17,184
2612,100,17,67,16,200
2614,67,17,67,16,167
2615,99,35,98,19,251
2617,66,35,98,19,218
2618,66,18,98,19,201
2620,550,34,165,18,767
2621,152,16,166,17,351
2624,101,16,166,17,300
2625,300,36,65,15,416
2626,101,16,100,16,233
2627,550,16,66,18,650
2629,52,16,100,16,184
2630,98,18,66,17,199
2631,66,34,66,17,183
2633,166,36,65,15,282
2634,84,33,50,19,186
2635,67,33,50,19,169
2636,51,33,50,19,153
2637,66,33,83,18,200
2638,167,18,134,16,335
2639,301,31,134,16,482
2642,52,32,65,18,167
2644,84,32,434,17,567
2645,97,34,133,18,282
2646,51,32,434,17,534
2648,301,16,67,16,400
2649,299,33,134,17,483
2650,67,18,165,18,268
2652,50,34,65,18,167
2653,151,19,63,16,249
2654,101,16,66,18,201
2655,65,34,66,18,183
2656,101,19,63,16,199
2657,83,19,63,16,181
2658,283,33,66,17,399
2660,53,29,67,18,167
2661,301,32,51,16,400
2662,283,32,51,16,382
2663,114,16,67,16,213
2664,65,17,134,17,233
2666,67,16,67,16,166
2667,83,18,165,18,284
2669,101,33,66,17,217
2670,550,33,83,16,682
2673,165,34,104,29,332
2674,51,34,132,18,235
2675,67,32,51,16,166
2676,51,32,51,16,150
2677,99,34,104,29,266
2680,100,16,167,17,300
2681,51,16,104,29,200
2682,3934,15,69,16,4034
2683,51,16,167,17,251
2685,1017,16,67,17,1117
2686,166,17,268,15,466
2687,85,15,84,17,201
2688,53,29,84,17,183
2691,64,32,268,15,379
2692,533,17,66,15,631
2693,84,17,67,16,184
2694,84,33,50,17,184
2696,300,17,50,17,384
2697,67,34,65,18,184
2698,84,33,83,16,216
2699,67,33,83,16,199
2700,535,16,199,18,768
2701,50,17,83,16,166
2702,66,16,134,17,233
2703,65,34,150,17,266
2704,67,16,150,17,250
2705,50,16,150,17,233
2706,67,16,67,17,167
2709,68,32,50,17,167
2710,100,16,118,17,251
2712,67,16,118,17,218
2713,82,17,53,13,165
2714,67,17,53,13,150
2715,50,17,53,13,133
2717,51,16,51,17,135
2718,70,13,101,15,199
2719,53,13,101,15,182
2720,551,33,66,17,667
2722,164,16,199,18,397
2724,165,18,216,18,417
2725,98,34,199,18,349
2727,168,32,51,15,266
2728,66,16,199,18,299
2730,101,18,131,18,268
2735,66,34,65,18,183
2737,83,15,102,15,215
2738,51,32,102,15,200
2739,99,34,67,17,217
2740,551,33,100,17,701
2742,66,16,67,17,166
2743,51,16,67,17,151
2744,66,18,67,16,167
2745,152,17,66,17,252
2747,102,33,66,17,218
2748,67,18,66,15,166
2750,52,33,66,17,168
2752,300,17,99,17,433
2753,66,33,117,16,232
2754,283,33,184,15,515
2755,1983,15,85,15,2098
2757,150,16,166,17,349
2758,51,32,52,16,151
2759,65,35,67,16,183
2760,83,33,166,17,299
2761,533,33,184,18,768
2763,52,16,166,17,251
2764,101,17,99,17,234
2766,83,33,184,15,315
2767,100,33,100,17,250
2771,66,33,67,17,183
2774,167,15,167,18,367
2775,151,15,167,18,351
2776,66,17,51,15,149
2777,67,33,101,15,216
2778,67,16,101,15,199
2779,66,33,167,18,284
2780,101,20,63,16,200
2781,51,15,167,18,251
2782,67,20,63,16,166
2783,167,33,184,18,402
2784,53,30,66,16,165
2785,101,33,51,16,201
2786,65,18,66,18,167
2787,547,16,66,18,647
2788,167,16,66,18,267
2789,99,34,66,17,216
2793,84,16,66,18,184
2794,68,16,66,18,168
2795,534,33,101,15,683
2797,150,18,66,16,250
2798,66,16,100,19,201
2799,50,16,100,19,185
2800,169,16,66,17,268
2802,51,34,66,16,167
2803,100,35,66,17,218
2804,101,16,66,17,200
2805,65,35,66,17,183
2806,167,16,51,16,250
2809,68,33,133,16,250
2810,65,17,133,16,231
2811,99,34,234,15,382
2812,300,17,132,18,467
2814,50,34,234,15,333
2815,84,16,66,18,184
2816,67,16,66,18,167
2817,51,16,66,18,151
2818,51,33,67,17,168
2821,66,34,134,15,249
2822,68,16,134,15,233
2823,67,33,101,15,216
2825,51,16,101,15,183
2827,1017,17,117,16,1167
2828,66,18,66,16,166
2831,67,33,67,16,183
2832,84,32,135,16,267
2833,98,35,66,16,215
2834,101,17,66,16,200
2836,101,17,100,16,234
2837,100,33,100,16,249
2838,67,17,100,16,200
2839,85,16,100,16,217
2841,166,32,68,16,282
2842,66,18,113,19,216
2843,67,33,99,17,216
2844,163,19,201,17,400
2845,67,33,66,17,183
2846,51,33,66,17,167
2847,299,34,50,17,400
2848,66,16,68,16,166
2849,65,34,201,17,317
2850,64,19,201,17,301
2851,1016,18,65,18,1117
2852,50,34,66,18,168
2853,68,34,99,18,219
2855,100,34,100,17,251
2856,168,16,50,17,251
2857,151,16,50,17,234
2859,50,16,100,17,183
2860,66,17,84,17,184
2862,67,16,50,17,150
2863,1017,16,100,18,1151
2865,550,17,84,16,667
2866,1032,17,51,16,1116
2867,50,17,65,18,150
2869,167,32,67,17,283
2870,1984,32,134,17,2167
2871,99,34,99,17,249
2873,66,34,99,17,216
2874,65,18,99,17,199
2876,3133,17,65,18,3233
2877,101,32,51,17,201
2878,101,16,51,17,185
2879,150,17,117,16,300
2880,66,16,51,17,150
2882,299,17,232,18,566
2883,67,33,117,16,233
2886,534,15,69,16,634
2887,99,32,68,17,216
2888,166,17,84,16,283
2890,167,17,232,18,434
2892,167,17,67,16,267
2896,283,32,66,17,398
2900,67,16,66,17,166
2901,283,15,69,16,383
2903,149,18,65,18,250
2904,99,16,133,17,265
2906,66,16,133,17,232
2907,82,18,65,18,183
2909,50,18,65,18,151
2910,149,34,51,16,250
2911,67,33,201,16,317
2912,101,15,69,16,201
2913,65,33,69,16,183
2914,67,15,69,16,167
2915,100,35,65,17,217
2917,67,35,65,17,184
2918,66,18,65,17,166
2920,100,17,267,17,401
2922,100,17,51,16,184
2923,82,17,51,16,166
2924,299,17,67,16,399
2925,100,34,233,16,383
2927,67,34,233,16,350
2928,166,17,67,17,267
2929,1016,17,134,17,1184
2930,51,32,67,18,168
2931,151,16,100,16,283
2932,98,17,67,17,199
2933,67,32,67,17,183
2934,65,17,67,17,166
2935,85,16,100,16,217
2936,287,31,66,16,400
2938,67,17,67,16,167
2941,167,36,196,17,416
2942,151,36,196,17,400
2943,67,33,70,13,183
2944,66,17,70,13,166
2946,68,17,100,16,201
2947,167,33,134,16,350
2948,68,19,196,17,300
2949,101,33,99,17,250
2952,284,32,67,16,399
2955,549,18,149,17,733
2957,99,33,101,17,250
2958,51,32,84,18,185
2959,99,35,166,17,317
2960,100,18,166,17,301
2961,100,34,65,17,216
2962,299,17,67,16,399
2963,301,33,101,15,450
2964,85,32,67,16,200
2965,168,33,67,16,284
2966,84,33,67,17,201
2968,534,15,102,16,667
2969,65,34,133,18,250
2972,100,16,67,18,201
2974,67,16,67,18,168
2975,66,34,67,16,183
2976,67,17,67,16,167
2977,550,16,117,17,700
2978,1033,16,100,18,1167
2980,50,34,67,15,166
2981,99,35,149,17,300
2982,67,16,101,16,200
2983,101,32,134,17,284
2984,65,18,149,17,249
2985,1032,33,101,16,1182
2987,300,35,132,17,484
2989,82,17,67,17,183
2990,51,33,67,17,168
2991,100,34,99,17,250
2994,84,32,102,16,234
2995,50,17,99,17,183
2996,167,18,132,17,334
2997,51,15,102,16,184
2998,101,15,119,15,250
3000,67,15,119,15,216
3001,67,35,132,17,251
3003,67,32,117,16,232
3006,167,16,184,16,383
3007,84,15,133,17,249
3009,150,17,99,18,284
3010,551,32,100,16,699
3011,535,32,100,16,683
3012,81,34,99,18,232
3014,50,34,99,18,201
3015,166,35,149,18,368
3016,66,17,66,18,167
3019,99,35,149,18,301
3020,52,31,102,16,201
3022,67,17,149,18,251
3023,82,16,51,15,164
3024,2934,17,166,18,3135
3026,67,17,65,17,166
3027,67,31,134,17,249
3028,100,16,100,17,233
3029,300,33,101,16,450
3031,82,18,100,14,214
3032,2933,17,66,17,3033
3033,1034,34,100,16,1184
3035,68,32,100,18,218
3036,67,16,100,18,201
3037,65,35,65,18,183
3038,67,18,65,18,168
3040,83,33,67,16,199
3041,535,33,133,16,717
3043,83,15,101,16,215
3044,153,32,66,18,269
3045,167,33,66,17,283
3047,50,17,100,17,184
3048,65,19,232,18,334
3050,52,32,66,18,168
3051,100,33,67,17,217
3052,167,17,67,18,269
3053,296,37,98,19,450
3054,50,33,67,17,167
3056,550,35,116,17,718
3058,284,33,165,17,499
3061,51,17,65,18,151
3062,1984,33,67,17,2101
3063,150,18,98,19,285
3064,100,14,70,16,200
3065,51,14,51,18,134
3066,67,14,70,16,167
3068,283,31,51,18,383
3071,552,17,50,18,637
3072,51,33,165,17,266
3073,149,17,149,18,333
3074,51,32,133,17,233
3075,65,34,99,17,215
3076,151,31,51,18,251
3078,66,17,149,18,250
3079,167,35,116,17,335
3082,151,33,83,17,284
3083,99,35,116,17,267
3084,100,18,116,17,251
3085,532,33,134,16,715
3086,66,18,116,17,217
3088,85,32,267,16,400
3089,50,18,83,17,168
3090,51,32,267,16,366
3093,83,17,149,18,267
3094,50,34,149,18,251
3095,84,19,230,18,351
3097,50,19,230,18,317
3098,300,16,100,16,432
3099,66,33,50,18,167
3100,66,17,50,18,151
3101,64,35,65,16,180
3103,68,33,98,18,217
3104,300,17,99,17,433
3105,50,18,98,18,184
3106,51,32,66,18,167
3107,65,34,166,16,281
3108,551,32,66,19,668
3109,66,32,102,15,215
3110,550,35,65,18,668
3111,66,34,100,16,216
3112,68,16,100,16,200
3113,66,33,134,16,249
3114,51,33,134,16,234
3116,1032,18,50,16,1116
3117,68,32,99,17,216
3118,65,17,99,17,198
3119,101,33,67,16,217
3121,66,33,67,16,182
3122,84,32,67,18,201
3123,1984,16,66,17,2083
3125,65,35,66,16,182
3126,166,18,67,17,268
3127,99,34,101,17,251
3128,51,32,84,18,185
3129,67,34,101,17,219
3130,152,33,67,15,267
3132,66,18,67,17,168
3133,68,34,65,16,183
3134,84,33,67,15,199
3136,52,33,67,15,167
3138,83,35,65,18,201
3139,165,33,168,18,384
3140,50,35,65,18,168
3142,50,31,169,15,265
3146,1034,17,66,17,1134
3147,52,15,168,18,253
3149,100,35,66,18,219
3150,50,32,101,18,201
3151,102,32,52,15,201
3152,299,18,100,15,432
3153,67,32,52,15,166
3155,101,33,134,15,283
3157,149,16,101,17,283
3158,51,33,134,15,233
3159,100,33,101,17,251
3161,66,33,101,17,217
3164,50,35,133,15,233
3165,83,18,100,15,216
3167,50,18,100,15,183
3168,52,33,100,17,202
3169,66,33,67,17,183
3170,1034,17,184,17,1252
3172,51,34,66,17,168
3175,150,17,66,18,251
3176,51,33,50,17,151
3177,149,17,100,17,283
3178,68,16,67,17,168
3180,66,17,66,18,167
3182,66,17,100,17,200
3183,50,17,100,17,184
3184,101,15,134,17,267
3185,99,34,100,17,250
3187,1033,34,67,15,1149
3188,300,16,266,19,601
3189,67,34,183,16,300
3192,101,17,200,18,336
3193,151,15,201,17,384
3196,67,17,166,18,268
3199,51,15,201,17,284
3201,7499,34,67,16,7616
3202,66,16,266,19,367
3203,51,16,266,19,352
3204,1034,15,67,18,1134
3206,50,33,67,17,167
3207,67,33,51,15,166
3208,167,17,99,16,299
3211,67,32,169,15,283
3212,66,15,169,15,265
3214,168,15,68,15,266
3216,66,18,133,15,232
3217,301,33,67,17,418
3218,51,31,69,15,166
3219,50,15,69,15,149
3220,166,18,99,17,300
3221,166,33,184,17,400
3222,65,19,66,16,166
3224,65,18,66,15,164
3225,68,33,99,17,217
3226,67,18,99,17,201
3227,66,33,184,17,300
3228,1985,33,67,15,2100
3229,66,33,66,17,182
3231,99,33,51,16,199
3232,67,16,67,17,167
3233,66,33,51,16,166
3234,101,17,133,17,268
3235,66,34,133,17,250
3236,1018,32,134,15,1199
3238,67,16,66,17,166
3239,167,34,67,15,283
3241,533,33,102,15,683
3242,51,31,51,17,150
3243,168,33,67,16,284
3244,166,17,67,16,266
3245,82,17,67,15,181
3247,51,17,67,15,150
3249,1985,15,68,15,2083
3250,551,33,54,29,667
3252,52,37,63,15,167
3256,100,19,65,17,201
3258,4201,15,67,18,4301
3259,165,34,66,17,282
3262,84,33,135,16,268
3263,65,33,135,16,249
3265,66,34,66,17,183
3267,67,33,102,15,217
3269,52,15,102,15,184
3270,51,33,102,15,201
3271,1985,15,199,17,2216
3272,547,36,65,19,667
3273,168,33,54,29,284
3274,1999,16,52,15,2082
3275,69,33,100,20,222
3277,67,33,87,29,216
3278,84,33,54,29,200
3279,66,33,54,29,182
3280,101,17,83,17,218
3281,66,34,83,17,200
3282,68,17,83,17,185
3283,298,35,67,15,415
3284,300,17,67,15,399
3286,100,17,131,18,266
3287,100,32,183,18,333
3288,112,35,148,18,313
3289,102,35,148,18,303
3290,51,32,183,18,284
3291,67,35,148,18,268
3293,67,32,134,15,248
3294,2000,15,134,17,2166
3295,285,15,168,16,484
3296,301,15,51,16,383
3297,283,15,51,16,365
3298,99,16,101,19,235
3299,98,36,65,19,218
3300,3098,17,133,18,3266
3301,102,33,51,15,201
3304,52,33,51,15,151
3306,102,15,168,16,301
3307,84,15,168,16,283
3309,51,15,168,16,250
3310,67,15,51,16,149
3311,52,15,51,16,134
3312,282,33,67,18,400
3314,66,16,84,17,183
3315,51,16,84,17,168
3316,100,18,298,17,433
3317,167,33,67,17,284
3318,301,15,66,17,399
3319,285,15,66,17,383
3321,153,15,67,18,253
3322,167,17,132,17,333
3324,83,33,67,18,201
3326,300,17,101,16,434
3327,100,33,99,17,249
3328,65,17,132,17,231
3330,100,15,66,17,198
3331,85,15,66,17,183
3332,68,15,66,17,166
3333,84,15,83,17,199
3334,101,14,135,14,264
3335,166,35,66,16,283
3336,148,35,66,16,265
3342,85,33,67,15,200
3343,52,17,66,16,151
3344,284,33,100,18,435
3345,2000,33,234,16,2283
3346,64,19,232,18,333
3348,1983,35,83,16,2117
3349,99,34,400,17,550
3350,154,31,133,18,336
3352,84,35,164,18,301
3353,66,35,164,18,283
3354,168,15,67,18,268
3355,69,31,133,18,251
3356,100,15,100,18,233
3357,66,33,100,18,217
3358,101,15,67,18,201
3360,66,15,67,18,166
3362,66,16,151,15,248
3364,67,15,68,15,165
3366,299,18,134,15,466
3367,84,17,150,15,266
3368,148,34,51,15,248
3369,51,17,150,15,233
3370,65,17,101,17,200
3371,533,34,102,15,684
3372,67,15,68,17,167
3373,65,34,51,15,165
3374,102,16,67,17,202
3376,167,15,168,17,367
3377,85,15,52,15,167
3378,151,34,151,15,351
3379,167,33,199,17,416
3381,151,15,199,17,382
3383,52,15,168,17,252
3384,50,34,151,15,250
3385,66,33,199,17,315
3386,82,35,198,17,332
3387,52,15,199,17,283
3388,151,32,202,15,400
3393,549,18,82,16,665
3396,50,34,183,16,283
3397,149,18,67,15,249
3398,65,16,151,16,248
3399,66,34,102,15,217
3400,49,34,102,15,200
3401,83,18,67,15,183
3402,67,18,67,15,167
3403,51,18,67,15,151
3404,301,16,151,16,484
3406,1016,35,83,16,1150
3407,82,16,266,17,381
3408,51,31,266,17,365
3409,303,30,100,18,451
3410,3085,32,66,18,3201
3411,297,35,100,15,447
3413,1018,16,67,15,1116
3415,167,36,82,16,301
3417,67,32,151,16,266
3419,65,33,66,17,181
3420,100,18,82,16,216
3421,65,36,82,16,199
3422,67,18,82,16,183
3423,99,35,100,15,249
3424,52,30,100,18,200
3425,66,35,100,15,216
3427,65,33,67,15,180
3428,1017,35,398,18,1468
3430,51,32,100,18,201
3431,65,35,65,18,183
3432,66,17,65,18,166
3434,100,15,51,17,183
3435,151,17,66,18,252
3436,67,15,51,17,150
3438,68,17,130,19,234
3439,284,16,51,18,369
3441,102,32,167,17,318
3442,300,18,65,17,400
3443,83,16,167,17,283
3444,534,16,67,16,633
3445,151,15,67,17,250
3447,63,35,51,16,165
3448,167,16,100,17,300
3450,67,15,67,17,166
3451,536,33,51,16,636
3452,67,16,51,18,152
3453,153,16,133,16,318
3454,1033,16,133,17,1199
3455,167,33,234,16,450
3456,167,16,234,16,433
3458,51,33,133,16,233
3459,100,33,234,16,383
3460,100,16,234,16,366
3461,65,33,234,16,348
3462,1032,16,134,16,1198
3463,65,35,83,16,199
3464,101,18,199,17,335
3465,151,16,67,15,249
3466,150,33,67,16,266
3467,68,32,101,15,216
3468,166,17,83,16,282
3469,299,33,100,18,450
3470,84,33,67,16,200
3473,101,33,100,17,251
3474,3099,18,117,16,3250
3475,100,33,167,17,317
3477,67,33,167,17,284
3478,534,15,67,18,634
3479,66,33,51,16,166
3480,51,33,51,16,151
3484,83,35,398,18,534
3485,85,17,398,18,518
3489,100,34,67,15,216
3490,100,16,67,15,198
3491,83,16,67,15,181
3492,67,16,67,15,165
3493,167,32,167,18,384
3494,100,17,65,18,200
3495,101,33,117,15,266
3496,148,34,66,17,265
3498,51,33,117,15,216
3500,167,15,67,18,267
3502,50,34,66,17,167
3505,68,32,67,18,185
3506,82,34,301,15,432
3508,67,17,301,15,400
3509,66,33,66,17,182
3510,67,15,66,17,165
3511,52,15,66,17,150
3513,86,13,167,17,283
3515,53,13,167,17,250
3520,68,16,134,16,234
3524,99,18,132,18,267
3527,101,34,99,17,251
3529,167,34,83,18,302
3530,85,32,150,18,285
3532,52,32,150,18,252
3533,66,33,66,17,182
3534,83,34,83,18,218
3537,67,32,135,17,251
3538,67,15,135,17,234
3541,83,18,102,14,217
3542,84,33,69,14,200
3543,102,33,100,17,252
3545,67,33,100,17,217
3546,3934,17,67,16,4034
3547,166,33,201,16,416
3550,3934,18,165,17,4134
3551,100,33,201,16,350
3553,298,32,234,19,583
3554,50,33,201,16,300
3555,67,34,49,16,166
3556,302,15,220,14,551
3557,100,32,118,16,266
3558,299,16,168,19,502
3559,67,32,118,16,233
3560,100,16,85,16,217
3561,49,16,118,16,199
3563,83,16,234,17,350
3564,168,15,220,14,417
3565,102,32,234,19,387
3566,67,18,65,17,167
3567,69,32,234,19,354
3568,51,32,234,19,336
3569,301,33,83,18,435
3570,68,15,220,14,317
3571,65,33,168,19,285
3572,66,16,168,19,269
3573,288,45,151,17,501
3574,99,16,51,16,182
3575,84,16,51,16,167
3576,150,34,199,17,400
3577,51,16,51,16,134
3578,66,17,67,19,169
3579,67,33,88,28,216
3582,50,34,199,17,300
3583,67,33,83,18,201
3584,69,14,83,18,184
3586,51,21,62,18,152
3587,299,34,51,17,401
3588,63,17,151,17,248
3589,66,35,98,18,217
3590,112,33,134,16,295
3594,50,33,134,16,233
3595,165,34,51,17,267
3596,67,16,67,17,167
3597,167,34,66,17,284
3598,84,32,68,17,201
3599,100,34,51,17,202
3600,100,17,51,17,185
3601,286,16,83,16,401
3602,66,17,51,17,151
3603,66,34,66,17,183
3607,51,17,199,17,284
3608,284,35,98,17,434
3609,151,16,83,16,266
3610,99,17,100,17,233
3612,101,16,83,16,216
3613,67,34,83,16,200
3615,52,16,83,16,167
3619,149,16,101,16,282
3620,299,18,99,17,433
3621,101,31,101,16,249
3622,51,35,98,17,201
3624,166,17,200,16,399
3625,100,33,134,17,284
3627,65,33,134,17,249
3629,168,33,100,16,317
3630,83,32,68,17,200
3632,99,18,99,17,233
3633,101,33,100,16,250
3635,6751,14,102,16,6883
3636,67,17,100,16,200
3637,68,32,68,16,184
3638,551,34,133,16,734
3640,100,17,133,18,268
3641,299,35,117,16,467
3643,68,34,99,18,219
3644,50,34,99,18,201
3645,68,32,184,17,301
3647,66,34,67,16,183
3649,66,33,101,16,216
3650,83,34,83,17,217
3651,67,34,83,17,201
3652,84,32,100,18,234
3655,66,35,117,16,234
3657,1033,33,66,17,1149
3658,51,33,66,18,168
3660,51,32,52,16,151
3661,65,34,67,16,182
3663,66,34,67,15,182
3664,152,33,134,15,334
3665,52,16,67,15,150
3666,83,34,133,16,266
3667,550,16,50,16,632
3668,65,18,133,16,232
3669,67,33,134,15,249
3670,85,33,200,16,334
3671,167,34,200,16,417
3672,167,18,200,16,401
3676,50,35,67,15,167
3678,67,18,200,16,301
3679,69,33,82,17,201
3680,166,17,68,16,267
3681,67,33,99,17,216
3682,84,33,66,17,200
3683,165,35,65,17,282
3684,300,18,67,16,401
3686,67,17,68,16,168
3688,50,33,235,16,334
3689,166,33,50,16,265
3690,67,18,65,17,167
3691,68,32,66,17,183
3692,167,18,67,16,268
3693,150,18,67,16,251
3696,66,16,50,16,148
3701,102,32,167,15,316
3702,85,32,167,15,299
3703,67,32,167,15,281
3704,68,16,167,15,266
3705,101,33,101,15,250
3707,98,33,388,13,532
3708,66,16,101,15,198
3713,101,33,66,17,217
3714,99,18,66,17,200
3715,68,33,66,17,184
3716,99,17,100,16,232
3717,66,33,100,16,215
3718,83,33,168,17,301
3722,67,18,133,17,235
3723,551,16,67,16,650
3724,149,34,53,13,249
3726,83,34,87,13,217
3727,99,34,53,13,199
3729,101,33,67,16,217
3731,85,16,67,16,184
3733,51,16,67,16,150
3735,165,35,133,17,350
3737,67,33,67,15,182
3739,67,32,135,15,249
3740,167,15,68,17,267
3742,67,17,133,17,234
3743,167,33,67,16,283
3744,66,17,101,17,201
3745,67,33,68,17,185
3746,67,15,68,17,167
3749,300,34,67,17,418
3752,167,17,66,17,267
3756,66,17,67,15,165
3758,100,18,66,16,200
3759,100,32,101,17,250
3760,84,32,101,17,234
3761,99,34,67,17,217
3762,100,17,67,17,201
3763,66,34,67,17,184
3764,84,33,101,17,235
3765,66,33,101,17,217
3766,51,33,101,17,202
3767,168,34,66,16,284
3768,168,17,66,16,267
3769,151,17,66,16,250
3773,67,34,66,16,183
3774,84,33,182,18,317
3778,83,33,116,18,250
3780,52,33,116,18,219
3782,84,31,51,18,184
3783,67,31,51,18,167
3784,51,31,51,18,151
3786,67,17,65,18,167
3788,300,16,67,17,400
3789,100,34,101,15,250
3790,67,15,69,15,166
3792,67,16,101,15,199
3793,82,18,99,17,216
3794,549,33,67,17,666
3795,51,18,99,17,185
3796,167,16,67,17,267
3798,67,17,83,16,183
3799,149,16,67,17,249
3800,101,16,67,17,201
3801,66,33,67,17,183
3802,67,16,67,17,167
3803,166,34,66,17,283
3804,68,16,67,17,168
3805,50,16,67,17,150
3806,67,16,67,15,165
3807,100,34,66,17,217
3808,67,16,100,17,200
3809,151,16,184,15,366
3810,66,17,66,17,166
3812,300,15,85,17,417
3813,84,16,184,15,299
3814,83,33,100,17,233
3815,50,16,184,15,265
3816,184,33,67,17,301
3817,166,33,67,17,283
3821,100,33,67,17,217
3822,300,15,101,17,433
3823,67,33,67,17,184
3825,151,17,134,15,317
3827,51,15,85,17,168
3828,100,17,134,15,266
3830,100,17,65,18,200
3832,67,17,65,18,167
3833,51,17,65,18,151
3834,151,33,99,17,300
3836,67,15,101,17,200
3837,65,35,200,15,315
3838,283,33,66,18,400
3839,50,17,200,15,282
3841,101,34,65,17,217
3843,66,34,65,17,182
3844,68,17,65,17,167
3846,150,33,66,18,267
3847,283,18,99,16,416
3849,166,33,100,16,315
3853,152,15,67,16,250
3854,51,33,133,16,233
3855,99,33,67,16,215
3856,68,16,100,16,200
3857,66,33,67,16,182
3859,51,15,67,16,149
3860,150,33,100,17,300
3861,50,18,99,16,183
3865,166,33,50,18,267
3867,549,18,50,16,633
3868,51,33,67,17,168
3869,66,34,167,15,282
3870,85,33,50,18,186
3871,67,33,50,18,168
3873,67,33,417,16,533
3875,300,35,64,16,415
3876,67,18,66,15,166
3877,101,33,100,16,250
3879,550,16,134,18,718
3880,51,33,100,16,200
3881,166,33,167,16,382
3882,67,18,67,16,168
3884,300,18,99,17,434
3885,66,34,68,15,183
3887,67,33,167,16,283
3888,51,33,167,16,267
3889,67,35,64,16,182
3890,51,35,64,16,166
3891,6700,32,67,17,6816
3892,52,32,66,16,166
3894,65,16,68,16,165
3895,1032,32,67,17,1148
3897,100,32,267,18,417
3898,84,32,267,18,401
3899,167,33,167,18,385
3900,168,16,167,18,369
3901,50,16,267,18,351
3902,100,17,84,15,216
3903,51,15,117,15,198
3904,100,16,167,18,301
3905,84,16,167,18,285
3907,283,17,67,16,383
3911,51,15,67,18,151
3912,84,32,52,16,184
3913,85,15,52,16,168
3914,67,15,52,16,150
3915,302,33,65,18,418
3916,101,16,67,14,198
3918,67,16,67,14,164
3919,52,16,67,14,149
3921,50,17,67,16,150
3924,65,19,67,17,168
3925,100,34,98,18,250
3927,66,34,98,18,216
3928,52,34,98,18,202
3929,1016,17,65,18,1116
3930,51,33,65,18,167
3931,101,31,118,16,266
3932,101,15,118,16,250
3933,283,17,65,18,383
3934,1032,16,51,16,1115
3935,284,15,334,17,650
3936,66,16,84,16,182
3937,83,15,51,16,165
3939,152,16,134,15,317
3940,100,16,68,17,201
3941,151,17,65,18,251
3942,66,16,68,17,167
3943,152,15,334,17,518
3945,167,35,67,16,285
3946,167,17,67,16,267
3947,51,17,65,18,151
3949,149,17,67,17,250
3950,66,16,67,17,166
3951,100,32,67,17,216
3952,66,17,67,16,166
3953,68,32,67,17,184
3955,102,32,200,17,351
3956,84,32,200,17,333
3957,67,32,200,17,316
3959,51,16,200,17,284
3961,65,34,201,15,315
3962,284,32,101,15,432
3963,149,18,67,16,250
3964,100,17,134,15,266
3965,101,33,67,16,217
3966,66,17,134,15,232
3967,82,18,67,16,183
3969,49,18,67,16,150
3972,101,18,99,17,235
3974,66,18,99,17,200
3976,167,17,265,17,466
3977,12251,16,98,18,12383
3978,50,34,67,15,166
3979,99,34,265,17,415
3980,167,17,65,18,267
3981,67,34,265,17,383
3982,301,16,169,15,501
3984,65,18,98,18,199
3986,66,17,65,18,166
3987,149,16,51,16,232
3990,167,16,169,15,367
3991,150,16,169,15,350
3994,101,16,169,15,301
3995,52,16,66,17,151
3997,51,16,169,15,251
3999,66,35,67,17,185
4000,66,18,67,17,168
4001,68,34,199,16,317
4002,283,34,98,20,435
4003,69,33,116,16,234
4004,52,33,116,16,217
4005,67,34,64,18,183
4006,85,31,101,16,233
4008,52,31,101,16,200
4009,98,34,68,16,216
4010,66,15,102,16,199
4011,64,34,68,16,182
4013,51,16,68,16,151
4015,68,34,98,20,220
4020,299,17,101,16,433
4021,67,31,267,18,383
4022,102,13,100,19,234
4024,167,15,67,19,268
4026,101,15,100,19,235
4027,85,15,100,19,219
4029,85,15,67,19,186
4031,51,15,67,19,152
4032,550,34,98,18,700
4033,301,33,66,18,418
4035,536,33,116,15,700
4036,67,14,102,16,199
4038,68,16,68,16,168
4040,66,16,100,16,198
4041,1034,34,66,17,1151
4042,100,17,66,18,201
4043,68,33,66,18,185
4045,3917,16,101,16,4050
4046,51,33,51,17,152
4047,66,33,66,18,183
4048,-67476,0,0,0,-67476
4049,66,35,200,16,317
4050,67,17,200,16,300
4051,551,16,133,17,717
4052,101,16,51,16,184
4053,151,16,68,16,251
4054,66,16,51,16,149
4055,65,33,102,16,216
4056,301,15,52,16,384
4058,151,33,116,15,315
4060,153,31,52,15,251
4061,166,34,166,19,385
4062,84,33,116,15,248
4063,166,33,52,16,267
4064,84,31,52,15,182
4065,298,35,133,17,483
4066,51,31,52,15,149
4068,167,16,117,16,316
4071,52,15,52,16,135
4072,67,15,135,17,234
4076,66,17,67,17,167
4077,68,32,136,15,251
4079,100,33,100,17,250
4081,168,32,200,17,417
4083,168,33,117,16,334
4085,101,32,200,17,350
4086,164,19,83,16,282
4087,68,32,200,17,317
4089,66,33,117,16,232
4093,549,18,150,16,733
4095,50,18,65,18,151
4096,53,33,132,17,235
4097,67,32,168,16,283
4099,165,35,99,16,315
4100,67,16,66,17,166
4101,83,17,67,15,182
4103,168,34,98,17,317
4104,67,15,102,16,200
4105,168,32,66,17,283
4106,66,18,99,16,199
4107,100,34,98,17,249
4108,149,34,66,16,265
4109,7785,15,101,18,7919
4110,51,34,98,17,200
4111,99,34,66,16,215
4112,84,34,66,16,200
4113,299,21,63,16,399
4115,66,32,67,16,181
4116,67,15,67,16,165
4117,66,34,67,16,183
4118,50,34,67,16,167
4120,65,17,121,30,233
4122,171,45,67,18,301
4123,67,32,167,18,284
4124,51,32,167,18,268
4126,68,16,84,16,184
4127,66,21,63,16,166
4128,71,45,67,18,201
4129,167,35,132,17,351
4130,67,15,67,18,167
4131,300,35,66,16,417
4132,63,16,68,16,163
4133,100,35,132,17,284
4134,65,17,51,15,148
4135,102,31,101,17,251
4136,67,17,132,17,233
4137,168,32,134,15,349
4138,68,15,101,17,201
4141,67,33,166,15,281
4143,69,32,134,15,250
4145,65,35,66,16,182
4147,166,33,200,17,416
4148,1033,17,100,17,1167
4149,101,33,133,16,283
4150,150,33,67,16,266
4151,99,33,200,17,349
4154,65,18,200,17,300
4155,66,33,67,16,182
4157,66,33,85,16,200
4159,51,15,85,16,167
4160,99,16,68,17,200
4162,65,16,68,17,166
4163,167,33,67,18,285
4164,85,33,51,15,184
4165,1017,17,65,19,1118
4166,51,33,51,15,150
4167,68,33,67,16,184
4168,165,17,268,15,465
4169,166,34,65,18,283
4170,68,15,67,18,168
4171,167,33,133,17,350
4174,548,33,52,16,649
4175,67,34,65,18,184
4177,67,33,133,17,250
4179,67,32,134,17,250
4180,66,15,134,17,232
4181,166,33,67,17,283
4183,166,35,98,18,317
4184,67,16,133,17,233
4185,169,32,121,30,352
4187,67,33,67,17,184
4190,50,35,98,18,201
4191,166,34,133,18,351
4192,66,17,121,30,234
4194,50,33,51,16,150
4195,65,33,100,17,215
4196,551,32,101,16,700
4197,2000,33,68,16,2117
4199,88,45,167,17,317
4200,100,15,167,17,299
4203,99,34,100,17,250
4204,112,34,200,17,363
4205,99,34,200,17,350
4206,100,16,200,17,333
4208,84,33,83,18,218
4209,169,33,83,17,302
4210,51,33,83,18,185
4211,67,33,134,17,251
4213,167,33,99,19,318
4214,167,17,99,19,302
4215,83,18,83,17,201
4217,50,18,83,17,168
4218,51,33,132,19,235
4219,66,33,99,19,217
4221,1016,17,67,16,1116
4222,67,17,65,19,168
4223,549,18,99,16,682
4225,99,35,199,18,351
4226,67,15,101,16,199
4227,65,35,199,18,317
4228,68,16,199,18,301
4229,298,35,51,16,400
4230,150,34,97,19,300
4231,68,33,233,18,352
4232,82,34,99,18,233
4236,101,20,61,19,201
4237,84,20,61,19,184
4239,50,20,61,19,150
4240,102,14,68,18,202
4243,61,35,51,16,163
4244,68,16,51,16,151
4245,51,16,51,16,134
4246,548,34,101,16,699
4247,169,33,100,15,317
4249,167,33,100,16,316
4250,284,33,51,14,382
4251,101,33,100,15,249
4252,65,18,99,16,198
4253,67,33,100,15,215
4254,51,33,100,15,199
4255,66,33,100,16,215
4256,51,33,100,16,200
4257,166,33,51,14,264
4259,1033,34,66,17,1150
4260,65,18,100,17,200
4262,84,33,51,14,182
4265,66,34,150,16,266
4267,300,34,66,16,416
4268,100,17,66,18,201
4269,51,14,119,16,200
4270,66,17,66,18,167
4271,66,33,51,16,166
4272,533,16,67,16,632
4274,151,33,65,18,267
4276,83,34,67,16,200
4278,151,31,101,18,301
4280,50,33,65,18,166
4281,67,34,66,16,183
4283,149,18,183,16,366
4284,51,31,101,18,201
4286,301,16,67,16,400
4287,283,16,67,16,382
4288,1984,32,66,18,2100
4289,101,33,51,16,201
4290,299,18,67,17,401
4293,83,16,84,16,199
4295,84,16,166,18,284
4296,99,17,184,16,316
4297,51,16,166,18,251
4298,165,18,67,17,267
4300,67,16,67,16,166
4301,51,16,67,16,150
4303,66,34,67,17,184
4308,68,17,66,17,168
4309,550,16,50,18,634
4311,168,34,66,17,285
4312,100,16,68,16,200
4315,66,34,133,17,250
4316,2002,15,235,15,2267
4317,67,34,66,17,184
4318,50,34,66,17,167
4320,67,16,67,17,167
4321,284,16,116,18,434
4323,66,33,151,16,266
4324,67,16,151,16,250
4326,100,17,165,17,299
4327,84,17,165,17,283
4328,299,18,65,18,400
4329,51,17,165,17,250
4331,301,33,102,15,451
4332,166,16,50,18,250
4336,66,17,166,18,267
4337,150,18,65,18,251
4338,99,16,67,18,200
4339,66,33,67,18,184
4340,67,16,67,18,168
4342,66,18,65,18,167
4343,100,33,102,15,250
4345,100,34,100,16,250
4347,65,34,100,16,215
4348,101,16,67,16,200
4349,167,34,66,17,284
4350,66,16,67,16,165
4351,102,32,66,17,217
4354,99,18,66,17,200
4357,149,16,168,15,348
4358,100,17,101,15,233
4360,2001,18,131,18,2168
4361,83,16,168,15,282
4362,67,16,168,15,266
4363,168,33,67,16,284
4364,50,33,68,15,166
4365,66,35,66,16,183
4366,549,33,68,18,668
4367,101,33,67,16,217
4368,152,33,67,15,267
4370,50,33,67,16,166
4371,166,34,66,16,282
4374,85,33,67,16,201
4376,51,33,67,16,167
4379,67,33,99,18,217
4380,100,17,99,17,233
4381,67,33,99,17,216
4382,302,14,68,18,402
4383,66,33,101,17,217
4385,167,34,132,18,351
4386,83,33,152,15,283
4387,66,33,152,15,266
4389,66,35,65,19,185
4390,67,18,65,19,169
4391,68,34,132,18,252
4392,50,34,132,18,234
4394,300,16,133,17,466
4397,50,14,68,18,150
4398,150,32,66,18,266
4400,64,18,52,14,148
4401,68,34,98,18,218
4404,52,32,66,18,168
4405,100,32,133,17,282
4406,66,16,66,19,167
4407,66,32,133,17,248
4408,148,34,166,18,366
4411,66,34,65,17,182
4412,84,34,166,18,302
4413,7784,18,49,16,7867
4414,50,34,166,18,268
4415,167,33,52,15,267
4417,101,32,67,18,218
4419,99,33,52,15,199
4420,51,32,67,18,168
4421,15452,16,83,17,15568
4422,51,33,52,15,151
4424,68,16,68,15,167
4425,67,33,166,18,284
4427,7783,18,66,17,7884
4428,99,16,52,15,182
4429,151,15,166,17,349
4430,282,32,251,16,581
4431,85,15,235,15,350
4432,100,15,166,17,298
4434,166,19,64,17,266
4435,85,15,69,15,184
4437,51,15,69,15,150
4438,66,17,66,17,166
4439,102,32,99,18,251
4442,51,32,99,18,200
4443,66,32,251,16,365
4444,51,32,251,16,350
4445,100,31,52,15,198
4446,552,33,131,18,734
4448,100,16,66,18,200
4449,67,34,66,18,185
4450,68,16,66,18,168
4451,65,33,101,16,215
4452,68,15,101,16,200
4453,52,15,101,16,184
4454,301,15,135,15,466
4455,84,16,50,16,166
4457,51,16,50,16,133
4458,99,16,269,15,399
4460,283,35,331,18,667
4461,101,34,82,17,234
4465,1035,34,65,19,1153
4467,299,35,98,18,450
4468,100,17,68,15,200
4469,65,34,68,15,182
4470,66,17,68,15,166
4471,50,17,68,15,150
4472,82,35,331,18,466
4473,67,35,331,18,451
4474,151,32,100,16,299
4475,68,33,131,18,250
4477,550,18,66,17,651
4480,1984,34,66,15,2099
4481,298,34,66,18,416
4482,101,15,67,18,201
4483,98,34,133,18,283
4484,66,15,67,18,166
4485,284,17,67,15,383
4486,67,16,133,18,234
4487,98,33,67,18,216
4488,100,15,67,18,200
4489,167,34,66,18,285
4490,167,16,66,18,267
4491,66,34,51,16,167
4492,68,16,51,16,151
4493,51,16,51,16,134
4495,67,34,66,18,185
4497,51,16,66,18,151
4498,52,34,67,15,168
4499,100,35,133,17,285
4500,50,32,168,17,267
4501,66,35,133,17,251
4502,67,17,133,17,234
4503,50,17,133,17,217
4504,51,32,68,15,166
4505,102,33,267,17,419
4506,550,34,133,16,733
4507,100,33,67,16,216
4508,52,33,267,17,369
4509,101,32,51,16,200
4510,66,18,67,16,167
4512,99,18,65,18,200
4513,65,35,65,18,183
4517,51,16,51,16,134
4518,552,32,51,16,651
4520,67,16,85,17,185
4521,51,16,85,17,169
4522,64,18,51,17,150
4523,102,34,66,15,217
4524,284,33,67,15,399
4525,85,17,66,15,183
4526,167,18,67,17,269
4527,51,17,66,15,149
4528,52,31,101,15,199
4530,298,18,200,16,532
4533,68,33,99,17,217
4536,534,16,53,13,616
4538,52,33,67,15,167
4540,101,18,132,18,269
4542,65,18,132,18,233
4543,166,33,101,16,316
4545,102,32,51,16,201
4546,168,16,67,16,267
4547,99,33,101,16,249
4548,101,16,101,16,234
4549,66,33,101,16,216
4550,166,18,98,18,300
4551,65,34,67,16,182
4552,534,15,134,15,698
4553,51,16,67,16,150
4554,50,32,69,15,166
4555,51,15,69,15,150
4556,3933,15,67,16,4031
4557,67,34,133,18,252
4559,99,34,69,18,220
4560,52,30,103,18,203
4561,299,33,52,15,399
4562,100,16,53,13,182
4565,52,16,53,13,134
4566,67,18,65,18,168
4567,51,18,65,18,152
4568,100,16,67,18,201
4569,100,33,101,18,252
4571,83,15,101,18,217
4572,1030,18,83,16,1147
4573,168,33,134,15,350
4574,168,15,134,15,332
4575,301,34,66,16,417
4576,67,15,52,15,149
4577,302,33,133,15,483
4578,2000,17,84,16,2117
4581,52,15,134,15,216
4582,166,18,134,15,333
4583,51,14,169,15,249
4584,66,16,167,16,265
4585,301,33,132,17,483
4587,52,16,101,15,184
4588,98,19,66,16,199
4589,67,34,66,16,183
4590,84,33,133,15,265
4591,101,33,100,15,249
4593,100,34,66,15,215
4594,85,34,66,15,200
4595,166,34,81,17,298
4596,51,34,66,15,166
4597,167,32,183,18,400
4599,299,33,68,16,416
4601,66,34,81,17,198
4603,67,32,183,18,300
4605,98,34,67,17,216
4606,67,16,101,17,201
4607,64,34,67,17,182
4608,302,16,68,15,401
4609,100,33,265,18,416
4610,50,34,66,17,167
4611,68,33,265,18,384
4612,152,33,66,17,268
4613,67,33,68,16,184
4614,100,18,167,15,300
4615,167,33,68,15,283
4616,67,18,167,15,267
4621,66,33,68,15,182
4623,100,34,66,16,216
4624,15467,16,166,18,15667
4625,101,30,101,18,250
4628,99,18,83,16,216
4629,64,36,83,16,199
4630,167,16,119,15,317
4631,82,16,51,16,165
4632,51,32,51,16,150
4633,302,34,134,15,485
4634,68,15,201,17,301
4635,83,16,119,15,233
4636,101,16,68,17,202
4638,67,16,68,17,168
4641,51,16,52,15,134
4642,66,18,165,17,266
4644,3932,18,49,16,4015
4645,52,15,101,14,182
4646,50,33,134,16,233
4647,99,34,66,16,215
4648,65,17,134,15,231
4649,299,34,68,15,416
4650,51,34,66,16,167
4652,151,32,66,17,266
4653,66,34,66,16,182
4654,67,17,66,16,166
4656,52,34,132,20,238
4657,100,33,87,12,232
4658,166,17,68,15,266
4659,66,33,87,12,198
4660,66,17,87,12,182
4662,100,17,68,15,200
4663,66,34,68,15,183
4664,1018,32,66,18,1134
4666,284,33,66,16,399
4667,84,18,298,17,417
4668,67,18,298,17,400
4669,3916,16,102,16,4050
4670,546,34,83,17,680
4671,102,34,99,16,251
4673,66,34,99,16,215
4674,51,34,99,16,200
4675,101,34,185,15,335
4676,3933,17,99,17,4066
4677,66,34,185,15,300
4678,84,33,66,16,199
4679,550,16,98,18,682
4680,7784,32,51,17,7884
4682,83,33,135,15,266
4683,167,33,132,18,350
4684,51,33,135,15,234
4686,66,17,53,15,151
4687,66,35,183,16,300
4688,283,32,86,16,417
4689,68,33,132,18,251
4690,85,34,116,16,251
4691,53,15,132,18,218
4692,51,34,116,16,217
4694,64,17,84,16,181
4695,66,33,268,15,382
4696,51,33,268,15,367
4697,3933,32,388,30,4383
4698,50,33,66,23,172
4701,99,23,111,17,250
4702,106,45,266,18,435
4703,1035,33,82,17,1167
4704,150,32,117,16,315
4705,83,17,266,18,384
4708,561,16,51,17,645
4710,167,16,51,17,251
4711,101,31,51,16,199
4714,100,16,51,17,184
4716,67,16,51,17,151
4718,2000,18,316,17,2351
4719,85,17,67,15,184
4721,150,16,135,15,316
4723,51,16,66,18,151
4724,84,31,135,15,265
4725,82,16,135,15,248
4726,100,18,99,15,232
4727,102,32,67,15,216
4728,150,33,84,17,284
4729,67,32,67,15,181
4731,167,33,51,17,268
4732,166,16,51,17,250
4733,3916,17,98,18,4049
4735,550,16,166,18,750
4737,1033,34,98,17,1182
4741,550,18,83,16,667
4742,52,32,101,15,200
4743,101,33,50,16,200
4745,65,33,50,16,164
4750,66,16,52,16,150
4753,300,32,99,18,449
4754,68,16,101,15,200
4759,101,33,82,17,233
4760,66,18,65,18,167
4761,168,32,99,18,317
4762,101,16,166,18,301
4763,68,32,166,18,284
4766,151,33,50,16,250
4768,283,34,66,18,401
4770,549,34,67,15,665
4771,82,17,50,16,165
4772,51,33,50,16,150
4773,50,17,50,16,133
4774,101,16,101,16,234
4775,166,34,66,18,284
4776,67,16,101,16,200
4777,50,16,101,16,183
4778,64,19,98,18,199
4779,69,32,66,18,185
4780,67,16,66,18,167
4783,165,33,168,16,382
4784,66,16,100,18,200
4785,300,34,67,15,416
4787,300,32,120,13,465
4788,101,15,168,16,300
4789,168,34,98,17,317
4791,51,15,168,16,250
4792,150,32,101,15,298
4793,51,16,201,15,283
4794,65,18,100,16,199
4795,102,32,101,15,250
4796,66,18,98,17,199
4797,68,32,101,15,216
4799,66,34,67,15,182
4804,149,33,201,18,401
4805,82,18,117,16,233
4806,551,33,67,16,667
4808,83,33,201,18,335
4810,102,15,67,18,202
4811,52,13,201,18,284
4814,65,16,84,16,181
4815,52,16,84,16,168
4816,65,17,51,16,149
4818,167,15,133,17,332
4820,68,16,66,18,168
4821,51,16,66,18,151
4823,66,33,133,17,249
4825,51,15,133,17,216
4826,100,17,134,16,267
4827,100,34,67,16,217
4828,65,17,134,16,232
4829,101,32,68,16,217
4831,99,35,316,17,467
4833,301,33,65,18,417
4834,66,18,316,17,417
4835,167,33,267,17,484
4836,51,33,67,16,167
4837,168,33,67,18,286
4838,67,18,133,17,235
4840,51,33,66,16,166
4841,67,33,267,17,384
4842,51,33,267,17,368
4845,66,34,51,15,166
4847,67,33,65,18,183
4849,15468,31,136,16,15651
4850,51,33,50,17,151
4853,65,35,100,16,216
4855,83,16,101,18,218
4856,301,15,68,16,400
4857,51,16,101,18,186
4859,84,16,165,19,284
4861,52,16,165,19,252
4862,551,33,66,17,667
4864,67,15,99,19,200
4867,15468,31,119,15,15633
4868,99,15,68,16,198
4870,67,15,68,16,166
4871,51,15,68,16,150
4872,99,17,83,16,215
4873,83,17,83,16,199
4874,99,18,49,16,182
4877,99,33,69,15,216
4881,83,15,135,17,250
4882,101,17,99,17,234
4883,166,35,66,17,284
4884,68,17,99,17,201
4885,84,16,68,17,185
4887,51,16,68,17,152
4888,149,33,68,15,265
4889,99,33,66,17,215
4890,-81509,0,0,0,-81509
4892,83,33,68,15,199
4893,169,31,102,16,318
4894,536,17,65,16,634
4895,300,33,100,17,450
4896,66,16,50,16,148
4898,98,16,102,16,232
4899,68,31,102,16,217
4900,151,33,66,16,266
4902,49,35,133,16,233
4903,166,33,100,17,316
4904,151,33,100,17,301
4906,51,33,66,16,166
4907,67,33,99,17,216
4909,7766,32,167,18,7983
4911,66,33,67,17,183
4912,167,16,134,16,333
4913,66,33,51,16,166
4914,2018,34,266,16,2334
4915,100,33,134,16,283
4917,67,33,134,16,250
4918,67,16,134,16,233
4919,99,37,65,16,217
4920,102,17,65,16,200
4921,85,17,65,16,183
4922,166,18,132,16,332
4923,168,32,388,30,618
4924,300,17,117,16,450
4925,51,18,67,16,152
4927,65,34,132,16,247
4930,167,16,150,16,349
4931,301,31,234,16,582
4932,66,17,67,16,166
4933,83,15,67,18,183
4934,1999,18,66,17,2100
4935,51,15,67,18,151
4937,67,33,117,16,233
4939,67,34,83,16,200
4940,83,33,50,16,182
4942,51,33,50,16,150
4943,67,35,65,16,183
4945,68,31,234,16,349
4946,299,17,51,17,384
4949,65,34,54,30,183
4951,68,33,67,16,184
4952,51,33,67,16,167
4954,51,21,62,17,151
4955,166,34,51,16,267
4956,68,16,100,17,201
4957,299,34,200,15,548
4958,62,17,84,17,180
4960,98,18,51,16,183
4962,66,18,51,16,151
4964,68,17,98,18,201
4965,166,34,200,15,415
4966,150,34,200,15,399
4967,100,32,168,16,316
4968,50,33,83,17,183
4969,66,32,168,16,282
4970,66,15,168,16,265
4972,105,17,100,16,238
4973,66,34,100,16,216
4974,99,18,98,18,233
4976,150,32,67,17,266
4977,68,32,66,18,184
4978,284,33,184,16,517
4980,68,16,66,15,165
4981,66,32,67,17,182
4982,100,16,134,16,266
4985,66,33,101,16,216
4987,67,33,68,16,184
4988,66,16,68,16,166
4989,83,18,100,15,216
4992,1033,18,66,17,1134
4996,99,18,66,18,201
4997,67,33,66,18,184
4998,66,18,66,18,168
4999,50,18,66,18,152
5000,83,33,85,15,216
5001,50,16,101,17,184
5002,284,34,132,18,468
5004,165,18,66,16,265
5006,66,18,132,16,232
5007,301,32,51,17,401
5010,101,15,103,14,233
5011,166,35,97,18,316
5013,66,34,133,17,250
5014,153,32,65,18,268
5018,148,33,167,17,365
5019,101,32,51,17,201
5020,53,32,65,18,168
5021,99,33,167,17,316
5022,51,32,51,17,151
5024,50,33,167,17,267
5025,83,17,132,17,249
5026,84,32,51,17,184
5027,85,15,51,17,168
5029,1034,34,101,15,1184
5032,66,17,266,16,365
5034,101,16,267,18,402
5035,99,35,100,17,251
5036,150,33,67,16,266
5038,68,16,100,17,201
5039,52,16,100,17,185
5040,168,16,67,17,268
5041,52,16,100,16,184
5042,65,17,67,16,165
5043,66,34,100,17,217
5044,165,18,66,17,266
5045,100,33,66,18,217
5048,50,33,66,18,167
5049,66,34,66,17,183
5050,65,18,66,17,166
5053,166,34,100,16,316
5054,68,16,84,16,184
5055,83,16,100,18,217
5056,66,16,100,18,200
5060,67,16,100,16,199
5061,51,16,100,16,183
5062,65,17,67,16,165
5064,67,16,67,15,165
5065,51,16,67,15,149
5066,51,33,233,16,333
5067,67,34,50,16,167
5068,65,18,50,16,149
5070,66,18,66,18,168
5073,50,16,199,18,283
5076,99,18,182,17,316
5077,167,32,68,16,283
5078,66,18,182,17,283
5079,100,34,66,17,217
5082,66,18,66,17,167
5083,66,32,68,16,182
5084,82,34,50,17,183
5085,66,34,50,17,167
5086,84,34,101,15,234
5087,66,34,101,15,216
5088,51,34,101,15,201
5095,68,32,67,16,183
5096,285,33,66,17,401
5098,300,17,67,16,400
5099,66,33,100,15,214
5102,301,17,66,18,402
5103,67,31,168,17,283
5104,52,31,168,17,268
5105,534,32,101,16,683
5108,84,33,66,17,200
5109,302,33,134,15,484
5110,52,33,66,17,168
5112,100,18,68,16,202
5114,101,17,66,18,202
5115,100,34,99,16,249
5116,168,16,133,16,333
5119,68,32,67,16,183
5120,284,32,101,16,433
5121,100,33,134,15,282
5122,68,16,133,16,233
5123,66,33,134,15,248
5124,3932,14,53,16,4015
5125,167,34,284,16,501
5126,165,18,284,16,483
5127,300,33,66,17,416
5128,52,32,68,15,167
5129,100,34,284,16,434
5131,66,34,284,16,400
5132,150,34,99,18,301
5137,65,34,99,18,216
5138,50,34,99,18,201
5139,67,34,65,18,184
5140,550,33,67,17,667
5141,101,32,51,17,201
5144,51,32,51,17,151
5145,65,34,52,16,167
5146,100,17,116,17,250
5148,67,17,116,17,217
5149,51,17,116,17,201
5150,68,16,82,17,183
5151,52,16,82,17,167
5152,51,31,202,16,300
5153,301,32,68,16,417
5154,65,18,65,17,165
5157,101,33,68,16,218
5158,100,16,68,16,200
5159,98,34,100,16,248
5160,67,16,68,16,167
5161,168,32,68,16,284
5162,67,16,100,16,199
5163,67,34,99,17,217
5164,166,17,67,17,267
5165,68,34,366,15,483
5167,68,32,68,16,184
5168,551,33,50,17,651
5169,66,33,67,17,183
5172,166,17,66,16,265
5176,67,16,68,16,167
5177,65,34,66,16,181
5178,66,17,66,16,165
5179,101,32,68,16,217
5181,68,32,68,16,184
5182,151,33,100,15,299
5183,100,34,133,15,282
5184,100,18,133,15,266
5185,299,33,134,16,482
5187,167,34,99,17,317
5188,151,34,99,17,301
5190,7785,33,99,16,7933
5191,66,33,200,17,316
5192,67,16,200,17,300
5193,166,33,134,16,349
5196,83,33,50,17,183
5197,67,33,50,17,167
5198,301,17,167,17,502
5199,84,15,134,16,249
5201,299,37,98,17,451
5202,50,34,50,17,151
5203,284,19,98,17,418
5205,300,35,66,16,417
5206,167,17,167,17,368
5207,100,32,67,18,217
5208,285,33,66,17,401
5209,166,37,98,17,318
5210,66,16,67,18,167
5211,65,35,167,17,284
5212,100,17,102,15,234
5215,67,37,98,17,219
5218,101,18,66,16,201
5219,67,35,66,16,184
5220,66,18,66,16,166
5221,115,16,350,16,497
5222,167,16,151,17,351
5223,68,33,350,16,467
5224,166,18,84,16,284
5225,99,33,151,17,300
5227,66,33,151,17,267
5230,101,16,51,16,184
5232,99,17,51,17,184
5233,151,17,132,17,317
5237,51,16,99,17,183
5239,100,33,100,16,249
5240,1998,14,53,16,2081
5241,66,33,100,16,215
5242,282,34,66,16,398
5244,66,16,67,16,165
5245,50,16,67,16,149
5246,166,16,118,16,316
5247,84,16,134,17,251
5248,67,16,134,17,234
5249,167,34,66,16,283
5251,67,32,118,16,233
5252,82,34,100,16,232
5253,66,34,100,16,216
5254,50,34,100,16,200
5256,166,19,67,16,268
5257,68,32,102,15,217
5258,50,32,102,15,199
5259,66,34,68,15,183
5260,100,19,67,16,202
5261,66,35,67,16,184
5262,65,19,67,16,167
5263,550,18,166,16,750
5266,52,34,200,15,301
5267,282,16,134,16,448
5268,82,35,65,18,200
5269,165,34,50,16,265
5271,99,32,84,16,231
5272,165,19,165,16,365
5273,68,32,84,16,200
5274,302,16,133,16,467
5275,65,34,50,16,165
5279,69,31,134,16,250
5280,82,34,167,16,299
5281,154,46,133,16,349
5285,68,20,62,17,167
5286,52,20,62,17,151
5287,-88126,0,0,0,-88126
5288,68,16,133,16,233
5289,99,34,166,16,315
5291,67,34,166,16,283
5292,165,17,133,18,333
5293,67,33,66,16,182
5295,100,33,133,18,284
5297,1049,14,53,16,1132
5298,66,17,133,18,234
5299,66,33,135,16,250
5302,168,17,67,16,268
5303,51,16,66,18,151
5304,101,16,67,17,201
5305,151,16,101,17,285
5306,66,16,67,17,166
5307,101,32,101,17,251
5308,285,20,179,17,501
5314,67,16,121,29,233
5315,51,16,121,29,217
5316,151,20,179,17,367
5317,99,34,83,16,232
5318,284,32,50,16,382
5319,166,34,68,16,284
5321,67,20,179,17,283
5322,50,20,179,17,266
5323,150,17,100,16,283
5324,50,32,168,16,266
5325,65,34,68,16,183
5327,284,16,66,17,383
5329,102,32,50,16,200
5331,7784,17,84,15,7900
5332,100,17,134,16,267
5333,166,34,66,17,283
5334,67,17,134,16,234
5338,283,33,218,16,550
5339,66,34,66,17,183
5340,100,18,115,17,250
5342,1032,19,66,17,1134
5343,68,32,83,17,200
5345,166,33,218,16,433
5346,50,34,66,18,168
5347,165,34,184,16,399
5349,100,33,218,16,367
5350,301,15,101,16,433
5351,66,33,218,16,333
5353,167,32,135,16,350
5354,68,16,184,16,284
5355,83,14,53,16,166
5356,299,17,234,15,565
5357,168,32,101,16,317
5358,66,17,84,15,182
5359,67,32,135,16,250
5360,301,17,132,18,468
5361,53,16,135,16,220
5362,67,17,100,16,200
5363,67,32,101,16,216
5365,-89425,0,0,0,-89425
5367,50,16,67,16,149
5368,99,17,234,15,365
5369,68,33,234,15,350
5370,66,17,234,15,332
5371,50,17,234,15,316
5373,534,32,67,16,649
5374,101,16,67,16,200
5375,67,33,67,16,183
5376,68,16,67,16,167
5378,67,16,166,16,265
5380,99,16,67,18,200
5381,534,32,101,16,683
5383,285,14,85,16,400
5384,85,32,152,14,283
5385,67,32,152,14,265
5387,67,33,101,18,219
5388,67,15,101,18,201
5390,84,34,233,16,367
5391,152,14,85,16,267
5394,52,33,117,16,218
5395,168,32,67,16,283
5397,100,34,66,17,217
5399,167,33,199,16,415
5401,69,32,67,16,184
5403,50,16,67,16,149
5406,67,16,199,16,298
5407,67,34,67,16,184
5408,151,33,132,18,334
5409,99,35,133,16,283
5412,67,18,133,16,234
5413,83,17,132,18,250
5414,299,16,51,16,382
5415,101,32,118,16,267
5416,100,16,118,16,250
5417,66,32,118,16,232
5418,-90310,0,0,0,-90310
5421,150,16,266,18,450
5422,166,16,51,16,249
5423,67,34,150,16,267
5424,102,16,266,18,402
5427,51,16,266,18,351
5428,65,16,51,16,148
5429,99,33,85,16,233
5432,67,16,85,16,184
5433,51,16,85,16,168
5434,67,16,166,19,268
5435,51,16,166,19,252
5437,85,16,66,18,185
5438,300,16,66,18,400
5439,51,16,66,18,151
5440,284,34,66,16,400
5441,52,16,65,19,152
5443,84,15,234,16,349
5444,165,18,98,18,299
5446,84,33,132,18,267
5447,3919,15,100,17,4051
5448,283,34,83,16,416
5449,51,17,132,18,218
5450,149,32,50,18,249
5451,548,18,84,16,666
5452,67,16,66,18,167
5453,-90893,0,0,0,-90893
5454,84,32,50,18,184
5455,98,34,284,15,431
5456,283,34,367,16,700
5457,100,34,66,17,217
5458,67,16,284,15,382
5459,66,34,66,17,183
5460,50,34,66,17,167
5461,102,32,51,16,201
5462,50,34,83,16,183
5463,284,15,202,16,517
5464,52,32,51,16,151
5465,99,34,99,18,250
5466,82,34,99,18,233
5468,50,34,99,18,201
5469,101,31,85,16,233
5470,99,16,85,16,216
5471,551,16,67,17,651
5472,65,16,85,16,182
5475,148,18,84,16,266
5476,167,16,368,17,568
5477,52,15,202,16,285
5478,67,16,168,16,267
5479,83,18,84,16,201
5480,65,18,84,16,183
5482,66,16,368,17,467
5483,168,32,67,18,285
5484,84,34,101,16,235
5485,84,16,101,16,217
5487,52,16,101,16,185
5489,167,34,133,17,351
5490,66,16,67,18,167
5491,-91526,0,0,0,-91526
5492,67,18,66,15,166
5493,67,32,68,16,183
5494,67,16,68,16,167
5495,101,34,99,17,251
5497,164,35,50,16,265
5498,1034,16,66,17,1133
5500,1032,16,102,16,1166
5502,168,16,66,18,268
5503,64,35,50,16,165
5504,67,16,50,16,149
5505,67,32,67,18,184
5506,51,32,67,18,168
5507,152,15,218,16,401
5508,66,16,66,18,166
5511,85,15,218,16,334
5512,67,15,218,16,316
5513,84,16,68,15,183
5514,67,16,68,15,166
5518,166,17,133,18,334
5519,167,33,66,18,284
5520,82,33,51,16,182
5522,50,33,51,16,150
5523,167,31,135,17,350
5524,101,16,66,18,201
5526,67,16,66,18,167
5531,51,15,135,17,218
5533,166,36,64,16,282
5534,67,16,117,17,217
5535,301,34,100,16,451
5536,83,34,67,16,200
5537,101,36,64,16,217
5538,166,17,100,16,299
5539,84,19,64,16,183
5540,150,32,100,18,300
5541,549,19,132,17,717
5543,284,16,66,17,383
5544,149,34,100,16,299
5547,99,34,100,16,249
5548,67,16,166,18,267
5551,68,32,68,16,184
5553,-92559,0,0,0,-92559
5555,150,16,100,16,282
5556,68,16,66,17,167
5557,100,34,100,16,250
5558,66,16,102,16,200
5559,283,17,51,17,368
5560,99,18,265,17,399
5561,50,16,100,16,182
5562,67,18,265,17,367
5563,51,18,265,17,351
5564,284,32,67,17,400
5567,65,34,66,16,181
5568,150,34,99,18,301
5570,65,19,132,17,233
5572,52,32,51,17,152
5573,100,34,99,17,250
5575,533,33,66,16,648
5576,-92942,0,0,0,-92942
5579,66,33,100,18,217
5580,66,16,100,18,200
5581,83,16,133,17,249
5582,50,34,133,17,234
5583,51,16,133,17,217
5584,67,16,51,15,149
5592,66,16,68,16,166
5594,166,18,66,16,266
5595,68,33,67,15,183
5596,551,32,101,15,699
5598,51,33,67,15,166
5599,66,34,66,16,182
5600,301,17,83,16,417
5601,100,33,66,16,215
5602,51,33,165,18,267
5603,67,33,66,16,182
5604,51,33,66,16,166
5605,98,34,101,17,250
5609,1033,33,66,18,1150
5610,100,16,52,14,182
5611,2000,35,66,16,2117
5613,66,35,83,16,200
5614,168,16,100,17,301
5615,50,17,83,16,166
5616,550,33,135,16,734
5617,52,14,219,16,301
5618,100,16,100,17,233
5619,83,16,100,17,216
5620,66,16,100,17,199
5621,1986,15,67,18,2086
5622,150,35,66,15,266
5623,51,17,101,16,185
5625,68,32,101,15,216
5626,67,16,101,15,199
5627,66,35,66,15,182
5628,85,32,132,19,268
5629,67,32,132,19,250
5630,51,32,132,19,234
5631,101,33,184,15,333
5632,66,18,98,19,201
5633,164,36,150,16,366
5634,83,33,133,18,267
5635,67,33,133,18,251
5637,284,16,233,16,549
5638,51,32,52,15,150
5639,65,36,150,16,267
5640,68,17,150,16,251
5641,151,15,135,16,317
5642,1034,17,250,16,1317
5643,101,33,135,16,285
5644,548,34,52,15,649
5645,65,33,135,16,249
5646,100,16,68,15,199
5647,1985,16,68,15,2084
5648,1033,16,68,15,1132
5650,49,34,233,16,332
5651,2002,31,100,18,2151
5652,99,18,99,16,232
5653,167,33,266,19,485
5654,65,18,99,16,198
5655,99,34,67,16,216
5656,52,32,134,16,234
5659,66,33,266,19,384
5661,534,33,100,16,683
5663,67,33,50,16,166
5664,167,18,99,19,303
5666,167,16,86,15,284
5667,83,16,66,18,183
5668,67,16,66,18,167
5669,100,32,86,15,233
5671,99,34,52,15,200
5673,66,34,52,15,167
5674,50,34,52,15,151
5675,284,16,68,15,383
5677,152,16,100,16,284
5678,166,17,135,15,333
5679,302,32,100,17,451
5680,166,16,234,17,433
5682,66,16,100,16,198
5684,65,17,135,15,232
5686,165,19,132,17,333
5687,66,34,68,15,183
5689,100,35,132,17,284
5690,300,15,52,16,383
5691,67,35,132,17,251
5692,65,19,132,17,233
5693,100,33,67,17,217
5695,167,33,66,18,284
5697,99,33,250,16,398
5698,66,18,132,18,234
5700,83,33,66,18,200
5701,100,32,52,16,200
5702,2002,15,67,16,2100
5703,3933,33,51,16,4033
5706,66,16,68,15,165
5707,66,34,66,18,184
5708,67,16,66,18,167
5710,84,32,51,16,183
5711,151,16,67,16,250
5712,165,19,99,17,300
5715,50,15,101,16,182
5716,50,34,67,16,167
5717,51,16,67,16,150
5718,65,19,99,17,200
5721,101,33,133,16,283
5723,166,33,65,19,283
5724,84,32,52,16,184
5726,51,32,52,16,151
5727,65,35,66,16,182
5728,102,16,65,19,202
5730,67,16,65,19,167
5731,52,16,65,19,152
5733,66,32,53,15,166
5734,65,16,53,15,149
5736,-95608,0,0,0,-95608
5737,85,15,51,16,167
5739,53,15,51,16,135
5741,67,34,68,16,185
5742,66,16,68,16,166
5743,3934,33,67,17,4051
5744,552,31,136,16,735
5745,102,33,66,16,217
5747,68,33,66,16,183
5748,52,33,66,16,167
5749,51,17,66,16,150
5750,66,17,66,17,166
5751,66,33,65,18,182
5752,99,17,66,16,198
5753,165,34,68,14,281
5754,100,15,68,17,200
5755,98,34,318,17,467
5758,99,18,68,14,199
5759,168,33,51,14,266
5760,65,18,68,14,165
5761,68,33,68,15,184
5762,67,16,68,15,166
5763,3933,34,65,18,4050
5765,68,33,51,14,166
5766,284,33,67,16,400
5767,68,31,100,18,217
5769,149,15,136,16,316
5770,286,33,66,16,401
5771,100,31,136,16,283
5772,168,17,100,16,301
5773,85,15,136,16,252
5774,65,15,136,16,232
5775,99,36,100,16,251
5776,67,15,202,16,300
5777,64,36,100,16,216
5778,151,33,66,16,266
5779,52,17,100,16,185
5781,52,17,67,16,152
5782,165,18,100,16,299
5783,166,34,82,16,298
5784,51,33,66,16,166
5785,1998,33,67,17,2115
5786,67,16,134,16,233
5788,65,18,100,16,199
5789,66,34,82,16,198
5790,84,31,119,15,249
5791,285,16,66,18,385
5793,100,32,119,16,267
5794,67,17,84,15,183
5795,299,33,118,15,465
5796,551,31,51,16,649
5797,51,16,119,16,202
5798,168,16,66,18,268
5799,66,33,134,18,251
5803,-96726,0,0,0,-96726
5804,98,17,52,15,182
5805,1017,16,53,13,1099
5806,65,17,52,15,149
5807,99,33,118,15,265
5809,84,15,118,15,232
5813,151,15,67,16,249
5814,99,16,66,18,199
5815,66,34,66,18,184
5816,284,32,51,16,383
5817,51,16,66,18,151
5819,169,31,51,16,267
5820,100,16,66,17,199
5821,166,35,83,16,300
5825,151,16,51,16,234
5826,550,34,65,17,666
5827,66,35,83,16,200
5828,85,32,51,16,184
5832,68,15,67,16,166
5833,167,32,185,14,398
5834,67,16,100,17,200
5835,100,35,65,16,216
5836,67,15,134,16,232
5838,149,34,66,18,267
5840,82,33,100,18,233
5841,67,33,100,18,218
5842,151,33,135,15,334
5844,100,17,67,18,202
5847,300,33,53,13,399
5848,67,17,135,15,234
5849,100,32,69,15,216
5850,166,19,65,17,267
5852,51,32,69,15,167
5853,52,14,69,15,150
5854,298,17,134,17,466
5855,67,34,65,17,183
5856,299,17,99,17,432
5857,-97625,0,0,0,-97625
5859,150,16,66,18,250
5860,101,16,53,13,183
5862,101,16,66,18,201
5863,51,16,53,13,133
5864,66,16,66,18,166
5865,1033,33,134,16,1216
5866,151,33,117,15,316
5867,53,13,168,17,251
5868,100,17,99,17,233
5869,66,35,99,17,217
5870,65,17,99,17,198
5871,284,17,101,16,418
5872,301,17,67,16,401
5873,100,34,51,15,200
5874,548,35,100,17,700
5875,99,34,66,16,215
5876,547,32,101,16,696
5877,66,34,66,16,182
5880,52,32,67,17,168
5881,100,33,101,16,250
5882,68,15,167,16,266
5884,99,17,67,16,199
5885,168,33,66,16,283
5887,167,34,98,18,317
5888,51,33,101,16,201
5890,68,16,99,16,199
5892,66,17,66,16,165
5895,67,32,66,18,183
5896,51,32,66,18,167
5897,66,34,100,16,216
5898,166,18,100,17,301
5899,166,32,101,16,315
5900,166,16,101,16,299
5901,99,35,100,17,251
5902,100,18,100,17,235
5903,65,35,100,17,217
5904,66,18,100,17,201
5906,167,16,66,18,267
5908,302,15,201,17,535
5909,67,33,67,16,183
5910,301,15,134,16,466
5911,101,34,150,15,300
5915,67,32,267,16,382
5916,82,35,150,16,283
5917,66,35,150,16,267
5918,50,35,150,16,251
5919,150,15,134,16,315
5920,51,32,51,15,149
5921,167,34,100,17,318
5922,67,15,201,17,300
5923,65,33,134,16,248
5924,283,33,100,18,434
5925,51,15,134,16,216
5927,67,34,100,17,218
5928,67,16,100,17,200
5930,51,33,351,16,451
5931,100,34,66,18,218
5932,65,17,51,16,149
5934,65,18,66,18,167
5935,84,16,51,16,167
5937,51,16,51,16,134
5939,84,16,66,18,184
5941,534,34,232,16,816
5942,101,16,118,16,251
5943,100,34,84,16,234
5944,298,19,231,18,566
5945,66,34,84,16,200
5946,84,33,51,16,184
5947,83,16,51,16,166
5948,-99143,0,0,0,-99143
5949,51,16,51,16,134
5950,67,15,100,16,198
5951,-99193,0,0,0,-99193
5953,168,31,100,18,317
5954,99,16,100,16,231
5955,100,35,231,18,384
5956,283,34,232,16,565
5958,84,31,100,18,233
5960,167,15,100,18,300
5962,300,18,67,17,402
5963,533,32,101,16,682
5965,100,35,133,16,284
5966,67,15,100,18,200
5967,66,35,133,16,250
5970,284,32,101,16,433
5971,50,19,232,16,317
5972,100,17,67,16,200
5973,65,35,67,16,183
5974,68,17,67,16,168
5975,166,34,133,16,349
5977,152,17,133,16,318
5978,66,18,132,16,232
5979,67,33,167,16,283
5980,68,17,167,16,268
5981,67,34,133,16,250
5982,166,17,100,19,302
5983,50,17,133,16,216
5984,165,19,116,17,317
5988,149,33,68,16,266
5990,169,15,65,18,267
5991,68,32,101,16,217
5992,52,32,101,16,201
5995,65,34,65,18,182
5998,67,17,115,17,216
