序号,发送->接收,接收->转发,转发->接收,接收->处理,总计
1,116,15,151,17,299
2,125,34,83,17,259
3,116,34,83,17,250
5,51,34,200,16,301
6,102,33,101,17,253
7,83,33,101,17,234
9,133,17,216,17,383
11,65,16,101,16,198
12,83,17,216,17,333
13,118,32,133,17,300
14,50,17,216,17,300
15,51,34,65,17,167
16,86,15,133,17,251
17,99,17,67,16,199
18,82,17,67,16,182
19,65,17,67,16,165
22,66,34,50,17,167
23,67,17,50,17,151
24,83,17,84,18,202
25,66,17,84,18,185
26,67,34,200,17,318
27,118,34,132,17,301
30,84,18,132,17,251
33,118,32,151,17,318
34,66,34,66,17,183
35,67,17,66,17,167
37,83,34,117,17,251
39,83,34,83,17,217
40,66,34,83,17,200
43,71,10,70,17,168
44,54,10,70,17,151
45,66,17,100,16,199
46,66,34,99,17,216
47,63,17,99,17,196
49,133,17,66,17,233
51,83,33,66,17,199
52,99,35,65,17,216
53,82,35,65,17,199
54,84,18,65,17,184
56,50,18,65,17,150
58,83,17,67,19,186
60,82,17,199,16,314
61,67,17,199,16,299
62,68,33,166,16,283
63,168,17,167,15,367
64,134,34,167,15,350
65,85,32,201,15,333
67,84,34,167,15,300
68,67,34,167,15,283
69,65,17,167,15,264
70,100,31,102,15,248
71,133,17,101,16,267
72,68,31,102,15,216
73,51,31,102,15,199
75,65,17,101,16,199
76,64,35,150,17,266
77,84,34,116,17,251
79,86,32,84,17,219
81,84,35,115,16,250
82,66,35,115,16,232
83,86,32,83,16,217
84,164,34,52,14,264
88,81,16,86,14,197
89,166,14,101,15,296
90,65,34,52,14,165
92,83,16,68,15,182
93,68,16,68,15,167
94,68,32,101,15,216
96,52,14,101,15,182
97,115,34,100,16,265
98,99,34,100,16,249
100,67,34,100,16,217
101,69,15,100,16,200
102,65,34,100,17,216
103,65,19,100,17,201
104,150,18,67,15,250
105,66,17,133,15,231
106,68,32,233,17,350
108,100,32,134,16,282
109,83,32,134,16,265
111,68,15,134,16,233
112,151,18,165,16,350
113,85,32,299,17,433
114,117,18,165,16,316
115,65,17,299,17,398
116,67,36,165,16,284
117,184,35,82,18,319
118,68,31,184,18,301
120,100,34,100,17,251
122,64,34,100,17,215
124,102,32,50,18,202
125,68,18,82,18,186
126,69,32,50,18,169
128,100,35,65,16,216
129,66,17,65,17,165
130,82,18,65,16,181
131,84,30,151,18,283
132,50,18,65,16,149
134,65,35,116,18,234
135,65,18,116,18,217
136,81,17,134,18,250
138,68,35,66,15,184
140,68,31,68,18,185
142,83,18,51,15,167
143,201,15,167,18,401
144,66,33,66,18,183
146,86,15,116,18,235
148,51,15,116,18,200
149,102,15,167,18,302
151,66,15,167,18,266
152,83,16,68,18,185
153,99,18,65,17,199
154,66,35,65,17,183
157,51,33,84,15,183
158,100,34,200,17,351
159,69,14,133,19,235
160,99,33,66,19,217
161,49,34,200,17,300
162,84,15,66,19,184
163,99,17,132,17,265
164,52,15,66,19,152
165,100,16,184,18,318
166,68,31,184,18,301
168,50,16,184,18,268
169,82,35,231,19,367
170,116,16,101,16,249
171,68,17,231,19,335
172,52,17,231,19,319
173,82,34,67,16,199
174,67,34,67,16,184
175,83,34,66,17,200
177,66,18,66,17,167
178,68,33,98,19,218
180,67,33,132,17,249
181,51,33,132,17,233
182,131,34,67,18,250
183,51,33,133,18,235
184,117,15,67,18,217
185,82,34,67,18,201
188,82,17,101,17,217
189,64,17,101,17,199
192,67,35,132,16,250
193,69,17,132,16,234
195,118,33,67,17,235
196,67,34,66,16,183
197,149,34,116,16,315
198,99,33,67,17,216
199,64,18,67,17,166
200,67,33,67,17,184
203,85,33,83,16,217
204,100,32,101,16,249
205,83,32,101,16,232
206,99,33,152,15,299
207,101,15,152,15,283
208,83,15,152,15,265
209,66,15,152,15,248
210,99,34,84,15,232
212,86,15,84,15,200
213,68,15,84,15,182
215,66,17,51,15,149
216,67,33,102,14,216
217,65,16,102,14,197
218,84,15,151,17,267
220,51,15,151,17,234
221,65,18,201,17,301
225,53,31,51,17,152
226,85,17,365,17,484
228,114,18,67,16,215
229,68,17,232,17,334
230,51,17,232,17,317
231,64,18,67,16,165
232,99,33,100,16,248
233,84,33,100,16,233
234,67,33,100,16,216
236,67,32,68,16,183
237,51,32,68,16,167
238,115,18,67,16,216
239,65,17,133,17,232
240,66,34,67,16,183
242,84,16,118,17,235
243,67,16,118,17,218
245,85,32,118,15,250
246,67,32,118,15,232
248,101,34,183,15,333
249,67,17,84,15,183
250,133,32,69,15,249
252,68,33,150,15,266
253,51,33,150,15,249
258,83,18,64,19,184
259,201,16,199,16,432
260,69,32,101,15,217
261,51,32,101,15,199
262,134,33,199,16,382
265,68,17,115,18,218
266,68,33,199,16,316
267,84,32,134,15,265
268,134,35,366,17,552
269,50,32,134,15,231
270,83,15,101,15,214
271,66,15,101,15,197
272,65,35,366,17,483
274,68,33,66,16,183
275,83,33,134,15,265
276,68,33,134,15,250
277,68,16,134,15,233
279,51,33,101,15,200
281,65,17,68,15,165
283,102,17,66,16,201
284,84,17,66,16,183
287,84,34,67,16,201
288,100,34,100,17,251
289,66,17,67,16,166
290,66,34,100,17,217
292,68,33,150,17,268
293,134,17,83,17,251
294,67,33,100,17,217
297,67,17,83,17,184
298,84,15,51,17,167
299,83,34,131,19,267
300,100,34,97,19,250
301,83,34,97,19,233
302,66,34,97,19,216
304,68,33,64,19,184
307,67,17,64,17,165
309,99,15,201,18,333
311,98,17,100,17,232
312,64,34,100,17,215
313,65,17,100,17,199
314,51,17,100,17,185
315,84,32,133,18,267
316,69,32,133,18,252
317,52,32,133,18,235
318,85,15,67,18,185
319,67,15,67,18,167
321,84,33,151,17,285
322,83,17,151,17,268
324,67,33,68,17,185
325,68,15,68,17,168
327,118,31,68,17,234
329,65,18,201,16,300
330,118,17,134,16,285
332,64,36,134,16,250
334,99,35,232,16,382
335,82,35,232,16,365
336,68,35,232,16,351
337,100,17,65,17,199
338,83,17,65,17,182
339,119,31,134,16,300
341,51,34,65,16,166
342,83,15,134,16,248
343,132,18,66,16,232
345,165,17,166,18,366
346,65,34,66,16,181
347,83,32,101,17,233
348,68,32,101,17,218
350,66,34,166,18,284
351,67,17,166,18,268
353,67,18,67,16,168
354,50,18,67,16,151
355,51,33,99,18,201
356,132,34,170,14,350
357,51,34,199,16,300
360,117,15,67,16,215
361,66,16,170,14,266
362,65,33,67,16,181
365,68,16,166,17,267
367,132,20,197,16,365
369,82,36,197,16,331
370,66,36,197,16,315
371,85,30,68,16,199
373,54,30,68,16,168
375,67,17,99,17,200
377,84,33,66,16,199
378,68,33,66,16,183
379,51,33,66,16,166
380,67,32,186,16,301
381,67,15,186,16,284
384,66,32,120,16,234
386,150,18,82,17,267
389,51,32,53,16,152
390,102,34,65,18,219
391,83,34,65,18,200
392,101,32,152,13,298
393,69,16,65,18,168
394,53,16,65,18,152
395,135,16,98,18,267
396,82,17,119,13,231
397,64,17,119,13,213
399,67,16,98,18,199
400,51,16,98,18,183
401,51,34,64,18,167
402,119,13,101,20,253
403,132,18,234,15,399
404,98,36,234,15,383
406,64,36,234,15,349
407,66,18,234,15,333
408,82,17,67,15,181
409,65,17,67,15,164
410,101,35,66,17,219
413,132,18,68,15,233
414,67,34,100,15,216
415,52,34,100,15,201
416,69,32,68,15,184
417,63,18,68,15,164
419,86,33,199,15,333
420,115,17,66,16,214
421,118,33,102,14,267
424,65,33,102,14,214
425,83,33,101,15,232
426,65,33,101,15,214
427,83,34,165,18,300
428,66,34,165,18,283
429,66,18,165,18,267
430,83,19,99,15,216
431,66,19,99,15,199
432,69,32,67,15,183
434,49,18,67,15,149
435,118,31,68,17,234
436,99,31,68,17,215
437,67,18,83,16,184
438,82,16,68,17,183
439,83,36,66,18,203
440,133,34,83,15,265
442,83,16,52,15,166
443,84,34,83,15,216
444,85,17,83,15,200
445,67,17,83,15,182
447,99,17,66,17,199
448,83,17,66,17,183
449,66,17,66,17,166
450,66,32,234,17,349
451,114,34,67,17,232
452,65,34,153,13,265
453,83,34,67,17,201
454,83,17,67,17,184
458,153,13,69,15,250
459,84,32,102,15,233
460,67,32,102,15,216
461,82,33,69,15,199
463,69,13,69,15,166
464,52,13,69,15,149
465,117,32,68,15,232
466,67,35,82,18,202
467,82,32,68,15,197
468,117,18,99,18,252
469,84,34,99,18,235
472,82,18,65,18,183
473,67,18,65,18,168
474,167,33,134,18,352
475,52,34,82,16,184
476,68,31,100,18,217
478,116,16,134,18,284
481,100,14,69,14,197
483,68,14,69,14,165
485,67,16,132,20,235
486,102,32,100,17,251
487,83,32,100,17,232
488,119,17,132,17,285
489,65,18,100,17,200
490,102,30,69,16,217
491,85,30,69,16,200
492,67,30,69,16,182
493,68,15,69,16,168
494,85,15,67,17,184
495,166,14,69,16,265
496,65,34,50,14,163
498,102,31,69,16,218
499,99,14,69,16,198
500,67,31,69,16,183
501,100,17,82,18,217
502,83,17,82,18,200
503,67,17,82,18,184
504,67,33,67,17,184
505,65,18,67,17,167
507,66,18,65,16,165
508,82,18,117,16,233
509,67,18,117,16,218
511,117,33,135,16,301
514,83,16,135,16,250
515,66,16,135,16,233
517,69,16,183,17,285
518,117,15,135,17,284
524,68,31,68,17,184
525,100,15,153,14,282
526,52,15,68,17,152
527,67,15,153,14,249
529,66,17,67,15,165
530,68,32,86,14,200
531,50,32,86,14,182
533,84,32,68,15,199
534,67,32,68,15,182
535,65,17,68,15,165
536,135,32,102,17,286
537,69,14,86,14,183
538,51,14,86,14,165
540,68,32,102,17,219
541,64,17,102,17,200
542,86,14,167,19,286
544,51,14,167,19,251
545,101,18,117,14,250
546,67,35,117,14,233
547,100,14,86,14,214
549,69,14,86,14,183
551,84,32,150,18,284
552,66,32,150,18,266
554,67,33,218,14,332
556,83,17,183,14,297
557,66,17,183,14,280
559,165,17,50,14,246
560,52,14,102,17,185
561,133,17,50,14,214
562,82,18,83,14,197
563,65,18,83,14,180
566,67,34,133,15,249
567,167,16,67,18,268
568,50,17,133,15,215
570,50,14,52,16,132
571,82,33,67,18,200
572,65,33,67,18,183
573,99,18,100,16,233
575,64,18,100,16,198
576,152,16,133,17,318
577,66,17,68,16,167
578,85,18,65,15,183
579,102,16,133,17,268
580,84,16,133,17,250
581,85,33,134,15,267
583,66,17,134,15,232
584,80,18,134,17,249
586,66,33,135,16,250
588,83,17,84,17,201
589,102,17,67,16,202
592,68,33,200,17,318
593,66,18,200,17,301
594,367,33,216,17,633
595,67,17,199,17,300
597,52,33,66,15,166
598,50,17,66,15,148
599,868,16,164,17,1065
600,65,34,100,17,216
601,299,17,99,18,433
602,166,33,132,20,351
603,101,17,133,16,267
604,101,33,67,17,218
606,100,33,132,20,285
607,102,16,132,20,270
608,66,33,132,20,251
609,882,34,69,14,999
613,299,17,68,16,400
615,166,16,101,18,301
616,98,34,285,15,432
617,166,16,167,15,364
618,301,32,66,21,420
621,100,16,167,15,298
624,51,16,167,15,249
625,66,17,52,16,151
626,67,34,68,16,185
627,83,34,66,15,198
628,167,35,150,15,367
629,51,34,66,15,166
630,52,16,66,15,149
631,101,16,66,21,204
633,82,35,150,15,282
634,301,31,167,18,517
637,82,36,67,16,201
638,51,15,67,18,151
640,98,36,66,15,215
641,282,35,65,18,400
643,1047,34,64,17,1162
644,297,34,69,14,414
645,53,31,99,18,201
648,66,31,167,18,282
650,66,33,134,18,251
651,149,31,232,18,430
654,102,31,232,18,383
655,51,35,65,18,169
656,69,31,232,18,350
657,99,17,69,14,199
659,65,17,69,14,165
660,298,35,116,19,468
661,66,17,117,16,216
662,52,17,117,16,202
663,86,31,52,16,185
664,152,16,100,16,284
666,65,34,64,18,181
667,6150,34,149,18,6351
668,164,35,116,19,334
669,69,16,100,16,201
670,98,35,102,17,252
671,150,34,82,19,285
672,64,35,102,17,218
673,98,18,116,19,251
674,65,35,116,19,235
675,64,18,116,19,217
676,168,37,65,15,285
677,86,33,82,17,218
678,285,16,133,16,450
679,52,33,82,17,184
680,98,37,65,15,215
681,68,14,51,17,150
684,167,32,133,16,348
685,116,34,165,16,331
686,51,17,167,18,253
687,99,19,165,16,299
688,99,32,133,16,280
694,82,17,66,16,181
695,66,17,66,16,165
696,67,33,67,15,182
697,52,33,67,15,167
698,99,34,50,17,200
700,66,34,50,17,167
701,297,18,65,19,399
703,86,33,66,17,202
704,84,17,66,17,184
705,52,33,66,17,168
706,150,16,132,19,317
707,151,33,134,18,336
711,51,33,132,19,235
712,52,16,132,19,219
713,551,31,68,17,667
714,66,34,65,19,184
715,65,18,65,19,167
716,67,34,66,18,185
717,84,31,53,14,182
718,68,31,53,14,166
720,118,14,51,17,200
721,101,14,51,17,183
722,149,17,66,18,250
723,101,16,118,16,251
725,66,16,118,16,216
726,83,17,66,18,184
728,301,31,68,17,417
729,166,16,132,19,333
730,166,35,66,18,285
731,67,16,85,16,184
732,50,16,85,16,167
733,68,16,232,17,333
736,66,35,66,18,185
737,67,16,66,18,167
738,51,16,66,18,151
740,68,33,99,17,217
743,166,17,101,16,300
744,283,18,132,17,450
745,65,18,299,16,398
747,67,14,69,17,167
748,102,35,168,13,318
749,100,18,168,13,299
750,65,35,168,13,281
751,165,18,132,17,332
752,69,32,99,19,219
753,1019,31,167,17,1234
754,101,34,132,17,284
755,534,17,83,16,650
756,168,31,50,16,265
758,99,37,130,16,282
759,101,18,130,16,265
760,65,37,130,16,248
762,99,33,82,19,233
763,51,31,50,16,148
764,101,33,166,17,317
765,82,33,166,17,298
767,51,33,166,17,267
771,65,19,50,16,150
772,68,32,151,17,268
773,102,16,65,17,200
774,166,36,67,14,283
775,69,16,65,17,167
776,50,16,65,17,148
777,1881,35,84,14,2014
778,1883,18,84,14,1999
779,65,16,201,16,298
780,168,31,285,16,500
781,63,19,67,14,163
782,69,33,83,16,201
783,302,15,302,14,633
785,52,34,98,16,200
786,67,31,285,16,399
787,116,33,50,16,215
788,65,34,83,16,198
790,98,33,67,17,215
791,51,33,50,16,150
792,100,33,152,16,301
793,65,17,67,17,166
794,66,33,152,16,267
795,102,15,302,14,433
797,168,18,100,14,300
798,169,32,99,17,317
799,67,18,67,16,168
801,65,16,52,16,149
802,534,32,70,14,650
804,298,35,166,16,515
805,2734,17,65,18,2834
806,52,16,99,17,184
809,165,19,131,16,331
810,68,31,167,17,283
811,2734,18,65,16,2833
812,64,34,66,18,182
813,150,35,166,16,367
815,67,19,131,16,233
816,69,31,100,16,216
817,284,32,70,14,400
818,66,35,166,16,283
819,50,35,166,16,267
820,98,33,50,18,199
822,150,18,84,15,267
823,66,16,50,18,150
824,65,35,66,16,182
825,100,18,84,15,217
826,166,34,99,18,317
828,101,32,70,14,217
829,52,33,199,18,302
831,51,32,70,14,167
832,65,34,99,18,216
833,154,28,136,15,333
834,301,33,67,15,416
835,100,21,164,15,300
836,70,35,164,15,284
837,86,28,136,15,265
838,99,34,69,14,216
839,55,28,136,15,234
842,62,34,68,15,179
844,552,17,82,17,668
847,99,18,67,15,199
848,68,33,67,15,183
849,66,18,67,15,166
850,100,33,166,15,314
851,52,34,65,17,168
852,100,32,83,18,233
853,100,17,83,18,218
855,65,17,83,18,183
856,98,33,68,15,214
857,151,33,98,18,300
858,166,33,65,18,282
859,551,32,251,18,852
860,66,35,66,17,184
862,166,33,69,15,283
863,51,33,98,18,200
864,101,32,68,17,218
866,66,32,68,17,183
867,300,17,66,17,400
868,167,33,66,16,282
869,69,14,69,15,167
871,284,31,52,15,382
872,536,31,100,17,684
875,99,17,84,18,218
876,183,18,83,15,299
877,65,17,84,18,184
879,67,17,68,14,166
881,67,17,66,17,167
882,1884,17,116,18,2035
883,67,18,83,15,183
886,551,15,51,17,634
889,101,16,67,17,201
890,167,34,400,18,619
893,115,34,400,18,567
894,52,14,51,17,134
895,83,34,400,18,535
897,282,34,65,17,398
901,551,32,101,17,701
902,66,33,101,17,217
903,165,17,67,17,266
904,64,36,265,18,383
906,100,34,67,17,218
907,101,17,67,17,202
908,67,34,67,17,185
911,85,33,67,16,201
912,51,17,65,17,150
913,151,33,68,14,266
914,67,32,51,17,167
915,298,19,82,16,415
917,82,33,68,14,197
918,83,17,68,14,182
919,165,18,84,15,282
920,51,17,68,14,150
922,66,35,64,16,181
924,100,32,117,16,265
925,65,18,84,15,182
926,99,35,82,16,232
928,99,32,101,17,249
929,167,16,118,16,317
930,165,35,83,16,299
931,165,17,83,16,281
935,99,17,83,16,215
936,101,34,65,17,217
937,84,34,65,17,200
938,167,33,68,17,285
939,51,34,65,17,167
942,67,32,66,17,182
943,66,16,66,17,165
946,98,35,150,15,298
948,300,35,67,16,418
949,84,34,67,17,202
950,68,34,67,17,186
951,52,34,67,17,170
953,168,15,136,16,335
954,67,34,231,18,350
956,99,32,136,16,283
957,52,32,101,16,201
958,66,32,136,16,250
960,64,34,51,17,166
962,300,35,150,15,500
963,84,33,65,18,200
964,52,17,67,16,152
965,53,33,65,18,169
967,84,31,101,16,232
969,51,31,101,16,199
970,65,36,65,16,182
975,83,35,150,15,283
976,100,31,67,16,214
977,1016,32,167,17,1232
978,1033,35,166,17,1251
979,68,16,67,16,167
982,98,34,100,17,249
983,66,17,52,15,150
986,68,33,100,16,217
987,168,16,83,18,285
988,1033,34,99,18,1184
989,51,34,98,17,200
991,65,17,116,18,216
993,66,16,83,18,183
995,99,17,84,17,217
997,166,17,66,17,266
999,67,18,132,17,234
1000,69,32,51,16,168
1001,101,17,66,17,201
1002,302,32,66,18,418
1003,4183,33,51,17,4284
1004,166,34,67,16,283
1005,84,33,151,16,284
1006,300,33,67,17,417
1007,2002,14,66,18,2100
1008,50,16,151,16,233
1009,66,17,117,16,216
1011,67,17,67,16,167
1012,151,16,66,18,251
1013,118,32,66,18,234
1014,51,14,52,16,133
1017,66,16,66,18,166
1018,52,16,66,18,152
1019,66,17,51,17,151
1020,165,33,101,15,314
1021,100,17,82,17,216
1025,83,33,101,15,232
1026,100,34,134,16,284
1030,67,33,66,17,183
1031,67,16,66,17,166
1033,84,32,167,17,300
1034,67,32,167,17,283
1035,50,32,167,17,266
1036,166,35,165,18,384
1038,565,35,167,16,783
1039,52,32,151,18,253
1040,4167,33,67,18,4285
1042,166,35,114,17,332
1044,68,32,51,18,169
1046,67,34,99,18,218
1047,50,34,99,18,201
1048,66,35,114,17,232
1051,166,17,67,17,267
1052,68,31,67,16,182
1054,297,35,167,16,515
1055,100,17,67,17,201
1056,98,33,51,16,198
1057,83,33,51,16,183
1058,151,16,66,18,251
1059,49,33,51,16,149
1060,166,33,52,16,267
1061,50,34,99,18,201
1062,84,16,66,18,184
1063,101,16,68,17,202
1065,115,35,167,16,333
1066,66,33,52,16,167
1067,100,17,167,16,300
1069,67,17,167,16,267
1070,85,16,134,16,251
1071,68,16,134,16,234
1072,551,16,134,18,719
1073,166,18,66,17,267
1074,68,33,66,16,183
1075,84,31,101,17,233
1076,166,34,83,16,299
1077,52,31,101,17,201
1081,118,34,65,17,234
1082,67,34,83,16,200
1083,84,34,65,17,200
1084,66,34,65,17,182
1086,51,17,65,17,150
1087,66,16,134,17,233
1088,99,33,69,17,218
1089,99,16,69,17,201
1090,284,16,99,18,417
1095,52,33,98,19,202
1096,167,35,99,18,319
1097,99,16,102,16,233
1098,66,32,102,16,216
1100,549,16,100,17,682
1101,298,18,153,13,482
1102,65,35,99,18,217
1103,68,16,99,18,201
1105,51,34,83,16,184
1106,101,33,66,17,217
1109,533,17,101,15,666
1111,150,33,66,19,268
1112,99,35,153,13,300
1113,302,15,168,16,501
1114,101,33,66,19,219
1117,50,33,66,19,168
1118,52,16,66,19,153
1119,1019,32,134,15,1200
1120,65,34,54,13,166
1121,166,15,168,16,365
1122,66,33,66,18,183
1124,88,13,66,18,185
1125,100,15,168,16,299
1126,3086,13,102,15,3216
1129,163,16,119,16,314
1131,284,32,168,16,500
1132,554,13,86,15,668
1133,100,16,119,16,251
1134,100,34,101,15,250
1135,66,16,119,16,217
1136,82,17,101,15,215
1137,285,35,65,16,401
1138,552,15,68,16,651
1140,100,35,165,17,317
1141,66,17,67,17,167
1143,69,16,165,17,267
1144,51,16,165,17,249
1147,165,16,101,19,301
1148,165,35,85,13,298
1150,534,34,100,15,683
1151,100,16,101,19,236
1155,50,35,85,13,183
1156,97,34,118,15,264
1159,50,34,118,15,217
1160,66,32,86,15,199
1161,101,15,268,16,400
1162,2001,32,51,16,2100
1163,149,34,133,16,332
1166,101,34,133,16,284
1167,67,15,68,16,166
1168,67,34,133,16,250
1169,50,34,133,16,233
1170,51,17,133,16,217
1172,301,32,100,18,451
1173,67,15,102,16,200
1175,167,15,101,18,301
1176,67,32,134,15,248
1177,167,17,65,18,267
1178,102,31,101,18,252
1180,66,31,101,18,216
1182,65,36,65,18,184
1183,300,17,115,17,449
1186,101,34,66,18,219
1188,65,34,66,18,183
1189,102,15,100,18,235
1192,1033,33,51,17,1134
1193,100,13,54,16,183
1194,550,16,165,17,748
1196,64,36,115,17,232
1197,101,16,201,14,332
1198,67,34,201,14,316
1199,67,16,201,14,298
1200,54,16,201,14,285
1202,66,33,102,14,215
1204,98,35,99,17,249
1206,66,35,99,17,217
1207,67,17,99,17,200
1210,167,34,301,16,518
1212,68,31,67,17,183
1213,51,31,67,17,166
1214,65,33,68,16,182
1216,64,34,301,16,415
1218,67,34,66,17,184
1219,150,32,235,17,434
1220,2000,36,133,15,2184
1221,3852,34,66,16,3968
1222,68,32,165,17,282
1224,98,34,67,18,217
1225,166,17,68,16,267
1226,165,32,168,17,382
1227,300,16,200,17,533
1228,165,36,66,17,284
1229,69,16,63,17,165
1230,1019,15,67,18,1119
1233,65,14,168,17,264
1234,165,33,200,17,415
1236,49,19,66,17,151
1237,66,16,51,16,149
1238,284,17,51,17,369
1239,102,16,200,17,335
1241,67,16,200,17,300
1243,99,17,133,17,266
1245,83,32,101,17,233
1246,50,17,133,17,217
1247,167,17,135,16,335
1249,167,17,101,16,301
1250,66,33,51,17,167
1251,66,17,51,17,151
1254,67,34,101,16,218
1255,168,18,65,17,268
1256,51,17,101,16,185
1258,100,35,65,17,217
1260,83,18,65,17,183
1261,101,16,168,14,299
1263,282,35,150,15,482
1264,67,33,84,17,201
1266,65,33,51,17,166
1267,66,16,51,17,150
1269,101,17,132,17,267
1270,66,35,132,17,250
1273,86,31,67,17,201
1274,100,35,150,15,300
1275,99,18,150,15,282
1276,100,32,51,16,199
1277,67,18,150,15,250
1278,66,32,51,16,165
1279,101,16,85,15,217
1280,67,33,85,15,200
1282,65,34,265,18,382
1283,101,16,68,15,200
1284,51,16,265,18,350
1286,67,33,67,18,185
1289,166,19,98,17,300
1293,99,19,98,17,233
1294,285,13,102,15,415
1295,67,19,98,17,201
1296,167,34,233,15,449
1297,51,33,82,17,183
1298,18200,34,99,18,18351
1299,535,15,67,18,635
1301,67,17,67,19,170
1303,301,17,66,17,401
1305,51,33,84,15,183
1307,69,13,102,15,199
1308,52,13,102,15,182
1310,550,18,65,17,650
1313,49,35,115,17,216
1314,100,33,66,17,216
1315,65,18,82,17,182
1316,68,33,66,17,184
1317,67,17,66,17,167
1321,66,17,100,17,200
1322,100,34,133,16,283
1323,68,17,66,17,168
1324,67,34,133,16,250
1325,51,34,133,16,234
1327,100,17,67,16,200
1328,51,15,67,18,151
1329,67,17,67,16,167
1331,66,16,66,18,166
1332,85,16,83,18,202
1333,50,34,83,18,185
1334,300,32,84,18,434
1335,100,18,133,15,266
1336,66,36,133,15,250
1337,66,18,133,15,232
1338,299,35,131,19,484
1339,167,18,98,17,300
1340,69,35,97,16,217
1343,551,33,86,13,683
1344,100,32,116,18,266
1345,551,33,132,18,734
1346,97,32,84,18,231
1348,67,32,84,18,201
1349,50,32,84,18,184
1350,148,18,132,19,317
1351,68,15,68,17,168
1352,83,18,131,19,251
1353,85,33,132,19,269
1356,50,18,132,19,219
1357,1035,18,64,16,1133
1358,6800,32,251,16,7099
1359,68,17,65,19,169
1360,67,31,235,18,351
1361,548,34,68,14,664
1363,67,15,67,18,167
1364,65,34,167,18,284
1365,69,15,167,18,269
1366,53,15,167,18,253
1369,299,15,69,17,400
1370,51,16,133,20,220
1371,67,17,66,18,168
1372,68,33,86,13,200
1373,65,18,86,13,182
1375,83,33,68,16,200
1376,99,33,66,18,216
1379,101,17,67,15,200
1380,101,31,69,17,218
1381,299,17,166,15,497
1382,99,36,64,19,218
1384,535,31,169,14,749
1385,167,15,68,14,264
1386,550,18,64,16,648
1387,51,33,82,16,182
1388,69,31,51,16,167
1389,51,31,51,16,149
1390,64,34,68,14,180
1391,68,15,68,14,165
1392,65,33,166,18,282
1394,51,16,166,18,251
1395,83,32,134,15,264
1396,300,35,68,15,418
1397,51,32,134,15,232
1398,100,35,101,14,250
1400,166,35,198,16,415
1402,149,20,198,16,383
1404,66,35,66,16,183
1405,98,20,198,16,332
1406,167,31,169,14,381
1407,1033,17,66,18,1134
1409,52,31,50,16,149
1413,52,31,169,14,266
1414,50,16,169,14,249
1416,1016,15,185,15,1231
1417,534,15,86,15,650
1419,300,15,100,17,432
1420,282,15,100,17,414
1422,167,32,167,17,383
1423,84,33,98,19,234
1425,1036,15,134,17,1202
1426,101,32,167,17,317
1427,12533,16,68,14,12631
1430,65,33,68,16,182
1431,300,15,86,15,416
1434,52,15,100,17,184
1435,3935,17,100,15,4067
1436,1019,15,66,18,1118
1437,65,18,217,15,315
1438,50,18,217,15,300
1439,101,17,151,15,284
1440,551,15,66,18,650
1441,84,33,199,16,332
1442,166,34,66,16,282
1443,101,15,86,15,217
1446,100,34,66,16,216
1447,150,34,83,17,284
1448,301,31,119,17,468
1449,284,31,119,17,451
1451,68,15,66,16,165
1453,67,18,83,17,185
1456,100,34,100,15,249
1457,66,18,68,14,166
1458,66,34,100,15,215
1459,549,34,52,15,650
1460,168,32,52,17,269
1461,52,34,132,18,236
1462,68,31,119,17,235
1463,51,31,119,17,218
1465,301,16,132,18,467
1466,150,17,64,18,249
1467,52,32,52,17,153
1469,101,17,64,18,200
1471,69,17,64,18,168
1472,551,17,83,15,666
1476,82,16,66,20,184
1477,299,18,67,15,399
1479,67,16,132,18,233
1480,152,15,51,16,234
1481,283,35,82,17,417
1482,66,35,134,17,252
1483,83,32,51,16,182
1484,1984,17,200,14,2215
1486,52,15,51,16,134
1487,65,15,69,17,166
1488,534,33,116,16,699
1491,151,31,68,17,267
1492,302,31,402,15,750
1494,102,31,68,17,218
1495,167,17,83,15,282
1496,67,31,68,17,183
1498,50,16,68,17,151
1500,65,34,83,15,197
1501,3934,17,133,17,4101
1502,51,17,83,15,166
1504,3932,35,168,15,4150
1505,100,15,402,15,532
1508,101,32,53,16,202
1509,66,17,85,16,184
1510,151,16,66,17,250
1511,100,18,299,15,432
1512,103,33,66,17,219
1513,85,33,66,17,201
1514,68,33,66,17,184
1515,53,33,66,17,169
1516,53,16,66,17,152
1518,66,33,83,16,198
1519,66,16,83,16,181
1520,98,35,99,17,249
1521,67,15,201,17,300
1522,100,32,67,17,216
1525,82,33,68,15,198
1526,51,16,67,17,151
1527,166,18,100,16,300
1528,65,34,133,17,249
1529,66,17,133,17,233
1531,98,18,100,16,232
1532,68,33,100,16,217
1533,101,17,101,14,233
1535,67,17,101,14,199
1536,67,32,102,15,216
1538,100,35,131,18,284
1540,66,35,131,18,250
1541,66,19,131,18,234
1542,6785,17,100,17,6919
1543,52,33,116,16,217
1544,68,31,67,18,184
1545,2000,19,99,16,2134
1546,97,34,66,18,215
1547,100,17,66,18,201
1548,98,34,66,18,216
1549,535,14,53,15,617
1550,550,17,100,17,684
1552,100,34,83,17,234
1553,536,15,199,17,767
1554,1035,34,64,16,1149
1556,66,36,98,17,217
1557,84,31,67,17,199
1558,168,34,83,18,303
1559,52,31,67,17,167
1560,100,34,117,18,269
1561,99,17,117,18,251
1562,298,32,53,15,398
1564,84,17,83,18,202
1565,168,18,65,18,269
1567,51,34,67,14,166
1569,100,18,65,18,201
1570,65,36,65,18,184
1573,52,31,52,14,149
1574,300,35,150,17,502
1575,66,17,66,19,168
1576,83,14,53,15,165
1577,51,32,53,15,151
1578,52,14,53,15,134
1580,85,15,199,17,316
1581,165,16,100,17,298
1583,117,33,100,17,267
1586,167,32,85,17,301
1587,100,17,150,17,284
1588,84,17,150,17,268
1589,84,33,99,18,234
1590,101,32,85,17,235
1591,99,17,85,17,218
1592,68,32,85,17,202
1593,65,17,85,17,184
1594,99,33,117,17,266
1595,152,33,100,17,302
1596,66,33,117,17,233
1598,67,35,200,14,316
1599,550,36,115,16,717
1600,101,34,167,15,317
1602,102,32,68,16,218
1604,99,34,101,15,249
1607,66,18,101,15,200
1608,66,34,67,15,182
1609,534,16,52,14,616
1610,101,34,64,16,215
1611,9667,16,101,16,9800
1614,67,32,65,19,183
1616,150,16,82,17,265
1619,300,16,51,16,383
1621,69,16,82,17,184
1623,52,32,67,17,168
1624,51,16,67,17,151
1625,67,15,99,18,199
1626,66,33,117,16,232
1627,66,17,117,16,216
1629,165,16,133,17,331
1630,550,18,65,17,650
1632,100,33,133,17,283
1633,67,16,51,16,150
1634,64,33,133,17,247
1635,284,34,65,18,401
1636,85,16,52,14,167
1641,1032,19,99,17,1167
1642,99,34,133,18,284
1643,68,15,53,15,151
1644,65,34,133,18,250
1645,100,15,67,17,199
1646,168,32,167,17,384
1647,83,34,65,18,200
1648,53,15,67,17,152
1651,64,18,134,15,231
1652,67,32,167,17,283
1653,67,15,167,17,266
1654,18249,15,69,18,18351
1655,102,14,236,16,368
1657,99,18,65,17,199
1658,66,36,65,17,184
1659,166,17,199,19,401
1660,67,34,99,16,216
1661,65,19,99,16,199
1662,51,19,99,16,185
1664,65,34,199,19,317
1665,101,17,100,15,233
1667,1018,32,101,16,1167
1668,300,34,67,17,418
1670,50,17,116,16,199
1671,65,19,82,16,182
1672,1999,34,299,17,2349
1674,50,17,65,19,151
1675,551,34,67,16,668
1676,165,34,67,17,283
1677,82,35,82,19,218
1679,50,35,82,19,186
1680,51,16,82,19,168
1681,101,16,67,17,201
1682,67,34,67,17,185
1683,548,35,82,16,681
1684,166,33,66,18,283
1685,166,18,66,18,268
1686,101,33,117,15,266
1689,283,34,151,17,485
1691,167,15,52,15,249
1693,81,34,69,16,200
1694,51,14,52,15,132
1695,1034,18,82,17,1151
1696,301,32,101,16,450
1697,299,16,101,16,432
1698,103,31,68,17,219
1700,1034,33,100,16,1183
1701,300,15,136,16,467
1702,101,34,67,16,218
1703,3935,17,98,19,4069
1705,83,34,65,18,200
1707,84,33,98,19,234
1708,101,32,101,16,250
1709,52,33,98,19,202
1710,99,35,82,16,232
1711,66,16,101,16,199
1712,83,17,82,16,198
1713,3936,17,100,17,4070
1714,50,17,82,16,165
1715,300,16,117,17,450
1716,66,35,165,18,284
1718,167,32,101,16,316
1721,117,32,101,16,266
1722,65,36,98,18,217
1724,1034,34,66,16,1150
1727,166,17,133,17,333
1728,149,17,133,17,316
1729,66,16,117,17,216
1731,101,17,133,17,268
1732,52,17,82,17,168
1733,300,18,65,16,399
1734,51,17,133,17,218
1735,67,14,68,17,166
1736,64,35,168,15,282
1737,66,17,168,15,266
1738,66,33,368,16,483
1739,550,33,99,18,700
1740,1035,33,133,17,1218
1741,167,18,65,16,266
1742,84,17,82,15,198
1743,51,34,82,15,182
1744,51,17,82,15,165
1746,51,14,51,15,131
1748,82,15,151,17,265
1749,149,33,66,17,265
1751,67,16,67,17,167
1752,99,33,66,17,215
1753,66,18,82,17,183
1754,168,35,184,15,402
1756,100,33,100,16,249
1757,51,33,68,16,168
1758,99,35,184,15,333
1759,67,17,100,16,200
1760,166,35,132,18,351
1761,66,18,184,15,283
1764,100,35,132,18,285
1765,50,33,119,15,217
1766,65,35,132,18,250
1767,549,34,101,15,699
1768,84,17,99,18,218
1770,101,33,100,16,250
1771,103,15,100,16,234
1772,66,33,100,16,215
1774,51,15,100,16,182
1776,66,34,66,17,183
1777,531,17,99,18,665
1778,51,16,66,17,150
1779,66,16,100,17,199
1780,167,33,167,17,384
1781,65,17,67,17,166
1782,66,34,66,16,182
1783,66,17,66,16,165
1785,84,33,167,17,301
1788,168,31,99,17,315
1789,66,18,299,17,400
1790,67,34,65,16,182
1791,66,18,65,16,165
1794,68,31,99,17,215
1795,52,31,99,17,199
1796,65,34,101,15,215
1797,101,16,133,17,267
1798,65,33,133,17,248
1799,300,18,165,18,501
1800,150,17,99,18,284
1803,65,19,167,15,266
1804,83,17,99,18,217
1805,66,17,99,18,200
1807,51,33,117,16,217
1808,65,35,132,17,249
1810,68,31,51,16,166
1811,65,16,51,16,148
1812,66,36,165,18,285
1813,100,16,134,18,268
1814,67,31,134,18,250
1817,66,17,100,18,201
1819,98,19,51,16,184
1821,551,34,267,17,869
1822,67,33,68,16,184
1823,69,14,68,16,167
1825,9654,32,99,17,9802
1826,101,34,83,16,234
1827,65,17,66,16,164
1828,102,32,67,15,216
1829,66,18,83,16,183
1833,299,18,67,16,400
1834,83,16,67,17,183
1835,84,33,51,18,186
1837,51,33,51,18,153
1839,65,18,66,16,165
1840,84,18,332,16,450
1842,550,16,83,18,667
1845,65,18,66,17,166
1846,65,33,67,16,181
1847,65,18,67,16,166
1848,67,33,86,15,201
1849,151,34,182,18,385
1850,152,15,182,18,367
1851,85,33,68,15,201
1852,100,34,182,18,334
1853,50,33,68,15,166
1854,67,34,182,18,301
1857,51,34,297,17,399
1858,68,32,67,17,184
1860,100,33,67,17,217
1861,68,18,82,18,186
1862,66,33,67,17,183
1863,51,33,67,17,168
1864,100,34,65,18,217
1866,165,33,101,16,315
1867,66,18,65,18,167
1868,150,15,101,16,282
1869,166,15,68,16,265
1870,99,33,101,16,249
1873,149,33,101,15,298
1874,51,15,101,16,183
1876,66,35,134,15,250
1877,65,18,134,15,232
1878,50,18,134,15,217
1879,50,33,101,15,199
1880,1035,34,83,17,1169
1881,552,32,132,19,735
1882,149,18,65,17,249
1883,300,15,101,19,435
1885,85,33,65,17,200
1886,67,33,65,17,182
1887,150,33,102,16,301
1888,166,33,101,16,316
1891,68,15,66,18,167
1893,101,16,101,16,234
1894,64,33,101,16,214
1897,533,17,135,16,701
1898,51,15,101,19,186
1899,66,19,134,15,234
1900,69,32,102,15,218
1901,67,16,102,15,200
1902,52,16,102,15,185
1903,51,33,403,14,501
1904,84,15,100,17,216
1905,83,35,65,17,200
1906,52,15,100,17,184
1907,101,18,99,18,236
1911,67,17,132,19,235
1912,167,30,70,14,281
1913,304,15,132,15,466
1914,286,15,132,15,448
1915,52,32,65,19,168
1916,67,35,63,17,182
1919,53,30,70,14,167
1922,100,31,135,16,282
1923,85,31,135,16,267
1924,70,31,135,16,252
1925,51,31,135,16,233
1926,303,31,135,16,485
1927,72,15,132,15,234
1928,81,16,135,16,248
1929,302,15,68,15,400
1930,151,17,98,19,285
1932,50,14,101,16,181
1935,65,17,98,19,199
1936,166,34,68,15,283
1939,284,32,67,15,398
1940,98,34,68,15,215
1942,65,34,68,15,182
1943,68,15,68,15,166
1944,166,34,131,18,349
1946,52,17,100,17,186
1947,66,17,84,15,182
1948,51,17,84,15,167
1951,84,32,67,15,198
1954,101,32,100,15,248
1955,102,15,100,15,232
1956,3931,33,133,18,4115
1957,164,18,99,16,297
1958,167,33,100,16,316
1959,101,15,68,16,200
1960,82,15,68,16,181
1961,65,15,68,16,164
1963,100,18,100,16,234
1964,83,18,100,16,217
1966,50,18,100,16,184
1967,51,32,68,16,167
1968,65,34,251,16,366
1969,68,16,251,16,351
1973,283,33,100,18,434
1976,68,32,99,18,217
1978,166,34,133,18,351
1979,84,32,135,15,266
1980,66,32,135,15,248
1982,66,33,117,17,233
1983,100,16,133,18,267
1984,550,16,66,17,649
1985,67,16,133,18,234
1987,68,15,100,18,201
1989,67,17,83,16,183
1991,1998,18,83,15,2114
1992,50,17,51,16,134
1993,100,16,151,16,283
1994,165,35,50,16,266
1995,68,16,151,16,251
2000,66,35,50,16,167
2001,99,17,284,14,414
2002,83,17,284,14,398
2003,54,33,284,14,385
2005,167,16,66,18,267
2006,165,34,66,17,282
2007,67,17,65,18,167
2008,98,34,66,18,216
2013,68,16,66,17,167
2014,169,31,103,16,319
2015,534,16,100,17,667
2016,66,34,169,16,285
2018,101,31,103,16,251
2019,301,16,65,18,400
2020,86,14,103,16,219
2021,68,14,103,16,201
2022,100,34,51,15,200
2023,300,15,135,17,467
2025,533,17,100,15,665
2026,68,35,98,17,218
2027,83,31,100,17,231
2028,85,15,100,17,217
2029,301,16,100,17,434
2030,51,15,100,17,183
2031,51,34,133,17,235
2032,163,35,134,16,348
2033,82,33,84,16,215
2034,1035,33,84,17,1169
2035,51,33,84,16,184
2037,99,17,134,16,266
2039,301,17,100,15,433
2041,67,16,101,16,200
2042,86,16,100,17,219
2043,68,16,100,17,201
2044,167,35,148,18,368
2045,100,17,68,16,201
2046,50,17,67,17,151
2047,299,18,66,17,400
2048,67,33,51,17,168
2049,550,33,52,16,651
2050,67,35,148,18,268
2052,166,35,131,20,352
2054,100,33,384,16,533
2055,302,14,83,18,417
2056,65,33,384,16,498
2057,99,18,131,20,268
2058,65,35,131,20,251
2059,67,18,131,20,236
2060,83,18,66,17,184
2061,149,32,135,16,332
2062,50,18,66,17,151
2063,100,17,52,14,183
2065,67,17,52,14,150
2066,66,32,135,16,249
2068,166,34,65,18,283
2069,100,16,100,17,233
2070,99,34,66,17,216
2072,101,34,65,18,218
2074,67,34,65,18,184
2077,301,18,117,17,453
2079,50,33,52,16,151
2080,550,12,54,15,631
2081,67,16,66,19,168
2082,51,16,66,19,152
2083,101,15,67,17,200
2085,101,16,132,16,265
2086,51,15,67,17,150
2087,284,33,66,15,398
2088,67,32,100,16,215
2089,66,16,100,16,198
2091,65,18,117,17,217
2092,67,33,84,17,201
2093,168,17,64,18,267
2095,301,12,54,15,382
2098,23649,17,99,18,23783
2099,68,17,64,18,167
2100,52,17,64,18,151
2101,102,15,68,17,202
2102,301,32,119,15,467
2103,66,15,68,17,166
2104,1032,32,100,18,1182
2106,150,18,82,14,264
2108,119,18,82,14,233
2109,67,12,54,15,148
2110,84,18,82,14,198
2111,69,18,82,14,183
2112,115,18,68,15,216
2113,550,33,118,15,716
2114,54,15,53,14,136
2115,64,18,68,15,165
2116,181,17,165,18,381
2119,67,19,66,17,169
2120,283,16,52,16,367
2121,65,16,52,15,148
2122,51,16,52,15,134
2124,151,14,118,16,299
2125,166,17,85,16,284
2126,52,15,133,18,218
2127,84,32,118,16,250
2128,549,19,65,16,649
2129,1983,34,132,15,2164
2130,100,33,52,16,201
2131,65,17,85,16,183
2132,98,34,101,15,248
2133,98,16,101,15,230
2134,300,33,136,14,483
2136,51,16,101,15,183
2137,50,34,67,15,166
2138,52,16,67,15,150
2139,66,18,102,14,200
2140,101,33,118,15,267
2141,66,17,151,15,249
2142,67,33,118,15,233
2144,1017,16,133,17,1183
2145,67,19,82,15,183
2146,69,30,52,15,166
2147,551,32,68,17,668
2148,165,34,68,16,283
2150,63,34,134,16,247
2151,83,32,70,14,199
2153,50,32,70,14,166
2155,98,19,65,16,198
2157,166,16,100,18,300
2158,70,32,117,16,235
2159,300,16,66,17,399
2160,101,32,100,18,251
2162,97,35,132,18,282
2165,299,19,366,18,702
2166,549,16,168,16,749
2169,300,16,66,19,401
2171,299,16,52,14,381
2172,551,16,133,17,717
2173,534,16,133,17,700
2174,300,33,133,18,484
2175,67,16,68,14,165
2178,302,32,200,16,550
2179,65,19,366,18,468
2180,68,32,50,16,166
2181,534,16,132,19,701
2182,300,33,69,18,420
2183,150,33,133,18,334
2185,68,16,52,14,150
2186,99,33,133,18,283
2187,82,33,133,18,266
2188,66,33,133,18,250
2189,1984,34,98,17,2133
2190,52,14,133,18,217
2191,67,18,97,18,200
2192,69,32,200,16,317
2195,66,16,168,16,266
2196,283,16,132,19,450
2198,152,16,99,17,284
2199,102,16,133,17,268
2201,67,16,133,17,233
2203,51,34,99,17,201
2205,149,35,148,17,349
2206,168,32,99,17,316
2207,298,17,135,14,464
2211,1985,33,148,17,2183
2212,69,32,99,17,217
2213,299,18,98,17,432
2214,101,31,51,17,200
2215,84,31,51,17,183
2216,66,31,51,17,165
2217,535,17,132,15,699
2218,150,15,69,16,250
2219,66,15,66,17,164
2221,99,15,69,16,199
2222,85,15,69,16,185
2223,66,15,69,16,166
2224,169,31,201,17,418
2225,284,34,166,16,500
2228,51,18,98,17,184
2229,100,17,201,17,335
2230,299,34,132,15,480
2233,284,32,67,15,398
2234,298,34,66,15,413
2236,550,17,168,16,751
2237,83,34,166,16,299
2238,51,17,233,15,316
2240,51,17,166,16,250
2241,100,17,66,17,200
2243,66,17,66,17,166
2245,86,32,67,15,200
2246,51,17,132,15,215
2247,51,32,67,15,165
2248,100,33,166,17,316
2249,66,17,66,15,164
2250,167,32,200,15,414
2251,65,17,166,17,265
2252,300,34,67,15,416
2253,300,17,67,15,399
2255,65,20,98,17,200
2256,532,35,66,17,650
2257,53,32,200,15,300
2259,168,17,168,16,369
2261,168,17,67,15,267
2265,66,17,168,16,267
2266,168,32,99,16,315
2268,51,17,67,15,150
2270,67,34,67,16,184
2273,51,32,99,16,198
2274,165,35,67,16,283
2275,51,35,99,16,201
2276,67,31,68,16,182
2277,52,31,68,16,167
2278,284,16,66,19,385
2279,96,19,67,16,198
2280,64,35,67,16,182
2281,83,32,67,17,199
2282,68,32,67,17,184
2283,83,35,66,17,201
2284,168,33,66,19,286
2285,86,32,133,19,270
2286,150,16,66,19,251
2287,150,34,133,18,335
2289,301,16,51,14,382
2290,83,16,66,19,184
2291,67,16,66,19,168
2292,51,16,66,19,152
2293,84,32,50,17,183
2294,84,15,50,17,166
2296,85,16,66,18,185
2298,51,16,66,18,151
2299,65,17,102,17,201
2300,50,17,102,17,186
2302,299,33,152,16,500
2303,169,16,132,16,333
2305,299,17,102,17,435
2306,85,14,102,14,215
2307,100,16,132,16,264
2308,167,32,66,17,282
2309,100,16,67,16,199
2311,98,18,115,19,250
2314,99,33,152,16,300
2315,51,32,66,17,166
2316,150,19,66,17,252
2317,2000,17,66,17,2100
2318,65,33,102,17,217
2319,67,17,102,17,203
2320,66,36,66,17,185
2321,67,19,66,17,169
2322,50,19,66,17,152
2323,102,17,99,18,236
2324,67,35,99,18,219
2325,68,17,99,18,202
2326,66,33,148,17,264
2327,285,33,68,16,402
2330,165,33,52,16,266
2331,164,17,52,16,249
2333,101,16,85,16,218
2335,66,16,85,16,183
2336,66,33,52,16,167
2337,99,17,84,17,217
2338,66,35,84,17,202
2340,85,16,68,16,185
2341,103,15,100,17,235
2342,152,17,65,18,252
2343,68,15,100,17,200
2344,299,33,68,17,417
2345,166,16,235,17,434
2347,50,33,65,18,166
2348,51,17,65,18,151
2349,99,16,235,17,367
2350,98,34,133,16,281
2353,65,16,133,16,230
2356,67,33,67,16,183
2357,1985,31,66,17,2099
2358,167,34,81,18,300
2360,301,33,166,16,516
2362,67,34,66,18,185
2364,68,34,81,18,201
2365,51,34,81,18,184
2366,68,32,67,16,183
2367,301,17,166,15,499
2368,2000,33,64,19,2116
2369,98,18,100,18,234
2371,64,18,100,18,200
2372,67,34,99,17,217
2373,83,33,166,16,298
2374,67,33,166,16,282
2375,552,32,67,16,667
2377,102,15,67,15,199
2378,166,33,50,18,267
2379,100,17,166,15,298
2381,166,18,99,18,301
2382,100,33,50,18,201
2383,551,31,64,19,665
2384,67,33,50,18,168
2385,151,32,51,16,250
2388,166,34,68,15,283
2389,52,34,83,16,185
2390,50,18,83,16,167
2391,151,34,117,15,317
2393,65,18,68,17,168
2394,83,16,68,15,182
2395,82,34,117,15,248
2397,52,34,117,15,218
2398,85,17,83,15,200
2399,67,17,83,15,182
2400,51,17,83,15,166
2401,85,34,135,15,269
2402,66,34,135,15,250
2403,49,34,135,15,233
2404,66,32,67,16,181
2405,68,15,67,16,166
2407,64,17,132,18,231
2408,99,36,62,18,215
2409,65,17,67,17,166
2410,67,36,62,18,183
2412,101,31,52,16,200
2414,67,31,52,16,166
2415,51,31,52,16,150
2416,62,33,68,18,181
2417,65,15,68,18,166
2418,64,35,201,16,316
2419,98,17,67,19,201
2420,101,33,53,14,201
2422,1019,16,68,15,1118
2425,68,16,101,16,201
2426,67,33,68,16,184
2427,299,18,51,13,381
2428,103,32,116,18,269
2429,68,17,98,18,201
2430,69,32,116,18,235
2431,166,15,168,17,366
2432,101,33,133,19,286
2434,98,33,168,17,316
2435,51,33,133,19,236
2439,169,13,53,16,251
2440,50,18,133,17,218
2441,65,18,51,13,147
2442,68,32,133,20,253
2444,65,32,53,16,166
2445,169,14,67,19,269
2446,51,13,53,16,133
2450,87,14,67,19,187
2451,101,14,284,19,418
2452,151,16,65,18,250
2453,283,33,100,17,433
2454,52,14,284,19,369
2456,51,16,100,18,185
2457,98,16,166,18,298
2458,1984,16,132,18,2150
2460,100,34,199,19,352
2461,64,17,101,17,199
2462,65,34,199,19,317
2463,67,16,199,19,301
2465,67,18,133,17,235
2469,168,15,101,16,300
2470,165,34,67,16,282
2473,52,31,66,17,166
2474,151,16,68,15,250
2477,69,15,67,16,167
2478,66,33,68,15,182
2479,66,16,68,15,165
2480,51,16,68,15,150
2481,65,17,168,16,266
2482,67,34,67,15,183
2483,66,18,67,15,166
2484,165,37,265,16,483
2485,148,37,265,16,466
2486,101,30,102,16,249
2487,51,34,67,16,168
2488,67,30,102,16,215
2489,52,30,102,16,200
2491,48,37,265,16,366
2492,83,16,83,18,200
2493,167,18,67,16,268
2495,535,16,117,17,685
2496,65,33,102,16,216
2497,65,17,102,16,200
2502,102,31,69,15,217
2503,535,17,97,18,667
2505,536,14,66,18,634
2508,65,35,66,16,182
2510,102,33,66,16,217
2511,549,34,99,18,700
2512,101,35,97,19,252
2514,15466,33,119,15,15633
2515,67,19,97,19,202
2516,99,33,104,17,253
2518,66,33,104,17,220
2519,83,33,152,17,285
2520,64,33,152,17,266
2523,69,16,117,17,219
2524,284,15,68,16,383
2525,169,17,97,18,301
2526,152,17,97,18,284
2527,298,17,99,18,432
2531,98,14,66,18,196
2532,52,17,97,18,184
2534,53,14,66,18,151
2536,82,15,68,16,181
2537,65,15,68,16,164
2538,100,34,99,18,251
2540,66,34,99,18,217
2541,167,15,400,18,600
2542,102,32,134,16,284
2543,167,17,116,16,316
2544,3934,34,167,15,4150
2547,68,15,400,18,501
2549,99,17,84,16,216
2550,100,34,66,17,217
2552,1035,34,98,18,1185
2553,166,18,100,16,300
2554,66,34,67,17,184
2555,1986,33,116,16,2151
2556,68,32,101,15,216
2557,166,18,150,16,350
2559,67,18,100,16,201
2560,67,32,100,17,216
2561,51,32,100,17,200
2562,52,15,100,17,184
2563,99,19,98,18,234
2564,66,34,98,18,216
2566,100,33,118,15,266
2567,535,15,102,15,667
2572,84,16,132,18,250
2573,67,16,132,18,233
2574,51,16,132,18,217
2575,67,18,65,17,167
2577,300,16,101,17,434
2578,284,16,101,17,418
2579,49,34,168,16,267
2581,66,15,136,16,233
2583,100,18,117,14,249
2584,84,18,117,14,233
2586,152,16,101,17,286
2587,52,31,51,16,150
2588,52,15,51,16,134
2590,66,32,101,17,216
2591,66,16,101,17,200
2592,302,33,133,17,485
2593,168,14,103,16,301
2594,283,17,133,17,450
2595,42276,18,67,15,42376
2596,84,17,82,16,199
2597,65,17,82,16,180
2600,52,14,103,16,185
2602,1017,15,50,18,1100
2603,150,33,132,18,333
2605,168,17,98,18,301
2606,67,33,133,17,250
2607,85,33,132,18,268
2608,102,34,98,18,252
2609,52,33,132,18,235
2611,99,19,100,13,231
2612,67,34,100,13,214
2614,68,32,68,13,181
2615,284,32,67,15,398
2617,551,33,133,17,734
2618,166,31,135,15,347
2620,165,36,99,15,315
2621,64,20,64,19,167
2624,97,36,99,15,247
2625,53,31,135,15,234
2626,64,36,99,15,214
2627,66,17,99,15,197
2629,98,17,67,18,200
2630,100,35,133,17,285
2631,64,17,67,18,166
2633,65,18,133,17,233
2634,67,32,101,17,217
2635,67,17,101,17,202
2636,67,35,66,17,185
2637,68,17,66,17,168
2638,150,16,166,18,350
2639,52,31,102,15,200
2642,66,33,166,18,283
2644,52,16,166,18,252
2645,51,34,334,14,433
2646,534,31,52,16,633
2648,549,19,116,16,700
2649,51,32,67,18,168
2650,84,17,131,19,251
2652,51,17,131,19,218
2653,66,16,119,15,216
2654,67,34,235,15,351
2655,66,16,235,15,332
2656,65,33,52,15,165
2657,67,16,52,15,150
2658,51,16,52,15,134
2660,51,15,50,18,134
2661,165,19,100,16,300
2662,83,18,67,15,183
2663,99,18,133,16,266
2664,102,33,100,16,251
2666,101,34,66,16,217
2667,66,19,100,16,201
2669,3932,18,151,15,4116
2670,100,33,132,18,283
2673,85,31,52,16,184
2674,66,31,52,16,165
2675,51,31,52,16,150
2676,64,36,116,16,232
2677,168,15,51,18,252
2680,52,16,84,16,168
2681,102,15,51,18,186
2682,65,33,51,18,167
2683,100,16,199,17,332
2685,66,16,199,17,298
2686,51,16,199,17,283
2687,84,32,100,17,233
2688,51,18,64,18,151
2691,550,33,51,16,650
2692,64,35,65,17,181
2693,550,33,100,17,700
2694,82,18,65,19,184
2696,152,15,51,17,235
2697,534,16,66,17,633
2698,65,33,51,18,167
2699,67,16,51,18,152
2700,65,34,51,17,167
2701,67,15,51,17,150
2702,169,32,65,20,286
2703,67,18,67,14,166
2704,51,18,67,14,150
2705,66,17,100,17,200
2706,1018,16,100,17,1151
2709,551,31,84,15,681
2710,100,31,102,15,248
2712,66,31,102,15,214
2713,52,31,102,15,200
2714,551,15,101,18,685
2715,100,17,99,18,234
2717,100,16,84,16,216
2718,102,33,51,16,202
2719,82,33,51,16,182
2720,68,33,51,16,168
2722,283,17,132,17,449
2724,84,16,66,17,183
2725,69,16,66,17,168
2727,51,34,82,16,183
2728,50,18,82,16,166
2730,100,32,100,19,251
2735,99,19,64,19,201
2737,7766,17,83,17,7883
2738,69,31,84,15,199
2739,51,31,84,15,181
2740,65,33,51,15,164
2742,150,16,66,17,249
2743,151,33,83,17,284
2744,285,17,99,16,417
2745,283,32,67,16,398
2747,47,36,66,17,166
2748,52,16,66,17,151
2750,87,15,84,17,203
2752,300,32,100,16,448
2753,100,17,66,16,199
2754,50,15,52,17,134
2755,549,36,266,15,866
2757,50,34,99,16,199
2758,52,17,99,16,184
2759,99,17,86,14,216
2760,66,33,86,14,199
2761,65,17,86,14,182
2763,150,34,66,16,266
2764,3918,16,65,17,4016
2766,151,16,67,16,250
2767,534,15,103,15,667
2771,81,33,68,15,197
2774,166,35,50,19,270
2775,65,18,101,15,199
2776,67,34,167,15,283
2777,150,33,166,18,367
2778,68,32,85,19,204
2779,52,32,85,19,188
2780,66,35,50,19,170
2781,85,33,166,18,302
2782,100,36,266,15,417
2783,284,35,83,15,417
2784,68,36,266,15,385
2785,50,36,266,15,367
2786,50,19,266,15,350
2787,150,34,99,17,300
2788,67,31,68,18,184
2789,65,16,68,18,167
2793,102,15,103,15,235
2794,68,33,103,15,219
2795,165,20,115,16,316
2797,51,35,83,15,184
2798,300,35,51,14,400
2799,298,19,51,14,382
2800,51,15,135,17,218
2802,3932,35,66,17,4050
2803,52,30,134,16,232
2804,152,16,68,15,251
2805,167,17,167,17,368
2806,82,16,66,16,180
2809,302,15,100,18,435
2810,1033,34,67,17,1151
2811,168,14,67,17,266
2812,101,30,51,16,198
2814,2001,32,66,18,2117
2815,52,30,51,16,149
2816,65,35,67,17,184
2817,84,32,105,12,233
2818,81,16,105,12,214
2821,98,15,100,18,231
2822,167,32,52,15,266
2823,68,15,100,18,201
2825,551,33,133,15,732
2827,167,15,202,17,401
2828,68,32,52,15,167
2831,68,15,67,18,168
2832,2001,33,133,16,2183
2833,69,15,202,17,303
2834,52,15,202,17,286
2836,67,34,100,16,217
2837,99,17,250,17,383
2838,101,33,68,17,219
2839,102,15,68,17,202
2841,83,33,184,17,317
2842,100,35,64,18,217
2843,50,33,184,17,284
2844,66,35,64,18,183
2845,100,14,51,16,181
2846,68,31,51,16,166
2847,82,33,102,17,234
2848,85,14,102,17,218
2849,50,33,102,17,202
2850,166,31,69,16,282
2851,98,18,166,15,297
2852,102,33,133,15,283
2853,167,15,133,17,332
2855,67,17,133,15,232
2856,68,31,69,16,184
2857,51,31,69,16,167
2859,68,15,133,17,233
2860,51,15,133,17,216
2862,46496,15,68,15,46594
2863,148,34,67,17,266
2865,52,33,67,15,167
2866,99,34,67,17,217
2867,50,33,101,17,201
2869,152,34,82,15,283
2870,100,34,99,17,250
2871,84,34,99,17,234
2873,84,34,82,15,215
2874,84,17,82,15,198
2876,301,32,133,16,482
2877,52,32,99,17,200
2878,99,32,69,16,216
2879,67,15,200,15,297
2880,65,32,69,16,182
2882,50,15,69,16,150
2883,66,15,102,16,199
2886,553,17,82,17,669
2887,66,18,65,15,164
2888,69,33,65,19,186
2890,67,32,133,16,248
2892,299,33,100,18,450
2896,84,17,66,17,184
2900,67,34,151,15,267
2901,301,17,82,17,417
2903,286,31,101,16,434
2904,167,33,52,17,269
2906,300,34,232,18,584
2907,99,17,67,18,201
2909,535,16,100,16,667
2910,66,33,52,17,168
2911,299,18,67,16,400
2912,66,34,66,17,183
2913,551,33,68,14,666
2914,85,17,82,17,201
2915,298,19,116,16,449
2917,151,33,65,17,266
2918,66,34,67,16,183
2920,82,17,232,18,349
2922,51,17,232,18,318
2923,51,33,65,17,166
2924,284,16,100,16,416
2925,301,17,133,14,465
2927,536,15,132,18,701
2928,51,14,101,18,184
2929,66,19,116,16,217
2930,299,34,100,15,448
2931,82,33,102,15,232
2932,152,16,100,16,284
2933,51,33,102,15,201
2934,65,33,134,16,248
2935,100,16,100,16,232
2936,167,33,68,14,282
2938,51,16,100,16,183
2941,99,17,68,14,198
2942,67,33,68,14,182
2943,150,33,133,16,332
2944,166,33,51,15,265
2946,101,33,133,16,283
2947,85,33,133,16,267
2948,68,33,133,16,250
2949,52,33,133,16,234
2952,66,32,101,18,217
2955,83,34,66,16,199
2957,51,34,66,16,167
2958,68,33,151,17,269
2959,100,15,68,17,200
2960,67,33,68,17,185
2961,3932,18,82,17,4049
2962,66,32,86,17,201
2963,66,16,86,17,185
2964,65,36,132,18,251
2965,65,18,132,18,233
2966,284,16,100,16,416
2968,53,16,333,16,418
2969,51,34,98,16,199
2972,99,33,102,15,249
2974,149,16,100,16,281
2975,67,15,102,15,199
2976,66,33,134,16,249
2977,286,31,52,16,385
2978,66,34,100,16,216
2980,167,34,198,17,416
2981,51,35,99,16,201
2982,285,16,65,17,383
2983,150,34,83,16,283
2984,50,16,68,16,150
2985,68,16,68,15,167
2987,66,18,198,17,299
2989,50,34,83,16,183
2990,68,31,52,16,167
2991,52,31,52,16,151
2994,15449,15,103,14,15581
2995,84,33,168,15,300
2996,52,16,65,17,150
2997,51,33,168,15,267
2998,86,14,102,15,217
3000,101,32,83,16,232
3001,64,19,365,16,464
3003,82,34,49,16,181
3006,1032,33,268,15,1348
3007,150,31,100,17,298
3009,552,33,50,15,650
3010,49,16,137,14,216
3011,86,31,100,17,234
3012,82,16,100,17,215
3014,51,16,100,17,184
3015,99,19,63,16,197
3016,66,35,63,16,180
3019,1017,33,117,14,1181
3020,548,17,102,15,682
3022,113,18,101,15,247
3023,99,18,101,15,233
3024,67,34,101,15,217
3026,68,33,168,17,286
3027,168,17,101,17,303
3028,102,33,167,16,318
3029,51,35,65,16,167
3031,99,17,101,17,234
3032,534,33,102,14,683
3033,83,35,66,17,201
3035,51,35,66,17,169
3036,167,31,67,16,281
3037,299,19,217,15,550
3038,151,15,67,16,249
3040,50,16,50,15,131
3041,69,17,98,16,200
3043,66,15,67,16,164
3044,50,15,67,16,148
3045,548,36,66,16,666
3047,66,16,85,16,183
3048,100,35,217,15,367
3050,300,33,268,15,616
3051,65,19,217,15,316
3052,85,16,49,19,169
3053,52,33,49,19,153
3054,153,15,84,15,267
3056,67,34,300,13,414
3058,49,19,300,13,381
3061,51,33,102,14,200
3062,65,33,101,17,216
3063,164,18,65,18,265
3064,66,33,268,15,382
3065,69,15,268,15,367
3066,167,32,167,19,385
3068,166,36,66,16,284
3071,51,33,101,15,200
3072,97,36,66,16,215
3073,51,32,167,19,269
3074,65,36,66,16,183
3075,150,33,83,18,284
3076,68,33,117,14,232
3078,301,32,168,16,517
3079,84,33,83,18,218
3082,66,32,100,16,214
3083,51,32,100,16,199
3084,65,33,67,16,181
3085,301,15,101,15,432
3086,1031,34,51,18,1134
3088,51,18,97,19,185
3089,297,18,100,16,431
3090,301,34,133,15,483
3093,285,31,136,17,469
3094,66,34,168,15,283
3095,69,15,168,15,267
3097,51,34,134,15,234
3098,168,34,133,15,350
3099,98,17,134,16,265
3100,168,31,136,17,352
3101,284,34,50,16,384
3103,1017,30,102,18,1167
3104,67,34,133,15,249
3105,284,34,65,18,401
3106,99,35,101,17,252
3107,52,31,136,17,236
3108,100,32,101,18,251
3109,533,19,64,19,635
3110,66,32,101,18,217
3111,67,16,101,18,202
3112,168,34,65,18,285
3113,151,34,65,18,268
3114,67,34,50,16,167
3116,69,32,67,15,183
3117,52,32,67,15,166
3118,165,36,67,16,284
3119,550,36,232,17,835
3121,65,17,135,16,233
3122,67,32,103,16,218
3123,64,17,103,16,200
3125,67,18,67,16,168
3126,68,32,67,17,184
3127,53,32,67,17,169
3128,7783,18,167,16,7984
3129,85,32,265,18,400
3130,549,18,65,17,649
3132,99,34,51,15,199
3133,51,32,166,17,266
3134,98,35,64,19,216
3136,82,19,64,19,184
3138,50,19,64,19,152
3139,67,15,251,16,349
3140,99,33,67,18,217
3142,64,33,67,18,182
3146,67,33,52,15,167
3147,550,33,200,15,798
3149,168,16,85,14,283
3150,85,15,101,17,218
3151,52,31,101,17,201
3152,52,15,101,17,185
3153,67,16,102,16,201
3155,151,30,102,18,301
3157,283,34,165,18,500
3158,167,32,102,17,318
3159,85,30,102,18,235
3161,300,18,67,16,401
3164,65,32,102,17,216
3165,66,15,102,17,200
3167,100,15,116,18,249
3168,151,14,103,16,284
3169,7782,34,133,22,7971
3170,53,15,116,18,202
3172,84,14,103,16,217
3175,66,18,67,16,167
3176,150,15,52,16,233
3177,65,18,200,15,298
3178,169,33,67,15,284
3180,83,15,52,16,166
3182,100,33,67,15,215
3183,68,17,65,16,166
3184,66,33,67,15,181
3185,67,16,67,15,165
3187,50,32,101,18,201
3188,166,32,100,19,317
3189,83,34,64,18,199
3192,535,34,65,17,651
3193,67,18,82,17,184
3196,98,33,83,17,231
3199,64,17,83,17,181
3201,283,33,68,19,403
3202,66,33,168,18,285
3203,50,33,168,18,269
3204,100,34,100,18,252
3206,67,34,100,18,219
3207,165,17,101,19,302
3208,100,35,51,15,201
3211,166,17,54,15,252
3212,67,33,101,19,220
3214,68,33,68,19,188
3216,51,15,68,19,153
3217,66,17,54,15,152
3218,66,35,99,17,217
3219,83,34,65,17,199
3220,285,17,131,17,450
3221,52,34,65,17,168
3222,54,15,65,17,151
3224,66,33,118,17,234
3225,63,17,118,17,215
3226,65,34,84,17,200
3227,300,17,66,17,400
3228,3932,35,133,15,4115
3229,67,16,52,17,152
3231,299,16,153,15,483
3232,1015,18,68,16,1117
3233,166,17,66,17,266
3234,52,17,131,17,217
3235,101,14,100,17,232
3236,68,32,100,17,217
3238,64,34,66,17,181
3239,100,17,66,17,200
3241,64,17,66,17,164
3242,50,17,66,17,150
3243,284,34,99,17,434
3244,66,33,153,15,267
3245,67,16,153,15,251
3247,551,33,268,16,868
3249,52,32,85,15,184
3250,7769,32,118,15,7934
3252,67,32,100,16,215
3256,50,15,67,16,148
3258,67,33,100,18,218
3259,82,33,67,18,200
3262,66,33,52,15,166
3263,51,33,52,15,151
3265,67,17,101,16,201
3267,152,31,101,17,301
3269,1999,17,67,17,2100
3270,167,33,268,16,484
3271,66,17,231,17,331
3272,68,31,101,17,217
3273,151,33,134,15,333
3274,52,15,101,17,185
3275,65,18,66,17,166
3277,101,15,134,15,265
3278,167,33,202,16,418
3279,283,36,232,15,566
3280,101,31,68,15,215
3281,-54701,0,0,0,-54701
3282,284,19,63,18,384
3283,50,31,68,15,164
3284,66,33,202,16,317
3286,164,36,232,15,447
3287,66,18,101,16,201
3288,169,35,63,18,285
3289,85,32,102,16,235
3290,50,18,68,16,152
3291,285,33,301,14,633
3293,50,36,232,15,333
3294,68,35,63,18,184
3295,69,19,63,18,169
3296,1019,15,53,15,1102
3297,54,31,67,16,168
3298,1032,34,167,17,1250
3299,551,31,68,13,663
3300,63,35,232,16,346
3301,83,33,98,18,232
3304,166,34,67,16,283
3306,1032,33,52,16,1133
3307,284,32,166,18,500
3309,101,16,67,16,200
3310,65,34,67,16,182
3311,84,34,168,14,300
3312,66,34,168,14,282
3314,169,32,166,18,385
3315,99,17,102,14,232
3316,67,33,102,14,216
3317,67,17,102,14,200
3318,66,35,67,14,182
3319,86,32,166,18,302
3321,52,32,166,18,268
3322,52,15,166,18,251
3324,67,32,99,18,216
3326,67,35,64,18,184
3327,148,35,65,18,266
3328,67,31,68,13,179
3330,66,33,69,15,183
3331,82,35,65,18,200
3332,64,35,65,18,182
3333,1985,32,83,17,2117
3334,284,16,67,18,385
3335,168,15,84,16,283
3336,69,31,67,18,185
3342,52,15,84,16,167
3343,67,15,100,18,200
3344,101,32,67,18,218
3345,65,18,65,18,166
3346,68,32,67,18,185
3348,100,34,67,19,220
3349,101,16,67,19,203
3350,65,34,67,19,185
3352,51,16,67,19,153
3353,98,18,66,17,199
3354,52,15,53,15,135
3355,65,18,66,17,166
3356,285,16,66,16,383
3357,68,15,167,17,267
3358,53,15,167,17,252
3360,66,33,67,17,183
3362,65,34,68,17,184
3364,100,35,67,16,218
3366,67,35,67,16,185
3367,84,33,66,16,199
3368,50,18,67,16,151
3369,52,33,66,16,167
3370,7768,31,68,17,7884
3371,166,17,51,15,249
3372,1982,16,100,18,2116
3373,66,16,66,17,165
3374,66,33,67,17,183
3376,65,33,51,15,164
3377,550,31,52,19,652
3378,66,34,66,16,182
3379,166,17,67,17,267
3381,101,16,68,16,201
3383,67,16,68,16,167
3384,66,33,67,17,183
3385,283,34,100,15,432
3386,167,35,100,16,318
3387,66,18,83,17,184
3388,68,32,68,15,183
3393,150,34,100,15,299
3396,101,34,100,15,250
3397,67,16,165,17,265
3398,100,31,69,15,215
3399,101,15,69,15,200
3400,68,31,69,15,183
3401,66,15,69,15,165
3402,50,15,69,15,149
3403,99,19,83,19,220
3404,66,34,83,19,202
3406,69,31,52,19,171
3407,3935,18,65,15,4033
3408,65,36,64,18,183
3409,86,35,131,15,267
3410,67,35,131,15,248
3411,1985,31,167,19,2202
3413,54,29,51,19,153
3415,66,17,67,15,165
3417,85,32,66,17,200
3419,52,32,66,17,167
3420,67,34,83,15,199
3421,85,32,99,17,233
3422,98,34,65,17,214
3423,51,32,99,17,199
3424,100,32,85,17,234
3425,51,34,65,17,167
3427,68,15,85,17,185
3428,301,33,52,15,401
3430,166,34,100,15,315
3431,83,34,166,15,298
3432,168,33,119,15,335
3434,168,34,132,17,351
3435,52,32,67,15,166
3436,167,33,52,15,267
3438,66,33,119,15,233
3439,299,18,68,15,400
3441,84,33,52,15,184
3442,100,32,150,17,299
3443,84,32,150,17,283
3444,99,35,115,17,266
3445,104,15,115,17,251
3447,69,15,115,17,216
3448,52,15,115,17,199
3450,101,33,68,15,217
3451,1032,14,68,16,1130
3452,167,31,102,16,316
3453,65,18,68,15,166
3454,166,35,133,15,349
3455,83,35,84,15,217
3456,550,16,67,17,650
3458,68,31,102,16,217
3459,151,34,66,15,266
3460,66,35,133,15,249
3461,1033,17,66,18,1134
3462,84,15,66,17,182
3463,51,33,66,17,167
3464,53,15,66,17,151
3465,50,34,66,15,165
3466,67,32,135,17,251
3467,81,34,51,15,181
3468,151,15,52,15,233
3469,3933,18,66,18,4035
3470,1983,16,66,16,2081
3473,68,15,52,15,150
3474,51,15,52,15,133
3475,552,34,165,18,769
3477,67,15,67,15,164
3478,52,15,67,15,149
3479,284,33,66,17,400
3480,83,16,233,16,348
3484,100,33,100,18,251
3485,66,16,67,17,166
3489,284,33,166,16,499
3490,67,33,67,16,183
3491,83,33,66,17,199
3492,85,15,66,17,183
3493,102,16,67,16,201
3494,167,34,131,18,350
3495,166,18,131,18,333
3496,99,35,165,18,317
3498,66,35,165,18,284
3500,168,31,101,16,316
3502,69,33,166,16,284
3505,51,34,165,18,268
3506,67,31,101,16,215
3508,65,33,68,16,182
3509,150,33,84,17,284
3510,550,15,101,16,682
3511,101,17,99,18,235
3513,65,17,99,18,199
3515,50,33,84,17,184
3520,168,31,167,19,385
3524,167,34,133,18,352
3527,99,17,100,18,234
3529,66,17,100,18,201
3530,165,33,52,16,266
3532,552,15,85,15,667
3533,84,33,85,16,218
3534,67,33,85,16,201
3537,101,15,101,16,233
3538,51,15,52,16,134
3541,67,16,300,17,400
3542,102,33,133,18,286
3543,65,18,184,14,281
3545,99,16,101,18,234
3546,67,32,101,18,218
3547,67,16,101,18,202
3550,151,14,100,17,282
3551,-59201,0,0,0,-59201
3553,68,17,67,17,169
3554,51,17,67,17,152
3555,68,14,100,17,199
3556,302,32,67,15,416
3557,285,32,67,15,399
3558,50,17,99,16,182
3559,66,16,66,16,164
3560,52,16,66,16,150
3561,299,18,132,18,467
3563,65,17,66,18,166
3564,66,34,100,17,217
3565,65,18,100,17,200
3566,100,36,64,17,217
3567,101,18,64,17,200
3568,66,36,64,17,183
3569,86,32,67,15,200
3570,100,32,134,17,283
3571,100,15,134,17,266
3572,1035,32,52,14,1133
3573,99,18,132,18,267
3574,164,34,101,17,316
3575,67,18,132,18,235
3576,100,32,167,16,315
3577,166,16,68,17,267
3578,68,32,167,16,283
3579,168,16,66,16,266
3582,66,33,68,17,184
3583,102,16,66,16,200
3584,85,16,66,16,183
3586,51,16,66,16,149
3587,101,15,51,15,182
3588,51,17,149,17,234
3589,67,15,51,15,148
3590,51,15,51,15,132
3594,51,15,101,17,184
3595,68,18,99,16,201
3596,68,32,133,16,249
3597,83,33,67,16,199
3598,1036,32,134,18,1220
3599,100,17,165,18,300
3600,549,17,84,14,664
3601,150,35,98,17,300
3602,168,32,134,15,349
3603,83,33,51,16,183
3607,85,32,134,15,266
3608,68,32,134,15,249
3609,102,14,51,17,184
3610,99,34,102,15,250
3612,98,34,166,19,317
3613,99,17,166,19,301
3615,100,16,132,19,267
3619,300,17,133,22,472
3620,100,34,67,16,217
3621,167,16,117,14,314
3622,66,34,67,16,183
3624,66,32,68,15,181
3625,51,32,68,15,166
3627,67,16,117,14,214
3629,151,32,135,15,333
3630,68,32,52,14,166
3632,65,34,133,22,254
3633,83,32,135,15,265
3635,51,32,135,15,233
3636,167,34,65,19,285
3637,150,34,65,19,268
3638,1017,15,102,16,1150
3640,101,34,65,19,219
3641,83,34,65,19,201
3643,284,32,134,18,468
3644,98,32,51,18,199
3645,65,18,67,16,166
3647,112,34,84,15,245
3649,169,17,65,16,267
3650,67,34,84,15,200
3651,84,32,132,17,265
3652,284,18,65,17,384
3655,284,32,269,17,602
3657,52,32,134,18,236
3658,166,35,65,17,283
3660,1031,35,167,15,1248
3661,64,16,169,18,267
3663,64,17,53,15,149
3664,66,35,65,17,183
3665,167,18,98,17,300
3666,51,18,65,17,151
3667,52,33,199,16,300
3668,53,15,199,16,283
3669,51,32,269,17,369
3670,65,35,98,17,215
3671,64,18,98,17,197
3672,67,33,99,16,215
3676,83,15,66,19,183
3678,99,32,70,17,218
3679,64,17,51,16,148
3680,302,31,102,16,451
3681,549,35,67,14,665
3682,553,16,67,14,650
3683,68,16,133,17,234
3684,85,17,66,16,184
3686,53,17,66,16,152
3688,85,16,132,18,251
3689,99,16,100,18,233
3690,50,16,132,18,216
3691,164,17,84,17,282
3692,167,33,136,14,350
3693,99,15,102,16,232
3696,51,15,102,16,184
3701,67,18,66,18,169
3702,302,31,100,17,450
3703,66,17,118,16,217
3704,51,17,118,16,202
3705,102,17,133,14,266
3707,68,17,133,14,232
3708,68,31,102,14,215
3713,52,32,118,15,217
3714,168,32,167,17,384
3715,549,32,234,17,832
3716,1983,17,116,17,2133
3717,167,16,134,17,334
3718,533,33,118,18,702
3722,1036,33,64,19,1152
3723,67,16,134,17,234
3724,65,34,68,15,182
3726,50,17,68,15,150
3727,50,33,101,15,199
3729,285,33,99,17,434
3731,52,32,135,15,234
3733,67,17,65,17,166
3735,551,32,101,17,701
3737,50,32,102,16,200
3739,67,19,232,17,335
3740,68,33,132,17,250
3742,51,18,132,17,218
3743,286,32,132,18,468
3744,98,33,118,18,267
3745,-62434,0,0,0,-62434
3746,65,33,118,18,234
3749,100,16,169,14,299
3752,300,35,83,16,434
3756,533,33,138,16,720
3758,100,35,64,18,217
3759,66,17,67,17,167
3760,100,32,99,17,248
3761,163,17,83,16,279
3762,100,32,101,17,250
3763,167,16,51,16,250
3764,166,34,99,17,316
3765,67,15,101,17,200
3766,82,17,83,16,198
3767,101,16,51,16,184
3768,99,34,99,17,249
3769,7798,19,82,17,7916
3773,83,34,68,14,199
3774,101,32,69,14,216
3778,66,36,164,18,284
3780,68,33,64,19,184
3782,69,31,100,18,218
3783,151,32,168,17,368
3784,97,35,119,15,266
3786,299,34,65,17,415
3788,68,32,168,17,285
3789,101,15,118,17,251
3790,67,33,118,17,235
3792,103,31,165,17,316
3793,167,17,199,19,402
3794,87,15,165,17,284
3795,53,31,165,17,266
3796,100,35,199,19,353
3798,62,35,199,19,315
3799,98,17,65,17,197
3800,83,17,65,17,182
3801,85,31,134,19,269
3802,52,17,65,17,151
3803,101,15,151,16,283
3804,65,34,151,16,266
3805,99,18,65,19,201
3806,15478,30,118,17,15643
3807,86,32,199,18,335
3808,153,16,99,17,285
3809,50,32,199,18,299
3810,50,17,199,18,284
3812,65,35,99,17,216
3813,69,16,99,17,201
3814,300,33,66,16,415
3815,66,16,150,16,248
3816,51,16,150,16,233
3817,165,15,167,16,363
3821,299,18,101,15,433
3822,299,34,101,17,451
3823,67,15,167,16,265
3825,66,16,67,18,167
3827,65,18,51,17,151
3828,68,33,66,16,183
3830,52,15,66,16,149
3832,51,17,116,17,201
3833,50,31,68,17,166
3834,552,15,84,18,669
3836,99,34,132,17,282
3837,51,34,101,17,203
3838,85,17,132,17,251
3839,86,33,51,17,187
3841,51,33,51,17,152
3843,84,34,64,18,200
3844,165,35,65,18,283
3846,99,33,100,18,250
3847,53,31,68,16,168
3849,65,16,100,18,199
3853,51,32,134,18,235
3854,151,18,132,17,318
3855,66,16,166,17,265
3856,83,17,131,17,248
3857,67,17,131,17,232
3859,51,34,132,17,234
3860,152,14,52,18,236
3861,101,15,84,18,218
3865,68,14,52,18,152
3867,64,18,251,17,350
3868,67,35,132,15,249
3869,66,18,132,15,231
3870,286,17,81,17,401
3871,103,16,66,15,200
3873,68,16,66,15,165
3875,102,16,133,17,268
3876,151,17,65,17,250
3877,150,33,81,17,281
3879,65,17,101,17,200
3880,84,17,65,17,183
3881,283,32,135,14,464
3882,51,17,65,17,150
3884,301,34,67,14,416
3885,50,32,66,17,165
3887,98,17,100,19,234
3888,166,32,135,14,347
3889,535,15,103,14,667
3890,66,34,66,19,185
3891,66,17,66,19,168
3892,549,17,100,16,682
3894,86,14,135,14,249
3895,151,33,65,18,267
3897,101,17,67,14,199
3898,284,17,130,18,449
3899,3915,32,302,16,4265
3900,101,34,98,19,252
3901,298,19,63,18,398
3902,167,32,67,17,283
3903,50,34,98,19,201
3904,98,35,150,15,298
3905,52,31,67,19,169
3907,67,17,150,15,249
3911,68,17,130,18,233
3912,51,17,130,18,216
3913,1033,19,233,16,1301
3914,536,33,66,15,650
3915,65,19,63,18,165
3916,67,30,103,14,214
3918,51,15,103,14,183
3919,100,17,100,16,233
3921,66,17,100,16,199
3924,102,33,117,18,270
3925,152,31,100,18,301
3927,51,33,117,18,219
3928,65,35,66,16,182
3929,51,35,66,16,168
3930,99,35,284,15,433
3931,53,31,100,18,202
3932,66,35,284,15,400
3933,66,19,284,15,384
3934,299,32,102,17,450
3935,52,34,100,16,202
3936,169,33,66,15,283
3937,1035,18,98,18,1169
3939,100,18,64,18,200
3940,65,35,64,18,182
3941,66,18,64,18,166
3942,69,33,66,15,183
3943,150,32,102,17,301
3945,100,17,51,15,183
3946,99,32,102,17,250
3947,66,17,51,15,149
3949,52,32,102,17,203
3950,169,33,66,16,284
3951,533,18,65,18,634
3952,51,15,85,16,167
3953,51,32,135,16,234
3955,548,35,98,18,699
3956,68,33,66,16,183
3957,51,33,66,16,166
3959,51,31,100,19,201
3961,65,17,132,17,231
3962,98,33,67,17,215
3963,51,32,52,14,149
3964,67,33,67,17,184
3965,1034,16,101,16,1167
3966,65,33,134,17,249
3967,100,16,50,17,183
3969,67,16,50,17,150
3972,84,17,67,17,185
3974,50,17,67,17,151
3976,64,34,51,16,165
3977,300,17,84,18,419
3978,67,35,65,18,185
3979,85,32,84,15,216
3980,152,17,98,18,285
3981,301,18,98,18,435
3982,51,16,84,15,166
3984,100,31,100,18,249
3986,68,31,100,18,217
3987,52,31,100,18,201
3990,65,33,84,18,200
3991,550,32,52,16,650
3994,102,33,65,18,218
3995,551,34,67,16,668
3997,51,33,65,18,167
3999,101,15,67,17,200
4000,65,33,67,17,182
4001,68,15,67,17,167
4002,149,16,166,18,349
4003,101,16,117,17,251
4004,1035,33,233,15,1316
4005,3916,34,67,15,4032
4006,84,16,166,18,284
4008,50,16,166,18,250
4009,66,16,51,17,150
4010,99,35,100,15,249
4011,549,35,100,14,698
4013,67,17,100,15,199
4015,52,34,132,18,236
4020,1999,32,68,16,2115
4021,167,17,51,17,252
4022,50,17,52,16,135
4024,66,34,67,16,183
4026,52,16,67,16,151
4027,548,34,69,16,667
4029,533,15,69,16,633
4031,169,15,68,15,267
4032,152,15,68,15,250
4033,102,16,66,18,202
4035,101,15,68,15,199
4036,84,15,68,15,182
4038,168,35,67,14,284
4040,66,35,100,14,215
4041,548,34,167,17,766
4042,51,17,100,14,182
4043,52,32,102,14,200
4045,66,18,67,14,165
4046,167,32,84,17,300
4047,52,33,67,16,168
4048,167,32,103,16,318
4049,51,34,97,19,201
4050,67,33,64,19,183
4051,51,33,64,19,167
4052,67,32,84,17,200
4053,552,33,166,18,769
4054,65,32,103,16,216
4055,299,18,101,15,433
4056,83,15,69,16,183
4058,300,34,67,15,416
4060,52,17,131,16,216
4061,65,19,97,16,197
4062,166,34,101,15,316
4063,67,17,233,15,332
4064,67,31,117,18,233
4065,52,31,117,18,218
4066,97,34,101,15,247
4068,148,18,67,15,248
4071,1019,32,68,14,1133
4072,84,18,67,15,184
4076,51,16,66,17,150
4077,51,34,132,18,235
4079,149,33,268,16,466
4081,68,17,134,15,234
4083,3936,15,85,15,4051
4085,284,34,66,18,402
4086,166,33,51,17,267
4087,165,17,51,17,250
4089,84,32,84,17,217
4093,101,16,101,16,234
4095,68,16,101,16,201
4096,84,17,67,16,184
4097,51,34,67,16,168
4099,50,34,66,18,168
4100,165,34,102,15,316
4101,66,18,132,18,234
4103,52,33,65,16,166
4104,165,34,184,14,397
4105,100,16,102,15,233
4106,64,34,102,15,215
4107,1033,17,66,16,1132
4108,548,17,68,16,649
4109,99,16,184,14,313
4110,68,34,184,14,300
4111,301,15,51,17,384
4112,167,33,85,15,300
4113,101,18,65,18,202
4115,65,18,65,18,166
4116,67,32,85,14,198
4117,168,14,70,15,267
4118,65,33,85,15,198
4120,98,33,70,15,216
4122,66,33,70,15,184
4123,67,14,70,15,166
4124,52,14,70,15,151
4126,52,15,51,17,135
4127,166,18,98,16,298
4128,170,32,133,17,352
4129,83,32,302,16,433
4130,51,17,68,14,150
4131,51,32,302,16,401
4132,100,32,133,17,282
4133,283,33,67,18,401
4134,68,32,133,17,250
4135,99,17,68,16,200
4136,100,34,133,16,283
4137,65,17,68,16,166
4138,532,32,69,15,648
4141,67,18,50,16,151
4143,51,33,101,16,201
4145,51,33,100,18,202
4147,168,16,83,16,283
4148,66,35,98,18,217
4149,65,19,98,18,200
4150,68,32,84,16,200
4151,99,16,83,16,214
4154,66,32,51,16,165
4155,67,15,51,16,149
4157,66,16,67,17,166
4159,66,16,67,17,166
4160,101,33,135,15,284
4162,67,33,135,15,250
4163,67,16,135,15,233
4164,101,32,69,15,217
4165,67,17,66,16,166
4166,67,32,69,15,183
4167,50,32,69,15,166
4168,301,33,66,18,418
4169,99,19,117,14,249
4170,66,35,117,14,232
4171,282,31,103,16,432
4174,2000,35,200,16,2251
4175,100,17,132,18,267
4177,3919,36,96,16,4067
4179,149,31,103,16,299
4180,52,14,68,17,151
4181,167,17,68,16,268
4183,82,31,103,16,232
4184,1036,33,65,17,1151
4185,100,17,68,16,201
4187,101,15,68,16,200
4190,169,33,66,17,285
4191,50,35,134,14,233
4192,68,33,66,17,184
4194,101,33,66,17,217
4195,66,17,68,14,165
4196,99,35,99,17,250
4197,66,17,66,17,166
4199,550,33,235,15,833
4200,68,31,85,15,199
4203,149,36,65,17,267
4204,65,34,150,17,266
4205,166,17,102,16,301
4206,1035,32,102,14,1183
4208,285,15,68,15,383
4209,537,16,67,15,635
4210,150,17,65,19,251
4211,2001,14,66,17,2098
4213,85,34,65,19,203
4214,65,34,65,19,183
4215,101,18,51,15,185
4217,100,16,102,15,233
4218,67,32,102,15,216
4219,66,16,102,15,199
4221,69,15,68,15,167
4222,51,15,68,15,149
4223,68,17,83,15,183
4225,64,19,133,16,232
4226,300,35,98,17,450
4227,549,34,132,16,731
4228,83,15,235,15,348
4229,286,33,65,17,401
4230,99,34,82,17,232
4231,67,17,50,17,151
4232,67,34,82,17,200
4236,168,33,65,17,283
4237,52,34,67,15,168
4239,99,19,98,17,233
4240,101,33,65,17,216
4243,85,33,100,15,233
4244,68,33,100,15,216
4245,85,32,100,16,233
4246,98,34,66,16,214
4247,166,17,68,16,267
4249,166,18,67,15,266
4250,66,34,100,16,216
4251,101,17,68,16,202
4252,68,32,68,16,184
4253,151,33,67,15,266
4254,1984,15,102,18,2119
4255,66,18,67,15,166
4256,100,33,67,15,215
4257,168,17,98,18,301
4259,52,33,67,15,167
4260,50,17,67,15,149
4262,67,33,98,18,216
4265,300,18,51,15,384
4267,65,18,68,14,165
4268,66,32,101,17,216
4269,66,17,101,17,201
4270,66,36,166,17,285
4271,86,31,68,15,200
4272,68,31,68,15,182
4274,50,17,68,15,150
4276,82,17,67,17,183
4278,302,31,52,17,402
4280,67,34,132,17,250
4281,84,32,135,16,267
4283,52,32,135,16,235
4284,1033,33,133,18,1217
4286,67,33,67,16,183
4287,67,16,67,16,166
4288,100,35,200,16,351
4289,165,19,98,17,299
4290,100,31,52,17,200
4293,99,19,98,17,233
4295,85,33,167,15,300
4296,548,18,98,17,681
4297,84,31,136,15,266
4298,100,34,169,15,318
4300,64,34,169,15,282
4301,99,18,99,17,233
4303,151,32,67,18,268
4308,67,32,67,18,184
4309,283,33,166,18,500
4311,86,32,118,15,251
4312,299,32,66,17,414
4315,168,15,67,18,268
4316,65,32,53,15,165
4317,299,16,134,16,465
4318,65,36,197,17,315
4320,68,32,67,18,185
4321,169,14,66,17,266
4323,51,33,166,18,268
4324,65,34,98,17,214
4326,67,32,66,17,182
4327,166,17,52,15,250
4328,84,14,68,18,184
4329,100,16,134,16,266
4331,97,17,52,15,181
4332,152,15,100,18,285
4336,168,33,133,18,352
4337,167,17,133,18,335
4338,52,15,100,18,185
4339,549,33,102,18,702
4340,550,15,102,18,685
4342,100,34,66,17,217
4343,66,17,133,18,234
4345,69,16,66,17,168
4347,51,35,64,18,168
4348,69,31,135,16,251
4349,166,16,51,15,248
4350,66,33,118,15,232
4351,166,19,66,15,266
4354,51,15,201,16,283
4357,84,31,67,19,201
4358,69,31,67,19,186
4360,101,32,67,18,218
4361,151,33,135,18,337
4362,66,32,67,18,183
4363,101,15,66,18,200
4364,167,35,67,18,287
4365,84,33,135,18,270
4366,51,15,66,18,150
4367,102,15,102,18,237
4368,300,34,99,18,451
4370,66,35,67,18,186
4371,552,33,137,11,733
4374,70,32,98,19,219
4376,67,31,200,18,316
4379,51,35,202,14,302
4380,166,34,68,14,282
4381,99,15,99,18,231
4382,67,34,99,18,218
4383,68,15,99,18,200
4385,51,34,65,18,168
4386,102,31,102,16,251
4387,65,18,68,14,165
4389,101,19,81,15,216
4390,65,37,81,15,198
4391,67,19,81,15,182
4392,68,30,51,15,164
4394,51,16,51,15,133
4397,288,29,199,16,532
4398,51,15,69,15,150
4400,67,33,137,11,248
4401,152,33,65,16,266
4404,66,35,69,11,181
4405,51,35,69,11,166
4406,548,18,133,15,714
4407,53,33,65,16,167
4408,68,36,96,16,216
4411,98,16,68,17,199
4412,65,32,68,17,182
4413,67,16,68,17,168
4414,163,33,151,14,361
4415,152,33,151,14,350
4417,302,14,133,17,466
4419,51,34,98,19,202
4420,50,17,98,19,184
4421,51,33,151,14,249
4422,550,18,65,16,649
4424,150,15,68,15,248
4425,100,14,200,17,331
4427,66,14,200,17,297
4428,1033,35,333,15,1416
4429,69,15,68,15,167
4430,86,14,133,17,250
4431,98,18,98,17,231
4432,53,14,133,17,217
4434,101,35,65,16,217
4435,82,35,65,16,198
4437,51,35,65,16,167
4438,68,30,101,17,216
4439,53,30,101,17,201
4442,65,33,166,18,282
4443,299,18,66,16,399
4444,68,33,218,15,334
4445,66,18,218,15,317
4446,1034,32,100,18,1184
4448,101,34,65,16,216
4449,102,18,65,16,201
4450,1034,32,84,16,1166
4451,67,18,65,16,166
4452,51,18,65,16,150
4453,51,31,85,15,182
4454,150,15,69,14,248
4455,67,16,100,16,199
4457,66,18,66,16,166
4458,68,32,69,14,183
4460,100,35,50,14,199
4461,50,34,67,18,169
4465,282,33,100,19,434
4467,51,32,51,18,152
4468,50,14,51,18,133
4469,3941,6,64,16,4027
4470,66,35,65,18,184
4471,83,32,51,15,181
4472,51,18,65,18,152
4473,82,33,102,15,232
4474,535,33,98,17,683
4475,50,33,102,15,200
4477,67,15,100,17,199
4480,102,31,102,16,251
4481,84,31,102,16,233
4482,100,33,334,17,484
4483,99,16,334,17,466
4484,100,35,333,15,483
4485,68,16,334,17,435
4486,64,35,333,15,447
4487,68,16,333,15,432
4488,166,34,135,16,351
4489,285,33,98,17,433
4490,69,32,134,16,251
4491,66,16,134,16,232
4492,66,32,53,15,166
4493,301,17,66,18,402
4495,66,16,135,16,233
4497,99,18,217,16,350
4498,1036,32,134,16,1218
4499,66,18,217,16,317
4500,102,33,98,17,250
4501,65,18,99,15,197
4502,101,32,100,18,251
4503,52,33,98,17,200
4504,99,34,66,18,217
4505,51,32,100,18,201
4506,165,34,66,16,281
4507,67,17,66,18,168
4508,150,16,66,16,248
4509,284,33,167,16,500
4510,150,16,202,15,383
4512,66,34,66,16,182
4513,167,19,133,15,334
4517,150,33,167,16,366
4518,66,35,133,15,249
4520,84,18,200,16,318
4521,50,33,200,16,299
4522,101,32,50,18,201
4523,52,33,167,16,268
4524,66,32,50,18,166
4525,51,32,50,18,151
4526,65,35,66,18,184
4527,99,18,117,15,249
4528,167,32,135,16,350
4530,50,18,117,15,200
4533,51,34,50,15,150
4536,66,33,118,15,232
4538,50,15,118,15,198
4540,67,33,153,15,268
4542,67,35,118,15,235
4543,67,19,118,15,219
4545,3909,16,121,29,4075
4546,99,34,102,16,251
4547,100,17,102,16,235
4548,167,33,98,18,316
4549,102,15,198,17,332
4550,67,35,198,17,317
4551,69,15,198,17,299
4552,302,34,132,17,485
4553,52,34,65,18,169
4554,284,18,132,17,451
4555,63,19,98,18,198
4556,67,32,134,16,249
4557,52,32,134,16,234
4559,167,18,133,15,333
4560,1016,15,101,16,1148
4561,51,31,201,15,298
4562,99,35,133,15,282
4565,100,18,132,17,267
4566,68,34,132,17,251
4567,66,18,132,17,233
4568,2001,35,65,18,2119
4569,151,33,68,15,267
4571,1016,34,118,15,1183
4572,67,32,101,15,215
4573,83,33,68,15,199
4574,66,33,68,15,182
4575,300,18,67,16,401
4576,82,16,66,18,182
4577,66,16,66,18,166
4578,50,16,66,18,150
4581,100,17,100,15,232
4582,66,35,100,15,216
4583,67,17,100,15,199
4584,100,32,67,15,214
4585,85,32,67,15,199
4587,2026,33,85,17,2161
4588,3958,18,84,14,4074
4589,67,18,67,16,168
4590,66,33,65,18,182
4591,166,18,65,18,267
4593,301,16,50,16,383
4594,67,31,53,16,167
4595,101,18,65,18,202
4596,166,33,51,16,266
4597,169,15,51,16,251
4599,549,34,118,15,716
4601,51,32,150,16,249
4603,66,15,51,16,148
4605,167,16,301,19,503
4606,66,34,50,16,166
4607,66,16,50,16,148
4608,299,35,100,19,453
4609,68,15,52,15,150
4610,52,15,52,15,134
4611,283,34,66,19,402
4612,151,15,101,16,283
4613,67,15,85,15,182
4614,85,15,168,15,283
4615,283,34,118,15,450
4616,52,15,168,15,250
4621,298,18,67,16,399
4623,82,34,66,19,201
4624,167,33,85,15,300
4625,1035,16,100,18,1169
4628,167,33,67,16,283
4629,50,34,118,15,217
4630,66,33,85,15,199
4631,51,33,85,15,184
4632,53,14,85,15,167
4633,99,18,67,16,200
4634,100,33,135,15,283
4635,114,34,233,18,399
4636,67,33,135,15,250
4638,66,34,233,18,351
4641,532,16,84,16,648
4642,100,35,99,17,251
4644,101,33,99,18,251
4645,150,34,67,17,268
4646,101,32,67,18,218
4647,83,32,67,18,200
4648,151,16,167,17,351
4649,51,32,67,18,168
4650,166,33,67,15,281
4652,83,16,167,17,283
4653,65,16,167,17,265
4654,101,33,67,15,216
4656,67,33,67,15,182
4657,282,33,136,15,466
4658,51,16,67,15,149
4659,549,33,51,14,647
4660,100,33,67,16,216
4662,67,33,67,16,183
4663,1029,31,100,17,1177
4664,67,32,51,16,166
4666,100,32,84,16,232
4667,286,31,51,18,386
4668,83,16,84,16,199
4669,300,16,100,18,434
4670,51,16,84,16,167
4671,50,33,136,15,234
4673,66,18,67,16,167
4674,68,32,134,17,251
4675,152,31,51,18,252
4676,51,16,134,17,218
4677,67,18,65,18,168
4678,67,34,216,14,331
4679,526,34,51,17,628
4680,151,18,65,18,252
4682,65,34,100,18,217
4683,527,34,150,14,725
4684,82,18,65,18,183
4686,101,33,51,14,199
4687,99,17,51,14,181
4688,151,14,195,16,376
4689,1075,18,99,17,1209
4690,3942,34,66,17,4059
4691,84,32,195,16,327
4692,51,15,68,16,150
4694,51,14,195,16,276
4695,172,6,64,16,258
4696,68,89,120,17,294
4697,66,73,120,17,276
4698,125,6,64,16,211
4701,73,6,64,16,159
4702,86,34,51,17,188
4703,80,34,51,17,182
4704,66,34,51,17,168
4705,151,33,283,15,482
4708,85,17,150,14,266
4710,51,17,150,14,232
4711,51,33,283,15,382
4714,150,14,100,17,281
4716,166,32,85,15,298
4718,67,31,100,17,215
4719,101,17,102,30,250
4721,101,15,85,15,216
4723,66,15,85,15,181
4724,100,37,64,18,219
4725,99,20,64,18,201
4726,65,37,64,18,184
4727,65,20,64,18,167
4728,85,15,118,17,235
4729,99,16,84,17,216
4731,68,16,84,17,185
4732,148,17,83,16,264
4733,100,15,201,18,334
4735,67,15,201,18,301
4737,66,17,83,16,182
4741,67,16,66,16,165
4742,66,33,85,16,200
4743,50,33,85,16,184
4745,66,16,52,16,150
4750,52,16,100,14,182
4753,1032,16,267,16,1331
4754,284,15,68,15,382
4759,300,16,121,29,466
4760,165,34,68,15,282
4761,53,32,118,15,218
4762,1034,34,231,19,1318
4763,284,33,168,16,501
4766,85,15,68,15,183
4768,84,15,66,18,183
4770,52,15,66,18,151
4771,64,19,152,29,264
4772,83,16,121,29,249
4773,65,16,121,29,231
4774,1017,18,64,19,1118
4775,171,47,67,16,301
4776,152,47,67,16,282
4777,101,15,234,17,367
4778,52,15,168,16,251
4779,103,47,67,16,233
4780,87,47,67,16,217
4783,65,18,67,16,166
4784,102,33,133,17,285
4785,63,18,67,16,164
4787,168,16,99,18,301
4788,283,15,118,16,432
4789,85,32,84,16,217
4791,100,16,99,18,233
4792,550,17,231,19,817
4793,67,16,99,18,200
4794,65,34,65,18,182
4795,66,17,65,18,166
4796,283,16,50,18,367
4797,100,15,67,18,200
4799,67,15,67,18,167
4804,85,15,51,16,167
4805,67,15,51,16,149
4806,52,15,51,16,134
4808,302,33,134,15,484
4810,51,16,50,18,135
4811,68,16,267,16,367
4814,85,17,100,16,218
4815,67,17,100,16,200
4816,168,33,134,15,350
4818,167,31,269,17,484
4820,66,34,231,19,350
4821,66,17,231,19,333
4823,2001,16,66,19,2102
4825,100,16,100,17,233
4826,99,34,365,17,515
4827,99,18,365,17,499
4828,66,34,365,17,482
4829,99,18,64,19,200
4831,66,18,64,19,167
4833,52,32,51,17,152
4834,165,35,66,17,283
4835,67,15,67,17,166
4836,64,36,83,15,198
4837,151,32,51,18,252
4838,99,35,66,17,217
4840,67,35,66,17,185
4841,83,32,51,18,184
4842,66,32,51,18,167
4845,67,17,67,15,166
4847,84,32,132,16,264
4849,52,32,132,16,232
4850,67,32,67,16,182
4853,83,34,67,18,202
4855,100,17,52,16,185
4856,152,16,103,30,301
4857,301,16,68,17,402
4859,102,16,103,30,251
4861,69,16,103,30,218
4862,535,34,116,16,701
4864,67,33,100,16,216
4867,166,18,132,18,334
4868,1034,33,67,15,1149
4870,67,33,68,17,185
4871,66,16,68,17,167
4872,63,34,132,18,247
4873,66,18,132,18,234
4874,67,34,116,16,233
4877,52,34,64,18,168
4881,65,16,101,18,200
4882,64,34,67,18,183
4883,67,16,67,18,168
4884,284,16,50,18,368
4885,1019,30,186,16,1251
4887,66,17,99,19,201
4888,85,16,98,18,217
4889,84,34,116,16,250
4890,101,31,85,16,233
4892,300,34,200,15,549
4893,66,15,85,16,182
4894,98,34,50,18,200
4895,68,14,84,18,184
4896,64,34,50,18,166
4898,51,16,50,18,135
4899,66,16,201,15,298
4900,84,18,167,15,284
4902,50,18,167,15,250
4903,101,15,134,16,266
4904,100,34,200,15,349
4906,300,34,66,17,417
4907,65,18,200,15,298
4909,66,16,67,16,165
4911,100,18,100,15,233
4912,67,33,100,15,215
4913,165,18,65,19,267
4914,67,33,67,15,182
4915,84,32,100,19,235
4917,51,32,100,19,202
4918,165,35,167,16,383
4919,66,18,65,19,168
4920,167,33,67,15,282
4921,85,31,85,17,218
4922,100,35,167,16,318
4923,52,31,85,17,185
4924,1050,16,52,15,1133
4925,102,16,67,15,200
4927,298,19,66,15,398
4930,50,17,66,17,150
4931,66,17,67,16,166
4932,100,34,65,17,216
4933,65,18,151,14,248
4934,100,31,86,14,231
4935,67,17,65,17,166
4937,52,31,86,14,183
4939,66,16,66,19,167
4940,300,33,101,15,449
4942,86,14,186,16,302
4943,101,17,53,30,201
4945,151,33,133,16,333
4946,531,33,99,19,682
4949,70,46,133,16,265
4951,51,33,133,16,233
4952,168,33,118,15,334
4954,67,33,101,15,216
4955,282,33,134,16,465
4956,51,16,101,15,183
4957,1984,19,63,17,2083
4958,83,16,118,15,232
4960,50,16,118,15,199
4962,151,15,84,16,266
4964,68,34,99,16,217
4965,86,31,84,16,217
4966,166,32,67,16,281
4967,3932,19,65,17,4033
4968,149,16,67,16,248
4969,301,16,52,15,384
4970,99,32,67,16,214
4972,84,16,67,16,183
4973,-82945,0,0,0,-82945
4974,100,34,118,14,266
4976,65,34,118,14,231
4977,67,16,118,14,215
4978,51,16,118,14,199
4980,66,33,53,14,166
4981,100,16,52,15,183
4982,65,35,52,15,167
4985,68,14,99,21,202
4987,68,15,64,21,168
4988,167,34,199,16,416
4989,64,18,85,16,183
4992,50,14,54,16,134
4996,103,34,66,17,220
4997,64,18,100,17,199
4998,67,34,66,17,184
4999,65,18,66,17,166
5000,67,31,202,16,316
5001,550,34,66,18,668
5002,100,34,167,15,316
5004,1033,34,199,16,1282
5006,101,34,67,16,218
5007,51,32,68,14,165
5010,299,33,66,17,415
5011,284,33,66,17,400
5013,101,18,199,15,333
5014,67,34,199,15,315
5018,67,33,82,17,199
5019,84,32,67,18,201
5020,66,32,67,18,183
5021,51,32,67,18,168
5022,1033,32,133,18,1216
5024,82,17,66,17,182
5025,51,33,66,17,167
5026,2001,32,51,17,2101
5027,552,31,68,15,666
5029,166,17,101,16,300
5032,66,33,85,14,198
5034,100,36,131,17,284
5035,101,18,131,17,267
5036,102,30,68,18,218
5038,69,30,68,18,185
5039,53,30,68,18,169
5040,1035,33,166,16,1250
5041,548,36,82,17,683
5042,98,33,52,14,197
5043,65,17,67,18,167
5044,153,14,69,15,251
5045,164,19,67,15,265
5048,67,32,69,15,183
5049,150,34,65,16,265
5050,52,14,69,15,150
5053,64,19,133,15,231
5054,2001,33,149,18,2201
5055,52,34,65,16,167
5056,98,34,68,16,216
5060,99,34,199,16,348
5061,66,18,67,15,166
5062,68,34,199,16,317
5064,68,33,119,29,249
5065,85,33,67,19,204
5066,167,19,63,17,266
5067,152,19,63,17,251
5068,66,31,201,16,314
5070,100,19,63,17,199
5073,281,34,51,15,381
5076,66,33,132,17,248
5077,63,17,132,17,229
5078,167,32,67,18,284
5079,1035,16,99,18,1168
5082,100,32,67,18,217
5083,50,34,66,17,167
5084,98,34,51,15,198
5085,50,32,67,18,167
5086,535,33,49,16,633
5087,552,33,201,15,801
5088,548,19,201,15,783
5095,66,18,99,16,199
5096,168,33,100,16,317
5098,67,33,166,16,282
5099,84,33,66,18,201
5102,-85095,0,0,0,-85095
5103,66,17,100,16,199
5104,1032,34,68,15,1149
5105,100,16,233,17,366
5108,51,16,233,17,317
5109,67,17,101,14,199
5110,168,33,201,15,417
5112,67,34,66,16,183
5114,284,16,151,16,467
5115,150,34,68,16,268
5116,67,33,201,15,316
5119,166,18,67,15,266
5120,49,16,102,16,183
5121,102,16,133,17,268
5122,83,16,133,17,249
5123,550,33,100,17,700
5124,102,32,151,16,301
5125,300,18,98,18,434
5126,84,16,151,16,267
5127,67,16,151,16,250
5128,51,16,151,16,234
5129,50,35,82,16,183
5131,51,31,51,16,149
5132,550,16,68,16,650
5137,68,16,99,18,201
5138,101,33,65,18,217
5139,99,18,65,18,200
5140,550,17,67,16,650
5141,166,17,199,17,399
5144,2000,33,100,16,2149
5145,50,33,69,15,167
5146,83,17,199,17,316
5148,300,34,68,15,417
5149,1999,17,101,16,2133
5150,51,18,217,15,301
5151,51,32,185,15,283
5152,99,33,67,17,216
5153,150,33,52,15,250
5154,65,33,67,17,182
5157,84,33,52,15,184
5158,100,33,68,16,217
5159,550,34,167,14,765
5160,67,33,68,16,184
5161,101,15,68,15,199
5162,66,34,68,15,183
5163,69,15,68,15,167
5164,52,15,68,15,150
5165,50,34,66,18,168
5167,165,17,100,15,297
5168,68,32,67,16,183
5169,551,34,65,17,667
5172,50,15,149,18,232
5176,67,19,63,18,167
5177,83,34,100,16,233
5178,534,33,100,16,683
5179,99,18,67,16,200
5181,63,18,67,16,164
5182,167,34,167,14,382
5183,85,33,67,18,203
5184,50,17,118,15,200
5185,52,33,67,18,170
5187,150,34,66,15,265
5188,1033,33,134,15,1215
5190,85,15,100,15,215
5191,51,33,100,15,199
5192,101,31,101,17,250
5193,166,19,65,17,267
5196,65,35,66,17,183
5197,68,16,66,17,167
5198,66,34,65,17,182
5199,98,18,50,18,184
5201,99,16,51,17,183
5202,66,33,51,17,167
5203,1035,17,100,16,1168
5205,168,17,134,16,335
5206,50,18,65,17,150
5207,84,32,101,16,233
5208,168,33,99,18,318
5209,51,32,101,16,200
5210,65,34,134,16,249
5211,66,17,134,16,233
5212,1033,34,66,15,1148
5215,151,32,134,16,333
5218,66,34,117,15,232
5219,1032,18,101,16,1167
5220,67,32,134,16,249
5221,101,16,133,18,268
5222,66,34,133,18,251
5223,165,17,300,16,498
5224,83,16,67,16,182
5225,1982,34,83,18,2117
5227,99,17,300,16,432
5230,67,33,68,15,183
5232,168,32,51,16,267
5233,100,18,116,16,250
5237,166,16,234,16,432
5239,67,16,51,16,150
5240,65,33,101,16,215
5241,101,16,234,16,367
5242,65,34,234,16,349
5244,101,33,134,15,283
5245,50,34,67,17,168
5246,68,33,134,15,250
5247,66,17,134,15,232
5248,101,33,67,15,216
5249,51,34,65,18,168
5251,151,33,67,15,266
5252,51,16,67,15,149
5253,167,18,65,17,267
5254,167,33,100,16,316
5256,1017,20,263,16,1316
5257,284,34,66,15,399
5258,50,18,67,15,150
5259,66,18,65,17,166
5260,67,33,100,16,216
5261,68,17,100,16,201
5262,99,34,101,16,250
5263,100,17,101,16,234
5266,66,34,83,16,199
5267,1019,33,133,16,1201
5268,151,16,67,17,251
5269,150,34,67,15,266
5271,301,17,67,17,402
5272,67,32,67,17,183
5273,51,32,67,17,167
5274,50,16,67,17,150
5275,50,34,67,15,166
5279,167,17,67,17,268
5280,67,33,100,16,216
5281,52,33,100,16,201
5285,68,17,67,17,169
5286,67,33,51,16,167
5287,166,17,101,15,299
5288,282,19,99,16,416
5289,285,31,68,16,400
5291,50,33,99,17,199
5292,51,16,99,17,183
5293,67,17,101,15,200
5295,67,15,166,17,265
5297,152,31,68,16,267
5298,66,35,65,18,184
5299,299,20,263,16,598
5302,50,19,99,16,184
5303,52,31,68,16,167
5304,1998,33,84,18,2133
5305,100,18,83,20,221
5306,99,32,101,17,249
5307,67,18,83,20,188
5308,68,32,101,17,218
5314,51,20,263,16,350
5315,101,16,83,18,218
5316,101,32,135,16,284
5317,100,15,135,16,266
5318,95,34,68,16,213
5319,100,16,68,16,200
5321,66,16,68,16,166
5322,167,33,134,15,349
5323,84,33,133,16,266
5324,102,33,232,17,384
5325,51,33,133,16,233
5327,166,18,67,15,266
5329,100,16,68,16,200
5331,66,16,68,16,166
5332,167,31,135,16,349
5333,151,31,135,16,333
5334,67,33,233,16,349
5338,166,34,66,16,282
5339,51,31,135,16,233
5340,99,34,67,16,216
5342,65,34,67,16,182
5343,301,17,65,18,401
5345,300,16,101,16,433
5346,101,33,117,17,268
5347,151,19,64,17,251
5349,84,34,165,18,301
5350,100,19,64,17,200
5351,168,17,65,18,268
5353,51,19,64,17,151
5354,1035,31,168,15,1249
5355,101,17,65,18,201
5356,165,34,66,18,283
5357,1031,17,65,18,1131
5358,551,15,68,15,649
5359,65,16,101,16,198
5360,65,33,68,16,182
5361,150,32,100,18,300
5362,548,19,50,16,633
5363,284,33,132,19,468
5365,65,18,67,15,165
5367,284,32,200,18,534
5368,300,34,66,18,418
5369,68,17,65,18,168
5370,67,34,99,16,216
5371,85,31,68,16,200
5373,551,31,85,15,682
5374,65,35,99,18,217
5375,85,33,132,19,269
5376,99,34,132,18,283
5378,68,34,132,18,252
5380,67,32,200,18,317
5381,84,34,66,18,202
5383,84,32,102,15,233
5384,50,16,66,18,150
5385,51,32,102,15,200
5387,298,19,83,16,416
5388,66,33,67,18,184
5390,300,33,103,16,452
5391,-89912,0,0,0,-89912
5394,67,34,284,15,400
5395,167,19,83,16,285
5397,51,33,68,15,167
5399,65,19,116,16,216
5401,549,33,68,15,665
5403,301,16,101,15,433
5406,64,35,166,17,282
5407,84,32,52,15,183
5408,85,15,52,15,167
5409,50,32,52,15,149
5412,68,31,168,15,282
5413,51,31,168,15,265
5414,102,32,101,15,250
5415,66,17,65,18,166
5416,66,32,101,15,214
5417,99,16,167,18,300
5418,168,33,99,18,318
5421,100,17,99,18,234
5422,66,35,99,18,218
5423,284,33,134,15,466
5424,101,34,65,18,218
5427,66,18,65,18,167
5428,150,17,66,17,250
5429,52,32,166,18,268
5432,300,33,67,16,416
5433,2002,18,67,16,2103
5434,51,17,66,17,151
5435,83,33,134,15,265
5437,50,33,134,15,232
5438,149,18,133,16,316
5439,101,16,101,17,235
5440,65,34,101,17,217
5441,152,33,67,16,268
5443,66,18,133,16,233
5444,1034,37,164,15,1250
5446,168,32,118,15,333
5447,167,16,118,15,316
5448,66,33,100,16,215
5449,51,33,100,16,200
5450,100,32,118,15,265
5451,101,16,118,15,250
5452,534,31,169,15,749
5453,66,16,118,15,215
5454,66,34,66,18,184
5455,68,16,66,18,168
5456,100,32,118,15,265
5457,301,15,85,16,417
5458,100,33,118,15,266
5459,65,17,118,15,215
5460,66,33,118,15,232
5461,50,33,118,15,216
5462,298,35,133,18,484
5463,100,16,52,15,183
5464,67,32,52,15,166
5465,1032,17,85,15,1149
5466,66,34,133,19,252
5468,84,15,100,19,218
5469,68,15,100,19,202
5470,302,33,67,16,418
5471,67,15,85,16,183
5472,84,16,52,16,168
5475,100,16,133,18,267
5476,66,35,133,18,252
5477,549,35,133,17,734
5478,550,18,133,17,718
5479,167,17,67,16,267
5480,100,35,134,15,284
5482,65,35,134,15,249
5483,50,35,134,15,234
5484,66,33,67,16,182
5485,283,33,151,15,482
5487,68,15,100,16,199
5489,66,18,100,17,201
5490,101,32,170,29,332
5491,149,33,103,29,314
5492,551,16,66,17,650
5493,151,33,151,15,350
5494,300,32,68,15,415
5495,84,33,103,29,249
5497,84,33,151,15,283
5498,67,33,151,15,266
5500,551,15,100,18,684
5502,1034,32,52,16,1134
5503,302,17,99,18,436
5504,151,15,68,15,249
5505,54,29,135,15,233
5506,534,33,66,16,649
5507,65,18,133,17,233
5508,64,32,68,15,179
5511,100,18,67,17,202
5512,100,33,267,17,417
5513,65,18,67,17,167
5514,68,33,267,17,385
5518,50,17,99,18,184
5519,52,32,100,17,201
5520,51,15,100,17,183
5522,99,33,101,17,250
5523,167,15,100,18,300
5524,67,33,101,17,218
5526,66,34,166,18,284
5531,284,32,84,18,418
5533,66,16,66,18,166
5534,100,33,67,17,217
5535,51,33,66,16,166
5536,66,33,67,17,183
5537,166,17,116,18,317
5538,1017,16,66,18,1117
5539,68,15,100,18,201
5540,100,34,116,18,268
5541,64,18,100,16,198
5543,66,17,116,18,217
5544,1034,34,230,19,1317
5547,67,16,50,18,151
5548,100,34,99,15,248
5551,167,16,66,18,267
5553,52,33,100,15,200
5555,166,17,52,16,251
5556,549,17,65,18,649
5557,98,19,66,18,201
5558,100,32,52,16,200
5559,99,17,52,16,184
5560,67,32,52,16,167
5561,100,16,66,18,200
5562,66,34,66,18,184
5563,85,34,132,18,269
5564,166,33,117,18,334
5567,50,32,100,18,200
5568,66,34,84,15,199
5570,66,33,117,18,234
5572,100,33,51,18,202
5573,283,34,65,18,400
5575,51,33,51,18,153
5576,51,15,51,18,135
5579,66,18,99,17,200
5580,51,18,99,17,185
5581,51,31,133,18,233
5582,100,34,65,18,217
5583,65,18,51,17,151
5584,65,34,65,18,182
5592,148,17,67,16,248
5594,85,16,66,18,185
5595,167,16,133,16,332
5596,51,16,66,18,151
5598,100,34,133,16,283
5599,100,16,133,16,265
5600,100,34,230,19,383
5601,68,16,133,16,233
5602,534,32,51,17,634
5603,168,16,131,19,334
5604,167,34,51,14,266
5605,149,34,51,14,248
5609,66,16,131,19,232
5610,99,33,101,17,250
5611,51,34,51,14,150
5613,66,17,101,17,201
5614,85,14,69,17,185
5615,301,17,83,17,418
5616,151,16,99,17,283
5617,65,16,54,16,151
5618,83,18,67,15,183
5619,65,18,67,15,165
5620,301,34,234,15,584
5621,53,33,99,17,202
5622,537,33,66,16,652
5623,85,34,65,16,200
5625,84,31,66,17,198
5626,299,35,133,15,482
5627,167,17,67,16,267
5628,65,34,83,17,199
5629,550,34,67,16,667
5630,65,32,51,17,165
5631,550,32,68,16,666
5632,167,33,85,15,300
5633,166,17,85,15,283
5634,66,34,234,15,349
5635,50,34,234,15,333
5637,51,33,52,16,152
5638,100,35,133,15,283
5639,66,17,85,15,183
5640,85,16,133,15,249
5641,69,16,133,15,233
5642,167,34,67,17,285
5643,52,32,67,16,167
5644,51,16,67,16,150
5645,299,16,67,16,398
5646,50,15,68,15,148
5647,65,18,101,17,201
5648,67,34,67,17,185
5650,68,33,66,16,183
5651,151,33,134,16,334
5652,67,34,65,18,184
5653,168,16,67,16,267
5654,67,32,134,16,249
5655,52,32,134,16,234
5656,165,35,250,17,467
5659,66,16,67,16,165
5661,51,32,68,16,167
5663,67,16,250,17,350
5664,3933,35,64,18,4050
5666,102,33,65,18,218
5667,65,18,67,15,165
5668,67,33,65,18,183
5669,51,33,65,18,167
5671,51,34,65,17,167
5673,51,31,67,18,167
5674,65,34,51,17,167
5675,67,16,51,17,151
5677,67,16,151,18,252
5678,85,17,199,17,318
5679,300,16,268,16,600
5680,101,33,99,18,251
5682,151,18,65,17,251
5684,300,33,167,16,516
5686,166,33,268,16,483
5687,50,34,65,17,166
5689,101,16,67,16,200
5690,166,34,66,17,283
5691,67,16,67,16,166
5692,65,33,268,16,382
5693,66,16,268,16,366
5695,65,18,100,17,200
5697,84,33,167,16,300
5698,68,33,167,16,284
5700,299,35,98,18,450
5701,101,16,66,17,200
5702,66,33,66,17,182
5703,67,16,66,17,166
5706,99,35,65,16,215
5707,66,16,51,17,150
5708,101,33,133,17,284
5710,68,33,133,17,251
5711,84,32,68,14,198
5712,51,17,133,17,218
5715,65,19,98,18,200
5716,1984,15,51,16,2066
5717,51,33,233,17,334
5718,151,17,67,17,252
5721,52,32,51,16,151
5723,170,20,63,16,269
5724,50,17,67,17,151
5726,51,16,101,17,185
5727,167,17,66,16,266
5728,67,37,63,16,183
5730,285,16,66,17,384
5731,167,17,50,17,251
5733,99,17,66,17,199
5734,63,33,66,17,179
5736,67,33,50,17,167
5737,150,33,66,17,266
5739,66,17,51,16,150
5741,283,33,118,16,450
5742,84,16,66,17,183
5743,51,33,66,17,167
5744,51,16,66,17,150
5745,67,16,166,18,267
5747,65,17,50,16,148
5748,284,16,166,16,482
5749,99,16,67,18,200
5750,68,31,67,18,184
5751,168,17,83,16,284
5752,1034,33,67,16,1150
5753,1034,16,67,16,1133
5754,549,16,50,12,627
5755,50,33,118,16,217
5758,68,32,134,17,251
5759,300,19,98,17,434
5760,168,33,101,16,318
5761,166,17,101,16,300
5762,283,17,65,17,382
5763,100,18,134,16,268
5765,548,34,67,18,667
5766,67,33,101,16,217
5767,66,17,101,16,200
5769,152,33,65,17,267
5770,65,34,100,16,215
5771,49,34,100,16,199
5772,166,33,67,16,282
5773,165,17,67,16,265
5774,69,33,65,17,184
5775,52,33,65,17,167
5776,167,33,50,12,262
5777,52,32,134,16,234
5778,65,33,67,16,181
5779,299,16,51,16,382
5781,101,16,50,12,179
5782,300,33,167,17,517
5783,100,18,132,16,266
5784,101,28,104,16,249
5785,283,34,133,17,467
5786,83,12,104,16,215
5788,100,34,66,17,217
5789,68,16,66,16,166
5790,116,16,51,16,199
5791,301,16,67,17,401
5793,98,18,67,18,201
5794,100,33,167,17,317
5795,83,33,167,17,300
5796,66,33,167,17,283
5797,83,34,133,17,267
5798,101,34,66,16,217
5799,169,16,67,17,269
5803,167,17,216,18,418
5804,67,33,67,17,184
5805,166,16,67,16,265
5806,166,33,135,15,349
5807,67,17,100,16,200
5809,100,16,67,16,199
5813,534,17,66,17,634
5814,100,33,68,15,216
5815,83,33,68,15,199
5816,83,17,68,15,183
5817,84,31,187,15,317
5819,101,18,66,17,202
5820,284,17,65,17,383
5821,301,16,67,17,401
5825,168,15,51,16,250
5826,83,15,167,17,282
5827,51,32,167,17,267
5828,50,15,167,17,249
5832,52,15,51,16,134
5833,68,17,65,17,167
5834,51,17,65,17,150
5835,66,16,67,17,166
5836,151,17,66,17,251
5838,82,17,67,15,181
5840,1985,16,65,16,2082
5841,100,18,66,18,202
5842,51,17,66,17,151
5844,67,33,51,16,167
5847,51,33,100,16,200
5848,84,16,134,16,250
5849,69,16,134,16,235
5850,84,16,67,15,182
5852,51,16,67,15,149
5853,98,18,66,17,199
5854,100,34,66,16,216
5855,83,34,66,16,199
5856,1017,16,84,17,1134
5857,51,34,66,16,167
5859,-97710,0,0,0,-97710
5860,66,34,165,17,282
5862,166,33,99,18,316
5863,101,14,100,17,232
5864,150,17,99,18,284
5865,68,14,100,17,199
5866,100,33,99,18,250
5867,100,17,99,18,234
5868,67,33,99,18,217
5869,65,17,99,18,199
5870,536,32,66,17,651
5871,168,15,85,15,283
5872,99,33,118,15,265
5873,66,17,100,17,200
5874,83,16,118,15,232
5875,50,33,118,15,216
5876,51,16,118,15,200
5877,68,15,85,15,183
5880,51,16,166,18,251
5881,66,18,131,18,233
5882,51,18,131,18,218
5884,51,15,300,18,384
5885,167,16,67,16,266
5887,67,16,200,16,299
5888,151,17,233,16,417
5890,100,34,233,16,383
5892,66,34,233,16,349
5895,50,33,99,18,200
5896,102,32,66,17,217
5897,66,19,64,18,167
5898,-98361,0,0,0,-98361
5899,84,32,51,16,183
5900,67,32,51,16,166
5901,83,34,100,16,233
5902,165,33,133,18,349
5903,552,34,67,16,669
5904,284,15,102,15,416
5906,168,33,84,17,302
5908,67,33,133,18,251
5909,150,33,99,18,300
5910,535,33,67,15,650
5911,168,15,102,15,300
5915,51,33,99,18,201
5916,51,15,99,18,183
5917,67,15,102,15,199
5918,84,17,67,15,183
5919,66,17,67,15,165
5920,51,17,67,15,150
5921,50,31,51,17,149
5922,301,34,365,16,716
5923,150,33,100,16,299
5924,300,33,67,15,415
5925,98,19,66,17,200
5927,65,19,66,17,167
5928,99,33,67,16,215
5930,67,33,67,16,183
5931,52,33,67,16,168
5932,66,34,67,16,183
5934,67,33,100,15,215
5935,284,31,51,18,384
5937,66,18,365,16,465
5939,52,33,67,15,167
5941,99,19,67,15,200
5942,66,34,67,15,182
5943,65,19,67,15,166
5944,67,33,98,18,216
5945,51,33,98,18,200
5946,101,31,51,18,201
5947,168,18,66,16,268
5948,98,33,53,16,200
5949,52,31,51,18,152
5950,65,33,53,16,167
5951,69,14,53,16,152
5953,102,16,65,16,199
5954,51,18,66,16,151
5955,67,16,65,16,164
5956,536,34,430,18,1018
5958,98,35,65,18,216
5960,100,32,85,15,232
5962,67,32,85,15,199
5963,168,15,301,15,499
5965,51,33,101,17,202
5966,65,34,67,17,183
5967,67,16,67,17,167
5970,101,32,67,17,217
5971,65,18,267,15,365
5972,67,32,67,17,183
5973,-99612,0,0,0,-99612
5974,51,15,67,17,150
5975,50,33,334,17,434
5977,66,16,66,18,166
5978,169,34,430,18,651
5979,100,16,169,15,300
5980,-99726,0,0,0,-99726
5981,100,18,66,15,199
5982,102,34,430,18,584
5983,85,34,430,18,567
5984,167,34,65,17,283
5988,66,33,67,16,182
5990,65,34,65,17,181
5991,-99911,0,0,0,-99911
5992,166,33,167,17,383
5995,-99977,0,0,0,-99977
5998,-100028,0,0,0,-100028
