序号,发送->接收,接收->转发,转发->接收,接收->处理,总计
2,161,16,151,15,343
3,65,34,135,15,249
4,66,17,135,15,233
5,66,34,66,16,182
7,68,33,151,15,267
8,133,19,83,15,250
9,218,15,100,17,350
11,82,19,83,15,199
12,65,19,83,15,182
13,134,32,100,17,283
14,51,32,51,15,149
16,85,32,100,17,234
17,83,15,100,17,215
20,82,35,84,16,217
21,149,18,66,16,249
22,66,17,84,16,183
23,68,32,52,16,168
24,84,35,66,16,201
25,67,35,66,16,184
26,66,18,66,16,166
27,67,33,182,17,299
30,172,44,135,15,366
31,99,34,166,16,315
33,66,34,166,16,282
35,67,21,145,16,249
36,116,34,67,16,233
39,132,34,66,18,250
40,61,17,67,16,161
41,66,33,135,17,251
42,82,34,66,18,200
43,67,34,66,18,185
44,50,34,66,18,168
45,50,17,66,18,151
46,182,35,66,15,298
47,118,17,133,15,283
48,118,32,101,15,266
49,66,35,133,15,249
50,68,17,133,15,233
52,69,15,101,15,200
53,102,32,83,17,234
55,67,32,83,17,199
56,65,17,83,17,182
57,150,17,101,17,285
58,98,18,101,14,231
59,99,33,101,17,250
61,67,33,101,17,218
64,101,18,65,16,200
66,85,33,115,17,250
67,68,33,115,17,233
68,85,32,83,17,217
70,117,33,200,17,367
71,65,34,150,17,266
73,115,17,84,17,233
74,149,32,68,17,266
75,83,17,84,17,201
76,67,17,84,17,185
77,83,17,100,17,217
78,84,32,68,17,201
80,51,32,68,17,168
81,66,35,66,17,184
83,67,33,50,16,166
86,100,16,83,17,216
87,83,16,83,17,199
89,84,15,101,17,217
90,67,15,101,17,200
91,151,16,84,16,267
92,67,16,99,18,200
94,148,35,65,18,266
95,101,32,52,16,201
97,67,32,52,16,167
100,199,16,135,16,366
101,67,33,83,16,199
102,50,33,83,16,182
103,52,16,83,16,167
106,66,16,85,16,183
107,50,16,85,16,167
108,101,15,84,18,218
109,85,15,84,18,202
110,82,35,132,17,266
111,85,16,132,17,250
112,68,16,132,17,233
115,67,35,65,17,184
117,67,33,83,17,200
118,85,32,51,17,185
119,84,16,51,17,168
120,83,35,200,16,334
121,82,18,200,16,316
123,67,33,66,17,183
127,65,34,249,19,367
128,66,17,249,19,351
129,133,34,66,16,249
130,68,15,102,15,200
131,66,35,133,16,250
132,84,34,66,16,200
133,101,33,199,17,350
135,69,33,199,17,318
136,84,33,82,19,218
137,133,34,166,17,350
138,84,33,68,15,200
140,83,34,166,17,300
141,66,34,166,17,283
142,51,34,166,17,268
143,82,19,82,16,199
144,66,19,82,16,183
146,52,32,167,17,268
151,83,17,67,17,184
152,66,17,67,17,167
153,67,33,284,16,400
154,83,34,67,17,201
156,67,17,67,17,168
157,67,33,51,16,167
158,67,16,51,16,150
159,51,16,51,16,134
161,67,33,99,17,216
162,67,16,99,17,199
163,51,16,99,17,183
164,100,16,84,16,216
165,67,32,84,16,199
166,82,33,102,17,234
167,99,34,68,17,218
169,150,17,166,17,350
170,66,17,68,17,168
171,84,16,52,16,168
172,101,17,166,17,301
173,51,16,52,16,135
175,85,16,66,17,184
176,68,16,66,17,167
177,68,33,100,17,218
181,66,33,351,15,465
182,83,34,167,15,299
183,66,34,167,15,282
185,133,34,67,15,249
186,83,33,66,18,200
189,100,32,185,15,332
190,83,32,185,15,315
191,67,32,185,15,299
192,50,32,185,15,282
193,66,35,65,16,182
194,84,33,117,15,249
196,67,18,117,15,217
198,67,15,267,18,367
199,65,34,200,16,315
201,66,33,200,18,317
203,67,33,267,17,384
204,69,15,267,17,368
205,84,16,200,18,318
206,67,16,200,18,301
207,51,16,200,18,285
208,66,16,100,18,200
209,100,34,100,18,252
210,66,16,67,18,167
211,83,17,100,18,218
212,83,33,67,18,201
214,66,17,67,18,168
216,68,15,101,16,200
220,67,15,133,18,233
221,52,15,133,18,218
223,83,18,65,18,184
224,65,18,65,18,166
225,117,16,100,17,250
226,100,16,100,17,233
228,133,17,68,15,233
229,83,16,234,15,348
231,83,17,68,15,183
232,100,16,67,17,200
234,82,35,167,15,299
235,66,35,167,15,283
237,100,33,68,15,216
239,67,33,68,15,183
241,65,38,96,17,216
242,88,30,66,17,201
243,84,17,66,17,184
245,51,17,66,17,151
246,99,17,184,15,315
247,96,33,100,17,246
249,99,34,117,15,265
251,82,17,117,15,231
254,83,33,102,16,234
255,84,16,102,16,218
256,83,34,68,16,201
257,100,32,251,18,401
258,133,19,65,17,234
260,67,15,251,18,351
263,68,32,133,16,249
264,51,32,133,16,232
265,68,33,150,18,269
267,82,16,67,16,181
269,83,17,83,18,201
270,85,33,84,17,219
271,83,17,84,17,201
272,116,35,99,17,267
274,83,35,99,17,234
277,117,17,66,16,216
278,68,17,66,17,168
280,84,33,82,17,216
281,82,17,82,17,198
282,66,17,82,17,182
283,66,33,66,18,183
284,67,16,66,18,167
285,82,18,184,16,300
289,66,34,101,17,218
290,68,16,101,17,202
293,68,33,51,16,168
294,50,33,51,16,150
295,101,33,66,17,217
296,84,33,66,17,200
297,67,33,66,17,183
298,68,16,66,17,167
299,51,16,66,17,150
301,99,33,66,18,216
302,65,17,99,18,199
303,83,16,66,18,183
306,68,17,65,17,167
309,66,34,101,17,218
310,66,16,101,17,200
311,99,33,99,18,249
312,84,33,99,18,234
313,152,16,65,19,252
314,67,16,99,18,200
315,67,34,98,19,218
318,67,16,65,19,167
319,83,16,52,18,169
320,115,37,132,16,300
321,83,15,252,15,365
322,66,15,252,15,348
324,68,18,132,16,234
325,117,17,68,16,218
326,82,34,68,16,200
327,84,17,68,16,185
328,65,17,68,16,166
329,64,33,51,17,165
331,84,18,98,18,218
333,68,33,132,17,250
334,66,17,132,17,232
335,102,31,117,17,267
337,98,35,99,17,249
339,65,35,99,17,216
343,50,17,133,18,218
344,66,17,99,18,200
345,99,34,100,16,249
346,118,32,68,16,234
347,84,17,100,16,217
348,67,17,100,16,200
350,67,16,68,16,167
351,104,30,100,16,250
354,67,17,100,16,200
355,68,34,66,16,184
358,66,17,166,18,267
360,50,34,84,16,184
362,51,33,150,17,251
365,67,33,83,17,200
366,51,33,83,17,184
367,51,16,83,17,167
369,65,35,99,17,216
372,66,17,66,17,166
373,51,17,66,17,151
374,116,33,168,16,333
375,99,33,168,16,316
376,67,16,85,15,183
377,66,33,168,16,283
378,67,16,168,16,267
381,85,15,101,16,217
382,68,15,101,16,200
385,68,31,84,17,200
386,66,15,84,17,182
390,66,16,100,16,198
393,66,34,65,18,183
394,84,32,184,16,316
397,66,33,134,17,250
398,65,17,134,17,233
401,51,17,99,17,184
402,69,15,67,17,168
403,118,16,69,15,218
404,66,17,102,15,200
405,66,33,69,15,183
406,99,16,134,17,266
407,51,16,69,15,151
409,50,16,134,17,217
410,66,19,198,17,300
412,100,17,66,17,200
413,101,33,50,17,201
415,115,16,101,16,248
416,83,33,101,16,233
417,67,33,101,16,217
418,133,17,133,17,300
419,83,17,67,16,183
420,67,17,67,16,167
421,50,17,67,16,150
422,117,34,132,17,300
424,118,32,183,18,351
425,67,34,132,17,250
427,68,32,183,18,301
429,50,16,183,18,267
430,100,16,51,16,183
431,115,17,101,15,248
433,66,34,101,15,216
434,83,33,68,15,199
435,67,33,68,15,183
437,51,16,68,15,150
438,118,33,50,16,217
439,101,33,50,16,200
442,51,33,50,16,150
444,67,18,166,16,267
445,67,32,66,17,182
446,84,33,67,17,201
447,99,33,68,16,216
448,50,33,67,17,167
450,150,33,167,16,366
451,66,34,67,16,183
453,67,34,134,15,250
456,51,33,167,16,267
457,67,34,67,15,183
460,51,32,67,17,167
461,83,18,66,16,183
462,67,18,66,16,167
463,99,34,99,17,249
464,67,17,67,17,168
467,66,33,133,18,250
468,67,17,133,18,235
469,84,15,101,18,218
470,67,15,101,18,201
471,83,16,101,15,215
472,83,34,67,15,199
473,100,33,84,17,234
474,66,17,67,15,165
475,68,33,84,17,202
476,101,16,67,15,199
477,67,34,67,15,183
478,99,18,66,17,200
479,117,17,200,15,349
480,66,18,66,17,167
482,66,17,200,15,298
483,67,32,133,17,249
484,84,33,67,18,202
485,83,16,67,18,184
486,100,16,66,17,199
488,84,33,68,15,200
490,101,15,50,18,184
492,67,15,50,18,150
493,83,18,83,15,199
494,67,18,83,15,183
495,68,33,99,17,217
497,68,33,166,17,284
499,66,32,134,17,249
500,68,15,134,17,234
502,69,16,234,16,335
503,50,16,234,16,316
504,84,32,101,15,232
506,51,32,101,15,199
508,68,15,68,15,166
509,65,34,84,16,199
511,67,34,66,16,183
514,51,32,184,17,284
515,66,34,67,15,182
516,150,32,166,18,366
517,98,35,65,18,216
518,118,32,166,18,334
519,66,35,65,18,184
523,85,15,168,16,284
524,101,17,98,18,234
525,83,17,98,18,216
526,68,17,98,18,201
527,51,17,98,18,184
528,68,14,66,18,166
529,84,18,66,16,184
531,67,31,51,16,165
532,64,16,51,16,147
533,101,32,52,17,202
534,67,17,67,17,168
536,51,32,52,17,152
538,84,34,115,17,250
539,134,33,166,17,350
541,69,33,82,17,201
542,52,33,82,17,184
544,66,17,166,17,266
545,66,32,68,15,181
546,84,34,300,16,434
548,66,17,300,16,399
552,51,33,66,18,168
553,67,33,116,16,232
554,65,17,116,16,214
555,66,33,99,18,216
556,84,32,85,16,217
558,133,16,68,16,233
559,84,15,101,16,216
560,67,15,101,16,199
563,85,16,67,16,184
565,51,16,67,16,150
566,84,33,100,17,234
567,68,33,100,17,218
568,83,35,65,17,200
569,67,35,65,17,184
570,86,32,67,16,201
571,117,16,201,15,349
574,84,34,66,17,201
575,132,33,200,17,382
576,84,33,67,16,200
577,133,34,100,16,283
578,66,17,67,16,166
579,84,16,200,17,317
581,116,16,68,16,216
582,84,32,68,16,200
583,83,16,68,16,183
584,117,33,266,17,433
587,67,33,266,17,383
588,51,33,266,17,367
589,84,17,67,17,185
590,67,17,67,17,168
591,66,33,134,17,250
594,84,33,221,28,366
595,67,33,221,28,349
596,51,33,221,28,333
597,983,18,150,13,1164
598,83,34,66,17,200
599,516,17,201,15,749
600,66,17,66,17,166
601,67,32,68,16,183
603,1167,33,67,16,1283
604,83,34,100,17,234
605,100,33,67,17,217
606,99,17,67,17,200
607,68,33,67,17,185
608,66,17,67,17,167
609,734,33,50,16,833
610,50,21,63,15,149
612,66,18,68,14,166
613,67,32,118,16,233
614,63,15,118,16,212
615,52,15,118,16,201
616,518,33,67,15,633
619,68,34,116,15,233
620,50,34,116,15,215
622,101,16,100,17,234
624,66,16,100,17,199
626,66,17,201,15,299
627,150,18,65,17,250
628,2018,31,135,15,2199
630,100,18,65,17,200
631,66,35,65,17,183
632,84,33,67,15,199
633,102,32,101,15,250
636,83,35,99,17,234
638,50,35,99,17,201
639,166,33,167,17,383
640,52,32,67,17,168
641,167,34,67,16,284
642,99,18,67,15,199
643,299,32,118,18,467
645,284,15,118,18,435
646,166,18,150,13,347
647,167,32,51,15,265
649,67,33,50,16,166
650,166,17,67,17,267
653,67,32,51,15,165
655,100,32,118,18,268
656,67,17,67,17,168
658,67,15,118,18,218
660,167,18,65,17,267
661,84,13,53,18,168
662,67,13,53,18,151
666,166,18,66,15,265
667,303,33,118,14,468
668,102,15,67,16,200
669,300,34,233,16,583
672,66,18,66,15,165
674,98,18,66,16,198
676,66,18,66,16,166
677,66,32,118,15,231
678,52,32,118,15,217
679,100,33,118,14,265
680,100,17,118,14,249
684,50,34,233,16,333
686,101,16,82,18,217
687,51,15,101,15,182
688,101,14,50,18,183
690,283,33,66,18,400
691,52,14,50,18,134
692,98,18,67,16,199
693,167,32,68,16,283
694,64,18,67,16,165
695,50,18,67,16,151
698,152,33,66,18,269
699,67,32,68,16,183
700,66,16,68,16,166
701,66,35,99,18,218
702,67,17,99,18,201
703,100,33,133,16,282
705,2002,34,65,16,2117
707,66,33,66,19,184
708,283,33,100,17,433
709,101,31,134,17,283
710,68,17,165,17,267
714,98,18,66,17,199
717,68,34,117,14,233
718,166,16,134,15,331
719,100,33,100,17,250
720,169,14,135,17,335
721,151,14,135,17,317
722,102,16,134,15,267
723,165,35,66,17,283
724,66,16,134,15,231
725,67,32,135,17,251
726,101,15,101,17,234
728,99,18,66,17,200
729,1017,17,67,16,1117
730,65,18,66,17,166
731,85,17,99,18,219
732,66,17,99,18,200
734,168,17,98,18,301
735,533,32,67,17,649
737,8799,33,201,17,9050
738,186,31,135,15,367
739,66,35,98,18,217
741,2002,32,83,19,2136
742,119,31,135,15,300
743,67,35,65,17,184
744,98,17,135,15,265
745,5399,34,50,16,5499
746,66,17,135,15,233
747,66,34,67,16,183
748,83,34,100,17,234
749,166,33,199,17,415
751,51,17,100,17,185
753,300,33,68,16,417
754,66,18,65,18,167
755,67,33,199,17,316
757,67,32,68,16,183
758,51,32,68,16,167
759,100,33,167,16,316
760,68,17,65,17,167
761,67,33,167,16,283
762,66,17,167,16,266
764,99,17,67,17,200
766,66,17,67,17,167
768,66,17,68,16,167
769,67,34,66,17,184
770,84,34,150,15,283
771,67,34,150,15,266
772,151,34,65,18,268
774,67,16,133,18,234
776,300,17,98,17,432
777,66,34,65,18,183
778,84,33,132,18,267
779,552,15,68,16,651
780,101,15,68,17,201
783,100,33,67,16,216
784,167,17,98,17,299
785,83,17,67,16,183
786,66,17,67,16,166
787,100,35,98,17,250
788,67,15,51,17,150
789,165,33,103,16,317
790,100,17,82,18,217
791,534,33,66,18,651
793,100,33,103,16,252
794,301,15,68,16,400
795,65,33,103,16,217
796,301,17,65,17,400
797,65,35,68,16,184
798,300,18,67,16,401
800,66,17,51,15,149
801,103,31,302,15,451
803,68,31,302,15,416
804,118,32,68,16,234
805,151,17,65,17,250
806,84,32,68,16,200
808,67,15,68,16,166
809,167,35,132,18,352
810,67,17,65,17,166
812,166,17,132,16,331
814,99,18,132,18,267
816,67,18,132,18,235
817,83,17,132,16,248
818,84,33,66,18,201
819,51,17,132,16,216
820,84,34,65,16,199
822,18949,35,99,16,19099
823,99,33,118,15,265
825,99,34,201,17,351
826,300,18,116,17,451
827,166,32,202,16,416
828,102,14,52,15,183
830,67,14,52,15,148
831,52,14,52,15,133
832,50,35,99,17,201
833,67,32,202,16,317
836,152,31,85,17,285
837,151,14,85,17,267
839,67,35,116,17,235
840,165,19,166,17,367
843,1034,34,67,15,1150
844,151,33,82,18,284
845,100,33,133,17,283
847,69,33,133,17,252
848,50,33,133,17,233
850,167,18,66,16,267
851,98,33,52,15,198
852,67,15,85,15,182
854,98,18,66,16,198
855,65,35,66,16,182
858,300,16,67,16,399
859,1034,33,67,18,1152
860,50,34,99,19,202
861,51,15,99,19,184
862,98,19,66,17,200
863,68,34,66,17,185
864,166,15,168,17,366
866,52,31,52,15,150
867,65,35,66,18,184
868,50,35,66,18,169
870,66,15,168,17,266
871,535,33,168,14,750
872,100,17,99,17,233
873,300,34,65,17,416
875,101,33,134,18,286
876,150,34,66,18,268
877,168,32,52,16,268
879,298,35,66,16,415
881,67,34,66,18,185
883,152,16,65,17,250
885,66,34,233,16,349
887,66,34,65,17,182
888,86,33,67,15,201
889,52,16,65,17,150
891,99,35,66,16,216
893,100,33,66,16,215
894,99,18,66,16,199
897,302,32,66,20,420
898,1984,33,101,15,2133
902,65,18,67,15,165
903,67,32,68,16,183
904,51,32,68,16,167
905,286,13,67,18,384
906,166,18,66,20,270
908,52,33,100,15,200
913,549,18,83,16,666
914,66,18,52,13,149
915,66,32,51,17,166
916,104,13,67,18,202
917,66,33,67,18,184
921,285,15,52,15,367
922,280,33,102,15,430
923,100,33,119,15,267
925,65,33,119,15,232
926,166,16,169,15,366
927,66,35,132,19,252
928,83,32,202,15,332
929,85,15,202,15,317
930,116,34,52,15,217
931,167,34,68,15,284
932,534,15,135,16,700
935,550,18,83,17,668
936,2001,16,84,16,2117
939,150,16,52,16,234
940,67,15,50,16,148
942,83,31,52,16,182
944,117,32,66,17,232
945,50,16,52,16,134
946,85,32,66,17,200
948,52,32,66,17,167
949,151,17,67,17,252
950,99,17,118,15,249
951,5399,33,66,16,5514
954,168,15,135,16,334
955,85,15,99,17,216
956,1984,34,99,17,2134
957,284,17,332,17,650
958,67,17,65,17,166
960,66,15,135,16,232
962,99,18,83,17,217
963,100,32,134,17,283
964,65,18,83,17,183
965,85,15,134,17,251
966,52,32,134,17,235
967,301,33,266,18,618
968,68,17,99,17,201
969,67,33,332,17,449
970,66,17,332,17,432
971,5385,16,150,16,5567
973,99,33,136,15,283
974,549,35,116,17,717
978,50,34,66,17,167
980,66,17,69,15,167
983,300,32,134,17,483
984,168,15,168,15,366
986,53,31,101,15,200
989,65,32,168,15,280
990,67,15,168,15,265
991,301,32,67,17,417
992,67,18,165,18,268
993,67,32,133,18,250
994,1033,16,84,16,1149
995,101,32,134,17,284
996,151,32,67,17,267
999,101,32,67,17,217
1001,67,32,67,17,183
1002,49,32,67,17,165
1003,102,32,67,17,218
1005,67,32,67,17,183
1006,52,32,67,17,168
1007,151,17,65,19,252
1008,66,15,203,15,299
1010,283,32,68,15,398
1012,84,33,101,15,233
1013,52,17,65,19,153
1014,101,15,69,15,200
1015,168,33,132,17,350
1016,284,32,67,16,399
1017,65,34,68,16,183
1018,50,34,68,16,168
1019,301,32,99,18,450
1020,84,33,132,17,266
1022,50,33,132,17,232
1023,68,32,68,15,183
1024,151,32,67,16,266
1025,65,33,134,16,248
1026,288,28,102,15,433
1027,65,35,99,16,215
1028,67,17,99,16,199
1029,167,34,100,15,316
1030,52,32,67,16,167
1031,67,35,66,17,185
1032,66,18,66,17,167
1033,170,28,102,15,315
1034,1034,16,101,17,1168
1035,166,35,100,17,318
1036,84,37,63,15,199
1037,66,37,63,15,181
1038,51,37,63,15,166
1039,1017,16,133,18,1184
1040,101,17,100,17,235
1041,100,33,67,17,217
1042,66,17,100,17,200
1043,296,33,66,17,412
1046,534,15,67,17,633
1048,85,32,101,17,235
1049,67,32,101,17,217
1051,549,16,85,15,665
1052,68,16,84,16,184
1053,98,35,66,17,216
1054,66,15,52,16,149
1055,2001,33,66,17,2117
1056,66,17,66,17,166
1057,84,16,66,17,183
1061,3700,35,65,17,3817
1062,99,17,67,17,200
1064,67,17,67,17,168
1066,67,17,50,16,150
1068,51,33,84,15,183
1069,151,15,67,17,250
1070,83,34,99,17,233
1071,100,32,67,17,216
1072,51,34,99,17,201
1074,67,15,67,17,166
1075,284,15,101,17,417
1076,64,17,100,17,198
1078,99,16,85,15,215
1079,84,16,85,15,200
1080,68,16,85,15,184
1082,68,15,52,15,150
1083,151,15,101,17,284
1084,66,18,116,16,216
1085,68,32,68,16,184
1086,67,15,68,16,166
1087,301,33,118,15,467
1088,50,33,101,17,201
1090,66,17,66,17,166
1094,65,18,67,17,167
1095,66,33,133,18,250
1096,67,16,133,18,234
1098,85,33,99,17,234
1101,85,15,118,15,233
1102,68,15,118,15,216
1103,167,32,68,16,283
1104,65,17,68,17,167
1105,1017,17,133,17,1184
1106,299,15,100,17,431
1107,66,35,100,16,217
1108,85,32,68,16,201
1109,284,17,99,18,418
1110,98,18,50,16,182
1113,166,32,100,17,315
1114,166,15,100,17,298
1115,84,16,118,17,235
1116,52,32,118,17,219
1117,50,16,118,17,201
1119,66,32,100,17,215
1120,67,15,100,17,199
1121,301,33,66,18,418
1122,67,17,99,18,201
1123,50,17,99,18,184
1124,67,17,65,18,167
1125,100,34,68,16,218
1126,67,15,135,16,233
1128,65,17,68,16,166
1129,65,34,100,16,215
1130,83,34,66,16,199
1133,68,33,66,18,185
1134,66,17,66,18,167
1135,166,35,132,17,350
1137,66,33,133,17,249
1139,66,33,67,17,183
1140,50,33,67,17,167
1142,50,35,132,17,234
1143,51,17,132,17,217
1144,50,32,67,16,165
1145,67,33,100,17,217
1146,66,16,100,17,199
1147,65,34,66,17,182
1154,101,17,83,17,218
1157,51,17,83,17,168
1158,51,32,51,17,151
1159,65,32,52,16,165
1160,283,33,67,16,399
1161,550,15,67,17,649
1164,283,34,83,18,418
1168,284,32,66,20,402
1171,283,18,117,15,433
1173,52,16,66,17,151
1176,67,15,100,17,199
1177,100,34,118,14,266
1178,50,34,83,18,185
1179,285,15,84,16,400
1180,65,18,118,14,215
1182,51,32,66,20,169
1183,66,35,117,15,233
1185,150,15,67,17,249
1187,66,34,100,17,217
1189,51,14,100,17,182
1191,52,15,67,17,151
1192,97,17,100,17,231
1193,151,16,66,18,251
1195,67,35,132,17,251
1196,83,32,66,18,199
1197,50,18,132,17,217
1198,84,33,133,18,268
1199,51,16,66,18,151
1201,65,33,100,18,216
1202,100,16,100,18,234
1203,100,33,134,17,284
1204,67,16,100,18,201
1205,67,33,134,17,251
1206,67,16,134,17,234
1208,100,16,67,17,200
1209,84,16,67,17,184
1210,67,16,67,17,167
1211,51,16,67,17,151
1213,52,16,168,15,251
1216,66,16,135,15,232
1217,299,35,67,16,417
1218,51,34,68,15,168
1219,1983,17,66,18,2084
1220,50,33,68,15,166
1221,167,33,68,15,283
1223,28033,34,132,18,28217
1224,100,17,66,18,201
1225,100,33,68,15,216
1226,66,17,66,18,167
1228,300,15,68,17,400
1229,165,35,165,17,382
1230,50,33,167,17,267
1231,66,35,67,16,184
1232,68,17,67,16,168
1233,68,32,51,17,168
1235,102,33,64,19,218
1236,84,33,64,19,200
1239,51,17,64,19,151
1240,51,32,51,16,150
1242,100,16,67,17,200
1243,149,17,68,15,249
1244,68,16,67,17,168
1245,549,18,134,16,717
1246,66,17,102,15,200
1247,1018,16,167,18,1219
1249,284,15,201,17,517
1250,51,33,66,18,168
1251,102,31,100,18,251
1252,85,31,100,18,234
1253,99,33,67,18,217
1257,64,34,51,15,164
1258,49,34,51,15,149
1259,151,17,65,18,251
1260,66,16,51,17,150
1263,84,17,65,18,184
1264,84,33,67,15,199
1265,101,32,68,15,216
1266,100,15,68,15,198
1267,68,32,68,15,183
1268,67,15,68,15,165
1269,100,33,66,16,215
1270,68,17,99,16,200
1273,552,15,134,18,719
1274,83,33,69,14,199
1277,300,34,98,18,450
1278,51,34,100,17,202
1281,101,33,183,15,332
1283,298,34,84,16,432
1284,83,33,67,16,199
1285,283,14,84,16,397
1286,51,33,67,16,167
1287,99,34,150,16,299
1288,166,17,84,16,283
1289,166,32,101,17,316
1293,550,16,118,16,700
1297,150,15,134,18,317
1298,101,16,167,18,302
1299,84,16,167,18,285
1300,166,17,67,18,268
1301,301,34,151,15,501
1302,165,16,100,18,299
1303,151,16,100,18,285
1304,166,17,251,15,449
1306,65,17,67,18,167
1307,550,17,102,14,683
1309,51,16,100,18,185
1310,84,33,67,17,201
1311,151,16,151,15,333
1316,3916,34,66,15,4031
1317,15467,33,51,15,15566
1318,67,15,167,18,267
1319,-21992,0,0,0,-21992
1322,66,16,118,16,216
1323,51,16,118,16,201
1325,85,15,51,16,167
1327,100,34,133,18,285
1328,550,33,100,17,700
1330,165,17,102,14,298
1331,51,16,133,18,218
1332,167,15,69,14,265
1335,100,33,69,14,216
1336,65,17,102,14,198
1337,67,33,69,14,183
1338,300,17,100,18,435
1339,66,35,66,16,183
1340,167,18,99,14,298
1341,102,32,67,16,217
1343,69,32,67,16,184
1344,99,18,99,14,230
1346,67,18,99,14,198
1347,66,33,99,17,215
1348,67,18,99,17,201
1349,1033,34,82,18,1167
1350,100,17,100,18,235
1352,151,33,100,17,301
1354,64,19,167,17,267
1355,550,18,66,17,651
1356,67,17,66,17,167
1357,67,33,100,17,217
1359,67,33,67,17,184
1360,68,15,67,17,167
1361,66,34,66,16,182
1362,167,18,183,17,385
1364,66,16,167,16,265
1366,67,16,50,18,151
1367,167,33,167,15,382
1368,83,34,98,17,232
1369,167,32,68,16,283
1371,50,18,98,17,183
1373,100,32,68,16,216
1374,100,16,68,16,200
1375,66,32,68,16,182
1376,533,16,50,18,617
1378,66,18,64,18,166
1379,300,34,133,16,483
1380,67,17,166,17,267
1381,68,31,102,17,218
1382,51,31,102,17,201
1384,99,18,150,17,284
1385,67,33,150,17,267
1386,66,18,150,17,251
1388,301,17,82,18,418
1389,550,16,66,18,650
1391,50,16,84,17,167
1392,65,17,100,17,199
1393,167,32,101,16,316
1394,67,17,133,16,233
1395,84,17,100,16,217
1396,67,17,100,16,200
1397,50,17,100,16,183
1398,66,17,67,16,166
1399,98,35,82,18,233
1400,67,15,101,16,199
1402,67,17,82,18,184
1403,50,17,82,18,167
1405,51,16,50,18,135
1407,1032,34,67,15,1148
1408,66,18,82,18,184
1409,50,18,82,18,168
1410,100,18,65,18,201
1411,166,34,66,18,284
1412,85,33,66,16,200
1413,67,33,66,16,182
1414,99,17,100,18,234
1415,99,34,66,18,217
1416,300,18,232,17,567
1418,68,16,66,18,168
1419,66,34,67,15,182
1421,534,34,232,18,818
1422,66,16,135,15,232
1423,101,33,67,15,216
1424,535,15,151,16,717
1428,50,32,66,18,166
1429,65,35,232,17,349
1430,67,18,232,17,334
1431,148,18,184,16,366
1432,101,16,101,15,233
1433,66,34,101,15,216
1434,99,18,184,16,317
1436,284,34,232,18,568
1438,301,15,151,16,483
1440,168,18,132,18,336
1441,1034,33,51,15,1133
1442,100,17,167,18,302
1443,66,33,167,18,284
1444,150,34,232,18,434
1446,301,18,166,15,500
1447,84,16,51,15,166
1448,84,34,232,18,368
1449,101,32,151,16,300
1451,83,15,151,16,265
1453,100,33,68,16,217
1454,50,34,68,15,167
1455,549,18,66,17,650
1456,82,35,49,16,182
1457,151,16,134,15,316
1460,65,18,166,15,264
1461,167,34,66,16,283
1462,51,32,134,15,232
1464,50,33,68,15,166
1465,99,34,66,16,215
1469,101,33,100,17,251
1471,67,33,100,17,217
1475,66,33,100,17,216
1477,15466,34,66,18,15584
1478,50,34,134,17,235
1480,151,33,99,17,300
1481,51,16,101,17,185
1482,167,16,66,17,266
1483,66,35,66,17,184
1484,66,18,66,17,167
1487,101,33,66,17,217
1488,68,16,66,17,167
1489,549,17,67,15,648
1490,68,16,66,17,167
1491,66,33,67,16,182
1492,299,17,67,15,398
1493,283,17,67,15,382
1494,49,33,68,16,166
1495,150,17,51,15,233
1496,151,32,68,17,268
1497,101,33,51,15,200
1499,84,17,51,15,167
1500,301,17,66,16,400
1501,150,17,67,15,249
1502,51,32,68,17,168
1503,150,16,167,16,349
1505,83,17,67,15,182
1507,535,32,134,18,719
1508,99,17,99,17,232
1509,101,33,66,17,217
1512,2003,13,67,16,2099
1513,167,34,199,16,416
1514,84,32,50,18,184
1515,67,32,50,18,167
1516,52,32,50,18,152
1518,83,34,199,16,332
1520,51,34,199,16,300
1521,50,18,199,16,283
1523,67,33,133,16,249
1524,84,32,135,17,268
1525,66,32,135,17,250
1526,51,32,135,17,235
1528,84,34,67,17,202
1529,66,34,67,17,184
1531,301,34,100,15,450
1533,166,35,100,15,316
1534,1034,16,66,16,1132
1535,301,33,116,16,466
1536,51,32,134,18,235
1538,101,17,100,15,233
1540,66,17,100,15,198
1542,85,32,101,15,233
1543,69,32,101,15,217
1544,51,32,101,15,199
1545,283,16,87,14,400
1546,85,34,66,15,200
1548,51,34,66,15,166
1549,68,33,116,16,233
1550,65,18,116,16,215
1552,52,33,67,16,168
1553,66,33,50,16,165
1554,101,17,66,15,199
1556,68,17,66,15,166
1557,83,16,87,14,200
1558,171,14,134,15,334
1560,165,17,168,16,366
1561,66,33,168,15,282
1563,67,34,134,15,250
1564,150,33,67,16,266
1565,53,14,134,15,216
1566,101,18,133,16,268
1568,114,34,150,15,313
1569,67,33,67,16,183
1570,284,34,99,19,436
1571,102,33,65,17,217
1572,151,32,52,15,250
1573,299,33,52,16,400
1576,51,33,67,17,168
1579,65,35,66,16,182
1582,68,15,67,17,167
1583,52,15,67,17,151
1585,66,33,85,16,200
1586,1015,35,100,15,1165
1590,301,16,166,16,499
1591,167,33,318,16,534
1592,68,16,66,16,166
1593,84,16,67,18,185
1596,166,15,100,17,298
1597,66,33,318,16,433
1600,101,15,100,17,233
1601,66,33,100,17,216
1603,28051,17,83,17,28168
1604,165,17,66,16,264
1606,67,15,133,16,231
1607,52,15,133,16,216
1608,66,16,168,17,267
1609,100,34,100,17,251
1611,301,32,68,15,416
1613,152,16,100,15,283
1615,100,34,100,15,249
1616,65,18,100,16,199
1617,66,34,100,15,215
1618,84,35,118,13,250
1619,52,16,100,15,183
1621,69,31,66,21,187
1623,100,32,68,15,215
1624,149,34,134,14,331
1625,547,16,101,16,680
1626,104,13,67,16,200
1629,53,13,67,16,149
1630,51,34,134,14,233
1632,62,18,101,14,195
1633,1999,34,66,18,2117
1634,51,33,68,14,166
1635,98,36,132,17,283
1636,102,17,132,17,268
1637,101,32,100,17,250
1639,68,32,100,17,217
1640,84,33,67,17,201
1641,551,17,101,15,684
1642,49,33,67,17,166
1643,65,35,100,15,215
1644,51,35,100,15,201
1645,301,32,67,18,418
1647,67,34,65,17,183
1648,67,17,65,17,166
1649,100,31,102,17,250
1653,65,33,101,16,215
1654,1033,16,152,15,1216
1655,64,35,66,16,181
1657,1034,33,85,15,1167
1658,51,34,66,16,167
1659,552,16,134,15,717
1660,534,16,134,15,699
1661,66,34,51,16,167
1662,151,32,52,16,251
1664,65,17,201,15,298
1665,67,34,84,16,201
1667,51,16,84,16,167
1668,551,33,67,15,666
1669,166,35,149,16,366
1670,65,17,101,15,198
1672,69,16,134,15,234
1674,1033,17,67,17,1134
1675,284,16,134,15,449
1677,3932,33,134,17,4116
1678,51,32,66,18,167
1679,1034,34,133,16,1217
1681,67,31,85,16,199
1683,66,34,51,16,167
1684,166,18,100,15,299
1685,65,33,105,30,233
1686,151,37,96,16,300
1689,168,33,65,17,283
1690,66,18,100,15,199
1692,50,37,96,16,199
1695,67,33,65,17,182
1696,51,33,65,17,166
1697,63,33,67,15,178
1698,300,16,152,15,483
1700,83,35,132,17,267
1701,65,35,132,17,249
1702,552,32,67,17,668
1703,284,15,85,15,399
1704,166,17,85,15,283
1705,167,33,152,15,367
1707,165,34,66,17,282
1708,551,34,133,16,734
1709,99,33,152,15,299
1710,550,33,132,17,732
1711,98,34,66,17,215
1712,67,16,152,15,250
1713,300,33,102,15,450
1714,102,15,85,15,217
1715,150,18,116,16,300
1716,1016,33,69,15,1133
1717,100,35,116,16,267
1718,50,33,101,16,200
1719,66,35,116,16,233
1720,1032,18,66,15,1131
1721,50,18,116,16,200
1722,50,32,67,17,166
1724,100,17,100,16,233
1726,82,33,102,15,232
1727,67,33,102,15,217
1728,51,33,102,15,201
1731,167,34,133,16,350
1732,300,17,84,16,417
1734,65,19,66,15,165
1737,550,17,66,17,650
1738,85,33,132,17,267
1739,283,16,65,18,382
1740,284,32,51,16,383
1741,67,32,100,17,216
1742,166,16,52,16,250
1743,65,35,65,17,182
1745,67,33,84,16,200
1746,66,17,84,16,183
1747,51,17,84,16,168
1748,66,16,52,16,150
1749,65,34,66,18,183
1751,66,34,65,18,183
1753,52,16,65,18,151
1754,66,17,51,16,150
1755,84,15,85,16,200
1756,298,17,66,18,399
1757,50,15,85,16,166
1758,102,16,166,17,301
1759,101,33,133,17,284
1760,67,16,166,17,266
1763,51,16,133,17,217
1764,66,17,66,16,165
1765,67,33,66,17,183
1766,66,17,66,17,166
1767,67,33,99,18,217
1768,66,17,99,18,200
1769,99,33,67,17,216
1770,100,16,67,17,200
1772,67,16,67,17,167
1774,284,34,100,15,433
1775,2000,33,168,15,2216
1777,168,32,68,16,284
1778,2000,16,101,15,2132
1779,84,17,85,15,201
1781,50,17,85,15,167
1782,50,34,51,15,150
1783,149,17,100,15,281
1785,85,15,68,15,183
1786,82,34,100,15,231
1787,83,17,100,15,215
1789,302,33,266,17,618
1791,68,33,100,17,218
1793,67,33,67,17,184
1794,67,17,67,17,168
1795,150,15,100,16,281
1797,549,17,100,18,684
1798,84,32,100,16,232
1799,67,32,100,16,215
1800,52,32,100,16,200
1801,102,33,266,17,418
1802,65,19,65,16,165
1803,3933,33,67,17,4050
1806,100,18,100,17,235
1807,149,17,50,16,232
1808,65,18,100,17,200
1810,167,16,67,17,267
1811,301,33,100,18,452
1812,102,16,66,17,201
1813,50,17,50,16,133
1814,67,16,66,17,166
1817,2000,33,66,18,2117
1818,166,17,66,16,265
1819,66,34,67,16,183
1823,67,34,66,16,183
1825,83,17,100,18,218
1826,66,17,100,18,201
1828,67,16,85,15,183
1829,66,33,52,15,166
1830,66,17,52,15,150
1832,299,18,66,17,400
1833,301,33,66,19,419
1834,101,17,65,19,202
1835,301,33,133,18,485
1838,67,15,333,18,433
1839,52,15,333,18,418
1840,67,15,102,16,200
1842,298,18,265,18,599
1843,167,33,133,18,351
1844,99,18,66,17,200
1847,67,33,66,19,185
1848,85,33,133,18,269
1850,51,33,133,18,235
1851,99,33,134,17,283
1852,50,33,100,18,201
1854,70,14,134,17,235
1855,52,14,134,17,217
1856,66,18,265,18,367
1857,50,18,265,18,351
1858,165,15,51,16,247
1859,50,17,133,17,217
1860,83,34,66,17,200
1861,65,34,66,17,182
1862,167,16,167,17,367
1863,67,32,51,16,166
1864,148,33,169,15,365
1865,100,33,167,17,317
1866,301,18,165,17,501
1867,83,16,167,17,283
1868,66,16,167,17,266
1869,51,16,167,17,251
1870,152,33,100,16,301
1872,101,16,133,16,266
1873,67,34,133,16,250
1875,52,16,133,16,217
1876,151,32,99,18,300
1878,149,34,65,18,266
1879,49,17,67,16,149
1880,66,18,165,17,266
1881,167,32,67,18,284
1882,302,15,68,15,400
1883,67,34,65,18,184
1884,50,34,65,18,167
1885,549,16,67,17,649
1886,51,33,66,17,167
1887,67,32,67,18,184
1888,83,34,51,16,184
1889,99,33,168,15,315
1890,1016,33,52,15,1116
1891,66,33,168,15,282
1892,66,16,168,15,265
1893,67,34,101,15,217
1894,550,32,51,16,649
1895,51,16,101,15,183
1896,68,15,68,15,166
1897,52,15,68,15,150
1899,67,34,98,17,216
1900,65,18,98,17,198
1901,2000,35,66,17,2118
1902,166,17,66,18,267
1904,167,16,134,17,334
1905,149,16,134,17,316
1906,1018,32,101,17,1168
1907,65,34,66,18,183
1908,101,16,134,17,268
1909,66,33,134,17,250
1911,51,16,134,17,218
1912,101,16,67,17,201
1913,51,15,168,17,251
1914,101,15,133,18,267
1915,85,15,133,18,251
1917,552,15,67,18,652
1918,100,17,65,18,200
1919,67,34,65,18,184
1923,67,32,51,16,166
1924,300,16,68,15,399
1926,301,16,84,15,416
1927,167,33,66,18,284
1928,165,18,66,18,267
1930,99,18,99,18,234
1932,66,18,99,18,201
1933,101,33,51,16,201
1934,1035,16,134,15,1200
1936,101,16,68,15,200
1938,302,15,184,16,517
1940,67,16,84,15,182
1944,65,18,65,18,166
1945,84,15,67,18,184
1946,301,16,50,16,383
1948,3936,14,67,18,4035
1949,50,15,52,15,132
1951,85,15,184,16,300
1955,535,31,119,16,701
1957,51,18,99,16,184
1958,52,32,67,16,167
1959,535,31,52,16,634
1960,100,17,133,17,267
1961,65,34,133,17,249
1962,67,17,133,17,234
1964,50,32,101,17,200
1965,167,33,150,18,368
1967,166,34,66,18,284
1969,101,33,150,18,302
1970,51,33,100,18,202
1971,67,33,150,18,268
1972,67,16,150,18,251
1974,67,18,66,18,169
1975,67,33,67,16,183
1976,50,33,67,16,166
1978,51,33,50,18,152
1980,68,16,65,18,167
1981,534,32,51,16,633
1982,150,31,52,16,249
1985,65,36,132,18,251
1986,67,18,132,18,235
1987,532,33,201,16,782
1988,99,17,284,17,417
1989,168,33,68,15,284
1990,284,32,134,17,467
1991,165,33,68,15,281
1992,550,33,100,16,699
1993,52,16,134,15,217
1994,102,15,68,15,200
1997,66,33,68,15,182
1999,101,33,67,16,217
2000,83,33,67,16,199
2001,534,33,67,15,649
2002,83,32,134,17,266
2003,100,35,65,17,217
2004,50,32,134,17,233
2005,65,35,65,17,182
2006,68,17,65,17,167
2007,67,33,66,17,183
2008,300,18,100,16,434
2009,51,17,66,17,151
2010,534,14,52,15,615
2011,65,34,101,15,215
2013,66,33,134,17,250
2014,82,33,201,16,332
2015,51,16,134,17,218
2016,101,17,66,17,201
2018,67,17,66,17,167
2025,50,16,133,17,216
2026,51,35,65,17,168
2027,100,33,67,15,215
2028,83,33,67,15,198
2029,67,33,67,15,182
2030,50,33,67,15,165
2031,165,32,52,15,264
2033,1018,15,199,18,1250
2034,2002,15,167,18,2202
2035,100,32,52,15,199
2036,83,32,52,15,182
2037,67,32,52,15,166
2039,299,35,67,15,416
2040,68,17,100,16,201
2043,52,15,167,18,252
2045,100,34,116,15,265
2046,66,17,117,17,217
2047,102,32,167,18,319
2049,67,32,167,18,284
2050,3933,18,65,17,4033
2052,67,16,51,15,149
2053,65,35,67,15,182
2054,68,17,67,15,167
2055,150,17,68,15,250
2056,168,15,67,18,268
2058,84,32,68,15,199
2059,82,17,68,15,182
2060,51,32,68,15,166
2061,86,15,67,18,186
2062,68,15,67,18,168
2063,50,15,67,18,150
2064,551,32,133,18,734
2067,168,32,52,16,268
2068,299,16,52,15,382
2069,150,15,52,16,233
2070,101,17,67,17,202
2071,101,32,52,16,201
2072,282,33,52,15,382
2073,68,32,52,16,168
2074,100,18,65,17,200
2075,51,15,52,16,134
2078,298,18,165,18,499
2080,51,32,67,18,168
2081,1032,33,85,15,1165
2082,65,16,52,15,148
2083,82,17,184,17,300
2084,67,17,184,17,285
2085,85,15,52,15,167
2086,83,35,98,18,234
2087,52,15,52,15,134
2088,50,35,98,18,201
2090,166,17,66,17,266
2092,65,18,165,18,266
2093,83,15,133,18,249
2094,66,15,133,18,232
2095,51,15,133,18,217
2096,68,17,66,17,168
2097,50,17,66,17,150
2098,50,34,98,17,199
2100,30816,34,100,15,30965
2102,67,15,134,18,234
2103,1032,33,66,19,1150
2104,100,18,83,15,216
2105,50,16,167,18,251
2106,66,18,83,15,182
2107,101,33,166,19,319
2108,51,32,100,18,201
2111,532,33,85,15,665
2112,151,34,65,18,268
2113,100,34,99,18,251
2114,301,15,89,28,433
2115,67,34,99,18,218
2116,282,35,182,16,515
2117,52,16,99,18,185
2119,68,31,119,15,233
2121,166,33,89,28,316
2122,68,15,135,15,233
2123,83,16,51,15,165
2124,100,17,68,15,200
2125,52,16,51,15,134
2127,67,33,89,28,217
2128,67,15,89,28,199
2130,50,35,182,16,283
2131,100,22,95,16,233
2132,65,17,267,18,367
2133,285,15,52,15,367
2134,71,44,134,18,267
2135,54,44,134,18,250
2137,66,34,50,16,166
2138,95,16,85,15,211
2139,1999,35,66,18,2118
2140,168,15,52,15,250
2141,51,16,85,15,167
2144,67,16,67,18,168
2145,51,16,67,18,152
2146,300,17,51,20,388
2148,301,15,66,19,401
2149,67,33,167,18,285
2151,552,14,67,18,651
2152,289,28,118,15,450
2154,165,17,51,20,253
2155,300,33,102,14,449
2156,1967,17,65,16,2065
2157,66,34,84,20,204
2160,66,17,51,20,154
2161,151,15,118,15,299
2162,169,15,51,17,252
2163,66,38,146,15,265
2164,88,28,118,15,249
2165,51,20,146,15,232
2166,300,14,67,18,399
2167,151,17,67,14,249
2169,1030,32,266,18,1346
2170,66,16,102,14,198
2171,549,18,50,17,634
2172,66,17,67,14,164
2173,51,17,67,14,149
2176,166,17,50,15,248
2177,50,17,64,18,149
2178,101,14,67,18,200
2179,1018,17,66,18,1119
2180,99,17,50,15,181
2181,64,35,50,15,164
2182,150,33,102,17,302
2183,150,15,102,17,284
2184,64,17,168,17,266
2185,67,33,135,17,252
2186,550,33,66,18,667
2187,83,15,102,17,217
2188,50,33,102,17,202
2190,66,17,216,17,316
2191,152,15,102,15,284
2192,99,18,66,15,198
2193,301,35,99,15,450
2194,66,18,66,15,165
2195,67,32,102,15,216
2197,51,15,102,15,183
2198,152,32,68,14,266
2199,149,17,68,14,248
2200,64,18,50,17,149
2202,51,35,65,17,168
2203,68,32,68,14,182
2204,285,34,50,16,385
2205,167,33,67,17,284
2206,2001,16,151,16,2184
2207,549,17,66,18,650
2208,67,18,99,15,199
2209,100,33,67,17,217
2211,67,33,67,17,184
2212,150,34,50,16,250
2213,282,18,65,17,382
2215,100,34,50,16,200
2216,65,18,66,18,167
2217,151,16,68,15,250
2220,301,17,133,18,469
2221,66,34,68,15,183
2222,67,16,68,15,166
2224,101,18,65,17,201
2225,84,18,65,17,184
2226,66,18,65,17,166
2227,300,33,51,15,399
2228,52,32,266,18,368
2230,50,33,67,17,167
2231,549,16,67,17,649
2232,301,15,133,19,468
2233,67,33,133,18,251
2234,66,17,133,18,234
2235,67,34,66,18,185
2237,84,16,66,18,184
2238,51,33,66,18,168
2239,51,16,66,18,151
2240,167,15,133,19,334
2242,533,17,65,16,631
2243,284,16,66,18,384
2248,1033,17,67,15,1132
2249,285,15,51,16,367
2250,65,17,251,16,349
2251,50,17,251,16,334
2252,66,17,133,18,234
2253,549,18,65,17,649
2254,51,32,101,18,202
2256,168,15,51,16,250
2257,51,16,66,18,151
2259,101,33,51,16,201
2260,100,15,51,16,182
2261,84,15,51,16,166
2262,67,15,51,16,149
2268,67,15,100,16,198
2269,84,17,65,16,182
2271,7768,32,51,15,7866
2272,65,16,101,17,199
2273,167,33,134,17,351
2274,66,16,67,17,166
2275,65,34,166,17,282
2276,50,34,166,17,267
2277,68,33,167,17,285
2278,66,17,167,17,267
2279,535,33,99,17,684
2280,51,33,134,17,235
2281,300,31,51,17,399
2284,66,17,84,17,184
2287,65,34,167,15,281
2288,101,17,97,18,233
2289,67,34,97,18,216
2290,66,17,97,18,198
2291,101,33,67,15,216
2292,51,33,64,18,166
2293,1034,32,51,16,1133
2294,533,16,151,16,716
2295,97,36,66,18,217
2296,50,31,51,17,149
2297,64,36,66,18,184
2298,1984,33,300,16,2333
2299,301,32,51,15,399
2300,51,32,52,15,150
2301,51,17,52,15,135
2302,152,33,99,17,301
2303,66,33,167,17,283
2308,50,33,99,17,199
2310,84,33,83,15,215
2311,67,33,83,15,198
2312,84,32,51,15,182
2313,67,32,51,15,165
2314,52,32,51,15,150
2315,65,33,67,17,182
2316,101,15,101,17,234
2317,65,33,101,17,216
2318,167,16,66,18,267
2319,284,16,134,16,450
2322,66,16,151,16,249
2323,51,16,151,16,234
2326,67,16,66,18,167
2327,301,34,133,17,485
2328,66,16,84,17,183
2329,66,33,51,17,167
2330,150,34,100,15,299
2331,66,34,134,16,250
2332,67,16,134,16,233
2333,301,33,66,18,418
2334,66,17,267,17,367
2335,84,18,100,15,217
2336,99,17,68,15,199
2339,100,34,133,17,284
2340,84,34,133,17,268
2341,66,34,133,17,250
2342,51,34,133,17,235
2343,68,33,66,16,183
2344,151,34,65,18,268
2346,99,18,66,18,201
2347,1033,32,201,17,1283
2348,66,18,66,18,168
2349,100,32,51,16,199
2352,102,15,68,16,201
2353,167,34,65,18,284
2354,68,15,68,16,167
2355,83,16,100,18,217
2356,150,32,83,18,283
2357,167,33,50,18,268
2358,66,17,66,18,167
2360,167,17,67,15,266
2363,66,33,50,18,167
2364,50,33,50,18,151
2365,65,35,67,15,182
2366,152,31,67,18,268
2367,68,33,65,17,183
2372,100,18,98,18,234
2373,65,35,98,18,216
2374,66,18,98,18,200
2375,66,32,66,18,182
2376,51,32,66,18,167
2377,67,34,83,18,202
2378,300,17,67,17,401
2379,66,32,51,18,167
2380,302,16,66,16,400
2381,550,17,67,16,650
2382,66,18,66,16,166
2384,51,33,65,17,166
2385,102,32,134,17,285
2387,98,35,99,17,249
2388,67,16,134,17,234
2390,284,34,66,16,400
2391,67,32,67,17,183
2392,167,16,51,16,250
2394,2000,18,66,16,2100
2395,165,34,66,18,283
2396,51,33,66,18,168
2397,100,33,100,18,251
2398,98,17,100,18,233
2399,99,34,66,18,217
2400,100,16,66,18,200
2401,66,34,66,18,184
2404,1018,33,83,18,1152
2405,100,34,67,16,217
2407,100,33,67,16,216
2408,68,16,67,16,167
2411,67,34,67,15,183
2412,66,17,67,15,165
2413,167,33,66,17,283
2414,51,33,300,16,400
2415,151,16,66,17,250
2417,150,17,65,19,251
2418,51,33,132,19,235
2419,67,33,66,17,183
2420,84,34,65,19,202
2421,533,32,85,16,666
2422,51,34,65,19,169
2423,50,17,65,19,151
2424,99,16,168,17,300
2425,99,34,67,16,216
2427,166,34,133,17,350
2428,69,15,67,16,167
2429,52,15,67,16,150
2430,50,34,67,16,167
2431,168,33,84,17,302
2432,149,33,84,17,283
2433,101,33,67,15,216
2434,51,34,133,17,235
2435,100,33,84,17,234
2436,51,33,67,15,166
2437,67,33,84,17,201
2438,51,33,84,17,185
2439,283,16,51,16,366
2440,50,34,50,17,151
2441,67,33,100,17,217
2443,67,34,66,17,184
2444,50,34,66,17,167
2445,50,17,66,17,150
2446,301,17,65,18,401
2447,100,32,85,16,233
2448,65,18,117,16,216
2449,149,17,199,17,382
2450,151,33,67,17,268
2451,65,34,51,16,166
2453,550,16,66,18,650
2454,66,17,199,17,299
2456,50,33,67,17,167
2457,101,33,65,18,217
2458,100,17,65,18,200
2459,83,17,65,18,183
2462,101,15,85,16,217
2463,50,16,83,18,167
2464,67,15,85,16,183
2465,150,16,85,16,267
2466,99,18,64,18,199
2468,300,16,66,18,400
2469,168,34,65,18,285
2471,51,16,85,16,168
2475,67,34,65,18,184
2476,51,34,65,18,168
2479,99,34,66,18,217
2481,3932,34,53,13,4032
2482,168,17,66,17,268
2483,149,17,66,17,249
2484,49,33,68,16,166
2485,52,15,68,16,151
2486,67,15,67,17,166
2487,167,33,51,16,267
2488,66,17,66,17,166
2489,51,17,66,17,151
2490,50,32,51,16,149
2492,83,33,51,16,183
2493,66,33,51,16,166
2494,50,33,51,16,150
2495,100,34,66,18,218
2496,101,16,66,18,201
2497,166,33,135,16,350
2498,167,15,135,16,333
2499,84,16,133,17,250
2500,100,17,51,16,184
2501,51,16,133,17,217
2502,65,17,51,16,149
2503,66,33,135,16,250
2504,1017,34,99,17,1167
2506,1019,31,68,17,1135
2508,65,17,68,16,166
2509,67,35,66,16,184
2510,66,18,66,16,166
2511,50,18,66,16,150
2512,85,33,100,16,234
2513,167,34,117,16,334
2516,51,33,184,16,284
2518,66,17,134,17,234
2520,66,18,117,16,217
2521,67,33,84,16,200
2522,301,17,66,18,402
2523,151,16,134,16,317
2524,51,33,118,16,218
2525,66,34,66,18,184
2526,67,17,66,18,168
2527,84,16,134,16,250
2529,168,33,66,18,285
2530,50,33,68,16,167
2533,101,33,66,18,218
2534,51,34,265,18,368
2535,101,33,67,16,217
2536,99,17,67,16,199
2537,2001,31,100,18,2150
2538,84,33,66,17,200
2539,66,33,66,17,182
2541,299,34,167,17,517
2542,50,34,132,18,234
2543,83,16,67,17,183
2544,1033,18,183,17,1251
2545,50,16,67,17,150
2548,83,33,134,16,266
2550,101,16,67,16,200
2552,67,16,67,16,166
2553,51,16,67,16,150
2554,101,16,167,17,301
2556,533,16,100,17,666
2557,51,16,167,17,251
2559,67,34,133,17,251
2561,67,34,99,17,217
2562,85,31,68,17,201
2563,68,31,68,17,184
2564,151,33,99,18,301
2566,102,16,67,16,201
2567,166,33,66,17,282
2568,3915,35,65,19,4034
2569,52,16,67,16,151
2570,51,33,99,18,201
2573,100,32,84,16,232
2574,83,32,84,16,215
2575,99,34,50,16,199
2577,532,33,167,17,749
2578,167,16,100,17,300
2580,68,16,200,19,303
2581,168,33,66,19,286
2582,66,16,68,17,167
2583,50,16,68,17,151
2584,67,16,100,17,200
2586,284,33,66,17,400
2587,151,16,50,19,236
2588,533,16,101,17,667
2589,51,16,66,19,152
2590,51,33,52,12,148
2591,50,16,52,12,130
2592,101,12,103,16,232
2593,85,12,103,16,216
2594,68,12,103,16,199
2595,52,12,103,16,183
2596,66,19,65,16,166
2597,168,32,101,17,318
2598,66,16,132,18,232
2599,54,16,132,18,220
2600,150,33,167,17,367
2601,65,34,183,17,299
2602,166,15,68,17,266
2603,99,33,167,17,316
2604,1034,16,67,16,1133
2606,101,15,68,17,201
2608,67,15,68,17,167
2609,151,17,67,16,251
2611,68,33,66,17,184
2612,166,18,83,15,282
2613,151,18,83,15,267
2614,50,34,67,16,167
2615,99,35,83,15,232
2617,167,32,135,15,349
2618,167,15,135,15,332
2619,550,16,233,16,815
2622,101,15,135,15,266
2623,299,33,68,15,415
2624,67,15,135,15,232
2625,85,16,66,16,183
2626,84,33,133,17,267
2627,51,16,66,16,149
2628,150,33,83,19,285
2629,168,33,166,18,385
2632,65,18,66,17,166
2633,100,33,166,18,317
2635,67,33,166,18,284
2637,99,36,97,18,250
2638,84,36,97,18,235
2639,66,36,97,18,217
2640,533,18,132,17,700
2641,1034,33,66,17,1150
2642,52,32,65,18,167
2644,166,18,65,18,267
2645,147,18,65,18,248
2647,3933,32,51,17,4033
2648,68,16,233,16,333
2649,549,16,251,17,833
2650,67,18,65,18,168
2651,102,31,100,18,251
2652,50,34,131,18,233
2654,101,16,66,18,201
2655,50,15,100,18,183
2656,67,16,66,18,167
2657,65,37,96,18,216
2658,49,37,96,18,200
2659,52,19,96,18,185
2661,100,33,134,17,284
2663,63,33,134,17,247
2664,65,17,134,17,233
2665,1018,16,66,18,1118
2666,67,16,67,16,166
2669,50,18,132,17,217
2671,150,16,51,16,233
2672,84,34,116,16,250
2673,549,16,102,15,682
2675,67,32,51,16,166
2678,284,32,117,17,450
2679,65,34,66,18,183
2680,15450,34,99,17,15600
2681,51,16,66,18,151
2683,51,16,85,15,167
2684,100,20,96,17,233
2685,51,15,52,15,133
2687,51,20,96,17,184
2688,299,16,102,15,432
2689,52,15,67,17,151
2690,536,13,67,18,634
2691,64,32,117,17,230
2692,65,17,117,17,216
2694,50,34,67,16,167
2695,99,34,65,18,216
2696,285,32,50,17,384
2697,67,34,65,18,184
2698,84,33,66,17,200
2700,52,33,66,17,168
2701,99,34,100,17,250
2702,166,18,65,17,266
2703,83,16,100,17,216
2704,100,16,100,17,233
2705,50,16,100,17,183
2706,301,17,66,15,399
2707,1035,33,133,16,1217
2710,150,33,100,18,301
2711,100,34,53,13,200
2712,67,16,167,18,268
2713,82,17,53,13,165
2714,1034,16,67,17,1134
2716,1033,17,66,18,1134
2717,51,16,100,18,185
2718,70,13,67,18,168
2719,84,17,66,15,182
2722,1031,15,134,16,1196
2723,535,33,50,16,634
2724,98,17,102,15,232
2726,100,16,100,16,232
2727,299,34,102,16,451
2729,82,18,66,16,182
2730,301,18,67,16,402
2731,102,32,51,15,200
2732,150,32,84,18,284
2734,52,32,51,15,150
2735,100,32,84,18,234
2736,84,32,84,18,218
2737,149,16,102,16,283
2738,83,33,252,16,384
2739,150,18,67,16,251
2741,300,33,67,17,417
2742,549,33,67,17,666
2743,1985,16,67,17,2085
2745,51,18,67,16,152
2746,100,18,66,15,199
2747,67,35,66,15,183
2749,83,17,66,17,183
2750,85,33,50,16,184
2751,301,33,133,16,483
2752,51,33,50,16,150
2754,165,18,67,16,266
2755,166,33,133,17,349
2756,68,16,67,17,168
2757,98,35,67,16,216
2758,100,18,67,16,201
2759,1017,16,66,18,1117
2760,83,33,133,17,266
2761,67,33,133,17,250
2763,102,33,133,16,284
2767,150,16,67,17,250
2768,50,33,66,17,166
2770,50,33,67,16,166
2771,66,33,67,17,183
2772,299,18,234,16,567
2774,517,34,99,16,666
2775,67,33,51,15,166
2776,100,16,134,16,266
2780,166,18,234,16,434
2782,67,20,63,16,166
2783,51,20,63,16,150
2784,53,30,99,18,200
2785,51,17,99,18,185
2786,99,17,133,17,266
2787,547,16,66,18,647
2788,83,33,51,16,183
2789,99,34,150,18,301
2790,51,33,51,16,151
2791,66,34,150,18,268
2792,50,34,150,18,252
2793,51,16,150,18,235
2794,100,17,133,19,269
2798,550,34,66,16,666
2799,50,16,135,16,217
2800,68,17,65,19,169
2802,51,34,99,16,200
2803,100,35,99,16,250
2804,101,16,99,16,232
2805,166,33,51,16,266
2806,68,16,99,16,199
2807,66,33,233,17,349
2808,66,17,233,17,333
2810,65,17,67,17,166
2811,66,33,51,16,166
2812,67,16,51,16,150
2813,1017,15,167,17,1216
2814,50,34,99,18,201
2815,84,16,66,18,184
2816,67,16,66,18,167
2817,51,16,66,18,151
2819,66,33,101,16,216
2821,167,34,66,16,283
2822,84,33,166,18,301
2823,150,18,66,16,250
2827,284,16,67,16,383
2828,549,34,67,17,667
2829,551,16,67,17,651
2830,51,33,133,17,234
2831,67,33,265,15,380
2832,167,17,233,16,433
2833,98,35,50,16,199
2834,151,33,67,16,267
2835,65,35,50,16,166
2836,101,17,233,16,367
2837,67,33,233,16,349
2838,67,17,233,16,333
2839,68,33,67,16,184
2841,300,32,233,18,583
2842,84,33,99,17,233
2844,163,19,134,16,332
2845,50,17,99,17,183
2849,65,34,134,16,249
2850,64,19,134,16,233
2851,66,34,66,18,184
2852,84,34,99,18,235
2855,301,32,167,17,517
2856,67,16,233,18,334
2857,1017,15,134,17,1183
2858,84,33,67,17,201
2859,299,34,99,17,449
2860,167,17,232,17,433
2861,67,34,100,17,218
2863,51,16,100,17,184
2865,151,15,167,17,350
2866,66,17,232,17,332
2867,550,17,182,18,767
2869,67,32,167,17,283
2870,67,15,167,17,266
2871,99,34,99,17,249
2872,3918,33,66,15,4032
2873,66,34,99,17,216
2874,100,15,118,17,250
2875,301,32,202,16,551
2876,301,14,202,16,533
2879,67,32,51,17,167
2880,150,33,65,19,267
2881,102,33,98,19,252
2882,65,18,150,16,249
2883,83,17,98,19,217
2885,101,33,51,16,201
2886,168,16,67,16,267
2887,66,33,51,16,166
2888,50,33,51,16,150
2889,66,32,202,16,316
2890,68,14,202,16,300
2891,283,16,50,18,367
2892,100,17,67,17,201
2893,51,16,67,16,150
2895,152,16,66,17,251
2896,66,17,182,18,283
2897,167,32,50,18,267
2899,150,16,50,18,234
2901,50,16,66,17,149
2903,83,16,50,18,167
2904,50,32,50,18,150
2905,50,16,50,18,134
2906,3917,32,66,19,4034
2907,65,35,65,18,183
2908,84,32,151,16,283
2909,50,18,65,18,151
2910,101,15,118,16,250
2911,167,35,65,17,284
2912,284,33,66,17,400
2913,65,33,134,17,249
2914,151,32,118,16,317
2916,65,17,100,17,199
2917,67,35,65,17,184
2918,84,32,118,16,250
2922,301,16,203,13,533
2924,550,33,66,17,666
2926,167,18,50,16,251
2927,85,16,67,15,183
2928,84,32,67,18,201
2930,100,18,50,16,184
2932,299,17,167,17,500
2934,166,17,66,17,266
2936,100,17,67,16,200
2937,50,16,203,13,282
2939,67,34,66,17,184
2942,51,33,103,13,200
2943,100,34,167,17,318
2945,167,33,67,17,284
2946,68,17,167,17,269
2947,103,31,66,16,216
2949,70,31,66,16,183
2951,283,18,132,17,450
2952,83,33,66,17,199
2954,167,16,101,17,301
2955,165,35,66,17,283
2957,67,32,134,17,250
2959,550,17,250,16,833
2960,152,32,67,16,267
2962,83,34,132,17,266
2963,84,18,132,17,251
2964,85,32,67,16,200
2967,66,33,167,18,284
2968,300,16,117,17,450
2972,50,33,134,16,233
2973,67,33,133,17,250
2975,100,33,101,15,249
2976,284,33,67,17,401
2977,100,34,67,15,216
2978,166,18,66,16,266
2979,101,32,117,17,267
2980,50,34,67,15,166
2981,67,32,117,17,233
2984,65,18,66,16,165
2987,101,33,67,17,218
2988,167,17,67,17,268
2989,66,33,67,17,183
2990,51,33,67,17,168
2993,83,17,67,17,184
2995,50,17,67,17,151
2996,51,32,67,17,167
2999,534,31,134,17,716
3000,533,15,134,17,699
3002,100,16,52,15,183
3003,151,15,50,16,232
3004,149,33,50,17,249
3005,51,16,52,15,134
3006,285,31,102,16,434
3008,68,15,50,16,149
3010,50,33,50,17,150
3011,67,33,67,17,184
3012,165,18,82,16,281
3014,100,17,250,18,385
3015,284,15,134,17,450
3016,100,18,82,16,216
3017,67,35,82,16,200
3018,151,32,100,17,300
3019,150,16,100,17,283
3021,101,32,100,17,250
3022,284,32,67,16,399
3023,66,32,100,17,215
3024,167,16,135,14,332
3027,83,15,134,17,249
3031,65,35,198,17,315
3032,166,18,98,17,299
3033,51,18,198,17,284
3034,51,33,67,14,165
3037,65,35,98,17,215
3039,67,32,83,17,199
3040,51,32,83,17,183
3042,101,15,151,16,283
3043,167,32,150,17,366
3044,101,17,67,16,201
3047,50,17,67,16,150
3051,100,33,134,18,285
3053,82,16,134,18,250
3054,50,33,134,18,235
3055,283,18,98,19,418
3056,68,15,101,18,202
3057,66,34,67,18,185
3060,66,17,116,18,217
3062,302,15,68,16,401
3063,85,14,84,18,201
3064,68,14,84,18,184
3065,51,14,84,18,167
3066,67,14,154,15,250
3067,64,37,98,19,218
3070,51,33,65,19,168
3071,52,18,65,19,154
3073,149,17,65,17,248
3074,167,18,65,17,267
3075,65,34,68,16,183
3077,51,15,68,16,150
3078,66,17,65,17,165
3080,165,18,65,16,264
3082,51,31,51,18,151
3083,99,35,65,16,215
3084,66,17,203,14,300
3085,65,35,65,16,181
3086,1034,15,68,15,1132
3089,550,17,200,16,783
3090,51,32,134,16,233
3091,65,34,133,17,249
3092,66,18,133,17,234
3093,83,17,99,17,216
3096,101,17,83,18,219
3097,50,19,64,17,150
3098,66,17,83,18,184
3099,66,33,50,18,167
3100,66,17,50,18,151
3103,83,18,66,15,182
3106,51,32,66,18,167
3108,66,18,66,18,168
3109,150,15,67,16,248
3110,51,32,102,15,200
3113,166,34,65,17,282
3116,150,33,167,16,366
3120,66,18,65,17,166
3121,99,32,67,18,216
3123,301,32,66,19,418
3124,7772,45,67,17,7901
3125,65,35,100,16,216
3126,3935,15,67,18,4035
3127,67,32,68,16,183
3129,101,34,67,17,219
3130,302,15,68,15,400
3131,66,34,67,17,184
3132,84,34,65,16,199
3134,50,34,65,16,165
3135,50,18,65,16,149
3136,52,33,183,17,285
3137,67,32,66,19,184
3138,83,35,65,18,201
3140,85,31,52,15,183
3141,299,34,149,18,500
3142,50,31,52,15,148
3143,66,34,68,15,183
3144,69,15,68,15,167
3145,165,35,66,18,284
3146,68,15,67,17,167
3147,169,32,52,15,268
3148,66,17,67,15,165
3149,51,17,67,15,150
3150,50,32,101,18,201
3151,67,35,66,18,186
3155,67,34,149,18,268
3156,1034,17,167,15,1233
3159,100,33,68,15,216
3160,300,18,133,17,468
3162,81,35,133,15,264
3164,168,16,100,17,301
3165,83,18,66,16,183
3166,150,34,66,17,267
3167,101,33,100,17,251
3168,52,33,100,17,202
3169,99,34,66,17,216
3170,68,16,100,17,201
3171,66,34,66,17,183
3172,100,18,133,17,268
3175,100,33,100,18,251
3177,66,33,100,18,217
3178,285,33,84,15,417
3179,50,16,100,18,184
3180,83,33,66,16,198
3181,50,17,66,18,151
3186,68,15,234,17,334
3187,66,34,100,17,217
3191,84,17,84,15,200
3193,100,34,66,17,217
3195,549,18,165,17,749
3197,150,16,67,18,251
3200,150,33,84,15,282
3202,99,17,100,17,233
3204,66,17,100,17,200
3205,50,17,100,17,184
3206,301,15,68,15,399
3207,67,33,166,19,285
3208,100,17,132,19,268
3211,301,33,99,17,450
3212,66,15,100,19,200
3213,51,15,100,19,185
3215,1034,34,99,17,1184
3217,301,33,84,16,434
3219,84,15,68,15,182
3220,99,19,99,15,232
3221,166,33,66,17,282
3222,99,18,165,17,299
3223,102,33,99,17,251
3224,149,33,233,17,432
3225,68,33,99,17,217
3226,168,16,84,16,284
3227,99,33,233,17,382
3228,167,16,51,16,250
3229,66,33,233,17,349
3230,51,33,233,17,334
3232,167,16,117,17,317
3234,101,17,51,17,186
3235,3934,32,67,17,4050
3236,66,17,51,17,151
3237,67,33,117,17,234
3238,1984,35,232,15,2266
3239,51,16,117,17,201
3240,68,17,65,17,167
3241,51,17,65,17,150
3244,65,17,101,15,198
3247,301,33,202,15,551
3248,51,34,232,17,334
3252,89,30,67,14,200
3253,100,33,99,17,249
3254,54,30,67,14,165
3256,169,15,202,15,401
3257,63,34,65,17,179
3258,51,34,65,17,167
3259,67,32,166,17,282
3260,65,18,166,17,266
3261,66,33,202,15,316
3263,65,33,135,16,249
3265,66,34,201,16,317
3267,67,33,68,16,184
3268,3934,15,85,15,4049
3269,100,35,100,16,251
3270,101,18,100,16,235
3272,165,18,150,17,350
3273,102,33,183,17,335
3277,299,35,231,19,584
3278,66,18,150,17,251
3279,300,32,67,15,414
3280,51,33,117,17,218
3281,282,17,67,15,381
3282,302,14,219,15,550
3283,87,45,134,18,284
3285,99,35,67,15,216
3286,66,16,134,18,234
3287,65,35,67,15,182
3288,112,35,231,19,397
3289,53,17,67,15,152
3296,68,14,219,15,316
3297,283,15,151,17,466
3298,300,17,65,18,400
3299,550,17,66,18,651
3300,64,16,101,19,200
3301,66,36,65,19,186
3302,84,33,300,18,435
3303,67,33,300,18,418
3304,169,15,151,17,352
3305,69,32,52,15,168
3306,167,17,65,18,267
3307,50,15,52,15,132
3308,285,33,51,15,384
3309,150,16,134,18,318
3310,149,32,52,17,250
3312,65,17,65,18,165
3313,84,16,134,18,252
3314,299,17,66,18,400
3315,51,16,134,18,219
3316,301,16,99,17,433
3317,101,33,133,17,284
3318,301,15,66,17,399
3319,68,33,133,17,251
3321,102,33,67,17,219
3322,51,33,51,15,150
3323,66,33,67,17,183
3324,83,33,233,18,367
3325,51,15,67,17,150
3326,51,33,233,18,335
3327,51,15,233,18,317
3328,281,35,132,18,466
3329,84,16,99,17,216
3330,66,16,99,17,198
3331,152,14,135,14,315
3332,68,15,66,17,166
3334,165,17,68,14,264
3337,52,14,135,14,215
3339,66,34,68,14,182
3341,67,35,132,18,252
3343,84,18,67,15,184
3344,1034,18,82,16,1150
3345,101,34,66,16,217
3346,149,34,66,18,267
3347,66,34,66,16,182
3351,166,33,67,18,284
3354,86,31,66,18,201
3356,166,16,133,18,333
3357,99,33,52,15,199
3358,68,15,67,18,168
3359,97,34,133,18,282
3360,99,16,133,18,266
3361,151,15,100,16,282
3362,100,15,218,15,348
3364,283,32,200,17,532
3366,49,33,100,16,198
3367,51,15,100,16,182
3369,285,15,102,15,417
3370,167,16,84,15,282
3372,150,32,200,17,399
3373,65,34,51,15,165
3375,67,34,84,15,200
3376,83,32,200,17,332
3378,52,32,200,17,301
3379,51,15,200,17,283
3380,167,15,233,17,432
3382,82,34,68,15,199
3384,50,34,68,15,167
3389,68,31,52,15,166
3390,98,18,66,16,198
3391,101,32,66,17,216
3392,84,32,66,17,199
3393,66,32,66,17,181
3395,52,15,66,17,150
3396,50,34,66,17,167
3397,66,32,69,16,183
3398,3932,17,234,16,4199
3399,66,34,117,16,233
3401,83,18,82,16,199
3403,51,18,82,16,167
3404,301,16,69,14,400
3406,66,19,85,14,184
3407,67,31,102,16,216
3410,68,15,134,17,234
3411,297,35,165,18,515
3412,70,14,99,17,200
3414,3917,32,67,18,4034
3415,69,33,131,17,250
3416,97,16,69,14,196
3418,99,16,66,17,198
3420,165,18,165,18,366
3421,65,36,65,17,183
3423,51,18,65,17,151
3424,52,30,218,17,317
3425,166,35,65,18,284
3426,533,16,52,16,617
3427,65,33,99,18,215
3428,84,32,284,16,416
3432,300,13,69,17,399
3433,99,33,165,19,316
3434,299,16,51,16,382
3435,100,35,99,18,252
3437,83,17,99,18,217
3439,51,17,99,18,185
3440,50,33,97,19,199
3441,285,16,52,16,369
3442,3917,32,69,15,4033
3445,97,35,51,16,199
3447,82,16,51,16,165
3448,550,33,118,17,718
3450,166,18,532,17,733
3451,54,15,167,17,253
3453,-57558,0,0,0,-57558
3454,99,18,532,17,666
3456,67,18,532,17,634
3457,51,18,532,17,618
3458,51,33,165,18,267
3459,151,17,83,16,267
3461,1982,16,51,16,2065
3462,65,16,100,18,199
3463,65,35,83,16,199
3464,51,35,83,16,185
3465,151,16,133,17,317
3466,283,33,51,16,383
3467,100,34,133,17,284
3468,166,17,66,17,266
3469,299,33,67,17,416
3470,551,32,85,15,683
3471,83,16,218,17,334
3472,50,33,218,17,318
3473,51,16,218,17,302
3474,66,17,66,17,166
3475,100,33,118,17,268
3476,65,18,100,17,200
3478,66,17,118,17,218
3480,51,33,51,16,151
3481,151,17,65,18,251
3482,67,17,234,15,333
3483,84,16,67,17,184
3486,85,32,51,16,184
3487,549,17,84,16,666
3488,51,32,51,16,150
3492,67,16,100,17,200
3493,101,33,99,16,249
3494,66,18,198,17,299
3495,68,33,99,16,216
3496,66,17,99,16,198
3497,100,32,85,15,232
3499,66,32,85,15,198
3500,283,32,67,18,400
3501,99,34,117,16,266
3502,150,34,51,16,251
3504,100,15,67,18,200
3505,68,32,67,18,185
3507,284,16,200,17,517
3508,50,34,51,16,151
3509,66,33,53,13,165
3510,82,34,99,18,233
3511,52,15,53,13,133
3512,50,34,99,18,201
3513,51,16,99,18,184
3517,84,15,100,17,216
3518,165,15,68,16,264
3522,282,34,67,16,399
3523,51,16,101,16,184
3525,101,33,99,18,251
3526,99,18,99,18,234
3527,68,33,99,18,218
3530,85,32,300,16,433
3531,99,33,117,18,267
3533,66,33,117,18,234
3537,99,35,200,17,351
3538,67,15,171,14,267
3539,66,35,200,17,318
3540,165,18,216,16,415
3541,67,34,66,17,184
3542,50,34,66,17,167
3543,51,18,66,17,152
3546,166,18,67,17,268
3547,66,36,64,17,183
3548,2001,16,67,15,2099
3549,166,34,49,16,265
3551,167,33,65,18,283
3553,64,33,67,16,180
3554,50,33,67,16,166
3555,101,33,65,18,217
3556,51,34,49,16,150
3559,150,16,100,17,283
3561,98,34,100,17,249
3562,99,16,100,17,232
3563,65,34,100,17,216
3564,100,18,98,18,234
3565,167,33,51,16,267
3566,85,32,117,16,250
3569,100,33,51,16,200
3571,65,33,51,16,165
3572,166,17,67,19,269
3573,100,33,51,16,200
3574,66,16,67,17,166
3575,151,16,133,17,317
3576,300,18,116,17,451
3577,101,33,133,17,284
3578,66,17,67,19,169
3582,50,34,199,17,300
3583,166,35,116,17,334
3584,300,17,66,16,399
3587,299,34,100,17,450
3588,63,17,67,17,164
3590,62,18,116,17,213
3591,300,34,99,18,451
3592,535,16,66,18,635
3593,67,33,51,17,168
3595,98,35,66,16,215
3596,67,16,135,17,235
3597,66,35,66,16,183
3598,67,17,66,16,166
3599,100,34,100,17,251
3602,151,32,85,16,284
3603,100,34,99,18,251
3604,84,34,99,18,235
3605,85,17,99,18,219
3606,51,34,99,18,202
3608,52,32,85,16,185
3609,50,16,85,16,167
3610,66,16,151,16,249
3611,65,34,117,16,232
3612,66,17,117,16,216
3614,84,33,233,16,366
3615,101,33,166,17,317
3616,51,33,233,16,333
3617,67,33,166,17,283
3618,282,32,68,17,399
3622,30817,34,65,18,30934
3623,83,16,67,17,183
3624,51,31,67,17,166
3626,66,16,167,17,266
3627,1032,33,84,16,1165
3629,51,16,66,17,150
3630,83,32,68,17,200
3631,7767,34,233,16,8050
3633,66,35,99,17,217
3635,67,33,66,17,183
3636,67,17,66,17,167
3637,168,34,265,18,485
3638,83,34,167,18,302
3639,1032,35,83,16,1166
3641,100,34,265,18,417
3642,3933,16,68,15,4032
3643,168,33,101,16,318
3644,50,34,265,18,367
3645,100,34,67,16,217
3646,150,34,233,16,433
3647,299,34,167,16,516
3648,50,34,67,16,167
3650,83,34,233,16,366
3651,67,34,233,16,350
3652,299,18,100,16,433
3653,300,34,66,16,416
3654,100,18,65,18,201
3658,84,32,101,16,233
3661,65,34,167,16,282
3664,69,16,67,15,167
3669,100,33,67,16,216
3672,84,32,69,15,200
3673,167,33,66,16,282
3674,51,32,69,15,167
3675,65,35,133,16,249
3676,101,18,200,16,335
3678,85,33,66,16,200
3682,51,33,99,17,200
3684,100,17,84,16,217
3685,167,32,168,16,383
3686,84,33,51,16,184
3688,50,33,51,16,150
3689,66,35,265,17,383
3691,30817,16,134,16,30983
3692,2001,16,133,18,2168
3693,100,33,50,16,199
3694,50,33,50,18,151
3697,3934,33,99,18,4084
3698,65,18,83,16,182
3699,151,16,66,17,250
3700,101,17,98,17,233
3702,68,17,98,17,200
3703,165,33,117,17,332
3705,535,33,67,16,651
3708,150,33,99,17,299
3709,550,17,167,15,749
3710,67,16,117,17,217
3711,66,35,82,17,200
3712,67,17,82,17,183
3713,101,33,166,18,318
3714,551,32,68,15,666
3715,68,33,166,18,285
3716,50,33,166,18,267
3717,99,33,221,13,366
3718,66,17,68,15,166
3719,99,35,186,13,333
3720,101,18,186,13,318
3722,2001,17,66,17,2101
3723,100,33,68,17,218
3724,65,17,154,13,249
3725,67,33,68,17,185
3726,83,34,87,13,217
3727,99,34,53,13,199
3728,2001,17,100,15,2133
3729,67,34,53,13,167
3731,68,33,67,16,184
3735,100,33,167,15,315
3736,298,18,100,16,432
3737,67,33,167,15,282
3739,67,32,100,17,216
3740,66,16,100,17,199
3741,65,35,65,17,182
3742,166,18,133,16,333
3744,101,15,101,16,233
3745,67,33,101,16,217
3746,99,18,133,16,266
3750,65,18,100,16,199
3751,68,33,67,16,184
3752,1984,33,100,17,2134
3753,166,34,66,16,282
3754,101,17,133,16,267
3755,300,33,51,17,401
3756,83,33,66,17,199
3757,67,33,66,17,183
3758,51,33,66,17,167
3760,66,18,66,16,166
3761,67,32,67,17,183
3762,51,32,67,17,167
3763,100,33,51,16,200
3766,534,18,132,17,701
3768,300,18,131,18,467
3769,84,16,51,17,168
3770,152,33,66,16,267
3771,51,16,51,17,135
3772,50,34,67,16,167
3774,150,33,65,18,266
3775,101,33,67,16,217
3777,67,33,67,16,183
3780,168,17,99,17,301
3781,100,31,51,18,200
3782,66,18,131,18,233
3783,67,31,51,18,167
3784,51,31,51,18,151
3785,100,34,82,18,234
3786,67,17,99,17,200
3788,66,18,82,18,184
3789,15469,31,85,17,15602
3791,99,35,132,17,283
3792,67,16,101,15,199
3793,65,35,132,17,249
3794,66,18,132,17,233
3795,551,16,118,17,702
3796,51,33,99,17,200
3797,301,33,66,18,418
3798,299,18,66,18,401
3800,101,16,100,17,234
3801,166,33,133,18,350
3802,67,16,100,17,200
3803,166,34,50,16,266
3804,168,17,50,16,251
3806,100,16,133,18,267
3807,100,34,50,16,200
3808,100,17,50,16,183
3809,67,34,50,16,167
3810,66,17,50,16,149
3811,150,16,117,16,299
3812,300,15,85,17,417
3814,50,33,66,18,167
3816,51,33,117,16,217
3817,84,15,67,17,183
3818,283,34,65,18,400
3819,284,17,65,18,384
3822,300,15,118,17,450
3827,84,16,85,16,201
3829,51,16,85,16,168
3830,167,15,118,17,317
3831,1035,35,64,16,1150
3832,67,17,65,18,167
3833,1019,17,64,16,1116
3834,51,33,100,17,201
3835,51,16,100,17,184
3836,167,16,50,16,249
3837,83,17,66,17,183
3838,66,17,66,17,166
3839,50,17,66,17,150
3841,534,34,66,17,651
3842,166,16,101,17,300
3843,66,34,100,15,215
3844,68,17,100,15,200
3845,50,17,100,15,182
3846,150,33,84,15,282
3847,50,16,68,15,149
3850,66,18,66,17,167
3851,68,33,84,15,200
3852,168,15,101,15,299
3853,550,18,100,18,686
3854,51,33,51,15,150
3855,99,33,101,15,248
3857,84,15,101,15,215
3860,99,17,100,16,232
3861,100,34,133,17,284
3864,84,33,67,16,200
3865,166,33,101,15,315
3866,51,33,67,16,167
3867,67,33,100,17,217
3868,168,16,68,15,267
3870,301,17,134,16,468
3871,100,33,68,15,216
3873,67,33,68,15,183
3874,285,33,99,16,433
3876,166,18,100,18,302
3878,51,33,66,16,166
3879,167,34,100,16,317
3880,99,18,100,18,235
3881,66,33,100,18,217
3882,152,33,99,16,300
3883,99,34,100,16,249
3885,100,33,99,16,248
3886,51,34,100,16,201
3888,51,33,99,16,199
3890,86,32,66,16,200
3892,52,32,66,16,166
3893,67,32,68,16,183
3894,149,32,151,15,347
3896,99,18,216,17,350
3897,66,34,216,17,333
3899,84,16,151,15,266
3900,52,32,151,15,250
3901,85,15,99,18,217
3903,66,33,66,18,183
3905,285,16,67,14,382
3907,50,16,84,17,167
3909,66,33,168,16,283
3910,167,16,67,16,266
3911,551,15,52,16,634
3912,67,17,66,18,168
3914,50,32,52,16,150
3915,151,17,151,16,335
3917,167,33,165,18,383
3918,67,16,67,14,164
3919,52,16,67,14,149
3920,99,18,66,16,199
3922,97,19,165,18,299
3923,67,33,165,18,283
3925,67,33,101,16,217
3926,51,33,101,16,201
3927,1033,33,65,18,1149
3928,52,34,98,18,202
3929,67,33,99,18,217
3930,101,17,83,15,216
3931,101,31,100,18,250
3932,550,34,100,17,701
3933,98,34,66,18,216
3935,65,34,66,18,183
3937,83,15,51,16,165
3939,152,16,134,15,317
3942,100,16,134,15,265
3943,51,16,100,17,184
3944,284,32,167,17,500
3945,85,17,100,15,217
3946,101,15,83,17,216
3947,51,17,100,15,183
3950,100,17,67,16,200
3951,533,33,67,16,649
3952,66,17,67,16,166
3953,68,32,67,17,184
3955,50,17,67,17,151
3956,84,32,167,17,300
3957,67,32,167,17,283
3958,52,32,167,17,268
3959,51,16,167,17,251
3960,167,17,66,17,267
3961,166,33,101,15,315
3962,83,33,134,16,266
3964,100,17,66,17,200
3966,66,17,66,17,166
3967,82,18,101,15,216
3970,67,16,68,15,166
3973,67,34,99,17,217
3974,150,33,67,16,266
3975,301,31,52,16,400
3976,299,16,52,16,383
3978,50,34,100,16,200
3980,51,33,67,16,167
3981,67,34,49,17,167
3983,1017,16,151,17,1201
3984,65,18,67,15,165
3986,1983,34,67,15,2099
3987,149,16,51,16,232
3988,51,34,49,16,150
3990,66,16,52,16,150
3991,83,16,51,16,166
3992,167,15,102,17,301
3993,49,16,51,16,132
3994,84,33,68,16,201
3995,169,34,300,15,518
3996,101,15,102,17,235
3997,100,35,132,18,285
3999,168,34,82,16,300
4000,1034,16,84,17,1151
4002,84,33,98,18,233
4005,67,34,82,16,199
4006,51,34,82,16,183
4007,67,31,51,16,165
4008,101,15,169,15,300
4010,66,15,169,15,265
4011,64,34,135,15,248
4012,83,34,66,17,200
4014,83,34,118,13,248
4016,84,32,86,13,215
4019,284,16,99,18,417
4020,85,31,118,15,249
4021,67,31,118,15,231
4022,167,15,52,16,250
4023,66,33,119,16,234
4024,100,16,51,15,182
4026,67,16,51,15,149
4027,285,16,151,17,469
4028,163,17,201,16,397
4029,552,16,84,17,669
4030,168,14,52,16,250
4031,85,16,99,18,218
4032,67,16,99,18,200
4033,151,16,267,15,449
4034,101,14,52,16,183
4035,50,17,201,16,284
4036,99,16,267,15,397
4037,83,16,267,15,381
4042,166,17,133,18,334
4043,101,33,133,15,282
4045,67,33,133,15,248
4046,152,31,85,16,284
4047,165,34,51,16,266
4048,66,17,133,18,234
4049,84,17,65,15,181
4051,166,34,84,17,301
4052,52,31,85,16,184
4053,100,33,68,16,217
4055,98,34,84,17,233
4057,85,16,84,17,202
4058,67,16,84,17,184
4060,52,34,98,18,202
4061,68,34,116,15,233
4062,549,34,67,16,666
4063,300,32,168,17,517
4064,51,33,83,15,182
4065,150,15,52,16,233
4066,51,31,52,15,149
4067,64,34,268,17,383
4068,167,16,65,19,267
4069,83,15,52,16,166
4070,68,15,52,16,151
4071,52,15,52,16,135
4072,101,16,65,19,201
4073,166,35,101,15,317
4074,67,16,65,19,167
4075,101,32,168,17,318
4076,66,17,67,17,167
4077,301,34,67,16,418
4081,84,16,68,15,183
4082,68,16,68,15,167
4083,102,34,65,15,216
4084,66,17,66,17,166
4085,166,34,67,16,283
4087,100,33,101,16,250
4089,66,33,101,16,216
4090,66,16,101,16,199
4093,67,34,233,16,350
4094,284,33,383,16,716
4095,50,18,233,16,317
4096,53,33,66,17,169
4098,168,15,134,16,333
4100,100,17,67,15,199
4101,83,17,67,15,182
4103,51,17,67,15,150
4104,67,15,134,16,232
4105,300,33,100,21,454
4106,66,18,99,16,199
4107,1983,17,65,19,2084
4108,550,31,101,17,699
4109,68,34,165,16,283
4110,51,34,165,16,266
4111,99,34,165,18,316
4112,84,34,165,18,301
4114,101,15,101,16,233
4115,66,32,101,16,215
4116,165,18,87,30,300
4117,550,18,132,17,717
4119,165,34,300,17,516
4120,166,16,300,17,499
4121,300,35,67,15,417
4122,301,17,67,15,400
4123,67,32,167,18,284
4124,51,32,167,18,268
4127,87,45,67,18,217
4128,101,15,67,18,201
4129,55,45,67,18,185
4130,100,16,135,15,266
4131,51,15,67,18,151
4133,51,16,135,15,217
4135,67,35,67,15,184
4137,68,31,101,17,217
4138,167,17,50,16,250
4139,51,15,101,17,184
4140,66,18,166,16,266
4142,166,16,68,15,265
4144,1999,18,83,17,2117
4146,67,18,132,17,234
4147,166,33,100,16,315
4148,101,17,99,18,235
4149,50,16,68,15,149
4150,67,17,99,18,201
4152,99,18,100,16,233
4153,68,33,100,16,217
4154,300,16,67,16,399
4155,166,32,235,15,448
4158,169,16,66,18,269
4161,83,16,235,15,349
4162,100,16,66,18,200
4164,151,33,101,15,300
4165,51,16,66,18,151
4166,301,15,101,17,434
4168,281,34,100,17,432
4169,66,33,101,15,215
4170,50,33,101,15,199
4173,67,33,99,18,217
4175,101,33,100,16,250
4177,67,33,100,16,216
4178,51,33,100,16,200
4179,99,34,100,17,250
4180,66,15,101,17,199
4181,99,34,66,17,216
4182,50,34,100,17,201
4183,100,33,68,15,216
4186,66,17,68,15,166
4187,167,33,267,17,484
4188,49,33,133,18,233
4189,101,32,66,18,217
4190,50,35,116,16,217
4191,68,32,66,18,184
4193,67,33,267,17,384
4195,65,33,55,30,183
4196,534,17,51,16,618
4197,84,16,66,17,183
4198,67,16,66,17,166
4199,88,45,67,18,218
4201,100,33,101,17,251
4202,99,16,101,17,233
4203,66,33,101,17,217
4204,62,16,101,17,196
4206,100,16,66,17,199
4207,67,34,66,17,184
4208,68,16,66,17,167
4209,52,16,66,17,151
4212,99,18,99,17,233
4213,101,33,184,16,334
4214,67,18,99,17,201
4216,167,17,65,19,268
4217,101,33,118,16,268
4218,51,33,200,16,300
4220,67,17,118,16,218
4223,50,17,65,19,151
4225,284,20,61,19,384
4226,550,33,100,16,699
4227,166,34,99,18,317
4228,150,34,99,18,301
4229,51,16,134,16,217
4231,169,36,61,19,285
4232,82,34,99,18,233
4233,299,34,67,18,418
4234,50,34,99,18,201
4235,166,32,136,15,349
4236,168,14,136,15,333
4237,68,36,61,19,184
4238,68,20,61,19,168
4239,50,20,61,19,150
4242,67,14,136,15,232
4244,68,16,51,16,151
4245,168,33,66,16,283
4247,68,34,67,18,187
4248,67,16,67,18,168
4249,51,16,67,18,152
4250,1034,17,66,17,1134
4251,101,33,66,16,216
4253,100,33,100,16,249
4255,99,33,117,17,266
4257,66,33,117,17,233
4259,66,34,83,17,200
4260,299,16,217,18,550
4263,67,33,100,17,217
4264,51,33,100,17,201
4265,100,31,52,16,199
4266,68,17,66,17,168
4268,51,31,52,16,150
4269,100,33,51,16,200
4270,100,16,51,16,183
4271,83,16,51,16,166
4273,52,16,51,16,135
4276,67,16,67,16,166
4277,7785,17,198,18,8018
4279,51,17,98,18,184
4282,300,16,166,18,500
4283,533,33,101,16,683
4285,65,35,66,18,184
4286,100,18,166,17,301
4287,66,34,166,17,283
4288,66,18,166,17,267
4290,51,32,51,16,150
4291,66,33,268,17,384
4292,50,33,268,17,368
4293,65,34,67,17,183
4296,99,17,167,17,300
4297,167,34,133,17,351
4298,100,16,67,16,199
4300,101,15,234,16,366
4301,51,16,67,16,150
4302,167,17,66,17,267
4305,99,35,66,17,217
4309,67,33,166,18,284
4310,167,17,66,18,268
4312,50,33,101,16,200
4314,99,17,66,18,200
4315,66,34,66,18,184
4317,101,32,118,17,268
4319,68,32,118,17,235
4320,51,32,118,17,218
4321,100,33,51,17,201
4322,101,16,51,17,185
4324,151,29,54,16,250
4326,7782,33,84,18,7917
4328,67,17,83,16,183
4330,100,16,67,17,200
4331,65,36,67,17,185
4332,66,16,67,17,166
4334,301,16,100,16,433
4336,166,18,65,18,267
4337,551,17,66,16,650
4338,533,17,66,16,632
4340,1035,15,134,16,1200
4341,66,35,65,18,184
4343,167,33,101,16,317
4344,2000,16,101,18,2135
4346,101,16,100,16,233
4349,67,33,101,16,217
4350,66,16,101,16,199
4351,51,16,101,16,184
4352,67,17,66,16,166
4353,166,34,66,18,284
4354,15450,35,99,20,15604
4355,101,32,135,15,283
4356,83,32,135,15,265
4359,100,33,68,15,216
4360,67,17,66,18,168
4361,300,33,332,19,684
4363,100,35,66,16,217
4364,284,34,66,16,400
4365,84,17,66,16,183
4367,168,33,199,18,418
4368,301,17,151,17,486
4369,68,33,266,18,385
4371,66,34,100,15,215
4376,84,34,66,16,200
4377,100,33,99,18,250
4378,1035,15,133,17,1200
4379,67,33,99,18,217
4381,100,33,66,17,216
4385,66,33,166,19,284
4386,299,18,100,16,433
4387,66,33,133,19,251
4388,50,33,133,19,235
4389,166,33,68,18,285
4390,285,32,66,18,401
4392,167,15,134,16,332
4393,52,17,132,18,219
4394,166,18,100,16,300
4395,166,34,151,15,366
4396,167,16,151,15,349
4397,50,14,68,18,150
4398,98,18,100,16,232
4399,153,14,66,18,251
4402,165,16,86,16,283
4404,52,32,66,18,168
4406,66,16,118,16,216
4408,98,16,99,17,230
4409,66,34,99,17,216
4410,166,15,101,18,300
4411,66,34,65,17,182
4412,84,34,67,15,200
4414,550,32,251,16,849
4419,166,33,66,19,284
4421,101,34,51,17,203
4422,302,15,133,17,467
4423,150,17,65,18,250
4424,102,15,66,19,202
4425,166,34,101,15,316
4427,85,17,65,18,185
4428,167,15,68,15,265
4429,151,15,68,15,249
4431,85,15,101,15,216
4432,67,15,101,15,198
4433,50,15,101,15,181
4434,101,15,133,17,266
4436,532,18,82,17,649
4437,51,15,133,17,216
4438,149,32,251,16,448
4440,165,19,131,18,333
4441,69,32,133,18,252
4442,151,31,52,15,249
4444,51,32,251,16,350
4445,100,31,52,15,198
4446,66,19,131,18,234
4447,151,15,51,16,233
4449,536,33,67,16,652
4450,102,15,51,16,184
4451,149,16,101,16,282
4452,101,15,84,16,216
4454,67,15,84,16,182
4455,7784,16,52,17,7869
4456,66,16,101,16,199
4457,51,16,101,16,184
4459,68,32,101,18,219
4460,66,16,101,18,201
4461,50,16,101,18,185
4462,99,18,82,17,216
4464,167,17,101,15,300
4466,52,32,50,17,151
4468,68,15,102,15,200
4470,66,17,101,15,199
4471,168,33,67,16,284
4472,82,35,66,17,200
4473,67,35,66,17,185
4474,534,17,200,16,767
4476,66,18,65,17,166
4477,68,33,67,16,184
4478,85,32,133,18,268
4480,51,32,133,18,234
4482,166,17,100,18,301
4483,67,31,67,18,183
4484,282,34,67,15,398
4486,99,17,100,18,234
4489,2001,32,68,16,2117
4490,67,15,167,18,267
4491,66,34,51,16,167
4493,51,16,51,16,134
4494,64,18,51,17,150
4495,167,35,200,16,418
4496,67,16,66,18,167
4497,301,32,168,16,517
4499,100,35,200,16,351
4500,166,18,98,17,299
4501,552,16,66,15,649
4502,84,32,101,17,234
4503,167,33,200,16,416
4504,100,18,98,17,233
4506,84,33,65,17,199
4507,67,33,65,17,182
4508,85,33,200,16,334
4510,66,18,200,16,300
4511,66,32,168,16,282
4512,67,15,168,16,266
4514,67,18,83,16,184
4515,67,32,152,17,268
4516,165,18,99,19,301
4517,7785,16,99,17,7917
4518,2001,15,68,17,2101
4519,65,34,133,19,251
4521,51,16,133,19,219
4523,102,34,66,15,217
4526,302,15,302,15,634
4528,52,31,101,15,199
4530,67,16,66,15,164
4532,50,33,67,17,167
4533,68,33,99,17,217
4534,64,18,99,17,198
4536,85,33,67,15,200
4538,52,33,67,15,167
4539,167,34,166,16,383
4540,285,32,99,18,434
4541,100,33,150,15,298
4542,65,18,99,17,199
4543,67,33,150,15,265
4544,166,16,51,15,248
4545,167,34,165,18,384
4547,67,32,134,16,249
4548,52,32,134,16,234
4549,298,34,118,15,465
4550,101,16,165,18,300
4552,166,18,64,18,266
4555,51,15,99,18,183
4556,1999,17,83,17,2116
4557,67,34,64,18,183
4559,51,18,64,18,151
4560,100,16,87,13,216
4561,64,34,87,13,198
4565,85,18,83,15,201
4566,67,18,83,15,183
4569,53,13,101,18,185
4572,65,15,52,15,147
4573,285,16,101,15,417
4574,299,18,134,15,466
4576,67,15,85,14,181
4577,302,33,133,15,483
4579,85,15,268,15,383
4580,166,16,101,15,298
4581,52,15,268,15,350
4582,284,34,132,16,466
4583,51,14,52,16,133
4584,164,19,232,16,431
4585,51,16,167,16,250
4586,98,18,134,15,265
4587,52,16,101,15,184
4589,67,34,232,16,349
4590,84,33,133,15,265
4591,68,33,133,15,249
4592,52,33,133,15,233
4593,67,33,100,15,215
4594,1019,32,68,15,1134
4597,67,33,199,16,315
4600,51,33,98,17,199
4601,100,32,166,17,315
4602,166,17,100,17,300
4603,165,34,83,18,300
4606,51,32,68,16,167
4607,64,34,100,17,215
4608,535,16,51,16,618
4609,66,34,83,18,201
4611,101,33,68,16,218
4612,152,33,66,17,268
4613,1017,16,69,15,1117
4615,66,35,66,17,184
4617,85,16,66,17,184
4618,51,33,66,17,167
4619,101,33,98,18,250
4621,66,33,98,18,215
4622,99,17,64,18,198
4624,67,17,64,18,166
4627,68,30,52,16,166
4628,51,30,52,16,149
4629,165,34,51,16,266
4633,153,16,85,15,269
4634,168,16,52,15,251
4636,67,16,51,16,150
4637,169,32,101,14,316
4638,100,16,52,15,183
4639,3918,15,151,16,4100
4640,67,16,52,15,150
4641,51,16,52,15,134
4645,52,15,101,14,182
4646,50,33,134,16,233
4647,298,33,54,12,397
4649,167,34,98,17,316
4650,151,34,98,17,300
4652,100,17,66,16,199
4653,66,34,66,16,182
4655,100,32,100,20,252
4657,100,33,87,12,232
4658,51,32,100,20,203
4660,66,17,87,12,182
4661,65,33,54,12,164
4663,100,32,185,17,334
4664,67,17,50,18,152
4665,67,32,185,17,301
4667,54,12,185,17,268
4669,50,18,66,16,150
4670,63,16,69,15,163
4676,66,17,100,17,200
4677,83,17,66,17,183
4678,67,17,66,17,167
4679,49,17,66,17,149
4682,83,33,68,18,202
4683,1017,17,198,18,1250
4684,152,33,99,16,300
4685,99,35,165,18,317
4686,301,16,55,28,400
4687,168,32,84,16,300
4688,84,33,99,16,232
4689,299,23,63,16,401
4691,53,15,99,16,183
4694,81,33,150,17,281
4695,66,33,150,17,266
4697,65,33,266,18,382
4700,552,32,99,17,700
4701,51,16,55,28,150
4702,51,32,86,16,185
4705,55,45,101,15,216
4707,102,32,151,17,302
4708,177,34,84,16,311
4709,66,32,151,17,266
4710,1983,34,167,16,2200
4711,101,31,85,17,234
4712,65,18,82,16,181
4713,67,31,85,17,200
4715,66,34,84,16,200
4716,83,33,51,16,183
4717,65,33,51,16,165
4720,1984,33,67,16,2100
4721,550,16,85,16,667
4722,51,32,66,18,167
4723,85,17,82,17,201
4725,50,17,82,17,166
4727,50,16,51,17,134
4728,150,33,84,17,284
4729,82,17,99,17,215
4730,52,32,99,17,200
4731,51,17,99,17,184
4732,50,34,98,19,201
4733,282,16,50,16,364
4734,51,33,84,17,185
4736,100,16,51,17,184
4738,65,16,51,17,149
4739,65,36,198,18,317
4741,52,17,198,18,285
4742,52,32,217,16,317
4745,298,35,100,15,448
4746,67,16,50,16,149
4747,50,16,50,16,132
4748,284,33,67,15,399
4749,151,16,201,15,383
4750,66,16,85,16,183
4751,50,16,85,16,167
4752,101,16,201,15,333
4753,165,35,100,15,315
4755,169,33,67,15,284
4756,152,33,67,15,267
4757,51,16,68,15,150
4758,150,32,134,18,334
4759,101,33,67,15,216
4762,152,32,67,18,269
4763,68,32,134,18,252
4765,49,16,134,18,217
4766,301,16,66,18,401
4767,67,32,67,18,184
4768,99,18,51,14,182
4769,50,17,67,18,152
4770,65,18,51,14,148
4772,84,32,101,16,233
4773,85,14,101,16,216
4774,101,16,67,16,200
4775,549,18,117,15,699
4777,101,32,66,18,217
4778,99,16,66,18,199
4779,69,32,66,18,185
4781,101,32,67,18,218
4782,101,16,67,18,202
4783,98,34,51,15,198
4785,66,34,51,15,166
4787,549,17,100,18,684
4788,166,18,66,17,267
4792,48,34,100,17,199
4793,3933,35,66,17,4051
4795,68,34,148,18,268
4797,50,18,148,18,234
4798,101,17,67,15,200
4799,533,33,66,17,649
4800,151,33,84,15,283
4801,66,32,50,18,166
4802,50,32,50,18,150
4803,166,33,152,16,367
4806,301,16,66,18,401
4808,1017,33,85,16,1151
4809,533,34,133,17,717
4810,102,15,101,17,235
4811,52,13,152,16,233
4812,68,15,101,17,201
4813,52,15,101,17,185
4814,97,17,100,18,232
4819,51,16,200,16,283
4820,300,18,233,18,569
4821,51,16,66,18,151
4822,1032,16,69,15,1132
4825,51,15,67,17,150
4826,100,17,66,17,200
4827,67,33,66,17,183
4828,99,17,134,15,265
4831,83,16,102,15,216
4832,284,34,200,17,535
4833,50,16,102,15,183
4834,15467,16,51,16,15550
4835,100,34,133,17,284
4836,51,33,67,16,167
4837,168,33,132,18,351
4839,67,33,100,17,217
4840,2001,16,100,17,2134
4842,534,15,151,16,716
4843,66,33,132,18,249
4844,300,18,132,18,468
4845,100,33,116,16,265
4846,50,34,200,17,301
4847,67,33,116,16,232
4849,67,33,151,16,267
4851,51,15,151,16,233
4854,149,33,165,19,366
4855,83,16,52,16,167
4856,100,18,132,18,268
4857,-80958,0,0,0,-80958
4858,84,33,165,19,301
4859,67,33,165,19,284
4860,284,33,66,17,400
4861,52,16,165,19,252
4862,102,15,99,19,235
4863,300,32,166,17,515
4864,67,15,99,19,200
4865,51,15,99,19,184
4866,101,16,51,16,184
4870,67,15,151,16,249
4871,168,32,166,17,383
4872,7783,32,118,16,7949
4874,166,16,69,15,266
4875,151,16,69,15,251
4876,99,16,166,17,298
4877,67,32,166,17,282
4878,67,16,166,17,266
4880,101,15,51,16,183
4881,49,16,69,15,149
4887,284,16,51,18,369
4888,149,33,68,15,265
4889,99,33,101,15,248
4891,167,35,166,15,383
4893,86,15,68,15,184
4894,51,33,68,15,167
4895,51,15,68,15,149
4898,149,34,99,16,298
4901,50,16,51,18,135
4902,167,17,66,17,267
4903,66,34,99,16,215
4904,51,34,99,16,200
4905,552,15,85,16,668
4906,100,17,66,17,200
4907,67,33,66,17,183
4908,67,17,66,17,167
4909,99,33,132,20,284
4910,83,33,132,20,268
4911,66,33,132,20,251
4914,167,16,102,16,301
4915,66,34,65,20,185
4916,285,32,133,18,468
4917,84,16,52,17,169
4918,99,16,102,16,233
4920,66,16,102,16,200
4922,150,34,65,18,267
4924,7784,33,218,16,8051
4925,51,18,67,16,152
4926,65,17,117,15,214
4927,99,32,133,18,282
4928,551,33,67,17,668
4929,99,33,67,16,215
4930,51,32,133,18,234
4931,66,33,67,16,182
4933,165,34,200,21,420
4934,67,15,85,16,183
4935,84,16,135,15,250
4936,100,17,67,16,200
4937,535,33,65,18,651
4938,65,17,67,16,165
4942,51,33,50,16,150
4943,67,35,65,16,183
4944,84,31,68,16,199
4945,68,31,68,16,183
4946,51,31,68,16,166
4947,167,21,146,17,351
4948,84,34,54,30,202
4950,84,33,83,17,217
4952,84,21,146,17,268
4953,88,46,100,17,251
4954,102,16,100,17,235
4956,100,17,67,17,201
4957,83,17,67,17,184
4958,112,34,51,16,213
4959,101,34,51,16,202
4960,65,17,51,17,150
4961,532,35,115,18,700
4962,66,18,51,16,151
4963,84,17,98,18,217
4964,285,32,66,18,401
4965,85,16,65,18,184
4966,52,33,65,18,168
4968,50,33,83,17,183
4969,66,32,134,18,250
4970,183,32,66,18,299
4971,99,34,100,16,249
4972,54,34,134,16,238
4974,66,17,100,16,199
4978,51,32,66,18,167
4979,2001,32,101,16,2150
4980,68,16,99,17,200
4981,82,16,67,17,182
4982,100,16,134,16,266
4985,66,33,50,18,167
4986,550,34,67,16,667
4987,285,16,101,17,419
4988,82,35,115,18,250
4989,66,35,115,18,234
4991,50,18,115,18,201
4992,51,33,133,17,234
4995,150,16,101,17,284
4997,82,18,66,18,184
4999,152,16,51,15,234
5000,50,33,101,17,201
5003,50,16,166,19,251
5004,99,18,66,17,200
5006,66,18,66,17,167
5007,68,32,66,19,185
5008,50,32,66,19,167
5010,150,34,67,16,267
5013,100,34,67,16,217
5014,153,32,65,18,268
5015,167,32,51,17,267
5016,150,32,51,17,250
5019,284,17,84,16,401
5020,85,32,51,17,185
5021,1034,32,134,16,1216
5022,51,32,51,17,151
5023,97,35,66,17,215
5024,302,16,66,17,401
5026,167,17,84,16,284
5027,551,16,51,16,634
5028,99,18,66,17,200
5029,101,34,84,16,235
5030,65,18,66,17,166
5032,83,32,85,16,216
5033,51,17,84,16,168
5034,52,32,85,16,185
5035,66,33,168,16,283
5036,534,16,67,15,632
5037,65,35,66,17,183
5040,84,33,67,16,200
5042,65,17,67,16,165
5044,100,16,99,18,233
5045,67,33,99,18,217
5046,301,16,67,16,400
5047,100,34,333,17,484
5049,66,34,333,17,450
5050,300,16,67,15,398
5052,101,16,133,18,268
5053,51,15,167,18,251
5055,66,33,51,16,166
5057,51,16,51,16,134
5058,100,16,67,16,199
5060,99,17,67,16,199
5061,534,33,68,15,650
5062,65,17,67,16,165
5064,165,18,66,18,267
5065,51,16,67,15,149
5066,100,18,99,18,235
5067,284,16,134,16,450
5068,65,18,99,18,200
5070,66,18,66,18,168
5071,1033,34,66,17,1150
5072,84,33,100,16,233
5075,66,34,166,17,283
5076,67,16,166,17,266
5077,51,16,166,17,250
5078,165,17,68,16,266
5079,68,32,134,16,250
5080,98,18,66,17,199
5081,100,32,68,16,216
5083,66,32,68,16,182
5084,1983,33,84,17,2117
5085,301,33,100,15,449
5088,285,34,66,15,400
5090,50,33,68,15,166
5091,101,34,66,15,216
5092,84,34,66,15,199
5093,101,32,101,16,250
5094,2000,16,85,19,2120
5095,68,32,101,16,217
5096,52,32,101,16,201
5097,100,33,100,15,248
5098,300,17,67,16,400
5100,51,33,100,15,199
5101,167,34,133,16,350
5102,85,31,102,16,234
5103,167,33,100,16,316
5105,65,35,167,16,283
5108,549,34,67,16,666
5109,69,33,100,16,218
5110,168,17,66,18,269
5111,67,33,67,16,183
5113,66,33,68,16,183
5114,285,32,68,15,400
5116,168,16,99,16,299
5117,300,34,99,16,449
5118,285,34,99,16,434
5119,68,32,167,16,283
5124,149,34,66,17,266
5125,67,34,132,17,250
5126,298,18,99,17,432
5127,167,32,101,16,316
5129,66,34,66,17,183
5130,50,34,66,17,167
5133,68,32,101,16,217
5134,551,34,216,17,818
5135,66,33,68,16,183
5136,67,16,68,16,167
5137,1998,34,84,16,2132
5138,285,31,236,16,568
5139,67,34,99,17,217
5141,167,34,101,15,317
5142,51,33,66,17,167
5143,99,34,99,18,250
5144,284,33,67,16,400
5145,299,33,68,16,416
5146,49,34,99,18,200
5147,83,17,101,15,216
5148,301,16,68,16,401
5149,51,17,101,15,184
5150,50,34,67,15,166
5152,51,31,236,16,334
5154,83,32,100,16,231
5155,299,33,67,17,416
5156,52,32,100,16,200
5158,50,33,67,16,166
5161,66,34,68,16,184
5162,151,32,68,16,267
5164,84,34,182,17,317
5165,284,17,66,16,383
5166,50,34,182,17,283
5167,100,33,67,17,217
5168,100,17,67,17,201
5169,-86160,0,0,0,-86160
5170,66,17,67,17,167
5171,65,35,82,17,199
5172,283,34,66,17,400
5175,301,33,67,15,416
5176,1017,33,51,17,1118
5177,299,33,67,16,415
5179,300,34,66,18,418
5181,68,32,101,15,216
5182,151,33,66,16,266
5183,66,34,133,16,249
5184,84,34,66,17,201
5185,100,33,66,16,215
5187,101,33,67,15,216
5188,52,33,66,16,167
5189,67,33,67,15,182
5190,51,33,67,15,166
5191,66,33,67,16,182
5192,67,16,67,16,166
5193,66,34,66,18,184
5194,1034,16,134,16,1200
5196,65,18,66,17,166
5197,100,33,84,17,234
5198,51,33,100,17,201
5201,51,15,84,17,167
5202,551,33,84,17,685
5203,284,19,98,17,418
5204,65,17,99,18,199
5205,534,33,51,17,635
5206,67,17,65,18,167
5207,50,17,65,18,150
5208,51,33,99,18,201
5209,67,32,85,19,203
5210,66,16,85,19,186
5211,65,35,50,19,169
5213,300,33,51,16,400
5215,67,37,98,17,219
5216,151,33,83,16,283
5218,302,16,84,17,419
5219,534,33,134,17,718
5220,84,33,83,16,216
5222,51,33,83,16,183
5223,68,33,50,16,167
5225,99,33,51,16,199
5229,50,16,51,16,133
5231,67,33,84,17,201
5232,83,33,51,17,184
5233,51,16,84,17,168
5234,152,32,50,16,250
5235,166,33,100,16,315
5236,67,16,150,16,249
5238,1983,34,67,16,2100
5239,1033,33,101,16,1183
5240,50,32,50,16,148
5241,66,33,100,16,215
5243,82,16,400,16,514
5244,66,16,400,16,498
5247,51,16,67,16,150
5248,299,19,133,16,467
5249,101,32,134,16,283
5250,65,18,66,16,165
5252,66,16,134,16,232
5253,302,31,68,16,417
5256,84,32,167,16,299
5257,169,33,65,16,283
5258,50,32,167,16,265
5260,68,16,102,16,202
5261,101,33,65,16,215
5262,100,17,65,16,198
5265,68,34,66,16,184
5266,52,34,66,16,168
5267,532,33,201,16,782
5268,282,34,54,30,400
5269,50,15,68,16,149
5271,165,35,99,20,319
5272,83,32,188,30,333
5273,100,34,50,16,200
5274,52,32,188,30,302
5275,283,16,133,16,448
5276,67,16,50,16,149
5278,85,31,134,16,266
5279,84,16,134,16,250
5282,284,33,201,16,534
5283,65,34,82,17,198
5284,84,20,62,17,183
5286,167,18,166,16,367
5289,50,16,133,16,215
5290,95,18,166,16,295
5293,67,33,133,16,249
5294,7783,34,51,16,7884
5297,99,33,68,16,216
5298,300,18,99,17,434
5299,66,33,68,16,183
5300,65,17,68,16,166
5301,84,16,66,18,184
5302,552,32,50,16,650
5303,168,32,168,20,388
5305,301,34,167,16,518
5306,100,17,133,17,267
5307,301,20,213,16,550
5308,285,20,213,16,534
5310,51,32,168,20,271
5312,66,18,99,17,200
5313,166,34,167,16,383
5315,51,16,121,29,217
5316,67,17,67,20,171
5317,1033,33,134,15,1215
5318,100,17,167,16,300
5322,83,32,134,17,266
5323,99,34,68,16,217
5324,50,32,134,17,233
5325,532,34,67,16,649
5326,179,34,66,18,297
5327,66,34,166,18,284
5328,2001,15,102,16,2134
5329,51,17,166,18,252
5330,66,18,66,16,166
5333,66,34,66,18,184
5335,66,32,118,16,232
5336,166,18,215,14,413
5337,50,16,118,16,200
5338,534,16,134,17,701
5339,66,34,50,16,166
5340,68,16,50,16,150
5341,285,16,67,16,384
5342,66,18,215,14,313
5343,534,32,135,16,717
5346,551,33,134,15,733
5347,66,33,183,16,298
5348,99,17,67,16,199
5349,67,33,67,16,183
5350,-89176,0,0,0,-89176
5351,149,14,53,16,232
5353,66,34,67,16,183
5355,83,14,53,16,166
5357,50,14,53,16,133
5358,66,17,99,18,200
5359,67,32,67,18,184
5361,53,16,67,18,154
5362,67,17,133,16,233
5364,101,16,134,17,268
5366,67,16,134,17,234
5367,50,16,134,17,217
5368,66,17,133,17,233
5369,84,17,67,17,185
5371,151,16,134,15,316
5372,167,16,66,18,267
5374,49,35,66,16,166
5375,67,33,134,15,249
5378,83,34,67,15,199
5380,83,32,67,18,200
5382,50,32,67,18,167
5385,1032,33,102,16,1183
5387,67,33,218,16,334
5388,67,15,218,16,316
5389,166,32,135,17,350
5390,84,34,150,16,284
5393,52,16,150,16,234
5394,52,33,101,16,202
5395,168,32,168,16,384
5397,299,35,133,16,483
5400,166,16,101,16,299
5401,1034,34,66,17,1151
5402,51,32,168,16,267
5403,1015,18,66,17,1116
5406,99,18,67,16,200
5407,301,32,51,16,400
5408,66,18,67,16,167
5411,533,34,65,19,651
5412,85,33,166,17,301
5413,165,35,66,17,283
5415,101,32,67,18,218
5416,66,18,67,16,167
5417,66,32,67,18,183
5418,299,16,67,18,400
5419,65,35,66,17,183
5421,99,34,99,17,249
5422,51,32,51,16,150
5425,165,33,67,18,283
5426,99,16,51,16,182
5427,99,34,118,16,267
5428,99,16,118,16,249
5429,65,34,118,16,233
5431,83,16,67,18,184
5432,302,16,199,16,533
5433,85,16,51,16,168
5434,67,16,51,16,150
5435,51,16,51,16,134
5436,66,17,152,16,251
5438,83,34,65,19,201
5440,1018,34,116,15,1183
5442,66,16,101,16,199
5444,100,16,199,16,331
5447,84,17,166,16,283
5448,50,33,166,16,265
5449,-90825,0,0,0,-90825
5450,65,18,66,16,165
5451,99,34,66,16,215
5453,66,34,66,16,182
5454,549,34,135,16,734
5455,7765,35,83,15,7898
5456,50,32,134,17,233
5457,66,34,68,15,183
5458,83,34,66,17,200
5459,66,34,66,17,183
5460,167,16,99,18,300
5461,102,32,184,15,333
5462,300,15,68,16,399
5464,101,16,99,18,234
5465,66,33,99,18,216
5466,82,34,65,18,199
5467,65,34,65,18,182
5468,84,34,166,16,300
5469,84,17,166,16,283
5470,50,34,166,16,266
5473,150,16,118,16,300
5474,66,16,51,16,149
5476,101,16,118,16,251
5479,551,16,51,15,633
5480,1999,18,100,15,2132
5481,152,16,133,18,319
5482,66,16,169,16,267
5483,66,34,135,16,251
5486,50,34,133,18,235
5487,52,16,133,18,219
5488,66,18,133,15,232
5489,151,16,100,16,283
5490,66,16,101,15,198
5492,50,35,132,16,233
5493,67,32,100,16,215
5494,83,34,66,16,199
5495,101,34,116,15,266
5497,66,34,116,15,231
5498,50,34,116,15,215
5499,68,32,67,17,184
5500,299,16,68,15,398
5501,150,15,67,18,250
5502,67,16,85,16,184
5504,67,16,117,15,215
5505,67,32,67,18,184
5506,51,32,67,18,168
5508,66,16,51,15,148
5509,50,16,51,15,132
5512,1032,19,83,17,1151
5513,51,15,67,17,150
5516,99,18,232,18,367
5519,68,32,67,17,184
5521,285,16,134,16,451
5522,50,33,102,16,201
5523,167,31,202,16,416
5524,1983,36,265,18,2302
5525,67,33,118,16,234
5528,85,31,202,16,334
5531,100,34,134,16,284
5534,300,16,84,16,416
5537,67,34,100,16,217
5538,283,32,100,18,433
5539,51,16,100,16,183
5541,101,33,66,16,216
5543,166,34,132,18,350
5544,83,32,100,18,233
5545,164,32,100,18,314
5546,100,16,84,16,216
5547,533,34,83,16,666
5548,83,34,132,18,267
5549,100,32,100,18,250
5550,50,34,132,18,234
5551,68,32,100,18,218
5553,300,34,49,17,400
5554,300,18,49,17,384
5555,300,34,83,17,434
5556,50,34,66,17,167
5557,151,18,99,15,283
5558,50,32,84,18,184
5561,83,18,99,15,215
5563,51,18,99,15,183
5564,51,33,66,15,165
5565,100,34,49,17,200
5567,65,34,49,17,165
5568,66,18,49,17,150
5569,66,34,83,17,200
5571,68,32,151,16,267
5572,84,34,99,18,235
5573,49,17,151,16,233
5574,85,34,83,16,218
5577,151,16,150,16,333
5578,301,16,101,16,434
5580,82,34,150,16,282
5582,50,34,150,16,250
5584,50,33,51,15,149
5587,534,31,203,16,784
5588,82,34,68,15,199
5589,51,15,51,16,133
5590,50,34,68,15,167
5593,551,17,66,17,651
5594,66,18,166,16,266
5595,83,18,100,15,216
5599,66,34,98,18,216
5600,51,34,98,18,201
5601,534,32,100,16,682
5602,1999,19,131,19,2168
5604,51,33,66,16,166
5605,548,18,65,19,650
5608,168,17,234,16,435
5610,84,32,52,14,182
5611,152,14,203,16,385
5613,66,35,234,16,351
5614,68,17,234,16,335
5615,84,14,203,16,317
5618,66,16,51,17,150
5620,166,16,51,16,249
5621,168,35,132,16,351
5622,67,17,66,17,167
5623,1019,16,66,17,1118
5625,100,35,132,16,283
5626,67,16,51,16,150
5629,67,32,100,16,215
5630,51,32,100,16,199
5631,51,16,100,16,183
5632,99,18,65,19,201
5633,99,33,51,17,200
5635,151,17,265,18,451
5637,66,32,52,15,165
5638,102,17,265,18,402
5640,168,15,102,15,300
5641,151,15,102,15,283
5642,551,32,52,15,650
5643,101,33,102,15,251
5644,100,15,102,15,232
5645,65,33,102,15,215
5646,67,15,102,15,199
5648,299,18,66,17,400
5652,283,33,67,16,399
5653,68,33,99,16,216
5654,50,33,99,16,198
5655,67,32,101,16,216
5657,99,33,199,18,349
5658,50,34,67,16,167
5661,101,33,100,16,250
5663,67,33,100,16,216
5664,52,33,100,16,201
5665,3933,34,65,17,4049
5666,51,33,67,16,167
5667,284,16,66,17,383
5668,67,16,234,16,333
5669,50,16,234,16,316
5671,151,15,101,16,283
5672,66,16,52,15,149
5673,66,34,52,15,167
5675,151,16,66,17,250
5677,551,16,68,15,650
5678,68,15,67,16,166
5679,85,16,66,17,184
5680,284,32,67,16,399
5681,52,16,66,17,151
5682,148,34,68,15,265
5684,65,17,51,16,149
5686,66,16,67,16,165
5687,66,34,68,15,183
5689,1018,17,66,17,1118
5690,150,33,67,17,267
5691,284,15,134,18,451
5693,68,32,67,16,183
5695,100,34,66,17,217
5697,65,34,66,17,182
5698,100,17,99,18,234
5699,67,33,99,18,217
5700,66,17,99,18,200
5703,66,32,134,18,250
5704,67,15,134,18,234
5705,50,15,134,18,217
5706,150,32,102,15,299
5707,66,34,99,18,217
5708,283,34,100,17,434
5709,52,16,99,18,185
5710,99,17,102,15,233
5712,65,17,102,15,199
5713,551,16,167,16,750
5715,83,16,67,16,182
5716,100,19,131,19,269
5717,51,16,67,16,150
5719,301,32,101,18,452
5721,67,34,100,17,218
5722,51,34,100,17,202
5723,166,33,166,18,383
5724,51,33,67,17,168
5729,67,33,166,18,284
5731,52,16,166,18,252
5732,49,33,51,15,148
5733,151,15,100,18,284
5736,84,34,100,18,236
5737,51,15,67,18,151
5738,151,33,51,17,252
5739,101,34,167,16,318
5741,67,34,167,16,284
5742,299,15,169,15,498
5743,100,35,66,17,218
5744,51,33,51,17,152
5746,67,17,66,17,167
5748,52,33,66,16,167
5751,66,33,65,18,182
5752,67,16,65,18,166
5753,99,32,169,15,315
5755,98,34,51,16,199
5756,99,16,51,16,182
5757,65,34,51,16,166
5758,67,16,51,16,150
5759,549,18,100,16,683
5760,151,33,131,18,333
5763,299,36,67,16,418
5765,68,33,131,18,250
5766,51,33,131,18,233
5767,68,31,100,18,217
5768,52,31,100,18,201
5769,149,15,269,16,449
5770,84,35,200,16,335
5773,1018,16,135,15,1184
5774,149,33,67,16,265
5778,151,33,100,16,300
5783,549,16,67,18,650
5784,100,16,68,16,200
5785,99,34,100,16,249
5786,99,18,100,16,233
5787,65,34,100,16,215
5788,65,18,100,16,199
5789,100,31,186,16,333
5791,99,35,134,17,285
5792,101,17,134,17,269
5793,166,33,100,19,318
5794,84,32,119,16,251
5795,150,15,100,19,284
5796,50,32,119,16,217
5797,152,17,65,19,253
5798,68,15,68,17,168
5799,66,33,100,19,218
5800,68,15,100,19,202
5801,52,15,100,19,186
5802,1981,35,83,15,2114
5803,68,33,66,18,185
5804,83,32,52,15,182
5805,52,16,66,18,152
5806,50,32,52,15,149
5807,65,34,133,18,250
5808,67,15,133,18,233
5809,84,15,100,18,217
5811,52,15,100,18,185
5813,99,34,100,16,249
5816,67,16,100,16,199
5817,51,16,100,16,183
5818,68,15,102,15,200
5819,52,15,102,15,184
5820,151,31,152,15,349
5821,284,16,68,15,383
5823,51,16,101,16,184
5824,86,31,152,15,284
5826,99,18,65,18,200
5827,101,32,135,15,283
5828,85,32,135,15,267
5829,66,32,135,15,248
5830,51,32,135,15,233
5831,51,16,135,15,217
5832,68,15,234,16,333
5834,67,16,68,15,166
5835,2000,34,132,18,2184
5836,149,33,67,16,265
5840,50,32,167,18,267
5842,84,34,100,18,236
5843,65,34,100,18,217
5844,285,31,167,18,501
5845,100,33,52,14,199
5846,50,33,85,14,182
5848,51,33,52,14,150
5849,84,16,67,15,182
5850,68,16,67,15,166
5854,298,17,134,17,466
5856,299,17,116,17,449
5857,69,31,167,18,285
5858,51,31,167,18,267
5859,49,16,167,18,250
5860,69,15,51,16,151
5861,65,33,100,18,216
5862,101,16,66,18,201
5863,51,16,100,18,185
5864,166,17,116,17,316
5865,51,16,66,18,151
5866,151,33,66,17,267
5867,154,14,66,17,251
5868,1984,32,101,16,2133
5869,66,35,116,17,234
5870,65,17,116,17,215
5871,52,17,116,17,202
5872,102,15,51,17,185
5874,98,18,51,15,182
5875,65,34,51,15,165
5876,62,18,51,15,146
5877,284,16,67,16,383
5880,52,32,168,16,268
5881,51,15,168,16,250
5882,68,15,299,18,400
5883,66,33,101,16,216
5884,65,17,101,16,199
5885,101,33,67,16,217
5886,149,33,66,16,264
5888,51,33,67,16,167
5889,85,16,67,16,184
5890,151,32,66,18,267
5891,51,16,67,16,150
5892,50,33,66,16,165
5893,67,34,66,16,183
5894,65,18,66,16,165
5896,149,33,135,17,334
5897,100,32,168,17,317
5898,66,18,65,17,166
5899,66,32,168,17,283
5900,50,32,168,17,267
5901,84,15,135,17,251
5902,100,18,100,17,235
5903,299,35,83,15,432
5904,100,16,101,16,233
5905,68,32,101,16,217
5906,66,16,101,16,199
5907,67,35,232,18,352
5909,1032,35,100,15,1182
5910,51,33,99,18,201
5911,68,33,66,18,185
5912,150,35,83,15,283
5914,51,34,150,15,250
5918,50,35,83,15,183
5919,67,32,100,18,217
5920,51,32,100,18,201
5922,67,15,85,16,183
5923,550,16,132,18,716
5924,99,17,200,18,334
5926,65,17,200,18,300
5927,67,34,117,16,234
5928,67,16,117,16,216
5930,51,33,67,17,168
5931,151,16,233,18,418
5935,67,33,233,18,351
5936,551,32,100,18,701
5937,168,32,168,16,384
5938,102,16,66,18,202
5941,151,16,134,16,317
5942,51,34,150,16,251
5945,84,16,134,16,250
5946,68,16,134,16,234
5947,50,16,134,16,216
5948,50,33,51,16,150
5949,100,34,132,18,284
5951,150,16,66,18,250
5952,83,34,98,18,233
5953,84,17,98,18,217
5954,299,17,100,15,431
5956,98,19,131,18,266
5957,50,16,66,18,150
5959,67,31,150,19,267
5960,150,32,100,18,300
5961,-99359,0,0,0,-99359
5962,168,17,100,15,300
5963,166,34,99,16,315
5964,84,32,100,18,234
5967,-99459,0,0,0,-99459
5970,84,31,68,16,199
5971,150,18,101,16,285
5973,65,35,100,17,217
5974,68,17,100,17,202
5976,83,34,99,16,232
5978,66,18,99,16,199
5979,67,33,66,16,182
5980,52,33,66,16,167
5981,67,34,65,16,182
5982,302,15,65,18,400
5983,50,17,65,16,148
5985,-99760,0,0,0,-99760
5986,65,17,84,16,182
5987,149,16,84,17,266
5988,98,19,65,19,201
5989,101,32,84,17,234
5990,85,32,84,17,218
5992,-99875,0,0,0,-99875
5993,51,16,84,17,168
5994,-99908,0,0,0,-99908
5995,99,34,167,17,317
5996,68,15,65,18,166
5997,101,31,101,17,250
