序号,发送->接收,接收->转发,转发->接收,接收->处理,总计
2,81,18,66,19,184
3,65,18,66,19,168
4,68,50,182,18,318
5,114,35,66,17,232
7,103,16,66,17,202
8,66,35,66,17,184
9,84,32,64,19,199
11,51,32,64,19,166
12,83,18,65,18,184
13,82,49,117,17,265
14,66,49,117,17,249
16,83,34,234,15,366
17,67,34,234,15,350
20,87,16,84,34,221
21,68,16,84,34,202
22,118,18,65,17,218
23,66,17,100,17,200
24,83,18,65,17,183
25,66,18,65,17,166
26,50,18,65,17,150
27,52,50,66,15,183
30,82,18,65,18,183
31,66,18,65,18,167
33,66,15,52,15,148
35,83,33,51,17,184
36,65,33,51,17,166
39,67,33,167,17,284
40,84,17,67,17,185
41,66,17,67,17,167
42,51,17,67,17,152
43,65,18,100,17,200
44,68,34,66,17,185
45,67,17,66,17,167
46,67,32,51,17,167
47,52,32,51,17,152
48,66,34,66,17,183
49,67,16,66,17,166
50,66,34,83,16,199
52,100,33,151,16,300
53,65,17,184,16,282
55,100,16,82,18,216
56,49,16,151,16,232
57,68,16,82,18,184
58,84,33,67,16,200
59,82,18,67,16,183
61,66,16,67,21,170
64,68,33,134,16,251
66,67,34,132,17,250
67,72,13,132,17,234
68,117,16,83,33,249
70,84,16,83,33,216
71,79,34,82,35,230
73,101,16,85,15,217
74,116,33,69,15,233
75,99,33,69,15,216
76,66,50,69,15,200
77,67,33,69,15,184
78,82,35,66,17,200
80,66,19,66,17,168
81,134,17,154,13,318
83,69,15,118,15,217
86,68,33,121,13,235
87,64,18,121,13,216
89,101,15,55,13,184
90,84,15,55,13,167
91,69,15,55,13,152
92,51,15,55,13,134
94,65,35,83,16,199
95,133,15,52,33,233
97,67,17,84,33,201
100,65,34,68,15,182
101,67,16,68,15,166
102,84,33,67,32,216
103,67,33,67,32,199
106,101,49,83,17,250
107,83,49,83,17,232
108,68,49,83,17,217
109,117,33,134,16,300
110,100,33,134,16,283
111,101,17,134,16,268
112,83,17,134,16,250
115,83,33,85,16,217
117,66,16,85,16,183
118,65,34,100,17,216
119,68,16,100,17,201
120,134,33,118,15,300
121,85,32,151,15,283
123,67,16,151,15,249
127,83,32,52,15,182
128,67,32,52,15,166
129,50,32,52,15,149
130,66,34,66,18,184
131,101,15,69,16,201
132,84,15,69,16,184
133,133,18,81,18,250
135,82,36,81,18,217
136,66,36,81,18,201
137,66,18,81,18,183
138,85,15,135,16,251
140,84,18,65,17,184
141,66,18,65,17,166
142,81,18,83,16,198
143,83,32,167,18,300
144,50,18,83,16,167
146,65,35,67,17,184
151,117,33,117,17,284
152,67,32,99,17,215
153,134,16,83,17,250
154,100,34,83,17,234
156,65,34,83,17,199
157,66,16,83,17,182
158,116,17,68,16,217
159,83,34,68,16,201
161,99,17,200,16,332
162,66,34,200,16,316
163,67,17,200,16,300
164,51,17,200,16,284
165,67,18,100,15,200
166,68,33,67,15,183
167,67,17,67,15,166
169,83,35,118,14,250
170,65,35,118,14,232
171,84,33,66,19,202
172,67,33,66,19,185
173,50,33,66,19,168
175,66,17,52,14,149
176,66,33,68,15,182
177,84,33,101,16,234
181,100,18,132,18,268
182,68,33,132,18,251
183,64,18,132,18,232
185,67,17,99,18,201
186,66,33,133,17,249
189,67,16,117,16,216
190,83,16,67,17,183
191,83,33,51,16,183
192,84,15,51,16,166
193,67,15,51,16,149
194,100,33,201,16,350
196,67,33,201,16,317
198,51,16,201,16,284
199,101,16,168,16,301
201,83,33,101,16,233
203,67,16,101,16,200
204,66,34,300,17,417
205,66,17,300,17,400
206,67,33,68,16,184
207,50,33,68,16,167
208,67,34,50,16,167
209,100,18,65,18,201
210,67,34,65,18,184
211,85,32,51,32,200
212,50,18,65,18,151
214,149,18,83,16,266
216,83,32,84,17,216
220,68,32,101,15,216
221,66,16,101,15,198
223,84,33,67,32,216
224,66,33,67,32,198
225,100,17,100,15,232
226,51,16,67,32,166
228,82,18,67,15,182
229,65,18,67,15,165
231,82,18,82,17,199
232,83,17,300,16,416
234,67,32,84,17,200
235,52,32,84,17,185
237,117,33,167,16,333
239,85,33,167,16,301
241,67,17,167,16,267
242,51,17,167,16,251
243,51,50,251,32,384
245,82,19,83,16,200
246,65,19,83,16,183
247,133,18,65,18,234
249,66,18,98,18,200
251,65,18,65,18,166
254,98,35,66,17,216
255,67,16,69,32,184
256,65,35,66,17,183
257,101,17,65,16,199
258,67,34,65,16,182
260,52,17,65,16,150
263,49,33,51,15,148
264,81,18,67,15,181
265,85,32,68,16,201
267,67,15,68,16,166
269,67,18,67,16,168
270,67,33,84,16,200
271,83,34,181,19,317
272,102,32,50,17,201
274,67,32,50,17,166
277,84,33,82,19,218
278,166,34,233,17,450
280,50,17,82,19,168
281,116,34,233,17,400
282,67,33,132,18,250
283,51,33,132,18,234
284,101,33,65,18,217
285,66,19,233,17,335
289,101,16,84,17,218
290,98,35,166,17,316
293,65,17,166,17,265
294,101,32,100,17,250
295,85,32,100,17,234
296,69,32,100,17,218
297,83,34,66,17,200
298,66,34,66,17,183
299,50,34,66,17,167
301,68,16,99,17,200
302,84,16,100,17,217
303,101,16,67,17,201
306,83,16,51,16,166
309,100,16,51,15,182
310,84,16,51,15,166
311,116,18,50,33,217
312,100,18,50,33,201
313,101,15,100,18,234
314,66,18,50,33,167
315,67,15,100,18,200
318,54,14,149,17,234
319,83,50,66,17,216
320,184,17,200,16,417
321,79,18,66,17,180
322,132,17,68,18,235
324,116,17,200,16,349
325,99,17,200,16,332
326,67,17,68,18,170
327,66,17,200,16,299
328,85,33,83,15,216
329,67,33,83,15,198
331,116,35,66,16,233
333,97,19,66,16,198
334,67,35,66,16,184
335,115,34,134,15,298
337,52,32,68,16,168
339,85,34,100,15,234
343,99,20,65,17,201
344,66,15,119,17,217
345,65,20,65,17,167
346,100,32,100,18,250
347,133,17,66,18,234
348,68,32,100,18,218
350,65,34,66,18,183
351,149,34,84,15,282
354,68,32,118,15,233
355,51,32,118,15,216
358,66,33,231,18,348
360,83,17,69,16,185
362,99,36,65,18,218
365,86,31,52,31,200
366,69,31,52,31,183
367,67,15,52,31,165
369,66,17,64,18,165
372,52,31,85,17,185
373,117,34,66,17,234
374,82,18,66,17,183
375,82,34,66,17,199
376,168,33,166,17,384
377,51,34,66,17,168
378,53,17,66,17,153
381,66,17,99,18,200
382,66,33,166,17,282
385,50,33,102,16,201
386,83,16,69,16,184
390,68,34,66,16,184
393,67,15,51,17,150
394,50,15,51,17,133
397,66,17,101,16,200
398,135,34,165,17,351
401,84,34,165,17,300
402,83,18,165,17,283
403,63,18,165,17,263
404,116,17,65,17,215
405,82,18,82,17,199
406,65,18,82,17,182
407,183,34,183,16,416
409,66,17,132,17,232
410,68,32,68,32,200
412,116,17,183,16,332
413,66,17,267,34,384
415,66,17,183,16,282
416,68,32,68,16,184
417,83,34,167,34,318
418,66,34,167,34,301
419,117,33,301,16,467
420,66,34,233,18,351
421,68,17,233,18,336
422,68,33,301,16,418
424,83,18,166,18,285
425,100,16,152,15,283
427,67,16,152,15,250
429,118,32,52,15,217
430,66,34,167,16,283
431,84,32,52,15,183
433,50,32,52,15,149
434,118,15,133,17,283
435,50,34,82,19,185
437,152,32,150,17,351
438,52,15,133,17,217
439,66,17,100,17,200
442,68,32,150,17,267
444,51,16,150,17,234
445,51,33,67,17,168
446,65,34,133,17,249
447,116,34,66,17,233
448,67,33,67,16,183
450,67,34,66,17,184
451,50,34,66,17,167
453,83,33,51,16,183
456,83,17,83,16,199
457,84,33,133,17,267
460,51,16,133,17,217
461,66,17,67,16,166
462,83,16,67,17,183
463,82,34,83,33,232
464,66,34,83,33,216
467,83,50,84,16,233
468,100,17,84,16,217
469,51,50,84,16,201
470,66,17,84,16,183
471,135,16,133,16,300
472,83,35,82,17,217
473,101,16,133,16,266
474,85,16,133,16,250
475,68,16,133,16,233
476,68,33,67,33,201
477,117,34,100,18,269
478,168,33,101,32,334
479,82,34,100,18,234
480,66,34,100,18,218
482,167,34,65,18,284
483,115,34,217,16,382
484,67,33,101,32,233
485,50,33,101,32,216
486,100,34,65,18,217
488,67,34,65,18,184
490,68,33,83,17,201
492,82,35,83,17,217
493,64,35,83,17,199
494,98,18,67,16,199
495,68,33,67,16,184
497,68,17,66,17,168
499,67,16,101,15,199
500,85,16,68,15,184
502,66,34,67,17,184
503,66,17,67,17,167
504,67,34,100,15,216
506,83,18,82,16,199
508,134,31,68,16,249
509,119,31,68,16,234
511,85,31,68,16,200
514,83,18,67,16,184
515,67,18,67,16,168
516,66,33,99,18,216
517,67,17,99,18,201
518,185,15,67,17,284
519,67,18,83,15,183
523,67,34,66,33,200
524,83,15,67,17,182
525,67,15,67,17,166
526,132,17,168,17,334
527,67,33,83,17,200
528,84,33,168,17,302
529,149,35,67,16,267
531,66,17,68,15,166
532,102,35,67,16,220
533,83,35,67,16,201
534,67,35,67,16,185
536,118,17,114,18,267
538,50,17,149,18,234
539,68,17,114,18,217
541,52,33,81,18,184
542,51,17,81,18,167
544,65,34,183,17,299
545,65,18,183,17,283
546,66,33,133,17,249
548,150,17,67,16,250
552,83,17,67,16,183
553,151,32,100,17,300
554,50,17,67,16,150
555,83,34,65,17,199
556,66,34,65,17,182
558,132,35,100,15,282
559,51,32,100,17,200
560,116,18,100,15,249
563,66,18,100,15,199
565,51,32,68,15,166
566,101,34,200,17,352
567,118,33,83,17,251
568,100,33,83,17,233
569,68,17,200,17,302
570,68,33,83,17,201
571,117,34,100,17,268
574,167,33,66,17,283
575,51,34,100,17,202
576,100,34,65,18,217
577,67,17,99,18,201
578,101,33,66,17,217
579,101,17,66,17,201
581,67,17,66,17,167
582,67,32,66,18,183
583,67,15,66,18,166
584,65,34,116,17,232
587,132,33,101,16,282
588,84,17,132,18,251
589,83,49,101,16,249
590,67,49,101,16,233
591,116,33,51,16,216
594,216,17,100,17,350
595,68,15,51,16,150
596,52,15,51,16,134
597,67,34,66,17,184
598,66,18,66,17,167
599,66,16,67,17,166
600,51,16,67,17,151
601,151,34,65,17,267
603,200,16,266,19,501
604,50,17,100,17,184
605,84,34,65,17,200
606,134,33,266,19,452
607,51,34,65,17,167
608,52,16,65,17,150
609,51,32,200,16,299
610,66,33,266,19,384
612,49,16,266,19,350
613,66,18,65,16,165
614,82,34,67,17,200
615,65,34,67,17,183
616,100,34,67,17,218
619,51,34,67,17,169
620,68,33,66,18,185
622,101,32,101,17,251
624,67,32,101,17,217
626,84,15,218,16,333
627,68,15,218,16,317
628,65,34,250,17,366
630,84,17,65,17,183
631,66,17,65,17,165
632,85,17,83,33,218
633,66,17,83,33,199
636,99,51,250,17,417
638,83,33,250,17,383
639,68,33,250,17,368
640,85,16,67,17,185
641,68,16,67,17,168
642,117,17,234,16,384
643,99,17,234,16,366
645,66,17,234,16,333
646,67,33,183,18,301
647,66,16,183,18,283
649,100,17,67,17,201
650,66,34,67,17,184
653,67,17,83,18,185
655,101,32,85,16,234
656,84,32,85,16,217
658,83,18,67,16,184
660,100,34,199,17,350
661,83,34,199,17,333
662,102,33,166,17,318
666,133,34,115,17,299
667,101,17,100,17,235
668,65,34,100,17,216
669,132,34,66,17,249
672,83,34,66,17,200
674,117,17,100,34,268
676,66,34,100,34,234
677,68,17,100,34,219
678,51,17,100,34,202
679,100,17,101,16,234
680,83,17,101,16,217
684,68,34,446,19,567
686,68,33,117,16,234
687,85,33,66,18,202
688,67,33,66,18,184
690,66,32,52,16,166
691,82,34,66,18,200
692,65,34,66,18,183
693,101,16,50,32,199
694,84,16,50,32,182
695,135,32,134,17,318
698,66,50,134,17,267
699,66,32,134,17,249
700,82,17,68,16,183
701,66,17,68,16,167
702,84,17,83,17,201
703,66,17,83,17,183
705,116,18,83,18,235
707,100,17,134,15,266
708,166,34,166,17,383
709,84,33,51,16,184
710,66,33,51,16,166
714,66,34,166,17,283
717,102,17,68,16,203
718,68,32,68,16,184
719,65,17,68,16,166
720,83,17,167,16,283
721,66,17,167,16,266
722,83,17,65,18,183
723,85,32,267,17,401
724,100,33,135,16,284
725,83,33,135,16,267
726,117,16,134,17,284
728,116,17,166,17,316
729,67,16,134,17,234
730,67,34,166,17,284
731,67,17,166,17,267
732,51,17,166,17,251
734,67,34,66,16,183
735,67,17,66,16,166
737,67,17,100,15,199
738,50,17,100,15,182
739,99,17,134,17,267
741,66,17,134,17,234
742,83,17,66,17,183
743,83,32,85,32,232
744,99,34,234,15,382
745,51,32,85,32,200
746,100,34,133,17,284
747,83,34,133,17,267
748,66,34,133,17,250
749,85,49,101,16,251
751,68,32,101,16,217
753,100,16,234,16,366
754,83,16,234,16,349
755,66,16,234,16,332
757,101,16,66,17,200
758,67,33,66,17,183
759,117,32,133,35,317
760,116,17,133,35,301
761,84,32,133,35,284
762,82,17,133,35,267
764,66,34,150,16,266
766,66,33,166,18,283
768,67,34,132,18,251
769,67,17,132,18,234
770,67,32,135,15,249
771,51,32,135,15,233
772,66,35,100,15,216
774,67,32,101,17,217
776,100,35,65,18,218
777,101,17,65,18,201
778,83,17,65,18,183
779,84,33,83,16,216
780,151,16,135,16,318
783,116,33,51,16,216
784,65,34,135,16,250
785,101,16,51,16,184
786,182,19,215,17,433
787,66,16,51,16,149
788,118,16,51,16,201
789,66,17,68,16,167
790,67,33,51,16,167
791,118,32,68,16,234
793,85,32,68,16,201
794,84,16,68,16,184
795,133,18,65,18,234
796,67,33,51,17,168
797,51,33,51,17,152
798,65,35,65,18,183
800,68,33,66,16,183
801,51,33,66,16,166
803,83,34,132,18,267
804,65,34,132,18,249
805,99,17,200,17,333
806,66,33,200,17,316
808,50,17,200,17,284
809,65,18,65,18,166
810,132,35,66,17,250
812,66,33,67,17,183
814,65,35,66,17,183
816,68,32,85,17,202
817,52,32,85,17,186
818,52,15,85,17,169
819,100,17,66,17,200
820,66,34,66,17,183
822,217,16,233,18,484
823,117,34,132,18,301
825,83,34,132,18,267
826,66,34,132,18,250
827,66,17,132,18,233
828,97,18,83,18,216
830,83,16,233,18,350
831,133,16,67,16,232
832,65,34,116,18,233
833,84,33,67,16,200
836,117,17,99,18,251
837,83,34,99,18,234
839,83,34,65,18,200
840,101,32,51,33,217
843,51,32,51,33,167
844,66,51,66,16,199
845,67,34,66,16,183
847,68,33,67,34,202
848,102,49,66,34,251
850,69,49,66,34,218
851,51,49,66,34,200
852,84,34,133,17,268
854,83,32,51,34,200
855,68,32,51,34,185
858,65,19,151,15,250
859,83,34,132,17,266
860,68,34,132,17,251
861,51,34,132,17,234
862,70,33,67,15,185
863,84,33,66,17,200
864,67,33,66,17,183
866,82,18,66,17,183
867,66,18,66,17,167
868,82,17,51,16,166
870,66,34,65,19,184
871,84,33,133,17,267
872,66,33,133,17,249
873,51,33,133,17,234
875,82,19,150,16,267
876,84,16,234,16,350
877,67,16,234,16,333
879,67,17,100,16,200
881,66,16,116,18,216
883,83,34,66,17,200
885,67,17,66,17,167
887,117,34,98,17,266
888,82,18,100,18,218
889,65,18,100,18,201
891,134,16,99,17,266
893,52,33,132,17,234
894,132,34,67,16,249
897,82,34,67,16,199
898,82,17,67,16,182
902,101,33,117,34,285
903,67,17,83,18,185
904,83,17,117,34,251
905,66,17,117,34,234
906,50,17,117,34,218
908,66,17,83,18,184
913,67,34,65,17,183
914,83,15,133,18,249
915,149,34,117,16,316
916,50,15,133,18,216
917,83,33,100,18,234
921,66,17,117,16,216
922,67,50,150,17,284
923,67,34,150,17,268
925,83,34,100,17,234
926,66,34,100,17,217
927,68,16,100,17,201
928,52,16,100,17,185
929,67,16,67,17,167
930,117,17,66,17,217
931,66,17,67,17,167
932,134,32,104,13,283
935,50,34,136,13,233
936,67,32,104,13,216
939,66,17,70,13,166
940,82,17,67,17,183
942,167,34,100,17,318
944,83,17,150,17,267
945,67,17,150,17,251
946,134,32,68,17,251
948,164,33,166,17,380
949,50,34,100,17,201
950,67,32,68,17,184
951,82,35,67,33,217
954,67,33,166,17,283
955,66,17,166,17,266
956,68,34,98,17,217
957,100,18,99,17,234
958,67,33,99,17,216
960,99,50,51,16,216
962,65,50,51,16,182
963,68,32,51,16,167
964,50,32,51,16,149
965,82,34,134,16,266
966,67,34,134,16,251
967,66,17,134,16,233
968,118,16,68,16,218
969,101,16,68,16,201
970,135,33,133,17,318
971,67,16,68,16,167
973,66,19,98,18,201
974,69,33,133,17,252
978,116,17,65,17,215
980,165,34,234,16,449
983,68,16,66,17,167
984,134,34,65,28,261
986,82,17,234,16,349
989,66,17,65,28,176
990,51,17,65,28,161
991,85,31,168,17,301
992,84,15,168,17,284
993,67,15,168,17,267
994,50,15,168,17,250
995,78,6,101,16,201
996,59,6,101,16,182
999,73,34,66,17,190
1001,50,34,66,17,167
1002,117,16,99,19,251
1003,84,33,99,19,235
1005,83,34,149,16,282
1006,116,33,166,35,350
1007,50,34,149,16,249
1008,67,49,166,35,317
1010,99,19,65,16,199
1012,132,17,66,35,250
1013,68,15,66,18,167
1014,52,15,66,18,151
1015,66,34,66,35,201
1016,84,16,168,16,284
1017,65,16,168,16,265
1018,84,17,133,16,250
1019,68,17,133,16,234
1020,100,18,65,18,201
1022,67,18,65,18,168
1023,67,17,66,16,166
1024,67,32,84,16,199
1025,69,15,84,16,184
1026,52,15,84,16,167
1027,99,16,52,33,200
1028,82,16,52,33,183
1029,99,16,67,16,198
1030,84,16,67,16,183
1031,102,33,66,16,217
1032,117,16,250,16,399
1033,68,33,66,16,183
1034,101,33,132,19,285
1035,83,33,132,19,267
1036,151,17,64,19,251
1037,115,35,64,19,233
1038,84,16,99,19,218
1039,66,16,99,19,200
1040,66,35,64,19,184
1041,68,17,64,19,168
1042,68,33,166,17,284
1043,51,33,166,17,267
1046,64,19,166,17,266
1048,50,16,133,17,216
1049,115,34,50,17,216
1051,66,16,268,17,367
1052,66,34,50,17,167
1053,67,17,50,17,151
1054,67,33,134,17,251
1055,100,17,134,16,267
1056,51,16,134,17,218
1057,117,33,101,17,268
1061,67,16,101,17,201
1062,66,34,67,17,184
1064,84,17,65,17,183
1066,101,32,51,17,201
1068,150,17,100,15,282
1069,50,32,51,17,150
1070,99,34,100,15,248
1071,66,17,66,18,167
1072,132,34,67,17,250
1074,68,32,168,16,284
1075,83,34,67,17,201
1076,84,16,67,17,184
1078,66,34,200,17,317
1079,118,34,67,33,252
1080,68,33,83,18,202
1082,101,33,67,17,218
1083,85,33,67,17,202
1084,67,33,67,17,184
1085,52,33,67,17,169
1086,83,18,99,16,216
1087,66,18,99,16,199
1088,67,33,66,16,182
1090,67,33,99,17,216
1094,66,33,84,15,198
1095,65,17,84,15,181
1096,66,33,133,17,249
1098,66,35,64,17,182
1101,100,33,51,17,201
1102,99,17,51,17,184
1103,66,33,51,17,167
1104,98,34,66,18,216
1105,99,17,66,18,200
1106,67,34,66,18,185
1107,67,17,66,18,168
1108,68,34,84,15,201
1109,68,17,84,15,184
1110,51,17,84,15,167
1113,82,34,99,17,232
1114,65,34,99,17,215
1115,68,15,99,17,199
1116,52,15,99,17,183
1117,66,16,100,18,200
1119,65,17,66,18,166
1120,184,17,134,15,350
1121,116,51,66,17,250
1122,66,17,68,17,168
1123,66,17,51,17,151
1124,66,51,66,17,200
1125,67,33,66,17,183
1126,119,16,67,15,217
1128,85,16,67,15,183
1129,67,16,67,15,165
1130,169,48,68,17,302
1133,66,17,65,17,165
1134,67,34,116,17,234
1135,66,19,116,17,218
1137,132,18,99,18,267
1139,83,17,84,17,201
1140,64,17,84,17,182
1142,102,32,67,16,217
1143,85,32,67,16,200
1144,69,32,67,16,184
1145,52,32,67,16,167
1146,66,51,67,16,200
1147,82,18,67,16,183
1154,67,33,134,16,250
1157,83,33,134,16,266
1158,300,34,116,16,466
1159,84,33,284,33,434
1160,67,33,284,33,417
1161,133,17,151,15,316
1164,67,33,151,15,266
1168,83,32,234,18,367
1171,102,17,116,16,251
1173,67,17,116,16,216
1176,51,15,84,16,166
1177,100,33,84,33,250
1178,66,50,84,33,233
1179,66,33,84,33,216
1180,117,17,100,32,266
1182,83,17,100,32,232
1183,66,17,100,32,215
1185,66,18,66,32,182
1187,51,33,65,18,167
1189,150,34,116,17,317
1191,51,50,116,17,234
1192,83,16,150,17,266
1193,67,16,150,17,250
1195,51,34,116,17,218
1196,51,17,116,17,201
1197,67,16,134,17,234
1198,134,33,67,17,251
1199,67,16,250,17,350
1201,99,17,67,17,200
1202,67,33,67,17,184
1203,83,34,67,16,200
1204,67,34,67,16,184
1205,50,34,67,16,167
1206,100,34,65,17,216
1208,51,16,99,17,183
1209,183,33,200,17,433
1210,67,32,50,17,166
1211,50,32,50,17,149
1213,82,34,199,34,349
1216,67,33,200,17,317
1217,101,34,248,17,400
1218,84,34,248,17,383
1219,67,34,248,17,366
1220,84,16,133,17,250
1221,100,17,399,16,532
1223,117,32,133,17,299
1224,133,34,184,16,367
1225,66,17,66,17,166
1226,150,18,64,17,249
1228,82,17,184,16,299
1229,66,17,184,16,283
1230,83,18,64,17,182
1231,67,18,64,17,166
1232,117,33,250,18,418
1233,52,32,117,16,217
1235,66,33,250,18,367
1236,81,18,66,17,182
1239,51,32,51,17,151
1240,101,34,82,18,235
1242,83,17,82,18,200
1243,66,17,82,18,183
1244,51,17,82,18,168
1245,66,16,100,18,200
1246,66,34,66,18,184
1247,83,34,216,17,350
1249,50,34,216,17,317
1250,50,18,216,17,301
1251,51,32,86,32,201
1252,66,35,51,32,184
1253,68,17,51,32,168
1257,55,45,150,16,266
1258,51,32,150,16,249
1259,167,17,132,17,333
1260,78,17,67,33,195
1263,150,34,65,17,266
1264,66,34,132,17,249
1265,50,34,132,17,233
1266,67,33,167,15,282
1267,84,34,65,17,200
1268,67,34,65,17,183
1269,84,50,150,17,301
1270,232,35,65,18,350
1273,68,32,83,17,200
1274,82,17,101,17,217
1277,83,32,100,18,233
1278,68,32,100,18,218
1281,67,18,65,18,168
1283,69,15,150,17,251
1284,118,16,83,17,234
1285,66,17,100,17,200
1286,65,34,83,17,199
1287,116,49,117,17,299
1288,51,16,83,17,167
1289,85,49,117,17,268
1293,66,17,66,17,166
1297,67,16,135,15,233
1298,66,34,67,17,184
1299,66,17,67,17,167
1300,67,34,99,17,217
1301,50,34,99,17,200
1302,51,17,99,17,184
1303,84,34,99,18,235
1304,67,34,99,18,218
1306,67,32,67,18,184
1307,100,16,101,17,234
1309,66,16,101,17,200
1310,65,34,200,17,316
1311,67,17,200,17,301
1316,67,49,51,17,184
1317,66,32,51,17,166
1318,50,32,51,17,150
1319,199,18,98,18,333
1322,51,17,101,16,185
1323,118,34,98,18,268
1325,50,34,132,18,234
1327,66,18,98,18,200
1328,68,32,66,18,184
1330,99,33,67,17,216
1331,50,33,51,16,150
1332,65,33,67,17,182
1335,83,33,67,17,200
1336,84,16,67,17,184
1337,68,16,67,17,168
1338,51,16,67,17,151
1339,66,17,66,17,166
1340,133,33,85,15,266
1341,100,16,283,17,416
1343,67,16,283,17,383
1344,99,33,52,15,199
1346,66,33,52,15,166
1347,67,15,52,15,149
1348,51,15,52,15,133
1349,101,15,66,18,200
1350,68,32,66,18,184
1352,52,15,66,18,151
1354,67,49,66,17,199
1355,66,33,66,17,182
1356,84,33,50,17,184
1357,80,19,50,17,166
1359,66,17,167,16,266
1360,68,33,234,17,352
1361,66,17,234,17,334
1362,52,17,234,17,320
1364,67,33,101,16,217
1366,168,33,133,17,351
1367,133,18,66,17,234
1368,67,33,133,16,249
1369,51,33,133,16,233
1371,66,18,66,17,167
1373,67,17,133,17,234
1374,50,17,133,17,217
1375,67,17,100,17,201
1376,133,33,67,16,249
1378,116,17,67,16,216
1379,66,18,66,34,184
1380,67,33,67,16,183
1381,83,33,66,17,199
1382,116,18,166,16,316
1384,66,34,166,16,282
1385,84,32,67,18,201
1386,67,32,67,18,184
1388,66,34,200,17,317
1389,217,33,168,16,434
1391,50,33,100,17,200
1392,67,33,201,16,317
1393,50,33,201,16,300
1394,150,16,168,16,350
1395,67,16,367,16,466
1396,67,33,67,17,184
1397,115,34,67,16,232
1398,67,33,168,16,284
1399,82,34,67,16,199
1400,83,17,67,16,183
1402,84,16,234,16,350
1403,67,16,234,16,333
1405,50,34,67,16,167
1407,100,17,133,16,266
1408,67,34,133,16,250
1409,66,17,133,16,232
1410,67,33,166,16,282
1411,84,34,99,16,233
1412,101,32,100,16,249
1413,84,32,100,16,232
1414,99,34,66,16,215
1415,83,34,66,16,199
1416,66,34,66,16,182
1418,66,33,184,17,300
1419,100,17,134,17,268
1421,66,17,134,17,234
1422,99,34,133,18,284
1423,150,34,165,19,368
1424,133,34,165,19,351
1428,67,34,165,19,285
1429,150,35,98,17,300
1430,67,34,131,19,251
1431,51,34,131,19,235
1432,68,32,133,17,250
1433,51,32,133,17,233
1434,101,33,132,17,283
1436,67,33,132,17,249
1438,84,34,82,17,217
1440,49,34,82,17,182
1441,100,17,151,16,284
1442,82,17,151,16,266
1443,100,16,200,17,333
1444,51,17,151,16,235
1446,67,34,84,16,201
1447,67,17,84,16,184
1448,84,17,198,18,317
1449,67,17,198,18,300
1451,51,32,100,17,200
1453,67,16,99,17,199
1454,66,33,117,16,232
1455,68,16,117,16,217
1456,51,16,117,16,200
1457,82,33,135,15,265
1460,66,33,168,16,283
1461,50,33,168,16,267
1462,66,34,100,18,218
1464,51,16,100,18,185
1465,67,16,168,16,267
1469,200,34,100,17,351
1471,118,33,50,17,218
1475,166,17,200,16,399
1477,83,18,100,17,218
1478,65,18,100,17,200
1480,83,17,200,16,316
1481,51,33,200,16,300
1482,84,16,101,32,233
1483,82,35,199,34,350
1484,83,17,199,34,333
1487,83,34,67,16,200
1488,85,16,67,16,184
1489,83,32,51,17,183
1490,66,32,51,17,166
1491,83,35,100,15,233
1492,101,33,133,17,284
1493,83,33,133,17,266
1494,67,33,133,17,250
1495,53,33,133,17,236
1496,135,32,68,16,251
1497,66,17,100,17,200
1499,84,32,68,16,200
1500,67,32,68,16,183
1501,83,34,67,17,201
1502,66,34,67,17,184
1503,84,34,67,15,200
1505,51,34,67,15,167
1507,67,17,100,17,201
1508,67,34,66,17,184
1509,50,34,66,17,167
1512,84,16,65,18,183
1513,83,50,101,31,265
1514,83,33,101,31,248
1515,101,33,249,19,402
1516,51,33,101,31,216
1518,50,33,249,19,351
1520,84,19,64,18,185
1521,85,47,68,17,217
1523,52,47,68,17,184
1524,51,31,68,17,167
1525,66,17,133,19,235
1526,64,51,82,19,216
1528,135,51,183,15,384
1529,68,17,65,19,169
1531,66,17,117,15,215
1533,101,15,134,16,266
1534,65,19,183,15,282
1535,68,15,134,16,233
1536,51,15,134,16,216
1538,51,34,83,16,184
1540,134,34,66,17,251
1542,51,17,67,15,150
1543,99,18,66,17,200
1544,84,18,66,17,185
1545,84,32,67,16,199
1546,67,32,67,16,182
1548,117,16,66,17,216
1549,50,34,66,16,166
1550,182,17,266,17,482
1552,51,16,66,17,150
1553,116,34,266,17,433
1554,116,17,266,17,416
1556,100,34,132,17,283
1557,67,17,266,17,367
1558,67,34,132,17,250
1560,151,18,65,17,251
1561,51,32,100,17,200
1563,49,34,100,17,200
1564,83,18,65,17,183
1565,66,18,65,17,166
1566,134,33,67,17,251
1568,117,16,67,17,217
1569,66,17,66,17,166
1570,65,33,67,17,182
1571,66,16,67,17,166
1572,51,16,67,17,151
1573,100,17,185,15,317
1576,50,17,185,15,267
1579,66,18,66,18,168
1582,68,32,133,17,250
1583,52,32,133,17,234
1585,101,15,66,17,199
1586,65,34,66,17,182
1590,100,34,50,16,200
1591,132,33,83,18,266
1592,83,17,50,16,166
1593,83,50,83,18,234
1596,84,16,67,18,185
1597,100,16,102,17,235
1600,169,32,118,15,334
1601,66,17,68,17,168
1603,68,15,151,34,268
1604,52,15,151,34,252
1606,85,15,118,15,233
1607,67,15,118,15,215
1608,133,52,82,17,284
1609,50,33,51,34,168
1611,81,52,82,17,232
1613,67,34,82,17,200
1615,69,15,100,17,201
1616,134,33,133,17,317
1617,116,33,133,17,299
1618,68,33,67,17,185
1619,65,17,67,17,166
1621,83,34,66,17,200
1623,67,17,66,17,167
1624,67,34,65,17,183
1625,100,16,118,17,251
1626,51,17,65,17,150
1629,82,35,50,17,184
1630,133,34,132,16,315
1632,68,33,199,17,317
1633,84,34,132,16,266
1634,85,17,132,16,250
1635,68,17,132,16,233
1636,67,32,67,16,182
1637,100,18,99,17,234
1639,83,33,66,17,199
1640,66,33,66,17,182
1641,133,17,117,17,284
1642,67,33,202,31,333
1643,117,34,66,17,234
1644,99,34,66,17,216
1645,65,17,117,17,216
1647,67,17,66,17,167
1648,50,17,66,17,150
1649,84,33,401,17,535
1653,66,17,151,16,250
1654,50,17,151,16,234
1655,86,31,135,16,268
1657,100,17,201,16,334
1658,66,34,201,16,317
1659,83,33,133,18,267
1660,65,33,133,18,249
1661,102,16,134,16,268
1662,135,33,150,15,333
1664,101,33,150,15,299
1665,85,33,150,15,283
1667,66,17,150,15,248
1668,50,17,150,15,232
1669,67,33,66,17,183
1670,100,32,51,15,198
1672,67,32,51,15,165
1674,51,16,51,15,133
1675,100,15,118,17,250
1677,67,15,118,17,217
1678,51,15,118,17,201
1679,66,17,84,17,184
1681,65,33,102,17,217
1683,101,17,67,16,201
1684,49,35,84,16,184
1685,68,17,67,16,168
1686,68,34,199,32,333
1689,100,17,67,16,200
1690,83,17,67,16,183
1692,82,17,100,32,231
1695,66,18,66,32,182
1696,67,33,65,18,183
1697,99,18,133,17,267
1698,67,33,133,17,250
1700,66,50,66,17,199
1701,65,35,66,17,183
1702,65,18,66,17,166
1703,151,34,66,16,267
1704,50,16,67,17,150
1705,84,34,66,17,201
1707,100,17,66,16,199
1708,84,17,66,16,183
1709,117,34,100,16,267
1710,68,32,67,16,183
1711,51,32,67,16,166
1712,83,17,100,16,216
1713,99,17,100,17,233
1714,66,33,100,17,216
1715,51,33,100,17,201
1716,83,18,83,17,201
1717,66,18,83,17,184
1718,67,33,50,17,167
1719,117,34,66,16,233
1720,51,16,50,17,134
1721,84,34,66,16,200
1722,66,34,66,16,182
1724,84,16,66,17,183
1726,51,16,66,17,150
1727,66,17,66,17,166
1728,66,33,68,16,183
1731,67,16,67,17,167
1732,83,18,68,15,184
1734,100,36,65,32,233
1737,86,32,65,17,200
1738,68,32,65,17,182
1739,52,32,65,17,166
1740,68,33,166,17,284
1741,84,32,168,17,301
1742,65,32,168,17,282
1743,99,18,165,19,301
1745,83,32,67,17,199
1746,67,32,67,17,183
1747,52,32,67,17,168
1748,84,17,184,17,302
1749,67,17,184,17,285
1751,84,34,66,17,201
1753,135,15,334,33,517
1754,84,34,83,15,216
1755,67,34,83,15,199
1756,66,19,83,15,183
1757,68,15,334,33,450
1758,51,15,334,33,433
1759,66,17,103,13,199
1760,85,17,98,17,217
1763,100,20,80,17,217
1764,66,37,80,17,200
1765,66,20,80,17,183
1766,149,17,133,18,317
1767,54,46,119,15,234
1768,267,34,66,17,384
1769,100,17,133,18,268
1770,64,33,133,18,248
1772,51,17,133,18,219
1774,66,35,65,18,184
1775,67,18,65,18,168
1777,66,17,51,16,150
1778,82,18,84,16,200
1779,83,34,66,17,200
1781,50,34,66,17,167
1782,51,16,66,17,150
1783,52,50,83,17,202
1785,99,17,134,15,265
1786,83,17,134,15,249
1787,66,17,134,15,232
1789,83,32,101,17,233
1791,82,36,65,17,200
1793,68,18,65,17,168
1794,68,33,167,14,282
1795,116,33,51,15,215
1797,83,33,51,15,182
1798,65,33,51,15,164
1799,118,32,101,16,267
1800,65,34,68,14,181
1801,84,32,101,16,233
1802,67,32,101,16,216
1803,67,15,101,16,199
1806,49,19,65,16,149
1807,65,18,66,17,166
1808,101,33,67,17,218
1810,65,33,67,17,182
1811,84,34,99,17,234
1812,66,34,99,17,216
1813,84,33,66,17,200
1814,117,16,151,15,299
1817,99,17,100,18,234
1818,82,17,100,18,217
1819,83,34,218,32,367
1823,69,15,51,15,150
1825,66,35,115,19,235
1826,84,15,119,32,250
1828,84,17,167,15,283
1829,119,50,148,17,334
1830,68,34,50,32,184
1832,185,17,99,17,318
1833,101,32,84,17,234
1834,167,33,66,17,283
1835,100,18,66,17,201
1838,135,32,68,16,251
1839,83,33,66,17,199
1840,102,32,68,16,218
1842,83,15,68,16,182
1843,116,34,66,17,233
1844,82,17,100,17,216
1847,83,33,69,31,216
1848,134,36,64,16,250
1850,67,33,67,16,183
1851,83,36,64,16,199
1852,66,36,64,16,182
1854,69,31,134,17,251
1855,84,33,67,17,201
1856,67,33,67,17,184
1857,50,33,67,17,167
1858,64,33,134,16,247
1859,118,34,66,16,234
1860,83,17,100,16,216
1861,67,17,100,16,200
1862,118,15,100,17,250
1863,68,17,66,16,167
1864,184,16,102,15,317
1865,100,17,200,17,334
1866,100,34,134,15,283
1867,66,17,200,17,300
1868,66,34,134,15,249
1869,99,16,102,15,232
1870,84,16,102,15,217
1872,116,17,67,17,217
1873,67,17,135,17,236
1875,83,35,67,17,202
1876,102,32,52,14,200
1878,68,32,52,14,166
1879,52,32,52,14,150
1880,84,18,64,18,184
1881,136,14,67,18,235
1882,131,33,85,15,264
1883,134,15,85,15,249
1884,52,14,66,17,149
1885,68,14,67,18,167
1886,82,15,85,15,197
1887,65,15,85,15,180
1888,83,17,200,18,318
1889,99,33,66,16,214
1890,85,33,66,16,200
1891,67,33,66,16,182
1892,85,15,167,17,284
1893,116,18,83,18,235
1894,99,18,83,18,218
1895,66,33,83,18,200
1896,66,18,83,18,185
1897,66,16,100,17,199
1899,100,16,100,18,234
1900,85,16,100,18,219
1901,67,16,100,18,201
1902,85,15,134,18,252
1904,83,17,66,18,184
1905,83,33,201,16,333
1906,84,16,201,16,317
1907,66,16,201,16,299
1908,118,16,66,18,218
1909,101,16,66,18,201
1911,67,16,66,18,167
1912,117,16,133,17,283
1913,67,32,66,18,183
1914,52,32,66,18,168
1915,100,16,99,17,232
1917,66,16,99,17,198
1918,135,49,67,17,268
1919,66,18,65,17,166
1923,51,49,67,17,184
1924,116,17,100,16,249
1926,83,17,100,16,216
1927,83,33,100,16,232
1928,51,17,100,16,184
1930,67,33,133,17,250
1932,100,33,133,17,283
1933,84,33,133,17,267
1934,100,35,98,17,250
1936,67,35,98,17,217
1938,68,31,67,17,183
1940,66,34,67,17,184
1944,67,34,134,16,251
1945,50,34,134,16,234
1946,67,33,101,16,217
1948,101,33,83,34,251
1949,67,17,67,16,167
1951,117,33,115,35,300
1955,52,33,115,35,235
1957,67,34,283,17,401
1958,49,34,283,17,383
1959,67,16,66,18,167
1960,99,51,116,17,283
1961,116,18,116,17,267
1962,83,35,116,17,251
1964,117,16,67,17,217
1965,101,16,67,17,201
1967,135,16,67,17,235
1969,266,17,132,18,433
1970,66,34,67,17,184
1971,67,16,67,17,167
1972,84,32,84,17,217
1974,101,34,133,16,284
1975,65,18,134,16,233
1976,67,34,133,16,250
1978,118,17,132,18,285
1980,66,34,132,18,250
1981,66,17,132,18,233
1982,66,34,183,34,317
1985,84,33,66,34,217
1986,67,33,66,34,200
1987,84,50,101,16,251
1988,66,50,101,16,233
1989,82,18,101,16,217
1990,99,34,199,17,349
1991,117,51,65,18,251
1992,100,51,65,18,234
1993,83,51,65,18,217
1994,68,51,65,18,202
1997,85,32,68,17,202
1999,150,32,301,17,500
2000,104,33,134,15,286
2001,65,18,65,17,165
2002,67,33,134,15,249
2003,64,18,134,15,231
2004,68,32,301,17,418
2005,51,32,301,17,401
2006,82,18,67,15,182
2007,85,33,167,16,301
2008,67,33,167,16,283
2009,66,17,167,16,266
2010,102,33,65,18,218
2011,51,34,98,18,201
2013,51,33,65,18,167
2014,67,32,168,17,284
2015,100,16,68,33,217
2016,116,17,133,15,281
2018,133,33,267,15,448
2025,84,33,133,17,267
2026,115,17,68,17,217
2027,85,32,68,17,202
2028,67,32,68,17,184
2029,65,17,68,17,167
2030,65,35,199,18,317
2031,83,33,100,15,231
2033,85,33,67,15,200
2034,101,33,133,17,284
2035,118,34,199,17,368
2036,66,33,133,17,249
2037,102,16,199,17,334
2039,83,34,99,17,233
2040,101,32,67,17,217
2043,65,17,67,17,166
2045,69,15,51,17,152
2046,65,34,99,18,216
2047,101,17,83,15,216
2049,66,17,83,15,181
2050,68,32,102,31,233
2052,66,33,100,18,217
2053,66,16,100,18,200
2054,65,33,67,18,183
2055,67,15,67,18,167
2056,51,15,67,18,151
2058,83,17,51,17,168
2059,167,32,68,15,282
2060,85,33,134,15,267
2061,81,18,134,15,248
2062,82,17,117,15,231
2063,102,32,68,15,217
2064,117,17,234,16,384
2067,66,17,234,16,333
2068,66,33,51,33,183
2069,100,15,68,16,199
2070,85,15,68,16,184
2071,83,51,83,17,234
2072,66,51,83,17,217
2073,67,33,83,17,200
2074,51,33,83,17,184
2075,66,17,66,17,166
2078,85,16,70,29,200
2080,116,20,64,33,233
2081,84,36,64,33,217
2082,67,36,64,33,200
2083,115,35,67,16,233
2084,167,34,66,17,284
2085,99,18,67,16,200
2086,82,18,67,16,183
2087,66,18,67,16,167
2088,64,33,66,17,180
2090,68,34,66,17,185
2092,67,32,167,16,282
2093,84,34,67,17,202
2094,117,15,52,15,199
2095,102,15,52,15,184
2096,83,15,52,15,165
2097,67,15,52,15,149
2098,118,15,101,17,251
2100,67,32,101,17,217
2102,52,15,101,17,185
2103,84,33,201,17,335
2104,250,17,65,17,349
2105,216,34,65,17,332
2106,50,17,201,17,285
2107,50,34,151,16,251
2108,116,35,83,17,251
2111,65,35,83,17,200
2112,65,19,83,17,184
2113,100,17,65,17,199
2114,66,34,65,17,182
2115,68,17,65,17,167
2116,86,16,167,16,285
2117,67,16,167,16,266
2119,99,35,83,16,233
2121,183,33,66,17,299
2122,84,15,68,16,183
2123,67,15,68,16,166
2124,85,16,333,17,451
2125,134,17,66,17,234
2127,66,17,65,17,165
2128,68,33,66,17,184
2130,99,34,117,16,266
2131,82,34,117,16,249
2132,65,34,117,16,232
2133,66,17,117,16,216
2134,150,16,50,33,249
2135,51,50,67,16,184
2137,101,16,50,33,200
2138,217,17,66,17,317
2139,67,16,50,33,166
2140,52,16,50,33,151
2141,67,16,67,17,167
2144,50,33,151,15,249
2145,132,17,100,17,266
2146,116,17,100,17,250
2148,169,32,167,17,385
2149,66,17,100,17,200
2151,132,17,167,17,333
2152,66,34,99,16,215
2154,68,32,167,17,284
2155,83,34,100,16,233
2156,116,17,67,16,216
2157,116,33,67,17,233
2160,67,33,67,17,184
2161,66,17,67,17,167
2162,66,34,66,17,183
2163,67,17,66,17,167
2164,67,33,68,16,184
2165,84,33,68,31,216
2166,67,33,68,31,199
2167,151,47,69,33,300
2169,85,33,100,16,234
2170,68,33,100,16,217
2171,51,33,100,16,200
2172,83,32,69,33,217
2173,82,16,69,33,200
2176,65,35,115,17,232
2177,67,18,115,17,217
2178,118,17,133,17,285
2179,53,49,83,17,202
2180,51,33,83,17,184
2181,67,17,133,17,234
2182,66,33,134,17,250
2183,67,16,134,17,234
2184,83,17,118,17,235
2185,100,18,66,17,201
2186,66,35,66,17,184
2187,66,18,66,17,167
2188,50,18,66,17,151
2190,51,16,267,18,352
2191,101,17,66,16,200
2192,66,34,66,16,182
2193,84,32,133,17,266
2194,68,32,133,17,250
2195,83,34,184,33,334
2197,66,17,184,33,300
2198,66,33,66,17,182
2199,51,33,66,17,167
2200,100,33,52,33,218
2202,99,34,151,15,299
2203,67,16,52,33,168
2204,66,34,151,15,266
2205,84,51,100,15,250
2206,67,51,100,15,233
2207,68,33,100,15,216
2208,185,15,201,16,417
2209,101,15,52,15,183
2211,99,17,66,17,199
2212,52,15,52,15,134
2213,100,15,201,16,332
2215,67,15,201,16,299
2216,52,15,201,16,284
2217,83,34,133,16,266
2220,84,16,67,17,184
2221,99,17,67,16,199
2222,100,33,133,18,284
2224,99,34,67,17,217
2225,66,17,133,18,234
2226,101,34,118,15,268
2227,84,34,118,15,251
2228,67,34,118,15,234
2230,68,33,85,15,201
2231,84,32,53,15,184
2232,67,32,53,15,167
2233,51,32,53,15,151
2234,65,35,65,35,200
2235,68,17,65,35,185
2237,68,15,184,15,282
2238,53,15,184,15,267
2239,117,32,67,18,234
2240,100,32,67,18,217
2242,67,32,67,18,184
2243,100,17,100,18,235
2248,67,33,51,32,183
2249,69,15,51,32,167
2250,67,33,50,17,167
2251,51,33,50,17,151
2252,84,32,84,16,216
2253,66,32,84,16,198
2254,167,51,83,33,334
2256,117,17,134,33,301
2257,65,18,84,15,182
2259,67,17,134,33,251
2260,67,51,83,33,234
2261,102,15,68,33,218
2262,99,34,99,18,250
2268,83,18,67,16,184
2269,62,18,67,16,163
2271,50,50,67,17,184
2272,65,18,67,17,167
2273,50,18,67,17,152
2274,67,33,216,17,333
2275,50,33,216,17,316
2276,85,17,100,17,219
2277,67,17,100,17,201
2278,99,49,118,17,283
2279,83,49,118,17,267
2280,82,33,118,17,250
2281,98,19,82,17,216
2284,184,16,67,33,300
2287,69,32,83,17,201
2288,65,17,83,17,182
2289,82,33,67,33,215
2290,84,16,67,33,200
2291,49,33,67,33,182
2292,67,33,101,16,217
2293,83,34,267,16,400
2294,66,34,267,16,383
2295,66,17,267,16,366
2296,67,33,201,33,334
2297,100,17,50,16,183
2298,67,34,50,16,167
2299,67,17,50,16,150
2300,67,34,249,34,384
2301,85,32,101,33,251
2302,68,32,101,33,234
2303,132,17,133,18,300
2308,101,33,65,18,217
2310,67,33,65,18,183
2311,85,33,116,18,252
2312,50,18,65,18,151
2313,51,33,116,18,218
2314,116,34,82,17,249
2315,68,33,66,18,185
2316,83,34,82,17,216
2317,67,34,82,17,200
2318,50,34,82,17,183
2319,67,16,66,17,166
2322,69,32,104,13,218
2323,82,34,133,17,266
2326,66,34,66,17,183
2327,68,17,66,17,168
2328,104,30,67,33,234
2329,87,30,67,33,217
2330,70,30,67,33,200
2331,53,30,67,33,183
2332,83,16,67,33,199
2333,149,33,183,17,382
2334,130,33,183,17,363
2335,84,33,66,16,199
2336,82,18,66,16,182
2339,83,49,85,16,233
2340,66,49,85,16,216
2341,100,17,134,18,269
2342,99,50,67,17,233
2343,83,50,67,17,217
2344,66,50,67,17,200
2346,83,18,66,18,185
2347,67,18,66,18,169
2348,84,17,200,16,317
2349,67,17,200,16,300
2352,66,33,100,17,216
2353,151,32,68,16,267
2354,66,35,99,16,216
2355,68,17,99,16,200
2356,68,33,66,16,183
2357,115,34,150,17,316
2358,68,32,68,16,184
2360,65,34,150,17,266
2363,84,32,135,16,267
2364,68,32,135,16,251
2365,100,17,67,17,201
2366,66,34,67,17,184
2367,67,17,67,17,168
2372,50,17,66,16,149
2373,51,34,65,17,167
2374,50,17,65,17,149
2375,116,34,67,17,234
2376,99,34,67,17,217
2377,82,34,67,17,200
2378,99,33,102,14,248
2379,83,33,102,14,232
2380,67,33,102,14,216
2381,102,16,133,16,267
2382,101,33,100,16,250
2384,51,16,133,16,216
2385,51,33,100,16,200
2387,115,34,70,13,232
2388,68,31,104,13,216
2390,170,30,100,17,317
2391,66,17,70,13,166
2392,81,17,67,17,182
2394,85,19,64,17,185
2395,68,19,64,17,168
2396,51,19,64,17,151
2397,54,30,100,17,201
2398,84,17,66,17,184
2399,166,17,167,16,366
2400,64,33,50,17,164
2401,68,16,50,17,151
2404,117,16,66,17,216
2405,66,17,167,16,266
2407,67,16,66,17,166
2408,67,49,50,17,183
2411,65,17,68,16,166
2412,99,35,99,16,249
2413,66,16,84,17,183
2414,67,35,99,16,217
2415,85,32,67,16,200
2417,100,17,67,17,201
2418,84,17,67,17,185
2419,67,17,67,17,168
2420,66,33,66,17,182
2421,66,17,66,17,166
2422,83,18,150,15,266
2423,66,18,150,15,249
2424,99,17,101,15,232
2425,51,49,101,15,216
2427,67,17,166,17,267
2428,82,17,51,15,165
2429,65,17,51,15,148
2430,50,17,51,15,133
2431,66,35,234,16,351
2432,66,18,234,16,334
2433,68,15,167,34,284
2434,84,17,66,16,183
2435,117,34,66,34,251
2436,184,16,117,16,333
2437,82,34,66,34,216
2438,101,50,68,16,235
2439,115,18,68,16,217
2440,66,50,68,16,200
2441,83,18,68,16,185
2443,83,34,83,16,216
2444,100,34,65,17,216
2445,66,18,83,16,183
2446,86,16,65,17,184
2447,84,49,67,17,217
2448,52,16,65,17,150
2449,84,17,67,17,185
2450,66,17,67,17,167
2451,65,16,68,16,165
2453,117,33,66,17,233
2454,50,17,67,19,153
2456,167,34,100,17,318
2457,51,33,66,17,167
2458,67,33,50,17,167
2459,69,14,50,17,150
2462,66,34,100,17,217
2463,64,17,100,17,198
2464,85,16,166,16,283
2465,51,34,166,16,267
2466,68,32,67,16,183
2468,51,15,67,16,149
2469,65,17,133,18,233
2471,82,33,67,18,200
2475,83,33,68,33,217
2476,67,33,68,33,201
2479,133,19,66,16,234
2481,68,17,65,17,167
2482,133,34,50,17,234
2483,83,32,84,17,216
2484,100,34,50,17,201
2485,82,34,50,17,183
2486,99,33,66,17,215
2487,51,34,50,17,152
2488,66,33,66,17,182
2489,84,34,101,15,234
2490,67,34,101,15,217
2492,151,17,65,16,249
2493,83,52,82,16,233
2494,66,52,82,16,216
2495,66,35,82,16,199
2496,84,17,65,16,182
2497,68,17,65,16,166
2498,101,33,133,17,284
2499,150,33,202,15,400
2500,68,33,133,17,251
2501,82,33,134,16,265
2502,65,33,134,16,248
2503,83,33,202,15,333
2504,66,33,202,15,316
2506,66,35,167,15,283
2508,68,32,183,18,301
2509,84,34,66,18,202
2510,67,34,66,18,185
2511,100,18,150,32,300
2512,66,34,150,32,282
2513,67,18,150,32,267
2516,84,17,83,32,216
2518,50,17,83,32,182
2520,50,17,51,32,150
2521,65,18,70,30,183
2522,136,30,134,15,315
2523,68,32,51,17,168
2524,134,49,85,15,283
2525,118,49,85,15,267
2526,70,30,134,15,249
2527,53,30,134,15,232
2529,118,32,135,16,301
2530,62,17,85,15,179
2533,99,18,65,17,199
2534,51,16,135,16,218
2535,67,18,65,17,167
2536,67,32,68,16,183
2537,100,16,51,17,184
2538,117,18,66,33,234
2539,83,35,66,33,217
2541,85,33,83,17,218
2542,68,33,83,17,201
2543,67,17,83,17,184
2544,101,33,67,17,218
2545,84,33,67,17,201
2548,66,34,134,15,249
2550,50,17,134,15,216
2552,99,35,166,17,317
2553,67,15,135,16,233
2554,100,34,66,16,216
2556,67,34,66,16,183
2557,66,18,66,16,166
2559,84,34,133,16,267
2561,184,33,65,17,299
2562,82,16,68,16,182
2563,67,16,68,16,167
2564,83,17,117,32,249
2566,66,34,98,17,215
2567,84,33,65,17,199
2568,68,33,65,17,183
2569,134,32,83,19,268
2570,67,50,67,16,200
2573,134,16,167,16,333
2574,82,18,100,17,217
2575,66,18,100,17,201
2577,67,16,167,16,266
2578,68,51,83,16,218
2580,100,34,66,16,216
2581,83,34,66,16,199
2582,67,34,66,16,183
2583,68,17,66,16,167
2584,85,17,98,19,219
2586,67,33,149,18,267
2587,83,49,100,18,250
2588,98,17,100,18,233
2589,82,17,100,18,217
2590,65,17,100,18,200
2591,101,16,100,16,233
2592,65,19,65,18,167
2593,68,16,100,16,200
2594,52,16,100,16,184
2595,67,17,67,16,167
2596,102,33,67,16,218
2597,65,18,66,18,167
2598,67,33,67,16,183
2599,84,33,167,32,316
2600,67,33,167,32,299
2601,67,17,167,32,283
2602,100,50,115,17,282
2603,68,16,65,18,167
2604,67,50,115,17,249
2606,99,35,99,34,267
2608,65,35,99,34,233
2609,67,17,99,34,217
2611,149,34,67,33,283
2612,134,34,67,33,268
2613,99,17,101,33,250
2614,65,34,101,33,233
2615,67,17,101,33,218
2617,85,33,67,19,204
2618,68,33,67,19,187
2619,51,33,67,19,170
2622,67,33,301,15,416
2623,104,14,134,15,267
2624,150,16,68,15,249
2625,69,14,134,15,232
2626,52,14,134,15,215
2627,51,34,234,15,334
2628,83,16,68,15,182
2629,64,16,68,15,163
2632,66,34,66,17,183
2633,67,17,66,17,167
2635,101,16,166,18,301
2637,100,16,200,18,334
2638,66,33,200,18,317
2639,119,32,218,15,384
2640,102,32,218,15,367
2641,66,18,65,16,165
2642,68,32,218,15,333
2644,100,33,67,18,218
2645,66,17,118,15,216
2647,50,33,67,18,168
2648,66,33,52,15,166
2649,135,15,52,15,217
2650,51,15,52,15,133
2651,50,34,167,17,268
2652,85,15,52,15,167
2654,52,15,52,15,134
2655,85,32,101,33,251
2656,134,33,99,18,284
2657,116,33,99,18,266
2658,52,15,101,33,201
2659,67,17,100,17,201
2661,99,17,100,17,233
2663,99,18,67,17,201
2664,82,18,67,17,184
2665,83,50,83,17,233
2666,67,50,83,17,217
2669,68,17,66,17,168
2671,67,17,98,17,199
2672,52,17,98,17,184
2673,83,33,67,17,200
2675,82,33,167,17,299
2678,83,17,133,17,250
2679,83,50,116,18,267
2680,67,50,116,18,251
2681,51,50,116,18,235
2683,67,17,66,17,167
2684,67,33,84,15,199
2685,66,17,84,15,182
2687,66,17,117,19,219
2688,66,51,66,19,202
2689,67,34,66,19,186
2690,117,16,101,17,251
2691,101,16,101,17,235
2692,51,15,101,17,184
2694,84,19,131,16,250
2695,85,31,233,17,366
2696,70,31,233,17,351
2697,117,32,50,18,217
2698,67,34,66,16,183
2700,65,32,50,18,165
2701,69,15,50,18,152
2702,116,18,65,17,216
2703,83,34,65,17,199
2704,66,34,65,17,182
2705,83,33,66,17,199
2706,50,18,65,17,150
2707,100,16,68,16,200
2710,99,34,67,15,215
2711,66,17,101,15,199
2712,66,34,67,15,182
2713,151,34,65,16,266
2714,68,33,68,15,184
2716,101,34,65,16,216
2717,84,34,65,16,199
2718,200,33,70,14,317
2719,66,19,65,16,166
2722,99,34,132,17,282
2723,84,34,132,17,267
2724,65,34,132,17,248
2726,67,33,70,14,184
2727,153,46,68,17,284
2729,121,46,68,17,252
2730,103,46,68,17,234
2731,66,21,63,16,166
2732,99,17,68,17,201
2734,83,17,68,17,185
2735,84,33,52,15,184
2736,63,33,52,15,163
2737,82,35,198,34,349
2738,67,35,198,34,334
2739,68,17,198,34,317
2741,151,33,100,18,302
2742,84,17,50,16,167
2743,66,17,50,16,149
2745,65,17,133,18,233
2746,67,33,100,18,218
2747,116,33,52,16,217
2749,67,16,67,18,168
2750,66,33,52,16,167
2751,66,16,52,16,150
2752,66,34,102,16,218
2754,85,16,68,16,185
2755,152,31,68,17,268
2756,52,16,68,16,152
2757,51,33,100,17,201
2758,67,35,65,17,184
2759,65,19,65,17,166
2760,133,34,65,17,249
2761,67,15,68,17,167
2763,101,17,65,17,200
2767,100,15,85,17,217
2768,51,33,67,15,166
2770,65,34,51,17,167
2771,65,17,51,17,150
2772,67,33,134,18,252
2774,67,35,117,32,251
2775,100,18,116,16,250
2776,51,17,117,32,217
2780,66,33,50,16,165
2782,84,32,82,17,215
2783,100,16,66,17,199
2784,149,33,85,17,284
2785,67,16,66,17,166
2786,83,16,135,17,251
2787,65,16,135,17,233
2788,67,50,85,17,219
2789,66,33,85,17,201
2790,66,17,85,17,185
2791,66,19,132,21,238
2792,69,49,83,21,222
2793,52,49,83,21,205
2794,67,18,83,21,189
2798,83,18,68,15,184
2799,83,34,100,34,251
2800,100,34,66,34,234
2802,55,13,100,34,202
2803,86,32,166,34,318
2804,100,34,166,17,317
2805,79,34,166,17,296
2806,83,17,166,17,283
2807,85,34,65,33,217
2808,66,34,65,33,198
2810,101,32,167,16,316
2811,84,32,167,16,299
2812,99,33,67,17,216
2813,68,16,167,16,267
2814,65,33,67,17,182
2815,117,33,150,18,318
2816,65,34,100,16,215
2817,49,34,100,16,199
2819,51,33,150,18,252
2821,118,33,68,15,234
2822,66,34,66,17,183
2823,83,33,68,15,199
2827,99,18,66,17,200
2828,66,35,66,17,184
2829,85,33,66,16,200
2830,134,33,67,17,251
2831,84,33,117,15,249
2832,68,33,117,15,233
2833,150,34,67,17,268
2834,66,33,67,17,183
2835,84,33,51,15,183
2836,66,33,51,15,165
2837,99,18,67,17,201
2838,100,32,252,32,416
2839,65,18,67,17,167
2841,118,50,99,17,284
2842,84,17,65,18,184
2844,67,50,99,17,233
2845,100,33,233,17,383
2849,66,16,217,17,316
2850,51,16,217,17,301
2851,99,17,167,17,300
2852,84,17,167,17,285
2855,100,32,150,17,299
2856,85,32,150,17,284
2857,68,32,150,17,267
2858,51,32,150,17,250
2859,99,17,100,17,233
2860,66,33,100,17,216
2861,65,17,100,17,199
2863,50,34,66,17,167
2865,134,17,66,17,234
2866,134,34,199,17,384
2867,100,17,66,17,200
2869,66,17,66,17,166
2870,68,34,199,17,318
2871,85,32,68,33,218
2872,68,32,68,33,201
2873,83,34,67,15,199
2874,100,34,66,16,216
2875,66,17,67,15,165
2876,66,34,66,16,182
2879,99,18,66,17,200
2880,82,18,66,17,183
2881,83,33,84,15,215
2882,66,33,84,15,198
2883,51,33,84,15,183
2885,84,34,83,16,217
2886,66,34,83,16,199
2887,84,32,134,17,267
2888,67,32,134,17,250
2889,67,15,134,17,233
2890,51,15,134,17,217
2891,66,18,65,17,166
2892,83,16,67,17,183
2893,82,33,85,16,216
2895,68,15,85,16,184
2896,82,17,51,16,166
2897,83,34,67,17,201
2899,100,16,134,17,267
2901,118,33,67,17,235
2903,50,34,66,17,167
2904,100,33,68,17,218
2905,98,18,68,17,201
2906,67,33,68,17,185
2907,83,34,51,15,183
2908,100,34,66,17,217
2909,83,34,66,17,200
2910,101,32,67,16,216
2911,86,32,67,16,201
2912,134,33,67,17,251
2913,68,15,67,16,166
2914,133,33,133,17,316
2916,66,33,67,17,183
2917,66,16,67,17,166
2918,67,33,133,17,250
2922,67,33,66,17,183
2924,67,33,66,17,183
2926,83,16,201,17,317
2927,66,16,201,17,300
2928,50,16,201,17,284
2930,83,18,66,16,183
2932,50,18,66,16,150
2934,51,16,66,17,150
2936,98,17,100,17,232
2937,50,49,100,17,216
2939,66,18,150,16,250
2942,83,18,134,15,250
2943,84,33,167,16,300
2945,65,17,167,16,265
2946,50,17,167,16,250
2947,68,16,68,15,167
2949,68,16,100,16,200
2951,50,34,215,17,316
2952,134,34,183,17,368
2954,100,34,183,17,334
2955,83,34,183,17,317
2957,51,34,183,17,285
2959,51,50,65,17,183
2960,50,34,65,17,166
2962,67,48,52,16,183
2963,116,35,67,16,234
2964,83,17,51,17,168
2967,84,33,66,17,200
2968,102,34,65,17,218
2972,67,32,133,17,249
2973,83,33,167,17,300
2975,66,16,167,17,266
2976,65,34,66,17,182
2977,66,17,66,17,166
2978,50,17,66,17,150
2979,100,16,67,17,200
2980,84,16,67,17,184
2981,67,16,67,17,167
2984,67,33,133,17,250
2987,83,33,67,17,200
2988,149,17,166,17,349
2989,50,33,67,17,167
2990,100,33,166,17,316
2993,83,35,131,17,266
2995,67,18,131,17,233
2996,50,18,131,17,216
2999,68,16,65,17,166
3000,131,17,67,18,233
3002,100,17,67,18,202
3003,81,17,67,18,183
3004,99,33,134,17,283
3005,67,17,68,15,167
3006,66,33,134,17,250
3008,50,17,134,17,218
3010,68,33,66,17,184
3011,85,34,99,17,235
3012,68,34,99,17,218
3014,67,32,84,16,199
3015,67,17,84,16,184
3016,66,33,199,17,315
3017,66,16,199,17,298
3018,81,18,199,17,315
3019,84,33,50,18,185
3021,184,48,67,33,332
3022,51,16,50,18,135
3023,84,35,64,17,200
3024,83,18,64,17,182
3027,115,17,67,33,232
3031,66,34,66,18,184
3032,65,17,66,18,166
3033,67,17,67,17,168
3034,51,17,67,17,152
3037,84,51,65,17,217
3039,51,51,65,17,184
3040,52,34,65,17,168
3042,66,34,100,16,216
3043,116,33,67,17,233
3044,118,16,67,17,218
3047,83,34,117,16,250
3051,66,17,84,16,183
3053,66,16,51,16,149
3054,50,16,51,16,133
3055,68,33,116,16,233
3056,84,16,133,16,249
3057,67,16,133,16,232
3060,68,32,217,17,334
3062,66,34,66,17,183
3063,84,33,68,16,201
3064,82,17,68,16,183
3065,66,17,68,16,167
3066,67,33,117,17,234
3067,65,17,117,17,216
3070,68,32,50,17,167
3071,52,32,50,17,151
3073,67,17,166,17,267
3074,66,33,150,17,266
3075,66,17,150,17,250
3077,82,19,82,17,200
3078,84,17,65,17,183
3080,51,17,65,17,150
3082,101,34,66,17,218
3083,65,17,68,16,166
3084,65,34,66,17,182
3085,134,16,151,16,317
3086,50,17,66,17,150
3089,67,16,151,16,250
3090,50,16,151,16,233
3091,84,50,83,17,234
3092,82,34,83,17,216
3093,66,34,83,17,200
3096,50,17,200,33,300
3097,185,32,100,20,337
3098,67,18,65,19,169
3099,83,33,234,16,366
3100,66,33,234,16,349
3103,84,32,100,20,236
3106,67,34,233,17,351
3108,66,33,53,13,165
3109,137,13,100,17,267
3110,67,33,167,17,284
3113,71,13,100,17,201
3116,116,17,201,16,350
3120,83,17,67,16,183
3121,67,17,67,16,167
3123,68,17,65,17,167
3124,51,17,65,17,150
3125,51,33,116,17,217
3126,67,32,68,16,183
3127,82,33,134,17,266
3129,83,35,83,16,217
3130,65,35,83,16,199
3131,67,17,83,16,183
3132,68,33,100,17,218
3134,51,17,100,17,185
3135,84,32,100,17,233
3136,83,16,100,17,216
3137,83,34,66,17,200
3138,66,34,66,17,183
3140,198,36,65,16,315
3141,67,18,97,17,199
3142,51,18,97,17,183
3143,100,17,166,16,299
3144,66,34,166,16,282
3145,66,17,166,16,265
3146,65,32,201,16,314
3147,51,32,201,16,300
3148,102,31,101,16,250
3149,66,19,65,16,166
3150,68,31,101,16,216
3151,52,31,101,16,200
3155,82,34,67,16,199
3156,101,33,66,19,219
3159,84,34,65,19,202
3160,101,32,133,17,283
3162,67,32,133,17,249
3164,66,52,81,17,216
3165,83,19,81,17,200
3166,65,19,81,17,182
3167,68,15,166,19,268
3168,52,15,166,19,252
3169,114,17,119,14,264
3170,100,17,119,14,250
3171,98,17,102,14,231
3172,83,17,102,14,216
3175,84,32,67,17,200
3177,83,36,65,17,201
3178,102,31,167,17,317
3179,67,17,65,17,166
3180,68,31,167,17,283
3181,52,31,167,17,267
3186,51,16,66,17,150
3187,83,33,67,18,201
3191,83,33,135,17,268
3193,118,33,67,17,235
3195,85,33,67,17,202
3197,51,33,67,17,168
3200,100,32,217,17,366
3202,67,32,217,17,333
3204,83,16,67,17,183
3205,82,34,67,16,199
3206,65,34,67,16,182
3207,65,17,67,16,165
3208,84,16,50,17,167
3211,67,17,66,17,167
3212,67,33,50,17,167
3213,66,17,50,17,150
3215,50,33,134,16,233
3217,119,31,68,34,252
3219,50,35,65,16,166
3220,69,31,68,34,202
3221,83,34,134,15,266
3222,66,34,134,15,249
3223,118,34,99,16,267
3224,65,34,65,18,182
3225,118,31,68,16,233
3226,68,34,99,16,217
3227,66,19,99,16,200
3228,68,31,68,16,183
3229,118,33,83,17,251
3230,65,35,66,17,183
3232,66,33,83,17,199
3234,84,17,50,17,168
3235,116,34,65,17,232
3236,66,33,84,32,215
3237,84,34,65,17,200
3238,66,34,65,17,182
3239,67,17,65,17,166
3240,50,17,65,17,149
3241,83,49,52,16,200
3244,65,17,52,16,150
3247,67,17,66,16,166
3248,52,17,66,16,151
3252,66,33,134,16,249
3253,66,17,134,16,233
3254,51,17,134,16,218
3256,183,16,67,17,283
3257,51,33,67,16,167
3258,100,34,99,17,250
3259,83,34,99,17,233
3260,82,18,99,17,216
3261,66,18,99,17,200
3263,167,17,98,18,300
3265,134,17,98,18,267
3267,100,17,98,18,233
3268,84,17,98,18,217
3269,68,17,98,18,201
3270,51,17,98,18,184
3272,69,32,66,17,184
3273,200,16,100,18,334
3277,168,17,167,15,367
3278,66,50,116,18,250
3279,51,50,116,18,235
3280,52,33,116,18,219
3281,83,34,167,15,299
3282,134,32,101,15,282
3283,117,32,101,15,265
3285,100,16,101,15,232
3286,84,16,101,15,216
3287,67,16,101,15,199
3288,66,49,217,18,350
3289,117,34,133,17,301
3296,66,35,98,18,217
3297,150,32,84,18,284
3298,67,33,232,17,349
3299,52,33,232,17,334
3300,68,33,199,17,317
3301,52,33,199,17,301
3302,83,15,84,18,200
3303,100,17,67,17,201
3304,65,35,67,17,184
3305,67,17,67,17,168
3306,67,49,83,17,216
3307,82,17,83,17,199
3308,67,17,83,17,184
3309,84,32,50,16,182
3310,67,32,50,16,165
3312,52,15,50,16,133
3313,83,33,101,18,235
3314,82,16,101,18,217
3315,65,16,101,18,200
3316,50,16,101,18,185
3317,85,49,84,34,252
3318,68,49,84,34,235
3319,117,33,84,17,251
3321,67,17,117,17,218
3322,148,19,98,17,282
3323,51,33,84,17,185
3324,52,15,84,17,168
3325,99,19,98,17,233
3326,67,34,98,17,216
3327,64,19,98,17,198
3328,68,33,65,17,183
3329,51,33,65,17,166
3330,67,33,65,19,184
3331,52,33,65,19,169
3332,66,32,52,17,167
3334,98,19,66,16,199
3337,67,17,232,17,333
3339,52,32,117,17,218
3341,82,34,250,17,383
3343,67,16,250,17,350
3344,99,18,183,17,317
3345,66,34,183,17,300
3346,101,32,151,17,301
3347,66,17,66,17,166
3351,66,17,67,17,167
3354,51,17,132,17,217
3356,67,33,100,16,216
3357,83,34,66,16,199
3358,66,34,66,16,182
3359,51,34,66,16,167
3360,133,51,183,15,382
3361,50,32,368,17,467
3362,100,51,183,15,349
3364,117,15,150,18,300
3366,50,35,183,15,283
3367,101,32,50,18,201
3369,68,32,50,18,168
3370,52,32,50,18,152
3372,65,19,350,34,468
3373,216,34,117,16,383
3375,50,33,50,18,151
3376,85,18,100,17,220
3378,83,18,84,16,201
3379,65,18,84,16,183
3380,50,18,84,16,168
3382,66,34,117,16,233
3384,149,17,101,15,282
3389,82,34,133,17,266
3390,167,32,119,16,334
3391,68,16,133,17,234
3392,135,32,119,16,302
3393,84,34,133,18,269
3395,83,32,119,16,250
3396,67,32,119,16,234
3397,117,33,52,16,218
3398,66,34,118,15,233
3399,50,34,118,15,217
3401,51,33,52,16,152
3403,67,17,200,16,300
3404,101,32,68,16,217
3406,52,16,100,16,184
3407,68,15,68,16,167
3410,65,35,249,17,366
3411,65,18,249,17,349
3412,68,32,85,17,202
3414,84,17,183,17,301
3415,67,17,183,17,284
3416,66,33,100,17,216
3418,50,17,100,17,184
3420,116,17,166,17,316
3421,52,48,118,33,251
3423,65,17,166,17,265
3424,65,33,234,17,349
3425,67,16,234,17,334
3426,118,17,99,17,251
3427,67,17,133,17,234
3428,84,17,99,17,217
3432,67,32,101,17,217
3433,82,34,67,17,200
3434,65,34,67,17,183
3435,84,34,65,33,216
3437,50,34,65,33,182
3439,51,33,149,18,251
3440,84,15,117,18,234
3441,99,35,65,18,217
3442,117,16,67,15,215
3445,67,16,67,15,165
3447,85,33,99,16,233
3448,69,33,99,16,217
3450,101,48,117,17,283
3451,102,32,117,17,268
3453,68,32,117,17,234
3454,99,33,67,17,216
3456,65,33,67,17,182
3457,65,17,67,17,166
3458,50,17,67,17,151
3459,100,17,117,17,251
3461,67,17,117,17,218
3462,102,32,67,17,218
3463,50,35,99,17,201
3464,51,18,99,17,185
3465,84,33,166,18,301
3466,67,33,166,18,284
3467,100,17,67,16,200
3468,65,34,67,16,182
3469,66,17,67,16,166
3470,50,17,67,16,150
3471,68,16,67,16,167
3472,51,16,67,16,150
3473,117,32,68,16,233
3474,100,32,68,16,216
3475,66,17,100,16,199
3476,67,32,68,16,183
3478,83,16,101,16,216
3480,50,16,101,16,183
3481,134,17,99,34,284
3482,84,17,167,17,285
3483,66,17,167,17,267
3486,83,17,100,17,217
3487,67,17,100,17,201
3488,67,34,83,17,201
3492,100,34,66,16,216
3493,100,17,66,16,199
3494,83,17,66,16,182
3495,67,17,66,16,166
3496,68,33,66,17,184
3497,85,33,66,17,201
3499,83,33,99,35,250
3500,66,33,99,35,233
3501,133,16,68,16,233
3502,66,33,167,18,284
3504,66,33,68,16,183
3505,67,16,68,16,167
3507,66,16,68,16,166
3508,83,18,133,16,250
3509,117,33,100,17,267
3510,68,33,233,16,350
3511,51,33,233,16,333
3512,135,33,133,16,317
3513,51,33,100,17,201
3517,68,16,133,16,233
3518,117,19,163,17,316
3522,69,31,66,18,184
3523,84,33,51,15,183
3525,66,17,51,15,149
3526,64,33,100,16,213
3527,66,17,100,16,199
3530,51,15,67,16,149
3531,83,34,101,16,234
3533,65,17,101,16,199
3537,68,16,101,17,202
3538,67,34,133,17,251
3539,51,34,133,17,235
3540,83,17,100,17,217
3541,117,32,101,16,266
3542,50,17,100,17,184
3543,84,32,101,16,233
3546,51,15,101,16,183
3547,83,34,98,17,232
3548,66,34,98,17,215
3549,66,17,98,17,198
3551,85,32,67,17,201
3553,66,16,67,17,166
3554,65,33,134,17,249
3555,66,16,134,17,233
3556,65,34,100,17,216
3559,101,16,66,17,200
3561,101,16,117,17,251
3562,67,33,117,17,234
3563,67,16,117,17,217
3564,51,16,117,17,201
3565,82,34,67,17,200
3566,83,17,67,17,184
3569,67,17,100,17,201
3571,168,32,117,16,333
3572,50,17,67,17,151
3573,67,17,64,18,166
3574,50,17,64,18,149
3575,115,18,117,16,266
3576,84,32,117,16,249
3577,67,32,117,16,232
3578,99,34,99,18,250
3582,69,33,84,31,217
3583,84,33,51,31,199
3584,67,33,51,31,182
3587,66,17,68,16,167
3588,66,49,69,16,200
3590,51,31,69,16,167
3591,66,19,66,17,168
3592,84,16,51,16,167
3593,66,16,51,16,149
3595,135,16,200,16,367
3596,116,16,200,16,348
3597,132,18,199,17,366
3598,150,17,66,18,251
3599,82,34,199,17,332
3602,83,17,66,18,184
3603,66,17,66,18,167
3604,133,34,199,17,383
3605,51,51,248,17,367
3606,84,15,67,16,182
3608,66,34,199,17,316
3609,116,33,68,16,233
3610,117,17,68,16,218
3611,82,33,68,16,199
3612,67,33,68,16,184
3614,83,17,99,17,216
3615,67,17,99,17,200
3616,101,33,167,34,335
3617,135,15,101,17,268
3618,68,33,167,34,302
3622,82,18,66,17,183
3623,66,18,66,17,167
3624,67,33,67,34,201
3626,68,33,68,33,202
3627,51,33,68,33,185
3629,66,17,165,17,265
3630,50,17,165,17,249
3631,118,32,168,16,334
3633,84,32,168,16,300
3635,84,34,66,18,202
3636,65,34,66,18,183
3637,116,34,68,16,234
3638,98,34,68,16,216
3639,100,17,68,16,201
3641,66,17,68,16,167
3642,84,15,51,16,166
3643,133,16,66,18,233
3644,52,15,51,16,134
3645,66,19,82,16,183
3646,68,32,66,18,184
3647,115,33,52,16,216
3648,84,16,135,16,251
3650,133,33,67,16,249
3651,100,17,67,16,200
3652,66,35,67,16,184
3653,84,33,67,16,200
3654,68,33,67,16,184
3658,67,33,67,33,200
3661,52,33,67,16,168
3664,67,33,99,16,215
3669,83,17,101,17,218
3672,101,49,82,35,267
3673,51,35,66,15,167
3674,69,49,82,35,235
3675,83,18,82,35,218
3676,84,17,433,32,566
3678,66,33,167,17,283
3682,82,18,66,34,200
3684,67,33,84,33,217
3685,51,33,84,33,201
3686,135,50,65,18,268
3688,82,18,115,18,233
3689,85,50,65,18,218
3691,101,15,135,16,267
3692,51,33,65,18,167
3693,117,34,67,16,234
3694,82,17,101,16,216
3697,115,35,132,17,299
3698,68,32,68,32,200
3699,51,32,68,32,183
3700,84,17,132,17,250
3702,67,33,116,16,232
3703,84,49,50,17,200
3705,65,34,50,17,166
3708,82,17,101,17,217
3709,84,33,101,17,235
3710,67,33,101,17,218
3711,50,33,101,17,201
3712,100,34,100,16,250
3713,68,16,67,17,168
3714,67,34,100,16,217
3715,101,16,233,17,367
3716,68,33,233,17,351
3717,67,16,233,17,333
3718,101,33,66,17,217
3719,117,33,67,17,234
3720,67,33,66,17,183
3722,67,33,67,17,184
3723,66,17,67,17,167
3724,66,33,100,17,216
3725,83,34,100,16,233
3726,66,34,100,16,216
3727,67,17,100,16,200
3728,84,16,134,17,251
3729,67,16,134,17,234
3731,83,34,133,17,267
3735,67,17,51,15,150
3736,67,34,100,17,218
3737,134,16,67,33,250
3739,101,16,67,33,217
3740,84,16,67,33,200
3741,83,34,267,16,400
3742,117,16,133,18,284
3744,85,16,133,18,252
3745,83,33,133,17,266
3746,100,34,167,16,317
3750,84,17,65,17,183
3751,52,34,65,17,168
3752,100,33,68,16,217
3753,52,32,101,16,201
3754,66,33,68,16,183
3755,150,32,50,17,249
3756,65,33,202,16,316
3757,83,35,66,16,200
3758,83,18,66,16,183
3760,68,32,50,17,167
3761,67,16,50,17,150
3762,83,18,101,16,218
3763,66,18,101,16,201
3766,50,17,234,17,318
3768,67,34,65,17,183
3769,51,34,65,17,167
3770,50,18,65,17,150
3771,51,33,99,17,200
3772,99,34,67,17,217
3774,99,33,101,15,248
3775,66,17,67,17,167
3777,134,16,133,16,299
3780,84,16,133,16,249
3781,68,16,133,16,233
3782,67,34,133,16,250
3783,50,34,133,16,233
3784,82,17,67,16,182
3785,149,34,100,17,300
3786,66,34,134,16,250
3788,66,33,101,16,216
3789,51,33,101,16,201
3791,66,18,100,17,201
3792,67,33,99,17,216
3793,67,17,99,17,200
3794,50,17,99,17,183
3795,67,18,98,33,216
3796,83,17,98,16,214
3797,67,17,98,16,198
3798,99,33,66,18,216
3800,65,33,66,18,182
3801,66,16,66,18,166
3802,65,49,218,17,349
3803,81,16,218,17,332
3804,66,16,218,17,317
3806,100,36,165,17,318
3807,67,16,167,17,267
3808,67,36,165,17,285
3809,87,49,99,17,252
3810,101,18,99,17,235
3811,52,49,99,17,217
3812,100,34,67,17,218
3814,64,34,67,17,182
3816,67,33,218,16,334
3817,99,17,99,18,233
3818,84,17,99,18,218
3819,67,17,99,18,201
3822,117,34,150,16,317
3827,67,16,85,16,184
3829,67,16,101,16,200
3830,51,16,101,16,184
3831,67,16,67,16,166
3832,51,16,67,16,150
3833,117,35,115,16,283
3834,52,16,166,17,251
3835,65,18,150,16,249
3836,134,32,51,16,233
3837,49,35,115,16,215
3838,68,32,83,16,199
3839,85,32,51,16,184
3841,51,32,51,16,150
3842,98,33,151,17,299
3843,66,17,333,34,450
3844,66,33,151,17,267
3845,68,16,151,17,252
3846,51,16,151,17,235
3847,101,17,167,15,300
3850,68,32,68,15,183
3851,67,16,68,15,166
3852,50,16,68,15,149
3853,83,34,100,15,232
3854,66,34,100,15,215
3855,67,17,100,15,199
3857,83,35,65,34,217
3860,67,33,150,15,265
3861,52,33,150,15,250
3864,65,34,67,17,183
3865,50,34,67,17,168
3866,66,32,52,15,165
3867,51,32,52,15,150
3868,66,35,66,17,184
3870,67,32,68,15,182
3871,101,16,100,17,234
3873,67,16,100,17,200
3874,83,17,66,17,183
3876,68,32,67,34,201
3878,66,34,101,15,216
3879,66,17,101,15,199
3880,66,33,68,15,182
3881,68,16,68,15,167
3882,167,33,167,17,384
3883,66,18,134,16,234
3885,116,33,167,17,333
3886,68,32,300,17,417
3888,150,16,67,16,249
3890,65,35,99,16,215
3892,68,32,67,16,183
3893,68,16,67,16,167
3894,51,16,67,16,150
3896,132,34,167,15,348
3897,83,33,68,16,200
3899,66,17,68,16,167
3900,66,34,167,15,282
3901,50,34,167,15,266
3903,117,34,101,16,268
3905,83,34,101,16,234
3907,67,17,101,16,201
3909,67,16,68,16,167
3910,67,34,99,18,218
3911,84,34,165,17,300
3912,101,31,201,16,349
3914,68,31,201,16,316
3915,167,18,65,17,267
3917,84,33,100,17,234
3918,65,33,100,17,215
3919,67,15,100,17,199
3920,84,18,65,17,184
3922,83,17,67,16,183
3923,99,16,50,18,183
3925,83,34,100,17,234
3926,82,17,100,17,216
3927,84,34,100,18,236
3928,67,34,100,18,219
3929,50,34,100,18,202
3930,50,18,100,18,186
3931,51,32,68,18,169
3932,66,34,52,31,183
3933,84,34,100,17,235
3935,51,34,100,17,202
3937,69,31,51,17,168
3939,66,17,99,17,199
3942,51,17,167,15,250
3943,101,32,68,17,218
3944,66,18,100,17,201
3945,99,18,67,15,199
3946,65,17,68,17,167
3947,133,17,132,18,300
3950,67,18,82,17,184
3951,68,17,132,18,235
3952,67,32,50,17,166
3953,117,34,167,16,334
3955,82,34,167,16,299
3956,82,17,167,16,282
3957,168,17,166,17,368
3958,118,33,83,16,250
3959,134,17,166,17,334
3960,51,16,51,17,135
3961,101,17,166,17,301
3962,51,33,83,16,183
3964,100,34,167,16,317
3966,84,17,167,16,284
3967,83,34,133,16,266
3970,68,48,218,34,368
3973,66,18,67,16,167
3974,133,33,134,15,315
3975,51,32,51,17,151
3976,52,15,51,17,135
3978,67,33,134,15,249
3980,101,34,132,18,285
3981,100,17,132,18,267
3983,67,17,132,18,234
3984,134,32,101,32,299
3986,67,34,165,17,283
3987,84,32,101,32,249
3988,67,32,101,32,232
3990,66,33,68,32,199
3991,102,16,234,17,369
3992,65,34,234,17,350
3993,68,16,234,17,335
3994,85,16,166,16,283
3995,83,32,67,17,199
3996,68,32,67,17,184
3997,116,33,67,16,232
3999,65,17,67,17,166
4000,99,34,67,17,217
4002,67,34,67,17,185
4005,67,16,217,17,317
4006,67,34,133,16,250
4007,50,34,133,16,233
4008,150,34,149,16,349
4010,117,34,149,16,316
4011,101,34,149,16,300
4012,83,34,149,16,282
4014,51,34,149,16,250
4016,117,17,66,16,216
4019,66,17,66,16,165
4020,67,48,85,17,217
4021,67,32,85,17,201
4022,83,18,84,17,202
4023,150,34,100,16,300
4024,82,18,99,17,216
4026,68,33,134,16,251
4027,52,33,134,16,235
4028,67,34,100,16,217
4029,85,32,68,16,201
4030,50,17,100,16,183
4031,100,17,66,18,201
4032,83,17,66,18,184
4033,83,34,66,17,200
4034,66,34,66,17,183
4035,51,34,66,17,168
4036,68,32,51,16,167
4037,51,32,51,16,150
4042,51,16,150,16,233
4043,66,17,66,16,165
4045,50,33,67,16,166
4046,67,33,99,18,217
4047,66,17,99,18,200
4048,66,34,65,18,183
4049,66,18,65,18,167
4051,51,32,68,17,168
4052,50,16,68,17,151
4053,68,33,82,18,201
4055,101,15,51,16,183
4057,67,15,51,16,149
4058,84,16,67,17,184
4060,83,16,166,17,282
4061,115,33,51,17,216
4062,100,33,51,17,201
4063,67,16,84,17,184
4064,117,17,66,17,217
4065,66,16,51,17,150
4066,117,17,100,16,250
4067,83,34,100,16,233
4068,67,34,100,16,217
4069,133,17,101,16,267
4070,51,17,100,16,184
4071,83,34,101,16,234
4072,66,34,101,16,217
4073,83,34,200,18,335
4074,100,32,101,17,250
4075,85,32,101,17,235
4076,68,32,101,17,218
4077,83,35,66,17,201
4081,51,32,51,16,150
4082,67,34,85,15,201
4083,215,34,67,16,332
4084,66,33,134,16,249
4085,67,16,134,16,233
4087,84,33,134,16,267
4089,68,15,134,16,233
4090,52,15,134,16,217
4093,64,18,67,16,165
4094,134,32,51,16,233
4095,83,34,83,16,216
4096,67,34,83,16,200
4098,67,32,51,16,166
4100,117,16,185,16,334
4101,101,16,185,16,318
4103,67,16,185,16,284
4104,84,17,67,16,184
4105,100,17,66,17,200
4106,84,17,66,17,184
4107,84,33,84,16,217
4108,68,33,84,16,201
4109,51,33,84,16,184
4110,67,33,117,17,234
4111,66,17,117,17,217
4112,66,51,66,17,200
4114,65,19,66,17,167
4115,117,34,82,17,250
4116,67,33,66,17,183
4117,149,34,100,16,299
4119,83,32,67,17,199
4120,133,33,67,16,249
4121,84,34,100,16,234
4122,116,17,67,16,216
4123,66,17,100,16,199
4124,66,33,67,16,182
4127,84,33,66,17,200
4128,116,16,185,16,333
4129,100,16,185,16,317
4130,99,34,200,17,350
4131,66,16,185,16,283
4133,83,35,98,18,234
4135,168,15,101,17,301
4137,52,33,65,18,168
4138,68,32,51,16,167
4139,101,15,101,17,234
4140,65,33,101,17,216
4142,65,34,67,17,183
4144,134,34,115,18,301
4146,67,34,65,18,184
4147,83,34,115,18,250
4148,67,34,115,18,234
4149,84,49,117,16,266
4150,68,49,117,16,250
4152,83,17,300,16,416
4153,83,32,68,16,199
4154,133,33,200,16,382
4155,51,32,68,16,167
4158,67,33,200,16,316
4161,84,34,133,16,267
4162,66,34,133,16,249
4164,116,17,83,34,250
4165,68,32,201,16,317
4166,117,16,151,16,300
4168,83,16,151,16,266
4169,132,34,67,16,249
4170,102,50,67,16,235
4173,66,34,67,16,183
4175,101,17,65,17,200
4177,67,17,65,17,166
4178,51,17,65,17,150
4179,67,16,66,17,166
4180,149,17,300,16,482
4181,116,34,300,16,466
4182,65,17,101,17,200
4183,99,17,300,16,432
4186,85,16,67,16,184
4187,68,16,67,16,167
4188,67,34,99,21,221
4189,67,17,99,21,204
4190,83,17,66,21,187
4191,66,17,66,21,170
4193,101,36,62,17,216
4195,68,36,62,17,183
4196,134,32,118,17,301
4197,71,14,65,17,167
4198,54,14,65,17,150
4199,65,18,99,17,199
4201,146,34,99,17,296
4202,132,34,99,17,282
4203,67,17,67,17,168
4204,150,17,100,15,282
4206,84,17,99,17,217
4207,67,17,99,17,200
4208,67,34,100,15,216
4209,150,17,68,15,250
4212,134,32,67,17,250
4213,82,17,68,15,182
4214,65,17,68,15,165
4216,67,32,67,17,183
4217,168,17,66,17,268
4218,67,33,51,17,168
4220,99,34,66,17,216
4223,166,17,132,18,333
4225,100,17,100,16,233
4226,66,17,83,17,183
4227,166,17,84,17,284
4228,83,17,132,18,250
4229,66,17,132,18,233
4231,133,17,118,33,301
4232,66,34,84,17,201
4233,66,17,84,17,184
4234,82,17,118,33,250
4235,66,17,118,33,234
4236,85,33,67,33,218
4237,101,17,65,18,201
4238,84,17,65,18,184
4239,85,50,83,16,234
4242,85,33,66,34,218
4244,65,18,66,34,183
4245,68,15,152,32,267
4247,99,34,150,17,300
4248,68,50,150,17,285
4249,117,50,183,15,365
4250,85,17,65,17,184
4251,67,17,65,17,166
4253,201,18,98,17,334
4255,82,17,68,18,185
4257,98,18,100,15,231
4259,65,18,100,15,198
4260,85,18,98,17,218
4263,85,33,67,33,218
4264,84,16,67,33,200
4265,83,33,67,16,199
4266,115,17,133,16,281
4268,100,33,66,16,215
4269,83,33,66,16,198
4270,67,33,66,16,182
4271,52,33,66,16,167
4273,82,34,68,16,200
4276,100,34,100,16,250
4277,168,16,98,18,300
4279,51,34,100,16,201
4282,67,33,98,18,216
4283,68,16,98,18,200
4285,67,17,64,18,166
4286,83,33,66,17,199
4287,66,33,66,17,182
4288,50,33,66,17,166
4290,82,16,102,16,216
4291,99,17,68,16,200
4292,84,17,68,16,185
4293,83,33,233,18,367
4296,51,16,233,18,318
4297,101,15,101,17,234
4298,68,31,101,17,217
4300,51,15,101,17,184
4301,83,34,67,16,200
4302,82,17,67,16,182
4305,51,33,66,18,168
4309,117,50,149,18,334
4310,101,50,149,18,318
4312,83,34,149,18,284
4314,51,34,149,18,252
4315,82,17,87,30,216
4317,66,34,83,18,201
4319,82,37,130,17,266
4320,67,37,130,17,251
4321,117,34,66,17,234
4322,71,30,100,17,218
4324,67,34,66,17,184
4326,81,15,150,18,264
4328,84,16,116,18,234
4330,66,49,85,15,215
4331,133,17,117,15,282
4332,51,32,85,15,183
4334,84,17,117,15,233
4336,52,17,117,15,201
4337,52,33,166,17,268
4338,68,33,116,17,234
4340,66,34,82,17,199
4341,85,32,67,17,201
4343,84,33,51,17,185
4344,51,15,67,17,150
4346,65,34,300,16,415
4349,67,17,67,16,167
4350,135,33,67,33,268
4351,68,15,100,18,201
4352,51,15,100,18,184
4353,84,33,67,33,217
4354,67,33,67,33,200
4355,50,33,67,33,183
4356,51,17,67,33,168
4359,84,33,66,16,199
4360,100,32,135,17,284
4361,84,32,135,17,268
4363,132,17,134,16,299
4364,82,17,101,17,217
4365,100,17,134,16,267
4367,66,17,134,16,233
4368,84,17,167,16,284
4369,84,34,133,16,267
4371,151,34,66,16,267
4376,149,17,84,17,267
4377,65,18,66,16,165
4378,68,33,66,19,186
4379,52,33,66,19,170
4381,84,33,168,16,301
4385,69,32,66,17,184
4386,84,17,100,16,217
4387,68,17,100,16,201
4388,51,17,100,16,184
4389,65,16,99,17,197
4390,86,17,99,17,219
4392,100,31,102,16,249
4393,84,31,102,16,233
4394,68,31,102,16,217
4395,82,34,84,17,217
4396,200,33,66,18,317
4397,101,18,99,17,235
4398,65,35,99,17,216
4399,66,18,99,17,200
4402,68,33,65,17,183
4404,165,35,83,33,316
4406,66,32,152,33,283
4408,65,34,50,17,166
4409,50,34,50,17,151
4410,66,35,83,33,217
4411,67,17,83,33,200
4412,69,32,116,17,234
4414,50,17,116,17,200
4419,100,17,66,17,200
4421,82,35,132,17,266
4422,68,35,132,17,252
4423,66,18,132,17,233
4424,68,31,51,16,166
4425,117,33,51,17,218
4427,66,17,318,17,418
4428,65,33,51,17,166
4429,167,16,102,16,301
4431,68,16,66,18,168
4432,67,34,100,17,218
4433,50,34,100,17,201
4434,84,16,102,16,218
4436,66,35,98,35,234
4437,84,33,65,35,217
4438,67,33,65,35,200
4440,68,34,66,17,185
4441,84,31,167,33,315
4442,67,31,167,33,298
4444,100,34,148,18,300
4445,65,18,99,16,198
4446,83,17,148,18,266
4447,67,17,148,18,250
4449,133,17,133,17,300
4450,67,32,83,18,200
4451,82,33,133,17,265
4452,65,33,133,17,248
4454,65,50,83,17,215
4455,66,34,83,17,200
4456,83,18,99,17,217
4457,85,33,133,16,267
4459,52,33,133,16,234
4460,83,34,84,16,217
4461,66,34,84,16,200
4462,65,17,84,16,182
4464,66,34,100,16,216
4466,101,49,69,15,234
4468,116,18,184,16,334
4470,100,32,68,17,217
4471,84,32,68,17,201
4472,83,16,68,17,184
4473,102,15,51,15,183
4474,118,17,84,16,235
4476,83,17,84,16,200
4477,84,32,184,17,317
4478,68,32,184,17,301
4480,51,15,184,17,267
4482,67,33,150,33,283
4483,83,51,82,17,233
4484,100,19,82,17,218
4486,65,19,82,17,183
4489,65,17,201,16,299
4490,67,34,117,17,235
4491,82,50,84,17,233
4493,51,50,84,17,202
4494,102,32,133,17,284
4495,85,32,133,17,267
4496,83,17,133,17,250
4497,66,17,133,17,233
4499,50,34,66,17,167
4500,83,16,66,17,182
4501,84,33,66,18,201
4502,117,16,66,33,232
4503,66,17,66,18,167
4504,132,33,101,17,283
4506,50,16,66,33,165
4507,67,16,134,17,234
4508,132,18,83,17,250
4510,51,15,101,17,184
4511,117,33,66,18,234
4512,66,18,83,17,184
4514,101,33,234,16,384
4515,51,33,66,18,168
4516,68,33,234,16,351
4517,50,33,234,16,333
4518,117,17,166,16,316
4519,150,34,149,33,366
4521,67,17,166,16,266
4523,51,32,67,32,182
4526,99,50,82,17,248
4528,67,50,82,17,216
4530,83,17,234,16,350
4532,67,34,65,18,184
4533,116,17,84,17,234
4534,51,18,65,18,152
4536,99,35,66,16,216
4538,132,34,117,17,300
4539,50,35,66,16,167
4540,69,32,134,17,252
4541,52,32,134,17,235
4542,117,18,83,17,235
4543,66,17,117,17,217
4544,66,34,83,17,200
4545,65,18,83,17,183
4547,67,16,51,17,151
4548,117,17,66,16,216
4549,118,34,66,30,248
4550,83,17,66,16,182
4552,51,17,66,16,150
4555,51,32,382,17,482
4556,82,18,100,15,215
4557,83,48,84,18,233
4559,51,48,84,18,201
4560,82,18,66,18,184
4561,101,17,131,18,267
4565,52,32,68,16,168
4566,84,15,167,33,299
4569,101,33,83,33,250
4572,117,17,66,17,217
4573,99,17,66,17,199
4574,65,17,251,17,350
4576,51,17,66,17,151
4577,67,16,133,18,234
4579,83,34,66,18,201
4580,100,33,67,17,217
4581,66,17,66,18,167
4582,100,33,85,15,233
4583,51,33,67,17,168
4584,67,33,85,15,200
4585,67,16,85,15,183
4586,66,34,51,15,166
4587,134,15,68,16,233
4589,101,15,68,16,200
4590,85,15,68,16,184
4591,100,16,117,17,250
4592,51,15,68,16,150
4593,100,17,66,17,200
4594,66,34,66,17,183
4597,116,34,233,34,417
4600,66,34,233,34,367
4601,151,33,101,14,299
4602,51,17,233,34,335
4603,69,15,100,17,201
4606,67,33,101,14,215
4607,82,33,100,34,249
4608,67,33,100,34,234
4609,83,49,117,17,266
4611,51,49,117,17,234
4612,167,32,83,18,300
4613,116,34,115,18,283
4615,65,18,283,16,382
4617,51,34,115,18,218
4618,66,32,83,18,199
4619,118,33,100,17,268
4621,152,49,67,16,284
4622,182,17,84,16,299
4624,83,18,66,17,184
4627,100,17,84,16,217
4628,66,17,67,16,166
4629,101,16,51,16,184
4633,101,16,101,17,235
4634,66,34,101,17,218
4636,67,34,67,17,185
4637,50,34,67,17,168
4638,85,17,66,17,185
4639,84,33,98,17,232
4640,68,33,98,17,216
4641,85,33,65,17,200
4645,67,17,148,17,249
4646,132,33,100,16,281
4647,81,17,100,17,215
4649,65,17,66,17,165
4650,65,33,100,16,214
4652,67,33,151,16,267
4653,67,16,151,16,250
4655,67,17,183,17,284
4657,117,50,83,18,268
4658,133,18,83,18,252
4660,99,18,83,18,218
4661,81,18,83,18,200
4663,84,35,232,17,368
4664,101,32,101,17,251
4665,85,32,101,17,235
4667,83,49,69,15,216
4669,68,31,69,15,183
4670,50,31,69,15,165
4676,51,15,67,17,150
4677,100,17,134,17,268
4678,99,34,100,17,250
4679,65,17,134,17,233
4682,67,33,67,17,184
4683,67,17,67,17,168
4684,50,17,67,17,151
4685,83,34,199,17,333
4686,83,17,199,17,316
4687,84,33,166,17,300
4688,84,16,166,17,283
4689,83,33,67,16,199
4691,116,34,66,17,233
4694,66,34,66,17,183
4695,84,34,66,17,201
4697,50,34,66,17,167
4700,117,17,99,17,250
4701,67,17,100,16,200
4702,66,34,99,17,216
4705,51,34,200,16,301
4707,51,32,50,17,150
4708,66,33,67,17,183
4709,51,33,67,17,168
4710,99,33,68,16,216
4711,51,34,67,16,168
4712,50,17,67,16,150
4713,51,33,68,16,168
4715,118,32,67,16,233
4716,200,34,216,17,467
4717,133,16,100,16,265
4720,115,18,66,16,215
4721,83,34,66,16,199
4722,81,18,66,16,181
4723,83,34,216,17,350
4725,84,32,217,16,349
4727,52,32,217,16,317
4728,66,33,218,16,333
4729,66,17,218,16,317
4730,65,35,149,16,265
4731,67,18,149,16,250
4732,50,18,149,16,233
4733,100,35,100,16,251
4734,100,18,100,16,234
4736,65,18,100,16,199
4738,85,17,133,17,252
4739,68,17,133,17,235
4741,50,32,101,17,200
4742,51,16,101,17,185
4745,67,17,65,18,167
4746,51,17,65,18,151
4747,66,17,65,17,165
4748,117,32,69,15,233
4749,67,33,82,19,201
4750,50,33,82,19,184
4751,82,17,69,15,183
4752,82,17,52,15,166
4753,65,17,52,15,149
4755,133,16,68,16,233
4756,151,17,100,17,285
4757,69,15,101,16,201
4758,152,16,66,17,251
4759,67,16,68,16,167
4762,85,16,66,17,184
4763,116,18,82,17,233
4765,51,50,82,17,200
4766,100,33,201,17,351
4767,82,33,201,17,333
4768,83,16,201,17,317
4769,67,16,201,17,301
4770,51,16,201,17,285
4772,83,17,101,15,216
4773,83,33,133,18,267
4774,84,16,133,18,251
4775,166,18,266,17,467
4777,84,34,99,16,233
4778,134,32,66,19,251
4779,67,17,99,16,199
4781,84,32,66,19,201
4782,67,32,66,19,184
4783,67,15,66,19,167
4785,50,34,133,17,234
4787,49,51,99,17,216
4788,85,31,118,17,251
4792,85,16,67,17,185
4793,66,16,67,17,166
4795,51,34,70,14,169
4797,50,33,99,19,201
4798,67,37,62,19,185
4799,87,29,151,16,283
4800,70,29,151,16,266
4801,116,34,167,17,334
4802,51,15,151,16,233
4803,101,15,167,17,300
4806,100,35,99,17,251
4808,84,18,99,17,218
4809,166,16,100,34,316
4810,68,32,134,16,250
4811,134,16,100,34,284
4812,84,17,66,16,183
4813,150,34,67,17,268
4814,83,16,100,34,233
4819,65,18,67,17,167
4820,100,34,66,17,217
4821,50,33,66,17,166
4822,101,32,67,16,216
4825,51,32,67,16,166
4826,100,33,200,17,350
4827,101,16,200,17,334
4828,182,34,83,17,316
4831,101,15,285,16,417
4832,84,15,285,16,400
4833,67,15,285,16,383
4834,99,18,83,17,217
4835,83,18,83,17,201
4836,83,17,99,17,216
4837,66,17,99,17,199
4839,101,16,68,15,200
4840,51,17,133,17,218
4842,99,35,83,16,233
4843,118,32,51,16,217
4844,66,35,83,16,200
4845,84,32,51,16,183
4846,68,32,51,16,167
4847,117,33,117,17,284
4849,84,33,117,17,251
4851,68,16,117,17,218
4854,67,32,268,15,382
4855,50,32,268,15,365
4856,66,51,84,17,218
4857,67,34,84,17,202
4858,83,17,232,17,349
4859,67,17,232,17,333
4860,51,17,232,17,317
4861,51,33,51,16,151
4862,102,33,65,17,217
4863,66,18,98,17,199
4864,84,16,65,17,182
4865,52,33,65,17,167
4866,67,33,67,15,182
4870,82,18,132,16,248
4871,67,18,132,16,233
4872,99,35,65,16,215
4874,150,33,67,18,268
4875,50,35,65,16,166
4876,67,34,132,16,249
4877,52,34,132,16,234
4878,83,33,67,18,201
4880,81,19,100,16,216
4881,66,19,100,16,201
4887,51,34,98,17,200
4888,68,33,130,19,250
4889,85,34,96,19,234
4891,116,34,151,17,318
4893,99,17,151,17,284
4894,99,50,66,18,233
4895,65,17,151,17,250
4898,65,19,66,18,168
4901,99,18,100,17,234
4902,52,17,51,17,137
4903,66,18,100,17,201
4904,101,50,148,17,316
4905,68,17,165,17,267
4906,99,19,148,17,283
4907,83,19,148,17,267
4908,65,19,148,17,249
4909,67,16,199,17,299
4910,66,33,66,17,182
4911,100,16,66,17,199
4914,66,33,67,16,182
4915,66,16,67,16,165
4916,66,33,150,17,266
4917,66,16,150,17,249
4918,66,34,153,31,284
4920,67,50,250,16,383
4922,67,17,250,16,350
4924,67,33,151,15,266
4925,137,31,149,17,334
4926,83,17,51,17,168
4927,83,51,149,17,300
4928,86,31,149,17,283
4929,70,31,149,17,267
4930,84,17,165,17,283
4931,68,17,165,17,267
4933,64,17,66,16,163
4934,85,15,134,34,268
4935,67,15,134,34,250
4936,65,34,66,17,182
4937,66,17,66,17,166
4938,166,34,66,17,283
4942,100,34,66,17,217
4943,118,33,100,17,268
4944,67,34,66,17,184
4945,150,33,84,34,301
4946,68,33,100,17,218
4947,51,33,100,17,201
4948,217,34,82,17,350
4950,133,50,151,15,349
4952,66,34,84,16,200
4953,50,34,84,16,184
4954,67,50,151,15,283
4956,100,18,82,17,217
4957,101,16,66,17,200
4958,84,16,66,17,183
4959,67,16,66,17,166
4960,52,16,66,17,151
4961,67,16,134,17,234
4962,83,17,67,19,186
4963,65,17,67,19,168
4964,66,35,100,16,217
4965,84,32,68,16,200
4966,68,32,68,16,184
4968,86,15,67,17,185
4969,69,15,67,17,168
4970,51,15,67,17,150
4971,118,32,51,16,217
4972,68,33,83,16,200
4974,67,32,51,16,166
4978,83,16,101,16,216
4979,66,16,101,16,199
4980,51,16,101,16,184
4981,83,33,133,34,283
4982,67,33,133,34,267
4985,51,34,99,34,218
4986,67,33,135,16,251
4987,67,17,135,16,235
4988,67,32,103,16,218
4989,100,16,69,16,201
4991,67,16,69,16,168
4992,100,35,64,17,216
4995,85,47,68,16,216
4997,117,34,100,17,268
4999,100,17,100,17,234
5000,64,34,100,17,215
5003,68,16,100,17,201
5004,67,34,66,17,184
5006,67,33,68,15,183
5007,116,35,166,32,349
5008,67,33,67,17,184
5010,66,35,166,32,299
5013,51,32,67,17,167
5014,101,33,67,32,233
5015,84,33,67,32,216
5016,99,32,67,17,215
5019,50,32,67,17,166
5020,132,34,100,17,283
5021,67,17,66,17,167
5022,67,32,269,16,384
5023,116,49,84,17,266
5024,67,34,100,17,218
5026,83,32,84,17,216
5027,118,33,67,17,235
5028,51,32,84,17,184
5029,101,16,67,17,201
5030,67,33,67,17,184
5032,52,16,67,17,152
5033,51,33,67,17,168
5034,66,34,68,16,184
5035,83,33,167,17,300
5036,67,33,167,17,284
5037,67,16,167,17,267
5040,84,33,117,32,266
5042,66,18,117,32,233
5044,82,17,99,17,215
5045,66,17,99,17,199
5046,51,17,99,17,184
5047,83,34,65,17,199
5049,84,32,68,16,200
5050,67,32,68,16,183
5052,66,33,200,18,317
5053,66,16,200,18,300
5055,85,34,65,16,200
5057,51,34,65,16,166
5058,51,18,65,16,150
5060,115,17,51,15,198
5061,83,33,51,15,182
5062,98,51,82,18,249
5064,83,34,82,18,217
5065,66,34,82,18,200
5066,217,17,100,16,350
5067,68,15,102,16,201
5068,133,35,133,16,317
5070,100,35,133,16,284
5071,82,35,133,16,266
5072,67,35,133,16,251
5075,67,17,100,16,200
5076,101,33,167,16,317
5077,66,17,67,16,166
5078,83,16,167,16,282
5079,50,33,167,16,266
5080,116,17,131,19,283
5081,84,33,131,19,267
5083,66,17,131,19,233
5084,67,33,300,17,417
5085,83,34,64,19,200
5088,67,33,267,16,383
5090,67,50,150,16,283
5091,50,50,150,16,266
5092,83,32,51,17,183
5093,67,32,51,17,167
5094,82,34,117,17,250
5095,66,34,117,17,234
5096,102,34,100,16,252
5097,83,34,100,16,233
5098,135,33,150,17,335
5100,101,33,150,17,301
5101,68,16,381,18,483
5102,83,17,150,17,267
5103,66,17,150,17,250
5105,66,17,66,16,165
5108,50,17,83,17,167
5109,99,17,67,17,200
5110,99,34,67,17,217
5111,66,17,67,17,167
5113,116,34,65,17,232
5114,50,17,67,17,151
5116,101,48,66,18,233
5117,84,48,66,18,216
5118,67,48,66,18,199
5119,67,31,66,18,182
5124,50,17,67,17,151
5125,51,33,251,16,351
5126,67,34,66,19,186
5127,68,16,66,19,169
5129,52,34,132,17,235
5130,68,32,67,17,184
5133,83,33,134,17,267
5134,132,34,67,17,250
5135,99,16,51,16,182
5136,84,16,51,16,167
5137,115,33,67,17,232
5138,100,33,67,17,217
5139,100,16,67,17,200
5141,67,16,67,17,167
5142,83,18,50,16,167
5143,101,16,166,17,300
5144,67,33,166,17,283
5145,67,16,166,17,266
5146,67,33,66,35,201
5147,84,33,68,16,201
5148,50,16,66,35,167
5149,82,33,67,17,199
5150,84,15,67,17,183
5152,51,15,67,17,150
5154,117,17,67,17,218
5155,82,17,51,15,165
5156,67,17,51,15,150
5158,66,34,99,35,234
5161,101,16,68,15,200
5162,67,33,68,15,183
5164,83,16,50,34,183
5165,68,16,50,34,168
5166,50,16,50,34,150
5167,150,33,349,18,550
5168,68,49,65,18,200
5169,66,34,65,18,183
5170,50,34,65,18,167
5171,85,33,349,18,485
5172,66,33,349,18,466
5175,50,33,67,16,166
5176,66,34,117,15,232
5177,50,34,117,15,216
5179,69,16,200,32,317
5181,66,16,52,15,149
5182,65,34,183,18,300
5183,65,17,183,18,283
5184,66,33,101,32,232
5185,50,33,101,32,216
5187,67,17,134,16,234
5188,99,19,83,16,217
5189,100,16,117,17,250
5190,85,16,117,17,235
5191,68,16,117,17,218
5192,82,34,85,16,217
5193,81,17,85,16,199
5194,102,33,133,17,285
5196,134,33,66,17,250
5197,68,17,133,17,235
5198,68,34,99,17,218
5201,51,33,66,17,167
5202,67,32,151,17,267
5203,133,16,68,16,233
5204,65,34,117,17,233
5205,133,16,51,17,217
5206,83,16,68,16,183
5207,101,16,51,17,185
5208,51,16,68,16,151
5209,83,35,67,15,200
5210,66,35,67,15,183
5211,84,33,66,17,200
5213,51,33,66,17,167
5215,85,32,100,17,234
5216,67,32,100,17,216
5218,66,34,116,17,233
5219,66,17,116,17,216
5220,97,18,84,17,216
5222,65,18,84,17,184
5223,66,17,67,17,167
5225,67,16,200,16,299
5229,100,16,133,18,267
5231,67,16,133,18,234
5232,84,16,66,16,182
5233,67,16,66,16,165
5234,83,17,66,18,184
5235,66,17,66,18,167
5236,100,33,67,18,218
5238,117,32,134,16,299
5239,83,50,134,16,283
5240,84,32,134,16,266
5241,68,32,134,16,250
5243,102,33,82,18,235
5244,50,17,117,16,200
5247,150,34,232,18,434
5248,51,16,100,18,185
5249,65,18,316,16,415
5250,84,16,101,16,217
5252,66,34,232,18,350
5253,50,34,232,18,334
5256,135,33,65,17,250
5257,66,17,99,17,199
5258,83,18,65,17,183
5260,51,18,65,17,151
5261,51,33,65,17,166
5262,83,16,66,18,183
5265,65,16,51,16,148
5266,116,16,68,16,216
5267,82,18,66,18,184
5268,66,18,66,18,168
5269,101,16,67,16,200
5271,50,34,67,16,167
5272,84,18,133,16,251
5273,66,18,133,16,233
5274,68,33,50,17,168
5275,83,34,132,17,266
5276,67,34,132,17,250
5278,67,33,99,17,216
5279,133,17,101,15,266
5282,66,33,101,15,215
5283,99,17,134,17,267
5284,133,34,98,18,283
5286,83,17,100,17,217
5289,85,32,66,18,201
5290,68,32,66,18,184
5293,67,17,67,16,167
5294,66,50,233,17,366
5297,100,17,133,16,266
5298,133,34,66,16,249
5299,66,17,133,16,232
5300,84,17,100,16,217
5301,117,33,133,17,300
5302,116,17,133,17,283
5303,67,17,66,16,166
5305,67,17,133,17,234
5306,50,17,133,17,217
5307,67,16,50,17,150
5308,66,34,98,17,215
5310,67,33,233,17,350
5312,50,17,233,17,317
5313,101,32,219,16,368
5315,67,32,219,16,334
5316,65,17,219,16,317
5317,82,33,100,17,232
5318,67,33,100,17,217
5322,50,16,67,17,150
5323,50,33,201,16,300
5324,83,17,101,15,216
5325,83,33,68,15,199
5326,168,32,67,17,284
5327,51,33,68,15,167
5328,102,33,66,16,217
5329,118,32,67,17,234
5330,68,33,66,16,183
5333,65,17,67,17,166
5335,83,33,67,17,200
5336,66,33,67,17,183
5337,84,34,99,17,234
5338,67,34,99,17,217
5339,134,16,67,16,233
5340,117,16,67,16,216
5341,68,16,133,17,234
5342,133,34,50,17,234
5343,67,16,67,16,166
5346,66,34,50,17,167
5347,66,17,50,17,150
5348,100,34,66,18,218
5349,66,17,67,16,166
5350,67,34,66,18,185
5351,67,17,66,18,168
5353,51,33,117,16,217
5355,66,17,84,16,183
5357,50,33,67,16,166
5358,117,16,135,16,284
5359,67,16,67,17,167
5361,66,16,135,16,233
5362,51,16,135,16,218
5364,101,50,83,33,267
5366,135,48,67,17,267
5367,83,18,83,33,217
5368,66,18,83,33,200
5369,67,18,65,33,183
5371,69,32,67,17,185
5372,168,34,65,18,285
5374,98,34,66,17,215
5375,65,17,84,16,182
5378,67,34,65,18,184
5380,100,33,68,33,234
5382,66,33,68,33,200
5385,117,33,99,17,266
5387,199,17,68,15,299
5388,68,33,99,17,217
5389,63,20,99,17,199
5390,68,34,65,17,184
5393,102,17,68,15,202
5394,116,17,67,33,233
5395,116,34,99,17,266
5397,66,17,67,33,183
5400,68,33,100,16,217
5401,51,33,100,16,200
5402,100,33,166,17,316
5403,84,33,166,17,300
5406,66,34,99,17,216
5407,85,33,99,17,234
5408,100,34,65,17,216
5411,84,32,235,17,368
5412,99,33,202,17,351
5413,83,33,202,17,335
5415,66,16,202,17,301
5416,82,34,83,17,216
5417,82,18,83,17,200
5418,66,18,83,17,184
5419,101,16,118,15,250
5421,68,16,118,15,217
5422,85,16,68,17,186
5425,66,16,52,15,149
5426,101,32,184,17,334
5427,84,32,184,17,317
5428,68,32,184,17,301
5429,133,17,134,16,300
5431,51,33,68,16,168
5432,82,17,134,16,249
5433,65,17,134,16,232
5434,101,32,68,16,217
5435,84,32,68,16,200
5436,84,16,68,16,184
5438,50,16,68,16,150
5440,100,33,100,16,249
5442,68,33,100,16,217
5444,101,34,167,16,318
5447,67,17,167,16,267
5448,83,17,66,17,183
5449,66,17,66,17,166
5450,67,34,65,17,183
5451,66,18,65,17,166
5453,100,33,66,18,217
5454,66,50,66,18,200
5455,67,33,66,18,184
5456,82,18,132,16,248
5457,67,18,132,16,233
5458,68,48,84,16,216
5459,67,32,84,16,199
5460,101,32,200,33,366
5461,84,32,200,33,349
5462,66,32,200,33,331
5464,67,34,66,17,184
5465,84,33,166,18,301
5466,132,35,65,33,265
5467,66,17,166,18,267
5468,50,17,166,18,251
5469,67,16,51,16,150
5470,101,32,151,16,300
5473,51,32,151,16,250
5474,100,51,83,18,252
5476,65,51,83,18,217
5479,68,16,85,15,184
5480,85,16,51,15,167
5481,68,16,51,15,150
5482,52,16,51,15,134
5483,67,16,118,15,216
5486,51,15,66,19,151
5487,66,17,133,17,233
5488,118,15,100,17,250
5489,66,34,82,17,199
5490,100,34,66,17,217
5492,66,34,66,17,183
5493,49,34,66,17,166
5494,118,33,67,18,236
5495,82,50,67,18,217
5497,66,33,67,18,184
5498,66,17,67,18,168
5499,66,17,133,17,233
5500,67,34,99,17,217
5501,67,17,99,17,200
5502,68,34,199,17,318
5504,68,31,118,16,233
5505,68,14,118,16,216
5506,51,14,118,16,199
5508,82,16,67,17,182
5509,115,33,68,33,249
5512,84,16,68,33,201
5513,134,17,66,17,234
5516,116,18,133,16,283
5519,66,18,133,16,233
5521,132,18,67,16,233
5522,66,33,67,16,182
5523,51,33,67,16,167
5524,50,16,67,16,149
5525,83,33,66,17,199
5528,101,32,67,17,217
5531,100,17,136,30,283
5534,133,33,100,16,282
5537,267,34,65,35,401
5538,67,33,100,16,216
5539,166,18,266,17,467
5541,67,19,64,16,166
5543,99,18,266,17,400
5544,66,34,266,17,383
5545,65,18,266,17,366
5546,148,15,85,15,263
5547,136,15,85,15,251
5548,67,51,65,35,218
5549,68,34,65,35,202
5550,84,15,85,15,199
5551,68,15,85,15,183
5553,66,17,117,16,216
5554,51,17,117,16,201
5555,65,35,216,16,332
5556,66,19,216,16,317
5557,101,17,66,16,200
5558,84,17,66,16,183
5561,116,33,67,16,232
5563,49,34,66,16,165
5564,82,17,67,16,182
5565,66,17,67,16,166
5567,66,17,184,16,283
5568,66,34,101,16,217
5569,84,33,117,16,250
5571,51,33,117,16,217
5572,67,37,80,16,200
5573,88,31,65,17,201
5574,70,31,65,17,183
5577,232,18,134,17,401
5578,96,34,567,16,713
5580,116,17,232,17,382
5582,84,17,232,17,350
5584,51,17,232,17,317
5587,83,33,51,17,184
5588,133,34,133,16,316
5589,67,17,51,17,152
5590,66,34,167,16,283
5593,68,17,133,16,234
5594,51,17,133,16,217
5595,102,15,68,16,201
5599,50,35,65,17,167
5600,83,17,65,17,182
5601,66,17,65,17,165
5602,51,17,65,17,150
5604,82,33,67,16,198
5605,66,33,67,16,182
5608,50,17,66,18,151
5610,100,35,98,19,252
5611,101,17,98,19,235
5613,99,18,266,34,417
5614,133,51,65,18,267
5615,84,33,300,17,434
5618,66,51,65,18,200
5620,65,19,65,18,167
5621,68,15,68,33,184
5622,51,15,68,33,167
5623,65,17,102,15,199
5625,116,34,216,32,398
5626,68,33,199,17,317
5629,85,32,67,17,201
5630,67,32,67,17,183
5631,100,18,66,16,200
5632,66,34,66,16,182
5633,66,18,66,16,166
5635,51,33,99,18,201
5637,84,33,66,17,200
5638,66,33,66,17,182
5640,66,33,166,17,282
5641,66,16,166,17,265
5642,84,32,85,31,232
5643,68,32,85,31,216
5644,117,16,66,17,216
5645,66,17,201,16,300
5646,84,16,66,17,183
5648,67,35,66,32,200
5652,66,17,67,18,168
5653,66,18,67,16,167
5654,66,49,84,17,216
5655,100,18,250,15,383
5657,67,18,250,15,350
5658,67,33,66,17,183
5661,84,33,67,17,201
5663,50,33,67,17,167
5664,66,33,168,16,283
5665,116,34,333,16,499
5666,100,34,333,16,483
5667,66,17,67,17,167
5668,101,33,67,16,217
5669,67,17,333,16,433
5671,116,35,67,15,233
5672,67,32,68,34,201
5673,67,15,68,34,184
5675,86,33,200,16,335
5677,83,34,131,19,267
5678,68,34,131,19,252
5679,85,32,68,15,200
5680,67,32,68,15,182
5681,83,33,368,17,501
5682,66,33,368,17,484
5684,65,35,166,16,282
5686,167,33,99,19,318
5687,150,33,99,19,301
5689,85,33,165,17,300
5690,66,33,165,17,281
5691,51,33,165,17,266
5693,82,34,65,19,200
5695,50,34,65,19,168
5697,50,33,134,17,234
5698,67,51,66,17,201
5699,50,51,66,17,184
5700,65,19,66,17,167
5703,85,33,99,17,234
5704,69,33,99,17,218
5705,83,33,66,17,199
5706,102,34,99,17,252
5707,85,34,99,17,235
5708,66,34,99,17,216
5709,100,16,101,17,234
5710,67,32,101,17,217
5712,66,34,99,17,216
5713,68,17,99,17,201
5715,100,17,100,17,234
5716,67,34,100,17,218
5717,84,32,68,17,201
5719,67,15,68,17,167
5721,66,17,51,15,149
5722,66,34,66,16,182
5723,100,15,50,17,182
5724,51,17,66,16,150
5729,200,17,66,17,300
5731,67,16,67,18,168
5732,66,34,51,17,168
5733,68,16,51,17,152
5736,150,18,232,17,417
5737,67,17,66,17,167
5738,68,32,117,16,233
5739,203,16,67,17,303
5741,65,18,232,17,332
5742,66,33,66,17,182
5743,184,33,101,16,334
5744,83,17,134,16,250
5746,99,34,67,16,216
5748,66,34,67,16,183
5751,67,16,101,16,200
5752,67,34,67,16,184
5753,84,49,183,18,334
5755,66,33,183,18,300
5756,50,33,183,18,284
5757,84,33,132,18,267
5758,67,33,132,18,250
5759,67,17,132,18,234
5760,85,16,68,15,184
5763,82,36,131,17,266
5765,84,31,67,17,199
5766,68,31,67,17,183
5767,117,32,50,18,217
5768,67,35,65,17,184
5769,50,35,65,17,167
5770,66,32,50,18,166
5773,150,32,67,16,265
5774,65,35,233,17,350
5778,68,32,67,16,183
5783,51,33,267,16,367
5784,67,33,68,17,185
5785,50,33,68,17,168
5786,100,34,65,34,233
5787,84,34,65,34,217
5788,101,34,65,17,217
5789,85,34,65,17,201
5791,51,34,65,17,167
5792,51,17,65,17,150
5793,82,34,67,16,199
5794,65,34,67,16,182
5795,99,16,67,17,199
5796,82,16,67,17,182
5797,67,16,67,17,167
5798,51,16,67,17,151
5799,84,33,134,17,268
5800,51,16,67,17,151
5801,66,17,134,17,234
5802,67,34,199,34,334
5803,83,33,101,16,233
5804,67,33,101,16,217
5805,117,34,99,34,284
5806,67,33,84,17,201
5807,134,17,116,17,284
5808,82,18,99,34,233
5809,83,34,116,17,250
5811,117,32,51,17,217
5813,68,17,83,17,185
5816,65,34,233,17,349
5817,65,18,233,17,333
5818,66,34,133,17,250
5819,67,17,133,17,234
5820,51,17,133,17,218
5821,101,17,100,33,251
5823,83,34,99,17,233
5824,66,34,99,17,216
5826,148,18,133,18,317
5827,84,33,50,17,184
5828,67,33,50,17,167
5829,133,17,65,18,233
5830,81,18,133,18,250
5831,65,18,133,18,234
5832,149,34,84,33,300
5834,132,18,84,33,267
5835,52,33,117,17,219
5836,117,16,101,17,251
5840,66,34,99,18,217
5842,85,17,65,18,185
5843,234,17,65,18,334
5844,101,32,67,18,218
5845,65,18,66,16,165
5846,67,32,67,18,184
5848,150,17,65,18,250
5849,50,34,68,33,185
5850,82,35,67,33,217
5854,68,33,115,20,236
5856,68,50,181,18,317
5857,50,50,181,18,299
5858,83,15,70,14,182
5859,68,15,70,14,167
5860,84,17,66,16,183
5861,67,17,66,16,166
5862,103,32,64,18,217
5863,85,32,64,18,199
5864,70,32,64,18,184
5865,115,50,51,15,231
5866,66,32,66,17,181
5867,52,32,66,17,167
5868,64,50,51,15,180
5869,100,16,134,17,267
5870,82,16,134,17,249
5871,66,16,134,17,233
5872,50,16,134,17,217
5874,69,32,134,16,251
5875,51,32,134,16,233
5876,84,17,50,17,168
5877,67,17,50,17,151
5880,84,17,67,17,185
5881,67,17,67,17,168
5882,50,17,67,17,151
5883,51,33,51,17,152
5884,83,18,67,32,200
5885,66,18,67,32,183
5886,67,34,98,17,216
5888,51,17,98,17,183
5889,85,32,117,17,251
5890,67,32,117,17,233
5891,65,17,117,17,216
5892,98,33,101,17,249
5893,83,33,101,17,234
5894,98,34,67,17,216
5896,100,34,50,17,201
5897,83,34,50,17,184
5898,67,34,50,17,168
5899,50,34,50,17,151
5900,51,17,50,17,135
5901,65,17,167,16,265
5902,67,34,99,17,217
5903,67,17,99,17,200
5904,84,31,151,17,283
5905,68,31,151,17,267
5906,51,31,151,17,250
5907,65,18,83,18,184
5909,66,16,68,16,166
5910,67,34,99,35,235
5911,101,18,100,15,234
5912,67,34,100,15,216
5914,100,33,118,16,267
5918,100,32,67,33,232
5919,65,19,99,33,216
5920,68,32,67,33,200
5922,67,34,100,17,218
5923,51,34,100,17,202
5924,66,33,99,18,216
5926,67,33,66,18,184
5927,50,33,66,18,167
5928,66,34,50,17,167
5930,117,17,66,17,217
5931,51,32,52,33,168
5935,67,33,117,15,232
5936,52,33,117,15,217
5937,100,16,68,15,199
5938,66,33,68,15,182
5941,83,34,66,16,199
5942,67,34,66,16,183
5945,101,17,67,15,200
5946,66,34,67,15,182
5947,85,33,66,17,201
5948,66,33,66,17,182
5949,84,34,65,17,200
5951,84,32,118,15,249
5952,149,17,169,16,351
5953,100,33,117,17,267
5954,83,33,117,17,250
5956,99,33,201,17,350
5957,67,17,169,16,269
5959,67,16,201,17,301
5960,85,15,168,17,285
5961,68,15,168,17,268
5962,51,15,168,17,251
5963,83,51,201,14,349
5964,84,34,201,14,333
5967,86,32,83,17,218
5970,101,50,150,17,318
5971,83,50,150,17,300
5973,66,33,150,17,266
5974,151,14,101,16,282
5976,67,34,166,15,282
5978,52,17,166,15,250
5979,68,14,101,16,199
5980,116,17,249,18,400
5981,83,33,249,18,383
5982,66,33,249,18,366
5983,82,33,216,18,349
5985,83,34,65,19,201
5986,66,34,65,19,184
5987,99,35,150,15,299
5988,67,50,150,15,282
5989,82,18,150,15,265
5990,99,19,98,18,234
5992,84,15,83,18,200
5993,69,15,83,18,185
5994,52,15,83,18,168
5995,83,33,167,16,299
5996,101,34,100,16,251
5997,98,18,100,16,232
