序号,发送->接收,接收->转发,转发->接收,接收->处理,总计
2,76,15,151,17,259
3,82,34,67,16,199
4,51,15,151,17,234
5,51,34,67,16,168
7,67,16,533,17,633
8,84,17,50,17,168
9,66,17,50,17,150
11,116,34,165,17,332
12,65,35,166,16,282
13,67,17,166,16,266
14,149,17,100,17,283
16,52,17,165,17,251
17,68,15,100,16,199
20,98,34,101,16,249
21,81,34,101,16,232
22,116,17,102,15,250
23,67,17,101,16,201
24,50,17,101,16,184
25,66,17,102,15,200
26,67,34,68,15,184
27,67,17,68,15,167
30,183,17,68,20,288
31,67,18,66,15,166
33,52,32,100,17,201
35,99,17,68,20,204
36,81,17,68,20,186
39,66,17,100,17,200
40,66,34,66,17,183
41,51,34,66,17,168
42,68,30,53,17,168
43,71,10,53,17,151
44,117,17,66,16,216
45,66,17,100,16,199
46,66,34,66,16,182
47,63,17,66,16,162
48,87,15,84,18,204
49,117,33,66,17,233
50,116,17,66,17,216
52,66,33,66,17,182
53,65,17,66,17,165
55,67,18,65,17,167
56,68,31,68,16,183
57,52,31,68,16,167
58,100,34,68,14,216
59,66,17,67,19,169
61,117,35,100,15,267
64,102,32,68,15,217
66,68,32,68,15,183
67,66,18,68,15,167
68,49,18,68,15,150
70,66,34,64,17,181
71,52,34,64,17,167
73,82,33,136,17,268
74,65,33,136,17,251
75,99,18,66,16,199
76,64,35,66,16,181
77,66,18,66,16,166
78,68,34,67,17,186
80,101,35,97,18,251
81,52,32,67,17,168
83,51,35,97,18,201
86,101,31,68,18,218
87,68,17,117,14,216
89,64,16,68,18,166
90,65,34,201,17,317
91,82,34,68,15,199
92,65,34,68,15,182
94,151,16,134,16,317
95,99,19,65,15,198
97,65,19,65,15,164
100,67,34,134,17,252
101,84,34,100,17,235
102,116,17,83,15,231
103,84,34,83,15,216
106,68,32,51,15,166
107,85,34,99,18,236
108,100,32,366,17,515
109,65,18,99,18,200
110,66,32,366,17,481
111,118,32,100,17,267
112,101,32,100,17,250
115,82,36,133,16,267
117,68,18,133,16,235
118,99,33,101,16,249
119,117,34,100,17,268
120,67,33,101,16,217
121,82,34,100,17,233
123,119,32,166,17,334
127,84,33,65,17,199
128,67,33,65,17,182
129,83,35,98,17,233
130,65,35,98,17,215
131,66,18,98,17,199
132,98,35,185,15,333
133,82,35,185,15,317
135,65,18,185,15,283
136,81,17,152,15,265
137,66,17,152,15,250
138,68,35,66,15,184
140,68,31,68,18,185
141,100,18,165,17,300
142,101,33,99,17,250
143,84,33,99,17,233
144,66,33,99,17,215
146,134,33,101,18,286
151,66,15,101,18,200
152,185,14,52,15,266
153,82,35,99,18,234
154,83,18,99,18,218
156,50,18,99,18,185
157,51,33,134,15,233
158,86,14,52,15,167
159,135,15,167,17,334
161,101,15,167,17,300
162,66,33,167,17,283
163,66,15,167,17,265
164,52,15,167,17,251
165,68,17,65,18,168
166,83,16,169,15,283
167,65,16,169,15,265
169,82,35,66,16,199
170,65,35,66,16,182
171,101,16,101,16,234
172,118,17,67,16,218
173,132,18,99,18,267
175,66,17,67,16,166
176,82,18,99,18,217
177,150,33,51,15,249
181,51,33,166,18,268
182,66,33,51,15,165
183,51,33,51,15,150
185,101,15,85,17,218
186,65,34,85,17,201
189,115,35,99,17,266
190,67,34,67,17,185
191,82,35,99,17,233
192,67,35,99,17,218
193,51,35,99,17,202
194,69,32,100,16,217
196,52,15,100,16,183
198,81,18,67,17,183
199,99,16,99,18,232
201,67,16,99,18,200
203,51,34,132,19,236
204,67,33,83,16,199
205,67,16,83,16,182
206,99,33,53,15,200
207,51,32,86,15,184
208,65,33,53,15,166
209,134,15,84,15,248
210,65,34,67,17,183
211,132,17,334,16,499
212,67,34,84,15,200
214,53,15,84,15,167
216,67,33,184,17,301
220,51,15,136,15,217
221,65,18,66,19,168
223,66,18,82,17,183
224,69,31,168,16,284
225,135,17,132,17,301
226,85,17,65,16,183
228,67,32,132,17,248
229,68,17,132,17,234
231,64,18,67,16,165
232,132,32,135,16,315
234,67,33,66,16,182
235,85,32,135,16,268
237,100,17,184,17,318
239,65,17,184,17,283
241,66,18,99,17,200
242,68,32,185,15,300
243,67,16,185,15,283
245,85,32,118,15,250
246,67,32,118,15,232
247,67,16,118,15,216
249,67,17,84,15,183
251,67,17,65,18,167
254,67,32,69,15,183
255,117,34,117,16,284
256,65,35,83,15,198
257,67,17,83,15,182
258,67,34,117,16,234
260,69,32,101,15,217
263,82,36,65,18,201
264,117,16,100,15,248
265,85,33,100,15,233
267,68,16,100,15,199
269,50,32,118,16,216
270,133,33,167,15,348
271,66,15,85,16,182
272,82,18,66,15,181
274,167,33,100,17,317
277,68,16,66,16,166
278,66,33,84,17,200
280,66,33,100,17,216
281,82,34,83,17,216
282,66,34,83,17,200
283,85,34,66,16,201
284,101,32,101,16,250
285,151,34,166,17,368
289,117,33,67,17,234
290,66,34,166,17,283
293,117,34,66,17,234
294,100,34,66,17,217
295,67,17,167,17,268
296,100,32,101,17,250
297,67,17,66,17,167
298,99,34,67,17,217
299,51,32,101,17,201
301,83,34,232,18,367
302,83,17,232,18,350
303,66,17,232,18,333
306,67,34,64,17,182
309,80,34,69,15,198
310,64,34,69,15,182
311,81,34,134,16,265
312,64,34,134,16,248
313,65,17,134,16,232
314,51,17,134,16,218
315,67,17,65,17,166
318,67,33,100,18,218
319,67,15,100,18,200
320,82,17,66,18,183
321,135,15,167,17,334
322,118,15,167,17,317
324,85,15,167,17,284
325,68,15,167,17,267
326,51,15,167,17,250
327,118,31,68,17,234
328,101,31,68,17,217
329,133,17,199,16,365
331,149,35,98,17,299
333,68,17,199,16,300
334,99,35,98,17,249
335,99,18,98,17,232
337,66,18,98,17,199
339,52,33,99,16,200
343,99,17,66,17,199
344,99,34,66,16,215
345,65,17,66,17,165
346,65,34,66,16,181
347,183,33,117,15,348
348,50,18,66,16,150
350,83,17,166,18,284
351,151,34,83,15,283
354,101,34,83,15,233
355,118,31,52,15,216
358,67,31,52,15,165
360,83,16,68,17,184
362,65,33,137,14,249
365,68,16,102,14,200
366,85,15,70,14,184
367,67,15,70,14,166
369,82,36,98,16,232
372,70,30,101,17,218
373,101,17,67,17,202
374,184,15,133,17,349
375,67,17,67,17,168
376,64,34,131,19,248
377,166,17,99,17,299
378,68,33,66,16,183
381,50,32,133,17,232
382,115,16,67,17,215
385,65,16,67,17,165
386,66,35,67,18,186
390,168,33,102,17,320
393,51,34,65,18,168
394,53,16,65,18,152
397,99,16,98,18,231
398,65,34,98,18,215
401,51,34,64,18,167
402,68,34,82,17,201
403,101,13,52,17,183
404,68,30,52,17,167
405,119,33,201,15,368
406,64,36,201,15,316
407,84,33,201,15,333
409,114,35,134,15,298
410,69,32,201,16,318
412,65,35,134,15,249
413,69,15,134,15,233
415,251,33,101,15,400
416,69,32,68,15,184
417,63,18,68,15,164
418,66,35,65,16,182
419,86,33,98,16,233
420,67,33,98,16,214
421,101,17,66,16,200
422,68,32,66,16,182
424,65,33,102,14,214
425,50,33,102,14,199
427,99,18,67,15,199
429,84,35,81,18,218
430,67,35,81,18,201
431,66,19,81,18,184
433,53,32,67,15,167
434,67,33,117,16,233
435,51,33,117,16,217
437,134,18,84,15,251
438,67,31,102,18,218
439,185,33,99,17,334
442,133,33,99,17,282
444,120,15,99,17,251
445,67,17,200,16,300
446,66,33,99,17,215
447,68,15,99,17,199
448,100,32,51,17,200
450,98,34,68,16,216
451,97,17,68,16,198
453,100,17,119,13,249
456,102,33,134,15,284
457,118,32,67,17,234
460,84,15,67,17,183
461,67,15,67,17,166
462,65,33,69,15,182
463,116,35,199,17,367
464,52,13,69,15,149
467,64,18,199,17,298
468,101,34,99,18,252
469,52,32,68,15,167
470,67,34,99,18,218
471,66,18,99,18,201
472,82,18,65,18,183
473,85,34,82,16,217
474,68,34,82,16,200
475,86,31,51,16,184
476,99,34,52,14,199
477,101,16,52,14,183
478,99,33,134,18,284
479,68,16,52,14,150
480,65,33,134,18,250
482,118,16,201,16,351
483,68,14,69,14,165
484,84,16,201,16,317
485,67,16,201,16,300
486,84,18,67,15,184
488,83,18,134,16,251
490,85,17,232,16,350
492,82,15,102,17,216
493,68,15,102,17,202
494,117,17,50,14,198
495,67,15,84,14,180
497,67,17,50,14,148
499,99,14,136,17,266
500,84,14,136,17,251
502,50,14,136,17,217
503,67,17,217,16,317
504,82,18,67,17,184
506,85,18,116,16,235
508,100,32,134,17,283
509,67,18,117,16,218
511,99,18,100,17,234
514,198,36,99,17,350
515,66,16,99,18,199
516,51,16,99,18,184
517,51,34,65,18,168
518,51,16,65,18,150
519,83,32,100,18,233
523,67,18,99,17,201
524,68,31,85,15,199
525,100,15,52,15,182
526,85,15,52,15,167
527,67,15,52,15,149
528,64,35,99,19,217
529,100,15,67,19,201
531,50,32,67,19,168
532,52,15,67,19,153
533,99,17,100,19,235
534,82,17,100,19,218
536,86,14,169,17,286
538,51,14,169,17,251
539,85,32,102,17,236
541,64,17,102,17,200
542,67,33,69,17,186
544,82,17,133,19,251
545,136,14,86,14,250
546,119,14,86,14,233
548,69,31,86,14,200
552,83,15,68,17,183
553,100,14,52,14,180
554,52,15,68,17,152
555,68,14,52,14,148
556,51,14,52,14,131
558,85,14,69,16,184
559,66,14,69,16,165
560,52,14,69,16,151
563,65,18,50,17,150
565,66,17,99,17,199
566,67,34,133,15,249
567,51,34,133,15,233
568,50,17,133,15,215
569,67,14,103,15,199
570,85,14,168,16,283
571,218,32,133,17,400
574,103,32,134,17,286
575,64,18,84,16,182
576,68,32,134,17,251
577,119,32,133,17,301
578,119,16,133,17,285
579,68,18,165,17,268
581,69,16,133,17,235
582,84,17,66,17,184
583,83,33,67,17,200
584,98,33,68,15,214
587,50,33,68,15,166
588,66,34,84,17,201
589,85,34,67,16,202
590,67,34,67,16,184
591,67,17,67,16,167
594,84,17,149,17,267
595,67,17,149,17,250
596,67,33,66,15,181
597,52,33,66,15,166
598,50,17,66,15,148
599,99,17,167,17,300
600,867,31,301,18,1217
601,299,17,52,14,382
603,66,19,99,17,201
604,68,33,117,16,234
605,84,33,133,17,267
606,67,33,133,17,250
607,102,16,100,17,235
608,66,33,100,17,216
609,300,16,67,18,401
610,66,34,66,17,183
612,67,33,85,14,199
613,50,33,85,14,182
614,152,14,67,16,249
615,166,16,84,17,283
616,98,34,67,16,215
619,902,16,65,17,1000
620,99,34,67,18,218
622,67,34,67,18,186
624,51,16,67,18,152
626,84,17,100,15,216
627,66,17,100,15,198
628,50,17,100,15,182
630,169,31,119,15,334
631,101,16,87,15,219
632,68,32,87,15,202
633,82,35,52,15,184
636,67,31,119,15,232
638,502,31,150,18,701
639,51,36,67,16,170
640,52,15,67,16,150
641,65,17,166,18,266
642,67,36,66,15,184
643,64,18,66,15,163
645,53,31,99,18,201
646,52,15,99,18,184
647,99,16,301,18,434
649,166,17,83,17,283
650,66,33,100,17,216
653,166,17,69,14,266
655,69,17,83,17,186
656,100,34,69,14,217
658,66,34,69,14,183
660,83,17,65,18,183
661,66,17,65,18,166
662,168,34,65,17,284
666,99,34,65,17,215
667,68,16,64,18,166
668,65,34,65,17,181
669,85,30,86,18,219
672,64,35,133,18,250
674,65,35,98,18,216
676,52,18,98,18,186
677,86,33,82,17,218
678,535,31,52,16,634
679,52,33,82,17,184
680,149,17,167,18,351
684,532,33,68,15,648
686,152,16,100,15,283
687,84,34,165,16,299
688,165,33,150,17,365
690,68,32,100,15,215
691,83,34,133,15,265
692,930,37,100,17,1084
693,51,34,133,15,233
694,66,33,150,17,266
695,66,17,150,17,250
698,99,34,50,17,200
699,533,17,50,16,616
700,100,34,116,16,266
701,548,33,134,18,733
702,165,35,134,15,349
703,302,17,216,16,551
705,151,33,132,19,335
707,52,31,52,16,151
708,99,33,132,19,283
709,65,18,134,15,232
710,83,16,132,19,250
714,66,34,65,19,184
717,67,17,216,16,316
718,152,14,118,16,300
719,102,16,66,17,201
720,65,35,66,17,183
721,67,16,66,17,166
722,66,32,118,16,232
723,101,16,67,17,201
724,53,14,118,16,201
725,66,16,67,17,166
726,66,34,50,16,166
728,51,17,50,16,134
729,83,33,134,18,268
730,67,33,134,18,252
731,67,16,134,18,235
732,50,16,134,18,218
734,51,16,67,16,150
735,101,16,116,18,251
737,67,16,116,18,217
738,83,17,166,17,283
739,167,18,100,17,302
741,100,13,54,14,181
742,66,31,54,14,165
743,68,13,54,14,149
744,64,37,100,17,218
745,65,18,100,17,200
746,85,14,200,19,318
747,67,14,200,19,300
748,102,35,66,16,219
749,286,31,232,17,566
751,65,18,66,16,165
753,169,14,68,16,267
754,152,14,68,16,250
755,283,33,67,18,401
757,65,18,68,13,164
758,85,14,68,16,183
759,549,34,66,17,666
760,166,33,118,16,333
761,283,34,65,17,399
762,149,16,118,16,299
764,167,35,98,17,317
766,165,32,151,17,365
768,50,16,118,16,200
769,150,34,65,17,266
770,151,16,65,17,249
771,169,13,69,16,267
772,68,32,151,17,268
774,85,16,65,17,183
776,98,33,103,14,248
777,68,13,69,16,166
778,283,17,50,16,366
779,298,17,84,18,417
780,65,36,116,16,233
783,302,15,84,18,419
784,2635,34,166,17,2852
785,86,31,152,15,284
786,98,34,66,17,215
787,100,16,66,17,199
788,99,33,50,16,198
789,67,16,66,17,166
790,148,16,152,16,332
791,100,17,84,18,219
793,65,17,84,18,184
794,150,18,67,16,251
795,67,16,152,16,251
796,85,15,84,18,202
797,69,15,84,18,186
798,550,18,135,14,717
800,100,36,67,14,217
801,298,19,98,17,432
803,67,18,67,14,166
804,298,35,100,15,448
805,52,32,99,17,200
806,52,16,99,17,184
808,165,35,98,17,315
809,299,16,133,19,467
810,537,28,52,16,633
812,98,35,98,17,248
814,166,32,83,18,299
816,534,35,66,17,652
817,52,31,100,16,199
818,66,35,100,15,216
819,85,32,83,18,218
820,66,32,83,18,199
822,67,33,133,19,252
823,150,33,66,16,265
825,66,19,400,17,502
826,83,18,135,14,250
827,84,33,66,16,199
828,50,18,135,14,217
830,98,34,202,14,348
831,167,21,62,18,268
832,301,33,100,15,449
833,68,15,202,14,299
836,70,35,62,18,185
837,86,28,52,16,182
839,101,16,69,14,200
840,63,34,69,14,180
843,66,16,68,15,165
844,552,17,65,17,651
845,50,35,66,17,168
847,84,33,67,15,199
848,68,33,67,15,183
850,100,33,65,17,215
851,52,34,148,18,252
852,548,17,101,17,683
854,67,32,199,19,317
855,82,33,101,15,231
858,299,34,65,17,415
859,100,18,166,17,301
860,167,32,68,17,284
861,284,33,66,16,399
862,50,18,166,17,251
863,84,33,65,18,200
864,68,33,65,18,184
866,66,32,68,17,183
867,51,32,68,17,168
868,299,35,66,17,417
870,551,17,100,14,682
871,66,17,67,15,165
872,68,34,65,17,184
873,66,17,65,17,165
875,51,33,66,16,166
876,3665,36,66,16,3783
877,533,18,132,17,700
879,302,14,134,16,466
881,551,34,233,18,836
883,85,31,119,14,249
885,302,17,100,14,433
887,66,18,84,14,182
888,298,33,67,17,415
889,52,32,117,17,218
891,167,17,66,16,266
893,964,17,136,17,1134
894,52,14,134,16,216
897,65,17,66,16,164
898,51,17,66,16,150
902,166,34,134,16,350
903,64,17,67,17,165
904,82,18,132,17,249
905,68,18,132,17,235
906,51,18,132,17,218
908,7585,17,65,19,7686
913,101,15,168,18,302
914,67,32,168,18,285
915,99,18,200,17,334
916,65,35,200,17,317
917,82,33,100,18,233
921,51,33,134,17,235
922,66,35,116,15,232
923,3234,15,68,16,3333
925,65,18,132,17,232
926,99,35,133,17,284
927,67,14,168,17,266
928,64,35,133,17,249
929,1036,15,67,17,1135
930,550,15,136,16,717
931,66,15,118,17,216
932,52,15,118,17,202
935,99,17,132,16,264
936,66,35,132,16,249
939,51,34,166,17,268
940,52,17,166,17,252
942,67,32,66,17,182
944,65,33,68,17,183
945,99,17,136,17,269
946,298,34,51,17,400
948,66,35,301,16,418
949,66,18,301,16,401
950,68,34,67,17,186
951,9584,35,65,17,9701
954,67,34,98,18,217
955,50,34,98,18,200
956,165,35,134,16,350
957,69,15,84,17,185
958,66,32,136,16,250
960,64,34,51,17,166
962,84,17,134,16,251
963,67,17,134,16,234
964,52,17,134,16,219
965,169,18,65,16,268
966,169,31,133,17,350
967,50,34,67,16,167
968,6332,35,115,18,6500
969,549,35,66,17,667
970,101,31,133,17,282
971,66,18,65,16,165
973,67,15,133,17,232
974,52,15,133,17,217
978,167,34,100,17,318
980,50,16,101,18,185
983,66,17,134,17,234
984,168,33,65,17,283
986,68,33,67,17,185
989,51,34,66,16,167
990,67,33,65,17,182
991,164,17,101,17,299
992,100,32,69,15,216
993,66,16,66,17,165
994,167,32,51,16,266
995,151,32,51,16,250
996,65,34,101,17,217
999,151,33,67,17,268
1001,52,32,51,16,151
1002,3918,14,68,18,4018
1003,84,33,67,17,201
1005,84,33,68,17,202
1006,51,16,67,17,151
1007,50,33,68,17,168
1008,50,16,68,17,151
1010,101,31,52,16,200
1012,85,14,52,16,167
1013,150,33,51,17,251
1014,51,14,52,16,133
1015,66,18,65,17,166
1016,1034,33,132,17,1216
1017,66,16,133,17,232
1018,301,34,132,17,484
1019,50,33,51,17,151
1020,165,33,184,16,398
1022,50,16,67,17,150
1023,3917,34,83,18,4052
1024,301,32,134,17,484
1025,167,16,101,16,300
1026,167,34,132,17,350
1027,167,16,132,17,332
1028,150,16,132,17,315
1029,66,17,134,16,233
1030,67,33,101,16,217
1031,101,16,132,17,266
1032,1033,33,69,17,1152
1033,68,16,132,17,233
1034,51,16,132,17,216
1035,50,32,100,17,199
1036,101,32,134,17,284
1037,65,18,65,17,165
1038,67,32,134,17,250
1039,52,32,134,17,235
1040,100,35,66,17,218
1041,50,33,101,17,201
1042,166,35,215,16,432
1043,167,18,215,16,416
1046,101,35,215,16,367
1048,66,35,215,16,332
1049,68,18,215,16,317
1051,100,16,134,17,267
1052,99,34,199,18,350
1053,66,16,134,17,233
1054,64,34,199,18,315
1055,68,16,199,18,301
1056,65,33,166,18,282
1057,83,33,51,16,183
1061,50,34,218,17,319
1062,67,33,169,16,285
1064,51,16,169,16,252
1066,1999,36,65,18,2118
1068,66,35,84,17,202
1069,67,17,84,17,185
1070,152,17,132,17,318
1071,68,16,267,16,367
1072,52,16,267,16,351
1074,68,33,132,17,250
1075,51,33,132,17,233
1076,99,35,83,17,234
1078,165,34,98,19,316
1079,83,32,133,17,265
1080,66,32,133,17,248
1082,67,34,99,17,217
1083,69,15,99,17,200
1084,28952,14,67,17,29050
1085,50,34,98,19,201
1086,85,16,65,19,185
1087,66,16,65,19,166
1088,99,33,69,17,218
1090,98,36,66,16,216
1094,301,33,101,17,452
1095,550,34,66,18,668
1096,52,17,65,17,151
1098,66,32,52,16,166
1101,166,16,51,16,249
1102,84,16,66,15,181
1103,68,16,66,15,165
1104,84,18,83,16,201
1105,101,16,51,16,184
1106,300,34,54,13,401
1107,149,32,68,16,265
1108,66,33,101,17,217
1109,101,16,199,21,337
1110,83,16,199,21,319
1113,52,32,68,16,168
1114,101,33,66,19,219
1115,83,33,66,19,201
1116,67,33,66,19,185
1117,168,14,167,17,366
1119,51,32,185,17,285
1120,99,33,167,17,316
1121,299,16,50,18,383
1122,66,33,167,17,283
1123,69,14,167,17,267
1124,67,34,66,18,185
1125,2000,16,67,16,2099
1126,533,35,66,19,653
1128,100,35,215,17,367
1129,63,16,67,17,163
1130,166,34,85,16,301
1133,3935,15,101,15,4066
1134,3919,15,101,15,4050
1135,300,17,398,18,733
1137,67,17,85,16,185
1139,50,34,82,17,183
1140,119,16,100,15,250
1142,166,35,398,18,617
1143,85,32,133,17,267
1144,51,16,100,15,182
1145,52,32,133,17,234
1146,170,30,101,19,320
1147,99,17,398,18,532
1154,65,35,66,19,185
1157,51,32,100,17,200
1158,167,33,133,18,351
1159,50,34,66,17,167
1160,66,32,135,16,249
1161,101,15,101,16,233
1164,66,33,133,18,250
1168,1984,16,66,18,2084
1171,533,16,81,17,647
1173,1982,35,82,19,2118
1176,67,32,84,17,200
1177,51,32,84,17,184
1178,551,17,99,17,684
1179,100,15,153,15,283
1180,97,36,65,18,216
1182,101,33,84,15,233
1183,1034,16,67,16,1133
1185,51,33,84,15,183
1187,166,16,85,16,283
1189,68,16,66,18,168
1191,51,33,100,18,202
1192,150,17,132,18,317
1193,82,31,102,17,232
1195,66,13,102,17,198
1196,83,17,132,18,250
1197,166,16,51,17,250
1198,166,33,103,14,316
1199,98,17,66,18,199
1201,66,17,66,18,167
1202,66,33,51,17,167
1203,149,34,114,18,315
1204,65,33,103,14,215
1205,66,17,103,14,200
1206,66,35,99,17,217
1208,167,33,68,16,284
1209,52,34,114,18,218
1210,69,34,80,18,201
1211,283,32,101,18,434
1213,51,31,135,16,233
1216,98,34,168,14,314
1217,66,18,68,16,168
1218,101,34,64,20,219
1219,67,17,168,14,266
1220,567,33,101,17,718
1221,170,14,67,18,269
1223,169,16,63,17,265
1224,66,32,101,18,217
1225,50,32,101,18,201
1226,64,34,67,18,183
1228,52,14,67,18,151
1229,148,36,83,16,283
1230,54,16,63,17,150
1231,64,17,68,16,165
1232,67,32,68,18,185
1233,165,16,199,17,397
1235,317,33,101,17,468
1236,49,19,83,16,167
1239,69,16,199,17,301
1240,299,34,83,18,434
1242,551,17,100,15,683
1243,99,17,150,17,283
1244,83,17,150,17,267
1245,66,17,150,17,250
1246,50,17,150,17,234
1247,117,33,101,17,268
1249,1017,32,52,15,1116
1250,66,33,101,17,217
1251,66,17,101,17,201
1252,50,17,101,17,185
1253,66,17,67,17,167
1257,51,33,50,18,152
1258,67,33,67,16,183
1259,100,18,131,18,267
1260,166,33,168,15,382
1263,67,16,66,16,165
1264,551,16,98,18,683
1265,550,35,98,17,700
1266,98,33,135,15,281
1267,551,33,65,17,666
1268,66,33,135,15,249
1269,152,31,67,17,267
1270,84,17,100,15,216
1273,52,34,149,16,251
1274,69,31,67,17,184
1277,168,16,66,18,268
1278,149,16,66,18,249
1281,1985,32,169,14,2200
1283,286,33,65,17,401
1284,100,33,285,16,434
1285,67,16,68,15,166
1286,67,33,285,16,401
1287,67,15,285,16,383
1288,51,15,285,16,367
1289,84,32,167,17,300
1293,67,16,98,18,199
1297,98,16,186,15,315
1298,68,30,186,15,299
1299,283,35,66,15,399
1300,149,16,67,17,249
1301,67,17,86,13,183
1302,65,34,200,16,315
1303,285,33,116,18,452
1304,2002,33,101,16,2152
1306,51,16,67,17,151
1307,69,13,52,15,149
1309,66,17,100,16,199
1310,67,32,68,16,183
1311,65,15,68,16,164
1316,534,35,115,18,702
1317,99,18,83,18,218
1318,99,33,85,15,232
1319,100,17,85,15,217
1322,66,34,51,15,166
1323,68,17,51,15,151
1325,51,34,66,17,168
1327,51,32,101,16,200
1328,151,16,101,15,283
1330,66,33,102,15,216
1331,66,16,102,15,199
1332,51,16,102,15,184
1335,549,34,101,15,699
1336,170,30,150,18,368
1337,66,18,98,17,199
1338,101,35,65,15,216
1339,85,35,65,15,200
1340,69,35,65,15,184
1341,86,30,150,18,284
1343,53,30,150,18,251
1344,100,32,116,18,266
1346,298,31,53,15,397
1347,167,18,165,19,369
1348,67,32,84,18,201
1349,50,32,84,18,184
1350,64,34,68,17,183
1352,83,18,165,19,285
1354,169,31,53,15,268
1355,83,31,67,19,200
1356,85,14,67,19,185
1357,301,17,66,18,402
1359,68,17,65,19,169
1360,67,31,53,15,166
1361,65,16,53,15,149
1362,67,34,67,18,186
1364,84,15,101,15,215
1366,85,16,68,15,184
1367,66,16,68,15,165
1368,85,16,133,20,254
1369,66,16,133,20,235
1371,67,17,66,18,168
1373,65,18,66,20,169
1374,67,33,53,13,166
1375,50,33,53,13,149
1376,66,33,99,18,216
1378,86,13,66,18,183
1379,70,13,66,18,167
1380,53,13,66,18,150
1381,99,15,69,17,200
1382,51,17,100,17,185
1384,66,36,98,17,217
1385,167,15,68,14,264
1386,100,31,102,14,247
1388,69,31,102,14,216
1389,51,31,102,14,198
1391,68,15,68,14,165
1392,65,33,67,18,183
1393,99,17,267,15,398
1394,51,16,67,18,152
1395,166,17,66,15,264
1396,100,33,101,15,249
1397,51,32,169,14,266
1398,166,35,66,16,283
1399,100,17,66,15,198
1400,282,16,101,16,415
1402,51,17,66,15,149
1403,81,35,66,16,198
1405,66,17,66,16,165
1407,65,20,81,16,182
1408,101,35,68,15,219
1409,52,31,118,16,217
1410,1032,34,66,18,1150
1411,67,19,68,15,169
1412,81,16,101,16,214
1413,52,31,101,16,200
1414,50,16,101,16,183
1415,69,18,97,18,202
1416,165,35,66,16,282
1418,52,16,66,18,152
1419,66,16,51,17,150
1421,65,17,101,16,199
1422,84,17,66,16,183
1423,150,32,101,16,299
1424,51,17,66,16,150
1428,98,33,134,17,282
1429,52,32,101,16,201
1430,65,33,134,17,249
1431,65,17,134,17,233
1432,65,34,50,18,167
1433,1033,18,67,15,1133
1434,52,15,50,18,135
1436,68,34,400,14,516
1438,167,32,201,17,417
1440,300,32,102,14,448
1441,84,33,67,15,199
1442,66,33,67,15,181
1443,101,15,201,17,334
1444,67,32,201,17,317
1446,50,15,201,17,283
1447,67,17,200,16,300
1448,101,32,134,16,283
1449,166,16,102,14,298
1451,68,15,134,16,233
1453,168,17,65,18,268
1454,82,16,102,14,214
1455,149,34,66,15,264
1456,168,31,101,18,318
1457,66,18,68,14,166
1460,551,16,52,15,634
1461,152,32,52,17,253
1462,68,31,101,18,218
1464,65,35,165,18,283
1465,535,15,166,18,734
1469,167,15,152,15,349
1471,285,32,119,15,451
1475,164,17,52,15,248
1477,100,16,132,18,266
1478,2000,34,51,17,2102
1480,68,32,52,15,167
1481,65,17,52,15,149
1482,166,34,52,15,267
1483,68,15,65,18,166
1484,150,16,52,15,233
1487,1016,31,167,18,1232
1488,65,34,52,15,166
1489,99,18,67,15,199
1490,1033,34,66,18,1151
1491,66,18,67,15,166
1492,69,32,166,18,285
1493,68,15,166,18,267
1494,550,18,65,17,650
1495,1985,33,66,15,2099
1496,67,31,68,17,183
1497,99,16,66,18,199
1499,299,18,66,17,400
1500,65,34,83,15,197
1501,167,15,67,18,267
1502,100,35,134,17,286
1503,50,32,235,17,334
1505,100,15,67,18,200
1507,550,32,69,14,665
1508,51,15,67,18,151
1509,66,17,68,17,168
1512,169,33,99,18,319
1513,168,16,99,18,301
1514,85,16,98,17,216
1515,86,33,65,17,201
1516,102,33,99,18,252
1518,66,33,99,18,216
1520,66,32,67,18,183
1521,67,15,67,18,167
1523,65,18,65,17,165
1524,67,32,101,15,215
1525,534,14,168,17,733
1526,51,16,101,15,183
1528,65,34,67,17,183
1529,66,17,67,17,167
1531,66,17,67,16,166
1533,283,33,134,18,468
1534,67,34,232,18,351
1535,299,17,66,18,400
1536,67,32,69,14,182
1538,66,34,68,15,183
1540,165,33,134,18,350
1542,300,36,98,17,451
1543,52,33,164,18,267
1544,166,34,66,18,284
1545,52,31,167,18,268
1546,64,33,134,18,249
1548,64,34,66,18,182
1549,66,17,66,18,167
1550,67,34,66,18,185
1552,1019,17,99,15,1150
1553,51,32,168,17,268
1554,100,36,98,17,251
1556,66,36,98,17,217
1557,84,31,333,19,467
1558,52,18,98,17,185
1560,100,34,68,15,217
1561,299,17,117,16,449
1563,102,17,65,18,202
1564,285,14,167,18,484
1565,68,17,65,18,168
1566,51,17,65,18,151
1568,2000,35,65,15,2115
1569,51,31,50,17,149
1570,101,31,52,14,198
1571,68,18,83,14,183
1572,81,17,52,14,164
1573,1984,33,65,18,2100
1576,1031,33,68,18,1150
1579,167,16,51,17,251
1582,53,15,66,17,151
1583,51,33,66,18,168
1585,149,33,66,16,264
1586,38351,17,364,18,38750
1590,51,17,150,17,235
1591,150,33,102,15,300
1592,100,34,51,17,202
1593,65,17,85,17,184
1596,284,17,99,15,415
1597,168,18,264,19,469
1600,167,34,67,14,282
1601,52,33,167,14,266
1603,150,34,99,15,298
1604,67,32,135,15,249
1606,66,34,67,14,181
1607,66,18,67,14,165
1608,83,17,99,15,214
1609,51,34,99,15,199
1611,302,15,50,19,386
1613,50,34,116,16,216
1615,148,35,82,17,282
1616,150,16,82,17,265
1617,100,17,67,19,203
1618,97,35,82,17,231
1619,82,35,82,17,216
1621,85,32,67,17,201
1623,103,15,50,19,187
1624,101,33,66,18,218
1625,3917,34,99,17,4067
1626,149,16,200,17,382
1629,84,30,200,17,331
1630,99,34,51,16,200
1632,151,16,201,15,383
1633,67,16,51,16,150
1634,81,16,68,18,183
1635,67,16,68,18,169
1636,85,16,201,15,317
1637,7768,17,99,15,7899
1639,66,18,65,17,166
1640,2001,33,267,18,2319
1641,68,14,67,19,168
1642,52,14,67,19,152
1643,302,14,70,15,401
1644,284,14,70,15,383
1645,64,17,118,15,214
1647,299,19,115,17,450
1648,53,15,67,17,152
1649,100,18,98,18,234
1653,50,32,102,15,199
1654,1032,35,66,16,1149
1655,285,33,132,19,469
1657,67,14,70,15,166
1658,52,14,70,15,151
1659,284,33,132,18,467
1660,166,34,67,16,283
1661,65,19,115,17,216
1662,101,34,50,17,202
1664,65,34,50,17,166
1665,67,17,50,17,151
1667,67,17,67,16,167
1668,51,17,67,16,151
1669,15434,16,335,15,15800
1670,101,33,132,18,284
1672,83,17,132,18,250
1674,50,17,132,18,217
1675,101,16,117,19,253
1677,66,16,117,19,218
1678,65,35,66,16,182
1679,50,35,66,16,167
1681,1033,17,85,14,1149
1683,66,16,165,18,265
1684,82,19,65,15,181
1685,51,35,65,15,166
1686,302,31,185,17,535
1689,2000,17,150,16,2183
1690,98,32,52,15,197
1692,150,15,101,16,282
1695,102,15,101,16,234
1696,66,33,101,16,216
1697,66,15,101,16,198
1698,103,31,185,17,336
1700,69,31,185,17,302
1701,284,31,152,16,483
1702,52,15,185,17,269
1703,100,18,67,16,201
1704,99,34,131,19,283
1705,166,16,66,19,267
1707,149,35,66,16,266
1708,51,17,131,19,218
1709,302,17,116,17,452
1710,67,32,66,19,184
1711,82,35,66,16,199
1712,83,17,66,16,182
1713,2002,18,83,16,2119
1714,1033,33,335,15,1416
1715,51,31,152,16,250
1716,85,16,165,18,284
1717,167,17,116,17,317
1718,50,16,165,18,249
1719,151,32,200,16,399
1720,285,17,133,17,452
1721,100,17,116,17,250
1722,65,36,116,17,234
1724,301,33,85,14,433
1726,52,16,200,16,284
1727,99,16,201,17,333
1728,64,34,201,17,316
1731,101,17,133,17,268
1732,1035,34,116,16,1201
1734,51,17,133,17,218
1737,99,17,85,14,215
1738,299,34,82,17,432
1739,65,17,85,14,181
1740,51,17,85,14,167
1741,50,34,166,16,266
1742,67,34,132,16,249
1743,51,34,132,16,233
1745,100,18,81,18,217
1746,101,30,203,16,350
1747,549,34,100,16,699
1748,2000,33,99,18,2150
1749,99,16,133,17,265
1751,99,18,82,17,216
1753,66,18,82,17,183
1754,51,18,82,17,168
1755,83,33,267,18,401
1756,100,33,135,16,284
1757,51,33,267,18,369
1758,66,33,135,16,250
1759,67,17,135,16,235
1760,101,32,167,18,318
1763,152,33,66,18,269
1764,100,35,84,15,234
1765,151,33,66,18,268
1766,65,35,84,15,199
1767,65,19,84,15,183
1768,68,33,66,18,185
1769,84,33,66,18,201
1770,51,17,66,18,152
1772,150,16,100,16,282
1774,66,33,100,17,216
1775,166,17,134,16,333
1777,66,16,100,16,198
1778,100,33,134,16,283
1779,3932,16,66,18,4032
1781,65,17,134,16,232
1782,100,33,67,16,216
1783,165,18,68,15,266
1785,84,33,102,15,234
1786,67,33,102,15,217
1787,50,33,102,15,200
1789,66,18,68,15,167
1791,533,16,169,15,733
1793,86,31,135,15,267
1794,68,31,135,15,249
1795,99,18,116,17,250
1797,166,19,65,17,267
1798,166,32,150,16,364
1799,551,34,83,16,684
1800,51,16,68,15,150
1801,51,32,51,17,151
1802,283,16,152,16,467
1803,65,19,65,17,166
1806,51,17,150,16,234
1807,299,19,51,16,385
1808,65,35,132,17,249
1810,68,31,118,16,233
1811,1982,36,230,19,2267
1812,66,36,65,17,184
1813,67,18,65,17,167
1814,67,31,152,16,266
1817,66,17,100,18,201
1818,65,33,169,15,282
1819,98,19,51,16,184
1823,551,33,68,15,667
1825,52,34,100,16,202
1826,167,32,68,16,283
1828,1035,33,399,17,1484
1829,84,32,51,16,183
1830,151,16,67,17,251
1832,66,32,68,16,182
1833,66,16,68,16,166
1834,64,35,67,17,183
1835,151,35,165,16,367
1838,168,34,133,19,354
1839,165,18,133,19,335
1840,167,33,119,15,334
1842,286,15,66,16,383
1843,100,18,133,19,270
1844,7767,31,67,17,7882
1847,65,18,119,15,217
1848,67,33,67,19,186
1850,66,34,101,15,216
1851,68,17,101,15,201
1852,100,34,66,16,216
1854,86,15,66,16,183
1855,50,34,66,16,166
1856,52,15,66,16,149
1857,51,34,99,17,201
1858,68,32,67,17,184
1859,115,33,99,17,264
1860,66,34,82,18,200
1861,86,33,99,17,235
1862,66,33,99,17,215
1863,84,33,99,18,234
1864,100,34,65,18,217
1865,100,18,65,18,201
1866,66,34,65,18,183
1867,84,32,99,17,232
1868,67,32,99,17,215
1869,99,16,117,17,249
1870,99,33,84,17,233
1872,83,15,84,17,199
1873,66,15,84,17,182
1875,67,15,102,15,199
1876,83,18,99,17,217
1878,84,17,101,15,217
1879,149,35,67,16,267
1880,1985,16,66,17,2084
1881,85,32,50,18,185
1882,1034,31,69,16,1150
1883,51,32,50,18,151
1884,66,35,67,16,184
1885,85,33,399,17,534
1886,150,15,200,19,384
1887,52,33,399,17,501
1888,50,18,399,17,484
1889,51,34,64,17,166
1890,67,31,200,19,317
1891,2001,17,65,18,2101
1892,50,15,200,19,284
1893,51,33,51,15,150
1894,97,33,170,15,315
1895,65,16,101,16,198
1896,66,33,170,15,284
1897,150,33,169,14,366
1899,66,19,134,15,234
1900,69,32,52,15,168
1901,150,35,132,18,335
1902,170,33,234,14,451
1904,84,15,100,17,216
1905,83,35,132,18,268
1906,52,15,100,17,184
1907,51,35,132,18,236
1908,102,32,202,14,350
1909,150,32,98,17,297
1911,67,17,202,14,300
1912,65,35,264,20,384
1913,152,30,84,17,283
1914,99,35,100,14,248
1915,52,32,98,17,199
1917,85,30,84,17,216
1918,67,30,84,17,198
1919,153,31,66,20,270
1923,65,20,199,15,299
1924,84,17,66,20,187
1926,89,15,230,19,353
1927,87,30,69,16,202
1928,52,15,230,19,316
1930,86,14,68,15,183
1932,99,33,67,15,214
1933,101,17,67,15,200
1934,69,33,67,15,184
1936,51,17,67,15,150
1938,66,34,166,16,282
1940,284,15,167,15,481
1944,50,15,101,16,182
1945,68,17,432,16,533
1946,1018,17,67,15,1117
1948,101,34,131,18,284
1949,65,18,133,15,231
1951,66,18,131,18,233
1955,85,32,50,15,182
1957,97,17,68,15,197
1958,2000,34,200,16,2250
1959,66,17,68,15,166
1960,64,33,134,16,247
1961,65,15,134,16,230
1962,50,15,134,16,215
1964,68,33,66,16,183
1965,65,18,66,16,165
1967,285,32,100,18,435
1969,84,34,217,16,351
1970,1035,31,67,17,1150
1971,152,32,151,15,350
1972,285,16,68,15,384
1974,102,32,151,15,300
1975,51,35,66,16,168
1976,68,32,151,15,266
1978,101,32,100,18,251
1980,548,16,52,16,632
1981,51,32,100,18,201
1982,66,33,102,15,216
1985,67,16,68,15,166
1986,51,16,68,15,150
1987,50,33,100,18,201
1988,1017,17,67,17,1118
1989,167,16,66,17,266
1990,2001,33,51,18,2103
1991,167,16,83,17,283
1992,535,31,103,16,685
1993,66,16,100,17,199
1994,83,16,66,17,182
1997,84,32,51,17,184
1999,50,32,51,17,150
2000,66,35,131,18,250
2001,65,18,131,18,232
2002,3932,34,68,14,4048
2003,54,33,67,15,169
2004,51,17,67,15,150
2005,167,16,66,18,267
2006,50,16,65,18,149
2007,67,17,65,18,167
2008,150,16,66,17,249
2009,65,16,52,16,149
2010,99,34,66,17,216
2011,100,16,66,17,199
2013,534,16,185,17,752
2014,1034,34,66,17,1151
2015,1999,17,67,18,2101
2016,66,34,52,14,166
2018,152,14,167,17,350
2025,97,20,65,17,199
2026,103,31,67,17,218
2027,63,20,65,17,165
2028,69,31,67,17,184
2029,52,31,67,17,167
2030,100,33,65,18,216
2031,102,16,65,18,201
2033,82,33,67,17,199
2034,167,33,185,17,402
2035,168,16,185,17,386
2036,98,35,67,16,216
2037,99,17,67,16,199
2039,100,16,185,17,318
2040,84,16,185,17,302
2043,68,16,67,16,167
2045,66,17,67,17,167
2046,50,17,67,17,151
2047,151,33,100,15,299
2049,152,32,68,15,267
2050,67,35,65,18,185
2052,50,18,65,18,151
2053,85,32,68,15,200
2054,51,17,100,15,183
2055,51,32,68,15,166
2056,98,35,131,20,284
2058,65,35,131,20,251
2059,167,17,199,17,400
2060,68,33,66,17,184
2061,50,33,66,17,166
2062,50,18,66,17,151
2063,51,33,65,20,169
2064,2000,32,50,16,2098
2067,103,14,101,16,234
2068,85,14,101,16,216
2069,166,18,200,16,400
2070,52,14,101,16,183
2071,300,15,167,16,498
2072,67,34,66,17,184
2073,299,16,67,17,399
2074,101,32,85,16,234
2075,66,18,200,16,300
2078,301,33,65,19,418
2080,65,34,51,15,165
2081,101,16,67,16,200
2082,1035,33,151,15,1234
2083,101,15,167,16,299
2084,52,16,67,16,151
2085,67,15,167,16,265
2086,101,32,52,16,201
2087,99,16,52,16,183
2088,67,32,52,16,167
2090,167,33,219,18,437
2092,67,33,65,19,184
2093,2001,16,85,16,2118
2094,52,16,65,19,152
2095,51,32,52,17,152
2096,65,33,219,18,335
2097,64,17,219,18,318
2098,3934,32,66,16,4048
2100,84,18,150,18,270
2102,51,18,150,18,237
2103,548,33,52,16,649
2104,64,35,166,18,283
2105,99,18,51,18,186
2106,81,18,51,18,168
2107,152,29,118,16,315
2108,68,29,54,15,166
2111,169,14,152,17,352
2112,51,18,132,15,216
2113,52,29,118,16,215
2114,54,15,118,16,203
2115,100,14,152,17,283
2116,64,32,152,17,265
2117,68,14,152,17,251
2119,67,19,66,17,169
2121,99,17,85,14,215
2122,285,16,101,15,417
2123,284,34,67,15,400
2124,66,32,133,18,249
2125,68,15,133,18,234
2127,49,35,65,17,166
2128,165,34,101,15,315
2130,53,14,66,18,151
2131,283,36,163,17,499
2132,98,34,101,15,248
2133,64,16,52,16,148
2134,84,16,101,15,216
2135,168,17,151,15,351
2137,151,33,118,15,317
2138,52,16,67,15,150
2139,66,18,184,15,283
2140,170,30,169,14,383
2141,30717,32,68,16,30833
2144,66,36,163,17,282
2145,86,30,169,14,299
2146,69,30,169,14,282
2148,300,32,52,16,400
2149,101,15,199,18,333
2151,300,17,50,15,382
2152,301,33,68,15,417
2154,100,36,97,18,251
2155,65,16,68,16,165
2156,66,36,97,18,217
2157,85,32,65,18,200
2160,101,32,52,16,201
2161,51,33,199,18,301
2162,65,32,52,16,165
2163,2000,16,67,18,2101
2164,65,35,50,15,165
2165,84,33,68,15,200
2166,67,33,68,15,183
2167,51,33,68,15,167
2169,300,16,66,19,401
2170,50,15,67,18,150
2171,84,31,102,14,231
2172,68,31,102,14,215
2173,51,31,102,14,198
2176,283,14,68,16,381
2177,50,32,118,16,216
2178,102,32,50,16,200
2179,549,34,85,16,684
2180,1017,17,200,16,1250
2181,283,32,153,15,483
2182,101,33,52,14,200
2183,101,16,52,14,183
2184,65,33,52,14,164
2185,68,16,52,14,150
2186,50,16,52,14,132
2187,166,17,65,18,266
2188,50,16,133,19,218
2190,166,33,87,16,302
2191,67,18,64,19,168
2192,101,32,153,15,301
2193,82,32,153,15,282
2194,68,32,153,15,268
2195,101,14,87,16,218
2197,68,14,87,16,185
2198,83,17,85,15,200
2199,67,17,85,15,184
2200,153,15,335,15,518
2202,1035,33,134,15,1217
2203,51,34,99,17,201
2204,52,16,99,17,184
2205,1032,16,202,16,1266
2206,99,34,85,16,234
2207,150,32,84,15,281
2208,65,34,85,16,200
2209,82,35,97,19,233
2211,86,32,84,15,217
2212,69,32,84,15,200
2213,51,32,84,15,182
2215,68,16,50,15,149
2216,97,34,102,15,248
2217,52,31,234,18,335
2220,82,17,68,15,182
2221,65,17,68,15,165
2222,51,17,68,15,151
2224,1984,17,84,17,2102
2225,66,19,67,14,166
2226,68,33,98,17,216
2227,51,33,98,17,199
2228,103,31,84,17,235
2230,67,31,84,17,199
2231,101,15,102,14,232
2232,65,33,102,14,214
2233,67,15,102,14,198
2234,64,34,68,14,180
2235,550,34,133,19,736
2237,66,17,200,16,299
2238,168,34,66,16,284
2239,85,32,51,17,185
2240,100,34,66,17,217
2242,100,34,66,16,216
2243,83,34,66,16,199
2248,100,33,133,17,283
2249,164,20,98,17,299
2250,1983,17,166,16,2182
2251,65,17,133,17,232
2252,67,33,67,18,185
2253,150,33,117,17,317
2254,166,33,134,15,348
2256,166,33,202,16,417
2257,85,33,117,17,252
2259,52,33,117,17,219
2260,298,35,166,16,515
2261,68,16,134,15,233
2262,99,34,133,19,285
2268,51,17,99,19,186
2269,51,33,333,17,434
2271,65,19,98,17,199
2272,165,33,67,18,283
2273,83,35,166,16,300
2274,165,35,67,16,283
2275,51,35,166,16,268
2276,67,31,68,16,182
2277,52,31,68,16,167
2278,99,35,67,16,217
2279,96,19,67,16,198
2280,64,35,67,16,182
2281,64,19,67,16,166
2284,102,32,51,16,201
2287,51,32,51,16,150
2288,67,34,51,16,168
2289,66,17,51,16,150
2290,83,16,101,15,215
2291,50,33,101,15,199
2292,51,16,101,15,183
2293,84,32,169,17,302
2294,51,16,67,15,149
2295,101,16,66,18,201
2296,85,16,66,18,185
2297,299,16,235,17,567
2298,82,17,119,14,232
2299,65,17,119,14,215
2300,101,34,51,14,200
2301,150,31,67,17,265
2302,66,34,51,14,165
2303,551,33,101,17,702
2308,100,32,235,17,384
2310,165,33,50,19,267
2311,299,17,132,17,465
2312,67,35,65,16,183
2313,83,32,66,17,198
2314,1984,17,65,16,2082
2315,51,32,66,17,166
2316,150,19,66,17,252
2317,99,17,102,17,235
2318,65,33,102,17,217
2319,67,17,102,17,203
2322,50,19,66,17,152
2323,102,17,132,17,268
2326,83,16,66,18,183
2327,285,33,84,17,419
2328,167,33,152,17,369
2329,84,32,66,16,198
2330,67,32,66,16,181
2331,50,32,66,16,164
2332,165,35,84,17,301
2333,101,16,152,17,286
2334,548,18,66,18,650
2335,98,17,119,17,251
2336,534,34,166,16,750
2339,84,33,84,17,218
2340,1035,34,98,16,1183
2341,153,33,165,18,369
2342,1986,16,133,15,2150
2343,50,33,100,17,200
2344,166,33,67,18,284
2346,51,17,98,18,184
2347,166,16,133,16,331
2348,51,17,165,18,251
2349,99,16,67,18,200
2352,65,34,133,16,248
2353,65,16,133,16,230
2354,151,15,68,17,251
2355,66,17,51,15,149
2356,100,33,68,17,218
2357,67,15,167,18,267
2358,84,15,68,17,184
2360,168,32,67,16,283
2363,65,18,66,18,167
2364,102,32,67,16,217
2365,51,34,166,16,267
2366,85,15,67,16,183
2367,52,32,67,16,167
2372,67,34,66,18,185
2373,83,33,166,16,298
2374,166,34,100,16,316
2375,85,33,233,15,366
2376,100,33,67,15,215
2377,285,32,51,16,384
2378,66,33,67,15,181
2379,68,15,67,15,165
2380,166,34,66,15,281
2381,67,17,100,16,200
2382,167,34,65,18,284
2384,51,16,133,15,215
2385,99,18,66,15,198
2387,65,18,66,15,164
2388,549,15,68,18,650
2390,50,18,65,18,151
2391,52,32,51,16,151
2392,167,34,98,16,315
2394,298,34,67,17,416
2395,547,34,69,14,664
2396,101,34,98,16,249
2397,52,34,66,18,170
2398,168,32,67,16,283
2399,534,14,134,18,700
2400,100,34,65,17,216
2401,85,34,65,17,201
2404,66,32,67,16,181
2405,68,15,67,16,166
2407,15465,16,134,18,15633
2408,65,34,67,17,183
2411,87,31,83,16,217
2412,70,31,83,16,200
2413,84,31,101,18,234
2414,98,33,68,18,217
2415,51,31,101,18,201
2417,284,32,167,16,499
2418,64,35,119,14,232
2419,82,33,67,19,201
2420,52,16,119,14,201
2421,169,14,134,18,335
2422,302,33,100,19,454
2423,168,17,65,16,266
2424,66,34,69,14,183
2425,68,16,69,14,167
2427,166,17,83,18,284
2428,86,17,65,16,184
2429,68,17,65,16,166
2430,52,17,65,16,150
2431,166,15,100,19,300
2432,101,33,133,19,286
2433,300,16,51,14,381
2434,65,33,133,19,250
2435,302,16,118,16,452
2436,84,15,100,19,218
2437,83,35,117,16,251
2438,166,32,87,14,299
2439,100,18,51,13,182
2440,50,18,117,16,201
2441,65,18,51,13,147
2443,168,16,118,16,318
2444,84,13,87,14,198
2445,102,16,51,14,183
2446,51,13,87,14,165
2447,68,16,51,14,149
2448,52,16,51,14,133
2449,299,16,99,18,432
2450,152,16,67,16,251
2451,67,14,201,16,298
2453,68,14,167,16,265
2454,52,14,167,16,249
2456,51,16,67,16,150
2457,66,16,133,15,230
2458,52,16,133,15,216
2459,551,30,53,16,650
2462,83,16,99,18,216
2463,551,32,101,15,699
2464,51,16,99,18,184
2465,67,18,83,19,187
2466,68,33,50,19,170
2468,300,34,67,15,416
2469,83,37,63,19,202
2471,50,37,63,19,169
2475,101,15,67,16,199
2476,82,15,67,16,180
2479,150,33,64,19,266
2481,149,34,67,16,266
2482,300,33,50,19,402
2483,151,30,53,16,250
2484,101,34,67,16,218
2485,1033,18,65,18,1134
2486,67,34,67,16,184
2487,51,34,67,16,168
2488,97,37,98,17,249
2489,52,30,53,16,151
2490,101,32,101,15,249
2492,83,16,101,15,215
2493,1018,32,68,16,1134
2494,170,34,64,18,286
2495,99,17,50,19,185
2496,-41619,0,0,0,-41619
2497,99,18,67,16,200
2498,168,31,102,16,317
2499,67,18,67,16,168
2500,68,34,64,18,184
2501,86,33,65,16,200
2502,167,35,66,16,284
2503,52,33,65,16,166
2504,67,31,102,16,216
2506,98,35,66,16,215
2508,100,33,68,13,214
2509,84,33,68,13,198
2510,102,33,99,16,250
2511,84,33,99,16,232
2512,167,33,52,16,268
2513,52,33,99,16,200
2516,533,32,51,17,633
2518,99,33,88,12,232
2520,64,33,88,12,197
2521,1017,34,118,15,1184
2522,154,12,86,14,266
2523,169,14,101,17,301
2524,1017,15,52,18,1102
2525,88,29,86,14,217
2526,152,17,65,17,251
2527,298,17,99,18,432
2529,68,14,101,17,200
2530,62,36,65,17,180
2533,50,31,66,18,165
2534,550,18,266,17,851
2535,165,17,99,18,299
2536,82,15,185,17,299
2537,65,15,185,17,282
2538,51,15,185,17,268
2539,65,16,68,16,165
2541,66,17,99,18,200
2542,102,32,51,17,202
2543,84,32,51,17,184
2544,84,16,51,17,168
2545,51,32,51,17,151
2548,65,35,66,16,182
2550,51,17,66,16,150
2552,67,34,66,17,184
2553,66,17,66,17,166
2554,66,34,84,15,199
2556,100,35,66,15,216
2557,67,16,52,15,150
2559,67,18,66,15,166
2561,51,32,68,16,167
2562,101,34,98,18,251
2563,99,19,98,18,234
2564,100,32,66,18,216
2566,68,32,66,18,184
2567,52,32,66,18,168
2568,66,33,51,16,166
2569,51,33,51,16,151
2570,65,33,69,16,183
2573,1032,17,67,18,1134
2574,51,16,132,18,217
2575,50,35,65,17,167
2577,51,31,118,18,218
2578,51,15,118,18,202
2580,65,32,52,18,167
2581,99,16,102,16,233
2582,51,15,52,18,136
2583,66,16,102,16,200
2584,84,18,82,16,200
2586,52,18,82,16,168
2587,300,18,133,17,468
2588,52,15,151,17,235
2589,100,16,335,15,466
2590,66,32,335,15,448
2591,82,33,51,17,183
2592,536,33,64,19,652
2593,7785,34,116,15,7950
2594,51,14,51,17,133
2595,67,15,52,14,148
2596,301,34,66,17,418
2597,82,31,51,16,180
2598,150,16,102,17,285
2599,50,31,51,16,148
2600,102,31,102,17,252
2601,66,18,133,17,234
2602,150,17,67,15,249
2603,548,35,133,17,733
2604,1020,15,101,15,1151
2606,83,17,67,15,182
2608,52,17,67,15,151
2609,52,33,68,15,168
2611,150,32,102,16,300
2612,67,34,64,18,183
2613,65,19,64,18,166
2614,100,32,102,16,250
2615,83,32,102,16,233
2617,51,32,102,16,201
2618,297,35,133,17,482
2619,85,33,64,19,201
2622,69,33,131,17,250
2623,84,31,100,17,232
2624,149,16,67,15,247
2625,103,17,332,17,469
2626,64,36,332,17,449
2627,297,18,67,15,397
2628,67,32,67,15,181
2629,51,32,67,15,165
2632,64,35,133,17,249
2633,1983,33,83,17,2116
2635,102,17,66,17,202
2637,85,31,135,17,268
2638,83,15,135,17,250
2639,52,31,135,17,235
2640,101,33,118,17,269
2641,165,18,68,15,266
2642,66,33,118,17,234
2644,102,33,68,15,218
2645,1034,18,67,14,1133
2647,83,32,67,18,200
2648,549,19,98,18,684
2649,102,17,65,17,201
2650,84,17,65,17,183
2651,69,17,65,17,168
2652,150,16,135,14,315
2654,552,15,51,18,636
2655,167,15,101,15,298
2656,300,33,64,17,414
2657,166,18,101,15,300
2658,51,16,135,14,216
2659,3917,32,84,17,4050
2661,68,15,101,15,199
2663,150,34,97,17,298
2664,102,33,100,16,251
2665,97,19,100,16,232
2666,284,16,167,18,485
2669,85,33,64,17,199
2671,53,33,64,17,167
2672,100,31,52,16,199
2673,52,33,183,16,284
2675,99,19,98,18,234
2678,83,16,167,18,284
2679,51,32,167,18,268
2680,536,32,65,20,653
2681,102,15,51,18,186
2683,67,15,51,18,151
2684,167,32,301,17,517
2685,298,16,51,18,383
2687,66,18,64,18,166
2688,51,18,64,18,151
2689,1982,34,51,16,2083
2690,99,35,65,17,216
2691,284,33,100,17,434
2692,99,33,99,17,248
2694,82,18,99,17,216
2695,64,18,99,17,198
2696,534,34,100,16,684
2697,166,18,67,14,265
2698,65,33,51,18,167
2700,65,34,51,17,167
2701,150,34,97,20,301
2702,551,17,101,15,684
2703,67,18,67,14,166
2704,51,18,67,14,150
2705,66,17,100,17,200
2706,551,17,65,19,652
2707,51,34,97,20,202
2710,100,31,102,15,248
2711,50,34,51,14,149
2712,97,34,68,15,214
2713,52,31,102,15,200
2714,85,14,68,15,182
2716,83,17,117,16,233
2717,165,17,134,16,332
2718,52,17,117,16,202
2719,66,16,84,16,182
2722,99,34,100,16,249
2723,167,15,101,15,298
2724,66,34,100,16,216
2726,550,17,99,18,684
2727,51,34,133,15,233
2729,166,17,65,19,267
2730,51,15,101,15,182
2731,67,17,101,15,200
2732,66,32,69,15,182
2734,1985,14,85,17,2101
2735,149,33,51,15,248
2736,50,17,65,19,151
2737,66,19,64,19,168
2738,69,31,119,16,235
2739,51,31,119,16,217
2741,50,33,51,15,149
2742,83,15,300,18,416
2743,1033,20,199,15,1267
2745,533,15,100,18,666
2746,51,15,186,17,269
2747,1015,34,51,16,1116
2749,301,16,52,14,383
2750,1020,16,66,16,1118
2751,67,15,67,17,166
2752,51,15,67,17,150
2754,50,15,52,17,134
2755,164,17,185,15,381
2756,67,34,65,18,184
2757,300,16,67,16,399
2758,52,17,65,18,152
2759,51,32,101,18,202
2760,99,34,52,14,199
2761,-46035,0,0,0,-46035
2763,84,34,66,17,201
2767,50,32,134,16,232
2768,52,14,134,16,216
2770,83,16,67,16,182
2771,81,33,100,18,232
2772,51,16,67,16,150
2774,51,15,100,18,184
2775,65,18,66,18,167
2776,168,33,67,15,283
2780,66,35,199,18,318
2782,549,17,167,17,750
2783,1036,15,68,17,1136
2784,85,19,62,19,185
2785,50,36,62,19,167
2786,30818,14,85,15,30932
2787,100,16,68,18,202
2788,67,31,68,18,184
2789,65,16,68,18,167
2790,62,34,52,15,163
2791,1016,33,85,17,1151
2792,99,33,103,15,250
2793,152,31,135,17,335
2794,68,33,103,15,219
2798,68,31,135,17,251
2799,66,15,135,17,233
2800,549,17,100,18,684
2802,68,30,68,17,183
2803,302,14,67,17,400
2804,287,14,67,17,385
2805,167,17,167,17,368
2806,82,16,66,16,180
2807,165,19,81,16,281
2808,169,30,51,16,266
2810,51,16,68,15,150
2811,65,17,167,17,266
2812,66,35,81,16,198
2813,65,19,81,16,181
2814,68,30,51,16,165
2815,52,30,51,16,149
2816,65,35,67,17,184
2817,84,32,52,15,183
2819,50,32,52,15,149
2821,151,30,166,17,364
2822,84,15,68,15,182
2823,2002,17,65,16,2100
2827,53,30,166,17,266
2828,100,33,153,15,301
2829,3917,33,199,18,4167
2830,62,33,153,15,263
2831,300,19,64,18,401
2832,65,34,119,15,233
2833,101,16,86,15,218
2834,100,34,52,15,201
2835,100,16,52,15,183
2836,67,34,52,15,168
2837,66,16,52,15,149
2838,167,35,64,18,284
2839,67,17,165,18,267
2841,68,15,68,17,168
2842,100,35,64,18,217
2844,66,35,64,18,183
2845,100,14,51,16,181
2849,50,33,85,17,185
2850,149,17,133,15,314
2851,98,18,64,20,200
2852,166,35,100,16,317
2855,283,34,67,17,401
2856,51,17,133,15,216
2857,167,17,184,17,385
2858,64,35,100,16,215
2859,98,19,66,16,199
2860,51,15,100,16,182
2861,149,33,118,17,317
2863,65,17,184,17,283
2865,52,33,67,15,167
2866,66,33,118,17,234
2867,283,32,103,14,432
2869,85,33,133,17,268
2870,549,17,167,18,751
2871,84,34,99,17,234
2872,101,34,200,14,349
2873,50,34,99,17,200
2874,67,34,200,14,315
2875,151,32,103,14,300
2876,100,33,168,16,317
2879,165,18,132,19,334
2880,82,15,103,14,214
2881,102,15,69,14,200
2882,84,15,69,14,182
2883,98,18,132,19,267
2885,100,18,65,15,198
2886,51,18,132,19,220
2887,66,18,65,15,164
2888,102,32,84,17,235
2889,52,33,65,19,169
2890,67,32,84,17,200
2891,285,32,151,17,485
2892,65,33,51,17,166
2893,103,14,67,16,200
2895,68,14,67,16,165
2896,52,14,67,16,149
2897,101,17,167,18,303
2899,64,17,167,18,266
2901,65,18,133,18,234
2903,167,17,67,18,269
2904,534,33,51,16,634
2905,301,17,67,16,401
2906,100,33,67,18,218
2907,99,17,67,18,201
2908,98,33,100,17,248
2909,67,17,67,18,169
2910,151,17,65,17,250
2911,299,18,132,18,467
2912,100,35,65,17,217
2913,67,17,100,17,201
2914,85,17,65,17,184
2916,52,17,65,17,151
2917,52,31,101,16,200
2918,100,34,150,16,300
2922,101,34,132,18,285
2924,168,32,84,16,300
2926,67,31,134,18,250
2927,52,31,134,18,235
2928,51,14,134,18,217
2930,83,16,84,16,199
2932,52,16,84,16,168
2934,65,33,134,16,248
2936,167,33,68,14,282
2937,102,17,65,16,200
2939,67,17,65,16,165
2942,67,33,68,14,182
2943,282,34,98,18,432
2945,50,34,200,16,300
2946,67,34,66,15,182
2947,284,33,85,16,418
2949,52,33,65,19,169
2951,533,16,66,18,633
2952,2001,32,65,18,2116
2954,166,33,85,16,300
2955,68,15,100,16,199
2957,302,16,66,16,400
2959,297,18,66,18,399
2960,67,33,85,16,201
2962,66,32,53,16,167
2963,100,18,99,15,232
2964,83,18,99,15,215
2967,1033,18,101,15,1167
2968,168,33,51,16,268
2972,66,33,66,18,183
2973,166,16,66,18,266
2975,534,15,83,16,648
2976,66,33,202,15,316
2977,102,16,66,18,202
2978,66,34,66,18,184
2979,82,35,65,16,198
2980,102,31,68,16,217
2981,151,34,98,19,302
2984,285,15,85,15,400
2987,50,34,98,19,201
2988,302,32,83,16,433
2989,167,16,101,17,301
2990,151,16,101,17,285
2993,168,14,53,15,250
2995,68,16,101,17,202
2996,52,16,101,17,186
2999,67,14,53,15,149
3000,1016,19,116,15,1166
3002,68,32,83,16,199
3003,82,34,49,16,181
3004,102,34,98,19,253
3005,551,35,66,17,669
3006,66,34,98,19,217
3008,83,16,67,19,185
3010,101,31,201,17,350
3011,50,36,101,14,201
3012,82,16,201,17,316
3014,167,33,68,17,285
3015,99,19,63,16,197
3016,101,30,202,15,348
3017,165,18,67,17,267
3018,149,18,67,17,251
3019,15450,33,66,15,15564
3021,66,16,68,17,167
3022,63,34,67,17,181
3023,65,18,67,17,167
3024,169,33,67,14,283
3027,85,35,100,14,234
3031,151,33,83,15,282
3032,168,33,99,17,317
3033,1032,18,200,16,1266
3034,100,33,83,15,231
3037,52,33,83,15,183
3039,52,33,99,17,201
3040,50,16,99,17,182
3042,83,15,100,16,214
3043,66,15,100,16,197
3044,165,35,82,19,301
3047,1016,34,66,16,1132
3051,65,19,82,19,185
3053,52,33,133,15,233
3054,52,16,133,15,216
3055,52,34,51,15,152
3056,67,34,116,15,232
3057,65,19,116,15,215
3060,99,33,69,14,215
3062,167,32,65,18,282
3063,99,15,133,18,265
3064,66,33,133,18,250
3065,69,15,133,18,235
3066,51,15,133,18,217
3067,51,36,166,15,268
3070,300,33,67,16,416
3071,84,32,218,18,352
3073,51,32,218,18,319
3074,65,36,182,18,301
3075,66,18,182,18,284
3077,551,31,67,17,666
3078,102,33,83,18,236
3080,150,14,67,16,247
3082,98,33,67,16,214
3083,166,17,85,15,283
3084,165,34,200,16,415
3085,68,14,67,16,165
3086,83,18,97,19,217
3089,97,18,200,16,331
3090,301,34,66,16,417
3091,65,18,200,16,299
3092,65,32,51,17,165
3093,51,32,51,17,151
3096,166,34,100,16,316
3097,285,32,69,17,403
3098,51,17,134,15,217
3099,67,15,132,17,231
3100,301,34,131,18,484
3103,82,34,66,16,198
3106,68,31,67,17,183
3108,65,35,101,17,218
3109,66,18,101,17,202
3110,534,31,66,17,648
3113,67,18,66,18,169
3116,69,32,67,15,183
3120,167,32,99,18,316
3121,65,17,68,14,164
3123,533,15,101,17,666
3124,282,19,64,19,384
3125,67,18,99,17,201
3126,68,32,99,18,217
3127,53,32,99,18,202
3129,85,32,117,15,249
3130,67,32,117,15,231
3131,53,32,117,15,217
3132,299,33,101,17,450
3134,64,34,132,17,247
3135,148,33,67,17,265
3136,66,35,64,19,184
3137,65,19,64,19,167
3138,85,15,66,17,183
3140,51,15,66,17,149
3141,102,14,168,17,301
3142,83,14,168,17,282
3143,148,36,82,16,282
3144,301,35,266,15,617
3145,153,31,101,17,302
3146,67,33,101,17,218
3147,65,16,101,17,199
3148,85,18,82,16,201
3149,86,31,101,17,235
3150,85,15,101,17,218
3151,52,31,101,17,201
3155,550,33,67,15,665
3156,286,15,65,18,384
3159,284,31,51,18,384
3160,549,19,98,18,684
3162,167,33,65,18,283
3164,82,15,53,15,165
3165,298,19,66,17,400
3166,102,33,65,18,218
3167,149,31,51,18,249
3168,67,33,65,18,183
3169,166,18,67,16,267
3170,53,15,65,18,151
3171,168,18,65,18,269
3172,67,31,51,18,167
3175,66,18,67,16,167
3177,98,19,66,17,200
3178,103,31,201,18,353
3179,66,19,66,17,168
3180,67,31,201,18,317
3181,549,35,99,17,700
3186,100,35,98,18,251
3187,1032,16,68,16,1132
3191,50,34,98,16,198
3193,67,18,66,16,167
3195,51,32,119,14,216
3197,150,33,68,18,269
3200,100,33,68,18,219
3202,66,33,68,18,185
3204,52,14,68,18,152
3205,166,17,99,17,299
3206,536,32,99,17,684
3207,283,34,99,16,432
3208,68,32,134,17,251
3211,166,17,233,19,435
3212,67,33,101,19,220
3213,65,17,101,19,202
3215,50,33,87,15,185
3217,301,15,68,18,402
3219,65,18,99,17,199
3220,50,18,99,17,184
3221,151,34,84,17,286
3222,54,15,99,16,184
3223,167,16,133,17,333
3224,66,33,99,19,217
3225,114,32,133,17,296
3226,1031,33,50,18,1132
3227,169,17,98,16,300
3228,67,32,133,17,249
3229,551,33,66,17,667
3230,66,33,68,18,185
3232,84,17,98,16,215
3234,302,32,233,17,584
3235,165,17,66,17,265
3236,68,32,236,14,350
3237,67,14,236,14,331
3238,64,34,99,17,214
3239,100,17,66,17,200
3240,66,33,66,17,182
3241,64,17,66,17,164
3244,66,33,68,16,183
3247,66,19,117,15,217
3248,84,17,233,17,351
3252,99,33,133,17,282
3253,66,18,100,16,200
3254,67,33,133,17,250
3256,165,33,52,15,265
3257,51,34,99,17,201
3258,100,33,85,15,233
3259,283,31,136,15,465
3260,67,33,85,15,200
3261,151,33,84,15,283
3263,51,33,52,15,151
3265,84,33,84,15,216
3267,84,32,168,17,301
3268,1034,35,99,13,1181
3269,166,18,66,17,267
3270,65,36,66,16,183
3272,84,15,136,15,250
3273,151,33,134,15,333
3277,50,33,99,16,198
3278,86,15,134,15,250
3279,101,18,64,17,200
3280,165,35,117,19,336
3281,67,18,64,17,166
3282,167,33,68,16,284
3283,149,33,68,16,266
3285,65,17,50,18,150
3286,64,35,117,19,235
3287,1016,35,65,18,1134
3288,68,33,68,16,185
3289,85,32,52,19,188
3296,169,33,199,16,417
3297,551,35,99,13,698
3298,66,32,134,15,247
3299,551,31,68,13,663
3300,63,35,66,15,179
3301,83,33,199,16,331
3302,83,17,199,16,315
3303,51,33,199,16,299
3304,51,17,199,16,283
3305,50,33,65,18,166
3306,66,33,133,16,248
3307,284,32,67,17,400
3308,66,32,101,16,215
3309,550,34,66,17,667
3310,65,34,152,15,266
3312,166,35,198,18,417
3313,536,15,84,16,651
3314,101,33,134,17,285
3315,285,31,68,13,397
3316,67,33,134,17,251
3317,151,35,67,14,267
3318,66,35,198,18,317
3319,86,32,67,17,202
3321,84,35,67,14,200
3322,102,32,66,17,217
3323,86,32,66,17,201
3324,67,32,66,17,182
3325,99,18,99,13,229
3326,67,35,99,13,214
3327,66,18,99,13,196
3328,98,33,134,18,283
3329,101,16,134,18,269
3330,66,33,134,18,251
3331,82,35,65,18,200
3332,64,35,65,18,182
3334,102,31,100,17,250
3337,82,34,66,17,199
3339,52,34,66,17,169
3341,68,15,84,16,183
3343,49,33,51,16,149
3344,166,34,133,17,350
3345,65,18,65,18,166
3346,68,32,67,18,185
3347,66,16,67,18,167
3351,550,32,67,17,666
3354,284,18,99,16,417
3356,285,16,99,16,416
3357,83,32,100,17,232
3358,550,18,65,18,651
3359,52,32,100,17,201
3360,66,33,84,18,201
3361,80,34,85,16,215
3362,99,33,52,16,200
3364,67,33,52,16,168
3366,67,35,99,16,217
3367,84,33,99,16,232
3369,52,33,99,16,200
3370,52,16,99,16,183
3372,67,32,166,16,281
3373,98,17,133,16,264
3375,149,32,67,17,265
3376,65,33,100,16,214
3378,166,33,135,15,349
3379,84,32,67,17,200
3380,67,32,67,17,183
3382,51,15,67,17,150
3384,99,35,65,18,217
3389,84,33,235,15,367
3390,167,34,50,15,266
3391,101,17,116,15,249
3392,533,34,131,17,715
3393,84,32,68,16,200
3395,51,32,68,16,167
3396,67,34,50,15,166
3397,67,16,50,15,148
3398,166,34,67,16,283
3399,51,34,183,19,287
3401,98,18,65,17,198
3403,166,19,99,16,300
3404,100,31,236,15,382
3406,536,32,67,15,650
3407,52,31,236,15,334
3410,67,35,131,15,248
3411,52,35,131,15,233
3412,52,19,131,15,217
3414,49,15,168,17,249
3415,66,17,232,17,332
3416,313,18,100,16,447
3418,1985,16,66,19,2086
3420,67,34,131,17,249
3421,51,34,131,17,233
3423,1034,16,66,17,1133
3424,548,18,134,18,718
3425,167,18,100,16,301
3426,66,32,85,17,200
3427,51,32,85,17,185
3428,51,15,85,17,168
3432,68,34,133,16,251
3433,51,34,133,16,234
3434,1018,16,67,16,1117
3435,52,32,67,15,166
3437,66,17,100,15,198
3439,99,19,85,15,218
3440,101,33,52,15,201
3441,65,19,85,15,184
3442,100,32,67,17,216
3445,168,17,66,16,267
3447,165,18,134,18,335
3448,166,33,101,18,318
3450,51,16,67,16,150
3451,64,17,66,16,163
3453,99,17,101,18,235
3454,67,33,101,18,219
3456,101,31,168,15,315
3457,51,35,66,18,170
3458,99,35,67,16,217
3459,101,17,67,16,201
3461,85,33,100,15,233
3462,84,15,100,15,214
3463,51,33,100,15,199
3464,53,15,100,15,183
3465,100,16,67,18,201
3466,99,34,51,15,199
3467,81,34,51,15,181
3468,66,34,51,15,166
3469,50,34,51,15,150
3470,66,33,68,17,184
3471,83,33,52,15,183
3472,67,33,52,15,167
3473,50,33,52,15,150
3474,101,32,133,17,283
3475,51,35,65,18,169
3476,534,34,165,18,751
3478,52,15,133,17,217
3480,65,34,66,17,182
3481,148,33,51,16,248
3482,150,16,51,16,233
3483,64,17,118,16,215
3486,150,16,67,16,249
3487,551,32,52,17,652
3488,51,16,51,16,134
3492,302,31,51,16,400
3493,51,33,202,14,300
3494,51,15,202,14,282
3495,99,16,136,14,265
3496,1999,34,52,16,2101
3497,65,16,136,14,231
3499,99,18,98,19,234
3500,67,34,98,19,218
3501,284,33,66,18,401
3502,69,33,65,19,186
3504,67,34,165,18,284
3505,167,16,151,17,351
3507,550,33,52,16,651
3508,98,34,151,17,300
3509,68,14,51,17,150
3510,165,32,52,17,266
3511,301,18,65,16,400
3512,51,16,151,17,235
3513,82,33,66,18,199
3517,68,14,52,17,151
3518,51,14,52,17,134
3522,52,17,132,16,217
3523,101,18,65,16,200
3525,66,18,65,16,165
3526,82,16,134,18,250
3527,150,33,66,19,268
3530,65,34,66,18,183
3531,66,18,66,18,168
3533,51,33,66,19,169
3537,49,33,52,16,150
3538,168,33,99,17,317
3539,67,15,133,16,231
3540,52,15,133,16,216
3541,166,16,84,17,283
3542,102,33,99,17,251
3543,65,18,233,17,333
3546,67,32,84,17,200
3547,99,17,51,17,184
3548,149,17,132,17,315
3549,100,16,200,16,332
3551,149,35,99,16,299
3553,51,34,132,17,234
3554,51,17,132,17,217
3555,100,17,99,16,232
3556,84,17,99,16,216
3559,164,18,68,14,264
3561,1017,34,232,18,1301
3562,548,18,233,16,815
3563,98,18,68,14,198
3564,100,32,135,15,282
3565,283,32,85,16,416
3566,68,32,135,15,250
3569,50,36,132,15,233
3571,83,32,68,15,198
3572,68,32,68,15,183
3573,82,35,65,18,200
3574,282,17,83,15,397
3575,50,35,65,18,168
3576,67,33,117,16,233
3577,65,18,117,16,216
3578,100,34,51,16,201
3582,66,33,151,15,265
3583,169,15,51,15,250
3584,67,34,66,16,183
3587,50,34,83,15,182
3588,51,17,83,15,166
3590,100,32,101,17,250
3591,65,18,233,16,332
3592,66,32,101,17,216
3593,1016,34,132,16,1198
3595,50,36,65,17,168
3596,68,32,67,16,183
3597,83,33,100,16,232
3598,101,34,199,17,351
3599,50,33,100,16,199
3602,67,33,68,16,184
3603,50,33,68,16,167
3604,67,33,51,16,167
3605,284,34,232,18,568
3606,165,34,52,16,267
3608,68,32,83,17,200
3609,52,32,83,17,184
3610,150,17,68,15,250
3611,51,32,51,17,151
3612,64,34,52,16,166
3614,83,17,68,15,183
3615,65,17,68,15,165
3616,51,17,68,15,151
3617,84,34,232,18,368
3618,102,32,66,19,219
3622,284,14,101,22,421
3623,2000,19,66,16,2101
3624,66,32,68,15,181
3626,101,33,66,18,218
3627,165,17,69,15,266
3629,68,17,66,18,169
3630,68,32,52,14,166
3631,64,17,52,14,147
3633,548,34,53,15,650
3635,51,32,101,22,206
3636,52,14,101,22,189
3637,2001,16,135,14,2166
3638,69,33,363,17,482
3639,84,31,67,17,199
3641,1985,32,68,14,2099
3642,86,12,65,19,182
3643,49,34,65,19,167
3644,53,12,65,19,149
3645,65,18,83,18,184
3646,84,15,101,18,218
3647,562,15,218,16,811
3648,50,15,101,18,184
3650,299,35,118,15,467
3651,50,34,132,16,232
3652,51,18,132,16,217
3653,167,15,219,15,416
3654,101,32,152,15,300
3658,301,33,65,17,416
3661,64,16,51,18,149
3664,66,35,118,15,234
3669,301,16,52,14,383
3672,67,33,65,17,182
3673,165,17,85,17,284
3674,86,14,67,16,183
3675,51,32,67,16,166
3676,1983,15,234,17,2249
3678,533,35,50,16,634
3682,85,16,52,14,167
3684,51,16,52,14,133
3685,168,16,100,18,302
3686,53,17,50,16,136
3688,301,33,68,14,416
3689,299,17,68,14,398
3691,164,17,68,16,265
3692,51,16,100,18,185
3693,300,17,50,16,383
3694,83,15,52,15,165
3697,66,17,68,16,167
3698,65,33,101,18,217
3699,67,15,101,18,201
3700,52,15,101,18,186
3702,68,33,68,14,183
3703,66,17,68,14,165
3705,51,33,66,19,169
3708,166,35,66,17,284
3709,1033,17,165,17,1232
3710,66,35,67,14,182
3711,150,31,100,17,298
3712,98,35,66,17,216
3713,52,32,101,17,202
3714,102,31,100,17,250
3715,149,32,67,16,264
3716,67,31,100,17,215
3717,52,31,100,17,200
3718,101,32,67,16,216
3719,85,32,67,16,200
3720,299,33,83,18,433
3722,52,15,67,16,150
3723,100,17,100,17,234
3724,82,17,100,17,216
3725,82,33,101,15,231
3726,50,17,100,17,184
3727,167,17,101,15,300
3728,67,35,66,15,183
3729,85,32,150,18,285
3731,52,32,150,18,252
3735,152,33,149,16,350
3736,67,32,51,18,168
3737,50,32,51,18,151
3739,67,19,66,16,168
3740,83,18,149,16,266
3741,150,33,201,17,401
3742,1035,34,200,16,1285
3744,66,32,84,16,198
3745,51,32,84,16,183
3746,98,34,67,17,216
3750,151,18,100,14,283
3751,65,16,233,18,332
3752,101,35,100,14,250
3753,83,35,100,14,232
3754,167,35,131,17,350
3755,50,35,100,14,199
3756,7768,32,52,17,7869
3757,99,17,99,18,233
3758,54,13,68,14,149
3760,100,32,50,17,199
3761,313,32,69,14,428
3762,100,32,118,16,266
3763,101,15,118,16,250
3766,64,35,165,17,281
3768,99,34,67,16,216
3769,66,16,169,14,265
3770,67,34,67,16,184
3771,100,16,66,17,199
3772,66,33,66,17,182
3774,101,32,69,14,216
3775,284,32,185,17,518
3777,82,36,64,17,199
3780,68,33,99,16,216
3781,168,16,183,17,384
3782,69,31,68,16,184
3783,151,32,185,17,385
3784,64,33,138,16,251
3785,536,16,66,16,634
3786,64,35,183,17,299
3788,285,17,200,16,518
3789,1985,31,51,16,2083
3791,1999,17,51,17,2084
3792,165,35,99,17,316
3793,167,17,99,17,300
3794,1984,16,166,18,2184
3795,53,31,83,17,184
3796,284,17,68,16,385
3797,51,31,269,16,367
3798,3931,33,66,18,4048
3800,66,34,200,16,316
3801,85,31,84,17,217
3802,52,17,200,16,285
3803,151,32,68,16,267
3804,149,17,68,16,250
3806,1032,32,52,18,1134
3807,86,32,68,16,202
3808,51,18,65,19,153
3809,150,32,99,18,299
3810,85,15,51,16,167
3811,534,17,67,17,635
3812,50,15,51,16,132
3814,52,16,66,16,150
3816,51,16,99,18,184
3817,299,17,65,17,398
3818,66,33,83,16,198
3819,83,32,101,18,234
3822,65,33,68,18,184
3827,151,31,68,17,267
3829,101,17,65,17,200
3830,52,15,66,16,149
3831,151,34,67,15,267
3832,51,17,65,17,150
3833,97,18,51,17,183
3834,151,17,67,17,252
3835,1016,34,133,16,1199
3836,298,35,65,18,416
3837,51,34,67,15,167
3838,85,17,67,17,186
3839,69,17,67,17,170
3841,51,33,99,17,200
3842,67,34,65,17,183
3843,166,16,51,16,249
3844,67,34,64,18,183
3845,15459,34,133,18,15644
3846,51,17,64,18,150
3847,1985,32,100,17,2134
3850,3932,33,83,18,4066
3851,68,17,65,18,168
3852,68,32,68,16,184
3853,1016,36,148,17,1217
3854,51,16,68,16,151
3855,49,33,51,18,151
3857,285,32,151,17,485
3860,152,14,52,18,236
3861,165,18,67,18,268
3864,65,32,52,18,167
3865,1033,19,100,14,1166
3866,100,35,82,17,234
3867,64,18,67,18,167
3868,84,18,82,17,201
3870,152,17,266,16,451
3871,53,32,151,17,253
3873,84,33,266,16,399
3874,1998,33,69,15,2115
3876,151,17,131,17,316
3878,66,32,101,17,216
3879,65,17,101,17,200
3880,84,17,131,17,249
3881,67,17,131,17,232
3882,51,17,131,17,216
3883,167,17,86,14,284
3885,50,32,267,16,365
3886,65,34,66,16,181
3888,166,32,51,17,266
3890,66,34,52,14,166
3892,66,34,133,16,249
3893,51,34,133,16,234
3894,86,14,51,17,168
3896,52,14,51,17,134
3897,50,34,101,14,199
3899,149,31,51,16,247
3900,51,17,149,16,233
3901,82,34,82,16,214
3903,50,34,82,16,182
3905,150,36,148,17,351
3907,67,17,51,17,152
3909,1036,14,168,17,1235
3910,51,16,166,18,251
3911,85,31,99,18,233
3912,51,17,148,17,233
3914,166,35,166,16,383
3915,65,19,81,17,182
3917,51,30,51,17,149
3918,51,15,51,17,134
3919,68,14,135,16,233
3920,81,17,166,16,280
3922,103,32,68,14,217
3923,284,31,85,17,417
3925,1033,17,133,18,1201
3926,166,35,134,16,351
3927,51,33,66,16,166
3928,65,35,299,15,414
3929,51,35,299,15,400
3930,99,35,134,16,284
3931,53,31,51,18,153
3932,66,35,134,16,251
3933,168,16,99,18,301
3935,168,18,99,15,300
3937,102,16,99,18,235
3939,67,16,99,18,200
3942,85,17,66,15,183
3943,84,31,186,16,317
3944,51,17,66,15,149
3945,51,31,186,16,284
3946,64,35,51,15,165
3947,66,17,51,15,149
3950,67,34,68,17,186
3951,68,15,68,17,168
3952,51,15,68,17,151
3953,152,31,67,17,267
3955,65,18,64,18,165
3956,85,16,131,19,251
3957,51,33,131,19,234
3958,53,16,131,19,219
3959,166,16,67,17,266
3960,99,32,100,17,248
3961,65,17,84,14,180
3962,66,32,100,17,215
3964,67,33,67,17,184
3966,149,19,64,17,249
3967,68,14,168,17,267
3970,84,19,64,17,184
3973,167,18,65,18,268
3974,285,15,100,18,418
3975,100,17,51,16,184
3976,98,35,65,18,216
3978,84,18,65,18,185
3980,152,17,65,16,250
3981,52,32,68,16,168
3983,66,17,133,18,234
3984,65,35,65,16,181
3986,149,17,69,15,250
3987,52,31,100,18,201
3988,51,15,100,18,184
3990,65,33,69,15,182
3991,100,15,300,18,433
3992,285,16,66,16,383
3993,301,16,84,17,418
3994,66,36,98,18,218
3995,169,15,166,18,368
3996,51,18,98,18,185
3997,51,33,83,16,183
3999,300,17,65,18,400
4000,65,33,166,18,282
4002,300,31,101,18,450
4005,99,16,84,17,216
4006,51,16,66,16,149
4007,66,16,84,17,183
4008,282,17,252,15,566
4010,66,33,201,18,318
4011,151,31,101,18,301
4012,166,35,66,18,285
4014,51,17,65,18,151
4016,302,33,66,18,419
4019,85,32,252,15,384
4020,66,32,252,15,365
4021,52,32,252,15,351
4022,101,34,83,17,235
4023,67,16,66,16,165
4024,66,34,83,17,200
4026,100,35,64,19,218
4027,65,17,51,17,150
4028,165,35,66,18,284
4029,283,32,68,14,397
4030,67,33,66,18,184
4031,169,15,51,17,252
4032,51,17,66,18,152
4033,167,17,67,17,268
4034,64,35,66,18,183
4035,67,16,66,18,167
4036,66,33,51,17,167
4037,67,15,51,17,150
4042,1984,16,100,17,2117
4043,52,32,68,14,166
4045,84,33,67,16,200
4046,67,33,67,16,183
4047,85,34,97,19,235
4048,51,17,67,16,151
4049,51,34,97,19,201
4051,549,34,66,18,667
4052,67,32,51,15,165
4053,85,32,103,16,236
4055,167,19,64,17,267
4057,67,15,69,16,167
4058,84,17,131,16,248
4060,52,17,131,16,216
4061,283,33,117,16,449
4062,69,33,64,16,182
4063,67,17,64,16,164
4064,1031,33,51,19,1134
4065,550,34,134,18,736
4066,64,33,119,16,232
4067,65,16,119,16,216
4068,148,18,99,17,282
4069,50,34,135,15,234
4070,152,16,117,16,301
4071,66,18,51,16,151
4072,169,32,100,18,319
4073,52,34,99,17,202
4074,50,18,99,17,184
4075,52,33,117,16,218
4076,101,32,100,18,251
4077,51,34,83,16,184
4081,1017,34,67,17,1135
4082,83,16,83,18,200
4083,284,34,67,16,401
4084,150,18,83,16,267
4085,50,33,151,16,250
4087,99,18,83,16,216
4089,66,18,83,16,183
4090,50,18,83,16,167
4093,66,17,168,18,269
4094,83,16,134,18,251
4095,68,16,134,18,236
4096,84,17,67,16,184
4098,51,17,67,16,151
4100,1017,16,100,17,1150
4101,51,33,132,18,234
4103,85,31,68,18,202
4104,97,34,102,15,248
4105,51,31,68,18,168
4106,64,34,102,15,215
4107,98,18,68,15,199
4108,298,33,51,19,401
4109,99,16,99,18,232
4110,534,34,67,17,652
4111,68,16,99,18,201
4112,167,33,66,19,285
4114,101,32,85,14,232
4115,148,33,118,17,316
4116,1032,34,101,16,1183
4117,51,32,85,14,182
4119,68,15,66,19,168
4120,98,33,51,19,201
4121,50,33,118,17,218
4122,150,19,164,17,350
4123,100,15,51,17,183
4124,151,17,100,15,283
4127,84,32,100,15,231
4128,85,17,100,15,217
4129,83,32,100,17,232
4130,51,17,100,15,183
4131,51,32,100,17,200
4133,67,18,64,17,166
4135,1984,34,100,16,2134
4137,65,17,118,16,216
4138,98,34,50,16,198
4139,50,34,67,17,168
4140,100,33,101,16,250
4142,1036,31,68,17,1152
4144,84,16,68,16,184
4146,99,35,98,18,250
4147,99,19,98,18,234
4148,66,35,98,18,217
4149,65,19,98,18,200
4150,100,34,83,16,233
4152,151,16,100,17,284
4153,51,34,83,16,184
4154,83,15,51,16,165
4155,166,17,85,14,282
4158,150,16,52,14,232
4161,66,17,85,14,182
4162,50,17,85,14,166
4164,167,35,117,14,333
4165,84,32,100,19,235
4166,168,31,86,14,299
4168,301,33,134,16,484
4169,66,17,66,19,168
4170,550,18,116,15,699
4173,83,34,101,16,234
4175,50,34,101,16,201
4177,66,17,68,16,167
4178,67,33,202,16,318
4179,149,31,136,16,332
4180,52,14,202,16,284
4181,50,35,64,18,167
4182,549,17,52,17,635
4183,166,15,101,16,298
4186,64,35,101,16,216
4187,101,15,101,16,233
4188,66,33,101,16,216
4189,82,35,66,16,199
4190,53,15,101,16,185
4191,50,35,66,16,167
4193,66,17,66,17,166
4195,66,17,99,17,199
4196,165,34,51,15,265
4197,100,18,116,15,249
4198,66,35,116,15,232
4199,85,31,68,17,201
4201,52,31,68,17,168
4202,1999,36,65,16,2116
4203,66,17,51,15,149
4204,167,30,52,17,266
4206,68,32,66,18,184
4207,83,36,65,17,201
4208,102,30,52,17,201
4209,100,17,52,17,186
4212,101,34,65,19,219
4213,85,34,65,19,203
4214,82,17,65,19,183
4216,153,15,118,15,301
4217,51,33,84,17,185
4218,67,32,52,17,168
4220,49,16,52,17,134
4223,68,17,132,15,232
4225,298,17,101,14,430
4226,167,34,134,15,350
4227,164,19,134,15,332
4228,65,33,119,16,233
4229,152,33,66,16,267
4231,67,17,85,16,185
4232,67,34,134,15,250
4233,64,19,134,15,232
4234,84,17,66,16,183
4235,84,34,133,14,265
4236,50,17,66,16,149
4237,101,17,101,14,233
4238,167,33,66,16,282
4239,99,19,66,14,198
4242,67,33,99,16,215
4244,101,32,168,16,317
4245,151,34,100,16,301
4247,51,32,168,16,267
4248,65,34,201,16,316
4249,84,34,100,16,234
4250,100,32,234,15,381
4251,52,34,100,16,202
4253,99,18,166,16,299
4255,535,15,135,16,701
4257,51,34,100,15,200
4259,286,31,68,15,400
4260,101,33,66,15,215
4263,150,32,50,17,249
4264,67,32,66,18,183
4265,535,15,134,17,701
4266,65,34,150,17,266
4268,66,32,50,17,165
4269,535,17,65,17,634
4270,66,36,65,17,184
4271,68,18,65,17,168
4273,103,15,67,17,202
4276,82,17,67,17,183
4277,301,18,67,16,402
4279,64,18,118,16,216
4282,151,16,98,17,282
4283,52,32,135,16,235
4285,67,17,65,17,166
4286,67,33,98,17,215
4287,67,16,98,17,198
4288,100,35,67,16,218
4290,65,35,67,16,183
4291,65,18,67,16,166
4292,67,31,134,17,249
4293,51,31,134,17,233
4296,83,17,65,17,182
4297,84,31,69,16,200
4298,52,17,65,17,151
4300,98,35,67,15,215
4301,67,15,51,16,149
4302,65,35,67,15,182
4305,548,35,201,16,800
4309,168,15,68,17,268
4310,50,17,132,17,216
4312,67,32,65,17,181
4314,168,32,67,18,285
4315,168,15,67,18,268
4317,50,32,53,15,150
4319,64,19,65,16,164
4320,68,32,67,18,185
4321,69,15,67,18,169
4322,101,34,64,18,217
4324,149,14,68,18,249
4326,67,32,66,17,182
4328,52,14,66,17,149
4330,-72185,0,0,0,-72185
4331,64,16,86,15,181
4332,66,34,134,16,250
4334,168,34,51,16,269
4336,52,17,201,16,286
4337,52,32,118,16,218
4338,52,15,118,16,201
4340,65,34,51,16,166
4341,98,17,100,17,232
4343,101,16,66,17,200
4344,85,16,66,17,184
4346,102,31,100,16,249
4349,166,16,152,15,349
4350,166,35,98,19,318
4351,166,19,98,19,302
4352,82,15,135,15,247
4353,150,31,67,19,267
4354,100,35,98,19,252
4355,99,19,98,19,235
4356,67,35,98,19,219
4359,1983,33,166,19,2201
4360,51,15,67,19,152
4361,1018,34,117,14,1183
4363,167,15,102,18,302
4364,152,15,102,18,287
4365,270,13,200,18,501
4367,51,33,103,12,199
4368,67,33,102,18,220
4369,66,15,102,18,201
4371,50,35,165,19,269
4376,67,31,200,18,316
4377,553,33,65,16,667
4378,98,32,68,16,214
4379,152,34,65,18,269
4381,99,15,68,15,197
4385,85,34,200,15,334
4386,68,34,200,15,317
4387,151,30,102,15,298
4388,68,31,102,16,217
4389,167,18,100,15,300
4390,167,31,102,17,317
4392,149,15,102,17,283
4393,53,30,102,15,200
4394,286,17,65,16,384
4395,84,31,102,17,234
4396,65,31,102,17,215
4397,1034,16,100,16,1166
4398,51,15,102,17,185
4399,151,35,130,17,333
4402,302,33,51,16,402
4404,66,35,130,17,248
4406,166,32,68,17,283
4408,165,35,84,16,300
4409,51,36,129,17,233
4410,69,29,117,17,232
4411,547,35,66,17,665
4412,65,32,68,17,182
4414,61,35,84,16,196
4419,85,33,84,14,216
4421,51,33,84,14,182
4422,51,16,84,14,165
4423,148,34,101,18,301
4424,51,14,119,14,198
4425,532,16,85,15,648
4427,164,18,199,17,398
4428,52,14,102,15,183
4429,167,18,100,16,301
4431,98,18,199,17,332
4432,53,14,68,18,153
4433,65,18,199,17,299
4434,83,18,100,16,217
4436,50,18,100,16,184
4437,167,17,166,18,368
4438,1016,16,68,16,1116
4440,100,33,166,18,317
4441,1031,18,99,17,1165
4442,65,33,166,18,282
4444,68,33,133,18,252
4445,168,18,99,17,302
4446,150,18,99,17,284
4447,83,35,150,15,283
4449,102,18,99,17,236
4450,68,34,99,17,218
4451,67,18,99,17,201
4452,1033,34,50,16,1133
4454,49,16,85,15,165
4455,99,18,133,18,268
4456,99,32,69,14,214
4457,66,18,133,18,235
4459,67,15,69,14,165
4460,51,15,69,14,149
4461,151,32,51,18,252
4462,299,33,100,17,449
4464,167,35,65,18,285
4466,15461,15,68,15,15559
4468,50,14,51,18,133
4470,299,33,69,16,417
4471,83,32,51,15,181
4472,152,15,100,17,284
4473,50,32,51,15,148
4474,100,33,100,17,250
4476,65,33,100,17,215
4477,300,16,299,17,632
4478,84,15,169,16,284
4480,51,15,169,16,251
4482,69,31,52,16,168
4483,51,31,52,16,150
4484,67,33,69,16,185
4486,64,35,267,16,382
4489,285,33,66,15,399
4490,69,32,299,17,417
4491,167,15,68,15,265
4493,51,32,102,16,201
4494,82,16,68,16,182
4495,66,16,68,16,166
4496,85,15,68,15,183
4497,99,18,99,17,233
4499,66,18,99,17,200
4500,1034,35,64,17,1150
4501,65,18,65,17,165
4502,101,32,200,16,349
4503,166,17,52,16,251
4504,165,34,50,16,265
4506,99,32,52,16,199
4507,67,17,84,16,184
4508,98,34,50,16,198
4510,66,34,50,16,166
4511,66,17,50,16,149
4512,151,15,50,18,234
4514,52,16,101,15,184
4515,102,15,50,18,185
4516,50,16,69,15,150
4517,150,33,82,18,283
4518,300,34,50,15,399
4519,85,33,65,18,201
4521,83,33,82,18,216
4523,85,32,101,18,236
4526,65,35,199,17,316
4528,283,16,51,15,365
4530,50,18,166,17,251
4532,2000,32,234,17,2283
4533,51,34,50,15,150
4534,67,32,135,16,250
4536,2000,33,167,17,2217
4538,50,15,269,14,348
4539,100,16,51,15,182
4540,151,15,67,20,253
4541,66,16,51,15,148
4542,102,31,67,20,220
4543,86,31,67,20,204
4544,84,15,67,20,186
4545,2000,17,165,17,2199
4547,50,33,168,18,269
4548,98,35,198,17,348
4549,102,15,198,17,332
4550,169,32,150,18,369
4552,54,15,198,17,284
4555,63,19,98,18,198
4556,67,32,150,18,267
4557,52,32,150,18,252
4559,51,35,64,17,167
4560,50,17,64,17,148
4561,100,15,51,18,184
4565,100,18,99,15,232
4566,68,34,99,15,216
4569,301,17,198,18,534
4572,67,32,167,15,281
4573,284,32,67,15,398
4574,66,33,68,15,182
4576,1983,15,157,6,2161
4577,66,16,135,16,233
4579,86,31,69,16,202
4580,83,16,69,16,184
4581,51,31,69,16,167
4582,101,34,164,18,317
4583,150,34,67,16,267
4584,100,32,67,15,214
4585,85,32,67,15,199
4586,1034,35,51,14,1134
4587,83,34,67,16,200
4589,51,34,67,16,168
4590,99,34,67,17,217
4591,50,33,65,18,166
4592,168,33,116,16,333
4593,85,31,167,18,301
4594,83,15,167,18,283
4597,86,33,116,16,251
4600,53,16,116,16,201
4601,1994,33,51,14,2092
4602,149,16,118,15,298
4603,66,15,85,15,181
4606,66,34,118,15,233
4607,1016,32,51,16,1115
4608,51,16,118,15,200
4609,68,15,85,15,183
4611,101,15,167,16,299
4612,85,15,167,16,283
4613,67,15,167,16,265
4615,166,16,101,17,300
4617,100,15,67,16,198
4618,51,15,101,16,183
4619,67,15,67,16,165
4621,150,32,53,14,249
4622,167,34,118,15,334
4624,67,34,85,14,200
4627,51,32,53,14,150
4628,66,34,118,15,233
4629,50,34,118,15,217
4633,50,34,51,15,150
4634,67,33,67,16,183
4636,67,33,135,15,250
4637,73,15,135,15,238
4638,51,15,135,15,216
4639,51,34,134,18,237
4640,550,16,135,16,717
4641,150,33,66,17,266
4645,85,33,66,17,201
4646,50,18,51,14,133
4647,50,33,66,17,166
4649,284,33,67,16,400
4650,99,33,167,17,316
4652,83,16,167,17,283
4653,65,16,167,17,265
4655,68,16,100,15,199
4657,98,18,67,17,200
4658,299,35,132,18,484
4660,66,34,165,17,282
4661,2009,16,134,16,2175
4663,536,15,157,6,714
4664,67,32,51,16,166
4665,534,14,52,73,673
4667,67,18,100,16,201
4669,300,16,67,16,399
4670,100,35,132,18,285
4676,51,16,69,15,151
4677,101,18,65,17,201
4678,67,34,65,17,183
4679,67,18,65,17,167
4682,65,34,67,16,182
4683,67,16,67,16,166
4684,65,35,65,18,183
4685,150,33,157,6,346
4686,101,33,51,14,199
4687,51,32,134,16,233
4688,67,33,51,14,165
4689,594,31,100,17,742
4691,51,33,157,6,247
4694,51,14,52,73,190
4695,99,73,53,17,242
4697,66,73,53,17,209
4700,142,33,68,17,260
4701,73,6,64,16,159
4702,86,34,134,15,269
4705,83,34,67,15,199
4707,151,33,67,17,268
4708,85,17,99,16,217
4709,51,34,99,16,200
4710,51,17,99,16,183
4711,84,33,67,17,201
4712,67,33,67,17,184
4713,50,33,67,17,167
4715,52,33,51,14,150
4716,7765,34,100,16,7915
4717,51,34,83,15,183
4720,51,14,100,17,182
4721,67,17,102,30,216
4722,168,30,118,17,333
4723,151,30,118,17,316
4725,99,20,64,18,201
4727,65,20,64,18,167
4728,152,16,83,16,267
4729,51,30,118,17,216
4730,101,34,83,16,234
4731,68,16,267,18,369
4732,64,34,83,16,197
4733,67,16,83,16,182
4734,85,15,51,16,167
4736,51,15,51,16,133
4738,83,16,51,16,166
4739,3932,18,99,16,4065
4741,67,16,100,18,201
4742,66,33,67,18,184
4745,98,18,166,16,298
4746,66,34,166,16,282
4747,65,18,166,16,265
4748,166,35,83,16,300
4749,84,32,68,14,198
4750,301,32,102,15,450
4751,52,32,68,14,166
4752,99,35,83,16,233
4753,98,18,83,16,215
4755,67,18,83,16,184
4756,2016,18,99,17,2150
4757,51,32,51,16,150
4758,67,35,66,15,183
4759,85,32,85,15,217
4762,101,32,102,15,250
4763,284,33,54,29,400
4765,101,15,133,18,267
4766,85,15,133,18,251
4767,152,31,100,21,304
4768,149,16,100,21,286
4769,100,19,65,18,202
4770,102,31,100,21,254
4772,68,31,100,21,220
4773,50,31,100,21,202
4774,301,34,65,17,417
4775,171,47,67,16,301
4777,50,33,54,29,166
4778,52,15,54,29,150
4779,103,47,67,16,233
4781,299,17,117,15,448
4782,83,18,67,16,184
4783,99,18,166,17,300
4785,180,33,51,16,280
4787,85,34,65,17,201
4788,101,32,67,17,217
4792,99,34,117,15,265
4793,1032,17,67,16,1132
4795,66,17,117,15,215
4797,100,15,135,16,266
4798,300,34,51,15,400
4799,299,18,51,15,383
4800,150,15,101,16,282
4801,66,15,102,16,199
4802,50,15,102,16,183
4803,100,15,101,16,232
4806,102,32,119,15,268
4808,84,16,119,15,234
4809,150,34,100,16,300
4810,51,16,119,15,201
4811,68,16,51,17,152
4812,66,34,51,15,166
4813,66,18,51,15,150
4814,50,18,51,15,134
4819,65,18,133,16,232
4820,83,17,149,18,267
4821,49,34,149,18,250
4822,51,17,149,18,235
4825,67,14,69,16,166
4826,64,35,100,17,216
4827,67,16,100,17,200
4828,66,34,66,17,183
4831,66,18,83,17,184
4832,50,18,83,17,168
4833,84,32,168,17,301
4834,66,32,168,17,283
4835,285,32,65,17,399
4836,64,36,231,17,348
4837,49,36,231,17,333
4839,534,19,131,17,701
4840,67,35,66,17,185
4842,66,32,200,16,314
4843,282,33,52,16,383
4844,52,15,200,16,283
4845,299,18,67,16,400
4846,66,35,216,16,333
4847,66,18,216,16,316
4849,52,32,65,17,166
4851,65,17,67,16,165
4854,148,18,67,16,249
4855,169,16,66,18,269
4856,1035,33,67,15,1150
4857,66,17,52,16,151
4858,67,34,67,16,184
4859,102,16,66,18,202
4860,1033,35,150,17,1235
4861,69,16,66,18,169
4862,535,34,64,18,651
4863,101,17,67,17,202
4864,100,37,131,17,285
4865,65,17,67,17,166
4866,84,19,131,17,251
4870,168,34,64,18,284
4871,66,16,68,17,167
4872,97,34,267,16,414
4874,300,34,98,18,450
4875,84,34,64,18,200
4876,68,34,64,18,184
4877,52,34,64,18,168
4878,1985,15,132,18,2150
4880,65,33,51,17,166
4881,99,16,67,18,200
4887,83,34,98,18,233
4888,166,33,52,16,267
4889,84,34,64,18,200
4891,167,16,50,18,251
4893,166,16,67,18,267
4894,150,16,67,18,251
4895,68,14,52,16,150
4898,51,16,50,18,135
4901,50,34,100,17,201
4902,85,16,67,17,185
4903,101,15,101,15,232
4904,100,34,133,16,283
4905,69,15,101,15,200
4906,66,34,133,16,249
4907,100,16,67,16,199
4908,282,19,233,16,550
4909,66,16,67,16,165
4910,51,16,67,16,150
4911,51,34,66,16,167
4914,67,33,67,15,182
4915,151,34,233,16,434
4916,66,32,69,17,184
4917,51,32,69,17,169
4918,65,35,150,17,267
4920,67,34,233,16,350
4922,50,19,233,16,318
4924,65,35,133,17,250
4925,152,33,98,18,301
4926,66,33,100,17,216
4927,533,16,101,15,665
4928,85,17,66,17,185
4929,66,17,66,17,166
4930,50,17,66,17,150
4931,50,33,98,18,199
4933,65,18,151,14,248
4934,100,31,51,19,201
4935,166,19,97,22,304
4936,98,34,133,22,287
4937,101,16,133,22,272
4938,65,34,133,22,254
4942,51,19,97,22,189
4943,1983,34,165,18,2200
4944,52,14,268,16,350
4945,1034,17,66,16,1133
4946,66,31,85,17,199
4947,282,35,67,16,400
4948,303,33,198,18,552
4950,83,16,51,16,166
4952,52,16,51,16,135
4953,63,17,66,17,163
4954,67,33,101,15,216
4956,51,16,101,15,183
4957,100,16,118,15,249
4958,66,33,118,15,232
4959,283,32,132,19,466
4960,50,16,118,15,199
4961,49,35,67,16,167
4962,101,34,99,16,250
4963,84,34,99,16,233
4964,68,34,99,16,217
4965,52,34,99,16,201
4966,166,32,132,19,349
4968,98,35,99,16,248
4969,50,33,100,18,201
4970,64,35,99,16,214
4971,65,18,99,16,198
4972,68,32,132,19,251
4974,551,17,66,16,650
4978,51,16,118,14,199
4979,51,32,367,18,468
4980,99,35,131,21,286
4981,100,16,131,21,268
4982,84,16,131,21,252
4985,102,15,118,16,251
4986,53,14,99,21,187
4987,68,15,118,16,217
4988,82,18,67,18,185
4989,99,14,54,16,183
4991,65,14,54,16,149
4992,85,15,132,18,250
4995,84,33,100,17,234
4997,49,33,100,17,199
4999,65,18,132,16,231
5000,150,17,100,14,281
5003,101,17,100,14,232
5004,300,33,82,17,432
5006,52,17,100,14,183
5007,51,32,68,14,165
5008,167,34,98,17,316
5010,83,17,67,15,182
5013,52,33,67,15,167
5014,300,32,52,15,399
5015,84,33,99,16,232
5016,67,33,99,16,215
5019,84,32,101,15,232
5020,66,32,101,15,214
5021,51,32,101,15,199
5022,166,32,52,15,265
5023,67,17,99,17,200
5024,301,30,153,14,498
5026,167,33,69,16,285
5027,302,15,100,18,435
5028,151,15,69,16,251
5029,550,34,165,18,767
5030,66,34,167,16,283
5032,66,33,69,16,184
5033,84,33,134,18,269
5034,52,15,69,16,152
5035,50,33,134,18,235
5036,102,30,153,14,299
5037,298,19,132,16,465
5040,52,14,153,14,233
5042,165,32,134,18,349
5044,301,34,165,18,518
5045,66,15,234,16,331
5046,66,34,166,18,284
5047,50,34,166,18,268
5049,98,19,132,16,265
5050,52,14,134,18,218
5052,68,33,99,16,216
5053,83,34,133,16,266
5055,86,31,68,15,200
5057,53,31,68,15,167
5058,65,34,165,18,282
5060,99,34,133,19,285
5061,66,18,167,19,270
5062,68,34,133,19,254
5064,68,33,182,17,300
5065,52,33,182,17,284
5066,100,31,102,16,249
5067,3934,18,133,16,4101
5068,298,34,99,18,449
5070,64,36,82,17,199
5071,167,17,66,16,266
5072,86,47,99,16,248
5075,100,17,66,16,199
5076,3933,32,151,15,4131
5077,114,32,235,15,396
5078,167,32,67,18,284
5079,51,34,66,17,168
5080,99,34,99,18,250
5081,149,34,51,15,249
5083,50,34,99,18,201
5084,66,32,67,18,183
5085,50,32,67,18,167
5088,66,33,68,16,183
5090,51,16,68,16,151
5091,68,15,168,16,267
5092,51,15,168,16,250
5093,100,18,66,17,201
5094,285,16,67,16,384
5095,66,18,66,17,167
5096,102,33,66,16,217
5097,84,33,66,16,199
5098,1032,34,168,15,1249
5100,66,33,66,18,183
5101,51,33,66,18,168
5102,66,33,100,16,215
5103,298,19,66,17,400
5105,65,17,135,16,233
5108,51,16,67,16,150
5109,100,18,100,16,234
5110,67,34,100,16,217
5111,65,18,100,16,199
5113,301,16,100,17,434
5114,68,33,99,17,217
5116,67,33,66,17,183
5117,65,19,66,17,167
5118,66,32,67,17,182
5119,299,17,101,15,432
5124,51,16,51,16,134
5125,152,31,135,15,333
5126,166,34,101,15,316
5127,1017,33,67,18,1135
5129,167,16,68,15,266
5130,67,31,135,15,248
5133,66,17,101,15,199
5134,82,16,68,15,181
5135,166,18,83,17,284
5136,85,16,132,18,251
5137,100,18,65,18,201
5138,51,16,132,18,217
5139,99,18,83,17,217
5141,166,17,99,17,299
5142,99,33,51,18,201
5143,51,32,167,17,267
5144,65,33,51,18,167
5145,50,33,51,18,152
5146,166,33,152,15,366
5147,166,17,152,15,350
5148,84,18,65,17,184
5149,50,34,65,17,166
5150,51,18,65,17,151
5152,-85928,0,0,0,-85928
5154,98,34,168,15,315
5155,83,34,168,15,300
5156,166,34,68,15,283
5158,100,33,102,15,250
5161,101,15,68,15,199
5162,66,34,68,15,183
5164,83,18,166,19,286
5165,283,34,100,16,433
5166,68,34,99,16,217
5167,65,18,99,16,198
5168,100,33,86,30,249
5169,52,32,100,19,203
5170,84,15,86,30,215
5171,284,33,67,18,402
5172,99,33,67,15,214
5175,82,19,233,15,349
5176,167,34,66,16,283
5177,50,19,233,15,317
5179,99,18,67,16,200
5181,63,18,67,16,164
5182,67,34,66,16,183
5183,167,18,98,19,302
5184,50,17,66,16,149
5185,152,33,100,15,300
5187,66,17,52,15,150
5188,100,33,100,15,248
5189,65,18,98,19,200
5190,67,33,100,15,215
5191,84,34,165,17,300
5192,52,15,100,15,182
5193,166,19,233,16,434
5194,67,31,69,14,181
5196,50,15,69,14,148
5197,49,35,333,18,435
5198,1983,20,80,15,2098
5201,64,18,50,18,150
5202,66,33,51,17,167
5203,68,16,51,17,152
5204,550,15,100,17,682
5205,285,34,83,16,418
5206,50,18,65,17,150
5207,84,32,68,16,200
5208,100,34,67,16,217
5209,51,32,68,16,167
5210,99,34,100,16,249
5211,66,17,67,16,166
5213,84,33,99,18,234
5215,51,33,99,18,201
5216,67,33,151,15,266
5218,66,34,83,16,199
5219,84,32,167,18,301
5220,150,16,67,16,249
5222,66,34,100,16,216
5223,99,16,67,16,198
5225,67,16,67,16,166
5229,99,17,101,16,233
5231,100,15,100,17,232
5232,67,33,100,17,217
5233,68,15,100,17,200
5234,51,15,100,17,183
5235,67,18,98,18,201
5236,68,33,83,16,200
5238,50,18,83,16,167
5239,1017,33,69,14,1133
5240,65,33,152,16,266
5241,167,17,117,17,318
5243,150,34,83,17,284
5244,51,16,67,16,150
5247,300,17,66,16,399
5248,101,33,167,15,316
5249,85,33,167,15,300
5250,67,33,167,15,282
5252,51,16,167,15,249
5253,67,16,102,16,201
5256,50,17,67,16,150
5257,100,18,65,17,200
5258,102,33,66,16,217
5260,100,32,135,16,283
5261,68,17,66,16,167
5262,167,33,100,15,315
5265,66,17,67,16,166
5266,66,34,333,16,449
5267,285,33,100,16,434
5268,68,33,100,15,216
5269,84,34,66,15,199
5271,51,34,66,15,166
5272,67,32,168,16,283
5273,51,32,168,16,267
5274,167,33,100,16,316
5275,99,18,67,17,201
5276,66,33,67,17,183
5278,67,34,100,17,218
5279,50,34,100,17,201
5282,101,33,67,17,218
5283,50,34,66,16,166
5284,100,33,100,18,251
5286,67,33,100,18,218
5289,66,18,66,18,168
5290,67,33,51,15,166
5293,67,17,234,16,334
5294,66,33,68,15,182
5297,50,33,69,14,166
5298,83,18,133,16,250
5299,65,18,133,16,232
5300,50,18,133,16,217
5301,50,34,182,20,286
5302,50,19,182,20,271
5303,52,31,68,16,167
5305,50,33,51,16,150
5306,3916,15,84,17,4032
5307,67,18,65,18,168
5308,68,32,151,15,266
5310,100,38,80,15,233
5312,65,38,80,15,198
5313,167,15,51,18,251
5315,54,30,116,18,218
5316,1985,15,167,17,2184
5317,67,16,200,16,299
5318,63,32,51,18,164
5322,66,35,131,17,249
5323,66,18,131,17,232
5324,51,18,131,17,217
5325,166,16,167,17,366
5326,101,33,67,16,217
5327,84,33,67,16,200
5328,166,33,65,18,282
5329,1985,33,100,16,2134
5330,533,32,101,16,682
5333,66,18,67,15,166
5335,284,33,53,32,402
5336,102,31,68,16,217
5337,85,31,68,16,200
5338,67,31,68,16,182
5339,51,31,68,16,166
5340,65,34,168,19,286
5341,100,17,134,19,270
5342,65,34,134,19,252
5343,100,18,66,16,200
5346,1985,15,85,15,2100
5347,84,33,53,32,202
5348,100,34,83,17,234
5349,151,34,98,18,301
5350,66,34,83,17,200
5351,51,34,83,17,185
5353,51,19,64,17,151
5355,101,17,65,18,201
5357,64,17,65,18,164
5358,99,33,135,15,282
5359,99,15,135,15,264
5361,67,15,135,15,232
5362,65,34,101,15,215
5364,168,34,133,15,350
5366,68,32,100,18,218
5367,100,17,65,18,200
5368,166,35,99,18,318
5369,85,34,133,15,267
5371,151,33,66,18,268
5372,69,31,102,15,217
5374,65,35,99,18,217
5375,68,17,99,18,202
5378,152,16,84,15,267
5380,150,15,134,18,317
5382,66,34,84,15,199
5385,51,32,134,18,235
5387,67,15,68,15,165
5388,166,34,184,16,400
5389,98,19,167,15,299
5390,300,33,103,16,452
5393,65,17,51,16,149
5394,67,34,184,16,301
5395,69,16,184,16,285
5397,51,33,99,18,201
5400,101,31,152,15,299
5401,84,31,152,15,282
5402,151,16,134,16,317
5403,52,31,152,15,250
5406,64,35,134,16,249
5407,84,32,52,15,183
5408,52,16,134,16,218
5411,67,17,98,17,199
5412,51,17,98,17,183
5413,51,31,133,18,233
5415,99,16,66,18,199
5416,82,16,66,18,182
5417,66,16,66,18,166
5418,51,16,66,18,151
5419,150,33,99,18,300
5421,100,17,132,18,267
5422,168,32,51,17,268
5425,99,18,65,18,200
5426,102,32,51,17,202
5427,66,18,65,18,167
5428,99,33,167,17,316
5429,84,33,167,17,301
5431,50,33,167,17,267
5432,50,15,167,17,249
5433,1036,18,66,17,1137
5434,166,34,200,18,418
5435,1983,34,99,15,2131
5436,50,18,65,18,151
5438,66,32,102,15,215
5440,99,35,133,16,283
5442,66,35,133,16,250
5444,102,33,133,16,284
5447,51,33,133,16,233
5448,550,16,65,18,649
5449,100,18,100,15,233
5450,166,34,50,15,265
5451,67,18,100,15,200
5453,82,34,133,16,265
5454,66,34,133,16,249
5455,50,34,133,16,233
5456,549,17,101,15,682
5457,66,18,50,15,149
5458,68,32,151,15,266
5459,1033,17,233,17,1300
5460,66,33,85,15,199
5461,83,34,166,17,300
5462,50,15,85,15,165
5464,99,34,100,17,250
5465,81,34,100,17,232
5466,7768,33,67,15,7883
5467,83,33,100,19,235
5468,150,16,102,16,284
5469,167,16,69,16,268
5470,167,35,65,18,285
5473,66,16,102,16,200
5474,286,15,167,15,483
5476,66,35,65,18,184
5479,85,31,135,16,267
5480,301,34,66,16,417
5481,81,35,51,15,182
5482,65,35,51,15,166
5483,50,35,51,15,151
5486,51,17,101,15,184
5487,68,15,167,15,265
5488,-91528,0,0,0,-91528
5489,100,18,66,17,201
5490,167,33,66,18,284
5492,100,34,66,16,216
5493,-91610,0,0,0,-91610
5494,66,34,66,16,182
5495,166,17,66,17,266
5497,51,33,66,18,168
5498,301,33,99,18,451
5499,154,29,52,15,250
5500,66,33,66,17,182
5501,65,17,66,17,165
5502,84,19,64,17,184
5504,99,35,67,15,216
5505,100,18,67,15,200
5506,101,32,68,15,216
5508,313,17,134,17,481
5509,1018,32,67,16,1133
5512,100,33,66,18,217
5513,98,18,66,18,200
5516,83,17,233,17,350
5519,102,16,100,18,236
5521,67,16,100,18,201
5522,82,17,134,17,250
5523,1998,17,67,18,2100
5524,50,17,134,17,218
5525,67,15,101,17,200
5528,151,16,66,18,251
5531,168,15,84,17,284
5534,100,33,84,17,234
5537,67,15,84,17,183
5538,51,15,84,17,167
5539,151,32,68,16,267
5541,99,17,66,16,198
5543,165,18,67,16,266
5544,100,34,167,15,316
5545,52,32,68,16,168
5546,100,34,67,16,217
5547,99,18,67,16,200
5548,66,34,67,16,183
5549,84,34,99,15,232
5550,301,34,150,15,500
5551,50,34,99,15,198
5553,52,33,66,15,166
5554,100,33,66,18,217
5555,101,16,66,18,201
5556,83,16,66,18,183
5557,167,16,100,15,298
5558,100,32,100,18,250
5561,65,17,100,18,200
5563,169,16,66,18,269
5564,66,34,150,15,265
5565,85,32,67,16,200
5567,50,32,67,16,165
5568,166,33,134,17,350
5569,66,16,66,18,166
5571,64,18,84,16,182
5572,67,33,51,16,167
5573,65,17,51,16,149
5574,66,33,134,17,250
5577,68,16,100,17,201
5578,300,33,100,18,451
5580,51,18,65,17,151
5582,100,34,99,18,251
5584,82,17,99,18,216
5587,52,34,65,18,169
5588,99,34,83,17,233
5589,100,16,83,17,216
5590,65,34,83,17,199
5593,100,16,66,18,200
5594,52,15,100,18,185
5595,99,17,67,16,199
5599,150,34,250,16,450
5600,550,17,66,17,650
5601,152,31,68,16,267
5602,2001,33,67,16,2117
5604,298,37,101,15,451
5605,549,34,151,15,749
5608,65,34,185,16,300
5610,99,33,64,19,215
5611,51,34,97,19,201
5613,66,17,64,19,166
5614,67,32,86,16,201
5615,51,32,86,16,185
5618,64,37,101,15,217
5620,51,18,101,15,185
5621,154,31,66,17,268
5622,54,16,216,17,303
5623,167,17,66,17,267
5625,50,34,131,17,232
5626,99,34,66,17,216
5629,550,34,67,16,667
5630,65,32,51,17,165
5631,50,32,51,17,150
5632,66,34,119,16,235
5633,83,34,151,15,283
5635,50,34,151,15,250
5637,51,33,118,15,217
5638,100,35,99,16,250
5640,66,35,99,16,216
5641,85,32,67,16,200
5642,52,16,99,16,183
5643,284,33,66,19,402
5644,51,16,67,16,150
5645,547,34,51,17,649
5646,50,15,68,15,148
5648,67,34,132,18,251
5652,67,34,99,16,216
5653,51,34,99,16,200
5654,84,15,67,16,182
5655,84,33,66,19,202
5657,102,16,67,16,201
5658,65,34,67,16,182
5661,167,18,165,18,368
5663,67,16,67,16,166
5664,83,17,132,18,250
5665,151,34,116,17,318
5666,51,17,132,18,218
5667,283,33,67,16,399
5668,67,33,132,18,250
5669,51,33,132,18,234
5671,51,34,116,17,218
5672,67,31,168,16,282
5673,51,31,168,16,266
5675,151,33,67,16,267
5677,67,16,68,17,168
5678,51,16,68,17,152
5679,150,34,65,18,267
5680,51,17,165,18,251
5681,101,16,99,18,234
5682,68,33,99,18,218
5684,300,33,66,18,417
5686,83,18,65,17,183
5687,550,33,65,18,666
5689,52,31,135,16,234
5690,99,33,167,18,317
5691,550,32,168,17,767
5693,98,18,67,15,198
5695,83,34,99,18,234
5697,50,34,99,18,201
5698,151,16,66,17,250
5699,85,33,199,16,333
5700,50,17,66,18,151
5703,83,33,68,16,200
5704,50,16,66,17,149
5705,51,33,68,16,168
5706,99,35,65,16,215
5707,283,32,168,17,500
5708,166,35,98,18,317
5709,83,33,67,14,197
5710,68,33,67,14,182
5712,51,17,67,14,149
5713,151,33,67,16,267
5715,65,19,98,18,200
5716,67,33,65,18,183
5717,288,29,100,16,433
5719,302,17,66,16,401
5721,52,32,168,17,269
5722,83,17,84,20,204
5723,51,35,84,20,190
5724,1033,33,50,12,1128
5729,88,29,100,16,233
5731,55,29,100,16,200
5732,100,33,66,17,216
5733,99,17,66,17,199
5736,100,33,51,16,200
5737,66,17,50,17,150
5738,99,34,66,16,215
5739,167,16,68,15,266
5741,283,33,67,18,401
5742,50,17,66,16,149
5743,51,33,66,17,167
5744,51,16,66,17,150
5746,66,33,100,16,215
5748,534,32,67,17,650
5751,52,31,67,18,168
5752,533,34,83,12,662
5753,1034,16,83,17,1150
5755,284,32,134,16,466
5756,152,16,201,16,385
5757,84,32,51,16,183
5758,51,17,50,16,134
5759,151,34,99,16,300
5760,168,33,117,17,335
5763,84,34,99,16,233
5765,298,17,67,16,398
5766,100,32,134,16,282
5767,282,34,83,12,411
5768,67,32,134,16,249
5769,51,32,134,16,233
5770,283,16,50,12,361
5773,165,17,67,16,265
5774,85,17,65,17,184
5778,65,33,67,16,181
5783,51,33,50,12,146
5784,101,28,205,18,352
5785,283,34,67,17,401
5786,83,12,205,18,318
5787,166,16,51,16,249
5788,50,12,205,18,285
5789,84,34,200,17,335
5791,50,34,200,17,301
5792,289,16,67,17,389
5793,1017,33,101,16,1167
5794,66,34,67,18,185
5795,83,33,101,17,234
5796,66,33,101,17,217
5797,83,34,67,17,201
5798,51,16,101,17,185
5799,51,34,67,17,169
5800,85,16,99,17,217
5801,68,16,99,17,200
5802,52,16,99,17,184
5803,51,33,100,17,201
5804,84,16,67,17,184
5805,282,31,103,17,433
5806,50,16,67,17,150
5807,301,18,66,17,402
5808,66,34,100,16,216
5809,66,17,100,16,199
5811,1999,19,100,15,2133
5813,284,32,52,15,383
5816,549,18,51,16,634
5817,302,15,267,18,602
5818,285,15,267,18,585
5819,101,18,66,17,202
5820,83,18,66,17,184
5821,100,18,65,17,200
5823,82,33,150,16,281
5824,552,17,68,16,653
5826,66,32,52,15,165
5827,100,17,84,16,217
5828,99,33,267,18,417
5829,66,17,84,16,183
5830,66,33,267,18,384
5831,67,15,267,18,367
5832,52,15,267,18,352
5834,284,16,100,16,416
5835,50,32,84,17,183
5836,151,17,99,18,285
5840,50,17,133,18,218
5842,51,17,99,18,185
5843,150,34,100,15,299
5844,151,16,100,15,282
5845,65,18,51,16,150
5846,150,16,101,16,283
5848,50,16,100,16,182
5849,51,34,100,15,200
5850,51,16,100,15,182
5854,1984,15,51,15,2065
5856,67,34,66,16,183
5857,51,34,66,16,167
5858,150,17,83,17,267
5859,300,17,100,17,434
5860,299,33,67,17,416
5861,68,17,100,16,201
5862,166,33,83,16,298
5863,101,14,100,17,232
5864,50,17,83,17,167
5865,150,32,100,18,300
5866,51,14,100,17,182
5867,300,18,83,16,417
5868,166,33,67,17,283
5869,65,17,83,16,181
5870,51,17,83,16,167
5871,51,32,100,18,201
5872,65,34,100,17,216
5874,83,16,67,17,183
5875,50,33,67,17,167
5876,85,15,152,16,268
5877,68,15,152,16,251
5880,51,16,166,18,251
5881,167,16,232,18,433
5882,152,16,232,18,418
5883,51,31,100,18,200
5884,51,15,100,18,184
5885,167,16,134,16,333
5886,65,34,232,18,349
5888,552,15,66,18,651
5889,50,32,101,16,199
5890,284,16,67,16,383
5891,282,33,101,17,433
5892,83,17,68,13,181
5893,50,34,68,13,165
5894,168,32,101,16,317
5896,67,35,64,18,184
5897,66,19,64,18,167
5898,548,19,100,15,682
5899,52,32,217,16,317
5900,67,32,101,16,216
5901,534,17,67,15,633
5902,64,34,67,16,181
5903,85,33,101,17,236
5904,50,16,67,16,149
5905,100,17,67,17,201
5906,51,16,101,17,185
5907,66,17,67,17,167
5909,150,33,51,17,251
5910,50,17,51,16,134
5911,168,15,66,18,267
5912,67,33,84,17,201
5914,85,15,51,17,168
5918,51,15,66,18,150
5919,-98712,0,0,0,-98712
5920,51,17,233,15,316
5922,84,18,66,16,184
5923,150,33,67,15,265
5924,49,18,66,16,149
5926,51,17,234,16,318
5927,-98844,0,0,0,-98844
5928,66,33,67,15,181
5930,1034,33,267,17,1351
5931,52,33,67,16,168
5935,284,31,86,16,417
5936,101,33,165,19,318
5937,66,18,100,15,199
5938,67,33,165,19,284
5941,99,19,67,15,200
5942,100,33,232,16,381
5945,51,33,232,16,332
5946,165,36,66,16,283
5947,52,34,64,18,168
5948,67,31,86,16,200
5949,52,31,86,16,185
5951,69,14,53,16,152
5952,64,36,66,16,182
5953,301,16,132,18,467
5954,51,18,66,16,151
5956,53,16,65,16,150
5957,151,32,85,15,283
5959,299,15,133,18,465
5960,65,35,65,18,183
5961,83,32,85,15,215
5962,67,32,85,15,199
5963,168,15,51,15,249
5964,152,15,51,15,233
5967,67,16,132,18,233
5970,166,34,201,16,417
5971,65,18,99,17,199
5973,81,33,100,18,232
5974,51,15,133,18,217
5976,99,34,85,17,235
5978,84,17,85,17,203
5979,67,17,85,17,186
5980,51,17,85,17,170
5981,100,18,99,16,233
5982,66,36,99,16,217
5983,85,34,198,16,333
5985,86,32,67,15,200
5986,-99826,0,0,0,-99826
5987,99,18,267,17,401
5988,66,33,267,17,383
5989,98,18,65,17,198
5990,65,34,65,17,181
5992,67,33,166,16,282
5993,52,33,166,16,267
5994,-99961,0,0,0,-99961
5995,51,32,67,17,167
5996,99,33,101,17,250
5997,117,34,99,18,268
