序号,发送->接收,接收->转发,转发->接收,接收->处理,总计
1,215,16,52,14,297
2,174,16,52,14,256
3,168,16,52,14,250
5,135,16,52,14,217
6,118,16,52,14,200
7,101,16,52,14,183
9,68,16,52,14,150
11,35,16,52,14,117
12,34,33,19,14,100
13,16,33,19,14,82
14,88,11,134,17,250
15,73,11,134,17,235
16,55,11,134,17,217
17,36,11,134,17,198
18,33,34,100,17,184
19,11,34,100,17,162
22,68,32,301,16,417
23,49,32,301,16,398
24,35,32,301,16,384
25,33,17,301,16,367
26,32,34,267,16,349
27,17,34,267,16,334
30,117,16,134,16,283
33,66,16,134,16,232
34,117,16,69,16,218
35,100,16,69,16,201
37,65,16,69,16,166
39,34,16,69,16,135
40,16,16,69,16,117
43,16,34,117,16,183
44,34,32,85,16,167
45,19,32,85,16,152
46,151,20,13,16,200
47,135,20,13,16,184
49,101,20,13,16,150
51,70,20,13,16,119
52,52,20,13,16,101
53,202,16,166,17,401
54,186,16,166,17,385
56,148,16,166,17,347
58,169,32,100,17,318
60,133,32,100,17,282
61,119,32,100,17,268
62,101,32,100,17,250
63,83,32,100,17,232
64,67,32,100,17,216
65,50,32,100,17,199
67,20,32,100,17,169
68,32,32,68,17,149
69,16,32,68,17,133
70,32,35,33,17,117
71,15,35,33,17,100
72,35,33,146,30,244
73,16,33,146,30,225
75,32,16,113,30,191
76,17,16,113,30,176
77,100,29,30,15,174
79,68,29,30,15,142
81,33,29,30,15,107
82,17,29,30,15,91
83,29,30,15,16,90
84,30,31,16,16,93
88,16,16,86,14,132
89,151,34,81,17,283
90,135,34,81,17,267
92,98,34,81,17,230
93,82,34,81,17,214
94,68,34,81,17,200
96,35,34,81,17,167
97,169,14,52,17,252
98,152,14,52,17,235
100,132,33,85,17,267
101,117,33,85,17,252
102,150,17,81,15,263
103,133,17,81,15,246
104,117,17,81,15,230
105,103,17,81,15,216
106,86,17,81,15,199
108,183,16,85,16,300
109,164,16,85,16,281
111,131,16,85,16,248
112,114,16,85,16,231
113,99,16,85,16,216
114,81,16,85,16,198
115,65,16,85,16,182
116,48,16,85,16,165
117,33,16,85,16,150
118,18,16,85,16,135
120,0,35,50,16,101
122,182,20,31,18,251
124,148,20,31,18,217
125,132,20,31,18,201
126,116,20,31,18,185
128,82,20,31,18,151
129,65,20,31,18,134
130,48,20,31,18,117
131,32,20,31,18,101
132,17,20,31,18,86
134,31,35,47,19,132
135,34,17,47,19,117
136,151,16,18,14,199
138,116,16,18,14,164
140,85,16,18,14,133
142,50,16,18,14,98
143,34,16,18,14,82
144,17,16,18,14,65
146,399,35,215,18,667
148,367,35,215,18,635
149,348,35,215,18,616
151,316,35,215,18,584
152,300,35,215,18,568
153,283,35,215,18,551
154,267,35,215,18,535
157,216,35,215,18,484
158,200,35,215,18,468
159,734,17,16,18,785
160,718,17,16,18,769
161,701,17,16,18,752
162,682,17,16,18,733
163,667,17,16,18,718
164,651,17,16,18,702
165,636,17,16,18,687
166,618,17,16,18,669
168,584,17,16,18,635
169,567,17,16,18,618
170,551,17,16,18,602
171,533,17,16,18,584
172,516,17,16,18,567
173,500,17,16,18,551
174,483,17,16,18,534
175,466,17,16,18,517
177,433,17,16,18,484
178,417,17,16,18,468
180,384,17,16,18,435
181,366,17,16,18,417
182,349,17,16,18,400
183,334,17,16,18,385
184,317,17,16,18,368
185,301,17,16,18,352
188,249,17,16,18,300
189,233,17,16,18,284
192,185,17,16,18,236
193,166,17,16,18,217
195,133,17,16,18,184
196,118,17,16,18,169
197,99,17,16,18,150
198,152,16,17,16,201
199,134,16,17,16,183
200,119,16,17,16,168
203,68,16,17,16,117
204,51,16,17,16,100
205,35,16,17,16,84
206,17,16,17,16,66
207,16,33,83,16,148
208,198,34,117,16,365
209,181,34,117,16,348
210,165,34,117,16,332
212,132,34,117,16,299
213,116,34,117,16,283
215,82,34,117,16,249
216,84,16,117,16,233
217,66,16,117,16,215
218,84,17,83,16,200
220,167,34,82,17,300
221,149,34,82,17,282
225,81,34,82,17,214
226,64,34,82,17,197
228,31,34,82,17,164
229,83,33,16,17,149
230,67,33,16,17,133
231,51,33,16,17,117
232,150,16,84,17,267
233,150,35,49,17,251
234,168,32,17,17,234
236,135,32,17,17,201
237,119,32,17,17,185
238,102,32,17,17,168
239,85,32,17,17,151
240,84,16,17,17,134
242,51,16,17,17,101
243,34,16,17,17,84
245,16,34,32,18,100
246,84,16,84,16,200
248,50,16,84,16,166
249,33,16,84,16,149
250,18,16,84,16,134
252,35,33,148,18,234
253,35,17,148,18,218
258,16,18,82,18,134
259,34,17,49,18,118
260,16,17,49,18,100
261,34,16,34,15,99
262,17,16,34,15,82
265,18,33,16,17,84
266,84,15,18,15,132
267,469,17,1265,19,1770
268,451,17,1265,19,1752
269,435,17,1265,19,1736
270,418,17,1265,19,1719
271,400,17,1265,19,1701
272,385,17,1265,19,1686
274,352,17,1265,19,1653
275,334,17,1265,19,1635
276,319,17,1265,19,1620
277,301,17,1265,19,1602
279,269,17,1265,19,1570
281,233,17,1265,19,1534
283,202,17,1265,19,1503
284,350,18,1099,19,1486
287,299,18,1099,19,1435
288,283,18,1099,19,1419
289,264,18,1099,19,1400
290,250,18,1099,19,1386
292,217,18,1099,19,1353
293,199,18,1099,19,1335
294,181,18,1099,19,1317
297,133,18,1099,19,1269
298,168,33,1033,19,1253
299,151,33,1033,19,1236
300,133,33,1033,19,1218
301,116,33,1033,19,1201
302,99,33,1033,19,1184
304,66,33,1033,19,1151
307,17,33,1033,19,1102
309,135,14,901,19,1069
311,102,14,901,19,1036
312,85,14,901,19,1019
313,68,14,901,19,1002
314,232,35,699,19,985
315,215,35,699,19,968
316,198,35,699,19,951
317,181,35,699,19,934
318,167,35,699,19,920
319,300,17,567,19,903
321,264,17,567,19,867
322,250,17,567,19,853
324,215,17,567,19,818
325,198,17,567,19,801
327,165,17,567,19,768
329,132,17,567,19,735
330,115,17,567,19,718
332,83,17,567,19,686
334,49,17,567,19,652
335,31,17,567,19,634
336,15,17,567,19,618
337,17,34,649,18,718
338,117,17,549,18,701
339,101,17,549,18,685
341,68,17,549,18,652
342,50,17,549,18,634
343,32,17,549,18,616
345,17,33,516,18,584
346,151,17,381,18,567
347,135,17,381,18,551
348,118,17,381,18,534
350,83,17,381,18,499
351,484,32,51,17,584
353,449,32,51,17,549
354,435,32,51,17,535
355,416,32,51,17,516
356,399,32,51,17,499
357,383,32,51,17,483
360,333,32,51,17,433
361,318,32,51,17,418
362,300,32,51,17,400
365,251,32,51,17,351
367,216,32,51,17,316
369,182,32,51,17,282
370,167,32,51,17,267
371,165,17,51,17,250
373,130,17,51,17,215
375,99,17,51,17,184
377,65,17,51,17,150
378,49,17,51,17,134
379,33,17,51,17,118
380,15,17,51,17,100
381,85,32,117,18,252
384,32,32,117,18,199
386,32,33,84,18,167
389,484,33,33,20,570
390,468,33,33,20,554
391,449,33,33,20,535
392,433,33,33,20,519
393,418,33,33,20,504
394,401,33,33,20,487
395,384,33,33,20,470
396,366,33,33,20,452
397,350,33,33,20,436
399,317,33,33,20,403
400,302,33,33,20,388
401,283,33,33,20,369
402,267,33,33,20,353
403,248,33,33,20,334
404,232,33,33,20,318
406,201,33,33,20,287
407,184,33,33,20,270
408,166,33,33,20,252
409,149,33,33,20,235
410,132,33,33,20,218
413,266,18,82,16,382
414,250,18,82,16,366
415,232,18,82,16,348
416,217,18,82,16,333
417,200,18,82,16,316
419,166,18,82,16,282
420,150,18,82,16,266
421,133,18,82,16,249
424,81,18,82,16,197
425,66,18,82,16,182
426,49,18,82,16,165
427,34,18,82,16,150
428,199,34,50,19,302
429,184,34,50,19,287
430,166,34,50,19,269
431,151,34,50,19,254
432,218,19,279,17,533
434,185,19,279,17,500
435,168,19,279,17,483
436,152,19,279,17,467
437,135,19,279,17,450
438,117,19,279,17,432
439,101,19,279,17,416
440,84,19,279,17,399
442,50,19,279,17,365
443,34,19,279,17,349
444,38,31,248,17,334
445,19,31,248,17,315
447,34,15,217,17,283
448,31,36,181,17,265
449,35,16,181,17,249
450,152,18,114,18,302
451,132,18,114,18,282
452,116,18,114,18,266
453,102,18,114,18,252
454,266,34,616,16,932
458,201,34,616,16,867
459,183,34,616,16,849
460,165,34,616,16,831
461,151,34,616,16,817
463,118,34,616,16,784
464,101,34,616,16,767
465,84,34,616,16,750
466,68,34,616,16,734
467,150,34,517,16,717
468,132,34,517,16,699
469,1517,34,49,17,1617
472,1466,34,49,17,1566
473,1452,34,49,17,1552
474,1433,34,49,17,1533
475,1418,34,49,17,1518
476,1401,34,49,17,1501
478,1367,34,49,17,1467
481,1316,34,49,17,1416
483,1283,34,49,17,1383
485,1250,34,49,17,1350
486,1234,34,49,17,1334
487,1216,34,49,17,1316
488,1202,34,49,17,1302
489,1185,34,49,17,1285
490,1167,34,49,17,1267
491,1151,34,49,17,1251
492,1133,34,49,17,1233
493,1117,34,49,17,1217
494,1100,34,49,17,1200
495,1084,34,49,17,1184
496,1062,34,49,17,1162
498,1032,34,49,17,1132
499,1016,34,49,17,1116
500,999,34,49,17,1099
501,983,34,49,17,1083
502,967,34,49,17,1067
503,950,34,49,17,1050
504,935,34,49,17,1035
505,917,34,49,17,1017
507,883,34,49,17,983
508,867,34,49,17,967
509,850,34,49,17,950
511,817,34,49,17,917
514,767,34,49,17,867
515,750,34,49,17,850
517,717,34,49,17,817
518,700,34,49,17,800
524,600,34,49,17,700
525,584,34,49,17,684
526,568,34,49,17,668
527,552,34,49,17,652
529,517,34,49,17,617
530,500,34,49,17,600
531,483,34,49,17,583
533,450,34,49,17,550
534,435,34,49,17,535
535,416,34,49,17,516
536,400,34,49,17,500
537,382,34,49,17,482
538,366,34,49,17,466
540,332,34,49,17,432
541,317,34,49,17,417
542,301,34,49,17,401
544,267,34,49,17,367
545,251,34,49,17,351
546,233,34,49,17,333
547,216,34,49,17,316
549,176,34,49,17,276
551,151,34,49,17,251
552,133,34,49,17,233
554,101,34,49,17,201
556,67,34,49,17,167
557,51,34,49,17,151
559,16,34,49,17,116
560,34,32,17,17,100
561,35,16,17,17,85
562,32,34,34,15,115
563,33,17,34,15,99
566,133,33,17,15,198
567,118,33,17,15,183
568,99,33,17,15,164
570,67,33,17,15,132
571,51,33,17,15,116
572,67,32,153,15,267
573,50,32,153,15,250
575,18,32,153,15,218
576,17,15,153,15,200
577,33,18,232,17,300
578,18,18,232,17,285
579,267,15,52,16,350
580,249,15,52,16,332
581,233,15,52,16,316
583,201,15,52,16,284
584,182,15,52,16,265
586,150,15,52,16,233
588,117,15,52,16,200
589,100,15,52,16,183
592,83,15,18,16,132
593,68,15,18,16,117
594,51,15,18,16,100
595,34,15,18,16,83
597,33,16,16,19,84
598,18,16,16,19,69
599,16,35,17,14,82
600,16,19,17,14,66
601,83,35,16,17,151
602,64,35,16,17,132
603,47,35,16,17,115
604,150,18,150,18,336
606,117,18,150,18,303
607,99,18,150,18,285
608,82,18,150,18,268
609,84,32,118,18,252
613,86,31,184,18,319
615,83,33,151,18,285
616,152,16,83,18,269
617,133,16,83,18,250
618,116,16,83,18,233
621,84,32,51,18,185
624,32,32,51,18,133
625,166,16,16,17,215
626,150,16,16,17,199
627,132,16,16,17,181
628,118,16,16,17,167
629,101,16,16,17,150
630,83,16,16,17,132
631,67,16,16,17,116
633,35,16,16,17,84
634,18,16,16,17,67
637,17,33,18,16,84
638,33,34,16,17,100
640,34,33,33,18,118
641,16,33,33,18,100
643,17,33,84,17,151
644,18,15,84,17,134
645,15,35,49,17,116
648,17,16,16,17,66
650,150,16,117,16,299
651,134,16,117,16,283
654,83,16,117,16,232
655,67,16,117,16,216
656,100,32,83,16,231
657,84,32,83,16,215
659,166,16,85,16,283
660,150,16,85,16,267
661,133,16,85,16,250
662,232,33,49,19,333
663,216,33,49,19,317
664,200,33,49,19,301
666,216,17,34,17,284
667,200,17,34,17,268
668,435,32,251,16,734
669,418,32,251,16,717
670,402,32,251,16,701
671,384,32,251,16,683
672,368,32,251,16,667
673,350,32,251,16,649
674,334,32,251,16,633
675,317,32,251,16,616
676,301,32,251,16,600
677,284,32,251,16,583
678,268,32,251,16,567
679,251,32,251,16,550
680,234,32,251,16,533
681,219,32,251,16,518
684,169,32,251,16,468
685,150,32,251,16,449
686,135,32,251,16,434
687,119,32,251,16,418
688,100,32,251,16,399
694,266,33,117,16,432
695,250,33,117,16,416
696,234,33,117,16,400
697,217,33,117,16,383
698,201,33,117,16,367
700,167,33,117,16,333
701,250,34,33,17,334
703,216,34,33,17,300
704,199,34,33,17,283
705,182,34,33,17,266
706,166,34,33,17,250
707,150,34,33,17,234
711,82,34,33,17,166
712,66,34,33,17,150
713,49,34,33,17,133
714,32,34,33,17,116
715,16,34,33,17,100
716,84,16,17,17,134
717,83,34,18,16,151
718,66,34,18,16,134
720,85,16,16,16,133
721,116,33,84,17,250
722,100,33,84,17,234
723,83,33,84,17,217
725,98,18,84,17,217
726,82,18,84,17,201
728,50,18,84,17,169
729,33,18,84,17,152
730,17,18,84,17,136
731,185,32,101,18,336
732,167,32,101,18,318
733,151,32,101,18,302
736,101,32,101,18,252
737,132,16,68,18,234
738,115,16,68,18,217
740,84,16,68,18,186
743,33,16,68,18,135
744,17,16,68,18,119
745,84,30,153,17,284
747,134,17,84,17,252
748,116,17,84,17,234
749,101,17,84,17,219
750,82,17,84,17,200
751,64,17,84,17,182
752,153,17,151,14,335
753,133,17,151,14,315
754,118,17,151,14,300
755,101,17,151,14,283
756,84,17,151,14,266
758,49,17,151,14,231
759,33,17,151,14,215
760,35,34,117,14,200
762,34,32,85,14,165
763,18,32,85,14,149
764,150,17,14,17,198
765,135,17,14,17,183
767,99,17,14,17,147
771,33,17,14,17,81
772,200,34,116,17,367
773,181,34,116,17,348
774,164,34,116,17,331
775,150,34,116,17,317
776,133,34,116,17,300
777,117,34,116,17,284
778,98,34,116,17,265
779,82,34,116,17,249
780,66,34,116,17,233
781,49,34,116,17,216
782,31,34,116,17,198
783,15,34,116,17,182
785,17,33,83,17,150
786,16,17,83,17,133
787,100,17,33,17,167
788,83,17,33,17,150
790,50,17,33,17,117
791,32,17,33,17,99
792,16,17,33,17,83
793,17,33,84,16,150
794,0,33,84,16,133
795,33,15,186,16,250
797,101,17,83,16,217
798,86,17,83,16,202
799,448,33,2018,17,2516
801,483,35,1949,17,2484
802,467,35,1949,17,2468
804,432,35,1949,17,2433
805,415,35,1949,17,2416
806,399,35,1949,17,2400
809,349,35,1949,17,2350
810,333,35,1949,17,2334
811,315,35,1949,17,2316
812,299,35,1949,17,2300
813,281,35,1949,17,2282
815,249,35,1949,17,2250
816,232,35,1949,17,2233
817,217,35,1949,17,2218
818,198,35,1949,17,2199
819,184,35,1949,17,2185
820,164,35,1949,17,2165
822,133,35,1949,17,2134
823,116,35,1949,17,2117
824,99,35,1949,17,2100
825,83,35,1949,17,2084
826,67,35,1949,17,2068
828,85,16,1917,17,2035
829,100,17,1882,17,2016
831,68,17,1882,17,1984
832,100,33,1816,17,1966
833,84,33,1816,17,1950
834,68,33,1816,17,1934
835,50,33,1816,17,1916
836,33,33,1816,17,1899
837,33,18,1816,17,1884
838,15,18,1816,17,1866
839,18,35,1781,17,1851
842,331,32,1418,17,1798
844,299,32,1418,17,1766
847,250,32,1418,17,1717
848,233,32,1418,17,1700
849,218,32,1418,17,1685
850,199,32,1418,17,1666
851,181,32,1418,17,1648
852,167,32,1418,17,1634
853,150,32,1418,17,1617
855,116,32,1418,17,1583
856,100,32,1418,17,1567
857,152,32,1350,17,1551
858,148,18,1350,17,1533
859,133,18,1350,17,1518
860,116,18,1350,17,1501
862,82,18,1350,17,1467
863,149,35,1249,17,1450
864,220,16,1182,17,1435
866,184,16,1182,17,1399
867,170,16,1182,17,1385
868,152,16,1182,17,1367
869,135,16,1182,17,1350
871,104,16,1182,17,1319
872,86,16,1182,17,1301
875,36,16,1182,17,1251
876,18,16,1182,17,1233
877,16,32,1150,17,1215
879,34,17,1117,17,1185
881,17,34,1083,17,1151
882,15,19,1083,17,1134
883,19,34,1049,17,1119
886,150,16,883,17,1066
889,101,16,883,17,1017
890,86,16,883,17,1002
893,183,32,718,17,950
894,168,32,718,17,935
895,149,32,718,17,916
897,118,32,718,17,885
901,49,32,718,17,816
902,33,32,718,17,800
903,16,32,718,17,783
904,16,16,718,17,767
906,19,15,684,17,735
907,15,35,666,17,733
908,350,18,333,17,718
911,299,18,333,17,667
912,284,18,333,17,652
913,267,18,333,17,635
914,249,18,333,17,617
915,233,18,333,17,601
917,198,18,333,17,566
918,182,18,333,17,550
919,165,18,333,17,533
920,149,18,333,17,517
922,251,17,267,17,552
924,216,17,267,17,517
925,199,17,267,17,500
926,182,17,267,17,483
928,148,17,267,17,449
929,133,17,267,17,434
930,115,17,267,17,416
931,99,17,267,17,400
935,33,17,267,17,334
936,16,17,267,17,317
937,34,16,234,17,301
938,33,34,200,17,284
939,83,34,133,17,267
942,33,34,133,17,217
943,83,33,66,17,199
946,34,33,66,17,150
948,33,34,150,16,233
949,34,17,150,16,217
950,83,16,85,16,200
951,66,16,85,16,183
953,34,16,85,16,151
954,33,34,84,17,168
956,34,34,83,15,166
957,17,34,83,15,149
958,17,17,83,15,132
960,83,15,169,16,283
962,50,15,169,16,250
963,33,15,169,16,233
964,16,15,169,16,216
965,84,31,85,16,216
967,51,31,85,16,183
969,34,14,85,16,149
970,332,34,634,14,1014
975,251,34,634,14,933
976,232,34,634,14,914
977,216,34,634,14,898
978,200,34,634,14,882
979,182,34,634,14,864
982,132,34,634,14,814
983,115,34,634,14,797
986,64,34,634,14,746
987,50,34,634,14,732
988,151,17,534,14,716
989,151,32,502,14,699
991,117,32,502,14,665
993,85,32,502,14,633
995,47,32,502,14,595
997,17,32,502,14,565
999,15,34,468,14,531
1000,34,34,434,14,516
1001,216,34,247,18,515
1002,201,34,247,18,500
1003,184,34,247,18,483
1004,167,34,247,18,466
1005,151,34,247,18,450
1006,134,34,247,18,433
1007,117,34,247,18,416
1008,100,34,247,18,399
1009,84,34,247,18,383
1011,50,34,247,18,349
1012,35,34,247,18,334
1013,18,34,247,18,317
1014,17,17,247,18,299
1017,32,20,299,16,367
1018,15,20,299,16,350
1019,35,15,269,16,335
1020,198,35,248,17,498
1021,183,35,248,17,483
1025,115,35,248,17,415
1026,100,35,248,17,400
1030,32,35,248,17,332
1031,18,35,248,17,318
1033,83,32,150,17,282
1034,66,32,150,17,265
1035,52,32,150,17,251
1036,33,32,150,17,232
1038,233,34,116,18,401
1039,217,34,116,18,385
1040,201,34,116,18,369
1042,168,34,116,18,336
1044,134,34,116,18,302
1046,101,34,116,18,269
1047,84,34,116,18,252
1048,135,32,51,18,236
1051,84,32,51,18,185
1052,67,32,51,18,168
1054,33,32,51,18,134
1055,17,32,51,18,118
1056,32,35,16,18,101
1057,32,19,16,18,85
1058,35,34,33,16,118
1059,19,34,33,16,102
1060,34,33,32,16,115
1061,284,33,650,17,984
1062,266,33,650,17,966
1063,251,33,650,17,951
1065,217,33,650,17,917
1066,201,33,650,17,901
1067,185,33,650,17,885
1069,151,33,650,17,851
1070,134,33,650,17,834
1071,117,33,650,17,817
1072,100,33,650,17,800
1073,85,33,650,17,785
1074,69,33,650,17,769
1075,51,33,650,17,751
1076,216,18,484,17,735
1077,197,18,484,17,716
1081,131,18,484,17,650
1082,114,18,484,17,633
1083,99,18,484,17,618
1084,83,18,484,17,602
1086,49,18,484,17,568
1087,151,33,351,17,552
1088,132,33,351,17,533
1089,118,33,351,17,519
1090,100,33,351,17,501
1095,17,33,351,17,418
1096,33,36,315,17,401
1097,83,33,250,17,383
1098,68,33,250,17,368
1100,32,33,250,17,332
1101,19,33,250,17,319
1102,83,16,184,17,300
1103,66,16,184,17,283
1105,34,16,184,17,251
1106,18,16,184,17,235
1109,17,32,118,17,184
1111,0,18,118,17,153
1112,69,32,17,17,135
1113,151,32,34,16,233
1114,333,34,16,18,401
1117,288,34,16,18,356
1118,266,34,16,18,334
1119,249,34,16,18,317
1120,232,34,16,18,300
1121,216,34,16,18,284
1122,199,34,16,18,267
1124,167,34,16,18,235
1125,148,34,16,18,216
1126,133,34,16,18,201
1129,82,34,16,18,150
1131,70,15,16,18,119
1132,52,15,16,18,101
1133,35,15,16,18,84
1134,19,15,16,18,68
1135,15,34,19,13,81
1136,85,16,150,15,266
1137,69,16,150,15,250
1138,51,16,150,15,232
1140,150,17,18,15,200
1141,131,17,18,15,181
1143,100,17,18,15,150
1144,82,17,18,15,132
1147,1082,35,16,17,1150
1148,1065,35,16,17,1133
1150,1033,35,16,17,1101
1151,1015,35,16,17,1083
1155,949,35,16,17,1017
1156,934,35,16,17,1002
1159,883,35,16,17,951
1160,866,35,16,17,934
1161,850,35,16,17,918
1162,834,35,16,17,902
1163,817,35,16,17,885
1166,767,35,16,17,835
1167,746,35,16,17,814
1168,734,35,16,17,802
1169,717,35,16,17,785
1170,701,35,16,17,769
1172,667,35,16,17,735
1173,650,35,16,17,718
1175,617,35,16,17,685
1176,599,35,16,17,667
1177,583,35,16,17,651
1178,566,35,16,17,634
1180,533,35,16,17,601
1182,499,35,16,17,567
1183,483,35,16,17,551
1186,432,35,16,17,500
1188,399,35,16,17,467
1189,384,35,16,17,452
1192,334,35,16,17,402
1193,316,35,16,17,384
1194,300,35,16,17,368
1196,267,35,16,17,335
1197,333,15,18,15,381
1198,319,15,18,15,367
1199,300,15,18,15,348
1200,285,15,18,15,333
1202,252,15,18,15,300
1204,216,15,18,15,264
1206,185,15,18,15,233
1207,167,15,18,15,215
1210,119,15,18,15,167
1212,85,15,18,15,133
1213,68,15,18,15,116
1214,50,15,18,15,98
1216,17,15,18,15,65
1218,18,15,84,16,133
1219,82,33,318,15,448
1220,67,33,318,15,433
1221,51,33,318,15,417
1222,33,33,318,15,399
1224,33,33,285,15,366
1225,16,33,285,15,349
1226,33,34,251,15,333
1227,33,15,251,15,314
1228,19,15,251,15,300
1229,32,16,218,15,281
1230,150,17,99,18,284
1233,181,33,18,15,247
1234,165,33,18,15,231
1236,133,33,18,15,199
1237,116,33,18,15,182
1238,99,33,18,15,165
1239,83,33,18,15,149
1241,48,33,18,15,114
1243,15,33,18,15,81
1245,15,33,19,15,82
1246,0,33,19,15,67
1247,85,33,50,16,184
1249,51,33,50,16,150
1250,36,33,50,16,135
1251,18,33,50,16,117
1254,16,16,149,18,199
1255,16,34,149,18,217
1256,249,18,115,18,400
1258,215,18,115,18,366
1260,182,18,115,18,333
1261,167,18,115,18,318
1263,133,18,115,18,284
1264,247,18,15,19,299
1266,215,18,15,19,267
1267,199,18,15,19,251
1269,164,18,15,19,216
1270,150,18,15,19,202
1273,98,18,15,19,150
1274,82,18,15,19,134
1275,67,18,15,19,119
1276,49,18,15,19,101
1277,36,18,15,19,88
1278,15,18,15,19,67
1279,33,19,33,18,103
1280,15,19,33,18,85
1282,0,33,18,16,67
1283,17,34,15,18,84
1284,34,33,34,14,115
1286,33,34,31,19,117
1289,19,31,35,16,101
1293,32,15,3386,16,3449
1294,16,15,3386,16,3433
1295,0,15,3386,16,3417
1296,0,34,3352,16,3402
1297,31,19,3317,16,3383
1298,35,32,3285,16,3368
1299,84,34,3385,16,3519
1301,48,34,3385,16,3483
1303,33,16,3385,16,3450
1305,81,39,3281,16,3417
1307,48,39,3281,16,3384
1308,115,19,3217,16,3367
1310,84,19,3217,16,3336
1313,32,19,3217,16,3284
1314,34,34,3183,16,3267
1315,19,34,3183,16,3252
1316,16,18,3183,16,3233
1317,82,34,3085,16,3217
1321,15,34,3085,16,3150
1322,34,33,3052,16,3135
1323,117,35,2950,16,3118
1324,100,35,2950,16,3101
1325,84,35,2950,16,3085
1327,334,16,2685,16,3051
1328,318,16,2685,16,3035
1329,299,16,2685,16,3016
1331,265,16,2685,16,2982
1332,249,16,2685,16,2966
1333,233,16,2685,16,2950
1334,217,16,2685,16,2934
1335,198,16,2685,16,2915
1336,182,16,2685,16,2899
1337,168,16,2685,16,2885
1338,151,16,2685,16,2868
1339,135,16,2685,16,2852
1340,115,16,2685,16,2832
1343,66,16,2685,16,2783
1344,51,16,2685,16,2768
1345,34,16,2685,16,2751
1346,17,16,2685,16,2734
1348,35,32,2618,16,2701
1349,67,17,2585,16,2685
1350,48,17,2585,16,2666
1351,33,17,2585,16,2651
1352,16,17,2585,16,2634
1353,17,34,2551,16,2618
1356,16,18,2517,16,2567
1357,18,34,2483,16,2551
1358,34,31,2452,16,2533
1359,33,17,2452,16,2518
1360,66,31,2386,16,2499
1361,52,31,2386,16,2485
1363,18,31,2386,16,2451
1364,15,16,2386,16,2433
1365,149,36,2233,17,2435
1366,133,36,2233,17,2419
1369,83,36,2233,17,2369
1370,84,17,2233,17,2351
1371,67,17,2233,17,2334
1372,69,32,2201,17,2319
1373,52,32,2201,17,2302
1375,17,32,2201,17,2267
1376,15,17,2201,17,2250
1379,17,34,2134,17,2202
1380,0,34,2134,17,2185
1381,216,32,1901,17,2166
1382,201,32,1901,17,2151
1384,167,32,1901,17,2117
1385,152,32,1901,17,2102
1386,134,32,1901,17,2084
1387,117,32,1901,17,2067
1388,102,32,1901,17,2052
1389,85,32,1901,17,2035
1390,70,32,1901,17,2020
1391,51,32,1901,17,2001
1392,35,32,1901,17,1985
1394,16,16,1901,17,1950
1395,82,35,1833,17,1967
1396,66,35,1833,17,1951
1397,167,17,1733,17,1934
1398,151,17,1733,17,1918
1400,118,17,1733,17,1885
1402,83,17,1733,17,1850
1404,51,17,1733,17,1818
1405,34,17,1733,17,1801
1406,18,17,1733,17,1785
1407,84,31,1635,17,1767
1409,200,17,1882,19,2118
1413,347,33,1650,19,2049
1414,334,33,1650,19,2036
1416,299,33,1650,19,2001
1417,282,33,1650,19,1984
1419,250,33,1650,19,1952
1420,232,33,1650,19,1934
1422,199,33,1650,19,1901
1423,183,33,1650,19,1885
1425,148,33,1650,19,1850
1426,132,33,1650,19,1834
1427,115,33,1650,19,1817
1430,65,33,1650,19,1767
1431,49,33,1650,19,1751
1434,83,19,1581,19,1702
1435,83,29,1552,19,1683
1436,69,29,1552,19,1669
1437,51,29,1552,19,1651
1438,84,16,1516,19,1635
1439,250,33,1317,19,1619
1440,231,33,1317,19,1600
1441,216,33,1317,19,1585
1442,202,33,1317,19,1571
1443,182,33,1317,19,1551
1446,132,33,1317,19,1501
1447,115,33,1317,19,1484
1448,169,32,1250,19,1470
1449,149,32,1250,19,1450
1451,116,32,1250,19,1417
1453,85,32,1250,19,1386
1456,35,32,1250,19,1336
1457,16,32,1250,19,1317
1458,16,16,1250,19,1301
1459,16,33,1217,19,1285
1460,219,17,1014,19,1269
1461,201,17,1014,19,1251
1462,186,17,1014,19,1236
1463,169,17,1014,19,1219
1465,136,17,1014,19,1186
1466,120,17,1014,19,1170
1467,103,17,1014,19,1153
1469,69,17,1014,19,1119
1471,36,17,1014,19,1086
1472,36,33,981,19,1069
1476,16,15,950,19,1000
1477,33,16,916,19,984
1479,16,33,883,19,951
1480,33,34,849,19,935
1481,34,18,849,19,920
1482,34,33,984,16,1067
1483,35,16,984,16,1051
1484,17,16,984,16,1033
1486,34,32,918,16,1000
1487,734,17,217,16,984
1488,716,17,217,16,966
1491,668,17,217,16,918
1492,649,17,217,16,899
1494,618,17,217,16,868
1495,601,17,217,16,851
1496,584,17,217,16,834
1498,550,17,217,16,800
1500,516,17,217,16,766
1501,499,17,217,16,749
1502,482,17,217,16,732
1504,451,17,217,16,701
1505,433,17,217,16,683
1508,381,17,217,16,631
1509,365,17,217,16,615
1510,349,17,217,16,599
1511,332,17,217,16,582
1512,316,17,217,16,566
1513,299,17,217,16,549
1514,283,17,217,16,533
1515,469,15,117,15,616
1516,452,15,117,15,599
1518,418,15,117,15,565
1519,402,15,117,15,549
1520,385,15,117,15,532
1521,369,15,117,15,516
1522,354,15,117,15,501
1525,302,15,117,15,449
1526,284,15,117,15,431
1527,270,15,117,15,417
1528,252,15,117,15,399
1529,237,15,117,15,384
1531,202,15,117,15,349
1532,185,15,117,15,332
1533,169,15,117,15,316
1535,136,15,117,15,283
1536,117,15,117,15,264
1538,84,15,117,15,231
1540,52,15,117,15,199
1541,35,15,117,15,182
1542,20,15,117,15,167
1543,32,16,84,15,147
1544,33,33,51,15,132
1545,49,35,16,15,115
1546,33,35,16,15,99
1547,19,35,16,15,85
1548,467,33,216,18,734
1549,451,33,216,18,718
1550,432,33,216,18,699
1552,401,33,216,18,668
1553,383,33,216,18,650
1554,367,33,216,18,634
1556,333,33,216,18,600
1557,315,33,216,18,582
1558,300,33,216,18,567
1559,284,33,216,18,551
1560,266,33,216,18,533
1561,251,33,216,18,518
1562,232,33,216,18,499
1564,199,33,216,18,466
1565,183,33,216,18,450
1567,150,33,216,18,417
1569,115,33,216,18,382
1570,101,33,216,18,368
1573,50,33,216,18,317
1574,32,33,216,18,299
1575,1019,35,15,18,1087
1576,1000,35,15,18,1068
1577,984,35,15,18,1052
1578,967,35,15,18,1035
1580,933,35,15,18,1001
1581,918,35,15,18,986
1583,884,35,15,18,952
1586,834,35,15,18,902
1587,818,35,15,18,886
1588,801,35,15,18,869
1589,782,35,15,18,850
1590,766,35,15,18,834
1591,751,35,15,18,819
1592,733,35,15,18,801
1593,717,35,15,18,785
1594,699,35,15,18,767
1595,682,35,15,18,750
1596,667,35,15,18,735
1598,669,33,48,17,767
1599,653,33,48,17,751
1600,635,33,48,17,733
1602,602,33,48,17,700
1604,568,33,48,17,666
1607,518,33,48,17,616
1608,502,33,48,17,600
1609,484,33,48,17,582
1610,468,33,48,17,566
1611,452,33,48,17,550
1614,402,33,48,17,500
1616,369,33,48,17,467
1619,319,33,48,17,417
1621,283,33,48,17,381
1623,251,33,48,17,349
1624,235,33,48,17,333
1625,218,33,48,17,316
1626,202,33,48,17,300
1627,186,33,48,17,284
1629,152,33,48,17,250
1630,135,33,48,17,233
1632,102,33,48,17,200
1633,84,33,48,17,182
1634,68,33,48,17,166
1635,51,33,48,17,149
1636,35,33,48,17,133
1641,118,31,83,19,251
1642,102,31,83,19,235
1643,85,31,83,19,218
1644,68,31,83,19,201
1645,52,31,83,19,185
1646,35,31,83,19,168
1647,17,31,83,19,150
1648,83,16,34,15,148
1651,33,16,34,15,98
1652,165,35,50,17,267
1653,149,35,50,17,251
1654,133,35,50,17,235
1655,118,35,50,17,220
1657,84,35,50,17,186
1658,67,35,50,17,169
1659,50,35,50,17,152
1660,33,35,50,17,135
1661,17,35,50,17,119
1662,35,34,16,17,102
1664,81,17,33,18,149
1665,65,17,33,18,133
1667,31,17,33,18,99
1668,14,17,33,18,82
1670,33,35,50,17,135
1671,16,35,50,17,118
1672,35,33,83,16,167
1674,33,34,683,17,767
1675,16,34,683,17,750
1676,83,16,618,17,734
1677,66,16,618,17,717
1679,215,35,417,17,684
1680,198,35,417,17,667
1681,182,35,417,17,651
1682,166,35,417,17,635
1683,147,35,417,17,616
1684,131,35,417,17,600
1685,116,35,417,17,585
1686,98,35,417,17,567
1689,48,35,417,17,517
1691,14,35,417,17,483
1693,17,32,385,17,451
1694,32,34,351,17,434
1695,116,35,250,17,418
1696,100,35,250,17,402
1697,81,35,250,17,383
1698,66,35,250,17,368
1700,32,35,250,17,334
1701,16,35,250,17,318
1702,167,33,85,17,302
1703,149,33,85,17,284
1705,117,33,85,17,252
1707,84,33,85,17,219
1708,65,33,85,17,200
1709,101,17,50,17,185
1710,82,17,50,17,166
1711,67,17,50,17,151
1712,51,17,50,17,135
1713,736,15,117,16,884
1714,719,15,117,16,867
1715,701,15,117,16,849
1716,684,15,117,16,832
1718,650,15,117,16,798
1721,601,15,117,16,749
1722,582,15,117,16,730
1724,553,15,117,16,701
1727,500,15,117,16,648
1728,486,15,117,16,634
1729,467,15,117,16,615
1731,433,15,117,16,581
1732,418,15,117,16,566
1733,403,15,117,16,551
1734,384,15,117,16,532
1735,371,15,117,16,519
1736,352,15,117,16,500
1737,335,15,117,16,483
1738,319,15,117,16,467
1739,303,15,117,16,451
1740,284,15,117,16,432
1741,267,15,117,16,415
1742,252,15,117,16,400
1743,234,15,117,16,382
1744,218,15,117,16,366
1746,183,15,117,16,331
1748,151,15,117,16,299
1749,136,15,117,16,284
1751,101,15,117,16,249
1752,118,16,83,16,233
1753,100,16,83,16,215
1754,84,16,83,16,199
1756,51,16,83,16,166
1757,33,16,83,16,148
1758,18,16,83,16,133
1759,16,34,250,15,315
1760,17,17,250,15,299
1761,116,33,717,17,883
1764,68,33,717,17,835
1765,50,33,717,17,817
1766,34,33,717,17,801
1767,18,33,717,17,785
1768,16,17,717,17,767
1770,32,35,650,17,734
1771,33,17,650,17,717
1772,18,17,650,17,702
1774,82,17,551,17,667
1776,49,17,551,17,634
1777,31,17,551,17,616
1778,16,17,551,17,601
1779,85,35,448,17,585
1780,68,35,448,17,568
1781,166,17,351,17,551
1782,149,17,351,17,534
1783,133,17,351,17,518
1785,98,17,351,17,483
1788,49,17,351,17,434
1789,152,33,215,17,417
1790,136,33,215,17,401
1791,120,33,215,17,385
1794,69,33,215,17,334
1795,183,31,935,18,1167
1796,168,31,935,18,1152
1797,668,17,433,18,1136
1798,648,17,433,18,1116
1799,634,17,433,18,1102
1800,615,17,433,18,1083
1803,566,17,433,18,1034
1804,548,17,433,18,1016
1805,532,17,433,18,1000
1807,496,17,433,18,964
1808,485,17,433,18,953
1810,450,17,433,18,918
1811,433,17,433,18,901
1812,417,17,433,18,885
1813,400,17,433,18,868
1814,383,17,433,18,851
1817,333,17,433,18,801
1819,298,17,433,18,766
1821,266,17,433,18,734
1822,251,17,433,18,719
1823,234,17,433,18,702
1825,201,17,433,18,669
1826,183,17,433,18,651
1827,166,17,433,18,634
1828,150,17,433,18,618
1829,200,15,368,18,601
1833,134,15,368,18,535
1834,118,15,368,18,519
1835,98,15,368,18,499
1837,67,15,368,18,468
1839,151,33,234,18,436
1840,133,33,234,18,418
1842,101,33,234,18,386
1845,49,33,234,18,334
1846,85,15,200,18,318
1847,151,31,100,18,300
1848,136,31,100,18,285
1849,119,31,100,18,268
1850,134,34,66,18,252
1851,115,34,66,18,233
1852,100,34,66,18,218
1853,233,19,32,18,302
1854,214,19,32,18,283
1857,166,19,32,18,235
1858,149,19,32,18,218
1860,115,19,32,18,184
1861,99,19,32,18,168
1862,83,19,32,18,152
1863,66,19,32,18,135
1864,49,19,32,18,118
1866,15,19,32,18,84
1867,19,32,84,17,152
1868,148,19,81,16,264
1869,132,19,81,16,248
1870,116,19,81,16,232
1873,84,30,51,16,181
1874,67,30,51,16,164
1876,34,30,51,16,131
1877,68,17,250,16,351
1878,49,17,250,16,332
1879,35,17,250,16,318
1880,36,31,219,16,302
1881,99,16,152,16,283
1882,82,16,152,16,266
1883,67,16,152,16,251
1885,33,16,152,16,217
1886,16,16,152,16,200
1887,85,31,52,16,184
1888,69,31,52,16,168
1891,18,31,52,16,117
1893,17,34,86,14,151
1894,34,34,52,14,134
1897,246,41,100,17,404
1898,437,18,83,31,569
1899,420,18,83,31,552
1900,403,18,83,31,535
1901,385,18,83,31,517
1902,1490,33,16,18,1557
1903,1474,33,16,18,1541
1904,1455,33,16,18,1522
1905,1436,33,16,18,1503
1906,1422,33,16,18,1489
1907,1331,33,16,18,1398
1911,1285,33,16,18,1352
1912,1269,33,16,18,1336
1913,1251,33,16,18,1318
1914,1237,33,16,18,1304
1915,1217,33,16,18,1284
1916,1203,33,16,18,1270
1919,1153,33,16,18,1220
1922,1101,33,16,18,1168
1923,1086,33,16,18,1153
1924,1068,33,16,18,1135
1925,1051,33,16,18,1118
1926,1036,33,16,18,1103
1927,1018,33,16,18,1085
1928,1003,33,16,18,1070
1929,987,33,16,18,1054
1930,968,33,16,18,1035
1932,937,33,16,18,1004
1935,885,33,16,18,952
1936,869,33,16,18,936
1939,818,33,16,18,885
1940,801,33,16,18,868
1942,769,33,16,18,836
1943,752,33,16,18,819
1944,738,33,16,18,805
1946,701,33,16,18,768
1947,686,33,16,18,753
1948,686,17,16,18,737
1951,634,17,16,18,685
1954,586,17,16,18,637
1955,564,17,16,18,615
1956,550,17,16,18,601
1957,532,17,16,18,583
1958,516,17,16,18,567
1959,498,17,16,18,549
1960,482,17,16,18,533
1961,465,17,16,18,516
1963,433,17,16,18,484
1964,417,17,16,18,468
1966,383,17,16,18,434
1967,367,17,16,18,418
1968,348,17,16,18,399
1969,333,17,16,18,384
1973,265,17,16,18,316
1976,217,17,16,18,268
1978,182,17,16,18,233
1979,166,17,16,18,217
1980,150,17,16,18,201
1982,117,17,16,18,168
1983,100,17,16,18,151
1984,83,17,16,18,134
1985,68,17,16,18,119
1987,33,17,16,18,84
1989,17,34,181,17,249
1991,1516,34,768,15,2333
1992,1498,34,768,15,2315
1993,1483,34,768,15,2300
1994,1465,34,768,15,2282
1995,1448,34,768,15,2265
2000,1365,34,768,15,2182
2001,1350,34,768,15,2167
2002,1331,34,768,15,2148
2003,1317,34,768,15,2134
2005,1283,34,768,15,2100
2006,1266,34,768,15,2083
2007,1248,34,768,15,2065
2008,1231,34,768,15,2048
2013,1148,34,768,15,1965
2014,1131,34,768,15,1948
2015,1115,34,768,15,1932
2016,1100,34,768,15,1917
2018,1067,34,768,15,1884
2019,1049,34,768,15,1866
2020,1033,34,768,15,1850
2021,1015,34,768,15,1832
2022,999,34,768,15,1816
2023,983,34,768,15,1800
2025,949,34,768,15,1766
2026,929,34,768,15,1746
2027,917,34,768,15,1734
2028,900,34,768,15,1717
2029,882,34,768,15,1699
2030,866,34,768,15,1683
2031,848,34,768,15,1665
2032,831,34,768,15,1648
2033,815,34,768,15,1632
2034,816,17,768,15,1616
2035,800,17,768,15,1600
2037,765,17,768,15,1565
2039,732,17,768,15,1532
2041,699,17,768,15,1499
2042,683,17,768,15,1483
2043,666,17,768,15,1466
2044,649,17,768,15,1449
2045,632,17,768,15,1432
2046,615,17,768,15,1415
2047,599,17,768,15,1399
2048,582,17,768,15,1382
2049,567,17,768,15,1367
2050,549,17,768,15,1349
2052,516,17,768,15,1316
2054,483,17,768,15,1283
2055,466,17,768,15,1266
2056,451,17,768,15,1251
2057,434,17,768,15,1234
2058,417,17,768,15,1217
2059,398,17,768,15,1198
2060,384,17,768,15,1184
2061,367,17,768,15,1167
2062,350,17,768,15,1150
2063,333,17,768,15,1133
2065,299,17,768,15,1099
2066,283,17,768,15,1083
2068,249,17,768,15,1049
2069,234,17,768,15,1034
2070,215,17,768,15,1015
2072,182,17,768,15,982
2074,149,17,768,15,949
2077,100,17,768,15,900
2079,67,17,768,15,867
2080,49,17,768,15,849
2081,32,17,768,15,832
2082,17,17,768,15,817
2083,52,32,701,15,800
2085,20,32,701,15,768
2086,148,17,568,15,748
2087,132,17,568,15,732
2088,151,15,535,15,716
2089,135,15,535,15,700
2091,100,15,535,15,665
2092,84,15,535,15,649
2093,150,33,548,18,749
2095,118,33,548,18,717
2098,68,33,548,18,667
2099,51,33,548,18,650
2100,34,33,548,18,633
2101,82,33,482,18,615
2102,66,33,482,18,599
2103,51,33,482,18,584
2104,118,16,414,18,566
2106,85,16,414,18,533
2108,52,16,414,18,500
2109,34,16,414,18,482
2110,81,19,347,18,465
2111,64,19,347,18,448
2112,48,19,347,18,432
2113,32,19,347,18,416
2114,149,17,216,18,400
2115,133,17,216,18,384
2116,165,33,149,18,365
2119,117,33,149,18,317
2120,99,33,149,18,299
2121,83,33,149,18,283
2122,67,33,149,18,267
2124,34,33,149,18,234
2125,17,33,149,18,217
2126,18,15,149,18,200
2127,0,15,149,18,182
2128,349,17,302,17,685
2129,334,17,302,17,670
2130,314,17,302,17,650
2131,299,17,302,17,635
2132,281,17,302,17,617
2133,265,17,302,17,601
2134,249,17,302,17,585
2136,216,17,302,17,552
2137,200,17,302,17,536
2138,182,17,302,17,518
2139,165,17,302,17,501
2140,147,17,302,17,483
2141,131,17,302,17,467
2142,114,17,302,17,450
2144,81,17,302,17,417
2145,64,17,302,17,400
2146,48,17,302,17,384
2147,31,17,302,17,367
2148,369,32,148,17,566
2150,337,32,148,17,534
2151,320,32,148,17,517
2153,287,32,148,17,484
2155,252,32,148,17,449
2157,220,32,148,17,417
2158,202,32,148,17,399
2159,349,34,83,18,484
2160,332,34,83,18,467
2162,298,34,83,18,433
2165,248,34,83,18,383
2166,232,34,83,18,367
2169,181,34,83,18,316
2171,147,34,83,18,282
2172,131,34,83,18,266
2173,116,34,83,18,251
2174,98,34,83,18,233
2175,83,34,83,18,218
2178,33,34,83,18,168
2179,16,34,83,18,151
2180,17,17,83,18,135
2181,17,34,82,18,151
2182,0,34,82,18,134
2183,17,33,83,18,151
2185,17,34,49,18,118
2186,16,18,49,18,101
2187,0,18,49,18,85
2188,317,16,149,18,500
2189,302,16,149,18,485
2190,284,16,149,18,467
2191,268,16,149,18,451
2192,250,16,149,18,433
2195,200,16,149,18,383
2196,185,16,149,18,368
2198,148,16,149,18,331
2199,135,16,149,18,318
2201,102,16,149,18,285
2203,232,18,15,18,283
2205,198,18,15,18,249
2206,183,18,15,18,234
2207,165,18,15,18,216
2211,99,18,15,18,150
2212,82,18,15,18,133
2213,66,18,15,18,117
2214,49,18,15,18,100
2215,33,18,15,18,84
2216,16,18,15,18,67
2217,18,33,201,16,268
2218,33,35,166,16,250
2219,34,19,166,16,235
2221,19,32,134,16,201
2222,114,18,34,16,182
2223,100,18,34,16,168
2224,82,18,34,16,150
2225,64,18,34,16,132
2228,16,18,34,16,84
2229,18,34,248,17,317
2230,16,18,248,17,299
2233,199,21,47,16,283
2234,183,21,47,16,267
2236,150,21,47,16,234
2237,132,21,47,16,216
2238,117,21,47,16,201
2240,83,21,47,16,167
2241,169,15,117,18,319
2243,134,15,117,18,284
2245,102,15,117,18,252
2246,81,15,117,18,231
2247,69,15,117,18,219
2248,52,15,117,18,202
2249,34,15,117,18,184
2250,18,15,117,18,168
2251,82,33,17,18,150
2252,67,33,17,18,135
2253,51,33,17,18,119
2255,16,33,17,18,84
2256,17,16,17,18,68
2257,16,35,16,16,83
2259,84,32,16,18,150
2261,50,32,16,18,116
2265,0,17,16,18,51
2266,16,18,16,16,66
2268,32,36,81,16,165
2270,84,16,150,18,268
2273,33,16,150,18,217
2274,33,33,117,18,201
2275,33,16,117,18,184
2276,17,16,117,18,168
2277,33,18,82,18,151
2278,17,18,82,18,135
2279,18,50,32,18,118
2280,100,34,17,16,167
2281,83,34,17,16,150
2282,102,33,33,16,184
2283,84,33,33,16,166
2284,67,33,33,16,149
2285,52,33,33,16,134
2286,34,33,33,16,116
2287,131,21,80,32,264
2289,98,21,80,32,231
2290,82,21,80,32,215
2291,66,21,80,32,199
2292,81,18,83,18,200
2293,65,18,83,18,184
2294,48,18,83,18,167
2296,11,18,83,18,130
2298,34,49,34,16,133
2299,685,32,102,14,833
2300,668,32,102,14,816
2302,637,32,102,14,785
2303,619,32,102,14,767
2305,585,32,102,14,733
2306,569,32,102,14,717
2307,549,32,102,14,697
2308,536,32,102,14,684
2309,517,32,102,14,665
2311,484,32,102,14,632
2314,434,32,102,14,582
2315,417,32,102,14,565
2316,400,32,102,14,548
2317,385,32,102,14,533
2318,366,32,102,14,514
2319,350,32,102,14,498
2320,335,32,102,14,483
2321,317,32,102,14,465
2322,300,32,102,14,448
2323,283,32,102,14,431
2324,268,32,102,14,416
2325,250,32,102,14,398
2326,233,32,102,14,381
2327,217,32,102,14,365
2330,168,32,102,14,316
2331,150,32,102,14,298
2333,117,32,102,14,265
2335,83,32,102,14,231
2336,67,32,102,14,215
2337,232,17,16,19,284
2338,215,17,16,19,267
2340,181,17,16,19,233
2341,165,17,16,19,217
2342,149,17,16,19,201
2343,131,17,16,19,183
2344,112,17,16,19,164
2345,100,17,16,19,152
2347,66,17,16,19,118
2348,47,17,16,19,99
2349,33,17,16,19,85
2350,14,17,16,19,66
2353,19,32,19,14,84
2356,0,33,35,17,85
2357,14,35,132,17,198
2358,19,16,132,17,184
2360,17,23,92,17,149
2362,59,33,652,14,758
2364,32,33,652,14,731
2365,18,33,652,14,717
2366,18,15,652,14,699
2367,83,34,550,14,681
2368,102,31,519,14,666
2369,85,31,519,14,649
2371,51,31,519,14,615
2372,133,33,418,14,598
2373,116,33,418,14,581
2374,99,33,418,14,564
2375,83,33,418,14,548
2377,49,33,418,14,514
2378,33,33,418,14,498
2379,32,18,418,14,482
2381,18,34,384,14,450
2382,0,34,384,14,432
2383,18,32,352,14,416
2384,16,16,352,14,398
2385,154,30,184,14,382
2388,104,30,184,14,332
2389,89,30,184,14,317
2390,149,18,117,14,298
2391,132,18,117,14,281
2393,101,18,117,14,250
2394,114,16,84,14,228
2395,102,16,84,14,216
2397,69,16,84,14,183
2398,83,15,53,14,165
2399,67,15,53,14,149
2400,117,14,18,16,165
2401,100,14,18,16,148
2402,84,14,18,16,132
2403,68,14,18,16,116
2404,53,14,18,16,101
2405,34,14,18,16,82
2407,83,33,33,16,165
2408,69,33,33,16,151
2409,51,33,33,16,133
2410,35,33,33,16,117
2412,183,15,284,17,499
2414,150,15,284,17,466
2415,134,15,284,17,450
2416,117,15,284,17,433
2417,116,34,250,17,417
2418,99,34,250,17,400
2419,83,34,250,17,384
2420,67,34,250,17,368
2422,32,34,250,17,333
2425,34,17,216,17,284
2426,17,17,216,17,267
2427,17,33,183,17,250
2428,15,18,183,17,233
2429,35,17,149,17,218
2430,17,17,149,17,200
2431,17,33,116,17,183
2432,14,19,116,17,166
2434,34,34,48,17,133
2435,17,34,48,17,116
2439,85,48,17,17,167
2440,70,48,17,17,152
2441,635,16,183,16,850
2442,618,16,183,16,833
2444,582,16,183,16,797
2445,569,16,183,16,784
2446,553,16,183,16,768
2450,485,16,183,16,700
2451,468,16,183,16,683
2452,452,16,183,16,667
2453,435,16,183,16,650
2454,417,16,183,16,632
2456,384,16,183,16,599
2457,367,16,183,16,582
2458,352,16,183,16,567
2460,318,16,183,16,533
2461,300,16,183,16,515
2462,285,16,183,16,500
2463,267,16,183,16,482
2465,235,16,183,16,450
2469,167,16,183,16,382
2470,150,16,183,16,365
2473,101,16,183,16,316
2474,84,16,183,16,299
2477,83,32,118,16,249
2478,86,14,118,16,234
2479,67,14,118,16,215
2480,84,15,84,16,199
2481,69,15,84,16,184
2482,51,15,84,16,166
2483,33,15,84,16,148
2484,19,15,84,16,134
2485,15,35,49,16,115
2486,35,31,18,16,100
2487,33,16,18,16,83
2488,15,16,18,16,65
2489,16,34,18,16,84
2491,16,34,16,18,84
2492,0,34,16,18,68
2493,16,34,33,18,101
2495,34,17,18,17,86
2496,33,35,14,17,99
2497,17,35,14,17,83
2502,0,32,84,18,134
2503,16,33,85,17,151
2505,85,33,82,19,219
2508,83,17,166,16,282
2510,49,17,166,16,248
2511,33,17,166,16,232
2512,16,17,166,16,215
2514,16,18,132,16,182
2515,0,18,132,16,166
2516,15,19,98,16,148
2518,131,34,16,19,200
2519,115,34,16,19,184
2520,100,34,16,19,169
2523,49,34,16,19,118
2524,33,34,16,19,102
2525,86,31,33,18,168
2526,69,31,33,18,151
2527,51,31,33,18,133
2531,83,33,185,15,316
2532,67,33,185,15,300
2534,117,17,118,15,267
2536,83,17,118,15,233
2537,67,17,118,15,217
2538,50,17,118,15,200
2540,16,17,118,15,166
2541,83,18,84,15,200
2542,66,18,84,15,183
2543,47,18,84,15,164
2544,50,18,145,20,233
2547,84,32,47,20,183
2549,50,32,47,20,149
2550,35,32,47,20,134
2552,32,33,14,20,99
2553,35,15,14,20,84
2554,33,34,51,15,133
2555,15,34,51,15,115
2556,34,51,150,16,251
2557,38,33,150,16,237
2559,14,19,150,16,199
2560,69,32,151,16,268
2561,50,32,151,16,249
2562,35,32,151,16,234
2563,265,17,18,32,332
2564,248,17,18,32,315
2566,216,17,18,32,283
2567,199,17,18,32,266
2572,116,17,18,32,183
2573,98,17,18,32,165
2574,82,17,18,32,149
2575,65,17,18,32,132
2577,33,17,18,32,100
2578,16,17,18,32,83
2579,17,50,134,16,217
2581,15,17,134,16,182
2583,86,32,16,16,150
2584,66,32,16,16,130
2586,37,32,16,16,101
2587,130,20,116,16,282
2588,113,20,116,16,265
2590,81,20,116,16,233
2591,65,20,116,16,217
2592,49,20,116,16,201
2593,32,20,116,16,184
2594,16,20,116,16,168
2595,20,31,85,16,152
2596,81,17,151,16,265
2597,67,17,151,16,251
2600,17,17,151,16,201
2602,18,16,117,16,167
2603,199,17,34,17,267
2605,166,17,34,17,234
2606,150,17,34,17,218
2607,133,17,34,17,201
2608,117,17,34,17,185
2609,99,17,34,17,167
2611,66,17,34,17,134
2612,50,17,34,17,118
2614,15,17,34,17,83
2615,82,34,50,16,182
2617,50,34,50,16,150
2618,31,34,50,16,131
2620,0,34,50,16,100
2621,35,18,31,19,103
2624,15,16,19,16,66
2625,35,16,149,17,217
2626,19,16,149,17,201
2627,16,33,116,17,182
2629,16,33,83,17,149
2630,16,17,83,17,133
2631,33,18,49,17,117
2633,18,34,15,17,84
2634,16,18,15,17,66
2635,18,32,18,15,83
2636,15,17,18,15,65
2637,17,33,19,16,85
2638,0,33,19,16,68
2639,34,16,16,17,83
2642,16,17,250,15,298
2644,0,32,218,15,265
2645,17,35,183,15,250
2646,118,16,84,15,233
2648,83,16,84,15,198
2649,66,16,84,15,181
2650,51,16,84,15,166
2652,17,16,84,15,132
2653,16,32,52,15,115
2654,32,35,350,16,433
2655,16,35,350,16,417
2656,182,21,182,16,401
2657,164,21,182,16,383
2658,147,21,182,16,366
2660,115,21,182,16,334
2661,98,21,182,16,317
2662,80,21,182,16,299
2663,65,21,182,16,284
2664,84,18,149,16,267
2666,84,16,117,16,233
2667,152,35,50,15,252
2669,116,35,50,15,216
2670,98,35,50,15,198
2673,50,35,50,15,150
2674,34,35,50,15,134
2675,32,19,50,15,116
2676,16,19,50,15,100
2677,35,16,82,19,152
2680,33,35,33,16,117
2681,32,18,33,16,99
2682,17,18,33,16,84
2683,32,19,16,16,83
2685,35,16,152,17,220
2686,32,35,117,17,201
2687,16,35,117,17,185
2688,35,32,85,17,169
2691,183,35,681,19,918
2692,166,35,681,19,901
2693,150,35,681,19,885
2694,132,35,681,19,867
2696,99,35,681,19,834
2697,81,35,681,19,816
2698,64,35,681,19,799
2699,49,35,681,19,784
2700,33,35,681,19,768
2701,15,35,681,19,750
2702,17,18,681,19,735
2703,83,35,581,19,718
2704,65,35,581,19,700
2705,47,35,581,19,682
2706,32,35,581,19,667
2709,117,33,447,19,616
2710,101,33,447,19,600
2712,68,33,447,19,567
2713,53,33,447,19,552
2714,34,33,447,19,533
2715,17,33,447,19,516
2717,18,31,416,19,484
2718,15,16,416,19,466
2719,36,14,382,19,451
2720,34,35,347,19,435
2722,134,34,214,19,401
2724,99,34,214,19,366
2725,85,34,214,19,352
2727,164,18,182,18,382
2728,150,18,182,18,368
2730,116,18,182,18,334
2735,33,18,182,18,251
2737,83,33,500,18,634
2738,65,33,500,18,616
2739,49,33,500,18,600
2740,32,33,500,18,583
2742,16,17,500,18,551
2743,17,35,465,18,535
2744,16,19,465,18,518
2745,19,32,433,18,502
2747,219,33,198,18,468
2748,202,33,198,18,451
2750,167,33,198,18,416
2752,135,33,198,18,384
2753,168,17,164,18,367
2754,150,17,164,18,349
2755,133,17,164,18,332
2757,101,17,164,18,300
2758,83,17,164,18,282
2759,82,31,133,18,264
2760,67,31,133,18,249
2761,98,19,97,18,232
2763,65,19,97,18,199
2764,48,19,97,18,182
2766,17,19,97,18,151
2767,150,52,31,18,251
2771,132,16,15,18,181
2774,86,16,15,18,135
2775,68,16,15,18,117
2776,52,16,15,18,101
2777,146,33,1433,18,1630
2778,135,33,1433,18,1619
2779,115,33,1433,18,1599
2780,99,33,1433,18,1583
2781,84,33,1433,18,1568
2782,66,33,1433,18,1550
2783,51,33,1433,18,1535
2784,86,15,1399,18,1518
2785,68,15,1399,18,1500
2786,52,15,1399,18,1484
2787,35,15,1399,18,1467
2788,19,15,1399,18,1451
2789,82,33,1299,18,1432
2793,17,33,1299,18,1367
2794,200,33,1099,18,1350
2795,183,33,1099,18,1333
2797,149,33,1099,18,1299
2798,132,33,1099,18,1282
2799,116,33,1099,18,1266
2800,101,33,1099,18,1251
2802,66,33,1099,18,1216
2803,51,33,1099,18,1201
2804,84,18,1063,18,1183
2805,67,18,1063,18,1166
2806,166,35,931,18,1150
2809,115,35,931,18,1099
2810,246,17,800,18,1081
2811,232,17,800,18,1067
2812,215,17,800,18,1050
2814,181,17,800,18,1016
2815,164,17,800,18,999
2816,284,18,664,18,984
2817,268,18,664,18,968
2818,249,18,664,18,949
2821,201,18,664,18,901
2822,184,18,664,18,884
2823,167,18,664,18,867
2825,135,18,664,18,835
2827,99,18,664,18,799
2828,82,18,664,18,782
2831,32,18,664,18,732
2832,85,13,600,18,716
2833,69,13,600,18,700
2834,51,13,600,18,682
2836,21,13,600,18,652
2837,13,35,565,18,631
2838,16,19,565,18,618
2839,86,31,467,18,602
2841,51,31,467,18,567
2842,36,31,467,18,552
2843,34,15,467,18,534
2844,31,35,1134,18,1218
2845,82,35,1067,18,1202
2846,87,15,1067,18,1187
2847,70,15,1067,18,1170
2848,52,15,1067,18,1152
2849,36,15,1067,18,1136
2850,101,33,968,18,1120
2851,81,33,968,18,1100
2852,66,33,968,18,1085
2853,667,17,367,18,1069
2855,635,17,367,18,1037
2856,617,17,367,18,1019
2857,596,17,367,18,998
2859,568,17,367,18,970
2860,549,17,367,18,951
2862,517,17,367,18,919
2863,502,17,367,18,904
2865,467,17,367,18,869
2866,450,17,367,18,852
2867,434,17,367,18,836
2869,401,17,367,18,803
2870,383,17,367,18,785
2871,366,17,367,18,768
2873,334,17,367,18,736
2874,318,17,367,18,720
2876,284,17,367,18,686
2877,267,17,367,18,669
2878,249,17,367,18,651
2879,235,17,367,18,637
2880,217,17,367,18,619
2882,184,17,367,18,586
2883,168,17,367,18,570
2886,117,17,367,18,519
2887,149,33,302,18,502
2888,133,33,302,18,486
2890,99,33,302,18,452
2892,65,33,302,18,418
2896,83,19,633,17,752
2900,14,19,633,17,683
2901,19,33,600,17,669
2903,33,16,568,17,634
2904,16,16,568,17,617
2906,85,17,466,17,585
2907,750,33,136,16,935
2909,719,33,136,16,904
2910,699,33,136,16,884
2911,681,33,136,16,866
2912,664,33,136,16,849
2913,649,33,136,16,834
2914,633,33,136,16,818
2915,615,33,136,16,800
2917,580,33,136,16,765
2918,564,33,136,16,749
2920,531,33,136,16,716
2922,500,33,136,16,685
2923,484,33,136,16,669
2924,465,33,136,16,650
2925,450,33,136,16,635
2927,414,33,136,16,599
2928,400,33,136,16,585
2929,381,33,136,16,566
2930,366,33,136,16,551
2931,349,33,136,16,534
2932,332,33,136,16,517
2933,314,33,136,16,499
2934,300,33,136,16,485
2935,284,33,136,16,469
2936,266,33,136,16,451
2938,735,34,50,14,833
2941,683,34,50,14,781
2942,668,34,50,14,766
2943,652,34,50,14,750
2944,634,34,50,14,732
2946,600,34,50,14,698
2947,586,34,50,14,684
2948,566,34,50,14,664
2949,551,34,50,14,649
2952,502,34,50,14,600
2955,450,34,50,14,548
2957,418,34,50,14,516
2958,402,34,50,14,500
2959,383,34,50,14,481
2960,369,34,50,14,467
2961,352,34,50,14,450
2962,333,34,50,14,431
2963,317,34,50,14,415
2964,300,34,50,14,398
2965,285,34,50,14,383
2966,268,34,50,14,366
2968,235,34,50,14,333
2969,218,34,50,14,316
2972,167,34,50,14,265
2974,316,17,34,18,385
2975,300,17,34,18,369
2976,283,17,34,18,352
2977,267,17,34,18,336
2978,334,35,31,19,419
2980,299,35,31,19,384
2981,284,35,31,19,369
2982,265,35,31,19,350
2983,250,35,31,19,335
2984,681,18,49,18,766
2985,665,18,49,18,750
2987,631,18,49,18,716
2989,599,18,49,18,684
2990,583,18,49,18,668
2991,567,18,49,18,652
2994,517,18,49,18,602
2995,498,18,49,18,583
2996,483,18,49,18,568
2997,465,18,49,18,550
2998,450,18,49,18,535
3000,415,18,49,18,500
3001,398,18,49,18,483
3003,365,18,49,18,450
3006,317,18,49,18,402
3007,518,30,315,17,880
3009,488,30,315,17,850
3010,469,30,315,17,831
3011,453,30,315,17,815
3012,438,30,315,17,800
3014,404,30,315,17,766
3015,387,30,315,17,749
3016,371,30,315,17,733
3019,319,30,315,17,681
3020,304,30,315,17,666
3022,270,30,315,17,632
3023,255,30,315,17,617
3024,235,30,315,17,597
3026,203,30,315,17,565
3027,187,30,315,17,549
3028,170,30,315,17,532
3029,154,30,315,17,516
3031,119,30,315,17,481
3032,105,30,315,17,467
3033,86,30,315,17,448
3035,54,30,315,17,416
3036,38,30,315,17,400
3037,151,33,182,17,383
3038,130,33,182,17,362
3040,100,33,182,17,332
3041,84,33,182,17,316
3043,50,33,182,17,282
3044,35,33,182,17,267
3045,18,33,182,17,250
3047,267,16,301,16,600
3048,250,16,301,16,583
3050,216,16,301,16,549
3051,199,16,301,16,532
3052,183,16,301,16,516
3053,166,16,301,16,499
3054,150,16,301,16,483
3056,116,16,301,16,449
3058,85,16,301,16,418
3061,33,16,301,16,366
3062,116,17,217,17,367
3063,99,17,217,17,350
3064,83,17,217,17,334
3065,102,17,182,17,318
3066,85,17,182,17,301
3068,51,17,182,17,267
3071,17,32,150,17,216
3072,17,15,150,17,199
3073,15,33,117,17,182
3074,33,34,83,17,167
3075,35,16,83,17,151
3076,34,34,49,17,134
3078,83,17,32,17,149
3079,66,17,32,17,132
3082,33,32,103,14,182
3083,34,15,103,14,166
3084,84,16,35,14,149
3085,67,16,35,14,132
3086,117,18,34,16,185
3088,83,18,34,16,151
3089,65,18,34,16,133
3090,49,18,34,16,117
3093,34,18,33,17,102
3094,16,18,33,17,84
3095,18,33,17,16,84
3097,17,33,16,17,83
3098,49,17,16,17,99
3099,32,17,16,17,82
3100,16,17,16,17,66
3101,17,33,83,18,151
3103,33,17,50,18,118
3104,16,17,50,18,101
3105,117,35,16,17,185
3106,100,35,16,17,168
3107,83,35,16,17,151
3108,251,15,19,15,300
3109,234,15,19,15,283
3110,216,15,19,15,265
3111,200,15,19,15,249
3112,184,15,19,15,233
3113,168,15,19,15,217
3114,149,15,19,15,198
3116,116,15,19,15,165
3117,99,15,19,15,148
3118,83,15,19,15,132
3119,68,15,19,15,117
3121,34,15,19,15,83
3122,18,15,19,15,67
3123,15,34,84,18,151
3125,84,33,16,17,150
3126,69,33,16,17,135
3127,52,33,16,17,118
3128,83,17,17,17,134
3129,68,17,17,17,119
3130,49,17,17,17,100
3132,16,17,17,17,67
3133,34,17,15,17,83
3134,17,17,15,17,66
3136,15,17,17,16,65
3138,17,16,117,18,168
3139,16,34,83,18,151
3140,16,18,83,18,135
3142,150,15,18,16,199
3146,84,15,18,16,133
3147,82,34,18,16,150
3149,48,34,18,16,116
3150,33,34,18,16,101
3151,15,34,18,16,83
3152,134,34,50,18,236
3153,116,34,50,18,218
3155,82,34,50,18,184
3157,49,34,50,18,151
3158,32,34,50,18,134
3159,16,34,50,18,118
3161,18,34,16,18,86
3164,34,31,34,17,116
3165,1051,32,183,16,1282
3167,1018,32,183,16,1249
3168,1002,32,183,16,1233
3169,985,32,183,16,1216
3170,968,32,183,16,1199
3172,935,32,183,16,1166
3175,884,32,183,16,1115
3176,868,32,183,16,1099
3177,852,32,183,16,1083
3178,834,32,183,16,1065
3180,802,32,183,16,1033
3182,768,32,183,16,999
3183,752,32,183,16,983
3184,735,32,183,16,966
3185,717,32,183,16,948
3187,684,32,183,16,915
3188,669,32,183,16,900
3189,650,32,183,16,881
3192,602,32,183,16,833
3193,583,32,183,16,814
3196,534,32,183,16,765
3199,486,32,183,16,717
3201,452,32,183,16,683
3202,434,32,183,16,665
3203,417,32,183,16,648
3204,401,32,183,16,632
3206,367,32,183,16,598
3207,350,32,183,16,581
3208,335,32,183,16,566
3211,284,32,183,16,515
3212,268,32,183,16,499
3214,235,32,183,16,466
3216,234,33,150,16,433
3217,215,33,150,16,414
3218,199,33,150,16,398
3219,183,33,150,16,382
3220,166,33,150,16,365
3221,151,33,150,16,350
3222,132,33,150,16,331
3224,100,33,150,16,299
3225,82,33,150,16,281
3226,68,33,150,16,267
3227,51,33,150,16,250
3228,315,18,149,16,498
3229,300,18,149,16,483
3231,266,18,149,16,449
3232,250,18,149,16,433
3233,232,18,149,16,415
3234,216,18,149,16,399
3235,201,18,149,16,384
3236,181,18,149,16,364
3238,149,18,149,16,332
3239,133,18,149,16,316
3241,100,18,149,16,283
3242,84,18,149,16,267
3243,150,34,81,20,285
3244,133,34,81,20,268
3245,116,34,81,20,251
3247,100,17,81,20,218
3249,66,17,81,20,184
3250,50,17,81,20,168
3252,17,17,81,20,135
3256,236,33,49,16,334
3258,202,33,49,16,300
3259,187,33,49,16,285
3262,134,33,49,16,232
3263,121,33,49,16,219
3265,82,33,49,16,180
3267,165,17,167,16,365
3269,133,17,167,16,333
3270,115,17,167,16,315
3271,99,17,167,16,299
3272,82,17,167,16,282
3273,66,17,167,16,266
3274,48,17,167,16,248
3275,33,17,167,16,233
3277,34,17,133,16,200
3278,34,32,101,16,183
3279,84,33,33,16,166
3280,83,17,33,16,149
3281,66,17,33,16,132
3282,51,17,33,16,117
3283,34,17,33,16,100
3284,166,34,115,16,331
3286,133,34,115,16,298
3287,116,34,115,16,281
3288,100,34,115,16,265
3289,84,34,115,16,249
3290,62,34,115,16,227
3291,51,34,115,16,216
3293,17,34,115,16,182
3294,18,16,115,16,165
3295,16,33,82,16,147
3296,0,33,82,16,131
3297,35,15,84,18,152
3298,17,15,84,18,134
3299,417,33,82,18,550
3300,402,33,82,18,535
3301,384,33,82,18,517
3304,336,33,82,18,469
3306,300,33,82,18,433
3307,284,33,82,18,417
3309,251,33,82,18,384
3310,234,33,82,18,367
3311,218,33,82,18,351
3312,200,33,82,18,333
3314,168,33,82,18,301
3315,150,33,82,18,283
3316,134,33,82,18,267
3317,119,33,82,18,252
3318,101,33,82,18,234
3319,84,33,82,18,217
3321,52,33,82,18,185
3322,34,33,82,18,167
3324,83,17,50,16,166
3326,82,18,33,17,150
3327,65,18,33,17,133
3328,48,18,33,17,116
3330,33,33,17,17,100
3331,35,16,17,17,85
3332,33,34,17,16,100
3333,33,17,17,16,83
3334,199,34,34,15,282
3335,182,34,34,15,265
3336,165,34,34,15,248
3342,65,34,34,15,148
3343,48,34,34,15,131
3344,31,34,34,15,114
3345,15,34,34,15,98
3346,0,34,34,15,83
3348,17,17,15,18,67
3349,84,33,32,16,165
3350,67,33,32,16,148
3352,34,33,32,16,115
3353,16,33,32,16,97
3354,16,17,32,16,81
3355,83,34,17,15,149
3356,150,15,35,15,215
3357,148,35,15,18,216
3358,133,35,15,18,201
3360,99,35,15,18,167
3362,150,16,16,17,199
3364,118,16,16,17,167
3366,85,16,16,17,134
3367,116,33,150,17,316
3368,99,33,150,17,299
3369,84,33,150,17,284
3370,66,33,150,17,266
3371,49,33,150,17,249
3372,33,33,150,17,233
3373,435,15,151,17,618
3374,418,15,151,17,601
3376,385,15,151,17,568
3377,367,15,151,17,550
3378,351,15,151,17,534
3379,333,15,151,17,516
3381,302,15,151,17,485
3383,267,15,151,17,450
3384,252,15,151,17,435
3385,235,15,151,17,418
3386,468,33,14,17,532
3387,452,33,14,17,516
3388,433,33,14,17,497
3393,350,33,14,17,414
3396,300,33,14,17,364
3397,284,33,14,17,348
3398,266,33,14,17,330
3399,250,33,14,17,314
3400,235,33,14,17,299
3401,217,33,14,17,281
3402,200,33,14,17,264
3403,186,33,14,17,250
3404,167,33,14,17,231
3406,183,17,34,17,251
3407,164,17,34,17,232
3408,148,17,34,17,216
3409,148,34,17,18,217
3410,131,34,17,18,200
3411,114,34,17,18,183
3413,82,34,17,18,151
3415,147,35,18,15,215
3417,117,35,18,15,185
3419,83,35,18,15,151
3420,66,35,18,15,134
3421,84,33,33,17,167
3422,66,33,33,17,149
3423,47,33,33,17,130
3424,253,16,85,14,368
3425,234,16,85,14,349
3427,200,16,85,14,315
3428,249,17,20,14,300
3430,216,17,20,14,267
3431,199,17,20,14,250
3432,183,17,20,14,234
3434,149,17,20,14,200
3435,133,17,20,14,184
3436,153,14,33,33,233
3438,118,14,33,33,198
3439,101,14,33,33,181
3441,68,14,33,33,148
3442,53,14,33,33,133
3443,37,14,33,33,117
3444,20,14,33,33,100
3445,80,33,85,17,215
3447,51,33,85,17,186
3448,33,33,85,17,168
3450,0,33,85,17,135
3451,233,16,33,18,300
3452,218,16,33,18,285
3453,200,16,33,18,267
3454,184,16,33,18,251
3455,166,16,33,18,233
3456,150,16,33,18,217
3458,116,16,33,18,183
3459,100,16,33,18,167
3460,83,16,33,18,150
3461,83,33,36,16,168
3462,66,33,36,16,151
3463,48,33,36,16,133
3464,34,33,36,16,119
3465,85,31,50,18,184
3466,351,16,83,18,468
3467,335,16,83,18,452
3468,318,16,83,18,435
3469,300,16,83,18,417
3470,282,16,83,18,399
3473,234,16,83,18,351
3474,218,16,83,18,335
3475,201,16,83,18,318
3477,168,16,83,18,285
3478,149,16,83,18,266
3479,151,34,83,15,283
3480,133,34,83,15,265
3484,66,34,83,15,198
3485,84,33,83,17,217
3489,33,16,83,17,149
3490,83,15,18,17,133
3491,66,15,18,17,116
3492,83,17,150,16,266
3493,118,33,151,15,317
3494,100,33,151,15,299
3495,84,33,151,15,283
3496,69,33,151,15,268
3498,34,33,151,15,233
3500,149,35,15,17,216
3502,215,18,16,17,266
3505,166,18,16,17,217
3506,150,18,16,17,201
3508,116,18,16,17,167
3509,99,18,16,17,150
3510,84,18,16,17,135
3511,82,33,18,16,149
3513,50,33,18,16,117
3515,18,33,18,16,85
3520,82,17,235,17,351
3524,135,31,102,17,285
3527,84,31,102,17,234
3529,81,35,67,17,200
3530,65,35,67,17,184
3532,82,16,35,17,150
3533,100,18,31,19,168
3534,84,18,31,19,152
3537,33,18,31,19,101
3538,85,16,116,17,234
3541,33,16,116,17,182
3542,35,33,83,17,168
3543,32,17,83,17,149
3545,35,14,85,17,151
3546,32,36,49,17,134
3547,32,18,49,17,116
3550,32,34,33,17,116
3551,17,34,33,17,101
3553,83,33,17,15,148
3554,84,15,17,15,131
3555,84,32,18,17,151
3556,167,34,16,16,233
3557,150,34,16,16,216
3558,134,34,16,16,200
3559,116,34,16,16,182
3560,101,34,16,16,167
3561,84,34,16,16,150
3563,51,34,16,16,117
3564,34,34,16,16,100
3565,66,16,19,14,115
3566,50,16,19,14,99
3567,148,33,119,18,318
3568,131,33,119,18,301
3569,115,33,119,18,285
3570,99,33,119,18,269
3571,280,35,115,17,447
3572,266,35,115,17,433
3573,249,35,115,17,416
3574,232,35,115,17,399
3575,216,35,115,17,383
3576,200,35,115,17,367
3577,181,35,115,17,348
3578,167,35,115,17,334
3579,149,35,115,17,316
3582,100,35,115,17,267
3583,84,35,115,17,251
3584,81,18,115,17,231
3586,47,18,115,17,197
3587,32,18,115,17,182
3588,17,18,115,17,167
3589,33,18,82,17,150
3590,15,18,82,17,132
3594,33,34,134,15,216
3595,14,34,134,15,197
3596,17,17,134,15,183
3597,0,17,134,15,166
3598,16,19,99,15,149
3599,67,19,47,18,151
3600,48,19,47,18,132
3601,34,19,47,18,118
3602,15,19,47,18,99
3603,84,35,14,17,150
3607,18,35,14,17,84
3608,16,19,14,17,66
3609,85,34,248,17,384
3610,66,34,248,17,365
3612,35,34,248,17,334
3613,16,34,248,17,315
3615,33,18,215,17,283
3619,17,33,150,17,217
3620,117,17,49,17,200
3621,100,17,49,17,183
3622,84,17,49,17,167
3624,48,17,49,17,131
3625,34,17,49,17,117
3627,17,33,82,18,150
3629,18,33,49,18,118
3630,33,34,217,16,300
3632,83,16,152,16,267
3633,67,16,152,16,251
3635,34,16,152,16,218
3636,82,19,83,16,200
3637,66,19,83,16,184
3638,50,19,83,16,168
3640,16,19,83,16,134
3641,19,35,48,16,118
3643,84,33,33,18,168
3644,64,33,33,18,148
3645,84,33,18,16,151
3647,100,16,83,17,216
3649,67,16,83,17,183
3650,51,16,83,17,167
3651,35,16,83,17,151
3652,18,16,83,17,134
3655,17,32,34,17,100
3657,33,17,17,17,84
3658,17,17,17,17,68
3660,0,34,16,16,66
3661,183,50,20,12,265
3663,150,50,20,12,232
3664,134,50,20,12,216
3665,117,50,20,12,199
3666,434,33,85,15,567
3667,417,33,85,15,550
3668,400,33,85,15,533
3669,383,33,85,15,516
3670,367,33,85,15,500
3671,350,33,85,15,483
3672,751,15,83,18,867
3676,681,15,83,18,797
3678,651,15,83,18,767
3679,635,15,83,18,751
3680,619,15,83,18,735
3681,602,15,83,18,718
3682,584,15,83,18,700
3683,567,15,83,18,683
3684,550,15,83,18,666
3686,517,15,83,18,633
3688,486,15,83,18,602
3689,469,15,83,18,585
3690,451,15,83,18,567
3691,433,15,83,18,549
3692,418,15,83,18,534
3693,401,15,83,18,517
3696,351,15,83,18,467
3701,267,15,83,18,383
3702,251,15,83,18,367
3703,236,15,83,18,352
3704,215,15,83,18,331
3705,202,15,83,18,318
3707,167,15,83,18,283
3708,150,15,83,18,266
3713,166,18,16,17,217
3714,384,31,101,17,533
3715,368,31,101,17,517
3716,350,31,101,17,499
3717,333,31,101,17,482
3718,318,31,101,17,467
3722,251,31,101,17,400
3723,235,31,101,17,384
3724,217,31,101,17,366
3726,184,31,101,17,333
3727,167,31,101,17,316
3729,135,31,101,17,284
3731,101,31,101,17,250
3733,66,31,101,17,215
3735,34,31,101,17,183
3737,149,33,166,19,367
3739,118,33,166,19,336
3740,100,33,166,19,318
3742,201,34,32,19,286
3743,183,34,32,19,268
3744,165,34,32,19,250
3745,150,34,32,19,235
3746,133,34,32,19,218
3749,83,34,32,19,168
3752,34,34,32,19,119
3756,32,35,16,18,101
3758,35,34,115,16,200
3759,249,34,233,15,531
3760,233,34,233,15,515
3761,217,34,233,15,499
3762,199,34,233,15,481
3763,182,34,233,15,464
3764,167,34,233,15,449
3765,200,18,200,15,433
3766,182,18,200,15,415
3767,165,18,200,15,398
3768,150,18,200,15,383
3769,334,17,150,16,517
3773,266,17,150,16,449
3774,250,17,150,16,433
3778,183,17,150,16,366
3780,151,17,150,16,334
3782,117,17,150,16,300
3783,101,17,150,16,284
3784,85,17,150,16,268
3786,51,17,150,16,234
3788,86,13,85,16,200
3789,69,13,85,16,183
3790,52,13,85,16,166
3792,19,13,85,16,133
3793,13,33,52,16,114
3794,17,16,52,16,101
3795,16,34,18,16,84
3796,86,16,17,16,135
3798,85,16,32,17,150
3799,67,16,32,17,132
3800,51,16,32,17,116
3801,33,16,32,17,98
3802,17,16,32,17,82
3803,0,16,32,17,65
3804,16,16,17,18,67
3805,16,35,17,15,83
3806,17,18,17,15,67
3807,35,15,85,16,151
3808,82,17,50,18,167
3809,65,17,50,18,150
3810,50,17,50,18,135
3812,83,18,17,15,133
3813,67,18,17,15,117
3814,50,18,17,15,100
3815,32,18,17,15,82
3816,16,18,17,15,66
3817,233,18,15,18,284
3821,167,18,15,18,218
3822,150,18,15,18,201
3823,133,18,15,18,184
3825,100,18,15,18,151
3827,65,18,15,18,116
3828,50,18,15,18,101
3830,14,18,15,18,65
3832,166,33,102,32,333
3833,151,33,102,32,318
3834,217,16,35,32,300
3836,184,16,35,32,267
3837,168,16,35,32,251
3838,151,16,35,32,234
3839,133,16,35,32,216
3841,99,16,35,32,182
3843,85,35,32,17,169
3844,67,35,32,17,151
3846,34,35,32,17,118
3847,150,33,82,19,284
3849,117,33,82,19,251
3853,83,32,50,19,184
3854,68,32,50,19,169
3855,49,32,50,19,150
3856,33,32,50,19,134
3857,32,16,50,19,117
3859,16,34,84,15,149
3860,86,16,16,15,133
3861,67,16,16,15,114
3865,16,31,34,17,98
3867,15,34,17,17,83
3868,0,34,17,17,68
3869,17,34,83,18,152
3870,34,35,48,18,135
3871,17,35,48,18,118
3873,33,32,134,16,215
3875,32,18,116,16,182
3876,18,18,116,16,168
3877,134,16,351,16,517
3879,99,16,351,16,482
3880,83,16,351,16,466
3881,67,16,351,16,450
3882,50,16,351,16,433
3884,17,16,351,16,400
3885,16,33,318,16,383
3887,17,35,283,16,351
3888,84,16,218,16,334
3889,66,16,218,16,316
3890,49,16,218,16,299
3891,33,16,218,16,283
3892,165,36,181,16,398
3894,133,36,181,16,366
3895,114,36,181,16,347
3897,82,36,181,16,315
3898,67,36,181,16,300
3899,50,36,181,16,283
3900,182,17,150,18,367
3901,166,17,150,18,351
3902,150,17,150,18,335
3903,133,17,150,18,318
3904,147,19,115,18,299
3905,350,32,31,19,432
3907,317,32,31,19,399
3911,252,32,31,19,334
3912,235,32,31,19,317
3913,219,32,31,19,301
3914,200,32,31,19,282
3915,185,32,31,19,267
3916,169,32,31,19,251
3918,132,32,31,19,214
3919,118,32,31,19,200
3921,235,15,83,17,350
3924,185,15,83,17,300
3925,167,15,83,17,282
3927,135,15,83,17,250
3928,118,15,83,17,233
3929,101,15,83,17,216
3930,87,15,83,17,202
3931,68,15,83,17,183
3932,51,15,83,17,166
3933,99,19,83,16,217
3934,84,19,83,16,202
3935,132,17,82,20,251
3936,117,17,82,20,236
3937,99,17,82,20,218
3939,67,17,82,20,186
3940,48,17,82,20,167
3941,34,17,82,20,153
3942,17,17,82,20,136
3943,17,34,149,17,217
3945,32,16,283,18,349
3946,16,16,283,18,333
3947,16,36,247,18,317
3949,184,35,101,14,334
3950,164,35,101,14,314
3951,149,35,101,14,299
3952,133,35,101,14,283
3953,115,35,101,14,265
3955,83,35,101,14,233
3956,66,35,101,14,216
3957,52,35,101,14,202
3959,35,17,101,14,167
3961,118,31,217,19,385
3962,101,31,217,19,368
3963,85,31,217,19,352
3964,70,31,217,19,337
3965,53,31,217,19,320
3966,35,31,217,19,302
3967,18,31,217,19,285
3969,0,17,217,19,253
3972,35,32,116,19,202
3974,32,32,84,19,167
3976,32,34,50,19,135
3977,16,34,50,19,119
3978,19,15,50,19,103
3979,65,19,33,14,131
3980,50,19,33,14,116
3981,33,19,33,14,99
3982,15,19,33,14,81
3984,0,33,14,17,64
3986,14,17,16,17,64
3987,85,32,17,16,150
3990,35,32,17,16,100
3991,33,16,17,16,82
3994,200,35,33,16,284
3995,183,35,33,16,267
3997,150,35,33,16,234
3999,114,35,33,16,198
4000,100,35,33,16,184
4001,84,35,33,16,168
4002,66,35,33,16,150
4003,50,35,33,16,134
4004,33,35,33,16,117
4005,15,35,33,16,99
4006,35,33,116,17,201
4008,0,33,116,17,166
4009,86,31,16,17,150
4010,69,31,16,17,133
4011,53,31,16,17,117
4013,84,34,115,16,249
4015,51,34,115,16,216
4020,16,16,83,16,131
4021,33,16,50,16,115
4022,17,16,50,16,99
4024,16,18,16,16,66
4026,83,16,34,18,151
4027,67,16,34,18,135
4029,150,31,19,16,216
4031,118,31,19,16,184
4032,102,31,19,16,168
4033,83,31,19,16,149
4035,50,31,19,16,116
4036,34,31,19,16,100
4038,200,31,188,14,433
4040,169,31,188,14,402
4041,150,31,188,14,383
4042,134,31,188,14,367
4043,117,31,188,14,350
4045,83,31,188,14,316
4046,68,31,188,14,301
4047,51,31,188,14,284
4048,35,31,188,14,268
4049,69,14,155,14,252
4050,50,14,155,14,233
4051,33,14,155,14,216
4052,19,14,155,14,202
4053,32,16,352,17,417
4054,85,16,285,17,403
4055,67,16,285,17,385
4056,135,34,183,17,369
4058,101,34,183,17,335
4060,68,34,183,17,302
4061,49,34,183,17,283
4062,34,34,183,17,268
4063,48,32,151,17,248
4064,34,32,151,17,234
4065,17,32,151,17,217
4066,13,19,151,17,200
4068,83,18,50,17,168
4071,82,35,48,17,182
4072,65,35,48,17,165
4076,18,17,48,17,100
4077,165,17,83,17,282
4079,133,17,83,17,250
4081,100,17,83,17,217
4083,64,17,83,17,181
4085,31,17,83,17,148
4086,14,17,83,17,131
4087,17,37,147,17,218
4089,18,30,117,17,182
4093,33,19,148,18,218
4095,85,33,116,17,251
4096,66,33,116,17,232
4097,53,33,116,17,219
4099,34,16,116,17,183
4100,17,16,116,17,166
4101,83,32,218,17,350
4103,50,32,218,17,317
4104,34,32,218,17,301
4105,18,32,218,17,285
4106,32,34,184,17,267
4107,33,17,184,17,251
4108,34,32,152,17,235
4109,34,15,152,17,218
4110,32,36,116,17,201
4111,15,36,116,17,184
4112,19,17,116,17,169
4113,133,17,181,19,350
4115,100,17,181,19,317
4116,82,17,181,19,299
4117,84,33,148,19,284
4118,450,15,35,16,516
4120,417,15,35,16,483
4122,383,15,35,16,449
4123,366,15,35,16,432
4124,350,15,35,16,416
4126,318,15,35,16,384
4127,302,15,35,16,368
4128,284,15,35,16,350
4129,268,15,35,16,334
4130,251,15,35,16,317
4131,235,15,35,16,301
4132,218,15,35,16,284
4133,202,15,35,16,268
4134,183,15,35,16,249
4135,169,15,35,16,235
4136,149,15,35,16,215
4137,133,15,35,16,199
4138,117,15,35,16,183
4141,83,35,87,13,218
4143,50,35,87,13,185
4145,499,18,282,17,816
4147,466,18,282,17,783
4148,449,18,282,17,766
4149,433,18,282,17,750
4150,416,18,282,17,733
4151,401,18,282,17,718
4154,349,18,282,17,666
4155,332,18,282,17,649
4157,484,32,901,17,1434
4159,451,32,901,17,1401
4160,434,32,901,17,1384
4162,400,32,901,17,1350
4163,385,32,901,17,1335
4164,367,32,901,17,1317
4165,351,32,901,17,1301
4166,334,32,901,17,1284
4167,316,32,901,17,1266
4168,301,32,901,17,1251
4169,283,32,901,17,1233
4170,266,32,901,17,1216
4171,249,32,901,17,1199
4174,200,32,901,17,1150
4175,184,32,901,17,1134
4177,149,32,901,17,1099
4179,117,32,901,17,1067
4180,101,32,901,17,1051
4181,84,32,901,17,1034
4183,48,32,901,17,998
4184,151,17,800,17,985
4185,131,17,800,17,965
4187,100,17,800,17,934
4190,50,17,800,17,884
4191,34,17,800,17,868
4192,33,34,766,17,850
4194,34,32,734,17,817
4195,18,32,734,17,801
4196,16,16,734,17,783
4197,466,19,265,17,767
4199,433,19,265,17,734
4200,416,19,265,17,717
4203,366,19,265,17,667
4204,348,19,265,17,649
4205,417,35,166,17,635
4206,400,35,166,17,618
4208,367,35,166,17,585
4209,349,35,166,17,567
4210,332,35,166,17,550
4211,314,35,166,17,532
4213,278,35,166,17,496
4214,267,35,166,17,485
4215,248,35,166,17,466
4217,216,35,166,17,434
4218,198,35,166,17,416
4219,181,35,166,17,399
4221,149,35,166,17,367
4222,132,35,166,17,350
4223,114,35,166,17,332
4225,83,35,166,17,301
4226,64,35,166,17,282
4227,49,35,166,17,267
4228,33,35,166,17,251
4229,15,35,166,17,233
4230,17,18,166,17,218
4231,34,17,133,17,201
4232,33,33,100,17,183
4236,17,15,201,16,249
4237,32,17,167,16,232
4239,34,17,133,16,200
4240,17,17,133,16,183
4243,0,15,101,16,132
4244,85,16,16,19,136
4245,66,16,16,19,117
4246,181,18,717,15,931
4247,167,18,717,15,917
4249,132,18,717,15,882
4250,185,15,651,15,866
4251,169,15,651,15,850
4252,150,15,651,15,831
4253,133,15,651,15,814
4254,118,15,651,15,799
4255,103,15,651,15,784
4256,84,15,651,15,765
4257,69,15,651,15,750
4259,34,15,651,15,715
4260,34,34,617,15,700
4262,84,16,551,15,666
4265,33,16,551,15,615
4267,85,32,450,15,582
4268,69,32,450,15,566
4269,52,32,450,15,549
4270,34,32,450,15,531
4271,34,17,450,15,516
4272,381,18,83,15,497
4274,349,18,83,15,465
4276,316,18,83,15,432
4278,282,18,83,15,398
4280,249,18,83,15,365
4281,233,18,83,15,349
4283,200,18,83,15,316
4284,184,18,83,15,300
4286,683,16,184,17,900
4287,667,16,184,17,884
4288,648,16,184,17,865
4289,634,16,184,17,851
4290,615,16,184,17,832
4293,565,16,184,17,782
4295,533,16,184,17,750
4296,515,16,184,17,732
4297,499,16,184,17,716
4298,482,16,184,17,699
4300,448,16,184,17,665
4301,432,16,184,17,649
4303,401,16,184,17,618
4308,316,16,184,17,533
4309,299,16,184,17,516
4311,267,16,184,17,484
4312,249,16,184,17,466
4315,199,16,184,17,416
4316,450,18,14,16,498
4317,434,18,14,16,482
4318,417,18,14,16,465
4320,383,18,14,16,431
4321,367,18,14,16,415
4323,334,18,14,16,382
4324,317,18,14,16,365
4326,285,18,14,16,333
4327,268,18,14,16,316
4328,252,18,14,16,300
4329,233,18,14,16,281
4331,201,18,14,16,249
4332,185,18,14,16,233
4336,117,18,14,16,165
4337,100,18,14,16,148
4338,85,18,14,16,133
4339,68,18,14,16,116
4340,51,18,14,16,99
4342,18,18,14,16,66
4343,32,16,84,19,151
4345,33,18,149,18,218
4347,86,31,50,18,185
4348,68,31,50,18,167
4349,51,31,50,18,150
4350,36,31,50,18,135
4351,19,31,50,18,118
4354,34,34,16,15,99
4357,18,31,18,33,100
4358,566,38,212,17,833
4360,535,38,212,17,802
4361,517,38,212,17,784
4362,502,38,212,17,769
4363,484,38,212,17,751
4364,468,38,212,17,735
4365,451,38,212,17,718
4366,434,38,212,17,701
4367,417,38,212,17,684
4368,399,38,212,17,666
4370,367,38,212,17,634
4371,350,38,212,17,617
4374,300,38,212,17,567
4376,267,38,212,17,534
4379,217,38,212,17,484
4380,201,38,212,17,468
4381,184,38,212,17,451
4382,167,38,212,17,434
4383,150,38,212,17,417
4385,117,38,212,17,384
4386,100,38,212,17,367
4387,734,16,86,16,852
4389,700,16,86,16,818
4390,682,16,86,16,800
4391,666,16,86,16,784
4392,649,16,86,16,767
4394,611,16,86,16,729
4397,567,16,86,16,685
4398,548,16,86,16,666
4400,515,16,86,16,633
4401,500,16,86,16,618
4404,449,16,86,16,567
4405,431,16,86,16,549
4406,416,16,86,16,534
4407,399,16,86,16,517
4408,382,16,86,16,500
4411,331,16,86,16,449
4412,315,16,86,16,433
4413,300,16,86,16,418
4414,281,16,86,16,399
4415,267,16,86,16,385
4417,500,17,33,15,565
4419,462,17,33,15,527
4420,451,17,33,15,516
4421,435,17,33,15,500
4422,417,17,33,15,482
4424,383,17,33,15,448
4425,366,17,33,15,431
4427,468,14,284,18,784
4428,452,14,284,18,768
4429,1566,20,47,18,1651
4430,1549,20,47,18,1634
4431,1534,20,47,18,1619
4432,1518,20,47,18,1603
4434,1483,20,47,18,1568
4435,1465,20,47,18,1550
4437,1432,20,47,18,1517
4438,1416,20,47,18,1501
4439,1400,20,47,18,1485
4442,1350,20,47,18,1435
4443,1334,20,47,18,1419
4444,1317,20,47,18,1402
4445,1300,20,47,18,1385
4446,1283,20,47,18,1368
4448,1249,20,47,18,1334
4449,1234,20,47,18,1319
4450,1216,20,47,18,1301
4451,1201,20,47,18,1286
4452,1184,20,47,18,1269
4453,1165,20,47,18,1250
4454,1149,20,47,18,1234
4455,1132,20,47,18,1217
4457,1099,20,47,18,1184
4458,1083,20,47,18,1168
4460,1051,20,47,18,1136
4461,1032,20,47,18,1117
4465,965,20,47,18,1050
4467,934,20,47,18,1019
4468,915,20,47,18,1000
4469,900,20,47,18,985
4470,883,20,47,18,968
4471,867,20,47,18,952
4472,1083,18,83,17,1201
4473,1066,18,83,17,1184
4474,1048,18,83,17,1166
4475,1032,18,83,17,1150
4477,997,18,83,17,1115
4480,948,18,83,17,1066
4481,933,18,83,17,1051
4482,916,18,83,17,1034
4483,899,18,83,17,1017
4484,881,18,83,17,999
4485,866,18,83,17,984
4486,847,18,83,17,965
4487,830,18,83,17,948
4488,815,18,83,17,933
4489,797,18,83,17,915
4490,781,18,83,17,899
4491,764,18,83,17,882
4492,747,18,83,17,865
4493,732,18,83,17,850
4495,697,18,83,17,815
4497,667,18,83,17,785
4498,650,18,83,17,768
4499,632,18,83,17,750
4500,616,18,83,17,734
4501,599,18,83,17,717
4502,582,18,83,17,700
4503,567,18,83,17,685
4504,550,18,83,17,668
4505,531,18,83,17,649
4506,516,18,83,17,634
4507,497,18,83,17,615
4508,482,18,83,17,600
4509,549,33,17,16,615
4510,532,33,17,16,598
4512,500,33,17,16,566
4513,483,33,17,16,549
4517,416,33,17,16,482
4518,401,33,17,16,467
4520,368,33,17,16,434
4521,349,33,17,16,415
4522,335,33,17,16,401
4523,317,33,17,16,383
4524,297,33,17,16,363
4525,285,33,17,16,351
4526,265,33,17,16,331
4527,250,33,17,16,316
4528,232,33,17,16,298
4530,201,33,17,16,267
4533,149,33,17,16,215
4536,101,33,17,16,167
4538,67,33,17,16,133
4540,35,33,17,16,101
4542,101,34,32,19,186
4543,85,34,32,19,170
4545,51,34,32,19,136
4546,35,34,32,19,120
4547,18,34,32,19,103
4548,133,34,15,17,199
4549,116,34,15,17,182
4550,99,34,15,17,165
4551,83,34,15,17,149
4552,67,34,15,17,133
4553,48,34,15,17,114
4554,35,34,15,17,101
4555,17,34,15,17,83
4556,83,17,149,17,266
4557,84,31,153,14,282
4559,51,31,153,14,249
4560,34,31,153,14,232
4561,17,31,153,14,215
4562,15,16,153,14,198
4565,168,16,16,21,221
4566,152,16,16,21,205
4567,133,16,16,21,186
4568,117,16,16,21,170
4569,101,16,16,21,154
4571,68,16,16,21,121
4572,51,16,16,21,104
4573,33,16,16,21,86
4574,19,16,16,21,72
4575,16,37,46,18,117
4576,16,21,46,18,101
4577,39,10,36,15,100
4578,46,18,114,17,195
4581,18,32,82,17,149
4582,99,32,119,16,266
4583,84,32,119,16,251
4584,67,32,119,16,234
4585,52,32,119,16,219
4587,33,17,119,16,185
4588,15,17,119,16,167
4589,17,34,135,16,202
4590,0,34,135,16,185
4591,516,35,115,16,682
4593,484,35,115,16,650
4594,466,35,115,16,632
4595,450,35,115,16,616
4596,432,35,115,16,598
4597,415,35,115,16,581
4599,382,35,115,16,548
4601,349,35,115,16,515
4603,316,35,115,16,482
4605,284,35,115,16,450
4606,267,35,115,16,433
4607,250,35,115,16,416
4608,232,35,115,16,398
4609,216,35,115,16,382
4610,200,35,115,16,366
4611,182,35,115,16,348
4612,167,35,115,16,333
4613,151,35,115,16,317
4614,133,35,115,16,299
4615,116,35,115,16,282
4616,101,35,115,16,267
4621,16,35,115,16,182
4623,19,33,82,16,150
4624,33,32,50,16,131
4625,99,16,18,17,150
4628,50,16,18,17,101
4629,33,16,18,17,84
4630,17,16,18,17,68
4631,34,17,15,18,84
4632,50,18,16,16,100
4633,32,18,16,16,82
4634,15,18,16,16,65
4635,34,16,17,16,83
4636,82,17,19,16,134
4638,50,17,19,16,102
4641,17,35,15,16,83
4642,35,31,718,17,801
4644,31,36,682,17,766
4645,84,33,617,17,751
4646,68,33,617,17,735
4647,50,33,617,17,717
4648,32,33,617,17,699
4649,16,33,617,17,683
4650,16,17,617,17,667
4652,33,33,551,17,634
4653,31,17,551,17,616
4654,16,17,551,17,601
4656,100,34,417,17,568
4657,81,34,417,17,549
4658,64,34,417,17,532
4659,49,34,417,17,517
4660,31,34,417,17,499
4662,34,37,380,17,468
4663,16,37,380,17,450
4664,101,33,283,17,434
4666,64,33,283,17,397
4667,50,33,283,17,383
4668,35,33,283,17,368
4669,32,18,283,17,350
4670,683,15,368,15,1081
4671,668,15,368,15,1066
4673,634,15,368,15,1032
4674,618,15,368,15,1016
4675,600,15,368,15,998
4676,583,15,368,15,981
4677,566,15,368,15,964
4678,550,15,368,15,948
4679,533,15,368,15,931
4680,516,15,368,15,914
4682,484,15,368,15,882
4683,467,15,368,15,865
4684,450,15,368,15,848
4686,417,15,368,15,815
4687,402,15,368,15,800
4688,383,15,368,15,781
4689,367,15,368,15,765
4690,350,15,368,15,748
4691,335,15,368,15,733
4692,316,15,368,15,714
4694,283,15,368,15,681
4695,267,15,368,15,665
4696,251,15,368,15,649
4697,235,15,368,15,633
4698,217,15,368,15,615
4701,166,15,368,15,564
4702,149,15,368,15,547
4703,135,15,368,15,533
4704,116,15,368,15,514
4705,102,15,368,15,500
4708,50,15,368,15,448
4710,16,15,368,15,414
4711,82,33,268,15,398
4714,83,16,234,15,348
4716,51,16,234,15,316
4718,150,17,150,17,334
4719,201,16,99,18,334
4721,166,16,99,18,299
4723,135,16,99,18,268
4724,119,16,99,18,252
4725,100,16,99,18,233
4726,85,16,99,18,218
4727,69,16,99,18,202
4728,52,16,99,18,185
4729,133,17,34,15,199
4731,98,17,34,15,164
4732,82,17,34,15,148
4733,67,17,34,15,133
4735,34,17,34,15,100
4737,35,16,34,15,100
4741,34,17,83,19,153
4742,315,18,151,14,498
4743,300,18,151,14,483
4745,267,18,151,14,450
4750,181,18,151,14,364
4753,150,32,217,17,416
4754,134,32,217,17,400
4759,83,34,183,17,317
4760,67,34,183,17,301
4761,84,34,149,17,284
4762,66,34,149,17,266
4763,48,34,149,17,248
4766,701,32,182,18,933
4768,667,32,182,18,899
4770,634,32,182,18,866
4771,616,32,182,18,848
4772,602,32,182,18,834
4773,585,32,182,18,817
4774,569,32,182,18,801
4775,549,32,182,18,781
4776,534,32,182,18,766
4777,518,32,182,18,750
4778,501,32,182,18,733
4779,483,32,182,18,715
4780,468,32,182,18,700
4783,418,32,182,18,650
4784,403,32,182,18,635
4785,384,32,182,18,616
4787,352,32,182,18,584
4788,333,32,182,18,565
4789,318,32,182,18,550
4791,284,32,182,18,516
4792,267,32,182,18,499
4793,251,32,182,18,483
4794,234,32,182,18,466
4795,216,32,182,18,448
4796,201,32,182,18,433
4797,185,32,182,18,417
4799,149,32,182,18,381
4804,67,32,182,18,299
4805,51,32,182,18,283
4806,34,32,182,18,266
4808,16,16,182,18,232
4810,36,31,2251,16,2334
4811,18,31,2251,16,2316
4814,1000,34,1217,16,2267
4815,983,34,1217,16,2250
4816,965,34,1217,16,2232
4818,933,34,1217,16,2200
4820,901,34,1217,16,2168
4821,885,34,1217,16,2152
4823,848,34,1217,16,2115
4825,816,34,1217,16,2083
4826,799,34,1217,16,2066
4827,784,34,1217,16,2051
4828,766,34,1217,16,2033
4829,750,34,1217,16,2017
4831,717,34,1217,16,1984
4833,683,34,1217,16,1950
4834,666,34,1217,16,1933
4835,651,34,1217,16,1918
4836,634,34,1217,16,1901
4837,616,34,1217,16,1883
4838,598,34,1217,16,1865
4840,2282,19,48,18,2367
4841,2267,19,48,18,2352
4842,2251,19,48,18,2336
4845,2201,19,48,18,2286
4847,2165,19,48,18,2250
4849,2132,19,48,18,2217
4850,2116,19,48,18,2201
4853,2065,19,48,18,2150
4855,2033,19,48,18,2118
4856,2016,19,48,18,2101
4857,1998,19,48,18,2083
4859,1965,19,48,18,2050
4861,1931,19,48,18,2016
4862,1917,19,48,18,2002
4864,1881,19,48,18,1966
4867,1834,19,48,18,1919
4868,1816,19,48,18,1901
4870,1782,19,48,18,1867
4871,1765,19,48,18,1850
4872,1748,19,48,18,1833
4873,1732,19,48,18,1817
4874,1716,19,48,18,1801
4877,1665,19,48,18,1750
4881,1599,19,48,18,1684
4882,1583,19,48,18,1668
4883,1567,19,48,18,1652
4884,1548,19,48,18,1633
4885,1533,19,48,18,1618
4887,1500,19,48,18,1585
4888,1482,19,48,18,1567
4889,1466,19,48,18,1551
4890,1449,19,48,18,1534
4892,1416,19,48,18,1501
4893,1400,19,48,18,1485
4894,1383,19,48,18,1468
4895,1366,19,48,18,1451
4896,1350,19,48,18,1435
4898,1316,19,48,18,1401
4899,1299,19,48,18,1384
4900,1283,19,48,18,1368
4902,1250,19,48,18,1335
4903,1231,19,48,18,1316
4904,1216,19,48,18,1301
4906,1183,19,48,18,1268
4907,1166,19,48,18,1251
4909,1133,19,48,18,1218
4911,1100,19,48,18,1185
4912,1083,19,48,18,1168
4913,1065,19,48,18,1150
4914,1068,31,17,18,1134
4915,1051,31,17,18,1117
4917,1019,31,17,18,1085
4918,1000,31,17,18,1066
4919,986,31,17,18,1052
4920,969,31,17,18,1035
4921,952,31,17,18,1018
4922,936,31,17,18,1002
4923,917,31,17,18,983
4924,900,31,17,18,966
4925,885,31,17,18,951
4927,851,31,17,18,917
4930,798,31,17,18,864
4931,788,31,17,18,854
4932,769,31,17,18,835
4933,834,17,634,16,1501
4934,817,17,634,16,1484
4935,801,17,634,16,1468
4937,767,17,634,16,1434
4939,735,17,634,16,1402
4940,718,17,634,16,1385
4942,683,17,634,16,1350
4943,667,17,634,16,1334
4945,635,17,634,16,1302
4946,617,17,634,16,1284
4949,566,17,634,16,1233
4951,533,17,634,16,1200
4952,518,17,634,16,1185
4954,482,17,634,16,1149
4955,466,17,634,16,1133
4956,451,17,634,16,1118
4957,432,17,634,16,1099
4958,415,17,634,16,1082
4960,384,17,634,16,1051
4962,349,17,634,16,1016
4964,317,17,634,16,984
4965,301,17,634,16,968
4966,283,17,634,16,950
4967,267,17,634,16,934
4968,249,17,634,16,916
4969,233,17,634,16,900
4970,216,17,634,16,883
4972,184,17,634,16,851
4973,168,17,634,16,835
4974,149,17,634,16,816
4976,116,17,634,16,783
4977,101,17,634,16,768
4978,147,20,566,16,749
4980,116,20,566,16,718
4981,99,20,566,16,701
4982,81,20,566,16,683
4985,31,20,566,16,633
4987,20,31,535,16,602
4988,15,16,535,16,582
4989,199,17,335,16,567
4992,152,17,335,16,520
4996,83,17,335,16,451
4997,1000,19,48,19,1086
4998,983,19,48,19,1069
4999,966,19,48,19,1052
5000,950,19,48,19,1036
5001,933,19,48,19,1019
5002,916,19,48,19,1002
5004,882,19,48,19,968
5006,850,19,48,19,936
5007,831,19,48,19,917
5010,781,19,48,19,867
5011,765,19,48,19,851
5013,733,19,48,19,819
5014,715,19,48,19,801
5018,649,19,48,19,735
5019,632,19,48,19,718
5020,614,19,48,19,700
5021,598,19,48,19,684
5022,581,19,48,19,667
5024,550,19,48,19,636
5025,532,19,48,19,618
5026,515,19,48,19,601
5027,497,19,48,19,583
5029,466,19,48,19,552
5032,416,19,48,19,502
5034,383,19,48,19,469
5035,366,19,48,19,452
5036,349,19,48,19,435
5038,317,19,48,19,403
5039,300,19,48,19,386
5040,284,19,48,19,370
5041,267,19,48,19,353
5042,249,19,48,19,335
5043,265,18,383,32,698
5044,249,18,383,32,682
5045,233,18,383,32,666
5048,178,18,383,32,611
5049,167,18,383,32,600
5050,149,18,383,32,582
5053,98,18,383,32,531
5054,82,18,383,32,515
5055,66,18,383,32,499
5056,50,18,383,32,483
5060,34,32,317,32,415
5061,83,34,251,32,400
5062,64,34,251,32,381
5064,116,18,183,32,349
5065,101,18,183,32,334
5066,84,18,183,32,317
5067,67,18,183,32,300
5068,116,17,118,32,283
5070,83,17,118,32,250
5073,32,17,118,32,199
5076,17,17,84,32,150
5077,50,33,183,19,285
5078,33,33,183,19,268
5079,19,33,183,19,254
5082,33,17,133,19,202
5083,15,17,133,19,184
5084,251,17,233,17,518
5085,234,17,233,17,501
5086,217,17,233,17,484
5087,200,17,233,17,467
5088,184,17,233,17,451
5095,185,34,965,18,1202
5096,167,34,965,18,1184
5098,135,34,965,18,1152
5099,118,34,965,18,1135
5102,68,34,965,18,1085
5103,51,34,965,18,1068
5104,149,17,867,18,1051
5105,133,17,867,18,1035
5108,199,34,732,18,983
5109,182,34,732,18,966
5110,168,34,732,18,952
5112,134,34,732,18,918
5114,101,34,732,18,885
5115,84,34,732,18,868
5116,68,34,732,18,852
5119,34,18,732,18,802
5120,16,18,732,18,784
5121,82,18,650,18,768
5122,64,18,650,18,750
5123,48,18,650,18,734
5124,135,32,534,18,719
5125,116,32,534,18,700
5126,102,32,534,18,686
5127,84,32,534,18,668
5128,69,32,534,18,653
5129,51,32,534,18,635
5131,18,32,534,18,602
5132,32,34,500,18,584
5137,48,18,418,18,502
5138,31,18,418,18,485
5139,16,18,418,18,470
5140,18,19,399,18,454
5141,34,18,366,18,436
5144,15,18,333,18,384
5145,35,15,301,18,369
5146,83,18,232,18,351
5148,51,18,232,18,319
5149,34,18,232,18,302
5150,84,17,199,35,335
5151,67,17,199,35,318
5152,83,16,166,35,300
5153,67,16,166,35,284
5154,83,17,133,35,268
5157,32,17,133,35,217
5158,16,17,133,35,201
5159,165,20,32,17,234
5160,148,20,32,17,217
5161,131,20,32,17,200
5162,114,20,32,17,183
5163,99,20,32,17,168
5164,82,20,32,17,151
5165,66,20,32,17,135
5167,50,32,33,16,131
5168,35,32,33,16,116
5169,20,32,33,16,101
5172,33,32,86,17,168
5176,19,15,469,14,517
5177,34,15,435,14,498
5178,151,17,301,14,483
5179,132,17,301,14,464
5181,99,17,301,14,431
5182,82,17,301,14,414
5183,67,17,301,14,399
5184,151,17,201,14,383
5185,216,35,148,17,416
5187,183,35,148,17,383
5188,166,35,148,17,366
5190,133,35,148,17,333
5191,115,35,148,17,315
5192,100,35,148,17,300
5193,83,35,148,17,283
5196,34,35,148,17,234
5197,15,35,148,17,215
5198,17,18,148,17,200
5199,18,33,365,18,434
5201,117,33,233,18,401
5202,99,33,233,18,383
5203,83,33,233,18,367
5205,51,33,233,18,335
5206,32,33,233,18,316
5207,352,32,1419,16,1819
5208,334,32,1419,16,1801
5209,318,32,1419,16,1785
5210,716,17,1019,16,1768
5211,704,17,1019,16,1756
5212,683,17,1019,16,1735
5215,631,17,1019,16,1683
5218,582,17,1019,16,1634
5219,566,17,1019,16,1618
5220,548,17,1019,16,1600
5221,532,17,1019,16,1584
5222,515,17,1019,16,1567
5223,500,17,1019,16,1552
5224,483,17,1019,16,1535
5225,465,17,1019,16,1517
5227,432,17,1019,16,1484
5230,383,17,1019,16,1435
5232,350,17,1019,16,1402
5233,332,17,1019,16,1384
5237,264,17,1019,16,1316
5239,233,17,1019,16,1285
5240,214,17,1019,16,1266
5241,198,17,1019,16,1250
5242,216,18,984,16,1234
5244,183,18,984,16,1201
5245,166,18,984,16,1184
5246,149,18,984,16,1167
5247,134,18,984,16,1152
5248,116,18,984,16,1134
5249,99,18,984,16,1117
5251,67,18,984,16,1085
5252,184,16,851,16,1067
5253,169,16,851,16,1052
5254,152,16,851,16,1035
5256,117,16,851,16,1000
5257,100,16,851,16,983
5258,85,16,851,16,968
5259,68,16,851,16,951
5260,52,16,851,16,935
5261,85,33,784,16,918
5262,67,33,784,16,900
5263,50,33,784,16,883
5266,315,16,486,16,833
5267,297,16,486,16,815
5268,282,16,486,16,800
5269,267,16,486,16,785
5271,232,16,486,16,750
5272,215,16,486,16,733
5273,200,16,486,16,718
5274,183,16,486,16,701
5275,350,32,302,16,700
5279,283,32,302,16,633
5280,268,32,302,16,618
5281,250,32,302,16,600
5285,184,32,302,16,534
5286,168,32,302,16,518
5287,151,32,302,16,501
5288,133,32,302,16,483
5289,117,32,302,16,467
5291,199,19,200,16,434
5292,181,19,200,16,416
5293,166,19,200,16,401
5295,132,19,200,16,367
5297,100,19,200,16,335
5298,83,19,200,16,318
5299,65,19,200,16,300
5302,14,19,200,16,249
5303,86,32,101,16,235
5304,67,32,101,16,216
5305,51,32,101,16,200
5306,34,32,101,16,183
5307,151,33,17,16,217
5308,133,33,17,16,199
5314,35,33,17,16,101
5315,149,33,115,18,315
5316,133,33,115,18,299
5317,117,33,115,18,283
5318,283,18,80,19,400
5319,266,18,80,19,383
5321,235,18,80,19,352
5322,216,18,80,19,333
5323,232,17,49,19,317
5324,215,17,49,19,300
5325,199,17,49,19,284
5327,165,17,49,19,250
5329,133,17,49,19,218
5331,98,17,49,19,183
5332,81,17,49,19,166
5333,67,17,49,19,152
5334,49,17,49,19,134
5338,18,15,86,16,135
5339,150,34,82,18,284
5340,135,34,82,18,269
5342,100,34,82,18,234
5343,83,34,82,18,217
5345,49,34,82,18,183
5346,33,34,82,18,167
5347,19,34,82,18,153
5349,17,32,50,18,117
5350,32,32,18,18,100
5351,15,32,18,18,83
5353,15,36,17,16,84
5354,18,18,17,16,69
5355,18,33,149,18,218
5356,82,16,184,17,299
5357,65,16,184,17,282
5358,49,16,184,17,266
5359,85,32,117,17,251
5360,68,32,117,17,234
5361,51,32,117,17,217
5362,84,18,82,17,201
5363,68,18,82,17,185
5365,34,18,82,17,151
5367,18,31,151,18,218
5368,31,35,116,18,200
5369,16,35,116,18,185
5370,84,16,51,18,169
5371,66,16,51,18,151
5373,33,16,51,18,118
5374,32,34,35,17,118
5375,33,17,35,17,102
5376,17,17,35,17,86
5378,35,33,16,15,99
5380,81,18,15,17,131
5381,82,32,17,16,147
5383,50,32,17,16,115
5384,35,32,17,16,100
5385,33,17,17,16,83
5387,34,16,17,18,85
5388,17,16,17,18,68
5390,0,35,149,16,200
5391,85,34,81,19,219
5394,34,34,81,19,168
5395,16,34,81,19,150
5397,18,48,33,19,118
5399,32,16,36,16,100
5401,33,19,16,15,83
5403,35,15,84,18,152
5406,84,18,34,15,151
5407,67,18,34,15,134
5408,51,18,34,15,118
5409,32,18,34,15,99
5412,82,17,17,18,134
5413,150,33,85,17,285
5414,131,33,85,17,266
5415,116,33,85,17,251
5416,100,33,85,17,235
5417,83,33,85,17,218
5418,66,33,85,17,201
5421,15,33,85,17,150
5422,19,14,85,17,135
5423,14,34,51,17,116
5424,34,34,83,15,166
5427,84,31,20,14,149
5428,83,15,20,14,132
5429,66,15,20,14,115
5432,100,32,101,15,248
5433,84,32,101,15,232
5434,69,32,101,15,217
5435,49,32,101,15,197
5437,17,32,101,15,165
5438,0,32,101,15,148
5439,33,18,64,15,130
5440,37,47,17,15,116
5441,18,47,17,15,97
5443,17,18,17,15,67
5444,35,32,50,18,135
5446,100,33,32,17,182
5447,85,33,32,17,167
5448,68,33,32,17,150
5449,114,35,32,18,199
5450,100,35,32,18,185
5451,83,35,32,18,168
5452,65,35,32,18,150
5453,47,35,32,18,132
5454,32,35,32,18,117
5455,15,35,32,18,100
5456,134,33,84,17,268
5457,117,33,84,17,251
5458,99,33,84,17,233
5459,82,33,84,17,216
5460,250,19,217,14,500
5461,232,19,217,14,482
5462,215,19,217,14,465
5463,200,19,217,14,450
5464,183,19,217,14,433
5465,165,19,217,14,415
5466,150,19,217,14,400
5468,116,19,217,14,366
5469,184,33,119,14,350
5470,167,33,119,14,333
5471,150,33,119,14,316
5472,133,33,119,14,299
5475,84,33,119,14,250
5476,65,33,119,14,231
5477,49,33,119,14,215
5478,32,33,119,14,198
5479,33,17,119,14,183
5480,16,17,119,14,166
5482,18,17,84,14,133
5483,17,32,52,14,115
5484,0,32,52,14,98
5485,166,19,83,16,284
5487,130,19,83,16,248
5489,97,19,83,16,215
5490,83,19,83,16,201
5491,67,19,83,16,185
5492,48,19,83,16,166
5493,33,19,83,16,151
5494,14,19,83,16,132
5495,85,33,220,12,350
5497,133,18,152,12,315
5498,115,18,152,12,297
5500,83,18,152,12,265
5502,50,18,152,12,232
5503,32,18,152,12,214
5504,16,18,152,12,198
5505,34,17,119,12,182
5506,16,17,119,12,164
5507,17,33,86,12,148
5508,33,33,53,12,131
5511,99,17,17,17,150
5512,83,17,17,17,134
5513,84,34,16,16,150
5514,66,34,16,16,132
5518,99,37,80,16,232
5519,82,37,80,16,215
5520,65,37,80,16,198
5522,33,37,80,16,166
5523,82,34,51,16,183
5524,66,34,51,16,167
5526,47,16,51,16,130
5531,34,16,17,18,85
5533,16,35,15,17,83
5534,35,32,34,15,116
5535,18,32,34,15,99
5536,15,17,34,15,81
5537,33,18,117,17,185
5538,83,17,51,17,168
5539,84,34,17,17,152
5540,66,34,17,17,134
5541,51,34,17,17,119
5543,17,34,17,17,85
5544,82,18,16,16,132
5547,81,34,116,17,248
5548,64,34,116,17,231
5551,16,34,116,17,183
5553,33,17,82,17,149
5555,84,32,183,18,317
5556,82,17,183,18,300
5557,64,17,183,18,282
5558,151,15,83,18,267
5559,134,15,83,18,250
5560,117,15,83,18,233
5561,102,15,83,18,218
5562,85,15,83,18,201
5563,83,34,49,18,184
5564,67,34,49,18,168
5567,15,34,49,18,116
5568,83,18,33,21,155
5570,49,18,33,21,121
5572,16,18,33,21,88
5573,168,16,167,18,369
5575,133,16,167,18,334
5576,117,16,167,18,318
5579,117,32,100,18,267
5580,102,32,100,18,252
5581,85,32,100,18,235
5582,69,32,100,18,219
5583,149,34,18,16,217
5584,133,34,18,16,201
5592,34,34,17,17,102
5594,18,16,17,17,68
5595,0,16,17,17,50
5596,83,16,17,17,133
5598,49,16,17,17,99
5599,34,16,17,17,84
5600,86,16,36,12,150
5601,68,16,36,12,132
5602,52,16,36,12,116
5603,35,16,36,12,99
5604,34,36,113,18,201
5605,16,36,113,18,183
5609,18,33,50,18,119
5610,101,32,50,17,200
5611,83,32,50,17,182
5613,51,32,50,17,150
5614,35,32,50,17,134
5615,135,15,16,17,183
5616,117,15,16,17,165
5617,101,15,16,17,149
5618,85,15,16,17,133
5619,68,15,16,17,116
5620,52,15,16,17,100
5621,35,15,16,17,83
5622,18,15,16,17,66
5623,0,15,16,17,48
5625,85,33,183,17,318
5626,68,33,183,17,301
5627,51,33,183,17,284
5628,33,33,183,17,266
5629,16,33,183,17,249
5630,16,17,183,17,233
5631,33,17,150,17,217
5632,16,17,150,17,200
5633,134,16,17,17,184
5634,117,16,17,17,167
5635,100,16,17,17,150
5637,68,16,17,17,118
5638,84,17,84,17,202
5639,116,32,35,15,198
5640,102,32,35,15,184
5641,84,32,35,15,166
5642,68,32,35,15,150
5643,51,32,35,15,133
5644,66,35,15,16,132
5645,49,35,15,16,115
5646,32,35,15,16,98
5647,35,17,15,16,83
5648,18,17,15,16,66
5650,15,16,85,16,132
5651,0,16,85,16,117
5652,18,17,50,16,101
5653,17,33,17,16,83
5654,33,33,83,18,167
5655,318,34,82,16,450
5656,301,34,82,16,433
5659,252,34,82,16,384
5661,219,34,82,16,351
5663,185,34,82,16,317
5664,167,34,82,16,299
5666,134,34,82,16,266
5667,117,34,82,16,249
5668,102,34,82,16,234
5669,81,34,82,16,213
5671,51,34,82,16,183
5673,32,19,82,16,149
5674,15,19,82,16,132
5675,266,17,151,17,451
5677,232,17,151,17,417
5678,331,35,16,17,399
5679,316,35,16,17,384
5680,300,35,16,17,368
5682,266,35,16,17,334
5684,233,35,16,17,301
5686,200,35,16,17,268
5687,183,35,16,17,251
5689,149,35,16,17,217
5690,134,35,16,17,202
5691,117,35,16,17,185
5692,100,35,16,17,168
5693,83,35,16,17,151
5695,49,35,16,17,117
5697,35,17,16,17,85
5698,18,17,16,17,68
5700,33,34,16,17,100
5701,34,17,16,17,84
5702,17,17,16,17,67
5703,17,33,84,15,149
5706,248,17,16,17,298
5707,233,17,16,17,283
5708,217,17,16,17,267
5710,366,34,16,16,432
5711,348,34,16,16,414
5712,333,34,16,16,399
5715,284,34,16,16,350
5716,265,34,16,16,331
5717,251,34,16,16,317
5718,234,34,16,16,300
5721,184,34,16,16,250
5723,151,34,16,16,217
5724,134,34,16,16,200
5726,134,32,34,16,216
5727,116,32,34,16,198
5728,100,32,34,16,182
5730,68,32,34,16,150
5731,50,32,34,16,132
5733,36,16,34,16,102
5734,32,34,683,17,766
5736,0,34,683,17,734
5737,17,35,648,17,717
5739,19,32,616,17,684
5741,15,33,583,17,648
5742,17,16,583,17,633
5743,117,32,450,17,616
5744,101,32,450,17,600
5745,85,32,450,17,584
5747,52,32,450,17,551
5748,84,16,416,17,533
5749,66,16,416,17,515
5750,83,16,383,17,499
5751,84,35,348,17,484
5752,67,35,348,17,467
5753,49,35,348,17,449
5754,33,35,348,17,433
5755,16,35,348,17,416
5758,31,34,283,17,365
5759,16,34,283,17,350
5760,500,35,49,20,604
5761,484,35,49,20,588
5762,466,35,49,20,570
5763,449,35,49,20,553
5765,417,35,49,20,521
5766,402,35,49,20,506
5767,382,35,49,20,486
5769,348,35,49,20,452
5770,333,35,49,20,437
5771,315,35,49,20,419
5772,298,35,49,20,402
5773,282,35,49,20,386
5774,265,35,49,20,369
5775,249,35,49,20,353
5776,232,35,49,20,336
5777,216,35,49,20,320
5778,199,35,49,20,303
5779,183,35,49,20,287
5781,149,35,49,20,253
5782,150,17,49,20,236
5783,135,17,49,20,221
5784,118,17,49,20,204
5785,99,17,49,20,185
5786,83,17,49,20,169
5788,51,17,49,20,137
5789,34,17,49,20,120
5790,18,17,49,20,104
5791,86,29,219,15,349
5793,54,29,219,15,317
5794,51,14,219,15,299
5795,35,14,219,15,283
5796,15,14,219,15,263
5797,14,34,185,15,248
5798,34,33,152,15,234
5799,133,16,83,18,250
5803,68,16,83,18,185
5804,50,16,83,18,167
5805,35,16,83,18,152
5806,33,32,51,18,134
5807,33,15,51,18,117
5809,15,34,17,18,84
5813,18,32,32,17,99
5814,32,32,35,17,116
5815,151,33,84,15,283
5816,134,33,84,15,266
5817,117,33,84,15,249
5819,85,33,84,15,217
5820,84,16,84,15,199
5821,167,15,103,15,300
5825,100,15,103,15,233
5826,84,15,103,15,217
5827,68,15,103,15,201
5828,83,34,82,16,215
5832,83,20,83,15,201
5833,65,20,83,15,183
5834,50,20,83,15,168
5835,31,20,83,15,149
5836,35,31,52,15,133
5838,148,17,115,19,299
5840,117,17,115,19,268
5841,151,32,50,19,252
5842,300,34,34,15,383
5844,266,34,34,15,349
5847,216,34,34,15,299
5848,199,34,34,15,282
5849,183,34,34,15,266
5850,166,34,34,15,249
5852,134,34,34,15,217
5853,117,34,34,15,200
5854,98,34,34,15,181
5855,201,17,18,16,252
5856,182,17,18,16,233
5857,167,17,18,16,218
5859,134,17,18,16,185
5860,117,17,18,16,168
5862,83,17,18,16,134
5863,66,17,18,16,117
5864,115,19,16,16,166
5865,100,19,16,16,151
5866,84,19,16,16,135
5867,66,19,16,16,117
5868,49,19,16,16,100
5869,31,19,16,16,82
5870,15,19,16,16,66
5871,19,32,17,16,84
5872,0,32,17,16,65
5873,335,15,283,17,650
5874,319,15,283,17,634
5875,302,15,283,17,617
5876,286,15,283,17,601
5877,269,15,283,17,584
5880,219,15,283,17,534
5881,202,15,283,17,517
5882,185,15,283,17,500
5884,153,15,283,17,468
5885,135,15,283,17,450
5887,102,15,283,17,417
5888,85,15,283,17,400
5890,149,19,183,17,368
5892,115,19,183,17,334
5895,85,33,150,17,285
5896,67,33,150,17,267
5897,50,33,150,17,250
5898,33,33,150,17,233
5899,19,33,150,17,219
5900,33,33,117,17,200
5901,16,33,117,17,183
5902,18,15,117,17,167
5903,47,34,51,17,149
5904,84,16,34,16,150
5906,52,16,34,16,118
5908,18,16,34,16,84
5909,82,34,49,17,182
5910,83,17,49,17,166
5911,66,17,49,17,149
5915,66,17,34,16,133
5916,49,17,34,16,116
5917,32,17,34,16,99
5918,16,17,34,16,83
5919,34,17,499,18,568
5920,34,38,461,18,551
5921,17,38,461,18,534
5922,16,22,461,18,517
5923,0,22,461,18,501
5924,197,33,231,18,479
5925,184,33,231,18,466
5927,152,33,231,18,434
5928,136,33,231,18,418
5930,102,33,231,18,384
5931,218,32,99,18,367
5932,200,32,99,18,349
5934,167,32,99,18,316
5935,151,32,99,18,300
5937,118,32,99,18,267
5939,86,32,99,18,235
5941,52,32,99,18,201
5942,36,32,99,18,185
5943,19,32,99,18,168
5944,15,17,99,18,149
5945,17,34,65,18,134
5946,34,35,81,17,167
5947,218,35,15,17,285
5948,200,35,15,17,267
5949,183,35,15,17,250
5950,165,35,15,17,232
5951,152,35,15,17,219
5953,350,33,84,17,484
5954,334,33,84,17,468
5955,317,33,84,17,451
5956,300,33,84,17,434
5958,267,33,84,17,401
5960,233,33,84,17,367
5962,247,18,50,17,332
5963,232,18,50,17,317
5965,198,18,50,17,283
5966,182,18,50,17,267
5967,165,18,50,17,250
5970,115,18,50,17,200
5971,100,18,50,17,185
5972,83,18,50,17,168
5973,65,18,50,17,150
5974,49,18,50,17,134
5975,85,33,115,17,250
5977,52,33,115,17,217
5978,34,33,115,17,199
5979,83,33,50,17,183
5980,65,33,50,17,165
5981,49,33,50,17,149
5982,32,33,50,17,132
5983,17,33,50,17,117
5984,83,17,15,16,131
5988,32,49,318,17,416
5990,0,49,318,17,384
5991,16,18,318,17,369
5992,36,34,266,17,353
5995,17,32,234,17,300
5998,34,32,168,17,251
